OA,ts0080001,ts0080002,ts0080003
E00060274,273,143,130
E00060275,415,219,196
E00060276,259,139,120
E00060277,278,147,131
E00060279,276,140,136
E00060280,516,279,237
E00060290,265,132,133
E00060364,283,142,141
E00060367,287,144,143
E00060368,275,136,139
E00060369,274,139,135
E00060371,223,117,106
E00060362,317,163,154
E00060363,267,137,130
E00060365,210,105,105
E00060366,278,145,133
E00060370,329,169,160
E00060372,326,172,154
E00060374,382,200,182
E00060376,286,146,140
E00060373,276,138,138
E00174092,243,120,123
E00174093,327,166,161
E00174094,349,184,165
E00174100,520,260,260
E00174102,242,117,125
E00060375,301,164,137
E00060377,155,101,54
E00174098,198,132,66
E00174101,330,158,172
E00188243,289,160,129
E00188304,299,153,146
E00188318,348,177,171
E00188332,344,179,165
E00060283,314,156,158
E00060284,362,198,164
E00060287,267,156,111
E00060288,376,212,164
E00060289,285,139,146
E00060273,338,177,161
E00060278,301,159,142
E00060281,325,170,155
E00060282,366,188,178
E00060285,372,187,185
E00060286,265,136,129
E00060484,307,150,157
E00060486,303,160,143
E00060489,222,120,102
E00060490,264,131,133
E00060491,279,133,146
E00060492,244,125,119
E00060472,235,113,122
E00060474,227,111,116
E00060476,401,198,203
E00060478,282,169,113
E00188301,397,205,192
E00188321,351,181,170
E00060481,300,156,144
E00060482,221,113,108
E00060483,234,121,113
E00060485,304,154,150
E00060487,209,83,126
E00060488,161,76,85
E00060493,305,150,155
E00060471,265,142,123
E00060473,220,105,115
E00060475,316,162,154
E00060479,337,172,165
E00060480,318,168,150
E00060291,191,100,91
E00060292,253,140,113
E00060294,249,139,110
E00060306,306,151,155
E00060309,299,155,144
E00060296,301,154,147
E00060297,244,125,119
E00060299,237,105,132
E00060302,287,150,137
E00060304,174,95,79
E00060305,363,206,157
E00060550,161,86,75
E00060552,271,142,129
E00165757,205,112,93
E00060532,321,174,147
E00060533,320,177,143
E00060540,266,146,120
E00060542,302,167,135
E00060554,332,184,148
E00060555,151,76,75
E00165756,470,249,221
E00060293,309,164,145
E00060295,319,177,142
E00060298,225,110,115
E00060303,183,97,86
E00060307,256,141,115
E00060308,250,141,109
E00060310,293,167,126
E00174095,465,238,227
E00060258,192,95,97
E00060259,229,117,112
E00060260,185,101,84
E00060261,196,92,104
E00060262,194,90,104
E00060263,205,110,95
E00060346,300,144,156
E00060348,342,164,178
E00060350,331,173,158
E00060351,355,179,176
E00060337,371,189,182
E00060340,354,182,172
E00060353,423,229,194
E00060354,337,175,162
E00060518,313,179,134
E00060519,274,137,137
E00060527,334,188,146
E00060528,399,198,201
E00060529,241,123,118
E00060531,281,132,149
E00060517,259,122,137
E00060524,189,92,97
E00060525,197,89,108
E00060526,348,181,167
E00060530,272,148,124
E00060255,309,158,151
E00060265,142,68,74
E00060267,127,62,65
E00060268,131,70,61
E00060269,211,96,115
E00060272,111,52,59
E00060438,295,144,151
E00060449,296,157,139
E00060450,353,176,177
E00060452,316,171,145
E00060445,252,130,122
E00060446,244,128,116
E00060447,274,137,137
E00060448,278,144,134
E00060451,307,162,145
E00060514,288,156,132
E00060515,309,166,143
E00060516,210,98,112
E00060521,253,131,122
E00060523,227,125,102
E00165754,443,215,228
E00165755,429,233,196
E00060256,353,185,168
E00060257,291,154,137
E00060264,245,123,122
E00060266,264,132,132
E00060270,321,161,160
E00060271,343,178,165
E00060419,315,171,144
E00060421,258,137,121
E00060422,297,153,144
E00060424,248,129,119
E00060434,261,127,134
E00060435,291,139,152
E00060420,313,170,143
E00060423,285,147,138
E00060431,453,219,234
E00060432,350,178,172
E00060433,366,195,171
E00060439,275,132,143
E00060440,163,99,64
E00060441,291,151,140
E00060443,259,133,126
E00060453,227,111,116
E00060436,260,130,130
E00060437,283,152,131
E00060442,293,146,147
E00060444,429,214,215
E00060456,267,140,127
E00060457,156,65,91
E00060458,326,176,150
E00060468,496,272,224
E00060469,239,129,110
E00060470,308,154,154
E00060454,321,155,166
E00060455,247,137,110
E00060459,305,148,157
E00060460,307,172,135
E00060461,448,243,205
E00060467,268,133,135
E00060463,304,149,155
E00060464,313,161,152
E00060465,278,152,126
E00060466,279,147,132
E00188199,307,152,155
E00188305,342,180,162
E00060494,239,127,112
E00060498,322,169,153
E00060499,274,141,133
E00174089,456,233,223
E00060496,314,169,145
E00060497,252,132,120
E00060509,301,153,148
E00060512,282,144,138
E00060513,231,120,111
E00060502,254,138,116
E00060503,615,315,300
E00060505,222,119,103
E00060507,247,125,122
E00174096,266,131,135
E00174104,307,155,152
E00060495,263,137,126
E00060500,260,136,124
E00060501,280,149,131
E00060504,586,284,302
E00188226,227,129,98
E00188269,268,141,127
E00188271,282,144,138
E00060317,242,118,124
E00060321,327,157,170
E00060325,279,151,128
E00060329,235,123,112
E00060336,310,163,147
E00060318,326,181,145
E00060319,323,176,147
E00060322,284,150,134
E00060328,226,111,115
E00060331,263,142,121
E00060401,305,171,134
E00060402,277,160,117
E00060404,288,151,137
E00060414,251,132,119
E00060415,304,160,144
E00060416,289,156,133
E00060403,265,136,129
E00060408,392,198,194
E00060409,316,181,135
E00060411,325,187,138
E00060412,214,109,105
E00060413,126,54,72
E00060400,286,167,119
E00060405,310,154,156
E00060406,322,170,152
E00060407,260,138,122
E00060410,319,185,134
E00060311,313,147,166
E00060312,301,160,141
E00060313,193,100,93
E00060315,245,124,121
E00060316,566,282,284
E00188179,378,188,190
E00188246,466,232,234
E00188283,396,185,211
E00060330,289,154,135
E00060332,265,142,123
E00060333,247,127,120
E00060334,254,128,126
E00060335,231,116,115
E00060320,266,145,121
E00060323,321,160,161
E00060324,286,147,139
E00060326,261,142,119
E00060327,262,131,131
E00060355,257,143,114
E00060356,283,148,135
E00060357,299,150,149
E00060358,301,168,133
E00060359,273,143,130
E00060360,274,132,142
E00060361,252,146,106
E00060428,359,178,181
E00060429,301,156,145
E00060430,280,144,136
E00188288,392,199,193
E00188302,358,174,184
E00060536,330,180,150
E00060537,254,123,131
E00060543,315,168,147
E00060546,235,111,124
E00060549,520,246,274
E00060535,279,151,128
E00060541,310,153,157
E00060553,415,203,212
E00174090,281,142,139
E00174091,296,151,145
E00174103,288,153,135
E00060338,333,170,163
E00060339,302,154,148
E00060347,299,150,149
E00060349,302,149,153
E00060352,379,203,176
E00060341,287,142,145
E00060342,277,143,134
E00060343,172,75,97
E00060344,304,152,152
E00060345,262,154,108
E00060386,146,61,85
E00060387,214,103,111
E00060390,287,164,123
E00174083,158,62,96
E00174084,162,80,82
E00174085,180,83,97
E00174086,253,125,128
E00174087,103,41,62
E00060381,164,80,84
E00060385,241,130,111
E00060388,157,93,64
E00060393,192,102,90
E00060395,121,52,69
E00060396,224,114,110
E00060417,290,158,132
E00060418,438,217,221
E00060426,308,151,157
E00174088,291,142,149
E00174097,357,185,172
E00060534,349,166,183
E00060544,282,149,133
E00060545,260,128,132
E00060547,224,117,107
E00060548,278,145,133
E00060379,213,109,104
E00060382,141,77,64
E00060383,230,113,117
E00060384,255,115,140
E00060391,171,92,79
E00060392,167,83,84
E00060394,216,103,113
E00060397,156,76,80
E00060398,179,88,91
E00060399,213,112,101
E00060865,326,131,195
E00060866,221,81,140
E00060875,297,122,175
E00060877,152,58,94
E00174112,426,201,225
E00174119,412,166,246
E00060986,387,182,205
E00060987,459,226,233
E00060990,506,195,311
E00174110,124,40,84
E00174111,449,198,251
E00060989,439,204,235
E00060991,322,136,186
E00060992,451,184,267
E00060993,399,147,252
E00060997,405,164,241
E00060869,233,109,124
E00060871,144,47,97
E00060873,157,56,101
E00188254,308,93,215
E00188282,481,229,252
E00060867,447,226,221
E00060868,466,200,266
E00060874,539,273,266
E00060878,275,108,167
E00060984,453,233,220
E00188220,415,190,225
E00188234,366,180,186
E00188239,325,157,168
E00188265,221,87,134
E00060988,429,197,232
E00060995,359,163,196
E00060998,476,207,269
E00060812,313,152,161
E00060826,212,100,112
E00060828,304,146,158
E00060829,268,104,164
E00060830,289,137,152
E00060832,277,130,147
E00060810,222,95,127
E00060824,285,125,160
E00060825,212,112,100
E00060827,375,188,187
E00174106,507,243,264
E00060813,262,147,115
E00060815,225,121,104
E00060817,333,179,154
E00060820,264,135,129
E00060822,274,135,139
E00060831,261,137,124
E00060811,314,158,156
E00060814,301,172,129
E00060818,165,92,73
E00060819,164,90,74
E00060821,285,158,127
E00060701,320,125,195
E00060702,423,194,229
E00060709,333,168,165
E00060711,274,113,161
E00060726,194,92,102
E00060704,271,118,153
E00060705,294,135,159
E00060706,314,164,150
E00060708,249,104,145
E00060717,365,180,185
E00060699,322,143,179
E00060710,279,133,146
E00060715,332,164,168
E00060716,268,127,141
E00060720,272,143,129
E00060707,319,136,183
E00060712,485,193,292
E00060727,359,144,215
E00060728,333,138,195
E00060713,242,103,139
E00060714,255,110,145
E00060718,253,123,130
E00060719,289,134,155
E00060721,357,170,187
E00060703,239,116,123
E00060722,208,108,100
E00060723,203,91,112
E00060725,271,134,137
E00174116,185,84,101
E00060896,267,138,129
E00060900,327,172,155
E00060901,272,156,116
E00060903,317,176,141
E00060914,335,178,157
E00060897,298,159,139
E00060899,320,164,156
E00060902,358,203,155
E00060904,314,169,145
E00060913,281,143,138
E00060905,293,156,137
E00060906,157,84,73
E00060909,303,169,134
E00060910,324,180,144
E00060911,308,162,146
E00060898,240,127,113
E00060907,292,146,146
E00060908,309,161,148
E00060912,322,159,163
E00060915,314,172,142
E00060976,375,210,165
E00060981,334,172,162
E00060982,326,150,176
E00188218,351,185,166
E00188221,347,174,173
E00060916,431,191,240
E00060925,289,148,141
E00060926,269,127,142
E00060927,252,125,127
E00060930,264,127,137
E00060917,314,152,162
E00060921,312,165,147
E00060922,305,162,143
E00060923,510,251,259
E00060929,344,165,179
E00060931,242,120,122
E00060932,311,147,164
E00060933,307,171,136
E00060918,318,171,147
E00060919,385,196,189
E00060920,244,134,110
E00060924,512,246,266
E00060928,295,161,134
E00060659,351,178,173
E00060660,300,142,158
E00060661,347,187,160
E00060663,311,153,158
E00188237,405,192,213
E00188241,376,190,186
E00060664,375,202,173
E00060665,604,326,278
E00060666,337,158,179
E00060668,298,165,133
E00060669,342,167,175
E00060651,464,242,222
E00060652,343,177,166
E00060656,333,179,154
E00060667,327,175,152
E00174108,461,252,209
E00174109,292,143,149
E00060598,266,143,123
E00060600,257,128,129
E00060602,160,88,72
E00060610,251,120,131
E00060611,235,115,120
E00060612,275,152,123
E00060596,286,139,147
E00060601,248,129,119
E00060606,159,81,78
E00060607,209,121,88
E00060608,251,127,124
E00060609,325,177,148
E00060613,305,170,135
E00060595,263,131,132
E00060597,219,110,109
E00060599,262,141,121
E00060603,223,113,110
E00060604,249,119,130
E00060605,284,143,141
E00060970,298,156,142
E00060972,350,186,164
E00060973,270,140,130
E00060974,297,163,134
E00060975,362,177,185
E00060965,311,163,148
E00060966,243,103,140
E00060971,442,231,211
E00060977,115,40,75
E00060979,411,230,181
E00060967,559,271,288
E00060968,372,196,176
E00060969,382,220,162
E00060978,314,171,143
E00060983,344,180,164
E00060576,305,168,137
E00060579,384,219,165
E00060590,409,213,196
E00060591,299,171,128
E00060592,295,158,137
E00060593,282,154,128
E00060574,362,181,181
E00060575,316,166,150
E00060577,350,182,168
E00060578,394,196,198
E00060594,345,180,165
E00060584,282,129,153
E00060586,256,134,122
E00060587,302,159,143
E00060588,268,144,124
E00060589,372,196,176
E00060580,223,118,105
E00060581,362,171,191
E00060582,339,186,153
E00060583,363,206,157
E00060585,328,179,149
E00060785,371,194,177
E00060786,398,205,193
E00060793,318,167,151
E00060796,349,171,178
E00060797,318,165,153
E00060787,435,212,223
E00060790,348,180,168
E00060795,297,151,146
E00060805,333,166,167
E00060808,335,159,176
E00060788,269,139,130
E00060789,521,246,275
E00060791,379,201,178
E00060792,374,190,184
E00060794,390,181,209
E00060798,405,201,204
E00060799,362,180,182
E00060800,275,142,133
E00060802,312,159,153
E00174113,345,174,171
E00174114,434,226,208
E00174115,240,116,124
E00060803,385,182,203
E00060804,274,132,142
E00060806,362,181,181
E00060807,523,269,254
E00060809,404,220,184
E00060935,266,143,123
E00060936,283,155,128
E00060937,340,185,155
E00060945,323,185,138
E00060947,297,164,133
E00060938,340,185,155
E00060948,333,188,145
E00060950,311,161,150
E00060952,317,157,160
E00060953,323,167,156
E00060934,239,125,114
E00060939,313,174,139
E00060943,341,186,155
E00060949,279,145,134
E00060951,170,99,71
E00060954,311,164,147
E00060940,399,202,197
E00060941,310,172,138
E00060942,308,159,149
E00060944,310,170,140
E00060946,273,148,125
E00060615,207,106,101
E00060620,320,180,140
E00060625,263,137,126
E00174107,293,142,151
E00174117,124,65,59
E00174118,373,104,269
E00060616,117,63,54
E00060619,261,128,133
E00060628,257,136,121
E00060629,225,115,110
E00060631,316,183,133
E00060614,354,172,182
E00060618,204,110,94
E00060622,357,180,177
E00060627,318,177,141
E00060630,262,147,115
E00060617,333,167,166
E00060621,358,194,164
E00060623,289,163,126
E00060624,366,213,153
E00060558,283,136,147
E00060559,331,175,156
E00060561,299,162,137
E00060562,266,155,111
E00060572,245,134,111
E00060556,333,166,167
E00060565,341,177,164
E00060567,347,183,164
E00060568,368,189,179
E00060566,299,143,156
E00060569,395,214,181
E00060570,350,180,170
E00060571,367,187,180
E00060573,545,274,271
E00060557,312,150,162
E00060560,399,192,207
E00060563,418,213,205
E00060564,338,173,165
E00060757,271,137,134
E00060758,259,142,117
E00060759,315,170,145
E00060760,234,130,104
E00060762,199,96,103
E00188211,370,191,179
E00188224,380,193,187
E00060751,235,134,101
E00060763,338,171,167
E00060764,347,176,171
E00060765,345,186,159
E00060766,341,181,160
E00060750,297,150,147
E00060752,331,170,161
E00060753,313,159,154
E00060754,333,172,161
E00060755,258,134,124
E00060756,258,134,124
E00060778,174,77,97
E00060780,270,142,128
E00060781,277,136,141
E00060782,233,122,111
E00060784,301,159,142
E00060767,287,140,147
E00060768,289,162,127
E00060769,283,155,128
E00060770,254,140,114
E00060771,302,170,132
E00060772,332,180,152
E00060773,321,182,139
E00060774,267,140,127
E00060775,331,173,158
E00060776,287,153,134
E00060777,315,163,152
E00060779,291,153,138
E00060783,328,178,150
E00060633,240,129,111
E00060637,283,153,130
E00060641,284,148,136
E00060646,292,154,138
E00188215,369,189,180
E00188245,338,163,175
E00188281,352,180,172
E00188293,372,191,181
E00188312,316,168,148
E00060635,247,133,114
E00060638,244,134,110
E00060639,251,138,113
E00060640,292,145,147
E00060643,416,216,200
E00060644,454,235,219
E00060645,256,136,120
E00060648,308,166,142
E00060649,267,142,125
E00060650,287,143,144
E00060632,283,138,145
E00060634,309,152,157
E00060636,317,151,166
E00060647,314,168,146
E00060852,285,149,136
E00060860,265,132,133
E00060861,274,146,128
E00060862,236,124,112
E00060863,258,130,128
E00060864,580,293,287
E00060848,543,260,283
E00060849,409,215,194
E00060850,306,152,154
E00060851,309,163,146
E00060853,302,158,144
E00060854,323,166,157
E00060855,247,116,131
E00060856,259,128,131
E00060857,265,143,122
E00060858,220,113,107
E00060859,249,133,116
E00060732,208,114,94
E00060733,183,100,83
E00060734,187,89,98
E00060735,199,100,99
E00060736,265,128,137
E00060737,304,136,168
E00060729,230,120,110
E00060730,244,128,116
E00060731,237,124,113
E00060739,323,162,161
E00060740,260,139,121
E00060738,212,100,112
E00060741,299,157,142
E00060745,460,250,210
E00060748,319,178,141
E00060749,258,140,118
E00060742,284,164,120
E00060743,252,125,127
E00060744,364,200,164
E00060746,290,146,144
E00060747,280,150,130
E00060955,291,145,146
E00060956,318,188,130
E00060957,287,152,135
E00060958,445,227,218
E00060959,302,159,143
E00060960,259,138,121
E00060961,316,162,154
E00188195,387,197,190
E00188319,447,248,199
E00188331,276,147,129
E00060962,230,120,110
E00188176,276,139,137
E00188190,287,146,141
E00188249,217,108,109
E00188258,241,127,114
E00060670,320,161,159
E00060674,309,166,143
E00060675,245,128,117
E00060676,323,167,156
E00060696,205,129,76
E00060690,269,135,134
E00060691,259,146,113
E00060694,252,130,122
E00060697,429,223,206
E00060698,254,138,116
E00060673,247,125,122
E00060679,349,170,179
E00060681,550,287,263
E00060685,533,282,251
E00060671,207,110,97
E00060677,222,116,106
E00060678,279,159,120
E00060682,265,133,132
E00060684,236,137,99
E00060680,301,144,157
E00060683,295,162,133
E00060686,317,173,144
E00060687,229,123,106
E00060688,247,129,118
E00060672,223,123,100
E00060689,280,150,130
E00060692,294,157,137
E00060693,197,107,90
E00060695,205,114,91
E00060833,288,143,145
E00060835,335,168,167
E00060842,536,279,257
E00060846,387,198,189
E00060847,269,146,123
E00060834,258,133,125
E00060836,255,141,114
E00060837,302,160,142
E00060838,292,155,137
E00060839,281,149,132
E00060883,284,133,151
E00060885,285,146,139
E00060886,290,144,146
E00060887,309,152,157
E00060888,209,110,99
E00060880,257,131,126
E00060889,297,153,144
E00060890,195,105,90
E00060893,289,149,140
E00060895,358,187,171
E00060881,283,153,130
E00060882,314,156,158
E00060891,358,178,180
E00060894,291,149,142
E00165819,384,193,191
E00188196,327,165,162
E00188286,264,139,125
E00188316,345,167,178
E00188194,311,149,162
E00188200,335,172,163
E00188240,361,192,169
E00188275,331,163,168
E00188277,285,158,127
E00060841,392,195,197
E00060843,225,110,115
E00060844,331,163,168
E00060845,297,135,162
E00061021,209,93,116
E00061034,258,138,120
E00061035,191,91,100
E00061036,330,123,207
E00061037,213,101,112
E00061039,244,131,113
E00061022,309,137,172
E00061024,376,181,195
E00061025,276,128,148
E00061028,329,176,153
E00061038,258,120,138
E00061023,244,122,122
E00061026,256,134,122
E00061027,254,135,119
E00061029,245,122,123
E00061030,249,134,115
E00061031,309,165,144
E00061032,236,137,99
E00061033,280,146,134
E00061445,301,168,133
E00061447,260,134,126
E00061458,270,142,128
E00061459,279,159,120
E00061460,292,150,142
E00061040,293,149,144
E00061041,290,145,145
E00061042,297,156,141
E00061055,326,161,165
E00061062,176,99,77
E00061239,305,155,150
E00061242,262,133,129
E00061243,228,120,108
E00061244,283,162,121
E00061245,281,149,132
E00061247,244,124,120
E00061233,313,171,142
E00061234,340,188,152
E00061235,266,138,128
E00061236,266,145,121
E00061246,339,170,169
E00061232,251,119,132
E00061237,273,133,140
E00061238,296,144,152
E00061240,272,126,146
E00061241,269,143,126
E00061043,309,163,146
E00061044,200,102,98
E00061047,290,140,150
E00061054,274,129,145
E00061063,260,130,130
E00061045,229,126,103
E00061046,354,185,169
E00061048,307,152,155
E00061050,261,135,126
E00061064,205,96,109
E00061049,271,140,131
E00061057,289,152,137
E00061059,273,143,130
E00061061,297,154,143
E00061052,258,131,127
E00061053,344,185,159
E00061056,252,134,118
E00061058,290,158,132
E00174125,346,185,161
E00061408,309,157,152
E00061409,315,160,155
E00061410,377,185,192
E00061413,211,121,90
E00061414,204,109,95
E00061406,339,166,173
E00061416,177,100,77
E00061417,285,153,132
E00061420,254,120,134
E00061426,312,168,144
E00061407,324,153,171
E00061411,269,130,139
E00061427,241,130,111
E00061428,277,143,134
E00061429,252,123,129
E00061412,293,151,142
E00061415,220,114,106
E00061418,274,147,127
E00061422,312,165,147
E00188253,370,185,185
E00188260,292,156,136
E00188317,374,186,188
E00061421,291,149,142
E00061423,317,154,163
E00061425,282,139,143
E00174132,365,187,178
E00174134,370,174,196
E00061446,246,132,114
E00061454,297,155,142
E00061455,309,158,151
E00061456,258,139,119
E00061457,260,128,132
E00061448,215,119,96
E00061449,269,135,134
E00061450,237,118,119
E00061451,271,143,128
E00061452,305,148,157
E00061453,298,149,149
E00061161,179,97,82
E00061169,204,111,93
E00061171,321,172,149
E00061174,199,114,85
E00061179,192,98,94
E00061159,280,153,127
E00061173,247,135,112
E00061181,235,114,121
E00188213,258,141,117
E00188235,348,171,177
E00061163,370,195,175
E00061165,294,151,143
E00061178,263,129,134
E00188227,218,126,92
E00188250,337,179,158
E00188300,373,189,184
E00188307,230,117,113
E00188324,353,177,176
E00061162,263,127,136
E00061167,283,156,127
E00061172,206,99,107
E00061176,200,98,102
E00061180,249,123,126
E00061164,158,79,79
E00061166,166,87,79
E00061168,363,188,175
E00061175,405,214,191
E00061182,282,152,130
E00061227,313,156,157
E00061229,259,134,125
E00165770,164,88,76
E00174120,386,175,211
E00174128,319,164,155
E00174129,304,155,149
E00174130,319,155,164
E00174133,250,127,123
E00188266,232,121,111
E00188292,394,214,180
E00061217,332,162,170
E00061220,245,129,116
E00061221,268,139,129
E00061222,230,116,114
E00061223,374,183,191
E00061231,297,154,143
E00061213,240,124,116
E00061216,222,119,103
E00061218,259,141,118
E00061219,261,135,126
E00061230,262,133,129
E00061214,240,119,121
E00061224,248,124,124
E00061225,268,138,130
E00061228,280,141,139
E00061292,193,109,84
E00061299,255,134,121
E00061305,222,118,104
E00061306,211,109,102
E00061307,241,121,120
E00061301,254,137,117
E00061308,314,165,149
E00061309,181,80,101
E00061310,182,101,81
E00061311,305,149,156
E00061313,566,297,269
E00061293,277,140,137
E00061297,292,143,149
E00061302,255,129,126
E00061303,225,131,94
E00061312,249,135,114
E00061314,305,152,153
E00061294,223,115,108
E00061295,299,162,137
E00061296,294,153,141
E00061298,222,128,94
E00061300,305,173,132
E00061304,246,110,136
E00061316,276,141,135
E00061327,270,144,126
E00061329,345,186,159
E00061332,282,157,125
E00061334,329,161,168
E00061317,249,125,124
E00061318,254,133,121
E00061319,215,104,111
E00061320,203,80,123
E00061321,224,117,107
E00061335,216,102,114
E00061315,281,139,142
E00061322,396,215,181
E00061323,296,159,137
E00061324,261,140,121
E00061331,300,155,145
E00061325,267,140,127
E00061326,287,150,137
E00061328,327,182,145
E00061330,235,119,116
E00061333,361,203,158
E00061098,283,149,134
E00061101,307,169,138
E00061102,187,100,87
E00061103,347,173,174
E00061104,316,174,142
E00061091,278,147,131
E00061105,192,100,92
E00061106,322,163,159
E00061107,295,157,138
E00061108,314,165,149
E00061385,323,182,141
E00061386,334,171,163
E00061389,272,157,115
E00061404,196,75,121
E00061405,271,149,122
E00061092,269,150,119
E00061095,317,152,165
E00061096,286,160,126
E00061097,283,135,148
E00061099,327,165,162
E00061100,301,155,146
E00174124,366,183,183
E00061005,416,202,214
E00061007,268,142,126
E00061009,262,132,130
E00061017,276,140,136
E00061004,266,143,123
E00061012,284,148,136
E00061016,275,140,135
E00061018,281,130,151
E00061008,269,132,137
E00061011,305,151,154
E00061019,297,161,136
E00188182,293,157,136
E00188268,408,212,196
E00061010,293,147,146
E00061013,368,203,165
E00061014,330,166,164
E00061015,270,134,136
E00061020,237,111,126
E00061069,284,153,131
E00061070,257,148,109
E00165774,496,282,214
E00188170,344,176,168
E00061067,253,132,121
E00061068,332,182,150
E00061074,256,131,125
E00061076,248,133,115
E00061090,226,115,111
E00061065,330,156,174
E00061075,233,126,107
E00061077,259,142,117
E00061078,191,93,98
E00061080,282,149,133
E00061066,268,134,134
E00061079,170,88,82
E00061081,348,172,176
E00061082,284,162,122
E00061084,216,122,94
E00061387,230,121,109
E00061393,246,128,118
E00165775,218,119,99
E00165776,340,203,137
E00165777,389,207,182
E00061388,267,142,125
E00061391,275,129,146
E00061392,275,141,134
E00061396,244,135,109
E00061397,209,115,94
E00061338,216,110,106
E00061340,268,131,137
E00061342,248,128,120
E00061344,365,192,173
E00061345,233,110,123
E00061336,347,172,175
E00061348,348,176,172
E00061349,273,144,129
E00061351,518,256,262
E00188175,277,137,140
E00188208,311,154,157
E00188270,352,184,168
E00061337,267,149,118
E00061339,284,154,130
E00061341,311,153,158
E00061343,394,217,177
E00061346,286,151,135
E00061350,429,230,199
E00061353,332,163,169
E00061354,334,175,159
E00061355,282,150,132
E00061356,246,124,122
E00188178,307,158,149
E00188278,243,115,128
E00188280,236,116,120
E00060999,266,126,140
E00061000,249,123,126
E00061001,307,157,150
E00061002,266,127,139
E00061003,357,173,184
E00061192,280,141,139
E00061195,328,169,159
E00061196,278,138,140
E00061202,270,132,138
E00061204,250,125,125
E00061193,327,169,158
E00061194,256,128,128
E00061205,277,131,146
E00061210,240,131,109
E00061211,231,128,103
E00174135,599,323,276
E00188173,306,155,151
E00061083,300,162,138
E00061085,266,140,126
E00061086,228,113,115
E00061087,215,117,98
E00061088,194,100,94
E00061089,211,107,104
E00061251,258,142,116
E00061252,272,139,133
E00061253,293,148,145
E00061254,295,158,137
E00061256,302,163,139
E00061248,287,151,136
E00061261,535,270,265
E00061265,291,154,137
E00061266,414,202,212
E00061269,236,109,127
E00061249,306,151,155
E00061260,269,147,122
E00061262,268,129,139
E00061267,298,154,144
E00061183,281,138,143
E00061184,284,138,146
E00061185,257,134,123
E00061186,244,132,112
E00061187,224,115,109
E00061188,283,137,146
E00061189,285,144,141
E00061190,345,175,170
E00061191,270,136,134
E00061198,255,126,129
E00061201,261,135,126
E00061207,225,109,116
E00061199,287,139,148
E00061200,238,119,119
E00061203,450,215,235
E00061206,394,199,195
E00061440,285,154,131
E00061441,431,233,198
E00061442,264,139,125
E00061443,205,102,103
E00061444,408,195,213
E00061111,244,132,112
E00061112,275,153,122
E00061126,238,121,117
E00061127,221,125,96
E00061131,213,105,108
E00188251,304,164,140
E00188274,347,172,175
E00188333,208,113,95
E00061110,288,154,134
E00061114,252,131,121
E00061129,311,186,125
E00061133,205,112,93
E00061134,289,146,143
E00061118,326,164,162
E00061128,348,175,173
E00061130,313,169,144
E00061132,259,133,126
E00174121,165,79,86
E00174126,293,146,147
E00174127,353,178,175
E00061109,271,153,118
E00061121,161,62,99
E00061122,310,153,157
E00061124,258,141,117
E00061125,279,135,144
E00061139,361,183,178
E00061140,333,159,174
E00061141,262,132,130
E00061145,245,128,117
E00061150,295,151,144
E00165767,142,76,66
E00061136,268,149,119
E00061138,286,148,138
E00061157,572,299,273
E00165768,280,132,148
E00188203,279,145,134
E00188209,309,174,135
E00188225,274,138,136
E00188299,255,134,121
E00061144,244,140,104
E00061147,281,156,125
E00061148,290,157,133
E00061151,307,147,160
E00061152,336,163,173
E00061153,209,105,104
E00061154,276,130,146
E00165766,465,244,221
E00061115,299,175,124
E00061116,253,132,121
E00061117,257,137,120
E00061119,124,60,64
E00061120,321,176,145
E00061142,250,131,119
E00061143,450,227,223
E00061146,242,121,121
E00061149,285,146,139
E00061155,331,173,158
E00061430,253,132,121
E00061433,330,161,169
E00061434,248,134,114
E00061435,266,132,134
E00061436,224,117,107
E00061431,304,153,151
E00061432,311,164,147
E00061437,275,137,138
E00061438,270,135,135
E00061439,285,150,135
E00061258,320,161,159
E00061263,266,124,142
E00061264,312,168,144
E00061268,274,142,132
E00061270,239,115,124
E00061271,274,144,130
E00061278,249,140,109
E00061279,281,151,130
E00061280,270,143,127
E00061281,277,160,117
E00061283,217,126,91
E00061282,318,169,149
E00061284,309,155,154
E00061285,250,130,120
E00061286,261,144,117
E00061287,279,152,127
E00061273,523,252,271
E00061288,334,188,146
E00061289,314,158,156
E00061290,320,150,170
E00061291,282,143,139
E00061272,284,157,127
E00061274,311,151,160
E00061275,206,112,94
E00165820,355,187,168
E00165821,278,149,129
E00061250,256,121,135
E00061255,326,157,169
E00061257,304,156,148
E00061259,260,143,117
E00061361,261,134,127
E00061379,285,161,124
E00061380,305,166,139
E00061382,545,285,260
E00188289,293,138,155
E00188309,424,206,218
E00061359,301,160,141
E00061360,275,140,135
E00061362,264,148,116
E00061363,237,133,104
E00061381,319,152,167
E00188193,456,224,232
E00188263,169,94,75
E00061364,118,64,54
E00061365,325,174,151
E00061366,279,151,128
E00061369,302,155,147
E00061370,237,132,105
E00061395,325,166,159
E00061399,249,127,122
E00061400,239,116,123
E00061401,284,149,135
E00061394,307,164,143
E00061398,280,149,131
E00061402,257,137,120
E00061403,269,148,121
E00061358,176,89,87
E00061372,150,84,66
E00061374,245,121,124
E00061377,308,149,159
E00061378,326,163,163
E00174122,206,104,102
E00174123,451,225,226
E00061745,233,122,111
E00061748,233,124,109
E00061752,294,147,147
E00061753,311,160,151
E00061754,328,165,163
E00061738,256,132,124
E00061740,462,224,238
E00061742,263,141,122
E00061744,187,103,84
E00061749,336,179,157
E00061736,294,152,142
E00061737,203,96,107
E00061739,277,140,137
E00061743,296,154,142
E00061747,282,146,136
E00061732,376,195,181
E00061733,276,131,145
E00061734,331,167,164
E00061735,297,152,145
E00062006,225,104,121
E00062008,272,139,133
E00062009,252,137,115
E00062010,256,130,126
E00062014,176,93,83
E00062004,324,165,159
E00062007,423,214,209
E00062011,292,145,147
E00062012,291,139,152
E00062013,334,165,169
E00174157,188,109,79
E00174158,298,145,153
E00174190,307,156,151
E00061509,254,126,128
E00061510,257,130,127
E00061511,344,168,176
E00061513,334,160,174
E00061520,296,168,128
E00061521,295,149,146
E00061795,257,136,121
E00061798,254,132,122
E00061799,277,144,133
E00061802,201,95,106
E00061803,216,110,106
E00061796,241,123,118
E00061800,287,155,132
E00061801,279,148,131
E00061804,329,164,165
E00061808,258,138,120
E00061898,358,177,181
E00061900,328,166,162
E00061904,328,184,144
E00061906,242,125,117
E00061907,312,169,143
E00061908,254,135,119
E00061909,157,83,74
E00061910,306,149,157
E00061911,145,64,81
E00061912,190,92,98
E00188191,214,112,102
E00188206,314,169,145
E00188252,119,61,58
E00061899,299,154,145
E00061901,294,143,151
E00061902,283,155,128
E00061903,273,141,132
E00061913,253,133,120
E00061914,285,156,129
E00061506,280,152,128
E00061512,346,169,177
E00061514,261,136,125
E00061518,331,163,168
E00061519,308,154,154
E00061507,365,190,175
E00061508,322,166,156
E00061515,187,84,103
E00061516,204,103,101
E00061517,265,131,134
E00061600,308,157,151
E00061601,351,179,172
E00061606,280,146,134
E00061610,298,168,130
E00061611,304,164,140
E00061602,250,130,120
E00061607,364,202,162
E00061608,300,155,145
E00061612,305,138,167
E00061603,313,169,144
E00061604,303,153,150
E00061605,260,136,124
E00061609,318,170,148
E00061741,123,32,91
E00061746,265,152,113
E00061750,275,148,127
E00061751,281,153,128
E00061755,313,180,133
E00061756,282,143,139
E00061923,308,157,151
E00061925,264,145,119
E00061927,304,154,150
E00061928,307,139,168
E00061915,306,160,146
E00061917,288,160,128
E00061918,296,140,156
E00061920,437,233,204
E00061933,340,158,182
E00061916,294,149,145
E00061921,257,128,129
E00061930,299,152,147
E00061931,340,171,169
E00061932,336,179,157
E00061919,261,132,129
E00061922,207,109,98
E00061924,220,116,104
E00061926,372,209,163
E00061929,204,104,100
E00061797,289,145,144
E00061805,234,128,106
E00061806,257,137,120
E00061807,298,149,149
E00061809,239,128,111
E00061872,219,105,114
E00061873,271,144,127
E00061874,432,212,220
E00061875,375,188,187
E00061877,307,163,144
E00061989,541,279,262
E00061990,333,170,163
E00061993,185,92,93
E00061999,274,131,143
E00062000,322,156,166
E00062001,389,213,176
E00062002,422,209,213
E00062003,274,137,137
E00061995,267,134,133
E00174145,419,207,212
E00174147,302,155,147
E00174188,295,141,154
E00188247,340,170,170
E00188326,315,156,159
E00061991,368,188,180
E00061992,284,142,142
E00061997,291,141,150
E00188185,382,189,193
E00188201,331,163,168
E00188202,272,144,128
E00188231,374,179,195
E00188236,397,206,191
E00188313,236,128,108
E00061580,285,150,135
E00061583,320,165,155
E00061597,287,155,132
E00061598,283,142,141
E00061599,320,177,143
E00061581,287,147,140
E00061582,561,282,279
E00061584,302,161,141
E00061585,302,153,149
E00061587,324,160,164
E00061579,236,122,114
E00061586,370,186,184
E00061589,244,123,121
E00061590,366,190,176
E00061591,291,154,137
E00061588,141,84,57
E00061592,215,110,105
E00061593,207,114,93
E00061594,187,122,65
E00061595,237,136,101
E00061596,304,155,149
E00061486,246,124,122
E00061500,288,146,142
E00061501,190,100,90
E00061502,291,163,128
E00061503,217,119,98
E00061505,262,131,131
E00061487,329,159,170
E00061488,344,177,167
E00061489,303,148,155
E00061490,267,139,128
E00061504,305,159,146
E00061821,278,147,131
E00061822,296,147,149
E00061823,245,125,120
E00061824,260,129,131
E00061825,346,170,176
E00061830,181,98,83
E00061820,269,131,138
E00061826,286,149,137
E00061827,301,144,157
E00061828,274,138,136
E00061829,233,127,106
E00061771,284,136,148
E00061773,281,141,140
E00061774,312,157,155
E00061775,276,146,130
E00061763,288,158,130
E00061764,354,168,186
E00061766,264,139,125
E00061767,405,187,218
E00061770,272,156,116
E00061881,419,217,202
E00061888,285,164,121
E00061889,400,200,200
E00061893,337,185,152
E00061887,231,121,110
E00061890,268,146,122
E00061891,237,132,105
E00061892,305,154,151
E00061882,314,162,152
E00061894,279,152,127
E00061895,222,109,113
E00061896,375,206,169
E00061897,330,179,151
E00061883,314,172,142
E00061884,374,191,183
E00061885,273,139,134
E00061886,324,183,141
E00061758,254,132,122
E00061759,342,172,170
E00061760,221,119,102
E00061761,201,104,97
E00061762,235,118,117
E00061757,277,132,145
E00061765,243,125,118
E00061768,396,206,190
E00061769,245,148,97
E00188222,411,203,208
E00188273,358,195,163
E00061638,465,244,221
E00061640,366,191,175
E00061642,380,200,180
E00188204,325,166,159
E00188229,314,154,160
E00061629,327,166,161
E00061631,269,142,127
E00061633,273,147,126
E00061634,297,153,144
E00061639,358,179,179
E00061641,301,167,134
E00061643,345,202,143
E00061630,139,80,59
E00174142,334,166,168
E00174143,175,96,79
E00174144,208,104,104
E00174186,302,156,146
E00174187,241,124,117
E00188238,297,153,144
E00188325,345,185,160
E00061492,269,136,133
E00061496,281,156,125
E00061497,274,150,124
E00061498,288,150,138
E00061499,368,193,175
E00061485,362,175,187
E00061491,322,171,151
E00061493,320,175,145
E00061494,320,172,148
E00061495,232,115,117
E00061812,358,196,162
E00061813,258,142,116
E00061815,248,120,128
E00174165,1186,93,1093
E00174166,138,80,58
E00061811,263,135,128
E00061814,241,129,112
E00061816,255,116,139
E00061817,273,137,136
E00061818,259,126,133
E00061819,276,139,137
E00061855,301,155,146
E00061867,325,162,163
E00061868,289,163,126
E00061869,212,106,106
E00061870,302,161,141
E00188232,276,141,135
E00188303,216,118,98
E00188328,204,83,121
E00061462,319,161,158
E00061464,322,170,152
E00061465,339,169,170
E00061466,260,131,129
E00061471,278,145,133
E00061472,304,160,144
E00061473,250,133,117
E00061474,284,142,142
E00061467,265,143,122
E00061468,293,147,146
E00061469,289,139,150
E00061470,237,126,111
E00061475,206,118,88
E00061552,283,139,144
E00061553,293,160,133
E00061560,259,134,125
E00061562,324,175,149
E00061563,223,115,108
E00061613,357,174,183
E00061614,349,177,172
E00061615,360,182,178
E00061616,325,160,165
E00061628,374,181,193
E00061777,391,227,164
E00061779,307,142,165
E00061783,274,137,137
E00061785,311,172,139
E00061793,265,133,132
E00061776,323,187,136
E00061778,333,178,155
E00061791,211,104,107
E00061792,348,189,159
E00061794,382,216,166
E00061781,282,149,133
E00061782,391,211,180
E00061784,282,138,144
E00061786,244,116,128
E00061780,288,141,147
E00061787,210,116,94
E00061788,253,113,140
E00061789,310,125,185
E00061790,286,141,145
E00061549,267,135,132
E00061550,241,127,114
E00061554,258,142,116
E00061556,257,138,119
E00061561,282,139,143
E00061548,226,123,103
E00061551,198,116,82
E00061555,253,131,122
E00061557,220,111,109
E00061558,162,87,75
E00061559,249,137,112
E00061564,272,153,119
E00061565,284,156,128
E00061568,293,145,148
E00061572,341,168,173
E00174162,357,169,188
E00174164,364,195,169
E00061566,311,160,151
E00061569,321,164,157
E00061570,308,162,146
E00061571,305,162,143
E00061574,320,160,160
E00061461,281,160,121
E00061476,311,152,159
E00061477,282,155,127
E00061479,247,132,115
E00061483,283,145,138
E00061463,285,149,136
E00061478,290,170,120
E00061480,357,193,164
E00061481,130,74,56
E00061482,247,139,108
E00061484,250,134,116
E00061646,288,151,137
E00061647,330,170,160
E00061649,262,137,125
E00061661,269,132,137
E00061663,265,146,119
E00061664,280,141,139
E00061645,335,181,154
E00061653,259,137,122
E00061654,280,133,147
E00061660,281,149,132
E00061662,322,165,157
E00061644,268,131,137
E00061656,262,135,127
E00061657,286,150,136
E00061658,259,127,132
E00061659,247,126,121
E00061573,351,178,173
E00061575,265,133,132
E00061576,380,221,159
E00061577,313,154,159
E00061578,347,175,172
E00061617,118,43,75
E00061618,182,92,90
E00061619,285,139,146
E00061620,201,92,109
E00061621,236,124,112
E00061625,325,174,151
E00061622,330,173,157
E00061623,308,160,148
E00061624,315,166,149
E00061626,236,120,116
E00061627,352,183,169
E00061648,337,168,169
E00061650,278,139,139
E00061651,246,125,121
E00061652,319,177,142
E00061655,322,164,158
E00061955,189,94,95
E00061956,206,112,94
E00061958,221,112,109
E00061967,247,128,119
E00061971,218,112,106
E00061957,212,111,101
E00061959,126,49,77
E00061965,187,91,96
E00061969,242,119,123
E00188210,190,92,98
E00188219,149,79,70
E00188296,401,216,185
E00188320,188,81,107
E00188329,116,45,71
E00061952,205,105,100
E00061954,243,124,119
E00061960,223,115,108
E00061966,282,132,150
E00061968,286,125,161
E00061953,274,140,134
E00061961,306,147,159
E00061962,323,160,163
E00061964,333,159,174
E00061711,340,195,145
E00061722,306,162,144
E00061725,270,147,123
E00061726,333,152,181
E00061729,314,167,147
E00061720,255,135,120
E00061721,556,282,274
E00061723,378,177,201
E00061724,428,208,220
E00061727,336,170,166
E00061728,524,280,244
E00061713,290,152,138
E00061719,248,136,112
E00061731,298,156,142
E00165764,504,272,232
E00165765,350,181,169
E00061714,284,139,145
E00061715,280,145,135
E00061716,296,161,135
E00061717,292,148,144
E00061718,265,146,119
E00061972,386,215,171
E00061975,268,141,127
E00061977,291,152,139
E00061978,448,242,206
E00061979,239,121,118
E00061980,262,142,120
E00061982,345,180,165
E00061983,287,141,146
E00061985,333,159,174
E00061987,592,320,272
E00061988,299,161,138
E00061981,328,171,157
E00165749,142,79,63
E00165750,187,98,89
E00165751,273,139,134
E00165752,185,98,87
E00174155,332,169,163
E00174156,292,173,119
E00174159,309,164,145
E00061936,290,152,138
E00061937,291,160,131
E00061938,298,153,145
E00061943,263,138,125
E00061950,378,200,178
E00061951,242,127,115
E00165747,172,95,77
E00165748,428,208,220
E00061934,286,168,118
E00061941,171,78,93
E00061942,374,203,171
E00061945,261,136,125
E00061946,339,191,148
E00061939,216,117,99
E00061944,316,156,160
E00061947,243,125,118
E00061948,331,166,165
E00061949,141,72,69
E00061529,282,139,143
E00061530,292,148,144
E00061533,248,138,110
E00061534,285,137,148
E00061538,210,116,94
E00061522,310,158,152
E00061532,399,199,200
E00061535,247,126,121
E00061536,308,151,157
E00061537,369,192,177
E00061539,340,173,167
E00061526,266,143,123
E00061531,283,149,134
E00061545,296,149,147
E00061547,261,131,130
E00174163,304,150,154
E00188261,363,192,171
E00188295,338,170,168
E00061523,226,117,109
E00061525,294,160,134
E00061528,378,201,177
E00061540,366,173,193
E00061546,374,161,213
E00061527,292,146,146
E00061541,529,275,254
E00061542,465,230,235
E00061543,325,155,170
E00061544,292,145,147
E00061876,430,230,200
E00061878,343,186,157
E00061879,285,148,137
E00061880,300,163,137
E00061666,361,179,182
E00061669,331,166,165
E00061678,322,167,155
E00061706,306,157,149
E00061670,384,190,194
E00061675,290,158,132
E00061681,300,151,149
E00061683,473,231,242
E00061687,196,98,98
E00061665,387,195,192
E00061693,377,193,184
E00061699,347,181,166
E00188255,357,181,176
E00188294,306,166,140
E00061677,454,240,214
E00061700,265,134,131
E00061701,177,93,84
E00061704,341,168,173
E00061668,291,139,152
E00061679,354,180,174
E00061703,325,163,162
E00061705,326,165,161
E00061707,327,156,171
E00061708,293,156,137
E00174174,475,155,320
E00188183,295,144,151
E00188256,321,167,154
E00188311,341,174,167
E00188330,331,167,164
E00062018,326,159,167
E00062020,358,188,170
E00062028,337,166,171
E00062041,294,158,136
E00062025,280,143,137
E00062026,234,116,118
E00062039,234,115,119
E00062040,248,122,126
E00062042,286,157,129
E00062021,250,149,101
E00062024,208,113,95
E00062027,236,121,115
E00062030,232,123,109
E00062031,225,128,97
E00062032,295,158,137
E00062017,330,167,163
E00062019,347,169,178
E00062022,273,138,135
E00062023,300,150,150
E00062015,288,145,143
E00062029,376,202,174
E00062033,327,161,166
E00062035,245,128,117
E00062016,293,153,140
E00062034,223,122,101
E00062037,277,138,139
E00062038,283,139,144
E00188214,345,180,165
E00188248,377,199,178
E00188257,310,156,154
E00061859,340,136,204
E00061860,121,44,77
E00061863,240,103,137
E00061864,257,127,130
E00061865,418,214,204
E00061866,352,177,175
E00061852,336,188,148
E00061854,280,159,121
E00061856,254,103,151
E00061858,167,67,100
E00188171,321,81,240
E00188230,244,123,121
E00188197,311,150,161
E00188205,240,133,107
E00188267,237,125,112
E00188276,282,133,149
E00188306,234,115,119
E00188327,267,144,123
E00061831,142,34,108
E00061838,263,142,121
E00061841,197,86,111
E00061843,218,40,178
E00174150,378,181,197
E00061832,380,184,196
E00061846,287,141,146
E00061847,303,133,170
E00061850,299,127,172
E00174136,397,198,199
E00174148,259,122,137
E00188279,340,182,158
E00188291,359,176,183
E00061842,389,177,212
E00061844,588,268,320
E00061845,593,290,303
E00061848,178,78,100
E00061849,332,142,190
E00061834,242,111,131
E00174153,383,191,192
E00188189,275,145,130
E00188223,257,124,133
E00188233,290,155,135
E00188314,258,123,135
E00061833,435,205,230
E00061851,428,239,189
E00174149,301,145,156
E00174152,516,267,249
E00174160,275,127,148
E00061671,358,178,180
E00061682,165,108,57
E00061684,372,183,189
E00061685,235,119,116
E00061688,346,190,156
E00174137,598,316,282
E00174139,344,171,173
E00174168,453,245,208
E00174170,257,136,121
E00174178,368,180,188
E00188180,469,265,204
E00188198,241,122,119
E00174172,416,228,188
E00174177,385,204,181
E00174179,290,153,137
E00174181,344,175,169
E00174182,354,176,178
E00188212,341,163,178
E00188259,384,198,186
E00188262,303,153,150
E00188285,320,163,157
E00188323,332,161,171
E00061673,402,202,200
E00061691,430,216,214
E00061694,349,177,172
E00174141,318,170,148
E00174189,341,170,171
E00061689,343,178,165
E00061690,338,177,161
E00061692,365,180,185
E00061696,313,162,151
E00061674,318,170,148
E00061676,326,160,166
E00061695,264,130,134
E00061697,331,162,169
E00061698,306,156,150
E00174140,347,180,167
E00174169,367,188,179
E00174175,404,208,196
E00174176,423,205,218
E00174180,364,180,184
E00061686,339,173,166
E00174183,351,173,178
E00188187,430,201,229
E00188264,463,234,229
E00188272,445,220,225
E00188287,449,226,223
E00062207,276,139,137
E00062208,478,242,236
E00062209,203,104,99
E00062210,120,63,57
E00062211,156,88,68
E00062212,250,129,121
E00174202,613,306,307
E00174206,326,167,159
E00174208,284,142,142
E00062202,246,127,119
E00062203,348,184,164
E00062204,279,140,139
E00062205,398,220,178
E00062206,276,142,134
E00062379,378,198,180
E00062380,148,76,72
E00062381,116,62,54
E00062382,217,117,100
E00062383,207,102,105
E00062384,343,177,166
E00062385,332,175,157
E00062386,241,109,132
E00174203,358,186,172
E00174204,514,253,261
E00174205,363,178,185
E00174207,306,153,153
E00174210,221,112,109
E00062133,425,222,203
E00062134,410,185,225
E00062136,235,117,118
E00174209,359,180,179
E00174212,233,117,116
E00062138,280,141,139
E00062139,289,143,146
E00062143,312,151,161
E00062148,279,138,141
E00062152,283,149,134
E00062140,298,160,138
E00062149,235,116,119
E00062150,242,129,113
E00062151,313,156,157
E00062153,245,130,115
E00062141,579,319,260
E00062142,476,250,226
E00062146,326,170,156
E00062147,349,178,171
E00062144,263,145,118
E00062145,283,140,143
E00062154,435,230,205
E00062155,293,140,153
E00062156,464,245,219
E00062171,236,126,110
E00062174,242,118,124
E00062175,280,144,136
E00062176,225,118,107
E00062177,275,143,132
E00062179,251,140,111
E00062172,259,128,131
E00062173,293,157,136
E00062178,300,147,153
E00062180,269,144,125
E00062181,303,156,147
E00062182,275,128,147
E00062183,303,150,153
E00062185,260,135,125
E00062196,285,140,145
E00062200,226,115,111
E00062184,282,140,142
E00062186,277,150,127
E00062197,348,173,175
E00062198,238,118,120
E00062297,282,138,144
E00062299,307,158,149
E00062302,253,122,131
E00062303,152,64,88
E00062304,201,103,98
E00062306,242,112,130
E00062287,263,131,132
E00062290,229,119,110
E00062293,206,107,99
E00062301,264,133,131
E00062305,157,74,83
E00062307,272,145,127
E00062286,225,110,115
E00062291,276,134,142
E00062292,301,154,147
E00062294,287,137,150
E00062308,254,129,125
E00062288,246,120,126
E00062289,317,160,157
E00062295,200,115,85
E00062296,229,119,110
E00062298,251,130,121
E00062300,207,95,112
E00062157,347,169,178
E00062158,248,129,119
E00062167,255,127,128
E00062169,297,139,158
E00062170,247,125,122
E00062159,188,104,84
E00062160,308,142,166
E00062166,293,142,151
E00062168,315,168,147
E00062187,256,138,118
E00062188,298,169,129
E00062189,288,151,137
E00062190,317,165,152
E00062199,261,136,125
E00062191,207,119,88
E00062192,486,263,223
E00062193,276,148,128
E00062194,268,129,139
E00062195,395,216,179
E00062072,453,241,212
E00062073,329,163,166
E00062076,493,258,235
E00062081,380,191,189
E00062082,288,140,148
E00062071,245,129,116
E00062074,465,248,217
E00062077,368,191,177
E00062080,265,143,122
E00062084,262,130,132
E00062085,281,144,137
E00062086,273,139,134
E00062075,269,139,130
E00062078,268,148,120
E00062079,292,170,122
E00062083,303,151,152
E00062087,337,165,172
E00062088,250,116,134
E00062095,325,184,141
E00062096,343,192,151
E00062098,132,76,56
E00062100,346,163,183
E00062090,307,152,155
E00062091,287,161,126
E00062093,265,149,116
E00062094,315,162,153
E00062101,228,111,117
E00062089,266,141,125
E00062092,243,127,116
E00062097,337,179,158
E00062099,259,127,132
E00062102,274,159,115
E00062057,219,111,108
E00062060,551,273,278
E00062062,285,142,143
E00062064,253,136,117
E00062065,294,153,141
E00188177,316,158,158
E00188298,308,156,152
E00062161,260,124,136
E00062162,281,159,122
E00062163,260,155,105
E00062164,342,182,160
E00062165,504,281,223
E00062251,203,108,95
E00062255,301,161,140
E00062260,376,203,173
E00188181,189,91,98
E00188188,315,160,155
E00188207,250,119,131
E00188284,269,132,137
E00188290,240,140,100
E00188297,278,155,123
E00188322,269,152,117
E00062250,315,160,155
E00188184,313,154,159
E00188192,293,151,142
E00188242,264,133,131
E00188315,321,155,166
E00062252,269,129,140
E00062253,290,158,132
E00062256,278,143,135
E00062257,222,113,109
E00062258,267,123,144
E00062104,333,168,165
E00062106,375,208,167
E00062107,340,164,176
E00062109,299,157,142
E00062110,291,145,146
E00062346,317,170,147
E00062347,305,165,140
E00062349,315,161,154
E00062350,347,169,178
E00062352,306,160,146
E00062357,159,85,74
E00062105,317,151,166
E00062108,589,290,299
E00062111,417,213,204
E00062114,209,104,105
E00062103,405,220,185
E00062112,356,176,180
E00062113,353,182,171
E00062213,212,121,91
E00062214,285,146,139
E00062215,309,175,134
E00062216,297,151,146
E00062218,201,114,87
E00062219,305,157,148
E00062217,297,156,141
E00062220,262,136,126
E00062221,368,184,184
E00062222,291,147,144
E00062223,342,183,159
E00062224,270,138,132
E00062274,265,147,118
E00062277,290,151,139
E00062279,297,155,142
E00062281,244,123,121
E00062283,280,143,137
E00062285,311,171,140
E00062273,334,168,166
E00062275,339,178,161
E00062276,235,128,107
E00062278,358,189,169
E00062280,280,143,137
E00062282,309,154,155
E00062284,275,138,137
E00062348,363,189,174
E00062351,264,128,136
E00062353,309,164,145
E00062354,307,165,142
E00062355,312,166,146
E00062356,337,168,169
E00062046,160,69,91
E00062047,306,147,159
E00062048,177,82,95
E00062055,212,112,100
E00062056,190,81,109
E00062043,396,193,203
E00062044,244,119,125
E00062053,216,99,117
E00062054,222,115,107
E00062045,255,139,116
E00062049,270,145,125
E00062050,268,139,129
E00062051,283,143,140
E00062052,369,222,147
E00062237,523,276,247
E00062240,214,102,112
E00062243,343,167,176
E00062245,192,98,94
E00062247,286,149,137
E00174191,264,124,140
E00174194,129,72,57
E00188172,324,160,164
E00062238,250,136,114
E00062239,260,147,113
E00062241,335,174,161
E00062242,306,148,158
E00062244,341,185,156
E00062246,170,94,76
E00062116,244,117,127
E00062119,271,133,138
E00062128,294,145,149
E00062129,230,125,105
E00062131,278,141,137
E00062117,271,152,119
E00062125,280,166,114
E00062126,261,134,127
E00062127,231,109,122
E00062132,290,151,139
E00174197,224,119,105
E00174198,286,165,121
E00174199,276,138,138
E00174200,229,121,108
E00062115,302,151,151
E00062120,244,128,116
E00062121,309,160,149
E00062122,307,152,155
E00062123,295,139,156
E00062124,303,152,151
E00174195,309,159,150
E00174196,337,166,171
E00174211,285,152,133
E00062325,245,99,146
E00062326,229,121,108
E00062328,424,206,218
E00062339,396,188,208
E00062341,307,144,163
E00062340,255,132,123
E00062342,259,127,132
E00062343,256,119,137
E00062344,256,124,132
E00062345,282,158,124
E00062329,185,87,98
E00062330,274,137,137
E00062331,329,167,162
E00062332,326,162,164
E00062333,197,99,98
E00062335,277,154,123
E00062327,486,253,233
E00062334,231,119,112
E00062336,358,212,146
E00062337,340,174,166
E00062338,375,213,162
E00062228,276,134,142
E00062230,318,165,153
E00062232,228,121,107
E00062234,187,103,84
E00062236,399,203,196
E00188244,342,173,169
E00188310,398,202,196
E00062225,376,181,195
E00062227,295,151,144
E00062229,451,221,230
E00062231,285,150,135
E00062233,267,137,130
E00062235,261,140,121
E00062261,302,150,152
E00062266,263,134,129
E00062272,303,161,142
E00188186,128,59,69
E00188228,438,233,205
E00062265,284,150,134
E00062268,308,158,150
E00062269,305,152,153
E00188216,371,188,183
E00188308,293,175,118
E00062262,527,260,267
E00062263,303,154,149
E00062270,357,186,171
E00174201,334,154,180
E00188174,367,183,184
E00188217,403,207,196
E00062313,242,122,120
E00062314,263,136,127
E00062316,206,103,103
E00062317,210,109,101
E00062318,244,119,125
E00062323,293,139,154
E00062311,318,158,160
E00062312,262,90,172
E00062315,337,153,184
E00062321,313,146,167
E00062324,295,126,169
E00062309,297,139,158
E00062310,301,144,157
E00062319,159,69,90
E00062320,263,138,125
E00062322,393,177,216
E00062358,367,185,182
E00062363,210,93,117
E00062364,213,116,97
E00062366,174,82,92
E00062368,250,127,123
E00062359,243,111,132
E00062365,263,141,122
E00062367,243,113,130
E00062369,280,151,129
E00062371,213,111,102
E00062362,240,127,113
E00062372,252,129,123
E00062375,216,109,107
E00062376,209,109,100
E00062377,140,78,62
E00062378,293,151,142
E00062360,263,126,137
E00062361,196,94,102
E00062370,252,138,114
E00062373,265,134,131
E00062374,206,113,93
E00062058,281,127,154
E00062059,149,74,75
E00062061,307,139,168
E00062066,222,112,110
E00062067,253,122,131
E00062068,265,132,133
E00062069,304,162,142
E00062070,316,148,168
E00104576,371,172,199
E00104577,374,183,191
E00104578,313,156,157
E00104584,272,138,134
E00104579,218,110,108
E00104580,290,166,124
E00104581,268,137,131
E00104582,257,131,126
E00104583,370,207,163
E00104628,298,151,147
E00104630,294,145,149
E00104632,335,171,164
E00104634,282,142,140
E00183223,323,152,171
E00104626,247,119,128
E00104627,294,145,149
E00104629,340,169,171
E00104633,259,124,135
E00104635,320,162,158
E00104540,226,116,110
E00104541,237,119,118
E00104542,211,108,103
E00104543,225,93,132
E00104544,219,102,117
E00104545,233,117,116
E00104586,273,135,138
E00104587,211,114,97
E00104588,204,109,95
E00104593,302,165,137
E00104594,324,161,163
E00104602,373,199,174
E00104589,274,140,134
E00104592,327,168,159
E00104595,314,165,149
E00104596,257,135,122
E00104597,240,125,115
E00104598,215,121,94
E00104585,271,139,132
E00104590,230,117,113
E00104591,288,151,137
E00104600,316,169,147
E00104601,265,127,138
E00104603,109,54,55
E00183226,163,79,84
E00183252,514,271,243
E00183293,295,144,151
E00104486,263,141,122
E00104488,243,127,116
E00104492,209,114,95
E00104496,258,136,122
E00104498,296,155,141
E00104499,312,160,152
E00104484,276,138,138
E00104489,291,146,145
E00104490,264,137,127
E00104494,275,139,136
E00104495,287,145,142
E00104485,288,148,140
E00104487,266,161,105
E00104491,347,192,155
E00104493,307,157,150
E00104497,468,230,238
E00104572,330,175,155
E00104573,284,145,139
E00104574,306,146,160
E00183244,280,145,135
E00183300,444,232,212
E00183303,166,85,81
E00104567,316,162,154
E00104568,307,164,143
E00104569,319,161,158
E00104570,285,155,130
E00104575,270,136,134
E00104463,237,120,117
E00104464,301,160,141
E00104465,300,164,136
E00104468,416,229,187
E00104470,253,138,115
E00104462,259,128,131
E00104466,221,104,117
E00104467,288,142,146
E00104469,211,103,108
E00104471,228,119,109
E00104500,264,143,121
E00104502,168,79,89
E00104503,228,124,104
E00104508,278,141,137
E00104509,264,133,131
E00104510,264,139,125
E00104511,241,115,126
E00104512,248,145,103
E00104513,232,119,113
E00104515,229,124,105
E00104519,359,180,179
E00104523,315,162,153
E00104514,250,131,119
E00104516,304,147,157
E00104517,212,107,105
E00104518,370,200,170
E00104520,313,171,142
E00104521,181,98,83
E00104522,247,132,115
E00104604,442,226,216
E00104605,548,277,271
E00104606,447,222,225
E00104607,249,109,140
E00104608,242,117,125
E00104473,239,127,112
E00104475,239,122,117
E00104478,240,126,114
E00104479,292,126,166
E00104481,291,162,129
E00104483,216,121,95
E00104472,368,189,179
E00104474,254,128,126
E00104476,326,166,160
E00104477,272,155,117
E00104480,195,99,96
E00104482,256,140,116
E00104501,239,133,106
E00104504,286,157,129
E00104505,265,136,129
E00104506,285,150,135
E00104507,360,176,184
E00104528,313,159,154
E00104532,301,151,150
E00104533,350,174,176
E00104534,368,191,177
E00104539,304,152,152
E00104527,376,194,182
E00104529,202,96,106
E00104535,252,126,126
E00104536,311,158,153
E00104537,227,115,112
E00104538,277,143,134
E00104456,283,137,146
E00104457,283,136,147
E00104460,385,199,186
E00104461,309,152,157
E00104453,277,161,116
E00104454,311,160,151
E00104455,338,177,161
E00104458,256,129,127
E00104459,248,136,112
E00104552,246,131,115
E00104555,435,233,202
E00104563,260,144,116
E00104566,274,135,139
E00171848,340,176,164
E00171850,344,167,177
E00104554,241,128,113
E00104559,244,126,118
E00104560,278,136,142
E00104562,275,146,129
E00104564,263,140,123
E00104553,286,142,144
E00104556,233,116,117
E00104557,302,156,146
E00104558,297,158,139
E00104561,270,147,123
E00104524,257,131,126
E00104525,255,124,131
E00104526,297,159,138
E00104530,268,150,118
E00104531,319,162,157
E00104546,436,233,203
E00104547,358,186,172
E00104548,252,125,127
E00104549,289,136,153
E00104550,290,148,142
E00104551,229,87,142
E00104609,248,122,126
E00104611,334,177,157
E00104613,506,266,240
E00104621,188,101,87
E00104624,303,161,142
E00104612,360,183,177
E00104614,275,131,144
E00104615,345,180,165
E00104616,347,171,176
E00104623,226,108,118
E00104610,343,181,162
E00104617,436,220,216
E00104618,251,126,125
E00104619,227,115,112
E00104620,339,182,157
E00104622,450,241,209
E00104693,319,170,149
E00104694,301,153,148
E00104698,324,162,162
E00104703,335,195,140
E00104704,316,162,154
E00104689,304,156,148
E00104691,211,103,108
E00104696,297,150,147
E00104700,218,109,109
E00104702,256,131,125
E00104690,252,126,126
E00104692,303,154,149
E00104695,281,149,132
E00104697,307,157,150
E00104699,288,148,140
E00104701,293,139,154
E00104795,384,203,181
E00104796,543,265,278
E00104797,336,172,164
E00104798,341,198,143
E00104800,245,127,118
E00104914,283,142,141
E00104916,298,148,150
E00104920,266,146,120
E00104927,300,139,161
E00104928,335,174,161
E00104653,283,139,144
E00104654,319,170,149
E00104656,334,178,156
E00104659,273,132,141
E00104666,285,149,136
E00104661,319,167,152
E00104662,486,248,238
E00104663,322,170,152
E00104664,306,160,146
E00104665,373,175,198
E00104652,327,175,152
E00104655,265,132,133
E00104657,291,145,146
E00104658,245,124,121
E00183267,385,206,179
E00183276,313,165,148
E00104801,346,177,169
E00104805,388,193,195
E00104807,239,133,106
E00104813,313,159,154
E00171811,348,182,166
E00171813,324,168,156
E00104802,316,159,157
E00104803,250,111,139
E00104812,249,126,123
E00104814,297,165,132
E00104815,306,156,150
E00104804,333,166,167
E00104806,259,130,129
E00104808,258,134,124
E00104809,311,170,141
E00104810,303,155,148
E00104833,329,149,180
E00104835,424,216,208
E00104839,313,162,151
E00104840,319,158,161
E00104847,439,222,217
E00104834,419,216,203
E00104843,326,173,153
E00104844,318,152,166
E00104845,322,159,163
E00104846,353,173,180
E00104836,273,138,135
E00104837,251,128,123
E00104838,205,106,99
E00104841,313,155,158
E00104842,609,301,308
E00104848,138,62,76
E00104902,346,172,174
E00104904,188,85,103
E00104905,240,126,114
E00104906,209,102,107
E00104907,320,161,159
E00104909,262,132,130
E00104921,241,124,117
E00104922,284,154,130
E00104923,271,128,143
E00104924,214,107,107
E00104925,270,136,134
E00104636,259,133,126
E00104637,218,109,109
E00104638,244,121,123
E00104639,267,117,150
E00104645,234,125,109
E00104650,236,128,108
E00104712,342,172,170
E00104716,292,142,150
E00104718,327,167,160
E00104719,355,182,173
E00104720,271,147,124
E00104711,214,114,100
E00104713,349,176,173
E00104714,488,254,234
E00104715,390,202,188
E00104717,236,130,106
E00104791,270,150,120
E00104792,274,135,139
E00104793,273,144,129
E00104794,299,153,146
E00104799,349,194,155
E00104915,321,159,162
E00104917,344,188,156
E00104918,229,123,106
E00104919,282,144,138
E00104926,319,185,134
E00104768,421,217,204
E00104769,246,135,111
E00104770,449,245,204
E00104771,247,131,116
E00104772,312,178,134
E00104773,381,193,188
E00104760,390,196,194
E00104761,378,187,191
E00104774,343,158,185
E00183227,322,158,164
E00183232,339,166,173
E00183242,236,115,121
E00183255,144,65,79
E00183301,520,263,257
E00104763,457,230,227
E00104764,264,134,130
E00104765,303,144,159
E00104766,305,159,146
E00104767,313,151,162
E00104896,278,136,142
E00104897,288,146,142
E00104899,186,82,104
E00104900,206,103,103
E00104901,313,169,144
E00104912,257,126,131
E00104898,331,165,166
E00104903,277,144,133
E00104908,266,137,129
E00104910,256,139,117
E00104911,317,168,149
E00104913,261,138,123
E00104642,283,155,128
E00104644,290,139,151
E00104649,259,122,137
E00104651,272,134,138
E00183260,489,223,266
E00183263,113,60,53
E00104641,252,123,129
E00104643,313,156,157
E00104646,300,152,148
E00104647,295,148,147
E00104648,486,241,245
E00104880,233,118,115
E00104881,230,126,104
E00104882,276,153,123
E00104883,297,149,148
E00104889,272,149,123
E00104895,234,127,107
E00104884,250,128,122
E00104886,242,114,128
E00104887,228,99,129
E00104888,314,164,150
E00104891,218,120,98
E00104885,443,216,227
E00104890,549,262,287
E00104892,182,87,95
E00104893,211,101,110
E00104894,291,145,146
E00104667,231,104,127
E00104669,247,115,132
E00104676,331,157,174
E00104678,393,201,192
E00104680,230,110,120
E00104682,258,131,127
E00104721,285,142,143
E00104722,291,152,139
E00104723,233,119,114
E00104725,450,225,225
E00171817,354,188,166
E00171819,307,146,161
E00171833,303,151,152
E00104726,529,263,266
E00104731,292,162,130
E00104739,213,111,102
E00171808,249,117,132
E00171809,268,146,122
E00183239,346,149,197
E00183265,271,144,127
E00104736,275,145,130
E00104737,274,145,129
E00104738,278,137,141
E00104740,241,126,115
E00104741,289,150,139
E00104727,260,123,137
E00104729,503,253,250
E00104732,283,157,126
E00104733,194,107,87
E00104734,414,195,219
E00104735,376,192,184
E00104866,358,186,172
E00104867,228,122,106
E00104868,304,157,147
E00104869,272,138,134
E00104876,159,84,75
E00104879,222,111,111
E00104775,295,160,135
E00104778,294,159,135
E00104787,315,150,165
E00104790,308,162,146
E00171820,357,187,170
E00171830,250,133,117
E00171844,569,296,273
E00104776,225,115,110
E00104777,250,132,118
E00104779,497,251,246
E00104780,233,131,102
E00104788,237,127,110
E00104789,261,132,129
E00104781,374,188,186
E00104782,276,139,137
E00104785,294,154,140
E00104786,273,153,120
E00171865,423,221,202
E00171946,403,196,207
E00104864,258,127,131
E00104872,336,159,177
E00104874,278,148,130
E00104877,285,142,143
E00104878,276,143,133
E00104865,312,159,153
E00104870,335,161,174
E00104871,222,119,103
E00104873,335,173,162
E00104875,232,127,105
E00104670,247,125,122
E00104672,283,151,132
E00104679,218,114,104
E00104681,294,148,146
E00104683,307,161,146
E00104668,278,136,142
E00104671,265,128,137
E00104673,295,147,148
E00104674,271,150,121
E00104675,246,135,111
E00104677,236,122,114
E00104705,265,133,132
E00104706,325,160,165
E00104707,399,194,205
E00104708,296,156,140
E00104709,249,124,125
E00104710,109,53,56
E00104742,302,168,134
E00104744,267,143,124
E00104745,324,175,149
E00104746,328,174,154
E00104752,310,166,144
E00104749,303,148,155
E00171777,321,161,160
E00171842,307,167,140
E00171862,307,143,164
E00183229,457,227,230
E00183234,122,65,57
E00183241,537,260,277
E00183287,435,212,223
E00104743,357,193,164
E00104750,308,143,165
E00104751,322,161,161
E00183274,296,158,138
E00104684,157,67,90
E00104685,402,196,206
E00104686,536,275,261
E00104687,274,147,127
E00104688,257,133,124
E00104849,304,161,143
E00104850,300,173,127
E00104854,254,137,117
E00104856,557,294,263
E00104858,178,95,83
E00104851,254,130,124
E00104853,257,130,127
E00104857,320,164,156
E00104861,269,134,135
E00104862,289,160,129
E00104852,295,148,147
E00104855,252,130,122
E00104859,269,133,136
E00104860,274,136,138
E00104863,297,157,140
E00104753,333,177,156
E00104754,285,140,145
E00104755,295,144,151
E00104756,264,147,117
E00104757,167,84,83
E00104758,280,144,136
E00104820,224,122,102
E00104821,315,174,141
E00104824,373,204,169
E00104825,250,135,115
E00104827,333,173,160
E00104830,376,202,174
E00104819,237,117,120
E00104823,285,148,137
E00104828,285,153,132
E00104829,261,130,131
E00104832,312,161,151
E00104816,269,150,119
E00104817,198,103,95
E00104818,358,182,176
E00104822,245,118,127
E00104826,326,175,151
E00104831,184,99,85
E00105086,307,157,150
E00105094,207,96,111
E00183257,251,130,121
E00183266,473,337,136
E00183268,462,237,225
E00183299,919,67,852
E00105129,247,127,120
E00105130,241,126,115
E00105132,219,115,104
E00105133,240,124,116
E00105134,297,158,139
E00105137,280,148,132
E00105131,279,145,134
E00105135,238,122,116
E00105136,274,145,129
E00105138,208,110,98
E00105139,305,165,140
E00105140,344,176,168
E00105141,259,132,127
E00105143,301,159,142
E00105144,284,141,143
E00105147,279,148,131
E00105149,279,138,141
E00105150,245,127,118
E00105152,286,146,140
E00105089,241,119,122
E00105090,246,131,115
E00105091,314,169,145
E00105093,422,215,207
E00105084,413,207,206
E00105088,277,144,133
E00105096,438,215,223
E00105098,297,148,149
E00105099,264,142,122
E00105081,359,170,189
E00105082,340,161,179
E00105083,265,125,140
E00105085,310,161,149
E00105087,304,173,131
E00105092,303,153,150
E00105142,284,154,130
E00105145,346,187,159
E00105146,297,157,140
E00105148,256,145,111
E00105151,222,120,102
E00104930,205,96,109
E00104932,322,165,157
E00104933,236,130,106
E00104934,213,113,100
E00104935,295,158,137
E00104936,273,138,135
E00104929,238,115,123
E00104937,383,188,195
E00104944,309,159,150
E00104945,344,168,176
E00171856,377,182,195
E00104938,307,156,151
E00104940,261,132,129
E00104941,301,160,141
E00104942,276,149,127
E00104943,348,177,171
E00105112,345,188,157
E00105113,422,217,205
E00105120,216,109,107
E00105127,248,125,123
E00105128,233,120,113
E00105115,274,137,137
E00105116,388,188,200
E00105117,310,155,155
E00105124,250,139,111
E00105125,296,163,133
E00105126,163,85,78
E00105170,274,131,143
E00105171,277,144,133
E00105172,372,193,179
E00105173,287,151,136
E00105174,307,164,143
E00105175,281,146,135
E00105176,346,171,175
E00105178,254,132,122
E00105180,247,128,119
E00105177,251,135,116
E00105179,481,263,218
E00105181,206,117,89
E00105182,257,140,117
E00105188,271,133,138
E00105189,302,143,159
E00105190,344,172,172
E00105191,220,112,108
E00105192,432,210,222
E00105193,295,150,145
E00105194,344,178,166
E00105196,253,134,119
E00105198,223,109,114
E00105202,235,127,108
E00105203,319,161,158
E00105204,327,182,145
E00105205,278,136,142
E00105195,287,142,145
E00105197,292,149,143
E00105199,245,125,120
E00105200,354,176,178
E00105201,276,129,147
E00104949,278,141,137
E00104951,264,136,128
E00104953,239,131,108
E00104954,236,118,118
E00104955,223,108,115
E00104956,297,157,140
E00104957,265,130,135
E00104946,323,163,160
E00104947,326,165,161
E00104948,285,148,137
E00104950,341,174,167
E00104952,313,164,149
E00104992,239,126,113
E00104993,300,154,146
E00104994,287,148,139
E00104995,202,113,89
E00104996,239,124,115
E00104998,278,143,135
E00104999,280,156,124
E00105000,277,163,114
E00105001,263,136,127
E00105002,219,110,109
E00104997,256,136,120
E00105003,237,118,119
E00105004,396,211,185
E00105005,291,144,147
E00105006,269,136,133
E00104991,373,176,197
E00105007,299,156,143
E00105008,263,132,131
E00105009,411,200,211
E00105153,219,126,93
E00105154,260,127,133
E00105162,269,124,145
E00105163,332,157,175
E00105164,299,164,135
E00105165,294,133,161
E00105166,295,144,151
E00105155,319,163,156
E00105156,547,291,256
E00105167,293,150,143
E00105168,252,122,130
E00105169,292,146,146
E00105157,281,139,142
E00105158,361,185,176
E00105159,436,220,216
E00105160,372,238,134
E00105161,282,148,134
E00105050,612,313,299
E00105051,541,288,253
E00105054,416,207,209
E00105061,265,143,122
E00183245,165,96,69
E00183295,566,300,266
E00105183,472,275,197
E00105184,340,185,155
E00171797,272,155,117
E00171799,469,229,240
E00105077,508,250,258
E00105078,410,190,220
E00171828,516,304,212
E00171869,650,90,560
E00105075,192,89,103
E00105079,573,293,280
E00105080,3205,1598,1607
E00105186,380,203,177
E00171834,514,303,211
E00183224,154,73,81
E00183314,913,503,410
E00183315,535,283,252
E00105049,418,222,196
E00105058,317,164,153
E00105059,308,161,147
E00171870,315,168,147
E00183228,270,128,142
E00183264,410,208,202
E00183273,413,215,198
E00183277,292,143,149
E00105048,388,178,210
E00105053,515,251,264
E00105055,524,269,255
E00105056,423,207,216
E00105101,303,144,159
E00105106,387,200,187
E00105107,300,164,136
E00105108,325,155,170
E00105109,462,228,234
E00105102,278,139,139
E00105104,316,165,151
E00171953,344,174,170
E00183230,177,84,93
E00183289,497,252,245
E00104959,444,237,207
E00104960,314,166,148
E00104962,404,192,212
E00104963,386,191,195
E00183236,325,157,168
E00183240,211,100,111
E00183278,624,317,307
E00183308,818,455,363
E00104961,397,176,221
E00104966,271,124,147
E00183247,139,63,76
E00183254,529,259,270
E00183281,457,246,211
E00105064,223,120,103
E00105065,558,288,270
E00105066,124,59,65
E00105069,275,136,139
E00105070,236,126,110
E00105073,262,132,130
E00105062,333,161,172
E00105063,356,183,173
E00105067,145,80,65
E00105068,184,97,87
E00105071,305,151,154
E00105072,265,138,127
E00105074,226,122,104
E00105119,293,136,157
E00105121,375,183,192
E00183259,231,114,117
E00183279,176,88,88
E00183313,451,227,224
E00105110,221,105,116
E00105111,307,158,149
E00105114,407,200,207
E00105122,104,51,53
E00105123,423,208,215
E00104958,393,194,199
E00104965,271,144,127
E00104967,297,151,146
E00104968,304,161,143
E00104969,344,182,162
E00104979,326,177,149
E00104981,251,127,124
E00104983,242,116,126
E00104987,241,107,134
E00104988,224,123,101
E00104990,143,73,70
E00104970,212,116,96
E00104971,322,170,152
E00104972,258,134,124
E00104984,236,116,120
E00104989,255,129,126
E00104974,316,152,164
E00104978,322,176,146
E00104982,180,93,87
E00104985,310,161,149
E00104986,294,158,136
E00104973,292,149,143
E00104975,307,144,163
E00104976,357,183,174
E00104977,332,170,162
E00104980,289,165,124
E00105010,324,157,167
E00105013,234,119,115
E00105022,291,144,147
E00105023,326,180,146
E00105025,282,145,137
E00105018,370,177,193
E00105026,243,119,124
E00105027,270,131,139
E00105028,341,173,168
E00105011,285,157,128
E00105014,280,150,130
E00105015,270,142,128
E00105016,427,232,195
E00105017,277,140,137
E00105206,282,141,141
E00105207,299,173,126
E00105208,143,76,67
E00105209,320,161,159
E00171825,293,143,150
E00183225,159,93,66
E00183262,280,154,126
E00183275,585,283,302
E00105012,305,161,144
E00105020,263,135,128
E00105021,497,274,223
E00105024,482,246,236
E00183272,150,73,77
E00183282,420,218,202
E00105029,265,130,135
E00105030,379,197,182
E00105034,263,137,126
E00105039,273,131,142
E00105042,371,185,186
E00105033,292,159,133
E00105040,250,132,118
E00105047,259,130,129
E00183288,449,238,211
E00183298,181,86,95
E00105031,360,185,175
E00105043,304,152,152
E00105044,328,167,161
E00105045,279,131,148
E00105046,266,146,120
E00105032,294,146,148
E00105035,297,148,149
E00105037,287,136,151
E00105038,262,133,129
E00105041,190,109,81
E00105274,279,141,138
E00105275,358,185,173
E00105276,218,117,101
E00105277,225,122,103
E00105472,303,148,155
E00105481,339,158,181
E00105482,278,137,141
E00105483,280,135,145
E00105484,326,166,160
E00105469,331,180,151
E00105470,251,131,120
E00105477,341,172,169
E00105478,309,159,150
E00105479,262,140,122
E00105480,308,168,140
E00171780,306,157,149
E00171781,272,142,130
E00171783,295,146,149
E00171788,311,152,159
E00171789,362,185,177
E00171791,213,107,106
E00171792,247,128,119
E00105460,255,137,118
E00105462,282,137,145
E00105464,269,147,122
E00105465,194,99,95
E00105473,230,119,111
E00105474,344,183,161
E00105475,260,138,122
E00105476,311,145,166
E00105246,361,187,174
E00105249,273,141,132
E00105252,333,168,165
E00105254,431,212,219
E00105248,269,132,137
E00105250,320,171,149
E00105251,291,127,164
E00105253,228,112,116
E00105255,327,155,172
E00105256,219,112,107
E00105258,347,171,176
E00105259,267,131,136
E00105260,547,272,275
E00105452,248,127,121
E00105457,355,184,171
E00105466,315,171,144
E00105468,331,176,155
E00105453,275,144,131
E00105455,249,131,118
E00105461,232,127,105
E00105463,234,117,117
E00105467,233,120,113
E00105451,311,163,148
E00105454,223,110,113
E00105456,289,135,154
E00105458,286,131,155
E00105459,380,215,165
E00105244,364,192,172
E00105245,476,245,231
E00105247,608,310,298
E00105257,330,165,165
E00105279,334,170,164
E00105283,244,137,107
E00105286,327,172,155
E00171786,330,171,159
E00105280,290,155,135
E00105282,313,148,165
E00105284,328,176,152
E00105292,288,154,134
E00105278,281,153,128
E00105281,187,99,88
E00105285,197,110,87
E00105287,218,117,101
E00105289,201,109,92
E00105290,237,135,102
E00105409,377,180,197
E00105417,314,155,159
E00105418,279,144,135
E00105419,306,166,140
E00105420,217,111,106
E00105421,256,145,111
E00105426,227,118,109
E00105427,293,141,152
E00105428,285,146,139
E00105430,257,146,111
E00105432,301,162,139
E00105422,317,169,148
E00105423,290,150,140
E00105424,300,142,158
E00105425,273,136,137
E00105429,285,153,132
E00105431,267,143,124
E00105413,386,190,196
E00105414,259,133,126
E00171774,253,125,128
E00171778,257,117,140
E00171785,348,164,184
E00105410,268,136,132
E00105411,246,132,114
E00105412,396,203,193
E00105415,364,183,181
E00105321,272,128,144
E00105322,282,134,148
E00105323,244,117,127
E00105326,256,122,134
E00105327,350,177,173
E00105319,284,154,130
E00105320,186,94,92
E00105324,324,179,145
E00105325,464,244,220
E00105328,212,111,101
E00105296,292,141,151
E00105297,242,116,126
E00105298,193,93,100
E00105300,285,148,137
E00105301,252,121,131
E00105303,379,190,189
E00105302,212,103,109
E00105304,231,119,112
E00105305,317,167,150
E00105306,107,44,63
E00105308,259,133,126
E00105310,311,174,137
E00105314,209,105,104
E00105316,344,179,165
E00105318,496,248,248
E00105311,278,141,137
E00105312,181,96,85
E00105313,277,140,137
E00105315,416,210,206
E00105317,483,237,246
E00105265,237,121,116
E00105267,275,144,131
E00105268,216,111,105
E00105269,293,157,136
E00105271,257,132,125
E00105293,340,178,162
E00105294,291,161,130
E00105295,256,142,114
E00105299,491,246,245
E00105307,255,152,103
E00105309,245,127,118
E00105332,286,150,136
E00105338,305,159,146
E00105340,284,148,136
E00105341,368,185,183
E00105330,231,114,117
E00105331,286,150,136
E00105333,298,160,138
E00105334,261,148,113
E00105339,320,170,150
E00105329,305,163,142
E00105335,500,271,229
E00105336,403,213,190
E00105337,350,187,163
E00105362,311,158,153
E00105363,295,163,132
E00105364,321,159,162
E00105375,193,97,96
E00105376,203,99,104
E00105377,329,167,162
E00105356,260,141,119
E00105357,284,139,145
E00105358,302,156,146
E00105359,253,130,123
E00183261,468,237,231
E00183294,291,145,146
E00183304,123,61,62
E00105347,370,199,171
E00105349,452,248,204
E00105350,526,262,264
E00105351,232,122,110
E00105348,228,110,118
E00105352,220,112,108
E00105353,396,226,170
E00105354,273,147,126
E00105360,268,136,132
E00105342,559,277,282
E00105343,347,186,161
E00105344,280,153,127
E00105345,322,152,170
E00105346,316,147,169
E00105361,256,137,119
E00105365,227,112,115
E00105366,180,94,86
E00105370,128,62,66
E00105371,206,111,95
E00105372,115,60,55
E00105367,222,113,109
E00105368,301,160,141
E00105369,368,207,161
E00105373,205,111,94
E00105374,260,142,118
E00105378,311,155,156
E00105379,192,98,94
E00105380,237,120,117
E00105381,156,78,78
E00105382,201,113,88
E00105384,254,129,125
E00105385,274,134,140
E00105383,262,145,117
E00105386,292,159,133
E00105387,301,149,152
E00105388,225,122,103
E00105389,378,177,201
E00105212,282,157,125
E00105213,275,131,144
E00105214,326,166,160
E00105223,249,142,107
E00105215,301,156,145
E00105216,345,183,162
E00105220,253,134,119
E00105222,306,171,135
E00105211,269,131,138
E00105217,227,124,103
E00105218,475,241,234
E00105219,247,134,113
E00105221,243,131,112
E00105391,283,136,147
E00105394,293,144,149
E00105396,241,126,115
E00105397,295,164,131
E00105390,303,155,148
E00105392,265,134,131
E00105393,226,125,101
E00105401,251,127,124
E00105438,282,151,131
E00105439,293,158,135
E00105440,379,191,188
E00105441,322,177,145
E00105261,369,192,177
E00105263,214,107,107
E00105264,258,135,123
E00105273,231,117,114
E00105395,247,138,109
E00105398,280,145,135
E00105399,328,162,166
E00105400,312,162,150
E00105442,338,200,138
E00105443,269,139,130
E00105444,282,140,142
E00105445,273,130,143
E00105448,331,166,165
E00105437,302,151,151
E00105446,302,150,152
E00105447,270,136,134
E00105450,316,159,157
E00105433,239,128,111
E00105434,279,135,144
E00105435,323,157,166
E00105436,278,139,139
E00105449,412,212,200
E00105227,478,266,212
E00105235,235,110,125
E00105236,236,126,110
E00105237,269,143,126
E00105238,219,118,101
E00105228,173,95,78
E00105239,169,80,89
E00105240,193,87,106
E00105241,246,124,122
E00105242,182,82,100
E00105243,184,97,87
E00105262,437,236,201
E00105266,229,110,119
E00105270,268,124,144
E00105272,231,119,112
E00105224,225,115,110
E00105225,259,142,117
E00105226,225,122,103
E00105229,250,133,117
E00105230,281,142,139
E00105231,200,94,106
E00105232,254,131,123
E00105233,289,156,133
E00105234,208,104,104
E00105495,287,135,152
E00105496,248,129,119
E00105500,296,146,150
E00105501,247,125,122
E00105502,286,132,154
E00105485,291,147,144
E00105486,392,198,194
E00105488,211,105,106
E00105493,393,198,195
E00105499,412,205,207
E00105494,233,129,104
E00105497,197,102,95
E00105498,417,209,208
E00105503,216,111,105
E00105504,311,151,160
E00105487,237,123,114
E00105489,278,147,131
E00105490,333,168,165
E00105491,200,99,101
E00105492,209,112,97
E00105510,250,128,122
E00105511,507,259,248
E00105512,447,223,224
E00105513,291,143,148
E00105403,166,88,78
E00105404,295,159,136
E00105405,283,146,137
E00105406,225,116,109
E00105407,272,129,143
E00105408,126,63,63
E00171805,354,167,187
E00171806,305,156,149
E00105514,334,160,174
E00105520,222,121,101
E00105521,240,130,110
E00105522,298,159,139
E00105524,273,136,137
E00105525,269,145,124
E00105515,299,151,148
E00105517,478,232,246
E00105518,521,269,252
E00105519,376,199,177
E00105523,246,129,117
E00105505,299,140,159
E00105506,172,84,88
E00105507,190,96,94
E00105508,137,64,73
E00105509,270,153,117
E00171873,394,202,192
E00171878,314,146,168
E00105642,331,175,156
E00105648,278,141,137
E00105650,302,155,147
E00105655,291,140,151
E00105649,287,157,130
E00105651,340,158,182
E00105653,295,162,133
E00105654,208,111,97
E00105658,274,127,147
E00105645,237,123,114
E00105646,171,94,77
E00105652,272,143,129
E00105656,334,168,166
E00105747,286,152,134
E00105748,262,132,130
E00105749,263,124,139
E00105750,274,138,136
E00105751,197,93,104
E00105752,256,132,124
E00105780,318,153,165
E00105784,420,221,199
E00105786,284,141,143
E00105787,266,136,130
E00105788,245,131,114
E00105615,321,155,166
E00105619,258,134,124
E00105620,247,126,121
E00105621,320,162,158
E00105622,242,135,107
E00105606,252,131,121
E00105609,300,160,140
E00105611,266,143,123
E00105612,362,198,164
E00105605,401,206,195
E00105607,238,128,110
E00105608,275,134,141
E00105610,290,168,122
E00105613,251,128,123
E00105614,277,133,144
E00105616,333,173,160
E00105617,284,141,143
E00105618,305,146,159
E00105693,372,196,176
E00105694,319,175,144
E00105695,247,127,120
E00105696,261,136,125
E00105697,352,175,177
E00105698,225,117,108
E00105591,237,124,113
E00105593,289,143,146
E00105594,232,116,116
E00105595,401,205,196
E00105596,261,130,131
E00105589,251,112,139
E00105590,271,134,137
E00105592,208,82,126
E00105601,205,93,112
E00105602,175,94,81
E00105603,117,54,63
E00105640,204,113,91
E00105641,233,116,117
E00105643,218,105,113
E00105644,271,149,122
E00105657,201,100,101
E00183256,395,206,189
E00183290,245,140,105
E00183296,167,84,83
E00105781,282,147,135
E00105782,328,167,161
E00105783,233,131,102
E00105785,258,153,105
E00105789,277,143,134
E00105791,214,120,94
E00183285,319,158,161
E00183235,331,176,155
E00183286,394,191,203
E00183305,387,196,191
E00183307,286,146,140
E00105531,334,172,162
E00105532,280,139,141
E00105533,258,115,143
E00105534,210,105,105
E00105535,245,114,131
E00105536,265,139,126
E00105537,294,142,152
E00105538,278,129,149
E00105539,260,128,132
E00105541,209,115,94
E00105543,228,130,98
E00105544,265,142,123
E00105552,254,137,117
E00105555,247,135,112
E00105557,283,149,134
E00105540,251,130,121
E00105542,242,114,128
E00105547,291,153,138
E00105553,240,120,120
E00105554,219,106,113
E00105556,228,116,112
E00105597,298,145,153
E00105598,277,149,128
E00105599,262,115,147
E00105600,240,132,108
E00105604,252,121,131
E00105667,345,171,174
E00105673,265,134,131
E00105674,272,130,142
E00105675,292,143,149
E00171881,281,145,136
E00183258,330,169,161
E00183284,361,181,180
E00105664,356,181,175
E00105668,267,138,129
E00105670,219,108,111
E00105671,309,162,147
E00105672,226,115,111
E00183253,293,151,142
E00183280,436,205,231
E00105660,284,146,138
E00105661,350,154,196
E00105662,250,118,132
E00105663,312,156,156
E00105665,266,131,135
E00105666,314,168,146
E00105738,195,93,102
E00105739,229,112,117
E00105740,272,151,121
E00105741,229,120,109
E00105743,261,138,123
E00105745,282,135,147
E00105736,281,139,142
E00105753,176,93,83
E00171827,194,83,111
E00171954,442,231,211
E00183243,275,144,131
E00183297,250,136,114
E00105742,267,134,133
E00105744,280,148,132
E00105746,216,108,108
E00183250,281,146,135
E00183302,346,176,170
E00105570,244,112,132
E00105573,343,187,156
E00105575,231,119,112
E00105577,206,98,108
E00105578,155,78,77
E00105579,272,157,115
E00105580,202,106,96
E00105583,255,122,133
E00105545,260,134,126
E00105546,245,121,124
E00105548,430,219,211
E00105549,252,113,139
E00105551,286,141,145
E00105550,220,104,116
E00105584,226,118,108
E00105585,231,110,121
E00105586,140,58,82
E00105587,336,160,176
E00105574,152,77,75
E00105576,189,99,90
E00105581,165,72,93
E00183246,152,81,71
E00183269,247,130,117
E00183311,333,173,160
E00105572,214,108,106
E00105588,229,114,115
E00183231,137,70,67
E00183238,200,99,101
E00183248,457,237,220
E00183270,315,160,155
E00105526,122,61,61
E00105527,257,136,121
E00105528,298,155,143
E00105529,314,169,145
E00105530,268,147,121
E00105699,123,62,61
E00105700,276,136,140
E00105701,254,130,124
E00105705,388,199,189
E00105708,296,153,143
E00105716,272,143,129
E00105706,283,133,150
E00105707,285,148,137
E00105711,265,138,127
E00105712,280,150,130
E00105714,294,141,153
E00171858,290,136,154
E00171861,375,183,192
E00171951,235,110,125
E00105703,265,124,141
E00105704,185,104,81
E00105710,274,143,131
E00105713,264,124,140
E00105715,212,119,93
E00183283,396,200,196
E00183292,261,142,119
E00105559,204,90,114
E00105560,177,81,96
E00105561,258,127,131
E00105562,234,111,123
E00105563,240,122,118
E00105564,326,180,146
E00105558,232,118,114
E00105565,132,74,58
E00105566,297,142,155
E00105568,229,109,120
E00105569,403,192,211
E00171864,223,107,116
E00171942,299,148,151
E00105755,253,118,135
E00105757,271,138,133
E00105761,118,53,65
E00105762,275,137,138
E00105763,258,122,136
E00105764,348,174,174
E00105766,202,95,107
E00105754,253,135,118
E00105756,247,120,127
E00105758,316,166,150
E00105759,242,131,111
E00105760,232,114,118
E00105765,226,112,114
E00105770,250,138,112
E00105775,248,130,118
E00105776,229,111,118
E00105777,265,128,137
E00105778,253,114,139
E00183233,192,109,83
E00183251,339,171,168
E00183271,388,201,187
E00105767,220,116,104
E00105768,263,152,111
E00105769,267,126,141
E00105771,228,120,108
E00105772,281,140,141
E00105773,268,132,136
E00105774,244,129,115
E00105625,261,133,128
E00105629,266,133,133
E00171859,300,157,143
E00171948,196,91,105
E00171949,175,90,85
E00105626,265,132,133
E00105627,279,129,150
E00105628,185,99,86
E00105632,318,169,149
E00105638,269,139,130
E00105624,268,137,131
E00105631,345,182,163
E00105634,241,127,114
E00105639,414,214,200
E00105816,263,134,129
E00105819,228,111,117
E00105820,409,209,200
E00105822,261,133,128
E00105817,513,255,258
E00105826,293,140,153
E00105827,557,274,283
E00171855,324,165,159
E00171875,151,80,71
E00183237,367,191,176
E00183309,224,117,107
E00105811,293,141,152
E00105812,320,164,156
E00105813,223,115,108
E00105815,268,129,139
E00105818,236,122,114
E00105630,300,157,143
E00105633,220,115,105
E00105635,243,119,124
E00105636,233,142,91
E00105637,327,184,143
E00105793,301,154,147
E00105795,241,126,115
E00105797,275,133,142
E00105805,486,260,226
E00105809,247,132,115
E00105802,275,147,128
E00105803,313,177,136
E00105804,394,212,182
E00105806,243,114,129
E00105807,232,114,118
E00105821,280,133,147
E00105823,378,199,179
E00105824,301,153,148
E00105825,320,160,160
E00105676,273,143,130
E00105681,166,91,75
E00105682,301,155,146
E00105683,324,148,176
E00105684,259,134,125
E00105685,411,220,191
E00105717,229,132,97
E00105718,278,151,127
E00105727,299,157,142
E00105728,236,130,106
E00105735,302,167,135
E00105719,274,137,137
E00105720,301,144,157
E00105724,347,167,180
E00105726,293,149,144
E00105730,269,144,125
E00105731,246,130,116
E00105732,264,135,129
E00105733,207,110,97
E00105734,258,137,121
E00105677,206,118,88
E00105687,274,150,124
E00105689,229,103,126
E00105690,296,165,131
E00105691,207,110,97
E00105692,240,128,112
E00105678,345,183,162
E00105679,287,142,145
E00105680,324,158,166
E00105686,239,133,106
E00105688,308,150,158
E00105721,331,165,166
E00105722,261,137,124
E00105723,274,142,132
E00105725,306,166,140
E00105729,278,155,123
E00105792,287,150,137
E00105794,299,160,139
E00105796,204,114,90
E00105808,310,163,147
E00105810,251,122,129
E00105798,228,119,109
E00105799,338,169,169
E00105800,318,164,154
E00105801,331,161,170
E00105850,307,163,144
E00105851,317,166,151
E00105852,267,135,132
E00105853,199,105,94
E00105854,156,71,85
E00105855,263,130,133
E00105863,227,117,110
E00105864,302,149,153
E00105866,309,150,159
E00105868,200,108,92
E00105861,373,179,194
E00105862,300,161,139
E00105865,260,136,124
E00105867,266,142,124
E00105871,234,119,115
E00105873,316,173,143
E00105874,265,134,131
E00105875,248,133,115
E00105869,299,148,151
E00105870,321,160,161
E00105872,259,132,127
E00105876,268,139,129
E00105877,342,182,160
E00105878,114,57,57
E00105879,252,131,121
E00105880,317,164,153
E00105881,218,120,98
E00105882,396,194,202
E00105888,201,96,105
E00105889,241,130,111
E00105890,264,125,139
E00105886,453,224,229
E00105887,174,87,87
E00105891,354,178,176
E00105892,286,137,149
E00105893,312,166,146
E00105894,300,146,154
E00105895,228,115,113
E00105907,152,80,72
E00105908,311,162,149
E00105909,234,128,106
E00105910,242,130,112
E00105911,252,136,116
E00105912,295,159,136
E00105916,281,141,140
E00105917,167,94,73
E00105918,227,114,113
E00106025,330,163,167
E00106026,316,142,174
E00106027,245,114,131
E00106028,287,136,151
E00106029,290,150,140
E00106033,293,148,145
E00106035,245,124,121
E00106036,280,137,143
E00106039,327,178,149
E00106040,236,122,114
E00106042,289,151,138
E00106030,178,88,90
E00106031,106,50,56
E00106032,246,118,128
E00106034,341,163,178
E00106037,237,117,120
E00106038,217,115,102
E00106041,257,134,123
E00106107,275,160,115
E00106109,382,194,188
E00106110,272,147,125
E00106111,261,131,130
E00106112,279,137,142
E00106105,312,171,141
E00106106,289,147,142
E00106108,357,177,180
E00106113,274,138,136
E00106114,106,56,50
E00106115,297,147,150
E00105960,240,119,121
E00105961,226,117,109
E00105962,264,145,119
E00105963,460,236,224
E00105964,277,133,144
E00105965,264,145,119
E00105970,383,196,187
E00105971,515,270,245
E00105972,274,127,147
E00105979,309,153,156
E00105980,306,148,158
E00106015,358,178,180
E00106016,242,124,118
E00106018,276,138,138
E00106019,298,151,147
E00171800,339,160,179
E00171822,265,138,127
E00171831,228,113,115
E00106049,262,136,126
E00106050,297,151,146
E00106051,204,108,96
E00106055,299,154,145
E00106052,375,206,169
E00106053,298,155,143
E00106054,323,163,160
E00106056,204,100,104
E00106072,179,101,78
E00106075,310,179,131
E00106077,286,153,133
E00106078,304,172,132
E00106079,246,125,121
E00106080,248,134,114
E00105967,245,121,124
E00105969,201,100,101
E00105974,323,181,142
E00105976,261,140,121
E00105978,210,110,100
E00105981,275,147,128
E00105966,344,174,170
E00105968,218,114,104
E00105973,350,179,171
E00105977,331,169,162
E00171802,263,133,130
E00171803,323,168,155
E00171841,346,181,165
E00106043,309,162,147
E00106044,346,166,180
E00106045,570,286,284
E00106046,263,129,134
E00106047,196,106,90
E00106048,227,116,111
E00106073,364,180,184
E00106074,243,131,112
E00106076,234,130,104
E00106081,260,136,124
E00106082,237,115,122
E00106094,280,142,138
E00106095,245,131,114
E00106096,323,181,142
E00106098,244,125,119
E00106101,377,194,183
E00106102,452,222,230
E00106103,372,172,200
E00106104,546,278,268
E00105945,216,102,114
E00105950,261,133,128
E00105952,280,139,141
E00105954,207,117,90
E00105956,153,74,79
E00105957,247,127,120
E00105947,308,144,164
E00105948,235,116,119
E00105949,497,256,241
E00105951,325,149,176
E00106084,325,168,157
E00106085,276,135,141
E00106088,276,137,139
E00183249,203,106,97
E00183306,363,182,181
E00183310,239,123,116
E00106083,419,194,225
E00106086,324,166,158
E00106087,234,122,112
E00106099,221,108,113
E00106100,198,103,95
E00106089,299,153,146
E00106090,267,134,133
E00106091,298,145,153
E00106092,274,133,141
E00106093,291,131,160
E00105921,392,206,186
E00105923,201,95,106
E00105926,303,137,166
E00105927,213,104,109
E00171867,176,103,73
E00171943,280,138,142
E00171945,554,300,254
E00105919,244,128,116
E00105920,278,143,135
E00105924,163,81,82
E00105925,388,197,191
E00105928,288,166,122
E00105946,322,173,149
E00105953,242,123,119
E00105955,297,142,155
E00105958,204,108,96
E00105959,562,274,288
E00105984,243,110,133
E00105985,285,151,134
E00105986,585,267,318
E00105989,176,78,98
E00105990,294,138,156
E00105982,410,231,179
E00105983,292,148,144
E00105987,296,148,148
E00105988,499,256,243
E00105929,247,132,115
E00105933,268,135,133
E00105934,275,139,136
E00105935,287,141,146
E00105937,225,121,104
E00105936,279,147,132
E00105938,251,138,113
E00105939,285,149,136
E00105940,283,147,136
E00105941,280,148,132
E00105930,289,135,154
E00105931,291,152,139
E00105932,493,265,228
E00105942,236,119,117
E00105943,247,137,110
E00105944,178,89,89
E00105991,362,179,183
E00105994,327,162,165
E00105995,275,142,133
E00105996,304,156,148
E00105997,321,170,151
E00106001,167,78,89
E00106002,232,114,118
E00106007,221,110,111
E00106009,282,158,124
E00106010,294,144,150
E00105992,268,143,125
E00105993,327,161,166
E00105998,333,173,160
E00105999,229,118,111
E00106000,290,153,137
E00106020,375,187,188
E00106021,370,184,186
E00106022,305,152,153
E00106023,281,141,140
E00106024,560,286,274
E00106061,347,173,174
E00106063,245,143,102
E00106069,379,201,178
E00106070,285,157,128
E00106071,243,133,110
E00106064,284,141,143
E00106065,248,126,122
E00106066,253,137,116
E00106067,280,142,138
E00106068,286,155,131
E00106062,269,127,142
E00171816,322,165,157
E00171837,215,109,106
E00171839,292,139,153
E00171845,377,186,191
E00171847,237,123,114
E00106057,385,199,186
E00106058,313,159,154
E00171814,492,245,247
E00106004,244,126,118
E00106005,286,144,142
E00106006,215,121,94
E00106011,233,121,112
E00106013,319,182,137
E00106003,327,185,142
E00106008,284,148,136
E00106012,375,194,181
E00106014,186,96,90
E00106120,327,181,146
E00106125,298,144,154
E00106127,329,167,162
E00106129,317,166,151
E00106130,278,153,125
E00106116,147,78,69
E00106121,310,167,143
E00106122,250,144,106
E00106128,267,144,123
E00106131,382,195,187
E00106117,311,165,146
E00106118,210,100,110
E00106119,234,121,113
E00106123,288,152,136
E00106124,270,140,130
E00106126,353,180,173
E00105828,237,131,106
E00105829,271,152,119
E00105830,459,236,223
E00105831,273,149,124
E00105832,210,114,96
E00105833,205,116,89
E00105834,444,255,189
E00105835,324,171,153
E00105836,288,148,140
E00105837,290,151,139
E00105838,439,230,209
E00105839,285,149,136
E00105842,353,162,191
E00105843,282,150,132
E00105844,275,134,141
E00105913,272,138,134
E00105914,264,128,136
E00171836,164,91,73
E00183291,140,64,76
E00183312,551,145,406
E00105840,393,204,189
E00105841,277,143,134
E00105845,256,151,105
E00105846,223,127,96
E00105856,273,145,128
E00105857,281,137,144
E00105858,130,66,64
E00105859,424,204,220
E00105860,352,179,173
E00105847,212,110,102
E00105848,191,99,92
E00105849,192,96,96
E00105883,113,55,58
E00105884,476,234,242
E00105885,135,65,70
E00105896,151,66,85
E00105897,206,105,101
E00105898,188,100,88
E00105899,243,128,115
E00105900,186,109,77
E00105901,265,141,124
E00105902,130,67,63
E00105903,110,54,56
E00105904,163,75,88
E00105905,388,202,186
E00105906,164,85,79
E00139175,265,130,135
E00139176,179,86,93
E00139178,345,178,167
E00139179,361,185,176
E00139180,337,178,159
E00190031,172,84,88
E00190042,345,183,162
E00190105,225,137,88
E00139181,336,178,158
E00139186,245,125,120
E00139188,370,190,180
E00139189,337,178,159
E00139232,182,92,90
E00139233,168,88,80
E00139234,348,179,169
E00139235,185,90,95
E00139249,268,131,137
E00139254,362,188,174
E00139250,366,178,188
E00139251,387,192,195
E00139252,421,213,208
E00139253,491,204,287
E00139182,273,136,137
E00139183,277,151,126
E00139184,222,116,106
E00139185,219,112,107
E00139187,245,134,111
E00139190,230,126,104
E00139191,233,114,119
E00139192,249,127,122
E00139193,274,145,129
E00139194,313,147,166
E00139195,376,205,171
E00139196,365,198,167
E00139197,346,182,164
E00139198,311,158,153
E00139199,274,126,148
E00139201,259,142,117
E00139202,262,140,122
E00139204,287,155,132
E00139206,248,120,128
E00139200,193,87,106
E00139203,209,105,104
E00139205,275,145,130
E00139207,461,231,230
E00139208,401,206,195
E00139209,168,83,85
E00139210,221,126,95
E00139211,232,124,108
E00139212,216,111,105
E00139213,166,83,83
E00139214,184,94,90
E00139215,212,108,104
E00139216,239,134,105
E00139221,275,145,130
E00139223,230,118,112
E00139224,381,200,181
E00190022,364,186,178
E00190054,314,165,149
E00190111,242,129,113
E00139218,425,230,195
E00139219,301,158,143
E00139220,302,147,155
E00139222,242,128,114
E00139225,232,124,108
E00139226,244,135,109
E00139227,241,129,112
E00139228,359,167,192
E00139229,218,124,94
E00139230,217,112,105
E00139231,246,120,126
E00139269,336,174,162
E00139270,461,245,216
E00139271,293,161,132
E00139272,287,148,139
E00139273,345,173,172
E00139274,327,168,159
E00139275,258,131,127
E00139276,285,149,136
E00139278,262,135,127
E00139279,335,172,163
E00176353,398,190,208
E00176354,245,125,120
E00139280,259,132,127
E00139281,303,149,154
E00139282,306,157,149
E00139283,231,123,108
E00139284,342,180,162
E00139285,304,162,142
E00139286,359,174,185
E00139287,230,132,98
E00139241,194,92,102
E00139242,337,166,171
E00139243,326,173,153
E00139244,219,107,112
E00139245,230,121,109
E00139246,313,170,143
E00139247,520,271,249
E00139248,297,158,139
E00139255,102,51,51
E00139256,154,69,85
E00139259,474,242,232
E00139261,202,101,101
E00139262,307,157,150
E00139264,141,71,70
E00139265,103,53,50
E00139268,186,95,91
E00139257,281,149,132
E00139258,219,110,109
E00139260,292,141,151
E00139263,247,130,117
E00139266,237,112,125
E00139267,204,109,95
E00139236,166,69,97
E00139237,217,109,108
E00139238,262,132,130
E00139239,137,73,64
E00139240,182,90,92
E00139288,338,177,161
E00139289,200,102,98
E00139290,281,138,143
E00139291,228,118,110
E00139309,319,180,139
E00139310,283,153,130
E00139311,272,143,129
E00139312,228,123,105
E00139313,230,122,108
E00139314,330,170,160
E00139315,305,184,121
E00139319,209,111,98
E00139320,220,106,114
E00139321,257,144,113
E00139322,272,144,128
E00139323,286,145,141
E00139362,341,191,150
E00139363,319,162,157
E00139365,277,147,130
E00139366,327,192,135
E00139367,391,200,191
E00139368,225,117,108
E00139369,350,188,162
E00139371,202,110,92
E00139372,275,139,136
E00190015,269,149,120
E00139377,290,151,139
E00139379,217,117,100
E00139380,302,145,157
E00139382,292,146,146
E00139385,344,170,174
E00139378,302,152,150
E00139381,355,186,169
E00139383,427,235,192
E00139384,253,130,123
E00139386,220,107,113
E00139316,321,163,158
E00139317,271,130,141
E00139318,114,56,58
E00139324,411,210,201
E00139338,332,169,163
E00139339,308,156,152
E00139340,350,171,179
E00139341,221,121,100
E00139342,402,208,194
E00139333,333,173,160
E00139334,280,144,136
E00139335,217,115,102
E00139336,151,76,75
E00139337,315,157,158
E00139348,326,162,164
E00139349,194,99,95
E00139350,387,190,197
E00139351,357,190,167
E00139352,250,136,114
E00139353,125,68,57
E00139361,258,138,120
E00139364,312,167,145
E00139374,336,165,171
E00139375,239,118,121
E00139376,220,108,112
E00139292,205,108,97
E00139293,211,115,96
E00139294,112,62,50
E00139295,118,59,59
E00139300,223,116,107
E00139301,339,179,160
E00139302,502,259,243
E00139303,249,122,127
E00139304,144,72,72
E00139305,375,188,187
E00139306,264,129,135
E00139307,132,66,66
E00139308,130,64,66
E00139326,316,152,164
E00139328,211,106,105
E00176348,252,118,134
E00139330,227,112,115
E00139331,262,114,148
E00139332,352,183,169
E00139343,177,93,84
E00139345,364,185,179
E00139346,163,86,77
E00139347,101,52,49
E00176349,242,122,120
E00139354,202,108,94
E00139356,175,85,90
E00139357,237,121,116
E00139358,280,142,138
E00139360,208,108,100
E00139296,192,103,89
E00139297,144,74,70
E00139298,111,58,53
E00139299,292,148,144
E00139355,218,115,103
E00139359,354,194,160
E00139387,400,216,184
E00139388,376,209,167
E00139389,252,129,123
E00139390,173,95,78
E00139391,252,142,110
E00139392,249,125,124
E00139393,229,116,113
E00139395,293,152,141
E00139399,286,125,161
E00139402,233,123,110
E00139403,336,175,161
E00139404,283,139,144
E00190026,193,92,101
E00190102,229,135,94
E00139405,309,153,156
E00139406,292,153,139
E00139407,268,145,123
E00139408,323,164,159
E00139409,303,158,145
E00139510,220,103,117
E00139511,323,165,158
E00139520,299,154,145
E00139521,316,178,138
E00139522,251,136,115
E00139524,184,102,82
E00139566,349,170,179
E00139567,264,140,124
E00139572,310,151,159
E00139574,323,171,152
E00139575,266,119,147
E00139577,394,215,179
E00139509,285,148,137
E00139516,328,170,158
E00139517,250,127,123
E00139518,255,133,122
E00139519,266,114,152
E00139512,239,115,124
E00139513,243,105,138
E00139514,236,125,111
E00139515,368,182,186
E00139523,270,133,137
E00139525,202,97,105
E00139593,189,82,107
E00139594,257,132,125
E00139596,187,93,94
E00139597,229,115,114
E00139598,187,101,86
E00139599,299,166,133
E00139602,227,119,108
E00139660,284,146,138
E00139661,283,141,142
E00139662,342,163,179
E00139663,195,100,95
E00139666,147,79,68
E00139670,286,141,145
E00139659,251,133,118
E00139664,264,135,129
E00139665,278,146,132
E00139668,314,150,164
E00190070,247,131,116
E00190080,215,107,108
E00139667,224,109,115
E00190016,329,161,168
E00190018,253,131,122
E00190074,339,177,162
E00190121,282,144,138
E00190134,335,168,167
E00139396,275,139,136
E00139397,368,179,189
E00139398,285,153,132
E00139400,266,126,140
E00139401,280,138,142
E00139554,253,125,128
E00139555,251,131,120
E00139556,256,124,132
E00139557,236,116,120
E00139559,205,103,102
E00139560,271,139,132
E00139565,193,98,95
E00139558,300,155,145
E00139561,302,147,155
E00139562,239,124,115
E00139563,270,138,132
E00139564,291,160,131
E00139595,244,127,117
E00139600,256,138,118
E00139601,272,140,132
E00139603,234,125,109
E00139604,275,140,135
E00139605,278,156,122
E00139607,203,100,103
E00139606,277,142,135
E00139608,294,153,141
E00139609,239,135,104
E00139610,229,118,111
E00139611,240,135,105
E00139612,241,125,116
E00139582,298,152,146
E00139585,308,164,144
E00139586,371,195,176
E00190064,256,130,126
E00190093,247,126,121
E00190097,262,128,134
E00190138,379,209,170
E00139579,218,108,110
E00139580,189,84,105
E00139581,398,218,180
E00139583,425,198,227
E00139590,386,179,207
E00139592,223,115,108
E00139578,247,124,123
E00139587,300,148,152
E00139588,294,150,144
E00139589,295,154,141
E00139591,284,143,141
E00139568,416,211,205
E00139569,356,182,174
E00139573,350,184,166
E00190082,252,128,124
E00139576,471,227,244
E00176350,158,84,74
E00190104,415,194,221
E00190032,319,167,152
E00190051,300,151,149
E00190101,306,154,152
E00190126,364,182,182
E00190139,317,162,155
E00139639,275,148,127
E00139641,309,156,153
E00139643,261,136,125
E00139644,253,127,126
E00139645,258,133,125
E00139647,258,138,120
E00139640,293,143,150
E00139642,269,132,137
E00139646,226,125,101
E00139648,280,149,131
E00139649,294,156,138
E00139650,339,174,165
E00139656,307,154,153
E00139657,373,202,171
E00176337,307,158,149
E00176339,517,265,252
E00139651,248,137,111
E00139652,322,152,170
E00139653,307,155,152
E00139655,309,158,151
E00139658,270,140,130
E00139431,336,165,171
E00139432,219,110,109
E00139433,290,152,138
E00139434,338,180,158
E00139435,291,140,151
E00139436,325,181,144
E00139437,381,203,178
E00139482,216,118,98
E00139484,243,108,135
E00139485,193,101,92
E00139486,255,136,119
E00139495,300,149,151
E00139496,291,175,116
E00139483,271,154,117
E00139488,277,163,114
E00139490,213,117,96
E00139491,259,138,121
E00139492,325,179,146
E00139497,333,173,160
E00139501,250,126,124
E00139504,317,158,159
E00139508,278,140,138
E00190041,295,144,151
E00190079,301,147,154
E00190107,274,135,139
E00139498,616,327,289
E00139499,248,123,125
E00139500,286,150,136
E00139502,254,121,133
E00139505,271,141,130
E00139506,266,134,132
E00139507,248,123,125
E00139527,265,147,118
E00139534,377,195,182
E00139536,293,162,131
E00139539,253,131,122
E00139540,276,131,145
E00139526,303,154,149
E00139528,208,110,98
E00139535,250,124,126
E00139537,296,146,150
E00139538,238,128,110
E00139542,471,239,232
E00139529,255,128,127
E00139530,269,141,128
E00139531,306,162,144
E00139532,227,119,108
E00139533,253,133,120
E00139541,182,97,85
E00139543,281,148,133
E00139544,253,135,118
E00139549,248,120,128
E00139552,256,133,123
E00139553,264,137,127
E00139545,244,109,135
E00139546,221,121,100
E00139547,244,131,113
E00139548,227,117,110
E00139550,172,99,73
E00139551,240,126,114
E00139418,230,115,115
E00139425,308,164,144
E00139426,247,119,128
E00139428,236,109,127
E00139473,205,112,93
E00139475,233,117,116
E00139476,251,129,122
E00139478,240,119,121
E00139479,258,127,131
E00139467,286,139,147
E00139474,239,120,119
E00139477,198,103,95
E00139480,210,103,107
E00139481,261,138,123
E00139468,279,148,131
E00139469,265,136,129
E00139470,186,109,77
E00139471,401,215,186
E00139472,226,97,129
E00139487,275,146,129
E00139489,271,142,129
E00139494,313,152,161
E00176355,240,120,120
E00176356,406,202,204
E00139618,229,122,107
E00139622,250,131,119
E00139623,269,134,135
E00139626,234,109,125
E00139627,309,150,159
E00139628,198,75,123
E00139617,239,117,122
E00139621,200,102,98
E00139624,311,154,157
E00139625,303,161,142
E00190089,335,170,165
E00190103,333,167,166
E00190108,238,122,116
E00190130,279,144,135
E00190137,339,183,156
E00139613,248,122,126
E00139614,265,141,124
E00139615,229,129,100
E00139616,243,120,123
E00139619,304,149,155
E00139629,286,145,141
E00139630,199,63,136
E00139631,242,124,118
E00139633,243,126,117
E00139638,369,191,178
E00139632,350,175,175
E00139634,318,159,159
E00139635,246,123,123
E00139636,294,148,146
E00139637,247,127,120
E00139674,246,123,123
E00139675,336,179,157
E00139676,278,156,122
E00190100,276,136,140
E00190120,229,114,115
E00190141,246,127,119
E00139672,322,160,162
E00139673,370,172,198
E00139678,293,147,146
E00190044,1520,168,1352
E00190135,112,55,57
E00139679,214,110,104
E00139680,285,143,142
E00139684,233,119,114
E00139687,318,171,147
E00190043,302,156,146
E00190059,302,155,147
E00139681,255,128,127
E00139682,249,124,125
E00139685,245,125,120
E00139686,294,155,139
E00139688,272,139,133
E00139712,249,117,132
E00139713,256,144,112
E00139714,294,146,148
E00139715,298,158,140
E00139716,348,170,178
E00139717,241,116,125
E00139827,293,151,142
E00139828,296,144,152
E00139830,248,129,119
E00139831,350,177,173
E00176357,354,181,173
E00176358,320,166,154
E00139824,351,174,177
E00139825,177,89,88
E00139826,296,149,147
E00139829,233,116,117
E00139833,333,166,167
E00139738,357,200,157
E00139740,623,311,312
E00139741,468,227,241
E00139742,267,158,109
E00139768,291,153,138
E00139769,211,114,97
E00139770,254,141,113
E00139771,295,157,138
E00139774,245,135,110
E00139776,303,154,149
E00139777,366,186,180
E00139766,435,216,219
E00139767,497,241,256
E00139772,308,159,149
E00139773,289,154,135
E00139775,243,127,116
E00139689,497,250,247
E00139690,160,76,84
E00139691,194,105,89
E00139692,278,138,140
E00139693,281,145,136
E00139694,326,153,173
E00139706,223,126,97
E00139707,338,177,161
E00139708,305,151,154
E00139709,179,91,88
E00139710,380,186,194
E00139711,256,131,125
E00139820,438,224,214
E00139821,225,115,110
E00139823,460,240,220
E00190023,318,156,162
E00190109,342,171,171
E00190115,303,155,148
E00190119,329,152,177
E00190125,264,136,128
E00139696,251,106,145
E00139700,466,232,234
E00190033,357,184,173
E00190096,321,157,164
E00190140,351,175,176
E00139697,390,196,194
E00139698,403,212,191
E00190068,299,160,139
E00190069,238,136,102
E00190095,299,157,142
E00139718,249,139,110
E00139720,240,127,113
E00139721,318,167,151
E00139726,202,100,102
E00139727,301,150,151
E00139719,260,137,123
E00139722,348,199,149
E00139723,181,107,74
E00139724,238,141,97
E00139725,176,97,79
E00139728,252,142,110
E00139755,233,125,108
E00139756,285,149,136
E00139757,249,124,125
E00139758,264,145,119
E00139764,263,147,116
E00139729,239,120,119
E00139731,123,76,47
E00139732,242,130,112
E00139737,302,167,135
E00139746,271,134,137
E00139747,268,143,125
E00139748,273,143,130
E00139750,252,132,120
E00139730,316,150,166
E00139733,281,154,127
E00139734,266,134,132
E00139735,269,138,131
E00139736,298,146,152
E00139739,316,166,150
E00139743,314,165,149
E00139744,295,152,143
E00139745,295,149,146
E00139749,437,234,203
E00139751,373,186,187
E00139752,348,188,160
E00139753,306,149,157
E00190021,304,155,149
E00190028,301,158,143
E00190038,311,169,142
E00139759,251,136,115
E00139760,253,143,110
E00139761,273,148,125
E00139762,246,124,122
E00139763,336,171,165
E00139765,245,130,115
E00139780,171,92,79
E00139782,358,184,174
E00139783,180,105,75
E00139784,264,137,127
E00139785,329,163,166
E00139778,231,142,89
E00139779,259,129,130
E00139781,329,158,171
E00139786,311,157,154
E00139787,316,172,144
E00139788,359,195,164
E00139792,308,165,143
E00139793,367,216,151
E00139794,283,153,130
E00139789,353,185,168
E00139790,361,176,185
E00139795,505,275,230
E00139804,305,161,144
E00139807,339,174,165
E00176361,352,185,167
E00190091,381,193,188
E00190114,357,185,172
E00139701,267,146,121
E00139702,319,157,162
E00139703,397,204,193
E00139704,234,117,117
E00139705,317,163,154
E00139798,362,187,175
E00139799,332,165,167
E00139800,291,150,141
E00139803,317,159,158
E00139796,323,164,159
E00139797,320,161,159
E00139801,381,200,181
E00139802,314,158,156
E00139806,313,150,163
E00139808,298,154,144
E00139811,340,167,173
E00139812,234,113,121
E00139813,111,61,50
E00190017,389,189,200
E00190117,326,178,148
E00139814,223,113,110
E00139815,347,173,174
E00139816,354,183,171
E00139817,436,219,217
E00139818,383,86,297
E00139847,224,108,116
E00139848,290,152,138
E00139849,478,235,243
E00139850,261,129,132
E00140011,251,133,118
E00140012,218,103,115
E00140013,255,134,121
E00140014,203,107,96
E00139855,281,137,144
E00139856,246,115,131
E00139857,262,133,129
E00139858,435,218,217
E00139980,437,228,209
E00139981,145,69,76
E00139982,318,160,158
E00140008,214,111,103
E00140009,194,92,102
E00140010,269,135,134
E00140019,174,86,88
E00140020,189,89,100
E00140021,230,120,110
E00140022,232,118,114
E00140023,256,122,134
E00139874,363,194,169
E00139875,343,171,172
E00139876,388,197,191
E00139877,296,156,140
E00139878,199,102,97
E00139879,251,130,121
E00139880,228,118,110
E00139883,252,121,131
E00139884,235,121,114
E00139885,294,161,133
E00139888,393,200,193
E00139891,283,147,136
E00139886,259,109,150
E00139887,261,135,126
E00139889,324,161,163
E00139890,237,125,112
E00139881,264,131,133
E00139882,267,134,133
E00139892,327,153,174
E00139893,249,135,114
E00140024,205,94,111
E00140025,121,66,55
E00140026,199,97,102
E00140027,258,120,138
E00140028,220,107,113
E00139870,394,211,183
E00139871,406,205,201
E00139872,309,157,152
E00139873,212,115,97
E00139942,301,165,136
E00139943,260,133,127
E00139944,255,132,123
E00139945,341,186,155
E00139998,216,111,105
E00140005,320,168,152
E00140006,278,144,134
E00140007,311,172,139
E00140029,317,152,165
E00140030,242,122,120
E00140031,148,73,75
E00140032,282,142,140
E00140033,183,92,91
E00140034,274,140,134
E00140035,242,129,113
E00140036,290,135,155
E00139834,354,182,172
E00139835,247,138,109
E00139836,142,69,73
E00139837,316,159,157
E00139838,239,116,123
E00139901,178,85,93
E00139902,226,119,107
E00139903,317,162,155
E00139904,248,127,121
E00139905,352,183,169
E00139906,282,147,135
E00139910,348,173,175
E00139911,199,99,100
E00139913,297,139,158
E00139907,294,158,136
E00139908,292,149,143
E00139909,298,166,132
E00139912,374,216,158
E00139914,214,111,103
E00139915,243,132,111
E00139916,237,131,106
E00139917,282,146,136
E00139918,290,145,145
E00139919,400,193,207
E00139921,282,145,137
E00139920,346,171,175
E00139922,256,127,129
E00139923,261,138,123
E00139924,264,137,127
E00139925,274,140,134
E00139926,276,148,128
E00139928,298,158,140
E00139931,295,146,149
E00139933,313,175,138
E00139935,279,132,147
E00139936,380,204,176
E00139927,328,170,158
E00139929,324,161,163
E00139930,329,169,160
E00139932,318,162,156
E00139934,370,190,180
E00139937,591,312,279
E00139938,186,99,87
E00139946,300,155,145
E00139947,304,156,148
E00139948,245,133,112
E00139949,385,193,192
E00139951,311,165,146
E00139952,320,160,160
E00176347,246,138,108
E00176359,361,177,184
E00139953,230,120,110
E00139954,243,123,120
E00139955,242,125,117
E00139957,265,139,126
E00139958,477,246,231
E00139959,332,177,155
E00139960,291,156,135
E00190035,244,121,123
E00190129,339,182,157
E00139961,278,152,126
E00139963,318,169,149
E00139964,311,155,156
E00139965,453,224,229
E00139969,530,272,258
E00139962,250,147,103
E00139966,309,147,162
E00139967,274,151,123
E00139968,282,139,143
E00139970,211,109,102
E00139971,309,156,153
E00139972,290,149,141
E00139973,263,138,125
E00139974,233,120,113
E00139975,203,95,108
E00139976,295,151,144
E00139977,282,147,135
E00139978,255,132,123
E00139979,260,130,130
E00139843,321,171,150
E00139844,316,150,166
E00139845,277,129,148
E00139846,280,135,145
E00139839,338,163,175
E00139840,329,175,154
E00139841,198,112,86
E00139842,205,109,96
E00139894,399,191,208
E00139895,305,157,148
E00139896,233,129,104
E00139897,279,138,141
E00139898,388,190,198
E00139899,452,232,220
E00139900,322,161,161
E00139939,338,176,162
E00139940,373,190,183
E00139941,411,210,201
E00139986,345,176,169
E00139987,340,172,168
E00139988,320,160,160
E00139989,363,183,180
E00140015,281,146,135
E00140016,309,160,149
E00140017,306,153,153
E00140018,253,129,124
E00140176,310,161,149
E00140179,255,123,132
E00140182,303,156,147
E00140183,278,145,133
E00140186,321,173,148
E00140187,247,129,118
E00140177,206,110,96
E00140178,506,274,232
E00140180,213,119,94
E00140181,260,136,124
E00140184,253,128,125
E00140185,276,146,130
E00140188,304,149,155
E00140192,309,167,142
E00140195,379,204,175
E00140196,306,158,148
E00140189,370,189,181
E00140190,228,118,110
E00140191,234,114,120
E00140193,219,114,105
E00140194,176,94,82
E00140100,280,138,142
E00140102,256,125,131
E00140107,247,119,128
E00140109,333,171,162
E00140112,230,117,113
E00140103,238,124,114
E00140104,278,140,138
E00140106,293,145,148
E00140113,261,130,131
E00140167,282,132,150
E00140169,244,140,104
E00140170,214,114,100
E00140171,268,142,126
E00140172,258,137,121
E00140175,222,112,110
E00140199,250,120,130
E00140202,349,182,167
E00140204,191,99,92
E00140205,218,121,97
E00140207,241,140,101
E00140208,217,106,111
E00140209,272,141,131
E00140197,213,108,105
E00140198,185,90,95
E00140200,239,116,123
E00140201,187,95,92
E00140203,252,119,133
E00140206,186,87,99
E00140210,245,136,109
E00140125,173,75,98
E00140126,350,160,190
E00140127,227,104,123
E00140129,218,117,101
E00140133,231,119,112
E00140134,230,111,119
E00140135,256,131,125
E00140165,304,148,156
E00140166,291,143,148
E00140168,224,115,109
E00140173,319,174,145
E00176344,234,112,122
E00176345,266,129,137
E00176360,239,121,118
E00140219,241,121,120
E00140221,278,134,144
E00140222,294,145,149
E00190029,170,89,81
E00190040,337,181,156
E00190065,389,194,195
E00190071,389,195,194
E00190072,376,181,195
E00190077,386,195,191
E00140211,300,164,136
E00140212,431,219,212
E00140213,294,141,153
E00140214,273,131,142
E00140215,352,189,163
E00140216,253,126,127
E00140217,257,135,122
E00140218,123,58,65
E00140115,264,138,126
E00140117,243,143,100
E00140118,263,140,123
E00140119,282,144,138
E00140121,310,158,152
E00140114,252,131,121
E00140116,344,171,173
E00140120,330,170,160
E00140122,421,225,196
E00140123,306,149,157
E00140138,275,142,133
E00140139,209,102,107
E00140140,260,134,126
E00140141,232,99,133
E00140142,288,157,131
E00140148,222,106,116
E00140149,286,153,133
E00140143,255,141,114
E00140144,303,148,155
E00140145,231,121,110
E00140146,270,131,139
E00140147,264,136,128
E00140238,222,123,99
E00140239,241,129,112
E00140240,312,151,161
E00140243,411,207,204
E00140244,248,133,115
E00140245,158,81,77
E00140241,272,143,129
E00140242,299,148,151
E00140246,227,119,108
E00140247,261,141,120
E00140248,250,139,111
E00140038,273,145,128
E00140039,320,160,160
E00140046,255,136,119
E00140049,391,194,197
E00140050,243,134,109
E00140051,283,151,132
E00140052,191,108,83
E00140054,227,110,117
E00140055,268,143,125
E00140056,243,123,120
E00176351,259,136,123
E00176352,358,185,173
E00140057,264,142,122
E00140058,274,143,131
E00140059,378,197,181
E00140061,267,141,126
E00140064,234,121,113
E00140060,253,136,117
E00140062,257,130,127
E00140063,295,152,143
E00140065,208,107,101
E00140066,327,176,151
E00140224,228,115,113
E00140226,240,122,118
E00140227,269,127,142
E00140229,208,107,101
E00140237,296,160,136
E00140223,326,165,161
E00140225,277,150,127
E00140234,320,167,153
E00140235,323,173,150
E00140236,289,153,136
E00140228,129,66,63
E00140230,320,160,160
E00140231,267,128,139
E00140232,302,146,156
E00140233,233,118,115
E00140041,259,143,116
E00140042,278,136,142
E00140043,245,132,113
E00140044,563,292,271
E00140045,318,168,150
E00140037,332,189,143
E00140040,256,132,124
E00140047,287,148,139
E00140048,210,120,90
E00140067,584,296,288
E00140072,245,132,113
E00140075,401,205,196
E00140079,224,120,104
E00140069,144,78,66
E00140071,405,209,196
E00140073,295,164,131
E00140074,235,115,120
E00190066,358,186,172
E00190106,396,198,198
E00140077,313,163,150
E00140078,278,146,132
E00140081,217,125,92
E00140082,196,98,98
E00140084,323,177,146
E00140068,294,152,142
E00140070,274,143,131
E00140080,270,149,121
E00140083,282,126,156
E00140085,228,117,111
E00140087,388,224,164
E00140088,314,161,153
E00140099,243,132,111
E00190118,282,156,126
E00190131,324,158,166
E00190136,254,132,122
E00140086,222,121,101
E00140089,195,121,74
E00140091,289,146,143
E00140097,144,69,75
E00140098,190,82,108
E00176362,283,138,145
E00176363,418,201,217
E00140090,305,156,149
E00140092,282,151,131
E00140093,280,138,142
E00140094,258,140,118
E00140101,326,175,151
E00140105,218,108,110
E00140108,233,121,112
E00140110,197,105,92
E00140111,303,164,139
E00140124,400,195,205
E00140128,244,127,117
E00140130,334,174,160
E00140131,261,138,123
E00140132,238,122,116
E00140136,326,178,148
E00140137,228,122,106
E00140153,232,119,113
E00140157,185,104,81
E00140159,283,159,124
E00140163,329,170,159
E00140164,262,131,131
E00140152,301,169,132
E00140155,271,145,126
E00140158,269,138,131
E00140161,216,108,108
E00140162,263,140,123
E00140150,266,138,128
E00140151,209,114,95
E00140154,284,140,144
E00140156,237,128,109
E00176341,274,131,143
E00176346,336,158,178
E00139410,318,157,161
E00139422,342,174,168
E00139424,350,167,183
E00139427,142,78,64
E00190057,425,215,210
E00190067,308,155,153
E00139411,231,119,112
E00139413,269,148,121
E00139414,207,97,110
E00139416,260,134,126
E00139417,271,152,119
E00139412,257,124,133
E00139415,324,156,168
E00139419,258,137,121
E00139420,239,119,120
E00139421,295,160,135
E00139429,307,150,157
E00139430,284,149,135
E00139438,250,144,106
E00139439,297,155,142
E00139440,257,125,132
E00139445,320,159,161
E00139450,325,170,155
E00139451,359,173,186
E00139454,290,146,144
E00139441,385,189,196
E00139443,376,190,186
E00139448,324,171,153
E00139453,314,156,158
E00139446,281,139,142
E00139447,341,173,168
E00139449,264,129,135
E00139452,363,174,189
E00139442,311,159,152
E00139444,287,149,138
E00139455,252,124,128
E00139456,258,133,125
E00139457,238,125,113
E00139459,538,264,274
E00139461,306,147,159
E00139466,360,191,169
E00190027,270,132,138
E00190060,252,129,123
E00190132,291,146,145
E00139458,272,150,122
E00139460,298,155,143
E00139462,250,125,125
E00139464,284,149,135
E00139465,254,121,133
E00139860,275,146,129
E00139861,311,184,127
E00139864,287,145,142
E00139865,204,108,96
E00139866,215,113,102
E00139869,254,139,115
E00139859,264,144,120
E00139862,333,172,161
E00139863,322,157,165
E00139867,394,203,191
E00139868,233,137,96
E00139851,165,88,77
E00139852,236,129,107
E00139853,293,154,139
E00139854,272,137,135
E00139983,466,235,231
E00139984,289,130,159
E00139985,164,84,80
E00139995,436,232,204
E00140001,348,171,177
E00140003,308,160,148
E00140004,294,143,151
E00139996,230,121,109
E00139997,246,124,122
E00139999,283,145,138
E00140000,325,167,158
E00140002,220,115,105
E00139990,124,68,56
E00139991,152,75,77
E00139993,293,153,140
E00139994,288,158,130
E00190142,233,122,111
E00042169,286,144,142
E00042170,296,147,149
E00042173,306,157,149
E00042174,314,175,139
E00042176,309,167,142
E00042177,274,146,128
E00042360,308,154,154
E00042364,278,149,129
E00042391,281,130,151
E00042393,272,137,135
E00042394,303,149,154
E00042363,280,144,136
E00042385,322,168,154
E00042386,301,155,146
E00042387,221,112,109
E00042388,404,210,194
E00042389,248,131,117
E00042390,200,108,92
E00042392,231,131,100
E00042395,201,107,94
E00042396,262,148,114
E00189993,258,128,130
E00190000,304,150,154
E00175566,243,136,107
E00175567,353,179,174
E00175568,375,190,185
E00175569,386,186,200
E00175570,362,178,184
E00175573,337,179,158
E00042168,297,160,137
E00042171,318,161,157
E00042172,219,109,110
E00042175,306,149,157
E00042178,324,167,157
E00175571,365,187,178
E00042288,301,171,130
E00042289,260,137,123
E00042290,255,126,129
E00042294,282,133,149
E00042322,232,128,104
E00042313,261,130,131
E00042315,245,127,118
E00042316,299,155,144
E00042317,370,194,176
E00042321,127,72,55
E00042293,251,124,127
E00042318,343,178,165
E00042319,287,138,149
E00042320,250,135,115
E00042295,436,223,213
E00042299,555,285,270
E00042300,298,149,149
E00042303,274,116,158
E00042306,280,139,141
E00042296,335,177,158
E00042301,423,216,207
E00042304,281,135,146
E00042307,376,206,170
E00042308,339,175,164
E00042291,274,150,124
E00042297,266,129,137
E00042298,258,136,122
E00042302,289,151,138
E00042305,326,148,178
E00042292,195,102,93
E00042309,226,119,107
E00042310,160,79,81
E00042311,231,123,108
E00042312,254,130,124
E00042314,264,141,123
E00042069,312,153,159
E00042070,253,144,109
E00042071,300,121,179
E00042078,231,104,127
E00042092,283,127,156
E00042904,342,182,160
E00042906,268,148,120
E00042907,308,167,141
E00042908,309,169,140
E00042923,293,147,146
E00042905,233,118,115
E00042909,247,129,118
E00042925,285,148,137
E00042926,281,155,126
E00042928,331,162,169
E00042930,212,113,99
E00042910,318,160,158
E00042911,432,213,219
E00042912,613,318,295
E00042913,541,262,279
E00042929,229,123,106
E00042916,363,205,158
E00042919,322,184,138
E00042920,332,162,170
E00042921,340,201,139
E00042924,254,141,113
E00042927,261,136,125
E00042914,248,123,125
E00042915,294,170,124
E00042917,262,146,116
E00042918,320,172,148
E00042922,274,141,133
E00042361,247,123,124
E00042365,262,137,125
E00042399,288,152,136
E00042400,309,152,157
E00042401,288,160,128
E00042366,242,123,119
E00042372,257,128,129
E00042373,328,158,170
E00042374,283,138,145
E00042381,246,124,122
E00042382,262,141,121
E00042706,336,170,166
E00042713,479,262,217
E00042717,540,281,259
E00042718,275,141,134
E00042736,330,157,173
E00042710,284,151,133
E00042725,400,214,186
E00042726,326,156,170
E00042729,294,134,160
E00042708,281,142,139
E00042709,311,164,147
E00042715,285,150,135
E00042721,359,179,180
E00042727,325,150,175
E00042716,283,142,141
E00042732,248,131,117
E00042733,259,137,122
E00042734,249,136,113
E00042737,310,148,162
E00042738,153,71,82
E00042367,227,118,109
E00042368,307,160,147
E00042369,271,156,115
E00042376,214,106,108
E00042377,256,132,124
E00042398,251,127,124
E00042370,267,144,123
E00042371,316,157,159
E00042375,239,131,108
E00042378,381,185,196
E00042379,332,177,155
E00042362,219,100,119
E00042380,346,174,172
E00042383,396,176,220
E00042384,365,187,178
E00042492,332,179,153
E00042496,334,178,156
E00042500,379,206,173
E00042502,371,183,188
E00042707,385,203,182
E00042711,222,116,106
E00042712,304,148,156
E00042735,222,98,124
E00042739,296,148,148
E00042714,305,151,154
E00042719,293,154,139
E00042720,273,142,131
E00042722,272,131,141
E00042724,371,188,183
E00042723,329,161,168
E00042728,341,175,166
E00042730,308,156,152
E00042731,327,168,159
E00042185,314,162,152
E00042209,151,78,73
E00042210,305,161,144
E00042217,319,161,158
E00042223,319,169,150
E00042180,534,266,268
E00042208,206,113,93
E00042213,432,206,226
E00042220,327,158,169
E00042224,291,155,136
E00042190,360,184,176
E00042197,257,124,133
E00042199,397,201,196
E00042200,304,155,149
E00042206,266,136,130
E00042189,280,151,129
E00042198,254,127,127
E00042201,284,136,148
E00042202,310,159,151
E00042207,331,163,168
E00042211,250,131,119
E00042205,305,144,161
E00042212,308,146,162
E00042214,280,135,145
E00042215,294,147,147
E00042219,354,162,192
E00042179,257,141,116
E00042203,245,124,121
E00042216,283,132,151
E00042221,197,99,98
E00175589,442,212,230
E00175590,237,114,123
E00042072,325,167,158
E00042073,376,211,165
E00042074,327,164,163
E00042075,416,222,194
E00042076,351,191,160
E00042482,317,145,172
E00042483,291,159,132
E00042487,302,154,148
E00042490,295,149,146
E00042511,293,156,137
E00042485,295,155,140
E00042486,221,130,91
E00042488,235,126,109
E00042493,226,124,102
E00042495,184,79,105
E00042510,295,154,141
E00042480,306,141,165
E00042484,258,135,123
E00042489,275,134,141
E00042512,318,162,156
E00042481,338,184,154
E00042491,516,274,242
E00042503,391,182,209
E00042505,349,196,153
E00175602,217,110,107
E00175603,262,135,127
E00175604,233,127,106
E00042494,276,144,132
E00042498,322,155,167
E00042499,336,172,164
E00042501,290,163,127
E00042504,302,169,133
E00042506,161,67,94
E00042478,394,212,182
E00042479,339,180,159
E00042507,428,214,214
E00042508,290,145,145
E00042509,450,256,194
E00042077,215,108,107
E00042079,217,115,102
E00042080,225,119,106
E00042093,238,132,106
E00042094,221,111,110
E00042096,221,117,104
E00042090,301,153,148
E00042103,373,189,184
E00042106,355,191,164
E00175592,374,179,195
E00189994,282,123,159
E00190002,273,151,122
E00042095,245,141,104
E00042097,404,221,183
E00042099,261,143,118
E00189954,330,171,159
E00189991,372,189,183
E00190006,327,164,163
E00042085,240,136,104
E00042086,335,171,164
E00042091,346,161,185
E00042102,466,244,222
E00042184,410,210,200
E00042195,359,193,166
E00175565,146,79,67
E00175601,166,85,81
E00042182,361,186,175
E00042191,257,138,119
E00042196,313,155,158
E00042218,289,148,141
E00042222,285,154,131
E00042183,299,152,147
E00042186,187,91,96
E00042187,529,258,271
E00042192,192,94,98
E00042225,298,161,137
E00042188,323,169,154
E00042193,306,157,149
E00042194,305,157,148
E00042226,122,59,63
E00042227,263,132,131
E00042402,228,114,114
E00042403,384,198,186
E00042416,262,138,124
E00042417,239,125,114
E00042420,262,143,119
E00042421,212,109,103
E00042407,285,141,144
E00042408,365,188,177
E00042422,304,150,154
E00042423,308,156,152
E00042425,323,181,142
E00042440,349,175,174
E00042454,373,175,198
E00042456,270,129,141
E00042457,623,286,337
E00042459,510,244,266
E00042449,356,168,188
E00042452,505,266,239
E00042458,397,210,187
E00042463,370,157,213
E00042475,374,153,221
E00042445,221,123,98
E00042470,433,232,201
E00042472,203,110,93
E00042473,316,157,159
E00042474,241,122,119
E00042444,418,243,175
E00042451,328,167,161
E00042453,274,118,156
E00042471,301,157,144
E00042476,486,279,207
E00042446,334,178,156
E00042447,331,184,147
E00042448,565,315,250
E00042450,495,267,228
E00042477,439,226,213
E00042612,173,95,78
E00042629,279,156,123
E00042630,353,200,153
E00042631,219,103,116
E00042632,272,137,135
E00042635,438,237,201
E00042621,255,140,115
E00042623,295,152,143
E00042627,261,134,127
E00042628,357,194,163
E00042634,342,183,159
E00042610,281,144,137
E00042625,283,138,145
E00042626,357,181,176
E00042633,287,151,136
E00042639,221,113,108
E00042615,272,140,132
E00042619,289,147,142
E00042620,336,170,166
E00042622,379,194,185
E00042624,307,152,155
E00042611,314,163,151
E00042636,236,118,118
E00042637,499,264,235
E00042638,255,110,145
E00042640,248,119,129
E00042613,320,172,148
E00042614,354,173,181
E00042616,269,146,123
E00042617,396,192,204
E00042618,218,110,108
E00042834,272,143,129
E00042837,264,140,124
E00042845,237,121,116
E00042852,350,173,177
E00042855,265,139,126
E00042228,388,204,184
E00042246,230,126,104
E00042251,331,179,152
E00042255,308,161,147
E00042238,404,204,200
E00042247,140,82,58
E00042256,378,196,182
E00042258,286,154,132
E00042261,278,155,123
E00042229,247,129,118
E00042232,305,160,145
E00042234,323,177,146
E00042257,249,138,111
E00042259,274,143,131
E00042230,323,161,162
E00042252,180,103,77
E00042260,367,207,160
E00175599,366,182,184
E00042236,240,124,116
E00042248,253,124,129
E00042249,251,130,121
E00042250,223,121,102
E00042253,243,124,119
E00042233,335,183,152
E00042235,297,153,144
E00042243,235,118,117
E00042244,344,174,170
E00042254,253,125,128
E00042237,241,127,114
E00042240,295,154,141
E00042241,233,138,95
E00042242,235,122,113
E00042245,429,218,211
E00042087,326,165,161
E00042088,349,173,176
E00042089,213,95,118
E00042100,315,169,146
E00189932,421,220,201
E00189948,427,222,205
E00042882,566,296,270
E00042888,447,240,207
E00042890,388,215,173
E00042892,367,191,176
E00042881,353,187,166
E00042883,344,182,162
E00042884,320,194,126
E00042885,251,139,112
E00042886,319,164,155
E00042887,309,167,142
E00042876,395,199,196
E00042880,404,203,201
E00042889,387,204,183
E00042891,275,132,143
E00042439,572,293,279
E00042441,387,166,221
E00042461,405,187,218
E00042465,439,239,200
E00042467,340,158,182
E00042442,522,277,245
E00042455,380,206,174
E00042460,434,211,223
E00042462,400,193,207
E00042443,516,279,237
E00042464,320,167,153
E00042466,299,153,146
E00042468,509,287,222
E00042469,211,104,107
E00042641,306,146,160
E00042648,277,138,139
E00042681,346,178,168
E00042682,355,165,190
E00042683,247,115,132
E00042642,419,205,214
E00042649,281,159,122
E00042650,360,167,193
E00042653,425,248,177
E00042655,215,103,112
E00042111,208,102,106
E00042112,227,121,106
E00042127,302,133,169
E00042128,164,56,108
E00042129,318,160,158
E00042131,232,92,140
E00042133,300,152,148
E00042412,317,144,173
E00042413,321,135,186
E00042415,269,121,148
E00042429,271,137,134
E00042433,232,127,105
E00042405,252,125,127
E00042406,505,234,271
E00042409,257,127,130
E00042410,280,138,142
E00042430,227,113,114
E00042411,257,117,140
E00042427,340,154,186
E00042428,303,145,158
E00042431,220,116,104
E00042432,381,191,190
E00042414,204,119,85
E00042434,249,130,119
E00042435,281,128,153
E00042436,204,101,103
E00042437,254,115,139
E00042438,345,161,184
E00042404,279,143,136
E00042418,267,112,155
E00042419,333,148,185
E00042424,294,140,154
E00042426,283,131,152
E00042326,368,192,176
E00042328,363,189,174
E00042341,276,144,132
E00042342,367,199,168
E00042353,264,136,128
E00042333,299,154,145
E00042337,278,141,137
E00042338,325,166,159
E00042343,322,161,161
E00042347,275,142,133
E00042324,332,174,158
E00042329,216,110,106
E00042330,202,104,98
E00042334,303,157,146
E00042335,279,147,132
E00042336,235,127,108
E00042325,267,127,140
E00042340,265,149,116
E00042344,173,92,81
E00189923,338,167,171
E00042323,319,162,157
E00042339,313,151,162
E00042349,430,222,208
E00042350,423,224,199
E00042345,307,158,149
E00042348,290,152,138
E00042351,318,158,160
E00042352,285,151,134
E00042354,363,186,177
E00042355,401,197,204
E00042356,453,224,229
E00042357,527,260,267
E00042327,263,132,131
E00042331,232,123,109
E00042332,527,261,266
E00042358,279,154,125
E00042359,330,176,154
E00042769,268,144,124
E00042770,240,125,115
E00042778,229,112,117
E00042798,304,158,146
E00042800,224,108,116
E00042771,273,129,144
E00042777,432,223,209
E00042796,314,150,164
E00042799,198,97,101
E00042802,315,155,160
E00042772,326,161,165
E00042773,229,115,114
E00042781,225,111,114
E00042784,225,116,109
E00042794,366,176,190
E00042780,276,124,152
E00042782,292,142,150
E00042783,300,160,140
E00042785,237,112,125
E00042786,308,149,159
E00042774,269,150,119
E00042789,304,153,151
E00042791,345,191,154
E00042792,322,181,141
E00042795,348,174,174
E00042775,561,278,283
E00042787,335,136,199
E00042788,289,115,174
E00042790,234,129,105
E00042793,153,83,70
E00042517,218,104,114
E00042522,302,149,153
E00042542,287,143,144
E00042543,391,202,189
E00042546,241,124,117
E00042516,326,171,155
E00042521,308,165,143
E00042525,340,192,148
E00042545,286,127,159
E00042523,326,174,152
E00042524,256,135,121
E00042526,323,180,143
E00042527,274,130,144
E00042528,283,168,115
E00042519,314,166,148
E00042539,240,119,121
E00042540,247,113,134
E00042541,266,141,125
E00042544,290,155,135
E00042530,298,149,149
E00042533,281,134,147
E00042534,237,116,121
E00042536,259,133,126
E00042537,303,148,155
E00042513,270,147,123
E00042514,286,153,133
E00042518,222,124,98
E00042520,265,130,135
E00042529,242,121,121
E00042515,264,135,129
E00042531,235,128,107
E00042532,270,136,134
E00042535,250,131,119
E00042538,252,126,126
E00042582,307,129,178
E00042606,412,178,234
E00042607,385,180,205
E00042608,404,162,242
E00189925,821,394,427
E00042578,305,144,161
E00042587,322,151,171
E00042588,395,197,198
E00042591,268,130,138
E00042592,191,70,121
E00042593,356,157,199
E00042874,522,242,280
E00042875,459,198,261
E00042899,553,220,333
E00042903,338,138,200
E00042893,344,176,168
E00042894,437,214,223
E00042895,325,158,167
E00042896,351,164,187
E00042897,438,232,206
E00042878,445,211,234
E00042879,483,249,234
E00042898,430,200,230
E00042902,381,194,187
E00042596,130,57,73
E00042598,341,129,212
E00042600,618,299,319
E00042873,358,165,193
E00042877,479,220,259
E00042900,411,186,225
E00042901,292,129,163
E00042685,120,72,48
E00042688,256,126,130
E00042689,363,195,168
E00042690,325,180,145
E00042691,215,114,101
E00042686,295,158,137
E00042687,324,152,172
E00042702,240,123,117
E00042703,267,136,131
E00042704,285,146,139
E00042705,314,155,159
E00042693,396,215,181
E00042694,254,141,113
E00042695,137,54,83
E00042697,300,157,143
E00175581,254,140,114
E00175586,310,178,132
E00189963,223,105,118
E00189972,199,106,93
E00189981,306,161,145
E00189998,308,162,146
E00042044,268,134,134
E00042052,331,167,164
E00042054,289,150,139
E00042055,340,161,179
E00042058,120,64,56
E00042042,317,166,151
E00042050,380,205,175
E00042053,385,216,169
E00042056,279,154,125
E00042057,380,190,190
E00042045,209,103,106
E00042059,306,148,158
E00042065,419,201,218
E00189952,398,196,202
E00189960,362,189,173
E00042046,431,223,208
E00042047,353,194,159
E00042061,365,193,172
E00042062,492,250,242
E00042064,283,147,136
E00042066,177,98,79
E00042043,285,151,134
E00042048,333,159,174
E00042049,336,167,169
E00042051,333,190,143
E00042547,398,198,200
E00042548,290,156,134
E00042566,348,186,162
E00042568,235,119,116
E00042569,218,118,100
E00042570,329,171,158
E00042549,350,188,162
E00042571,219,119,100
E00042572,296,169,127
E00042573,227,131,96
E00042574,303,157,146
E00042575,277,156,121
E00042740,365,211,154
E00042741,322,168,154
E00042761,295,162,133
E00042763,255,135,120
E00042764,348,174,174
E00042756,285,160,125
E00042757,268,144,124
E00042758,358,203,155
E00042759,370,204,166
E00042762,265,124,141
E00042550,348,157,191
E00042551,312,154,158
E00042552,197,107,90
E00042553,344,170,174
E00042554,383,193,190
E00042555,384,215,169
E00042743,269,136,133
E00042766,224,104,120
E00042767,402,203,199
E00189927,260,114,146
E00189928,246,94,152
E00042753,151,44,107
E00042754,330,183,147
E00175582,487,258,229
E00189929,368,213,155
E00042745,478,244,234
E00042746,272,160,112
E00042747,256,118,138
E00042748,225,127,98
E00042752,252,144,108
E00042832,261,139,122
E00042833,435,227,208
E00042840,233,135,98
E00042841,245,127,118
E00042848,404,223,181
E00042850,239,142,97
E00042839,236,129,107
E00042842,263,136,127
E00042846,258,148,110
E00042867,295,142,153
E00042871,261,133,128
E00042838,305,145,160
E00042844,279,135,144
E00042849,297,148,149
E00042866,436,239,197
E00042869,283,149,134
E00042831,548,306,242
E00042836,301,151,150
E00042843,311,169,142
E00042851,272,140,132
E00042857,326,180,146
E00042863,344,169,175
E00042847,298,152,146
E00042853,229,121,108
E00042859,323,162,161
E00042860,258,142,116
E00042861,241,133,108
E00042835,302,166,136
E00042854,221,115,106
E00042856,254,138,116
E00042858,280,151,129
E00042862,243,137,106
E00042864,298,157,141
E00042865,311,156,155
E00042868,249,128,121
E00042870,281,146,135
E00042872,238,122,116
E00042157,308,166,142
E00042158,396,202,194
E00042159,316,170,146
E00042160,285,157,128
E00042161,309,160,149
E00189943,247,122,125
E00189966,236,138,98
E00189975,264,136,128
E00042153,244,131,113
E00042154,244,136,108
E00042155,613,327,286
E00042156,253,120,133
E00042164,257,129,128
E00042165,347,170,177
E00042166,219,124,95
E00189933,291,137,154
E00189999,305,143,162
E00189940,317,165,152
E00189956,350,175,175
E00189957,347,176,171
E00189959,393,190,203
E00189992,354,179,175
E00189945,235,114,121
E00189958,325,164,161
E00189967,300,162,138
E00189987,353,181,172
E00190008,327,169,158
E00189939,294,151,143
E00189955,348,159,189
E00189965,169,90,79
E00189990,332,161,171
E00190003,348,176,172
E00042067,301,156,145
E00042068,268,137,131
E00042082,269,156,113
E00042083,309,163,146
E00042084,210,101,109
E00042144,245,116,129
E00042145,242,125,117
E00042146,289,142,147
E00042148,285,154,131
E00189937,372,175,197
E00189938,325,166,159
E00189970,203,100,103
E00189978,259,126,133
E00042141,320,159,161
E00042143,264,128,136
E00042149,298,149,149
E00042150,285,148,137
E00042140,296,160,136
E00042142,310,158,152
E00042151,281,142,139
E00042152,301,153,148
E00042645,535,275,260
E00042646,319,154,165
E00042672,1310,698,612
E00175555,429,195,234
E00175594,469,281,188
E00189926,202,58,144
E00042643,400,193,207
E00042651,295,136,159
E00042654,157,69,88
E00042663,199,104,95
E00042667,179,86,93
E00189942,105,56,49
E00189971,1181,656,525
E00042652,210,108,102
E00042656,314,156,158
E00042657,368,181,187
E00042659,354,186,168
E00042662,275,151,124
E00042647,220,114,106
E00042658,332,154,178
E00042664,239,99,140
E00042666,329,164,165
E00042668,247,115,132
E00042109,270,131,139
E00042116,214,98,116
E00042130,284,136,148
E00042137,219,99,120
E00042138,301,148,153
E00042139,343,166,177
E00042560,363,199,164
E00042562,320,169,151
E00042563,318,168,150
E00042564,326,157,169
E00042567,294,161,133
E00042557,304,148,156
E00042558,264,126,138
E00042559,360,183,177
E00042561,248,145,103
E00042565,230,112,118
E00189951,192,97,95
E00189953,224,120,104
E00042768,242,123,119
E00042776,358,185,173
E00042779,259,137,122
E00042797,166,89,77
E00042801,408,198,210
E00042579,384,172,212
E00042583,251,96,155
E00175564,635,326,309
E00175574,374,162,212
E00189936,608,254,354
E00190011,547,284,263
E00042826,394,139,255
E00175551,392,212,180
E00175553,621,321,300
E00175558,204,99,105
E00175561,210,75,135
E00042830,172,34,138
E00175552,213,88,125
E00175576,195,75,120
E00175585,179,74,105
E00189947,128,47,81
E00189964,411,199,212
E00189974,210,95,115
E00189977,255,107,148
E00189983,301,174,127
E00042577,281,142,139
E00042584,301,155,146
E00042594,182,96,86
E00042595,179,104,75
E00042599,180,90,90
E00042601,207,109,98
E00042609,538,291,247
E00189924,1705,865,840
E00042665,143,60,83
E00042669,845,446,399
E00175556,705,398,307
E00175557,133,60,73
E00175588,145,64,81
E00189934,925,495,430
E00189980,105,23,82
E00189988,211,107,104
E00189996,747,403,344
E00042674,259,129,130
E00175560,174,78,96
E00175563,191,85,106
E00175580,225,102,123
E00175583,622,307,315
E00042677,212,85,127
E00042679,550,262,288
E00175593,692,351,341
E00189930,362,144,218
E00189961,971,513,458
E00189962,200,97,103
E00042271,435,191,244
E00042272,582,271,311
E00042279,441,212,229
E00042285,495,226,269
E00042263,337,170,167
E00042264,330,125,205
E00042265,518,221,297
E00042266,541,265,276
E00042268,257,145,112
E00042274,317,157,160
E00042267,424,208,216
E00042273,469,228,241
E00042275,470,228,242
E00042281,356,164,192
E00042286,413,195,218
E00189976,305,143,162
E00189984,448,218,230
E00189985,208,106,102
E00190005,417,216,201
E00190010,210,107,103
E00042269,600,295,305
E00042278,329,169,160
E00042283,159,81,78
E00189944,545,284,261
E00042576,364,178,186
E00042581,274,130,144
E00042585,271,135,136
E00042586,466,206,260
E00042589,381,190,191
E00042590,286,145,141
E00042805,228,99,129
E00042806,282,126,156
E00042823,281,110,171
E00042824,319,147,172
E00042827,376,158,218
E00042828,262,119,143
E00042822,434,189,245
E00189986,348,143,205
E00190004,959,493,466
E00042825,614,242,372
E00175587,131,77,54
E00189969,947,538,409
E00189989,308,160,148
E00042110,236,92,144
E00042117,215,98,117
E00042120,284,144,140
E00042121,260,121,139
E00042122,242,115,127
E00042123,191,89,102
E00042124,197,90,107
E00042107,290,159,131
E00042108,389,186,203
E00042113,295,144,151
E00042118,504,257,247
E00042135,276,139,137
E00175550,258,118,140
E00175562,427,224,203
E00042125,203,80,123
E00042126,331,136,195
E00042132,352,173,179
E00042136,325,176,149
E00042114,393,170,223
E00042115,332,185,147
E00042134,461,188,273
E00042276,304,135,169
E00042277,388,199,189
E00042282,291,116,175
E00042284,470,230,240
E00042287,442,248,194
E00042803,463,238,225
E00042808,576,276,300
E00042812,170,68,102
E00175577,499,231,268
E00042807,209,93,116
E00042810,329,173,156
E00042811,430,206,224
E00042814,302,148,154
E00042816,242,100,142
E00042818,198,78,120
E00042819,217,93,124
E00043384,302,150,152
E00043398,260,125,135
E00043400,311,160,151
E00043405,205,111,94
E00043407,321,162,159
E00043388,308,161,147
E00043389,309,158,151
E00043404,302,153,149
E00190058,213,114,99
E00190081,293,149,144
E00190116,372,181,191
E00043385,347,174,173
E00043395,318,166,152
E00043396,286,144,142
E00043402,300,153,147
E00043408,285,142,143
E00043390,277,127,150
E00043391,284,147,137
E00043392,335,164,171
E00043393,262,131,131
E00043394,270,144,126
E00043004,228,115,113
E00043006,292,166,126
E00043007,287,155,132
E00043008,216,111,105
E00043009,240,109,131
E00043011,201,105,96
E00043002,268,137,131
E00043003,199,104,95
E00043005,212,105,107
E00043031,314,175,139
E00043032,273,139,134
E00043033,238,132,106
E00043168,295,147,148
E00043169,214,112,102
E00043170,291,158,133
E00043171,256,138,118
E00043172,235,127,108
E00043173,214,105,109
E00043553,213,102,111
E00043558,252,142,110
E00043559,337,171,166
E00043563,281,146,135
E00043564,240,120,120
E00043550,195,100,95
E00043551,333,158,175
E00043554,370,195,175
E00043561,247,125,122
E00043562,328,174,154
E00043232,312,153,159
E00043245,282,145,137
E00043246,371,183,188
E00043247,231,116,115
E00043257,205,116,89
E00043239,315,161,154
E00043240,361,173,188
E00043241,354,192,162
E00043242,271,144,127
E00043397,301,175,126
E00043399,352,173,179
E00043401,343,168,175
E00043403,296,148,148
E00043406,305,159,146
E00043382,269,138,131
E00043386,280,147,133
E00043387,303,163,140
E00043409,349,177,172
E00043410,415,220,195
E00043547,368,203,165
E00043556,225,120,105
E00043565,280,149,131
E00043566,239,117,122
E00190088,294,153,141
E00190092,212,108,104
E00190112,290,154,136
E00043548,216,119,97
E00043568,246,125,121
E00043569,223,132,91
E00043570,258,131,127
E00043571,242,126,116
E00043572,184,109,75
E00043544,241,133,108
E00043545,261,136,125
E00043573,262,137,125
E00043578,291,156,135
E00043579,223,121,102
E00043574,251,143,108
E00043575,244,119,125
E00043576,246,135,111
E00043577,214,112,102
E00190019,324,165,159
E00190020,245,132,113
E00190039,293,150,143
E00043546,273,149,124
E00043552,212,123,89
E00043555,312,152,160
E00043557,258,122,136
E00043560,298,160,138
E00043231,250,123,127
E00043243,299,165,134
E00043244,343,165,178
E00043249,374,190,184
E00043253,315,167,148
E00043248,233,142,91
E00043250,182,95,87
E00043251,224,127,97
E00043252,286,146,140
E00043254,299,151,148
E00043230,307,161,146
E00043234,321,173,148
E00043235,260,143,117
E00043236,219,120,99
E00043259,320,175,145
E00043233,280,153,127
E00043237,325,169,156
E00043258,292,146,146
E00043261,353,175,178
E00043262,292,149,143
E00043581,309,162,147
E00043593,372,175,197
E00043595,435,198,237
E00043597,256,123,133
E00043603,251,121,130
E00043582,310,167,143
E00043583,384,198,186
E00043586,230,112,118
E00043598,254,128,126
E00043606,350,181,169
E00043584,321,167,154
E00043588,237,119,118
E00043589,314,164,150
E00043590,263,132,131
E00043604,240,129,111
E00043585,331,171,160
E00043587,299,160,139
E00043602,360,173,187
E00043605,293,148,145
E00043607,307,160,147
E00043580,491,255,236
E00043591,349,179,170
E00043592,250,137,113
E00043608,371,193,178
E00043229,303,162,141
E00043238,203,82,121
E00043255,195,98,97
E00043256,288,145,143
E00043260,285,146,139
E00043263,290,139,151
E00043476,274,129,145
E00043478,266,136,130
E00043480,280,142,138
E00043481,301,151,150
E00043510,306,162,144
E00043485,261,144,117
E00043487,220,119,101
E00043491,293,173,120
E00043492,205,107,98
E00043493,506,255,251
E00043482,345,179,166
E00043483,282,149,133
E00166161,234,116,118
E00190024,243,131,112
E00190076,336,177,159
E00190133,378,182,196
E00043479,211,115,96
E00166157,485,251,234
E00190034,336,163,173
E00190073,181,90,91
E00190084,301,151,150
E00190127,358,185,173
E00043001,474,249,225
E00043012,267,134,133
E00043016,264,129,135
E00043019,308,153,155
E00043020,280,147,133
E00043010,297,158,139
E00043013,304,169,135
E00043014,298,153,145
E00043015,263,139,124
E00043017,309,149,160
E00043021,307,158,149
E00043022,295,155,140
E00043024,310,172,138
E00043027,306,166,140
E00043028,383,203,180
E00043029,516,274,242
E00043018,248,125,123
E00043023,266,133,133
E00043025,294,150,144
E00043026,239,130,109
E00043030,472,245,227
E00043415,162,78,84
E00043418,356,178,178
E00043436,245,124,121
E00043437,329,172,157
E00043439,243,122,121
E00043440,259,133,126
E00043424,310,152,158
E00043426,277,143,134
E00043428,261,148,113
E00043430,292,143,149
E00043431,322,170,152
E00043435,261,141,120
E00043425,332,168,164
E00043427,278,147,131
E00043429,324,159,165
E00043433,342,179,163
E00043434,370,200,170
E00043411,328,184,144
E00043432,355,186,169
E00043438,355,190,165
E00043441,299,150,149
E00043442,365,197,168
E00043594,281,144,137
E00043596,288,138,150
E00043599,407,203,204
E00043600,300,165,135
E00043601,234,135,99
E00043097,327,160,167
E00043100,280,152,128
E00043115,298,161,137
E00043120,292,146,146
E00043122,243,138,105
E00043123,311,160,151
E00043098,282,154,128
E00043106,209,116,93
E00043108,266,140,126
E00043109,184,98,86
E00043110,257,133,124
E00043113,293,148,145
E00043099,355,172,183
E00043107,341,168,173
E00043111,241,122,119
E00043112,278,141,137
E00043117,256,131,125
E00043101,275,140,135
E00043114,243,135,108
E00043116,253,135,118
E00043118,261,130,131
E00043119,230,126,104
E00043121,255,133,122
E00043495,259,127,132
E00043497,270,141,129
E00043498,273,142,131
E00043501,226,120,106
E00043502,212,115,97
E00043503,257,142,115
E00043499,254,135,119
E00043500,256,136,120
E00043504,390,211,179
E00043505,268,134,134
E00043506,287,148,139
E00043477,343,168,175
E00043507,365,190,175
E00043508,276,145,131
E00043509,301,152,149
E00166128,363,187,176
E00166130,298,142,156
E00166162,400,192,208
E00166166,407,208,199
E00190047,356,184,172
E00190053,279,146,133
E00190085,385,196,189
E00190124,397,192,205
E00043486,194,95,99
E00043490,354,185,169
E00043494,321,160,161
E00043496,298,158,140
E00166131,369,184,185
E00043132,493,254,239
E00043150,252,120,132
E00043151,268,122,146
E00043152,245,128,117
E00043156,263,138,125
E00043136,378,186,192
E00043139,282,154,128
E00043147,349,172,177
E00043149,299,162,137
E00190045,224,110,114
E00190122,246,90,156
E00043138,300,174,126
E00043141,300,164,136
E00043174,266,153,113
E00043175,246,131,115
E00043176,263,138,125
E00043140,235,122,113
E00043143,270,143,127
E00043144,273,137,136
E00043145,278,158,120
E00190046,220,110,110
E00190078,248,126,122
E00190128,170,80,90
E00043102,296,154,142
E00043105,306,151,155
E00043125,223,112,111
E00043126,373,189,184
E00043127,320,162,158
E00043103,241,124,117
E00043104,246,134,112
E00043124,282,147,135
E00043128,254,132,122
E00043129,281,143,138
E00043130,300,159,141
E00043412,495,248,247
E00043414,297,152,145
E00043416,384,214,170
E00043417,284,154,130
E00166153,169,96,73
E00166154,102,61,41
E00166156,308,162,146
E00043413,356,182,174
E00043419,295,151,144
E00043421,393,196,197
E00043422,302,154,148
E00043423,281,140,141
E00042974,372,187,185
E00042979,260,140,120
E00042980,290,145,145
E00042981,256,145,111
E00042984,257,128,129
E00043131,397,208,189
E00043146,332,175,157
E00043153,299,159,140
E00043154,291,151,140
E00043158,337,174,163
E00043157,236,121,115
E00043160,263,146,117
E00043163,381,198,183
E00043165,205,105,100
E00043166,237,130,107
E00043167,237,118,119
E00043207,266,136,130
E00043224,318,170,148
E00043225,241,125,116
E00043227,266,141,125
E00190037,309,158,151
E00190087,299,151,148
E00190094,316,164,152
E00043069,264,141,123
E00043074,286,149,137
E00043076,292,156,136
E00043078,278,146,132
E00043096,326,176,150
E00043066,392,201,191
E00043067,277,163,114
E00043070,332,180,152
E00043071,296,154,142
E00043072,258,143,115
E00043077,317,170,147
E00043068,233,116,117
E00043073,286,141,145
E00043075,202,102,100
E00043082,305,158,147
E00043083,215,112,103
E00043086,304,150,154
E00043079,331,176,155
E00043081,334,177,157
E00043085,266,139,127
E00043088,325,173,152
E00043089,287,153,134
E00043445,265,136,129
E00043452,267,150,117
E00043458,219,115,104
E00043459,208,120,88
E00043461,288,148,140
E00043463,206,94,112
E00043446,243,125,118
E00043450,240,126,114
E00043454,263,127,136
E00043455,323,172,151
E00043457,241,128,113
E00043460,281,156,125
E00043444,230,122,108
E00043464,244,122,122
E00043465,219,110,109
E00043468,234,119,115
E00043469,264,136,128
E00043470,452,227,225
E00043453,337,176,161
E00043471,259,131,128
E00043472,287,151,136
E00043473,313,175,138
E00043475,269,134,135
E00043264,303,157,146
E00043275,245,131,114
E00043277,321,164,157
E00043279,182,95,87
E00043281,205,108,97
E00043288,247,123,124
E00043280,267,131,136
E00043283,256,130,126
E00043284,243,113,130
E00043285,230,111,119
E00043286,174,86,88
E00043292,220,131,89
E00043443,246,122,124
E00043456,433,237,196
E00043462,271,138,133
E00043466,286,145,141
E00043467,261,131,130
E00043447,342,172,170
E00043448,224,131,93
E00043449,281,137,144
E00043451,296,149,147
E00043474,253,136,117
E00042976,283,140,143
E00042977,207,100,107
E00042978,293,149,144
E00042996,131,57,74
E00043000,293,156,137
E00190030,391,204,187
E00190049,260,131,129
E00042975,324,169,155
E00042983,293,160,133
E00042985,225,120,105
E00042988,309,163,146
E00042989,287,140,147
E00042971,386,185,201
E00042972,321,163,158
E00042990,321,163,158
E00042998,230,118,112
E00043134,321,159,162
E00043159,238,119,119
E00043161,445,238,207
E00043164,352,184,168
E00190061,324,159,165
E00190083,308,172,136
E00043155,387,200,187
E00166141,276,144,132
E00166143,444,224,220
E00166164,239,115,124
E00190098,315,157,158
E00190036,316,163,153
E00190050,398,195,203
E00190062,433,213,220
E00190110,299,152,147
E00190123,247,127,120
E00042982,266,133,133
E00042986,359,196,163
E00042987,296,147,149
E00042991,346,179,167
E00042992,276,137,139
E00042993,306,164,142
E00042994,338,180,158
E00042995,252,125,127
E00042997,315,166,149
E00042999,341,182,159
E00043206,251,130,121
E00043208,230,125,105
E00043211,217,106,111
E00043212,364,192,172
E00043216,416,227,189
E00166133,246,126,120
E00166136,250,127,123
E00166140,263,131,132
E00043209,283,147,136
E00043210,367,205,162
E00043213,349,187,162
E00043226,469,245,224
E00043228,355,185,170
E00043214,210,113,97
E00043215,426,208,218
E00166135,199,97,102
E00166138,265,136,129
E00043218,208,104,104
E00043220,329,163,166
E00043221,212,109,103
E00043222,297,153,144
E00043034,345,180,165
E00043040,312,149,163
E00043041,223,127,96
E00043062,254,119,135
E00043063,241,134,107
E00043064,280,138,142
E00043080,356,191,165
E00043084,229,107,122
E00043087,299,161,138
E00043090,326,167,159
E00043265,281,165,116
E00043276,321,158,163
E00043278,250,139,111
E00043282,293,150,143
E00043290,294,147,147
E00043269,277,149,128
E00043294,246,128,118
E00043299,258,125,133
E00043301,286,150,136
E00043302,227,129,98
E00043303,241,132,109
E00042931,274,152,122
E00042956,267,133,134
E00042957,249,135,114
E00042961,331,183,148
E00042962,271,137,134
E00042934,282,146,136
E00042944,249,124,125
E00042945,221,117,104
E00042948,361,174,187
E00042949,263,144,119
E00042947,221,113,108
E00042950,227,120,107
E00042951,411,209,202
E00042952,284,150,134
E00042954,215,112,103
E00042946,339,181,158
E00042953,310,160,150
E00042955,254,132,122
E00042958,271,140,131
E00042960,302,148,154
E00043036,260,138,122
E00043037,356,190,166
E00043044,282,157,125
E00043045,278,132,146
E00043051,272,125,147
E00043270,215,101,114
E00043271,227,111,116
E00043272,246,140,106
E00043273,359,146,213
E00043274,260,119,141
E00043298,267,120,147
E00043304,270,137,133
E00043287,272,129,143
E00043291,219,108,111
E00043293,236,129,107
E00043295,331,156,175
E00043296,291,154,137
E00043266,210,114,96
E00043267,314,163,151
E00043268,272,144,128
E00043289,173,90,83
E00043297,255,128,127
E00043300,276,148,128
E00043042,216,127,89
E00043043,240,137,103
E00043046,334,188,146
E00043047,399,221,178
E00043052,242,127,115
E00043035,386,196,190
E00043048,282,147,135
E00043049,216,111,105
E00043050,232,124,108
E00043053,258,135,123
E00043057,295,159,136
E00043039,246,130,116
E00043054,256,126,130
E00043059,294,151,143
E00043060,306,148,158
E00043061,351,202,149
E00043038,482,273,209
E00043055,355,177,178
E00043056,304,172,132
E00043058,340,177,163
E00043065,195,105,90
E00043091,250,129,121
E00043092,276,130,146
E00043093,332,168,164
E00043094,357,188,169
E00043095,298,158,140
E00042965,301,163,138
E00042967,299,160,139
E00166167,329,166,163
E00190055,371,212,159
E00190090,248,114,134
E00042959,286,139,147
E00042963,197,105,92
E00042964,272,142,130
E00042966,260,132,128
E00042968,267,133,134
E00042932,278,141,137
E00042935,246,128,118
E00042937,216,114,102
E00042939,293,145,148
E00042970,259,137,122
E00042940,260,143,117
E00042941,290,155,135
E00042942,268,159,109
E00042943,315,158,157
E00042969,254,131,123
E00043325,288,147,141
E00043327,235,119,116
E00043328,279,136,143
E00043329,242,115,127
E00043330,260,133,127
E00043310,475,250,225
E00043311,330,174,156
E00043331,250,148,102
E00043332,281,145,136
E00043333,331,161,170
E00043305,300,148,152
E00043336,232,112,120
E00043338,218,105,113
E00043340,271,131,140
E00043341,219,113,106
E00043309,382,185,197
E00043326,224,112,112
E00190025,333,169,164
E00190048,282,145,137
E00190056,354,187,167
E00190086,290,148,142
E00190099,318,167,151
E00190113,360,196,164
E00043187,318,165,153
E00043193,348,181,167
E00043194,269,136,133
E00043196,275,135,140
E00043198,369,202,167
E00043177,234,101,133
E00043190,298,154,144
E00043195,269,127,142
E00043197,327,169,158
E00043199,287,141,146
E00043201,281,146,135
E00043178,244,137,107
E00043179,306,149,157
E00043181,240,125,115
E00043202,243,116,127
E00043204,233,109,124
E00043205,257,131,126
E00043185,200,83,117
E00043186,281,143,138
E00043188,258,115,143
E00043189,322,167,155
E00043191,310,159,151
E00043192,237,129,108
E00043355,246,133,113
E00043359,253,128,125
E00043361,340,167,173
E00043362,263,132,131
E00043365,450,215,235
E00043353,426,219,207
E00043357,298,160,138
E00043363,321,148,173
E00043366,327,185,142
E00043374,356,166,190
E00043352,379,201,178
E00043354,321,174,147
E00043356,322,162,160
E00043358,251,122,129
E00043360,226,113,113
E00043348,219,95,124
E00043349,213,108,105
E00043350,245,116,129
E00043375,196,92,104
E00043376,243,126,117
E00043377,168,64,104
E00043378,263,120,143
E00043351,222,108,114
E00043379,290,144,146
E00043380,398,205,193
E00043381,326,172,154
E00043180,270,120,150
E00043182,257,115,142
E00043183,331,156,175
E00043184,257,127,130
E00043200,307,148,159
E00043203,226,124,102
E00043364,270,153,117
E00043367,290,149,141
E00043368,433,211,222
E00043369,265,145,120
E00043370,266,151,115
E00043371,152,80,72
E00043345,336,172,164
E00043347,403,192,211
E00043373,167,80,87
E00166120,235,114,121
E00166122,275,128,147
E00166123,199,94,105
E00166125,386,191,195
E00166146,289,160,129
E00166148,223,110,113
E00043513,306,174,132
E00043514,199,84,115
E00043517,221,118,103
E00043522,506,245,261
E00043538,329,170,159
E00043540,243,132,111
E00043511,240,127,113
E00043516,277,143,134
E00043519,263,137,126
E00043524,251,118,133
E00043526,253,103,150
E00043530,311,139,172
E00043520,238,109,129
E00043521,202,102,100
E00043523,271,140,131
E00043525,314,168,146
E00043527,318,158,160
E00043529,274,122,152
E00043515,304,150,154
E00043518,247,121,126
E00043539,226,125,101
E00043543,304,156,148
E00190052,234,117,117
E00190063,279,140,139
E00190075,337,168,169
E00043536,346,167,179
E00043537,332,179,153
E00043541,295,149,146
E00043542,329,168,161
E00166144,297,151,146
E00166149,204,103,101
E00166151,235,119,116
E00043334,316,173,143
E00043335,308,159,149
E00043337,235,148,87
E00043339,321,160,161
E00043342,300,155,145
E00043306,255,141,114
E00043308,300,154,146
E00043322,302,151,151
E00043343,288,163,125
E00043344,305,159,146
E00043312,315,158,157
E00043313,216,93,123
E00043314,291,140,151
E00043315,246,123,123
E00043318,111,47,64
E00043319,246,138,108
E00043307,215,107,108
E00043316,266,145,121
E00043317,266,143,123
E00043320,258,135,123
E00043321,161,72,89
E00043528,254,139,115
E00043531,242,119,123
E00043532,276,130,146
E00043533,258,138,120
E00043534,306,160,146
E00043640,235,115,120
E00043641,264,130,134
E00043657,324,150,174
E00043658,323,153,170
E00043659,268,127,141
E00043648,315,160,155
E00043649,281,128,153
E00043651,228,112,116
E00043653,346,177,169
E00043654,246,130,116
E00043650,252,125,127
E00043652,220,105,115
E00043655,236,118,118
E00043656,229,112,117
E00170190,302,156,146
E00170191,289,143,146
E00170192,229,111,118
E00170194,308,155,153
E00170195,268,129,139
E00043637,299,150,149
E00043638,327,169,158
E00043643,233,110,123
E00043645,280,134,146
E00043661,332,161,171
E00043642,332,174,158
E00043644,163,87,76
E00043646,263,132,131
E00043647,221,108,113
E00043660,209,102,107
E00043662,254,147,107
E00043984,347,171,176
E00043985,269,117,152
E00043990,181,80,101
E00043996,212,89,123
E00043997,205,94,111
E00043986,189,87,102
E00043995,239,114,125
E00043998,208,103,105
E00043999,185,93,92
E00044001,236,109,127
E00044002,197,94,103
E00043988,279,140,139
E00043989,238,112,126
E00044000,200,104,96
E00044009,172,74,98
E00044013,210,94,116
E00182900,176,81,95
E00182911,196,100,96
E00182915,378,189,189
E00044003,331,168,163
E00044004,177,92,85
E00044005,340,158,182
E00044007,230,109,121
E00044010,271,130,141
E00170196,354,165,189
E00043987,198,93,105
E00043991,208,104,104
E00043992,193,102,91
E00043993,217,106,111
E00044008,283,137,146
E00044011,300,143,157
E00044039,365,182,183
E00044040,249,125,124
E00044044,272,148,124
E00044050,245,128,117
E00044036,210,108,102
E00044054,201,97,104
E00044055,207,101,106
E00044056,209,111,98
E00044058,177,100,77
E00044062,235,124,111
E00044037,243,125,118
E00044057,265,133,132
E00044060,342,181,161
E00044063,315,151,164
E00044041,310,155,155
E00044042,305,131,174
E00044043,237,119,118
E00044059,208,102,106
E00044061,243,125,118
E00044038,241,124,117
E00044045,269,151,118
E00044046,202,101,101
E00044047,211,100,111
E00044049,189,94,95
E00043901,320,158,162
E00043908,228,116,112
E00043909,308,159,149
E00043910,302,153,149
E00043911,288,142,146
E00043904,347,184,163
E00043905,260,138,122
E00043906,255,132,123
E00043907,220,106,114
E00043927,248,122,126
E00043903,269,136,133
E00043919,366,178,188
E00043924,247,131,116
E00043925,392,217,175
E00043926,266,138,128
E00043902,278,163,115
E00043913,149,85,64
E00043914,249,135,114
E00043917,313,167,146
E00043918,335,187,148
E00043920,244,120,124
E00043921,312,183,129
E00044064,215,104,111
E00044071,269,134,135
E00044072,255,134,121
E00044076,212,107,105
E00044077,258,145,113
E00044070,333,168,165
E00044073,251,131,120
E00044074,255,129,126
E00044075,240,130,110
E00044079,359,182,177
E00044081,259,128,131
E00044084,284,147,137
E00044085,269,142,127
E00044086,340,179,161
E00044065,205,101,104
E00044067,207,99,108
E00044068,187,96,91
E00044069,202,99,103
E00044087,256,133,123
E00044088,169,92,77
E00043829,254,142,112
E00043831,318,174,144
E00043840,224,129,95
E00043845,283,141,142
E00043851,277,149,128
E00043912,254,137,117
E00043915,256,129,127
E00043916,236,123,113
E00043922,289,145,144
E00043923,269,132,137
E00044048,319,163,156
E00044051,301,153,148
E00044052,246,126,120
E00044053,320,172,148
E00044066,292,147,145
E00044078,300,165,135
E00044080,296,156,140
E00044082,220,122,98
E00044083,288,154,134
E00043669,212,105,107
E00043672,334,167,167
E00043676,207,100,107
E00043677,222,102,120
E00043678,249,124,125
E00043670,379,188,191
E00043671,309,163,146
E00043673,301,149,152
E00043674,225,122,103
E00043675,384,230,154
E00043956,263,138,125
E00043958,308,155,153
E00043960,286,134,152
E00043979,250,122,128
E00043982,226,107,119
E00043957,323,161,162
E00043980,263,127,136
E00043981,170,95,75
E00043983,324,162,162
E00043827,263,129,134
E00043830,335,176,159
E00043833,244,130,114
E00043834,291,156,135
E00043847,294,150,144
E00043828,298,162,136
E00043832,247,126,121
E00043837,208,116,92
E00043842,145,83,62
E00043849,326,184,142
E00043835,250,129,121
E00043836,290,138,152
E00043838,290,154,136
E00043839,276,143,133
E00043848,274,149,125
E00043841,309,157,152
E00043843,334,159,175
E00043844,202,97,105
E00043846,279,143,136
E00043850,280,146,134
E00043853,312,172,140
E00043867,272,149,123
E00043868,335,183,152
E00043878,281,146,135
E00170187,382,190,192
E00170188,317,151,166
E00170189,492,246,246
E00043928,337,160,177
E00043929,248,124,124
E00043930,304,161,143
E00043931,343,177,166
E00043933,398,206,192
E00043935,264,150,114
E00043936,279,136,143
E00043941,295,159,136
E00043932,240,118,122
E00043934,267,122,145
E00043937,172,80,92
E00043940,207,100,107
E00043942,216,86,130
E00043938,330,182,148
E00043939,260,140,120
E00043946,271,146,125
E00043947,310,159,151
E00182889,391,198,193
E00182893,264,129,135
E00043943,324,169,155
E00043945,277,134,143
E00043948,222,111,111
E00043949,215,107,108
E00043950,224,110,114
E00043869,212,107,105
E00043871,274,129,145
E00043872,292,139,153
E00043873,230,115,115
E00043874,240,114,126
E00043859,255,123,132
E00043875,290,134,156
E00043876,273,148,125
E00043877,455,226,229
E00043879,282,148,134
E00182895,357,167,190
E00182896,578,304,274
E00182907,135,58,77
E00043855,340,180,160
E00043856,224,104,120
E00043857,204,94,110
E00182862,129,55,74
E00182863,149,83,66
E00043852,280,146,134
E00043862,265,131,134
E00043864,306,159,147
E00043866,149,74,75
E00182877,528,267,261
E00182886,306,157,149
E00043620,179,99,80
E00043622,226,109,117
E00043625,208,101,107
E00043631,258,140,118
E00043632,218,95,123
E00043633,302,166,136
E00043610,186,93,93
E00043618,215,110,105
E00043621,177,97,80
E00043623,221,110,111
E00043626,197,93,104
E00043627,240,116,124
E00043611,237,120,117
E00043619,198,99,99
E00043624,192,84,108
E00043628,195,101,94
E00043629,181,98,83
E00043630,204,97,107
E00043612,287,154,133
E00043613,228,117,111
E00043615,267,138,129
E00043636,307,149,158
E00170186,256,128,128
E00170193,429,234,195
E00043679,371,203,168
E00043680,312,166,146
E00043681,255,128,127
E00043682,316,168,148
E00043683,288,149,139
E00044016,343,170,173
E00044023,218,116,102
E00044024,263,125,138
E00044028,246,121,125
E00044031,148,81,67
E00044032,225,125,100
E00044014,199,100,99
E00044015,226,105,121
E00044033,158,59,99
E00044034,228,114,114
E00044035,235,110,125
E00044017,272,136,136
E00044018,281,148,133
E00044019,218,109,109
E00044020,261,130,131
E00044021,282,141,141
E00043779,300,152,148
E00043781,277,138,139
E00043783,317,178,139
E00043784,276,143,133
E00043785,246,134,112
E00043786,248,122,126
E00043772,286,155,131
E00043773,163,79,84
E00043780,225,104,121
E00043793,230,131,99
E00043794,195,109,86
E00043796,278,143,135
E00043774,335,169,166
E00043777,314,156,158
E00043792,241,132,109
E00043795,322,171,151
E00043797,255,138,117
E00043776,405,203,202
E00182876,266,145,121
E00182882,484,269,215
E00182897,376,188,188
E00043663,313,165,148
E00043684,245,134,111
E00043685,298,166,132
E00043686,294,145,149
E00043687,273,142,131
E00043664,253,122,131
E00043665,281,127,154
E00043666,274,135,139
E00043667,286,136,150
E00043668,258,124,134
E00043688,242,128,114
E00043691,245,129,116
E00043702,135,77,58
E00043705,241,130,111
E00043706,278,144,134
E00044022,259,126,133
E00044025,260,135,125
E00044026,244,118,126
E00044027,243,132,111
E00044029,256,139,117
E00044030,216,109,107
E00043882,604,321,283
E00043883,295,150,145
E00043884,293,154,139
E00043888,290,144,146
E00043899,251,123,128
E00043880,246,129,117
E00043881,271,144,127
E00043886,230,124,106
E00043889,226,113,113
E00043894,280,145,135
E00043898,299,153,146
E00043891,276,133,143
E00043895,263,137,126
E00043900,295,162,133
E00182887,328,166,162
E00182898,472,238,234
E00182913,245,128,117
E00182914,596,299,297
E00182916,230,121,109
E00043890,298,150,148
E00043892,264,148,116
E00043893,269,137,132
E00043896,232,125,107
E00043897,253,121,132
E00043951,287,147,140
E00043952,258,141,117
E00043953,293,159,134
E00043954,257,134,123
E00043955,325,165,160
E00043969,284,137,147
E00043974,361,200,161
E00043975,266,150,116
E00043977,304,164,140
E00043978,248,137,111
E00043609,275,156,119
E00043614,259,139,120
E00043616,232,120,112
E00043617,235,125,110
E00043634,349,195,154
E00043692,296,163,133
E00043696,297,155,142
E00043704,261,129,132
E00043711,273,140,133
E00043694,175,89,86
E00043695,262,134,128
E00043698,297,138,159
E00043708,257,141,116
E00182872,430,215,215
E00182885,329,167,162
E00043693,288,168,120
E00043700,265,150,115
E00043701,312,174,138
E00043709,298,169,129
E00043710,305,184,121
E00043689,298,165,133
E00043697,255,137,118
E00043699,270,137,133
E00043703,315,180,135
E00043707,367,217,150
E00043799,244,124,120
E00043800,251,137,114
E00043820,218,116,102
E00043821,321,178,143
E00043825,294,150,144
E00043801,272,159,113
E00043822,181,91,90
E00043823,282,161,121
E00043824,230,124,106
E00043826,254,128,126
E00043968,285,146,139
E00043971,277,140,137
E00043972,322,164,158
E00043973,292,143,149
E00043976,288,147,141
E00043964,296,150,146
E00043965,302,158,144
E00043966,280,146,134
E00043970,302,153,149
E00043959,269,146,123
E00043961,325,175,150
E00043962,265,147,118
E00043963,277,157,120
E00043967,240,133,107
E00043787,267,137,130
E00043788,261,133,128
E00043789,169,80,89
E00043790,363,193,170
E00043791,251,135,116
E00044089,257,142,115
E00044107,218,123,95
E00044109,226,118,108
E00182864,324,158,166
E00044090,230,119,111
E00044092,402,209,193
E00044095,210,112,98
E00044096,213,113,100
E00044111,163,78,85
E00044112,273,151,122
E00044113,307,156,151
E00044091,288,140,148
E00044093,297,149,148
E00044098,277,142,135
E00044099,230,127,103
E00044100,281,140,141
E00044101,290,158,132
E00044094,326,165,161
E00044097,211,112,99
E00044102,336,197,139
E00044103,185,99,86
E00044104,235,124,111
E00044105,208,107,101
E00044106,296,156,140
E00044118,253,134,119
E00044122,227,124,103
E00044123,310,167,143
E00044128,265,153,112
E00044130,279,156,123
E00044126,215,117,98
E00044129,204,101,103
E00044131,267,147,120
E00044134,224,122,102
E00044135,255,136,119
E00044136,266,144,122
E00044114,290,146,144
E00044132,226,111,115
E00044133,246,131,115
E00044137,292,151,141
E00044138,306,163,143
E00044120,294,137,157
E00044124,268,138,130
E00044125,280,138,142
E00044127,296,146,150
E00044115,284,156,128
E00044116,258,134,124
E00044117,306,157,149
E00044119,264,144,120
E00044121,237,118,119
E00043805,257,130,127
E00043808,238,118,120
E00043810,235,121,114
E00043811,175,90,85
E00043813,284,146,138
E00043802,247,126,121
E00043803,265,138,127
E00043807,298,172,126
E00043809,358,178,180
E00043812,221,130,91
E00043804,317,162,155
E00043806,104,54,50
E00043816,261,143,118
E00043818,255,138,117
E00043819,407,208,199
E00043798,366,198,168
E00043814,246,115,131
E00043815,336,185,151
E00043817,490,252,238
E00043717,271,144,127
E00043725,281,147,134
E00043727,381,210,171
E00043730,297,164,133
E00043735,263,134,129
E00043714,245,118,127
E00043715,285,142,143
E00043720,217,125,92
E00043721,247,116,131
E00043723,356,171,185
E00043712,294,151,143
E00043713,263,140,123
E00043719,356,178,178
E00043741,295,140,155
E00043742,235,125,110
E00043716,242,123,119
E00043718,274,143,131
E00043724,214,122,92
E00043728,215,100,115
E00043729,314,159,155
E00043732,231,109,122
E00043751,246,125,121
E00043753,308,167,141
E00043759,297,165,132
E00043760,320,164,156
E00043766,292,146,146
E00043747,323,159,164
E00043752,344,171,173
E00043756,354,174,180
E00043757,286,145,141
E00043750,278,144,134
E00043768,356,190,166
E00043769,274,143,131
E00043770,314,173,141
E00043771,363,201,162
E00043744,266,130,136
E00043745,272,140,132
E00043746,282,145,137
E00043748,284,151,133
E00043754,336,179,157
E00043722,261,143,118
E00043726,558,288,270
E00043731,355,186,169
E00043733,232,122,110
E00043734,278,144,134
E00043736,227,130,97
E00043737,315,167,148
E00043738,337,181,156
E00043739,196,114,82
E00043740,303,150,153
E00043761,290,145,145
E00043762,287,144,143
E00043763,241,130,111
E00043764,351,167,184
E00043765,214,107,107
E00043743,321,167,154
E00043749,267,138,129
E00043755,299,157,142
E00043758,248,144,104
E00043767,313,159,154
E00044214,288,149,139
E00044236,369,173,196
E00044238,260,127,133
E00044240,285,146,139
E00044241,321,157,164
E00044295,248,142,106
E00044296,280,142,138
E00044311,268,137,131
E00044313,285,145,140
E00044316,316,168,148
E00044303,272,151,121
E00044304,294,149,145
E00044305,292,158,134
E00044306,285,139,146
E00044284,235,123,112
E00044287,265,143,122
E00044307,296,158,138
E00044308,315,159,156
E00044315,302,154,148
E00044286,312,149,163
E00044300,332,174,158
E00044301,418,208,210
E00044302,364,193,171
E00044288,238,123,115
E00044309,310,161,149
E00044310,231,114,117
E00044312,290,147,143
E00044314,269,134,135
E00044285,285,145,140
E00044289,245,129,116
E00044290,217,119,98
E00044291,302,161,141
E00044292,197,108,89
E00044293,215,117,98
E00044283,234,120,114
E00044294,320,159,161
E00044297,291,158,133
E00044298,241,121,120
E00044299,248,133,115
E00044644,290,151,139
E00044645,236,119,117
E00044646,439,245,194
E00044647,296,140,156
E00044141,276,147,129
E00044144,231,124,107
E00044167,238,125,113
E00044168,151,82,69
E00044169,268,137,131
E00044170,266,141,125
E00044870,252,145,107
E00044882,291,159,132
E00044883,128,54,74
E00044886,330,160,170
E00044889,231,136,95
E00044885,292,144,148
E00044887,281,139,142
E00044888,305,151,154
E00044893,328,178,150
E00044895,268,139,129
E00044872,193,101,92
E00044874,258,149,109
E00044875,218,110,108
E00044879,198,105,93
E00044890,266,139,127
E00044894,223,123,100
E00044867,274,143,131
E00044868,290,149,141
E00044884,231,124,107
E00044892,320,163,157
E00044897,264,149,115
E00044871,279,147,132
E00044873,279,147,132
E00044876,241,120,121
E00044891,271,132,139
E00044896,337,179,158
E00044210,289,160,129
E00044216,333,187,146
E00044217,235,126,109
E00044219,292,147,145
E00044237,398,221,177
E00044239,260,119,141
E00044785,254,131,123
E00044789,308,153,155
E00044790,397,214,183
E00044794,268,135,133
E00044770,282,152,130
E00044784,287,162,125
E00044791,280,140,140
E00044792,279,148,131
E00044793,263,146,117
E00044774,359,188,171
E00044776,283,160,123
E00044777,302,158,144
E00044778,301,171,130
E00044779,271,145,126
E00044769,294,151,143
E00044775,235,127,108
E00044780,209,107,102
E00044781,278,144,134
E00044782,291,155,136
E00044783,210,96,114
E00044869,196,95,101
E00044877,327,174,153
E00044878,303,152,151
E00044880,260,136,124
E00044881,295,159,136
E00044212,275,140,135
E00044218,305,156,149
E00044224,292,152,140
E00044226,373,201,172
E00044231,169,84,85
E00044211,213,108,105
E00044227,244,117,127
E00044230,172,81,91
E00044232,271,137,134
E00044233,279,142,137
E00044213,344,174,170
E00044220,281,143,138
E00044222,424,209,215
E00044234,262,127,135
E00044235,149,65,84
E00044221,168,81,87
E00044228,225,125,100
E00044771,264,135,129
E00044772,245,115,130
E00044773,171,72,99
E00044786,241,118,123
E00044787,323,171,152
E00044788,318,168,150
E00044795,161,79,82
E00044796,243,116,127
E00044797,291,144,147
E00182894,421,222,199
E00182899,150,80,70
E00044614,329,166,163
E00044616,270,137,133
E00044617,281,152,129
E00044621,215,100,115
E00044648,336,178,158
E00044628,266,151,115
E00044632,391,201,190
E00044636,241,129,112
E00044637,257,116,141
E00044638,264,133,131
E00044613,210,98,112
E00044615,258,137,121
E00044620,269,139,130
E00044622,182,93,89
E00044625,250,133,117
E00044627,254,122,132
E00044619,267,126,141
E00044623,261,136,125
E00044629,321,164,157
E00044630,209,99,110
E00044639,244,117,127
E00044618,299,139,160
E00044624,274,141,133
E00044626,314,152,162
E00044631,267,139,128
E00044633,247,126,121
E00044634,271,139,132
E00044635,153,81,72
E00044640,141,77,64
E00044641,300,131,169
E00044642,274,130,144
E00170218,202,90,112
E00170219,247,133,114
E00044944,364,179,185
E00044950,426,214,212
E00044958,151,65,86
E00044960,192,86,106
E00044968,259,141,118
E00044949,272,134,138
E00044951,265,143,122
E00044952,221,105,116
E00044954,269,143,126
E00044957,234,127,107
E00045041,436,204,232
E00045045,540,281,259
E00045073,389,193,196
E00045074,283,140,143
E00045043,273,135,138
E00045044,282,144,138
E00045047,224,115,109
E00045075,512,265,247
E00045076,285,141,144
E00044139,253,129,124
E00044143,281,130,151
E00044145,328,163,165
E00044158,248,136,112
E00044162,297,151,146
E00044146,333,158,175
E00044149,236,119,117
E00044150,258,142,116
E00044151,373,198,175
E00044155,195,104,91
E00044142,292,151,141
E00044152,262,143,119
E00044153,337,179,158
E00044154,242,131,111
E00044156,281,147,134
E00044140,289,139,150
E00044160,305,148,157
E00044161,285,145,140
E00044165,336,169,167
E00044157,292,153,139
E00044159,298,156,142
E00044163,250,134,116
E00044164,311,164,147
E00044166,245,140,105
E00044147,251,152,99
E00044148,319,165,154
E00044171,265,138,127
E00044172,271,145,126
E00044173,285,165,120
E00044948,309,182,127
E00044971,237,124,113
E00044980,310,164,146
E00044982,266,146,120
E00044983,275,150,125
E00044945,145,60,85
E00044946,178,88,90
E00044947,134,60,74
E00044970,246,113,133
E00044976,234,125,109
E00044981,279,160,119
E00044953,278,150,128
E00044955,276,150,126
E00044956,199,101,98
E00044959,314,160,154
E00044961,265,141,124
E00044962,263,139,124
E00044964,194,100,94
E00044965,249,134,115
E00044967,252,141,111
E00044969,305,171,134
E00044963,399,210,189
E00044974,399,217,182
E00044977,321,162,159
E00044978,277,140,137
E00044966,292,164,128
E00044972,263,130,133
E00044973,223,115,108
E00044975,262,131,131
E00044979,242,126,116
E00045042,304,172,132
E00045046,248,132,116
E00045049,328,173,155
E00045050,264,142,122
E00045051,331,166,165
E00045048,283,143,140
E00045063,312,163,149
E00045067,335,166,169
E00045068,258,129,129
E00045059,306,163,143
E00045065,428,240,188
E00045071,336,186,150
E00170220,339,182,157
E00170225,329,174,155
E00045062,249,134,115
E00045064,312,162,150
E00045066,256,141,115
E00045070,296,152,144
E00045072,322,171,151
E00045052,244,125,119
E00045053,227,120,107
E00045054,294,145,149
E00045055,268,132,136
E00045058,223,113,110
E00045056,287,143,144
E00045057,299,146,153
E00045060,238,120,118
E00045061,252,135,117
E00044174,191,96,95
E00044175,305,170,135
E00044177,356,190,166
E00044189,272,138,134
E00044191,512,275,237
E00044185,304,158,146
E00044197,233,118,115
E00044200,414,197,217
E00044203,237,120,117
E00044209,297,157,140
E00044190,273,133,140
E00044196,267,125,142
E00044198,264,123,141
E00044201,355,167,188
E00044202,295,156,139
E00044205,320,160,160
E00044206,314,166,148
E00044207,295,137,158
E00044208,326,149,177
E00044467,339,176,163
E00044468,375,186,189
E00044469,325,160,165
E00044471,205,102,103
E00044494,257,144,113
E00044465,248,133,115
E00044491,324,156,168
E00044493,219,117,102
E00044496,345,191,154
E00182917,272,154,118
E00182918,250,157,93
E00044753,312,165,147
E00044760,272,148,124
E00044763,267,141,126
E00044766,271,155,116
E00170204,293,150,143
E00170211,304,153,151
E00044744,267,145,122
E00044748,346,172,174
E00044751,347,177,170
E00044752,289,148,141
E00044754,363,182,181
E00182868,427,201,226
E00182892,321,176,145
E00182921,118,73,45
E00044181,197,96,101
E00044182,250,125,125
E00044183,235,114,121
E00182883,522,265,257
E00182912,511,311,200
E00182919,244,126,118
E00044180,223,85,138
E00044195,121,53,68
E00170200,329,164,165
E00170202,290,118,172
E00170203,231,56,175
E00170230,300,128,172
E00170234,462,223,239
E00170237,230,110,120
E00044187,276,145,131
E00044193,288,142,146
E00044194,226,114,112
E00044204,279,130,149
E00044841,185,82,103
E00044843,266,119,147
E00044844,384,188,196
E00170199,166,71,95
E00170201,108,53,55
E00170223,205,96,109
E00170224,195,89,106
E00170227,200,103,97
E00170238,143,79,64
E00044838,273,140,133
E00044849,229,104,125
E00044853,214,97,117
E00044859,262,135,127
E00044861,151,57,94
E00044863,339,148,191
E00044738,486,263,223
E00044745,295,153,142
E00044757,315,161,154
E00044761,306,172,134
E00044765,185,88,97
E00044750,299,153,146
E00044755,326,156,170
E00044756,273,135,138
E00044759,448,235,213
E00044764,203,121,82
E00044739,221,127,94
E00044740,352,173,179
E00044762,341,194,147
E00044767,418,226,192
E00044768,265,141,124
E00044737,263,134,129
E00044741,293,146,147
E00044743,279,144,135
E00044746,359,186,173
E00044749,283,152,131
E00044463,297,147,150
E00044466,262,132,130
E00044470,311,165,146
E00044492,227,121,106
E00044495,213,115,98
E00044474,290,142,148
E00044481,272,139,133
E00044484,261,136,125
E00044489,304,159,145
E00044490,266,131,135
E00044472,287,138,149
E00044473,284,147,137
E00044475,295,160,135
E00044480,236,121,115
E00044483,334,174,160
E00044464,234,125,109
E00044476,345,185,160
E00044485,280,151,129
E00044486,267,142,125
E00044488,237,118,119
E00044176,174,87,87
E00044178,261,143,118
E00044179,146,65,81
E00044188,243,132,111
E00044199,336,174,162
E00044375,164,70,94
E00044378,197,99,98
E00044379,382,201,181
E00044381,201,95,106
E00044383,431,197,234
E00170222,116,53,63
E00170226,237,113,124
E00170232,167,66,101
E00044350,198,94,104
E00044373,242,128,114
E00044374,225,120,105
E00044376,151,82,69
E00044377,199,107,92
E00044351,228,123,105
E00044352,280,133,147
E00044353,227,108,119
E00044356,331,171,160
E00044384,162,80,82
E00044357,191,94,97
E00044359,166,85,81
E00044360,223,127,96
E00044361,245,126,119
E00044382,225,121,104
E00044833,488,233,255
E00044835,246,93,153
E00044836,165,70,95
E00044837,218,107,111
E00044866,191,76,115
E00044901,299,149,150
E00044907,128,59,69
E00044925,266,140,126
E00044927,296,153,143
E00044931,401,201,200
E00044929,298,159,139
E00044933,263,137,126
E00044934,291,168,123
E00044935,383,198,185
E00044926,392,205,187
E00044936,314,153,161
E00044939,310,160,150
E00044941,333,168,165
E00044905,241,124,117
E00044910,386,210,176
E00044913,279,132,147
E00044914,302,166,136
E00044916,349,183,166
E00044898,309,156,153
E00044906,397,196,201
E00044943,349,168,181
E00170231,300,148,152
E00182902,156,73,83
E00182866,564,283,281
E00182891,216,111,105
E00182903,344,164,180
E00182922,484,249,235
E00044477,305,160,145
E00044478,312,154,158
E00044479,274,139,135
E00044482,212,115,97
E00044487,329,163,166
E00044839,310,143,167
E00044847,332,152,180
E00044852,389,180,209
E00044865,337,169,168
E00044842,276,136,140
E00044845,321,160,161
E00044850,302,153,149
E00044851,318,166,152
E00044855,248,142,106
E00044846,288,147,141
E00044848,261,129,132
E00044854,310,158,152
E00044857,212,110,102
E00044864,261,137,124
E00044903,206,103,103
E00044911,235,122,113
E00044917,263,137,126
E00044919,282,134,148
E00044921,225,114,111
E00044922,226,118,108
E00044923,301,140,161
E00044928,269,135,134
E00044930,365,190,175
E00044932,284,153,131
E00044908,260,141,119
E00044912,199,119,80
E00044915,267,130,137
E00044918,283,143,140
E00044920,291,155,136
E00044902,284,152,132
E00044937,294,152,142
E00044938,227,120,107
E00044940,327,167,160
E00044942,276,159,117
E00044899,286,137,149
E00044900,294,160,134
E00044904,297,148,149
E00044909,255,130,125
E00044985,232,104,128
E00044987,277,134,143
E00044991,239,116,123
E00044993,289,144,145
E00044996,243,112,131
E00044998,262,143,119
E00044990,257,123,134
E00044992,276,152,124
E00044995,276,138,138
E00044997,290,144,146
E00044986,308,156,152
E00044988,245,133,112
E00044989,339,172,167
E00044994,328,175,153
E00045001,261,127,134
E00045004,251,137,114
E00045006,301,155,146
E00045010,286,139,147
E00045012,229,109,120
E00045002,262,137,125
E00045003,216,110,106
E00045007,336,178,158
E00045008,344,180,164
E00045011,222,109,113
E00044984,236,123,113
E00045000,280,142,138
E00045005,242,131,111
E00045014,287,150,137
E00182873,403,205,198
E00182901,204,97,107
E00044323,269,138,131
E00044324,289,161,128
E00044325,372,204,168
E00044327,372,207,165
E00044331,347,180,167
E00044337,272,150,122
E00044338,273,147,126
E00044340,224,115,109
E00044341,215,128,87
E00044346,233,127,106
E00170205,201,109,92
E00170206,203,104,99
E00170233,314,154,160
E00044317,288,149,139
E00044321,223,111,112
E00044343,184,83,101
E00044344,227,118,109
E00044345,219,113,106
E00044348,217,108,109
E00044349,220,101,119
E00044318,232,125,107
E00044319,260,133,127
E00044320,283,140,143
E00044322,303,157,146
E00044347,215,115,100
E00044328,338,188,150
E00044329,323,171,152
E00044330,241,136,105
E00044332,312,173,139
E00044333,113,57,56
E00044336,232,117,115
E00044339,257,138,119
E00044342,211,120,91
E00170244,218,115,103
E00044355,503,232,271
E00044358,309,152,157
E00044362,302,157,145
E00044366,318,156,162
E00044597,313,161,152
E00044598,296,150,146
E00044600,261,131,130
E00044601,284,158,126
E00044606,269,142,127
E00044580,273,141,132
E00044588,292,145,147
E00044605,282,145,137
E00044607,265,136,129
E00044609,268,129,139
E00044583,263,136,127
E00044599,256,120,136
E00044603,313,160,153
E00044604,277,153,124
E00044608,266,137,129
E00044579,272,138,134
E00044581,323,170,153
E00044591,270,137,133
E00044610,313,153,160
E00044612,318,168,150
E00044582,267,140,127
E00044584,288,146,142
E00044587,286,146,140
E00044602,214,113,101
E00044611,270,145,125
E00044856,431,207,224
E00044858,389,196,193
E00044860,375,195,180
E00044862,355,186,169
E00044810,263,131,132
E00044816,291,158,133
E00044819,274,140,134
E00044822,275,155,120
E00044827,317,174,143
E00044821,271,131,140
E00044823,293,144,149
E00044824,289,144,145
E00044825,244,115,129
E00044826,303,151,152
E00044799,242,137,105
E00044801,307,157,150
E00044802,269,153,116
E00044828,156,83,73
E00044830,241,124,117
E00044831,281,150,131
E00044800,243,130,113
E00044803,325,169,156
E00044804,281,144,137
E00044829,271,140,131
E00044832,259,140,119
E00044811,264,123,141
E00044812,356,194,162
E00044813,278,145,133
E00044817,269,141,128
E00044798,368,200,168
E00044805,327,167,160
E00044806,284,155,129
E00044808,276,159,117
E00044815,274,154,120
E00044807,196,95,101
E00044809,191,81,110
E00044814,330,170,160
E00044818,257,130,127
E00044820,304,158,146
E00044363,286,136,150
E00044364,287,154,133
E00044365,351,177,174
E00044367,301,151,150
E00044368,269,133,136
E00044354,255,131,124
E00044369,211,110,101
E00044370,364,179,185
E00044371,305,157,148
E00044372,266,135,131
E00044585,352,175,177
E00044589,206,115,91
E00044590,256,129,127
E00044593,257,139,118
E00044596,261,135,126
E00044578,336,178,158
E00044592,294,150,144
E00044594,385,204,181
E00044595,291,165,126
E00182871,247,131,116
E00182909,385,191,194
E00044683,278,148,130
E00044684,348,175,173
E00044687,243,122,121
E00170216,387,209,178
E00170217,368,183,185
E00045017,260,132,128
E00045018,305,152,153
E00045020,274,146,128
E00045022,297,156,141
E00045026,298,151,147
E00045009,266,137,129
E00045016,266,137,129
E00045019,255,135,120
E00045021,261,128,133
E00045025,240,119,121
E00045029,287,151,136
E00045035,313,159,154
E00045037,343,168,175
E00045038,587,296,291
E00045032,333,163,170
E00045036,302,160,142
E00045039,340,175,165
E00045040,235,110,125
E00045013,317,171,146
E00045024,303,165,138
E00045027,243,136,107
E00045028,231,116,115
E00045034,231,116,115
E00045015,262,134,128
E00045023,212,123,89
E00045030,326,167,159
E00045031,337,172,165
E00045033,232,117,115
E00044543,238,126,112
E00044549,247,144,103
E00044550,254,135,119
E00044576,262,139,123
E00044577,277,162,115
E00044559,348,196,152
E00044560,316,174,142
E00044561,275,144,131
E00044562,295,156,139
E00044545,107,49,58
E00044563,157,80,77
E00044566,207,104,103
E00044570,230,120,110
E00044571,235,118,117
E00044574,221,107,114
E00044575,241,135,106
E00044564,248,132,116
E00044567,249,132,117
E00044568,279,152,127
E00044569,288,152,136
E00044573,258,138,120
E00044699,314,182,132
E00044700,271,144,127
E00044703,234,112,122
E00044704,273,148,125
E00044733,230,130,100
E00044735,242,128,114
E00044695,301,162,139
E00044701,382,194,188
E00044707,289,139,150
E00044711,279,140,139
E00044734,212,112,100
E00044696,345,184,161
E00044702,260,130,130
E00044705,242,117,125
E00044712,362,198,164
E00044716,406,217,189
E00044697,201,117,84
E00044706,297,153,144
E00044710,264,129,135
E00044714,264,137,127
E00044715,304,159,145
E00044698,224,108,116
E00044717,261,131,130
E00044720,289,142,147
E00044721,303,152,151
E00044728,316,154,162
E00170248,265,141,124
E00182878,420,251,169
E00182920,211,114,97
E00044516,307,169,138
E00044517,301,164,137
E00044518,252,127,125
E00044522,278,145,133
E00044523,297,156,141
E00044498,248,129,119
E00044519,421,212,209
E00044520,254,141,113
E00044521,238,121,117
E00044524,298,167,131
E00044525,240,143,97
E00044529,253,118,135
E00044530,335,168,167
E00044531,404,189,215
E00170212,489,238,251
E00170213,264,131,133
E00170229,269,140,129
E00182879,321,174,147
E00182888,379,207,172
E00044532,240,127,113
E00044535,287,148,139
E00170235,620,299,321
E00170236,279,146,133
E00170247,558,291,267
E00044502,377,194,183
E00044533,384,195,189
E00044534,212,107,105
E00044537,377,199,178
E00044538,311,165,146
E00044542,305,156,149
E00044544,282,158,124
E00044547,271,139,132
E00044554,178,104,74
E00044565,323,163,160
E00044546,285,156,129
E00044548,283,139,144
E00044551,262,137,125
E00044555,221,107,114
E00044572,249,140,109
E00044552,287,154,133
E00044553,305,149,156
E00044556,253,135,118
E00044557,257,135,122
E00044558,267,141,126
E00044708,258,133,125
E00044709,261,144,117
E00044713,281,142,139
E00044724,264,130,134
E00044726,278,141,137
E00044718,316,165,151
E00044725,273,142,131
E00044730,254,126,128
E00044731,240,113,127
E00044732,424,213,211
E00044655,240,127,113
E00044659,157,69,88
E00044662,261,138,123
E00044666,254,131,123
E00044670,263,155,108
E00044671,174,93,81
E00044672,273,151,122
E00044656,309,158,151
E00044663,273,143,130
E00044664,282,140,142
E00044673,251,136,115
E00170209,324,164,160
E00170215,290,148,142
E00044649,275,139,136
E00044685,310,163,147
E00044689,325,170,155
E00044690,311,143,168
E00044692,304,153,151
E00044652,249,125,124
E00044653,286,142,144
E00044658,452,222,230
E00044660,263,129,134
E00044693,277,146,131
E00044674,269,138,131
E00044676,250,130,120
E00170207,426,211,215
E00170208,286,146,140
E00182923,229,118,111
E00182924,136,69,67
E00182925,129,69,60
E00182865,311,160,151
E00182867,150,74,76
E00182869,338,177,161
E00182875,522,254,268
E00182884,238,113,125
E00044500,302,158,144
E00044511,213,108,105
E00044528,304,156,148
E00044540,411,226,185
E00044541,302,152,150
E00044499,319,177,142
E00044501,247,139,108
E00044526,220,109,111
E00044527,262,139,123
E00044536,305,165,140
E00044497,361,179,182
E00044505,263,132,131
E00044508,311,161,150
E00044509,148,75,73
E00044513,166,85,81
E00044510,291,161,130
E00044512,277,136,141
E00044514,287,133,154
E00044515,291,147,144
E00044539,322,155,167
E00044243,235,113,122
E00044249,280,143,137
E00044250,268,127,141
E00044251,241,123,118
E00044252,297,148,149
E00044242,362,192,170
E00044246,259,135,124
E00044247,348,171,177
E00044248,267,126,141
E00044271,322,170,152
E00044651,510,241,269
E00044665,356,188,168
E00044669,269,137,132
E00044675,474,244,230
E00044677,287,151,136
E00044650,328,160,168
E00044657,294,159,135
E00044661,310,156,154
E00044668,287,151,136
E00165666,415,222,193
E00044682,252,129,123
E00044686,341,184,157
E00044688,238,129,109
E00044691,238,118,120
E00165667,184,93,91
E00044430,203,115,88
E00044438,283,150,133
E00044441,160,90,70
E00044445,310,149,161
E00044449,375,176,199
E00170221,306,147,159
E00170228,380,187,193
E00044451,375,193,182
E00044452,265,140,125
E00044457,222,123,99
E00170240,605,304,301
E00044427,428,198,230
E00044433,267,149,118
E00044454,330,176,154
E00044455,610,303,307
E00044460,371,190,181
E00044425,271,141,130
E00044426,303,156,147
E00044458,360,193,167
E00170239,352,174,178
E00044428,318,150,168
E00044431,310,156,154
E00044434,260,129,131
E00044440,190,84,106
E00044446,191,97,94
E00044244,294,165,129
E00044257,334,168,166
E00044260,297,149,148
E00182881,492,272,220
E00182905,129,66,63
E00044253,249,135,114
E00044254,237,126,111
E00044256,336,166,170
E00044259,220,118,102
E00044262,298,161,137
E00044263,261,133,128
E00044267,233,119,114
E00044268,451,225,226
E00044269,269,135,134
E00044270,246,127,119
E00044245,483,244,239
E00044261,291,146,145
E00044264,268,149,119
E00044265,285,169,116
E00044266,241,140,101
E00044442,277,146,131
E00044443,255,141,114
E00044444,250,141,109
E00044447,251,134,117
E00044448,236,119,117
E00044429,295,162,133
E00044432,195,104,91
E00044435,189,99,90
E00044437,232,122,110
E00044439,255,126,129
E00044461,184,103,81
E00044272,313,165,148
E00044278,322,165,157
E00044279,293,146,147
E00044281,280,140,140
E00170241,533,289,244
E00044273,241,131,110
E00044275,450,244,206
E00044276,162,73,89
E00170245,336,181,155
E00044388,243,130,113
E00044394,206,103,103
E00044396,279,138,141
E00044397,338,181,157
E00044398,210,111,99
E00044423,242,117,125
E00044389,238,123,115
E00044390,217,107,110
E00044391,238,125,113
E00044392,256,136,120
E00044422,500,250,250
E00044424,265,150,115
E00044386,290,155,135
E00044387,280,139,141
E00044393,265,133,132
E00044395,236,117,119
E00044421,382,198,184
E00044399,259,143,116
E00044401,245,135,110
E00044403,286,153,133
E00044404,240,124,116
E00044408,318,170,148
E00044409,225,113,112
E00044385,311,159,152
E00044407,175,93,82
E00044412,202,99,103
E00044413,272,132,140
E00044416,127,64,63
E00182874,130,66,64
E00182890,589,289,300
E00182910,251,135,116
E00044405,322,170,152
E00044406,237,125,112
E00044410,245,128,117
E00044411,270,133,137
E00182904,329,169,160
E00182906,204,112,92
E00044414,204,105,99
E00044415,267,138,129
E00044417,297,153,144
E00044419,229,103,126
E00044420,237,122,115
E00182870,158,81,77
E00182880,223,122,101
E00182908,520,254,266
E00041814,255,131,124
E00041830,271,147,124
E00041834,275,142,133
E00041835,273,134,139
E00041841,310,155,155
E00041816,240,126,114
E00041826,276,137,139
E00041833,262,148,114
E00041836,235,118,117
E00041838,296,159,137
E00041842,235,122,113
E00041837,265,135,130
E00041839,290,138,152
E00041840,264,135,129
E00041843,310,162,148
E00189973,321,149,172
E00189997,243,110,133
E00190001,348,176,172
E00190007,319,148,171
E00190009,323,153,170
E00041813,257,143,114
E00041818,277,146,131
E00041819,221,112,109
E00041827,220,124,96
E00041828,270,144,126
E00041829,261,132,129
E00041820,256,137,119
E00041821,267,129,138
E00041823,294,151,143
E00041824,301,157,144
E00041831,307,149,158
E00041549,378,200,178
E00041551,311,155,156
E00041552,347,174,173
E00041553,317,168,149
E00041555,298,157,141
E00189919,337,171,166
E00041539,225,130,95
E00041540,457,231,226
E00041546,240,125,115
E00041550,300,156,144
E00041554,205,104,101
E00041569,284,153,131
E00041542,245,113,132
E00041563,278,146,132
E00041564,470,237,233
E00041565,259,133,126
E00041566,396,209,187
E00041537,353,204,149
E00041538,263,134,129
E00041567,218,103,115
E00041568,220,108,112
E00041570,266,134,132
E00041541,251,128,123
E00041543,220,109,111
E00041545,208,106,102
E00041547,368,178,190
E00041562,322,185,137
E00041815,273,145,128
E00041817,297,148,149
E00041825,259,143,116
E00041832,220,110,110
E00041844,272,139,133
E00041645,454,253,201
E00041646,245,138,107
E00041647,199,115,84
E00041648,305,165,140
E00041649,573,298,275
E00041636,473,222,251
E00041651,174,80,94
E00041652,360,201,159
E00041657,223,116,107
E00189920,301,143,158
E00041785,272,125,147
E00041798,256,122,134
E00041801,281,139,142
E00041802,206,105,101
E00041804,232,112,120
E00041805,262,137,125
E00041786,282,146,136
E00041799,247,115,132
E00041800,280,136,144
E00041803,192,108,84
E00041806,217,102,115
E00041809,200,96,104
E00166214,308,170,138
E00170021,125,66,59
E00041447,278,146,132
E00041448,178,91,87
E00041453,472,236,236
E00041461,383,199,184
E00041472,286,146,140
E00041449,242,132,110
E00041451,316,159,157
E00041454,317,173,144
E00041456,242,138,104
E00041457,238,125,113
E00041455,308,163,145
E00041462,262,142,120
E00041463,245,132,113
E00041464,309,161,148
E00041465,256,144,112
E00041466,334,169,165
E00041986,339,173,166
E00041987,362,187,175
E00041988,340,172,168
E00041991,235,126,109
E00041993,252,133,119
E00041980,325,175,150
E00041983,416,216,200
E00041985,261,135,126
E00042002,306,154,152
E00042003,240,127,113
E00042006,301,145,156
E00041445,257,133,124
E00041467,295,152,143
E00041468,362,208,154
E00041469,132,61,71
E00041470,233,113,120
E00041444,323,165,158
E00041446,257,131,126
E00041452,288,145,143
E00041471,269,141,128
E00041443,271,139,132
E00041450,261,138,123
E00041458,308,157,151
E00041459,276,142,134
E00041460,424,214,210
E00041992,159,80,79
E00041995,265,131,134
E00041996,199,99,100
E00041997,280,142,138
E00041998,240,118,122
E00041999,252,132,120
E00041982,247,129,118
E00041984,231,102,129
E00041990,292,157,135
E00042004,290,139,151
E00042005,299,157,142
E00041599,344,187,157
E00041600,227,121,106
E00041629,249,149,100
E00041630,309,172,137
E00170010,268,124,144
E00170012,291,144,147
E00170013,236,127,109
E00041601,292,160,132
E00041614,230,111,119
E00041631,278,141,137
E00041632,257,149,108
E00165672,318,164,154
E00041903,259,122,137
E00041904,215,95,120
E00041907,495,237,258
E00166221,304,139,165
E00166224,243,112,131
E00189922,243,121,122
E00189949,249,113,136
E00189995,279,142,137
E00041882,281,146,135
E00041883,349,174,175
E00041885,404,164,240
E00041888,298,144,154
E00041905,387,201,186
E00041909,299,110,189
E00041394,378,188,190
E00041397,273,137,136
E00041400,301,146,155
E00041402,368,188,180
E00041415,226,93,133
E00041399,229,109,120
E00041404,308,157,151
E00041405,146,59,87
E00041406,256,106,150
E00041409,311,156,155
E00166170,108,58,50
E00166190,243,111,132
E00166195,161,68,93
E00041876,237,120,117
E00041880,256,124,132
E00041902,283,155,128
E00041908,319,158,161
E00189921,367,213,154
E00041393,290,138,152
E00041401,278,116,162
E00041407,316,166,150
E00041408,242,108,134
E00166183,138,67,71
E00166185,234,110,124
E00166201,424,204,220
E00166208,468,233,235
E00166209,205,107,98
E00166213,140,65,75
E00041910,241,104,137
E00041915,277,120,157
E00041941,263,133,130
E00041942,260,132,128
E00170026,303,143,160
E00170027,224,118,106
E00041914,263,138,125
E00041920,311,158,153
E00041924,235,126,109
E00041929,234,119,115
E00041944,344,186,158
E00041918,270,138,132
E00041919,304,150,154
E00041923,278,129,149
E00041926,335,163,172
E00041927,258,131,127
E00041916,275,133,142
E00041917,290,147,143
E00041921,210,97,113
E00041940,296,152,144
E00041943,261,130,131
E00041922,276,154,122
E00041928,299,136,163
E00041930,265,127,138
E00041931,286,149,137
E00041933,166,91,75
E00041856,291,125,166
E00041857,234,126,108
E00041858,271,130,141
E00041859,259,120,139
E00041867,202,95,107
E00041869,272,137,135
E00041873,227,114,113
E00041848,128,52,76
E00041849,264,120,144
E00041850,366,165,201
E00041852,261,118,143
E00041866,381,178,203
E00041868,254,110,144
E00041851,389,175,214
E00041853,127,60,67
E00041854,195,99,96
E00041870,211,101,110
E00041871,311,154,157
E00041875,234,118,116
E00041845,346,168,178
E00041855,193,99,94
E00041861,240,123,117
E00041864,242,116,126
E00041872,171,82,89
E00041874,297,128,169
E00041846,261,123,138
E00041847,237,133,104
E00041862,267,157,110
E00041863,221,104,117
E00041865,290,150,140
E00189941,199,112,87
E00189968,342,177,165
E00189982,308,154,154
E00041367,235,115,120
E00041368,306,153,153
E00041369,377,209,168
E00041372,248,151,97
E00041388,341,167,174
E00041575,281,153,128
E00041581,291,137,154
E00041582,367,199,168
E00041584,307,146,161
E00041585,359,190,169
E00041577,274,133,141
E00041579,311,173,138
E00041580,242,128,114
E00041591,384,217,167
E00041597,237,123,114
E00041598,247,126,121
E00041572,276,146,130
E00041574,302,163,139
E00041588,241,135,106
E00041590,270,141,129
E00041593,173,93,80
E00041595,248,127,121
E00041637,129,64,65
E00041639,245,121,124
E00041642,292,154,138
E00041650,186,88,98
E00041654,174,84,90
E00041660,232,114,118
E00041633,287,158,129
E00041635,287,160,127
E00041640,363,187,176
E00041641,317,165,152
E00041644,224,117,107
E00041634,209,109,100
E00041638,263,137,126
E00041643,276,149,127
E00041653,181,85,96
E00041658,224,117,107
E00041659,233,134,99
E00041717,247,117,130
E00041727,276,158,118
E00041746,283,150,133
E00041747,313,154,159
E00041605,314,165,149
E00041606,272,140,132
E00041620,301,165,136
E00041622,274,127,147
E00041625,253,113,140
E00041627,216,104,112
E00041607,210,110,100
E00041621,208,105,103
E00041623,284,152,132
E00041624,347,176,171
E00041626,278,141,137
E00041603,284,141,143
E00041604,252,129,123
E00041610,355,183,172
E00041611,204,107,97
E00041617,315,152,163
E00041619,211,114,97
E00041602,329,166,163
E00041608,281,149,132
E00041612,316,143,173
E00041615,270,135,135
E00041616,177,96,81
E00041618,270,141,129
E00042024,271,138,133
E00042026,250,127,123
E00042028,256,134,122
E00042029,270,138,132
E00042033,160,76,84
E00042032,206,105,101
E00042034,287,138,149
E00042035,262,128,134
E00042037,298,160,138
E00042038,291,146,145
E00042009,251,141,110
E00042019,163,92,71
E00042021,194,93,101
E00042023,288,142,146
E00042025,228,125,103
E00042027,225,122,103
E00042008,482,238,244
E00042020,194,93,101
E00042022,275,139,136
E00170020,219,120,99
E00170023,105,51,54
E00170024,299,141,158
E00170030,300,148,152
E00041718,297,161,136
E00041719,267,143,124
E00041721,421,222,199
E00041724,282,156,126
E00041728,241,122,119
E00041787,262,136,126
E00041788,298,151,147
E00041790,258,129,129
E00041810,326,182,144
E00041812,344,182,162
E00041784,319,176,143
E00041789,274,139,135
E00041791,243,124,119
E00041792,242,127,115
E00041807,237,132,105
E00041811,255,132,123
E00041793,314,166,148
E00041794,292,160,132
E00041795,296,145,151
E00041796,389,205,184
E00041797,315,156,159
E00042010,478,263,215
E00042011,281,154,127
E00042012,294,167,127
E00042030,215,109,106
E00042031,299,166,133
E00042013,331,166,165
E00042014,264,147,117
E00042036,283,156,127
E00042039,310,165,145
E00042041,218,119,99
E00041661,400,215,185
E00041665,421,198,223
E00041671,321,164,157
E00041687,258,136,122
E00041688,234,119,115
E00041751,273,140,133
E00041756,235,119,116
E00041759,305,161,144
E00041777,249,131,118
E00041779,278,138,140
E00041752,230,122,108
E00041754,281,142,139
E00041769,189,100,89
E00041770,156,72,84
E00041772,265,144,121
E00041774,311,160,151
E00041753,333,172,161
E00041767,294,148,146
E00041768,270,128,142
E00041771,333,168,165
E00041773,333,168,165
E00041755,367,202,165
E00041776,265,132,133
E00041778,327,163,164
E00041782,204,89,115
E00041783,282,144,138
E00041911,377,190,187
E00041913,344,174,170
E00041925,303,147,156
E00041932,203,116,87
E00041934,257,130,127
E00041950,314,162,152
E00041956,292,153,139
E00041960,312,161,151
E00041962,277,149,128
E00041963,269,144,125
E00041952,291,145,146
E00041953,247,128,119
E00041958,207,118,89
E00041959,255,134,121
E00041979,280,144,136
E00041947,301,147,154
E00041948,233,119,114
E00041949,248,139,109
E00041954,245,123,122
E00041957,307,159,148
E00041951,260,146,114
E00041955,265,133,132
E00041976,304,153,151
E00041977,280,152,128
E00041978,298,156,142
E00041720,279,149,130
E00041725,211,112,99
E00041729,259,132,127
E00041730,256,133,123
E00041749,231,124,107
E00041726,285,144,141
E00041731,388,198,190
E00041736,255,135,120
E00041748,427,225,202
E00041722,220,116,104
E00041737,254,126,128
E00041739,262,132,130
E00041740,309,158,151
E00041741,332,184,148
E00041732,190,109,81
E00041733,201,99,102
E00041734,221,102,119
E00041735,291,142,149
E00041738,308,150,158
E00042015,334,174,160
E00042016,287,154,133
E00042017,294,151,143
E00042018,230,123,107
E00042040,230,123,107
E00041879,300,161,139
E00041892,231,124,107
E00041895,306,157,149
E00041896,174,90,84
E00041897,272,140,132
E00041898,350,181,169
E00041877,360,178,182
E00041884,243,121,122
E00041887,265,135,130
E00041893,336,172,164
E00041894,286,145,141
E00041878,262,138,124
E00041886,274,135,139
E00041889,234,123,111
E00041890,278,137,141
E00041891,330,171,159
E00041912,271,132,139
E00041935,311,155,156
E00041936,286,141,145
E00041937,232,129,103
E00041938,290,147,143
E00041961,312,167,145
E00041964,296,154,142
E00041967,449,228,221
E00041969,299,152,147
E00041973,251,133,118
E00041946,401,208,193
E00041965,262,136,126
E00041966,250,133,117
E00041968,264,128,136
E00041975,233,124,109
E00041945,294,151,143
E00041970,257,144,113
E00041971,272,145,127
E00041972,247,134,113
E00041974,285,154,131
E00041506,328,178,150
E00041512,366,183,183
E00041513,324,183,141
E00041514,265,135,130
E00041509,221,110,111
E00041510,287,155,132
E00041518,258,129,129
E00041519,308,169,139
E00041524,285,145,140
E00041750,191,104,87
E00041758,207,103,104
E00041761,254,124,130
E00041762,241,118,123
E00041763,353,177,176
E00041764,281,141,140
E00041765,297,147,150
E00041766,244,126,118
E00041757,337,161,176
E00041760,290,147,143
E00041775,279,140,139
E00041780,368,190,178
E00041781,253,131,122
E00041679,310,157,153
E00041680,307,162,145
E00041681,212,121,91
E00041682,216,120,96
E00041683,304,160,144
E00041684,182,95,87
E00041666,234,120,114
E00041667,205,67,138
E00041668,278,154,124
E00166169,514,286,228
E00041662,314,169,145
E00041670,362,178,184
E00041672,348,184,164
E00041675,284,146,138
E00041676,318,169,149
E00041678,201,105,96
E00041689,308,154,154
E00041690,244,130,114
E00041707,248,129,119
E00041714,235,130,105
E00041715,253,132,121
E00041716,271,136,135
E00041723,345,173,172
E00041742,352,183,169
E00041743,268,137,131
E00041744,373,192,181
E00041745,385,192,193
E00041477,295,151,144
E00041478,256,135,121
E00041483,251,131,120
E00041493,252,129,123
E00041504,282,154,128
E00041490,318,158,160
E00041492,301,150,151
E00041494,266,141,125
E00041496,265,137,128
E00041497,244,127,117
E00041485,271,143,128
E00041486,265,132,133
E00041487,264,135,129
E00041488,211,118,93
E00041489,312,161,151
E00041981,322,170,152
E00041989,321,160,161
E00041994,277,141,136
E00042000,274,143,131
E00042001,321,156,165
E00041520,295,169,126
E00041522,261,134,127
E00041527,288,153,135
E00041529,203,89,114
E00041530,164,71,93
E00041511,281,143,138
E00041516,283,144,139
E00041517,243,131,112
E00041526,263,134,129
E00041532,281,146,135
E00041521,188,84,104
E00041523,268,148,120
E00041525,227,95,132
E00041528,329,179,150
E00041531,228,129,99
E00041533,146,54,92
E00041507,386,195,191
E00041508,247,133,114
E00041515,252,127,125
E00041534,219,112,107
E00041535,278,147,131
E00041663,171,63,108
E00041677,228,119,109
E00041685,231,123,108
E00041686,258,131,127
E00166216,340,176,164
E00170018,234,133,101
E00041691,426,234,192
E00041694,255,130,125
E00041698,312,170,142
E00041701,347,171,176
E00041702,279,149,130
E00041693,310,152,158
E00041695,264,133,131
E00041696,358,197,161
E00041697,346,182,164
E00041699,338,180,158
E00041700,236,123,113
E00041703,248,132,116
E00041704,478,249,229
E00041706,318,179,139
E00041709,243,119,124
E00170015,238,117,121
E00189931,410,199,211
E00189935,361,176,185
E00189979,361,187,174
E00041705,276,123,153
E00041708,296,142,154
E00041710,333,168,165
E00041711,242,126,116
E00041712,276,147,129
E00041713,371,190,181
E00041417,277,155,122
E00041418,267,152,115
E00041419,284,155,129
E00041421,335,173,162
E00041424,324,159,165
E00041425,241,130,111
E00041416,310,163,147
E00041420,307,167,140
E00041423,292,166,126
E00041426,268,135,133
E00041427,328,181,147
E00041422,221,118,103
E00041429,263,136,127
E00041432,264,137,127
E00041436,266,132,134
E00041437,252,127,125
E00170016,535,278,257
E00170029,342,167,175
E00041430,375,194,181
E00041431,232,123,109
E00041433,216,99,117
E00041434,254,126,128
E00041435,355,192,163
E00041438,306,155,151
E00041439,268,152,116
E00041440,321,165,156
E00041441,305,156,149
E00041442,273,136,137
E00041378,250,123,127
E00041381,222,106,116
E00041382,117,30,87
E00041383,270,145,125
E00041386,459,210,249
E00166172,215,96,119
E00166174,154,69,85
E00166175,207,102,105
E00166187,207,91,116
E00166188,146,64,82
E00041366,205,93,112
E00041385,210,102,108
E00041389,194,92,102
E00041390,384,193,191
E00166179,516,247,269
E00041377,192,65,127
E00166180,821,354,467
E00189916,239,104,135
E00189917,133,26,107
E00189918,239,101,138
E00166192,164,65,99
E00166196,178,82,96
E00166198,130,57,73
E00166200,204,79,125
E00189946,197,75,122
E00189950,223,98,125
E00041395,471,307,164
E00041410,223,95,128
E00041411,121,53,68
E00041413,189,88,101
E00041414,212,110,102
E00041363,186,83,103
E00041364,418,195,223
E00041371,351,189,162
E00041384,397,179,218
E00166182,462,230,232
E00166211,241,106,135
E00041571,204,108,96
E00041573,373,186,187
E00041586,289,134,155
E00041587,263,128,135
E00041589,249,112,137
E00041596,231,114,117
E00041576,297,170,127
E00041578,358,192,166
E00041583,240,121,119
E00041592,286,157,129
E00041594,283,151,132
E00041473,303,165,138
E00041476,241,127,114
E00041491,286,146,140
E00041495,314,162,152
E00041499,297,170,127
E00041474,250,121,129
E00041498,429,229,200
E00041500,238,107,131
E00041501,240,113,127
E00041502,225,120,105
E00041503,199,99,100
E00041505,198,99,99
E00041536,353,186,167
E00041556,182,85,97
E00041557,569,290,279
E00041558,271,137,134
E00041559,248,126,122
E00041560,208,109,99
E00041561,286,140,146
E00041475,278,146,132
E00041479,180,91,89
E00041480,295,148,147
E00041481,235,128,107
E00041482,274,138,136
E00190012,294,154,140
E00062516,509,240,269
E00062519,298,152,146
E00062521,306,157,149
E00170545,587,290,297
E00170546,563,274,289
E00170559,348,162,186
E00170563,296,147,149
E00062515,322,157,165
E00062520,270,141,129
E00062523,298,154,144
E00170544,415,191,224
E00170548,269,138,131
E00188821,388,187,201
E00188857,291,148,143
E00188860,338,179,159
E00188911,295,153,142
E00062514,237,118,119
E00062517,256,127,129
E00062527,390,196,194
E00062529,423,213,210
E00062530,296,142,154
E00062608,245,127,118
E00062610,262,132,130
E00062611,273,149,124
E00062613,280,151,129
E00062618,249,129,120
E00062423,431,217,214
E00062424,277,150,127
E00062434,245,125,120
E00170532,306,159,147
E00170534,315,162,153
E00170535,254,124,130
E00170536,314,149,165
E00170538,297,145,152
E00170562,265,126,139
E00062426,275,139,136
E00062428,323,155,168
E00062429,285,134,151
E00170549,287,141,146
E00170561,331,166,165
E00062422,360,185,175
E00062431,493,241,252
E00170547,248,121,127
E00170550,150,72,78
E00170551,585,301,284
E00170552,412,202,210
E00170553,260,130,130
E00170555,283,135,148
E00062643,290,150,140
E00062646,296,145,151
E00062653,307,157,150
E00062661,289,147,142
E00062642,307,161,146
E00062650,226,114,112
E00062651,235,126,109
E00062652,294,156,138
E00062658,213,101,112
E00062390,260,127,133
E00062391,283,149,134
E00062393,437,237,200
E00062405,316,162,154
E00062407,518,269,249
E00062409,204,106,98
E00062606,279,146,133
E00062607,225,113,112
E00062609,278,131,147
E00062612,300,156,144
E00062603,178,75,103
E00062604,339,179,160
E00062605,263,121,142
E00062614,430,201,229
E00188885,315,156,159
E00188927,251,128,123
E00062617,307,156,151
E00062619,287,148,139
E00062620,227,121,106
E00062621,309,162,147
E00062622,314,158,156
E00062601,313,149,164
E00062615,287,148,139
E00062616,244,115,129
E00062623,281,140,141
E00062435,273,141,132
E00062436,264,126,138
E00062438,419,227,192
E00062441,265,131,134
E00062443,231,113,118
E00062455,271,145,126
E00062498,370,204,166
E00062500,322,172,150
E00062501,307,161,146
E00062505,278,134,144
E00062508,315,157,158
E00062659,246,131,115
E00062663,280,154,126
E00062664,300,175,125
E00062665,278,137,141
E00062654,211,123,88
E00062655,210,113,97
E00062656,233,126,107
E00062657,237,135,102
E00062660,230,122,108
E00062662,302,176,126
E00062644,290,158,132
E00062645,282,146,136
E00062647,298,170,128
E00062648,283,158,125
E00062649,315,167,148
E00062389,572,280,292
E00062394,350,179,171
E00062400,285,160,125
E00062406,283,141,142
E00062408,297,136,161
E00062513,282,149,133
E00062522,351,194,157
E00062524,343,171,172
E00062525,239,124,115
E00188835,355,182,173
E00188839,348,179,169
E00062666,330,172,158
E00062671,353,182,171
E00062676,314,168,146
E00062677,269,135,134
E00062680,288,137,151
E00062673,309,162,147
E00062674,368,180,188
E00062675,325,169,156
E00062684,342,170,172
E00062667,311,165,146
E00062668,505,245,260
E00062669,383,189,194
E00062670,277,136,141
E00062678,323,169,154
E00062437,254,131,123
E00062439,350,162,188
E00062440,333,175,158
E00062453,282,136,146
E00062454,302,155,147
E00062442,307,150,157
E00062444,423,223,200
E00062445,299,144,155
E00062447,315,158,157
E00062451,309,159,150
E00062446,280,150,130
E00062448,325,161,164
E00062449,273,147,126
E00062450,282,160,122
E00062452,285,146,139
E00062504,376,198,178
E00062506,348,174,174
E00062507,297,158,139
E00062509,435,208,227
E00062510,325,169,156
E00062756,246,134,112
E00062757,232,133,99
E00062759,275,141,134
E00062760,363,199,164
E00062762,376,210,166
E00062387,240,119,121
E00062388,360,179,181
E00062401,262,133,129
E00062402,250,128,122
E00062403,484,245,239
E00062404,257,133,124
E00062392,231,108,123
E00062395,315,154,161
E00062396,467,234,233
E00062397,290,147,143
E00062398,268,139,129
E00062399,271,137,134
E00062672,400,214,186
E00062681,276,152,124
E00062682,315,148,167
E00062683,292,140,152
E00170542,363,176,187
E00170543,270,119,151
E00062748,327,158,169
E00062749,330,167,163
E00062751,184,89,95
E00062752,477,221,256
E00062753,223,100,123
E00062754,421,203,218
E00062755,306,171,135
E00062492,540,278,262
E00062494,269,139,130
E00062499,336,163,173
E00062502,307,164,143
E00062503,244,127,117
E00062493,462,249,213
E00062495,182,86,96
E00062497,421,219,202
E00062511,245,120,125
E00170537,274,152,122
E00170558,338,179,159
E00170560,215,106,109
E00062554,290,148,142
E00062555,327,156,171
E00062556,261,149,112
E00062557,303,152,151
E00062558,297,152,145
E00062559,317,164,153
E00062758,270,127,143
E00062761,289,142,147
E00062763,323,161,162
E00170533,257,123,134
E00170554,337,188,149
E00062480,687,351,336
E00062486,479,187,292
E00062490,380,203,177
E00062491,542,270,272
E00062481,614,308,306
E00062483,587,271,316
E00062485,427,216,211
E00188817,344,168,176
E00188884,352,177,175
E00188915,334,169,165
E00062482,318,148,170
E00062487,304,153,151
E00062488,272,133,139
E00062489,173,94,79
E00062709,276,145,131
E00062711,267,128,139
E00062724,243,126,117
E00062725,348,191,157
E00062726,292,160,132
E00062707,305,161,144
E00062708,355,180,175
E00062710,569,283,286
E00062712,340,163,177
E00062714,508,259,249
E00062469,491,258,233
E00062472,156,74,82
E00062473,231,119,112
E00062477,144,68,76
E00062479,247,122,125
E00170556,460,220,240
E00062470,414,214,200
E00062471,246,126,120
E00062474,175,96,79
E00062475,216,117,99
E00170539,116,61,55
E00170540,310,167,143
E00170541,138,77,61
E00062461,241,124,117
E00062462,206,110,96
E00062465,180,69,111
E00062466,311,162,149
E00062467,351,192,159
E00062468,285,149,136
E00062764,392,203,189
E00062765,374,207,167
E00188893,430,228,202
E00188900,317,144,173
E00062766,316,155,161
E00062767,391,200,191
E00062769,365,199,166
E00062770,170,71,99
E00062543,259,132,127
E00062544,289,139,150
E00062547,323,165,158
E00062552,283,141,142
E00062538,299,162,137
E00062539,333,184,149
E00062540,268,138,130
E00062541,299,141,158
E00062565,281,176,105
E00062568,331,179,152
E00062573,312,169,143
E00062574,317,168,149
E00062576,277,135,142
E00062562,333,159,174
E00062575,287,149,138
E00062577,273,134,139
E00062578,240,124,116
E00062580,238,118,120
E00062561,347,174,173
E00062563,312,151,161
E00062566,290,148,142
E00062567,531,290,241
E00062570,281,139,142
E00062579,322,153,169
E00062624,373,183,190
E00062630,419,207,212
E00062632,443,219,224
E00062637,352,168,184
E00062639,250,131,119
E00062626,271,128,143
E00062628,396,192,204
E00062629,271,135,136
E00062631,258,132,126
E00062694,230,119,111
E00062695,279,158,121
E00062696,329,167,162
E00062697,249,137,112
E00062698,288,153,135
E00062701,281,146,135
E00062702,268,130,138
E00062703,295,151,144
E00062705,248,117,131
E00170525,124,68,56
E00170526,159,59,100
E00170531,213,95,118
E00062686,351,190,161
E00062687,315,132,183
E00062689,231,119,112
E00062690,227,104,123
E00170524,259,131,128
E00170528,284,134,150
E00188803,218,112,106
E00188879,225,87,138
E00170527,402,201,201
E00170530,226,81,145
E00188788,327,170,157
E00188896,314,138,176
E00062685,308,158,150
E00062688,255,133,122
E00062691,196,104,92
E00062692,252,122,130
E00062693,268,138,130
E00062456,266,140,126
E00062459,246,119,127
E00062460,195,102,93
E00062463,311,168,143
E00062464,273,147,126
E00062478,239,122,117
E00062532,328,161,167
E00062545,245,132,113
E00062550,305,145,160
E00062551,300,145,155
E00062553,226,109,117
E00062534,362,203,159
E00062542,323,190,133
E00062546,274,146,128
E00062548,352,190,162
E00062549,306,167,139
E00062531,289,155,134
E00062533,260,140,120
E00062535,249,127,122
E00062536,267,138,129
E00062537,265,147,118
E00062560,319,167,152
E00062564,300,158,142
E00062569,340,174,166
E00062571,554,279,275
E00062572,312,167,145
E00062582,434,228,206
E00062587,378,209,169
E00062591,339,182,157
E00062595,272,153,119
E00062597,382,191,191
E00062713,230,121,109
E00062715,234,117,117
E00062716,314,168,146
E00062717,236,128,108
E00062718,302,163,139
E00062719,253,139,114
E00062720,351,162,189
E00062721,334,183,151
E00062722,325,163,162
E00062723,314,167,147
E00062734,276,139,137
E00062735,264,136,128
E00062738,370,196,174
E00062744,334,170,164
E00062737,285,162,123
E00062739,328,174,154
E00062743,289,149,140
E00062746,220,117,103
E00062728,263,139,124
E00062730,299,151,148
E00062731,309,162,147
E00062733,318,166,152
E00062583,318,170,148
E00062585,269,140,129
E00062586,231,118,113
E00062592,251,126,125
E00062600,325,176,149
E00062581,330,178,152
E00062584,345,184,161
E00062589,322,179,143
E00062590,250,145,105
E00188762,183,54,129
E00188772,250,101,149
E00062593,246,126,120
E00062594,323,179,144
E00062596,260,144,116
E00062598,260,128,132
E00062599,226,114,112
E00062736,317,175,142
E00062740,269,152,117
E00062741,352,188,164
E00062742,330,175,155
E00062727,307,166,141
E00062729,258,122,136
E00062732,329,182,147
E00062745,303,165,138
E00062747,242,143,99
E00062412,317,165,152
E00062413,301,148,153
E00062417,303,154,149
E00062418,288,143,145
E00062410,306,165,141
E00062411,303,156,147
E00062415,207,106,101
E00062416,294,145,149
E00062414,309,155,154
E00062419,287,147,140
E00062420,282,155,127
E00062421,334,170,164
E00062634,323,172,151
E00062635,352,167,185
E00062636,332,167,165
E00062638,302,146,156
E00062625,323,171,152
E00062627,267,137,130
E00062633,277,146,131
E00062640,250,126,124
E00062641,296,149,147
E00062909,343,174,169
E00062911,296,146,150
E00062912,237,121,116
E00173152,143,77,66
E00188925,1052,59,993
E00188932,133,64,69
E00062895,317,159,158
E00062896,275,144,131
E00062897,344,180,164
E00062898,341,178,163
E00062899,317,164,153
E00062901,270,141,129
E00062920,284,147,137
E00062921,350,171,179
E00062922,460,230,230
E00062923,229,111,118
E00062929,295,151,144
E00062904,471,230,241
E00062910,291,149,142
E00062924,260,138,122
E00062925,313,147,166
E00062927,278,146,132
E00062902,354,181,173
E00062905,312,171,141
E00062908,326,161,165
E00062926,285,144,141
E00062928,309,179,130
E00062903,274,155,119
E00062907,286,153,133
E00062913,243,152,91
E00062915,252,127,125
E00062916,352,182,170
E00062917,247,137,110
E00062918,293,151,142
E00062919,338,178,160
E00165700,256,123,133
E00165701,354,180,174
E00063301,332,179,153
E00063302,369,176,193
E00063303,361,190,171
E00063304,304,145,159
E00063305,306,157,149
E00063306,327,171,156
E00062878,317,176,141
E00062879,295,148,147
E00062882,284,140,144
E00062883,284,140,144
E00062890,354,210,144
E00062891,463,240,223
E00062893,280,143,137
E00062894,334,175,159
E00173153,329,166,163
E00173154,310,167,143
E00173155,344,161,183
E00062877,242,117,125
E00062880,277,148,129
E00062881,435,225,210
E00062886,215,110,105
E00062889,300,168,132
E00062884,272,137,135
E00062885,290,142,148
E00062887,285,143,142
E00062888,311,164,147
E00062855,334,164,170
E00165707,379,187,192
E00165708,172,96,76
E00165709,555,286,269
E00062839,235,123,112
E00062844,240,117,123
E00062845,189,94,95
E00062875,308,162,146
E00062876,256,130,126
E00062840,267,136,131
E00062842,280,153,127
E00062856,264,141,123
E00062859,249,121,128
E00062847,298,145,153
E00062848,310,162,148
E00062849,249,131,118
E00062850,230,112,118
E00062852,280,149,131
E00062867,373,191,182
E00062869,217,118,99
E00062870,261,137,124
E00062873,269,137,132
E00173151,399,183,216
E00062838,383,197,186
E00062843,323,164,159
E00062846,302,149,153
E00062874,237,131,106
E00062853,264,128,136
E00062857,142,62,80
E00062862,308,141,167
E00062865,237,111,126
E00062868,249,121,128
E00062841,263,137,126
E00062858,320,169,151
E00062860,259,127,132
E00062861,303,169,134
E00062864,410,209,201
E00063146,375,198,177
E00063147,340,162,178
E00063165,268,127,141
E00063166,324,161,163
E00063168,414,189,225
E00063210,309,158,151
E00063222,297,154,143
E00063223,273,134,139
E00063226,226,119,107
E00063228,379,195,184
E00063220,342,166,176
E00063224,282,142,140
E00063227,292,154,138
E00063230,299,156,143
E00063231,270,137,133
E00063233,312,183,129
E00063211,246,128,118
E00063216,306,158,148
E00063217,183,101,82
E00063218,301,161,140
E00063219,249,124,125
E00063221,276,146,130
E00063212,213,105,108
E00063213,231,120,111
E00063214,254,137,117
E00063215,312,148,164
E00063238,251,135,116
E00063239,244,121,123
E00063240,264,141,123
E00063241,255,137,118
E00063242,298,155,143
E00063246,259,127,132
E00063247,261,140,121
E00063259,280,145,135
E00063260,274,146,128
E00063261,461,231,230
E00063266,312,148,164
E00063249,273,128,145
E00063255,310,158,152
E00063256,284,146,138
E00063258,343,177,166
E00063248,231,117,114
E00063250,311,152,159
E00063251,237,120,117
E00063252,297,146,151
E00063254,306,162,144
E00063268,262,129,133
E00063270,250,124,126
E00063271,276,141,135
E00172876,188,104,84
E00173150,349,195,154
E00063253,280,136,144
E00063265,318,176,142
E00063274,251,127,124
E00063276,292,151,141
E00063277,321,161,160
E00063169,339,178,161
E00063171,288,145,143
E00063172,309,152,157
E00063173,317,175,142
E00063178,306,154,152
E00063167,290,148,142
E00063176,180,81,99
E00063177,297,151,146
E00063179,330,173,157
E00063180,297,151,146
E00063225,287,147,140
E00063229,315,165,150
E00063243,288,149,139
E00063244,305,159,146
E00063245,300,153,147
E00063232,297,147,150
E00063234,311,164,147
E00063235,299,144,155
E00063236,337,183,154
E00063237,278,129,149
E00063262,183,97,86
E00063263,351,180,171
E00063264,397,214,183
E00063269,431,227,204
E00063272,276,153,123
E00063267,425,222,203
E00063273,200,100,100
E00063275,365,199,166
E00063278,302,170,132
E00063279,311,145,166
E00063352,319,167,152
E00063362,382,196,186
E00063366,248,127,121
E00063367,221,103,118
E00063368,303,160,143
E00063363,552,264,288
E00063364,361,167,194
E00188774,102,46,56
E00188822,237,127,110
E00188832,357,178,179
E00188861,301,162,139
E00188902,340,172,168
E00063382,572,276,296
E00063392,346,180,166
E00172896,345,175,170
E00063374,356,183,173
E00173168,311,154,157
E00188771,328,160,168
E00188804,291,153,138
E00188868,317,153,164
E00063375,313,157,156
E00188827,297,143,154
E00188831,302,148,154
E00188877,259,125,134
E00188891,379,190,189
E00172895,396,183,213
E00188775,433,229,204
E00188823,288,151,137
E00188887,386,205,181
E00063390,363,199,164
E00188783,177,98,79
E00188845,329,167,162
E00188853,342,162,180
E00188890,384,195,189
E00063354,323,161,162
E00063360,309,144,165
E00063361,315,159,156
E00063365,399,204,195
E00063369,379,179,200
E00063353,302,155,147
E00063356,411,211,200
E00063358,283,149,134
E00063359,308,158,150
E00063370,220,108,112
E00063378,217,112,105
E00063393,572,292,280
E00172887,420,213,207
E00172889,262,127,135
E00172890,385,185,200
E00063372,333,175,158
E00063391,289,145,144
E00063394,493,241,252
E00172893,379,198,181
E00173174,294,149,145
E00063371,432,210,222
E00063380,223,111,112
E00165702,240,132,108
E00165703,254,118,136
E00063379,256,143,113
E00063384,213,114,99
E00063389,323,179,144
E00172881,394,196,198
E00173136,347,179,168
E00172882,320,165,155
E00172884,390,188,202
E00188761,312,157,155
E00188892,473,232,241
E00062932,254,129,125
E00062936,271,146,125
E00062939,271,152,119
E00062944,240,120,120
E00062945,249,132,117
E00062968,256,128,128
E00062934,301,165,136
E00062967,298,141,157
E00062969,290,124,166
E00188754,342,181,161
E00188757,169,91,78
E00188944,242,122,120
E00063148,311,156,155
E00063151,364,141,223
E00063170,289,140,149
E00063174,314,153,161
E00063175,349,186,163
E00063152,312,161,151
E00063159,292,145,147
E00063160,269,135,134
E00063161,278,141,137
E00063163,254,130,124
E00063149,307,154,153
E00063150,287,142,145
E00063153,277,143,134
E00063154,316,172,144
E00063157,303,150,153
E00063155,355,189,166
E00063156,281,163,118
E00063158,322,162,160
E00063162,253,129,124
E00063164,293,131,162
E00062930,281,135,146
E00062935,246,116,130
E00062952,339,175,164
E00062955,325,161,164
E00188834,322,164,158
E00188905,310,152,158
E00188913,388,188,200
E00063281,320,169,151
E00063283,281,140,141
E00063297,314,157,157
E00063299,314,169,145
E00063300,408,201,207
E00063294,203,105,98
E00063295,304,157,147
E00063296,339,168,171
E00063298,313,147,166
E00172878,323,152,171
E00172879,300,149,151
E00063282,315,166,149
E00063284,275,142,133
E00063286,228,121,107
E00063287,208,112,96
E00188789,333,169,164
E00188908,398,205,193
E00063288,202,113,89
E00063289,295,151,144
E00063290,249,116,133
E00063291,363,189,174
E00063292,255,129,126
E00063293,282,138,144
E00062816,392,196,196
E00062817,288,152,136
E00062818,517,270,247
E00062819,292,159,133
E00062820,369,192,177
E00062827,333,173,160
E00062828,258,130,128
E00062829,489,242,247
E00062830,389,195,194
E00062831,341,160,181
E00188765,224,115,109
E00188842,305,147,158
E00188864,267,127,140
E00062821,404,228,176
E00062823,273,148,125
E00062824,293,130,163
E00062825,165,75,90
E00062826,238,117,121
E00188862,303,151,152
E00188933,350,183,167
E00062810,286,143,143
E00062811,268,129,139
E00062833,250,125,125
E00062834,258,118,140
E00062835,279,120,159
E00062837,360,188,172
E00063310,351,184,167
E00063314,297,144,153
E00063316,303,156,147
E00063319,288,144,144
E00063321,293,142,151
E00063315,129,68,61
E00063318,249,142,107
E00063320,311,159,152
E00063324,346,159,187
E00063325,364,185,179
E00063307,305,149,156
E00063308,320,168,152
E00063323,316,166,150
E00063326,306,158,148
E00063309,333,166,167
E00063311,328,157,171
E00063327,322,170,152
E00063329,342,166,176
E00063312,302,153,149
E00063313,273,147,126
E00063317,273,127,146
E00063322,291,149,142
E00063328,295,150,145
E00063003,148,76,72
E00063006,337,165,172
E00063013,286,143,143
E00063014,281,139,142
E00063016,342,167,175
E00063000,288,140,148
E00063001,276,136,140
E00063004,265,133,132
E00063017,280,152,128
E00063019,270,139,131
E00063002,321,166,155
E00063005,321,158,163
E00063008,456,239,217
E00063009,248,128,120
E00063010,325,167,158
E00063007,481,246,235
E00063011,320,158,162
E00063012,494,252,242
E00063015,335,164,171
E00063018,292,155,137
E00063028,380,196,184
E00063042,334,167,167
E00063044,387,197,190
E00063045,281,143,138
E00063021,385,190,195
E00063022,418,195,223
E00063033,287,143,144
E00063035,507,246,261
E00063024,311,160,151
E00063025,263,130,133
E00063029,246,130,116
E00063031,295,150,145
E00063047,274,137,137
E00063027,304,163,141
E00063038,277,146,131
E00063041,305,159,146
E00063043,332,184,148
E00063036,318,167,151
E00063039,237,129,108
E00063046,316,164,152
E00063048,307,157,150
E00063050,355,176,179
E00063020,330,169,161
E00063037,318,160,158
E00063049,276,138,138
E00172886,337,179,158
E00172898,446,241,205
E00173178,112,61,51
E00063023,294,140,154
E00063026,261,121,140
E00063030,319,165,154
E00063032,291,151,140
E00063034,212,105,107
E00062949,275,140,135
E00062950,322,164,158
E00062951,169,78,91
E00062960,333,152,181
E00062961,316,162,154
E00062962,249,124,125
E00062963,420,216,204
E00062964,236,119,117
E00062965,262,121,141
E00173147,292,133,159
E00173157,197,79,118
E00173160,254,120,134
E00188847,280,133,147
E00188940,327,167,160
E00063087,167,75,92
E00063092,348,171,177
E00063093,264,125,139
E00063099,297,111,186
E00063100,294,150,144
E00188808,274,137,137
E00188810,315,170,145
E00188824,272,143,129
E00063088,246,122,124
E00063089,283,148,135
E00063095,282,147,135
E00063096,263,138,125
E00063097,236,117,119
E00063098,294,149,145
E00062954,263,140,123
E00173138,268,142,126
E00173139,586,287,299
E00173140,267,134,133
E00173143,218,113,105
E00173144,170,80,90
E00173145,249,123,126
E00173158,386,199,187
E00062940,307,156,151
E00062941,256,130,126
E00062942,294,142,152
E00062947,253,130,123
E00062805,417,216,201
E00062809,293,151,142
E00062814,280,129,151
E00062815,317,145,172
E00173161,311,153,158
E00173162,233,106,127
E00173171,367,177,190
E00173176,434,224,210
E00062937,205,91,114
E00062943,201,104,97
E00062946,201,107,94
E00062948,298,148,150
E00062953,221,115,106
E00062956,255,126,129
E00062957,249,119,130
E00063091,270,140,130
E00063107,261,140,121
E00063108,219,119,100
E00063110,186,100,86
E00173141,215,109,106
E00173159,366,183,183
E00188768,221,104,117
E00188818,267,137,130
E00188863,230,117,113
E00063094,355,169,186
E00063101,250,125,125
E00063102,196,106,90
E00063104,240,117,123
E00063105,250,132,118
E00063106,212,115,97
E00062804,189,93,96
E00173142,305,119,186
E00173156,245,97,148
E00188787,282,103,179
E00188807,186,60,126
E00188865,187,88,99
E00188943,202,96,106
E00062807,261,124,137
E00062808,283,125,158
E00062812,282,141,141
E00173148,273,116,157
E00173149,280,137,143
E00173163,241,102,139
E00063182,251,128,123
E00063201,309,151,158
E00063202,299,155,144
E00063205,313,166,147
E00063206,314,163,151
E00063183,313,165,148
E00063187,238,131,107
E00063207,308,148,160
E00063209,314,167,147
E00063184,278,144,134
E00063190,346,169,177
E00063203,308,153,155
E00063204,298,149,149
E00063208,179,95,84
E00063181,115,58,57
E00063185,360,187,173
E00063186,278,149,129
E00063188,336,164,172
E00063189,248,131,117
E00063191,366,187,179
E00063192,313,166,147
E00063195,265,151,114
E00063197,283,156,127
E00063200,273,137,136
E00063193,216,116,100
E00063194,245,127,118
E00063196,268,142,126
E00063198,306,156,150
E00063199,281,148,133
E00063063,224,116,108
E00063064,261,132,129
E00165704,431,222,209
E00165705,237,115,122
E00165706,254,131,123
E00063068,419,221,198
E00063070,317,163,154
E00063071,323,155,168
E00063072,346,176,170
E00063074,194,86,108
E00063061,254,126,128
E00063077,293,154,139
E00063078,320,148,172
E00063080,313,135,178
E00063081,422,201,221
E00063086,229,118,111
E00063060,445,245,200
E00063073,250,126,124
E00063075,233,111,122
E00063076,234,111,123
E00063079,271,136,135
E00063082,265,135,130
E00063062,416,217,199
E00188806,265,127,138
E00188867,341,177,164
E00188888,351,167,184
E00188936,354,184,170
E00063083,254,131,123
E00063084,417,206,211
E00063085,462,232,230
E00188784,270,146,124
E00063133,302,164,138
E00063134,499,259,240
E00063137,366,211,155
E00063139,533,279,254
E00063140,298,159,139
E00063111,247,134,113
E00063113,445,224,221
E00063126,210,119,91
E00063131,450,229,221
E00063135,508,269,239
E00063115,292,155,137
E00063123,359,182,177
E00063130,268,136,132
E00063132,322,170,152
E00063138,298,155,143
E00063118,303,165,138
E00063127,255,135,120
E00063128,180,89,91
E00063129,274,141,133
E00063136,322,170,152
E00063122,330,165,165
E00063143,381,194,187
E00063144,382,202,180
E00063145,319,161,158
E00173164,228,111,117
E00173165,236,110,126
E00173166,267,138,129
E00173167,177,95,82
E00063114,352,184,168
E00063116,393,207,186
E00063141,377,199,178
E00063142,380,202,178
E00188777,314,170,144
E00188790,309,158,151
E00063117,287,140,147
E00063119,348,182,166
E00063120,305,153,152
E00063121,266,137,129
E00063125,278,138,140
E00062981,414,216,198
E00062985,215,106,109
E00062989,282,160,122
E00062990,309,167,142
E00062991,331,173,158
E00062984,308,147,161
E00062992,310,144,166
E00062993,196,114,82
E00062994,322,158,164
E00062995,313,155,158
E00062971,309,156,153
E00062972,305,153,152
E00062976,287,153,134
E00062998,310,150,160
E00062999,306,163,143
E00062975,241,140,101
E00062978,328,163,165
E00062979,572,287,285
E00062996,453,247,206
E00062997,260,133,127
E00062970,319,166,153
E00062980,233,130,103
E00062983,291,153,138
E00062986,312,157,155
E00062987,267,126,141
E00062787,310,159,151
E00062788,321,159,162
E00062792,159,110,49
E00062796,269,150,119
E00062797,340,169,171
E00062786,289,145,144
E00062789,280,148,132
E00165710,204,107,97
E00165711,212,109,103
E00165712,526,277,249
E00063331,244,125,119
E00063332,241,118,123
E00063338,219,118,101
E00063339,268,135,133
E00063340,237,123,114
E00063345,310,145,165
E00063342,256,128,128
E00063343,247,126,121
E00063346,337,169,168
E00063347,267,137,130
E00063348,266,142,124
E00063349,323,165,158
E00063330,264,136,128
E00063335,395,211,184
E00063336,247,120,127
E00063350,313,155,158
E00063351,333,167,166
E00063333,279,141,138
E00063334,262,137,125
E00063337,357,176,181
E00063341,250,137,113
E00063344,319,163,156
E00062774,256,122,134
E00062778,430,227,203
E00062779,619,147,472
E00062784,323,163,160
E00062973,239,115,124
E00062977,311,164,147
E00062982,340,178,162
E00062988,319,157,162
E00188794,318,174,144
E00188931,331,151,180
E00063055,274,148,126
E00063056,378,186,192
E00063057,279,143,136
E00063058,297,150,147
E00063059,340,167,173
E00063051,309,160,149
E00063053,244,121,123
E00063054,273,133,140
E00188797,337,170,167
E00188815,312,168,144
E00188852,317,166,151
E00062771,327,165,162
E00062773,307,160,147
E00062798,337,175,162
E00062801,344,162,182
E00062776,391,200,191
E00062780,353,169,184
E00062782,302,158,144
E00062783,315,167,148
E00062775,254,141,113
E00062777,330,172,158
E00062781,281,136,145
E00062785,324,168,156
E00062802,204,115,89
E00062772,308,166,142
E00062791,323,169,154
E00062794,266,141,125
E00062799,327,172,155
E00062800,517,253,264
E00063550,450,228,222
E00063551,376,177,199
E00063552,243,130,113
E00063556,304,149,155
E00063558,228,109,119
E00063553,267,137,130
E00063554,276,138,138
E00063555,549,300,249
E00063557,348,176,172
E00181523,450,233,217
E00181535,397,210,187
E00063681,229,101,128
E00063682,273,149,124
E00063687,267,139,128
E00063697,227,113,114
E00063699,314,173,141
E00063700,391,178,213
E00063683,437,222,215
E00063684,297,154,143
E00063685,298,153,145
E00063686,286,143,143
E00063689,299,158,141
E00063680,343,163,180
E00063688,418,213,205
E00063690,402,197,205
E00063691,283,148,135
E00063692,435,209,226
E00063693,429,205,224
E00063694,221,117,104
E00063695,329,170,159
E00063696,476,257,219
E00063698,284,149,135
E00063439,363,178,185
E00063443,346,185,161
E00063445,341,169,172
E00063450,307,166,141
E00063435,450,250,200
E00063437,458,213,245
E00063444,412,206,206
E00063448,346,168,178
E00063440,271,144,127
E00063441,558,287,271
E00063446,398,201,197
E00063447,384,189,195
E00063449,408,199,209
E00063452,535,269,266
E00063453,503,270,233
E00063454,510,260,250
E00063463,415,210,205
E00063464,384,193,191
E00063458,533,256,277
E00063465,448,234,214
E00063466,485,252,233
E00063467,312,164,148
E00063468,435,218,217
E00063398,591,309,282
E00063412,356,186,170
E00063414,330,168,162
E00063415,200,89,111
E00063419,514,255,259
E00063420,496,249,247
E00063421,449,234,215
E00063422,582,306,276
E00063423,472,232,240
E00063427,434,217,217
E00063431,419,223,196
E00171885,427,203,224
E00171887,255,131,124
E00063547,348,169,179
E00063562,535,270,265
E00063563,422,218,204
E00171884,682,344,338
E00171888,370,191,179
E00063549,464,238,226
E00063560,391,194,197
E00063561,344,173,171
E00063564,559,264,295
E00063425,353,180,173
E00063426,572,292,280
E00063430,354,172,182
E00063433,505,241,264
E00063428,621,304,317
E00063429,497,247,250
E00063432,554,298,256
E00063434,534,275,259
E00063739,352,179,173
E00063741,480,234,246
E00063742,391,188,203
E00181526,562,308,254
E00181549,126,71,55
E00063736,507,266,241
E00063737,577,299,278
E00063738,533,259,274
E00063740,505,245,260
E00063451,398,186,212
E00063459,593,310,283
E00063461,475,217,258
E00063462,348,193,155
E00063455,491,237,254
E00063456,289,121,168
E00063457,392,196,196
E00063460,551,275,276
E00063793,321,155,166
E00063794,276,130,146
E00063795,534,247,287
E00063796,320,175,145
E00063798,383,191,192
E00063788,264,131,133
E00063790,437,251,186
E00063799,427,196,231
E00063800,478,221,257
E00063801,512,250,262
E00063791,434,230,204
E00063792,224,109,115
E00063804,332,167,165
E00063807,355,172,183
E00063808,280,137,143
E00063809,293,138,155
E00063663,227,116,111
E00063664,268,145,123
E00063669,283,122,161
E00063672,263,124,139
E00063677,259,122,137
E00063666,275,155,120
E00063667,206,96,110
E00063671,458,249,209
E00063679,509,268,241
E00063727,488,261,227
E00063730,342,188,154
E00063731,442,213,229
E00063733,380,176,204
E00063726,542,267,275
E00063728,473,224,249
E00063729,537,264,273
E00063734,398,191,207
E00063735,519,258,261
E00063789,331,149,182
E00063797,443,126,317
E00063802,336,164,172
E00063803,451,229,222
E00063805,405,187,218
E00063806,239,98,141
E00063400,422,207,215
E00181511,481,236,245
E00181542,370,180,190
E00181557,216,106,110
E00181558,278,135,143
E00063404,409,228,181
E00063405,420,215,205
E00063407,338,178,160
E00063408,290,152,138
E00063409,330,182,148
E00063410,383,205,178
E00063411,377,194,183
E00171892,452,240,212
E00171896,220,115,105
E00063395,155,71,84
E00063402,324,181,143
E00063403,410,208,202
E00063406,407,210,197
E00063665,621,298,323
E00063673,512,247,265
E00063676,505,227,278
E00171890,392,194,198
E00171891,266,117,149
E00063399,364,187,177
E00063413,461,117,344
E00063416,219,107,112
E00063417,463,237,226
E00063418,310,151,159
E00063703,304,165,139
E00063708,324,172,152
E00063711,376,204,172
E00063713,385,207,178
E00063715,350,181,169
E00063704,318,165,153
E00063705,515,279,236
E00063706,313,163,150
E00063712,202,99,103
E00063714,288,139,149
E00063716,245,128,117
E00063717,429,220,209
E00063718,443,227,216
E00063719,506,260,246
E00063720,415,203,212
E00063701,333,175,158
E00063707,358,176,182
E00063710,298,149,149
E00063721,359,163,196
E00063722,358,183,175
E00063723,293,137,156
E00063702,511,264,247
E00063709,610,307,303
E00063724,354,173,181
E00063725,378,203,175
E00063491,480,251,229
E00063495,316,163,153
E00063501,158,81,77
E00063502,332,159,173
E00063504,261,126,135
E00181541,281,145,136
E00181562,346,190,156
E00063492,420,213,207
E00063493,222,106,116
E00063494,303,159,144
E00063496,222,119,103
E00063497,291,157,134
E00063499,285,153,132
E00063500,314,163,151
E00063626,325,141,184
E00063630,201,100,101
E00063641,206,101,105
E00063643,321,167,154
E00063646,324,167,157
E00181505,222,114,108
E00063627,288,154,134
E00063629,289,147,142
E00063644,252,131,121
E00063645,261,138,123
E00063647,312,160,152
E00063628,308,152,156
E00063632,331,179,152
E00063635,250,129,121
E00063638,296,149,147
E00063639,264,131,133
E00063631,375,200,175
E00063633,407,201,206
E00063634,270,145,125
E00063636,258,135,123
E00063637,284,145,139
E00063648,218,113,105
E00063436,402,193,209
E00063438,406,203,203
E00171886,427,208,219
E00171889,375,192,183
E00063570,342,172,170
E00063574,261,134,127
E00063576,266,138,128
E00063577,247,126,121
E00063578,439,229,210
E00063565,394,198,196
E00063572,231,121,110
E00063573,305,161,144
E00063575,339,170,169
E00063566,316,164,152
E00063583,276,142,134
E00063585,301,147,154
E00063586,181,92,89
E00063567,230,111,119
E00063571,289,148,141
E00063580,272,137,135
E00063582,288,154,134
E00063584,300,152,148
E00063568,422,206,216
E00063579,313,149,164
E00063581,378,197,181
E00181517,411,199,212
E00181540,332,175,157
E00063531,291,161,130
E00063532,304,157,147
E00063533,314,168,146
E00063534,219,116,103
E00063539,204,104,100
E00063535,335,154,181
E00063537,381,206,175
E00063540,369,176,193
E00063541,466,255,211
E00063542,319,161,158
E00063544,199,93,106
E00063545,482,238,244
E00063546,577,291,286
E00063527,385,211,174
E00063528,455,232,223
E00063529,216,105,111
E00063538,322,156,166
E00063543,356,177,179
E00063525,428,213,215
E00063526,466,244,222
E00063530,228,124,104
E00063536,532,245,287
E00063668,514,254,260
E00063674,426,221,205
E00063675,383,181,202
E00171893,321,158,163
E00171894,291,149,142
E00171895,286,152,134
E00063490,252,134,118
E00063508,270,134,136
E00063509,322,177,145
E00063511,369,197,172
E00063512,183,93,90
E00063607,247,132,115
E00063608,385,199,186
E00063610,246,130,116
E00063612,329,166,163
E00063625,320,166,154
E00063609,298,150,148
E00063611,273,142,131
E00063613,412,225,187
E00063616,414,202,212
E00063617,266,129,137
E00063619,298,159,139
E00063620,277,142,135
E00063622,389,196,193
E00063623,232,122,110
E00063614,313,155,158
E00063615,353,190,163
E00063618,286,143,143
E00063621,242,142,100
E00063624,305,169,136
E00063503,426,205,221
E00063505,337,175,162
E00063506,265,135,130
E00063507,275,137,138
E00063510,305,149,156
E00063513,358,173,185
E00063521,283,134,149
E00063523,263,135,128
E00171897,399,200,199
E00171900,356,180,176
E00063515,315,150,165
E00063522,485,238,247
E00171898,342,172,170
E00171899,328,158,170
E00171901,341,156,185
E00171902,400,191,209
E00171903,346,177,169
E00171904,379,190,189
E00063514,348,178,170
E00063517,273,132,141
E00063518,221,126,95
E00063520,463,235,228
E00063469,247,133,114
E00063470,277,146,131
E00063471,329,155,174
E00063472,315,166,149
E00063483,205,107,98
E00063473,220,124,96
E00063476,263,130,133
E00063477,294,153,141
E00063478,223,117,106
E00063482,312,148,164
E00063474,301,166,135
E00063475,553,273,280
E00063479,219,106,113
E00063480,259,124,135
E00063481,208,105,103
E00063746,299,142,157
E00063749,276,133,143
E00063751,287,154,133
E00063753,336,163,173
E00063767,187,96,91
E00063769,394,193,201
E00063771,269,137,132
E00063774,249,121,128
E00063777,322,165,157
E00063587,462,238,224
E00063588,304,159,145
E00063604,275,144,131
E00063605,291,140,151
E00063743,327,167,160
E00063761,232,127,105
E00063763,404,195,209
E00063764,137,76,61
E00063765,289,152,137
E00063766,248,133,115
E00063745,345,166,179
E00063747,263,144,119
E00063748,287,144,143
E00181524,308,143,165
E00181543,343,162,181
E00063752,220,112,108
E00063758,301,168,133
E00063759,332,175,157
E00063760,344,170,174
E00063762,263,134,129
E00063744,305,164,141
E00063750,313,158,155
E00063755,327,143,184
E00063756,328,185,143
E00063757,264,146,118
E00063768,323,155,168
E00063772,299,160,139
E00063773,300,159,141
E00063775,351,193,158
E00063776,246,138,108
E00063770,349,164,185
E00063781,288,157,131
E00063787,347,174,173
E00171882,570,305,265
E00063782,348,147,201
E00063785,311,161,150
E00063786,285,145,140
E00171883,255,113,142
E00181538,388,181,207
E00181555,143,72,71
E00063589,260,132,128
E00063591,228,123,105
E00063595,276,137,139
E00063597,224,112,112
E00181521,376,182,194
E00181547,295,134,161
E00063590,238,128,110
E00063592,251,124,127
E00063594,170,89,81
E00063596,247,131,116
E00063598,359,178,181
E00063606,110,54,56
E00063599,167,86,81
E00063600,305,149,156
E00063601,311,167,144
E00063603,560,269,291
E00181507,322,155,167
E00181527,304,149,155
E00063810,282,134,148
E00063811,351,183,168
E00063819,411,211,200
E00063820,308,173,135
E00063813,333,155,178
E00063816,293,148,145
E00063817,274,124,150
E00063818,216,114,102
E00063812,423,215,208
E00063814,276,135,141
E00063815,279,144,135
E00063821,238,129,109
E00063822,271,144,127
E00063484,297,159,138
E00063485,311,164,147
E00063486,283,144,139
E00063487,326,169,157
E00063488,282,136,146
E00063489,425,213,212
E00063658,377,186,191
E00063660,316,169,147
E00063661,237,111,126
E00063662,227,114,113
E00063649,275,132,143
E00063650,401,202,199
E00063651,613,317,296
E00063653,316,161,155
E00063659,297,149,148
E00063652,340,178,162
E00063654,170,87,83
E00063655,282,138,144
E00063656,299,148,151
E00063657,244,123,121
E00063824,315,155,160
E00063825,254,135,119
E00063830,238,122,116
E00063832,230,125,105
E00063837,242,108,134
E00063839,264,143,121
E00063823,274,140,134
E00063829,268,140,128
E00063831,276,133,143
E00063833,263,136,127
E00063835,289,160,129
E00063836,222,118,104
E00063826,225,124,101
E00063834,260,134,126
E00063838,269,129,140
E00063840,293,160,133
E00063841,235,129,106
E00063842,172,96,76
E00063843,194,109,85
E00064124,339,172,167
E00064128,257,127,130
E00064129,266,133,133
E00064130,200,99,101
E00064132,322,165,157
E00064122,275,148,127
E00064123,291,156,135
E00064125,311,162,149
E00064126,282,150,132
E00064127,294,150,144
E00063827,252,121,131
E00063828,267,155,112
E00063844,197,99,98
E00063845,207,120,87
E00063846,244,140,104
E00063847,241,114,127
E00064052,245,140,105
E00064064,267,148,119
E00064066,154,89,65
E00064067,253,127,126
E00064068,214,115,99
E00064070,314,161,153
E00064046,334,169,165
E00064053,250,129,121
E00064061,297,151,146
E00064063,201,105,96
E00064065,198,95,103
E00064069,212,107,105
E00185578,169,82,87
E00185631,352,184,168
E00064047,323,170,153
E00064048,217,109,108
E00064049,238,132,106
E00064050,255,142,113
E00064051,233,120,113
E00064055,291,151,140
E00064120,300,150,150
E00064131,219,112,107
E00064133,259,129,130
E00064134,268,125,143
E00064136,249,133,116
E00064139,277,150,127
E00063848,200,102,98
E00063850,367,180,187
E00063852,249,124,125
E00063865,315,160,155
E00063869,269,132,137
E00063849,305,150,155
E00063864,258,143,115
E00063866,309,148,161
E00063867,293,144,149
E00063868,299,149,150
E00063851,256,134,122
E00063853,227,114,113
E00063855,294,160,134
E00063856,317,145,172
E00063858,254,138,116
E00063861,234,128,106
E00063854,211,101,110
E00063857,314,143,171
E00063860,228,117,111
E00063862,191,92,99
E00063863,284,139,145
E00174060,268,129,139
E00174061,272,135,137
E00064121,203,104,99
E00064135,318,168,150
E00064137,277,142,135
E00064138,223,116,107
E00064140,234,120,114
E00064141,331,163,168
E00063975,261,133,128
E00063976,475,235,240
E00063993,316,168,148
E00063996,272,139,133
E00063997,326,168,158
E00063984,286,143,143
E00063985,330,171,159
E00063986,335,175,160
E00063987,295,161,134
E00063988,299,152,147
E00063992,295,150,145
E00063982,504,272,232
E00063983,338,174,164
E00063989,160,72,88
E00063990,141,63,78
E00063991,268,134,134
E00063995,205,105,100
E00064054,203,102,101
E00064056,304,160,144
E00064057,299,168,131
E00064058,316,159,157
E00064059,171,88,83
E00064060,228,117,111
E00064148,208,106,102
E00064149,320,160,160
E00064150,240,133,107
E00064151,302,151,151
E00064153,297,160,137
E00063977,272,154,118
E00063978,300,144,156
E00063979,266,128,138
E00063980,230,112,118
E00063981,229,128,101
E00063994,258,126,132
E00064073,290,148,142
E00064075,277,150,127
E00064079,289,137,152
E00064080,294,161,133
E00064095,266,125,141
E00064291,307,147,160
E00064293,265,133,132
E00064295,351,183,168
E00064296,294,155,139
E00064299,317,156,161
E00064287,302,144,158
E00064301,310,166,144
E00064302,284,133,151
E00064303,285,146,139
E00064304,267,136,131
E00064305,299,159,140
E00063922,303,95,208
E00063923,292,111,181
E00063934,341,109,232
E00063944,325,135,190
E00063947,376,135,241
E00063926,224,105,119
E00063927,286,127,159
E00063931,237,108,129
E00063932,178,79,99
E00063933,251,112,139
E00063939,222,88,134
E00064288,268,138,130
E00064298,309,153,156
E00064300,259,115,144
E00064306,245,116,129
E00064307,227,113,114
E00064308,429,181,248
E00064289,329,160,169
E00064290,227,113,114
E00064292,227,102,125
E00064294,255,122,133
E00064297,283,128,155
E00064309,398,205,193
E00064074,240,112,128
E00064077,257,124,133
E00064078,294,162,132
E00064082,228,114,114
E00064092,227,110,117
E00064144,370,197,173
E00064145,322,179,143
E00064154,349,175,174
E00064163,325,172,153
E00064165,314,179,135
E00064142,260,131,129
E00064143,357,184,173
E00064152,256,123,133
E00064156,335,171,164
E00064159,223,114,109
E00064161,251,136,115
E00064155,300,129,171
E00064157,251,125,126
E00064158,291,143,148
E00064160,224,112,112
E00064162,181,90,91
E00064164,228,115,113
E00063910,135,60,75
E00063911,170,74,96
E00063912,115,73,42
E00063916,279,138,141
E00185565,385,201,184
E00063896,262,134,128
E00063902,253,139,114
E00063914,337,176,161
E00063918,303,138,165
E00063920,267,134,133
E00063930,278,133,145
E00063935,436,228,208
E00063940,359,171,188
E00063943,286,145,141
E00063945,333,172,161
E00063937,146,62,84
E00063941,269,128,141
E00063942,252,111,141
E00063946,264,135,129
E00063948,285,138,147
E00063949,260,114,146
E00063924,321,155,166
E00063925,206,93,113
E00063928,130,64,66
E00063929,226,111,115
E00063936,287,158,129
E00063938,251,131,120
E00063895,280,156,124
E00063897,309,152,157
E00063899,251,135,116
E00063901,242,123,119
E00063919,300,151,149
E00063904,328,167,161
E00063905,230,117,113
E00063907,347,167,180
E00063908,252,129,123
E00063909,247,141,106
E00064086,256,127,129
E00064088,258,131,127
E00064089,245,119,126
E00064093,256,143,113
E00064094,267,151,116
E00064071,251,130,121
E00064076,205,119,86
E00064081,274,148,126
E00064083,227,123,104
E00064084,266,133,133
E00064085,302,160,142
E00064072,353,203,150
E00064087,300,163,137
E00064090,270,152,118
E00064091,310,149,161
E00064146,447,232,215
E00064147,413,206,207
E00064166,301,148,153
E00063871,224,94,130
E00063879,184,71,113
E00063880,252,136,116
E00063881,111,49,62
E00063882,278,145,133
E00063892,286,142,144
E00063898,212,103,109
E00063900,340,175,165
E00063903,213,101,112
E00063906,290,132,158
E00063917,291,156,135
E00063921,279,140,139
E00064212,165,60,105
E00064214,243,120,123
E00064225,193,85,108
E00064235,114,55,59
E00064236,203,104,99
E00064237,180,92,88
E00064238,158,69,89
E00064218,344,165,179
E00064223,540,235,305
E00064226,153,65,88
E00064227,174,81,93
E00064228,329,142,187
E00064213,187,85,102
E00064221,157,63,94
E00064230,178,75,103
E00064231,172,69,103
E00064232,134,65,69
E00064233,266,116,150
E00064234,220,103,117
E00063870,332,171,161
E00063878,329,166,163
E00063891,268,119,149
E00063893,321,164,157
E00063894,240,118,122
E00064219,171,76,95
E00064222,268,133,135
E00174062,333,187,146
E00174063,261,137,124
E00064215,383,189,194
E00064217,314,156,158
E00064220,232,112,120
E00064224,273,141,132
E00064229,181,83,98
E00064241,303,146,157
E00064243,335,173,162
E00064248,276,139,137
E00064250,168,79,89
E00064260,280,136,144
E00064242,322,171,151
E00064244,305,145,160
E00064249,277,151,126
E00064253,254,128,126
E00064255,225,122,103
E00064240,270,150,120
E00064259,310,172,138
E00064261,280,145,135
E00064262,283,136,147
E00064104,240,130,110
E00064106,268,137,131
E00064108,312,153,159
E00064114,288,136,152
E00064118,277,140,137
E00064119,295,141,154
E00064107,360,188,172
E00064110,184,104,80
E00064111,381,191,190
E00064115,290,147,143
E00064116,302,165,137
E00064117,316,168,148
E00064098,261,154,107
E00064101,253,139,114
E00064105,208,109,99
E00064109,233,124,109
E00064112,246,125,121
E00064113,263,141,122
E00064245,377,197,180
E00064246,389,202,187
E00064247,185,105,80
E00064251,342,163,179
E00064252,212,117,95
E00064239,329,167,162
E00064254,250,130,120
E00064256,286,137,149
E00064257,276,138,138
E00064258,234,112,122
E00063874,293,139,154
E00063877,574,292,282
E00063885,277,118,159
E00063890,300,133,167
E00063872,282,132,150
E00063884,357,146,211
E00063886,354,169,185
E00063887,564,284,280
E00063873,275,129,146
E00063875,195,97,98
E00063876,259,128,131
E00063883,407,211,196
E00063888,360,188,172
E00063889,244,111,133
E00064314,335,144,191
E00064317,278,120,158
E00064318,341,147,194
E00064319,294,140,154
E00064320,319,139,180
E00063958,279,144,135
E00063963,313,170,143
E00063967,330,169,161
E00063969,321,173,148
E00063970,213,108,105
E00063951,270,143,127
E00063964,288,150,138
E00063968,310,154,156
E00185566,423,234,189
E00063952,218,119,99
E00063961,252,131,121
E00063966,204,105,99
E00063972,207,117,90
E00063973,201,103,98
E00063950,271,142,129
E00063953,251,127,124
E00063956,346,166,180
E00063957,269,137,132
E00063962,228,110,118
E00064096,287,148,139
E00064097,361,186,175
E00064099,467,235,232
E00064100,267,139,128
E00064102,224,116,108
E00064103,275,137,138
E00064007,224,122,102
E00064010,277,140,137
E00064011,236,124,112
E00064013,314,160,154
E00064015,355,201,154
E00064264,246,134,112
E00064265,306,170,136
E00064279,310,135,175
E00064280,237,111,126
E00064281,266,147,119
E00064285,304,144,160
E00064266,227,117,110
E00064268,303,145,158
E00064269,160,77,83
E00064282,336,175,161
E00064283,288,163,125
E00064286,294,150,144
E00064267,306,167,139
E00064270,273,142,131
E00064272,258,133,125
E00064273,233,124,109
E00064276,267,144,123
E00064284,299,148,151
E00064263,227,117,110
E00064271,254,138,116
E00064274,319,168,151
E00064275,298,143,155
E00064277,300,155,145
E00064278,285,156,129
E00063954,271,145,126
E00063955,236,129,107
E00063959,294,160,134
E00063960,303,171,132
E00063974,256,131,125
E00063998,274,139,135
E00064003,281,143,138
E00064004,219,113,106
E00064005,288,150,138
E00064006,275,144,131
E00063999,352,186,166
E00064008,289,155,134
E00064009,308,168,140
E00064012,264,134,130
E00064017,303,157,146
E00064014,213,114,99
E00064018,255,142,113
E00064019,224,109,115
E00064021,280,147,133
E00064022,290,148,142
E00064000,308,163,145
E00064001,353,192,161
E00064002,397,204,193
E00064016,276,138,138
E00064020,289,148,141
E00064169,280,144,136
E00064172,306,149,157
E00064175,309,154,155
E00064177,149,72,77
E00064179,284,153,131
E00064181,375,183,192
E00064167,259,130,129
E00064170,205,96,109
E00064171,267,130,137
E00064173,209,123,86
E00064174,263,116,147
E00064176,280,147,133
E00064311,220,107,113
E00064312,339,173,166
E00064313,478,241,237
E00064331,303,144,159
E00064316,322,158,164
E00064322,235,115,120
E00064324,305,161,144
E00064325,295,145,150
E00064315,187,91,96
E00064321,270,115,155
E00064326,256,145,111
E00064328,242,117,125
E00064329,270,134,136
E00064310,283,139,144
E00064323,325,161,164
E00064327,337,172,165
E00064330,215,100,115
E00064332,281,145,136
E00064023,272,138,134
E00064024,268,128,140
E00064038,334,181,153
E00064041,314,157,157
E00064044,276,140,136
E00064193,236,118,118
E00064194,226,115,111
E00064195,257,138,119
E00064196,259,135,124
E00064210,327,164,163
E00064211,285,147,138
E00064189,423,222,201
E00064191,260,137,123
E00064199,313,156,157
E00064205,563,290,273
E00064207,376,203,173
E00064200,253,138,115
E00064201,267,150,117
E00064202,271,149,122
E00064203,229,118,111
E00064204,209,119,90
E00064206,313,159,154
E00064190,286,148,138
E00064192,199,106,93
E00064197,281,155,126
E00064198,361,189,172
E00064208,436,242,194
E00064209,209,111,98
E00064025,318,163,155
E00064027,242,124,118
E00064031,279,147,132
E00064032,275,138,137
E00064033,287,141,146
E00064037,258,114,144
E00064026,283,143,140
E00064029,339,169,170
E00064030,292,160,132
E00064034,286,156,130
E00064035,272,147,125
E00064036,305,170,135
E00064028,336,171,165
E00064039,193,103,90
E00064040,278,151,127
E00064042,251,147,104
E00064043,179,97,82
E00064045,174,89,85
E00064168,296,153,143
E00064178,272,142,130
E00064182,294,169,125
E00064184,256,133,123
E00064185,300,159,141
E00064180,290,159,131
E00064183,325,167,158
E00064186,341,167,174
E00064187,322,162,160
E00064188,304,168,136
E00092901,279,147,132
E00092902,389,191,198
E00092903,302,147,155
E00092904,316,158,158
E00092905,275,141,134
E00092909,302,156,146
E00092911,325,164,161
E00092912,205,103,102
E00092906,249,126,123
E00092907,302,151,151
E00092908,192,93,99
E00092910,296,153,143
E00092913,290,143,147
E00092914,272,143,129
E00092798,473,234,239
E00092804,324,165,159
E00092806,194,92,102
E00184562,290,149,141
E00184572,499,266,233
E00184595,206,108,98
E00184618,227,112,115
E00092799,155,71,84
E00092800,369,174,195
E00092801,200,101,99
E00092802,370,188,182
E00092803,307,154,153
E00092915,335,167,168
E00092918,266,139,127
E00092925,278,143,135
E00184579,400,208,192
E00184605,260,128,132
E00092916,289,149,140
E00092919,254,141,113
E00092921,435,220,215
E00092924,331,171,160
E00092927,264,136,128
E00092920,299,160,139
E00092922,310,172,138
E00092923,299,158,141
E00092926,335,189,146
E00092929,495,252,243
E00092928,278,156,122
E00092930,394,209,185
E00092931,333,171,162
E00184559,489,248,241
E00184589,326,169,157
E00092966,309,160,149
E00092969,334,171,163
E00092970,432,225,207
E00092971,351,179,172
E00092974,249,123,126
E00092967,395,200,195
E00092972,313,138,175
E00092973,271,138,133
E00092975,410,225,185
E00092977,280,137,143
E00092976,167,84,83
E00092978,287,142,145
E00092980,269,142,127
E00092981,240,122,118
E00092983,264,131,133
E00092985,265,137,128
E00092968,296,147,149
E00092979,275,147,128
E00092982,350,193,157
E00092984,288,149,139
E00092948,298,150,148
E00092954,292,150,142
E00092956,399,199,200
E00092958,231,110,121
E00184581,203,106,97
E00184591,395,199,196
E00184606,540,274,266
E00092944,321,152,169
E00092945,383,195,188
E00174355,337,186,151
E00174357,255,136,119
E00184570,434,235,199
E00184621,179,86,93
E00092950,263,134,129
E00092955,236,120,116
E00092957,186,92,94
E00174400,270,141,129
E00174417,320,170,150
E00092946,283,146,137
E00092960,543,271,272
E00092962,278,147,131
E00092963,248,129,119
E00092947,302,148,154
E00092952,335,175,160
E00092953,298,165,133
E00092964,311,159,152
E00092965,236,121,115
E00092818,272,133,139
E00092820,232,115,117
E00092822,277,138,139
E00092823,478,227,251
E00184561,403,208,195
E00184601,287,141,146
E00092813,249,140,109
E00092815,279,145,134
E00092816,307,157,150
E00092817,298,155,143
E00092821,323,171,152
E00092841,412,218,194
E00092842,360,196,164
E00092845,325,170,155
E00092848,354,185,169
E00092851,368,197,171
E00092852,261,135,126
E00184544,446,204,242
E00092843,351,184,167
E00092846,314,164,150
E00092847,320,160,160
E00092849,365,187,178
E00092850,308,154,154
E00092825,209,108,101
E00092829,267,126,141
E00092832,201,116,85
E00092835,279,138,141
E00092836,261,128,133
E00092838,229,112,117
E00092826,280,143,137
E00092828,232,107,125
E00092830,324,153,171
E00092833,317,167,150
E00184585,100,53,47
E00184620,511,256,255
E00092854,247,118,129
E00092855,284,131,153
E00092856,279,138,141
E00092857,313,143,170
E00092862,333,171,162
E00092864,413,229,184
E00092853,270,134,136
E00092858,392,202,190
E00092860,342,168,174
E00092861,269,137,132
E00092863,301,149,152
E00184567,469,243,226
E00184576,141,72,69
E00184590,254,124,130
E00092827,565,288,277
E00092831,270,143,127
E00092837,272,138,134
E00092839,274,131,143
E00174397,368,187,181
E00174414,294,145,149
E00092887,487,254,233
E00092888,288,147,141
E00092890,262,139,123
E00092891,285,151,134
E00092892,266,133,133
E00092895,269,139,130
E00092889,409,214,195
E00092894,228,118,110
E00092896,239,128,111
E00092898,296,148,148
E00092899,226,122,104
E00174352,251,136,115
E00174354,287,154,133
E00092884,329,174,155
E00092885,299,161,138
E00092886,315,159,156
E00092897,610,302,308
E00092900,301,154,147
E00092867,296,139,157
E00092871,311,153,158
E00092874,306,158,148
E00092877,265,131,134
E00092878,273,139,134
E00092869,206,99,107
E00092879,312,150,162
E00092880,234,126,108
E00092882,271,130,141
E00092883,307,164,143
E00092865,442,220,222
E00092866,285,139,146
E00092868,376,184,192
E00092881,298,145,153
E00092870,338,172,166
E00092872,270,130,140
E00092873,316,162,154
E00092875,303,148,155
E00092876,292,152,140
E00093025,262,137,125
E00093029,246,125,121
E00093036,266,147,119
E00093037,232,125,107
E00184553,517,264,253
E00184554,128,61,67
E00093024,339,175,164
E00093030,239,123,116
E00093033,326,180,146
E00093035,226,120,106
E00093038,431,210,221
E00093031,263,142,121
E00093041,240,134,106
E00093042,289,145,144
E00184547,496,269,227
E00093026,452,238,214
E00093039,315,168,147
E00184542,266,142,124
E00184543,341,171,170
E00184571,585,299,286
E00184587,104,59,45
E00093043,344,172,172
E00093044,529,251,278
E00093058,315,154,161
E00093059,404,204,200
E00184560,280,144,136
E00184616,173,90,83
E00184627,579,302,277
E00093048,336,169,167
E00093050,295,143,152
E00093051,313,154,159
E00093052,427,213,214
E00184558,305,147,158
E00184578,389,192,197
E00093049,340,182,158
E00093053,352,190,162
E00093055,377,178,199
E00093056,271,134,137
E00184565,130,60,70
E00184588,523,281,242
E00184608,173,85,88
E00093046,343,169,174
E00093060,295,158,137
E00093062,299,155,144
E00184636,362,193,169
E00184549,481,247,234
E00184603,109,54,55
E00184615,325,170,155
E00184635,282,152,130
E00184643,413,218,195
E00093006,309,153,156
E00093007,301,159,142
E00093012,220,108,112
E00093021,257,128,129
E00093023,264,125,139
E00093013,317,164,153
E00093014,248,136,112
E00093016,271,146,125
E00093018,220,109,111
E00093019,368,186,182
E00093004,250,133,117
E00093005,291,158,133
E00093010,277,137,140
E00093011,304,154,150
E00093017,237,124,113
E00093008,331,164,167
E00093009,317,153,164
E00093020,323,159,164
E00184541,239,135,104
E00184546,245,124,121
E00092935,204,94,110
E00092936,499,255,244
E00092939,207,124,83
E00092940,263,138,125
E00092941,239,116,123
E00092942,231,119,112
E00092933,348,182,166
E00092934,353,196,157
E00092937,255,124,131
E00092938,290,149,141
E00092943,245,127,118
E00092987,247,128,119
E00092989,227,113,114
E00092990,225,115,110
E00093000,266,142,124
E00093001,324,151,173
E00092988,301,158,143
E00092991,294,145,149
E00092994,329,174,155
E00092996,313,157,156
E00092999,293,148,145
E00092992,306,162,144
E00092993,324,168,156
E00093002,322,158,164
E00093003,348,172,176
E00092986,324,167,157
E00092995,177,85,92
E00092997,459,236,223
E00092998,278,141,137
E00092807,454,219,235
E00092809,541,289,252
E00092811,346,162,184
E00092808,190,98,92
E00184557,395,193,202
E00184592,301,147,154
E00184596,275,141,134
E00184597,146,72,74
E00184629,396,200,196
E00092757,278,137,141
E00092758,271,141,130
E00092759,286,149,137
E00092760,486,240,246
E00092761,304,150,154
E00092763,260,134,126
E00092779,323,170,153
E00092780,319,171,148
E00092781,266,132,134
E00092782,316,167,149
E00092783,192,79,113
E00092784,289,149,140
E00092768,409,211,198
E00092769,214,116,98
E00092771,356,179,177
E00092773,163,101,62
E00092777,294,161,133
E00092785,262,130,132
E00092770,281,142,139
E00092772,272,139,133
E00092774,270,137,133
E00092775,275,137,138
E00092776,279,140,139
E00092778,221,108,113
E00092764,263,130,133
E00092765,319,160,159
E00092766,267,147,120
E00092767,292,158,134
E00184568,411,205,206
E00184586,399,211,188
E00184612,240,120,120
E00092791,477,243,234
E00092794,240,125,115
E00092795,175,101,74
E00092796,287,156,131
E00092797,575,297,278
E00184577,128,65,63
E00184607,603,310,293
E00092786,308,163,145
E00092787,322,166,156
E00092788,325,161,164
E00092790,317,159,158
E00092792,236,136,100
E00092793,319,165,154
E00093217,262,127,135
E00093219,218,111,107
E00093220,227,120,107
E00093221,309,152,157
E00093222,320,168,152
E00093226,413,193,220
E00093229,234,118,116
E00093230,252,128,124
E00093233,312,153,159
E00093235,361,170,191
E00093218,526,264,262
E00093225,348,182,166
E00093231,246,125,121
E00093232,263,132,131
E00093234,375,189,186
E00093223,384,187,197
E00093224,358,178,180
E00093227,413,203,210
E00093228,511,245,266
E00093158,274,139,135
E00093160,336,169,167
E00093161,297,150,147
E00093162,247,130,117
E00093163,285,128,157
E00093237,407,213,194
E00093238,297,163,134
E00093240,279,152,127
E00093246,596,307,289
E00093241,385,192,193
E00093242,388,206,182
E00093244,402,205,197
E00093245,322,160,162
E00093247,228,119,109
E00093236,340,172,168
E00093239,384,185,199
E00093253,374,195,179
E00184611,295,132,163
E00184634,358,171,187
E00093243,292,144,148
E00093248,563,275,288
E00093251,524,265,259
E00093252,319,155,164
E00184555,243,119,124
E00184599,415,216,199
E00093146,372,190,182
E00093155,382,211,171
E00093156,379,199,180
E00093157,302,155,147
E00093145,344,175,169
E00093148,223,108,115
E00093150,255,132,123
E00093151,294,152,142
E00093152,288,151,137
E00093144,320,160,160
E00093147,207,107,100
E00093149,304,145,159
E00093153,346,185,161
E00093154,323,172,151
E00093184,306,144,162
E00093185,404,209,195
E00093187,240,127,113
E00093191,312,154,158
E00093192,278,132,146
E00093193,276,148,128
E00093194,252,123,129
E00093195,260,136,124
E00093182,270,130,140
E00093183,281,139,142
E00093186,264,124,140
E00093189,328,148,180
E00174380,160,84,76
E00093190,406,191,215
E00174383,204,102,102
E00184569,188,81,107
E00184623,370,167,203
E00184633,354,179,175
E00093282,267,148,119
E00093284,256,137,119
E00093287,269,125,144
E00093288,275,139,136
E00093290,310,156,154
E00093271,284,130,154
E00093274,317,149,168
E00093285,207,104,103
E00093286,248,126,122
E00093289,322,157,165
E00093272,387,199,188
E00093275,419,209,210
E00093276,323,176,147
E00093277,424,216,208
E00174388,283,143,140
E00184550,412,207,205
E00093278,319,161,158
E00093279,342,167,175
E00093280,318,171,147
E00093281,301,145,156
E00093283,282,139,143
E00093350,400,191,209
E00093352,280,139,141
E00093353,257,129,128
E00093355,201,106,95
E00093368,340,165,175
E00093351,269,132,137
E00093354,325,164,161
E00093358,250,133,117
E00093359,303,151,152
E00093357,248,124,124
E00093360,266,128,138
E00093361,207,108,99
E00093362,280,134,146
E00093364,226,120,106
E00093367,287,128,159
E00093356,192,116,76
E00093363,281,144,137
E00093365,258,134,124
E00184551,695,429,266
E00093166,458,237,221
E00093167,308,142,166
E00093168,424,230,194
E00093170,261,127,134
E00184614,167,83,84
E00184630,309,137,172
E00093164,349,170,179
E00093165,287,147,140
E00093169,230,108,122
E00093171,357,188,169
E00093172,326,146,180
E00093337,243,105,138
E00093344,308,145,163
E00093345,346,180,166
E00174361,360,188,172
E00174402,359,170,189
E00093339,306,147,159
E00093341,332,143,189
E00093342,298,134,164
E00093346,277,149,128
E00093338,363,209,154
E00093340,378,193,185
E00093343,402,207,195
E00093348,326,173,153
E00093349,201,107,94
E00093196,320,163,157
E00093198,260,140,120
E00093199,282,136,146
E00093200,305,169,136
E00093203,341,164,177
E00093204,307,173,134
E00093205,298,155,143
E00093210,167,78,89
E00093212,273,143,130
E00093213,450,229,221
E00093216,256,125,131
E00093206,566,287,279
E00093207,326,159,167
E00093208,364,195,169
E00093209,389,197,192
E00093211,290,147,143
E00093197,271,146,125
E00093201,291,157,134
E00093202,278,137,141
E00093214,285,140,145
E00093215,263,122,141
E00093173,218,106,112
E00093175,202,94,108
E00093176,625,328,297
E00093177,216,112,104
E00093174,234,128,106
E00093178,239,124,115
E00093179,264,136,128
E00093181,286,146,140
E00174410,358,174,184
E00174419,483,242,241
E00174420,451,220,231
E00093292,305,139,166
E00093294,191,94,97
E00093302,388,164,224
E00093304,395,149,246
E00093305,308,117,191
E00093295,393,169,224
E00093296,295,137,158
E00093297,394,175,219
E00093299,380,185,195
E00093303,293,128,165
E00093291,442,218,224
E00093298,274,149,125
E00093300,254,118,136
E00093301,319,149,170
E00093307,327,167,160
E00093293,416,157,259
E00093306,299,110,189
E00093308,554,170,384
E00093309,363,177,186
E00093405,248,131,117
E00093406,251,142,109
E00093411,319,161,158
E00093418,585,310,275
E00093419,299,146,153
E00093401,289,142,147
E00093408,286,144,142
E00093410,236,123,113
E00093412,295,148,147
E00093414,298,151,147
E00093399,278,149,129
E00093400,243,137,106
E00093404,334,180,154
E00093407,314,157,157
E00093409,272,134,138
E00093413,262,127,135
E00093402,285,140,145
E00093403,373,193,180
E00093415,283,145,138
E00093416,307,149,158
E00093417,296,150,146
E00093077,474,221,253
E00093081,296,135,161
E00093082,226,103,123
E00093083,227,111,116
E00174343,381,205,176
E00174391,335,164,171
E00093078,333,175,158
E00093080,480,283,197
E00093088,319,171,148
E00093089,347,171,176
E00093072,463,228,235
E00093084,353,151,202
E00093085,360,169,191
E00093086,381,178,203
E00093087,412,190,222
E00093071,246,105,141
E00093073,339,169,170
E00093074,466,234,232
E00093075,332,169,163
E00093076,300,149,151
E00093313,301,152,149
E00093314,325,159,166
E00093317,279,150,129
E00093318,278,133,145
E00093322,573,278,295
E00093310,390,214,176
E00093319,252,132,120
E00093320,343,181,162
E00184600,177,94,83
E00184624,463,249,214
E00093312,223,116,107
E00093315,272,138,134
E00093316,280,152,128
E00093321,289,142,147
E00093380,515,264,251
E00093389,402,206,196
E00093390,340,158,182
E00093381,287,142,145
E00093382,347,170,177
E00093385,291,145,146
E00093386,373,198,175
E00093383,365,181,184
E00093384,316,151,165
E00093387,382,196,186
E00093388,253,131,122
E00093105,232,117,115
E00093107,215,98,117
E00093108,299,156,143
E00093109,148,93,55
E00093110,224,126,98
E00093111,188,98,90
E00093102,301,143,158
E00093103,278,147,131
E00093104,273,127,146
E00093120,339,169,170
E00093121,369,198,171
E00093124,311,160,151
E00093125,250,123,127
E00093126,246,135,111
E00093127,229,123,106
E00093135,296,150,146
E00093123,255,158,97
E00093128,233,129,104
E00093129,249,136,113
E00093130,221,117,104
E00093131,339,166,173
E00093122,238,120,118
E00093132,411,215,196
E00093134,283,160,123
E00184556,108,64,44
E00184637,427,231,196
E00093329,253,136,117
E00093330,419,222,197
E00093334,236,123,113
E00093335,241,130,111
E00093336,197,95,102
E00093326,610,299,311
E00093328,288,149,139
E00093331,259,134,125
E00093332,284,146,138
E00184583,256,125,131
E00184584,267,136,131
E00184622,278,150,128
E00184632,470,247,223
E00093323,266,148,118
E00093324,399,208,191
E00093325,601,304,297
E00093333,274,135,139
E00093391,286,151,135
E00093392,408,201,207
E00093395,376,188,188
E00093398,370,185,185
E00093393,260,138,122
E00093394,270,148,122
E00093396,265,136,129
E00093397,386,204,182
E00093116,302,151,151
E00093117,292,155,137
E00093118,258,138,120
E00093119,242,124,118
E00093369,300,164,136
E00093370,451,227,224
E00093377,370,202,168
E00093378,289,159,130
E00093379,311,171,140
E00093371,318,161,157
E00093372,271,151,120
E00093373,271,146,125
E00093374,300,155,145
E00093375,263,127,136
E00093376,228,126,102
E00174374,251,132,119
E00174375,304,148,156
E00174378,109,53,56
E00184609,109,51,58
E00184626,388,205,183
E00093106,299,114,185
E00093113,288,150,138
E00093115,274,124,150
E00174360,320,162,158
E00174377,275,136,139
E00093090,293,156,137
E00093091,314,170,144
E00093093,265,137,128
E00093094,322,160,162
E00093096,151,81,70
E00093097,401,196,205
E00093092,352,182,170
E00093095,608,308,300
E00093098,455,224,231
E00093099,343,175,168
E00093100,478,235,243
E00093101,431,211,220
E00093136,494,253,241
E00093137,344,185,159
E00093138,327,153,174
E00093140,300,156,144
E00093141,288,156,132
E00093142,266,129,137
E00174344,271,126,145
E00093262,299,161,138
E00093263,157,71,86
E00093264,269,139,130
E00093265,175,89,86
E00093266,130,64,66
E00093267,132,61,71
E00093268,187,98,89
E00093269,316,154,162
E00093270,357,185,172
E00093420,249,120,129
E00093421,341,168,173
E00093422,199,105,94
E00093423,529,282,247
E00093424,314,151,163
E00093425,476,257,219
E00093786,318,157,161
E00093792,242,120,122
E00093795,273,145,128
E00093796,272,144,128
E00093797,266,136,130
E00093784,451,228,223
E00093787,596,275,321
E00093789,244,123,121
E00093793,253,123,130
E00093794,280,143,137
E00093798,140,67,73
E00093783,417,203,214
E00093785,265,133,132
E00093788,272,133,139
E00093790,307,164,143
E00093791,347,182,165
E00094182,355,169,186
E00094183,286,138,148
E00094184,226,109,117
E00094185,335,176,159
E00094158,345,175,170
E00094173,308,161,147
E00094174,280,150,130
E00094177,207,115,92
E00094190,344,184,160
E00094192,206,110,96
E00094196,355,176,179
E00094201,294,162,132
E00094191,391,210,181
E00094193,289,144,145
E00094194,288,162,126
E00094195,348,186,162
E00094197,253,126,127
E00094188,270,141,129
E00094189,261,129,132
E00094198,211,102,109
E00094199,323,164,159
E00094200,311,164,147
E00094187,292,149,143
E00094202,276,147,129
E00094203,281,149,132
E00094204,298,165,133
E00094162,303,150,153
E00094163,247,127,120
E00094165,296,158,138
E00094167,369,212,157
E00094171,355,197,158
E00094159,278,148,130
E00094175,257,142,115
E00094178,328,167,161
E00094179,318,164,154
E00094160,362,187,175
E00094161,314,163,151
E00094164,239,132,107
E00094166,303,152,151
E00094168,263,137,126
E00094169,270,159,111
E00094170,312,165,147
E00094172,341,185,156
E00094176,322,156,166
E00094180,297,159,138
E00094181,302,150,152
E00094186,353,167,186
E00093766,334,159,175
E00093772,108,56,52
E00093773,153,60,93
E00093775,268,135,133
E00093776,370,184,186
E00093782,281,142,139
E00184563,485,255,230
E00184638,374,189,185
E00093838,313,159,154
E00093840,345,173,172
E00093842,339,170,169
E00093843,183,85,98
E00093845,326,170,156
E00093846,271,138,133
E00093825,250,129,121
E00093826,287,157,130
E00093828,308,151,157
E00093829,256,118,138
E00093830,364,183,181
E00093850,312,156,156
E00093823,321,155,166
E00093836,265,121,144
E00093837,296,110,186
E00093839,312,163,149
E00093841,283,150,133
E00093844,291,153,138
E00093824,305,151,154
E00093847,283,145,138
E00093848,193,97,96
E00093849,324,154,170
E00093851,265,140,125
E00093852,331,162,169
E00093827,364,168,196
E00093831,239,125,114
E00093832,282,143,139
E00093834,330,164,166
E00093835,321,174,147
E00174341,176,93,83
E00174342,191,94,97
E00174403,146,79,67
E00093765,355,181,174
E00093767,293,154,139
E00093771,346,177,169
E00093774,236,131,105
E00093778,291,158,133
E00093781,350,178,172
E00093768,333,166,167
E00093769,500,244,256
E00093770,389,189,200
E00093779,327,163,164
E00093780,400,194,206
E00093933,377,193,184
E00093934,330,164,166
E00093936,338,163,175
E00093937,333,166,167
E00093935,281,145,136
E00093938,263,141,122
E00093939,320,165,155
E00093940,320,170,150
E00093941,239,130,109
E00093942,161,95,66
E00093870,358,176,182
E00093877,352,181,171
E00093881,330,173,157
E00093882,316,155,161
E00093883,354,185,169
E00093871,397,213,184
E00093875,312,157,155
E00093876,271,145,126
E00093879,281,139,142
E00093880,251,134,117
E00093884,310,176,134
E00093872,226,111,115
E00093873,277,141,136
E00093874,430,193,237
E00093878,184,110,74
E00093885,313,150,163
E00093886,350,172,178
E00094136,308,152,156
E00094142,327,160,167
E00094143,357,186,171
E00094144,302,161,141
E00094145,258,131,127
E00093862,330,164,166
E00093867,575,291,284
E00093868,514,226,288
E00093869,499,245,254
E00093863,323,166,157
E00093864,284,154,130
E00093865,285,152,133
E00093866,253,132,121
E00094116,160,75,85
E00094117,358,175,183
E00094118,183,81,102
E00094119,280,130,150
E00094120,499,243,256
E00094121,234,135,99
E00094122,160,82,78
E00094123,139,83,56
E00094124,368,183,185
E00094125,239,128,111
E00094128,397,220,177
E00094131,320,163,157
E00094133,140,76,64
E00094134,296,151,145
E00094126,407,212,195
E00094127,317,160,157
E00094129,396,209,187
E00094130,251,129,122
E00094132,356,169,187
E00094139,282,133,149
E00094141,267,133,134
E00094150,288,143,145
E00174371,577,438,139
E00174372,143,69,74
E00094151,361,152,209
E00094152,391,191,200
E00094153,244,124,120
E00094154,370,194,176
E00094155,363,185,178
E00094156,323,170,153
E00094157,378,190,188
E00093804,308,162,146
E00093805,324,175,149
E00093806,237,120,117
E00093807,309,158,151
E00093808,347,182,165
E00093800,312,150,162
E00093801,320,151,169
E00093803,320,171,149
E00093809,321,167,154
E00093812,336,170,166
E00093799,321,163,158
E00093802,278,136,142
E00093810,350,179,171
E00093811,389,199,190
E00093813,321,167,154
E00093814,310,167,143
E00094135,305,165,140
E00094137,224,122,102
E00094138,316,161,155
E00094146,427,217,210
E00094147,347,191,156
E00094148,255,127,128
E00094149,311,155,156
E00093896,297,158,139
E00093897,277,139,138
E00093898,210,117,93
E00093905,314,163,151
E00093914,299,160,139
E00093920,287,156,131
E00093921,258,144,114
E00093924,308,152,156
E00093928,300,164,136
E00093930,267,136,131
E00093922,276,136,140
E00093925,308,165,143
E00093926,282,142,140
E00093927,337,181,156
E00093929,192,96,96
E00093931,310,161,149
E00093932,247,126,121
E00093915,284,142,142
E00093916,269,144,125
E00093917,294,150,144
E00093918,323,158,165
E00093919,317,166,151
E00093923,177,84,93
E00094211,279,143,136
E00094213,300,152,148
E00094216,316,150,166
E00094219,281,143,138
E00094220,341,163,178
E00174345,283,138,145
E00094208,310,166,144
E00094210,221,120,101
E00094212,227,116,111
E00094215,253,147,106
E00094218,286,157,129
E00094222,332,181,151
E00094205,513,292,221
E00094206,378,190,188
E00094207,364,195,169
E00094214,296,151,145
E00094221,288,142,146
E00093889,339,174,165
E00093890,333,178,155
E00093892,304,153,151
E00093895,359,182,177
E00093887,281,149,132
E00093888,278,148,130
E00093891,319,167,152
E00093893,182,88,94
E00093894,321,166,155
E00093899,244,142,102
E00093900,213,114,99
E00093901,198,107,91
E00093902,375,187,188
E00093903,147,98,49
E00093904,298,172,126
E00093906,310,152,158
E00093911,329,168,161
E00093912,330,166,164
E00093913,308,166,142
E00093907,352,179,173
E00093908,368,183,185
E00093909,356,181,175
E00093910,282,136,146
E00093712,274,139,135
E00093717,300,157,143
E00093718,354,207,147
E00093722,366,183,183
E00093728,490,252,238
E00093713,283,157,126
E00093715,335,169,166
E00093721,307,159,148
E00093723,259,141,118
E00093725,302,149,153
E00093714,324,171,153
E00093716,195,111,84
E00093719,285,156,129
E00093720,310,163,147
E00093724,319,173,146
E00093726,223,114,109
E00093727,341,183,158
E00093757,140,70,70
E00093760,363,183,180
E00093761,371,221,150
E00093763,300,135,165
E00184610,489,253,236
E00184640,122,58,64
E00093755,541,273,268
E00093756,325,182,143
E00093758,255,139,116
E00093759,254,140,114
E00093764,152,67,85
E00093729,400,208,192
E00093732,236,129,107
E00093737,249,123,126
E00093738,434,206,228
E00093730,237,126,111
E00093731,331,173,158
E00093733,309,156,153
E00093734,459,234,225
E00093735,202,99,103
E00093736,254,120,134
E00093739,313,164,149
E00093740,269,144,125
E00093741,312,161,151
E00093742,356,181,175
E00093743,221,112,109
E00093744,363,194,169
E00093745,213,98,115
E00093746,312,154,158
E00093747,307,145,162
E00093752,335,182,153
E00093753,313,160,153
E00093754,268,135,133
E00093748,278,138,140
E00093749,266,146,120
E00093750,218,111,107
E00093751,489,263,226
E00094081,292,146,146
E00094085,305,150,155
E00094088,283,141,142
E00184598,401,217,184
E00184613,302,149,153
E00094080,342,172,170
E00094082,296,150,146
E00094089,360,184,176
E00094093,308,158,150
E00094084,257,138,119
E00094086,304,154,150
E00094090,362,179,183
E00094096,571,276,295
E00094097,514,268,246
E00094083,298,154,144
E00094091,297,150,147
E00094092,218,116,102
E00094094,284,159,125
E00094095,260,128,132
E00093945,329,160,169
E00093953,335,165,170
E00093955,217,113,104
E00093956,387,212,175
E00174347,282,150,132
E00184552,248,124,124
E00093961,313,172,141
E00093962,241,133,108
E00093964,398,228,170
E00093971,299,155,144
E00093975,272,148,124
E00093966,529,287,242
E00093968,350,172,178
E00093972,283,142,141
E00093974,108,56,52
E00093976,247,123,124
E00093963,286,166,120
E00093967,300,174,126
E00093969,337,177,160
E00093970,280,144,136
E00093973,264,136,128
E00093965,270,144,126
E00093977,271,147,124
E00093978,488,236,252
E00093979,328,177,151
E00094001,314,167,147
E00094002,317,160,157
E00094004,328,162,166
E00094010,262,128,134
E00094012,329,174,155
E00094020,306,156,150
E00094027,276,142,134
E00094031,266,146,120
E00094033,310,170,140
E00174340,244,127,117
E00174346,208,103,105
E00174368,280,144,136
E00094028,311,156,155
E00094029,261,132,129
E00094030,253,128,125
E00094032,241,134,107
E00094034,221,121,100
E00094021,153,55,98
E00094022,286,153,133
E00094023,149,59,90
E00094024,228,113,115
E00094026,231,114,117
E00094035,295,153,142
E00094008,368,195,173
E00094009,327,156,171
E00094013,270,142,128
E00094015,307,162,145
E00094011,279,138,141
E00094014,294,148,146
E00094016,262,122,140
E00094018,242,119,123
E00093950,280,145,135
E00093951,396,197,199
E00093952,265,124,141
E00093954,275,141,134
E00093943,248,127,121
E00093946,363,187,176
E00093958,234,129,105
E00184564,546,288,258
E00184573,138,78,60
E00093944,283,144,139
E00093949,247,122,125
E00093957,298,145,153
E00093959,232,122,110
E00093960,294,145,149
E00094045,301,148,153
E00094046,342,173,169
E00094047,293,151,142
E00094048,388,184,204
E00094049,405,215,190
E00094036,287,139,148
E00094038,328,169,159
E00094039,327,174,153
E00094050,258,130,128
E00094051,292,159,133
E00093982,271,130,141
E00093985,243,121,122
E00093986,329,167,162
E00093999,278,135,143
E00094000,195,112,83
E00093980,246,118,128
E00093981,328,166,162
E00093990,284,144,140
E00093995,279,146,133
E00093997,301,165,136
E00093983,297,137,160
E00093987,251,121,130
E00093988,375,178,197
E00093991,311,156,155
E00093992,254,123,131
E00174348,259,134,125
E00174350,237,102,135
E00093989,340,180,160
E00093993,355,167,188
E00093994,228,120,108
E00093996,256,122,134
E00093998,261,131,130
E00094003,311,159,152
E00094005,245,91,154
E00094006,273,135,138
E00094007,249,113,136
E00094017,372,181,191
E00094019,245,124,121
E00094055,264,141,123
E00094056,297,142,155
E00094057,309,162,147
E00094058,309,152,157
E00094052,279,136,143
E00094053,317,181,136
E00094054,254,125,129
E00094059,273,150,123
E00094060,249,136,113
E00094037,273,136,137
E00094040,310,148,162
E00094041,285,147,138
E00094042,370,182,188
E00094043,330,160,170
E00094044,269,131,138
E00094101,281,142,139
E00094102,283,153,130
E00094104,246,128,118
E00094105,175,87,88
E00094108,273,139,134
E00094109,252,138,114
E00094111,258,139,119
E00094106,281,163,118
E00094107,253,132,121
E00094110,321,164,157
E00094112,262,130,132
E00094113,307,159,148
E00094114,319,183,136
E00094098,346,179,167
E00094099,306,151,155
E00094100,253,129,124
E00094103,393,199,194
E00094115,223,113,110
E00093815,449,218,231
E00093816,260,132,128
E00093817,425,209,216
E00093818,249,127,122
E00093819,202,108,94
E00093820,212,120,92
E00093821,303,157,146
E00093822,268,143,125
E00094223,225,103,122
E00094224,227,122,105
E00094225,288,149,139
E00094226,306,147,159
E00094227,258,136,122
E00094228,334,176,158
E00094229,309,159,150
E00094230,285,140,145
E00094231,312,155,157
E00094232,196,92,104
E00094233,353,184,169
E00094234,292,159,133
E00094235,430,210,220
E00094236,304,150,154
E00094237,240,130,110
E00094238,312,162,150
E00094239,198,95,103
E00093854,224,113,111
E00093855,226,115,111
E00093856,201,93,108
E00093860,384,194,190
E00093857,349,176,173
E00093858,208,105,103
E00093859,236,117,119
E00093861,357,168,189
E00184575,280,144,136
E00184582,238,124,114
E00184604,252,139,113
E00094062,370,198,172
E00094064,377,189,188
E00094076,269,132,137
E00174369,391,211,180
E00174399,442,245,197
E00094074,231,113,118
E00094075,274,147,127
E00094077,371,212,159
E00094078,353,197,156
E00094079,307,150,157
E00094065,279,143,136
E00094066,236,119,117
E00094067,274,136,138
E00094070,301,163,138
E00094071,477,240,237
E00094063,231,123,108
E00094068,307,159,148
E00094069,137,68,69
E00094072,342,173,169
E00094073,240,114,126
E00093259,259,128,131
E00184540,262,127,135
E00184628,400,200,200
E00184631,384,187,197
E00184639,246,123,123
E00093254,332,174,158
E00093255,218,109,109
E00093260,224,116,108
E00174389,442,235,207
E00184566,700,438,262
E00184594,143,65,78
E00093070,325,166,159
E00184593,236,124,112
E00184625,147,73,74
E00184644,367,178,189
E00093066,189,91,98
E00093067,260,129,131
E00093068,290,145,145
E00093069,233,113,120
E00184642,398,197,201
E00093064,231,120,111
E00184602,622,310,312
E00184619,245,119,126
E00184641,247,142,105
E00093426,262,132,130
E00093427,185,80,105
E00093429,354,163,191
E00093430,214,118,96
E00093432,242,117,125
E00093433,144,71,73
E00174411,359,175,184
E00174424,298,143,155
E00174425,282,141,141
E00093431,288,139,149
E00093439,287,141,146
E00093440,278,137,141
E00093442,389,212,177
E00093443,327,166,161
E00174363,472,239,233
E00174413,477,243,234
E00184574,315,157,158
E00184580,482,249,233
E00184617,313,172,141
E00093437,370,198,172
E00174364,398,200,198
E00174366,389,192,197
E00093436,192,92,100
E00093438,138,72,66
E00093441,348,183,165
E00174406,323,162,161
E00174408,342,172,170
E00174422,166,79,87
E00092332,305,163,142
E00092333,360,196,164
E00092334,290,160,130
E00092335,255,120,135
E00092336,291,144,147
E00092337,149,80,69
E00092338,366,184,182
E00092481,468,235,233
E00092485,251,129,122
E00092488,265,135,130
E00092489,230,123,107
E00092482,225,115,110
E00092491,323,170,153
E00092492,192,90,102
E00092493,161,76,85
E00092494,264,127,137
E00092495,119,59,60
E00092487,344,175,169
E00092490,227,119,108
E00188756,496,261,235
E00188871,337,177,160
E00188872,353,180,173
E00092602,326,189,137
E00092604,420,226,194
E00092605,278,149,129
E00092608,292,148,144
E00092603,281,138,143
E00092606,276,140,136
E00092607,296,133,163
E00092609,221,110,111
E00092610,264,140,124
E00092611,364,193,171
E00092612,116,64,52
E00092613,194,98,96
E00092614,450,241,209
E00092615,285,154,131
E00188838,362,179,183
E00188903,735,85,650
E00092645,322,166,156
E00092646,338,182,156
E00092647,351,179,172
E00092648,193,92,101
E00092654,274,143,131
E00092644,377,206,171
E00092649,244,115,129
E00092650,407,217,190
E00092651,309,150,159
E00092652,307,167,140
E00092653,349,186,163
E00092655,116,61,55
E00092632,269,141,128
E00092634,238,128,110
E00092640,287,146,141
E00092641,232,127,105
E00092642,240,122,118
E00092643,301,161,140
E00092631,346,179,167
E00092633,319,191,128
E00092635,261,147,114
E00092636,189,106,83
E00092637,291,147,144
E00092638,268,142,126
E00092639,304,154,150
E00092720,339,183,156
E00092722,297,166,131
E00092726,370,199,171
E00092730,251,138,113
E00092719,269,136,133
E00092721,311,167,144
E00092723,305,149,156
E00092725,237,123,114
E00092729,248,126,122
E00092718,311,167,144
E00092724,235,122,113
E00092727,294,143,151
E00092728,291,159,132
E00092618,308,157,151
E00092619,316,164,152
E00092624,263,135,128
E00092625,416,197,219
E00092626,239,119,120
E00092620,218,118,100
E00092621,225,124,101
E00092622,247,131,116
E00092623,322,164,158
E00092698,345,172,173
E00092702,296,148,148
E00092704,251,114,137
E00092706,279,140,139
E00092707,319,179,140
E00092709,285,154,131
E00092696,307,154,153
E00092697,357,156,201
E00092699,300,132,168
E00092700,348,177,171
E00092701,244,117,127
E00092703,226,117,109
E00092710,344,197,147
E00092711,352,193,159
E00092712,335,174,161
E00092713,425,217,208
E00092716,305,146,159
E00092705,298,145,153
E00092708,290,144,146
E00092715,279,139,140
E00092717,302,149,153
E00188785,169,95,74
E00188846,324,181,143
E00188876,304,153,151
E00188889,159,85,74
E00092348,320,175,145
E00092350,383,208,175
E00092352,311,160,151
E00092355,298,154,144
E00092361,314,157,157
E00092341,306,155,151
E00092347,316,169,147
E00092349,322,167,155
E00092353,338,180,158
E00092354,401,218,183
E00092343,238,127,111
E00092345,300,170,130
E00092351,387,209,178
E00092362,219,115,104
E00092363,277,150,127
E00092339,363,173,190
E00092344,283,144,139
E00092346,255,148,107
E00092357,302,158,144
E00092358,315,158,157
E00092340,321,175,146
E00092342,368,205,163
E00092356,248,122,126
E00092359,252,127,125
E00092360,227,103,124
E00092364,415,224,191
E00092368,325,166,159
E00092376,361,181,180
E00092378,267,137,130
E00092379,321,180,141
E00092365,325,160,165
E00092366,303,158,145
E00092374,297,150,147
E00092375,293,148,145
E00092367,379,198,181
E00092369,237,117,120
E00092372,245,136,109
E00092377,274,141,133
E00092380,315,163,152
E00092370,282,129,153
E00092371,253,128,125
E00092373,360,185,175
E00092381,187,88,99
E00092382,248,134,114
E00092383,243,105,138
E00092552,342,185,157
E00092553,282,151,131
E00092554,330,181,149
E00092555,185,94,91
E00092559,221,115,106
E00092560,409,209,200
E00092556,326,166,160
E00092557,532,280,252
E00092558,371,193,178
E00092561,286,147,139
E00092562,312,153,159
E00092563,354,184,170
E00092662,267,152,115
E00092663,283,142,141
E00092664,245,137,108
E00092665,233,121,112
E00092667,503,259,244
E00092666,570,297,273
E00092668,306,153,153
E00092669,337,180,157
E00092670,428,210,218
E00092537,333,169,164
E00092538,342,162,180
E00092539,323,167,156
E00092540,328,180,148
E00092532,321,159,162
E00092533,391,196,195
E00092535,373,198,175
E00092542,392,197,195
E00092534,294,152,142
E00092536,312,164,148
E00092541,269,147,122
E00092543,275,142,133
E00092544,230,125,105
E00092736,312,165,147
E00092739,290,155,135
E00092747,259,140,119
E00092749,266,141,125
E00092750,350,177,173
E00092737,274,153,121
E00092738,301,162,139
E00092745,265,140,125
E00092746,307,147,160
E00092748,306,148,158
E00092519,215,113,102
E00092521,301,154,147
E00092522,226,110,116
E00092524,307,154,153
E00092526,264,138,126
E00092527,212,95,117
E00092617,329,159,170
E00092627,313,156,157
E00092628,271,139,132
E00092629,219,107,112
E00092630,305,168,137
E00092387,498,309,189
E00092388,210,100,110
E00168829,381,188,193
E00168830,185,93,92
E00168831,195,86,109
E00168832,242,102,140
E00168835,299,132,167
E00168837,137,60,77
E00092393,375,172,203
E00092394,207,101,106
E00168833,131,59,72
E00168834,236,84,152
E00168836,157,77,80
E00092428,300,142,158
E00092431,203,111,92
E00188811,316,165,151
E00188816,194,107,87
E00188825,217,107,110
E00092434,214,91,123
E00092435,196,90,106
E00188854,275,157,118
E00188901,178,79,99
E00188924,258,132,126
E00092456,361,182,179
E00092458,354,209,145
E00168824,316,175,141
E00168825,492,235,257
E00092442,377,202,175
E00092453,214,112,102
E00092455,286,144,142
E00092457,488,280,208
E00092443,381,232,149
E00092444,280,135,145
E00092448,281,135,146
E00092449,380,180,200
E00092450,288,144,144
E00092447,453,247,206
E00092454,204,105,99
E00188848,155,78,77
E00188910,509,313,196
E00092437,622,238,384
E00092438,543,300,243
E00092439,176,89,87
E00188782,207,85,122
E00168826,302,136,166
E00168827,349,171,178
E00168828,217,100,117
E00188836,526,325,201
E00188881,262,135,127
E00092430,446,222,224
E00092440,283,141,142
E00092441,248,131,117
E00188850,235,127,108
E00092384,292,143,149
E00092385,341,169,172
E00092389,269,130,139
E00092392,279,134,145
E00092395,199,102,97
E00092396,172,85,87
E00092397,327,175,152
E00092398,335,164,171
E00092520,226,116,110
E00092523,215,114,101
E00092525,236,118,118
E00092528,316,152,164
E00092529,250,123,127
E00092530,240,123,117
E00092531,346,172,174
E00092734,351,171,180
E00092742,335,159,176
E00092743,263,132,131
E00092744,292,150,142
E00092731,301,149,152
E00092732,287,146,141
E00092733,405,203,202
E00092735,218,115,103
E00092740,284,144,140
E00092741,138,87,51
E00092413,252,131,121
E00092414,293,157,136
E00092415,252,126,126
E00092426,350,183,167
E00092427,358,179,179
E00092416,152,73,79
E00092417,232,106,126
E00092418,364,181,183
E00092419,302,152,150
E00092420,327,178,149
E00092421,258,129,129
E00092422,269,135,134
E00092423,552,277,275
E00092424,275,133,142
E00092425,109,52,57
E00092751,442,224,218
E00092752,332,175,157
E00092753,287,149,138
E00092754,327,169,158
E00092755,330,170,160
E00092756,282,152,130
E00092400,335,180,155
E00092403,270,148,122
E00092409,309,152,157
E00092410,310,170,140
E00092411,247,124,123
E00092399,116,53,63
E00092401,309,175,134
E00092402,366,194,172
E00092406,253,123,130
E00092412,232,120,112
E00092404,236,142,94
E00092405,265,134,131
E00092407,299,149,150
E00092408,305,159,146
E00092546,227,121,106
E00092551,269,126,143
E00188780,319,165,154
E00188895,224,109,115
E00188928,345,180,165
E00188764,330,179,151
E00188778,320,169,151
E00188837,311,164,147
E00188880,287,154,133
E00188899,370,194,176
E00092545,265,133,132
E00092547,312,157,155
E00092549,259,132,127
E00092550,305,154,151
E00188909,302,159,143
E00092469,326,158,168
E00092470,312,161,151
E00092471,304,158,146
E00092472,120,55,65
E00092462,313,169,144
E00092463,361,194,167
E00092464,332,164,168
E00092465,279,143,136
E00092466,264,133,131
E00092459,339,183,156
E00092460,256,132,124
E00092461,387,202,185
E00092467,248,132,116
E00092468,393,205,188
E00092505,286,149,137
E00092506,311,164,147
E00092508,406,240,166
E00092515,346,188,158
E00092518,300,147,153
E00092503,286,142,144
E00092504,269,127,142
E00092516,281,146,135
E00092517,272,140,132
E00092507,385,163,222
E00092509,193,96,97
E00092510,188,97,91
E00092511,238,122,116
E00092512,313,167,146
E00092513,253,135,118
E00092514,257,140,117
E00092564,307,152,155
E00092566,353,185,168
E00092568,348,187,161
E00092575,252,120,132
E00092578,214,91,123
E00092567,414,214,200
E00092569,266,135,131
E00092570,355,158,197
E00092572,355,195,160
E00092576,288,145,143
E00092584,224,100,124
E00092565,301,150,151
E00092571,297,159,138
E00092573,314,157,157
E00092574,285,143,142
E00092577,314,165,149
E00092579,300,155,145
E00092580,454,259,195
E00092581,325,150,175
E00092582,256,143,113
E00092583,292,155,137
E00092473,269,137,132
E00092474,380,193,187
E00092475,323,165,158
E00092478,139,71,68
E00092479,306,155,151
E00092480,306,154,152
E00188753,122,64,58
E00188755,349,175,174
E00092656,194,107,87
E00092657,433,249,184
E00092659,213,109,104
E00092660,155,80,75
E00092661,259,127,132
E00168849,443,235,208
E00092674,338,170,168
E00092675,241,119,122
E00092677,208,111,97
E00092678,392,204,188
E00092679,218,111,107
E00092680,310,165,145
E00092685,421,209,212
E00092672,238,125,113
E00092673,193,96,97
E00092676,135,62,73
E00092681,306,159,147
E00092682,248,130,118
E00092683,147,68,79
E00092684,398,208,190
E00092686,149,85,64
E00092687,353,177,176
E00092496,239,121,118
E00092497,157,83,74
E00092498,307,173,134
E00092499,259,140,119
E00092501,424,225,199
E00092502,510,269,241
E00188763,326,165,161
E00188843,402,216,186
E00092593,267,151,116
E00092594,213,110,103
E00092596,269,148,121
E00092597,314,160,154
E00092598,295,164,131
E00092585,206,122,84
E00092586,283,146,137
E00092589,358,196,162
E00092590,442,225,217
E00092591,177,86,91
E00092600,190,93,97
E00092587,184,90,94
E00092588,213,109,104
E00092592,228,116,112
E00092599,380,186,194
E00092601,201,105,96
E00188826,404,207,197
E00188841,324,171,153
E00092688,124,61,63
E00092689,202,97,105
E00092690,243,120,123
E00092691,213,103,110
E00092692,316,163,153
E00092693,388,191,197
E00092694,328,163,165
E00092695,388,191,197
E00093522,392,201,191
E00093524,330,159,171
E00093527,270,129,141
E00093529,289,156,133
E00093530,236,106,130
E00093531,221,110,111
E00188922,295,151,144
E00188929,230,130,100
E00188937,216,110,106
E00093523,326,173,153
E00093525,336,188,148
E00093528,342,188,154
E00093532,323,165,158
E00093533,337,185,152
E00093536,271,140,131
E00093538,255,136,119
E00093539,215,119,96
E00093540,374,188,186
E00093541,284,145,139
E00093546,317,162,155
E00093534,347,186,161
E00093535,315,162,153
E00093537,256,139,117
E00093542,323,162,161
E00093543,334,175,159
E00093544,298,148,150
E00093545,174,91,83
E00093444,174,91,83
E00093445,297,144,153
E00093446,288,142,146
E00093447,258,136,122
E00093448,312,170,142
E00093449,234,127,107
E00093700,269,146,123
E00093702,324,172,152
E00093704,333,171,162
E00093709,390,191,199
E00093699,499,254,245
E00093705,256,134,122
E00093706,322,170,152
E00093710,320,158,162
E00093701,282,152,130
E00093703,312,167,145
E00093707,286,136,150
E00093708,274,148,126
E00093711,194,104,90
E00093594,249,142,107
E00093601,320,165,155
E00093602,387,186,201
E00093603,265,138,127
E00093604,340,184,156
E00093586,262,127,135
E00093587,216,115,101
E00093595,281,154,127
E00093598,249,126,123
E00093599,313,173,140
E00093588,297,156,141
E00093590,212,105,107
E00093591,427,225,202
E00093605,246,125,121
E00188849,300,160,140
E00188870,200,110,90
E00188939,424,211,213
E00093589,273,132,141
E00093593,351,176,175
E00093596,280,139,141
E00093597,312,158,154
E00093600,235,102,133
E00093510,272,147,125
E00093515,240,128,112
E00093517,318,167,151
E00093518,224,126,98
E00093519,303,144,159
E00093520,249,130,119
E00093521,285,144,141
E00093511,276,137,139
E00093512,275,139,136
E00093513,275,140,135
E00093514,317,157,160
E00093516,314,166,148
E00093578,257,129,128
E00093579,285,140,145
E00093580,287,144,143
E00093584,295,161,134
E00093585,303,156,147
E00093574,284,144,140
E00093575,288,148,140
E00093576,268,149,119
E00093577,258,138,120
E00093581,241,132,109
E00093582,253,138,115
E00093583,276,136,140
E00093451,309,164,145
E00093453,286,126,160
E00093459,287,139,148
E00093460,255,133,122
E00093461,275,135,140
E00093452,260,114,146
E00093458,432,221,211
E00093462,305,149,156
E00188770,331,157,174
E00188875,281,138,143
E00188906,364,186,178
E00093464,470,251,219
E00093474,328,184,144
E00093477,342,163,179
E00188796,296,170,126
E00188799,344,177,167
E00093670,445,213,232
E00093676,392,182,210
E00093678,409,214,195
E00093675,326,159,167
E00168841,587,298,289
E00188758,249,117,132
E00188759,302,152,150
E00188760,247,120,127
E00188945,324,162,162
E00093668,324,162,162
E00093669,326,161,165
E00093671,359,188,171
E00093679,320,181,139
E00093667,212,105,107
E00093672,556,321,235
E00093673,189,78,111
E00093674,276,143,133
E00093466,180,74,106
E00093468,279,146,133
E00093479,307,162,145
E00093480,292,159,133
E00093481,300,154,146
E00093471,275,156,119
E00093472,232,118,114
E00093473,369,185,184
E00093475,293,164,129
E00093476,334,171,163
E00093569,304,149,155
E00093570,244,131,113
E00093571,229,111,118
E00093572,280,136,144
E00093573,315,160,155
E00093563,278,151,127
E00093565,373,210,163
E00093567,370,189,181
E00093568,323,180,143
E00093560,234,127,107
E00093561,273,143,130
E00093562,200,106,94
E00093564,254,124,130
E00093566,329,178,151
E00093494,546,297,249
E00093496,572,297,275
E00093507,308,162,146
E00093509,292,143,149
E00093495,292,154,138
E00093497,277,149,128
E00093498,268,129,139
E00093499,251,128,123
E00093500,268,136,132
E00093492,306,156,150
E00093493,280,141,139
E00093503,515,259,256
E00093504,348,172,176
E00093501,390,205,185
E00093502,259,119,140
E00093505,283,146,137
E00093506,299,156,143
E00093508,338,174,164
E00093655,277,143,134
E00093658,279,148,131
E00093664,279,139,140
E00093665,299,153,146
E00093656,389,187,202
E00093657,274,129,145
E00093659,274,132,142
E00093666,254,129,125
E00093660,383,204,179
E00093661,341,178,163
E00093662,302,160,142
E00093663,369,178,191
E00093463,297,163,134
E00093465,252,124,128
E00093467,347,187,160
E00093469,261,132,129
E00093470,304,164,140
E00093549,280,133,147
E00093553,329,160,169
E00093557,302,156,146
E00093558,299,153,146
E00093550,255,132,123
E00093551,319,163,156
E00093552,321,175,146
E00093559,302,167,135
E00093547,249,135,114
E00093548,269,133,136
E00093554,250,131,119
E00093555,353,185,168
E00093556,313,159,154
E00093454,259,141,118
E00093455,346,179,167
E00093456,440,237,203
E00093457,326,173,153
E00093607,276,145,131
E00093610,259,139,120
E00093615,264,140,124
E00093616,321,176,145
E00093612,293,159,134
E00093613,333,176,157
E00093614,298,156,142
E00093617,295,148,147
E00093618,365,174,191
E00093608,333,172,161
E00093620,567,298,269
E00093624,214,109,105
E00188844,242,133,109
E00188858,304,154,150
E00188894,330,190,140
E00188916,338,187,151
E00188917,340,192,148
E00093606,290,152,138
E00093609,401,212,189
E00093619,372,191,181
E00093622,495,257,238
E00093623,257,142,115
E00093645,303,151,152
E00093647,315,166,149
E00093650,291,157,134
E00093651,270,141,129
E00093653,236,121,115
E00093637,292,149,143
E00093644,219,111,108
E00093646,310,174,136
E00093648,284,147,137
E00093649,302,165,137
E00093638,262,124,138
E00093641,307,153,154
E00093642,290,139,151
E00093652,292,148,144
E00093639,259,133,126
E00093640,309,150,159
E00093643,285,137,148
E00093654,261,131,130
E00093680,276,144,132
E00093682,306,145,161
E00093685,340,163,177
E00093697,305,155,150
E00093698,373,194,179
E00093683,244,132,112
E00093684,231,121,110
E00093687,295,152,143
E00093688,240,128,112
E00093689,259,132,127
E00093681,299,155,144
E00093686,262,131,131
E00093690,303,152,151
E00093691,300,148,152
E00093693,272,133,139
E00093692,320,163,157
E00093694,538,254,284
E00093695,297,154,143
E00093696,335,165,170
E00093482,314,159,155
E00093485,315,167,148
E00093486,287,153,134
E00093487,317,179,138
E00093490,369,194,175
E00093483,295,154,141
E00093484,339,171,168
E00093488,291,155,136
E00093489,320,172,148
E00093491,347,177,170
E00093627,346,173,173
E00093628,235,125,110
E00093629,277,142,135
E00093630,213,112,101
E00093631,257,139,118
E00093632,249,130,119
E00093633,306,155,151
E00093636,291,140,151
E00093625,263,131,132
E00093626,265,130,135
E00093634,261,136,125
E00093635,319,159,160
E00094312,218,112,106
E00094331,276,149,127
E00094332,395,209,186
E00094333,186,98,88
E00094334,244,128,116
E00094313,348,186,162
E00094329,382,199,183
E00094330,349,197,152
E00094335,403,197,206
E00094318,265,141,124
E00094321,235,122,113
E00094326,232,122,110
E00094327,276,143,133
E00094328,299,153,146
E00094314,332,148,184
E00094315,275,146,129
E00094316,321,152,169
E00094324,295,151,144
E00094325,334,171,163
E00094317,296,159,137
E00094319,331,177,154
E00094320,163,84,79
E00094322,296,169,127
E00094323,305,157,148
E00094336,303,165,138
E00094337,217,105,112
E00094338,339,181,158
E00094339,290,135,155
E00094340,297,146,151
E00094341,359,182,177
E00094342,318,172,146
E00094258,287,138,149
E00094259,265,136,129
E00094260,319,164,155
E00094261,304,153,151
E00094262,331,160,171
E00094263,262,138,124
E00094264,280,139,141
E00094427,186,95,91
E00094428,416,202,214
E00094429,102,52,50
E00094430,516,268,248
E00094431,445,213,232
E00094432,247,122,125
E00094433,235,129,106
E00094500,439,233,206
E00094501,328,160,168
E00094502,302,156,146
E00094503,229,120,109
E00094504,400,209,191
E00094505,293,147,146
E00094506,257,140,117
E00094240,295,146,149
E00094241,294,150,144
E00094244,300,149,151
E00094251,338,169,169
E00094245,218,123,95
E00094246,353,178,175
E00094247,375,180,195
E00094248,368,182,186
E00094250,434,220,214
E00094249,314,162,152
E00094252,270,134,136
E00094253,335,192,143
E00094255,252,127,125
E00094242,283,145,138
E00094243,229,114,115
E00094254,428,207,221
E00094256,332,167,165
E00094257,288,136,152
E00094304,304,152,152
E00094305,199,95,104
E00094306,205,100,105
E00094307,394,193,201
E00094308,311,155,156
E00094309,253,132,121
E00094310,310,161,149
E00094311,345,174,171
E00094366,295,158,137
E00094368,404,207,197
E00094369,263,140,123
E00094370,275,142,133
E00188779,272,141,131
E00188912,194,104,90
E00188941,301,169,132
E00094371,296,161,135
E00094372,320,184,136
E00094373,272,142,130
E00094374,318,152,166
E00094376,276,141,135
E00094363,326,181,145
E00094364,274,149,125
E00094365,289,144,145
E00094375,283,148,135
E00094377,269,137,132
E00094378,347,170,177
E00094379,301,154,147
E00094380,315,157,158
E00094381,305,160,145
E00094382,296,152,144
E00094383,319,155,164
E00094384,329,176,153
E00094385,137,81,56
E00094411,539,280,259
E00094412,264,132,132
E00094414,272,143,129
E00094419,317,160,157
E00094415,322,157,165
E00094416,272,139,133
E00094417,280,147,133
E00094418,298,153,145
E00094420,296,157,139
E00094408,431,239,192
E00094409,537,277,260
E00094410,330,172,158
E00188830,277,141,136
E00188882,340,178,162
E00094490,400,195,205
E00094493,299,153,146
E00094494,294,145,149
E00094496,362,176,186
E00094498,495,248,247
E00094507,605,322,283
E00094508,274,134,140
E00094509,143,73,70
E00094510,234,120,114
E00094511,311,154,157
E00094512,359,181,178
E00094513,453,229,224
E00094514,257,129,128
E00094463,444,224,220
E00094466,254,119,135
E00094467,298,145,153
E00094469,411,239,172
E00094472,221,108,113
E00094482,352,183,169
E00094464,285,125,160
E00094465,346,165,181
E00094468,263,130,133
E00094477,261,125,136
E00094483,236,113,123
E00094484,279,135,144
E00094456,327,183,144
E00188776,280,142,138
E00188828,313,151,162
E00188856,232,124,108
E00188855,299,141,158
E00188904,330,164,166
E00188918,361,186,175
E00188926,315,167,148
E00188934,320,163,157
E00094455,289,154,135
E00094457,285,141,144
E00094460,343,170,173
E00188840,256,128,128
E00188773,330,166,164
E00188814,314,161,153
E00188819,301,153,148
E00188897,304,158,146
E00188914,305,155,150
E00094529,251,133,118
E00094531,351,180,171
E00094532,289,145,144
E00094534,293,139,154
E00094548,347,183,164
E00094528,289,153,136
E00094530,315,163,152
E00094533,277,137,140
E00094536,260,141,119
E00094547,343,167,176
E00094549,274,135,139
E00094535,275,143,132
E00094538,354,171,183
E00094541,326,163,163
E00094542,349,187,162
E00094545,316,165,151
E00094537,268,141,127
E00094539,283,142,141
E00094540,328,176,152
E00094543,280,132,148
E00094544,231,116,115
E00094546,285,152,133
E00094446,307,145,162
E00094447,321,158,163
E00094451,285,134,151
E00094453,242,128,114
E00094454,308,163,145
E00094435,262,126,136
E00094437,268,132,136
E00094438,344,177,167
E00094439,308,165,143
E00094450,238,108,130
E00094434,256,130,126
E00094436,234,112,122
E00094442,247,118,129
E00094445,227,117,110
E00094449,257,125,132
E00094452,253,128,125
E00094440,445,225,220
E00094441,309,169,140
E00094443,217,97,120
E00094444,251,123,128
E00094448,270,128,142
E00094398,220,119,101
E00094403,321,172,149
E00094405,290,147,143
E00188791,365,189,176
E00188935,346,170,176
E00094399,269,144,125
E00094400,239,123,116
E00094404,287,160,127
E00094406,326,181,145
E00094407,316,168,148
E00094470,323,147,176
E00094473,308,160,148
E00094476,274,145,129
E00094479,324,156,168
E00094480,322,165,157
E00094462,282,129,153
E00094471,279,140,139
E00094474,240,113,127
E00094475,350,170,180
E00094478,269,131,138
E00094481,301,162,139
E00094485,341,164,177
E00094486,269,136,133
E00094487,262,115,147
E00094489,290,156,134
E00094497,310,162,148
E00094491,317,159,158
E00094492,286,145,141
E00094495,277,130,147
E00094499,295,150,145
E00188795,297,155,142
E00188809,281,140,141
E00094348,278,137,141
E00094353,328,166,162
E00094354,383,192,191
E00094355,358,182,176
E00094356,285,145,140
E00094345,312,153,159
E00094347,288,154,134
E00094349,332,171,161
E00094352,352,187,165
E00188829,257,127,130
E00188883,257,126,131
E00188921,246,112,134
E00094343,337,174,163
E00094350,269,139,130
E00094351,501,266,235
E00094359,255,120,135
E00188851,290,140,150
E00188920,277,149,128
E00188923,282,153,129
E00094387,345,170,175
E00094389,296,150,146
E00168845,322,169,153
E00168846,317,167,150
E00168847,196,95,101
E00168848,387,195,192
E00094390,332,174,158
E00094391,361,186,175
E00094392,285,147,138
E00094393,496,250,246
E00094395,366,187,179
E00094396,273,139,134
E00094397,291,145,146
E00094402,332,173,159
E00168844,144,65,79
E00188766,237,114,123
E00188878,181,97,84
E00188919,148,63,85
E00094267,271,140,131
E00094268,262,132,130
E00094278,268,137,131
E00094281,301,158,143
E00188866,408,209,199
E00188942,346,173,173
E00094274,284,146,138
E00094279,286,149,137
E00094280,258,136,122
E00094282,576,281,295
E00094283,254,123,131
E00094265,346,177,169
E00094270,307,147,160
E00094271,321,181,140
E00094277,294,146,148
E00094269,304,153,151
E00094272,273,131,142
E00094273,291,145,146
E00094275,410,214,196
E00188767,312,161,151
E00188805,298,142,156
E00188820,305,159,146
E00094344,449,220,229
E00094358,361,199,162
E00094360,330,159,171
E00094361,388,195,193
E00094362,426,210,216
E00094284,234,126,108
E00094285,345,181,164
E00094288,352,173,179
E00094295,488,249,239
E00094302,138,73,65
E00094303,146,70,76
E00094294,472,236,236
E00094297,253,127,126
E00094299,316,161,155
E00094300,346,185,161
E00094301,270,141,129
E00094291,275,133,142
E00094292,243,134,109
E00094296,324,148,176
E00094298,464,236,228
E00094286,426,229,197
E00094287,292,141,151
E00094289,315,163,152
E00094290,254,129,125
E00094293,496,262,234
E00094568,262,144,118
E00094569,243,127,116
E00094572,423,219,204
E00094574,236,121,115
E00094576,221,115,106
E00094566,249,123,126
E00094567,361,198,163
E00094570,335,181,154
E00094575,294,151,143
E00094634,406,199,207
E00094635,348,183,165
E00094637,428,218,210
E00094638,249,117,132
E00094628,307,146,161
E00094630,327,178,149
E00094632,562,268,294
E00094633,425,215,210
E00168838,280,130,150
E00168842,598,291,307
E00094581,318,155,163
E00094584,393,191,202
E00094592,305,156,149
E00188802,385,194,191
E00188812,351,182,169
E00094577,511,268,243
E00094582,344,174,170
E00094591,473,238,235
E00188869,198,95,103
E00188874,331,157,174
E00188886,310,163,147
E00094607,291,143,148
E00094615,214,112,102
E00094617,259,130,129
E00094618,290,142,148
E00094622,278,132,146
E00094609,273,137,136
E00094616,460,233,227
E00094620,279,147,132
E00094624,379,199,180
E00094626,285,139,146
E00094557,368,186,182
E00094558,274,133,141
E00094560,310,165,145
E00094562,367,179,188
E00094611,272,141,131
E00094612,226,109,117
E00094613,293,153,140
E00094614,223,113,110
E00094625,258,136,122
E00094627,297,154,143
E00094608,354,181,173
E00094619,248,105,143
E00094621,356,174,182
E00094623,257,133,124
E00188793,221,120,101
E00188873,304,171,133
E00188930,152,76,76
E00094629,276,142,134
E00094636,444,215,229
E00094639,387,201,186
E00094640,232,110,122
E00094641,369,176,193
E00094551,313,157,156
E00094553,263,143,120
E00094555,286,154,132
E00094556,207,112,95
E00094561,391,205,186
E00094578,388,211,177
E00094579,377,195,182
E00094583,411,214,197
E00188786,134,82,52
E00188859,254,146,108
E00188898,278,150,128
E00094587,277,138,139
E00094589,329,168,161
E00094590,403,219,184
E00188800,396,194,202
E00188801,287,153,134
E00188938,344,167,177
E00094593,299,145,154
E00094603,340,171,169
E00094604,225,109,116
E00094606,316,153,163
E00094550,270,153,117
E00094554,298,159,139
E00094559,514,244,270
E00094563,274,146,128
E00188792,345,174,171
E00188798,273,135,138
E00094564,264,131,133
E00094565,333,159,174
E00094571,262,135,127
E00094573,361,178,183
E00094594,354,183,171
E00094595,431,240,191
E00094597,262,138,124
E00094598,234,134,100
E00094599,222,115,107
E00094596,267,132,135
E00094600,499,247,252
E00094601,305,154,151
E00094602,316,151,165
E00188769,350,167,183
E00188781,243,124,119
E00188907,383,201,182
E00094421,310,154,156
E00094422,187,96,91
E00094423,267,140,127
E00094424,276,140,136
E00094425,320,169,151
E00094426,392,201,191
E00094519,523,262,261
E00094524,258,141,117
E00094525,258,132,126
E00094527,410,205,205
E00094521,316,169,147
E00094522,236,124,112
E00094523,279,155,124
E00094526,305,156,149
E00188813,318,153,165
E00188833,316,165,151
E00094515,229,110,119
E00094516,366,178,188
E00094517,337,167,170
E00094518,538,268,270
E00096672,260,132,128
E00096673,208,110,98
E00096674,272,136,136
E00096675,301,151,150
E00096676,404,212,192
E00096679,174,96,78
E00096669,353,187,166
E00096670,340,186,154
E00096671,311,153,158
E00096677,270,147,123
E00096678,265,130,135
E00096701,154,72,82
E00096702,340,181,159
E00096703,198,87,111
E00096704,273,141,132
E00096705,321,153,168
E00096706,514,269,245
E00096711,287,150,137
E00096712,274,134,140
E00096721,313,163,150
E00096722,222,123,99
E00096723,262,144,118
E00096715,314,175,139
E00096716,298,151,147
E00096717,290,154,136
E00096718,294,152,142
E00096727,391,202,189
E00096724,526,271,255
E00096725,356,175,181
E00096726,539,286,253
E00096728,617,319,298
E00096713,208,108,100
E00096714,210,111,99
E00096719,348,200,148
E00096720,269,133,136
E00096436,384,210,174
E00096437,299,150,149
E00096438,309,154,155
E00096439,224,114,110
E00096440,236,122,114
E00096441,362,183,179
E00096565,228,119,109
E00096566,276,132,144
E00096567,315,155,160
E00096568,227,109,118
E00096569,495,246,249
E00096691,424,202,222
E00096692,259,126,133
E00096693,378,188,190
E00096694,229,118,111
E00096695,494,262,232
E00096696,295,151,144
E00096697,401,218,183
E00096698,352,172,180
E00096699,447,225,222
E00096700,369,188,181
E00096425,279,143,136
E00096426,246,130,116
E00096428,298,156,142
E00096429,344,177,167
E00096432,364,182,182
E00096434,314,164,150
E00096427,310,161,149
E00096430,297,140,157
E00096431,256,133,123
E00096433,340,176,164
E00096435,287,151,136
E00096541,205,102,103
E00096542,235,131,104
E00096543,437,217,220
E00096544,320,157,163
E00096545,413,200,213
E00096680,278,138,140
E00096681,277,140,137
E00096682,217,118,99
E00096683,359,184,175
E00096684,274,135,139
E00096685,237,111,126
E00096707,436,216,220
E00096708,428,212,216
E00096709,309,144,165
E00096710,354,171,183
E00096495,352,174,178
E00096497,323,164,159
E00096498,310,158,152
E00096499,277,145,132
E00096500,296,166,130
E00096490,280,132,148
E00096491,280,144,136
E00096492,195,104,91
E00096493,140,70,70
E00096494,126,64,62
E00096501,372,193,179
E00179337,291,151,140
E00179339,448,227,221
E00096502,261,133,128
E00096503,424,215,209
E00096504,290,143,147
E00096505,301,152,149
E00096506,305,150,155
E00096508,270,135,135
E00096510,292,166,126
E00096605,297,155,142
E00096609,241,114,127
E00096610,299,152,147
E00096611,262,131,131
E00096613,335,170,165
E00096603,277,136,141
E00096604,230,113,117
E00096606,256,125,131
E00096607,319,168,151
E00096608,307,158,149
E00096612,165,65,100
E00096507,252,127,125
E00096509,314,174,140
E00096511,261,128,133
E00096512,268,153,115
E00096513,288,142,146
E00096516,296,152,144
E00096517,315,152,163
E00096518,305,166,139
E00096520,347,176,171
E00096521,291,153,138
E00096523,258,142,116
E00096514,333,164,169
E00096515,487,266,221
E00096519,302,162,140
E00096522,247,132,115
E00096524,267,138,129
E00096525,313,157,156
E00096526,244,145,99
E00096527,306,157,149
E00096528,254,131,123
E00096529,357,171,186
E00096530,244,136,108
E00096444,386,198,188
E00096447,338,182,156
E00096448,269,133,136
E00096450,313,158,155
E00096451,300,145,155
E00096446,421,221,200
E00096449,261,141,120
E00096452,285,146,139
E00179301,366,194,172
E00179307,278,138,140
E00179335,336,190,146
E00096442,380,192,188
E00096443,302,152,150
E00096453,378,176,202
E00096454,243,126,117
E00096455,357,204,153
E00096461,208,104,104
E00096462,281,153,128
E00096463,202,108,94
E00096464,261,132,129
E00096465,286,134,152
E00096478,419,210,209
E00096479,400,197,203
E00096480,347,178,169
E00096481,251,132,119
E00096482,333,176,157
E00096410,310,147,163
E00096413,262,142,120
E00096414,293,145,148
E00096415,316,153,163
E00096416,255,131,124
E00096409,298,151,147
E00096411,265,123,142
E00096417,255,141,114
E00096418,311,158,153
E00096419,253,127,126
E00096420,241,112,129
E00096421,268,143,125
E00096422,257,135,122
E00096423,275,138,137
E00096424,253,127,126
E00179289,122,60,62
E00179308,258,139,119
E00179341,244,126,118
E00096456,284,151,133
E00096457,357,189,168
E00096458,246,131,115
E00096459,296,162,134
E00096460,398,206,192
E00096472,308,148,160
E00096474,278,133,145
E00096475,253,135,118
E00096477,134,64,70
E00179282,439,220,219
E00096614,263,126,137
E00096615,231,112,119
E00096617,224,102,122
E00096619,249,121,128
E00096621,167,95,72
E00096616,235,119,116
E00096618,242,113,129
E00096620,227,111,116
E00096622,291,150,141
E00096623,280,138,142
E00096635,297,147,150
E00096648,320,158,162
E00096649,311,160,151
E00096650,182,78,104
E00096651,247,114,133
E00096653,370,180,190
E00096659,532,280,252
E00096660,285,151,134
E00096661,317,164,153
E00096663,287,140,147
E00096654,323,163,160
E00096657,309,162,147
E00096658,336,166,170
E00096662,477,235,242
E00096665,259,133,126
E00096668,268,135,133
E00096652,154,84,70
E00096655,291,144,147
E00096656,245,122,123
E00096664,272,137,135
E00096666,216,113,103
E00096667,266,135,131
E00096594,241,121,120
E00096595,326,176,150
E00096596,323,190,133
E00096597,340,172,168
E00179313,534,247,287
E00179315,111,61,50
E00096598,378,195,183
E00096599,388,198,190
E00096600,297,143,154
E00096601,309,154,155
E00096602,312,167,145
E00096587,291,152,139
E00096588,263,140,123
E00096590,301,157,144
E00096591,207,97,110
E00096592,231,113,118
E00096593,382,215,167
E00096634,274,135,139
E00096640,280,147,133
E00096644,251,127,124
E00096645,246,114,132
E00096646,251,131,120
E00096647,241,127,114
E00096633,188,88,100
E00096636,294,132,162
E00096637,309,152,157
E00096638,218,103,115
E00096639,218,109,109
E00096641,170,75,95
E00096642,256,126,130
E00096643,183,90,93
E00096579,308,168,140
E00096580,287,162,125
E00096582,316,164,152
E00096583,288,156,132
E00096584,334,176,158
E00096571,277,147,130
E00096574,346,172,174
E00096576,262,130,132
E00096577,321,179,142
E00096581,248,135,113
E00096585,281,137,144
E00096570,266,132,134
E00096572,275,153,122
E00096573,229,129,100
E00096575,254,134,120
E00096578,262,137,125
E00096586,299,154,145
E00096624,292,139,153
E00096625,277,134,143
E00096627,537,269,268
E00096630,250,126,124
E00096626,253,124,129
E00096628,329,177,152
E00096629,273,127,146
E00096631,316,149,167
E00096632,291,148,143
E00096466,366,189,177
E00096467,224,117,107
E00096468,297,151,146
E00096469,243,126,117
E00096470,487,253,234
E00096534,233,123,110
E00096537,304,143,161
E00096539,476,228,248
E00096540,341,170,171
E00179326,455,228,227
E00179328,257,124,133
E00096531,217,116,101
E00096532,332,160,172
E00096533,324,158,166
E00096536,293,154,139
E00096538,269,134,135
E00096686,308,160,148
E00096687,289,144,145
E00096688,326,158,168
E00096690,413,220,193
E00179312,442,231,211
E00179317,136,72,64
E00179332,208,103,105
E00096484,276,141,135
E00096485,128,65,63
E00096486,220,109,111
E00096488,163,85,78
E00096489,333,159,174
E00179283,287,138,149
E00096551,191,112,79
E00096552,252,135,117
E00096553,223,122,101
E00096556,195,96,99
E00096558,247,137,110
E00096560,250,144,106
E00096546,258,124,134
E00096550,243,122,121
E00096557,294,160,134
E00096562,200,115,85
E00096564,404,194,210
E00096547,246,115,131
E00096548,224,109,115
E00096549,249,125,124
E00096554,326,175,151
E00096555,412,213,199
E00096559,265,140,125
E00096561,191,97,94
E00096563,200,82,118
E00096763,205,100,105
E00096764,311,144,167
E00096768,292,135,157
E00096769,264,133,131
E00096770,318,165,153
E00096760,400,195,205
E00096761,328,165,163
E00096762,344,171,173
E00096765,324,162,162
E00096766,312,153,159
E00096767,276,129,147
E00096772,320,167,153
E00096777,291,150,141
E00096778,428,220,208
E00096779,265,132,133
E00096771,328,159,169
E00096773,245,124,121
E00096774,323,172,151
E00096775,344,171,173
E00096776,262,138,124
E00096780,277,146,131
E00096781,261,130,131
E00096783,290,139,151
E00096784,236,121,115
E00096799,254,127,127
E00096789,253,129,124
E00096790,231,110,121
E00096792,337,176,161
E00096794,253,135,118
E00096796,365,178,187
E00096785,239,113,126
E00096786,270,136,134
E00096787,240,123,117
E00096788,240,129,111
E00096791,239,124,115
E00096793,276,141,135
E00096782,211,111,100
E00096795,297,155,142
E00096797,326,169,157
E00096798,337,165,172
E00096800,299,161,138
E00096808,289,141,148
E00096809,363,188,175
E00096810,310,150,160
E00096811,370,197,173
E00096801,250,138,112
E00096804,249,137,112
E00096806,283,127,156
E00096807,223,112,111
E00096814,271,141,130
E00096816,243,117,126
E00096817,201,108,93
E00096820,224,130,94
E00171122,348,182,166
E00096802,202,106,96
E00096803,283,145,138
E00096805,260,139,121
E00096815,218,113,105
E00096818,189,99,90
E00096819,188,104,84
E00096842,260,138,122
E00096852,394,209,185
E00096853,289,157,132
E00096854,294,149,145
E00096855,310,161,149
E00096848,299,149,150
E00096849,270,133,137
E00096850,332,159,173
E00096851,348,178,170
E00096823,215,104,111
E00096824,151,81,70
E00096829,283,138,145
E00096832,173,88,85
E00096835,217,97,120
E00096836,350,185,165
E00096830,417,209,208
E00096831,292,148,144
E00096833,239,125,114
E00096834,233,120,113
E00096863,305,148,157
E00096870,290,147,143
E00096871,272,143,129
E00096872,416,217,199
E00096873,240,123,117
E00096861,296,152,144
E00096864,337,159,178
E00096874,269,147,122
E00096875,251,126,125
E00096876,266,130,136
E00096865,257,136,121
E00096866,132,62,70
E00096869,232,118,114
E00096878,288,154,134
E00096880,340,166,174
E00096862,232,125,107
E00096867,221,109,112
E00096868,231,117,114
E00096877,224,118,106
E00096879,247,128,119
E00096881,209,124,85
E00096889,235,125,110
E00096891,298,138,160
E00096893,310,158,152
E00096895,176,84,92
E00096899,293,145,148
E00096884,344,167,177
E00096885,301,145,156
E00096886,369,191,178
E00096887,366,187,179
E00096882,338,166,172
E00096883,355,166,189
E00096888,308,150,158
E00096890,229,112,117
E00096892,212,102,110
E00096894,229,120,109
E00096896,287,145,142
E00096897,231,118,113
E00096898,222,103,119
E00096845,349,172,177
E00096846,299,153,146
E00096847,255,127,128
E00096857,320,165,155
E00179296,332,162,170
E00179298,585,303,282
E00096929,262,136,126
E00096931,270,135,135
E00096932,236,122,114
E00096933,314,159,155
E00179329,472,253,219
E00179340,254,123,131
E00096921,499,254,245
E00096923,288,151,137
E00096924,393,206,187
E00096935,265,131,134
E00096919,531,261,270
E00096920,298,157,141
E00096922,222,112,110
E00096925,238,116,122
E00096934,240,134,106
E00096926,288,141,147
E00096927,256,120,136
E00096928,291,152,139
E00096930,339,165,174
E00096843,148,56,92
E00096844,277,146,131
E00096856,309,156,153
E00096859,357,185,172
E00096860,273,134,139
E00096902,213,105,108
E00096907,227,103,124
E00096908,211,115,96
E00096911,304,149,155
E00096912,310,151,159
E00096900,211,98,113
E00096903,301,146,155
E00096906,210,103,107
E00096909,206,105,101
E00096910,211,106,105
E00096901,412,232,180
E00096913,387,212,175
E00096914,362,188,174
E00096917,317,168,149
E00096742,256,139,117
E00096745,164,88,76
E00096748,249,125,124
E00096750,299,161,138
E00096904,320,164,156
E00096905,223,111,112
E00096915,217,109,108
E00096916,293,145,148
E00096741,232,108,124
E00096743,301,126,175
E00096755,222,99,123
E00096756,201,95,106
E00171123,233,128,105
E00096740,294,156,138
E00096746,245,127,118
E00096757,262,138,124
E00096758,253,119,134
E00096759,294,139,155
E00096744,359,170,189
E00096747,229,107,122
E00096749,303,166,137
E00096751,265,130,135
E00096752,296,138,158
E00096821,187,97,90
E00096822,220,108,112
E00096826,237,124,113
E00096827,197,99,98
E00096828,230,103,127
E00096839,240,111,129
E00096825,196,108,88
E00096837,256,127,129
E00096838,198,106,92
E00096840,259,128,131
E00096841,197,92,105
E00096937,294,141,153
E00096938,218,115,103
E00096941,318,148,170
E00096946,242,135,107
E00096947,259,131,128
E00171120,183,99,84
E00171121,174,84,90
E00096939,298,149,149
E00096942,266,138,128
E00096943,341,160,181
E00096952,252,115,137
E00096955,250,123,127
E00096957,296,149,147
E00096959,291,136,155
E00096971,280,138,142
E00096973,230,106,124
E00096974,246,135,111
E00096936,385,206,179
E00096940,270,143,127
E00096950,257,135,122
E00096951,216,108,108
E00096953,185,89,96
E00096954,207,110,97
E00179288,214,116,98
E00179318,193,99,94
E00179323,319,153,166
E00096730,285,147,138
E00096734,274,146,128
E00096737,167,83,84
E00096738,206,106,100
E00096739,224,107,117
E00096731,226,107,119
E00096732,181,76,105
E00096733,161,68,93
E00096735,222,102,120
E00179284,266,121,145
E00096961,304,154,150
E00096963,266,134,132
E00096964,234,115,119
E00096965,252,124,128
E00096967,294,146,148
E00096958,189,98,91
E00096960,249,129,120
E00096962,266,138,128
E00096966,280,139,141
E00096972,220,101,119
E00096956,406,216,190
E00096968,296,153,143
E00096969,298,145,153
E00096970,282,138,144
E00097189,394,196,198
E00097190,407,194,213
E00097191,350,184,166
E00097181,262,137,125
E00097182,282,122,160
E00097184,362,182,180
E00097185,261,144,117
E00097186,243,122,121
E00097180,383,188,195
E00097183,362,186,176
E00097187,403,200,203
E00097188,458,229,229
E00097192,397,194,203
E00097193,350,169,181
E00097194,359,174,185
E00097195,347,168,179
E00097196,150,69,81
E00097197,236,114,122
E00097037,326,165,161
E00097040,453,243,210
E00097041,249,128,121
E00097043,359,177,182
E00097044,215,112,103
E00097035,328,171,157
E00097036,246,124,122
E00097038,247,130,117
E00097042,205,101,104
E00097045,367,201,166
E00097039,245,132,113
E00097046,330,174,156
E00097047,341,178,163
E00097048,380,189,191
E00097049,254,134,120
E00097172,139,64,75
E00097173,195,96,99
E00097174,284,143,141
E00097175,375,190,185
E00097176,150,68,82
E00097177,408,197,211
E00097178,282,136,146
E00097179,110,57,53
E00096978,307,160,147
E00096982,362,181,181
E00096983,277,139,138
E00096984,265,136,129
E00096988,344,170,174
E00096975,204,110,94
E00096981,304,157,147
E00096985,315,158,157
E00096986,303,144,159
E00096987,241,116,125
E00096976,260,134,126
E00096979,283,151,132
E00096991,281,141,140
E00096993,278,146,132
E00179290,337,169,168
E00179330,227,119,108
E00096977,272,142,130
E00096980,283,149,134
E00096990,285,140,145
E00096992,345,170,175
E00096994,267,151,116
E00097257,305,160,145
E00097260,313,165,148
E00097269,244,130,114
E00097271,312,155,157
E00097272,275,164,111
E00097021,397,198,199
E00097022,298,155,143
E00097023,267,144,123
E00097024,246,135,111
E00097025,260,136,124
E00097026,318,160,158
E00097248,284,149,135
E00097251,269,135,134
E00097253,253,138,115
E00179293,399,188,211
E00179324,293,151,142
E00097250,282,137,145
E00097252,396,200,196
E00097255,322,164,158
E00171979,244,116,128
E00171985,279,137,142
E00179314,135,65,70
E00179334,572,291,281
E00097256,269,137,132
E00097259,276,152,124
E00097261,300,148,152
E00097274,246,127,119
E00179305,140,64,76
E00179319,343,174,169
E00179333,321,166,155
E00097262,332,190,142
E00097263,286,146,140
E00097268,256,133,123
E00097270,288,155,133
E00097273,247,131,116
E00097297,370,215,155
E00097303,252,137,115
E00179345,323,185,138
E00179346,421,204,217
E00179347,336,162,174
E00179348,482,244,238
E00096995,268,143,125
E00096996,251,129,122
E00096998,320,155,165
E00097002,278,145,133
E00097005,249,130,119
E00096997,303,144,159
E00097001,385,224,161
E00097012,318,173,145
E00097013,360,182,178
E00097050,478,248,230
E00097051,607,300,307
E00097052,320,162,158
E00097053,315,167,148
E00097054,486,248,238
E00097309,310,156,154
E00097313,272,136,136
E00097317,251,130,121
E00097324,189,96,93
E00097327,292,142,150
E00097310,219,108,111
E00097312,237,126,111
E00097319,240,123,117
E00097325,311,153,158
E00097326,302,162,140
E00097065,341,178,163
E00097067,204,95,109
E00097071,278,102,176
E00097072,199,87,112
E00097056,342,180,162
E00097059,332,143,189
E00097061,274,135,139
E00097063,203,82,121
E00097064,326,167,159
E00097074,196,76,120
E00097223,236,129,107
E00097237,224,98,126
E00097240,241,122,119
E00097241,204,108,96
E00097242,170,76,94
E00097243,284,160,124
E00097231,186,90,96
E00097232,210,103,107
E00097233,265,135,130
E00097234,238,126,112
E00097236,255,133,122
E00097238,214,104,110
E00097222,265,131,134
E00097229,246,124,122
E00097230,220,103,117
E00097235,321,164,157
E00097239,310,177,133
E00097258,145,90,55
E00097264,347,168,179
E00097265,187,90,97
E00097266,253,131,122
E00097267,303,155,148
E00097137,318,157,161
E00097138,152,71,81
E00097139,282,141,141
E00097140,186,102,84
E00097141,264,146,118
E00097142,368,183,185
E00097143,241,125,116
E00097144,346,183,163
E00097166,249,130,119
E00097167,306,150,156
E00097170,270,144,126
E00097171,255,136,119
E00179286,361,190,171
E00179342,132,65,67
E00179343,264,125,139
E00179344,126,64,62
E00097244,356,180,176
E00097245,421,197,224
E00097247,352,176,176
E00097249,335,166,169
E00097296,345,180,165
E00097299,302,150,152
E00097301,221,111,110
E00097302,252,133,119
E00097305,452,236,216
E00097295,512,271,241
E00097304,355,179,176
E00097306,384,196,188
E00097307,390,195,195
E00097057,243,127,116
E00097058,261,121,140
E00097060,370,184,186
E00097062,250,129,121
E00097073,245,119,126
E00097075,232,107,125
E00097055,262,126,136
E00097066,281,154,127
E00097068,256,138,118
E00097069,276,146,130
E00097070,236,127,109
E00097115,355,175,180
E00097117,244,123,121
E00097121,345,169,176
E00097123,328,157,171
E00097136,224,116,108
E00097127,359,194,165
E00097129,257,136,121
E00097131,393,201,192
E00097132,273,132,141
E00097134,233,121,112
E00097198,286,152,134
E00097209,270,142,128
E00097211,236,123,113
E00097212,232,121,111
E00097216,269,136,133
E00097000,516,264,252
E00097006,472,243,229
E00097007,293,158,135
E00097010,464,259,205
E00097011,260,131,129
E00097003,259,139,120
E00097004,400,217,183
E00097008,405,210,195
E00097009,399,210,189
E00171977,364,195,169
E00171984,332,163,169
E00097208,192,96,96
E00097210,234,119,115
E00097213,251,132,119
E00097215,233,128,105
E00097218,232,127,105
E00097219,206,106,100
E00097220,211,119,92
E00097199,289,140,149
E00097200,170,79,91
E00097201,234,138,96
E00097202,294,140,154
E00097214,291,156,135
E00097217,191,101,90
E00097221,248,130,118
E00097203,306,161,145
E00097204,188,91,97
E00097205,328,168,160
E00097206,281,148,133
E00097207,303,154,149
E00097311,315,164,151
E00097314,318,151,167
E00097315,263,137,126
E00097318,188,92,96
E00097322,233,125,108
E00097077,328,167,161
E00097078,330,162,168
E00097082,217,110,107
E00097084,229,113,116
E00097085,255,128,127
E00097076,247,125,122
E00097079,261,131,130
E00097093,290,144,146
E00097094,228,118,110
E00097095,222,103,119
E00097096,274,133,141
E00097118,253,141,112
E00097119,191,93,98
E00097120,203,99,104
E00097124,265,129,136
E00097126,352,193,159
E00097130,465,239,226
E00097116,201,89,112
E00097122,200,105,95
E00097125,283,149,134
E00097128,243,131,112
E00097133,242,94,148
E00097135,394,188,206
E00097145,437,220,217
E00097146,224,113,111
E00097161,193,95,98
E00097163,321,161,160
E00097164,342,169,173
E00097224,424,223,201
E00097225,298,155,143
E00097226,251,112,139
E00097227,314,157,157
E00097228,349,159,190
E00097027,344,171,173
E00097028,302,164,138
E00097029,235,118,117
E00097030,356,182,174
E00097031,343,173,170
E00097032,535,276,259
E00097014,254,141,113
E00097015,305,150,155
E00097017,257,135,122
E00097018,258,130,128
E00097034,250,139,111
E00097016,228,115,113
E00097019,243,131,112
E00097020,239,122,117
E00097033,339,188,151
E00097148,377,189,188
E00097152,287,151,136
E00097153,262,139,123
E00097154,186,97,89
E00171981,162,86,76
E00171989,281,140,141
E00171990,215,116,99
E00097147,209,104,105
E00097150,297,165,132
E00097151,579,285,294
E00097155,273,140,133
E00097162,371,189,182
E00097276,245,132,113
E00097281,339,163,176
E00097282,347,182,165
E00097293,315,160,155
E00097294,293,144,149
E00097080,348,180,168
E00097081,290,149,141
E00097083,269,137,132
E00097086,277,147,130
E00097087,270,145,125
E00097088,294,150,144
E00097089,310,170,140
E00097090,282,137,145
E00097091,242,127,115
E00097092,215,117,98
E00097284,212,109,103
E00097285,219,106,113
E00097286,268,141,127
E00097288,259,135,124
E00097289,251,139,112
E00097277,277,147,130
E00097278,265,131,134
E00097280,323,159,164
E00097283,265,129,136
E00097287,243,121,122
E00097279,293,161,132
E00097290,297,150,147
E00097291,260,133,127
E00097292,316,165,151
E00097099,298,143,155
E00097103,474,259,215
E00097106,314,166,148
E00097107,304,150,154
E00097110,307,161,146
E00097156,267,128,139
E00097157,340,178,162
E00097158,248,119,129
E00097159,256,133,123
E00097160,256,127,129
E00097308,270,146,124
E00097316,289,153,136
E00097320,198,106,92
E00097321,237,125,112
E00171983,344,174,170
E00171988,356,197,159
E00171978,187,96,91
E00171980,194,92,102
E00171982,262,145,117
E00171986,307,163,144
E00179311,160,78,82
E00097098,189,97,92
E00179300,448,214,234
E00179302,203,97,106
E00179303,514,256,258
E00179325,216,110,106
E00097114,298,156,142
E00179306,183,103,80
E00179321,578,285,293
E00179322,171,85,86
E00097100,290,156,134
E00097101,283,154,129
E00097102,239,129,110
E00097104,338,165,173
E00097105,256,133,123
E00097111,314,149,165
E00097112,320,162,158
E00179291,337,171,166
E00179320,410,219,191
E00179327,426,216,210
E00097387,230,106,124
E00097388,277,135,142
E00097390,287,144,143
E00097392,316,162,154
E00097395,417,204,213
E00097396,400,197,203
E00097397,302,149,153
E00097398,330,171,159
E00097399,273,147,126
E00097389,209,96,113
E00097391,262,130,132
E00097393,263,142,121
E00097394,269,139,130
E00097528,310,162,148
E00097529,374,186,188
E00097530,368,178,190
E00097531,304,156,148
E00097348,280,141,139
E00097356,314,157,157
E00097357,270,134,136
E00097358,263,134,129
E00097361,289,138,151
E00097447,199,88,111
E00097449,148,64,84
E00097450,127,55,72
E00097457,196,94,102
E00097458,257,107,150
E00097459,128,49,79
E00097460,188,84,104
E00097461,207,91,116
E00097448,212,104,108
E00097451,304,153,151
E00097452,299,152,147
E00097453,300,149,151
E00097446,317,160,157
E00097454,315,161,154
E00097455,291,146,145
E00097456,281,127,154
E00097349,263,124,139
E00097350,338,179,159
E00097352,497,249,248
E00097353,292,140,152
E00097362,267,130,137
E00097351,263,127,136
E00097354,313,160,153
E00097355,469,241,228
E00097359,297,139,158
E00097360,256,128,128
E00097472,294,148,146
E00097473,203,113,90
E00097474,244,135,109
E00097477,241,125,116
E00097480,172,82,90
E00097467,268,143,125
E00097468,233,117,116
E00097478,287,146,141
E00097479,288,145,143
E00097481,287,148,139
E00097469,215,112,103
E00097470,249,141,108
E00097471,298,155,143
E00097475,316,160,156
E00097476,240,113,127
E00097483,285,135,150
E00097484,272,138,134
E00097485,254,129,125
E00097489,272,131,141
E00097482,326,158,168
E00097486,368,183,185
E00097487,304,152,152
E00097488,340,165,175
E00097328,228,115,113
E00097329,270,131,139
E00097330,232,116,116
E00097331,200,99,101
E00097332,445,218,227
E00097363,393,201,192
E00097370,557,279,278
E00097371,265,144,121
E00097373,268,137,131
E00097374,279,128,151
E00097364,170,71,99
E00097365,274,150,124
E00097372,278,143,135
E00097375,300,148,152
E00097376,241,121,120
E00097380,259,136,123
E00097381,282,149,133
E00097383,259,145,114
E00097385,294,147,147
E00097386,274,137,137
E00097377,267,139,128
E00097378,247,133,114
E00097379,190,103,87
E00097382,259,141,118
E00097384,250,128,122
E00097433,322,167,155
E00097434,208,106,102
E00097435,268,134,134
E00097439,223,118,105
E00097440,172,85,87
E00097432,334,161,173
E00097436,352,179,173
E00097437,476,243,233
E00097438,208,107,101
E00097366,264,133,131
E00097367,239,121,118
E00097368,283,142,141
E00097369,272,129,143
E00097428,226,108,118
E00097429,246,119,127
E00097430,233,110,123
E00097431,266,137,129
E00097499,328,161,167
E00097501,332,171,161
E00097503,276,143,133
E00097504,303,154,149
E00097507,195,111,84
E00097500,242,115,127
E00097502,261,124,137
E00097505,285,145,140
E00097506,269,138,131
E00097513,298,146,152
E00097524,240,122,118
E00097525,287,151,136
E00097526,305,168,137
E00097527,275,143,132
E00097515,301,161,140
E00097516,303,173,130
E00097517,285,145,140
E00097518,250,130,120
E00097521,316,151,165
E00097514,251,137,114
E00097519,279,149,130
E00097520,267,135,132
E00097522,307,148,159
E00097523,285,141,144
E00097550,190,102,88
E00097551,412,210,202
E00097553,287,140,147
E00097554,264,123,141
E00097558,209,112,97
E00097559,215,109,106
E00097555,366,172,194
E00097556,246,144,102
E00097557,246,128,118
E00179294,163,70,93
E00179304,485,251,234
E00097400,365,184,181
E00097401,448,233,215
E00097402,273,154,119
E00097403,197,103,94
E00097404,297,147,150
E00097405,272,143,129
E00097406,282,149,133
E00097407,276,131,145
E00097408,280,148,132
E00097409,314,154,160
E00097410,415,211,204
E00097411,308,146,162
E00097412,323,176,147
E00097413,146,72,74
E00097415,155,86,69
E00097420,228,109,119
E00097421,235,117,118
E00097422,407,208,199
E00097423,207,81,126
E00097424,200,97,103
E00097414,250,121,129
E00097416,228,113,115
E00097417,300,161,139
E00097418,274,143,131
E00097419,273,139,134
E00097425,302,162,140
E00097426,212,112,100
E00097427,192,99,93
E00097340,288,150,138
E00097341,289,140,149
E00097342,248,124,124
E00171125,251,131,120
E00171126,284,129,155
E00097333,280,135,145
E00097335,176,86,90
E00097336,152,75,77
E00097337,222,109,113
E00097338,278,140,138
E00097339,334,169,165
E00097441,398,196,202
E00097442,272,143,129
E00097443,201,105,96
E00097444,206,100,106
E00097445,249,115,134
E00097544,164,82,82
E00097545,243,131,112
E00097546,288,149,139
E00097547,411,198,213
E00097548,259,119,140
E00097549,273,126,147
E00097564,253,129,124
E00097565,353,181,172
E00097566,278,141,137
E00097568,317,162,155
E00097569,294,150,144
E00097560,200,99,101
E00097561,183,91,92
E00097562,235,114,121
E00097563,281,143,138
E00097567,214,104,110
E00097343,206,111,95
E00097344,268,136,132
E00097345,262,141,121
E00097346,273,129,144
E00097347,229,109,120
E00097462,235,118,117
E00097463,241,117,124
E00097464,229,116,113
E00097465,321,163,158
E00097466,520,115,405
E00097490,291,145,146
E00097492,249,124,125
E00097494,249,119,130
E00097497,169,83,86
E00097498,324,167,157
E00097491,251,129,122
E00097493,264,134,130
E00097495,283,140,143
E00097496,253,126,127
E00097508,229,119,110
E00097509,291,147,144
E00097510,273,139,134
E00097511,113,53,60
E00097512,369,199,170
E00097538,315,148,167
E00097539,301,154,147
E00097540,284,140,144
E00097542,284,150,134
E00097543,277,143,134
E00097532,275,152,123
E00097533,250,124,126
E00097534,252,120,132
E00097535,322,164,158
E00097536,218,121,97
E00097537,382,197,185
E00097541,201,103,98
E00097570,294,151,143
E00097571,347,178,169
E00097572,312,160,152
E00097573,228,118,110
E00097574,293,141,152
E00097575,215,110,105
E00097576,339,177,162
E00097615,426,219,207
E00097616,431,214,217
E00097617,502,257,245
E00097641,366,184,182
E00097642,178,85,93
E00097643,281,131,150
E00097644,239,116,123
E00097645,392,183,209
E00097646,339,166,173
E00097647,461,248,213
E00097648,357,179,178
E00097649,189,89,100
E00097650,251,135,116
E00097620,366,192,174
E00097621,348,172,176
E00097622,321,158,163
E00097623,380,188,192
E00097624,473,234,239
E00097618,431,214,217
E00097619,510,258,252
E00097625,400,192,208
E00097651,252,133,119
E00097652,215,108,107
E00097653,372,180,192
E00097654,296,163,133
E00097655,193,90,103
E00097656,279,139,140
E00097732,336,159,177
E00097733,380,183,197
E00097734,338,162,176
E00097735,359,185,174
E00097675,282,152,130
E00097676,388,207,181
E00097680,370,198,172
E00097681,330,174,156
E00097682,440,233,207
E00097698,292,152,140
E00097699,225,113,112
E00097700,205,115,90
E00097701,198,102,96
E00097702,404,219,185
E00097707,408,180,228
E00097708,278,135,143
E00097709,362,195,167
E00097710,335,164,171
E00097712,230,103,127
E00097717,360,194,166
E00097718,339,169,170
E00097719,250,125,125
E00097720,304,144,160
E00097713,272,124,148
E00097714,302,147,155
E00097715,335,150,185
E00097716,248,131,117
E00097721,274,149,125
E00097722,299,145,154
E00097606,237,120,117
E00097607,502,249,253
E00097608,392,196,196
E00097609,491,246,245
E00097670,237,126,111
E00097671,570,287,283
E00097672,251,123,128
E00097673,493,253,240
E00179299,105,53,52
E00179336,503,255,248
E00097677,295,148,147
E00097678,478,251,227
E00097679,277,143,134
E00097683,377,199,178
E00097685,262,140,122
E00097690,267,132,135
E00097692,292,150,142
E00097696,283,141,142
E00097684,276,142,134
E00097688,268,139,129
E00097693,309,169,140
E00097694,365,164,201
E00097695,273,144,129
E00097686,267,143,124
E00097687,335,182,153
E00097689,309,157,152
E00097691,316,156,160
E00097697,513,262,251
E00097703,269,136,133
E00097704,273,131,142
E00097705,225,120,105
E00097706,285,145,140
E00097711,281,150,131
E00097587,339,176,163
E00097588,322,155,167
E00097589,186,105,81
E00097590,415,218,197
E00097601,264,135,129
E00097602,244,120,124
E00097603,362,179,183
E00097604,373,199,174
E00097605,240,121,119
E00097610,387,195,192
E00097611,300,157,143
E00097612,298,138,160
E00097613,215,110,105
E00097614,197,96,101
E00097736,447,226,221
E00097737,281,135,146
E00097738,137,64,73
E00097739,313,145,168
E00097740,184,97,87
E00097577,265,139,126
E00097578,238,115,123
E00097579,245,122,123
E00097580,255,134,121
E00097581,225,114,111
E00097582,334,176,158
E00097583,471,238,233
E00097584,245,119,126
E00097585,515,266,249
E00097586,435,238,197
E00097596,302,153,149
E00097597,478,241,237
E00097598,300,145,155
E00097599,219,110,109
E00097600,156,75,81
E00097637,281,138,143
E00097638,400,196,204
E00097639,365,185,180
E00179331,170,89,81
E00179338,419,206,213
E00097657,209,102,107
E00097658,350,181,169
E00097659,304,156,148
E00097660,171,89,82
E00097661,198,96,102
E00097662,278,133,145
E00097663,379,192,187
E00097664,415,213,202
E00097665,260,131,129
E00097727,318,161,157
E00097728,286,141,145
E00097729,298,160,138
E00097730,316,157,159
E00097731,111,57,54
E00097591,429,218,211
E00097592,393,197,196
E00097593,134,73,61
E00097594,142,73,69
E00097595,291,144,147
E00097723,193,95,98
E00097724,244,103,141
E00097725,325,158,167
E00097726,202,95,107
E00097626,123,58,65
E00097627,368,183,185
E00097633,251,133,118
E00097634,146,73,73
E00097635,123,62,61
E00097636,316,154,162
E00097628,168,86,82
E00097629,285,141,144
E00097630,257,126,131
E00097631,227,112,115
E00097632,339,177,162
E00097666,248,132,116
E00097667,327,159,168
E00097668,417,214,203
E00097669,411,189,222
E00097741,126,61,65
E00097742,155,68,87
E00097743,359,181,178
E00097744,152,77,75
E00097745,233,124,109
E00097746,336,167,169
E00097948,377,177,200
E00097951,247,119,128
E00097952,194,97,97
E00097957,341,173,168
E00097958,273,126,147
E00097959,144,70,74
E00097949,268,138,130
E00097950,204,100,104
E00097953,223,118,105
E00097954,356,177,179
E00097955,229,117,112
E00097956,132,76,56
E00097960,206,103,103
E00097961,271,124,147
E00097962,292,139,153
E00097963,278,145,133
E00097964,245,128,117
E00098083,213,102,111
E00098084,176,107,69
E00098085,210,94,116
E00098086,203,118,85
E00098087,283,149,134
E00098088,260,119,141
E00098089,233,110,123
E00098090,271,157,114
E00098025,350,178,172
E00098026,233,119,114
E00098027,224,124,100
E00098028,380,192,188
E00098029,439,226,213
E00098030,217,110,107
E00098031,203,103,100
E00098032,151,75,76
E00098091,264,143,121
E00098092,281,138,143
E00098093,257,129,128
E00098094,301,150,151
E00098095,312,161,151
E00098096,276,137,139
E00098097,263,133,130
E00098098,307,165,142
E00098099,324,164,160
E00098100,311,159,152
E00098101,286,145,141
E00098102,297,150,147
E00098103,243,112,131
E00098104,227,109,118
E00098105,246,125,121
E00098106,280,154,126
E00098107,308,153,155
E00098108,295,139,156
E00098109,231,130,101
E00098110,276,146,130
E00098111,242,133,109
E00097770,230,116,114
E00097771,204,116,88
E00097772,225,112,113
E00097773,360,171,189
E00097774,182,88,94
E00097775,202,124,78
E00097776,132,64,68
E00097777,335,166,169
E00097853,336,172,164
E00097854,549,294,255
E00097855,367,192,175
E00097856,238,120,118
E00097857,259,142,117
E00097858,253,133,120
E00179292,268,139,129
E00179309,346,180,166
E00097892,281,141,140
E00097893,285,152,133
E00097894,242,130,112
E00097895,271,124,147
E00097896,378,197,181
E00097897,302,150,152
E00097898,353,157,196
E00097926,223,122,101
E00097927,129,59,70
E00097928,346,177,169
E00097930,248,136,112
E00097931,366,185,181
E00097932,291,158,133
E00168544,323,174,149
E00168554,173,96,77
E00168555,173,93,80
E00097859,393,189,204
E00097860,271,148,123
E00097861,352,176,176
E00097862,258,133,125
E00097863,250,132,118
E00168545,212,95,117
E00168552,188,80,108
E00168553,139,71,68
E00097878,308,150,158
E00097879,315,156,159
E00097880,318,169,149
E00097881,251,124,127
E00097882,223,109,114
E00097883,278,139,139
E00097884,214,111,103
E00097885,317,162,155
E00097886,317,173,144
E00097887,305,152,153
E00097888,309,160,149
E00097889,325,162,163
E00097890,188,102,86
E00097891,297,147,150
E00097933,320,159,161
E00097934,327,166,161
E00097935,294,145,149
E00097936,342,180,162
E00097937,296,157,139
E00097938,316,168,148
E00097939,400,209,191
E00097846,329,181,148
E00097847,308,160,148
E00097848,269,134,135
E00097849,278,150,128
E00097850,292,158,134
E00097851,305,155,150
E00097871,241,131,110
E00097872,220,112,108
E00097873,261,141,120
E00097874,294,155,139
E00097875,269,145,124
E00097876,304,156,148
E00097877,256,130,126
E00097899,295,151,144
E00097900,335,174,161
E00097901,306,153,153
E00097902,228,116,112
E00097903,258,130,128
E00097904,286,136,150
E00098074,214,109,105
E00098075,295,146,149
E00098077,328,165,163
E00098078,393,197,196
E00098080,333,161,172
E00098081,182,92,90
E00098082,298,147,151
E00168541,274,131,143
E00097865,263,127,136
E00097866,255,133,122
E00097867,292,152,140
E00097868,342,166,176
E00097869,355,188,167
E00097870,287,148,139
E00097912,363,183,180
E00097913,266,131,135
E00097914,249,130,119
E00097915,412,224,188
E00097916,239,120,119
E00097917,298,152,146
E00097918,390,194,196
E00097919,326,180,146
E00097920,281,141,140
E00097921,252,131,121
E00097922,290,152,138
E00097923,257,122,135
E00097924,242,131,111
E00097925,285,147,138
E00097909,318,166,152
E00097910,358,190,168
E00179295,268,131,137
E00179297,277,126,151
E00097906,339,175,164
E00097907,278,138,140
E00097911,225,117,108
E00168542,286,138,148
E00179310,294,149,145
E00179316,349,188,161
E00097834,284,149,135
E00097835,231,121,110
E00097836,155,76,79
E00097837,263,140,123
E00097838,246,124,122
E00097839,213,98,115
E00097985,370,180,190
E00097986,327,160,167
E00097987,160,81,79
E00097988,231,115,116
E00097989,280,139,141
E00097990,268,138,130
E00097991,530,271,259
E00098018,217,115,102
E00098019,298,145,153
E00098020,240,121,119
E00098021,268,130,138
E00098022,257,129,128
E00098023,150,77,73
E00098024,274,136,138
E00097762,261,137,124
E00097763,288,146,142
E00097764,377,182,195
E00097765,109,52,57
E00097766,326,163,163
E00097767,328,161,167
E00097768,317,147,170
E00097769,254,136,118
E00097796,263,128,135
E00097797,152,69,83
E00097798,248,130,118
E00097799,285,137,148
E00097800,157,82,75
E00097801,133,72,61
E00168547,305,150,155
E00097803,239,117,122
E00097804,183,92,91
E00097805,135,64,71
E00097806,240,119,121
E00097807,238,110,128
E00097808,296,138,158
E00097809,419,196,223
E00097943,313,159,154
E00097945,236,134,102
E00097946,244,137,107
E00097947,309,177,132
E00097940,229,113,116
E00097941,353,175,178
E00097942,350,169,181
E00097944,516,251,265
E00098006,234,122,112
E00098007,281,138,143
E00098008,245,121,124
E00098009,205,105,100
E00098010,353,176,177
E00098015,268,133,135
E00098017,434,176,258
E00168548,131,50,81
E00168550,246,137,109
E00098011,311,168,143
E00098012,520,221,299
E00098013,307,201,106
E00098014,248,120,128
E00097778,241,128,113
E00097780,131,62,69
E00097781,257,134,123
E00097782,309,152,157
E00097783,261,134,127
E00097810,217,117,100
E00097811,176,88,88
E00097812,135,69,66
E00097813,410,212,198
E00097814,311,160,151
E00097815,318,167,151
E00097816,308,168,140
E00097817,314,160,154
E00097965,332,158,174
E00097966,327,176,151
E00097967,213,98,115
E00097968,419,244,175
E00097969,322,158,164
E00097970,279,135,144
E00097999,290,135,155
E00098000,200,105,95
E00098001,303,155,148
E00098002,228,122,106
E00098003,462,232,230
E00098004,356,184,172
E00098005,316,163,153
E00097757,439,221,218
E00097758,284,151,133
E00097759,252,131,121
E00097760,360,181,179
E00097761,153,82,71
E00097779,274,144,130
E00097784,350,184,166
E00097785,285,144,141
E00097787,395,203,192
E00179287,449,233,216
E00097992,333,160,173
E00097993,253,118,135
E00097994,338,199,139
E00097995,351,166,185
E00097996,393,202,191
E00097997,319,171,148
E00097998,238,128,110
E00097747,196,102,94
E00097748,259,144,115
E00097749,271,146,125
E00097750,222,121,101
E00097751,229,122,107
E00097752,261,141,120
E00097753,309,156,153
E00097754,253,136,117
E00097755,233,125,108
E00097756,271,146,125
E00098033,201,101,100
E00098034,471,229,242
E00098035,111,45,66
E00098036,306,144,162
E00098037,273,147,126
E00098038,286,161,125
E00098039,289,153,136
E00098040,581,296,285
E00098041,295,157,138
E00098042,268,135,133
E00098043,349,173,176
E00098044,245,124,121
E00098045,308,159,149
E00098046,290,160,130
E00098047,220,108,112
E00098048,370,186,184
E00098049,275,145,130
E00098050,309,138,171
E00098051,289,144,145
E00098052,251,134,117
E00098053,267,139,128
E00098060,235,122,113
E00098061,348,177,171
E00098062,201,98,103
E00098063,259,106,153
E00098064,254,122,132
E00098065,306,154,152
E00098066,250,120,130
E00097789,300,173,127
E00097790,375,195,180
E00097791,241,125,116
E00097792,466,235,231
E00097793,180,94,86
E00097794,327,164,163
E00097818,246,127,119
E00097820,413,216,197
E00097829,260,131,129
E00097832,332,177,155
E00097833,270,141,129
E00097819,219,116,103
E00097826,232,104,128
E00097827,207,121,86
E00097828,178,95,83
E00097830,277,146,131
E00097831,217,106,111
E00097821,311,170,141
E00097822,406,235,171
E00097823,223,124,99
E00097824,239,128,111
E00097825,249,136,113
E00097840,328,183,145
E00097841,296,154,142
E00097842,341,172,169
E00097843,315,150,165
E00097844,238,115,123
E00097845,255,133,122
E00097975,240,131,109
E00097976,349,179,170
E00097977,510,253,257
E00097978,217,114,103
E00097979,224,111,113
E00097971,384,210,174
E00097980,331,171,160
E00097981,237,124,113
E00097983,270,135,135
E00097984,257,124,133
E00097972,382,204,178
E00097973,236,122,114
E00097974,285,145,140
E00097982,280,148,132
E00098054,297,154,143
E00098055,260,132,128
E00098056,249,129,120
E00098057,289,152,137
E00098058,391,201,190
E00098059,257,125,132
E00098067,304,151,153
E00098068,358,181,177
E00098069,254,136,118
E00098070,230,125,105
E00098071,251,133,118
E00098072,196,91,105
E00098073,380,174,206
E00126192,321,164,157
E00126194,289,146,143
E00126195,288,148,140
E00126196,253,131,122
E00126197,321,180,141
E00126182,290,149,141
E00126183,258,137,121
E00126186,307,159,148
E00126187,386,197,189
E00126181,216,114,102
E00126184,331,157,174
E00126185,288,158,130
E00126188,275,143,132
E00126198,371,164,207
E00126336,322,162,160
E00126337,460,254,206
E00126338,521,275,246
E00126349,339,173,166
E00126353,348,175,173
E00126335,356,189,167
E00126340,288,158,130
E00126341,254,131,123
E00126342,333,174,159
E00126343,360,191,169
E00126339,305,149,156
E00126350,316,164,152
E00126351,362,186,176
E00126352,361,171,190
E00126344,495,242,253
E00126345,309,150,159
E00126346,320,165,155
E00126347,357,194,163
E00126348,379,187,192
E00126354,478,234,244
E00126361,375,187,188
E00126362,341,167,174
E00126364,216,121,95
E00126355,440,227,213
E00126357,239,117,122
E00126358,363,173,190
E00126359,216,112,104
E00126360,295,166,129
E00126363,311,151,160
E00126365,271,131,140
E00126366,284,142,142
E00126368,310,158,152
E00126369,327,167,160
E00126373,378,176,202
E00126160,465,216,249
E00126168,361,171,190
E00126169,529,267,262
E00126171,318,157,161
E00126172,411,209,202
E00126265,470,229,241
E00181520,432,215,217
E00181532,188,88,100
E00181546,345,170,175
E00181560,492,223,269
E00126260,394,156,238
E00126266,324,146,178
E00126268,552,269,283
E00181516,377,194,183
E00181529,262,127,135
E00126262,404,198,206
E00126267,400,190,210
E00126272,493,253,240
E00181530,154,53,101
E00181536,189,73,116
E00181551,414,196,218
E00126269,555,276,279
E00126270,304,139,165
E00126271,424,215,209
E00181522,170,73,97
E00181545,552,266,286
E00126356,444,212,232
E00126367,349,174,175
E00126370,348,151,197
E00126371,372,185,187
E00126372,327,153,174
E00126296,241,139,102
E00126300,317,168,149
E00126301,350,173,177
E00126302,396,191,205
E00126314,260,134,126
E00126297,492,261,231
E00126309,315,147,168
E00126310,336,168,168
E00126311,230,124,106
E00126313,286,146,140
E00126295,297,169,128
E00126298,222,110,112
E00126303,258,105,153
E00126304,354,171,183
E00126305,242,115,127
E00126306,250,135,115
E00126294,318,178,140
E00126299,326,156,170
E00126307,221,106,115
E00126308,282,140,142
E00126312,389,199,190
E00126327,220,112,108
E00126328,273,136,137
E00126329,236,113,123
E00126330,272,131,141
E00126334,267,139,128
E00126325,277,147,130
E00126326,295,156,139
E00126331,293,145,148
E00126332,468,265,203
E00126333,345,194,151
E00126276,201,96,105
E00126286,303,159,144
E00126287,255,123,132
E00126288,239,116,123
E00126290,622,317,305
E00126275,399,200,199
E00126282,259,141,118
E00126289,280,136,144
E00126292,291,154,137
E00126293,219,130,89
E00126450,359,198,161
E00126451,215,113,102
E00126453,304,144,160
E00126454,299,146,153
E00126455,170,102,68
E00126437,363,181,182
E00126441,311,155,156
E00126447,301,157,144
E00126449,297,149,148
E00126438,277,137,140
E00126442,314,167,147
E00126448,260,125,135
E00126452,324,163,161
E00126456,219,113,106
E00126277,356,173,183
E00126278,226,116,110
E00126279,269,137,132
E00126283,246,127,119
E00126291,316,160,156
E00126274,228,104,124
E00126280,360,184,176
E00126281,232,105,127
E00126284,291,156,135
E00126285,324,156,168
E00126375,410,221,189
E00126376,405,202,203
E00126381,281,142,139
E00126382,282,144,138
E00181531,159,85,74
E00181537,428,223,205
E00126439,352,192,160
E00126440,371,183,188
E00126443,350,181,169
E00126444,265,129,136
E00126445,245,118,127
E00126446,263,142,121
E00126164,280,142,138
E00126165,256,124,132
E00126166,280,145,135
E00126167,237,117,120
E00126176,188,113,75
E00126180,199,98,101
E00126170,412,211,201
E00126173,121,72,49
E00126174,403,216,187
E00126175,356,193,163
E00126177,266,146,120
E00126161,539,272,267
E00126162,253,126,127
E00126163,282,134,148
E00126178,373,177,196
E00126179,266,147,119
E00126209,246,129,117
E00126210,233,121,112
E00126212,319,157,162
E00126213,248,129,119
E00126215,288,144,144
E00126216,264,134,130
E00126200,305,153,152
E00126204,319,163,156
E00126205,367,196,171
E00126211,286,159,127
E00126219,278,140,138
E00126201,235,133,102
E00126202,297,169,128
E00126203,295,146,149
E00126207,134,73,61
E00126220,231,126,105
E00126221,213,85,128
E00126199,360,181,179
E00126206,221,117,104
E00126208,268,135,133
E00126214,201,109,92
E00126217,240,120,120
E00126218,421,219,202
E00126234,333,174,159
E00126235,271,133,138
E00126236,238,123,115
E00126238,327,179,148
E00126240,188,99,89
E00126189,526,266,260
E00126190,277,135,142
E00126191,331,165,166
E00126193,233,115,118
E00126230,241,121,120
E00126231,290,148,142
E00126232,194,93,101
E00126233,238,121,117
E00126239,202,101,101
E00126222,323,163,160
E00126225,335,162,173
E00126228,247,126,121
E00126229,179,94,85
E00126237,310,164,146
E00126223,265,138,127
E00126224,275,142,133
E00126226,313,169,144
E00126227,296,146,150
E00126242,496,269,227
E00126243,262,131,131
E00126244,251,131,120
E00126246,251,127,124
E00126252,327,179,148
E00126383,327,173,154
E00126384,337,177,160
E00126385,464,247,217
E00126386,237,115,122
E00126387,317,158,159
E00126380,196,93,103
E00126388,262,135,127
E00126389,438,236,202
E00126390,332,176,156
E00126391,498,251,247
E00126417,258,127,131
E00126419,251,123,128
E00126421,268,126,142
E00126423,317,149,168
E00126431,285,143,142
E00126416,243,139,104
E00126422,300,151,149
E00126434,189,81,108
E00126435,183,78,105
E00181506,361,178,183
E00181519,269,125,144
E00126420,383,192,191
E00126425,373,165,208
E00126429,268,112,156
E00126432,395,208,187
E00126433,270,127,143
E00126253,178,92,86
E00126255,239,120,119
E00126257,330,171,159
E00126258,280,139,141
E00126315,348,178,170
E00126317,331,174,157
E00126318,289,142,147
E00126319,253,123,130
E00126320,326,167,159
E00126316,304,146,158
E00126321,296,160,136
E00126323,287,148,139
E00126324,355,175,180
E00181515,286,144,142
E00181518,362,173,189
E00126374,469,229,240
E00126377,303,156,147
E00126378,443,227,216
E00126392,270,144,126
E00126393,241,131,110
E00126241,333,172,161
E00126245,379,190,189
E00126251,291,146,145
E00126256,281,143,138
E00126247,316,159,157
E00126248,247,110,137
E00126249,251,140,111
E00126250,245,128,117
E00126254,299,157,142
E00126397,338,178,160
E00126398,340,187,153
E00126399,278,140,138
E00126402,324,179,145
E00126396,282,141,141
E00126400,297,149,148
E00126405,350,185,165
E00126406,341,178,163
E00126412,276,133,143
E00126414,299,154,145
E00126401,315,157,158
E00126411,358,173,185
E00126413,282,150,132
E00126415,314,152,162
E00126394,308,156,152
E00126395,259,126,133
E00126403,273,131,142
E00126404,287,144,143
E00126407,281,149,132
E00126409,322,164,158
E00171905,532,255,277
E00126418,251,119,132
E00126424,326,164,162
E00126426,278,144,134
E00126427,273,125,148
E00126428,319,169,150
E00126658,304,149,155
E00126661,232,117,115
E00126662,299,164,135
E00126664,344,187,157
E00126646,411,223,188
E00126648,449,236,213
E00126652,98,18,80
E00126654,259,134,125
E00126642,400,199,201
E00126647,292,151,141
E00126650,268,124,144
E00126659,172,85,87
E00126660,248,121,127
E00126649,204,106,98
E00126651,359,184,175
E00126653,316,155,161
E00126655,429,212,217
E00126663,239,130,109
E00126493,306,152,154
E00126494,280,133,147
E00126495,354,196,158
E00126496,244,117,127
E00126497,226,120,106
E00126498,265,138,127
E00126499,316,164,152
E00126781,307,165,142
E00126782,235,127,108
E00126783,202,110,92
E00126785,248,133,115
E00126786,298,153,145
E00126777,247,125,122
E00126778,352,172,180
E00126779,364,192,172
E00126790,387,196,191
E00126780,317,164,153
E00126784,280,145,135
E00126787,262,144,118
E00126788,249,131,118
E00126789,227,113,114
E00126625,327,166,161
E00126626,298,156,142
E00126628,311,157,154
E00126631,282,144,138
E00126621,389,186,203
E00126623,308,145,163
E00126624,329,165,164
E00126627,278,149,129
E00126643,357,181,176
E00126644,337,178,159
E00126645,274,133,141
E00126656,200,96,104
E00126657,206,99,107
E00126666,371,185,186
E00126667,311,155,156
E00126674,212,98,114
E00126678,273,137,136
E00181967,503,246,257
E00181996,99,49,50
E00182000,145,77,68
E00126669,286,144,142
E00126670,428,226,202
E00181942,330,162,168
E00181953,246,126,120
E00181970,367,202,165
E00181977,468,242,226
E00181983,294,146,148
E00181991,183,98,85
E00126668,496,263,233
E00126675,220,112,108
E00126676,298,142,156
E00126677,309,148,161
E00126622,340,176,164
E00126629,453,214,239
E00126630,292,149,143
E00126640,314,155,159
E00126641,292,148,144
E00126632,409,201,208
E00126637,258,133,125
E00126638,302,156,146
E00126639,373,183,190
E00126770,293,142,151
E00126771,298,148,150
E00126772,361,195,166
E00126774,260,135,125
E00126775,353,193,160
E00126776,400,206,194
E00181992,562,292,270
E00182008,164,84,80
E00126633,367,196,171
E00126634,319,164,155
E00126636,386,185,201
E00170500,290,152,138
E00181995,485,244,241
E00170501,422,204,218
E00170502,263,122,141
E00170503,304,138,166
E00181950,287,149,138
E00126725,152,78,74
E00126728,281,149,132
E00126730,246,128,118
E00126731,283,138,145
E00126733,247,123,124
E00126720,319,164,155
E00126729,385,197,188
E00170513,199,96,103
E00170514,340,174,166
E00170515,220,111,109
E00181999,351,183,168
E00182030,377,196,181
E00126721,238,132,106
E00126722,253,149,104
E00126723,273,140,133
E00126724,316,163,153
E00126727,322,165,157
E00126734,289,138,151
E00126737,278,137,141
E00126739,274,149,125
E00126743,245,121,124
E00126744,263,126,137
E00126738,253,131,122
E00126741,276,159,117
E00126742,260,125,135
E00126745,327,172,155
E00126746,246,122,124
E00126735,310,153,157
E00126736,415,205,210
E00126740,207,106,101
E00126747,266,135,131
E00126538,337,163,174
E00126540,325,165,160
E00126542,238,132,106
E00126543,296,154,142
E00126547,262,126,136
E00126539,297,158,139
E00126544,206,105,101
E00126545,239,121,118
E00126546,312,155,157
E00126548,354,184,170
E00126537,267,134,133
E00126550,268,147,121
E00126553,267,136,131
E00126556,300,150,150
E00126557,210,114,96
E00126558,241,129,112
E00126559,278,136,142
E00126560,272,143,129
E00126576,425,219,206
E00126577,295,153,142
E00126535,329,154,175
E00126536,343,164,179
E00126541,301,151,150
E00126549,291,141,150
E00126551,230,118,112
E00126552,214,110,104
E00126554,227,119,108
E00126555,358,192,166
E00126714,287,143,144
E00126716,247,128,119
E00126717,364,179,185
E00126718,311,168,143
E00126719,356,166,190
E00126756,224,109,115
E00126757,250,133,117
E00126758,201,107,94
E00126762,305,149,156
E00126765,307,157,150
E00126766,308,159,149
E00126763,539,275,264
E00126769,456,225,231
E00170508,201,100,101
E00170510,1890,59,1831
E00126759,415,213,202
E00126760,298,160,138
E00126761,432,233,199
E00126764,261,129,132
E00126767,233,122,111
E00126481,369,194,175
E00126483,284,156,128
E00126484,140,82,58
E00126485,280,149,131
E00126486,276,139,137
E00126487,256,136,120
E00126488,292,148,144
E00126563,320,162,158
E00126564,327,166,161
E00126570,300,147,153
E00126571,270,141,129
E00126578,463,246,217
E00126565,319,168,151
E00126568,265,140,125
E00126572,275,145,130
E00126573,264,135,129
E00126575,226,130,96
E00170512,226,103,123
E00181949,349,169,180
E00181986,251,140,111
E00182012,430,222,208
E00182021,277,163,114
E00182026,159,76,83
E00181979,572,291,281
E00182001,489,260,229
E00182014,252,128,124
E00182044,314,158,156
E00181945,294,142,152
E00181960,112,55,57
E00181987,579,286,293
E00181994,278,136,142
E00182019,168,92,76
E00182024,264,128,136
E00126482,303,164,139
E00126489,303,156,147
E00126490,231,128,103
E00126491,209,101,108
E00182005,333,159,174
E00126513,321,150,171
E00126519,237,128,109
E00126526,253,132,121
E00126527,260,142,118
E00126530,323,169,154
E00126532,344,169,175
E00126518,554,280,274
E00126528,271,151,120
E00126529,296,153,143
E00126531,263,134,129
E00126534,277,132,145
E00181946,254,131,123
E00181971,521,255,266
E00126514,318,152,166
E00126517,252,127,125
E00126520,476,245,231
E00126521,270,136,134
E00126533,301,140,161
E00126515,286,157,129
E00126516,364,183,181
E00126522,251,131,120
E00126523,277,132,145
E00126524,272,136,136
E00126561,339,184,155
E00126562,276,126,150
E00126566,270,136,134
E00126567,236,124,112
E00126569,282,132,150
E00126574,254,129,125
E00126590,324,160,164
E00126591,273,139,134
E00126592,272,139,133
E00126593,332,171,161
E00181959,390,189,201
E00181973,521,268,253
E00126579,486,243,243
E00126583,593,307,286
E00126594,562,280,282
E00181981,362,179,183
E00182033,320,162,158
E00126582,508,262,246
E00126595,178,76,102
E00126596,223,100,123
E00126597,308,145,163
E00126598,164,89,75
E00126599,311,167,144
E00126581,261,124,137
E00126584,356,172,184
E00126585,510,268,242
E00126586,267,137,130
E00126588,251,129,122
E00126589,245,125,120
E00126502,379,183,196
E00126510,412,234,178
E00126511,240,119,121
E00126512,254,130,124
E00126500,221,116,105
E00126501,334,168,166
E00126503,272,139,133
E00126504,311,153,158
E00126505,297,144,153
E00126700,262,136,126
E00126704,377,192,185
E00126705,324,170,154
E00126707,286,149,137
E00126708,258,132,126
E00126703,291,144,147
E00126709,290,141,149
E00126711,298,148,150
E00126713,242,118,124
E00126715,307,150,157
E00126701,290,152,138
E00126702,498,271,227
E00126706,464,235,229
E00126710,340,168,172
E00126712,309,149,160
E00126600,246,127,119
E00126615,307,150,157
E00126616,338,171,167
E00126618,220,105,115
E00126619,206,91,115
E00126620,265,134,131
E00126601,250,126,124
E00126605,227,107,120
E00126613,347,173,174
E00126614,313,152,161
E00126617,296,151,145
E00170505,271,134,137
E00170506,306,160,146
E00170507,367,199,168
E00126602,346,171,175
E00126607,306,158,148
E00126608,523,274,249
E00170519,362,177,185
E00170521,453,236,217
E00170523,211,110,101
E00170497,238,115,123
E00170498,350,181,169
E00170499,344,153,191
E00170520,362,178,184
E00170522,428,236,192
E00126604,426,240,186
E00126609,323,177,146
E00126611,265,126,139
E00126612,240,127,113
E00126506,252,128,124
E00126507,285,144,141
E00126508,589,286,303
E00126509,291,161,130
E00126683,216,115,101
E00126688,139,61,78
E00126691,478,234,244
E00126692,346,197,149
E00126694,539,304,235
E00126695,280,142,138
E00126684,301,148,153
E00126686,318,160,158
E00126687,598,309,289
E00126698,283,137,146
E00126699,286,155,131
E00126685,331,179,152
E00126690,412,217,195
E00126693,271,133,138
E00126696,290,143,147
E00126697,282,141,141
E00126679,288,128,160
E00126680,358,184,174
E00126681,229,121,108
E00126682,379,193,186
E00126689,263,125,138
E00126458,593,305,288
E00126470,256,128,128
E00126472,296,165,131
E00126474,252,135,117
E00126475,403,195,208
E00126479,154,83,71
E00170504,426,228,198
E00170518,332,173,159
E00126457,261,126,135
E00126459,426,225,201
E00126460,247,123,124
E00126462,294,151,143
E00126471,489,260,229
E00126461,269,134,135
E00126463,248,126,122
E00126464,251,132,119
E00126465,348,179,169
E00126466,351,172,179
E00126467,261,136,125
E00126468,340,181,159
E00126469,228,107,121
E00126476,301,149,152
E00126477,337,161,176
E00126478,237,124,113
E00126480,302,151,151
E00126749,402,207,195
E00126750,249,122,127
E00126751,348,189,159
E00126753,298,149,149
E00126754,269,130,139
E00181937,559,268,291
E00126856,333,174,159
E00126857,317,161,156
E00126858,398,195,203
E00185571,427,228,199
E00185601,150,80,70
E00127020,499,257,242
E00127021,358,170,188
E00127022,326,163,163
E00127023,239,119,120
E00127027,324,171,153
E00127028,245,129,116
E00127029,367,181,186
E00127031,493,197,296
E00127032,418,215,203
E00127024,313,165,148
E00127025,448,242,206
E00127026,459,223,236
E00127030,400,211,189
E00127048,397,200,197
E00127049,172,89,83
E00185576,311,158,153
E00185606,547,293,254
E00185642,348,175,173
E00185656,223,100,123
E00126930,284,151,133
E00126934,339,152,187
E00126936,287,146,141
E00185572,108,49,59
E00185605,506,259,247
E00185662,468,247,221
E00126931,260,126,134
E00126932,288,146,142
E00126935,296,144,152
E00126937,276,132,144
E00126928,297,154,143
E00126933,188,104,84
E00126938,284,132,152
E00126939,324,163,161
E00126940,203,111,92
E00126941,258,130,128
E00126944,283,143,140
E00126946,332,179,153
E00126948,270,137,133
E00126949,313,167,146
E00126950,341,170,171
E00126951,606,303,303
E00126953,515,279,236
E00126954,278,127,151
E00126957,300,145,155
E00185568,572,275,297
E00185627,235,130,105
E00185634,251,132,119
E00126955,237,125,112
E00126956,556,278,278
E00126958,293,141,152
E00126959,294,146,148
E00126960,338,174,164
E00126986,367,193,174
E00126987,323,165,158
E00126988,551,292,259
E00126989,283,156,127
E00126990,375,187,188
E00126875,401,204,197
E00126877,304,158,146
E00126878,372,197,175
E00126882,330,173,157
E00126883,323,165,158
E00126943,320,161,159
E00126945,339,178,161
E00126947,255,136,119
E00174064,644,99,545
E00174065,121,66,55
E00126961,415,188,227
E00126962,356,171,185
E00126968,253,131,122
E00126969,260,126,134
E00126970,469,234,235
E00126963,369,194,175
E00126964,294,149,145
E00126965,292,151,141
E00126966,279,147,132
E00126967,273,132,141
E00126912,248,121,127
E00126913,257,138,119
E00126920,284,142,142
E00126921,245,126,119
E00126924,292,148,144
E00126915,166,71,95
E00126916,259,130,129
E00126917,328,180,148
E00126918,232,126,106
E00126919,241,124,117
E00127005,286,140,146
E00127016,204,109,95
E00127017,263,134,129
E00127018,257,132,125
E00127019,256,136,120
E00127008,244,131,113
E00127009,237,130,107
E00127010,244,133,111
E00185581,352,187,165
E00185604,187,100,87
E00185612,123,52,71
E00185630,337,169,168
E00185633,470,252,218
E00127006,455,245,210
E00127007,307,149,158
E00127011,268,126,142
E00127012,299,147,152
E00127013,231,125,106
E00126895,224,111,113
E00126896,435,233,202
E00126902,563,288,275
E00126904,277,132,145
E00126907,236,127,109
E00126910,403,198,205
E00126903,288,149,139
E00126905,315,160,155
E00126906,236,126,110
E00126908,270,142,128
E00126911,300,154,146
E00126914,264,144,120
E00126922,249,143,106
E00126923,209,98,111
E00126925,220,119,101
E00126926,209,108,101
E00126927,277,141,136
E00126974,286,151,135
E00126976,292,162,130
E00126979,257,124,133
E00126985,226,113,113
E00174067,294,147,147
E00174068,318,164,154
E00174069,326,168,158
E00174070,339,172,167
E00126972,278,145,133
E00126980,396,207,189
E00126981,283,159,124
E00126984,264,139,125
E00126807,245,121,124
E00126810,296,152,144
E00126815,303,163,140
E00126816,306,156,150
E00126817,283,144,139
E00126809,300,161,139
E00126811,298,156,142
E00126812,306,157,149
E00126813,227,122,105
E00126822,279,140,139
E00126806,271,116,155
E00126808,256,125,131
E00126814,174,87,87
E00126818,203,95,108
E00126819,229,124,105
E00126820,183,79,104
E00126821,294,144,150
E00126825,245,123,122
E00126828,206,104,102
E00126829,240,118,122
E00126830,199,90,109
E00126831,225,101,124
E00126832,223,100,123
E00126826,233,129,104
E00126827,343,168,175
E00126833,236,112,124
E00126834,231,96,135
E00126835,269,146,123
E00126836,255,146,109
E00126823,295,160,135
E00126824,340,190,150
E00126837,298,134,164
E00126838,214,113,101
E00126839,349,183,166
E00126860,217,98,119
E00126861,217,96,121
E00126862,328,150,178
E00126865,199,110,89
E00126873,226,101,125
E00126876,334,190,144
E00126879,242,127,115
E00126880,230,120,110
E00126881,311,171,140
E00126884,313,161,152
E00126886,159,88,71
E00126887,251,136,115
E00126888,356,178,178
E00126889,363,191,172
E00126893,325,167,158
E00126885,302,156,146
E00126890,245,119,126
E00126891,336,162,174
E00174071,340,179,161
E00127033,348,180,168
E00127035,482,244,238
E00127037,279,148,131
E00127038,343,169,174
E00127039,147,65,82
E00127040,438,236,202
E00127041,455,240,215
E00127043,105,54,51
E00127036,352,172,180
E00127042,293,144,149
E00127044,401,209,192
E00127045,199,97,102
E00185600,574,299,275
E00185603,115,55,60
E00185655,140,69,71
E00126791,269,136,133
E00126795,213,111,102
E00126798,194,108,86
E00126799,345,179,166
E00126801,313,162,151
E00126792,227,130,97
E00126793,253,139,114
E00126794,361,184,177
E00126797,271,142,129
E00126803,239,118,121
E00126796,342,157,185
E00126800,337,179,158
E00126802,256,124,132
E00126804,259,147,112
E00126805,246,130,116
E00126863,255,131,124
E00126866,425,225,200
E00126868,306,155,151
E00126869,279,153,126
E00126874,292,161,131
E00126864,278,147,131
E00126867,295,158,137
E00126870,321,174,147
E00126871,217,121,96
E00126872,263,141,122
E00126897,281,151,130
E00126898,310,162,148
E00126899,249,120,129
E00126900,349,176,173
E00126901,243,125,118
E00126909,277,154,123
E00126971,252,127,125
E00126973,281,152,129
E00126975,277,153,124
E00126977,208,116,92
E00126978,240,121,119
E00126983,188,106,82
E00126840,206,112,94
E00126843,299,138,161
E00126844,281,155,126
E00126845,236,132,104
E00126846,165,93,72
E00126851,236,131,105
E00126842,261,129,132
E00126853,288,156,132
E00126854,195,100,95
E00126855,310,164,146
E00126841,278,141,137
E00126847,251,128,123
E00126848,205,109,96
E00126849,237,129,108
E00126850,172,98,74
E00126852,249,126,123
E00126993,297,153,144
E00126994,296,156,140
E00126995,237,133,104
E00185632,126,63,63
E00185663,447,221,226
E00126996,357,188,169
E00126997,229,117,112
E00126999,279,140,139
E00127002,284,159,125
E00127003,191,102,89
E00126991,268,141,127
E00126992,328,170,158
E00127000,254,133,121
E00127001,272,144,128
E00174066,264,123,141
E00174072,316,156,160
E00174073,170,91,79
E00127185,226,134,92
E00127186,333,177,156
E00127187,371,193,178
E00127188,262,126,136
E00127189,263,153,110
E00127190,364,181,183
E00127191,279,145,134
E00127192,405,223,182
E00127193,286,146,140
E00127194,264,142,122
E00127195,211,93,118
E00127196,317,168,149
E00127197,249,125,124
E00127198,313,143,170
E00127199,229,117,112
E00127200,374,184,190
E00127204,220,127,93
E00127206,214,103,111
E00127207,275,130,145
E00127217,196,104,92
E00127219,286,146,140
E00127222,304,157,147
E00127208,314,161,153
E00127209,323,165,158
E00127210,350,182,168
E00127211,307,161,146
E00127218,277,135,142
E00127203,234,104,130
E00127205,321,157,164
E00127213,295,149,146
E00127216,267,145,122
E00127220,283,152,131
E00127221,252,132,120
E00127201,355,180,175
E00127202,281,133,148
E00127212,365,184,181
E00127214,271,139,132
E00127215,292,154,138
E00127050,245,122,123
E00127051,410,233,177
E00127053,304,163,141
E00127055,245,135,110
E00127056,230,115,115
E00127062,328,164,164
E00127063,516,269,247
E00171909,342,176,166
E00171913,296,144,152
E00171914,242,132,110
E00171915,362,184,178
E00171918,164,79,85
E00127054,284,142,142
E00127058,311,161,150
E00127059,336,166,170
E00127060,223,114,109
E00127061,276,130,146
E00127064,326,167,159
E00127130,294,142,152
E00127131,278,153,125
E00127132,274,141,133
E00127133,412,207,205
E00127135,211,100,111
E00127124,242,121,121
E00127134,220,112,108
E00127136,253,139,114
E00127137,238,124,114
E00127138,265,127,138
E00127139,285,148,137
E00127125,333,165,168
E00127126,239,123,116
E00127127,349,177,172
E00127128,311,153,158
E00127129,302,158,144
E00127140,275,146,129
E00127148,301,151,150
E00127149,294,146,148
E00171907,383,189,194
E00171908,279,142,137
E00127244,279,146,133
E00127246,364,186,178
E00127252,317,155,162
E00127254,252,136,116
E00127239,262,123,139
E00127243,385,182,203
E00127250,220,100,120
E00127251,266,132,134
E00127258,184,95,89
E00127245,372,182,190
E00127247,367,191,176
E00127248,241,126,115
E00127249,258,124,134
E00127255,273,132,141
E00127241,267,134,133
E00127242,265,124,141
E00127257,291,137,154
E00127260,209,109,100
E00127261,266,129,137
E00127240,275,149,126
E00127253,216,109,107
E00127256,187,101,86
E00127259,284,143,141
E00127262,362,180,182
E00127141,496,269,227
E00127142,252,132,120
E00127150,213,96,117
E00127152,378,183,195
E00127153,307,149,158
E00127143,282,138,144
E00127144,281,151,130
E00127145,341,175,166
E00127146,374,187,187
E00127147,241,130,111
E00127169,298,165,133
E00127174,196,112,84
E00127175,258,136,122
E00127178,276,128,148
E00127179,299,168,131
E00127181,316,151,165
E00127170,216,120,96
E00127176,206,109,97
E00127177,314,171,143
E00127180,284,158,126
E00127183,410,200,210
E00127171,337,182,155
E00127172,320,160,160
E00127173,374,208,166
E00127182,237,125,112
E00127184,548,276,272
E00127224,209,111,98
E00127225,361,184,177
E00127226,396,192,204
E00127229,255,129,126
E00127230,268,136,132
E00127227,262,140,122
E00127231,210,105,105
E00127232,195,90,105
E00127233,394,189,205
E00127237,263,126,137
E00127238,239,112,127
E00127223,318,148,170
E00127228,242,115,127
E00127234,274,146,128
E00127235,280,145,135
E00127236,289,148,141
E00127114,227,113,114
E00127115,377,198,179
E00127121,319,166,153
E00127123,300,164,136
E00127107,401,210,191
E00127108,343,181,162
E00127112,201,102,99
E00127122,283,151,132
E00127109,213,102,111
E00127113,349,183,166
E00127116,199,112,87
E00127117,229,128,101
E00127120,290,133,157
E00127278,445,219,226
E00127279,289,140,149
E00127288,317,158,159
E00127292,336,167,169
E00127294,220,115,105
E00127094,398,196,202
E00127097,265,139,126
E00127099,282,135,147
E00127100,441,237,204
E00127102,323,151,172
E00127095,564,273,291
E00127104,407,200,207
E00171911,299,156,143
E00171912,468,221,247
E00171916,441,234,207
E00171917,211,108,103
E00127299,385,195,190
E00127303,363,183,180
E00127309,262,138,124
E00127311,317,167,150
E00127312,377,192,185
E00127301,290,135,155
E00127302,450,221,229
E00127304,565,260,305
E00127305,414,206,208
E00127310,410,238,172
E00127300,351,179,172
E00127306,336,175,161
E00127307,368,174,194
E00127308,330,152,178
E00127313,365,176,189
E00127096,540,270,270
E00127098,556,285,271
E00127101,605,297,308
E00127103,374,184,190
E00127110,529,264,265
E00127118,369,206,163
E00181544,364,182,182
E00181548,392,197,195
E00127154,493,242,251
E00127155,311,166,145
E00127161,153,72,81
E00127164,221,118,103
E00127166,270,125,145
E00127264,335,183,152
E00127265,311,162,149
E00127267,212,108,104
E00127275,534,249,285
E00127277,351,164,187
E00127266,298,155,143
E00127268,307,155,152
E00127269,230,122,108
E00127271,241,114,127
E00127272,182,103,79
E00127263,269,132,137
E00127270,355,187,168
E00127273,264,141,123
E00127274,347,204,143
E00127276,190,102,88
E00127282,298,150,148
E00127287,279,145,134
E00127293,283,149,134
E00127295,289,132,157
E00127298,272,133,139
E00127068,322,158,164
E00127069,127,67,60
E00127070,262,129,133
E00127072,342,177,165
E00127079,353,179,174
E00127071,280,150,130
E00127073,337,147,190
E00127074,325,166,159
E00127076,292,132,160
E00181550,246,95,151
E00181559,238,118,120
E00127066,355,166,189
E00127067,319,156,163
E00127075,255,140,115
E00127077,318,173,145
E00127078,341,187,154
E00127081,264,141,123
E00127084,306,160,146
E00127090,276,146,130
E00127092,190,102,88
E00127093,272,144,128
E00127080,298,152,146
E00127083,235,120,115
E00127085,315,157,158
E00127091,335,161,174
E00127082,237,119,118
E00127086,279,144,135
E00127087,316,153,163
E00127088,296,149,147
E00127089,307,151,156
E00127158,216,125,91
E00127159,378,185,193
E00127162,531,258,273
E00127167,178,83,95
E00127168,266,135,131
E00127156,318,165,153
E00127157,262,137,125
E00127160,280,136,144
E00127163,221,113,108
E00127165,207,104,103
E00127281,266,146,120
E00127283,298,158,140
E00127284,253,133,120
E00127286,286,135,151
E00127296,270,141,129
E00127297,203,105,98
E00127280,237,127,110
E00127285,228,112,116
E00127289,354,183,171
E00127290,314,153,161
E00127291,329,175,154
E00127340,303,145,158
E00127341,349,189,160
E00127342,193,107,86
E00127343,204,104,100
E00127368,253,129,124
E00127370,294,151,143
E00127371,281,147,134
E00127375,507,260,247
E00127377,287,150,137
E00127372,370,181,189
E00127373,317,169,148
E00127374,191,105,86
E00127376,311,150,161
E00127378,318,164,154
E00127366,380,201,179
E00127367,349,177,172
E00127369,357,176,181
E00127379,257,132,125
E00127634,290,143,147
E00127635,201,103,98
E00127636,277,141,136
E00127637,239,134,105
E00127638,303,152,151
E00127639,249,128,121
E00127640,198,109,89
E00127641,341,172,169
E00127738,233,117,116
E00127740,272,131,141
E00127741,247,124,123
E00127742,302,161,141
E00127737,291,155,136
E00127739,342,173,169
E00127743,362,194,168
E00127744,274,136,138
E00127537,365,179,186
E00127538,181,96,85
E00127539,347,175,172
E00127540,392,199,193
E00127541,230,108,122
E00127542,300,152,148
E00127543,306,157,149
E00127544,158,75,83
E00127546,301,146,155
E00127554,199,87,112
E00127557,419,210,209
E00127558,194,99,95
E00127559,282,144,138
E00127728,161,83,78
E00127729,220,119,101
E00127730,213,113,100
E00127731,283,158,125
E00127733,305,161,144
E00127727,223,122,101
E00127732,234,119,115
E00127734,217,108,109
E00127735,118,57,61
E00127736,345,171,174
E00127330,250,122,128
E00127331,316,166,150
E00127332,338,171,167
E00127333,260,130,130
E00127334,270,143,127
E00127329,266,138,128
E00127335,268,143,125
E00127336,236,117,119
E00127337,291,151,140
E00127338,253,126,127
E00127339,281,149,132
E00127693,290,147,143
E00127695,272,147,125
E00127696,308,166,142
E00127698,237,123,114
E00127700,312,169,143
E00127691,303,162,141
E00127694,263,126,137
E00127697,273,148,125
E00127699,268,135,133
E00127701,245,131,114
E00127687,256,133,123
E00127688,285,139,146
E00127689,246,126,120
E00127690,383,190,193
E00127692,275,140,135
E00127314,309,155,154
E00127315,255,133,122
E00127323,282,140,142
E00127326,277,144,133
E00127327,321,168,153
E00127317,309,182,127
E00127318,229,128,101
E00127319,274,140,134
E00127321,217,121,96
E00127328,316,171,145
E00127316,280,155,125
E00127320,189,100,89
E00127322,261,135,126
E00127324,308,167,141
E00127325,255,129,126
E00127703,242,127,115
E00127705,201,109,92
E00127706,215,104,111
E00127707,210,117,93
E00127724,210,109,101
E00127427,296,144,152
E00127428,288,163,125
E00127429,302,146,156
E00185643,356,192,164
E00185653,257,122,135
E00127426,305,162,143
E00127431,234,124,110
E00127433,255,145,110
E00185635,434,216,218
E00185659,165,97,68
E00127545,352,179,173
E00127547,324,171,153
E00127553,283,143,140
E00127555,298,150,148
E00127556,288,149,139
E00127548,281,145,136
E00127549,264,144,120
E00127550,342,173,169
E00127551,304,158,146
E00127552,400,209,191
E00127436,266,124,142
E00127447,280,151,129
E00127450,277,147,130
E00127455,274,136,138
E00127456,254,129,125
E00127457,218,113,105
E00127576,313,174,139
E00127577,200,108,92
E00127583,188,93,95
E00127585,268,145,123
E00127593,304,159,145
E00127596,268,146,122
E00127569,284,150,134
E00127581,291,129,162
E00127582,290,142,148
E00127584,266,145,121
E00127588,242,134,108
E00127571,245,107,138
E00127573,366,165,201
E00127575,270,122,148
E00127580,193,97,96
E00127592,271,130,141
E00127595,220,105,115
E00127570,214,107,107
E00127578,200,105,95
E00127589,372,196,176
E00127590,224,125,99
E00127591,152,83,69
E00127594,254,137,117
E00127434,307,169,138
E00127446,288,148,140
E00127448,298,148,150
E00127449,328,161,167
E00127452,312,163,149
E00127453,278,142,136
E00127435,326,170,156
E00127439,265,137,128
E00127443,311,162,149
E00127444,297,150,147
E00127445,318,179,139
E00127476,264,134,130
E00127481,286,146,140
E00127486,270,131,139
E00127493,256,135,121
E00127477,267,143,124
E00127478,269,141,128
E00127485,256,131,125
E00127487,306,156,150
E00127488,270,152,118
E00127437,296,144,152
E00127438,168,74,94
E00127440,178,80,98
E00127441,232,113,119
E00127442,241,103,138
E00127451,211,101,110
E00127454,206,94,112
E00127459,314,152,162
E00127460,315,182,133
E00127461,213,103,110
E00127462,258,139,119
E00127463,247,126,121
E00127475,291,141,150
E00127479,219,121,98
E00127489,206,90,116
E00127490,248,120,128
E00127491,257,121,136
E00127492,229,89,140
E00127474,142,78,64
E00127480,299,157,142
E00127482,319,163,156
E00127483,381,188,193
E00127484,273,141,132
E00127746,224,120,104
E00127749,219,112,107
E00127750,219,125,94
E00127753,227,118,109
E00127754,243,129,114
E00127756,238,128,110
E00127757,238,127,111
E00127758,277,151,126
E00127760,252,126,126
E00127761,202,112,90
E00127762,176,94,82
E00127768,329,174,155
E00185593,536,282,254
E00185649,168,89,79
E00127747,279,156,123
E00127763,266,135,131
E00127765,293,152,141
E00127766,243,128,115
E00127767,322,185,137
E00127745,228,111,117
E00127748,278,141,137
E00127751,271,148,123
E00127752,279,145,134
E00127755,250,143,107
E00127764,334,164,170
E00127642,327,158,169
E00127643,286,169,117
E00127645,286,143,143
E00127646,326,184,142
E00127648,366,186,180
E00127663,317,165,152
E00127664,277,147,130
E00127644,300,148,152
E00127647,310,169,141
E00127649,293,143,150
E00127651,273,142,131
E00127655,382,211,171
E00127650,319,153,166
E00127652,146,62,84
E00127653,318,155,163
E00127654,423,203,220
E00127656,222,108,114
E00127657,222,108,114
E00127658,302,159,143
E00127659,284,142,142
E00127660,340,174,166
E00127661,289,145,144
E00127662,336,179,157
E00127665,350,184,166
E00127672,248,134,114
E00127683,226,104,122
E00127684,258,137,121
E00127685,261,132,129
E00127349,272,130,142
E00127350,368,195,173
E00127351,298,140,158
E00127352,421,213,208
E00127354,302,161,141
E00127344,319,164,155
E00127346,349,183,166
E00127347,295,148,147
E00127348,319,159,160
E00127359,264,137,127
E00127363,289,160,129
E00127364,305,156,149
E00185582,520,263,257
E00185594,426,214,212
E00185618,600,71,529
E00185621,250,123,127
E00185636,195,93,102
E00185661,132,70,62
E00127517,593,299,294
E00127520,283,151,132
E00127527,307,164,143
E00127529,274,143,131
E00185570,367,179,188
E00185664,298,156,142
E00127355,549,231,318
E00127357,381,194,187
E00127358,581,250,331
E00185587,376,182,194
E00185647,321,145,176
E00127345,381,125,256
E00127360,257,121,136
E00127361,225,117,108
E00127362,249,132,117
E00127365,266,137,129
E00127391,328,144,184
E00127392,274,120,154
E00127399,219,100,119
E00127400,312,166,146
E00185589,296,143,153
E00185646,538,274,264
E00127403,166,73,93
E00170160,155,64,91
E00170161,385,206,179
E00170169,267,107,160
E00185590,491,258,233
E00185602,210,98,112
E00127406,366,150,216
E00127407,337,189,148
E00127408,546,239,307
E00127409,340,183,157
E00127410,273,132,141
E00127515,224,113,111
E00127521,257,147,110
E00127534,290,140,150
E00127535,286,148,138
E00127536,270,132,138
E00127614,233,95,138
E00127620,267,125,142
E00127621,291,154,137
E00127623,301,155,146
E00127625,386,206,180
E00127516,290,137,153
E00127518,419,215,204
E00127519,226,123,103
E00127522,281,129,152
E00127524,311,149,162
E00127525,357,178,179
E00170163,226,151,75
E00170165,191,103,88
E00127458,225,110,115
E00127464,256,138,118
E00127465,249,130,119
E00127467,234,121,113
E00127470,269,144,125
E00127471,289,137,152
E00127466,265,139,126
E00127468,277,150,127
E00127469,349,183,166
E00127472,342,174,168
E00127473,267,140,127
E00127496,252,133,119
E00127500,357,174,183
E00127502,273,131,142
E00127504,279,147,132
E00185592,346,174,172
E00185637,316,170,146
E00185657,219,115,104
E00127494,306,154,152
E00127501,281,146,135
E00127503,236,120,116
E00127507,305,159,146
E00127509,251,130,121
E00127513,284,143,141
E00127505,308,158,150
E00127508,273,133,140
E00127512,326,171,155
E00170164,367,179,188
E00170166,241,139,102
E00170167,282,140,142
E00185574,286,151,135
E00185613,550,284,266
E00127495,357,188,169
E00127497,272,139,133
E00127499,335,172,163
E00127506,316,162,154
E00127514,282,153,129
E00127560,307,160,147
E00127561,356,181,175
E00127564,471,234,237
E00127565,261,130,131
E00127566,214,116,98
E00127567,293,147,146
E00127568,246,128,118
E00170172,339,178,161
E00127382,411,207,204
E00127383,262,135,127
E00127390,202,100,102
E00127398,306,149,157
E00185598,105,55,50
E00185610,334,167,167
E00185619,101,53,48
E00185624,539,271,268
E00185639,173,89,84
E00127389,308,155,153
E00127393,257,147,110
E00127394,320,166,154
E00127396,255,118,137
E00127397,230,113,117
E00127380,336,183,153
E00127384,307,164,143
E00127402,268,136,132
E00185623,235,118,117
E00185629,410,223,187
E00127381,329,162,167
E00127385,309,155,154
E00127386,287,148,139
E00127387,325,157,168
E00127615,194,108,86
E00127622,180,91,89
E00127626,300,143,157
E00127630,274,144,130
E00127632,207,103,104
E00170158,427,352,75
E00170162,189,97,92
E00127612,299,143,156
E00127613,383,206,177
E00127616,549,287,262
E00127618,164,84,80
E00127619,274,137,137
E00127633,292,148,144
E00127528,266,131,135
E00127530,247,123,124
E00127531,233,122,111
E00127532,331,174,157
E00127533,301,150,151
E00127602,308,163,145
E00127603,260,139,121
E00127604,288,147,141
E00127605,282,150,132
E00127608,222,110,112
E00127598,329,177,152
E00127599,283,148,135
E00127601,265,142,123
E00127606,302,156,146
E00127609,234,119,115
E00127624,301,157,144
E00127627,255,131,124
E00127628,282,141,141
E00127629,328,159,169
E00127631,298,153,145
E00127416,361,186,175
E00127417,293,140,153
E00127422,305,146,159
E00170168,2882,1475,1407
E00170170,1906,975,931
E00127413,501,254,247
E00127415,348,184,164
E00127419,247,130,117
E00127420,362,197,165
E00127421,277,134,143
E00170159,237,119,118
E00170171,112,57,55
E00127411,335,159,176
E00127412,359,175,184
E00127423,320,153,167
E00127424,285,142,143
E00127425,292,153,139
E00127597,316,166,150
E00127600,271,142,129
E00127607,290,155,135
E00127610,312,156,156
E00127611,293,153,140
E00127572,281,139,142
E00127574,299,148,151
E00127579,316,164,152
E00127586,292,142,150
E00127587,226,128,98
E00127666,310,159,151
E00127673,325,159,166
E00127674,324,151,173
E00127682,303,153,150
E00127667,319,165,154
E00127668,316,168,148
E00127669,341,173,168
E00127671,313,160,153
E00127670,336,167,169
E00127676,421,229,192
E00127680,393,218,175
E00127681,269,142,127
E00127675,175,94,81
E00127677,348,173,175
E00127678,280,157,123
E00127679,250,143,107
E00127686,160,92,68
E00127702,236,127,109
E00127708,271,140,131
E00127710,206,105,101
E00127711,223,111,112
E00127713,198,116,82
E00127717,284,150,134
E00127709,216,119,97
E00127712,249,134,115
E00127714,258,136,122
E00127715,313,158,155
E00127716,285,152,133
E00127704,259,143,116
E00127718,240,129,111
E00127719,232,133,99
E00127721,308,162,146
E00127722,370,176,194
E00127720,291,150,141
E00127723,541,279,262
E00127725,490,251,239
E00127726,132,67,65
E00127867,362,187,175
E00127873,282,131,151
E00127876,320,163,157
E00127878,323,155,168
E00127864,293,152,141
E00127865,273,143,130
E00127871,417,204,213
E00127872,225,106,119
E00127877,345,182,163
E00127863,342,184,158
E00127866,357,178,179
E00127874,243,128,115
E00127875,217,113,104
E00127880,190,101,89
E00127868,277,133,144
E00127869,234,119,115
E00127870,310,164,146
E00127879,292,150,142
E00127881,256,125,131
E00127894,276,132,144
E00127896,316,163,153
E00127899,326,167,159
E00127900,322,157,165
E00127883,287,140,147
E00127887,280,138,142
E00127888,240,105,135
E00127890,230,107,123
E00127892,345,177,168
E00127897,194,97,97
E00127884,286,137,149
E00127886,229,118,111
E00127891,228,124,104
E00127898,271,135,136
E00127901,257,127,130
E00127882,249,121,128
E00127885,368,197,171
E00127889,330,173,157
E00127893,354,180,174
E00127895,224,118,106
E00127902,546,277,269
E00127903,311,158,153
E00127914,456,231,225
E00127915,302,157,145
E00127918,210,107,103
E00127905,322,165,157
E00127906,285,138,147
E00127913,312,153,159
E00127916,262,128,134
E00127917,334,175,159
E00127904,290,146,144
E00127907,278,138,140
E00127908,272,147,125
E00127909,231,122,109
E00127910,381,203,178
E00127911,315,166,149
E00127912,376,185,191
E00127921,298,145,153
E00172553,412,212,200
E00127793,307,163,144
E00127796,280,147,133
E00127797,337,162,175
E00127807,364,192,172
E00127808,219,118,101
E00127809,339,180,159
E00127794,346,166,180
E00127795,301,160,141
E00127798,313,162,151
E00127801,258,129,129
E00127802,272,145,127
E00127799,371,188,183
E00127800,245,118,127
E00127803,279,146,133
E00127804,406,212,194
E00127805,301,150,151
E00127806,252,133,119
E00127922,180,93,87
E00127923,337,159,178
E00127924,282,138,144
E00127925,278,140,138
E00127926,344,173,171
E00127927,314,161,153
E00128043,205,98,107
E00128044,302,146,156
E00128045,325,157,168
E00128046,329,166,163
E00128048,396,190,206
E00128036,225,114,111
E00128037,342,180,162
E00128038,304,139,165
E00128040,274,129,145
E00128041,265,139,126
E00128042,267,124,143
E00128052,292,156,136
E00128035,258,146,112
E00128039,148,73,75
E00128047,245,132,113
E00128050,244,121,123
E00128051,270,157,113
E00181513,384,190,194
E00181539,347,171,176
E00127772,253,133,120
E00127775,279,139,140
E00127779,285,150,135
E00127780,351,186,165
E00127781,289,150,139
E00127769,357,182,175
E00127770,261,141,120
E00127773,331,166,165
E00127782,288,151,137
E00127785,253,126,127
E00127771,196,94,102
E00127774,261,147,114
E00127776,189,100,89
E00127777,384,199,185
E00127778,475,236,239
E00127783,254,127,127
E00127784,225,121,104
E00127786,226,121,105
E00127787,340,166,174
E00127788,235,122,113
E00127789,244,113,131
E00127790,185,94,91
E00127791,288,144,144
E00127792,126,65,61
E00127928,279,146,133
E00127929,262,133,129
E00127930,267,134,133
E00127931,298,154,144
E00127932,279,143,136
E00127933,327,166,161
E00127964,302,158,144
E00127965,305,158,147
E00127966,361,180,181
E00127967,339,189,150
E00127968,274,146,128
E00127816,406,202,204
E00127818,212,117,95
E00127819,374,190,184
E00127821,382,213,169
E00127825,432,220,212
E00127813,392,201,191
E00127814,283,132,151
E00127815,361,169,192
E00127817,360,186,174
E00127829,496,242,254
E00127810,376,180,196
E00127820,363,183,180
E00127822,352,172,180
E00127824,398,214,184
E00127826,465,236,229
E00127811,524,266,258
E00127812,192,91,101
E00127823,425,226,199
E00127827,432,212,220
E00127828,485,224,261
E00127849,219,113,106
E00127851,398,182,216
E00127853,385,198,187
E00127858,367,173,194
E00127860,102,52,50
E00127861,394,195,199
E00127862,436,217,219
E00127847,279,127,152
E00127848,363,180,183
E00127850,299,153,146
E00127852,394,196,198
E00127859,445,219,226
E00127953,345,174,171
E00127954,331,158,173
E00127957,280,138,142
E00127958,349,171,178
E00127962,339,175,164
E00127963,323,167,156
E00127990,399,204,195
E00127993,423,196,227
E00127995,287,143,144
E00128003,279,155,124
E00128004,256,125,131
E00127987,185,83,102
E00127988,474,231,243
E00127989,466,225,241
E00127992,244,112,132
E00127997,297,139,158
E00127998,272,130,142
E00127999,247,122,125
E00128000,336,174,162
E00128001,248,118,130
E00128024,447,212,235
E00128025,427,205,222
E00128026,340,174,166
E00128030,491,261,230
E00128033,305,167,138
E00128034,525,265,260
E00128027,374,189,185
E00128028,350,178,172
E00128029,561,305,256
E00128031,263,129,134
E00128032,276,135,141
E00128054,404,216,188
E00128055,530,256,274
E00128057,520,250,270
E00128059,477,228,249
E00128061,243,103,140
E00181552,248,125,123
E00181556,479,237,242
E00128056,594,301,293
E00128058,611,308,303
E00128062,364,185,179
E00181510,382,181,201
E00181528,301,156,145
E00127830,241,119,122
E00127831,195,93,102
E00127837,298,152,146
E00127841,449,241,208
E00127843,329,171,158
E00127846,243,124,119
E00127854,384,202,182
E00127855,481,243,238
E00127856,352,186,166
E00127857,265,132,133
E00127955,338,185,153
E00127956,425,203,222
E00127959,358,179,179
E00127960,288,138,150
E00127961,302,150,152
E00127986,369,192,177
E00127996,119,59,60
E00128002,305,150,155
E00172551,465,252,213
E00172552,381,193,188
E00181514,323,173,150
E00181553,402,217,185
E00127832,500,248,252
E00127836,274,129,145
E00127839,493,229,264
E00127840,292,132,160
E00127842,219,116,103
E00127845,382,188,194
E00127833,395,200,195
E00127834,448,223,225
E00127838,338,160,178
E00127844,197,106,91
E00181512,372,171,201
E00181533,261,127,134
E00127969,309,153,156
E00127970,218,113,105
E00127973,425,211,214
E00127974,388,195,193
E00127982,264,130,134
E00127971,576,295,281
E00127972,181,95,86
E00127975,345,181,164
E00127976,432,229,203
E00127979,379,193,186
E00127980,458,228,230
E00127983,370,197,173
E00127984,285,137,148
E00127977,420,195,225
E00127978,522,272,250
E00127981,334,135,199
E00127985,321,168,153
E00127936,258,136,122
E00127938,204,101,103
E00127941,221,112,109
E00127943,286,147,139
E00127951,272,140,132
E00127934,317,159,158
E00127937,331,169,162
E00127940,238,121,117
E00127952,324,172,152
E00127935,292,141,151
E00127942,248,134,114
E00127945,162,74,88
E00127947,278,151,127
E00127949,208,95,113
E00127939,171,81,90
E00127944,223,122,101
E00127946,243,115,128
E00127948,244,125,119
E00127950,339,181,158
E00128007,285,148,137
E00128008,325,161,164
E00128019,306,162,144
E00128021,336,186,150
E00128022,281,159,122
E00128010,335,169,166
E00128018,439,234,205
E00128020,353,181,172
E00128023,354,185,169
E00128006,423,214,209
E00128009,269,145,124
E00128011,295,163,132
E00128012,246,118,128
E00128015,247,128,119
E00128005,321,159,162
E00128013,240,129,111
E00128014,342,167,175
E00128016,299,173,126
E00128017,215,102,113
E00128296,574,280,294
E00128297,289,146,143
E00128298,439,234,205
E00128300,256,136,120
E00128301,343,177,166
E00128302,206,101,105
E00181951,415,199,216
E00182031,280,151,129
E00128308,246,120,126
E00128309,454,227,227
E00128310,402,200,202
E00128313,218,108,110
E00128314,472,240,232
E00181978,136,76,60
E00182037,546,276,270
E00128307,197,101,96
E00128312,348,172,176
E00128316,358,192,166
E00128317,269,146,123
E00182003,475,180,295
E00182006,244,126,118
E00128182,388,189,199
E00128187,534,277,257
E00128190,267,138,129
E00128194,301,151,150
E00128291,231,133,98
E00128292,302,163,139
E00128293,308,159,149
E00128294,343,176,167
E00128295,294,151,143
E00181985,500,258,242
E00182010,489,250,239
E00128303,580,292,288
E00128304,451,215,236
E00128305,215,112,103
E00128306,247,128,119
E00181954,325,164,161
E00182034,318,153,165
E00128318,364,192,172
E00128320,353,181,172
E00128323,403,196,207
E00128322,439,226,213
E00181952,154,83,71
E00181962,164,89,75
E00181964,194,99,95
E00181972,511,250,261
E00181990,625,325,300
E00182015,209,111,98
E00182020,238,133,105
E00128192,285,137,148
E00128196,349,186,163
E00128198,326,162,164
E00128200,124,72,52
E00128202,358,179,179
E00128193,286,144,142
E00128195,318,168,150
E00128197,284,150,134
E00128199,316,160,156
E00128201,281,142,139
E00128184,277,134,143
E00128185,499,236,263
E00128186,272,138,134
E00128188,248,127,121
E00128189,262,135,127
E00128191,306,159,147
E00181944,298,165,133
E00181963,245,124,121
E00182028,432,225,207
E00128410,325,160,165
E00128411,386,188,198
E00128422,300,160,140
E00128425,262,139,123
E00128426,231,121,110
E00128416,279,145,134
E00128417,304,150,154
E00128419,238,119,119
E00128421,271,143,128
E00128409,275,132,143
E00128418,278,154,124
E00128420,321,166,155
E00128427,313,160,153
E00128164,341,175,166
E00128165,255,135,120
E00128180,487,243,244
E00172008,349,183,166
E00172012,341,168,173
E00128166,287,142,145
E00128168,291,158,133
E00128169,281,143,138
E00128170,286,146,140
E00128160,345,166,179
E00128161,552,282,270
E00128167,257,122,135
E00128181,324,164,160
E00128408,408,246,162
E00128413,229,133,96
E00128414,186,76,110
E00128429,324,172,152
E00128412,208,96,112
E00128415,305,157,148
E00128423,315,157,158
E00128424,246,127,119
E00128428,245,133,112
E00128222,238,119,119
E00128224,303,177,126
E00128225,256,132,124
E00128226,228,117,111
E00128227,249,135,114
E00128228,275,139,136
E00128205,279,142,137
E00128206,236,117,119
E00128207,183,99,84
E00128211,254,128,126
E00128219,218,110,108
E00128220,237,122,115
E00128204,321,164,157
E00128209,351,187,164
E00128210,249,129,120
E00128213,288,150,138
E00128229,216,117,99
E00128212,289,140,149
E00128214,192,81,111
E00128215,316,172,144
E00128217,280,136,144
E00128218,320,173,147
E00128104,371,187,184
E00128107,242,131,111
E00128108,296,149,147
E00128110,315,155,160
E00128116,181,115,66
E00128105,337,175,162
E00128106,301,152,149
E00128111,263,132,131
E00128113,375,195,180
E00128117,368,189,179
E00128118,319,162,157
E00128119,340,180,160
E00128122,338,176,162
E00128123,379,194,185
E00128124,322,166,156
E00128120,285,129,156
E00128121,338,171,167
E00128125,319,151,168
E00128126,440,214,226
E00128127,306,154,152
E00128128,452,224,228
E00128171,282,140,142
E00128172,227,128,99
E00128173,225,117,108
E00128174,350,179,171
E00128177,396,186,210
E00128087,367,189,178
E00128088,404,215,189
E00128089,208,111,97
E00128094,249,130,119
E00128102,316,153,163
E00128086,341,186,155
E00128098,375,179,196
E00128099,349,170,179
E00128100,312,159,153
E00128101,409,206,203
E00128078,313,158,155
E00128082,245,139,106
E00128083,373,191,182
E00128084,331,181,150
E00128090,284,148,136
E00128079,365,186,179
E00128091,177,108,69
E00128092,272,138,134
E00128093,335,176,159
E00128096,332,168,164
E00128129,345,190,155
E00128130,342,188,154
E00128132,428,220,208
E00128133,432,220,212
E00128134,394,204,190
E00128142,433,227,206
E00128143,358,179,179
E00128162,445,202,243
E00128175,216,128,88
E00128176,255,128,127
E00128178,241,121,120
E00128179,298,154,144
E00128064,354,178,176
E00128065,312,159,153
E00128075,277,149,128
E00128076,334,163,171
E00128103,314,168,146
E00128109,342,176,166
E00128112,279,151,128
E00128114,292,152,140
E00128115,355,175,180
E00128203,341,180,161
E00128208,365,191,174
E00128216,292,142,150
E00128221,161,89,72
E00128223,290,157,133
E00128230,318,165,153
E00128249,253,127,126
E00128252,295,153,142
E00128253,279,148,131
E00128457,277,140,137
E00128458,346,170,176
E00128463,254,127,127
E00128477,346,174,172
E00128080,359,201,158
E00128081,401,203,198
E00128085,286,158,128
E00128095,198,86,112
E00128097,330,181,149
E00128324,438,236,202
E00128333,434,219,215
E00128337,385,212,173
E00128342,504,267,237
E00128325,339,167,172
E00128329,386,189,197
E00128335,338,174,164
E00128336,375,188,187
E00128338,257,132,125
E00128339,301,146,155
E00128340,358,182,176
E00128341,349,185,164
E00128343,410,206,204
E00128326,390,180,210
E00128344,438,234,204
E00128345,217,114,103
E00128346,388,199,189
E00128347,438,229,209
E00128327,407,207,200
E00128328,348,169,179
E00128330,323,162,161
E00128331,340,169,171
E00128332,262,123,139
E00128334,278,145,133
E00128263,416,209,207
E00128264,322,162,160
E00128265,346,179,167
E00128267,279,127,152
E00128271,282,158,124
E00128260,319,155,164
E00128262,575,309,266
E00181961,253,132,121
E00181993,211,105,106
E00182004,420,218,202
E00182023,349,182,167
E00182040,369,198,171
E00182043,210,124,86
E00128255,309,155,154
E00128259,324,158,166
E00128261,317,153,164
E00128272,327,155,172
E00128352,205,107,98
E00128353,264,114,150
E00128366,239,103,136
E00128367,245,129,116
E00128368,346,155,191
E00171994,163,63,100
E00171997,149,66,83
E00171998,135,62,73
E00128131,455,220,235
E00128135,473,226,247
E00128136,379,185,194
E00128140,457,227,230
E00128273,373,155,218
E00128274,342,148,194
E00128280,332,151,181
E00128281,288,120,168
E00128282,295,145,150
E00128283,305,160,145
E00128275,400,158,242
E00128284,244,120,124
E00128285,250,125,125
E00128286,287,130,157
E00128287,179,91,88
E00128288,290,142,148
E00128369,360,176,184
E00128370,401,190,211
E00128375,423,193,230
E00128377,356,183,173
E00128379,269,111,158
E00128276,358,172,186
E00128277,404,203,201
E00128278,347,166,181
E00128279,283,131,152
E00128289,321,146,175
E00128466,320,138,182
E00128474,340,176,164
E00128476,304,163,141
E00171999,182,87,95
E00172002,242,130,112
E00172007,305,147,158
E00128455,257,115,142
E00128456,260,128,132
E00128460,209,105,104
E00128461,353,176,177
E00128464,263,139,124
E00128467,236,131,105
E00128459,321,166,155
E00128462,219,112,107
E00128465,196,108,88
E00128468,270,132,138
E00128469,216,107,109
E00128454,448,215,233
E00128470,329,175,154
E00128471,273,131,142
E00128472,307,147,160
E00128473,239,121,118
E00128481,509,235,274
E00128482,365,183,182
E00128483,182,83,99
E00128484,223,112,111
E00128485,692,356,336
E00128478,208,99,109
E00128479,219,107,112
E00128480,408,229,179
E00128487,209,99,110
E00172000,163,76,87
E00172001,781,408,373
E00181941,681,352,329
E00128063,298,154,144
E00128066,236,122,114
E00128068,353,182,171
E00128073,206,108,98
E00128074,303,158,145
E00128067,268,131,137
E00128069,283,120,163
E00128070,241,124,117
E00128071,251,121,130
E00128072,262,113,149
E00128077,228,112,116
E00128233,240,126,114
E00128235,259,127,132
E00128247,302,152,150
E00128248,254,130,124
E00128250,341,172,169
E00128234,326,170,156
E00128237,257,136,121
E00128238,238,132,106
E00128241,302,154,148
E00128251,232,123,109
E00128231,293,144,149
E00128236,171,79,92
E00128239,249,123,126
E00128244,249,129,120
E00128246,549,293,256
E00128254,304,150,154
E00128232,383,217,166
E00128240,290,144,146
E00128242,385,203,182
E00128243,227,116,111
E00128245,507,263,244
E00128256,332,188,144
E00128266,294,139,155
E00128268,314,161,153
E00128269,262,138,124
E00128270,321,156,165
E00128387,185,79,106
E00128389,276,139,137
E00128395,319,153,166
E00128399,243,119,124
E00171957,476,250,226
E00171959,245,89,156
E00171960,127,52,75
E00172014,156,73,83
E00181968,531,61,470
E00181976,204,106,98
E00128393,531,292,239
E00128398,377,177,200
E00128403,378,193,185
E00128405,288,156,132
E00128406,462,229,233
E00128391,342,169,173
E00128392,437,224,213
E00128400,457,230,227
E00128401,516,254,262
E00181943,108,43,65
E00181997,525,264,261
E00128388,325,166,159
E00128394,422,199,223
E00128397,365,203,162
E00128404,357,188,169
E00128407,337,167,170
E00128137,433,208,225
E00128138,425,203,222
E00128139,465,240,225
E00128141,432,213,219
E00172006,929,465,464
E00181935,925,501,424
E00181936,578,296,282
E00128372,388,173,215
E00128373,224,97,127
E00128374,265,133,132
E00128384,134,65,69
E00128385,247,116,131
E00128386,256,120,136
E00172003,391,186,205
E00172004,290,137,153
E00128146,319,164,155
E00128159,404,189,215
E00172009,337,172,165
E00172010,309,148,161
E00172011,333,159,174
E00128147,332,153,179
E00128151,386,217,169
E00128153,271,149,122
E00128156,364,201,163
E00128148,109,49,60
E00128149,319,159,160
E00128150,289,135,154
E00128154,318,163,155
E00128144,400,217,183
E00128152,424,221,203
E00128155,388,187,201
E00128157,153,65,88
E00128158,323,163,160
E00128431,591,282,309
E00128432,286,133,153
E00128447,350,176,174
E00128449,378,182,196
E00128450,300,141,159
E00128433,181,93,88
E00128435,317,162,155
E00128441,396,181,215
E00128443,373,191,182
E00128445,397,197,200
E00128355,287,131,156
E00128356,393,194,199
E00128357,296,153,143
E00128360,226,110,116
E00128361,213,110,103
E00128348,447,213,234
E00128349,309,160,149
E00128354,366,150,216
E00128358,168,67,101
E00128359,488,221,267
E00128350,383,198,185
E00128362,209,93,116
E00128363,229,114,115
E00128364,293,137,156
E00128365,232,104,128
E00128430,385,165,220
E00128440,469,232,237
E00128446,312,146,166
E00128448,371,172,199
E00181955,148,51,97
E00181969,230,101,129
E00128452,255,85,170
E00171992,274,132,142
E00171995,715,390,325
E00171996,344,158,186
E00128437,290,142,148
E00128438,197,81,116
E00128444,178,87,91
E00128453,235,120,115
E00171993,231,100,131
E00128436,323,152,171
E00128439,285,132,153
E00128442,599,312,287
E00128489,358,186,172
E00128490,298,160,138
E00128492,174,89,85
E00128493,208,99,109
E00174075,174,80,94
E00174080,467,222,245
E00128512,335,156,179
E00128513,197,102,95
E00128514,158,79,79
E00128515,287,141,146
E00128516,339,164,175
E00128566,224,107,117
E00128567,343,174,169
E00128568,146,67,79
E00128569,251,119,132
E00128570,475,236,239
E00128650,329,165,164
E00128651,275,148,127
E00128652,402,216,186
E00128653,317,162,155
E00128654,263,136,127
E00128646,194,100,94
E00128647,336,157,179
E00128648,247,127,120
E00128649,315,170,145
E00128655,301,148,153
E00128579,383,202,181
E00128581,347,172,175
E00128583,342,184,158
E00128586,268,140,128
E00185586,365,200,165
E00185599,375,193,182
E00128626,216,102,114
E00128628,276,143,133
E00128629,264,147,117
E00128633,282,147,135
E00128635,266,137,129
E00128627,169,94,75
E00128630,396,186,210
E00128631,339,157,182
E00128632,289,136,153
E00128634,317,162,155
E00128636,334,172,162
E00128638,340,174,166
E00128641,286,138,148
E00128643,298,141,157
E00128644,225,113,112
E00128637,264,134,130
E00128639,372,188,184
E00128640,353,194,159
E00128642,299,145,154
E00128645,494,263,231
E00128557,510,255,255
E00128561,352,175,177
E00128562,355,173,182
E00128564,375,196,179
E00185585,275,132,143
E00185650,400,187,213
E00128556,365,202,163
E00128558,205,102,103
E00128559,204,105,99
E00128560,301,157,144
E00128565,454,249,205
E00128578,209,115,94
E00128580,283,152,131
E00128584,205,101,104
E00128585,243,109,134
E00128587,371,188,183
E00128597,289,147,142
E00128600,266,128,138
E00128601,306,138,168
E00128602,325,166,159
E00128606,355,175,180
E00128598,473,237,236
E00128599,223,111,112
E00128603,332,157,175
E00128605,511,255,256
E00185595,286,146,140
E00185640,106,52,54
E00185645,403,200,203
E00128522,179,84,95
E00128523,171,84,87
E00128524,368,186,182
E00128525,265,142,123
E00128526,429,209,220
E00128538,288,141,147
E00128539,247,125,122
E00128541,286,150,136
E00128546,317,159,158
E00185575,266,156,110
E00185644,285,144,141
E00128547,234,123,111
E00128548,231,116,115
E00128553,302,154,148
E00128554,261,135,126
E00128555,263,126,137
E00128616,301,150,151
E00128617,299,150,149
E00128618,250,130,120
E00128619,273,141,132
E00128620,403,207,196
E00128517,254,126,128
E00128518,334,176,158
E00128519,269,142,127
E00128520,268,140,128
E00128521,201,98,103
E00128608,252,128,124
E00128609,300,147,153
E00128613,287,146,141
E00128614,305,155,150
E00128615,274,133,141
E00128607,300,149,151
E00128610,334,169,165
E00128611,276,135,141
E00128612,327,157,170
E00128621,282,143,139
E00128622,383,198,185
E00128623,381,199,182
E00128624,274,134,140
E00128625,263,139,124
E00128679,517,260,257
E00174082,341,171,170
E00185583,320,168,152
E00185597,381,197,184
E00185620,149,81,68
E00185651,540,281,259
E00128495,307,153,154
E00128496,585,299,286
E00128497,225,114,111
E00128499,290,150,140
E00128500,247,137,110
E00128494,126,65,61
E00128498,272,141,131
E00128501,406,214,192
E00128502,268,139,129
E00128536,323,165,158
E00128540,175,97,78
E00128542,259,140,119
E00128543,268,136,132
E00128544,255,141,114
E00128545,245,124,121
E00128550,237,128,109
E00128551,278,142,136
E00128552,338,171,167
E00185611,384,201,183
E00185628,257,125,132
E00128504,289,144,145
E00128505,212,112,100
E00128510,461,227,234
E00128511,192,103,89
E00128503,255,130,125
E00128506,127,62,65
E00128507,463,235,228
E00128509,335,174,161
E00174077,288,142,146
E00174078,322,165,157
E00174079,263,133,130
E00128573,289,151,138
E00128575,265,134,131
E00128576,451,250,201
E00128577,289,147,142
E00128657,360,191,169
E00128658,476,255,221
E00128659,167,99,68
E00128665,281,149,132
E00185567,326,160,166
E00128656,263,127,136
E00128660,184,103,81
E00128662,347,191,156
E00128663,259,137,122
E00128667,419,227,192
E00174074,369,176,193
E00174076,455,240,215
E00174081,409,196,213
E00128527,275,148,127
E00128530,292,138,154
E00128531,173,95,78
E00128535,399,197,202
E00128528,335,169,166
E00128529,324,170,154
E00128532,416,207,209
E00128533,223,118,105
E00128534,142,82,60
E00128588,140,72,68
E00128589,262,131,131
E00128594,358,188,170
E00128596,348,183,165
E00128590,272,141,131
E00128591,378,198,180
E00128592,304,155,149
E00128593,253,144,109
E00128595,261,141,120
E00128669,328,155,173
E00128670,318,118,200
E00128671,304,146,158
E00128672,279,147,132
E00128673,260,143,117
E00128571,300,155,145
E00128572,393,198,195
E00128574,290,152,138
E00128668,326,168,158
E00128674,319,154,165
E00128675,264,138,126
E00128676,188,101,87
E00128683,426,230,196
E00128684,599,306,293
E00128685,314,159,155
E00128689,329,169,160
E00128690,390,202,188
E00128692,328,163,165
E00128718,396,212,184
E00128720,289,153,136
E00128721,281,137,144
E00128722,275,131,144
E00128728,222,119,103
E00128729,305,154,151
E00128730,266,138,128
E00128717,331,172,159
E00128719,368,185,183
E00128723,302,151,151
E00128724,171,84,87
E00128725,366,183,183
E00128726,264,135,129
E00128727,238,132,106
E00128862,299,149,150
E00128863,311,155,156
E00128869,334,167,167
E00128870,229,123,106
E00128871,249,125,124
E00128734,348,188,160
E00128736,409,209,200
E00128740,298,161,137
E00128747,313,147,166
E00128733,363,179,184
E00128738,317,165,152
E00128739,340,176,164
E00128743,383,185,198
E00128731,269,153,116
E00128732,327,150,177
E00128737,474,241,233
E00128746,485,237,248
E00128885,153,84,69
E00128887,211,116,95
E00128898,249,128,121
E00128899,237,112,125
E00128900,215,107,108
E00172556,201,100,101
E00172557,295,149,146
E00128881,191,104,87
E00128882,366,174,192
E00128883,176,90,86
E00128888,173,77,96
E00128891,415,215,200
E00128884,322,153,169
E00128889,277,133,144
E00128892,443,229,214
E00128893,376,190,186
E00128896,325,161,164
E00128890,287,144,143
E00128894,426,214,212
E00128895,402,213,189
E00128897,273,134,139
E00128749,367,181,186
E00128751,313,169,144
E00128752,524,266,258
E00128753,398,196,202
E00128754,249,125,124
E00128755,327,164,163
E00128756,301,148,153
E00128757,487,250,237
E00128759,271,141,130
E00128760,305,149,156
E00128750,446,217,229
E00128758,284,162,122
E00128761,270,133,137
E00128762,324,153,171
E00128816,323,163,160
E00128817,299,160,139
E00128818,293,150,143
E00128821,363,195,168
E00128822,311,152,159
E00128819,262,128,134
E00128820,227,111,116
E00128823,337,184,153
E00128824,400,210,190
E00128826,219,117,102
E00128827,307,154,153
E00128815,392,196,196
E00128829,264,135,129
E00128830,588,310,278
E00172554,387,195,192
E00172555,622,309,313
E00181525,233,104,129
E00181554,434,214,220
E00128682,239,119,120
E00128686,364,186,178
E00128687,252,124,128
E00128688,332,164,168
E00128691,310,161,149
E00128770,326,168,158
E00128771,378,199,179
E00128776,337,175,162
E00128778,247,127,120
E00128780,363,186,177
E00128833,318,182,136
E00128834,268,129,139
E00128843,278,137,141
E00128844,198,99,99
E00128845,165,94,71
E00128831,360,180,180
E00128836,368,186,182
E00128837,342,174,168
E00181508,500,248,252
E00181534,313,157,156
E00128766,268,133,135
E00128779,413,209,204
E00128781,348,180,168
E00128838,297,152,145
E00128839,304,158,146
E00128840,328,178,150
E00128841,299,164,135
E00128842,441,212,229
E00128797,446,223,223
E00128798,498,256,242
E00128813,283,144,139
E00128814,336,176,160
E00128799,310,146,164
E00128800,271,137,134
E00128801,315,164,151
E00128802,315,160,155
E00128803,349,174,175
E00128804,323,179,144
E00128805,282,160,122
E00128806,275,160,115
E00128809,314,151,163
E00128811,268,140,128
E00128796,319,156,163
E00128807,249,127,122
E00128808,295,147,148
E00128810,256,132,124
E00128812,389,200,189
E00128693,234,123,111
E00128694,305,168,137
E00128695,222,111,111
E00128699,301,157,144
E00128702,293,155,138
E00128696,401,206,195
E00128697,328,172,156
E00128698,314,159,155
E00128700,275,144,131
E00128701,320,159,161
E00128703,283,145,138
E00128704,332,168,164
E00128735,345,192,153
E00128741,293,141,152
E00128742,290,156,134
E00128744,295,160,135
E00128745,227,114,113
E00128835,270,135,135
E00128846,299,154,145
E00128847,268,132,136
E00128848,402,214,188
E00128707,388,210,178
E00128708,267,140,127
E00128709,464,250,214
E00128713,326,158,168
E00128716,292,148,144
E00128705,325,164,161
E00128706,347,178,169
E00128710,230,105,125
E00128711,277,131,146
E00128712,285,144,141
E00128714,264,136,128
E00128715,265,142,123
E00128784,300,156,144
E00128785,315,155,160
E00128788,367,185,182
E00128792,294,143,151
E00128795,324,159,165
E00128786,342,169,173
E00128787,304,151,153
E00128790,186,97,89
E00128791,416,198,218
E00128793,265,134,131
E00128794,290,149,141
E00181509,98,64,34
E00181561,573,289,284
E00128748,263,120,143
E00128763,337,176,161
E00128764,387,199,188
E00128765,291,148,143
E00128769,257,133,124
E00128772,216,106,110
E00128773,350,166,184
E00128774,321,164,157
E00128775,266,133,133
E00128767,324,165,159
E00128768,238,123,115
E00128777,385,198,187
E00128782,207,114,93
E00128783,298,155,143
E00128856,221,118,103
E00128858,302,160,142
E00128859,394,210,184
E00128860,316,156,160
E00128861,232,116,116
E00128850,514,256,258
E00128852,316,176,140
E00128855,339,163,176
E00128857,263,135,128
E00128849,252,116,136
E00128851,347,179,168
E00128853,236,107,129
E00128854,232,125,107
E00128874,310,156,154
E00128875,302,157,145
E00128876,279,144,135
E00128877,348,182,166
E00128878,309,156,153
E00128867,359,178,181
E00128868,238,130,108
E00128879,255,123,132
E00128880,367,187,180
E00128864,436,212,224
E00128865,278,144,134
E00128866,378,198,180
E00128872,169,72,97
E00128873,247,124,123
E00129028,299,152,147
E00129034,315,153,162
E00129037,327,167,160
E00129038,350,164,186
E00129030,340,187,153
E00129031,308,148,160
E00129033,275,142,133
E00129036,349,175,174
E00129027,319,158,161
E00129029,331,172,159
E00129032,299,153,146
E00129035,283,139,144
E00129239,382,203,179
E00129245,357,178,179
E00129246,274,144,130
E00129247,239,129,110
E00129249,288,145,143
E00128972,241,125,116
E00128973,269,142,127
E00128974,205,105,100
E00128975,250,130,120
E00128976,319,160,159
E00128977,109,63,46
E00128978,281,140,141
E00128968,358,182,176
E00128969,269,134,135
E00128970,302,143,159
E00128971,285,150,135
E00128979,278,147,131
E00129199,290,143,147
E00129200,423,209,214
E00129201,475,257,218
E00129192,321,160,161
E00129193,362,183,179
E00129194,262,135,127
E00129195,203,99,104
E00129198,459,230,229
E00128942,320,159,161
E00128944,289,149,140
E00128946,333,188,145
E00128947,181,94,87
E00128948,258,139,119
E00128945,283,150,133
E00128950,301,158,143
E00128951,250,122,128
E00128954,205,113,92
E00128955,230,115,115
E00128943,242,121,121
E00128949,292,149,143
E00128952,333,167,166
E00128953,474,238,236
E00129238,243,130,113
E00129240,332,172,160
E00129241,234,125,109
E00129242,269,141,128
E00129243,253,130,123
E00129244,297,151,146
E00129248,268,144,124
E00128917,391,196,195
E00128920,519,268,251
E00168795,324,158,166
E00168809,313,165,148
E00181980,484,258,226
E00182029,153,70,83
E00129189,225,116,109
E00129190,251,114,137
E00129191,301,159,142
E00129196,286,156,130
E00129197,281,140,141
E00129226,335,172,163
E00129229,233,111,122
E00129231,333,179,154
E00129232,226,121,105
E00129237,241,113,128
E00129227,352,174,178
E00129228,275,136,139
E00129230,277,133,144
E00129233,305,167,138
E00129225,238,115,123
E00129234,266,126,140
E00129235,270,130,140
E00129236,247,121,126
E00128957,343,179,164
E00128958,232,123,109
E00128962,275,137,138
E00128963,290,141,149
E00128964,277,145,132
E00181988,414,210,204
E00182042,375,178,197
E00129148,277,142,135
E00129151,316,159,157
E00129152,329,168,161
E00129153,115,58,57
E00129154,269,141,128
E00129160,238,133,105
E00129149,308,153,155
E00129150,340,174,166
E00129155,304,142,162
E00129156,240,128,112
E00129157,279,135,144
E00129158,250,136,114
E00129159,214,110,104
E00128956,160,92,68
E00128959,250,121,129
E00128960,227,113,114
E00128965,263,129,134
E00128966,280,150,130
E00128967,238,120,118
E00129045,179,98,81
E00129047,110,58,52
E00129048,329,178,151
E00129049,270,142,128
E00129050,271,145,126
E00129052,226,125,101
E00129042,334,169,165
E00129043,294,152,142
E00129051,262,133,129
E00129053,307,174,133
E00129054,299,164,135
E00129039,292,153,139
E00129040,284,148,136
E00129041,208,110,98
E00129044,373,210,163
E00129046,207,90,117
E00128919,181,93,88
E00128921,241,122,119
E00128922,252,127,125
E00128924,248,127,121
E00128925,263,133,130
E00128932,235,121,114
E00128933,275,151,124
E00128934,335,151,184
E00128935,166,75,91
E00128936,223,110,113
E00128929,304,167,137
E00128937,242,125,117
E00128938,260,133,127
E00128939,326,163,163
E00128930,272,138,134
E00128931,301,136,165
E00128940,237,122,115
E00128941,310,147,163
E00168796,271,147,124
E00168799,182,88,94
E00168800,334,153,181
E00128906,274,132,142
E00128907,362,187,175
E00128908,249,133,116
E00128909,267,137,130
E00128910,255,128,127
E00128902,522,254,268
E00128903,333,164,169
E00128912,485,254,231
E00168797,357,190,167
E00168798,228,119,109
E00168815,189,100,89
E00128901,256,126,130
E00128905,272,127,145
E00128911,215,110,105
E00128914,288,158,130
E00181956,105,58,47
E00181989,448,220,228
E00128918,570,285,285
E00128923,453,225,228
E00128926,458,235,223
E00128927,467,243,224
E00129124,300,152,148
E00129125,264,133,131
E00129127,247,117,130
E00129129,219,106,113
E00129122,272,145,127
E00129123,319,166,153
E00129130,264,137,127
E00129131,231,123,108
E00129134,189,95,94
E00129126,298,151,147
E00129128,338,178,160
E00129132,304,150,154
E00129133,313,159,154
E00129216,260,128,132
E00129219,273,138,135
E00129221,432,216,216
E00129222,288,146,142
E00168801,384,179,205
E00168802,313,149,164
E00129215,267,133,134
E00129217,348,185,163
E00129223,276,141,135
E00129224,280,142,138
E00181965,344,179,165
E00181982,351,180,171
E00182025,156,79,77
E00129103,371,178,193
E00129106,359,187,172
E00129112,381,194,187
E00129119,331,176,155
E00129175,287,147,140
E00129176,546,280,266
E00129177,206,125,81
E00129178,372,197,175
E00129185,351,170,181
E00129179,355,173,182
E00129184,360,185,175
E00129186,340,169,171
E00129187,246,127,119
E00129180,354,185,169
E00129181,301,153,148
E00129182,399,217,182
E00129183,271,137,134
E00129188,283,146,137
E00129093,293,157,136
E00129097,393,206,187
E00129098,363,170,193
E00129099,288,136,152
E00129100,331,169,162
E00129101,290,148,142
E00129102,343,170,173
E00129090,495,254,241
E00129091,276,140,136
E00129092,314,168,146
E00129094,239,127,112
E00129095,454,219,235
E00129096,172,91,81
E00129110,367,208,159
E00129113,283,147,136
E00129114,341,168,173
E00129121,329,170,159
E00129116,271,144,127
E00129117,280,151,129
E00129118,269,146,123
E00129120,237,116,121
E00168816,279,131,148
E00129107,439,236,203
E00129108,285,155,130
E00129109,221,114,107
E00129111,272,149,123
E00129115,186,98,88
E00128994,487,236,251
E00128995,259,126,133
E00128996,241,124,117
E00128997,349,190,159
E00128999,161,82,79
E00128991,282,143,139
E00128992,220,123,97
E00128993,323,175,148
E00128998,355,184,171
E00129000,247,127,120
E00129001,300,147,153
E00129008,313,167,146
E00129009,428,224,204
E00129010,308,167,141
E00129011,206,105,101
E00129002,318,155,163
E00129003,274,140,134
E00129004,385,204,181
E00129012,280,138,142
E00181930,181,96,85
E00182038,261,135,126
E00168803,322,147,175
E00181931,490,270,220
E00181932,307,144,163
E00181957,343,169,174
E00181966,306,155,151
E00182039,424,225,199
E00129018,294,146,148
E00129022,279,131,148
E00168810,316,160,156
E00168811,433,217,216
E00168812,276,133,143
E00168813,369,171,198
E00168814,459,236,223
E00129013,307,152,155
E00129016,202,121,81
E00129019,286,152,134
E00129020,276,145,131
E00181933,105,52,53
E00181934,223,120,103
E00129055,322,163,159
E00129061,270,131,139
E00129063,280,145,135
E00129065,240,124,116
E00181926,285,138,147
E00181927,183,93,90
E00181928,283,147,136
E00181938,112,58,54
E00129068,269,145,124
E00129070,289,154,135
E00129071,284,138,146
E00181929,277,128,149
E00181939,438,207,231
E00128980,565,289,276
E00128983,239,124,115
E00128985,356,179,177
E00128987,353,171,182
E00129161,229,120,109
E00129162,233,111,122
E00129163,233,128,105
E00129164,212,105,107
E00129166,271,137,134
E00129168,230,113,117
E00129169,291,151,140
E00129170,167,82,85
E00129165,536,263,273
E00129167,229,113,116
E00129171,126,56,70
E00129172,355,191,164
E00129173,278,129,149
E00129174,147,63,84
E00128981,315,156,159
E00128982,270,141,129
E00128984,287,150,137
E00128986,208,105,103
E00128988,359,174,185
E00128989,274,146,128
E00128990,263,124,139
E00129014,258,128,130
E00129017,295,153,142
E00129021,336,180,156
E00129025,243,129,114
E00129026,172,84,88
E00129078,269,130,139
E00129079,296,146,150
E00129083,258,133,125
E00129084,339,185,154
E00129085,260,144,116
E00129137,312,159,153
E00129138,260,130,130
E00129145,327,174,153
E00129146,259,145,114
E00129147,262,130,132
E00129080,243,132,111
E00129081,290,149,141
E00129082,267,132,135
E00129086,276,154,122
E00129087,267,134,133
E00129088,231,115,116
E00129089,237,132,105
E00129056,357,176,181
E00129057,318,161,157
E00129058,325,159,166
E00129062,326,167,159
E00129064,325,161,164
E00129066,300,153,147
E00129072,271,134,137
E00129074,233,120,113
E00129075,244,136,108
E00129076,237,118,119
E00168793,267,143,124
E00181948,490,260,230
E00182002,297,151,146
E00182011,153,70,83
E00182041,276,139,137
E00168792,241,117,124
E00168804,337,168,169
E00168805,260,122,138
E00168806,342,171,171
E00168808,258,125,133
E00129141,366,188,178
E00129142,360,206,154
E00129143,297,155,142
E00129144,574,316,258
E00129135,252,125,127
E00129136,214,126,88
E00129139,229,123,106
E00129140,447,246,201
E00129205,273,144,129
E00129206,322,160,162
E00129207,246,135,111
E00129208,290,152,138
E00129209,289,154,135
E00129214,275,142,133
E00129202,256,135,121
E00129203,371,196,175
E00129204,225,117,108
E00129210,253,124,129
E00129211,169,88,81
E00129212,337,168,169
E00129213,293,138,155
E00129391,318,159,159
E00129392,339,171,168
E00129395,266,145,121
E00129397,323,157,166
E00129389,297,146,151
E00129393,399,197,202
E00129394,314,162,152
E00129400,464,235,229
E00129390,427,215,212
E00129396,356,195,161
E00129398,407,208,199
E00129399,278,142,136
E00129554,416,198,218
E00129555,316,162,154
E00129556,260,125,135
E00129557,314,157,157
E00129560,297,152,145
E00129551,610,303,307
E00129559,331,177,154
E00129561,435,233,202
E00129562,335,157,178
E00129550,344,167,177
E00129563,280,145,135
E00129564,195,110,85
E00129566,401,215,186
E00129567,301,146,155
E00129440,345,173,172
E00129442,282,142,140
E00129443,450,234,216
E00182009,430,221,209
E00182018,192,101,91
E00182036,292,155,137
E00129439,397,198,199
E00129441,249,117,132
E00129444,368,183,185
E00129446,415,222,193
E00129445,381,184,197
E00129447,220,123,97
E00129448,382,197,185
E00129450,276,142,134
E00129464,349,168,181
E00129465,465,242,223
E00129466,356,192,164
E00129467,398,202,196
E00129468,340,168,172
E00129469,253,122,131
E00129552,279,144,135
E00129553,265,128,137
E00129558,267,133,134
E00129565,315,156,159
E00129284,417,221,196
E00129285,346,173,173
E00129286,298,154,144
E00129287,223,110,113
E00129381,202,107,95
E00129382,318,159,159
E00129383,330,176,154
E00129384,409,222,187
E00129385,210,105,105
E00129386,291,146,145
E00129387,172,94,78
E00129388,255,126,129
E00129471,475,247,228
E00129472,431,211,220
E00129474,384,186,198
E00129475,297,151,146
E00129476,323,160,163
E00129477,287,152,135
E00129481,237,120,117
E00129470,316,159,157
E00129473,261,131,130
E00129478,215,93,122
E00129479,322,148,174
E00129480,481,262,219
E00129321,433,214,219
E00129322,259,127,132
E00129323,287,149,138
E00129324,570,299,271
E00129326,273,139,134
E00129330,189,99,90
E00129333,404,225,179
E00129325,263,132,131
E00129328,552,293,259
E00129329,293,160,133
E00129331,123,60,63
E00129332,263,136,127
E00181998,312,152,160
E00182016,344,181,163
E00129334,400,200,200
E00129335,150,83,67
E00129338,375,188,187
E00129346,331,169,162
E00129348,388,188,200
E00129341,322,164,158
E00129342,286,145,141
E00129343,383,179,204
E00129344,305,161,144
E00129345,336,185,151
E00129336,415,218,197
E00129337,376,196,180
E00129339,282,147,135
E00129340,322,171,151
E00129347,379,188,191
E00129452,386,193,193
E00129455,343,192,151
E00129457,280,138,142
E00129461,297,151,146
E00129451,229,121,108
E00129454,298,156,142
E00129462,324,163,161
E00129463,262,133,129
E00129453,275,144,131
E00129456,181,96,85
E00129458,252,133,119
E00129459,237,124,113
E00129460,249,131,118
E00129592,269,146,123
E00129593,306,150,156
E00129594,257,139,118
E00129595,292,141,151
E00129596,364,185,179
E00129597,252,137,115
E00129598,304,163,141
E00129599,415,218,197
E00129600,435,222,213
E00129403,298,157,141
E00129409,323,170,153
E00129417,247,128,119
E00129418,234,119,115
E00129419,242,124,118
E00129404,337,180,157
E00129405,237,125,112
E00129406,273,147,126
E00129410,249,142,107
E00129402,286,153,133
E00129413,332,172,160
E00129414,348,181,167
E00129415,295,156,139
E00129416,285,139,146
E00129490,286,129,157
E00129492,244,125,119
E00129493,314,154,160
E00129495,332,169,163
E00129496,283,149,134
E00129483,278,138,140
E00129485,268,134,134
E00129489,368,197,171
E00129497,517,268,249
E00181947,161,82,79
E00182013,603,307,296
E00129482,317,158,159
E00129486,320,151,169
E00129487,287,155,132
E00129488,249,135,114
E00129355,607,350,257
E00129356,334,192,142
E00129364,193,101,92
E00181958,757,493,264
E00181974,265,145,120
E00181984,107,48,59
E00182035,577,311,266
E00129351,341,186,155
E00129352,361,174,187
E00129354,298,148,150
E00129366,366,201,165
E00129357,375,183,192
E00129362,238,124,114
E00129363,365,223,142
E00168817,1528,1080,448
E00168823,178,92,86
E00129401,215,112,103
E00129407,285,153,132
E00129408,403,246,157
E00129411,397,232,165
E00129412,386,197,189
E00129484,307,169,138
E00129491,245,120,125
E00129498,225,133,92
E00129499,533,330,203
E00129500,247,122,125
E00129301,274,142,132
E00129302,315,160,155
E00129303,268,135,133
E00129304,280,146,134
E00129305,277,129,148
E00129306,143,81,62
E00181975,233,127,106
E00182007,370,183,187
E00129349,276,143,133
E00129350,282,141,141
E00129360,212,102,110
E00129365,308,166,142
E00182022,1410,956,454
E00182027,126,62,64
E00129433,325,165,160
E00129434,297,151,146
E00129435,338,170,168
E00129436,315,167,148
E00129437,439,221,218
E00129438,311,166,145
E00129251,326,160,166
E00129253,325,167,158
E00129254,338,174,164
E00129256,360,177,183
E00129259,326,168,158
E00129250,267,139,128
E00129255,257,124,133
E00129258,262,140,122
E00129260,324,166,158
E00129261,254,135,119
E00129263,256,123,133
E00129257,423,206,217
E00129265,397,221,176
E00129267,308,162,146
E00182017,239,129,110
E00182032,511,263,248
E00129501,250,134,116
E00129503,251,139,112
E00129512,298,157,141
E00129513,298,152,146
E00129262,344,171,173
E00129264,235,124,111
E00129266,263,129,134
E00129268,409,219,190
E00129269,244,128,116
E00129307,294,162,132
E00129309,430,240,190
E00129311,428,220,208
E00129313,255,124,131
E00129308,330,167,163
E00129312,283,139,144
E00129314,346,175,171
E00129315,331,171,160
E00129320,313,157,156
E00129310,342,161,181
E00129316,334,176,158
E00129317,348,166,182
E00129318,347,168,179
E00129319,179,87,92
E00129502,257,137,120
E00129504,313,157,156
E00129506,336,165,171
E00129507,303,164,139
E00129505,325,165,160
E00129508,317,163,154
E00129509,347,181,166
E00129510,265,136,129
E00129511,356,183,173
E00129514,354,194,160
E00129518,331,172,159
E00129519,410,209,201
E00129520,280,138,142
E00129536,333,173,160
E00129517,164,66,98
E00129528,195,83,112
E00129530,327,180,147
E00129531,292,143,149
E00129534,282,147,135
E00129535,226,98,128
E00129515,350,178,172
E00129521,329,171,158
E00129522,313,158,155
E00129524,378,190,188
E00129532,266,140,126
E00129516,212,120,92
E00129523,346,170,176
E00129525,231,105,126
E00129526,188,93,95
E00129527,225,112,113
E00129529,177,97,80
E00129533,208,113,95
E00129271,398,199,199
E00129273,365,188,177
E00129275,353,182,171
E00129282,335,170,165
E00129270,230,121,109
E00129272,270,144,126
E00129276,286,149,137
E00129277,285,147,138
E00129283,272,132,140
E00129274,342,178,164
E00129278,309,162,147
E00129279,263,135,128
E00129280,304,152,152
E00129281,209,114,95
E00129288,362,179,183
E00129294,345,172,173
E00129298,283,144,139
E00129299,420,240,180
E00129291,357,194,163
E00129293,238,119,119
E00129295,303,168,135
E00129296,248,130,118
E00129289,330,170,160
E00129290,271,141,130
E00129292,304,149,155
E00129297,354,173,181
E00129367,237,119,118
E00129368,302,155,147
E00129370,248,132,116
E00129380,460,230,230
E00129538,306,144,162
E00129539,392,193,199
E00129540,245,129,116
E00129541,186,92,94
E00129542,340,181,159
E00129537,364,178,186
E00129545,370,199,171
E00129549,319,145,174
E00168819,359,188,171
E00168822,558,272,286
E00129546,339,171,168
E00129547,377,185,192
E00129548,254,127,127
E00168818,385,191,194
E00168820,232,117,115
E00168821,301,145,156
E00129371,302,142,160
E00129372,342,174,168
E00129373,292,152,140
E00129374,337,182,155
E00129377,345,188,157
E00129369,392,211,181
E00129375,307,149,158
E00129376,299,149,150
E00129378,480,246,234
E00129379,263,132,131
E00129426,351,190,161
E00129427,376,207,169
E00129429,368,185,183
E00129432,330,159,171
E00129424,234,133,101
E00129428,375,189,186
E00129430,248,126,122
E00129431,292,166,126
E00129420,283,138,145
E00129421,292,154,138
E00129422,311,153,158
E00129423,255,132,123
E00129425,234,111,123
E00129570,340,180,160
E00129581,287,152,135
E00129582,373,199,174
E00129585,292,141,151
E00129586,431,206,225
E00129568,492,249,243
E00129569,227,117,110
E00129571,339,158,181
E00129576,319,160,159
E00129583,253,127,126
E00129572,208,118,90
E00129573,269,140,129
E00129577,323,173,150
E00129578,354,173,181
E00129580,296,157,139
E00129574,294,150,144
E00129575,349,183,166
E00129579,230,117,113
E00129584,309,151,158
E00129587,354,187,167
E00129588,388,199,189
E00129589,333,166,167
E00129590,334,168,166
E00129591,171,87,84
E00129777,314,153,161
E00129784,277,146,131
E00129785,174,101,73
E00129787,273,148,125
E00129788,288,153,135
E00129778,209,111,98
E00129780,250,124,126
E00129781,206,107,99
E00129782,265,143,122
E00129783,249,138,111
E00129786,242,125,117
E00129821,260,133,127
E00129824,282,139,143
E00129826,309,152,157
E00129828,284,142,142
E00129831,282,137,145
E00129829,196,100,96
E00129832,244,121,123
E00129833,323,157,166
E00129834,215,99,116
E00129836,253,128,125
E00129818,266,125,141
E00129819,224,112,112
E00129820,242,126,116
E00129827,291,139,152
E00129830,273,139,134
E00129822,209,67,142
E00129823,143,50,93
E00129825,242,119,123
E00129835,214,88,126
E00129837,184,92,92
E00129838,218,103,115
E00129839,272,123,149
E00129942,287,157,130
E00129945,232,121,111
E00129946,271,146,125
E00129948,264,140,124
E00129949,357,191,166
E00129943,325,175,150
E00129951,324,175,149
E00129953,329,170,159
E00129955,349,161,188
E00129941,358,184,174
E00129950,245,122,123
E00129952,301,152,149
E00129954,326,163,163
E00129957,313,146,167
E00129944,423,227,196
E00129947,300,157,143
E00129956,261,129,132
E00129958,282,129,153
E00129959,333,171,162
E00129869,308,146,162
E00129870,317,174,143
E00129875,379,209,170
E00129876,335,185,150
E00129879,301,153,148
E00129866,219,120,99
E00129867,247,125,122
E00129880,270,124,146
E00129882,257,138,119
E00129883,258,135,123
E00129884,282,139,143
E00129873,316,173,143
E00129874,153,80,73
E00129877,218,112,106
E00129878,321,167,154
E00129881,278,141,137
E00129868,299,150,149
E00129871,239,118,121
E00129885,245,129,116
E00129886,321,148,173
E00170176,423,208,215
E00170177,129,73,56
E00129721,286,146,140
E00129726,319,172,147
E00129727,191,100,91
E00129729,318,157,161
E00129723,320,155,165
E00129724,340,176,164
E00129725,274,140,134
E00129728,252,132,120
E00185588,109,54,55
E00185616,528,267,261
E00129730,399,203,196
E00129731,139,74,65
E00129732,255,126,129
E00129733,401,217,184
E00129734,510,256,254
E00129849,235,116,119
E00129854,371,189,182
E00129855,303,158,145
E00129857,343,183,160
E00129859,235,111,124
E00129852,382,195,187
E00129853,317,159,158
E00129856,443,227,216
E00129860,296,156,140
E00129865,202,104,98
E00129848,333,163,170
E00129850,226,113,113
E00129851,160,82,78
E00129858,228,116,112
E00129861,211,110,101
E00129862,181,98,83
E00129863,280,150,130
E00129864,328,172,156
E00170174,291,144,147
E00170180,292,152,140
E00129671,339,170,169
E00129675,250,134,116
E00129689,264,146,118
E00129690,323,169,154
E00129691,292,141,151
E00129789,248,125,123
E00129790,292,152,140
E00129791,229,111,118
E00185622,334,176,158
E00185626,293,145,148
E00185641,195,108,87
E00185654,263,127,136
E00129809,380,186,194
E00129811,320,183,137
E00129812,333,169,164
E00129813,254,124,130
E00129817,299,145,154
E00129806,318,180,138
E00129807,288,150,138
E00129808,426,230,196
E00129810,319,174,145
E00129805,350,176,174
E00129814,305,167,138
E00129815,286,136,150
E00129816,332,173,159
E00129633,386,200,186
E00129634,248,122,126
E00170173,214,106,108
E00170178,199,97,102
E00185577,505,263,242
E00185591,118,59,59
E00185608,562,232,330
E00185617,280,149,131
E00129644,206,100,106
E00129647,613,323,290
E00129648,368,188,180
E00170175,337,179,158
E00170179,312,153,159
E00185596,482,253,229
E00185625,106,53,53
E00129960,156,72,84
E00129961,340,181,159
E00129962,367,195,172
E00129963,338,177,161
E00129964,439,223,216
E00129965,346,177,169
E00129966,349,180,169
E00129638,363,191,172
E00129639,317,166,151
E00129640,159,79,80
E00129641,168,86,82
E00129642,178,88,90
E00129643,480,241,239
E00129663,451,222,229
E00129664,326,159,167
E00129665,375,188,187
E00129667,350,183,167
E00129668,336,165,171
E00129669,282,129,153
E00185573,249,126,123
E00185638,380,201,179
E00129693,377,195,182
E00129694,216,109,107
E00129696,307,155,152
E00129697,262,137,125
E00129701,214,114,100
E00129706,237,125,112
E00129702,377,198,179
E00129703,249,117,132
E00129704,246,132,114
E00129707,333,191,142
E00129708,191,106,85
E00185607,345,167,178
E00185609,307,166,141
E00129692,232,124,108
E00129695,259,147,112
E00129698,288,147,141
E00129699,254,139,115
E00129700,258,138,120
E00129672,229,132,97
E00129677,171,92,79
E00129679,209,107,102
E00129680,260,140,120
E00129684,213,112,101
E00129686,327,166,161
E00129673,283,163,120
E00129674,362,188,174
E00129682,210,117,93
E00129685,360,179,181
E00129688,319,156,163
E00129761,180,85,95
E00129762,200,92,108
E00129763,255,131,124
E00129765,165,98,67
E00129766,183,87,96
E00129767,244,109,135
E00129764,300,144,156
E00129773,330,164,166
E00129774,304,159,145
E00129775,230,134,96
E00129776,219,111,108
E00129768,234,120,114
E00129769,274,131,143
E00129770,281,140,141
E00129771,232,122,110
E00129772,289,158,131
E00129924,302,155,147
E00129926,285,150,135
E00129927,287,154,133
E00129929,258,129,129
E00129935,283,153,130
E00129710,282,147,135
E00129712,295,161,134
E00129713,254,132,122
E00129714,400,195,205
E00129716,328,160,168
E00129709,310,166,144
E00129715,274,134,140
E00129717,263,122,141
E00129718,366,179,187
E00129719,340,172,168
E00129720,342,170,172
E00185579,436,235,201
E00185584,196,97,99
E00129840,557,295,262
E00129841,367,179,188
E00129842,459,239,220
E00129843,149,76,73
E00129844,475,252,223
E00129845,316,156,160
E00129846,303,153,150
E00129616,324,172,152
E00129617,266,141,125
E00129618,292,144,148
E00129620,207,118,89
E00185569,351,187,164
E00185580,338,178,160
E00129670,206,113,93
E00129676,187,95,92
E00129678,245,128,117
E00129681,204,112,92
E00129683,206,113,93
E00129687,308,157,151
E00129928,264,138,126
E00129931,270,139,131
E00129933,294,158,136
E00129934,308,161,147
E00129936,282,154,128
E00129920,350,196,154
E00129937,324,168,156
E00129938,276,150,126
E00129939,315,150,165
E00129940,356,177,179
E00129921,223,116,107
E00129922,261,133,128
E00129923,237,126,111
E00129925,193,112,81
E00129930,240,119,121
E00129932,243,126,117
E00129604,235,122,113
E00129614,328,167,161
E00129619,275,142,133
E00129621,303,169,134
E00185614,417,208,209
E00185648,529,278,251
E00185652,251,117,134
E00185658,99,55,44
E00129603,342,177,165
E00129606,312,167,145
E00129608,264,134,130
E00129610,515,268,247
E00129611,276,145,131
E00129601,306,166,140
E00129602,241,129,112
E00129605,205,120,85
E00129607,214,103,111
E00129609,182,93,89
E00129612,225,116,109
E00129793,269,129,140
E00129794,287,146,141
E00129796,289,150,139
E00129797,238,124,114
E00129798,301,158,143
E00129799,473,247,226
E00129800,310,163,147
E00129803,242,132,110
E00129792,268,134,134
E00129795,333,172,161
E00129801,299,160,139
E00129802,267,129,138
E00129804,249,126,123
E00129655,249,137,112
E00129656,304,149,155
E00129658,283,149,134
E00129660,346,171,175
E00129661,325,166,159
E00129649,335,168,167
E00129651,281,145,136
E00129653,304,167,137
E00129662,294,145,149
E00129896,263,135,128
E00129897,276,142,134
E00129900,248,141,107
E00129901,221,110,111
E00129903,252,133,119
E00129904,223,112,111
E00129887,337,170,167
E00129888,268,139,129
E00129898,267,134,133
E00129899,254,138,116
E00129902,304,157,147
E00129889,535,266,269
E00129890,527,270,257
E00129893,230,128,102
E00170181,248,119,129
E00170182,281,141,140
E00170185,281,151,130
E00129892,259,137,122
E00129894,268,144,124
E00129895,226,113,113
E00129905,307,163,144
E00129622,494,265,229
E00129624,276,140,136
E00129625,500,261,239
E00129626,238,123,115
E00170184,265,139,126
E00185615,422,216,206
E00185660,254,138,116
E00129623,274,142,132
E00129628,319,154,165
E00129629,346,180,166
E00129630,243,126,117
E00129631,169,88,81
E00129632,236,127,109
E00129650,326,169,157
E00129652,281,151,130
E00129654,127,67,60
E00129657,239,124,115
E00129659,231,125,106
E00129737,269,152,117
E00129738,234,119,115
E00129739,270,135,135
E00129740,264,134,130
E00129741,408,213,195
E00129742,209,104,105
E00129906,285,153,132
E00129907,204,102,102
E00129909,223,120,103
E00129910,287,155,132
E00129912,234,119,115
E00129913,191,103,88
E00129735,303,151,152
E00129736,300,149,151
E00129743,354,182,172
E00129744,304,156,148
E00129745,320,154,166
E00129746,387,196,191
E00129747,470,235,235
E00129751,164,92,72
E00129752,274,143,131
E00129753,246,126,120
E00129754,232,121,111
E00129755,249,130,119
E00129756,258,126,132
E00129748,245,128,117
E00129749,278,135,143
E00129750,335,169,166
E00129757,235,123,112
E00129758,270,135,135
E00129759,294,160,134
E00129760,250,132,118
E00129908,451,238,213
E00129911,360,164,196
E00129918,218,129,89
E00129914,334,172,162
E00129915,264,135,129
E00129916,328,163,165
E00129917,308,156,152
E00129919,261,129,132
E00024177,386,189,197
E00024178,350,178,172
E00024179,338,161,177
E00024181,268,136,132
E00024182,253,125,128
E00024322,439,225,214
E00024347,329,171,158
E00024348,278,145,133
E00024349,300,151,149
E00024352,276,147,129
E00024321,274,142,132
E00024350,247,133,114
E00024351,379,193,186
E00024353,238,124,114
E00024354,331,163,168
E00024324,314,162,152
E00024356,410,205,205
E00024359,414,196,218
E00024360,239,114,125
E00024323,286,151,135
E00024325,280,149,131
E00024329,473,221,252
E00024355,312,163,149
E00024357,265,140,125
E00024260,227,119,108
E00024261,325,164,161
E00024265,270,135,135
E00024268,267,143,124
E00024270,270,139,131
E00024232,218,124,94
E00024241,267,130,137
E00024263,360,194,166
E00024266,278,154,124
E00024274,297,144,153
E00024326,296,144,152
E00024358,264,139,125
E00024361,328,170,158
E00024362,342,170,172
E00024363,336,183,153
E00024320,291,151,140
E00024327,280,158,122
E00024332,404,209,195
E00024334,289,154,135
E00024335,256,137,119
E00024336,319,161,158
E00024337,295,151,144
E00024338,295,159,136
E00024339,258,135,123
E00024340,392,201,191
E00024144,263,119,144
E00024147,308,156,152
E00024180,291,150,141
E00024183,428,228,200
E00024185,213,122,91
E00024142,269,133,136
E00024146,299,166,133
E00024157,396,197,199
E00024159,251,127,124
E00024186,303,161,142
E00024141,367,186,181
E00024145,369,184,185
E00024176,316,165,151
E00024184,311,159,152
E00024187,324,165,159
E00024153,315,144,171
E00024154,352,184,168
E00024160,322,158,164
E00024162,312,158,154
E00171694,298,151,147
E00171695,367,196,171
E00024319,405,207,198
E00024328,258,142,116
E00024330,225,122,103
E00024331,306,164,142
E00024333,291,159,132
E00024364,239,123,116
E00024208,554,293,261
E00024212,264,135,129
E00024213,247,138,109
E00024215,377,205,172
E00024218,279,142,137
E00024735,242,121,121
E00024736,218,111,107
E00024737,214,121,93
E00024739,255,130,125
E00024743,218,117,101
E00024744,334,181,153
E00024725,261,124,137
E00024726,284,149,135
E00024728,131,59,72
E00024731,315,156,159
E00024733,290,142,148
E00024727,270,135,135
E00024729,333,177,156
E00024730,284,153,131
E00024732,295,163,132
E00024734,248,126,122
E00024738,284,151,133
E00024740,267,142,125
E00024742,294,153,141
E00024746,239,127,112
E00024748,299,127,172
E00024165,182,92,90
E00024169,224,91,133
E00024170,281,145,136
E00024171,411,207,204
E00024173,233,108,125
E00024175,329,161,168
E00024143,346,170,176
E00024167,323,170,153
E00024168,277,139,138
E00024172,297,136,161
E00181452,279,105,174
E00181476,365,205,160
E00024148,355,180,175
E00024150,235,125,110
E00024151,301,161,140
E00024152,334,184,150
E00024158,342,191,151
E00024163,278,150,128
E00024155,299,154,145
E00024156,374,191,183
E00024161,343,177,166
E00024164,393,201,192
E00024166,354,169,185
E00024409,519,261,258
E00024411,485,242,243
E00024419,389,199,190
E00024422,488,244,244
E00024234,323,165,158
E00024243,284,137,147
E00024248,281,137,144
E00024250,306,146,160
E00024230,261,131,130
E00024235,402,203,199
E00024244,270,141,129
E00024252,344,180,164
E00024253,246,125,121
E00024233,312,160,152
E00024238,356,201,155
E00024240,251,125,126
E00024245,215,111,104
E00024249,314,170,144
E00024259,314,159,155
E00024262,286,155,131
E00024264,286,158,128
E00024267,281,152,129
E00024269,285,146,139
E00024236,333,178,155
E00024239,334,176,158
E00024271,223,122,101
E00024272,212,107,105
E00024273,219,115,104
E00024237,280,151,129
E00024242,264,145,119
E00024246,285,148,137
E00024247,265,134,131
E00024251,315,160,155
E00024207,338,171,167
E00024216,428,210,218
E00024217,317,151,166
E00024219,549,274,275
E00024210,300,152,148
E00024220,168,78,90
E00024221,222,106,116
E00024222,404,204,200
E00171701,385,201,184
E00181421,385,190,195
E00181437,270,137,133
E00024706,273,129,144
E00024745,362,193,169
E00024747,237,116,121
E00024753,280,142,138
E00024754,200,99,101
E00024711,306,155,151
E00024751,335,176,159
E00024752,253,129,124
E00024755,284,148,136
E00181429,154,72,82
E00181438,425,220,205
E00024705,232,119,113
E00024724,381,193,188
E00024741,408,209,199
E00024749,236,127,109
E00024750,219,118,101
E00024635,285,140,145
E00024637,181,87,94
E00024638,321,173,148
E00024640,219,113,106
E00024641,211,107,104
E00024643,248,124,124
E00024621,379,197,182
E00024622,262,139,123
E00024646,392,189,203
E00024647,252,132,120
E00024648,267,147,120
E00024912,251,138,113
E00024915,237,125,112
E00024916,233,124,109
E00024918,310,160,150
E00024921,276,141,135
E00024925,324,163,161
E00024894,304,160,144
E00024902,439,227,212
E00024903,280,133,147
E00024904,283,149,134
E00024905,267,132,135
E00024906,309,154,155
E00024908,309,162,147
E00024909,337,159,178
E00024911,315,153,162
E00024914,320,174,146
E00024190,246,129,117
E00024200,305,165,140
E00024201,311,159,152
E00024202,332,167,165
E00024195,277,154,123
E00024204,257,127,130
E00024205,280,145,135
E00171700,293,135,158
E00171702,317,159,158
E00171703,176,87,89
E00181444,176,78,98
E00181497,509,256,253
E00024191,294,166,128
E00024192,493,250,243
E00024203,312,166,146
E00024206,251,135,116
E00024193,358,183,175
E00024194,288,140,148
E00024196,250,137,113
E00024197,287,151,136
E00024198,295,152,143
E00024341,376,194,182
E00024342,385,189,196
E00024343,306,152,154
E00024344,378,204,174
E00024345,301,160,141
E00024346,230,124,106
E00024930,332,187,145
E00024932,298,157,141
E00024933,397,204,193
E00024953,403,218,185
E00024938,397,210,187
E00024956,317,172,145
E00024959,203,108,95
E00024961,328,166,162
E00024965,266,133,133
E00171681,249,138,111
E00171684,541,258,283
E00024951,294,147,147
E00024952,379,194,185
E00024955,272,142,130
E00171683,268,141,127
E00171685,261,127,134
E00171691,235,123,112
E00181430,312,169,143
E00181442,517,257,260
E00181446,191,99,92
E00024405,492,265,227
E00024406,470,254,216
E00024426,290,133,157
E00024430,250,125,125
E00024431,291,135,156
E00024410,529,268,261
E00024413,518,259,259
E00024418,331,165,166
E00024420,294,143,151
E00024421,301,139,162
E00024412,330,157,173
E00024417,411,214,197
E00024424,287,151,136
E00024427,276,140,136
E00024428,363,171,192
E00024636,472,254,218
E00024639,260,124,136
E00024642,252,123,129
E00024644,180,92,88
E00024645,417,200,217
E00024649,307,164,143
E00024650,387,176,211
E00024652,220,96,124
E00024653,475,224,251
E00024655,397,182,215
E00024657,253,126,127
E00024510,323,159,164
E00024515,333,166,167
E00024518,336,172,164
E00024520,363,181,182
E00024530,380,203,177
E00024511,370,186,184
E00024512,316,160,156
E00024513,337,171,166
E00024514,304,158,146
E00024516,421,218,203
E00024521,279,158,121
E00024522,275,136,139
E00024523,312,166,146
E00024524,265,135,130
E00024525,273,143,130
E00024526,309,154,155
E00024907,289,146,143
E00024913,306,148,158
E00024920,308,156,152
E00024922,297,153,144
E00024924,310,161,149
E00024895,316,150,166
E00024910,360,185,175
E00024917,381,203,178
E00024923,272,137,135
E00024927,311,170,141
E00024231,249,130,119
E00024254,216,111,105
E00024255,280,143,137
E00024256,380,203,177
E00024257,304,160,144
E00024258,279,142,137
E00024279,236,135,101
E00024281,426,221,205
E00024285,330,193,137
E00024287,335,173,162
E00024318,420,223,197
E00024314,346,180,166
E00024315,273,141,132
E00024316,425,224,201
E00024317,451,221,230
E00181428,329,155,174
E00181471,298,139,159
E00024277,304,157,147
E00024282,383,194,189
E00024283,264,137,127
E00024286,311,160,151
E00024290,238,133,105
E00024280,419,221,198
E00024284,367,193,174
E00024288,384,193,191
E00024289,322,152,170
E00024188,342,187,155
E00024211,310,156,154
E00024226,209,98,111
E00024228,363,190,173
E00181456,529,273,256
E00181492,307,145,162
E00181493,264,126,138
E00024708,340,171,169
E00024718,231,121,110
E00024721,191,92,99
E00024722,368,193,175
E00024723,294,142,152
E00024713,175,80,95
E00024714,290,155,135
E00024715,338,166,172
E00024716,322,173,149
E00024720,271,143,128
E00024709,332,176,156
E00024710,224,121,103
E00024712,289,150,139
E00024717,262,141,121
E00024719,223,125,98
E00024625,564,291,273
E00024626,550,242,308
E00024627,338,159,179
E00024659,348,175,173
E00024661,363,173,190
E00024623,418,219,199
E00024651,314,139,175
E00024654,312,147,165
E00024656,283,144,139
E00024660,173,82,91
E00181453,207,128,79
E00181494,481,270,211
E00024620,500,212,288
E00024624,582,278,304
E00024628,297,135,162
E00024629,282,120,162
E00024630,354,143,211
E00024631,317,148,169
E00024632,506,259,247
E00024633,538,282,256
E00024634,452,201,251
E00024893,355,166,189
E00024896,205,109,96
E00024919,343,185,158
E00024926,399,202,197
E00024929,309,155,154
E00181417,184,96,88
E00181451,461,239,222
E00024423,423,220,203
E00024425,299,160,139
E00024429,441,224,217
E00024433,277,148,129
E00024434,411,195,216
E00024407,528,271,257
E00024408,513,247,266
E00024436,378,196,182
E00024437,328,160,168
E00024438,299,138,161
E00024539,248,117,131
E00024555,253,112,141
E00024565,421,210,211
E00024574,255,119,136
E00171692,516,259,257
E00171693,398,172,226
E00024416,199,83,116
E00024440,269,126,143
E00171673,285,152,133
E00171674,226,84,142
E00171682,251,125,126
E00024432,143,43,100
E00024435,286,143,143
E00024439,182,91,91
E00024441,237,102,135
E00181491,152,66,86
E00181501,311,149,162
E00024394,276,124,152
E00024395,311,155,156
E00024396,311,166,145
E00024397,327,126,201
E00024398,492,205,287
E00024399,338,174,164
E00024401,541,260,281
E00024402,374,187,187
E00024404,265,124,141
E00024937,265,129,136
E00024954,258,118,140
E00024958,289,163,126
E00024960,332,182,150
E00024964,234,121,113
E00024939,254,130,124
E00024941,281,154,127
E00024944,339,169,170
E00024962,327,171,156
E00024963,313,153,160
E00024940,257,126,131
E00024942,308,155,153
E00024943,302,151,151
E00024945,265,133,132
E00024946,241,126,115
E00024950,191,90,101
E00024934,286,152,134
E00024935,240,100,140
E00024947,485,239,246
E00024948,232,119,113
E00024949,237,114,123
E00024447,506,253,253
E00024449,360,179,181
E00024452,399,191,208
E00024456,478,204,274
E00024484,495,250,245
E00024486,241,111,130
E00024493,365,196,169
E00024499,424,225,199
E00024502,478,250,228
E00024517,287,159,128
E00024519,309,149,160
E00024527,348,175,173
E00024528,326,161,165
E00024532,289,165,124
E00024487,392,200,192
E00024529,332,166,166
E00024535,499,256,243
E00171706,347,186,161
E00171707,303,148,155
E00024897,373,200,173
E00024898,324,176,148
E00024899,308,150,158
E00024900,371,165,206
E00024901,299,147,152
E00024278,339,176,163
E00024292,276,143,133
E00024293,310,146,164
E00024294,314,146,168
E00024295,337,164,173
E00024275,242,131,111
E00024291,290,152,138
E00024297,276,145,131
E00024302,236,113,123
E00024304,310,168,142
E00024306,260,148,112
E00024296,255,135,120
E00024299,263,137,126
E00024303,204,104,100
E00024305,300,145,155
E00024309,251,127,124
E00024308,318,156,162
E00024310,290,142,148
E00024311,401,206,195
E00024312,285,141,144
E00024276,395,208,187
E00024298,311,161,150
E00024300,412,218,194
E00024301,230,120,110
E00024307,326,168,158
E00024856,353,186,167
E00024884,256,122,134
E00024885,351,185,166
E00024886,254,126,128
E00171687,495,253,242
E00171689,359,188,171
E00171690,233,112,121
E00024483,242,129,113
E00024495,288,146,142
E00024500,319,162,157
E00024501,281,135,146
E00024507,333,160,173
E00024494,281,151,130
E00024496,266,139,127
E00024497,351,197,154
E00024498,432,209,223
E00024503,414,204,210
E00024481,343,159,184
E00024482,326,160,166
E00024490,259,135,124
E00024492,297,149,148
E00024531,338,167,171
E00024488,290,163,127
E00024489,311,160,151
E00024491,336,175,161
E00024533,333,170,163
E00024536,305,153,152
E00024761,253,116,137
E00024774,210,106,104
E00024775,259,144,115
E00024776,292,149,143
E00024445,375,177,198
E00024446,442,225,217
E00024448,475,224,251
E00024451,349,172,177
E00024460,345,176,169
E00024537,373,206,167
E00024540,500,242,258
E00024541,580,309,271
E00024575,338,173,165
E00024542,263,95,168
E00024543,254,112,142
E00024544,400,207,193
E00024552,513,232,281
E00181462,247,122,125
E00181473,616,272,344
E00024545,300,163,137
E00024546,330,167,163
E00024547,245,122,123
E00024554,434,218,216
E00024557,381,171,210
E00024551,440,215,225
E00024556,380,191,189
E00024558,371,183,188
E00024559,385,187,198
E00024366,355,198,157
E00024371,345,186,159
E00024372,497,253,244
E00024373,319,157,162
E00024377,329,162,167
E00024369,421,216,205
E00024370,541,261,280
E00024378,565,282,283
E00181435,546,275,271
E00181460,329,170,159
E00024375,429,238,191
E00024381,374,182,192
E00024387,595,308,287
E00024388,350,178,172
E00024374,307,144,163
E00024379,408,197,211
E00024380,359,174,185
E00024384,334,175,159
E00024385,378,206,172
E00024365,312,153,159
E00024376,449,208,241
E00024400,304,141,163
E00024403,206,109,97
E00181463,121,55,66
E00181470,219,109,110
E00181481,315,158,157
E00181499,137,56,81
E00024450,500,249,251
E00024453,391,202,189
E00024454,447,220,227
E00024458,225,110,115
E00024459,454,242,212
E00024443,480,251,229
E00024455,340,171,169
E00024457,328,158,170
E00024462,310,160,150
E00024442,320,158,162
E00024463,388,203,185
E00024467,284,151,133
E00024468,324,155,169
E00024472,326,171,155
E00024560,396,205,191
E00024562,413,198,215
E00024563,410,202,208
E00024566,440,241,199
E00024667,336,181,155
E00024674,366,185,181
E00024678,536,263,273
E00024703,459,230,229
E00024857,165,75,90
E00024867,365,190,175
E00024868,246,131,115
E00024871,227,111,116
E00024873,236,126,110
E00024892,297,150,147
E00024855,334,171,163
E00024858,272,139,133
E00024870,307,153,154
E00024876,253,131,122
E00024878,270,145,125
E00024864,262,139,123
E00024866,408,214,194
E00024872,324,164,160
E00024888,296,150,146
E00171686,323,151,172
E00171688,343,173,170
E00024859,276,141,135
E00024861,280,144,136
E00024865,324,174,150
E00024874,290,147,143
E00024877,309,167,142
E00024879,307,149,158
E00024881,335,166,169
E00024883,324,166,158
E00024860,345,179,166
E00024862,266,131,135
E00024875,234,132,102
E00024880,335,188,147
E00024882,287,143,144
E00024863,309,162,147
E00024887,315,153,162
E00024889,302,150,152
E00024891,300,151,149
E00024569,317,158,159
E00024570,414,194,220
E00024571,433,215,218
E00024572,237,124,113
E00024567,406,223,183
E00024568,601,332,269
E00024573,606,321,285
E00181427,355,179,176
E00181469,313,156,157
E00024538,423,201,222
E00024548,414,203,211
E00024553,405,200,205
E00024561,491,243,248
E00024669,518,283,235
E00024672,250,136,114
E00024675,267,130,137
E00024679,399,206,193
E00181496,152,74,78
E00181502,488,243,245
E00024668,350,184,166
E00024671,460,245,215
E00024673,339,168,171
E00024676,508,262,246
E00024444,243,132,111
E00024461,418,220,198
E00024464,300,140,160
E00024466,298,156,142
E00024471,244,129,115
E00024474,250,136,114
E00024465,329,159,170
E00024469,367,182,185
E00024470,415,210,205
E00024475,394,178,216
E00024477,322,161,161
E00024473,310,154,156
E00024476,317,176,141
E00024478,380,196,184
E00024479,247,111,136
E00024480,273,120,153
E00024485,443,220,223
E00024504,447,231,216
E00024505,557,286,271
E00024506,421,213,208
E00024508,255,133,122
E00024509,250,130,120
E00024386,469,241,228
E00024389,368,193,175
E00024391,239,122,117
E00024392,528,254,274
E00024578,282,143,139
E00024579,291,141,150
E00024580,268,143,125
E00024590,347,173,174
E00024591,291,145,146
E00024577,329,162,167
E00024583,377,186,191
E00024587,199,107,92
E00024618,262,134,128
E00024619,376,188,188
E00024582,331,167,164
E00024584,367,179,188
E00024585,472,227,245
E00024586,436,228,208
E00024588,298,150,148
E00024798,241,134,107
E00024802,263,133,130
E00024806,293,170,123
E00024807,175,75,100
E00024808,288,146,142
E00024810,277,149,128
E00024784,355,179,176
E00024787,459,225,234
E00024788,326,157,169
E00024805,384,166,218
E00024789,334,165,169
E00024799,144,83,61
E00024800,270,132,138
E00024801,379,193,186
E00024804,399,204,195
E00024809,399,192,207
E00024783,420,217,203
E00024785,440,219,221
E00024796,291,150,141
E00024797,322,154,168
E00024803,291,138,153
E00024794,434,222,212
E00171696,289,147,142
E00171697,334,177,157
E00171699,232,121,111
E00171704,285,146,139
E00024756,307,148,159
E00024758,277,151,126
E00024777,287,142,145
E00024778,247,123,124
E00171698,305,151,154
E00024367,515,242,273
E00024383,526,255,271
E00181448,457,238,219
E00181475,337,176,161
E00181479,308,147,161
E00181489,578,276,302
E00181500,217,119,98
E00024663,352,194,158
E00024686,363,192,171
E00024690,300,162,138
E00024691,352,163,189
E00024692,330,175,155
E00024670,413,205,208
E00024682,348,180,168
E00024684,346,168,178
E00024685,327,170,157
E00024687,587,325,262
E00024666,420,223,197
E00024677,334,167,167
E00024688,288,144,144
E00024689,276,140,136
E00024693,351,181,170
E00024662,302,155,147
E00024680,402,196,206
E00024681,418,215,203
E00024683,357,167,190
E00024766,398,195,203
E00024767,251,131,120
E00024768,402,214,188
E00024769,276,143,133
E00024770,253,140,113
E00024760,333,170,163
E00024771,283,145,138
E00024772,344,176,168
E00024773,355,182,173
E00024763,271,141,130
E00024764,243,126,117
E00024765,447,229,218
E00024779,301,140,161
E00024781,334,173,161
E00024757,322,170,152
E00024759,453,245,208
E00024762,310,157,153
E00024780,277,141,136
E00024782,253,127,126
E00024223,440,223,217
E00024224,326,154,172
E00024225,494,246,248
E00024227,250,129,121
E00024229,312,154,158
E00024786,191,108,83
E00024790,299,156,143
E00024791,268,142,126
E00024792,272,146,126
E00024793,296,153,143
E00024980,275,134,141
E00024981,299,149,150
E00024982,293,155,138
E00024983,271,135,136
E00024984,389,187,202
E00181425,538,261,277
E00181465,111,61,50
E00024969,349,176,173
E00024986,241,119,122
E00024989,357,177,180
E00024991,321,178,143
E00024995,278,138,140
E00024987,346,172,174
E00024988,367,190,177
E00024990,308,164,144
E00024992,292,144,148
E00024994,287,127,160
E00024589,344,175,169
E00024594,204,97,107
E00024595,319,161,158
E00024599,296,155,141
E00024601,423,219,204
E00024592,275,118,157
E00024593,250,130,120
E00024596,362,185,177
E00024598,257,136,121
E00024603,360,196,164
E00024597,292,147,145
E00024600,338,175,163
E00024604,311,169,142
E00024607,260,133,127
E00024608,268,140,128
E00024811,408,202,206
E00024822,309,156,153
E00024823,334,178,156
E00024832,419,225,194
E00024833,378,195,183
E00024817,258,139,119
E00024819,274,126,148
E00024820,330,169,161
E00024821,284,142,142
E00024830,440,212,228
E00024854,210,107,103
E00024576,435,223,212
E00024605,480,249,231
E00024606,428,210,218
E00024612,616,335,281
E00024581,262,141,121
E00024602,291,154,137
E00024609,231,122,109
E00024610,357,176,181
E00024613,295,139,156
E00024611,318,166,152
E00024614,331,159,172
E00024615,239,120,119
E00024616,321,156,165
E00024617,378,197,181
E00024664,311,157,154
E00024665,418,224,194
E00024695,354,184,170
E00024698,333,170,163
E00024701,339,170,169
E00024694,368,194,174
E00024696,282,150,132
E00024697,225,115,110
E00024699,446,211,235
E00024700,315,148,167
E00024702,328,169,159
E00024824,362,183,179
E00024825,425,217,208
E00024827,323,162,161
E00024846,335,172,163
E00024828,204,112,92
E00024829,349,176,173
E00024834,330,163,167
E00024837,477,249,228
E00024838,318,150,168
E00024812,286,144,142
E00024814,383,192,191
E00024831,324,170,154
E00024835,279,139,140
E00024836,324,166,158
E00024839,231,125,106
E00024842,222,119,103
E00024847,325,161,164
E00024848,292,154,138
E00024850,243,137,106
E00024845,405,200,205
E00024849,295,160,135
E00024851,270,151,119
E00024852,325,162,163
E00024813,300,156,144
E00024840,351,196,155
E00024841,179,104,75
E00024843,277,143,134
E00024844,291,148,143
E00024815,310,156,154
E00024816,344,189,155
E00024853,303,155,148
E00171675,109,46,63
E00171676,190,99,91
E00171677,133,74,59
E00171678,201,89,112
E00171679,276,134,142
E00171680,186,95,91
E00024968,257,121,136
E00024976,239,120,119
E00024977,285,142,143
E00024978,270,136,134
E00025005,263,130,133
E00024966,331,162,169
E00024974,288,152,136
E00024979,289,145,144
E00025001,326,160,166
E00025003,210,112,98
E00024967,328,159,169
E00024972,496,250,246
E00024975,221,121,100
E00025002,324,170,154
E00025004,464,246,218
E00024970,510,237,273
E00024971,470,242,228
E00024998,329,167,162
E00025000,331,157,174
E00024973,319,168,151
E00024993,263,128,135
E00024996,295,152,143
E00024997,282,138,144
E00024999,270,144,126
E00025389,390,196,194
E00025393,273,136,137
E00025394,291,143,148
E00025399,284,132,152
E00025401,225,118,107
E00025387,211,117,94
E00025388,293,152,141
E00025390,311,167,144
E00025391,366,216,150
E00025395,312,164,148
E00025383,260,128,132
E00025385,236,119,117
E00025392,263,140,123
E00025397,261,143,118
E00025400,228,114,114
E00025403,244,108,136
E00025375,330,158,172
E00025384,292,156,136
E00025402,265,139,126
E00025407,333,171,162
E00181748,508,254,254
E00181822,107,61,46
E00025396,239,112,127
E00025398,419,213,206
E00025404,273,148,125
E00025405,277,161,116
E00025406,328,173,155
E00025409,614,215,399
E00025413,253,132,121
E00025414,349,184,165
E00025410,298,151,147
E00025412,258,151,107
E00025417,306,156,150
E00025418,263,133,130
E00025420,375,193,182
E00025380,235,126,109
E00025382,205,116,89
E00025419,236,135,101
E00025421,270,138,132
E00025422,331,170,161
E00025537,296,153,143
E00025541,298,159,139
E00025542,327,182,145
E00025543,278,146,132
E00025544,281,141,140
E00025533,380,197,183
E00025536,326,163,163
E00025538,301,154,147
E00025540,295,154,141
E00025545,356,180,176
E00025376,318,157,161
E00025377,400,205,195
E00025378,413,211,202
E00025411,230,118,112
E00025379,222,103,119
E00025381,319,158,161
E00025386,304,153,151
E00025415,417,214,203
E00025416,235,119,116
E00025535,391,207,184
E00025539,371,194,177
E00025548,396,207,189
E00025551,319,163,156
E00025546,277,137,140
E00025547,273,142,131
E00025549,232,117,115
E00025552,338,166,172
E00025553,281,143,138
E00025554,242,128,114
E00025550,294,145,149
E00025555,207,89,118
E00025556,368,201,167
E00025557,384,182,202
E00025559,274,155,119
E00025186,359,186,173
E00025188,283,153,130
E00025192,301,163,138
E00025194,337,183,154
E00025197,267,118,149
E00025189,185,85,100
E00025191,284,152,132
E00025193,319,168,151
E00025195,409,222,187
E00181772,148,76,72
E00181784,130,74,56
E00181803,231,113,118
E00025198,349,166,183
E00025199,328,163,165
E00025200,429,217,212
E00025201,352,175,177
E00025204,396,198,198
E00025212,230,108,122
E00025213,254,125,129
E00025214,329,164,165
E00025216,304,158,146
E00025218,355,196,159
E00025185,275,146,129
E00025187,262,137,125
E00025190,305,156,149
E00025215,322,163,159
E00025217,324,172,152
E00025124,202,110,92
E00025133,405,228,177
E00025134,289,145,144
E00025139,283,140,143
E00025143,269,129,140
E00025113,336,165,171
E00025115,303,144,159
E00025118,313,169,144
E00025123,287,128,159
E00025116,291,156,135
E00025117,557,285,272
E00025119,415,211,204
E00025121,297,162,135
E00025122,257,131,126
E00025111,297,148,149
E00025120,296,156,140
E00025125,301,151,150
E00025129,296,153,143
E00025112,304,149,155
E00025132,200,111,89
E00025135,260,138,122
E00025140,341,176,165
E00025142,370,191,179
E00025126,319,179,140
E00025127,313,159,154
E00025128,297,148,149
E00025130,294,152,142
E00025131,260,134,126
E00025561,350,186,164
E00025563,311,163,148
E00025566,503,261,242
E00025567,317,171,146
E00181749,350,180,170
E00181787,293,162,131
E00025558,299,151,148
E00025560,325,164,161
E00025562,234,121,113
E00025564,299,147,152
E00025565,286,138,148
E00025532,295,147,148
E00025534,257,126,131
E00025568,297,158,139
E00025569,337,175,162
E00025570,342,166,176
E00025081,252,129,123
E00025082,284,144,140
E00025088,258,129,129
E00025092,273,149,124
E00025098,189,106,83
E00025100,194,105,89
E00025073,247,128,119
E00025074,329,179,150
E00025093,255,128,127
E00025096,299,139,160
E00025097,227,117,110
E00025084,255,140,115
E00025085,301,154,147
E00025086,412,208,204
E00025087,259,136,123
E00025090,278,144,134
E00025099,271,147,124
E00025075,292,144,148
E00025101,322,162,160
E00025102,328,168,160
E00025104,380,211,169
E00025105,235,123,112
E00025107,345,175,170
E00025083,348,164,184
E00025089,229,105,124
E00025091,394,214,180
E00025095,272,137,135
E00025110,425,227,198
E00025076,258,137,121
E00025078,384,192,192
E00025094,301,141,160
E00025103,266,132,134
E00025106,298,170,128
E00025077,515,284,231
E00025079,294,143,151
E00025080,315,145,170
E00025108,343,170,173
E00025109,265,136,129
E00025202,232,117,115
E00025203,374,184,190
E00025207,363,166,197
E00025209,306,148,158
E00025210,534,280,254
E00025205,272,136,136
E00025206,305,157,148
E00025208,431,209,222
E00025211,446,207,239
E00025425,297,140,157
E00025428,369,187,182
E00181730,476,240,236
E00181763,178,92,86
E00181780,553,265,288
E00181788,282,126,156
E00181807,357,165,192
E00181823,138,76,62
E00025427,578,282,296
E00025430,367,178,189
E00025433,422,218,204
E00171708,470,233,237
E00171709,354,167,187
E00025039,291,162,129
E00025043,326,173,153
E00025070,308,150,158
E00025071,326,185,141
E00025072,292,145,147
E00025047,295,160,135
E00025049,195,103,92
E00025052,280,144,136
E00025054,328,143,185
E00025059,372,184,188
E00025068,404,193,211
E00025136,527,266,261
E00025138,353,178,175
E00025141,337,159,178
E00025144,304,159,145
E00025146,493,244,249
E00025114,404,194,210
E00025137,394,219,175
E00025145,468,236,232
E00025147,266,142,124
E00025148,320,153,167
E00025040,319,154,165
E00025044,320,160,160
E00025048,301,155,146
E00025050,245,135,110
E00025069,229,121,108
E00025046,321,158,163
E00025062,339,170,169
E00025063,363,179,184
E00025066,273,139,134
E00025067,193,96,97
E00025041,269,143,126
E00025053,299,148,151
E00025055,417,215,202
E00025058,286,150,136
E00025060,295,156,139
E00025037,281,144,137
E00025038,300,157,143
E00025051,242,125,117
E00025057,274,141,133
E00025061,237,122,115
E00025042,315,172,143
E00025045,352,179,173
E00025056,206,114,92
E00025064,384,187,197
E00025065,279,138,141
E00025438,360,170,190
E00025448,297,157,140
E00025449,457,239,218
E00025450,294,140,154
E00025451,288,150,138
E00025424,483,244,239
E00025434,293,130,163
E00025435,325,165,160
E00025436,419,202,217
E00025445,339,162,177
E00025423,335,171,164
E00025432,356,177,179
E00025437,301,151,150
E00025442,336,181,155
E00025443,326,174,152
E00025446,582,289,293
E00025439,504,259,245
E00025440,326,171,155
E00025441,414,213,201
E00025444,435,205,230
E00025447,307,160,147
E00025295,317,161,156
E00025314,305,155,150
E00025318,291,155,136
E00025319,294,150,144
E00025321,265,135,130
E00025293,331,170,161
E00025296,276,136,140
E00025323,387,193,194
E00025325,283,138,145
E00025292,289,158,131
E00025302,236,120,116
E00025303,211,114,97
E00025305,392,207,185
E00025335,281,148,133
E00025291,286,137,149
E00025301,290,159,131
E00025304,355,192,163
E00025309,282,146,136
E00181746,520,263,257
E00181799,290,140,150
E00025452,147,55,92
E00025453,333,170,163
E00025454,373,201,172
E00025455,227,112,115
E00025456,446,237,209
E00025457,262,133,129
E00025575,315,159,156
E00025581,342,174,168
E00025584,244,128,116
E00025586,370,206,164
E00025590,300,143,157
E00025577,283,143,140
E00025602,313,160,153
E00025603,297,162,135
E00171710,362,179,183
E00171711,235,120,115
E00171718,296,147,149
E00025578,360,184,176
E00025579,339,177,162
E00025580,458,218,240
E00025582,293,163,130
E00025585,284,138,146
E00025261,353,177,176
E00025264,271,132,139
E00025267,282,153,129
E00025285,394,194,200
E00025288,250,138,112
E00025294,310,159,151
E00025307,253,136,117
E00025311,376,194,182
E00025313,296,149,147
E00025316,423,211,212
E00025306,327,170,157
E00025310,283,148,135
E00025312,307,156,151
E00025317,267,144,123
E00025320,292,152,140
E00025298,302,145,157
E00025315,300,149,151
E00025322,294,152,142
E00025328,300,155,145
E00025333,310,161,149
E00025297,262,131,131
E00025299,327,172,155
E00025324,230,111,119
E00025326,354,189,165
E00025331,314,164,150
E00025258,288,146,142
E00025280,369,195,174
E00025284,362,192,170
E00025289,364,187,177
E00025273,334,172,162
E00025281,204,98,106
E00025282,291,154,137
E00025286,314,158,156
E00025290,284,148,136
E00025259,392,210,182
E00025260,395,196,199
E00025262,305,156,149
E00181783,459,219,240
E00181805,254,128,126
E00181814,180,89,91
E00025263,301,150,151
E00025265,322,162,160
E00025269,190,100,90
E00025271,243,121,122
E00025287,327,166,161
E00025255,301,164,137
E00025272,262,142,120
E00025275,330,184,146
E00025278,314,162,152
E00025279,378,183,195
E00025253,276,135,141
E00025254,452,221,231
E00025268,175,76,99
E00025270,273,135,138
E00025277,337,172,165
E00025300,250,121,129
E00025327,251,127,124
E00025329,229,110,119
E00025330,259,128,131
E00025332,250,119,131
E00025334,342,180,162
E00025345,403,206,197
E00025347,250,137,113
E00025348,465,251,214
E00025349,201,101,100
E00025374,214,114,100
E00181723,251,124,127
E00181816,389,194,195
E00025343,359,177,182
E00025344,301,144,157
E00025352,272,124,148
E00025353,249,117,132
E00181747,263,136,127
E00181766,322,144,178
E00025025,408,208,200
E00025026,276,135,141
E00025027,286,155,131
E00025029,312,161,151
E00025032,255,130,125
E00025588,280,138,142
E00025593,295,149,146
E00025594,295,146,149
E00025595,275,144,131
E00025596,302,151,151
E00025571,237,126,111
E00025574,260,132,128
E00025592,350,171,179
E00025597,172,79,93
E00025598,256,135,121
E00025576,306,164,142
E00025583,375,180,195
E00025587,368,201,167
E00025589,319,163,156
E00025591,250,135,115
E00025572,383,196,187
E00025573,350,169,181
E00025599,334,174,160
E00025600,279,143,136
E00025256,364,171,193
E00025257,352,175,177
E00025266,228,119,109
E00025274,267,149,118
E00025276,289,155,134
E00025339,328,165,163
E00025366,232,129,103
E00025370,304,157,147
E00025371,285,148,137
E00025372,304,159,145
E00025373,149,75,74
E00025360,331,158,173
E00025361,345,174,171
E00025364,320,174,146
E00025365,500,257,243
E00025368,255,134,121
E00025337,566,290,276
E00025357,423,219,204
E00025367,340,189,151
E00171713,191,102,89
E00171714,295,164,131
E00171715,320,182,138
E00171716,338,154,184
E00171717,150,73,77
E00025223,241,126,115
E00025226,235,125,110
E00025243,360,165,195
E00025248,211,118,93
E00025250,347,168,179
E00025219,285,144,141
E00025222,252,126,126
E00025247,340,168,172
E00025251,273,131,142
E00025252,312,147,165
E00025236,492,252,240
E00025239,345,177,168
E00025241,309,152,157
E00025242,275,140,135
E00025341,200,98,102
E00025342,323,177,146
E00025346,239,127,112
E00025354,211,107,104
E00025355,261,128,133
E00025359,276,142,134
E00025336,264,120,144
E00025351,248,116,132
E00025356,292,145,147
E00025362,288,149,139
E00025363,339,175,164
E00025224,307,150,157
E00025225,338,164,174
E00025227,386,192,194
E00025229,325,158,167
E00025228,237,131,106
E00025240,329,172,157
E00025244,294,149,145
E00025245,270,144,126
E00025246,284,136,148
E00025249,212,110,102
E00025221,261,147,114
E00025230,263,128,135
E00025231,243,109,134
E00025232,265,141,124
E00025233,279,149,130
E00025220,279,145,134
E00025234,276,143,133
E00025235,246,123,123
E00025237,280,146,134
E00025238,304,155,149
E00025010,340,194,146
E00025013,310,159,151
E00025018,344,181,163
E00025033,453,231,222
E00025036,421,219,202
E00025007,331,175,156
E00025009,321,170,151
E00025015,381,210,171
E00025017,376,206,170
E00025034,290,151,139
E00025020,411,214,197
E00025021,309,153,156
E00025022,401,205,196
E00025023,322,174,148
E00025024,393,207,186
E00025008,326,162,164
E00025011,352,179,173
E00025012,280,134,146
E00025016,312,161,151
E00025019,246,128,118
E00025006,286,159,127
E00025014,320,184,136
E00025028,283,168,115
E00025030,262,136,126
E00025031,241,126,115
E00025035,288,150,138
E00025174,452,231,221
E00025175,267,138,129
E00025176,338,178,160
E00025178,213,79,134
E00025184,241,114,127
E00025151,374,190,184
E00025157,293,149,144
E00025177,353,183,170
E00025179,300,150,150
E00025180,304,154,150
E00025152,266,133,133
E00025156,343,163,180
E00025181,271,130,141
E00025182,289,142,147
E00025183,309,147,162
E00025466,280,153,127
E00025467,327,159,168
E00025468,611,273,338
E00025469,314,159,155
E00025470,259,134,125
E00025153,340,178,162
E00025154,274,142,132
E00025158,281,137,144
E00025159,279,150,129
E00025162,320,162,158
E00025160,304,150,154
E00025161,335,159,176
E00025166,303,172,131
E00025167,301,137,164
E00025168,299,153,146
E00025149,221,114,107
E00025150,302,155,147
E00025165,203,101,102
E00025169,241,131,110
E00025172,299,156,143
E00025173,235,112,123
E00025520,267,129,138
E00025521,376,215,161
E00025524,193,102,91
E00025526,302,168,134
E00025529,440,221,219
E00025501,297,181,116
E00025519,348,166,182
E00025522,350,175,175
E00025523,325,164,161
E00025527,302,150,152
E00025155,272,140,132
E00025163,276,145,131
E00025164,305,157,148
E00025170,289,146,143
E00025171,265,124,141
E00025460,405,196,209
E00025461,390,200,190
E00025486,307,163,144
E00025489,262,128,134
E00025492,312,165,147
E00025458,227,102,125
E00025471,149,71,78
E00025472,214,95,119
E00025476,365,172,193
E00025478,252,135,117
E00025480,331,164,167
E00181736,228,110,118
E00181769,215,93,122
E00025481,352,168,184
E00025482,233,121,112
E00025483,306,153,153
E00025484,291,153,138
E00025485,309,161,148
E00025488,303,150,153
E00025490,306,169,137
E00025494,284,154,130
E00025495,274,140,134
E00025496,369,175,194
E00025462,432,255,177
E00025463,316,165,151
E00025464,335,165,170
E00025465,258,135,123
E00025459,322,174,148
E00025474,265,130,135
E00025475,260,126,134
E00025477,258,127,131
E00025479,357,182,175
E00025487,275,140,135
E00025491,435,221,214
E00025493,319,154,165
E00025497,328,173,155
E00025499,293,135,158
E00025500,356,169,187
E00025502,307,150,157
E00025525,280,151,129
E00025528,368,197,171
E00025530,240,117,123
E00025503,439,233,206
E00025506,487,244,243
E00025507,418,210,208
E00025511,513,251,262
E00025498,326,169,157
E00025504,330,174,156
E00025505,405,213,192
E00025508,387,202,185
E00025513,503,254,249
E00025509,524,263,261
E00025510,475,232,243
E00025514,437,227,210
E00025515,512,256,256
E00025512,443,214,229
E00025516,574,275,299
E00025517,555,277,278
E00025518,391,190,201
E00025804,207,102,105
E00025806,234,108,126
E00025826,296,168,128
E00025828,300,154,146
E00025829,250,140,110
E00025830,347,193,154
E00025794,383,214,169
E00025797,333,189,144
E00025799,442,250,192
E00025800,358,196,162
E00025801,426,244,182
E00025798,359,209,150
E00025803,245,117,128
E00025809,382,217,165
E00025817,367,182,185
E00025825,304,156,148
E00025802,238,133,105
E00025807,328,161,167
E00025808,263,128,135
E00025812,254,127,127
E00025827,289,151,138
E00025796,453,253,200
E00025805,193,98,95
E00025810,237,118,119
E00025815,251,135,116
E00025818,326,186,140
E00025820,373,192,181
E00025795,381,194,187
E00025813,381,195,186
E00025814,387,200,187
E00025816,312,168,144
E00025819,410,214,196
E00026000,407,215,192
E00026003,320,158,162
E00026030,424,204,220
E00026031,351,176,175
E00026033,362,180,182
E00026001,365,192,173
E00026004,242,121,121
E00026005,305,148,157
E00026015,242,108,134
E00026022,355,182,173
E00026002,274,156,118
E00026008,359,187,172
E00026010,226,133,93
E00026014,441,239,202
E00026017,347,171,176
E00180850,390,183,207
E00180892,290,150,140
E00180906,152,74,78
E00025996,323,159,164
E00026011,308,170,138
E00026026,317,152,165
E00175893,464,245,219
E00026027,481,231,250
E00175861,403,201,202
E00175862,237,120,117
E00175966,336,179,157
E00176036,260,138,122
E00176060,357,185,172
E00026007,549,308,241
E00026009,403,214,189
E00026018,307,151,156
E00026032,340,179,161
E00026035,365,193,172
E00025997,370,187,183
E00026019,206,73,133
E00026020,375,202,173
E00026024,280,159,121
E00026025,340,182,158
E00026028,404,215,189
E00026578,405,209,196
E00026582,343,177,166
E00026585,314,156,158
E00026614,322,171,151
E00026615,296,150,146
E00026579,334,168,166
E00026580,348,167,181
E00026581,344,176,168
E00026583,154,69,85
E00026587,370,199,171
E00026592,377,200,177
E00026006,300,128,172
E00176033,340,166,174
E00176066,359,191,168
E00176083,411,200,211
E00176084,173,94,79
E00025998,412,220,192
E00026012,240,121,119
E00026023,270,144,126
E00026034,216,125,91
E00176065,205,61,144
E00025811,322,163,159
E00025821,377,192,185
E00025822,414,195,219
E00025823,392,196,196
E00175859,170,73,97
E00175860,302,142,160
E00026136,457,236,221
E00026137,507,255,252
E00026139,474,250,224
E00026141,254,123,131
E00026148,281,128,153
E00026131,347,174,173
E00026133,314,176,138
E00026140,344,179,165
E00026146,452,219,233
E00026149,356,191,165
E00026132,455,219,236
E00026138,140,62,78
E00026143,326,170,156
E00026147,560,276,284
E00026151,417,206,211
E00026134,311,144,167
E00026144,395,197,198
E00026152,346,172,174
E00026155,438,229,209
E00026157,297,150,147
E00026575,308,161,147
E00026604,270,154,116
E00026605,278,140,138
E00026608,292,150,142
E00026609,275,144,131
E00026576,295,159,136
E00026601,247,139,108
E00026602,256,136,120
E00026610,246,118,128
E00026613,281,150,131
E00026577,319,158,161
E00026606,252,125,127
E00026611,295,165,130
E00180809,580,295,285
E00180813,118,67,51
E00180848,487,256,231
E00180864,144,70,74
E00026584,509,274,235
E00026586,613,335,278
E00026594,308,155,153
E00026599,397,220,177
E00026603,407,223,184
E00026588,379,192,187
E00026589,344,179,165
E00026590,329,166,163
E00026595,359,193,166
E00026598,296,156,140
E00026591,364,188,176
E00026593,385,193,192
E00026596,293,146,147
E00026597,290,140,150
E00026600,274,136,138
E00026145,219,93,126
E00026150,390,182,208
E00026153,427,213,214
E00026158,587,279,308
E00180888,238,135,103
E00180897,480,243,237
E00026351,282,154,128
E00026354,374,199,175
E00026355,440,228,212
E00026356,292,147,145
E00026359,452,257,195
E00026363,355,191,164
E00026352,397,183,214
E00026353,402,166,236
E00026373,323,165,158
E00026374,277,150,127
E00026375,476,236,240
E00026346,357,187,170
E00026348,468,245,223
E00026350,315,167,148
E00026376,298,141,157
E00175897,307,147,160
E00175898,272,147,125
E00026459,315,174,141
E00026484,331,164,167
E00026485,305,154,151
E00180798,403,209,194
E00180877,262,131,131
E00026461,484,259,225
E00026462,265,143,122
E00026463,485,257,228
E00026472,496,267,229
E00026473,387,208,179
E00026460,233,115,118
E00026464,419,231,188
E00026466,520,269,251
E00026468,288,142,146
E00026469,261,138,123
E00026474,374,207,167
E00026457,401,215,186
E00026458,309,152,157
E00026465,487,245,242
E00026470,426,210,216
E00026488,316,163,153
E00026480,285,152,133
E00026481,304,164,140
E00026482,353,174,179
E00026483,280,147,133
E00026487,277,134,143
E00026042,571,301,270
E00026070,497,244,253
E00026072,584,268,316
E00175940,395,194,201
E00175943,537,242,295
E00175944,419,221,198
E00026038,593,291,302
E00026065,487,265,222
E00026066,477,268,209
E00180907,160,82,78
E00180920,469,205,264
E00026128,466,231,235
E00026129,405,175,230
E00026154,382,188,194
E00026159,486,211,275
E00026160,405,206,199
E00026166,202,83,119
E00026156,201,88,113
E00026161,435,218,217
E00026163,479,236,243
E00026164,576,275,301
E00026165,451,230,221
E00026130,323,158,165
E00026162,459,231,228
E00026167,544,267,277
E00175858,192,86,106
E00180807,235,130,105
E00180825,561,300,261
E00026043,541,285,256
E00026068,363,177,186
E00175904,621,307,314
E00026053,378,188,190
E00175903,463,242,221
E00180861,464,234,230
E00180872,196,91,105
E00026357,332,171,161
E00026358,421,206,215
E00026360,270,142,128
E00026361,452,217,235
E00026366,487,243,244
E00026369,421,219,202
E00026343,386,190,196
E00026349,419,200,219
E00026362,347,159,188
E00026364,288,140,148
E00026365,298,156,142
E00026367,289,161,128
E00026452,501,249,252
E00026453,479,259,220
E00026467,290,158,132
E00026471,333,160,173
E00026477,475,238,237
E00026454,487,256,231
E00026455,377,212,165
E00026475,439,233,206
E00026476,457,261,196
E00026478,278,157,121
E00026479,211,114,97
E00026344,425,215,210
E00026371,490,237,253
E00175969,213,112,101
E00176071,301,156,145
E00176072,347,182,165
E00026345,275,139,136
E00026372,384,212,172
E00175970,266,145,121
E00176068,264,111,153
E00176069,208,100,108
E00026634,560,287,273
E00026635,350,189,161
E00026639,417,224,193
E00180799,211,111,100
E00180832,113,56,57
E00180839,574,268,306
E00180930,414,208,206
E00026619,261,125,136
E00026620,353,195,158
E00026629,327,191,136
E00026630,363,203,160
E00026645,357,179,178
E00026646,347,176,171
E00026636,301,147,154
E00026638,325,166,159
E00026641,233,119,114
E00026642,311,155,156
E00026643,341,178,163
E00026649,289,145,144
E00026640,265,136,129
E00026644,309,175,134
E00026647,288,162,126
E00026648,353,185,168
E00026651,260,127,133
E00026654,298,149,149
E00026618,272,133,139
E00026621,278,145,133
E00026623,312,170,142
E00026625,268,131,137
E00026628,338,174,164
E00025763,421,221,200
E00025768,411,216,195
E00025769,318,140,178
E00025774,343,176,167
E00025777,349,174,175
E00025764,354,191,163
E00025781,344,189,155
E00025782,297,164,133
E00025786,361,183,178
E00175839,332,170,162
E00025760,362,186,176
E00025761,421,211,210
E00025773,442,228,214
E00025776,359,191,168
E00025793,362,188,174
E00026617,353,191,162
E00026622,209,97,112
E00026624,412,216,196
E00026626,276,149,127
E00026631,232,99,133
E00026632,182,80,102
E00026616,360,192,168
E00026627,380,220,160
E00026650,250,126,124
E00026652,421,222,199
E00026653,374,183,191
E00025766,351,192,159
E00025767,425,229,196
E00025775,287,155,132
E00025778,452,230,222
E00025779,288,155,133
E00025780,139,67,72
E00025833,300,157,143
E00025842,586,290,296
E00175849,338,173,165
E00176039,185,83,102
E00176073,284,128,156
E00180829,179,98,81
E00180875,251,128,123
E00180890,474,229,245
E00180938,360,172,188
E00025836,580,281,299
E00025840,220,100,120
E00025841,407,173,234
E00025845,494,256,238
E00180835,354,182,172
E00180887,282,150,132
E00025834,415,225,190
E00025838,369,191,178
E00025844,490,224,266
E00025858,369,201,168
E00025859,391,209,182
E00025771,310,172,138
E00175874,170,70,100
E00175876,218,101,117
E00175877,220,101,119
E00175971,236,92,144
E00025762,307,152,155
E00025765,301,153,148
E00025787,334,165,169
E00025790,321,174,147
E00175879,164,76,88
E00026258,247,129,118
E00026264,246,119,127
E00026278,304,157,147
E00026286,278,146,132
E00026287,358,187,171
E00026289,255,130,125
E00026270,423,204,219
E00026272,292,140,152
E00026273,329,169,160
E00026279,310,134,176
E00026282,388,202,186
E00180916,355,181,174
E00180939,355,188,167
E00025835,502,268,234
E00025846,361,188,173
E00175833,327,169,158
E00175834,380,199,181
E00025851,395,205,190
E00025852,360,184,176
E00180874,323,172,151
E00180878,352,188,164
E00180914,423,203,220
E00025832,597,310,287
E00025843,516,269,247
E00025850,373,181,192
E00025853,344,173,171
E00025855,329,169,160
E00025856,381,191,190
E00175878,569,280,289
E00180882,291,149,142
E00025605,226,114,112
E00025607,350,187,163
E00025614,321,161,160
E00025616,206,106,100
E00025625,401,207,194
E00025626,288,141,147
E00025608,526,270,256
E00025628,302,152,150
E00025632,390,195,195
E00025634,568,270,298
E00025635,331,166,165
E00025611,462,223,239
E00025615,439,209,230
E00025617,497,239,258
E00025618,312,168,144
E00025619,240,126,114
E00025622,221,103,118
E00025612,436,205,231
E00025613,280,99,181
E00175835,138,55,83
E00175930,198,84,114
E00025623,503,252,251
E00025630,434,225,209
E00180776,959,496,463
E00025629,613,275,338
E00025631,498,245,253
E00026398,311,156,155
E00026400,224,101,123
E00026403,343,172,171
E00175826,613,398,215
E00175828,151,79,72
E00175911,335,163,172
E00175912,255,137,118
E00175921,208,107,101
E00176075,143,69,74
E00176090,229,114,115
E00026395,421,233,188
E00180779,2226,1208,1018
E00026383,360,164,196
E00026393,175,91,84
E00026396,111,52,59
E00175836,282,133,149
E00175907,327,127,200
E00175908,333,160,173
E00175918,351,195,156
E00175919,266,130,136
E00176064,185,95,90
E00175808,1228,666,562
E00175815,266,119,147
E00175830,339,183,156
E00180919,368,158,210
E00026397,305,114,191
E00026402,313,154,159
E00026405,272,132,140
E00180820,136,73,63
E00025621,467,238,229
E00025627,344,168,176
E00180801,285,133,152
E00180830,276,141,135
E00180880,426,214,212
E00180900,277,143,134
E00026265,290,145,145
E00026281,270,125,145
E00026283,458,231,227
E00026301,342,168,174
E00175975,339,163,176
E00175976,352,189,163
E00176047,175,81,94
E00180827,517,272,245
E00180909,153,78,75
E00026489,398,196,202
E00026491,418,219,199
E00026492,344,162,182
E00026507,460,230,230
E00026526,306,136,170
E00026501,401,190,211
E00026506,545,280,265
E00026527,379,180,199
E00026528,353,189,164
E00026532,401,213,188
E00026490,305,162,143
E00026497,263,129,134
E00026498,473,247,226
E00026524,345,189,156
E00026525,420,225,195
E00026261,338,166,172
E00026262,332,186,146
E00026263,422,213,209
E00026266,366,205,161
E00026268,351,173,178
E00026269,434,208,226
E00026267,337,173,164
E00026274,507,253,254
E00026275,407,212,195
E00026277,382,197,185
E00026300,285,153,132
E00026257,320,170,150
E00026280,145,65,80
E00026284,371,211,160
E00026285,294,158,136
E00026290,369,188,181
E00026291,359,208,151
E00026288,481,243,238
E00026292,311,151,160
E00026295,287,144,143
E00026296,340,149,191
E00026299,314,155,159
E00026259,233,102,131
E00026260,257,130,127
E00026293,286,145,141
E00026294,405,208,197
E00026297,260,124,136
E00026298,329,163,166
E00026504,456,217,239
E00026529,163,73,90
E00026531,388,162,226
E00026534,385,173,212
E00176020,427,204,223
E00176022,276,148,128
E00026493,520,276,244
E00026530,378,201,177
E00026533,511,290,221
E00176040,240,85,155
E00180781,855,428,427
E00026502,513,223,290
E00026505,318,148,170
E00026508,397,200,197
E00026510,407,184,223
E00180908,462,215,247
E00180928,168,83,85
E00026495,511,250,261
E00026496,609,312,297
E00026514,530,237,293
E00026515,387,183,204
E00025633,418,218,200
E00025636,612,340,272
E00175805,361,219,142
E00175818,376,209,167
E00175932,325,153,172
E00180788,576,280,296
E00026302,409,220,189
E00026304,351,190,161
E00026328,418,220,198
E00026331,367,193,174
E00180823,446,238,208
E00180913,457,246,211
E00026306,426,206,220
E00026322,295,142,153
E00026324,376,194,182
E00026326,375,191,184
E00026327,254,132,122
E00026329,433,229,204
E00026330,361,182,179
E00026332,394,230,164
E00026333,370,186,184
E00026337,492,227,265
E00026307,461,224,237
E00026308,429,220,209
E00026321,322,173,149
E00026323,462,231,231
E00026325,455,222,233
E00026305,460,219,241
E00026309,350,168,182
E00026336,314,143,171
E00180840,520,280,240
E00180879,135,63,72
E00175924,340,176,164
E00175925,402,215,187
E00180805,470,236,234
E00180841,208,104,104
E00026539,598,305,293
E00026558,449,235,214
E00026561,435,226,209
E00026571,358,173,185
E00026573,359,188,171
E00175967,307,166,141
E00175968,404,214,190
E00026563,369,200,169
E00026564,388,183,205
E00026565,370,170,200
E00026574,363,190,173
E00180847,344,178,166
E00180867,328,161,167
E00180871,360,189,171
E00180899,281,153,128
E00026540,550,292,258
E00026543,413,225,188
E00026569,575,292,283
E00026570,516,285,231
E00026572,489,240,249
E00026542,534,271,263
E00026548,523,264,259
E00180838,247,131,116
E00180884,135,69,66
E00180940,432,227,205
E00026547,523,255,268
E00180806,160,87,73
E00180854,503,245,258
E00180903,448,232,216
E00180932,125,60,65
E00026566,553,293,260
E00026567,494,245,249
E00026568,524,250,274
E00176093,248,138,110
E00180782,425,201,224
E00180862,579,316,263
E00180873,173,92,81
E00026771,334,152,182
E00026775,491,237,254
E00180896,523,272,251
E00180911,190,83,107
E00026766,616,267,349
E00026774,367,175,192
E00026781,431,213,218
E00026782,406,233,173
E00026544,500,251,249
E00026552,369,185,184
E00180893,241,128,113
E00180926,459,209,250
E00026545,454,246,208
E00026550,621,312,309
E00026553,481,238,243
E00026554,455,238,217
E00180843,230,113,117
E00180915,362,183,179
E00180921,610,314,296
E00026537,328,163,165
E00026555,377,187,190
E00026556,307,156,151
E00026557,351,162,189
E00026750,507,258,249
E00026753,469,226,243
E00026783,547,291,256
E00180942,312,165,147
E00180943,342,173,169
E00026752,324,170,154
E00026776,134,45,89
E00026780,426,213,213
E00175959,217,103,114
E00176030,1472,839,633
E00026761,180,83,97
E00026764,586,226,360
E00026768,397,162,235
E00175972,469,206,263
E00180783,966,480,486
E00026772,430,200,230
E00026773,318,146,172
E00026777,237,123,114
E00175807,380,205,175
E00176019,355,166,189
E00176021,580,247,333
E00026767,418,209,209
E00026769,392,198,194
E00026770,518,249,269
E00026778,482,248,234
E00026779,537,282,255
E00026823,433,207,226
E00026850,485,236,249
E00026854,523,235,288
E00026855,304,151,153
E00175838,299,154,145
E00176042,392,195,197
E00026824,356,174,182
E00026843,323,160,163
E00026844,349,179,170
E00026846,332,162,170
E00026848,454,227,227
E00026831,420,199,221
E00026832,401,208,193
E00026834,382,174,208
E00026835,341,163,178
E00026837,317,159,158
E00026838,248,123,125
E00026833,425,196,229
E00175973,195,84,111
E00175974,213,95,118
E00176043,207,93,114
E00176045,221,96,125
E00026840,239,103,136
E00026841,314,133,181
E00026842,462,240,222
E00176044,304,147,157
E00026104,182,69,113
E00026109,345,167,178
E00026110,200,85,115
E00026112,359,188,171
E00026113,359,150,209
E00026118,254,136,118
E00026075,334,173,161
E00026077,294,140,154
E00026106,250,138,112
E00026108,168,90,78
E00026111,214,101,113
E00026116,218,66,152
E00026076,292,159,133
E00026102,307,147,160
E00026103,265,137,128
E00026105,290,154,136
E00026107,282,139,143
E00026097,333,161,172
E00026098,311,174,137
E00026099,281,149,132
E00026100,431,221,210
E00026101,254,142,112
E00026845,410,221,189
E00026847,299,164,135
E00026849,391,192,199
E00026857,344,169,175
E00026859,125,65,60
E00026821,429,216,213
E00026851,427,207,220
E00026852,367,188,179
E00026858,357,183,174
E00026232,214,116,98
E00026234,317,159,158
E00026239,586,313,273
E00026241,488,267,221
E00026242,405,210,195
E00026222,392,205,187
E00026237,275,149,126
E00026238,455,237,218
E00026245,541,266,275
E00026252,568,288,280
E00026227,265,126,139
E00026233,431,240,191
E00026236,227,119,108
E00026244,223,126,97
E00026246,404,204,200
E00026247,367,184,183
E00026220,371,175,196
E00026230,430,204,226
E00026231,284,151,133
E00026243,470,234,236
E00175837,550,288,262
E00175880,121,61,60
E00026223,529,309,220
E00026224,583,315,268
E00026235,506,248,258
E00026218,358,176,182
E00026221,314,157,157
E00026225,555,287,268
E00026250,305,143,162
E00026254,260,116,144
E00026410,414,179,235
E00026439,254,106,148
E00026440,403,187,216
E00026445,393,181,212
E00026446,507,195,312
E00026450,306,148,158
E00026441,419,200,219
E00026442,508,277,231
E00026443,365,179,186
E00026444,438,217,221
E00026447,405,219,186
E00026413,566,278,288
E00026415,560,276,284
E00026416,396,204,192
E00026448,525,228,297
E00026449,509,238,271
E00026411,443,232,211
E00026418,348,179,169
E00026419,354,171,183
E00026420,386,181,205
E00026424,287,146,141
E00026451,343,182,161
E00026219,374,190,184
E00026228,426,204,222
E00026248,564,311,253
E00026251,610,339,271
E00026255,321,164,157
E00180792,473,242,231
E00180793,272,124,148
E00180945,734,391,343
E00180946,1781,939,842
E00026702,367,167,200
E00026703,375,192,183
E00026723,435,256,179
E00026726,560,278,282
E00026732,248,105,143
E00026754,486,249,237
E00026755,416,224,192
E00026756,474,255,219
E00026758,1028,522,506
E00026759,330,165,165
E00026760,502,242,260
E00026784,500,256,244
E00026078,284,139,145
E00026114,334,175,159
E00026115,293,158,135
E00026119,245,128,117
E00026127,271,130,141
E00026079,299,154,145
E00026082,255,141,114
E00026088,334,158,176
E00026121,341,178,163
E00026122,250,126,124
E00026087,395,199,196
E00026090,300,157,143
E00026092,187,104,83
E00026095,296,157,139
E00026096,315,167,148
E00026822,399,213,186
E00026826,371,183,188
E00026827,347,166,181
E00026828,430,228,202
E00026825,236,112,124
E00026829,322,167,155
E00026830,352,190,162
E00026856,259,138,121
E00026860,315,149,166
E00025930,347,172,175
E00025931,410,204,206
E00025933,288,152,136
E00025935,427,218,209
E00025902,360,176,184
E00025932,415,217,198
E00025934,362,189,173
E00025936,352,167,185
E00025937,411,222,189
E00026430,354,179,175
E00026433,394,201,193
E00026434,449,223,226
E00026437,494,239,255
E00026438,358,177,181
E00026423,364,185,179
E00026425,198,99,99
E00026428,336,163,173
E00026429,284,160,124
E00026431,348,177,171
E00026426,475,234,241
E00026427,388,201,187
E00026432,392,195,197
E00026435,389,202,187
E00026436,410,204,206
E00026412,427,208,219
E00026414,265,145,120
E00026417,434,225,209
E00026421,282,135,147
E00026422,284,131,153
E00026704,360,199,161
E00026705,378,202,176
E00026735,356,196,160
E00026736,352,184,168
E00026737,322,165,157
E00026706,323,179,144
E00026725,337,167,170
E00026742,335,171,164
E00026743,356,189,167
E00026744,243,120,123
E00026749,381,202,179
E00026734,464,212,252
E00026738,558,290,268
E00026740,301,162,139
E00026741,342,191,151
E00026722,451,216,235
E00026724,463,241,222
E00026728,539,279,260
E00026730,400,202,198
E00026727,319,179,140
E00026731,393,197,196
E00026733,336,191,145
E00026739,330,177,153
E00175881,307,160,147
E00175882,301,160,141
E00175883,207,112,95
E00026864,350,181,169
E00026874,361,175,186
E00026876,403,187,216
E00026877,594,295,299
E00026871,382,182,200
E00026892,238,114,124
E00026893,508,252,256
E00026898,344,184,160
E00026903,473,249,224
E00026904,283,144,139
E00026894,498,279,219
E00026895,337,170,167
E00026896,318,181,137
E00026897,482,248,234
E00026899,353,183,170
E00026861,413,226,187
E00026866,350,171,179
E00026869,271,136,135
E00026870,365,170,195
E00026902,427,211,216
E00026867,320,165,155
E00026868,226,118,108
E00026900,412,212,200
E00026901,438,224,214
E00026905,584,234,350
E00025678,347,182,165
E00025684,350,180,170
E00025687,308,167,141
E00025688,251,136,115
E00025690,544,270,274
E00026081,247,132,115
E00026083,223,106,117
E00026085,184,92,92
E00026123,289,145,144
E00026124,289,134,155
E00026126,311,154,157
E00026080,277,143,134
E00026084,273,131,142
E00026117,214,114,100
E00026120,308,171,137
E00026125,363,192,171
E00026086,230,134,96
E00026089,308,164,144
E00026091,383,198,185
E00026093,313,167,146
E00026094,293,147,146
E00026707,322,178,144
E00026745,334,175,159
E00026746,321,153,168
E00026747,278,158,120
E00026748,494,245,249
E00026700,302,163,139
E00026711,203,90,113
E00026713,352,182,170
E00026714,230,128,102
E00026716,246,112,134
E00026718,447,232,215
E00026708,341,194,147
E00026709,293,149,144
E00026710,259,131,128
E00026712,238,130,108
E00026715,335,163,172
E00026701,415,221,194
E00026717,261,126,135
E00026719,283,157,126
E00026720,397,192,205
E00026721,321,156,165
E00025692,264,135,129
E00025695,224,116,108
E00025699,334,172,162
E00025700,246,123,123
E00025701,283,139,144
E00025681,268,144,124
E00025682,315,171,144
E00025721,335,195,140
E00025722,326,174,152
E00025723,262,126,136
E00025724,317,172,145
E00025691,338,161,177
E00025704,257,113,144
E00025705,455,213,242
E00025707,165,74,91
E00025708,273,127,146
E00025709,350,165,185
E00175884,250,122,128
E00175885,246,130,116
E00175886,198,97,101
E00176088,321,149,172
E00180886,277,131,146
E00180901,154,74,80
E00025680,235,125,110
E00025685,276,138,138
E00025693,294,152,142
E00175888,343,188,155
E00175889,382,201,181
E00175892,258,137,121
E00025919,326,175,151
E00025920,304,152,152
E00025921,309,171,138
E00025922,332,188,144
E00025926,303,148,155
E00026862,344,181,163
E00026863,352,171,181
E00026872,422,196,226
E00026873,427,213,214
E00026875,415,203,212
E00026885,303,143,160
E00026886,318,167,151
E00026889,400,211,189
E00026890,323,150,173
E00026891,237,114,123
E00026865,383,210,173
E00026878,470,217,253
E00026879,414,213,201
E00026881,269,141,128
E00026882,267,134,133
E00026880,382,186,196
E00026883,334,191,143
E00026884,341,176,165
E00026887,336,177,159
E00026888,295,152,143
E00025910,354,190,164
E00025912,340,182,158
E00025913,379,200,179
E00025918,349,181,168
E00025945,316,163,153
E00025909,350,196,154
E00025911,350,184,166
E00025939,429,206,223
E00025940,290,155,135
E00025944,267,146,121
E00025905,383,200,183
E00025938,410,211,199
E00025941,396,207,189
E00025942,361,199,162
E00025943,362,181,181
E00025903,274,139,135
E00025904,371,187,184
E00025906,357,181,176
E00025907,376,198,178
E00025914,395,209,186
E00025915,375,196,179
E00025916,335,171,164
E00025917,360,195,165
E00025923,429,224,205
E00025924,363,198,165
E00025702,349,197,152
E00025710,335,190,145
E00025713,310,177,133
E00025714,366,186,180
E00025718,318,160,158
E00025706,223,107,116
E00025715,187,88,99
E00025716,300,160,140
E00025719,403,194,209
E00025720,439,173,266
E00025697,418,225,193
E00025703,340,162,178
E00025711,289,146,143
E00025712,303,149,154
E00025717,293,158,135
E00025689,302,173,129
E00025694,312,172,140
E00025696,371,187,184
E00025698,295,154,141
E00175890,257,147,110
E00175891,246,122,124
E00176092,227,119,108
E00026169,248,119,129
E00026174,178,83,95
E00026175,221,95,126
E00026177,281,139,142
E00026179,301,151,150
E00026186,303,141,162
E00026171,333,163,170
E00026183,411,210,201
E00026184,263,140,123
E00026189,325,177,148
E00026191,286,147,139
E00026170,312,151,161
E00026178,343,180,163
E00026180,243,129,114
E00026181,337,163,174
E00026185,322,158,164
E00026176,277,137,140
E00026182,267,143,124
E00026188,335,170,165
E00026192,359,174,185
E00026198,350,175,175
E00026172,277,141,136
E00026187,326,160,166
E00026190,270,139,131
E00026194,304,160,144
E00026195,228,116,112
E00026201,276,142,134
E00026193,233,120,113
E00026196,192,113,79
E00026197,260,126,134
E00026200,311,162,149
E00026203,306,165,141
E00025897,333,174,159
E00025898,270,138,132
E00025900,295,153,142
E00025901,325,166,159
E00176012,381,190,191
E00176015,292,148,144
E00026656,512,255,257
E00026658,214,92,122
E00026666,269,147,122
E00026669,470,260,210
E00026670,322,166,156
E00026655,330,173,157
E00026671,339,181,158
E00026695,276,139,137
E00026696,409,229,180
E00026698,295,142,153
E00026662,337,179,158
E00026664,299,171,128
E00026668,398,207,191
E00026674,365,193,172
E00026677,339,191,148
E00026657,228,130,98
E00026659,279,149,130
E00026660,402,221,181
E00026693,272,146,126
E00026694,225,109,116
E00026697,310,178,132
E00026699,338,188,150
E00025908,329,166,163
E00025927,329,160,169
E00025928,350,177,173
E00025929,456,224,232
E00180869,204,105,99
E00180936,334,187,147
E00026199,351,185,166
E00026202,423,205,218
E00026205,293,152,141
E00026206,338,173,165
E00026204,449,234,215
E00026207,299,140,159
E00026209,325,161,164
E00026211,293,152,141
E00026168,357,177,180
E00026173,335,165,170
E00026210,253,139,114
E00026215,286,142,144
E00026217,290,151,139
E00026208,469,240,229
E00026212,350,190,160
E00026213,341,179,162
E00026214,231,106,125
E00026216,355,179,176
E00026680,295,143,152
E00026685,255,117,138
E00026686,235,97,138
E00026687,256,105,151
E00026689,429,195,234
E00026690,267,134,133
E00026661,305,147,158
E00026663,346,176,170
E00026667,309,158,151
E00026672,274,144,130
E00026675,291,150,141
E00026665,360,185,175
E00026673,261,130,131
E00026676,258,116,142
E00026678,297,158,139
E00026682,310,165,145
E00026683,308,140,168
E00026684,393,202,191
E00026679,377,186,191
E00026681,247,122,125
E00026688,299,161,138
E00026691,288,150,138
E00026692,323,163,160
E00025641,354,180,174
E00025656,218,109,109
E00025657,187,101,86
E00025658,330,170,160
E00025664,327,180,147
E00025864,302,168,134
E00025866,263,141,122
E00025871,247,140,107
E00025877,324,171,153
E00025899,324,174,150
E00025880,312,163,149
E00025882,298,154,144
E00025883,201,92,109
E00025886,310,154,156
E00025888,328,179,149
E00025893,223,100,123
E00025862,285,152,133
E00025873,308,153,155
E00025875,253,121,132
E00025879,342,178,164
E00025885,263,136,127
E00025887,297,154,143
E00025863,209,103,106
E00025865,352,187,165
E00025867,290,156,134
E00025876,254,134,120
E00025878,228,114,114
E00176011,228,120,108
E00176013,187,99,88
E00176014,215,115,100
E00176016,122,64,58
E00025642,308,166,142
E00025659,374,189,185
E00025661,445,228,217
E00025662,297,149,148
E00025668,311,169,142
E00025663,385,202,183
E00025669,274,149,125
E00025670,338,175,163
E00025672,312,155,157
E00180811,151,78,73
E00180852,318,159,159
E00025640,314,167,147
E00025646,300,146,154
E00025660,293,136,157
E00025667,309,161,148
E00025674,319,166,153
E00025869,326,160,166
E00025889,332,176,156
E00025891,324,158,166
E00025894,346,189,157
E00025895,395,200,195
E00025868,311,127,184
E00025870,324,171,153
E00025872,377,190,187
E00025884,354,160,194
E00025890,315,178,137
E00025892,263,124,139
E00025896,513,264,249
E00025731,351,199,152
E00025732,405,228,177
E00025733,511,265,246
E00025734,405,212,193
E00025728,421,229,192
E00025729,296,158,138
E00025735,449,238,211
E00025737,353,190,163
E00025738,390,203,187
E00025725,566,276,290
E00025740,381,204,177
E00025742,401,223,178
E00025746,237,104,133
E00025750,387,223,164
E00026786,258,132,126
E00026787,386,210,176
E00026810,351,174,177
E00026811,373,196,177
E00026815,332,181,151
E00026785,434,246,188
E00026806,523,280,243
E00026807,287,148,139
E00026808,263,127,136
E00026809,257,133,124
E00175978,254,118,136
E00175979,197,81,116
E00175980,285,144,141
E00176017,141,76,65
E00025736,596,301,295
E00025739,404,209,195
E00025741,438,214,224
E00025744,333,174,159
E00025745,533,255,278
E00025743,352,184,168
E00025747,353,191,162
E00025748,477,253,224
E00025751,386,213,173
E00025753,364,198,166
E00025727,234,121,113
E00025752,299,153,146
E00025754,366,201,165
E00025756,371,207,164
E00025757,267,141,126
E00025758,349,184,165
E00025726,440,231,209
E00025730,383,220,163
E00025749,342,193,149
E00025759,357,190,167
E00175899,240,130,110
E00175900,343,167,176
E00175901,277,134,143
E00026792,271,142,129
E00026793,337,183,154
E00026799,178,63,115
E00026816,355,188,167
E00175902,340,182,158
E00025651,353,180,173
E00025652,326,174,152
E00025653,324,167,157
E00025654,318,163,155
E00025655,369,193,176
E00025643,543,285,258
E00025666,306,144,162
E00025671,282,144,138
E00025673,325,160,165
E00025677,389,213,176
E00025638,315,176,139
E00025644,331,156,175
E00025647,383,194,189
E00025675,260,131,129
E00025676,334,181,153
E00025639,362,219,143
E00025645,207,110,97
E00025648,420,231,189
E00025649,311,165,146
E00025650,253,130,123
E00026906,259,131,128
E00026915,314,171,143
E00026918,272,158,114
E00026941,300,172,128
E00026942,392,211,181
E00175977,244,123,121
E00175981,281,151,130
E00175982,260,138,122
E00026812,325,167,158
E00026813,412,216,196
E00026814,316,158,158
E00026817,304,163,141
E00026818,332,180,152
E00026791,270,134,136
E00026795,325,187,138
E00026796,332,188,144
E00026798,316,167,149
E00026819,280,143,137
E00026789,255,127,128
E00026797,289,145,144
E00026800,313,162,151
E00026802,316,163,153
E00026788,319,166,153
E00026790,307,149,158
E00026801,342,181,161
E00026803,332,171,161
E00026804,314,156,158
E00026923,309,160,149
E00026931,279,131,148
E00026938,253,121,132
E00026939,377,191,186
E00026940,313,163,150
E00180808,328,150,178
E00180894,162,85,77
E00026907,286,142,144
E00026912,341,191,150
E00026914,298,165,133
E00026919,264,139,125
E00026943,325,172,153
E00026922,360,196,164
E00026924,291,157,134
E00026926,386,203,183
E00026927,310,172,138
E00026930,348,183,165
E00026909,296,156,140
E00026913,300,152,148
E00026925,278,135,143
E00026928,305,159,146
E00026929,279,149,130
E00026934,267,139,128
E00026916,317,156,161
E00026917,383,190,193
E00026920,310,166,144
E00026921,344,174,170
E00180784,289,144,145
E00026910,337,182,155
E00026932,315,169,146
E00026935,353,199,154
E00026936,378,212,166
E00026937,604,310,294
E00025953,187,90,97
E00025954,240,119,121
E00025964,252,134,118
E00180778,307,134,173
E00180856,220,77,143
E00180891,139,74,65
E00180910,106,49,57
E00175804,323,138,185
E00175814,187,83,104
E00175853,116,43,73
E00175872,323,165,158
E00180796,333,168,165
E00180857,230,105,125
E00180881,183,75,108
E00175822,215,100,115
E00175827,550,251,299
E00175845,157,62,95
E00175869,173,74,99
E00176008,110,54,56
E00176050,189,72,117
E00175846,152,59,93
E00175871,239,120,119
E00176037,270,134,136
E00176053,146,60,86
E00180824,295,146,149
E00180828,306,94,212
E00180834,103,51,52
E00180933,352,135,217
E00175863,205,95,110
E00175864,355,155,200
E00175870,400,178,222
E00176054,295,131,164
E00176087,236,106,130
E00025988,159,79,80
E00175809,332,167,165
E00180777,646,290,356
E00180814,617,332,285
E00180858,269,148,121
E00175810,144,66,78
E00175867,208,83,125
E00175960,189,73,116
E00175961,256,127,129
E00175963,206,91,115
E00175964,150,71,79
E00175965,300,114,186
E00180904,207,105,102
E00180935,194,69,125
E00175868,174,70,104
E00176029,172,75,97
E00176059,229,90,139
E00180785,607,202,405
E00180786,608,247,361
E00175842,180,60,120
E00176057,177,72,105
E00176089,193,79,114
E00180789,343,142,201
E00180804,208,111,97
E00180842,183,89,94
E00180905,336,174,162
E00180941,369,178,191
E00175823,177,86,91
E00176052,264,113,151
E00180837,205,85,120
E00180866,281,123,158
E00180889,156,74,82
E00175855,263,87,176
E00175865,330,121,209
E00175866,177,64,113
E00180885,368,187,181
E00180898,254,117,137
E00026046,564,288,276
E00026049,591,272,319
E00026056,566,281,285
E00026058,594,316,278
E00175939,107,49,58
E00175949,585,293,292
E00175934,359,152,207
E00175952,440,173,267
E00180812,262,114,148
E00180868,205,99,106
E00175847,133,41,92
E00175856,178,62,116
E00175857,156,80,76
E00175946,157,62,95
E00175947,249,112,137
E00176085,136,60,76
E00180797,205,96,109
E00180917,303,133,170
E00026048,482,242,240
E00026055,188,92,96
E00026059,377,227,150
E00026060,590,300,290
E00175955,369,192,177
E00026392,308,146,162
E00175933,126,56,70
E00176027,1134,594,540
E00176028,153,66,87
E00176081,241,125,116
E00180833,582,337,245
E00180860,177,91,86
E00180912,405,196,209
E00176004,193,77,116
E00176009,197,94,103
E00176010,229,98,131
E00180787,2096,1146,950
E00025989,167,61,106
E00175852,258,115,143
E00175991,261,118,143
E00176062,406,178,228
E00176063,180,80,100
E00180863,112,44,68
E00180937,633,360,273
E00026039,428,214,214
E00026047,502,268,234
E00026067,519,252,267
E00026071,401,203,198
E00026073,441,218,223
E00026036,590,324,266
E00026040,390,208,182
E00026045,518,245,273
E00026054,534,286,248
E00175831,333,158,175
E00175948,203,86,117
E00175956,211,98,113
E00175935,286,125,161
E00175936,229,127,102
E00175941,401,196,205
E00175942,840,90,750
E00180790,324,146,178
E00026041,289,155,134
E00175950,322,157,165
E00175951,329,166,163
E00175953,265,138,127
E00175954,345,187,158
E00180810,376,182,194
E00180922,282,141,141
E00026379,319,132,187
E00026381,256,126,130
E00026387,304,152,152
E00175920,294,134,160
E00176026,204,102,102
E00180780,442,212,230
E00180802,371,175,196
E00180819,208,106,102
E00175840,338,165,173
E00175914,354,161,193
E00175915,288,137,151
E00176025,131,62,69
E00176035,175,69,106
E00176086,148,69,79
E00026406,243,88,155
E00026407,256,127,129
E00026408,158,68,90
E00026409,451,225,226
E00175905,397,187,210
E00175913,202,90,112
E00175909,228,97,131
E00175910,159,79,80
E00175917,220,81,139
E00176024,154,72,82
E00180849,512,208,304
E00180870,174,66,108
E00175992,363,155,208
E00175993,198,77,121
E00176007,101,43,58
E00180791,358,162,196
E00175983,178,73,105
E00175984,174,86,88
E00175990,328,147,181
E00175998,164,87,77
E00175999,286,119,167
E00176006,200,90,110
E00175985,195,76,119
E00175986,127,43,84
E00175987,193,92,101
E00175988,151,68,83
E00175989,179,79,100
E00175994,177,79,98
E00175996,202,82,120
E00175995,147,77,70
E00176003,175,75,100
E00180795,210,75,135
E00180944,495,174,321
E00176001,512,259,253
E00180794,625,262,363
E00180949,509,169,340
E00180950,183,74,109
E00025951,188,98,90
E00025955,307,150,157
E00025957,390,187,203
E00025958,182,81,101
E00025962,319,155,164
E00025994,137,56,81
E00025995,319,170,149
E00025948,326,154,172
E00025959,243,126,117
E00025968,245,144,101
E00025969,466,211,255
E00025970,276,149,127
E00175894,579,297,282
E00025949,308,147,161
E00025961,235,124,111
E00025976,359,173,186
E00175896,305,145,160
E00180817,221,120,101
E00180818,114,48,66
E00180845,106,50,56
E00180853,216,114,102
E00180918,232,110,122
E00180923,254,104,150
E00180947,499,234,265
E00180948,208,106,102
E00176032,231,89,142
E00176034,387,166,221
E00176080,357,165,192
E00180865,190,96,94
E00180925,410,176,234
E00180934,245,118,127
E00025772,201,94,107
E00025788,590,279,311
E00025791,327,175,152
E00176077,289,146,143
E00176078,302,141,161
E00175844,266,103,163
E00180851,244,111,133
E00180876,409,170,239
E00180883,197,95,102
E00176076,259,112,147
E00180846,175,79,96
E00180859,268,112,156
E00180927,311,124,187
E00026511,450,218,232
E00026512,517,237,280
E00180800,525,261,264
E00180816,187,96,91
E00180822,130,55,75
E00180844,463,244,219
E00180895,495,235,260
E00180929,165,83,82
E00026503,445,219,226
E00026516,563,287,276
E00026519,614,294,320
E00180803,171,77,94
E00180855,520,273,247
E00026521,558,268,290
E00026522,482,238,244
E00026523,544,274,270
E00180924,487,247,240
E00180931,227,106,121
E00026338,534,244,290
E00176023,303,143,160
E00180815,234,120,114
E00180826,186,101,85
E00180836,473,222,251
E00026310,508,242,266
E00026314,497,245,252
E00026315,618,327,291
E00026316,533,282,251
E00026335,356,190,166
E00026313,471,246,225
E00026317,345,185,160
E00026318,222,85,137
E00026319,317,176,141
E00026320,313,168,145
E00180821,445,247,198
E00180902,347,188,159
E00026312,501,234,267
E00175927,442,221,221
E00180831,442,227,215
E00027122,269,134,135
E00027123,289,149,140
E00027125,285,143,142
E00027126,351,180,171
E00027127,233,120,113
E00027113,383,191,192
E00027115,339,178,161
E00027119,325,166,159
E00027120,256,135,121
E00027129,264,133,131
E00027118,244,131,113
E00027121,273,136,137
E00027124,307,147,160
E00027128,211,103,108
E00027130,256,130,126
E00027131,272,149,123
E00027114,202,97,105
E00027132,305,164,141
E00027133,254,131,123
E00027136,230,112,118
E00027137,192,101,91
E00027139,202,98,104
E00027547,253,131,122
E00027554,265,137,128
E00027556,319,162,157
E00027557,234,112,122
E00027560,216,109,107
E00027562,239,131,108
E00027546,259,126,133
E00027555,296,149,147
E00027558,195,102,93
E00027565,295,159,136
E00027567,284,139,145
E00027549,299,159,140
E00027561,285,139,146
E00027564,299,169,130
E00027569,241,129,112
E00027570,274,134,140
E00027548,293,142,151
E00027568,308,163,145
E00027571,289,144,145
E00027572,300,153,147
E00027575,237,129,108
E00027134,271,130,141
E00027135,207,105,102
E00027138,287,153,134
E00027140,275,151,124
E00027141,320,162,158
E00027142,312,165,147
E00027553,204,109,95
E00027559,272,139,133
E00027563,293,151,142
E00027566,250,134,116
E00027573,298,159,139
E00027550,307,172,135
E00027551,316,164,152
E00027552,288,148,140
E00027574,281,144,137
E00027579,212,115,97
E00027545,454,264,190
E00027576,441,214,227
E00027577,259,148,111
E00027578,207,101,106
E00027580,286,150,136
E00027289,290,152,138
E00027310,284,141,143
E00027311,297,160,137
E00027313,257,126,131
E00027315,233,126,107
E00027297,275,141,134
E00027298,338,171,167
E00027299,310,156,154
E00027300,249,131,118
E00027301,275,140,135
E00027302,303,150,153
E00027303,229,120,109
E00027304,316,157,159
E00027305,312,153,159
E00027308,272,137,135
E00027292,328,167,161
E00027306,296,156,140
E00027307,245,122,123
E00027309,259,120,139
E00027312,305,150,155
E00027116,378,201,177
E00027117,305,153,152
E00027143,259,122,137
E00027146,278,147,131
E00027147,239,121,118
E00027144,319,171,148
E00027145,323,161,162
E00027148,272,133,139
E00027149,339,171,168
E00027325,324,170,154
E00027328,365,188,177
E00027332,327,162,165
E00027336,234,126,108
E00027358,339,184,155
E00027324,344,176,168
E00027355,316,161,155
E00027357,330,165,165
E00168613,378,181,197
E00168614,367,182,185
E00027362,273,134,139
E00027395,135,74,61
E00027396,287,141,146
E00027397,280,137,143
E00027398,287,145,142
E00027401,235,112,123
E00027365,239,113,126
E00027367,319,172,147
E00027399,294,151,143
E00027400,256,119,137
E00027402,300,152,148
E00027404,153,98,55
E00027413,395,208,187
E00027421,245,135,110
E00027422,350,186,164
E00027423,340,171,169
E00027425,318,172,146
E00027426,291,144,147
E00027427,264,136,128
E00027428,236,130,106
E00027587,321,164,157
E00027622,314,153,161
E00027623,354,183,171
E00027624,290,146,144
E00027582,335,173,162
E00027583,463,232,231
E00027586,309,165,144
E00027588,447,212,235
E00027451,357,190,167
E00165781,242,123,119
E00165782,227,125,102
E00165783,318,173,145
E00168624,584,322,262
E00027447,354,178,176
E00027448,362,178,184
E00027450,386,192,194
E00027455,288,147,141
E00027457,413,213,200
E00165780,356,187,169
E00168605,275,138,137
E00168612,317,170,147
E00027291,313,157,156
E00027295,300,161,139
E00027317,290,153,137
E00027318,296,152,144
E00027320,362,181,181
E00027290,338,166,172
E00027314,326,164,162
E00027316,146,86,60
E00027319,279,150,129
E00027321,323,171,152
E00027322,176,102,74
E00027293,307,148,159
E00027294,314,164,150
E00027296,309,148,161
E00027323,292,169,123
E00027327,367,176,191
E00027347,379,208,171
E00027348,269,137,132
E00027349,351,178,173
E00027354,218,118,100
E00027329,266,135,131
E00027331,262,140,122
E00027335,270,141,129
E00027338,287,141,146
E00027342,243,114,129
E00027326,445,241,204
E00027341,260,138,122
E00027343,291,153,138
E00027344,260,129,131
E00027345,274,138,136
E00027330,316,158,158
E00027333,228,128,100
E00027334,267,144,123
E00027337,253,125,128
E00027339,225,107,118
E00027340,239,119,120
E00027346,390,207,183
E00027350,298,153,145
E00027351,339,173,166
E00027352,240,116,124
E00027353,375,191,184
E00027014,370,190,180
E00027034,321,163,158
E00027041,296,150,146
E00027045,302,158,144
E00027030,463,243,220
E00027036,362,196,166
E00027037,408,212,196
E00181722,356,190,166
E00181777,207,105,102
E00181817,284,142,142
E00181819,467,229,238
E00027022,319,166,153
E00027023,301,163,138
E00027024,276,144,132
E00027025,320,150,170
E00027035,272,129,143
E00027018,262,128,134
E00027026,350,187,163
E00027031,324,161,163
E00027032,386,195,191
E00027038,278,141,137
E00027459,349,181,168
E00027460,231,123,108
E00027463,303,175,128
E00027465,321,183,138
E00181721,149,91,58
E00181809,461,224,237
E00027446,447,251,196
E00027458,441,224,217
E00027461,353,187,166
E00027469,311,181,130
E00027464,178,86,92
E00027466,363,187,176
E00027467,239,125,114
E00027468,158,77,81
E00027470,281,131,150
E00027472,248,136,112
E00027473,319,176,143
E00181720,485,253,232
E00181754,309,163,146
E00027585,269,124,145
E00027607,323,151,172
E00027609,169,78,91
E00027610,256,141,115
E00027613,279,138,141
E00027615,347,173,174
E00027604,348,181,167
E00027606,361,179,182
E00027612,577,299,278
E00168623,301,150,151
E00027584,271,145,126
E00027592,309,145,164
E00027594,292,153,139
E00027596,266,130,136
E00027598,242,137,105
E00027589,244,117,127
E00027590,303,154,149
E00027591,267,142,125
E00027593,272,145,127
E00027597,373,183,190
E00027599,224,122,102
E00027600,235,117,118
E00027601,288,142,146
E00027602,273,139,134
E00027605,324,166,158
E00027608,336,181,155
E00027359,292,149,143
E00027366,111,59,52
E00027378,258,129,129
E00027382,356,181,175
E00027388,294,148,146
E00027389,405,202,203
E00027363,252,126,126
E00027364,216,116,100
E00027370,355,189,166
E00027403,212,103,109
E00027405,259,134,125
E00027406,389,201,188
E00027408,385,209,176
E00027424,348,171,177
E00027429,265,135,130
E00027430,524,270,254
E00027431,386,194,192
E00027433,222,106,116
E00027434,290,150,140
E00027435,268,140,128
E00027436,390,200,190
E00027101,216,79,137
E00027102,454,184,270
E00027103,487,207,280
E00027106,613,297,316
E00181762,460,228,232
E00181786,194,100,94
E00027080,448,206,242
E00027081,335,155,180
E00027086,547,267,280
E00027088,218,83,135
E00027089,375,185,190
E00027093,267,118,149
E00027109,218,86,132
E00027478,339,168,171
E00027480,458,242,216
E00027481,221,104,117
E00027504,363,195,168
E00027506,441,235,206
E00027505,446,213,233
E00027507,342,194,148
E00027508,403,233,170
E00181728,187,110,77
E00181739,190,58,132
E00181792,362,145,217
E00181801,546,284,262
E00026977,240,124,116
E00026978,318,166,152
E00026983,333,157,176
E00026988,299,140,159
E00026990,309,158,151
E00026980,371,154,217
E00026984,511,259,252
E00026992,260,133,127
E00026994,318,155,163
E00027003,274,147,127
E00026979,259,129,130
E00026981,364,187,177
E00027011,334,173,161
E00027012,282,147,135
E00027015,284,143,141
E00027027,281,147,134
E00027029,330,160,170
E00027033,344,174,170
E00027044,282,148,134
E00027082,448,221,227
E00027085,468,241,227
E00027087,501,234,267
E00027112,390,184,206
E00181732,183,96,87
E00181742,516,254,262
E00027105,363,186,177
E00027107,477,245,232
E00027111,488,248,240
E00168620,316,165,151
E00168621,443,220,223
E00027090,401,195,206
E00027091,258,98,160
E00027092,382,184,198
E00027095,488,259,229
E00027094,525,257,268
E00027097,497,241,256
E00181717,488,245,243
E00027099,558,268,290
E00027100,303,157,146
E00027108,471,237,234
E00027110,472,255,217
E00026985,338,182,156
E00026987,295,152,143
E00026991,315,160,155
E00026996,232,117,115
E00168608,276,138,138
E00168609,405,224,181
E00168615,106,52,54
E00026986,329,172,157
E00026989,294,135,159
E00026993,281,143,138
E00026995,281,152,129
E00026997,352,173,179
E00026998,253,121,132
E00026999,265,140,125
E00027000,450,236,214
E00027001,284,147,137
E00027002,421,210,211
E00027004,304,160,144
E00027020,346,176,170
E00027039,333,178,155
E00027040,349,179,170
E00027046,397,214,183
E00027013,247,135,112
E00027016,284,142,142
E00027017,390,197,193
E00027019,276,138,138
E00027021,381,205,176
E00027043,364,192,172
E00027255,258,129,129
E00027273,315,155,160
E00027274,351,184,167
E00027276,278,153,125
E00027277,272,145,127
E00027275,249,128,121
E00027278,289,164,125
E00027279,264,135,129
E00027280,232,131,101
E00027281,301,157,144
E00027263,296,152,144
E00027283,281,152,129
E00027285,344,178,166
E00165784,394,214,180
E00165785,241,131,110
E00165786,211,98,113
E00027437,289,150,139
E00027438,274,146,128
E00027439,307,150,157
E00027440,266,128,138
E00027442,274,135,139
E00027485,434,223,211
E00027487,585,307,278
E00181733,267,142,125
E00181751,449,228,221
E00181794,424,227,197
E00181796,207,110,97
E00027489,370,183,187
E00027495,348,190,158
E00027497,384,188,196
E00027500,384,209,175
E00027502,376,185,191
E00027581,340,171,169
E00027611,363,193,170
E00027614,382,198,184
E00027616,504,259,245
E00027617,549,285,264
E00027618,454,234,220
E00027619,401,206,195
E00027620,410,196,214
E00027621,282,151,131
E00027360,465,246,219
E00027361,227,111,116
E00027381,529,273,256
E00027386,217,128,89
E00027392,227,111,116
E00027394,351,172,179
E00027385,303,162,141
E00027387,367,192,175
E00027390,322,167,155
E00027391,304,150,154
E00027393,272,142,130
E00027368,311,157,154
E00027369,265,142,123
E00027371,218,115,103
E00027372,319,166,153
E00027373,248,127,121
E00027374,272,143,129
E00027375,236,125,111
E00027377,249,125,124
E00027407,292,154,138
E00027376,267,133,134
E00027379,279,134,145
E00027380,287,142,145
E00027383,297,144,153
E00027384,277,136,141
E00027416,349,174,175
E00027418,291,139,152
E00027419,313,152,161
E00027420,328,171,157
E00027445,310,157,153
E00027411,324,186,138
E00027412,343,176,167
E00027414,240,129,111
E00027417,257,134,123
E00027441,285,153,132
E00027409,280,148,132
E00027410,362,192,170
E00027415,365,192,173
E00027432,270,130,140
E00027443,130,83,47
E00027444,209,109,100
E00026948,134,65,69
E00026949,480,246,234
E00026950,345,187,158
E00026952,498,245,253
E00181737,402,184,218
E00181765,238,109,129
E00181774,238,97,141
E00026973,593,297,296
E00026974,590,302,288
E00026975,427,219,208
E00026976,547,282,265
E00168617,322,176,146
E00168618,518,266,252
E00027479,593,281,312
E00027490,448,237,211
E00027498,540,263,277
E00181727,398,206,192
E00181800,233,125,108
E00027483,548,261,287
E00027493,477,249,228
E00027499,500,231,269
E00027501,395,189,206
E00027488,583,314,269
E00027491,368,179,189
E00027496,478,230,248
E00168616,419,202,217
E00168619,291,149,142
E00181744,399,196,203
E00181804,312,137,175
E00026945,506,251,255
E00026953,542,270,272
E00026954,549,279,270
E00026958,407,215,192
E00181773,285,160,125
E00181820,410,198,212
E00027522,238,107,131
E00027523,212,105,107
E00027524,346,167,179
E00027526,327,156,171
E00027529,267,126,141
E00181756,441,229,212
E00181758,332,169,163
E00027531,511,259,252
E00027532,391,191,200
E00027541,498,236,262
E00181778,373,186,187
E00181808,275,131,144
E00027638,412,231,181
E00027643,428,233,195
E00181775,399,214,185
E00181815,531,284,247
E00027253,534,277,257
E00027260,311,165,146
E00027262,235,117,118
E00027265,473,235,238
E00181779,371,203,168
E00181790,271,141,130
E00027254,296,158,138
E00027261,127,64,63
E00027266,272,153,119
E00027269,296,161,135
E00027271,240,131,109
E00027272,316,176,140
E00027282,619,324,295
E00027286,240,129,111
E00027288,302,161,141
E00165779,343,184,159
E00027259,214,119,95
E00027264,263,157,106
E00027267,265,151,114
E00027268,348,181,167
E00027270,213,124,89
E00027287,275,141,134
E00165778,243,133,110
E00027052,346,149,197
E00027057,357,180,177
E00027058,294,143,151
E00027063,388,174,214
E00027065,205,93,112
E00027047,400,217,183
E00027049,289,147,142
E00027051,413,212,201
E00027062,315,160,155
E00027048,268,130,138
E00027056,267,136,131
E00027061,394,199,195
E00027072,345,162,183
E00181795,320,167,153
E00181812,319,159,160
E00027246,224,102,122
E00027247,540,283,257
E00027248,359,181,178
E00027249,292,156,136
E00027250,538,281,257
E00027005,258,140,118
E00027006,578,295,283
E00027007,516,278,238
E00027008,323,174,149
E00027009,268,139,129
E00027010,353,177,176
E00027053,241,115,126
E00027054,271,149,122
E00027055,337,169,168
E00027060,296,144,152
E00027079,271,145,126
E00027059,328,164,164
E00027067,311,149,162
E00027070,266,130,136
E00027071,258,131,127
E00027075,341,170,171
E00027069,261,139,122
E00027073,279,138,141
E00027076,257,132,125
E00027077,285,132,153
E00027078,312,163,149
E00027050,380,189,191
E00027066,378,188,190
E00027068,280,147,133
E00027074,273,142,131
E00026957,334,179,155
E00026959,435,212,223
E00026960,364,183,181
E00026962,376,202,174
E00026946,400,199,201
E00026969,379,213,166
E00026971,424,222,202
E00026972,368,192,176
E00026964,318,163,155
E00026966,259,137,122
E00026967,407,205,202
E00026968,267,141,126
E00026970,372,197,175
E00026961,139,76,63
E00026963,440,203,237
E00026965,268,133,135
E00181734,515,260,255
E00181793,135,78,57
E00027513,562,273,289
E00027537,463,232,231
E00027542,449,232,217
E00027543,408,207,201
E00027544,419,167,252
E00181771,341,165,176
E00181811,326,157,169
E00027236,415,230,185
E00027238,379,204,175
E00027240,496,248,248
E00027241,456,233,223
E00027233,426,239,187
E00027235,313,170,143
E00027237,288,164,124
E00027239,268,153,115
E00027219,402,209,193
E00027242,292,150,142
E00027244,360,189,171
E00027245,460,249,211
E00027222,308,147,161
E00027223,234,118,116
E00027226,396,210,186
E00027227,355,179,176
E00027228,316,167,149
E00027512,291,149,142
E00027514,300,143,157
E00027515,326,178,148
E00027516,345,182,163
E00027539,326,171,155
E00027159,266,139,127
E00027166,245,126,119
E00027167,303,150,153
E00027168,273,143,130
E00027171,268,141,127
E00027154,284,146,138
E00027163,284,140,144
E00027169,244,131,113
E00027172,193,108,85
E00027173,285,143,142
E00027176,295,150,145
E00027160,359,161,198
E00027161,259,127,132
E00027162,272,148,124
E00027164,318,160,158
E00027165,310,172,138
E00027220,308,154,154
E00027221,312,159,153
E00027225,250,130,120
E00027229,272,153,119
E00027234,303,158,145
E00027224,386,206,180
E00027230,287,153,134
E00027231,285,147,138
E00027232,310,158,152
E00027243,287,153,134
E00027153,295,140,155
E00027155,318,162,156
E00027170,326,173,153
E00027175,404,204,200
E00027179,425,207,218
E00027191,338,195,143
E00027212,307,163,144
E00027214,420,256,164
E00027216,265,153,112
E00181729,337,159,178
E00181797,301,156,145
E00027187,305,163,142
E00027193,267,133,134
E00027195,219,116,103
E00027198,182,106,76
E00027201,303,158,145
E00027218,302,147,155
E00027189,280,146,134
E00027213,433,218,215
E00027215,433,223,210
E00027217,326,158,168
E00027157,334,158,176
E00027178,244,121,123
E00027180,254,131,123
E00027181,327,168,159
E00027182,217,123,94
E00027150,218,122,96
E00027151,432,235,197
E00027174,220,121,99
E00027177,171,109,62
E00027183,299,168,131
E00027184,215,114,101
E00027152,433,205,228
E00027156,292,157,135
E00027158,322,166,156
E00027185,372,183,189
E00027517,345,187,158
E00027518,280,150,130
E00027519,304,153,151
E00027520,187,103,84
E00027521,336,169,167
E00027186,282,139,143
E00027190,350,194,156
E00027192,374,199,175
E00027197,272,149,123
E00027196,268,144,124
E00027200,340,187,153
E00027202,304,165,139
E00027204,281,136,145
E00027194,342,178,164
E00027199,301,151,150
E00027203,315,169,146
E00027205,237,128,109
E00027208,291,144,147
E00027206,327,164,163
E00027207,246,134,112
E00027209,296,138,158
E00027210,332,170,162
E00027211,302,156,146
E00027631,566,302,264
E00027649,366,190,176
E00027651,576,295,281
E00027654,525,254,271
E00181738,307,167,140
E00181753,367,190,177
E00027629,268,135,133
E00027633,250,144,106
E00027634,604,312,292
E00027653,566,291,275
E00027625,492,233,259
E00027628,428,190,238
E00027639,379,199,180
E00168625,394,203,191
E00027641,124,60,64
E00027642,556,259,297
E00027644,525,246,279
E00027647,404,188,216
E00027510,532,259,273
E00027527,616,309,307
E00027528,442,222,220
E00027530,446,214,232
E00027535,449,240,209
E00027536,589,312,277
E00027538,498,259,239
E00027540,291,158,133
E00027630,598,303,295
E00027646,503,254,249
E00168606,420,211,209
E00168607,200,106,94
E00168610,460,230,230
E00168611,242,133,109
E00027627,438,182,256
E00027635,468,234,234
E00181755,254,133,121
E00181776,473,238,235
E00181791,413,206,207
E00181813,160,88,72
E00027950,328,153,175
E00027951,235,118,117
E00027952,288,151,137
E00027953,338,184,154
E00027954,398,204,194
E00027920,373,186,187
E00027922,252,134,118
E00027929,362,193,169
E00027955,270,134,136
E00027957,243,139,104
E00027958,217,118,99
E00027930,248,122,126
E00027931,219,103,116
E00027932,289,152,137
E00027933,236,118,118
E00027934,241,124,117
E00027937,250,126,124
E00027935,320,165,155
E00027940,267,139,128
E00027941,265,141,124
E00027960,322,159,163
E00172367,349,180,169
E00172370,308,151,157
E00027921,400,202,198
E00027923,307,150,157
E00027924,245,116,129
E00027956,334,157,177
E00027959,277,141,136
E00028308,230,113,117
E00028311,361,174,187
E00028318,345,178,167
E00028325,296,144,152
E00028327,279,142,137
E00028321,281,146,135
E00028322,273,139,134
E00028323,336,175,161
E00028324,363,186,177
E00181724,446,220,226
E00181745,285,144,141
E00028298,292,153,139
E00028304,286,156,130
E00028305,259,134,125
E00028307,420,220,200
E00028309,291,142,149
E00027928,325,163,162
E00027942,352,174,178
E00027944,309,154,155
E00027945,293,152,141
E00027943,300,164,136
E00027946,293,145,148
E00027947,287,139,148
E00027948,313,157,156
E00027949,240,128,112
E00027925,249,138,111
E00027926,335,174,161
E00027927,348,165,183
E00027936,198,101,97
E00027938,323,160,163
E00028300,499,254,245
E00028312,365,190,175
E00028316,178,95,83
E00028320,365,182,183
E00181757,161,78,83
E00181798,588,298,290
E00028231,506,269,237
E00028235,134,50,84
E00028236,464,231,233
E00028268,437,227,210
E00028233,374,181,193
E00028244,474,234,240
E00028246,479,249,230
E00028250,536,271,265
E00028263,356,190,166
E00028264,443,235,208
E00028265,305,142,163
E00028266,165,78,87
E00028267,348,170,178
E00028313,442,220,222
E00028314,350,176,174
E00181759,508,245,263
E00181760,282,155,127
E00181761,174,95,79
E00181764,301,153,148
E00028299,220,109,111
E00028301,300,164,136
E00028302,326,158,168
E00028315,152,78,74
E00028317,134,73,61
E00028319,196,108,88
E00027787,308,156,152
E00027792,277,143,134
E00027799,322,171,151
E00027804,342,186,156
E00027798,375,196,179
E00027803,465,244,221
E00172363,563,78,485
E00172371,168,92,76
E00027778,215,112,103
E00027779,232,127,105
E00027790,241,122,119
E00027791,304,173,131
E00027806,197,107,90
E00027809,247,116,131
E00027780,390,194,196
E00027781,500,259,241
E00027801,234,112,122
E00027808,349,177,172
E00027817,289,160,129
E00027782,430,228,202
E00027785,287,154,133
E00027802,372,183,189
E00027814,275,142,133
E00027815,390,196,194
E00027784,552,272,280
E00027793,270,137,133
E00027810,274,144,130
E00027816,280,142,138
E00027819,393,196,197
E00027786,202,109,93
E00027800,299,159,140
E00027811,290,148,142
E00027813,370,187,183
E00027818,345,175,170
E00027788,313,166,147
E00027794,315,161,154
E00027795,295,146,149
E00027796,294,151,143
E00027797,319,165,154
E00027822,331,171,160
E00027823,225,114,111
E00027824,151,73,78
E00027826,246,126,120
E00027827,291,148,143
E00027833,267,137,130
E00028192,306,158,148
E00028218,347,175,172
E00028220,297,152,145
E00028224,418,205,213
E00028225,282,155,127
E00028219,302,148,154
E00028221,261,133,128
E00028222,297,152,145
E00028226,196,106,90
E00028228,252,130,122
E00028193,295,153,142
E00028195,323,168,155
E00028200,326,162,164
E00028223,292,163,129
E00028229,264,131,133
E00028191,323,169,154
E00028196,284,143,141
E00028197,348,177,171
E00028199,359,185,174
E00028227,118,60,58
E00028198,398,180,218
E00028201,333,168,165
E00028202,335,175,160
E00028203,313,168,145
E00028204,350,188,162
E00028270,329,165,164
E00028272,283,163,120
E00028284,356,174,182
E00028285,400,196,204
E00028283,203,115,88
E00028286,196,107,89
E00028289,280,160,120
E00028291,229,125,104
E00028294,187,96,91
E00028295,219,119,100
E00028237,288,162,126
E00028240,247,120,127
E00028241,432,223,209
E00028249,310,152,158
E00028251,370,185,185
E00028238,258,135,123
E00028239,425,211,214
E00028242,478,239,239
E00028243,466,254,212
E00028245,346,175,171
E00028255,316,156,160
E00028260,442,209,233
E00028261,403,201,202
E00172365,300,146,154
E00172366,293,153,140
E00028230,485,234,251
E00028256,306,154,152
E00028259,453,220,233
E00028262,321,156,165
E00028247,569,272,297
E00028248,458,217,241
E00028252,386,199,187
E00028253,350,181,169
E00028232,437,223,214
E00028254,330,171,159
E00028257,444,213,231
E00028258,456,229,227
E00027783,319,158,161
E00027805,365,190,175
E00027807,289,148,141
E00027812,346,193,153
E00028271,249,121,128
E00028287,270,143,127
E00028288,346,175,171
E00028292,510,261,249
E00028293,324,157,167
E00028269,406,199,207
E00028273,539,266,273
E00028274,558,288,270
E00028278,402,201,201
E00028275,215,93,122
E00028276,368,197,171
E00028290,268,142,126
E00028296,302,156,146
E00028297,432,235,197
E00028277,355,175,180
E00028279,422,213,209
E00028280,401,205,196
E00028281,245,122,123
E00028282,216,128,88
E00027694,406,213,193
E00027704,378,191,187
E00027706,283,146,137
E00027707,314,171,143
E00027711,264,128,136
E00027697,339,173,166
E00027698,490,243,247
E00027705,439,231,208
E00027710,431,215,216
E00027755,489,194,295
E00027767,225,107,118
E00027768,287,149,138
E00027770,239,97,142
E00027772,122,46,76
E00027773,143,39,104
E00027776,157,73,84
E00027746,447,221,226
E00027753,533,276,257
E00027761,146,65,81
E00027771,228,115,113
E00181718,132,49,83
E00027748,288,139,149
E00027754,468,245,223
E00027758,476,259,217
E00027759,473,217,256
E00027777,325,152,173
E00027750,307,158,149
E00027751,357,189,168
E00027762,339,172,167
E00027763,351,155,196
E00027766,344,171,173
E00027752,527,262,265
E00027764,410,212,198
E00027765,515,262,253
E00027769,337,175,162
E00027689,269,141,128
E00027693,390,203,187
E00027696,311,160,151
E00027702,349,186,163
E00028210,350,180,170
E00028213,344,173,171
E00028214,299,146,153
E00028216,408,219,189
E00028217,311,164,147
E00028205,414,227,187
E00028206,406,208,198
E00028207,381,184,197
E00028215,323,170,153
E00028194,316,157,159
E00028208,354,186,168
E00028209,262,133,129
E00028211,233,121,112
E00028212,294,144,150
E00027674,355,179,176
E00027675,399,204,195
E00027676,342,184,158
E00027677,402,199,203
E00027680,324,161,163
E00028158,447,236,211
E00028163,387,204,183
E00028165,496,244,252
E00028166,532,260,272
E00028167,309,164,145
E00028159,359,181,178
E00028169,394,207,187
E00028170,424,214,210
E00028171,395,192,203
E00028172,541,288,253
E00028173,444,238,206
E00028174,249,127,122
E00028181,388,211,177
E00172361,386,177,209
E00172362,335,178,157
E00028156,316,167,149
E00028184,261,138,123
E00028185,312,154,158
E00028186,401,192,209
E00028189,284,136,148
E00028190,369,197,172
E00028178,340,172,168
E00028182,328,168,160
E00028183,345,195,150
E00028187,405,212,193
E00028188,375,197,178
E00028122,268,139,129
E00028131,313,158,155
E00028133,378,184,194
E00028146,287,150,137
E00028155,280,144,136
E00028124,275,148,127
E00028126,276,146,130
E00028143,241,119,122
E00028149,330,162,168
E00028151,345,188,157
E00028119,340,173,167
E00028130,265,137,128
E00028132,320,163,157
E00028135,230,112,118
E00028138,305,159,146
E00028157,234,134,100
E00028176,278,137,141
E00028177,261,111,150
E00028180,291,155,136
E00181735,356,188,168
E00181785,464,235,229
E00028144,308,153,155
E00028145,320,171,149
E00028147,456,227,229
E00028152,302,156,146
E00028118,347,183,164
E00028148,270,134,136
E00028153,272,147,125
E00028154,248,122,126
E00028123,291,148,143
E00028125,301,158,143
E00028128,477,244,233
E00028129,235,130,105
E00028150,288,147,141
E00028121,316,159,157
E00028127,250,118,132
E00028136,231,118,113
E00028137,249,138,111
E00028139,366,187,179
E00028120,267,132,135
E00028134,326,164,162
E00028140,345,182,163
E00028141,318,141,177
E00028142,253,126,127
E00027690,345,167,178
E00027695,461,236,225
E00027699,505,246,259
E00181752,545,274,271
E00181767,180,93,87
E00027691,480,229,251
E00027703,488,246,242
E00027709,441,225,216
E00027713,287,147,140
E00027700,435,222,213
E00027701,490,233,257
E00027708,454,232,222
E00027712,399,205,194
E00027747,430,210,220
E00027749,509,243,266
E00027756,322,160,162
E00027757,506,238,268
E00027760,608,286,322
E00028161,452,205,247
E00028162,409,208,201
E00028164,535,263,272
E00028168,346,171,175
E00181750,340,176,164
E00181782,331,171,160
E00027679,456,227,229
E00027681,445,238,207
E00027682,193,93,100
E00027684,428,230,198
E00027685,449,242,207
E00027655,379,202,177
E00027658,339,171,168
E00027662,366,183,183
E00027678,422,222,200
E00027686,303,151,152
E00027656,280,151,129
E00027661,206,97,109
E00027663,254,132,122
E00027668,346,193,153
E00027671,471,265,206
E00027683,230,120,110
E00027687,414,197,217
E00027688,277,142,135
E00027659,195,87,108
E00027664,387,217,170
E00027665,397,213,184
E00027666,232,114,118
E00027667,248,139,109
E00027670,514,272,242
E00027657,406,210,196
E00027669,231,126,105
E00027672,246,132,114
E00027673,251,142,109
E00181741,620,318,302
E00181810,250,121,129
E00181821,159,72,87
E00027735,268,131,137
E00027742,288,132,156
E00027743,287,142,145
E00027745,296,142,154
E00181743,122,53,69
E00181789,535,256,279
E00027716,250,128,122
E00027718,362,187,175
E00027738,212,105,107
E00027739,261,138,123
E00027740,239,132,107
E00027741,449,225,224
E00027717,287,146,141
E00027719,303,160,143
E00027720,330,170,160
E00027736,304,151,153
E00027744,364,196,168
E00027714,391,212,179
E00027721,348,178,170
E00027722,587,311,276
E00027723,294,149,145
E00027724,356,167,189
E00027726,301,148,153
E00027727,279,126,153
E00027729,310,165,145
E00027730,262,135,127
E00027731,262,137,125
E00027733,237,133,104
E00027715,441,223,218
E00027725,268,144,124
E00027728,209,106,103
E00027732,325,161,164
E00027734,435,243,192
E00027820,333,179,154
E00027828,307,148,159
E00027829,322,176,146
E00027831,304,154,150
E00027832,296,157,139
E00027842,330,158,172
E00027821,242,133,109
E00027834,253,131,122
E00027841,247,130,117
E00027843,259,128,131
E00027845,276,126,150
E00027848,155,83,72
E00027850,355,164,191
E00027849,291,145,146
E00027851,297,158,139
E00027852,221,110,111
E00027853,275,138,137
E00027854,295,146,149
E00027858,460,245,215
E00027861,285,150,135
E00027862,308,147,161
E00027865,284,142,142
E00027866,303,161,142
E00027857,240,132,108
E00027859,245,122,123
E00027867,302,157,145
E00027887,445,248,197
E00027889,228,127,101
E00181770,290,158,132
E00181802,430,222,208
E00027863,261,135,126
E00027884,213,107,106
E00027886,178,74,104
E00027888,245,127,118
E00027891,283,141,142
E00181719,267,125,142
E00027904,253,130,123
E00027905,327,165,162
E00027906,253,128,125
E00027909,261,137,124
E00027893,274,147,127
E00027894,379,197,182
E00027907,292,145,147
E00027908,308,164,144
E00027910,265,127,138
E00027912,214,113,101
E00027914,323,160,163
E00027915,308,152,156
E00027916,330,176,154
E00027897,347,195,152
E00027898,319,169,150
E00027911,173,89,84
E00027913,319,162,157
E00027919,392,199,193
E00027895,247,137,110
E00027899,295,150,145
E00027902,381,211,170
E00027917,289,145,144
E00181731,251,130,121
E00181740,379,195,184
E00027892,397,226,171
E00027900,281,150,131
E00027901,380,199,181
E00027903,430,240,190
E00027918,310,174,136
E00027825,281,161,120
E00027836,214,116,98
E00027838,264,135,129
E00027839,296,157,139
E00027840,317,163,154
E00027830,289,147,142
E00027835,324,164,160
E00027837,224,119,105
E00027844,242,116,126
E00027846,251,129,122
E00027847,260,134,126
E00027869,363,182,181
E00027870,337,161,176
E00027876,307,151,156
E00027878,312,144,168
E00027855,341,166,175
E00027868,281,149,132
E00027871,321,168,153
E00027872,295,153,142
E00027873,307,138,169
E00027856,276,145,131
E00027874,311,165,146
E00027875,263,134,129
E00027880,308,152,156
E00181725,281,137,144
E00181726,307,154,153
E00181768,374,182,192
E00181818,142,74,68
E00027877,232,119,113
E00027879,312,160,152
E00027881,307,159,148
E00027882,272,144,128
E00172368,484,242,242
E00172369,410,219,191
E00027961,297,146,151
E00027983,349,188,161
E00027988,310,157,153
E00027989,323,167,156
E00027990,192,92,100
E00027968,298,141,157
E00027969,425,223,202
E00027977,353,170,183
E00027978,234,113,121
E00027991,269,141,128
E00027992,306,162,144
E00027963,546,274,272
E00027964,392,197,195
E00027970,307,146,161
E00027975,387,209,178
E00027979,277,149,128
E00027972,247,124,123
E00027974,287,142,145
E00027980,349,164,185
E00027981,369,197,172
E00027985,296,138,158
E00028024,293,139,154
E00028033,300,156,144
E00028035,355,197,158
E00028036,413,225,188
E00028044,352,181,171
E00028029,157,78,79
E00028030,264,131,133
E00028031,339,180,159
E00028032,243,132,111
E00028034,246,115,131
E00027965,359,182,177
E00027971,435,219,216
E00027973,251,138,113
E00027976,351,186,165
E00181781,273,131,142
E00181806,389,217,172
E00027962,336,181,155
E00027966,332,185,147
E00027967,267,140,127
E00027984,183,106,77
E00027986,297,161,136
E00027987,243,133,110
E00028100,453,243,210
E00028106,297,163,134
E00028107,589,297,292
E00028108,295,174,121
E00172364,394,195,199
E00028098,369,199,170
E00028101,432,247,185
E00028111,403,207,196
E00028114,461,211,250
E00028115,372,203,169
E00028116,303,165,138
E00028097,346,191,155
E00028102,504,254,250
E00028103,395,200,195
E00028113,395,205,190
E00028117,396,195,201
E00028096,574,289,285
E00028099,302,159,143
E00028104,459,221,238
E00028105,331,169,162
E00028110,491,257,234
E00027995,397,190,207
E00028019,300,152,148
E00028020,254,136,118
E00028021,213,95,118
E00028022,251,133,118
E00027997,292,141,151
E00028002,287,146,141
E00028003,228,115,113
E00028004,309,158,151
E00028006,353,180,173
E00028023,278,130,148
E00028027,247,127,120
E00028039,291,142,149
E00028045,250,128,122
E00028046,203,98,105
E00028037,373,202,171
E00028040,290,147,143
E00028042,234,118,116
E00028043,283,152,131
E00028047,304,157,147
E00028038,296,147,149
E00028049,400,206,194
E00028057,373,205,168
E00028059,279,139,140
E00028025,310,153,157
E00028051,276,152,124
E00028054,353,181,172
E00028055,324,178,146
E00028056,268,139,129
E00028026,227,118,109
E00028028,607,323,284
E00028058,170,98,72
E00028060,348,179,169
E00028061,262,130,132
E00027994,202,105,97
E00027998,298,147,151
E00027999,258,131,127
E00028016,236,109,127
E00028017,213,115,98
E00028018,414,205,209
E00028041,261,131,130
E00028048,268,146,122
E00028050,256,117,139
E00028052,287,148,139
E00028053,243,122,121
E00028064,230,117,113
E00028065,215,101,114
E00028091,284,160,124
E00028094,250,117,133
E00028095,261,133,128
E00028066,305,157,148
E00028071,322,163,159
E00028073,430,227,203
E00028074,406,202,204
E00028075,292,148,144
E00028062,321,155,166
E00028063,196,95,101
E00028090,273,148,125
E00028092,160,70,90
E00028093,323,170,153
E00027993,336,179,157
E00027996,337,178,159
E00028000,268,139,129
E00028001,180,96,84
E00028005,337,171,166
E00028012,300,162,138
E00028013,228,119,109
E00028014,211,108,103
E00028015,420,219,201
E00028007,413,217,196
E00028008,325,173,152
E00028009,247,135,112
E00028010,291,141,150
E00028011,275,135,140
E00028069,304,159,145
E00028082,248,117,131
E00028085,311,163,148
E00028087,297,151,146
E00028089,315,162,153
E00028083,307,146,161
E00028084,312,161,151
E00028086,311,155,156
E00028088,320,165,155
E00028070,327,171,156
E00028072,279,138,141
E00028077,304,154,150
E00028078,318,164,154
E00028081,319,157,162
E00028067,388,195,193
E00028068,289,147,142
E00028076,283,150,133
E00028079,242,129,113
E00028080,264,134,130
E00028647,371,200,171
E00028660,321,168,153
E00028669,314,159,155
E00028670,263,134,129
E00028675,276,140,136
E00028649,298,151,147
E00028667,494,280,214
E00028671,321,165,156
E00028672,203,110,93
E00028673,284,150,134
E00028674,223,111,112
E00028653,249,131,118
E00028654,256,123,133
E00028655,314,171,143
E00028656,296,148,148
E00028658,411,209,202
E00028643,307,173,134
E00028663,340,201,139
E00028664,386,203,183
E00028666,323,172,151
E00028668,350,194,156
E00028642,377,201,176
E00028659,369,194,175
E00028661,459,234,225
E00028662,405,215,190
E00028665,491,274,217
E00028867,292,162,130
E00028876,315,158,157
E00028878,279,155,124
E00028886,256,119,137
E00028888,274,135,139
E00028893,332,178,154
E00028889,293,150,143
E00028891,267,144,123
E00028892,269,146,123
E00028896,264,131,133
E00028898,253,124,129
E00028869,263,143,120
E00028870,270,152,118
E00028899,260,146,114
E00028900,237,125,112
E00028903,255,130,125
E00028904,252,114,138
E00028872,249,116,133
E00028873,241,119,122
E00028874,169,88,81
E00028901,322,154,168
E00028902,306,156,150
E00028908,146,75,71
E00028868,351,180,171
E00028877,284,137,147
E00028890,249,136,113
E00028894,302,173,129
E00028897,253,132,121
E00172942,258,140,118
E00172962,210,104,106
E00181653,211,111,100
E00181678,117,57,60
E00181710,408,209,199
E00028871,234,121,113
E00028875,393,205,188
E00028880,250,128,122
E00028895,389,189,200
E00028905,251,135,116
E00028906,236,120,116
E00028884,371,198,173
E00028907,185,116,69
E00181640,325,165,160
E00181669,296,146,150
E00181673,215,110,105
E00181707,204,100,104
E00181711,367,183,184
E00028881,347,180,167
E00028882,295,147,148
E00028883,256,122,134
E00028885,243,132,111
E00028640,288,147,141
E00028641,454,222,232
E00028644,486,238,248
E00028648,399,204,195
E00028657,272,137,135
E00028645,292,155,137
E00028646,273,141,132
E00028650,357,182,175
E00028651,351,187,164
E00028652,351,190,161
E00028911,318,167,151
E00028912,270,144,126
E00028914,370,196,174
E00028949,305,157,148
E00028953,344,182,162
E00028918,306,160,146
E00028928,365,189,176
E00028950,286,155,131
E00028958,264,134,130
E00181620,424,222,202
E00181694,237,110,127
E00181709,262,134,128
E00028718,417,198,219
E00028719,321,176,145
E00028721,326,152,174
E00028724,251,123,128
E00028725,203,112,91
E00028729,242,133,109
E00028726,256,138,118
E00028728,296,156,140
E00028730,237,119,118
E00028733,245,126,119
E00028735,247,126,121
E00028706,340,164,176
E00028747,312,158,154
E00028748,319,168,151
E00028749,252,118,134
E00028707,307,162,145
E00028708,288,150,138
E00028710,304,157,147
E00028711,363,189,174
E00028714,320,161,159
E00028789,277,149,128
E00028804,278,142,136
E00028807,323,159,164
E00028808,311,170,141
E00028810,272,147,125
E00028786,227,116,111
E00028795,502,250,252
E00028796,312,155,157
E00028801,278,151,127
E00028806,247,122,125
E00028784,309,149,160
E00028785,267,140,127
E00028792,235,121,114
E00028800,328,158,170
E00028824,274,131,143
E00028791,337,180,157
E00028793,188,91,97
E00028803,242,118,124
E00028823,304,159,145
E00028825,304,158,146
E00028919,357,174,183
E00028920,265,134,131
E00028955,224,120,104
E00028956,321,157,164
E00028957,227,109,118
E00028916,409,208,201
E00028917,246,105,141
E00028922,278,142,136
E00028959,314,155,159
E00181682,438,237,201
E00181688,153,82,71
E00028930,273,140,133
E00028931,305,161,144
E00028933,273,131,142
E00028936,269,141,128
E00028938,505,259,246
E00028923,296,163,133
E00028925,554,294,260
E00028926,259,132,127
E00028929,308,162,146
E00028932,296,156,140
E00028924,320,157,163
E00028927,250,125,125
E00028934,323,160,163
E00028935,311,158,153
E00028937,255,132,123
E00028939,287,143,144
E00028913,213,114,99
E00028915,284,124,160
E00028921,337,169,168
E00028947,194,99,95
E00028948,281,142,139
E00028952,290,148,142
E00028716,358,182,176
E00028732,280,152,128
E00028736,285,151,134
E00028737,278,149,129
E00028739,286,145,141
E00028703,288,146,142
E00028712,311,162,149
E00028713,296,158,138
E00028715,335,177,158
E00028717,339,178,161
E00028704,269,137,132
E00028705,350,189,161
E00028720,327,181,146
E00028722,289,155,134
E00028723,315,179,136
E00172965,214,104,110
E00172966,247,133,114
E00172968,209,105,104
E00172970,357,178,179
E00028746,276,134,142
E00172963,1047,66,981
E00181617,457,251,206
E00181697,264,127,137
E00028788,221,118,103
E00028798,372,180,192
E00028805,203,108,95
E00028809,266,151,115
E00028816,495,246,249
E00028820,245,118,127
E00028790,326,169,157
E00028811,267,139,128
E00028813,265,133,132
E00028814,240,128,112
E00028815,272,135,137
E00028812,231,116,115
E00028817,220,110,110
E00028818,277,142,135
E00028819,273,141,132
E00028821,278,143,135
E00028822,288,148,140
E00028787,260,133,127
E00028794,328,166,162
E00028797,223,114,109
E00028799,311,170,141
E00028802,312,176,136
E00028580,301,154,147
E00028604,579,290,289
E00028607,461,216,245
E00181614,313,131,182
E00181666,598,261,337
E00028577,450,220,230
E00028582,288,158,130
E00028606,319,150,169
E00028608,306,147,159
E00028609,361,187,174
E00028587,398,200,198
E00028598,618,265,353
E00028599,475,212,263
E00181574,501,228,273
E00028581,418,218,200
E00028588,510,243,267
E00028591,485,238,247
E00173013,479,230,249
E00173015,383,143,240
E00028601,303,154,149
E00028602,384,192,192
E00028603,244,114,130
E00028605,365,213,152
E00028610,204,108,96
E00028578,324,161,163
E00028585,286,154,132
E00028595,196,104,92
E00028596,277,137,140
E00028611,288,139,149
E00181611,352,177,175
E00181627,366,187,179
E00181665,263,135,128
E00028579,385,200,185
E00028584,341,184,157
E00028590,480,235,245
E00028594,350,182,168
E00028575,347,177,170
E00028576,269,144,125
E00028592,210,101,109
E00028597,460,238,222
E00028600,279,128,151
E00028701,250,134,116
E00028709,241,115,126
E00028727,240,113,127
E00028731,277,139,138
E00028738,293,156,137
E00028742,268,144,124
E00028702,345,170,175
E00028734,369,209,160
E00028740,358,174,184
E00028741,222,117,105
E00028743,279,142,137
E00028850,295,150,145
E00028853,259,129,130
E00028855,312,158,154
E00028857,484,247,237
E00028859,361,180,181
E00028829,516,288,228
E00028844,375,195,180
E00028852,300,150,150
E00028860,307,155,152
E00028865,285,151,134
E00028828,393,220,173
E00028831,225,119,106
E00028835,228,122,106
E00028836,245,126,119
E00028841,274,143,131
E00028846,380,190,190
E00028827,288,146,142
E00028830,273,132,141
E00028832,316,168,148
E00028837,277,144,133
E00028851,359,184,175
E00028910,345,177,168
E00028940,419,211,208
E00028941,344,176,168
E00028944,284,152,132
E00028946,243,123,120
E00028909,544,258,286
E00028942,312,166,146
E00028943,401,199,202
E00028945,298,159,139
E00029039,254,139,115
E00029040,306,155,151
E00029041,271,124,147
E00029058,324,177,147
E00029070,267,143,124
E00029052,249,130,119
E00029054,288,141,147
E00029057,236,123,113
E00029061,283,137,146
E00029063,367,183,184
E00029038,212,112,100
E00029056,300,151,149
E00029059,258,134,124
E00029065,263,134,129
E00029071,333,162,171
E00029045,298,154,144
E00029048,324,172,152
E00029051,275,151,124
E00029073,318,156,162
E00029075,291,144,147
E00029042,275,138,137
E00029044,368,183,185
E00029068,264,142,122
E00029074,251,140,111
E00181675,355,193,162
E00181696,493,255,238
E00028856,278,134,144
E00028858,363,177,186
E00028861,354,183,171
E00028863,267,131,136
E00028864,295,147,148
E00028833,223,109,114
E00028839,289,141,148
E00028843,386,194,192
E00028854,300,147,153
E00028862,334,167,167
E00029069,278,138,140
E00029072,422,209,213
E00029076,437,214,223
E00029077,150,87,63
E00029078,303,144,159
E00029079,344,175,169
E00029046,317,148,169
E00029050,318,154,164
E00029080,298,158,140
E00029081,283,151,132
E00029082,383,200,183
E00029053,329,174,155
E00029055,358,181,177
E00029064,379,191,188
E00029066,286,135,151
E00029083,324,169,155
E00029047,336,163,173
E00029049,356,173,183
E00029060,297,161,136
E00029062,303,163,140
E00029067,263,127,136
E00028477,236,123,113
E00028480,364,188,176
E00028484,257,126,131
E00028485,283,138,145
E00028486,231,112,119
E00028465,347,181,166
E00028468,293,142,151
E00028469,247,124,123
E00028489,285,157,128
E00028826,489,238,251
E00028834,395,201,194
E00028842,307,146,161
E00028847,349,174,175
E00028866,249,127,122
E00028838,475,234,241
E00028840,336,170,166
E00028845,442,230,212
E00028848,299,151,148
E00028849,271,147,124
E00028459,371,197,174
E00028460,331,169,162
E00028475,291,160,131
E00028476,294,149,145
E00028478,275,148,127
E00028479,278,128,150
E00028754,344,136,208
E00028755,353,177,176
E00028756,223,93,130
E00028757,140,76,64
E00028760,524,296,228
E00028762,147,38,109
E00028770,266,153,113
E00028772,596,316,280
E00028773,252,129,123
E00028776,336,196,140
E00028780,425,220,205
E00028781,273,146,127
E00173016,452,235,217
E00173018,591,290,301
E00028753,547,245,302
E00028777,315,144,171
E00028778,327,173,154
E00028783,282,144,138
E00173027,138,63,75
E00173029,116,59,57
E00181657,614,289,325
E00181691,398,211,187
E00028462,268,135,133
E00028481,261,146,115
E00028487,336,173,163
E00028488,394,198,196
E00028490,337,190,147
E00028461,312,152,160
E00028464,353,176,177
E00028467,288,149,139
E00028498,313,156,157
E00028482,342,176,166
E00028483,366,174,192
E00028491,282,146,136
E00028492,296,150,146
E00028457,355,168,187
E00028466,378,199,179
E00028493,302,138,164
E00028494,316,160,156
E00028497,224,78,146
E00029000,355,178,177
E00029006,344,167,177
E00029007,448,225,223
E00029034,313,157,156
E00029003,330,166,164
E00029004,253,129,124
E00029009,241,127,114
E00029012,317,159,158
E00029015,290,147,143
E00029001,263,129,134
E00029002,280,145,135
E00029005,257,125,132
E00029008,338,175,163
E00029010,213,102,111
E00029013,274,139,135
E00029014,310,164,146
E00029018,312,158,154
E00029019,161,83,78
E00181605,295,147,148
E00181662,437,225,212
E00028999,505,268,237
E00029035,330,168,162
E00029036,300,156,144
E00029037,336,185,151
E00028501,282,147,135
E00028505,224,78,146
E00028527,152,61,91
E00028528,223,88,135
E00028529,151,65,86
E00028531,291,136,155
E00028532,255,145,110
E00028518,408,226,182
E00028525,464,224,240
E00028534,566,256,310
E00028535,338,159,179
E00181623,331,155,176
E00181658,344,168,176
E00028506,271,144,127
E00028510,319,150,169
E00028512,276,148,128
E00028516,314,153,161
E00028539,352,182,170
E00028507,270,143,127
E00028513,371,178,193
E00028514,314,164,150
E00028517,325,164,161
E00028540,310,156,154
E00028500,369,203,166
E00028508,348,155,193
E00028509,320,144,176
E00028523,307,146,161
E00028526,208,92,116
E00028499,306,163,143
E00028502,264,136,128
E00028515,423,211,212
E00028521,304,152,152
E00028530,300,139,161
E00028511,396,196,200
E00028519,291,142,149
E00028520,228,123,105
E00028522,269,119,150
E00028524,269,130,139
E00028458,338,172,166
E00028463,326,166,160
E00028471,335,176,159
E00028495,283,145,138
E00028496,203,96,107
E00028456,285,141,144
E00028470,311,144,167
E00028472,309,155,154
E00028473,311,164,147
E00028474,311,164,147
E00028966,164,87,77
E00028968,195,92,103
E00028974,320,157,163
E00028977,257,121,136
E00028978,270,148,122
E00028980,152,78,74
E00181672,202,99,103
E00181679,479,215,264
E00028967,443,222,221
E00028975,530,270,260
E00028983,464,227,237
E00028985,325,157,168
E00028987,270,120,150
E00028960,305,155,150
E00028962,322,159,163
E00028988,348,164,184
E00028992,316,165,151
E00028993,371,190,181
E00028963,289,153,136
E00028964,270,135,135
E00028971,233,111,122
E00028972,327,163,164
E00028994,294,156,138
E00028981,240,131,109
E00028982,291,148,143
E00028986,412,184,228
E00181598,207,110,97
E00181632,482,259,223
E00181680,278,153,125
E00172971,198,77,121
E00172973,214,113,101
E00172974,165,76,89
E00172976,212,110,102
E00181648,484,248,236
E00028612,308,162,146
E00028616,154,73,81
E00028624,387,190,197
E00028625,398,203,195
E00172977,201,83,118
E00172979,308,136,172
E00172980,211,103,108
E00028617,406,215,191
E00028621,240,120,120
E00028622,435,210,225
E00028623,288,149,139
E00028639,329,163,166
E00028613,240,119,121
E00028630,502,267,235
E00028631,340,174,166
E00028632,365,157,208
E00028634,356,172,184
E00028961,196,99,97
E00028965,195,88,107
E00028969,215,111,104
E00028970,162,91,71
E00028973,264,127,137
E00028976,275,131,144
E00028984,242,123,119
E00028758,170,75,95
E00028759,373,188,185
E00028763,222,114,108
E00172996,152,64,88
E00172998,585,247,338
E00028752,284,97,187
E00028761,255,133,122
E00028764,146,71,75
E00028765,428,228,200
E00028766,196,88,108
E00028769,238,71,167
E00181577,195,117,78
E00028620,338,192,146
E00028626,351,194,157
E00028628,288,158,130
E00028629,271,147,124
E00028633,406,167,239
E00028638,203,92,111
E00181575,319,173,146
E00181576,267,135,132
E00028996,296,132,164
E00029011,155,68,87
E00029020,240,103,137
E00029021,171,90,81
E00029022,293,134,159
E00029028,379,180,199
E00029017,272,143,129
E00029025,312,148,164
E00029027,324,184,140
E00029029,482,251,231
E00029030,278,138,140
E00028995,303,154,149
E00028998,272,120,152
E00029023,324,172,152
E00029026,379,204,175
E00029032,287,134,153
E00028997,342,168,174
E00029024,305,143,162
E00029031,337,177,160
E00029033,222,119,103
E00028353,347,157,190
E00028354,436,207,229
E00028355,192,85,107
E00028356,324,163,161
E00028360,231,95,136
E00028365,372,181,191
E00028343,259,142,117
E00028362,306,148,158
E00028363,297,142,155
E00028364,341,179,162
E00181607,146,77,69
E00181646,153,77,76
E00181699,535,252,283
E00028328,353,195,158
E00028329,383,220,163
E00028357,370,172,198
E00028358,292,156,136
E00028366,341,169,172
E00028331,228,118,110
E00028334,304,165,139
E00028340,257,132,125
E00028342,262,134,128
E00028361,185,90,95
E00181601,154,69,85
E00181643,178,84,94
E00181652,107,56,51
E00028330,370,195,175
E00028335,332,169,163
E00028338,305,154,151
E00028339,391,185,206
E00028359,412,233,179
E00028333,252,130,122
E00028344,235,114,121
E00028345,311,166,145
E00028350,280,145,135
E00028351,355,178,177
E00028352,216,108,108
E00028332,403,213,190
E00028336,259,117,142
E00028346,315,148,167
E00028347,410,204,206
E00028349,270,146,124
E00028503,570,242,328
E00028504,384,193,191
E00028536,324,163,161
E00028537,300,146,154
E00181609,277,147,130
E00181659,356,192,164
E00028545,268,144,124
E00028547,301,169,132
E00028550,310,166,144
E00028552,308,173,135
E00028556,329,180,149
E00028546,306,168,138
E00028549,344,165,179
E00028572,375,194,181
E00028573,335,167,168
E00028541,315,182,133
E00028548,285,142,143
E00028553,275,149,126
E00028554,200,98,102
E00028555,287,151,136
E00028542,259,126,133
E00028551,331,169,162
E00028560,275,136,139
E00028564,343,173,170
E00028543,372,199,173
E00028557,288,151,137
E00028558,259,140,119
E00028559,202,100,102
E00028561,248,131,117
E00028544,295,149,146
E00028565,255,126,129
E00028566,263,121,142
E00028568,275,137,138
E00028569,428,233,195
E00028562,204,102,102
E00028563,241,128,113
E00028567,297,141,156
E00028570,292,144,148
E00028571,328,161,167
E00028445,290,159,131
E00028446,200,105,95
E00028447,324,176,148
E00028451,307,158,149
E00028452,325,162,163
E00028425,312,163,149
E00028440,345,175,170
E00028441,265,138,127
E00028444,238,120,118
E00028450,322,168,154
E00028426,294,163,131
E00028427,299,161,138
E00028448,242,131,111
E00028449,241,147,94
E00181637,234,112,122
E00181638,300,151,149
E00181671,467,243,224
E00028429,313,150,163
E00028430,334,164,170
E00028453,269,136,133
E00028454,315,149,166
E00028431,290,143,147
E00028434,288,153,135
E00028435,231,106,125
E00028437,263,145,118
E00028455,247,125,122
E00172954,314,152,162
E00172956,353,182,171
E00172957,219,92,127
E00172959,349,170,179
E00028433,104,42,62
E00028436,130,72,58
E00028438,317,153,164
E00028439,374,188,186
E00028442,451,236,215
E00028443,393,215,178
E00028405,218,106,112
E00028410,331,172,159
E00028412,228,102,126
E00028415,289,159,130
E00028417,322,150,172
E00028418,271,129,142
E00181690,460,234,226
E00181712,364,175,189
E00028399,517,211,306
E00028402,513,219,294
E00028404,365,201,164
E00171973,322,141,181
E00173012,309,129,180
E00181645,125,71,54
E00181700,549,249,300
E00028398,348,183,165
E00173007,580,290,290
E00173008,500,256,244
E00181602,583,289,294
E00181612,623,317,306
E00181706,463,233,230
E00028401,456,188,268
E00028419,414,199,215
E00028420,332,167,165
E00028421,342,178,164
E00028422,256,115,141
E00181626,113,51,62
E00181639,205,107,98
E00181644,394,193,201
E00028400,418,192,226
E00028408,403,194,209
E00028411,579,236,343
E00028413,248,127,121
E00181631,457,237,220
E00181654,267,135,132
E00028385,420,223,197
E00172999,258,124,134
E00173001,260,131,129
E00173002,343,159,184
E00181647,383,193,190
E00173004,209,75,134
E00181615,239,124,115
E00181687,391,197,194
E00181695,233,104,129
E00181702,449,235,214
E00171971,243,124,119
E00172923,257,125,132
E00172928,116,57,59
E00172929,192,104,88
E00172946,181,79,102
E00181600,277,137,140
E00181633,292,143,149
E00181701,158,75,83
E00028374,245,94,151
E00028375,152,44,108
E00028387,191,72,119
E00028388,241,121,120
E00028392,436,175,261
E00028397,274,107,167
E00172943,259,106,153
E00173019,386,178,208
E00181650,492,222,270
E00171974,260,132,128
E00181629,416,196,220
E00181655,330,152,178
E00181689,305,126,179
E00028370,200,77,123
E00168581,271,112,159
E00172931,201,96,105
E00181586,264,116,148
E00181628,197,85,112
E00173026,234,96,138
E00181599,228,117,111
E00181608,420,225,195
E00181670,304,175,129
E00028367,226,105,121
E00028369,257,145,112
E00028390,1942,1100,842
E00028394,206,91,115
E00028395,308,166,142
E00028378,390,208,182
E00028393,238,100,138
E00028396,227,101,126
E00168576,128,64,64
E00172926,404,152,252
E00171967,371,175,196
E00173022,432,194,238
E00181592,128,56,72
E00181593,178,84,94
E00181594,147,43,104
E00181595,297,138,159
E00181596,193,77,116
E00181716,296,122,174
E00028372,339,157,182
E00028379,126,45,81
E00181587,559,272,287
E00181603,196,106,90
E00181618,154,70,84
E00181708,187,91,96
E00181610,151,59,92
E00181634,269,114,155
E00181677,195,82,113
E00181685,309,121,188
E00181698,474,252,222
E00028677,268,136,132
E00028684,270,101,169
E00028695,301,174,127
E00028696,401,204,197
E00028698,330,177,153
E00181684,512,244,268
E00181704,194,100,94
E00028686,247,126,121
E00028692,357,193,164
E00172921,271,131,140
E00181563,122,69,53
E00181564,300,149,151
E00181565,106,42,64
E00181566,394,194,200
E00181567,113,55,58
E00181589,364,185,179
E00028688,234,114,120
E00028689,309,147,162
E00028690,233,108,125
E00028693,332,166,166
E00172924,261,108,153
E00172934,259,124,135
E00181613,284,113,171
E00181625,214,101,113
E00028681,439,229,210
E00028697,384,208,176
E00172949,266,121,145
E00181568,392,168,224
E00181590,335,158,177
E00181591,325,151,174
E00028699,304,155,149
E00181569,339,140,199
E00181597,447,203,244
E00181616,341,146,195
E00181636,381,175,206
E00172988,192,83,109
E00172990,158,66,92
E00181604,314,104,210
E00181683,293,134,159
E00181692,215,113,102
E00172935,291,136,155
E00172945,264,113,151
E00181663,362,177,185
E00181714,287,126,161
E00171976,129,51,78
E00172938,225,75,150
E00181622,186,82,104
E00181624,282,131,151
E00181693,395,181,214
E00168579,161,77,84
E00172937,283,122,161
E00172994,280,117,163
E00181674,304,128,176
E00181621,154,57,97
E00181656,330,151,179
E00181668,444,200,244
E00181686,233,87,146
E00181705,169,78,91
E00172948,431,180,251
E00172991,381,166,215
E00181642,216,94,122
E00181715,194,82,112
E00029809,364,188,176
E00029814,243,127,116
E00029815,289,168,121
E00029823,276,142,134
E00029860,292,158,134
E00029810,361,202,159
E00029811,203,105,98
E00029816,303,153,150
E00029817,350,174,176
E00029824,317,168,149
E00029807,276,152,124
E00029821,105,58,47
E00029826,275,149,126
E00029828,315,175,140
E00029834,239,124,115
E00029835,215,114,101
E00029808,366,187,179
E00029829,303,144,159
E00029833,251,124,127
E00029840,303,153,150
E00029831,251,130,121
E00029837,276,145,131
E00029838,306,158,148
E00029842,245,119,126
E00029844,284,138,146
E00029812,246,125,121
E00029813,289,156,133
E00029818,337,177,160
E00029819,430,216,214
E00029820,429,220,209
E00029822,245,135,110
E00029825,403,203,200
E00029827,350,184,166
E00029830,354,193,161
E00029832,175,93,82
E00029839,360,177,183
E00029841,305,146,159
E00029843,301,158,143
E00029845,288,153,135
E00168628,260,137,123
E00177694,311,124,187
E00177702,257,104,153
E00177715,106,37,69
E00029854,250,125,125
E00029855,246,123,123
E00029856,202,106,96
E00029857,204,104,100
E00029858,446,234,212
E00029859,314,139,175
E00029957,358,193,165
E00029977,269,153,116
E00029978,337,182,155
E00029979,304,162,142
E00029981,272,146,126
E00029705,320,164,156
E00029708,331,175,156
E00029711,335,170,165
E00029715,229,113,116
E00029718,262,126,136
E00029846,297,152,145
E00029847,334,174,160
E00029848,316,151,165
E00029849,320,161,159
E00029850,303,158,145
E00029851,298,169,129
E00029852,305,162,143
E00029853,261,142,119
E00029983,326,181,145
E00029984,317,155,162
E00029987,315,149,166
E00029988,314,158,156
E00029989,331,170,161
E00029955,317,171,146
E00029956,323,158,165
E00029980,293,152,141
E00029982,302,175,127
E00029985,237,125,112
E00029986,250,130,120
E00029991,258,132,126
E00029992,296,162,134
E00029993,256,131,125
E00029994,253,129,124
E00029139,392,208,184
E00029144,425,242,183
E00029145,342,183,159
E00029168,312,170,142
E00029170,369,190,179
E00029136,337,125,212
E00029137,290,141,149
E00029146,210,104,106
E00029164,335,155,180
E00029167,282,152,130
E00029169,301,156,145
E00029171,250,93,157
E00029140,290,159,131
E00029142,278,143,135
E00029147,294,167,127
E00029148,239,127,112
E00029149,299,164,135
E00029150,337,186,151
E00029135,522,271,251
E00029138,345,196,149
E00029162,220,92,128
E00029163,334,159,175
E00029165,333,177,156
E00177722,110,47,63
E00177723,514,239,275
E00029084,248,131,117
E00029094,250,123,127
E00029097,300,159,141
E00029099,322,165,157
E00029104,255,118,137
E00029087,366,191,175
E00029100,221,110,111
E00029110,154,72,82
E00029112,268,134,134
E00029113,283,155,128
E00029115,159,80,79
E00029095,268,137,131
E00029096,290,152,138
E00029098,270,144,126
E00029101,267,129,138
E00029103,310,169,141
E00029102,273,138,135
E00029105,311,165,146
E00029106,328,171,157
E00029107,254,133,121
E00029111,346,178,168
E00029690,298,139,159
E00029694,350,177,173
E00029696,201,114,87
E00029719,279,147,132
E00029722,331,167,164
E00029725,260,123,137
E00029707,441,217,224
E00029716,306,171,135
E00029720,292,150,142
E00029723,260,128,132
E00029724,279,137,142
E00029689,300,151,149
E00029706,276,136,140
E00029710,342,171,171
E00029712,298,129,169
E00029714,161,78,83
E00029721,294,140,154
E00029701,372,176,196
E00029702,352,176,176
E00029703,327,185,142
E00029704,318,166,152
E00029709,226,114,112
E00029949,218,101,117
E00029950,191,79,112
E00029995,290,153,137
E00029996,288,152,136
E00029997,240,122,118
E00029999,191,101,90
E00029952,223,114,109
E00029958,233,120,113
E00029960,264,149,115
E00029961,275,136,139
E00029990,274,146,128
E00029998,279,142,137
E00029951,321,163,158
E00029953,298,165,133
E00029959,267,135,132
E00029962,286,125,161
E00029963,225,109,116
E00029965,217,116,101
E00029954,275,148,127
E00029964,138,63,75
E00029966,293,146,147
E00029968,258,137,121
E00029971,264,137,127
E00029972,292,139,153
E00029976,309,144,165
E00029665,304,133,171
E00029666,281,141,140
E00029668,263,137,126
E00029669,296,148,148
E00029673,267,127,140
E00029691,276,137,139
E00029695,248,124,124
E00029697,332,180,152
E00029713,368,197,171
E00177695,428,224,204
E00177731,310,163,147
E00029685,282,146,136
E00029687,354,173,181
E00029688,241,133,108
E00029692,293,141,152
E00029700,312,172,140
E00029686,351,168,183
E00029693,275,136,139
E00029698,304,151,153
E00029699,305,151,154
E00029726,284,137,147
E00029108,276,135,141
E00029120,245,118,127
E00029128,238,120,118
E00029130,257,138,119
E00029131,257,134,123
E00029085,374,195,179
E00029086,347,178,169
E00029093,571,319,252
E00029109,262,136,126
E00029088,465,246,219
E00029089,313,163,150
E00029117,289,142,147
E00029118,373,199,174
E00029121,215,110,105
E00029122,315,170,145
E00029125,304,156,148
E00029126,254,127,127
E00029127,270,134,136
E00029133,236,116,120
E00029134,290,154,136
E00029090,284,137,147
E00029114,291,161,130
E00029119,251,132,119
E00029123,293,135,158
E00029129,281,126,155
E00029893,399,212,187
E00029894,276,142,134
E00029895,291,153,138
E00029898,280,142,138
E00029902,283,135,148
E00029873,360,196,164
E00029879,360,180,180
E00029891,346,195,151
E00029892,312,143,169
E00029903,330,172,158
E00029874,231,117,114
E00029884,273,138,135
E00029887,258,137,121
E00029890,269,141,128
E00029897,293,149,144
E00029899,284,137,147
E00029864,319,164,155
E00029872,253,131,122
E00029875,267,148,119
E00029883,331,168,163
E00029885,287,143,144
E00029866,288,161,127
E00029877,308,149,159
E00029878,355,182,173
E00029882,329,167,162
E00029886,253,141,112
E00029631,225,105,120
E00029651,309,169,140
E00029658,267,133,134
E00029659,314,155,159
E00029660,237,120,117
E00029663,264,148,116
E00029636,351,178,173
E00029639,298,161,137
E00029640,375,191,184
E00029650,265,132,133
E00029654,315,165,150
E00029634,225,124,101
E00029667,303,149,154
E00029670,333,164,169
E00029671,370,196,174
E00029674,289,166,123
E00029643,259,141,118
E00029647,231,125,106
E00029649,255,123,132
E00029675,117,54,63
E00029676,352,183,169
E00029680,327,164,163
E00029091,293,145,148
E00029092,247,133,114
E00029116,272,143,129
E00029124,298,158,140
E00029132,297,161,136
E00029889,364,208,156
E00029900,338,169,169
E00029901,319,180,139
E00029905,261,137,124
E00029907,338,175,163
E00029861,246,126,120
E00029863,275,143,132
E00029870,254,132,122
E00029871,300,143,157
E00029904,292,153,139
E00029862,258,141,117
E00029867,276,149,127
E00029869,294,157,137
E00029881,259,130,129
E00029896,281,139,142
E00029906,250,139,111
E00029865,325,167,158
E00029868,313,168,145
E00029876,308,158,150
E00029880,371,209,162
E00029888,194,100,94
E00029638,404,205,199
E00029641,391,196,195
E00029642,300,158,142
E00029653,167,97,70
E00029655,223,109,114
E00029635,354,181,173
E00029644,305,148,157
E00029679,229,122,107
E00029681,279,140,139
E00029683,261,140,121
E00029684,302,148,154
E00029637,244,120,124
E00029648,267,138,129
E00029657,290,147,143
E00029662,343,174,169
E00029678,340,162,178
E00029632,397,200,197
E00029652,248,129,119
E00029656,207,111,96
E00029661,432,222,210
E00029664,343,166,177
E00029633,251,128,123
E00029645,235,117,118
E00029646,243,131,112
E00029672,325,175,150
E00029677,230,111,119
E00029682,298,158,140
E00029141,295,156,139
E00029143,242,129,113
E00029151,292,151,141
E00029153,259,128,131
E00029154,226,113,113
E00029155,290,138,152
E00029175,527,266,261
E00029177,242,103,139
E00029181,336,157,179
E00029183,270,126,144
E00029189,403,211,192
E00029967,390,196,194
E00029969,332,141,191
E00029970,310,159,151
E00029973,175,90,85
E00029974,241,125,116
E00029975,169,68,101
E00029156,324,166,158
E00029158,457,243,214
E00177705,100,55,45
E00177720,110,41,69
E00177725,357,171,186
E00177726,190,91,99
E00029157,221,99,122
E00029159,322,172,150
E00029160,304,131,173
E00029161,308,168,140
E00177732,192,91,101
E00029743,290,145,145
E00029744,257,135,122
E00029746,271,134,137
E00029750,292,139,153
E00029751,265,135,130
E00029745,286,144,142
E00029748,257,139,118
E00029754,256,130,126
E00029760,256,132,124
E00029765,326,160,166
E00029729,330,183,147
E00029731,341,172,169
E00029756,276,141,135
E00029758,210,117,93
E00029759,312,162,150
E00029730,310,165,145
E00029761,333,167,166
E00029763,304,154,150
E00029767,291,142,149
E00029768,323,159,164
E00029178,209,119,90
E00029180,261,127,134
E00029186,260,139,121
E00029191,237,129,108
E00029193,375,190,185
E00029197,267,144,123
E00029449,225,113,112
E00029450,219,110,109
E00029455,308,156,152
E00029462,273,139,134
E00029476,277,137,140
E00029488,259,127,132
E00029454,298,155,143
E00029458,219,105,114
E00029465,273,148,125
E00029467,241,125,116
E00029468,358,178,180
E00029460,328,162,166
E00029461,175,84,91
E00029469,247,133,114
E00029470,235,119,116
E00029486,218,111,107
E00029487,323,141,182
E00029489,371,183,188
E00029784,344,176,168
E00029785,342,179,163
E00029787,281,144,137
E00029789,279,146,133
E00029790,241,122,119
E00029786,290,155,135
E00029793,329,169,160
E00029794,314,154,160
E00029798,279,141,138
E00029771,305,165,140
E00029791,320,160,160
E00029792,295,151,144
E00029795,291,150,141
E00029799,307,159,148
E00029912,358,193,165
E00029923,440,211,229
E00029937,248,127,121
E00029938,337,182,155
E00029939,262,135,127
E00029176,320,155,165
E00029179,314,163,151
E00029184,279,149,130
E00029188,235,122,113
E00029190,228,127,101
E00029452,346,171,175
E00029459,407,211,196
E00029471,288,139,149
E00029485,359,188,171
E00029473,337,178,159
E00029480,293,157,136
E00029482,292,144,148
E00029483,342,180,162
E00029484,330,167,163
E00029472,262,140,122
E00029474,267,135,132
E00029475,357,184,173
E00029479,285,149,136
E00029481,319,168,151
E00029448,262,137,125
E00029451,314,185,129
E00029463,211,110,101
E00029477,303,150,153
E00029478,322,156,166
E00029453,302,148,154
E00029456,261,125,136
E00029457,336,170,166
E00029464,264,148,116
E00029466,484,240,244
E00029492,282,154,128
E00029493,389,255,134
E00029505,326,163,163
E00029506,318,165,153
E00029509,362,185,177
E00029728,266,125,141
E00029747,278,148,130
E00029749,253,123,130
E00029752,291,154,137
E00029753,292,155,137
E00029757,266,132,134
E00029733,412,197,215
E00029738,263,119,144
E00029755,178,79,99
E00029762,254,130,124
E00029764,235,125,110
E00168630,262,138,124
E00168631,273,132,141
E00029734,328,169,159
E00029735,298,150,148
E00029737,283,139,144
E00029739,246,124,122
E00029742,336,167,169
E00029727,366,190,176
E00029732,284,154,130
E00029740,262,129,133
E00029741,271,123,148
E00177707,233,114,119
E00177709,325,192,133
E00029774,284,154,130
E00029776,414,219,195
E00029779,458,238,220
E00029782,216,107,109
E00029783,380,196,184
E00029777,278,145,133
E00029778,254,135,119
E00029780,250,129,121
E00029801,279,141,138
E00029805,255,122,133
E00029788,408,205,203
E00029796,278,149,129
E00029800,306,162,144
E00029803,285,139,146
E00029772,264,136,128
E00029797,282,149,133
E00029802,315,168,147
E00029804,283,150,133
E00029806,294,152,142
E00029769,379,208,171
E00029770,296,152,144
E00029773,216,114,102
E00029775,334,177,157
E00029781,267,138,129
E00029490,263,132,131
E00029496,297,144,153
E00029501,308,170,138
E00029521,326,159,167
E00029525,225,111,114
E00029491,323,160,163
E00029497,215,117,98
E00029498,285,147,138
E00029526,219,106,113
E00029541,249,126,123
E00029583,261,129,132
E00029585,328,160,168
E00029586,267,137,130
E00029588,289,144,145
E00029545,317,161,156
E00029546,333,177,156
E00029555,311,155,156
E00029561,261,137,124
E00029589,322,164,158
E00029542,322,160,162
E00029543,358,182,176
E00029544,455,239,216
E00029584,312,159,153
E00029224,465,264,201
E00029225,263,146,117
E00029231,286,150,136
E00029233,310,159,151
E00029238,227,126,101
E00029269,264,145,119
E00029283,248,126,122
E00029284,304,156,148
E00029285,296,155,141
E00029286,297,148,149
E00029271,330,177,153
E00029287,336,176,160
E00029289,267,134,133
E00029291,245,130,115
E00029292,295,157,138
E00029262,300,149,151
E00029270,306,163,143
E00029272,331,166,165
E00029288,305,148,157
E00029290,240,124,116
E00029293,207,104,103
E00029294,113,55,58
E00029295,344,159,185
E00029296,271,132,139
E00029297,177,97,80
E00029299,275,147,128
E00029306,268,154,114
E00029199,289,149,140
E00029200,475,238,237
E00029201,301,147,154
E00029205,346,179,167
E00029208,266,142,124
E00029182,255,122,133
E00029185,278,138,140
E00029187,462,247,215
E00029192,367,173,194
E00029194,322,161,161
E00029196,244,141,103
E00029382,273,140,133
E00029386,269,138,131
E00029388,318,169,149
E00029389,252,150,102
E00029390,302,162,140
E00029365,449,222,227
E00029369,291,152,139
E00029393,299,150,149
E00029394,288,146,142
E00029395,288,156,132
E00029383,293,156,137
E00029384,231,108,123
E00029385,334,176,158
E00029387,272,152,120
E00029500,339,171,168
E00029502,326,179,147
E00029522,245,119,126
E00029523,304,147,157
E00029524,296,140,156
E00029527,373,201,172
E00029534,334,179,155
E00029535,219,113,106
E00029536,405,230,175
E00029538,281,160,121
E00029499,242,117,125
E00029503,249,132,117
E00029504,439,243,196
E00029511,513,257,256
E00029513,311,162,149
E00029528,309,167,142
E00029529,195,91,104
E00029531,329,167,162
E00029532,282,147,135
E00029537,259,137,122
E00029517,355,183,172
E00029519,318,165,153
E00029530,230,116,114
E00029533,290,169,121
E00029217,412,210,202
E00029227,357,188,169
E00029232,397,212,185
E00029236,284,151,133
E00177741,362,172,190
E00177748,251,131,120
E00029223,278,142,136
E00029229,264,141,123
E00029234,357,180,177
E00029237,227,119,108
E00029240,371,190,181
E00029226,326,172,154
E00029228,389,190,199
E00029230,403,211,192
E00029246,321,171,150
E00029241,229,133,96
E00029244,439,207,232
E00029249,345,174,171
E00029250,339,181,158
E00029253,313,164,149
E00029174,378,185,193
E00029204,348,177,171
E00029210,344,163,181
E00029212,337,175,162
E00029172,361,187,174
E00029195,193,115,78
E00029202,406,212,194
E00029209,332,167,165
E00177730,521,267,254
E00177743,161,93,68
E00029173,300,155,145
E00029203,370,202,168
E00029206,342,163,179
E00029207,367,189,178
E00029211,356,196,160
E00029360,300,156,144
E00029363,288,140,148
E00029367,422,223,199
E00029371,344,177,167
E00029396,521,269,252
E00029358,310,131,179
E00029359,271,129,142
E00029362,292,167,125
E00029366,276,149,127
E00029391,253,127,126
E00029392,239,131,108
E00029364,276,142,134
E00029374,342,165,177
E00029377,352,172,180
E00029397,284,144,140
E00177697,282,151,131
E00177711,559,287,272
E00177733,124,73,51
E00029361,322,162,160
E00029368,278,138,140
E00029370,272,134,138
E00029373,346,163,183
E00029378,265,125,140
E00029375,265,134,131
E00029376,263,139,124
E00029379,320,161,159
E00029380,289,148,141
E00029381,258,134,124
E00029494,250,126,124
E00029495,209,112,97
E00029507,176,85,91
E00029508,303,155,148
E00029510,304,161,143
E00029515,296,158,138
E00029512,363,188,175
E00029514,255,143,112
E00029516,362,175,187
E00029518,262,134,128
E00029520,405,206,199
E00029216,339,174,165
E00029218,352,168,184
E00029219,310,152,158
E00029220,333,175,158
E00029258,301,155,146
E00029245,163,90,73
E00029248,330,158,172
E00029254,396,203,193
E00029255,349,169,180
E00029260,312,178,134
E00029213,327,181,146
E00029235,326,160,166
E00029243,238,124,114
E00029247,351,187,164
E00029251,330,179,151
E00029214,482,254,228
E00029222,181,96,85
E00029239,263,132,131
E00029242,320,172,148
E00029252,303,176,127
E00029215,431,213,218
E00029256,329,178,151
E00029257,357,181,176
E00029259,241,117,124
E00029261,359,200,159
E00029913,276,140,136
E00029918,307,165,142
E00029919,349,179,170
E00029940,309,174,135
E00029941,290,147,143
E00029914,281,144,137
E00029917,243,125,118
E00029942,278,141,137
E00029943,265,141,124
E00029947,250,138,112
E00029948,298,149,149
E00029915,294,147,147
E00029916,259,128,131
E00029944,281,145,136
E00029945,269,130,139
E00029946,229,131,98
E00029908,278,141,137
E00029909,367,201,166
E00029920,244,127,117
E00029921,218,106,112
E00029922,388,192,196
E00029263,203,100,103
E00029300,246,132,114
E00029303,318,171,147
E00029310,225,113,112
E00029312,285,139,146
E00029301,352,162,190
E00029302,294,170,124
E00029304,326,156,170
E00029308,237,115,122
E00029309,340,172,168
E00029264,408,203,205
E00029298,357,180,177
E00029305,301,161,140
E00029307,426,226,200
E00029265,352,185,167
E00029266,251,134,117
E00029267,340,180,160
E00029275,333,164,169
E00029276,395,201,194
E00029273,292,153,139
E00029277,328,169,159
E00029281,335,163,172
E00029311,334,178,156
E00177736,317,160,157
E00177747,242,106,136
E00029547,383,197,186
E00029549,309,161,148
E00029552,245,128,117
E00029587,332,165,167
E00029590,272,129,143
E00029551,448,228,220
E00029553,268,136,132
E00029560,312,165,147
E00029562,299,151,148
E00029568,249,133,116
E00029574,260,141,119
E00029550,306,163,143
E00029554,373,205,168
E00029556,286,158,128
E00029559,259,128,131
E00029564,297,138,159
E00029570,259,132,127
E00029557,249,123,126
E00029563,269,142,127
E00029566,329,180,149
E00029567,308,151,157
E00029569,226,120,106
E00029572,223,112,111
E00030013,278,143,135
E00030017,308,155,153
E00030019,365,190,175
E00030020,349,178,171
E00030002,352,188,164
E00030012,354,181,173
E00030014,343,167,176
E00030015,307,162,145
E00030016,264,143,121
E00030003,261,126,135
E00030004,319,175,144
E00030018,281,143,138
E00030021,210,110,100
E00030022,344,168,176
E00030023,389,194,195
E00030024,332,166,166
E00030025,331,188,143
E00030026,340,173,167
E00030027,286,154,132
E00029399,269,130,139
E00029401,300,147,153
E00029420,321,158,163
E00029427,295,149,146
E00029400,270,129,141
E00029407,215,113,102
E00029409,229,119,110
E00029410,387,203,184
E00029411,262,140,122
E00029398,294,159,135
E00029418,305,162,143
E00029443,388,207,181
E00029446,310,155,155
E00029408,293,161,132
E00029412,248,120,128
E00029415,344,177,167
E00029419,277,137,140
E00029447,277,136,141
E00029268,343,149,194
E00029278,303,159,144
E00029279,385,215,170
E00029280,297,159,138
E00029282,228,125,103
E00029320,324,172,152
E00029341,372,189,183
E00029350,325,156,169
E00029353,309,152,157
E00029319,336,174,162
E00029335,330,171,159
E00029336,298,167,131
E00029337,275,131,144
E00029340,327,158,169
E00029338,294,152,142
E00029343,181,99,82
E00029344,392,193,199
E00029347,355,180,175
E00029413,334,162,172
E00029422,342,179,163
E00029423,253,124,129
E00029424,263,131,132
E00029425,347,163,184
E00029421,287,133,154
E00029429,286,160,126
E00029430,284,147,137
E00029431,351,171,180
E00029434,342,170,172
E00029539,336,181,155
E00029558,318,167,151
E00029571,301,159,142
E00029573,339,172,167
E00029565,318,159,159
E00029575,285,139,146
E00029576,292,142,150
E00029577,265,143,122
E00029579,319,149,170
E00029612,466,246,220
E00029617,363,184,179
E00029626,373,199,174
E00029629,346,186,160
E00029619,290,154,136
E00029621,310,147,163
E00029623,354,187,167
E00029624,360,181,179
E00029628,346,184,162
E00029594,356,188,168
E00029597,316,163,153
E00029599,323,164,159
E00029603,318,164,154
E00029630,335,185,150
E00029613,329,167,162
E00029614,380,201,179
E00029615,300,149,151
E00029616,263,129,134
E00029618,348,176,172
E00029417,364,190,174
E00029426,350,181,169
E00029428,318,165,153
E00029433,344,179,165
E00029402,351,178,173
E00029436,284,155,129
E00029437,298,150,148
E00029438,294,155,139
E00029403,239,110,129
E00029404,335,171,164
E00029432,303,156,147
E00029435,294,154,140
E00029439,385,215,170
E00029405,303,154,149
E00029406,234,130,104
E00029440,214,121,93
E00029441,297,151,146
E00029445,252,134,118
E00029414,307,154,153
E00029416,335,167,168
E00029442,309,155,154
E00029444,254,133,121
E00029540,291,145,146
E00029548,243,122,121
E00029578,221,117,104
E00029580,303,156,147
E00029581,249,137,112
E00029582,276,143,133
E00029931,235,124,111
E00029933,381,185,196
E00029934,269,138,131
E00029935,249,128,121
E00029936,302,159,143
E00029910,322,166,156
E00029911,247,137,110
E00029928,234,127,107
E00029930,287,143,144
E00029932,258,117,141
E00029924,354,171,183
E00029925,310,160,150
E00029926,250,129,121
E00029927,287,152,135
E00029929,215,107,108
E00029322,373,192,181
E00029333,412,219,193
E00029334,259,133,126
E00029342,287,141,146
E00029345,340,182,158
E00029313,326,173,153
E00029328,320,160,160
E00029346,239,131,108
E00029348,309,152,157
E00029354,376,185,191
E00029316,245,142,103
E00029325,332,177,155
E00029326,312,165,147
E00029352,290,152,138
E00029356,347,174,173
E00029317,380,199,181
E00029318,315,171,144
E00029327,314,167,147
E00029329,360,185,175
E00029330,306,152,154
E00029331,330,175,155
E00029332,328,170,158
E00029339,284,149,135
E00029591,343,171,172
E00029620,328,160,168
E00029622,302,145,157
E00029625,366,186,180
E00029627,376,190,186
E00029593,345,178,167
E00029595,299,160,139
E00029600,326,169,157
E00029601,303,152,151
E00029606,302,148,154
E00029592,281,153,128
E00029596,289,154,135
E00029598,344,175,169
E00029607,404,184,220
E00177718,181,90,91
E00177750,583,302,281
E00029602,242,122,120
E00029605,249,131,118
E00029608,291,150,141
E00029609,367,181,186
E00029610,293,153,140
E00029611,363,191,172
E00029321,317,166,151
E00029323,260,139,121
E00029349,293,154,139
E00029351,311,151,160
E00029355,353,185,168
E00029314,350,172,178
E00029315,306,161,145
E00029324,251,127,124
E00029357,360,189,171
E00030005,291,152,139
E00030034,267,137,130
E00030035,337,173,164
E00030039,301,160,141
E00030040,303,162,141
E00030000,316,160,156
E00030028,252,134,118
E00030029,297,164,133
E00030030,240,135,105
E00030032,288,144,144
E00030001,322,158,164
E00030037,324,166,158
E00030042,419,232,187
E00030045,240,136,104
E00030006,386,191,195
E00030031,222,133,89
E00030036,250,130,120
E00030041,259,137,122
E00030043,316,157,159
E00030008,298,157,141
E00030009,326,160,166
E00030011,458,220,238
E00177714,169,85,84
E00177716,398,195,203
E00177738,369,187,182
E00177739,225,111,114
E00030007,306,169,137
E00030033,353,174,179
E00030038,280,140,140
E00030044,340,182,158
E00030664,291,158,133
E00030679,259,131,128
E00030695,150,71,79
E00030696,251,121,130
E00030697,253,131,122
E00168650,308,159,149
E00168651,230,114,116
E00168652,206,107,99
E00030666,278,137,141
E00030671,325,172,153
E00030672,213,104,109
E00030677,299,166,133
E00030685,294,158,136
E00030699,399,216,183
E00030665,270,137,133
E00030669,271,135,136
E00030670,408,203,205
E00030673,265,141,124
E00030700,290,154,136
E00030668,448,230,218
E00030686,295,141,154
E00030689,277,140,137
E00030691,218,115,103
E00030692,288,153,135
E00030667,220,115,105
E00030674,371,186,185
E00030675,278,120,158
E00030682,256,136,120
E00030687,240,132,108
E00168634,339,144,195
E00168639,371,184,187
E00030684,319,167,152
E00030688,291,152,139
E00030690,275,129,146
E00030693,264,134,130
E00030694,297,145,152
E00030052,322,150,172
E00030061,292,141,151
E00030062,276,134,142
E00030066,365,187,178
E00030068,312,154,158
E00030053,324,170,154
E00030054,320,155,165
E00030056,331,167,164
E00030058,296,146,150
E00030049,323,167,156
E00030055,288,142,146
E00030057,198,95,103
E00030059,308,159,149
E00030060,280,145,135
E00030160,346,180,166
E00030167,264,142,122
E00030168,281,140,141
E00030169,377,181,196
E00030178,364,181,183
E00030676,326,166,160
E00030678,270,126,144
E00030680,369,180,189
E00030681,285,157,128
E00030704,254,144,110
E00030708,323,173,150
E00030712,275,147,128
E00030714,281,150,131
E00030715,276,137,139
E00168637,307,173,134
E00168638,359,182,177
E00168653,404,199,205
E00030703,305,155,150
E00030709,354,179,175
E00030710,367,192,175
E00030711,190,93,97
E00168635,455,237,218
E00168636,319,165,154
E00030713,234,112,122
E00030717,220,111,109
E00030718,329,163,166
E00030719,323,165,158
E00030720,277,140,137
E00030046,331,158,173
E00030047,360,182,178
E00030063,278,148,130
E00030064,240,131,109
E00030074,305,149,156
E00030067,377,205,172
E00030069,293,162,131
E00030071,399,202,197
E00030072,291,145,146
E00030082,347,179,168
E00030107,588,320,268
E00030109,343,199,144
E00030110,375,199,176
E00030111,330,184,146
E00030114,405,213,192
E00030087,302,157,145
E00030088,301,150,151
E00030108,266,135,131
E00030113,404,216,188
E00030118,315,169,146
E00030091,318,159,159
E00030095,379,189,190
E00030116,260,129,131
E00030117,260,131,129
E00030119,331,181,150
E00030121,293,140,153
E00030166,210,90,120
E00030170,306,144,162
E00030172,242,128,114
E00030173,245,119,126
E00030175,308,170,138
E00030183,187,102,85
E00030161,234,113,121
E00030171,257,124,133
E00030180,267,140,127
E00030181,308,161,147
E00030182,314,171,143
E00030177,262,140,122
E00030185,382,192,190
E00030187,319,161,158
E00030188,312,158,154
E00030191,287,145,142
E00030158,383,182,201
E00030174,369,207,162
E00030176,292,151,141
E00030179,306,145,161
E00030184,258,123,135
E00030159,366,181,185
E00030163,544,290,254
E00030189,295,159,136
E00030192,306,164,142
E00030194,441,226,215
E00030065,423,211,212
E00030070,404,213,191
E00030073,333,171,162
E00030080,412,218,194
E00030050,317,163,154
E00030076,314,176,138
E00030079,286,138,148
E00030081,290,140,150
E00030083,299,147,152
E00030048,268,142,126
E00030051,314,156,158
E00030075,307,151,156
E00030077,239,127,112
E00030078,337,187,150
E00030141,164,81,83
E00030142,292,156,136
E00030143,242,136,106
E00030144,319,162,157
E00030145,317,150,167
E00030149,318,153,165
E00030162,304,152,152
E00030164,348,178,170
E00030165,284,144,140
E00030186,308,168,140
E00030190,189,96,93
E00030193,314,156,158
E00030084,479,206,273
E00030089,379,185,194
E00030090,404,176,228
E00030092,264,135,129
E00030093,360,179,181
E00030097,328,159,169
E00030098,275,134,141
E00030099,250,122,128
E00030100,291,146,145
E00030102,225,121,104
E00030104,293,142,151
E00030085,381,191,190
E00030086,269,141,128
E00030101,331,169,162
E00030103,276,143,133
E00030105,290,138,152
E00030106,270,136,134
E00030096,300,151,149
E00030115,532,249,283
E00168654,321,178,143
E00177742,439,221,218
E00177744,261,129,132
E00030701,357,194,163
E00030725,285,131,154
E00030728,307,164,143
E00030731,317,141,176
E00030733,244,114,130
E00030705,548,286,262
E00030706,377,198,179
E00030707,247,108,139
E00030721,299,145,154
E00030726,257,134,123
E00030722,369,198,171
E00030723,506,268,238
E00030724,301,163,138
E00030727,284,137,147
E00030729,384,198,186
E00030730,282,140,142
E00030732,307,147,160
E00030734,441,231,210
E00030735,225,119,106
E00030736,277,145,132
E00030738,343,176,167
E00030763,510,263,247
E00030765,520,257,263
E00030741,185,114,71
E00030745,212,112,100
E00030746,275,149,126
E00030748,288,137,151
E00030768,300,126,174
E00030769,295,142,153
E00030737,335,169,166
E00030740,339,192,147
E00030747,212,117,95
E00030766,486,265,221
E00030770,367,193,174
E00030739,385,216,169
E00030762,383,189,194
E00030764,283,141,142
E00030767,304,154,150
E00177727,420,211,209
E00177729,269,118,151
E00030363,281,146,135
E00030372,289,154,135
E00030373,219,111,108
E00030393,251,134,117
E00030395,313,160,153
E00030361,357,177,180
E00030365,311,166,145
E00030394,337,167,170
E00030397,366,195,171
E00030367,406,201,205
E00030371,293,159,134
E00030375,266,129,137
E00030376,336,155,181
E00168632,332,175,157
E00168633,314,154,160
E00030356,277,136,141
E00030368,341,172,169
E00030374,334,179,155
E00030377,241,120,121
E00030378,343,176,167
E00030360,289,144,145
E00030379,388,190,198
E00030380,330,166,164
E00030387,261,134,127
E00030390,211,114,97
E00030392,310,154,156
E00030362,347,180,167
E00030364,266,132,134
E00030366,366,199,167
E00030369,265,136,129
E00030396,264,147,117
E00030358,250,108,142
E00030384,300,133,167
E00030388,258,123,135
E00030389,390,206,184
E00030391,278,130,148
E00177721,604,294,310
E00177724,113,60,53
E00030399,152,86,66
E00030409,325,174,151
E00030414,261,139,122
E00030417,331,171,160
E00030432,298,155,143
E00030404,335,175,160
E00030406,297,152,145
E00030407,281,141,140
E00030413,328,175,153
E00030416,282,137,145
E00030400,321,177,144
E00030402,306,155,151
E00030419,310,166,144
E00030421,260,146,114
E00030424,197,109,88
E00030422,310,164,146
E00030425,329,159,170
E00030427,269,138,131
E00030430,318,171,147
E00030431,327,168,159
E00030357,383,200,183
E00030381,284,143,141
E00030382,309,155,154
E00030383,277,139,138
E00030385,302,167,135
E00030386,326,163,163
E00030405,406,192,214
E00030408,307,149,158
E00030410,301,151,150
E00030428,246,119,127
E00030429,285,137,148
E00030398,337,174,163
E00030411,288,156,132
E00030412,378,200,178
E00030415,306,151,155
E00030418,221,110,111
E00030401,279,135,144
E00030403,263,133,130
E00030420,263,132,131
E00030423,320,148,172
E00030426,300,152,148
E00030128,542,291,251
E00030130,173,55,118
E00030146,290,134,156
E00030150,265,83,182
E00030151,442,181,261
E00177717,261,133,128
E00177745,341,153,188
E00030147,382,204,178
E00030148,412,221,191
E00030153,592,290,302
E00168647,440,208,232
E00168648,349,180,169
E00030126,324,168,156
E00030127,298,141,157
E00030137,365,182,183
E00030138,313,165,148
E00030139,268,140,128
E00030140,289,147,142
E00030124,338,180,158
E00030125,274,128,146
E00030131,612,308,304
E00030133,285,132,153
E00030134,414,210,204
E00030136,376,208,168
E00030154,362,169,193
E00030155,168,57,111
E00030156,406,227,179
E00030157,255,125,130
E00030123,336,155,181
E00030129,194,71,123
E00030135,280,138,142
E00177700,186,104,82
E00177704,376,190,186
E00030208,406,228,178
E00030211,290,150,140
E00177699,286,144,142
E00177701,398,198,200
E00177703,251,127,124
E00177708,336,154,182
E00177734,436,216,220
E00177737,329,185,144
E00177740,226,111,115
E00030198,316,160,156
E00030203,289,143,146
E00030209,283,148,135
E00030210,256,140,116
E00030236,275,148,127
E00030196,249,131,118
E00030197,289,152,137
E00030231,264,141,123
E00030232,311,156,155
E00030233,263,138,125
E00030202,191,101,90
E00030204,245,137,108
E00030205,279,137,142
E00030234,297,147,150
E00030235,290,150,140
E00030479,252,138,114
E00030480,389,196,193
E00030482,473,236,237
E00168646,264,117,147
E00177735,123,51,72
E00177746,212,95,117
E00177749,224,95,129
E00030481,310,154,156
E00030483,264,117,147
E00030484,327,158,169
E00030504,193,95,98
E00030506,187,89,98
E00030508,297,151,146
E00030742,219,118,101
E00030749,282,144,138
E00030750,310,152,158
E00030751,257,129,128
E00030752,331,171,160
E00030743,397,184,213
E00030753,353,193,160
E00030754,340,160,180
E00030757,325,153,172
E00030758,300,160,140
E00030744,407,207,200
E00030755,310,165,145
E00030756,349,185,164
E00030759,258,139,119
E00030760,291,145,146
E00030443,263,126,137
E00030446,311,154,157
E00030450,243,130,113
E00030455,269,142,127
E00030475,243,114,129
E00030492,178,89,89
E00030493,261,133,128
E00030495,351,170,181
E00030497,284,150,134
E00030510,324,157,167
E00030487,178,97,81
E00030488,241,124,117
E00030507,336,156,180
E00030509,298,146,152
E00030512,264,146,118
E00030477,394,198,196
E00030485,326,165,161
E00030486,333,177,156
E00030511,311,153,158
E00030445,255,121,134
E00030459,249,118,131
E00030465,310,163,147
E00030471,290,128,162
E00030472,283,148,135
E00030437,370,202,168
E00030444,248,136,112
E00030447,215,102,113
E00030449,295,142,153
E00030452,275,130,145
E00030436,261,139,122
E00030438,288,149,139
E00030440,303,159,144
E00030451,512,251,261
E00030454,596,307,289
E00030434,353,179,174
E00030469,386,206,180
E00030470,285,148,137
E00030473,324,180,144
E00030435,230,118,112
E00030439,214,83,131
E00030441,294,150,144
E00030442,272,133,139
E00030448,451,226,225
E00030474,220,104,116
E00030476,261,114,147
E00030453,446,235,211
E00030457,302,163,139
E00030458,410,218,192
E00030460,323,169,154
E00030461,228,103,125
E00030456,315,168,147
E00030463,309,172,137
E00030464,337,167,170
E00030468,346,177,169
E00030433,411,221,190
E00030462,285,135,150
E00030466,279,144,135
E00030467,307,160,147
E00030489,250,146,104
E00030490,219,105,114
E00030491,219,108,111
E00030494,229,121,108
E00030498,252,131,121
E00030499,334,165,169
E00030478,185,94,91
E00030496,244,133,111
E00030500,293,160,133
E00030501,284,155,129
E00030502,325,172,153
E00030503,304,175,129
E00030206,274,138,136
E00030213,303,154,149
E00030215,288,146,142
E00030219,296,161,135
E00030207,323,165,158
E00030214,294,163,131
E00030218,320,157,163
E00030221,291,145,146
E00030223,294,156,138
E00030195,324,175,149
E00030201,255,137,118
E00030217,260,148,112
E00030227,234,124,110
E00177712,369,179,190
E00177719,293,153,140
E00030224,362,170,192
E00030226,407,213,194
E00030229,409,211,198
E00030230,400,214,186
E00030200,362,173,189
E00030220,328,163,165
E00030222,229,111,118
E00030225,267,112,155
E00030228,235,111,124
E00030564,506,260,246
E00030567,614,289,325
E00030582,433,224,209
E00030583,371,187,184
E00030587,333,182,151
E00030560,351,180,171
E00030577,420,224,196
E00030581,376,183,193
E00030586,382,190,192
E00030559,267,130,137
E00030562,191,92,99
E00030563,279,142,137
E00030579,349,198,151
E00177698,232,119,113
E00177713,447,223,224
E00030555,325,164,161
E00030580,250,130,120
E00030585,328,168,160
E00030590,330,171,159
E00168643,223,120,103
E00168644,350,173,177
E00168645,321,158,163
E00030553,269,136,133
E00030554,276,125,151
E00030569,232,117,115
E00030571,267,135,132
E00030574,264,137,127
E00168641,428,225,203
E00168642,167,91,76
E00168649,246,126,120
E00030556,297,150,147
E00030558,532,305,227
E00030561,237,118,119
E00030572,348,182,166
E00177706,390,191,199
E00177710,348,185,163
E00030242,336,186,150
E00030243,303,155,148
E00030244,265,121,144
E00030246,296,141,155
E00030262,213,100,113
E00030245,295,164,131
E00030264,313,172,141
E00030265,285,145,140
E00030266,314,152,162
E00030269,294,150,144
E00030273,218,114,104
E00030267,263,126,137
E00030272,209,98,111
E00030274,380,196,184
E00030275,318,170,148
E00030277,252,124,128
E00030278,268,146,122
E00030240,276,153,123
E00030241,291,165,126
E00030253,285,148,137
E00030257,371,197,174
E00030260,324,170,154
E00030513,328,166,162
E00030515,549,282,267
E00030520,304,157,147
E00030547,306,157,149
E00030549,277,126,151
E00030523,364,193,171
E00030525,176,95,81
E00030528,202,107,95
E00030529,242,123,119
E00030548,287,148,139
E00030550,253,130,123
E00030551,287,139,148
E00030568,273,130,143
E00030575,377,197,180
E00030576,352,176,176
E00030578,313,163,150
E00030552,290,138,152
E00030565,271,139,132
E00030566,383,196,187
E00030588,338,192,146
E00030589,305,156,149
E00030647,281,144,137
E00030648,234,115,119
E00030649,270,144,126
E00030651,280,135,145
E00030652,262,123,139
E00030633,334,189,145
E00030650,260,127,133
E00030657,288,144,144
E00030658,262,134,128
E00030659,233,103,130
E00030661,219,111,108
E00030646,467,223,244
E00030653,269,140,129
E00030654,264,126,138
E00030655,265,134,131
E00030656,279,143,136
E00030639,318,162,156
E00030641,310,173,137
E00030643,343,172,171
E00030644,360,182,178
E00030645,294,147,147
E00030320,232,123,109
E00030321,230,120,110
E00030338,277,136,141
E00030344,247,131,116
E00030345,300,145,155
E00030346,269,131,138
E00030317,268,142,126
E00030349,195,105,90
E00030350,281,140,141
E00030351,290,149,141
E00030354,243,132,111
E00030355,241,134,107
E00030335,344,177,167
E00030336,582,303,279
E00030341,374,187,187
E00030342,300,152,148
E00030319,312,169,143
E00030325,237,119,118
E00030327,248,118,130
E00030334,280,147,133
E00030337,296,139,157
E00030324,293,148,145
E00030326,307,165,142
E00030328,315,165,150
E00030329,330,174,156
E00030332,251,122,129
E00030247,255,118,137
E00030248,289,142,147
E00030263,244,119,125
E00030268,273,144,129
E00030271,290,152,138
E00030322,336,173,163
E00030343,297,156,141
E00030347,293,144,149
E00030348,314,163,151
E00030318,311,168,143
E00030323,305,149,156
E00030352,302,150,152
E00030353,288,142,146
E00030330,237,121,116
E00030331,240,131,109
E00030333,255,124,131
E00030339,269,143,126
E00030340,204,110,94
E00030249,296,146,150
E00030254,225,116,109
E00030259,269,141,128
E00030270,308,150,158
E00030276,269,133,136
E00030237,292,152,140
E00030250,268,140,128
E00030251,288,160,128
E00030252,298,147,151
E00030255,338,171,167
E00030238,230,120,110
E00030239,321,169,152
E00030256,286,152,134
E00030258,321,170,151
E00030261,294,141,153
E00030281,330,179,151
E00030288,240,127,113
E00030289,271,142,129
E00030310,258,135,123
E00030312,234,122,112
E00030518,423,225,198
E00030519,356,183,173
E00030538,412,214,198
E00177696,310,150,160
E00177728,418,210,208
E00030514,533,277,256
E00030521,557,287,270
E00030533,457,236,221
E00030537,255,130,125
E00030543,536,266,270
E00030630,282,152,130
E00030632,303,155,148
E00030636,167,87,80
E00030637,323,184,139
E00030640,317,170,147
E00030642,454,244,210
E00030634,285,154,131
E00030635,317,162,155
E00030638,274,133,141
E00030660,242,120,122
E00030663,285,133,152
E00168655,179,98,81
E00030522,217,103,114
E00030526,313,143,170
E00030527,269,137,132
E00030530,264,127,137
E00030531,212,118,94
E00030534,187,65,122
E00030541,313,162,151
E00030532,400,214,186
E00030535,376,204,172
E00030536,482,257,225
E00030539,330,169,161
E00030540,347,182,165
E00030516,387,197,190
E00030517,343,183,160
E00030542,413,217,196
E00030544,296,154,142
E00030545,174,90,84
E00030546,255,124,131
E00030591,411,193,218
E00030592,276,145,131
E00030599,275,139,136
E00030626,395,192,203
E00030624,598,319,279
E00030625,307,159,148
E00030627,463,238,225
E00030628,522,267,255
E00030595,282,139,143
E00030596,355,167,188
E00030597,368,203,165
E00030602,310,156,154
E00030629,406,208,198
E00030285,281,144,137
E00030291,267,145,122
E00030293,244,132,112
E00030295,212,102,110
E00030296,300,145,155
E00030299,282,152,130
E00030283,284,155,129
E00030286,290,150,140
E00030287,304,161,143
E00030313,285,148,137
E00030316,285,148,137
E00030290,328,175,153
E00030297,248,129,119
E00030302,286,150,136
E00030311,258,147,111
E00030314,245,129,116
E00030315,282,151,131
E00030282,353,191,162
E00030284,380,207,173
E00030292,342,163,179
E00030294,252,133,119
E00030279,216,116,100
E00030280,244,128,116
E00030298,238,128,110
E00030301,240,119,121
E00030304,276,145,131
E00030308,295,157,138
E00030300,308,156,152
E00030303,224,78,146
E00030305,264,125,139
E00030306,295,159,136
E00030307,276,151,125
E00030309,235,137,98
E00030593,391,196,195
E00030600,220,107,113
E00030605,294,148,146
E00030611,288,147,141
E00030616,243,131,112
E00030617,260,135,125
E00030598,302,157,145
E00030601,249,122,127
E00030603,285,147,138
E00030607,308,158,150
E00030612,292,169,123
E00030594,262,144,118
E00030606,274,148,126
E00030609,272,134,138
E00030614,261,139,122
E00030615,454,234,220
E00030608,266,138,128
E00030613,287,151,136
E00030621,290,147,143
E00030622,258,130,128
E00030623,153,71,82
E00030604,319,158,161
E00030610,342,177,165
E00030618,387,194,193
E00030619,252,138,114
E00030620,228,117,111
E00030956,219,94,125
E00030961,212,103,109
E00030963,450,201,249
E00181578,271,100,171
E00030964,454,247,207
E00030968,392,203,189
E00030969,384,200,184
E00030973,342,176,166
E00030975,297,160,137
E00030946,485,256,229
E00030955,485,244,241
E00030958,418,220,198
E00030965,387,218,169
E00030954,555,311,244
E00030962,612,303,309
E00030966,469,239,230
E00030967,414,213,201
E00031349,370,191,179
E00031375,367,191,176
E00031376,506,236,270
E00181570,495,270,225
E00181571,249,114,135
E00181572,327,153,174
E00181581,292,150,142
E00181641,461,221,240
E00181660,154,69,85
E00031366,496,261,235
E00168599,329,136,193
E00181582,212,97,115
E00181583,271,119,152
E00181584,338,162,176
E00030983,342,181,161
E00030984,320,164,156
E00030987,322,167,155
E00030993,342,166,176
E00030992,353,182,171
E00030994,351,178,173
E00030995,321,171,150
E00031001,356,185,171
E00031006,323,165,158
E00030980,266,136,130
E00030986,218,113,105
E00030988,327,170,157
E00030989,231,120,111
E00030990,419,210,209
E00030991,345,171,174
E00030996,341,173,168
E00030997,334,181,153
E00030999,295,145,150
E00031002,323,168,155
E00030979,282,150,132
E00030981,293,147,146
E00030982,268,133,135
E00030985,322,176,146
E00031007,282,151,131
E00031111,298,161,137
E00031115,339,186,153
E00031117,295,150,145
E00031119,451,226,225
E00031122,401,187,214
E00031351,321,165,156
E00031368,306,162,144
E00031371,336,156,180
E00031373,366,198,168
E00181664,243,119,124
E00181676,250,136,114
E00181681,162,66,96
E00181713,175,92,83
E00031350,392,211,181
E00031352,348,177,171
E00031353,339,164,175
E00031356,295,154,141
E00031358,341,160,181
E00031359,342,170,172
E00031367,312,165,147
E00031377,230,112,118
E00031354,385,188,197
E00031355,576,279,297
E00031357,317,147,170
E00031360,345,180,165
E00031361,383,184,199
E00031362,320,167,153
E00030950,435,217,218
E00030970,386,209,177
E00030971,389,201,188
E00030972,411,207,204
E00030953,361,178,183
E00030974,359,190,169
E00030977,400,214,186
E00181579,574,298,276
E00030947,347,181,166
E00030976,369,196,173
E00030978,228,101,127
E00181580,574,299,275
E00031110,308,160,148
E00031112,251,134,117
E00031113,208,102,106
E00031114,345,190,155
E00031118,444,219,225
E00031137,498,256,242
E00031116,370,181,189
E00031120,365,171,194
E00031121,342,157,185
E00031124,351,187,164
E00031125,365,184,181
E00031009,355,178,177
E00031029,471,227,244
E00031030,326,169,157
E00031032,287,144,143
E00031033,347,177,170
E00031010,310,165,145
E00031014,365,175,190
E00031015,345,165,180
E00031031,293,164,129
E00031038,358,186,172
E00031012,275,149,126
E00031013,287,148,139
E00031017,324,164,160
E00031020,307,158,149
E00031036,288,148,140
E00031055,310,151,159
E00031057,361,201,160
E00031059,251,136,115
E00031060,299,168,131
E00031061,363,195,168
E00031063,341,169,172
E00031041,327,171,156
E00031064,268,125,143
E00031066,288,153,135
E00031067,314,156,158
E00031068,330,158,172
E00031198,294,153,141
E00031200,365,183,182
E00031201,366,182,184
E00031202,378,188,190
E00031203,347,184,163
E00031179,351,171,180
E00031183,253,123,130
E00031187,384,200,184
E00031188,337,171,166
E00031194,376,187,189
E00031178,309,169,140
E00031184,255,133,122
E00031186,234,113,121
E00031190,296,164,132
E00031195,379,200,179
E00031197,403,231,172
E00031322,291,148,143
E00031324,307,165,142
E00031325,347,172,175
E00031330,331,176,155
E00031332,330,174,156
E00031327,340,173,167
E00031331,336,171,165
E00031334,359,168,191
E00031335,329,156,173
E00031336,362,179,183
E00031018,308,159,149
E00031021,337,173,164
E00031034,324,161,163
E00031035,261,144,117
E00031037,279,145,134
E00031011,294,148,146
E00031016,375,204,171
E00031019,328,179,149
E00031022,297,169,128
E00031023,265,148,117
E00031024,282,144,138
E00031008,331,174,157
E00031025,249,142,107
E00031026,314,168,146
E00031027,337,180,157
E00031028,315,155,160
E00031039,325,168,157
E00031040,304,159,145
E00031054,284,139,145
E00031056,276,128,148
E00031058,312,155,157
E00031062,261,143,118
E00031042,311,161,150
E00031043,272,130,142
E00031045,364,175,189
E00031046,286,148,138
E00031052,306,155,151
E00031180,356,185,171
E00031192,355,186,169
E00031196,247,132,115
E00031199,358,198,160
E00031204,360,190,170
E00031181,283,144,139
E00031182,168,60,108
E00031185,292,154,138
E00031189,238,135,103
E00031191,407,238,169
E00031193,362,193,169
E00031318,126,64,62
E00031343,217,106,111
E00031344,255,121,134
E00031345,219,131,88
E00031346,380,188,192
E00031347,295,161,134
E00031348,311,145,166
E00031315,203,114,89
E00031316,363,182,181
E00031317,274,137,137
E00031339,383,189,194
E00031341,257,130,127
E00031342,220,111,109
E00031415,333,180,153
E00031417,278,145,133
E00031438,363,186,177
E00031441,243,121,122
E00031447,245,130,115
E00031416,221,119,102
E00031422,267,150,117
E00031424,281,159,122
E00031425,272,146,126
E00031443,293,158,135
E00031446,202,105,97
E00031414,365,186,179
E00031421,405,246,159
E00031423,232,121,111
E00031433,249,116,133
E00031436,232,123,109
E00031420,300,160,140
E00031427,237,101,136
E00031428,296,149,147
E00031440,360,171,189
E00031444,272,134,138
E00031426,387,197,190
E00031429,270,132,138
E00031431,307,151,156
E00031432,335,170,165
E00030998,271,141,130
E00031000,278,153,125
E00031003,302,152,150
E00031004,325,154,171
E00031005,251,132,119
E00031044,282,148,134
E00031048,272,141,131
E00031065,260,135,125
E00031069,230,131,99
E00031070,336,172,164
E00031047,266,135,131
E00031049,255,135,120
E00031050,279,155,124
E00031051,304,152,152
E00031053,313,167,146
E00031418,279,149,130
E00031419,339,172,167
E00031439,308,169,139
E00031442,219,127,92
E00031445,333,175,158
E00031430,268,135,133
E00031434,395,203,192
E00031435,299,151,148
E00031437,370,184,186
E00031105,276,149,127
E00031106,399,197,202
E00031108,221,115,106
E00031123,298,162,136
E00031126,275,138,137
E00031128,247,121,126
E00031107,223,105,118
E00031129,362,185,177
E00031130,341,166,175
E00031131,157,75,82
E00031134,306,158,148
E00031135,280,144,136
E00031109,297,164,133
E00031127,286,167,119
E00031132,362,191,171
E00031133,250,138,112
E00031136,191,81,110
E00031328,370,186,184
E00031329,350,179,171
E00031333,274,140,134
E00031337,285,156,129
E00031338,259,133,126
E00031340,302,152,150
E00031319,363,177,186
E00031320,435,231,204
E00031321,207,99,108
E00031323,403,207,196
E00031326,337,158,179
E00031138,294,156,138
E00031144,367,185,182
E00031157,380,192,188
E00031161,402,194,208
E00031156,322,169,153
E00031158,291,153,138
E00031159,391,205,186
E00031160,295,161,134
E00031162,280,146,134
E00031139,321,170,151
E00031140,358,176,182
E00031141,273,149,124
E00031166,275,144,131
E00031168,405,198,207
E00031172,285,136,149
E00031151,232,120,112
E00031152,356,172,184
E00031153,353,179,174
E00031154,338,159,179
E00031155,324,161,163
E00031227,333,173,160
E00031229,251,137,114
E00031230,298,157,141
E00031232,370,182,188
E00031233,345,187,158
E00031235,411,201,210
E00031247,479,253,226
E00031248,244,126,118
E00031271,298,171,127
E00031272,313,164,149
E00031275,306,159,147
E00031245,294,153,141
E00031254,273,145,128
E00031258,272,138,134
E00031259,257,125,132
E00031260,247,130,117
E00031264,304,160,144
E00031244,268,136,132
E00031246,355,180,175
E00031253,270,132,138
E00031255,278,147,131
E00031256,163,92,71
E00031265,267,144,123
E00031257,273,147,126
E00031261,197,100,97
E00031262,360,171,189
E00031263,279,142,137
E00031266,358,179,179
E00031269,292,161,131
E00030891,341,183,158
E00030900,348,176,172
E00030902,340,173,167
E00030908,310,157,153
E00030888,320,164,156
E00030895,337,184,153
E00030897,291,152,139
E00030898,377,185,192
E00031206,329,171,158
E00031228,279,131,148
E00031234,286,152,134
E00031236,354,181,173
E00031237,248,119,129
E00031241,267,137,130
E00031293,333,167,166
E00031297,315,161,154
E00031298,240,116,124
E00031299,275,139,136
E00031303,305,155,150
E00031310,322,158,164
E00031292,290,157,133
E00031294,397,211,186
E00031295,326,160,166
E00031296,271,137,134
E00031300,273,126,147
E00031304,256,125,131
E00030889,400,187,213
E00030892,311,155,156
E00030894,258,130,128
E00030901,447,232,215
E00030903,187,95,92
E00030907,180,88,92
E00031207,198,100,98
E00031209,462,232,230
E00031210,347,179,168
E00031214,268,138,130
E00031215,220,115,105
E00031217,163,73,90
E00031231,481,225,256
E00031208,221,113,108
E00031211,289,144,145
E00031212,354,177,177
E00031239,401,203,198
E00031240,247,130,117
E00168601,309,138,171
E00168602,337,166,171
E00031205,240,114,126
E00031213,296,149,147
E00031219,324,168,156
E00031221,192,96,96
E00031225,281,147,134
E00031226,288,135,153
E00031216,296,141,155
E00031218,312,150,162
E00031220,336,189,147
E00031222,304,167,137
E00031223,261,139,122
E00031224,321,158,163
E00031163,276,132,144
E00031164,391,204,187
E00031165,302,139,163
E00031167,311,155,156
E00031169,415,225,190
E00031145,347,182,165
E00031148,330,165,165
E00031171,334,166,168
E00031174,331,177,154
E00031175,239,120,119
E00031142,297,147,150
E00031143,328,178,150
E00031170,310,166,144
E00031173,355,169,186
E00031176,348,181,167
E00031146,306,161,145
E00031147,318,165,153
E00031149,343,185,158
E00031150,347,169,178
E00031177,285,154,131
E00031267,349,171,178
E00031268,343,170,173
E00031270,319,167,152
E00031273,183,92,91
E00031274,344,189,155
E00030924,337,174,163
E00030930,247,127,120
E00030931,306,160,146
E00030934,235,132,103
E00030935,274,140,134
E00030937,291,151,140
E00030922,269,147,122
E00030923,339,182,157
E00030939,264,136,128
E00030940,235,113,122
E00030943,338,179,159
E00030945,319,177,142
E00030926,260,150,110
E00030927,273,144,129
E00030932,293,159,134
E00030936,354,185,169
E00030938,293,150,143
E00030919,480,238,242
E00030925,290,166,124
E00030929,203,102,101
E00030933,384,206,178
E00030941,235,130,105
E00030920,303,169,134
E00030921,327,180,147
E00030928,290,151,139
E00030942,346,184,162
E00030944,401,198,203
E00030904,265,147,118
E00030905,323,164,159
E00030911,304,162,142
E00030913,313,167,146
E00030914,197,111,86
E00031286,305,150,155
E00031306,275,135,140
E00031307,312,153,159
E00031308,327,175,152
E00031309,333,169,164
E00031281,362,199,163
E00031284,270,152,118
E00031285,258,135,123
E00031288,273,140,133
E00031311,358,189,169
E00031313,257,151,106
E00031287,295,160,135
E00031301,343,183,160
E00031302,288,148,140
E00031305,327,167,160
E00031312,207,107,100
E00031314,271,138,133
E00031282,323,164,159
E00031283,370,193,177
E00031289,358,192,166
E00031290,299,153,146
E00031291,305,157,148
E00030849,319,154,165
E00030851,338,174,164
E00030878,342,185,157
E00168588,117,59,58
E00168590,243,126,117
E00168595,352,185,167
E00168596,257,130,127
E00168600,325,164,161
E00181619,564,288,276
E00181635,112,62,50
E00030850,358,176,182
E00030856,302,174,128
E00030884,358,197,161
E00030885,311,169,142
E00030863,282,135,147
E00030865,235,114,121
E00030867,297,153,144
E00030868,239,126,113
E00030869,603,309,294
E00031249,236,125,111
E00031251,230,130,100
E00031276,259,131,128
E00031277,193,100,93
E00031278,348,173,175
E00031279,313,160,153
E00031242,351,183,168
E00031243,398,211,187
E00031250,353,190,163
E00031252,439,242,197
E00031280,270,151,119
E00030858,295,147,148
E00030860,379,206,173
E00030879,506,249,257
E00030882,354,168,186
E00168586,311,160,151
E00168587,335,171,164
E00168589,118,55,63
E00030864,398,193,205
E00030866,320,156,164
E00030870,196,107,89
E00030871,338,166,172
E00030872,349,173,176
E00030873,398,207,191
E00030874,407,200,207
E00030875,373,191,182
E00030876,432,213,219
E00030887,205,113,92
E00030890,356,182,174
E00030893,287,140,147
E00030896,280,131,149
E00030906,359,180,179
E00030910,358,182,176
E00030915,318,165,153
E00030916,338,165,173
E00030917,362,174,188
E00030918,317,152,165
E00030886,352,170,182
E00030899,309,150,159
E00030909,434,212,222
E00030912,400,195,205
E00031394,351,172,179
E00031395,380,187,193
E00031396,324,170,154
E00031397,357,189,168
E00031399,274,144,130
E00031385,419,204,215
E00031387,291,139,152
E00031388,384,199,185
E00031390,339,171,168
E00031392,361,181,180
E00031378,329,169,160
E00031386,329,164,165
E00031389,366,185,181
E00031391,368,168,200
E00031393,309,164,145
E00031478,315,161,154
E00031479,320,152,168
E00031480,307,163,144
E00031481,327,164,163
E00031482,338,178,160
E00031448,234,124,110
E00031450,265,139,126
E00031451,437,240,197
E00031452,300,156,144
E00031453,384,213,171
E00031454,368,189,179
E00031455,274,153,121
E00031460,263,144,119
E00031463,367,186,181
E00168594,185,99,86
E00168603,191,90,101
E00168604,216,109,107
E00031457,434,219,215
E00031459,266,141,125
E00031461,333,176,157
E00031464,244,120,124
E00031472,187,86,101
E00031473,284,155,129
E00031465,235,138,97
E00031467,332,169,163
E00031469,333,169,164
E00031471,334,168,166
E00031476,316,161,155
E00031483,404,208,196
E00031484,342,175,167
E00031485,298,165,133
E00031486,294,146,148
E00031487,273,153,120
E00030854,365,190,175
E00030855,318,163,155
E00030859,295,155,140
E00030861,302,149,153
E00030862,246,137,109
E00031379,368,200,168
E00031398,287,160,127
E00031403,341,171,170
E00031405,320,160,160
E00031409,392,204,188
E00031400,276,149,127
E00031401,224,122,102
E00031402,357,195,162
E00031406,336,174,162
E00031410,323,162,161
E00031456,372,185,187
E00031458,300,149,151
E00031462,344,183,161
E00031466,326,170,156
E00031468,413,213,200
E00031470,332,170,162
E00031474,279,151,128
E00031475,331,168,163
E00031477,289,146,143
E00030776,272,151,121
E00030777,282,144,138
E00030778,405,188,217
E00030793,271,147,124
E00030797,290,138,152
E00181649,232,117,115
E00181651,368,179,189
E00030772,305,154,151
E00030779,314,161,153
E00030796,371,191,180
E00030798,336,184,152
E00030802,370,198,172
E00030805,273,139,134
E00030853,374,179,195
E00030857,235,131,104
E00030877,430,222,208
E00030881,447,228,219
E00030883,528,272,256
E00031404,254,143,111
E00031407,305,155,150
E00031408,352,181,171
E00031411,345,178,167
E00031413,313,160,153
E00031380,383,197,186
E00031382,275,140,135
E00031383,319,163,156
E00031384,320,168,152
E00031412,392,205,187
E00168591,317,160,157
E00168592,424,223,201
E00030780,410,208,202
E00030801,332,184,148
E00030806,175,86,89
E00030807,356,182,174
E00030809,369,184,185
E00030782,351,168,183
E00030784,223,128,95
E00030800,306,157,149
E00030804,321,159,162
E00030808,335,156,179
E00181606,241,115,126
E00181661,229,103,126
E00181703,139,76,63
E00030773,263,138,125
E00030783,325,170,155
E00030785,242,127,115
E00030786,324,157,167
E00030787,244,123,121
E00030788,279,152,127
E00030771,342,173,169
E00030799,308,156,152
E00030803,326,163,163
E00030810,349,185,164
E00168584,248,109,139
E00168593,367,197,170
E00181630,192,84,108
E00181667,467,239,228
E00030830,285,133,152
E00030841,354,178,176
E00030846,212,112,100
E00030847,258,130,128
E00030848,342,175,167
E00030834,314,159,155
E00030836,318,161,157
E00030837,323,154,169
E00030838,326,174,152
E00030815,341,169,172
E00030819,351,177,174
E00030821,369,194,175
E00030842,322,180,142
E00030844,360,176,184
E00030824,295,154,141
E00030825,320,169,151
E00030828,331,153,178
E00030831,337,166,171
E00030832,350,182,168
E00031078,210,125,85
E00031081,542,244,298
E00031082,313,160,153
E00031086,392,211,181
E00031090,348,176,172
E00031077,363,183,180
E00031080,290,162,128
E00031083,319,162,157
E00031089,355,168,187
E00031091,370,192,178
E00030774,285,144,141
E00030775,198,114,84
E00030789,238,127,111
E00030790,393,195,198
E00030791,277,144,133
E00030792,251,136,115
E00030813,335,177,158
E00030822,321,160,161
E00030827,367,191,176
E00030845,361,179,182
E00030817,341,173,168
E00030826,297,151,146
E00030829,281,143,138
E00030833,271,143,128
E00030835,310,164,146
E00030811,263,126,137
E00030820,272,158,114
E00030839,268,147,121
E00030840,372,197,175
E00030843,371,195,176
E00030812,354,184,170
E00030814,272,140,132
E00030816,401,204,197
E00030818,338,178,160
E00030823,323,180,143
E00031097,375,184,191
E00031099,391,185,206
E00031100,327,175,152
E00031103,399,203,196
E00031092,328,169,159
E00031094,365,187,178
E00031095,317,168,149
E00031096,352,177,175
E00031098,406,235,171
E00031072,353,173,180
E00031073,368,192,176
E00031101,325,172,153
E00031102,313,159,154
E00031104,342,178,164
E00031071,356,189,167
E00031074,362,192,170
E00031075,348,189,159
E00031076,354,186,168
E00031079,366,185,181
E00031084,198,102,96
E00031085,405,208,197
E00031087,275,162,113
E00031088,306,153,153
E00031093,342,181,161
E00031990,296,152,144
E00031993,519,254,265
E00031995,285,141,144
E00031998,403,193,210
E00031997,410,202,208
E00032008,254,127,127
E00032032,281,154,127
E00032033,216,118,98
E00181450,156,79,77
E00181464,475,242,233
E00181477,212,103,109
E00031994,296,149,147
E00031996,457,240,217
E00031999,247,126,121
E00032000,310,162,148
E00032002,240,140,100
E00031991,324,167,157
E00032001,481,255,226
E00032003,322,156,166
E00032004,442,221,221
E00031575,263,137,126
E00031577,282,145,137
E00031608,254,125,129
E00031609,268,133,135
E00031616,312,164,148
E00031578,355,168,187
E00031614,234,114,120
E00031615,237,107,130
E00031617,233,123,110
E00181447,357,178,179
E00181482,412,204,208
E00181503,292,147,145
E00031576,345,181,164
E00031579,308,153,155
E00031581,289,152,137
E00031582,240,124,116
E00031583,220,109,111
E00031602,463,221,242
E00031603,360,180,180
E00031604,355,172,183
E00181413,583,292,291
E00181433,161,86,75
E00031574,290,159,131
E00031605,266,141,125
E00031607,220,113,107
E00031610,281,148,133
E00031612,241,128,113
E00031613,209,117,92
E00031698,366,183,183
E00031703,290,154,136
E00031705,390,195,195
E00031709,270,138,132
E00032020,296,152,144
E00032021,286,151,135
E00032022,277,147,130
E00032024,237,123,114
E00032025,274,141,133
E00032027,334,169,165
E00032029,299,142,157
E00032030,181,95,86
E00181420,346,178,168
E00181485,300,148,152
E00032006,482,247,235
E00032017,215,107,108
E00032019,221,104,117
E00032023,232,129,103
E00032026,222,116,106
E00032031,353,174,179
E00032012,291,145,146
E00032013,343,169,174
E00032015,290,145,145
E00032016,270,141,129
E00032034,232,119,113
E00032007,272,134,138
E00032009,257,129,128
E00032010,247,126,121
E00032035,249,127,122
E00032038,254,137,117
E00032005,252,133,119
E00032011,277,139,138
E00032014,324,145,179
E00032018,218,100,118
E00032036,248,122,126
E00032037,285,147,138
E00031572,318,161,157
E00031585,317,163,154
E00031586,243,132,111
E00031587,344,184,160
E00031619,246,124,122
E00031580,351,175,176
E00031584,339,187,152
E00031611,310,162,148
E00031618,302,158,144
E00168459,159,83,76
E00168460,330,167,163
E00168461,198,94,104
E00031590,310,152,158
E00031591,257,127,130
E00031593,276,143,133
E00031594,302,148,154
E00031573,283,145,138
E00031588,292,157,135
E00031589,352,172,180
E00031592,335,183,152
E00031598,265,141,124
E00031708,320,165,155
E00031710,330,160,170
E00031712,269,127,142
E00031715,306,154,152
E00031716,299,163,136
E00031696,347,179,168
E00031699,287,137,150
E00031701,398,203,195
E00031707,260,129,131
E00031711,284,150,134
E00031697,291,141,150
E00031713,301,152,149
E00031714,286,149,137
E00031720,260,139,121
E00031721,354,183,171
E00031717,308,150,158
E00031718,306,157,149
E00031722,337,157,180
E00181443,162,78,84
E00181461,171,85,86
E00181474,425,226,199
E00031700,342,184,158
E00031702,294,156,138
E00031704,272,137,135
E00031706,291,146,145
E00031732,318,169,149
E00032291,279,139,140
E00032293,259,135,124
E00032300,254,104,150
E00032301,254,111,143
E00032302,289,122,167
E00181424,430,167,263
E00181495,119,50,69
E00032315,467,230,237
E00032316,264,137,127
E00032317,257,135,122
E00032318,319,170,149
E00032319,302,152,150
E00032289,277,148,129
E00032295,294,151,143
E00032320,334,163,171
E00032321,256,126,130
E00032322,298,145,153
E00032286,320,160,160
E00032290,295,149,146
E00032292,318,165,153
E00032294,273,143,130
E00032297,253,134,119
E00032380,245,123,122
E00032384,355,186,169
E00032399,239,137,102
E00032403,218,114,104
E00032405,241,120,121
E00032409,314,166,148
E00031595,323,164,159
E00031596,292,159,133
E00031597,324,170,154
E00031599,395,202,193
E00031600,242,125,117
E00032375,371,198,173
E00032398,389,204,185
E00032400,435,222,213
E00032401,456,217,239
E00032404,186,82,104
E00032377,399,230,169
E00032378,327,169,158
E00032386,270,134,136
E00032389,322,146,176
E00032379,309,159,150
E00032402,356,185,171
E00032406,298,150,148
E00032407,288,144,144
E00032408,279,143,136
E00031723,337,180,157
E00031725,324,165,159
E00031726,289,146,143
E00031729,257,128,129
E00031719,422,236,186
E00031727,333,167,166
E00031728,275,142,133
E00031730,297,142,155
E00031731,273,135,138
E00032309,263,132,131
E00032310,344,154,190
E00032311,313,158,155
E00032312,271,137,134
E00032313,226,89,137
E00181484,497,248,249
E00181498,114,51,63
E00032288,312,150,162
E00032298,303,149,154
E00032299,251,129,122
E00032303,303,153,150
E00032308,307,139,168
E00032287,344,181,163
E00032296,288,138,150
E00032304,315,156,159
E00032305,416,204,212
E00032306,320,150,170
E00031956,225,139,86
E00031957,295,151,144
E00031977,243,82,161
E00031982,295,143,152
E00031984,139,43,96
E00031987,282,142,140
E00031960,272,136,136
E00031973,256,130,126
E00031975,290,135,155
E00031978,209,90,119
E00031985,348,180,168
E00032374,315,131,184
E00032382,268,129,139
E00032394,179,74,105
E00032395,282,124,158
E00032396,244,96,148
E00032397,300,156,144
E00032376,238,120,118
E00032381,269,137,132
E00032383,317,162,155
E00032385,269,134,135
E00032387,222,124,98
E00032388,299,160,139
E00032390,359,181,178
E00032391,238,119,119
E00032392,205,95,110
E00032393,373,179,194
E00032197,339,158,181
E00032198,440,222,218
E00032200,362,173,189
E00032201,398,225,173
E00032203,319,175,144
E00032183,314,160,154
E00032204,280,146,134
E00032205,404,212,192
E00032207,326,177,149
E00032208,372,208,164
E00032210,324,168,156
E00032217,246,121,125
E00032219,414,211,203
E00032225,389,202,187
E00032226,157,72,85
E00032227,273,145,128
E00032229,354,183,171
E00032213,268,138,130
E00032214,302,165,137
E00032215,260,128,132
E00032222,299,144,155
E00032243,312,164,148
E00032246,237,123,114
E00032216,340,163,177
E00032239,113,56,57
E00032240,246,130,116
E00032241,252,131,121
E00032242,235,125,110
E00032244,198,108,90
E00032245,278,137,141
E00032212,290,132,158
E00032218,289,149,140
E00032220,341,160,181
E00032223,298,148,150
E00032224,217,100,117
E00032426,343,187,156
E00032427,365,186,179
E00032428,348,166,182
E00032429,423,205,218
E00032430,193,104,89
E00032431,257,133,124
E00032432,230,127,103
E00032433,193,106,87
E00032435,208,94,114
E00032434,254,127,127
E00032436,306,162,144
E00032437,294,143,151
E00032438,155,83,72
E00032414,264,137,127
E00032439,343,166,177
E00032440,303,148,155
E00032441,337,176,161
E00032442,356,182,174
E00031976,343,175,168
E00031979,479,249,230
E00031980,255,123,132
E00031981,330,179,151
E00031989,303,157,146
E00031955,298,147,151
E00031958,298,157,141
E00031983,401,205,196
E00031986,304,150,154
E00031988,319,155,164
E00031959,328,161,167
E00031961,278,147,131
E00031963,300,150,150
E00031964,388,197,191
E00031965,375,183,192
E00031962,301,143,158
E00031966,344,176,168
E00031967,259,125,134
E00031968,366,191,175
E00031969,318,146,172
E00031954,305,156,149
E00031970,299,164,135
E00031971,337,173,164
E00031972,233,123,110
E00031974,361,181,180
E00031784,376,192,184
E00031789,340,184,156
E00031800,407,211,196
E00031801,413,200,213
E00031806,204,106,98
E00031777,355,183,172
E00031782,269,130,139
E00031810,448,223,225
E00031811,276,147,129
E00031815,333,162,171
E00031785,360,175,185
E00031786,355,150,205
E00031793,332,169,163
E00031813,300,161,139
E00031816,286,147,139
E00031778,338,161,177
E00031779,298,147,151
E00031812,232,119,113
E00031814,245,123,122
E00031817,372,200,172
E00031774,303,157,146
E00031798,196,104,92
E00031803,299,151,148
E00168450,364,186,178
E00168451,354,179,175
E00168452,383,196,187
E00168453,254,130,124
E00032179,282,142,140
E00032186,350,169,181
E00032188,260,136,124
E00032189,284,141,143
E00032190,279,138,141
E00032177,177,98,79
E00032178,233,124,109
E00032180,440,218,222
E00032181,305,146,159
E00032192,285,130,155
E00032191,304,150,154
E00032193,241,125,116
E00032194,312,160,152
E00032195,355,195,160
E00032196,260,131,129
E00032221,306,149,157
E00032228,373,202,171
E00032232,251,133,118
E00032233,519,260,259
E00032236,376,209,167
E00032237,307,153,154
E00032230,290,147,143
E00032231,279,141,138
E00032234,256,128,128
E00032235,268,136,132
E00032238,290,134,156
E00032182,466,234,232
E00032184,234,120,114
E00032185,278,148,130
E00032209,376,186,190
E00168471,241,123,118
E00168472,207,81,126
E00168473,234,105,129
E00032176,263,138,125
E00032187,391,212,179
E00032202,508,240,268
E00032206,538,289,249
E00032211,336,157,179
E00032461,441,216,225
E00032465,361,182,179
E00032470,280,139,141
E00032476,442,223,219
E00032482,251,125,126
E00032466,500,258,242
E00032467,313,155,158
E00032469,284,138,146
E00032472,282,135,147
E00032474,367,202,165
E00032464,327,175,152
E00032468,366,192,174
E00032471,281,147,134
E00032473,226,100,126
E00032475,107,59,48
E00032477,128,65,63
E00031781,285,132,153
E00031783,253,122,131
E00031787,265,141,124
E00031791,297,139,158
E00031794,344,187,157
E00031792,314,172,142
E00031796,261,127,134
E00031797,288,155,133
E00031799,320,158,162
E00031802,347,182,165
E00031773,301,154,147
E00031780,370,197,173
E00031788,316,162,154
E00031790,298,137,161
E00031795,291,150,141
E00031776,287,143,144
E00031805,364,186,178
E00031807,450,225,225
E00031808,453,230,223
E00031809,323,150,173
E00031819,288,142,146
E00031820,256,130,126
E00031841,283,142,141
E00031842,433,231,202
E00031843,301,150,151
E00031622,320,173,147
E00031623,206,100,106
E00031646,538,270,268
E00031648,363,192,171
E00031649,183,93,90
E00031650,244,120,124
E00031655,225,89,136
E00031639,282,139,143
E00031640,311,159,152
E00031641,337,174,163
E00031642,279,151,128
E00031647,363,193,170
E00031638,390,173,217
E00031643,284,146,138
E00031644,306,154,152
E00031645,369,196,173
E00168484,494,269,225
E00181411,403,202,201
E00181478,294,142,152
E00031863,287,144,143
E00031869,271,144,127
E00031870,273,135,138
E00031909,314,157,157
E00031862,264,140,124
E00031873,231,126,105
E00031874,255,115,140
E00031875,343,165,178
E00031876,199,86,113
E00031908,396,211,185
E00032254,235,117,118
E00032256,345,189,156
E00032278,214,100,114
E00032279,313,166,147
E00032283,221,101,120
E00032284,308,154,154
E00032252,285,133,152
E00032253,299,151,148
E00032280,263,141,122
E00032281,254,120,134
E00032282,248,122,126
E00032285,166,98,68
E00032251,255,139,116
E00032255,267,142,125
E00032257,247,136,111
E00032258,372,181,191
E00032261,191,98,93
E00032266,499,250,249
E00032259,277,144,133
E00032262,439,222,217
E00032263,313,166,147
E00032265,316,156,160
E00168486,296,153,143
E00168493,258,134,124
E00168494,370,185,185
E00032247,329,169,160
E00032248,234,117,117
E00032264,231,126,105
E00032267,225,104,121
E00032271,542,268,274
E00032272,291,152,139
E00032268,306,157,149
E00032269,279,150,129
E00032270,275,149,126
E00032275,234,122,112
E00181414,326,161,165
E00181419,364,184,180
E00032249,263,138,125
E00032250,290,141,149
E00032276,381,194,187
E00032277,296,154,142
E00181432,199,97,102
E00181436,455,231,224
E00031822,279,147,132
E00031851,261,138,123
E00031852,324,163,161
E00031855,324,165,159
E00031856,446,228,218
E00031857,363,178,185
E00031858,289,141,148
E00031861,327,162,165
E00168455,221,110,111
E00168490,196,104,92
E00168492,180,91,89
E00031845,280,140,140
E00031848,274,151,123
E00031849,267,146,121
E00031853,312,158,154
E00031854,323,161,162
E00031818,368,187,181
E00031826,333,165,168
E00031850,374,185,189
E00031859,428,211,217
E00031860,435,238,197
E00031821,274,142,132
E00031839,582,292,290
E00031840,480,238,242
E00031844,273,144,129
E00031846,305,154,151
E00032462,257,137,120
E00032463,268,135,133
E00032479,270,128,142
E00032480,283,144,139
E00032484,299,154,145
E00032486,308,155,153
E00032487,287,143,144
E00032489,341,168,173
E00032490,296,147,149
E00032494,222,119,103
E00032459,262,133,129
E00032478,509,269,240
E00032481,310,163,147
E00032483,345,180,165
E00032485,323,160,163
E00032488,236,119,117
E00032491,268,132,136
E00032492,241,120,121
E00032493,285,147,138
E00032495,265,129,136
E00032460,357,175,182
E00032496,321,175,146
E00032497,365,192,173
E00032498,228,109,119
E00032410,348,166,182
E00032412,269,137,132
E00032417,273,140,133
E00032419,254,132,122
E00032420,239,119,120
E00032421,338,186,152
E00032422,311,162,149
E00032423,280,146,134
E00032453,284,144,140
E00032458,323,169,154
E00032411,296,151,145
E00032413,490,244,246
E00032424,375,186,189
E00168454,380,198,182
E00168491,404,205,199
E00181445,494,262,232
E00181490,187,91,96
E00032448,315,160,155
E00032449,311,159,152
E00032457,329,174,155
E00181415,189,102,87
E00181434,588,298,290
E00181472,263,133,130
E00032443,347,178,169
E00032444,306,149,157
E00032446,326,161,165
E00032456,375,200,175
E00032416,266,136,130
E00032447,249,119,130
E00032450,297,147,150
E00032451,317,161,156
E00032415,302,152,150
E00032418,413,202,211
E00032452,351,189,162
E00032454,267,139,128
E00032455,289,142,147
E00031864,336,176,160
E00031872,261,133,128
E00031877,314,156,158
E00031878,224,124,100
E00031880,254,125,129
E00031865,229,124,105
E00031879,249,130,119
E00031881,301,158,143
E00031882,348,173,175
E00031883,337,174,163
E00031886,319,164,155
E00031887,329,162,167
E00031891,260,125,135
E00031892,333,171,162
E00031893,257,124,133
E00031894,257,134,123
E00031895,250,125,125
E00031898,324,158,166
E00031901,364,185,179
E00031906,421,208,213
E00031633,345,187,158
E00031651,243,132,111
E00031652,483,244,239
E00031653,287,153,134
E00031658,258,123,135
E00031659,313,159,154
E00031627,529,267,262
E00031629,292,148,144
E00031631,282,143,139
E00031636,285,147,138
E00168476,309,158,151
E00168477,209,96,113
E00168485,211,102,109
E00031624,345,187,158
E00031625,258,139,119
E00031630,234,118,116
E00031632,253,138,115
E00031656,272,144,128
E00031657,313,142,171
E00031634,456,242,214
E00031635,276,148,128
E00031637,543,261,282
E00031654,310,157,153
E00168474,290,144,146
E00168475,302,148,154
E00168482,452,220,232
E00031490,311,159,152
E00031505,332,163,169
E00031511,309,160,149
E00031516,308,160,148
E00031518,262,134,128
E00031496,255,120,135
E00031497,288,138,150
E00031501,365,192,173
E00031519,439,224,215
E00031520,364,176,188
E00031506,364,190,174
E00031508,334,172,162
E00031509,353,186,167
E00031510,301,150,151
E00168462,289,144,145
E00168463,262,132,130
E00168464,180,87,93
E00168465,293,149,144
E00031512,410,201,209
E00031513,300,154,146
E00031514,278,140,138
E00031517,274,145,129
E00168466,463,229,234
E00168488,365,188,177
E00168489,344,168,176
E00031521,290,150,140
E00031522,296,153,143
E00031525,284,148,136
E00031526,313,153,160
E00031871,318,160,158
E00031884,245,125,120
E00031885,389,201,188
E00031888,265,142,123
E00031889,262,136,126
E00031890,345,195,150
E00031867,327,164,163
E00031868,329,163,166
E00031899,266,131,135
E00031902,378,179,199
E00031903,276,147,129
E00031904,364,180,184
E00031866,258,122,136
E00031896,237,112,125
E00031897,237,118,119
E00031900,323,156,167
E00031905,253,121,132
E00031907,263,141,122
E00032328,311,163,148
E00032331,304,151,153
E00032361,446,224,222
E00032364,212,111,101
E00032368,285,153,132
E00032327,314,167,147
E00032362,274,135,139
E00032365,204,105,99
E00032366,234,120,114
E00032371,277,134,143
E00031488,378,183,195
E00031489,246,126,120
E00031491,250,122,128
E00031492,277,136,141
E00031524,241,115,126
E00031493,309,148,161
E00031494,268,149,119
E00031495,241,121,120
E00031498,268,138,130
E00031523,294,145,149
E00031499,377,205,172
E00031500,330,163,167
E00031503,206,97,109
E00031504,264,143,121
E00168456,180,89,91
E00168467,244,116,128
E00168468,257,130,127
E00168469,332,164,168
E00032057,319,164,155
E00032062,410,209,201
E00168458,432,205,227
E00168470,282,133,149
E00181423,107,56,51
E00181431,212,97,115
E00181458,196,105,91
E00181504,132,70,62
E00032058,320,152,168
E00032059,239,111,128
E00032060,241,116,125
E00181441,685,106,579
E00181457,150,77,73
E00031823,508,238,270
E00031824,297,156,141
E00031827,298,150,148
E00031829,433,208,225
E00031833,318,172,146
E00031830,288,127,161
E00031835,302,155,147
E00031836,252,111,141
E00031837,367,181,186
E00031838,373,203,170
E00031825,281,143,138
E00031828,409,207,202
E00031831,321,144,177
E00031832,289,145,144
E00031834,278,135,143
E00032104,341,161,180
E00032105,356,203,153
E00032107,425,236,189
E00032108,259,127,132
E00032111,276,132,144
E00032077,268,134,134
E00032103,271,141,130
E00032106,295,149,146
E00032109,380,195,185
E00032110,284,139,145
E00032325,445,214,231
E00032326,259,134,125
E00032351,128,70,58
E00032358,371,190,181
E00032359,338,172,166
E00032360,231,121,110
E00032329,583,290,293
E00032330,622,313,309
E00032333,483,232,251
E00032337,360,184,176
E00032332,212,110,102
E00032334,237,118,119
E00032335,273,139,134
E00032372,280,146,134
E00032373,255,126,129
E00032324,376,199,177
E00032341,347,165,182
E00032344,275,143,132
E00032346,282,146,136
E00032355,328,165,163
E00032323,246,120,126
E00032336,239,126,113
E00032342,286,134,152
E00032343,283,146,137
E00032350,263,137,126
E00031663,324,164,160
E00031664,533,267,266
E00031665,310,166,144
E00031677,264,137,127
E00181416,235,118,117
E00181487,468,233,235
E00031666,306,150,156
E00031668,247,122,125
E00031679,413,196,217
E00031683,238,129,109
E00031687,340,172,168
E00032338,500,260,240
E00032340,302,146,156
E00032347,278,135,143
E00032352,283,148,135
E00032363,215,106,109
E00032339,620,310,310
E00032345,160,98,62
E00032348,343,172,171
E00032367,259,138,121
E00032369,281,145,136
E00181440,418,195,223
E00181455,307,157,150
E00181480,345,189,156
E00032349,353,181,172
E00032353,342,177,165
E00032354,274,141,133
E00032356,216,120,96
E00032357,259,130,129
E00032043,265,137,128
E00032044,287,156,131
E00032048,380,160,220
E00032052,318,163,155
E00032072,277,144,133
E00032088,301,152,149
E00032089,511,255,256
E00032090,303,119,184
E00032094,434,177,257
E00032122,228,121,107
E00032124,310,154,156
E00032078,305,137,168
E00032081,393,181,212
E00032083,442,221,221
E00032084,392,195,197
E00032120,253,132,121
E00032121,290,147,143
E00032112,472,237,235
E00032113,364,176,188
E00032114,312,167,145
E00032117,263,135,128
E00032119,256,130,126
E00031662,180,77,103
E00031669,241,122,119
E00031670,309,149,160
E00031671,291,138,153
E00031672,236,113,123
E00181459,208,108,100
E00181466,200,106,94
E00181488,618,319,299
E00031674,377,202,175
E00031675,320,164,156
E00031676,287,159,128
E00031678,274,140,134
E00031684,397,212,185
E00032082,249,120,129
E00032086,311,162,149
E00032087,329,164,165
E00032115,312,147,165
E00032118,338,181,157
E00032080,335,159,176
E00032085,275,140,135
E00032091,334,171,163
E00032116,280,137,143
E00032123,293,144,149
E00032079,265,145,120
E00032092,274,133,141
E00032095,506,262,244
E00032099,381,188,193
E00168457,118,44,74
E00168478,292,159,133
E00168479,180,88,92
E00031738,290,146,144
E00031740,272,125,147
E00031770,390,192,198
E00031771,256,132,124
E00031772,502,249,253
E00031735,329,157,172
E00031754,309,156,153
E00031755,286,143,143
E00031757,281,145,136
E00031759,285,158,127
E00031739,299,152,147
E00031741,189,100,89
E00031742,280,148,132
E00031743,267,135,132
E00031749,338,173,165
E00031745,317,170,147
E00031746,350,173,177
E00031747,310,154,156
E00031748,160,62,98
E00031751,240,121,119
E00031752,250,116,134
E00031733,381,191,190
E00031734,344,174,170
E00031736,350,172,178
E00031744,328,168,160
E00031750,237,129,108
E00032063,269,137,132
E00032064,356,168,188
E00032065,287,145,142
E00032066,284,141,143
E00032067,359,175,184
E00032039,243,117,126
E00032042,221,97,124
E00032047,263,135,128
E00032068,245,125,120
E00032069,320,162,158
E00032040,313,160,153
E00032050,288,133,155
E00032051,291,158,133
E00032054,279,135,144
E00032073,332,168,164
E00032049,244,118,126
E00032070,281,146,135
E00032074,259,132,127
E00032075,289,147,142
E00032076,337,146,191
E00032045,362,188,174
E00032046,349,184,165
E00032053,341,165,176
E00032071,288,149,139
E00181412,399,194,205
E00181449,322,167,155
E00181483,400,185,215
E00181486,101,51,50
E00031667,289,141,148
E00031689,297,166,131
E00031690,187,102,85
E00031691,227,109,118
E00031692,293,147,146
E00031693,245,126,119
E00031660,295,156,139
E00031661,315,159,156
E00031694,339,178,161
E00031695,333,161,172
E00031681,283,135,148
E00031682,298,158,140
E00031685,332,175,157
E00031686,247,142,105
E00031688,234,127,107
E00031920,374,176,198
E00031923,318,173,145
E00031926,309,165,144
E00031928,259,140,119
E00031932,332,189,143
E00032096,264,136,128
E00032097,243,134,109
E00032098,280,145,135
E00032100,267,118,149
E00032101,252,130,122
E00032102,272,141,131
E00031541,289,151,138
E00031542,256,136,120
E00031543,314,150,164
E00031545,348,183,165
E00031561,265,128,137
E00031567,271,146,125
E00031529,300,147,153
E00031540,317,154,163
E00031546,365,179,186
E00031547,278,151,127
E00031548,298,156,142
E00031528,385,189,196
E00031536,351,175,176
E00031544,231,111,120
E00031550,347,178,169
E00031551,236,122,114
E00031527,338,175,163
E00031553,369,185,184
E00031554,383,190,193
E00031555,341,161,180
E00031531,207,105,102
E00031533,500,253,247
E00031559,419,210,209
E00031563,287,148,139
E00031564,303,153,150
E00031530,278,141,137
E00031549,338,175,163
E00031552,335,149,186
E00031556,284,150,134
E00031560,351,177,174
E00031557,302,154,148
E00031558,285,151,134
E00031565,389,203,186
E00031568,237,127,110
E00031569,292,145,147
E00031753,309,163,146
E00031756,315,177,138
E00031758,321,165,156
E00031760,281,148,133
E00031761,262,141,121
E00031737,330,165,165
E00031763,298,148,150
E00031767,308,149,159
E00031769,294,155,139
E00031762,272,145,127
E00031764,278,139,139
E00031765,262,134,128
E00031766,276,145,131
E00031768,310,167,143
E00031911,378,200,178
E00031912,279,141,138
E00031918,276,129,147
E00031919,257,121,136
E00031922,311,171,140
E00031910,259,147,112
E00031914,341,169,172
E00031916,274,140,134
E00031917,262,142,120
E00031924,288,151,137
E00031915,455,225,230
E00031921,293,146,147
E00031925,345,177,168
E00031934,269,143,126
E00168480,282,130,152
E00168481,291,137,154
E00031927,284,154,130
E00031930,275,137,138
E00031931,237,114,123
E00031933,305,147,158
E00031937,258,137,121
E00031935,292,147,145
E00031939,385,203,182
E00031940,465,240,225
E00031941,341,176,165
E00031532,397,201,196
E00031534,263,134,129
E00031535,377,193,184
E00031537,301,154,147
E00031571,243,118,125
E00031538,401,191,210
E00031539,293,132,161
E00031562,278,130,148
E00031566,391,197,194
E00031570,269,135,134
E00032127,261,131,130
E00032149,256,131,125
E00032155,287,147,140
E00032158,284,131,153
E00032169,469,236,233
E00032157,300,160,140
E00032159,277,157,120
E00032165,245,132,113
E00032168,322,170,152
E00032171,295,164,131
E00032132,296,149,147
E00032134,305,154,151
E00032136,459,230,229
E00032137,268,133,135
E00032160,314,157,157
E00032163,420,183,237
E00032146,270,142,128
E00032150,236,129,107
E00032152,237,124,113
E00032153,284,148,136
E00032156,229,118,111
E00032125,248,115,133
E00032126,310,153,157
E00032148,261,128,133
E00032151,332,167,165
E00181418,127,64,63
E00181426,122,67,55
E00181454,488,255,233
E00032128,287,151,136
E00032162,260,135,125
E00032170,343,173,170
E00032172,402,203,199
E00032175,318,156,162
E00032130,350,179,171
E00032139,334,168,166
E00032161,312,160,152
E00032164,255,142,113
E00032174,308,171,137
E00032133,400,201,199
E00032144,277,135,142
E00032145,319,166,153
E00032166,458,228,230
E00181422,257,136,121
E00181439,328,165,163
E00181467,231,111,120
E00181468,368,191,177
E00031942,260,132,128
E00031943,311,146,165
E00031945,314,160,154
E00031947,544,275,269
E00031950,407,211,196
E00031936,293,140,153
E00031938,262,135,127
E00031944,321,152,169
E00031946,210,101,109
E00031949,540,279,261
E00031913,245,120,125
E00031948,351,171,180
E00031951,312,168,144
E00031952,300,161,139
E00031953,311,153,158
E00032129,295,143,152
E00032135,424,222,202
E00032154,261,144,117
E00032167,471,241,230
E00032173,211,111,100
E00032131,346,167,179
E00032138,291,144,147
E00032141,311,158,153
E00032142,347,182,165
E00032143,225,126,99
E00032669,381,209,172
E00032671,346,171,175
E00032675,337,174,163
E00032676,352,179,173
E00032682,435,265,170
E00032685,313,164,149
E00032890,326,160,166
E00032891,337,180,157
E00032903,290,152,138
E00032907,348,181,167
E00032894,398,223,175
E00032895,494,268,226
E00032906,456,253,203
E00032908,494,271,223
E00032889,284,152,132
E00032898,447,234,213
E00032899,397,233,164
E00185145,409,225,184
E00185171,265,141,124
E00032896,308,156,152
E00032897,314,165,149
E00032911,411,223,188
E00172027,341,175,166
E00172028,549,289,260
E00172029,393,210,183
E00032711,280,142,138
E00032713,309,165,144
E00032716,343,175,168
E00032727,613,313,300
E00032715,246,135,111
E00032717,251,115,136
E00032719,255,125,130
E00032720,507,255,252
E00032721,262,133,129
E00032714,354,183,171
E00032718,317,170,147
E00032724,312,158,154
E00032731,265,139,126
E00032712,245,136,109
E00032729,285,152,133
E00032730,312,167,145
E00185143,268,114,154
E00185175,436,221,215
E00032900,298,150,148
E00032902,267,144,123
E00032904,282,142,140
E00172023,185,97,88
E00172024,298,162,136
E00172026,329,175,154
E00172030,365,205,160
E00172033,280,151,129
E00172034,343,182,161
E00032893,347,186,161
E00032905,317,165,152
E00032910,465,235,230
E00172025,136,63,73
E00172031,381,192,189
E00172032,372,176,196
E00032516,248,120,128
E00032521,257,140,117
E00032523,252,128,124
E00032524,261,129,132
E00172020,330,169,161
E00172021,365,191,174
E00172036,275,138,137
E00032520,270,151,119
E00032526,252,128,124
E00032530,423,221,202
E00032531,188,99,89
E00185137,127,62,65
E00032612,279,155,124
E00032615,273,146,127
E00032616,337,181,156
E00032625,257,130,127
E00032626,308,147,161
E00032611,412,212,200
E00032613,278,152,126
E00032614,158,77,81
E00032623,293,149,144
E00032624,249,130,119
E00032670,215,93,122
E00032677,367,185,182
E00032680,286,161,125
E00032681,190,94,96
E00032683,155,59,96
E00032684,173,86,87
E00032710,280,156,124
E00032722,310,163,147
E00032723,487,265,222
E00032725,294,160,134
E00032726,379,206,173
E00032964,242,124,118
E00032979,262,133,129
E00032980,281,154,127
E00032981,232,118,114
E00032982,287,137,150
E00032965,278,145,133
E00032966,277,153,124
E00032967,317,180,137
E00032983,332,175,157
E00032984,333,178,155
E00032962,303,142,161
E00032968,308,156,152
E00032969,284,144,140
E00032974,260,134,126
E00032975,220,112,108
E00032961,342,172,170
E00032970,512,289,223
E00032971,385,200,185
E00032972,220,116,104
E00032973,314,168,146
E00032963,285,151,134
E00032976,322,169,153
E00032977,333,168,165
E00032978,398,220,178
E00032517,357,199,158
E00032518,285,150,135
E00032525,310,160,150
E00032528,263,136,127
E00032532,302,176,126
E00032522,380,201,179
E00032529,253,146,107
E00032533,335,177,158
E00032534,347,192,155
E00032609,290,152,138
E00032618,385,191,194
E00032619,348,182,166
E00032620,217,113,104
E00032622,282,151,131
E00032607,272,140,132
E00032608,290,143,147
E00032610,324,188,136
E00032617,291,156,135
E00032621,349,188,161
E00032629,248,127,121
E00032630,325,165,160
E00032634,305,145,160
E00032648,272,139,133
E00032631,460,242,218
E00032632,348,165,183
E00032633,311,148,163
E00032635,303,151,152
E00032636,232,115,117
E00032672,362,207,155
E00032673,300,160,140
E00032674,287,143,144
E00032678,250,128,122
E00032679,253,126,127
E00032508,278,148,130
E00032510,301,155,146
E00032511,294,180,114
E00032512,309,170,139
E00032513,397,200,197
E00032500,221,85,136
E00032501,200,110,90
E00032502,242,145,97
E00032506,205,89,116
E00032514,242,139,103
E00172035,311,158,153
E00032499,251,135,116
E00032504,294,153,141
E00032505,248,136,112
E00032507,225,120,105
E00032515,355,204,151
E00032637,356,189,167
E00032640,231,110,121
E00032641,421,220,201
E00032627,352,194,158
E00032639,315,161,154
E00172037,337,178,159
E00172038,555,282,273
E00185157,307,161,146
E00185160,312,161,151
E00032732,204,97,107
E00032735,329,164,165
E00032748,369,210,159
E00032749,295,148,147
E00032750,335,181,154
E00032736,275,142,133
E00032737,274,150,124
E00032738,335,180,155
E00032739,273,139,134
E00032740,282,140,142
E00032758,300,144,156
E00032760,247,129,118
E00032762,256,137,119
E00032771,143,65,78
E00032772,291,142,149
E00185141,259,138,121
E00185142,206,104,102
E00185147,105,53,52
E00185150,548,270,278
E00185176,310,146,164
E00032759,344,178,166
E00032761,207,107,100
E00032763,245,132,113
E00032764,218,106,112
E00032766,211,110,101
E00032767,267,140,127
E00032757,254,127,127
E00032765,219,118,101
E00032768,195,104,91
E00032769,246,121,125
E00172018,298,146,152
E00032773,249,103,146
E00185139,207,101,106
E00185144,152,83,69
E00185155,223,100,123
E00185163,293,149,144
E00032689,314,173,141
E00032702,296,171,125
E00032704,289,152,137
E00032706,285,154,131
E00032782,274,157,117
E00032783,308,188,120
E00032784,265,128,137
E00032787,264,150,114
E00032793,191,108,83
E00032776,279,147,132
E00032779,294,149,145
E00032780,303,162,141
E00032790,219,98,121
E00032791,321,159,162
E00032775,396,215,181
E00032777,201,104,97
E00032778,368,189,179
E00032785,291,156,135
E00032792,344,203,141
E00172128,213,109,104
E00185149,135,81,54
E00185166,480,251,229
E00185167,271,148,123
E00032734,314,165,149
E00032745,303,165,138
E00032746,446,223,223
E00032747,287,146,141
E00032751,282,142,140
E00032733,366,175,191
E00032741,299,148,151
E00032742,411,216,195
E00032743,271,143,128
E00032744,354,185,169
E00032914,247,126,121
E00032915,282,158,124
E00032918,301,160,141
E00032928,285,143,142
E00032929,286,150,136
E00032912,516,243,273
E00032913,433,215,218
E00032916,352,169,183
E00032923,270,145,125
E00032917,283,147,136
E00032924,293,148,145
E00032926,370,180,190
E00032927,234,125,109
E00185152,586,308,278
E00185173,164,86,78
E00032628,299,166,133
E00032644,257,152,105
E00032645,351,181,170
E00032646,266,147,119
E00032647,232,122,110
E00032652,263,149,114
E00032654,317,168,149
E00032662,339,172,167
E00032668,238,118,120
E00172022,323,148,175
E00032650,295,155,140
E00032651,254,129,125
E00032657,201,100,101
E00032659,214,120,94
E00032660,220,126,94
E00032661,283,150,133
E00032656,349,211,138
E00032663,416,225,191
E00032664,315,167,148
E00032665,305,159,146
E00032649,399,206,193
E00032653,225,128,97
E00032666,301,165,136
E00032667,341,184,157
E00032752,410,202,208
E00032753,247,130,117
E00032754,296,146,150
E00032755,310,152,158
E00032756,316,152,164
E00032846,307,157,150
E00032847,286,142,144
E00032851,317,190,127
E00032852,317,166,151
E00032853,277,161,116
E00032848,257,130,127
E00032850,281,152,129
E00032854,238,125,113
E00032855,270,152,118
E00032857,420,220,200
E00032842,252,128,124
E00032843,321,161,160
E00032844,264,139,125
E00032845,214,121,93
E00032849,252,138,114
E00032687,452,241,211
E00032688,268,139,129
E00032698,311,166,145
E00032699,223,117,106
E00032701,341,192,149
E00032690,192,106,86
E00032691,444,230,214
E00032693,551,281,270
E00032703,315,179,136
E00032708,210,115,95
E00032686,311,168,143
E00032695,266,139,127
E00032696,278,152,126
E00032697,282,150,132
E00032700,279,144,135
E00032692,268,135,133
E00032694,246,127,119
E00032705,374,205,169
E00032707,263,123,140
E00032709,259,138,121
E00032919,261,127,134
E00032920,303,172,131
E00032921,235,119,116
E00032922,318,176,142
E00032930,306,173,133
E00032931,256,135,121
E00032932,248,131,117
E00032933,240,130,110
E00032939,321,176,145
E00032940,302,156,146
E00032946,324,165,159
E00185138,432,216,216
E00032945,304,153,151
E00032948,204,105,99
E00032950,184,96,88
E00032953,258,145,113
E00032957,235,115,120
E00032941,319,167,152
E00032947,159,73,86
E00032949,261,133,128
E00032952,332,173,159
E00032954,317,164,153
E00032955,287,147,140
E00032802,299,158,141
E00032803,323,163,160
E00032804,323,164,159
E00032806,296,152,144
E00032813,266,142,124
E00032867,581,308,273
E00032869,265,131,134
E00032875,337,184,153
E00032877,310,161,149
E00032883,344,166,178
E00032865,260,138,122
E00032870,296,152,144
E00032874,291,155,136
E00032885,290,148,142
E00032863,315,166,149
E00032866,260,143,117
E00032868,271,131,140
E00032882,328,171,157
E00032884,278,147,131
E00032864,266,139,127
E00032871,215,123,92
E00032872,321,167,154
E00032876,259,133,126
E00032879,340,173,167
E00185161,389,203,186
E00185162,517,265,252
E00185165,152,86,66
E00032862,350,187,163
E00032873,293,160,133
E00032878,185,101,84
E00032880,316,155,161
E00032886,206,104,102
E00032825,267,146,121
E00032826,412,219,193
E00032827,225,124,101
E00032828,233,136,97
E00032841,321,163,158
E00032829,388,203,185
E00032830,425,213,212
E00032831,363,198,165
E00032832,296,162,134
E00032840,362,196,166
E00032833,276,141,135
E00032834,243,138,105
E00032835,306,171,135
E00032838,341,179,162
E00032839,274,139,135
E00032822,232,124,108
E00032823,323,171,152
E00032824,242,127,115
E00032836,301,175,126
E00032837,314,165,149
E00032856,202,97,105
E00032858,285,157,128
E00032859,349,192,157
E00032860,280,142,138
E00032861,239,128,111
E00032797,309,162,147
E00032807,269,145,124
E00032810,281,138,143
E00032812,311,155,156
E00032815,295,156,139
E00032805,350,167,183
E00032814,250,121,129
E00032820,596,319,277
E00032821,416,213,203
E00032798,286,150,136
E00032816,133,79,54
E00032817,611,301,310
E00032818,339,181,158
E00032819,558,277,281
E00032795,295,148,147
E00032796,342,188,154
E00032799,243,136,107
E00032801,547,303,244
E00032800,431,237,194
E00032808,356,187,169
E00032809,319,166,153
E00032811,300,139,161
E00032537,606,307,299
E00032549,243,126,117
E00032565,339,159,180
E00172016,361,179,182
E00172017,556,277,279
E00172131,303,152,151
E00032561,353,177,176
E00032562,227,113,114
E00032563,391,190,201
E00032564,198,103,95
E00032566,455,232,223
E00032567,299,151,148
E00032943,246,129,117
E00032944,383,193,190
E00032951,205,107,98
E00032958,268,136,132
E00032959,277,143,134
E00032960,262,127,135
E00032934,243,112,131
E00032935,253,127,126
E00032936,248,124,124
E00032937,259,128,131
E00032938,232,123,109
E00032536,272,138,134
E00032541,304,155,149
E00032555,246,126,120
E00032558,295,147,148
E00032540,141,73,68
E00032551,256,144,112
E00032552,228,120,108
E00032553,285,142,143
E00032554,366,184,182
E00032599,255,126,129
E00032602,234,120,114
E00032603,476,256,220
E00032604,441,237,204
E00032605,117,52,65
E00032590,314,162,152
E00032591,415,225,190
E00032598,297,158,139
E00032600,256,130,126
E00032601,294,147,147
E00032542,244,128,116
E00032543,283,150,133
E00032545,315,148,167
E00032550,256,132,124
E00032557,288,146,142
E00032539,350,189,161
E00032546,261,127,134
E00032547,319,160,159
E00032548,320,161,159
E00032538,365,187,178
E00032544,329,169,160
E00032559,311,158,153
E00032560,332,175,157
E00032572,377,200,177
E00032573,303,161,142
E00032574,227,121,106
E00032576,276,138,138
E00032585,249,140,109
E00032570,266,132,134
E00032575,325,171,154
E00032582,264,138,126
E00032583,213,105,108
E00032586,285,140,145
E00032569,364,202,162
E00032571,387,197,190
E00032577,327,168,159
E00032579,286,165,121
E00032584,206,106,100
E00032568,343,179,164
E00032578,308,173,135
E00032580,238,130,108
E00032581,237,124,113
E00032592,508,280,228
E00032593,495,240,255
E00032594,254,141,113
E00032595,207,110,97
E00032606,374,180,194
E00032587,299,165,134
E00032588,431,230,201
E00032589,288,147,141
E00032596,304,161,143
E00032597,241,131,110
E00033704,364,193,171
E00033705,325,169,156
E00033719,317,164,153
E00033721,385,215,170
E00033722,221,119,102
E00033697,310,170,140
E00033706,319,143,176
E00033718,585,294,291
E00033727,319,173,146
E00033732,275,145,130
E00033698,386,213,173
E00033723,465,242,223
E00033724,332,167,165
E00033725,360,200,160
E00033730,291,167,124
E00033695,314,170,144
E00033696,451,250,201
E00033708,216,110,106
E00033711,170,84,86
E00033739,247,137,110
E00033703,299,152,147
E00033709,176,98,78
E00033712,315,168,147
E00033717,238,125,113
E00033744,360,177,183
E00033699,308,156,152
E00033700,202,103,99
E00033737,376,198,178
E00033740,306,152,154
E00033743,256,147,109
E00033707,223,115,108
E00033720,317,159,158
E00033726,219,114,105
E00033729,235,124,111
E00033733,215,126,89
E00033734,190,104,86
E00033710,277,157,120
E00033713,259,132,127
E00033731,141,72,69
E00033738,184,106,78
E00033741,260,133,127
E00034389,225,115,110
E00034390,312,160,152
E00034393,264,136,128
E00034431,221,115,106
E00034432,336,160,176
E00034376,305,151,154
E00034392,304,158,146
E00034395,162,92,70
E00034396,256,127,129
E00034397,310,152,158
E00034375,371,188,183
E00034377,302,166,136
E00034391,344,188,156
E00034399,307,161,146
E00034378,324,158,166
E00034394,313,166,147
E00034400,242,134,108
E00034401,321,144,177
E00034402,291,134,157
E00034379,291,166,125
E00034404,307,159,148
E00034405,321,163,158
E00034406,295,147,148
E00034382,389,186,203
E00034409,383,198,185
E00165671,369,197,172
E00176664,208,102,106
E00176729,234,117,117
E00176730,132,60,72
E00034380,296,142,154
E00034381,557,303,254
E00034398,275,130,145
E00034403,264,137,127
E00182973,777,96,681
E00183006,131,61,70
E00033745,199,108,91
E00033746,268,152,116
E00033747,364,184,180
E00033758,236,133,103
E00033801,272,147,125
E00033804,311,173,138
E00033748,290,157,133
E00033759,274,152,122
E00033769,209,117,92
E00176761,243,125,118
E00176768,519,287,232
E00182932,369,206,163
E00033756,295,160,135
E00033800,195,90,105
E00033802,179,88,91
E00033803,261,140,121
E00033805,172,97,75
E00033752,396,220,176
E00033775,599,334,265
E00033776,297,153,144
E00033779,303,159,144
E00033781,360,190,170
E00033754,306,160,146
E00033755,314,163,151
E00033783,323,162,161
E00033788,313,161,152
E00033792,203,113,90
E00033701,351,179,172
E00033728,421,208,213
E00033735,107,44,63
E00033736,239,117,122
E00033742,244,133,111
E00033702,192,88,104
E00033715,328,159,169
E00033716,255,120,135
E00176728,840,83,757
E00176760,210,101,109
E00034116,361,202,159
E00034117,278,147,131
E00034137,260,143,117
E00034138,310,175,135
E00034141,234,135,99
E00034111,267,147,120
E00034125,302,153,149
E00034132,337,175,162
E00034133,251,134,117
E00034134,316,166,150
E00034130,324,175,149
E00034131,371,194,177
E00034136,355,186,169
E00176696,449,226,223
E00034113,275,139,136
E00034114,319,162,157
E00034115,260,134,126
E00034118,260,130,130
E00034139,271,151,120
E00034384,273,142,131
E00034386,372,180,192
E00034412,266,134,132
E00176697,278,135,143
E00176770,141,70,71
E00034383,435,213,222
E00034413,237,124,113
E00034414,243,128,115
E00034416,315,177,138
E00034418,433,238,195
E00034388,253,144,109
E00034428,308,163,145
E00034429,288,157,131
E00034430,248,133,115
E00182988,197,107,90
E00183014,297,142,155
E00183027,225,138,87
E00034387,286,147,139
E00034415,347,185,162
E00034422,254,132,122
E00034424,255,134,121
E00034425,284,157,127
E00034427,213,119,94
E00033750,352,186,166
E00033762,271,145,126
E00033763,325,180,145
E00033768,276,132,144
E00033774,255,141,114
E00033764,343,186,157
E00033765,290,158,132
E00033766,357,186,171
E00033770,376,194,182
E00033749,316,168,148
E00033773,250,114,136
E00033780,224,124,100
E00165762,359,191,168
E00165763,287,156,131
E00033753,262,136,126
E00033767,283,148,135
E00033771,353,182,171
E00033778,341,177,164
E00033789,268,147,121
E00033777,284,144,140
E00033782,260,131,129
E00033785,253,123,130
E00033787,356,178,178
E00033790,311,155,156
E00033472,247,133,114
E00033473,294,149,145
E00033479,388,201,187
E00033504,297,166,131
E00033506,319,187,132
E00033481,379,212,167
E00033514,219,118,101
E00033517,300,162,138
E00033519,342,181,161
E00182931,199,100,99
E00034119,303,162,141
E00034142,375,191,184
E00034146,327,152,175
E00034148,437,233,204
E00034126,579,310,269
E00034127,576,290,286
E00034135,192,104,88
E00034140,225,119,106
E00176631,181,93,88
E00176632,231,114,117
E00176773,170,82,88
E00034417,278,162,116
E00034419,245,125,120
E00034420,245,130,115
E00034421,280,141,139
E00165729,289,139,150
E00033480,270,134,136
E00033502,224,119,105
E00033503,227,121,106
E00033507,216,113,103
E00176649,192,110,82
E00033484,304,160,144
E00033505,213,104,109
E00033511,226,113,113
E00033513,257,124,133
E00033516,205,116,89
E00033483,350,181,169
E00033508,354,201,153
E00033509,259,131,128
E00033510,275,157,118
E00033518,221,114,107
E00033482,274,139,135
E00033485,292,151,141
E00033487,219,103,116
E00033489,285,146,139
E00033512,189,90,99
E00033983,196,112,84
E00033984,207,105,102
E00033985,236,126,110
E00033987,255,130,125
E00033988,239,110,129
E00033989,161,81,80
E00033440,328,186,142
E00033441,350,200,150
E00033458,245,136,109
E00033459,268,153,115
E00033462,518,311,207
E00033457,224,116,108
E00176753,266,145,121
E00176759,268,140,128
E00176762,219,117,102
E00182961,233,118,115
E00182980,288,150,138
E00182993,380,200,180
E00033784,430,215,215
E00033791,340,186,154
E00033793,344,187,157
E00033794,297,167,130
E00033795,272,140,132
E00033796,212,121,91
E00033428,326,174,152
E00033460,497,272,225
E00033464,291,158,133
E00183003,285,176,109
E00183008,454,228,226
E00182946,519,301,218
E00182954,204,123,81
E00182983,173,92,81
E00183009,329,159,170
E00183015,619,325,294
E00033432,327,171,156
E00033435,288,154,134
E00033444,281,162,119
E00033445,229,123,106
E00033468,293,159,134
E00033436,292,152,140
E00033442,355,190,165
E00033463,234,124,110
E00033466,271,140,131
E00033471,316,182,134
E00034120,285,147,138
E00034143,295,160,135
E00034147,259,134,125
E00034149,306,156,150
E00034150,260,119,141
E00034121,301,165,136
E00034144,351,181,170
E00034145,258,131,127
E00034152,309,160,149
E00034122,352,197,155
E00034123,348,208,140
E00034124,343,192,151
E00034151,313,176,137
E00034153,364,192,172
E00033475,300,150,150
E00033488,229,120,109
E00033491,268,138,130
E00033496,298,159,139
E00033521,236,114,122
E00033474,217,112,105
E00033515,232,116,116
E00033520,133,74,59
E00033522,233,108,125
E00033523,297,156,141
E00033486,412,217,195
E00033492,377,190,187
E00033493,278,140,138
E00033495,328,172,156
E00033947,220,107,113
E00033957,279,133,146
E00033959,241,131,110
E00033986,255,136,119
E00033990,290,151,139
E00033991,278,141,137
E00033960,339,171,168
E00033961,342,162,180
E00033962,327,172,155
E00033965,307,159,148
E00033966,256,134,122
E00033530,392,192,200
E00033531,349,178,171
E00033562,275,145,130
E00033563,293,150,143
E00033524,419,225,194
E00033564,384,194,190
E00033568,319,175,144
E00033569,240,107,133
E00033573,186,97,89
E00033532,370,186,184
E00033537,315,167,148
E00033541,304,155,149
E00033570,381,208,173
E00033786,393,193,200
E00033797,246,130,116
E00033798,333,167,166
E00033799,313,179,134
E00033948,420,211,209
E00033958,326,162,164
E00033963,383,203,180
E00033964,301,145,156
E00033970,300,153,147
E00033949,320,164,156
E00033951,213,105,108
E00033952,353,196,157
E00033969,239,114,125
E00033972,462,221,241
E00033950,387,202,185
E00033953,409,187,222
E00033955,371,188,183
E00033967,340,193,147
E00033973,150,89,61
E00033954,219,109,110
E00033968,147,56,91
E00033971,240,123,117
E00033974,309,147,162
E00033975,361,192,169
E00033976,177,99,78
E00033978,194,85,109
E00034355,300,165,135
E00034365,306,150,156
E00034366,334,173,161
E00034368,270,129,141
E00034369,267,119,148
E00165715,391,209,182
E00165716,310,151,159
E00033139,261,117,144
E00033164,330,183,147
E00033165,146,68,78
E00033166,145,56,89
E00033167,268,144,124
E00033170,326,172,154
E00033168,249,134,115
E00033169,292,148,144
E00033171,304,155,149
E00033173,293,150,143
E00033133,382,230,152
E00033134,190,93,97
E00033144,155,84,71
E00033174,311,169,142
E00033175,253,146,107
E00033179,339,182,157
E00033476,220,106,114
E00033477,164,81,83
E00033478,235,120,115
E00033490,244,121,123
E00033494,240,126,114
E00033497,203,101,102
E00034265,542,275,267
E00034285,297,155,142
E00034286,321,182,139
E00034287,298,178,120
E00034289,271,137,134
E00033438,294,167,127
E00033443,289,156,133
E00033446,328,173,155
E00033450,312,174,138
E00033470,348,173,175
E00033437,276,151,125
E00033447,172,92,80
E00033448,315,155,160
E00033451,278,131,147
E00033455,249,144,105
E00033456,320,167,153
E00033525,310,159,151
E00033527,410,225,185
E00033546,325,176,149
E00033549,340,175,165
E00033576,218,127,91
E00033533,223,111,112
E00033565,301,155,146
E00033566,269,134,135
E00033567,322,158,164
E00033571,257,133,124
E00033536,340,183,157
E00033572,245,127,118
E00033574,314,168,146
E00033575,232,122,110
E00033577,287,149,138
E00033632,356,199,157
E00033634,312,165,147
E00033636,370,206,164
E00033637,473,236,237
E00033624,247,136,111
E00033639,244,138,106
E00033640,303,168,135
E00033644,337,187,150
E00033646,167,90,77
E00033625,311,171,140
E00033635,248,121,127
E00033643,241,130,111
E00033645,277,140,137
E00033665,540,272,268
E00033630,231,108,123
E00033631,199,96,103
E00033659,347,195,152
E00033660,288,163,125
E00033663,215,105,110
E00176598,258,128,130
E00176599,209,107,102
E00176600,202,104,98
E00033662,364,204,160
E00033664,256,129,127
E00033666,257,136,121
E00033667,316,173,143
E00033669,323,172,151
E00033132,513,290,223
E00033148,246,132,114
E00033172,261,105,156
E00033176,403,200,203
E00033178,142,65,77
E00033235,214,113,101
E00033259,170,73,97
E00033260,252,128,124
E00033261,257,141,116
E00182930,411,205,206
E00033226,431,243,188
E00033246,244,113,131
E00033247,296,139,157
E00033249,285,140,145
E00033250,229,117,112
E00033224,294,170,124
E00033225,399,188,211
E00176597,563,311,252
E00182947,541,279,262
E00183017,135,70,65
E00033135,385,209,176
E00033140,195,104,91
E00033142,245,123,122
E00033145,245,124,121
E00033177,282,136,146
E00033141,211,106,105
E00033143,308,142,166
E00033147,282,148,134
E00033149,240,124,116
E00033150,296,141,155
E00033136,231,123,108
E00033146,333,173,160
E00033151,321,157,164
E00033152,297,147,150
E00033154,232,90,142
E00033156,251,124,127
E00033153,478,257,221
E00033155,261,126,135
E00033157,366,190,176
E00033158,331,175,156
E00033160,376,172,204
E00034290,256,142,114
E00034291,196,101,95
E00034295,255,129,126
E00034299,259,128,131
E00034301,308,136,172
E00034297,299,156,143
E00034311,339,155,184
E00034312,323,154,169
E00034313,294,140,154
E00182952,204,99,105
E00182990,165,77,88
E00182995,217,109,108
E00033439,342,176,166
E00033449,290,144,146
E00033452,231,124,107
E00033453,140,65,75
E00033454,514,259,255
E00034268,373,186,187
E00034269,154,74,80
E00034277,234,124,110
E00034280,156,47,109
E00034305,263,129,134
E00034314,258,136,122
E00034266,324,174,150
E00034288,312,151,161
E00034292,247,121,126
E00034293,282,168,114
E00034296,297,160,137
E00034271,272,140,132
E00034276,393,208,185
E00034304,241,107,134
E00034306,344,173,171
E00034310,312,145,167
E00034298,339,159,180
E00034300,251,131,120
E00034302,294,152,142
E00034303,254,122,132
E00034308,355,189,166
E00034267,264,124,140
E00034274,254,110,144
E00034275,289,147,142
E00034278,314,163,151
E00034307,216,94,122
E00033526,218,109,109
E00033534,234,144,90
E00033535,302,157,145
E00033539,302,164,138
E00033540,431,227,204
E00033538,364,192,172
E00033542,268,134,134
E00033543,304,166,138
E00033544,209,118,91
E00033547,381,199,182
E00033548,230,119,111
E00033528,246,119,127
E00033545,278,143,135
E00033551,217,114,103
E00033553,347,184,163
E00033554,308,160,148
E00033550,442,232,210
E00033555,240,103,137
E00033560,265,148,117
E00033561,342,178,164
E00165713,182,95,87
E00165714,140,66,74
E00033552,317,162,155
E00033556,308,153,155
E00033557,323,162,161
E00033558,325,160,165
E00033559,259,134,125
E00033633,224,113,111
E00033641,295,151,144
E00033642,347,174,173
E00033668,260,136,124
E00176601,480,234,246
E00176755,301,157,144
E00034353,302,160,142
E00034359,256,126,130
E00034361,216,111,105
E00034362,195,96,99
E00034363,299,151,148
E00176596,334,163,171
E00176751,238,117,121
E00034349,275,153,122
E00034350,225,116,109
E00034352,314,176,138
E00034358,336,170,166
E00034371,334,178,156
E00034372,282,147,135
E00034374,268,150,118
E00033956,351,180,171
E00033979,311,160,151
E00033980,328,175,153
E00033982,159,84,75
E00033977,260,129,131
E00033981,147,61,86
E00034356,200,105,95
E00034373,473,192,281
E00034351,349,175,174
E00034354,225,106,119
E00034360,318,168,150
E00034364,174,97,77
E00033237,275,137,138
E00033238,504,269,235
E00033242,226,119,107
E00033245,246,125,121
E00033248,252,98,154
E00033264,399,207,192
E00033229,293,154,139
E00033230,241,126,115
E00033254,305,151,154
E00033255,276,140,136
E00033256,194,105,89
E00033257,321,147,174
E00033672,394,214,180
E00033673,267,158,109
E00033691,230,108,122
E00176752,558,283,275
E00176757,193,88,105
E00182948,140,73,67
E00183030,378,188,190
E00033677,232,122,110
E00033684,426,213,213
E00033687,547,271,276
E00033690,533,280,253
E00176618,135,68,67
E00176633,120,63,57
E00176653,386,170,216
E00033137,312,149,163
E00033138,224,118,106
E00033159,201,108,93
E00033161,542,284,258
E00033162,275,122,153
E00033163,227,96,131
E00033227,249,129,120
E00033228,331,141,190
E00033251,221,111,110
E00033252,307,145,162
E00033253,213,100,113
E00033258,391,197,194
E00033686,333,182,151
E00033688,265,148,117
E00033689,533,275,258
E00033694,312,139,173
E00182957,103,49,54
E00182986,558,306,252
E00033904,342,185,157
E00033905,220,122,98
E00033917,266,147,119
E00033918,191,93,98
E00033919,258,135,123
E00033920,241,126,115
E00033302,332,182,150
E00033307,328,183,145
E00033309,292,152,140
E00033313,310,162,148
E00033274,260,135,125
E00033275,260,141,119
E00033277,262,150,112
E00033308,441,203,238
E00033310,303,158,145
E00033626,408,209,199
E00033627,345,194,151
E00033647,290,145,145
E00033649,304,162,142
E00033653,301,162,139
E00033628,304,173,131
E00033648,277,144,133
E00033650,337,194,143
E00033651,184,103,81
E00033652,296,171,125
E00033629,402,224,178
E00033654,196,103,93
E00033655,435,245,190
E00033656,216,126,90
E00033657,226,134,92
E00033658,329,173,156
E00033266,302,142,160
E00033284,240,99,141
E00165758,142,71,71
E00165759,211,106,105
E00165760,249,144,105
E00176750,258,145,113
E00176754,270,124,146
E00033289,225,122,103
E00033290,356,191,165
E00033291,459,245,214
E00033292,194,99,95
E00033293,304,164,140
E00033271,334,169,165
E00033272,290,157,133
E00033294,237,121,116
E00033295,287,149,138
E00033296,274,132,142
E00033265,286,156,130
E00033297,335,178,157
E00033301,280,144,136
E00033304,261,147,114
E00033305,276,148,128
E00034023,289,139,150
E00034044,381,195,186
E00034046,223,113,110
E00034047,274,150,124
E00034053,405,169,236
E00034031,234,109,125
E00034032,282,138,144
E00034033,244,126,118
E00034034,344,169,175
E00034036,277,132,145
E00034037,296,167,129
E00034038,304,156,148
E00034039,281,141,140
E00034040,246,126,120
E00034043,413,196,217
E00034019,268,136,132
E00034020,274,142,132
E00034021,274,130,144
E00034035,248,130,118
E00034042,312,171,141
E00034024,318,171,147
E00034025,309,177,132
E00034055,432,208,224
E00034058,241,113,128
E00165726,433,244,189
E00034056,225,122,103
E00034057,207,113,94
E00034059,415,209,206
E00034061,295,147,148
E00165727,157,82,75
E00033900,506,282,224
E00033901,313,131,182
E00033908,276,110,166
E00033915,255,139,116
E00033944,242,92,150
E00033945,242,102,140
E00033898,354,174,180
E00033911,376,201,175
E00033913,227,113,114
E00033939,513,241,272
E00033940,319,140,179
E00033942,427,194,233
E00033943,296,139,157
E00033906,196,75,121
E00033907,271,105,166
E00033922,312,164,148
E00033925,338,166,172
E00033934,226,97,129
E00176602,103,48,55
E00176731,124,55,69
E00176733,230,107,123
E00034282,404,192,212
E00034283,330,145,185
E00034284,303,150,153
E00034270,338,143,195
E00034272,287,117,170
E00034273,150,58,92
E00034279,252,89,163
E00034281,127,43,84
E00034309,284,129,155
E00033282,302,165,137
E00033283,280,147,133
E00033285,301,165,136
E00033314,314,172,142
E00033315,316,162,154
E00033298,305,175,130
E00033299,327,177,150
E00033300,230,112,118
E00033306,287,156,131
E00033312,269,138,131
E00033267,220,105,115
E00033276,244,130,114
E00033278,202,115,87
E00033279,269,145,124
E00033281,310,149,161
E00033286,205,115,90
E00034022,380,213,167
E00034045,296,148,148
E00034049,268,143,125
E00034050,280,157,123
E00034041,281,134,147
E00034048,258,142,116
E00034051,163,90,73
E00034052,243,134,109
E00034054,355,186,169
E00033899,322,166,156
E00033902,393,218,175
E00033903,284,128,156
E00033914,392,193,199
E00176732,394,209,185
E00033921,366,160,206
E00033923,275,132,143
E00033924,337,140,197
E00033926,330,153,177
E00033927,368,183,185
E00033930,284,132,152
E00033909,268,152,116
E00033928,278,140,138
E00033931,328,170,158
E00033937,172,91,81
E00033941,334,170,164
E00033946,614,331,283
E00033910,358,186,172
E00033932,343,182,161
E00033933,267,131,136
E00033935,327,149,178
E00033936,358,160,198
E00033938,272,118,154
E00034202,405,219,186
E00034221,287,163,124
E00034223,263,133,130
E00034224,355,207,148
E00034225,349,206,143
E00033015,178,84,94
E00033016,464,231,233
E00176644,151,70,81
E00176676,127,56,71
E00183032,1345,759,586
E00034211,230,116,114
E00176640,357,189,168
E00176698,148,61,87
E00176711,340,164,176
E00176712,432,198,234
E00176713,342,173,169
E00182933,906,463,443
E00034203,497,281,216
E00034227,424,207,217
E00034228,425,185,240
E00034230,404,204,200
E00034231,443,215,228
E00034199,336,195,141
E00034213,400,196,204
E00034215,161,90,71
E00034216,355,188,167
E00176661,224,117,107
E00176744,334,150,184
E00182950,358,213,145
E00183024,530,257,273
E00034208,395,198,197
E00034209,219,101,118
E00034212,262,127,135
E00176699,570,307,263
E00176726,416,233,183
E00182959,451,238,213
E00182974,156,81,75
E00033268,312,158,154
E00033269,160,82,78
E00033270,342,166,176
E00033287,272,149,123
E00033288,281,150,131
E00033318,383,200,183
E00033328,227,110,117
E00033351,306,150,156
E00033354,200,80,120
E00033358,224,116,108
E00033389,286,149,137
E00033391,304,163,141
E00033392,263,118,145
E00176668,456,220,236
E00176669,185,99,86
E00176714,120,59,61
E00176715,115,62,53
E00033372,278,127,151
E00033373,459,226,233
E00033386,309,160,149
E00033387,194,99,95
E00033388,285,156,129
E00034026,239,136,103
E00034027,186,88,98
E00034028,304,139,165
E00034029,458,272,186
E00034030,224,120,104
E00033356,341,170,171
E00033357,292,158,134
E00033359,320,165,155
E00033360,337,174,163
E00033316,349,180,169
E00033317,356,174,182
E00033320,306,160,146
E00033355,346,167,179
E00033361,401,211,190
E00033319,424,206,218
E00033329,321,163,158
E00033330,343,179,164
E00033365,438,227,211
E00033331,327,167,160
E00033333,302,151,151
E00033336,308,147,161
E00033364,366,201,165
E00033366,260,133,127
E00033327,262,145,117
E00033349,289,142,147
E00033350,309,156,153
E00033352,304,163,141
E00033353,251,128,123
E00034065,281,136,145
E00034066,250,135,115
E00034071,345,170,175
E00034100,386,219,167
E00034102,235,123,112
E00034068,389,199,190
E00034069,498,255,243
E00034080,301,155,146
E00034083,253,140,113
E00034107,289,141,148
E00034067,240,137,103
E00034101,245,124,121
E00034104,284,142,142
E00034106,190,94,96
E00034110,286,150,136
E00034072,300,158,142
E00034074,291,154,137
E00034075,240,120,120
E00034079,311,165,146
E00034082,240,130,110
E00034109,193,112,81
E00034070,427,170,257
E00034076,364,167,197
E00034084,324,149,175
E00034086,260,124,136
E00034201,256,115,141
E00034219,349,186,163
E00176648,373,190,183
E00176663,428,174,254
E00176727,357,176,181
E00182975,326,156,170
E00183026,328,163,165
E00033334,285,146,139
E00033362,276,150,126
E00033363,193,112,81
E00176677,301,150,151
E00176678,290,148,142
E00033322,291,153,138
E00033332,284,152,132
E00033335,256,127,129
E00033337,198,98,100
E00033343,260,132,128
E00033340,296,152,144
E00033341,330,162,168
E00033342,318,162,156
E00033344,326,181,145
E00033346,270,139,131
E00034337,318,169,149
E00034338,250,127,123
E00034339,304,167,137
E00034340,206,105,101
E00034342,234,121,113
E00034328,306,154,152
E00034341,354,182,172
E00034343,275,143,132
E00034344,257,134,123
E00034345,222,114,108
E00032988,364,162,202
E00032999,307,162,145
E00033020,214,105,109
E00033023,626,354,272
E00176709,538,290,248
E00182929,499,266,233
E00033812,543,260,283
E00033819,262,111,151
E00033822,381,192,189
E00033845,237,112,125
E00033846,431,216,215
E00033847,373,181,192
E00176641,202,119,83
E00182937,466,248,218
E00182969,292,105,187
E00182996,356,157,199
E00032989,334,136,198
E00032990,293,125,168
E00032991,291,142,149
E00032992,215,101,114
E00033021,286,144,142
E00182970,285,81,204
E00183005,173,90,83
E00183019,355,174,181
E00032987,186,93,93
E00032993,326,143,183
E00032994,115,53,62
E00033000,173,88,85
E00182992,145,74,71
E00183004,288,148,140
E00033198,335,180,155
E00033220,367,193,174
E00176702,280,185,95
E00182981,541,243,298
E00183010,262,114,148
E00033191,409,232,177
E00033192,429,226,203
E00033213,374,188,186
E00176611,169,92,77
E00176612,374,245,129
E00176613,142,59,83
E00034077,265,137,128
E00034078,287,142,145
E00034081,356,165,191
E00034085,238,116,122
E00034088,226,120,106
E00034108,207,114,93
E00034063,536,264,272
E00034073,294,129,165
E00034087,275,153,122
E00034090,356,171,185
E00034091,259,139,120
E00034092,283,154,129
E00034062,515,226,289
E00034093,405,218,187
E00034094,412,208,204
E00034095,239,121,118
E00034096,377,201,176
E00034064,377,215,162
E00034089,246,141,105
E00034097,280,156,124
E00034098,296,151,145
E00034099,387,212,175
E00033190,455,220,235
E00033212,323,166,157
E00033214,576,287,289
E00033215,271,109,162
E00033216,237,125,112
E00033189,613,283,330
E00033207,272,134,138
E00033208,211,96,115
E00033209,300,150,150
E00033210,310,174,136
E00033211,362,179,183
E00033810,282,153,129
E00033813,468,246,222
E00033818,381,208,173
E00033820,278,141,137
E00033823,571,305,266
E00033844,445,226,219
E00033808,267,138,129
E00033842,379,195,184
E00033843,405,217,188
E00176708,381,193,188
E00176717,179,70,109
E00176718,351,213,138
E00182999,533,301,232
E00183002,224,103,121
E00033993,412,198,214
E00034006,277,144,133
E00034008,276,142,134
E00034010,247,135,112
E00034013,286,141,145
E00034315,257,131,126
E00034317,306,160,146
E00034319,345,178,167
E00034346,191,102,89
E00034347,241,122,119
E00034320,215,115,100
E00034321,178,100,78
E00034330,253,140,113
E00034335,277,145,132
E00034336,237,124,113
E00034323,273,151,122
E00034324,269,148,121
E00034332,311,175,136
E00034333,294,153,141
E00182977,281,153,128
E00183011,156,90,66
E00034322,321,166,155
E00034325,285,151,134
E00034326,263,137,126
E00034327,246,132,114
E00034316,243,123,120
E00034318,246,135,111
E00034329,243,142,101
E00034331,510,280,230
E00034348,233,127,106
E00033324,306,159,147
E00033338,285,137,148
E00033339,386,193,193
E00033345,428,220,208
E00033347,310,161,149
E00033396,281,149,132
E00033397,322,156,166
E00033399,314,161,153
E00033400,287,143,144
E00033401,248,118,130
E00033405,300,160,140
E00033406,319,171,148
E00033416,294,148,146
E00033417,301,163,138
E00033421,284,157,127
E00033409,294,178,116
E00033411,318,169,149
E00033415,266,129,137
E00033419,372,199,173
E00033423,278,140,138
E00033369,352,191,161
E00033375,397,206,191
E00033376,308,171,137
E00033378,323,176,147
E00033424,298,158,140
E00033185,205,108,97
E00033186,198,98,100
E00033193,258,135,123
E00033194,330,181,149
E00033201,190,103,87
E00033202,303,153,150
E00033374,278,151,127
E00033394,234,111,123
E00033395,333,170,163
E00033403,381,189,192
E00033408,355,213,142
E00033402,294,145,149
E00033404,395,218,177
E00033407,308,154,154
E00033410,269,126,143
E00033412,311,138,173
E00033367,311,156,155
E00033413,216,109,107
E00033414,315,170,145
E00033420,378,190,188
E00033425,229,122,107
E00033188,243,142,101
E00033195,212,110,102
E00033203,221,115,106
E00033204,222,125,97
E00182934,1297,774,523
E00033032,360,166,194
E00033066,306,149,157
E00033067,231,109,122
E00033068,281,145,136
E00033073,223,95,128
E00033075,161,56,105
E00033182,365,167,198
E00033187,184,89,95
E00033196,209,103,106
E00033217,245,118,127
E00033221,220,81,139
E00033223,228,108,120
E00033806,191,91,100
E00033821,247,106,141
E00033826,396,219,177
E00033827,265,99,166
E00033829,220,97,123
E00033832,247,98,149
E00033833,290,127,163
E00033836,145,61,84
E00033814,381,214,167
E00033815,350,191,159
E00182987,119,62,57
E00183007,131,64,67
E00183020,589,324,265
E00032995,303,151,152
E00032997,227,127,100
E00033002,236,117,119
E00033005,500,260,240
E00033006,304,158,146
E00033007,263,130,133
E00033592,279,159,120
E00033621,381,197,184
E00182964,316,165,151
E00182976,262,111,151
E00182978,315,167,148
E00182989,368,204,164
E00183001,266,154,112
E00033580,196,85,111
E00033581,463,263,200
E00033589,379,199,180
E00033591,212,125,87
E00033593,218,113,105
E00033623,317,154,163
E00033816,317,174,143
E00033824,468,241,227
E00033825,377,189,188
E00033828,446,229,217
E00176610,372,196,176
E00033807,342,180,162
E00033837,370,193,177
E00033838,179,104,75
E00033840,304,170,134
E00033841,228,127,101
E00182966,117,66,51
E00182985,385,202,183
E00033992,274,151,123
E00033998,266,137,129
E00033999,251,149,102
E00034000,272,159,113
E00034004,250,131,119
E00034002,235,122,113
E00034009,227,133,94
E00034012,236,132,104
E00034015,449,246,203
E00034016,259,142,117
E00033997,369,194,175
E00034001,400,215,185
E00034003,194,107,87
E00034005,321,172,149
E00034007,238,126,112
E00034011,339,180,159
E00033994,288,169,119
E00033995,222,123,99
E00033996,267,141,126
E00034014,316,165,151
E00034017,317,174,143
E00034449,186,86,100
E00034467,287,141,146
E00034468,319,170,149
E00034469,269,135,134
E00034473,299,160,139
E00034433,262,142,120
E00034446,426,213,213
E00034448,291,145,146
E00034471,321,169,152
E00034472,295,148,147
E00034443,283,138,145
E00034457,234,115,119
E00034458,249,136,113
E00034459,289,158,131
E00034460,214,118,96
E00034461,179,84,95
E00034444,263,141,122
E00034462,245,134,111
E00034464,250,140,110
E00034466,283,149,134
E00182960,184,90,94
E00182963,171,96,75
E00182982,524,280,244
E00033082,296,147,149
E00033083,330,168,162
E00033096,301,147,154
E00033117,357,189,168
E00033119,276,138,138
E00033095,360,189,171
E00033112,319,156,163
E00033113,255,126,129
E00033114,296,143,153
E00033115,139,75,64
E00033323,296,152,144
E00033326,278,158,120
E00033348,320,166,154
E00176771,476,287,189
E00176772,260,134,126
E00033377,279,140,139
E00033381,205,110,95
E00033418,428,201,227
E00033422,411,206,205
E00034434,418,199,219
E00034447,372,180,192
E00034463,257,132,125
E00034465,241,124,117
E00034470,323,165,158
E00033033,305,144,161
E00033034,282,144,138
E00033069,242,112,130
E00033070,303,116,187
E00033072,337,157,180
E00033074,246,112,134
E00033037,302,156,146
E00033076,402,202,200
E00176666,223,118,105
E00176667,373,201,172
E00033025,240,118,122
E00033041,286,142,144
E00033047,316,161,155
E00033078,288,162,126
E00033081,252,137,115
E00033026,219,114,105
E00033029,248,111,137
E00033031,294,161,133
E00033055,226,98,128
E00033057,356,179,177
E00033197,382,205,177
E00033199,199,108,91
E00033200,195,116,79
E00033206,288,160,128
E00033222,164,85,79
E00033181,477,260,217
E00033183,560,345,215
E00033218,273,125,148
E00033219,361,168,193
E00033042,240,133,107
E00033043,226,119,107
E00033044,239,124,115
E00033048,271,138,133
E00033050,212,110,102
E00033370,285,158,127
E00033379,274,146,128
E00033380,247,137,110
E00033383,269,146,123
E00033384,367,193,174
E00033385,315,163,152
E00033368,283,144,139
E00033371,274,141,133
E00033382,333,162,171
E00033426,289,143,146
E00033427,241,126,115
E00033848,382,189,193
E00033861,292,156,136
E00033862,268,140,128
E00033863,306,156,150
E00033865,332,179,153
E00033594,360,189,171
E00033595,280,146,134
E00033598,204,113,91
E00033600,229,112,117
E00033603,305,168,137
E00033607,213,117,96
E00033608,292,158,134
E00033616,378,185,193
E00165723,217,112,105
E00165725,181,106,75
E00033583,206,107,99
E00033596,329,140,189
E00033597,249,127,122
E00033602,278,137,141
E00165722,359,193,166
E00033605,218,111,107
E00033606,247,128,119
E00033611,279,140,139
E00033614,294,151,143
E00165724,342,193,149
E00033590,310,160,150
E00176603,151,72,79
E00176604,99,44,55
E00176605,158,74,84
E00176606,135,59,76
E00176607,202,90,112
E00176608,147,63,84
E00033582,316,152,164
E00033599,235,117,118
E00033601,245,130,115
E00033604,210,118,92
E00034435,311,161,150
E00034436,307,153,154
E00034474,316,155,161
E00034475,195,97,98
E00034476,255,139,116
E00034438,224,125,99
E00034439,272,134,138
E00034442,346,173,173
E00034456,247,128,119
E00034477,356,185,171
E00034437,346,183,163
E00034440,257,129,128
E00034441,286,151,135
E00034481,227,109,118
E00034483,251,138,113
E00034455,238,127,111
E00034479,292,145,147
E00034485,290,164,126
E00165717,142,76,66
E00165718,347,181,166
E00034451,266,140,126
E00034453,273,149,124
E00034454,259,124,135
E00034478,289,141,148
E00034480,180,88,92
E00034482,154,90,64
E00034484,267,148,119
E00033027,345,182,163
E00033046,189,103,86
E00033051,280,142,138
E00033059,279,149,130
E00033071,297,157,140
E00033080,175,80,95
E00033035,327,148,179
E00033036,215,108,107
E00033038,199,93,106
E00033040,243,114,129
E00033077,271,130,141
E00033079,210,108,102
E00033049,358,177,181
E00033052,321,157,164
E00165719,211,103,108
E00165720,300,151,149
E00165721,166,76,90
E00033584,577,305,272
E00033585,262,127,135
E00033613,235,110,125
E00165730,461,245,216
E00165731,219,114,105
E00033586,377,205,172
E00033587,275,151,124
E00033618,358,182,176
E00033620,305,152,153
E00033030,240,114,126
E00033045,203,106,97
E00033053,288,148,140
E00033054,146,77,69
E00033056,274,146,128
E00033060,234,123,111
E00033866,304,151,153
E00033867,287,141,146
E00033868,312,156,156
E00033871,272,135,137
E00033874,318,160,158
E00033849,303,164,139
E00033869,326,167,159
E00033872,333,168,165
E00033875,304,157,147
E00033876,309,171,138
E00033877,344,168,176
E00033878,303,153,150
E00033879,290,143,147
E00033882,278,143,135
E00033854,377,189,188
E00033884,325,164,161
E00033887,342,174,168
E00033888,308,160,148
E00033087,390,196,194
E00033090,380,197,183
E00033125,176,87,89
E00033131,268,141,127
E00182951,476,235,241
E00183016,205,104,101
E00033088,243,123,120
E00033089,304,158,146
E00033091,286,150,136
E00033127,556,288,268
E00033128,271,142,129
E00033097,252,134,118
E00033100,318,156,162
E00033102,403,208,195
E00033103,296,147,149
E00033104,270,150,120
E00033106,277,148,129
E00033864,309,159,150
E00033870,226,96,130
E00033873,295,152,143
E00033880,417,207,210
E00033886,286,164,122
E00033118,303,159,144
E00033120,287,152,135
E00033122,289,166,123
E00033123,297,160,137
E00033126,242,131,111
E00033086,255,136,119
E00033098,251,132,119
E00033099,148,80,68
E00033105,301,153,148
E00033121,212,117,95
E00033129,267,149,118
E00033084,320,155,165
E00033085,317,168,149
E00033101,249,121,128
E00033116,132,72,60
E00033130,329,168,161
E00033094,303,154,149
E00033107,331,178,153
E00033110,295,152,143
E00176630,292,155,137
E00176742,202,99,103
E00176743,470,232,238
E00176745,392,181,211
E00176765,233,107,126
E00033092,301,152,149
E00033093,372,198,174
E00033108,295,156,139
E00033109,301,139,162
E00033061,243,115,128
E00033062,281,143,138
E00033063,269,143,126
E00033064,222,116,106
E00033065,300,142,158
E00033850,377,205,172
E00033853,341,189,152
E00033883,301,158,143
E00033885,468,235,233
E00176719,149,62,87
E00176720,259,141,118
E00176721,284,133,151
E00033851,279,146,133
E00033852,251,132,119
E00033881,324,162,162
E00033889,325,169,156
E00033891,315,158,157
E00033855,206,111,95
E00033856,246,110,136
E00033859,256,123,133
E00033892,167,77,90
E00033897,271,137,134
E00176703,532,273,259
E00176722,504,251,253
E00176723,277,142,135
E00033857,265,134,131
E00033890,209,100,109
E00033893,287,147,140
E00033894,316,165,151
E00033895,224,104,120
E00033896,291,151,140
E00034165,288,150,138
E00034167,392,226,166
E00034182,178,92,86
E00034187,211,93,118
E00176707,505,271,234
E00034159,307,161,146
E00034160,257,136,121
E00034170,481,246,235
E00034171,288,139,149
E00034172,286,154,132
E00034161,265,147,118
E00034173,220,120,100
E00034174,285,143,142
E00034176,180,101,79
E00034177,239,139,100
E00034178,291,141,150
E00034162,331,159,172
E00034164,288,138,150
E00034169,253,120,133
E00034180,358,202,156
E00176673,211,109,102
E00176704,207,106,101
E00176705,140,63,77
E00034185,222,118,104
E00034188,350,190,160
E00034191,221,115,106
E00034192,285,154,131
E00034196,324,192,132
E00034156,249,136,113
E00034168,304,153,151
E00034189,282,138,144
E00034190,300,164,136
E00034195,293,167,126
E00183012,387,210,177
E00183021,507,243,264
E00183028,228,111,117
E00034154,302,159,143
E00034157,297,164,133
E00034158,503,254,249
E00034193,262,141,121
E00034194,235,125,110
E00034197,281,151,130
E00034163,243,117,126
E00034175,229,106,123
E00034184,213,108,105
E00176662,255,139,116
E00176670,258,119,139
E00176671,307,166,141
E00176672,179,81,98
E00176706,314,160,154
E00034235,357,190,167
E00034236,273,153,120
E00034247,319,166,153
E00034255,356,182,174
E00034258,561,298,263
E00034240,268,140,128
E00034241,289,154,135
E00034248,187,85,102
E00034251,253,125,128
E00034256,442,246,196
E00034263,361,188,173
E00034238,155,80,75
E00034243,395,203,192
E00034249,313,153,160
E00034253,374,194,180
E00034257,336,160,176
E00034234,353,213,140
E00034239,350,189,161
E00034242,266,148,118
E00034250,357,191,166
E00034252,436,244,192
E00034254,312,173,139
E00034259,317,164,153
E00034260,272,145,127
E00034261,300,163,137
E00034262,270,152,118
E00034237,275,156,119
E00034244,271,137,134
E00034245,259,138,121
E00034246,327,164,163
E00034264,306,167,139
E00176646,231,103,128
E00176738,112,56,56
E00176740,420,190,230
E00176758,557,308,249
E00182949,175,81,94
E00182965,463,232,231
E00176652,322,157,165
E00176657,220,109,111
E00182938,1938,1143,795
E00176658,196,105,91
E00176737,174,86,88
E00176739,170,83,87
E00176748,321,171,150
E00176766,167,68,99
E00176769,167,73,94
E00182945,366,182,184
E00182958,237,118,119
E00182991,103,50,53
E00182997,259,132,127
E00176686,359,163,196
E00182956,254,119,135
E00182962,1805,958,847
E00182998,660,388,272
E00183029,599,295,304
E00176691,362,173,189
E00176693,156,76,80
E00182928,1371,775,596
E00182971,514,255,259
E00176620,243,113,130
E00182926,521,246,275
E00183013,694,408,286
E00176622,125,61,64
E00176654,132,54,78
E00176656,152,80,72
E00176716,142,69,73
E00182935,282,127,155
E00182967,235,117,118
E00182968,284,128,156
E00182984,467,241,226
E00182994,211,102,109
E00183025,152,79,73
E00033012,140,60,80
E00176629,124,68,56
E00176635,265,112,153
E00176647,277,134,143
E00176675,207,92,115
E00032996,374,193,181
E00032998,407,216,191
E00033004,328,173,155
E00033008,392,236,156
E00182953,135,67,68
E00182955,212,95,117
E00182979,387,180,207
E00183018,366,175,191
E00183022,149,72,77
E00176627,259,117,142
E00176724,166,76,90
E00176725,289,127,162
E00176734,153,73,80
E00176736,168,79,89
E00176741,253,141,112
E00033692,306,128,178
E00176624,1153,582,571
E00176685,321,158,163
E00182972,325,120,205
E00183000,199,88,111
E00183023,184,84,100
E00176628,293,143,150
E00176642,335,169,166
E00176643,205,94,111
E00176660,149,52,97
E00176681,120,49,71
E00176682,106,35,71
E00176684,195,76,119
E00176756,270,115,155
E00182936,366,153,213
E00176749,235,97,138
E00182941,119,55,64
E00182942,289,132,157
E00182943,139,56,83
E00183031,247,113,134
E00176679,238,108,130
E00182939,312,125,187
E00182940,305,132,173
E00182944,264,107,157
E00034897,296,152,144
E00034899,298,156,142
E00034914,304,162,142
E00034918,283,148,135
E00034894,269,134,135
E00034906,312,158,154
E00034915,285,158,127
E00034916,251,137,114
E00034917,262,138,124
E00034895,328,169,159
E00034898,277,136,141
E00034900,321,169,152
E00034901,226,111,115
E00034902,237,123,114
E00034892,275,140,135
E00034896,354,178,176
E00034903,384,197,187
E00034904,293,162,131
E00034905,267,139,128
E00034907,205,96,109
E00034908,212,109,103
E00034912,275,142,133
E00034913,283,153,130
E00034891,265,156,109
E00034893,253,124,129
E00034909,240,113,127
E00034910,306,155,151
E00034911,282,139,143
E00034490,243,116,127
E00034494,253,128,125
E00034498,273,145,128
E00034501,248,126,122
E00034504,284,143,141
E00034505,290,144,146
E00034493,317,164,153
E00034499,302,154,148
E00034500,306,164,142
E00034502,259,132,127
E00034503,328,167,161
E00034491,290,142,148
E00034492,257,128,129
E00034495,280,157,123
E00034496,308,155,153
E00034506,277,134,143
E00034486,278,151,127
E00034487,249,132,117
E00034488,292,139,153
E00034489,256,128,128
E00034497,246,134,112
E00034507,298,142,156
E00034519,237,118,119
E00034520,341,169,172
E00034524,277,130,147
E00034525,244,122,122
E00034508,311,161,150
E00034512,318,163,155
E00034513,325,163,162
E00034514,298,156,142
E00034515,284,139,145
E00034510,313,152,161
E00034516,280,144,136
E00034517,287,145,142
E00034521,306,144,162
E00034509,301,143,158
E00034511,223,114,109
E00034518,299,153,146
E00034522,253,131,122
E00034523,256,119,137
E00034721,233,114,119
E00034723,365,188,177
E00034732,184,95,89
E00034753,289,142,147
E00034754,395,204,191
E00034722,287,157,130
E00034726,262,128,134
E00034729,183,79,104
E00034745,288,155,133
E00034752,315,161,154
E00034755,258,144,114
E00034725,229,118,111
E00034728,270,138,132
E00034747,291,151,140
E00034749,268,144,124
E00034751,273,131,142
E00034724,301,150,151
E00034727,296,152,144
E00034734,336,173,163
E00034735,314,160,154
E00034733,242,129,113
E00034736,286,153,133
E00034737,205,102,103
E00034741,299,146,153
E00176999,253,131,122
E00177006,420,208,212
E00034731,226,115,111
E00034738,273,136,137
E00034739,311,163,148
E00034740,321,171,150
E00034742,292,142,150
E00034743,279,139,140
E00034744,367,203,164
E00034746,257,127,130
E00034748,296,142,154
E00034750,305,160,145
E00034656,224,116,108
E00034680,340,176,164
E00034684,293,160,133
E00034690,300,164,136
E00034692,266,136,130
E00034663,282,150,132
E00034664,255,123,132
E00034666,236,111,125
E00034673,300,150,150
E00034674,199,97,102
E00034658,265,137,128
E00034681,308,156,152
E00034683,348,177,171
E00034688,223,103,120
E00034691,276,129,147
E00034659,483,253,230
E00034685,295,168,127
E00034686,291,159,132
E00034687,335,174,161
E00034689,246,130,116
E00034668,274,136,138
E00034671,335,179,156
E00034672,358,197,161
E00034675,291,138,153
E00034679,300,138,162
E00034665,245,137,108
E00034670,326,173,153
E00034676,147,74,73
E00034677,335,158,177
E00034678,394,207,187
E00034655,346,187,159
E00034657,261,144,117
E00034660,346,175,171
E00034661,372,186,186
E00034682,240,124,116
E00034662,339,177,162
E00034667,325,169,156
E00034669,258,136,122
E00034693,305,166,139
E00035068,348,172,176
E00035069,296,147,149
E00035070,331,167,164
E00035071,313,166,147
E00035045,245,130,115
E00035046,313,151,162
E00035053,334,157,177
E00035063,295,145,150
E00035064,292,145,147
E00035047,310,151,159
E00035048,303,159,144
E00035049,355,175,180
E00035051,273,142,131
E00035052,278,139,139
E00035050,432,211,221
E00035065,302,161,141
E00035066,331,168,163
E00035067,358,189,169
E00035072,303,154,149
E00035054,329,168,161
E00035055,308,161,147
E00035056,355,176,179
E00035057,288,150,138
E00035058,452,225,227
E00035059,319,165,154
E00035060,286,150,136
E00035061,368,201,167
E00035062,369,196,173
E00034531,293,144,149
E00034533,257,135,122
E00034536,304,166,138
E00034537,298,149,149
E00034528,282,144,138
E00034529,261,132,129
E00034534,272,139,133
E00034540,228,125,103
E00034543,269,139,130
E00034547,269,139,130
E00034549,320,167,153
E00034551,292,153,139
E00034553,341,172,169
E00034554,244,124,120
E00034526,322,158,164
E00034530,255,122,133
E00034532,261,121,140
E00034535,347,187,160
E00034538,263,144,119
E00034539,231,110,121
E00034541,281,139,142
E00034546,323,152,171
E00034548,281,143,138
E00034552,307,156,151
E00034527,218,118,100
E00034542,252,121,131
E00034544,246,126,120
E00034545,283,144,139
E00034550,246,126,120
E00034581,258,131,127
E00034582,289,143,146
E00034583,346,167,179
E00034584,309,163,146
E00034597,288,148,140
E00034598,260,128,132
E00034599,284,139,145
E00034601,259,134,125
E00034605,416,224,192
E00034592,282,147,135
E00034596,275,143,132
E00034615,241,131,110
E00034616,273,140,133
E00034617,256,133,123
E00034593,317,158,159
E00034618,260,131,129
E00034619,306,151,155
E00034620,351,189,162
E00034591,319,169,150
E00034594,158,77,81
E00034595,294,142,152
E00034600,435,214,221
E00034602,273,133,140
E00034821,360,191,169
E00034823,351,195,156
E00034824,296,156,140
E00034827,332,165,167
E00034828,381,193,188
E00034796,500,246,254
E00034797,558,272,286
E00034800,291,157,134
E00034801,351,170,181
E00034810,405,193,212
E00034795,224,106,118
E00034799,410,201,209
E00034822,200,105,95
E00034825,307,157,150
E00034826,374,204,170
E00034802,321,160,161
E00034803,336,166,170
E00034804,452,235,217
E00034807,227,115,112
E00034829,236,128,108
E00034556,330,175,155
E00034557,280,141,139
E00034558,406,203,203
E00034559,454,222,232
E00034562,267,138,129
E00034563,246,119,127
E00034564,438,224,214
E00034565,249,127,122
E00034566,273,141,132
E00034570,284,150,134
E00034560,231,116,115
E00034561,230,116,114
E00034567,249,129,120
E00034569,280,143,137
E00034572,245,113,132
E00034573,249,137,112
E00034832,226,110,116
E00034846,296,163,133
E00034847,279,142,137
E00034856,284,147,137
E00168429,377,194,183
E00168447,255,146,109
E00034622,356,168,188
E00034623,330,161,169
E00034632,295,137,158
E00034635,314,165,149
E00034638,235,110,125
E00034643,164,79,85
E00034627,239,115,124
E00034628,244,107,137
E00034630,210,107,103
E00034633,240,127,113
E00034636,342,173,169
E00034858,198,102,96
E00034862,406,171,235
E00034864,196,87,109
E00034866,225,113,112
E00034885,322,146,176
E00034886,219,111,108
E00034859,179,85,94
E00034872,281,136,145
E00034875,238,116,122
E00034878,283,155,128
E00034879,232,119,113
E00034880,143,65,78
E00034860,340,173,167
E00034881,200,92,108
E00034882,212,106,106
E00034884,220,104,116
E00034887,233,129,104
E00034889,227,102,125
E00034793,248,126,122
E00034794,248,130,118
E00034805,341,193,148
E00034814,294,123,171
E00034817,279,129,150
E00034819,238,128,110
E00034792,303,156,147
E00034798,450,225,225
E00034806,258,133,125
E00034809,257,136,121
E00034813,379,193,186
E00034815,267,139,128
E00177014,126,66,60
E00177020,201,97,104
E00177024,351,176,175
E00177028,612,310,302
E00034808,344,183,161
E00034811,335,170,165
E00034812,453,230,223
E00034816,319,169,150
E00034818,263,152,111
E00034698,363,194,169
E00034699,288,151,137
E00034700,278,143,135
E00034701,241,120,121
E00034704,344,181,163
E00034706,258,133,125
E00034844,276,135,141
E00034845,236,112,124
E00034848,265,138,127
E00034849,292,150,142
E00034853,354,178,176
E00034830,216,119,97
E00034833,305,145,160
E00034851,341,151,190
E00034855,200,109,91
E00168427,245,107,138
E00168428,278,112,166
E00034842,505,290,215
E00034850,408,216,192
E00034852,373,198,175
E00034854,232,120,112
E00034834,285,143,142
E00034835,307,148,159
E00034836,214,103,111
E00034837,278,132,146
E00034857,288,155,133
E00034778,319,162,157
E00034780,409,218,191
E00034782,308,152,156
E00034783,238,106,132
E00034784,254,133,121
E00034756,358,178,180
E00034760,287,144,143
E00034764,221,110,111
E00034772,286,145,141
E00034786,255,133,122
E00034763,255,126,129
E00034770,264,131,133
E00034787,421,217,204
E00034788,268,144,124
E00034790,317,179,138
E00034761,450,232,218
E00034767,108,53,55
E00034779,284,143,141
E00034781,224,107,117
E00034785,320,164,156
E00034789,297,135,162
E00034765,409,207,202
E00034766,253,127,126
E00034768,311,160,151
E00034769,270,119,151
E00034773,288,159,129
E00034757,452,231,221
E00034759,337,194,143
E00034762,457,236,221
E00034771,367,188,179
E00034791,349,178,171
E00034758,348,168,180
E00034774,207,105,102
E00034776,255,138,117
E00177010,543,277,266
E00177012,138,62,76
E00177019,136,72,64
E00177021,243,129,114
E00177023,371,192,179
E00034644,303,162,141
E00034645,245,135,110
E00034646,284,144,140
E00034647,253,119,134
E00034649,274,141,133
E00034621,340,166,174
E00034626,455,243,212
E00034631,493,236,257
E00034634,241,123,118
E00176997,292,152,140
E00177029,243,113,130
E00034637,221,111,110
E00034639,321,163,158
E00034640,236,105,131
E00034641,268,125,143
E00034642,276,139,137
E00034861,281,134,147
E00034863,285,135,150
E00034868,237,133,104
E00034869,261,138,123
E00034888,314,160,154
E00034870,262,131,131
E00034873,243,127,116
E00034874,299,161,138
E00034877,260,129,131
E00034890,220,119,101
E00034865,296,135,161
E00034867,348,167,181
E00034871,259,134,125
E00034876,280,135,145
E00034883,273,141,132
E00034986,345,168,177
E00035004,309,158,151
E00035005,314,152,162
E00035006,363,184,179
E00035008,313,173,140
E00034555,422,215,207
E00034568,366,190,176
E00034574,295,146,149
E00034577,345,178,167
E00034579,322,160,162
E00034571,356,171,185
E00034575,301,157,144
E00034576,329,182,147
E00034578,256,129,127
E00034580,209,90,119
E00034838,438,219,219
E00034839,307,157,150
E00034840,267,127,140
E00034841,330,171,159
E00034959,340,165,175
E00034966,343,173,170
E00034967,372,183,189
E00034969,277,122,155
E00168437,315,160,155
E00168438,150,74,76
E00168439,368,182,186
E00034585,270,136,134
E00034603,129,69,60
E00034604,289,151,138
E00034606,230,115,115
E00034607,283,149,134
E00034590,298,150,148
E00034610,373,197,176
E00034611,379,185,194
E00034613,239,123,116
E00034614,247,132,115
E00034586,369,182,187
E00034587,330,176,154
E00034588,268,137,131
E00034589,319,156,163
E00034608,280,151,129
E00034609,266,135,131
E00034612,299,160,139
E00034624,285,140,145
E00034650,266,137,129
E00034651,280,134,146
E00176988,508,265,243
E00176990,258,140,118
E00176998,111,52,59
E00034694,273,134,139
E00034702,240,133,107
E00034707,286,135,151
E00034708,311,148,163
E00034710,233,125,108
E00034713,275,143,132
E00034703,290,133,157
E00034705,265,133,132
E00034709,293,150,143
E00034715,270,145,125
E00034716,320,172,148
E00034695,499,273,226
E00034696,302,150,152
E00034711,444,231,213
E00034712,336,174,162
E00034717,400,197,203
E00034697,229,113,116
E00034714,263,130,133
E00034718,242,126,116
E00034719,273,144,129
E00034720,272,124,148
E00034957,268,130,138
E00034958,274,142,132
E00034961,289,145,144
E00034963,332,169,163
E00034975,280,157,123
E00034962,297,148,149
E00034964,254,142,112
E00034977,247,128,119
E00034978,311,166,145
E00034980,351,168,183
E00034960,303,149,154
E00034973,320,165,155
E00034974,415,206,209
E00034976,433,214,219
E00034938,278,154,124
E00034940,292,159,133
E00034941,258,129,129
E00034944,250,125,125
E00034945,314,155,159
E00034937,261,131,130
E00034939,253,136,117
E00034942,311,150,161
E00168449,533,285,248
E00034924,262,134,128
E00034949,274,137,137
E00034950,291,145,146
E00034954,252,125,127
E00034955,247,128,119
E00034926,292,145,147
E00034947,329,165,164
E00034951,310,160,150
E00034952,185,98,87
E00034956,249,140,109
E00034979,325,157,168
E00034981,378,204,174
E00034982,256,143,113
E00034983,503,248,255
E00034984,275,146,129
E00035019,358,192,166
E00035020,273,137,136
E00035022,187,87,100
E00035023,233,124,109
E00035044,269,133,136
E00035025,278,146,132
E00035027,288,161,127
E00035042,389,209,180
E00035043,367,196,171
E00035021,311,150,161
E00035028,353,176,177
E00035029,351,187,164
E00035030,353,186,167
E00035031,219,118,101
E00035032,287,154,133
E00035017,281,137,144
E00035018,252,120,132
E00035024,316,146,170
E00035026,280,153,127
E00035041,318,161,157
E00168430,330,161,169
E00168431,288,158,130
E00168435,263,135,128
E00168436,350,173,177
E00168448,256,126,130
E00034965,220,114,106
E00034970,457,229,228
E00034972,363,179,184
E00177000,454,239,215
E00177002,170,85,85
E00034929,285,150,135
E00034931,292,152,140
E00034932,304,164,140
E00034934,313,160,153
E00034920,325,168,157
E00034921,216,98,118
E00034922,251,136,115
E00034935,278,143,135
E00034936,309,159,150
E00034923,552,285,267
E00034930,345,169,176
E00034946,335,168,167
E00034953,374,187,187
E00034919,286,136,150
E00034925,248,133,115
E00034927,312,165,147
E00034928,273,137,136
E00034933,279,146,133
E00034996,269,145,124
E00035007,204,102,102
E00035009,250,136,114
E00035010,178,93,85
E00035013,240,117,123
E00035015,299,156,143
E00034987,286,145,141
E00034993,288,152,136
E00035011,186,97,89
E00035012,276,156,120
E00035014,284,149,135
E00034989,268,130,138
E00034992,437,243,194
E00034994,254,133,121
E00034999,284,143,141
E00035016,331,167,164
E00035033,271,135,136
E00035034,477,239,238
E00035035,585,291,294
E00035036,362,194,168
E00035037,378,186,192
E00035038,280,148,132
E00035039,332,172,160
E00035040,454,237,217
E00034648,451,237,214
E00034652,392,191,201
E00034653,408,212,196
E00034654,350,184,166
E00034995,253,124,129
E00034997,301,159,142
E00034998,272,143,129
E00035000,386,199,187
E00035001,310,150,160
E00034990,264,134,130
E00035002,266,134,132
E00168432,285,148,137
E00168433,305,157,148
E00168440,389,198,191
E00168441,342,169,173
E00168434,266,141,125
E00168442,486,241,245
E00168444,106,69,37
E00168445,290,154,136
E00168446,159,74,85
E00176987,401,209,192
E00176995,341,162,179
E00177011,460,237,223
E00177017,309,158,151
E00035201,295,172,123
E00035235,228,119,109
E00035236,198,105,93
E00035237,195,116,79
E00035239,303,163,140
E00035240,172,91,81
E00035627,308,148,160
E00035631,280,142,138
E00035633,254,138,116
E00035635,279,149,130
E00035637,292,162,130
E00035622,231,139,92
E00035629,210,113,97
E00035632,251,142,109
E00035634,254,133,121
E00035638,215,127,88
E00035624,382,195,187
E00035640,266,146,120
E00035641,279,133,146
E00035642,325,161,164
E00035644,301,161,140
E00035623,271,144,127
E00035628,288,149,139
E00035630,317,171,146
E00035636,290,139,151
E00035204,292,152,140
E00035205,230,118,112
E00035206,280,141,139
E00035209,326,173,153
E00035212,243,119,124
E00035626,201,100,101
E00035645,321,163,158
E00035647,319,161,158
E00035651,216,122,94
E00035652,310,162,148
E00035625,287,145,142
E00035649,325,169,156
E00035653,314,165,149
E00035654,431,230,201
E00035639,263,135,128
E00035643,305,158,147
E00035646,279,143,136
E00035648,272,146,126
E00035650,237,134,103
E00035655,311,155,156
E00035658,237,129,108
E00035662,284,154,130
E00035663,260,145,115
E00035664,293,154,139
E00035198,355,203,152
E00035199,351,157,194
E00035215,274,143,131
E00035216,335,184,151
E00035220,228,127,101
E00035230,199,106,93
E00035194,242,118,124
E00035202,192,92,100
E00035203,229,133,96
E00035207,332,163,169
E00035208,230,115,115
E00035238,220,114,106
E00035210,322,170,152
E00035211,197,105,92
E00035213,214,110,104
E00035214,132,81,51
E00035217,322,172,150
E00035219,310,148,162
E00035218,226,119,107
E00035223,290,147,143
E00035225,279,157,122
E00035226,224,116,108
E00035231,222,113,109
E00035233,303,169,134
E00035656,308,159,149
E00035657,136,79,57
E00035659,261,128,133
E00035660,287,149,138
E00035661,301,156,145
E00035200,302,161,141
E00035224,377,181,196
E00035227,176,102,74
E00035228,329,148,181
E00035232,327,157,170
E00035234,318,170,148
E00035195,338,173,165
E00035196,321,157,164
E00035197,256,136,120
E00035221,230,107,123
E00035222,265,126,139
E00035229,287,129,158
E00035328,321,148,173
E00035348,318,168,150
E00035349,282,159,123
E00035350,258,129,129
E00035353,312,143,169
E00035325,419,191,228
E00035341,305,127,178
E00170480,186,92,94
E00170481,272,107,165
E00035342,327,143,184
E00035343,302,138,164
E00035345,283,134,149
E00035346,259,128,131
E00035326,462,204,258
E00035344,131,69,62
E00035351,267,136,131
E00035355,263,132,131
E00035327,276,107,169
E00035347,381,178,203
E00035352,371,185,186
E00035758,272,147,125
E00035767,259,125,134
E00035768,259,132,127
E00035770,290,149,141
E00035773,306,172,134
E00035749,308,156,152
E00035750,313,151,162
E00035772,321,164,157
E00035780,334,166,168
E00035782,363,185,178
E00035754,267,138,129
E00035755,295,167,128
E00035760,346,186,160
E00035762,310,158,152
E00035788,275,149,126
E00035789,308,154,154
E00035790,286,146,140
E00035791,280,137,143
E00035792,262,133,129
E00035793,291,153,138
E00035757,281,136,145
E00035759,274,145,129
E00035763,303,154,149
E00035764,364,185,179
E00035766,279,152,127
E00035748,260,118,142
E00035751,307,157,150
E00035765,268,135,133
E00035774,349,166,183
E00035776,343,178,165
E00035752,312,162,150
E00035771,310,152,158
E00035775,301,161,140
E00035777,311,160,151
E00035778,324,158,166
E00035753,360,185,175
E00035784,273,151,122
E00035785,340,159,181
E00035787,511,277,234
E00035779,333,167,166
E00035781,348,179,169
E00035783,345,162,183
E00035786,455,245,210
E00035756,372,185,187
E00035761,354,175,179
E00035769,295,151,144
E00035794,302,154,148
E00035131,272,147,125
E00035132,330,182,148
E00035133,339,176,163
E00035134,256,134,122
E00035135,261,126,135
E00035331,236,127,109
E00035332,274,136,138
E00035354,402,195,207
E00035357,278,152,126
E00035358,277,145,132
E00177008,204,83,121
E00177025,518,178,340
E00035470,445,232,213
E00035474,332,170,162
E00035475,331,169,162
E00035476,302,147,155
E00035482,354,174,180
E00035456,351,166,185
E00035457,369,193,176
E00035458,342,166,176
E00035469,563,291,272
E00035473,227,113,114
E00035480,246,121,125
E00035483,261,148,113
E00035484,359,180,179
E00035487,354,194,160
E00035491,360,194,166
E00035459,267,139,128
E00035471,437,231,206
E00035472,304,154,150
E00035488,334,173,161
E00035479,373,186,187
E00035485,280,166,114
E00035486,248,127,121
E00035493,287,146,141
E00035495,310,148,162
E00035461,361,188,173
E00035462,397,215,182
E00035477,239,137,102
E00035481,316,171,145
E00035497,274,155,119
E00035460,298,155,143
E00035478,340,189,151
E00035489,544,290,254
E00035490,339,172,167
E00035463,301,155,146
E00035467,360,200,160
E00035494,323,174,149
E00035496,407,226,181
E00035498,290,149,141
E00035464,273,140,133
E00035466,305,160,145
E00035468,250,140,110
E00035492,190,101,89
E00176992,318,181,137
E00177013,263,144,119
E00177016,446,203,243
E00035137,352,170,182
E00035142,357,177,180
E00035143,312,158,154
E00035147,288,138,150
E00035149,129,69,60
E00035136,346,172,174
E00035138,345,175,170
E00035139,298,170,128
E00035140,322,162,160
E00035141,338,155,183
E00035329,260,137,123
E00035330,166,81,85
E00035339,212,99,113
E00035359,210,113,97
E00035361,416,225,191
E00035363,341,174,167
E00035360,269,138,131
E00035362,238,129,109
E00035364,211,109,102
E00035366,193,117,76
E00035367,176,104,72
E00035370,271,140,131
E00035371,162,90,72
E00035333,362,202,160
E00035334,265,141,124
E00035365,316,169,147
E00035368,252,138,114
E00035369,364,181,183
E00035335,279,145,134
E00035336,297,142,155
E00035337,281,165,116
E00035338,267,139,128
E00035372,380,192,188
E00035144,248,118,130
E00035145,315,176,139
E00035146,352,174,178
E00035148,255,127,128
E00035152,314,145,169
E00035116,256,139,117
E00035120,240,136,104
E00035121,297,161,136
E00035123,316,169,147
E00035155,314,154,160
E00035117,311,166,145
E00035119,263,137,126
E00035126,338,182,156
E00035151,292,154,138
E00035153,309,159,150
E00035122,259,144,115
E00035125,272,147,125
E00035128,262,123,139
E00035150,337,182,155
E00035154,271,141,130
E00035118,230,116,114
E00035124,297,152,145
E00035127,311,165,146
E00035129,271,128,143
E00035130,259,136,123
E00035074,297,153,144
E00035092,264,135,129
E00035095,295,159,136
E00035096,237,129,108
E00035097,236,133,103
E00035098,282,145,137
E00035077,306,162,144
E00035078,340,179,161
E00035105,201,103,98
E00035107,285,159,126
E00035111,328,182,146
E00035081,282,141,141
E00035083,605,305,300
E00035089,346,180,166
E00035113,315,163,152
E00035114,271,142,129
E00035084,292,141,151
E00035085,158,88,70
E00035087,269,139,130
E00035090,348,185,163
E00035091,303,147,156
E00035115,321,155,166
E00035101,259,139,120
E00035102,271,132,139
E00035103,308,155,153
E00035104,228,131,97
E00035106,254,131,123
E00035073,275,140,135
E00035082,251,130,121
E00035093,325,165,160
E00035099,172,86,86
E00035100,421,218,203
E00035075,196,108,88
E00035076,264,146,118
E00035108,244,123,121
E00035109,194,101,93
E00035110,332,175,157
E00035112,287,158,129
E00035079,468,257,211
E00035080,306,157,149
E00035086,288,148,140
E00035088,354,177,177
E00035094,322,173,149
E00035418,262,134,128
E00035446,310,151,159
E00035447,245,131,114
E00035449,263,139,124
E00035451,291,148,143
E00035428,445,232,213
E00035431,294,157,137
E00035445,329,175,154
E00035453,277,131,146
E00035416,280,148,132
E00035444,274,132,142
E00035448,199,108,91
E00035450,212,112,100
E00035452,236,124,112
E00035421,367,187,180
E00035422,234,134,100
E00035427,299,158,141
E00035429,346,197,149
E00035423,275,145,130
E00035430,297,158,139
E00035433,317,157,160
E00035435,279,159,120
E00035417,212,115,97
E00035419,306,157,149
E00035420,471,260,211
E00035454,249,126,123
E00035455,263,143,120
E00035842,340,173,167
E00035847,243,141,102
E00035862,289,148,141
E00035863,330,173,157
E00035864,324,170,154
E00035848,293,149,144
E00035866,307,160,147
E00035869,315,167,148
E00035870,265,138,127
E00035871,258,143,115
E00035865,192,111,81
E00035867,321,169,152
E00035868,344,190,154
E00035872,407,236,171
E00035874,319,169,150
E00035424,365,184,181
E00035426,270,144,126
E00035432,248,139,109
E00035434,271,148,123
E00035437,294,139,155
E00035425,224,116,108
E00035436,233,126,107
E00035438,319,160,159
E00035441,501,261,240
E00035415,275,141,134
E00035439,276,143,133
E00035440,296,156,140
E00035442,285,140,145
E00035443,286,151,135
E00035845,292,159,133
E00035850,355,180,175
E00035855,314,169,145
E00035861,290,150,140
E00035875,252,130,122
E00035844,261,140,121
E00035846,251,145,106
E00035851,261,141,120
E00035852,257,133,124
E00035858,284,161,123
E00035859,364,180,184
E00035860,280,134,146
E00035876,256,132,124
E00035877,203,108,95
E00035879,458,237,221
E00035854,273,140,133
E00035856,301,148,153
E00035857,268,127,141
E00035878,312,161,151
E00035880,270,142,128
E00035841,269,140,129
E00035843,240,127,113
E00035849,250,127,123
E00035853,239,120,119
E00035873,298,166,132
E00035796,289,145,144
E00035799,282,142,140
E00035804,225,107,118
E00035805,306,167,139
E00035806,309,168,141
E00035797,323,164,159
E00035798,249,130,119
E00035807,264,134,130
E00035808,306,161,145
E00035795,239,130,109
E00035800,263,147,116
E00035801,342,185,157
E00035802,266,141,125
E00035803,335,190,145
E00035814,285,144,141
E00035815,275,139,136
E00035816,314,162,152
E00035838,261,144,117
E00035839,277,141,136
E00035928,326,168,158
E00035929,268,141,127
E00035933,306,152,154
E00035935,255,129,126
E00035946,266,133,133
E00035930,276,144,132
E00035947,247,128,119
E00035950,299,146,153
E00035951,267,142,125
E00035954,262,133,129
E00035958,209,108,101
E00035941,303,163,140
E00035952,259,143,116
E00035955,280,145,135
E00035959,200,112,88
E00035961,240,127,113
E00035931,295,157,138
E00035932,231,119,112
E00035934,235,123,112
E00035937,299,168,131
E00035949,265,137,128
E00035939,272,142,130
E00035953,250,133,117
E00035957,332,174,158
E00177003,615,309,306
E00035938,274,144,130
E00035948,284,143,141
E00035956,279,141,138
E00035960,317,163,154
E00176989,412,116,296
E00177005,121,65,56
E00035809,296,159,137
E00035810,287,145,142
E00035811,298,150,148
E00035829,294,154,140
E00035830,228,120,108
E00035940,312,158,154
E00035962,264,134,130
E00035963,317,152,165
E00035968,311,166,145
E00035969,289,140,149
E00035944,556,279,277
E00035964,295,138,157
E00035966,226,110,116
E00035967,273,141,132
E00035970,289,145,144
E00035936,290,150,140
E00035942,182,91,91
E00035943,339,184,155
E00035965,429,234,195
E00035971,291,151,140
E00035813,363,187,176
E00035833,301,143,158
E00035836,280,136,144
E00035837,336,170,166
E00035812,299,158,141
E00035828,298,160,138
E00035831,311,174,137
E00035834,285,153,132
E00035835,242,120,122
E00035817,524,267,257
E00035820,294,146,148
E00035823,292,148,144
E00035824,302,154,148
E00035818,320,157,163
E00035819,250,133,117
E00035821,255,135,120
E00035822,351,179,172
E00035840,198,112,86
E00035825,323,159,164
E00035826,336,170,166
E00035827,306,155,151
E00035832,277,143,134
E00035589,271,132,139
E00035590,297,162,135
E00035598,276,145,131
E00035599,237,116,121
E00035607,271,128,143
E00035587,347,182,165
E00035588,313,150,163
E00035596,189,97,92
E00035600,327,153,174
E00035603,172,90,82
E00035604,338,176,162
E00035605,385,206,179
E00035606,334,182,152
E00035608,320,161,159
E00035615,266,137,129
E00035616,301,158,143
E00035617,291,152,139
E00035618,240,129,111
E00035619,299,164,135
E00035620,346,168,178
E00035621,274,136,138
E00035700,258,144,114
E00035701,250,144,106
E00035704,395,192,203
E00035705,358,185,173
E00035706,307,148,159
E00035697,461,243,218
E00035698,147,70,77
E00035699,374,222,152
E00035702,305,165,140
E00035703,334,165,169
E00035160,272,128,144
E00035166,278,157,121
E00035169,168,83,85
E00035180,217,116,101
E00035183,269,147,122
E00035187,230,123,107
E00035159,327,151,176
E00035171,335,164,171
E00035173,346,174,172
E00035174,358,181,177
E00035157,362,176,186
E00035163,400,210,190
E00035168,329,165,164
E00035193,269,140,129
E00035161,244,136,108
E00035162,382,187,195
E00035170,381,185,196
E00035175,276,159,117
E00035178,191,102,89
E00035172,319,148,171
E00035176,356,194,162
E00035177,220,107,113
E00035181,250,118,132
E00035182,282,139,143
E00035158,384,195,189
E00035164,317,158,159
E00035165,298,149,149
E00035167,301,153,148
E00035882,276,135,141
E00035907,316,163,153
E00035913,259,144,115
E00035919,279,158,121
E00035883,214,117,97
E00035884,306,147,159
E00035914,293,154,139
E00035921,298,158,140
E00035924,232,126,106
E00035886,344,191,153
E00035888,243,127,116
E00035920,243,130,113
E00035923,345,183,162
E00035899,309,176,133
E00035900,166,88,78
E00035901,226,122,104
E00035903,177,103,74
E00035904,319,175,144
E00035909,284,144,140
E00035910,226,114,112
E00035915,285,157,128
E00170479,336,173,163
E00035404,242,122,120
E00035405,332,192,140
E00035406,212,111,101
E00035407,234,121,113
E00035408,290,148,142
E00035373,269,144,125
E00035409,209,108,101
E00035410,219,108,111
E00035411,294,160,134
E00035412,299,147,152
E00035591,253,139,114
E00035597,269,139,130
E00035601,254,132,122
E00035602,275,150,125
E00035585,359,174,185
E00035592,288,157,131
E00035594,283,142,141
E00035595,251,133,118
E00035885,299,160,139
E00035892,252,143,109
E00035893,290,151,139
E00035896,325,174,151
E00035898,283,140,143
E00035610,356,202,154
E00035611,233,113,120
E00035613,375,187,188
E00035614,293,152,141
E00035586,354,179,175
E00035593,308,154,154
E00035609,300,156,144
E00035612,347,193,154
E00035973,363,192,171
E00035975,220,118,102
E00035997,333,175,158
E00035998,408,212,196
E00036007,253,136,117
E00035974,349,181,168
E00036000,201,113,88
E00036002,549,281,268
E00036003,294,148,146
E00036004,378,190,188
E00035982,401,225,176
E00035987,307,152,155
E00035990,343,183,160
E00035992,305,152,153
E00035978,291,156,135
E00035979,357,185,172
E00035983,269,141,128
E00035986,344,169,175
E00035988,285,157,128
E00035688,305,165,140
E00035689,286,144,142
E00035691,397,215,182
E00035696,299,159,140
E00035690,547,280,267
E00035692,129,76,53
E00035693,281,144,137
E00035694,389,201,188
E00170477,312,163,149
E00170478,408,207,201
E00035674,378,201,177
E00035676,301,155,146
E00035677,317,169,148
E00035685,303,162,141
E00035668,310,162,148
E00035669,304,163,141
E00035670,230,114,116
E00035672,336,172,164
E00035680,261,133,128
E00035665,223,118,105
E00035671,341,164,177
E00035682,331,173,158
E00035683,289,147,142
E00035666,336,177,159
E00035673,253,120,133
E00035675,263,138,125
E00035684,247,135,112
E00035686,296,145,151
E00035667,246,127,119
E00035678,250,122,128
E00035679,304,156,148
E00035681,273,145,128
E00035687,287,150,137
E00035710,269,133,136
E00035742,427,211,216
E00035743,315,153,162
E00035745,347,173,174
E00035747,425,198,227
E00035735,312,158,154
E00035736,435,221,214
E00035737,256,138,118
E00035738,321,172,149
E00035905,244,129,115
E00035908,223,115,108
E00035911,279,134,145
E00035912,257,136,121
E00035916,244,135,109
E00035156,210,106,104
E00035179,334,187,147
E00035184,275,138,137
E00035186,377,195,182
E00035188,344,179,165
E00035185,349,171,178
E00035189,255,138,117
E00035190,292,159,133
E00035191,262,132,130
E00035192,302,159,143
E00035243,357,181,176
E00035266,347,170,177
E00035268,255,123,132
E00035269,300,157,143
E00035273,273,149,124
E00035976,351,174,177
E00035999,317,172,145
E00036001,382,188,194
E00036008,335,173,162
E00035980,342,191,151
E00035981,306,167,139
E00036005,240,135,105
E00036006,324,167,157
E00036009,283,151,132
E00035707,374,194,180
E00035709,371,207,164
E00035711,502,260,242
E00035744,406,214,192
E00035708,302,148,154
E00035739,246,132,114
E00035740,246,125,121
E00035741,232,123,109
E00035746,301,157,144
E00035887,271,142,129
E00035889,259,138,121
E00035917,272,146,126
E00035918,275,136,139
E00035925,261,127,134
E00035881,334,147,187
E00035890,278,153,125
E00035894,275,148,127
E00035922,135,57,78
E00035927,217,123,94
E00035891,336,198,138
E00035895,236,124,112
E00035897,434,238,196
E00035926,259,138,121
E00035242,282,141,141
E00035267,239,113,126
E00035270,283,142,141
E00170488,307,158,149
E00170493,353,190,163
E00170494,128,68,60
E00035245,394,188,206
E00035271,250,117,133
E00035272,237,114,123
E00035277,407,174,233
E00035278,294,129,165
E00035244,242,103,139
E00035247,323,145,178
E00035248,218,114,104
E00035250,280,129,151
E00035274,272,139,133
E00035275,200,110,90
E00035972,327,148,179
E00035991,287,149,138
E00035994,288,136,152
E00035995,297,160,137
E00035996,309,146,163
E00035977,349,175,174
E00035984,272,142,130
E00035985,239,120,119
E00035989,340,184,156
E00035993,269,135,134
E00035378,295,142,153
E00035389,269,129,140
E00035390,338,173,165
E00035394,417,215,202
E00035375,244,125,119
E00035380,242,127,115
E00035384,333,172,161
E00035392,266,143,123
E00035393,304,155,149
E00035374,272,162,110
E00035376,321,163,158
E00035387,282,146,136
E00035413,139,80,59
E00035414,265,142,123
E00035381,312,160,152
E00035382,303,167,136
E00035388,351,188,163
E00170489,159,77,82
E00170490,212,108,104
E00170491,261,132,129
E00035377,353,182,171
E00035385,270,139,131
E00035386,293,166,127
E00035395,361,203,158
E00035258,253,131,122
E00035262,317,159,158
E00035265,294,137,157
E00176985,456,243,213
E00035256,229,126,103
E00035259,201,97,104
E00035261,284,124,160
E00035263,253,131,122
E00035264,222,112,110
E00035283,259,127,132
E00035249,291,155,136
E00035252,471,236,235
E00035253,233,110,123
E00035254,251,130,121
E00035280,162,75,87
E00035281,165,79,86
E00035246,253,140,113
E00035251,290,144,146
E00035276,240,120,120
E00035279,275,148,127
E00035282,236,114,122
E00035284,201,98,103
E00035391,182,86,96
E00035397,168,76,92
E00035399,196,101,95
E00035400,275,148,127
E00176994,272,153,119
E00176996,455,258,197
E00177007,372,211,161
E00177027,157,92,65
E00035396,498,260,238
E00035398,272,136,136
E00035401,295,163,132
E00035402,321,177,144
E00035577,309,174,135
E00035578,320,163,157
E00035579,269,147,122
E00035580,284,145,139
E00035582,326,167,159
E00035712,411,206,205
E00035713,209,105,104
E00035714,385,196,189
E00035716,248,112,136
E00035721,285,151,134
E00035551,276,139,137
E00035552,271,147,124
E00035553,295,159,136
E00035581,567,285,282
E00035583,342,182,160
E00177004,174,83,91
E00177009,539,294,245
E00035504,298,148,150
E00035530,332,173,159
E00035532,260,143,117
E00035533,266,151,115
E00035535,256,124,132
E00035507,194,66,128
E00035537,263,131,132
E00035538,364,195,169
E00035540,327,163,164
E00035541,285,134,151
E00035503,340,181,159
E00035527,224,107,117
E00035528,324,165,159
E00035529,303,149,154
E00035531,287,174,113
E00035548,459,249,210
E00035549,228,113,115
E00035550,306,158,148
E00035555,318,187,131
E00035584,478,278,200
E00035554,549,286,263
E00035556,260,141,119
E00035559,214,110,104
E00035563,298,162,136
E00035565,231,123,108
E00035547,431,217,214
E00035570,257,153,104
E00035571,316,162,154
E00170485,445,262,183
E00035717,350,184,166
E00035718,614,312,302
E00035719,307,146,161
E00035728,210,107,103
E00177001,393,214,179
E00177015,275,135,140
E00035722,333,174,159
E00035724,328,173,155
E00035725,295,147,148
E00035726,293,155,138
E00035729,326,170,156
E00035731,278,153,125
E00035734,324,161,163
E00170483,375,205,170
E00035720,384,216,168
E00035730,315,158,157
E00035732,317,171,146
E00035733,306,153,153
E00035291,296,152,144
E00035301,402,201,201
E00035305,322,153,169
E00035311,275,145,130
E00035314,358,202,156
E00035505,209,98,111
E00035506,275,138,137
E00035534,226,113,113
E00035536,202,94,108
E00035539,299,162,137
E00035513,301,155,146
E00035542,240,128,112
E00035543,246,122,124
E00035544,289,152,137
E00035545,331,170,161
E00035568,291,144,147
E00035573,267,128,139
E00035574,294,151,143
E00170487,500,258,242
E00035546,273,142,131
E00035564,252,125,127
E00035572,314,164,150
E00035575,350,187,163
E00035576,263,149,114
E00035285,280,132,148
E00035315,340,182,158
E00035317,444,212,232
E00035319,283,115,168
E00170484,379,164,215
E00035512,200,97,103
E00035514,259,121,138
E00170482,315,139,176
E00176986,508,260,248
E00035508,254,121,133
E00035509,280,136,144
E00035510,236,109,127
E00035511,302,146,156
E00035515,248,125,123
E00035520,329,160,169
E00035521,299,124,175
E00176991,292,132,160
E00176993,152,59,93
E00177018,251,84,167
E00177022,257,108,149
E00177026,209,110,99
E00035501,330,171,159
E00035502,334,225,109
E00035523,245,127,118
E00035524,230,116,114
E00035525,192,96,96
E00035526,244,128,116
E00035306,292,147,145
E00035312,297,147,150
E00035313,251,112,139
E00035316,315,161,154
E00035286,320,155,165
E00035287,278,146,132
E00035296,258,139,119
E00035297,422,222,200
E00035323,313,149,164
E00035294,261,131,130
E00035295,354,176,178
E00035318,210,95,115
E00035322,290,140,150
E00035324,280,145,135
E00035288,400,181,219
E00035289,343,165,178
E00035298,438,207,231
E00035299,289,148,141
E00035300,258,120,138
E00035293,288,161,127
E00035303,282,137,145
E00035304,323,165,158
E00035308,314,150,164
E00035310,307,165,142
E00035290,404,235,169
E00035292,304,157,147
E00035302,328,173,155
E00035307,322,181,141
E00035309,294,157,137
E00036631,278,144,134
E00036656,419,205,214
E00036661,341,187,154
E00036664,316,157,159
E00036667,297,158,139
E00036630,370,204,166
E00036655,300,168,132
E00036658,312,161,151
E00036660,257,129,128
E00036632,329,173,156
E00036638,244,124,120
E00036650,391,219,172
E00036651,270,127,143
E00036657,321,143,178
E00036637,272,145,127
E00036639,305,163,142
E00036644,159,90,69
E00036645,195,86,109
E00036653,371,178,193
E00036654,292,150,142
E00036636,281,136,145
E00036646,233,129,104
E00036647,264,139,125
E00036648,364,186,178
E00036649,197,103,94
E00036652,210,93,117
E00036540,291,144,147
E00036546,280,139,141
E00036561,353,179,174
E00036585,333,175,158
E00036586,264,133,131
E00036670,369,189,180
E00036672,282,132,150
E00036674,265,133,132
E00036676,335,155,180
E00036680,312,154,158
E00036634,377,186,191
E00036659,344,187,157
E00036665,420,215,205
E00036666,264,128,136
E00036675,300,145,155
E00036633,330,176,154
E00036662,324,158,166
E00036663,273,146,127
E00036668,266,140,126
E00036669,304,145,159
E00036640,247,113,134
E00036641,237,124,113
E00036643,295,169,126
E00036677,286,154,132
E00036678,253,129,124
E00037044,383,201,182
E00037050,346,169,177
E00037081,332,160,172
E00037082,282,134,148
E00037083,342,172,170
E00037045,231,110,121
E00037048,324,162,162
E00037053,211,117,94
E00037080,281,163,118
E00037084,362,178,184
E00037036,298,149,149
E00037042,360,189,171
E00037073,301,162,139
E00037074,302,159,143
E00037079,214,114,100
E00037040,255,143,112
E00037041,227,129,98
E00037058,286,156,130
E00037064,290,157,133
E00037069,291,152,139
E00037070,216,114,102
E00037063,286,145,141
E00037066,301,154,147
E00037072,322,174,148
E00037076,291,149,142
E00037077,284,151,133
E00036538,316,162,154
E00036565,280,138,142
E00036567,294,162,132
E00036575,272,142,130
E00036635,328,165,163
E00036642,259,135,124
E00036671,338,164,174
E00036673,301,146,155
E00036679,288,150,138
E00037037,335,169,166
E00037038,343,169,174
E00037039,355,183,172
E00037043,285,147,138
E00037047,202,105,97
E00037051,291,145,146
E00037057,323,155,168
E00037059,309,156,153
E00037061,271,146,125
E00037046,269,133,136
E00037055,320,168,152
E00037056,324,172,152
E00037065,266,133,133
E00037071,239,120,119
E00037035,307,155,152
E00037067,326,164,162
E00037068,248,132,116
E00037075,266,140,126
E00037078,344,178,166
E00036544,290,159,131
E00036545,313,147,166
E00036547,351,187,164
E00036557,171,92,79
E00036559,343,153,190
E00036539,277,130,147
E00036541,355,188,167
E00036552,307,150,157
E00036556,295,148,147
E00036558,314,153,161
E00036553,306,150,156
E00036554,288,129,159
E00036562,297,135,162
E00036569,331,172,159
E00036571,272,140,132
E00036548,373,191,182
E00036551,303,149,154
E00036564,168,93,75
E00036568,303,161,142
E00036573,246,119,127
E00036838,319,158,161
E00036868,291,142,149
E00036871,309,143,166
E00036875,279,148,131
E00036879,231,124,107
E00036496,261,135,126
E00036508,233,117,116
E00036510,279,126,153
E00036512,298,153,145
E00036513,264,140,124
E00036516,217,113,104
E00036519,375,195,180
E00036491,480,250,230
E00036497,319,165,154
E00036514,274,151,123
E00036515,242,122,120
E00036536,308,158,150
E00036493,405,209,196
E00036507,269,134,135
E00036509,511,274,237
E00036533,186,97,89
E00036534,313,150,163
E00036535,334,177,157
E00037049,269,132,137
E00037052,281,136,145
E00037054,323,164,159
E00037060,262,147,115
E00037062,341,177,164
E00036563,304,153,151
E00036570,314,172,142
E00036579,241,123,118
E00036580,316,164,152
E00036582,263,127,136
E00036572,327,173,154
E00036576,296,159,137
E00036577,262,136,126
E00036581,272,145,127
E00036583,317,173,144
E00036537,342,162,180
E00036566,149,68,81
E00036574,393,198,195
E00036578,382,203,179
E00036584,279,146,133
E00036542,199,116,83
E00036543,306,161,145
E00036549,352,174,178
E00036550,295,155,140
E00036555,255,127,128
E00036560,267,150,117
E00036839,273,146,127
E00036842,261,137,124
E00036865,298,151,147
E00036866,325,161,164
E00036869,329,148,181
E00036847,188,98,90
E00036850,265,125,140
E00036872,283,141,142
E00036877,348,182,166
E00036881,338,177,161
E00036836,221,104,117
E00036859,259,129,130
E00036860,275,148,127
E00036861,299,153,146
E00036863,261,144,117
E00036844,235,122,113
E00036848,157,92,65
E00036853,337,184,153
E00036857,223,104,119
E00036864,228,113,115
E00036884,186,90,96
E00036837,300,156,144
E00036867,187,101,86
E00036870,311,170,141
E00036873,318,162,156
E00036874,273,122,151
E00036854,251,140,111
E00036878,328,177,151
E00036880,318,167,151
E00036882,271,134,137
E00036885,298,161,137
E00036492,279,149,130
E00036494,360,196,164
E00036495,351,180,171
E00036506,352,187,165
E00036511,383,197,186
E00036498,371,184,187
E00036500,541,284,257
E00036517,309,163,146
E00036520,341,165,176
E00036525,283,149,134
E00036499,208,119,89
E00036518,279,152,127
E00036521,295,160,135
E00036522,275,160,115
E00036523,196,109,87
E00036524,154,84,70
E00036504,297,135,162
E00036505,323,156,167
E00036531,305,151,154
E00036532,239,131,108
E00168425,252,135,117
E00036834,343,180,163
E00036835,357,190,167
E00036843,285,157,128
E00036858,230,120,110
E00168412,239,107,132
E00168413,252,149,103
E00036840,342,175,167
E00036846,229,110,119
E00036849,296,129,167
E00036851,273,144,129
E00036852,286,157,129
E00036855,318,160,158
E00036841,311,146,165
E00036845,260,125,135
E00036856,370,220,150
E00036876,340,172,168
E00036883,312,154,158
E00036092,275,161,114
E00036104,263,133,130
E00036107,265,148,117
E00168426,451,254,197
E00036111,277,147,130
E00036112,346,171,175
E00036114,325,162,163
E00036116,359,179,180
E00036117,327,198,129
E00036056,325,187,138
E00036066,364,175,189
E00036067,374,199,175
E00036072,310,161,149
E00036063,251,122,129
E00036064,352,174,178
E00036070,297,154,143
E00036077,241,132,109
E00168422,339,176,163
E00036069,308,156,152
E00036071,275,135,140
E00036075,207,116,91
E00036076,202,93,109
E00036078,306,166,140
E00036082,256,138,118
E00036073,376,209,167
E00036079,464,254,210
E00036080,229,127,102
E00036081,261,138,123
E00036083,274,147,127
E00036058,250,133,117
E00036059,347,206,141
E00036060,448,243,205
E00036074,250,128,122
E00036088,392,230,162
E00036501,346,186,160
E00036502,272,140,132
E00036503,261,139,122
E00036526,364,202,162
E00036527,194,104,90
E00036528,227,108,119
E00036615,288,152,136
E00036617,296,165,131
E00036621,303,161,142
E00036622,303,161,142
E00036624,281,146,135
E00036589,260,150,110
E00036598,248,118,130
E00036620,249,133,116
E00036625,343,182,161
E00036629,355,182,173
E00185154,407,214,193
E00185170,239,120,119
E00036594,315,169,146
E00036606,247,124,123
E00036607,345,180,165
E00036613,292,145,147
E00036618,325,175,150
E00036595,275,141,134
E00036597,231,114,117
E00036608,194,92,102
E00036609,174,92,82
E00036610,278,140,138
E00036611,246,141,105
E00036450,358,184,174
E00036470,292,155,137
E00036480,282,154,128
E00036483,327,162,165
E00036485,349,188,161
E00036445,327,162,165
E00036468,307,157,150
E00036469,291,145,146
E00036471,295,160,135
E00036473,282,147,135
E00036588,319,157,162
E00036614,244,130,114
E00036619,263,146,117
E00036623,354,182,172
E00036627,348,182,166
E00036587,490,265,225
E00036612,274,152,122
E00036616,253,136,117
E00168420,391,210,181
E00036439,397,208,189
E00036448,347,172,175
E00036452,305,168,137
E00036453,259,130,129
E00036467,334,183,151
E00036438,362,192,170
E00036446,303,154,149
E00036486,291,155,136
E00036488,264,152,112
E00036490,263,146,117
E00036472,315,172,143
E00036475,357,179,178
E00036476,313,143,170
E00036478,291,152,139
E00036479,341,180,161
E00036447,240,132,108
E00036474,347,181,166
E00036477,323,173,150
E00036481,288,147,141
E00036482,269,134,135
E00036449,300,147,153
E00036451,287,146,141
E00036484,306,155,151
E00036487,316,182,134
E00036489,169,94,75
E00036057,490,257,233
E00036084,256,144,112
E00036085,358,184,174
E00036086,216,116,100
E00036087,274,155,119
E00036253,350,156,194
E00036282,305,162,143
E00036287,198,95,103
E00036290,386,192,194
E00036291,282,138,144
E00036252,326,167,159
E00036279,253,126,127
E00036281,293,157,136
E00036283,279,145,134
E00036285,345,185,160
E00036254,345,173,172
E00036255,213,105,108
E00036265,348,173,175
E00036284,273,144,129
E00036286,346,194,152
E00036256,379,202,177
E00036278,487,251,236
E00036280,331,174,157
E00036288,347,176,171
E00036289,406,201,205
E00036124,273,145,128
E00036125,256,137,119
E00036128,404,221,183
E00036129,317,162,155
E00036131,379,183,196
E00036097,367,139,228
E00036123,260,120,140
E00036127,290,146,144
E00036130,334,152,182
E00036133,182,69,113
E00036134,259,115,144
E00036095,301,158,143
E00036096,299,155,144
E00036098,294,145,149
E00036132,234,112,122
E00036135,319,147,172
E00036113,266,130,136
E00036115,275,147,128
E00036118,166,70,96
E00036122,243,135,108
E00168421,260,113,147
E00036093,198,115,83
E00036119,334,149,185
E00036120,198,105,93
E00036121,292,156,136
E00036105,224,95,129
E00036126,359,166,193
E00168414,200,52,148
E00168415,259,106,153
E00036590,383,189,194
E00036592,287,149,138
E00036601,299,156,143
E00036602,218,116,102
E00036604,259,131,128
E00036591,246,134,112
E00036593,278,148,130
E00036599,237,125,112
E00036603,254,131,123
E00036626,268,135,133
E00036628,292,149,143
E00036810,329,177,152
E00036811,344,176,168
E00036812,330,166,164
E00036815,342,183,159
E00036983,184,94,90
E00036985,287,147,140
E00037001,294,156,138
E00037011,302,154,148
E00037012,210,105,105
E00036981,280,131,149
E00036992,173,91,82
E00036993,311,158,153
E00037002,244,124,120
E00037005,302,153,149
E00037007,242,136,106
E00036982,355,191,164
E00036994,263,142,121
E00036996,243,150,93
E00036997,306,177,129
E00036998,322,182,140
E00037003,307,148,159
E00037006,276,138,138
E00037008,390,215,175
E00037010,319,173,146
E00037013,229,117,112
E00036984,315,171,144
E00036986,309,155,154
E00037004,378,186,192
E00037009,303,161,142
E00037014,263,135,128
E00037015,243,133,110
E00037017,286,135,151
E00037018,299,151,148
E00037022,344,178,166
E00185148,426,218,208
E00185159,329,167,162
E00036989,222,121,101
E00036990,164,91,73
E00036991,256,130,126
E00036995,288,154,134
E00036999,309,169,140
E00037000,334,168,166
E00036061,254,138,116
E00036062,403,224,179
E00036089,402,218,184
E00036090,314,156,158
E00036091,276,154,122
E00036263,328,170,158
E00036266,318,170,148
E00036267,280,139,141
E00036268,348,174,174
E00036271,267,143,124
E00036248,312,176,136
E00036272,297,156,141
E00036273,243,141,102
E00036274,311,177,134
E00036277,286,142,144
E00036987,284,153,131
E00036988,313,167,146
E00037016,294,160,134
E00037020,270,156,114
E00037021,376,216,160
E00185140,458,238,220
E00185156,265,141,124
E00036247,391,200,191
E00036257,314,145,169
E00036258,181,81,100
E00036260,239,87,152
E00036261,249,109,140
E00036269,320,126,194
E00036245,230,111,119
E00036246,238,112,126
E00036259,350,195,155
E00036262,263,125,138
E00036264,258,144,114
E00036270,270,123,147
E00036681,246,117,129
E00036694,336,144,192
E00036721,442,225,217
E00036722,342,151,191
E00036724,242,116,126
E00036684,188,103,85
E00036693,195,93,102
E00036698,261,134,127
E00036699,250,131,119
E00036703,285,141,144
E00036725,189,112,77
E00036683,246,123,123
E00036685,310,161,149
E00036700,285,156,129
E00036701,281,151,130
E00036707,247,126,121
E00036727,295,153,142
E00036136,408,201,207
E00036137,363,187,176
E00036138,418,223,195
E00036139,228,98,130
E00036140,372,178,194
E00036099,322,159,163
E00036100,371,180,191
E00036101,384,193,191
E00036102,293,161,132
E00036103,314,162,152
E00036364,213,89,124
E00036365,193,92,101
E00036366,383,178,205
E00036367,261,151,110
E00036370,233,108,125
E00036939,311,154,157
E00036947,322,165,157
E00036976,157,84,73
E00036977,236,119,117
E00036978,291,158,133
E00036979,316,179,137
E00036940,315,140,175
E00036949,434,226,208
E00036950,315,145,170
E00168424,487,257,230
E00036941,326,172,154
E00036953,287,147,140
E00036955,292,156,136
E00036959,272,135,137
E00036960,261,135,126
E00036368,333,159,174
E00036369,319,159,160
E00036371,305,146,159
E00036374,306,164,142
E00036375,280,157,123
E00036342,238,121,117
E00036372,272,151,121
E00036373,322,174,148
E00036376,345,190,155
E00036377,334,178,156
E00036682,386,193,193
E00036695,356,157,199
E00036697,308,159,149
E00036723,239,136,103
E00036726,363,200,163
E00036687,291,152,139
E00036689,263,138,125
E00036705,259,128,131
E00036708,286,150,136
E00036713,283,153,130
E00036715,157,88,69
E00036686,377,182,195
E00036696,269,130,139
E00036704,588,310,278
E00036710,323,172,151
E00036728,258,120,138
E00036729,341,174,167
E00036782,302,154,148
E00036789,300,153,147
E00036797,273,153,120
E00036833,315,165,150
E00036784,238,124,114
E00036788,299,153,146
E00036798,244,121,123
E00036803,239,134,105
E00036807,301,161,140
E00036813,274,145,129
E00036816,249,135,114
E00036817,289,144,145
E00036822,297,158,139
E00036823,236,121,115
E00036793,336,163,173
E00036820,241,130,111
E00036821,301,150,151
E00036831,333,166,167
E00036832,299,155,144
E00036814,279,136,143
E00036818,300,163,137
E00036819,265,141,124
E00036824,308,168,140
E00036825,265,135,130
E00036792,352,176,176
E00036801,282,157,125
E00036827,228,122,106
E00036829,141,80,61
E00036830,288,150,138
E00036249,323,168,155
E00036251,271,132,139
E00036275,225,116,109
E00036276,301,150,151
E00168416,397,208,189
E00168417,336,171,165
E00168418,404,204,200
E00036690,348,174,174
E00036692,266,140,126
E00036711,302,153,149
E00036714,240,127,113
E00036718,289,140,149
E00036688,323,169,154
E00036702,292,141,151
E00036706,236,118,118
E00036709,283,150,133
E00036717,262,129,133
E00036691,246,124,122
E00036712,601,310,291
E00036716,244,119,125
E00036719,303,149,154
E00036720,240,125,115
E00036771,246,127,119
E00036772,299,146,153
E00036774,319,165,154
E00036778,339,169,170
E00036780,273,138,135
E00036733,229,122,107
E00036734,230,126,104
E00036757,251,129,122
E00036760,317,160,157
E00036768,276,153,123
E00036732,303,136,167
E00036759,292,151,141
E00036766,211,114,97
E00036767,286,149,137
E00036731,208,115,93
E00036754,309,171,138
E00036755,295,154,141
E00036756,218,120,98
E00036758,266,154,112
E00037024,301,163,138
E00037025,359,189,170
E00037026,255,128,127
E00037030,194,95,99
E00168423,382,191,191
E00037028,361,203,158
E00037031,296,156,140
E00037032,258,149,109
E00037033,293,151,142
E00037034,348,176,172
E00036440,243,128,115
E00036454,356,194,162
E00036456,254,128,126
E00036458,178,102,76
E00036459,308,180,128
E00036462,247,135,112
E00036441,261,132,129
E00036443,351,185,166
E00036455,222,122,100
E00036457,241,131,110
E00036461,280,142,138
E00036464,275,135,140
E00036442,149,90,59
E00036444,334,162,172
E00036460,300,149,151
E00036463,267,153,114
E00036465,282,146,136
E00036466,255,128,127
E00036785,258,138,120
E00036786,355,194,161
E00036791,280,151,129
E00036826,246,125,121
E00036828,311,161,150
E00036933,231,122,109
E00036934,255,138,117
E00036935,274,152,122
E00036936,263,140,123
E00036937,303,164,139
E00036339,370,168,202
E00036345,363,173,190
E00036347,299,146,153
E00036354,382,190,192
E00036358,307,174,133
E00036383,253,133,120
E00036958,437,220,217
E00036967,491,211,280
E00036968,422,215,207
E00036971,302,147,155
E00036972,310,153,157
E00036951,393,221,172
E00036952,315,150,165
E00036954,407,206,201
E00036957,292,160,132
E00036961,201,106,95
E00036943,343,147,196
E00036945,405,211,194
E00036970,525,261,264
E00168419,418,217,201
E00036942,329,183,146
E00036956,259,142,117
E00036962,268,133,135
E00036963,247,118,129
E00036964,281,147,134
E00036965,318,167,151
E00036781,305,163,142
E00036787,272,155,117
E00036790,254,131,123
E00036799,264,131,133
E00036800,305,166,139
E00036783,298,156,142
E00036794,307,171,136
E00036795,287,147,140
E00036796,311,159,152
E00036806,360,185,175
E00036802,256,133,123
E00036804,312,157,155
E00036805,268,138,130
E00036808,281,136,145
E00036809,380,177,203
E00036886,337,181,156
E00036894,337,179,158
E00036931,413,212,201
E00036932,254,122,132
E00036895,310,149,161
E00036899,260,128,132
E00036907,320,164,156
E00036938,339,167,172
E00036338,321,162,159
E00036348,281,146,135
E00036352,317,167,150
E00036357,288,140,148
E00036382,318,156,162
E00036349,409,214,195
E00036378,274,150,124
E00036379,450,235,215
E00036380,286,150,136
E00036381,281,142,139
E00036340,411,214,197
E00036344,302,156,146
E00036346,301,146,155
E00036356,326,165,161
E00036363,296,129,167
E00036343,276,139,137
E00036350,351,181,170
E00036351,338,173,165
E00036353,267,156,111
E00036355,311,173,138
E00036341,324,160,164
E00036359,287,157,130
E00036360,295,144,151
E00036361,428,210,218
E00036362,254,123,131
E00036737,190,97,93
E00036761,363,173,190
E00036762,303,158,145
E00036763,307,152,155
E00036769,323,155,168
E00036738,242,123,119
E00036764,290,137,153
E00036765,243,127,116
E00036770,272,141,131
E00036776,320,168,152
E00036739,529,267,262
E00036740,300,167,133
E00036742,289,148,141
E00036775,255,129,126
E00036777,216,110,106
E00036735,388,187,201
E00036736,257,129,128
E00036741,280,151,129
E00036773,262,134,128
E00036779,429,216,213
E00036010,269,137,132
E00036017,313,164,149
E00036020,352,194,158
E00036023,286,133,153
E00036025,335,168,167
E00036146,345,182,163
E00036172,233,114,119
E00036174,268,128,140
E00036178,317,173,144
E00036181,334,168,166
E00036184,259,133,126
E00036173,308,158,150
E00036175,340,174,166
E00036176,254,130,124
E00036177,389,200,189
E00036182,315,157,158
E00036141,251,142,109
E00036179,279,148,131
E00036185,320,173,147
E00036186,250,139,111
E00036189,273,149,124
E00036190,239,127,112
E00036946,353,193,160
E00036969,301,135,166
E00036973,366,186,180
E00036974,264,142,122
E00036975,344,167,177
E00036039,307,153,154
E00036041,253,123,130
E00036042,352,179,173
E00036043,291,161,130
E00036046,266,132,134
E00036012,388,196,192
E00036015,297,158,139
E00036044,292,150,142
E00036050,201,84,117
E00036053,336,167,169
E00036040,333,166,167
E00036045,306,163,143
E00036049,227,131,96
E00036051,150,68,82
E00036054,290,150,140
E00036013,302,163,139
E00036047,295,147,148
E00036048,282,149,133
E00036052,295,159,136
E00036055,309,152,157
E00036014,291,150,141
E00036019,348,186,162
E00036021,271,136,135
E00036022,312,148,164
E00036024,247,123,124
E00036887,336,164,172
E00036896,235,120,115
E00036897,290,155,135
E00036898,277,140,137
E00036900,302,146,156
E00036904,253,144,109
E00036889,218,109,109
E00036893,303,154,149
E00036901,235,117,118
E00036902,287,144,143
E00036906,288,161,127
E00036910,301,155,146
E00036909,292,157,135
E00036912,314,166,148
E00036915,289,145,144
E00036919,274,150,124
E00036920,278,145,133
E00036891,303,149,154
E00036911,294,167,127
E00036913,251,131,120
E00036914,227,123,104
E00036916,239,124,115
E00036917,265,145,120
E00036918,256,139,117
E00036389,283,139,144
E00036406,254,128,126
E00036407,236,121,115
E00036408,236,121,115
E00036409,243,131,112
E00036743,171,85,86
E00036744,183,81,102
E00036748,302,166,136
E00036749,282,140,142
E00036750,294,145,149
E00036751,286,146,140
E00036730,285,156,129
E00036745,304,164,140
E00036746,187,104,83
E00036747,245,135,110
E00036752,247,137,110
E00036753,270,150,120
E00036922,259,136,123
E00036924,303,162,141
E00036925,279,144,135
E00036928,335,171,164
E00036930,399,199,200
E00036888,296,149,147
E00036890,321,159,162
E00036903,237,118,119
E00036905,276,140,136
E00036908,321,155,166
E00036011,306,147,159
E00036016,175,87,88
E00036018,321,159,162
E00036028,233,125,108
E00036029,271,142,129
E00036034,291,148,143
E00036026,282,155,127
E00036027,341,184,157
E00036030,308,155,153
E00036031,357,172,185
E00036032,346,168,178
E00036033,279,156,123
E00036035,306,175,131
E00036036,285,157,128
E00036037,328,162,166
E00036038,288,155,133
E00036221,288,156,132
E00036223,283,150,133
E00036225,276,149,127
E00036226,385,196,189
E00036227,296,166,130
E00036232,288,147,141
E00036234,309,157,152
E00036236,331,163,168
E00036237,256,134,122
E00036238,303,162,141
E00036148,425,230,195
E00036149,249,131,118
E00036156,317,164,153
E00036157,274,151,123
E00185146,324,164,160
E00185174,312,162,150
E00036142,358,185,173
E00036150,359,178,181
E00036152,371,179,192
E00036155,274,131,143
E00185158,129,72,57
E00185164,481,241,240
E00036200,279,148,131
E00036220,189,97,92
E00036222,163,86,77
E00036224,287,145,142
E00036230,318,163,155
E00036235,354,189,165
E00036199,328,180,148
E00036228,278,150,128
E00036229,279,146,133
E00036231,345,183,162
E00036233,256,145,111
E00036147,267,134,133
E00036180,288,143,145
E00036183,264,142,122
E00036187,280,151,129
E00036188,305,157,148
E00185151,280,143,137
E00185168,175,92,83
E00185172,447,224,223
E00185177,461,235,226
E00036391,356,186,170
E00036417,283,142,141
E00036420,323,193,130
E00036430,234,127,107
E00036435,331,179,152
E00036413,319,179,140
E00036415,322,164,158
E00036418,257,133,124
E00036425,280,148,132
E00036426,275,150,125
E00036419,260,136,124
E00036421,311,161,150
E00036422,332,186,146
E00036429,367,193,174
E00036431,325,170,155
E00036388,321,160,161
E00036410,174,93,81
E00036411,227,123,104
E00036412,276,140,136
E00036414,316,173,143
E00036892,337,178,159
E00036921,272,139,133
E00036923,300,164,136
E00036926,213,118,95
E00036927,242,130,112
E00036929,274,150,124
E00036194,340,181,159
E00036198,307,154,153
E00036204,330,167,163
E00036243,323,172,151
E00036192,316,164,152
E00036195,320,163,157
E00036239,305,160,145
E00036241,241,124,117
E00036191,286,147,139
E00036193,345,173,172
E00036240,257,142,115
E00036242,268,141,127
E00036244,291,139,152
E00036196,300,153,147
E00036197,261,147,114
E00036201,260,140,120
E00036202,284,144,140
E00036203,300,151,149
E00036205,301,147,154
E00036206,279,138,141
E00036208,355,179,176
E00036210,390,184,206
E00036212,319,159,160
E00036143,331,149,182
E00036158,362,181,181
E00036159,250,130,120
E00036162,317,157,160
E00036166,304,150,154
E00036144,273,139,134
E00036145,282,172,110
E00036167,292,162,130
E00036168,285,142,143
E00036170,264,137,127
E00036171,246,122,124
E00036160,318,157,161
E00036161,218,127,91
E00036163,320,170,150
E00036164,315,159,156
E00036165,181,100,81
E00036169,294,154,140
E00036292,398,202,196
E00036317,305,160,145
E00036318,302,153,149
E00036319,355,188,167
E00036323,270,135,135
E00036397,352,180,172
E00036423,323,165,158
E00036424,326,174,152
E00036428,229,123,106
E00036437,256,132,124
E00036390,327,163,164
E00036392,321,160,161
E00036394,301,158,143
E00036396,250,134,116
E00036436,255,131,124
E00036393,312,162,150
E00036416,296,145,151
E00036427,306,154,152
E00036432,234,126,108
E00036434,326,165,161
E00036395,306,149,157
E00036398,359,190,169
E00036399,299,151,148
E00036401,295,153,142
E00036433,286,151,135
E00036384,303,160,143
E00036385,291,147,144
E00036400,269,140,129
E00036402,294,146,148
E00036403,359,190,169
E00036386,322,156,166
E00036387,323,166,157
E00036404,370,186,184
E00036405,348,171,177
E00036207,281,148,133
E00036209,312,164,148
E00036213,284,145,139
E00036215,258,130,128
E00036216,325,170,155
E00036211,264,142,122
E00036214,284,147,137
E00036217,293,151,142
E00036218,275,139,136
E00036219,224,112,112
E00036298,338,172,166
E00036299,283,140,143
E00036301,300,161,139
E00036302,283,143,140
E00036293,330,158,172
E00036294,333,168,165
E00036321,310,160,150
E00036322,270,142,128
E00036325,298,148,150
E00036296,314,159,155
E00036324,287,151,136
E00036326,249,152,97
E00036327,260,132,128
E00036329,311,167,144
E00036297,317,159,158
E00036331,341,170,171
E00036332,243,110,133
E00036335,283,148,135
E00185153,364,180,184
E00185169,284,144,140
E00036300,265,143,122
E00036304,324,174,150
E00036308,267,141,126
E00036330,272,144,128
E00036333,257,131,126
E00036295,286,145,141
E00036328,408,203,205
E00036334,312,150,162
E00036336,245,130,115
E00036337,312,160,152
E00036306,285,153,132
E00036312,273,141,132
E00036313,307,158,149
E00036314,293,148,145
E00036315,236,129,107
E00036316,269,149,120
E00036303,263,133,130
E00036305,277,142,135
E00036307,287,146,141
E00036309,295,159,136
E00036310,296,166,130
E00036311,271,143,128
E00064454,370,178,192
E00064455,410,221,189
E00064456,267,153,114
E00064457,390,207,183
E00064480,293,164,129
E00064481,292,158,134
E00064500,108,35,73
E00064503,244,132,112
E00064504,360,187,173
E00064496,324,163,161
E00064498,262,134,128
E00064502,325,166,159
E00170762,318,152,166
E00064479,307,152,155
E00064482,305,157,148
E00064484,242,134,108
E00064505,279,151,128
E00064507,325,178,147
E00064483,310,165,145
E00064497,284,154,130
E00064499,289,154,135
E00064501,258,131,127
E00064506,290,147,143
E00064485,330,182,148
E00064486,359,185,174
E00064489,289,152,137
E00064492,297,149,148
E00064974,595,290,305
E00064977,361,188,173
E00170748,474,250,224
E00189213,258,124,134
E00064961,484,249,235
E00064962,386,195,191
E00064964,233,129,104
E00064967,310,170,140
E00064969,294,167,127
E00064965,348,171,177
E00064971,409,218,191
E00064973,451,226,225
E00064975,399,209,190
E00064939,336,179,157
E00064945,303,156,147
E00064947,274,150,124
E00064976,514,252,262
E00064978,362,185,177
E00064942,353,186,167
E00064948,292,152,140
E00170750,475,268,207
E00189214,316,173,143
E00064465,380,207,173
E00064466,414,213,201
E00064467,258,140,118
E00064468,391,212,179
E00064453,394,203,191
E00064458,110,23,87
E00064459,441,232,209
E00064460,372,192,180
E00064462,375,196,179
E00064463,251,137,114
E00064464,276,166,110
E00170751,414,211,203
E00170752,284,149,135
E00170781,386,181,205
E00064487,231,120,111
E00064488,299,165,134
E00064490,280,146,134
E00064491,294,135,159
E00064493,220,118,102
E00065119,385,205,180
E00065121,266,150,116
E00065125,264,136,128
E00065126,385,206,179
E00065128,330,173,157
E00065100,308,154,154
E00065101,268,142,126
E00065129,195,108,87
E00065130,281,141,140
E00064377,293,151,142
E00064379,307,167,140
E00064384,260,136,124
E00064385,280,139,141
E00064386,268,138,130
E00064387,243,121,122
E00064388,279,152,127
E00064389,281,137,144
E00064391,305,152,153
E00064378,308,165,143
E00064380,245,125,120
E00064383,249,142,107
E00064401,246,126,120
E00064403,250,127,123
E00064381,265,129,136
E00064382,272,137,135
E00064402,243,125,118
E00064404,293,145,148
E00064405,217,103,114
E00064719,271,145,126
E00064721,274,135,139
E00064722,220,113,107
E00064726,283,154,129
E00189252,265,134,131
E00189259,290,146,144
E00189293,257,126,131
E00064717,346,184,162
E00064718,230,109,121
E00064720,314,162,152
E00064723,246,125,121
E00064724,259,136,123
E00065098,248,137,111
E00065116,429,224,205
E00065120,360,187,173
E00065124,297,158,139
E00065133,277,144,133
E00065134,280,136,144
E00065135,294,154,140
E00065137,357,167,190
E00065108,541,283,258
E00065109,266,138,128
E00065111,331,165,166
E00065112,243,125,118
E00065136,294,145,149
E00064665,306,146,160
E00064683,287,144,143
E00064684,249,137,112
E00064686,336,174,162
E00064687,326,158,168
E00065115,286,158,128
E00065118,322,170,152
E00065127,302,146,156
E00189218,331,171,160
E00065107,251,134,117
E00065114,232,116,116
E00065123,243,124,119
E00065132,325,161,164
E00189249,169,95,74
E00189269,294,152,142
E00065103,327,161,166
E00065104,395,194,201
E00065105,230,119,111
E00065131,227,122,105
E00065102,301,156,145
E00065106,250,130,120
E00065110,260,125,135
E00065113,297,157,140
E00064953,317,172,145
E00064954,312,173,139
E00064956,271,142,129
E00064957,334,190,144
E00064958,303,172,131
E00064950,261,149,112
E00064951,259,135,124
E00064955,299,151,148
E00064959,355,186,169
E00064960,351,175,176
E00064933,349,172,177
E00064935,323,158,165
E00064937,320,161,159
E00064946,411,220,191
E00064949,335,165,170
E00064936,302,153,149
E00064938,325,165,160
E00064941,356,181,175
E00064943,297,158,139
E00064952,258,133,125
E00065138,289,146,143
E00065139,356,195,161
E00065141,280,140,140
E00065165,272,141,131
E00065166,314,147,167
E00065140,311,164,147
E00065142,231,133,98
E00065147,298,160,138
E00065149,220,119,101
E00065151,337,164,173
E00065164,423,212,211
E00065144,291,143,148
E00065145,318,162,156
E00065148,289,149,140
E00065154,465,211,254
E00065155,374,186,188
E00064739,398,215,183
E00064740,317,172,145
E00064741,326,190,136
E00064745,322,179,143
E00064747,254,136,118
E00064728,284,148,136
E00064737,264,134,130
E00064738,247,122,125
E00064742,266,142,124
E00064746,310,169,141
E00064749,312,160,152
E00064750,270,138,132
E00064751,160,65,95
E00064756,130,54,76
E00064758,286,134,152
E00064729,296,143,153
E00064731,317,162,155
E00064760,341,175,166
E00064763,385,210,175
E00064732,344,185,159
E00064733,274,152,122
E00064734,310,158,152
E00064735,284,156,128
E00064765,305,147,158
E00064690,454,259,195
E00064699,296,153,143
E00064702,270,139,131
E00170776,412,201,211
E00170777,538,249,289
E00064670,329,167,162
E00064673,325,156,169
E00064695,315,171,144
E00064701,299,148,151
E00064705,212,114,98
E00064727,384,184,200
E00064730,402,211,191
E00064736,313,158,155
E00064743,316,166,150
E00064744,322,177,145
E00064748,167,78,89
E00064752,239,131,108
E00064753,281,156,125
E00064754,304,162,142
E00064755,315,157,158
E00064757,310,173,137
E00064759,293,161,132
E00064761,404,234,170
E00064762,359,193,166
E00064764,278,152,126
E00064766,339,179,160
E00064681,344,178,166
E00064682,120,58,62
E00064685,279,141,138
E00064688,108,52,56
E00189228,344,179,165
E00189243,346,193,153
E00189271,314,177,137
E00064671,317,174,143
E00064672,120,57,63
E00064674,294,144,150
E00064675,328,178,150
E00064704,260,130,130
E00064707,248,129,119
E00064666,325,182,143
E00064676,276,147,129
E00064677,189,92,97
E00064678,275,145,130
E00064679,237,123,114
E00064680,189,81,108
E00064669,224,113,111
E00064691,280,151,129
E00064696,225,127,98
E00064697,300,152,148
E00064700,206,110,96
E00064703,257,135,122
E00064706,289,143,146
E00064708,273,140,133
E00189204,424,214,210
E00064390,234,120,114
E00064392,286,141,145
E00064393,300,144,156
E00064394,320,158,162
E00064395,256,135,121
E00064396,226,111,115
E00064397,269,140,129
E00064398,319,152,167
E00064399,353,155,198
E00064400,348,160,188
E00065162,522,251,271
E00189224,994,531,463
E00189225,607,295,312
E00189226,354,194,160
E00189316,814,399,415
E00065143,579,382,197
E00065146,249,130,119
E00065150,146,70,76
E00065157,276,133,143
E00189234,372,192,180
E00189235,282,141,141
E00064634,343,166,177
E00064637,295,140,155
E00064639,378,180,198
E00064642,314,159,155
E00064629,272,138,134
E00064632,226,108,118
E00064659,362,171,191
E00064661,512,255,257
E00064663,299,150,149
E00064628,326,173,153
E00064630,308,152,156
E00064638,275,142,133
E00064662,269,131,138
E00064664,311,165,146
E00064627,486,246,240
E00064631,196,95,101
E00064633,240,112,128
E00064635,291,143,148
E00064636,275,157,118
E00064641,302,154,148
E00064646,319,162,157
E00064647,307,158,149
E00064648,293,138,155
E00064518,314,163,151
E00064522,339,164,175
E00064523,354,183,171
E00064525,318,166,152
E00064532,284,148,136
E00064509,331,161,170
E00064526,307,161,146
E00064528,258,129,129
E00064530,265,146,119
E00064531,338,166,172
E00064515,300,150,150
E00064516,269,144,125
E00064521,350,179,171
E00064524,121,83,38
E00064529,367,178,189
E00064510,307,147,160
E00064511,295,138,157
E00064514,308,143,165
E00064519,251,128,123
E00064527,305,150,155
E00065152,320,166,154
E00065153,343,164,179
E00065158,557,274,283
E00065159,371,180,191
E00065161,393,196,197
E00064334,291,142,149
E00064352,262,119,143
E00064353,204,110,94
E00064354,375,178,197
E00064361,334,121,213
E00064364,243,129,114
E00064904,322,134,188
E00064906,334,134,200
E00064922,241,93,148
E00064923,314,148,166
E00064930,489,224,265
E00064902,399,167,232
E00064924,357,159,198
E00064927,324,148,176
E00064929,288,130,158
E00064931,237,104,133
E00064901,363,152,211
E00064907,386,168,218
E00064912,359,156,203
E00064918,276,122,154
E00064926,280,138,142
E00064908,284,100,184
E00064909,328,129,199
E00064913,242,121,121
E00064915,332,131,201
E00064916,292,143,149
E00064616,253,117,136
E00064617,303,146,157
E00064620,402,200,202
E00064621,243,120,123
E00064622,268,130,138
E00064623,228,112,116
E00064583,220,96,124
E00064584,273,131,142
E00064585,299,164,135
E00064586,190,106,84
E00064589,226,118,108
E00064594,228,112,116
E00064581,267,135,132
E00064582,245,119,126
E00064587,327,170,157
E00064618,252,124,128
E00064619,265,134,131
E00064640,312,152,160
E00064645,266,129,137
E00064649,265,126,139
E00064653,260,134,126
E00064660,317,162,155
E00064624,251,124,127
E00064651,250,122,128
E00064652,250,126,124
E00064654,307,160,147
E00064658,333,160,173
E00064788,280,153,127
E00064789,348,180,168
E00064794,343,166,177
E00064797,321,177,144
E00064799,282,165,117
E00064767,269,146,123
E00064791,230,131,99
E00064792,150,89,61
E00064796,324,173,151
E00064798,297,166,131
E00064783,353,171,182
E00064784,341,178,163
E00064785,243,131,112
E00064786,336,176,160
E00064787,298,161,137
E00065044,206,120,86
E00065058,248,131,117
E00065060,444,242,202
E00065061,403,218,185
E00065062,134,85,49
E00065064,256,131,125
E00065050,442,248,194
E00065063,282,167,115
E00065066,621,315,306
E00189215,324,171,153
E00189216,162,85,77
E00189217,460,256,204
E00064357,407,203,204
E00064362,344,169,175
E00064367,230,101,129
E00064371,303,139,164
E00064372,264,116,148
E00064355,223,92,131
E00064356,333,174,159
E00064359,241,132,109
E00064360,261,129,132
E00064363,298,152,146
E00064333,280,134,146
E00064337,275,124,151
E00064358,232,115,117
E00064368,225,99,126
E00064369,406,189,217
E00064370,302,133,169
E00064899,315,160,155
E00064910,301,158,143
E00064914,293,146,147
E00064917,413,204,209
E00064919,333,175,158
E00064903,340,158,182
E00064911,245,126,119
E00064925,493,159,334
E00064928,305,143,162
E00064932,330,149,181
E00064410,375,200,175
E00064411,349,176,173
E00064441,247,120,127
E00064442,219,107,112
E00064443,311,176,135
E00064508,479,243,236
E00064512,361,191,170
E00064513,188,98,90
E00064517,279,148,131
E00064520,333,170,163
E00064533,374,201,173
E00064535,243,130,113
E00064536,327,169,158
E00064537,215,114,101
E00064573,265,143,122
E00064574,254,135,119
E00064534,290,155,135
E00064538,271,131,140
E00064541,180,96,84
E00064544,274,126,148
E00064546,242,125,117
E00064575,170,100,70
E00064576,250,137,113
E00064539,374,185,189
E00064540,195,110,85
E00064543,301,152,149
E00064548,302,157,145
E00064560,236,123,113
E00064643,329,178,151
E00064644,399,197,202
E00064655,309,170,139
E00064656,416,207,209
E00064772,209,92,117
E00064776,328,144,184
E00064780,441,227,214
E00170746,98,31,67
E00170747,805,28,777
E00065048,449,222,227
E00065049,499,257,242
E00065056,281,152,129
E00065070,318,170,148
E00189309,151,73,78
E00189313,477,231,246
E00065057,335,167,168
E00065059,279,139,140
E00065065,284,142,142
E00065069,291,141,150
E00170771,309,156,153
E00170773,221,105,116
E00170775,253,127,126
E00065076,258,128,130
E00065077,306,153,153
E00065078,310,155,155
E00065083,246,126,120
E00065087,378,212,166
E00064769,308,150,158
E00064793,347,178,169
E00064795,316,161,155
E00064800,263,135,128
E00064802,274,146,128
E00064768,395,208,187
E00064773,276,136,140
E00064790,287,164,123
E00064805,254,131,123
E00064806,427,220,207
E00064771,305,164,141
E00064774,316,163,153
E00064803,308,159,149
E00064807,299,152,147
E00064809,312,156,156
E00064770,305,144,161
E00064778,284,141,143
E00064801,273,149,124
E00064804,316,173,143
E00064808,175,93,82
E00064775,318,160,158
E00064777,338,187,151
E00064779,337,178,159
E00064781,304,152,152
E00064625,334,174,160
E00064626,366,186,180
E00064650,388,193,195
E00064657,231,112,119
E00065074,226,112,114
E00065086,302,152,150
E00065089,346,165,181
E00065091,277,145,132
E00065092,272,148,124
E00065071,213,98,115
E00065075,254,140,114
E00065094,281,146,135
E00065095,337,175,162
E00065096,267,135,132
E00065097,209,105,104
E00065079,316,152,164
E00065080,361,185,176
E00065081,256,139,117
E00065082,300,155,145
E00065084,314,156,158
E00065072,226,104,122
E00065073,282,147,135
E00065085,311,157,154
E00065088,246,134,112
E00065090,300,143,157
E00065093,307,167,140
E00064567,241,131,110
E00064568,246,132,114
E00064569,246,123,123
E00064570,256,129,127
E00064572,254,125,129
E00064547,288,156,132
E00064549,213,114,99
E00064551,246,130,116
E00064553,213,101,112
E00064557,252,124,128
E00064542,201,100,101
E00064545,219,113,106
E00064550,268,127,141
E00064552,287,150,137
E00064554,194,90,104
E00064556,263,123,140
E00064561,269,135,134
E00064562,265,138,127
E00064565,252,132,120
E00064566,288,138,150
E00064571,261,138,123
E00064555,233,123,110
E00064558,275,138,137
E00064559,259,132,127
E00064563,265,142,123
E00064564,332,170,162
E00064811,259,112,147
E00064838,254,105,149
E00064839,307,133,174
E00064842,254,110,144
E00064844,294,145,149
E00064845,299,138,161
E00064840,360,157,203
E00064848,268,129,139
E00064849,268,107,161
E00064854,244,121,123
E00064855,239,117,122
E00064856,274,152,122
E00064810,341,158,183
E00064814,305,138,167
E00064828,321,154,167
E00064832,263,119,144
E00064834,270,128,142
E00064846,243,123,120
E00064830,307,136,171
E00064831,167,63,104
E00064833,348,168,180
E00064835,312,152,160
E00064836,360,174,186
E00064837,258,126,132
E00064900,289,151,138
E00064920,317,150,167
E00064921,300,144,156
E00170741,292,145,147
E00170742,243,98,145
E00170743,297,148,149
E00064336,253,127,126
E00064365,332,156,176
E00064366,285,153,132
E00064373,281,137,144
E00064374,301,149,152
E00064340,272,134,138
E00064342,239,118,121
E00064349,328,160,168
E00064375,275,144,131
E00064376,255,123,132
E00064338,221,116,105
E00064343,240,137,103
E00064345,278,148,130
E00064347,269,149,120
E00064348,277,136,141
E00064351,349,177,172
E00064335,272,136,136
E00064339,274,124,150
E00064341,194,99,95
E00064344,252,111,141
E00064346,181,91,90
E00064350,259,124,135
E00064861,235,118,117
E00064868,251,128,123
E00064870,345,184,161
E00064871,276,131,145
E00064878,266,137,129
E00064577,272,135,137
E00064596,257,125,132
E00064597,335,155,180
E00064600,280,126,154
E00064601,241,120,121
E00064588,281,142,139
E00064590,229,111,118
E00064592,240,121,119
E00064593,286,131,155
E00064595,266,137,129
E00064598,191,100,91
E00064599,201,109,92
E00064591,254,115,139
E00064602,362,164,198
E00064603,350,164,186
E00064606,228,103,125
E00064608,252,117,135
E00064609,325,149,176
E00064579,452,226,226
E00064604,188,111,77
E00064605,288,152,136
E00064607,215,106,109
E00064610,422,199,223
E00064611,279,142,137
E00064578,328,149,179
E00064580,269,142,127
E00064612,230,87,143
E00064613,296,148,148
E00064614,154,55,99
E00064615,298,143,155
E00064407,234,117,117
E00064408,243,111,132
E00064413,292,146,146
E00064444,318,155,163
E00064445,228,127,101
E00064448,257,137,120
E00064415,282,142,140
E00064417,271,140,131
E00064418,287,153,134
E00064422,319,171,148
E00064423,277,142,135
E00064869,292,158,134
E00064872,203,94,109
E00064873,289,138,151
E00064876,422,231,191
E00189248,308,159,149
E00189254,373,176,197
E00189268,109,54,55
E00189298,410,207,203
E00064874,376,181,195
E00064875,299,149,150
E00064879,353,162,191
E00064880,309,131,178
E00064883,415,183,232
E00064882,281,145,136
E00064885,351,157,194
E00064887,282,122,160
E00064889,232,108,124
E00064892,167,72,95
E00064424,334,171,163
E00064432,281,146,135
E00064433,291,143,148
E00064434,327,161,166
E00064435,274,135,139
E00064406,306,163,143
E00064430,383,192,191
E00064431,301,156,145
E00064438,307,163,144
E00064440,219,117,102
E00064419,371,164,207
E00064425,296,150,146
E00064429,340,177,163
E00064436,302,154,148
E00064437,248,121,127
E00064409,358,186,172
E00064412,298,157,141
E00064414,419,216,203
E00064446,299,153,146
E00064447,247,129,118
E00064416,133,56,77
E00064420,230,115,115
E00064421,290,158,132
E00064426,341,182,159
E00064427,123,68,55
E00064428,294,152,142
E00064439,135,77,58
E00064816,230,90,140
E00064818,177,71,106
E00064820,455,223,232
E00064822,460,195,265
E00064823,266,107,159
E00064826,278,118,160
E00064860,292,146,146
E00064813,574,256,318
E00064817,274,102,172
E00064819,431,221,210
E00064825,372,188,184
E00064827,286,139,147
E00064859,178,63,115
E00064815,250,104,146
E00064824,254,91,163
E00170744,278,108,170
E00170745,200,66,134
E00189227,206,99,107
E00189317,230,83,147
E00064829,233,94,139
E00064850,303,143,160
E00064853,186,64,122
E00170764,287,101,186
E00189200,268,106,162
E00189223,206,85,121
E00064841,306,142,164
E00189199,143,59,84
E00189206,226,99,127
E00189207,258,88,170
E00189279,216,90,126
E00064812,346,155,191
E00064821,341,117,224
E00064858,268,118,150
E00189239,192,77,115
E00189244,205,95,110
E00064881,318,136,182
E00064884,370,193,177
E00064886,311,143,168
E00064891,318,151,167
E00064893,267,130,137
E00065036,320,167,153
E00065037,318,157,161
E00065038,274,142,132
E00065039,319,171,148
E00065040,395,161,234
E00065022,440,206,234
E00065026,380,194,186
E00065031,567,307,260
E00065034,400,180,220
E00065042,554,240,314
E00065023,306,153,153
E00065025,476,219,257
E00065027,371,167,204
E00065029,459,208,251
E00065043,426,216,210
E00065020,371,208,163
E00065021,254,135,119
E00065024,374,215,159
E00065028,327,153,174
E00065032,284,156,128
E00064862,355,174,181
E00064864,587,306,281
E00064867,501,267,234
E00189260,395,186,209
E00189261,408,189,219
E00064866,502,243,259
E00064894,405,222,183
E00189238,313,146,167
E00189250,378,188,190
E00189266,292,149,143
E00189304,309,164,145
E00189314,289,127,162
E00064981,297,147,150
E00064983,205,109,96
E00064984,418,213,205
E00064985,345,165,180
E00065013,293,156,137
E00064990,307,163,144
E00065006,416,207,209
E00065010,319,143,176
E00065014,249,123,126
E00065016,312,152,160
E00064895,164,80,84
E00065030,335,164,171
E00189257,270,135,135
E00189270,173,91,82
E00189273,319,157,162
E00189277,367,190,177
E00065019,404,205,199
E00065033,235,116,119
E00065035,276,145,131
E00065041,300,135,165
E00064979,319,161,158
E00064992,303,156,147
E00064996,339,175,164
E00065000,294,143,151
E00065009,286,138,148
E00064980,257,136,121
E00064989,234,131,103
E00064993,156,86,70
E00064995,228,125,103
E00065007,342,179,163
E00065012,229,120,109
E00064991,250,128,122
E00064994,261,138,123
E00064997,340,175,165
E00064998,225,110,115
E00064999,266,146,120
E00065015,216,104,112
E00065017,276,137,139
E00064986,257,130,127
E00064987,318,167,151
E00064988,214,109,105
E00065008,316,161,155
E00065011,286,142,144
E00065018,158,66,92
E00064982,294,156,138
E00065002,332,170,162
E00065003,299,159,140
E00065004,278,155,123
E00065005,272,136,136
E00165822,369,200,169
E00064469,291,175,116
E00064470,247,125,122
E00064471,184,95,89
E00064472,313,181,132
E00064473,293,157,136
E00064449,350,185,165
E00064451,447,234,213
E00064452,393,188,205
E00064475,339,175,164
E00064476,343,181,162
E00064450,378,197,181
E00064474,227,111,116
E00064477,402,213,189
E00064478,284,145,139
E00064712,291,141,150
E00189198,505,267,238
E00189205,280,152,128
E00189230,206,107,99
E00189288,260,131,129
E00189302,257,137,120
E00064713,318,152,166
E00064715,443,233,210
E00170763,347,175,172
E00189196,522,263,259
E00189197,104,51,53
E00189305,351,174,177
E00170753,327,161,166
E00170754,274,133,141
E00170757,440,216,224
E00170766,246,116,130
E00170778,267,136,131
E00170760,357,179,178
E00170761,240,119,121
E00170768,379,184,195
E00170772,346,173,173
E00189231,327,161,166
E00189272,320,154,166
E00189275,282,139,143
E00189276,335,176,159
E00189280,300,152,148
E00189283,323,163,160
E00189284,333,174,159
E00189285,319,164,155
E00170758,439,217,222
E00189264,249,119,130
E00189274,365,165,200
E00189301,288,150,138
E00170756,374,193,181
E00189267,364,186,178
E00189278,369,177,192
E00189287,379,187,192
E00189295,313,159,154
E00065212,235,124,111
E00065213,357,185,172
E00065214,142,71,71
E00065215,292,149,143
E00065216,242,125,117
E00065218,276,151,125
E00065235,484,249,235
E00065236,272,144,128
E00065239,172,87,85
E00065242,285,139,146
E00065257,319,160,159
E00065269,286,148,138
E00065271,242,129,113
E00065273,204,110,94
E00175363,290,151,139
E00175365,253,128,125
E00175369,262,140,122
E00065259,452,236,216
E00065275,181,94,87
E00065278,208,112,96
E00065282,391,194,197
E00065285,193,98,95
E00065290,148,73,75
E00065280,284,141,143
E00065283,187,99,88
E00065284,225,121,104
E00065286,245,132,113
E00065289,224,117,107
E00065292,188,104,84
E00065274,206,108,98
E00175337,236,121,115
E00175367,232,113,119
E00185507,313,180,133
E00185519,159,83,76
E00185538,329,169,160
E00065276,254,145,109
E00065287,179,86,93
E00174850,223,113,110
E00175335,254,135,119
E00175336,253,130,123
E00065228,331,177,154
E00065231,279,146,133
E00065233,318,155,163
E00065244,318,168,150
E00175340,255,117,138
E00175341,346,178,168
E00065217,254,131,123
E00065220,261,138,123
E00065227,260,131,129
E00065240,310,170,140
E00065243,269,141,128
E00065262,331,175,156
E00065266,246,137,109
E00065281,246,134,112
E00065293,202,109,93
E00065294,297,147,150
E00065249,217,118,99
E00065250,284,148,136
E00065251,268,135,133
E00065252,232,125,107
E00065253,262,133,129
E00065254,245,122,123
E00065255,375,193,182
E00065256,228,119,109
E00065260,278,153,125
E00065272,180,93,87
E00065277,189,92,97
E00065279,156,80,76
E00065288,204,112,92
E00065291,191,98,93
E00065219,298,164,134
E00065230,355,195,160
E00065237,295,150,145
E00065238,304,151,153
E00065247,195,104,91
E00065248,248,125,123
E00065221,264,142,122
E00065222,275,136,139
E00065226,225,117,108
E00065241,297,165,132
E00065245,207,123,84
E00065246,281,136,145
E00065224,263,123,140
E00065225,280,140,140
E00065229,323,175,148
E00065232,375,206,169
E00065234,408,191,217
E00065295,198,102,96
E00065306,259,137,122
E00065310,254,134,120
E00065313,272,147,125
E00065323,306,171,135
E00065341,280,129,151
E00065301,231,123,108
E00065328,351,196,155
E00065343,274,152,122
E00065344,290,142,148
E00065345,183,107,76
E00065263,257,141,116
E00065264,314,168,146
E00065265,236,121,115
E00065267,271,141,130
E00065268,143,59,84
E00065298,357,189,168
E00065331,325,165,160
E00065334,316,141,175
E00065336,429,218,211
E00065339,268,142,126
E00065297,374,175,199
E00065305,208,103,105
E00065327,291,147,144
E00065330,302,141,161
E00065332,319,163,156
E00065296,277,138,139
E00065325,306,153,153
E00065326,299,167,132
E00065329,325,151,174
E00065333,291,144,147
E00065335,264,118,146
E00065337,314,163,151
E00065338,271,123,148
E00065340,304,153,151
E00065342,274,113,161
E00065299,300,163,137
E00065307,278,147,131
E00065308,323,160,163
E00065311,281,148,133
E00065316,231,113,118
E00065300,292,128,164
E00065302,318,157,161
E00065303,224,114,110
E00065304,288,131,157
E00065315,227,105,122
E00065312,248,120,128
E00065314,274,140,134
E00065318,212,118,94
E00065321,275,143,132
E00065322,196,111,85
E00065309,273,143,130
E00065317,250,130,120
E00065319,297,163,134
E00065320,245,125,120
E00065324,250,123,127
E00065511,460,229,231
E00065538,426,208,218
E00065542,210,107,103
E00065545,317,157,160
E00065523,343,174,169
E00065524,335,184,151
E00065525,265,143,122
E00065526,128,66,62
E00065527,513,270,243
E00065500,274,135,139
E00065509,222,127,95
E00065510,244,121,123
E00065512,356,185,171
E00065514,314,156,158
E00065455,271,152,119
E00065462,301,153,148
E00065475,332,169,163
E00065493,284,146,138
E00065494,487,243,244
E00065452,317,158,159
E00065495,348,166,182
E00065497,166,80,86
E00065498,350,162,188
E00065499,180,98,82
E00065458,305,157,148
E00065460,362,194,168
E00065461,130,73,57
E00065476,213,119,94
E00175351,354,176,178
E00175353,414,207,207
E00065515,329,173,156
E00065516,371,195,176
E00065518,298,152,146
E00065519,286,156,130
E00065521,285,142,143
E00065544,219,109,110
E00066205,330,158,172
E00066210,313,157,156
E00066234,318,150,168
E00066245,190,98,92
E00175358,288,154,134
E00175359,268,144,124
E00065862,315,152,163
E00065900,317,154,163
E00065901,285,146,139
E00065902,396,199,197
E00065907,332,159,173
E00065861,361,175,186
E00065903,322,161,161
E00065904,312,157,155
E00065905,341,186,155
E00065906,315,163,152
E00065889,244,134,110
E00065891,329,175,154
E00065895,490,296,194
E00065896,262,149,113
E00065897,320,161,159
E00185513,216,104,112
E00185534,567,303,264
E00065890,318,161,157
E00065892,375,196,179
E00065893,306,161,145
E00065898,277,153,124
E00065899,289,148,141
E00066198,309,162,147
E00066203,179,86,93
E00066204,415,205,210
E00066241,490,243,247
E00175338,208,103,105
E00175339,789,119,670
E00065502,303,155,148
E00065503,301,151,150
E00065540,349,172,177
E00065541,329,166,163
E00065543,246,131,115
E00065501,488,233,255
E00065513,280,134,146
E00065522,134,66,68
E00065536,417,219,198
E00065537,385,205,180
E00065504,221,115,106
E00065505,248,117,131
E00065506,481,242,239
E00065507,282,145,137
E00065508,351,174,177
E00065823,308,154,154
E00065824,239,118,121
E00065855,391,200,191
E00065856,381,196,185
E00174856,297,148,149
E00175342,624,300,324
E00065869,520,282,238
E00065870,331,167,164
E00065873,247,131,116
E00065875,367,204,163
E00065884,299,158,141
E00065865,471,246,225
E00065866,472,247,225
E00065882,389,193,196
E00065886,222,123,99
E00065888,383,201,182
E00065867,280,156,124
E00065868,485,249,236
E00065871,392,190,202
E00065874,278,141,137
E00065877,303,155,148
E00065878,391,207,184
E00065879,277,143,134
E00065880,251,107,144
E00065881,221,107,114
E00065883,444,231,213
E00065857,293,147,146
E00065858,275,134,141
E00065859,321,154,167
E00065860,316,170,146
E00065864,237,119,118
E00066199,245,126,119
E00066200,125,64,61
E00066211,106,53,53
E00066212,161,83,78
E00066233,222,111,111
E00066235,255,124,131
E00066243,133,67,66
E00066246,222,109,113
E00065863,254,131,123
E00065872,311,156,155
E00065876,237,119,118
E00065885,423,221,202
E00185476,425,242,183
E00185499,336,181,155
E00185505,340,171,169
E00185521,138,61,77
E00185524,399,204,195
E00065845,232,127,105
E00065846,266,140,126
E00065847,295,155,140
E00065849,255,147,108
E00065850,282,157,125
E00065853,273,143,130
E00065825,228,126,102
E00065843,201,100,101
E00065844,251,135,116
E00065848,296,139,157
E00065851,307,156,151
E00065852,255,130,125
E00065827,317,150,167
E00065828,300,148,152
E00065829,251,131,120
E00065830,298,159,139
E00065831,317,149,168
E00065833,180,105,75
E00065834,241,131,110
E00065835,241,125,116
E00065838,372,196,176
E00065840,287,151,136
E00065841,255,134,121
E00065854,329,141,188
E00065826,283,161,122
E00065832,369,192,177
E00065836,367,195,172
E00065837,379,197,182
E00065839,268,142,126
E00065167,354,175,179
E00065192,284,145,139
E00065193,221,109,112
E00065194,356,178,178
E00065195,269,137,132
E00065174,217,99,118
E00065180,415,207,208
E00065190,379,197,182
E00065191,141,67,74
E00185518,669,178,491
E00185564,199,100,99
E00065170,361,200,161
E00065172,369,182,187
E00065173,301,162,139
E00065175,159,81,78
E00065176,118,60,58
E00065171,320,167,153
E00065177,270,137,133
E00065178,270,142,128
E00065179,332,165,167
E00065182,254,127,127
E00065200,306,157,149
E00065201,300,160,140
E00065202,232,120,112
E00065203,193,92,101
E00174851,308,151,157
E00174853,356,175,181
E00065183,438,230,208
E00065184,276,130,146
E00065185,298,151,147
E00065186,311,158,153
E00065187,297,148,149
E00065188,414,207,207
E00065189,312,154,158
E00065754,283,144,139
E00065755,255,138,117
E00065762,136,59,77
E00065763,255,132,123
E00065764,387,182,205
E00065765,380,186,194
E00065743,200,100,100
E00065748,267,136,131
E00065750,111,49,62
E00065751,500,254,246
E00065752,497,240,257
E00065767,220,110,110
E00066221,241,137,104
E00066224,310,157,153
E00066225,267,141,126
E00066240,487,242,245
E00185496,541,275,266
E00185523,150,75,75
E00066207,235,119,116
E00066213,399,197,202
E00066215,346,181,165
E00066236,130,58,72
E00066237,266,133,133
E00185495,119,57,62
E00185527,357,177,180
E00185551,383,197,186
E00066217,467,243,224
E00066220,392,203,189
E00066227,477,226,251
E00185502,339,164,175
E00185529,154,79,75
E00185548,276,137,139
E00066218,329,177,152
E00066219,281,154,127
E00066223,332,171,161
E00066226,365,207,158
E00066228,421,234,187
E00066229,226,120,106
E00066230,287,141,146
E00065910,326,170,156
E00065922,354,198,156
E00065923,348,185,163
E00065924,332,173,159
E00065927,268,136,132
E00065944,290,135,155
E00065945,268,142,126
E00065946,271,145,126
E00065948,218,122,96
E00065949,262,135,127
E00065913,391,210,181
E00065917,296,153,143
E00065918,282,145,137
E00065919,274,148,126
E00065925,320,167,153
E00065908,261,130,131
E00065911,233,125,108
E00065912,274,143,131
E00065926,392,198,194
E00065928,460,228,232
E00065914,189,102,87
E00065916,323,172,151
E00065921,360,188,172
E00185469,364,200,164
E00185475,297,155,142
E00185492,280,147,133
E00185535,352,195,157
E00185560,126,66,60
E00065920,276,151,125
E00065932,264,132,132
E00065934,283,143,140
E00065936,307,166,141
E00065956,308,154,154
E00065793,257,127,130
E00065796,292,149,143
E00065800,278,152,126
E00065819,318,163,155
E00065820,319,160,159
E00065797,320,162,158
E00065817,269,151,118
E00065818,277,144,133
E00065821,296,168,128
E00065822,376,176,200
E00065947,238,122,116
E00065950,259,141,118
E00065951,285,142,143
E00065952,231,127,104
E00065953,288,146,142
E00065954,229,119,110
E00065930,325,182,143
E00065933,230,131,99
E00065955,282,157,125
E00065957,240,124,116
E00065959,174,79,95
E00065960,258,129,129
E00065677,272,140,132
E00065678,294,150,144
E00065679,409,219,190
E00065680,350,180,170
E00065684,386,198,188
E00065719,269,133,136
E00065685,332,163,169
E00065698,296,151,145
E00065701,311,157,154
E00065703,317,167,150
E00065704,404,201,203
E00065718,162,75,87
E00065696,351,181,170
E00065697,434,234,200
E00065699,281,150,131
E00065700,331,159,172
E00065702,444,225,219
E00066197,258,128,130
E00066202,296,150,146
E00066208,152,76,76
E00066209,203,105,98
E00066238,331,162,169
E00066239,219,103,116
E00066196,230,120,110
E00066201,356,180,176
E00066231,517,259,258
E00066232,347,164,183
E00066242,142,75,67
E00065794,255,145,110
E00065795,219,119,100
E00065798,234,123,111
E00065801,206,108,98
E00065808,264,137,127
E00065809,232,133,99
E00065791,277,144,133
E00065799,265,133,132
E00065802,294,148,146
E00065803,247,122,125
E00065804,295,155,140
E00065769,451,253,198
E00065806,274,158,116
E00065813,351,169,182
E00174854,263,134,129
E00175334,318,165,153
E00175368,183,100,83
E00185517,269,138,131
E00185525,221,106,115
E00065790,107,58,49
E00065792,186,116,70
E00065807,436,236,200
E00065810,210,113,97
E00065811,193,88,105
E00065814,187,101,86
E00065815,241,130,111
E00065931,249,137,112
E00065935,358,193,165
E00065937,193,86,107
E00065938,294,152,142
E00065939,239,130,109
E00065940,247,136,111
E00065929,269,139,130
E00065941,252,127,125
E00065942,279,143,136
E00065943,275,141,134
E00065958,407,217,190
E00065168,437,244,193
E00065169,224,118,106
E00065208,273,143,130
E00065209,290,164,126
E00065210,234,119,115
E00065204,285,138,147
E00065205,268,135,133
E00065206,297,150,147
E00065207,291,152,139
E00065768,186,91,95
E00065771,242,128,114
E00065775,247,128,119
E00065780,485,233,252
E00065782,204,100,104
E00065788,263,130,133
E00065789,306,163,143
E00065770,252,126,126
E00065772,220,114,106
E00065773,470,244,226
E00065776,251,117,134
E00065816,320,171,149
E00065774,340,190,150
E00065779,223,112,111
E00065784,305,158,147
E00185466,415,216,199
E00065781,549,273,276
E00065783,362,174,188
E00065785,273,148,125
E00065786,574,297,277
E00065787,195,98,97
E00065720,356,185,171
E00065721,335,167,168
E00065722,312,161,151
E00065723,276,142,134
E00065745,191,104,87
E00065739,115,55,60
E00065749,213,98,115
E00065758,279,151,128
E00065759,292,144,148
E00065761,282,148,134
E00065766,219,111,108
E00065724,274,131,143
E00065726,228,118,110
E00065728,295,153,142
E00065730,235,121,114
E00065760,357,192,165
E00065725,218,115,103
E00065727,220,109,111
E00065729,286,152,134
E00065731,134,67,67
E00065732,229,114,115
E00065744,322,159,163
E00065746,336,163,173
E00065753,526,266,260
E00065756,295,148,147
E00065757,311,160,151
E00065357,239,119,120
E00065363,275,140,135
E00065364,309,165,144
E00185473,353,193,160
E00185500,265,139,126
E00065350,308,166,142
E00065355,285,144,141
E00065359,265,136,129
E00065367,308,151,157
E00065351,251,129,122
E00065352,260,128,132
E00065356,248,134,114
E00065362,254,134,120
E00065374,351,180,171
E00065375,241,131,110
E00065378,203,109,94
E00065393,348,186,162
E00185487,614,329,285
E00185490,215,76,139
E00185497,235,130,105
E00065434,288,147,141
E00065435,251,133,118
E00065436,302,157,145
E00065437,191,99,92
E00065438,203,114,89
E00065346,312,166,146
E00065347,254,123,131
E00065348,260,125,135
E00065366,493,242,251
E00065353,470,238,232
E00065354,266,140,126
E00065365,274,121,153
E00065368,284,144,140
E00065369,309,161,148
E00065379,440,209,231
E00065388,249,136,113
E00065389,245,128,117
E00065392,313,158,155
E00065398,218,120,98
E00065384,203,120,83
E00065387,326,172,154
E00065394,245,131,114
E00065397,394,216,178
E00065373,231,113,118
E00065380,293,142,151
E00065381,324,165,159
E00065382,251,129,122
E00065383,280,139,141
E00065399,340,166,174
E00065440,360,185,175
E00065442,312,161,151
E00065445,243,123,120
E00065450,352,173,179
E00065451,288,162,126
E00065439,388,197,191
E00065446,319,174,145
E00065447,330,169,161
E00065448,263,139,124
E00065449,306,161,145
E00065406,305,157,148
E00065441,284,143,141
E00065443,268,138,130
E00175364,114,52,62
E00175366,113,55,58
E00065196,369,189,180
E00065197,418,204,214
E00065198,351,181,170
E00065211,400,209,191
E00065431,313,163,150
E00065432,311,173,138
E00065433,328,171,157
E00065349,205,112,93
E00065358,180,99,81
E00065361,270,141,129
E00065371,280,142,138
E00065372,219,113,106
E00185465,210,117,93
E00065385,292,162,130
E00065386,336,171,165
E00065390,270,141,129
E00065391,377,199,178
E00065395,353,187,166
E00065376,220,111,109
E00065377,231,108,123
E00065396,349,173,176
E00065401,199,103,96
E00065402,231,128,103
E00065403,191,107,84
E00066170,231,118,113
E00066172,286,157,129
E00066178,227,122,105
E00066183,337,160,177
E00066187,298,154,144
E00065686,403,211,192
E00065690,271,141,130
E00065691,314,168,146
E00065693,255,134,121
E00185549,430,216,214
E00185559,244,116,128
E00065676,304,151,153
E00065705,204,101,103
E00065708,327,162,165
E00185508,992,85,907
E00185532,135,65,70
E00065675,311,156,155
E00065687,277,141,136
E00065688,326,169,157
E00065692,262,129,133
E00065694,245,126,119
E00065713,427,210,217
E00065715,292,153,139
E00065716,390,201,189
E00065717,250,130,120
E00065695,407,212,195
E00065709,254,127,127
E00065710,363,180,183
E00065711,294,143,151
E00065712,346,165,181
E00066121,306,155,151
E00066125,271,145,126
E00066128,280,143,137
E00066133,281,151,130
E00066140,288,157,131
E00066164,417,234,183
E00066182,270,145,125
E00066184,202,108,94
E00066185,275,157,118
E00066186,349,176,173
E00066171,311,153,158
E00066188,233,106,127
E00066189,309,143,166
E00066191,296,147,149
E00066194,234,118,116
E00066173,353,179,174
E00066174,281,141,140
E00066175,301,153,148
E00066176,234,116,118
E00066195,227,125,102
E00066152,364,189,175
E00066168,270,135,135
E00066190,290,147,143
E00066192,231,115,116
E00066193,325,161,164
E00066131,289,144,145
E00066136,516,266,250
E00066142,207,112,95
E00066147,317,159,158
E00066148,291,141,150
E00066169,326,185,141
E00066177,278,146,132
E00066179,268,144,124
E00066180,288,152,136
E00066181,282,143,139
E00066151,290,153,137
E00066153,326,163,163
E00066156,302,156,146
E00066160,252,128,124
E00066162,312,150,162
E00066161,402,202,200
E00066163,506,264,242
E00066165,335,165,170
E00066166,281,147,134
E00066167,335,167,168
E00066154,348,166,182
E00066155,323,156,167
E00066157,267,139,128
E00066158,223,119,104
E00066159,307,152,155
E00066080,353,187,166
E00066083,321,161,160
E00066103,400,193,207
E00066105,333,172,161
E00066075,263,136,127
E00066081,256,133,123
E00066085,383,216,167
E00066086,270,147,123
E00066088,313,154,159
E00066084,304,165,139
E00066089,263,141,122
E00066098,445,222,223
E00066099,384,188,196
E00066100,411,214,197
E00066073,287,133,154
E00066076,254,125,129
E00066082,234,119,115
E00066092,215,113,102
E00066093,265,132,133
E00066097,290,151,139
E00066101,283,142,141
E00066102,335,181,154
E00066104,242,126,116
E00066106,241,123,118
E00065736,312,145,167
E00065740,302,153,149
E00065741,326,164,162
E00065742,351,193,158
E00065747,294,141,153
E00065994,236,124,112
E00066015,216,105,111
E00066016,278,135,143
E00066017,383,200,183
E00066018,325,164,161
E00065998,316,161,155
E00066000,345,179,166
E00066005,281,139,142
E00066006,349,178,171
E00066020,221,107,114
E00066014,189,91,98
E00066022,519,259,260
E00066031,371,179,192
E00066032,264,132,132
E00066040,283,143,140
E00065999,394,193,201
E00066001,360,184,176
E00066002,270,130,140
E00066003,326,159,167
E00066004,362,178,184
E00065404,151,74,77
E00065407,380,198,182
E00065408,316,172,144
E00065430,130,60,70
E00185501,408,201,207
E00185522,283,141,142
E00185542,147,73,74
E00065410,381,207,174
E00065413,247,132,115
E00065414,287,161,126
E00065424,309,161,148
E00065425,339,177,162
E00065411,274,145,129
E00065417,380,191,189
E00065418,299,155,144
E00065421,331,170,161
E00065426,272,152,120
E00066067,211,110,101
E00066068,249,126,123
E00066072,304,152,152
E00175331,462,220,242
E00175360,296,147,149
E00175361,212,104,108
E00185537,149,78,71
E00185553,197,95,102
E00185556,600,325,275
E00174859,339,164,175
E00174862,236,118,118
E00174864,300,157,143
E00174865,299,161,138
E00175347,340,166,174
E00065409,540,270,270
E00065415,181,94,87
E00065416,327,165,162
E00065419,248,120,128
E00174861,276,137,139
E00065405,203,100,103
E00065422,270,141,129
E00065427,259,135,124
E00065428,277,135,142
E00175330,204,98,106
E00065429,243,111,132
E00175343,311,160,151
E00175344,203,103,100
E00175345,443,221,222
E00175346,420,198,222
E00065733,311,151,160
E00065734,247,128,119
E00065735,395,219,176
E00065737,291,146,145
E00065738,303,142,161
E00066077,243,119,124
E00066078,335,167,168
E00066087,269,136,133
E00066091,262,128,134
E00174857,347,196,151
E00175354,351,177,174
E00175362,407,191,216
E00066074,263,142,121
E00066090,423,241,182
E00066094,244,130,114
E00066095,243,115,128
E00066096,255,121,134
E00066107,333,164,169
E00066108,310,158,152
E00066110,433,224,209
E00066114,274,137,137
E00066115,294,150,144
E00066109,302,153,149
E00066111,308,160,148
E00066112,447,232,215
E00066113,273,134,139
E00066116,275,141,134
E00065648,292,149,143
E00065649,305,153,152
E00065650,259,138,121
E00065651,242,124,118
E00065658,288,147,141
E00065613,268,132,136
E00065653,239,118,121
E00065654,146,69,77
E00065655,294,158,136
E00065657,320,174,146
E00065659,293,140,153
E00065616,256,126,130
E00065618,275,136,139
E00065621,308,170,138
E00065624,292,158,134
E00065627,306,150,156
E00065611,185,94,91
E00065625,314,145,169
E00065634,321,162,159
E00065638,303,150,153
E00065639,271,139,132
E00066118,216,116,100
E00066138,321,156,165
E00066139,176,101,75
E00066144,292,138,154
E00066150,593,326,267
E00185483,389,196,193
E00185547,184,111,73
E00066046,285,138,147
E00066053,367,191,176
E00066054,343,179,164
E00066061,460,230,230
E00066066,382,190,192
E00066043,372,201,171
E00066044,323,164,159
E00066045,375,185,190
E00066050,262,146,116
E00066051,338,174,164
E00066047,297,157,140
E00066048,273,139,134
E00066049,365,190,175
E00066052,364,188,176
E00066071,152,65,87
E00066056,276,142,134
E00066062,371,184,187
E00066063,262,127,135
E00066064,321,156,165
E00066065,280,150,130
E00066055,366,180,186
E00066057,293,146,147
E00066058,283,138,145
E00066059,331,174,157
E00066060,336,185,151
E00065612,318,174,144
E00065637,293,148,145
E00065656,333,165,168
E00185474,282,149,133
E00185481,511,268,243
E00185528,229,119,110
E00065636,297,158,139
E00065641,283,138,145
E00065644,285,151,134
E00065645,288,143,145
E00065646,332,181,151
E00065628,312,157,155
E00065629,369,184,185
E00065631,294,163,131
E00065632,276,153,123
E00065643,267,151,116
E00065619,604,303,301
E00065620,432,228,204
E00065633,267,136,131
E00065640,488,276,212
E00065551,273,137,136
E00065575,318,169,149
E00065576,278,140,138
E00065577,377,193,184
E00065578,504,267,237
E00065546,249,133,116
E00065547,581,284,297
E00065550,592,296,296
E00065555,594,306,288
E00065560,272,136,136
E00065664,334,162,172
E00065666,325,158,167
E00065668,399,201,198
E00065669,282,147,135
E00065670,415,196,219
E00065660,367,175,192
E00065661,433,214,219
E00065662,254,118,136
E00065671,343,159,184
E00065674,388,207,181
E00065579,222,110,112
E00065599,274,153,121
E00065601,368,192,176
E00065603,276,143,133
E00065607,297,147,150
E00065663,286,140,146
E00065665,313,147,166
E00065672,328,171,157
E00065673,237,117,120
E00185489,206,101,105
E00185543,461,231,230
E00065681,404,205,199
E00065682,344,180,164
E00065683,402,204,198
E00065706,408,209,199
E00065707,311,151,160
E00065976,322,159,163
E00065987,226,110,116
E00065988,345,177,168
E00065989,254,128,126
E00065991,370,179,191
E00065995,343,163,180
E00065996,175,88,87
E00066007,306,150,156
E00066009,232,116,116
E00066039,235,131,104
E00066041,292,146,146
E00066025,312,164,148
E00066026,236,127,109
E00066027,302,149,153
E00066028,309,160,149
E00066042,205,103,102
E00066023,267,129,138
E00066024,304,161,143
E00066029,291,130,161
E00066030,248,127,121
E00066033,289,140,149
E00066034,270,144,126
E00066035,357,196,161
E00066036,193,106,87
E00066037,264,137,127
E00066038,219,108,111
E00066008,316,158,158
E00066010,227,113,114
E00066011,277,151,126
E00066012,337,165,172
E00066013,308,161,147
E00065992,366,181,185
E00065993,309,148,161
E00065997,237,114,123
E00066019,147,80,67
E00066021,291,139,152
E00065553,264,135,129
E00065554,252,142,110
E00065556,281,145,136
E00065559,290,148,142
E00065568,387,198,189
E00065548,318,156,162
E00065549,347,158,189
E00065565,319,166,153
E00065572,360,176,184
E00065573,280,146,134
E00065574,303,166,137
E00065585,351,164,187
E00065586,350,180,170
E00065589,300,157,143
E00065590,371,169,202
E00065605,314,168,146
E00065581,292,145,147
E00065583,315,158,157
E00065591,300,149,151
E00065600,268,137,131
E00065604,215,116,99
E00065610,408,207,201
E00065961,250,124,126
E00065962,251,133,118
E00065963,228,109,119
E00065970,414,204,210
E00065972,283,143,140
E00065990,176,85,91
E00065558,301,154,147
E00065561,248,131,117
E00065562,350,178,172
E00065564,384,203,181
E00065566,288,160,128
E00065569,289,150,139
E00065552,371,188,183
E00065557,304,152,152
E00065563,327,173,154
E00065567,360,204,156
E00065570,198,109,89
E00065571,366,187,179
E00065580,404,195,209
E00065582,444,205,239
E00065587,216,88,128
E00065588,370,168,202
E00065592,360,171,189
E00065595,400,169,231
E00065593,533,278,255
E00065594,307,154,153
E00065596,350,180,170
E00065597,336,162,174
E00065598,302,151,151
E00065584,360,179,181
E00065602,338,173,165
E00065606,327,161,166
E00065608,345,187,158
E00065609,414,191,223
E00065969,474,234,240
E00065971,362,193,169
E00065973,326,155,171
E00065974,271,141,130
E00065975,248,128,120
E00065977,344,169,175
E00065980,311,155,156
E00065981,225,109,116
E00065986,272,144,128
E00185554,296,137,159
E00185557,351,182,169
E00065964,340,168,172
E00065965,371,190,181
E00065966,131,69,62
E00065967,214,107,107
E00065968,282,143,139
E00065978,378,192,186
E00065983,327,173,154
E00065984,300,159,141
E00065985,314,172,142
E00174848,249,125,124
E00175332,287,149,138
E00175348,211,115,96
E00065626,317,157,160
E00065630,283,138,145
E00065635,337,163,174
E00065642,304,158,146
E00065647,286,153,133
E00065614,281,133,148
E00065615,379,187,192
E00065617,318,164,154
E00065622,160,89,71
E00065623,283,148,135
E00066117,254,117,137
E00066130,251,147,104
E00066132,248,135,113
E00066135,275,141,134
E00066137,307,162,145
E00066122,341,175,166
E00066126,228,118,110
E00066127,292,158,134
E00066134,302,149,153
E00066119,340,176,164
E00066123,234,114,120
E00066129,272,146,126
E00066143,339,172,167
E00066141,146,79,67
E00066145,247,136,111
E00066146,333,161,172
E00066149,326,167,159
E00165823,352,171,181
E00065463,239,116,123
E00065481,407,215,192
E00065483,362,185,177
E00065488,290,158,132
E00065490,268,134,134
E00065517,405,212,193
E00065520,271,137,134
E00065529,289,150,139
E00065533,535,260,275
E00065539,339,158,181
E00065528,263,146,117
E00065530,381,200,181
E00065531,285,141,144
E00065532,232,119,113
E00065534,252,135,117
E00065535,299,153,146
E00175333,356,178,178
E00175355,498,262,236
E00175356,494,256,238
E00175357,204,107,97
E00065467,274,147,127
E00065474,571,287,284
E00065478,304,140,164
E00175352,288,157,131
E00065484,299,155,144
E00065485,203,113,90
E00065487,314,156,158
E00065489,211,113,98
E00065492,280,146,134
E00065453,238,131,107
E00065454,283,134,149
E00065464,323,176,147
E00065466,244,130,114
E00065469,246,128,118
E00065482,402,207,195
E00065456,257,133,124
E00065465,329,175,154
E00065470,269,148,121
E00065472,234,124,110
E00065477,349,187,162
E00065491,216,129,87
E00065457,306,152,154
E00065459,325,167,158
E00065471,235,107,128
E00065473,200,107,93
E00065479,288,153,135
E00065480,166,89,77
E00066473,351,179,172
E00066485,378,207,171
E00066488,392,211,181
E00066496,401,190,211
E00066471,293,142,151
E00066472,298,147,151
E00066504,552,266,286
E00189246,349,175,174
E00189306,281,144,137
E00066493,294,147,147
E00066494,226,114,112
E00066495,250,120,130
E00066497,279,142,137
E00066500,322,160,162
E00066478,319,167,152
E00066479,320,167,153
E00066492,315,146,169
E00066499,267,128,139
E00189220,173,83,90
E00066477,264,138,126
E00066482,297,153,144
E00066501,276,139,137
E00066502,274,131,143
E00066503,237,118,119
E00066476,333,192,141
E00066480,288,146,142
E00066481,257,131,126
E00066483,369,181,188
E00066484,315,159,156
E00066486,304,157,147
E00066487,241,122,119
E00066489,246,123,123
E00066490,286,138,148
E00066491,309,153,156
E00066296,286,150,136
E00066297,237,119,118
E00066299,208,113,95
E00066327,196,79,117
E00066329,197,106,91
E00066333,118,66,52
E00066292,303,149,154
E00066293,371,188,183
E00066309,265,109,156
E00066320,236,126,110
E00066321,236,108,128
E00066323,247,125,122
E00066291,277,136,141
E00066301,289,159,130
E00066302,211,98,113
E00066306,251,122,129
E00066316,152,73,79
E00066332,116,57,59
E00173594,496,257,239
E00189219,339,169,170
E00066687,208,99,109
E00066711,274,122,152
E00066712,249,126,123
E00066713,280,140,140
E00066714,284,135,149
E00066696,360,196,164
E00066700,296,163,133
E00066701,295,155,140
E00066702,246,119,127
E00066704,271,137,134
E00066688,299,159,140
E00066692,234,128,106
E00066693,279,156,123
E00066694,233,120,113
E00066695,268,140,128
E00066697,256,129,127
E00066689,245,88,157
E00066690,291,148,143
E00066699,236,124,112
E00066706,186,97,89
E00066707,256,122,134
E00066708,212,105,107
E00066710,253,118,135
E00066691,345,188,157
E00066698,294,138,156
E00066703,312,161,151
E00066705,287,145,142
E00066709,295,154,141
E00066335,251,125,126
E00066337,224,105,119
E00066358,220,122,98
E00066360,288,151,137
E00066361,160,94,66
E00066362,277,130,147
E00066340,254,129,125
E00066343,354,179,175
E00066345,282,138,144
E00066366,305,153,152
E00066357,283,139,144
E00066359,301,163,138
E00066363,344,173,171
E00066364,479,235,244
E00066365,269,126,143
E00066334,282,131,151
E00066346,277,134,143
E00066347,243,126,117
E00066349,265,130,135
E00066351,242,127,115
E00066584,258,114,144
E00066592,253,128,125
E00066594,296,151,145
E00066596,297,161,136
E00066601,250,132,118
E00066587,327,168,159
E00066589,310,161,149
E00066591,306,165,141
E00066600,325,165,160
E00066615,315,154,161
E00066616,282,145,137
E00066617,263,137,126
E00066618,331,154,177
E00066619,341,188,153
E00066581,265,141,124
E00066588,305,155,150
E00066590,260,140,120
E00066620,355,179,176
E00066621,278,141,137
E00066582,286,143,143
E00066583,296,161,135
E00066585,246,106,140
E00066586,359,175,184
E00066593,348,187,161
E00066290,240,108,132
E00066300,275,141,134
E00066303,306,158,148
E00066305,251,127,124
E00066307,248,127,121
E00066310,283,135,148
E00066311,282,150,132
E00066314,294,139,155
E00066315,319,146,173
E00066317,249,126,123
E00066294,299,155,144
E00066312,306,166,140
E00066313,328,164,164
E00066318,314,167,147
E00066324,272,141,131
E00066295,279,130,149
E00066319,281,144,137
E00066322,243,125,118
E00066325,336,178,158
E00066326,231,119,112
E00066505,305,148,157
E00066506,395,204,191
E00066507,490,266,224
E00066508,132,67,65
E00066730,364,174,190
E00066731,197,102,95
E00066733,272,137,135
E00066738,487,243,244
E00173591,284,140,144
E00173592,403,188,215
E00066715,149,71,78
E00066732,280,142,138
E00066734,315,161,154
E00066735,355,173,182
E00066737,329,164,165
E00066722,335,162,173
E00066723,283,154,129
E00066726,306,158,148
E00066727,280,136,144
E00066728,280,135,145
E00066725,377,193,184
E00189236,299,154,145
E00189242,330,167,163
E00189297,365,186,179
E00189311,342,182,160
E00066509,206,103,103
E00066537,317,150,167
E00066538,181,98,83
E00066539,215,113,102
E00066541,204,90,114
E00066543,191,89,102
E00066540,320,163,157
E00066542,299,158,141
E00066544,320,169,151
E00066545,310,150,160
E00066546,313,158,155
E00066744,407,217,190
E00066746,333,174,159
E00066747,239,124,115
E00066748,256,129,127
E00066751,298,152,146
E00066745,253,126,127
E00066749,246,131,115
E00066752,270,136,134
E00066754,292,156,136
E00066758,285,157,128
E00066336,317,165,152
E00066338,209,107,102
E00066339,259,136,123
E00066342,292,164,128
E00066344,287,141,146
E00066762,291,147,144
E00066763,263,141,122
E00066764,274,152,122
E00066765,232,128,104
E00066766,291,155,136
E00066742,186,97,89
E00066743,253,127,126
E00066750,394,208,186
E00066753,383,194,189
E00066755,312,152,160
E00066756,341,173,168
E00066757,276,152,124
E00066760,248,133,115
E00066761,424,222,202
E00066401,285,155,130
E00066402,286,142,144
E00066403,296,154,142
E00066424,262,117,145
E00066430,371,204,167
E00066406,344,159,185
E00066410,318,159,159
E00066435,316,154,162
E00066436,327,160,167
E00066405,327,152,175
E00066411,268,133,135
E00066414,294,142,152
E00066415,309,156,153
E00066417,317,158,159
E00066422,234,113,121
E00066423,375,200,175
E00066426,371,164,207
E00066431,306,141,165
E00066427,269,140,129
E00066428,274,147,127
E00066432,271,131,140
E00066433,277,142,135
E00066434,264,132,132
E00066408,289,147,142
E00066409,282,142,140
E00066425,189,96,93
E00066429,347,168,179
E00066437,265,135,130
E00066404,245,120,125
E00066407,209,109,100
E00066412,277,139,138
E00066420,305,151,154
E00066421,228,106,122
E00066416,287,152,135
E00066418,376,185,191
E00066419,501,251,250
E00173590,325,177,148
E00173600,154,74,80
E00173602,226,123,103
E00066598,269,147,122
E00066603,271,138,133
E00066606,311,155,156
E00066610,358,183,175
E00066341,250,126,124
E00066348,306,168,138
E00066350,299,144,155
E00066354,236,124,112
E00066352,289,146,143
E00066353,359,180,179
E00066355,279,144,135
E00066356,297,157,140
E00066770,302,152,150
E00066774,274,152,122
E00066775,227,117,110
E00066776,244,114,130
E00066777,277,136,141
E00066778,187,96,91
E00066739,317,170,147
E00066740,302,161,141
E00066741,354,175,179
E00066759,244,122,122
E00066771,274,131,143
E00066767,337,166,171
E00066768,352,187,165
E00066769,324,164,160
E00066772,315,178,137
E00066773,248,120,128
E00066250,306,151,155
E00066251,236,127,109
E00066256,244,115,129
E00066257,248,137,111
E00066262,265,149,116
E00066265,198,108,90
E00066269,361,184,177
E00066272,301,150,151
E00066275,298,142,156
E00066279,208,114,94
E00066280,262,127,135
E00066255,253,140,113
E00066261,187,97,90
E00066263,236,119,117
E00066264,216,122,94
E00066266,298,153,145
E00066267,242,135,107
E00066270,321,171,150
E00066273,312,155,157
E00066274,258,141,117
E00066276,229,118,111
E00066281,279,140,139
E00066640,241,124,117
E00066642,270,130,140
E00066644,290,148,142
E00066655,298,160,138
E00066660,270,148,122
E00066635,268,132,136
E00066643,270,140,130
E00066648,283,148,135
E00066650,270,149,121
E00066652,227,115,112
E00066632,260,136,124
E00066633,291,156,135
E00066634,319,152,167
E00066641,271,135,136
E00066647,271,134,137
E00066623,306,151,155
E00066636,209,109,100
E00066637,303,151,152
E00066638,223,95,128
E00066639,306,149,157
E00066511,281,149,132
E00066516,329,175,154
E00066517,324,165,159
E00066520,278,141,137
E00066547,270,130,140
E00066512,268,149,119
E00066518,294,159,135
E00066519,231,116,115
E00066521,284,146,138
E00066529,373,178,195
E00066522,362,161,201
E00066523,323,167,156
E00066524,269,131,138
E00066526,231,132,99
E00066530,302,151,151
E00066510,325,158,167
E00066513,278,138,140
E00066514,323,156,167
E00066515,301,142,159
E00066548,257,126,131
E00066532,284,145,139
E00066533,276,147,129
E00066534,311,161,150
E00066535,319,162,157
E00066536,281,145,136
E00066525,346,168,178
E00066527,308,158,150
E00066528,326,179,147
E00066531,572,300,272
E00066247,288,166,122
E00066252,334,167,167
E00066253,257,135,122
E00066258,181,98,83
E00066260,309,146,163
E00066259,228,126,102
E00066268,296,150,146
E00066271,273,139,134
E00066277,220,110,110
E00066278,240,135,105
E00066282,214,113,101
E00066367,261,137,124
E00066372,280,146,134
E00066375,288,135,153
E00066376,232,113,119
E00066377,225,118,107
E00066379,294,151,143
E00066380,283,145,138
E00066381,222,118,104
E00066382,204,113,91
E00066384,280,163,117
E00066645,294,148,146
E00066646,279,141,138
E00066651,304,161,143
E00066654,270,144,126
E00066656,239,128,111
E00066649,433,225,208
E00066653,319,160,159
E00066658,293,149,144
E00066659,334,176,158
E00066622,372,205,167
E00066624,306,162,144
E00066625,399,227,172
E00066662,316,165,151
E00066627,222,115,107
E00066629,300,164,136
E00066657,327,168,159
E00066661,289,144,145
E00066663,294,150,144
E00066626,289,151,138
E00066628,314,165,149
E00066630,314,171,143
E00066631,465,234,231
E00066373,264,136,128
E00066378,210,108,102
E00066385,233,118,115
E00066386,270,131,139
E00066387,260,137,123
E00066383,294,151,143
E00066388,388,192,196
E00066389,422,204,218
E00066390,373,197,176
E00066391,239,131,108
E00066438,389,205,184
E00066444,229,109,120
E00066447,372,193,179
E00066450,498,257,241
E00066453,263,135,128
E00066439,324,177,147
E00066441,263,129,134
E00066442,236,129,107
E00066445,320,167,153
E00066446,192,104,88
E00066449,280,138,142
E00066452,322,184,138
E00066454,236,122,114
E00066455,288,150,138
E00066552,248,131,117
E00066553,296,164,132
E00066556,467,246,221
E00066557,296,159,137
E00066578,278,143,135
E00066568,364,192,172
E00066569,277,149,128
E00066571,276,132,144
E00066574,308,163,145
E00066577,275,139,136
E00066558,201,87,114
E00066572,225,115,110
E00066575,278,148,130
E00066576,195,100,95
E00066579,286,141,145
E00066580,265,138,127
E00066551,344,181,163
E00066559,265,140,125
E00066562,266,145,121
E00066563,262,135,127
E00066564,263,133,130
E00066566,417,204,213
E00066570,247,135,112
E00066573,287,148,139
E00173596,560,286,274
E00173604,348,186,162
E00173601,309,152,157
E00189255,340,170,170
E00189256,405,211,194
E00189292,126,64,62
E00189299,393,212,181
E00189308,464,242,222
E00066456,217,106,111
E00066465,285,156,129
E00066466,257,128,129
E00066468,260,134,126
E00066470,419,214,205
E00066457,260,133,127
E00066458,340,165,175
E00066461,311,157,154
E00173599,342,172,170
E00173603,585,285,300
E00066459,372,197,175
E00066460,250,128,122
E00066462,233,119,114
E00066463,332,181,151
E00066464,281,139,142
E00066550,241,132,109
E00066554,259,137,122
E00066555,271,139,132
E00066560,224,121,103
E00066561,256,136,120
E00066565,255,125,130
E00066448,274,137,137
E00066451,242,120,122
E00189233,271,151,120
E00189247,229,120,109
E00189253,295,147,148
E00189262,265,138,127
E00189290,337,183,154
E00189294,253,131,122
E00189310,345,169,176
E00189312,443,218,225
E00066670,166,95,71
E00066676,280,150,130
E00066679,260,137,123
E00066682,194,106,88
E00066683,240,120,120
E00066664,239,127,112
E00066665,370,193,177
E00066668,269,133,136
E00066669,291,152,139
E00066674,256,142,114
E00066667,282,155,127
E00066675,390,202,188
E00066677,293,145,148
E00173597,366,182,184
E00173598,342,197,145
E00066678,325,162,163
E00066680,299,150,149
E00066684,299,146,153
E00066685,275,150,125
E00066666,309,158,151
E00066671,259,133,126
E00066672,245,125,120
E00066681,272,133,139
E00066686,287,150,137
E00066716,363,177,186
E00066717,115,57,58
E00066718,233,119,114
E00066719,198,107,91
E00066720,122,58,64
E00066729,123,63,60
E00066254,223,121,102
E00066283,262,132,130
E00066284,295,137,158
E00066285,273,139,134
E00066288,228,127,101
E00066248,244,124,120
E00066249,245,117,128
E00066286,367,196,171
E00066287,297,150,147
E00066289,198,92,106
E00066369,272,146,126
E00066371,335,168,167
E00066396,245,123,122
E00066399,318,157,161
E00066392,235,120,115
E00066393,382,189,193
E00066394,212,111,101
E00066397,306,164,142
E00066398,333,168,165
E00066368,219,119,100
E00066370,234,128,106
E00066374,253,133,120
E00066395,288,144,144
E00066400,278,141,137
E00066595,252,135,117
E00066597,254,137,117
E00066599,319,153,166
E00066602,285,131,154
E00066612,274,138,136
E00066607,224,119,105
E00066609,261,130,131
E00066611,301,138,163
E00066613,244,118,126
E00066604,294,143,151
E00066605,334,169,165
E00066608,274,154,120
E00066614,292,163,129
E00066879,323,166,157
E00066880,303,153,150
E00066884,226,111,115
E00066907,390,207,183
E00066910,189,106,83
E00066911,319,160,159
E00066883,288,145,143
E00066888,234,115,119
E00066889,330,160,170
E00066891,309,144,165
E00066908,303,155,148
E00189232,350,173,177
E00189265,253,131,122
E00066885,481,246,235
E00066887,328,153,175
E00066906,486,253,233
E00066909,515,266,249
E00172854,319,159,160
E00172856,368,180,188
E00066894,269,137,132
E00066895,231,123,108
E00066899,254,124,130
E00066901,253,135,118
E00066903,540,272,268
E00066904,318,157,161
E00066892,310,152,158
E00066893,261,124,137
E00066897,310,154,156
E00066898,357,180,177
E00066902,474,241,233
E00066881,352,184,168
E00066882,327,178,149
E00066900,383,201,182
E00066905,319,154,165
E00189245,308,166,142
E00189315,339,164,175
E00067145,349,184,165
E00067152,391,189,202
E00067153,310,154,156
E00067154,290,152,138
E00067146,412,205,207
E00067147,420,210,210
E00067149,349,171,178
E00067150,413,215,198
E00067135,202,99,103
E00067137,343,177,166
E00067138,362,191,171
E00067142,341,169,172
E00067148,379,190,189
E00067134,391,188,203
E00067136,357,183,174
E00067139,474,240,234
E00067140,265,133,132
E00067141,312,174,138
E00067080,366,190,176
E00067081,252,133,119
E00067082,309,149,160
E00067086,266,142,124
E00067087,306,162,144
E00067083,379,203,176
E00067084,324,162,162
E00067088,340,188,152
E00067089,278,146,132
E00067090,248,138,110
E00067085,251,129,122
E00067091,290,154,136
E00067092,283,146,137
E00067093,289,136,153
E00067094,314,155,159
E00067095,270,143,127
E00067075,344,174,170
E00067076,233,119,114
E00067077,313,164,149
E00067078,379,201,178
E00067079,320,158,162
E00066950,344,180,164
E00066951,405,205,200
E00066952,402,198,204
E00066953,331,164,167
E00066954,360,190,170
E00066976,193,100,93
E00067144,279,139,140
E00067160,285,138,147
E00067161,474,226,248
E00067164,164,87,77
E00067165,292,148,144
E00067166,116,54,62
E00067143,329,165,164
E00067155,274,136,138
E00067157,435,236,199
E00067159,393,198,195
E00172837,406,197,209
E00067151,369,186,183
E00067162,379,203,176
E00067163,358,197,161
E00067167,275,137,138
E00067168,240,119,121
E00067049,209,116,93
E00067051,297,144,153
E00067052,295,162,133
E00067053,225,121,104
E00067054,267,137,130
E00067055,206,129,77
E00067057,260,138,122
E00189286,199,111,88
E00189289,290,160,130
E00067045,230,120,110
E00067046,299,143,156
E00067048,181,94,87
E00067050,250,129,121
E00067056,204,112,92
E00067058,306,158,148
E00067070,439,222,217
E00067071,308,149,159
E00067072,318,172,146
E00067073,294,137,157
E00067074,229,125,104
E00067059,318,162,156
E00067060,153,73,80
E00067063,293,141,152
E00067065,328,179,149
E00067068,326,157,169
E00067069,281,135,146
E00067061,264,141,123
E00067062,256,127,129
E00067064,342,177,165
E00067066,328,166,162
E00067067,280,148,132
E00066851,232,121,111
E00066852,210,106,104
E00066853,462,230,232
E00066854,284,148,136
E00066855,254,127,127
E00066834,260,119,141
E00066849,397,197,200
E00066850,446,209,237
E00066857,433,210,223
E00066836,330,165,165
E00066837,294,152,142
E00066847,388,201,187
E00066848,270,137,133
E00066856,409,210,199
E00066835,408,213,195
E00066838,299,154,145
E00066839,340,168,172
E00066841,393,196,197
E00066845,343,168,175
E00066840,295,159,136
E00066842,353,181,172
E00066843,342,167,175
E00066844,313,161,152
E00066846,498,262,236
E00067099,327,159,168
E00067126,322,155,167
E00067128,335,155,180
E00172872,327,179,148
E00172873,204,105,99
E00172875,163,75,88
E00189237,246,127,119
E00189251,338,159,179
E00189307,298,150,148
E00067098,346,162,184
E00067106,376,171,205
E00067109,351,172,179
E00067116,347,154,193
E00067133,343,148,195
E00067125,377,182,195
E00067129,404,198,206
E00067130,437,219,218
E00067131,367,188,179
E00067273,215,85,130
E00067275,227,119,108
E00067276,209,110,99
E00067280,352,168,184
E00067282,258,118,140
E00067286,327,158,169
E00067097,359,152,207
E00067104,340,153,187
E00067107,432,192,240
E00067110,395,202,193
E00067114,318,139,179
E00067100,363,184,179
E00067108,466,233,233
E00067117,463,235,228
E00067120,491,244,247
E00067096,382,197,185
E00067103,301,146,155
E00067115,381,202,179
E00067124,358,172,186
E00067132,183,105,78
E00067290,355,187,168
E00067293,382,164,218
E00067294,187,68,119
E00067296,343,168,175
E00172840,305,118,187
E00172842,324,145,179
E00067283,307,161,146
E00067287,372,200,172
E00067295,481,207,274
E00067297,356,165,191
E00067298,357,143,214
E00067101,290,151,139
E00067102,247,123,124
E00067105,270,137,133
E00067112,267,140,127
E00067113,302,164,138
E00067118,308,147,161
E00067119,296,148,148
E00067121,360,180,180
E00067122,344,176,168
E00067123,305,158,147
E00067274,368,183,185
E00067277,337,166,171
E00067288,360,163,197
E00067289,332,158,174
E00067292,254,133,121
E00067279,301,157,144
E00067281,311,156,155
E00067284,394,192,202
E00067285,310,143,167
E00067291,333,169,164
E00067181,278,140,138
E00067183,276,133,143
E00067184,264,138,126
E00067186,344,185,159
E00067189,317,167,150
E00067172,235,120,115
E00067176,420,216,204
E00067192,249,118,131
E00067193,323,182,141
E00067194,322,163,159
E00067195,354,184,170
E00067170,295,147,148
E00067174,320,164,156
E00067175,369,186,183
E00067177,337,162,175
E00067180,191,96,95
E00067171,313,150,163
E00067173,330,150,180
E00067178,226,98,128
E00067179,295,146,149
E00067182,378,190,188
E00066956,324,167,157
E00066975,393,205,188
E00066980,273,142,131
E00066981,225,112,113
E00066955,217,104,113
E00066977,354,187,167
E00066978,362,184,178
E00066979,275,145,130
E00066971,248,123,125
E00066982,331,166,165
E00066983,435,230,205
E00066984,312,173,139
E00066985,447,209,238
E00066959,319,166,153
E00066972,388,205,183
E00066973,333,167,166
E00066974,333,176,157
E00189240,316,156,160
E00189291,312,159,153
E00066957,279,140,139
E00066961,247,130,117
E00066962,336,173,163
E00066964,270,148,122
E00066968,279,120,159
E00066970,289,146,143
E00066960,233,110,123
E00066963,232,117,115
E00066965,249,130,119
E00066966,253,134,119
E00066967,311,163,148
E00066969,408,218,190
E00067013,227,111,116
E00067014,207,96,111
E00067015,230,127,103
E00067017,235,124,111
E00067018,285,154,131
E00067019,356,195,161
E00067012,259,137,122
E00067016,258,132,126
E00067020,328,153,175
E00067024,346,175,171
E00067196,347,174,173
E00067200,423,203,220
E00067202,342,174,168
E00067206,319,176,143
E00067198,286,152,134
E00067199,318,170,148
E00067223,461,229,232
E00067225,283,140,143
E00067226,286,143,143
E00066986,253,118,135
E00066987,310,162,148
E00066994,260,137,123
E00067006,443,216,227
E00172859,211,98,113
E00172861,251,117,134
E00172862,217,107,110
E00066992,241,123,118
E00066993,329,173,156
E00066999,265,127,138
E00067002,311,152,159
E00067005,326,163,163
E00066991,289,143,146
E00066998,242,125,117
E00067000,271,148,123
E00067001,352,188,164
E00067003,158,90,68
E00067004,284,152,132
E00066989,271,137,134
E00066990,308,148,160
E00066995,276,148,128
E00066996,286,147,139
E00066997,286,152,134
E00067203,235,120,115
E00067205,240,127,113
E00067209,276,151,125
E00067214,282,145,137
E00067219,200,101,99
E00067230,261,134,127
E00067201,261,145,116
E00067208,309,157,152
E00067224,320,173,147
E00067227,226,127,99
E00067228,261,137,124
E00067210,338,162,176
E00067212,200,108,92
E00067215,290,143,147
E00067221,294,144,150
E00067229,318,170,148
E00067204,311,154,157
E00067211,162,72,90
E00067217,436,227,209
E00067222,387,195,192
E00172839,285,137,148
E00172865,271,143,128
E00172867,237,133,104
E00066781,350,178,172
E00066782,274,138,136
E00066805,281,144,137
E00066806,160,82,78
E00066808,280,136,144
E00066810,313,163,150
E00067169,373,178,195
E00067185,306,155,151
E00067187,197,96,101
E00067188,344,174,170
E00067190,297,165,132
E00067191,324,165,159
E00067197,298,152,146
E00067207,253,128,125
E00067213,273,147,126
E00067216,277,131,146
E00067218,194,94,100
E00066779,253,116,137
E00066800,293,163,130
E00066801,270,151,119
E00066804,240,118,122
E00066807,326,158,168
E00189263,287,151,136
E00189281,427,213,214
E00189282,149,68,81
E00189300,377,202,175
E00172844,398,194,204
E00189241,310,167,143
E00189258,325,165,160
E00189296,382,204,178
E00067021,301,163,138
E00067022,349,181,168
E00067023,241,132,109
E00067025,385,195,190
E00067027,342,158,184
E00067008,324,172,152
E00067028,261,145,116
E00067029,285,139,146
E00067030,261,130,131
E00067032,321,169,152
E00067009,408,218,190
E00067026,332,173,159
E00067034,305,162,143
E00067038,388,199,189
E00067007,299,162,137
E00067010,399,198,201
E00067041,348,174,174
E00067042,446,223,223
E00066783,356,185,171
E00066784,296,149,147
E00066794,379,212,167
E00066795,334,175,159
E00066796,213,103,110
E00066780,273,144,129
E00066790,307,162,145
E00066802,265,124,141
E00066803,272,123,149
E00066809,333,176,157
E00067031,295,149,146
E00067033,354,170,184
E00067035,359,186,173
E00067039,337,175,162
E00067040,248,138,110
E00067011,332,156,176
E00067036,250,130,120
E00067037,321,160,161
E00067043,330,171,159
E00067044,289,147,142
E00066786,421,231,190
E00066787,376,197,179
E00066788,422,215,207
E00066792,249,127,122
E00066797,299,144,155
E00066923,245,126,119
E00066927,281,139,142
E00066940,300,154,146
E00066944,266,134,132
E00066945,307,163,144
E00066912,281,148,133
E00066921,296,158,138
E00066935,220,102,118
E00066942,199,102,97
E00066948,288,141,147
E00066915,241,135,106
E00066916,322,161,161
E00066918,260,132,128
E00066934,283,156,127
E00066936,276,144,132
E00066785,261,131,130
E00066789,263,137,126
E00066793,260,136,124
E00172845,309,154,155
E00172848,293,148,145
E00066799,499,257,242
E00172847,337,180,157
E00172850,283,150,133
E00172851,297,132,165
E00172853,323,171,152
E00066917,297,148,149
E00066919,281,142,139
E00066937,262,129,133
E00066938,264,133,131
E00066943,295,148,147
E00066920,279,149,130
E00066924,392,198,194
E00066939,180,99,81
E00066941,276,140,136
E00066946,425,213,212
E00066947,289,144,145
E00066913,280,151,129
E00066925,294,146,148
E00066926,246,122,124
E00066928,298,156,142
E00066929,197,100,97
E00066949,260,129,131
E00066914,280,142,138
E00066922,261,136,125
E00066930,555,269,286
E00066931,255,132,123
E00066932,254,135,119
E00066933,205,107,98
E00066821,270,139,131
E00066822,264,141,123
E00066829,224,114,110
E00066830,210,114,96
E00066831,305,150,155
E00066833,198,105,93
E00066811,338,176,162
E00066814,393,201,192
E00066815,381,192,189
E00066817,363,177,186
E00066820,364,174,190
E00066812,310,164,146
E00066819,108,53,55
E00066823,380,194,186
E00066824,570,305,265
E00066828,592,314,278
E00066832,290,144,146
E00066813,369,188,181
E00066816,276,149,127
E00066818,228,118,110
E00066825,383,198,185
E00066826,327,160,167
E00066827,350,185,165
E00067232,132,69,63
E00067241,110,55,55
E00067250,108,48,60
E00067251,307,140,167
E00067255,184,81,103
E00067258,444,231,213
E00067266,160,79,81
E00067264,250,115,135
E00067267,327,164,163
E00067268,250,126,124
E00067269,283,138,145
E00067270,237,112,125
E00067271,221,118,103
E00067256,283,154,129
E00067257,271,142,129
E00067259,252,133,119
E00067260,291,147,144
E00067261,275,147,128
E00067252,319,159,160
E00067253,377,184,193
E00067254,286,143,143
E00067262,274,149,125
E00067244,358,184,174
E00067245,259,137,122
E00067246,330,170,160
E00067248,477,257,220
E00189229,446,229,217
E00189303,269,142,127
E00067242,319,155,164
E00067249,306,153,153
E00067263,387,199,188
E00172858,249,115,134
E00172864,299,149,150
E00067231,422,203,219
E00067236,260,124,136
E00067237,308,154,154
E00067265,198,106,92
E00067272,289,165,124
E00067233,496,261,235
E00067234,142,76,66
E00067235,216,111,105
E00067238,317,147,170
E00067239,343,181,162
E00067240,341,169,172
E00066860,289,147,142
E00066863,308,155,153
E00066865,349,181,168
E00066867,339,174,165
E00066871,241,128,113
E00066875,176,90,86
E00066859,285,154,131
E00066866,361,193,168
E00066868,409,195,214
E00066870,272,145,127
E00066878,471,236,235
E00066858,345,187,158
E00066861,290,142,148
E00066862,288,145,143
E00066864,384,193,191
E00066869,325,161,164
E00066872,219,112,107
E00066873,602,302,300
E00066874,335,162,173
E00066876,352,172,180
E00066877,434,219,215
E00067833,500,243,257
E00067834,390,204,186
E00067852,301,166,135
E00067853,522,247,275
E00067839,283,144,139
E00067844,320,169,151
E00067845,330,168,162
E00067847,346,180,166
E00185471,361,188,173
E00185546,363,209,154
E00067840,197,102,95
E00067841,318,159,159
E00067843,339,165,174
E00067846,321,165,156
E00067850,221,111,110
E00067848,395,203,192
E00067849,289,148,141
E00067851,287,147,140
E00067854,298,157,141
E00067855,276,139,137
E00067856,288,143,145
E00067499,275,157,118
E00067503,287,161,126
E00067507,276,150,126
E00067508,214,116,98
E00067509,192,103,89
E00067533,243,123,120
E00067500,284,149,135
E00067501,300,157,143
E00067505,286,157,129
E00067506,287,153,134
E00067510,368,189,179
E00067498,246,130,116
E00067504,240,120,120
E00067519,264,139,125
E00067520,276,145,131
E00067523,225,128,97
E00067495,404,205,199
E00067496,372,191,181
E00067497,379,189,190
E00067522,279,153,126
E00067502,278,149,129
E00067512,283,146,137
E00067516,319,156,163
E00067517,280,135,145
E00067525,261,137,124
E00067521,226,133,93
E00067524,262,136,126
E00067527,174,98,76
E00067528,254,140,114
E00067529,160,94,66
E00067531,250,131,119
E00067532,231,127,104
E00067511,239,130,109
E00067513,337,187,150
E00067514,288,151,137
E00067515,315,152,163
E00067518,332,163,169
E00067526,276,147,129
E00067530,292,159,133
E00067534,172,94,78
E00067535,293,162,131
E00067536,281,149,132
E00067537,281,141,140
E00067670,289,141,148
E00067671,495,256,239
E00067695,346,198,148
E00067700,369,210,159
E00067702,227,125,102
E00067665,330,176,154
E00067666,273,142,131
E00067668,342,178,164
E00067703,281,150,131
E00067704,212,140,72
E00067685,235,129,106
E00067686,248,130,118
E00067687,228,119,109
E00067688,269,143,126
E00067689,265,146,119
E00067696,355,181,174
E00067697,236,132,104
E00067698,275,142,133
E00067699,231,126,105
E00067701,255,141,114
E00067674,273,134,139
E00067675,243,142,101
E00067677,276,138,138
E00067678,269,142,127
E00067679,304,154,150
E00067676,304,145,159
E00067680,448,228,220
E00067681,329,175,154
E00067682,323,173,150
E00185482,309,172,137
E00185558,307,150,157
E00067667,291,160,131
E00067669,331,169,162
E00067684,439,226,213
E00067690,285,147,138
E00067691,492,257,235
E00067664,254,130,124
E00067672,248,134,114
E00067673,223,124,99
E00067692,265,139,126
E00067693,221,118,103
E00067694,226,108,118
E00067793,376,203,173
E00067800,431,224,207
E00067802,305,159,146
E00067804,290,150,140
E00067806,330,167,163
E00067811,328,165,163
E00067814,269,138,131
E00067815,404,217,187
E00067819,551,261,290
E00067826,402,193,209
E00067828,465,237,228
E00067829,317,166,151
E00067830,318,166,152
E00067831,294,153,141
E00067832,276,144,132
E00067796,284,151,133
E00067798,243,123,120
E00067801,257,119,138
E00185480,296,147,149
E00185503,437,209,228
E00185514,459,227,232
E00185526,180,85,95
E00067795,311,174,137
E00067799,252,135,117
E00067803,320,167,153
E00067805,277,138,139
E00067807,283,143,140
E00067372,272,126,146
E00067373,126,64,62
E00067375,426,217,209
E00067376,238,113,125
E00067377,315,163,152
E00067339,194,102,92
E00067342,313,160,153
E00067350,369,195,174
E00067354,236,124,112
E00067371,261,117,144
E00067374,275,138,137
E00067810,250,132,118
E00067812,364,190,174
E00067813,357,172,185
E00067816,334,175,159
E00170144,255,131,124
E00170145,189,92,97
E00170146,234,123,111
E00067817,317,168,149
E00067818,262,143,119
E00067820,275,140,135
E00067821,251,137,114
E00067822,268,140,128
E00067794,229,127,102
E00067808,343,175,168
E00067823,297,145,152
E00067824,314,161,153
E00067825,305,158,147
E00067544,302,150,152
E00067546,242,129,113
E00067576,300,148,152
E00067578,248,131,117
E00067579,313,172,141
E00067545,422,228,194
E00067547,295,153,142
E00067548,297,143,154
E00067554,328,176,152
E00067555,330,183,147
E00067565,272,132,140
E00067568,277,133,144
E00067569,279,141,138
E00067571,275,137,138
E00067573,288,139,149
E00067582,347,189,158
E00067583,329,169,160
E00067584,355,177,178
E00067585,240,138,102
E00067586,277,159,118
E00067589,302,148,154
E00067590,195,111,84
E00067591,303,162,141
E00067592,209,116,93
E00067587,345,165,180
E00067588,251,139,112
E00067593,249,140,109
E00067594,319,165,154
E00067835,343,165,178
E00067836,362,173,189
E00067837,409,172,237
E00067838,266,141,125
E00067360,267,137,130
E00067362,256,158,98
E00067365,433,244,189
E00067366,267,140,127
E00067367,232,132,100
E00067368,317,175,142
E00067338,240,122,118
E00067341,348,195,153
E00067353,317,171,146
E00067361,277,146,131
E00067364,273,142,131
E00067370,225,119,106
E00067345,316,164,152
E00067349,293,149,144
E00067357,338,180,158
E00067379,319,151,168
E00067380,349,190,159
E00067344,370,194,176
E00067347,297,152,145
E00067348,385,202,183
E00067351,344,179,165
E00067343,447,231,216
E00067355,305,152,153
E00067356,372,189,183
E00067363,256,138,118
E00067378,238,122,116
E00067346,308,163,145
E00067352,279,163,116
E00067358,280,149,131
E00067359,190,92,98
E00185506,275,149,126
E00185539,427,256,171
E00067468,435,212,223
E00067469,373,194,179
E00067470,284,156,128
E00067471,276,151,125
E00067479,240,127,113
E00067480,301,159,142
E00067481,229,134,95
E00067574,264,138,126
E00067575,296,153,143
E00067577,316,164,152
E00067580,311,159,152
E00067581,436,238,198
E00067553,432,232,200
E00067557,496,259,237
E00067562,290,146,144
E00067563,388,184,204
E00170137,240,121,119
E00170138,261,126,135
E00185498,247,170,77
E00185515,467,237,230
E00067543,206,91,115
E00067566,369,208,161
E00067567,271,146,125
E00067570,545,287,258
E00067572,379,193,186
E00067760,618,333,285
E00067761,308,201,107
E00067783,337,171,166
E00067785,315,159,156
E00067778,314,168,146
E00067779,412,222,190
E00067784,351,191,160
E00067789,343,176,167
E00067791,300,150,150
E00067775,268,142,126
E00067781,293,163,130
E00067786,290,157,133
E00067788,306,161,145
E00067790,316,168,148
E00067792,253,128,125
E00067776,321,174,147
E00067777,275,144,131
E00067780,287,145,142
E00067782,262,137,125
E00067787,275,136,139
E00067299,336,164,172
E00067305,318,171,147
E00067306,309,159,150
E00067310,366,164,202
E00067321,299,166,133
E00067308,308,155,153
E00067309,283,139,144
E00067311,315,159,156
E00067312,259,116,143
E00067314,351,183,168
E00067300,276,136,140
E00067307,294,144,150
E00067313,295,147,148
E00067322,455,238,217
E00067323,333,177,156
E00067304,349,171,178
E00067315,311,163,148
E00067316,344,176,168
E00067320,324,165,159
E00170126,395,219,176
E00170151,264,127,137
E00170152,334,170,164
E00067301,331,161,170
E00067302,257,137,120
E00067303,322,161,161
E00067317,272,147,125
E00067319,355,184,171
E00067595,451,242,209
E00067602,347,170,177
E00067603,304,150,154
E00067611,236,116,120
E00067634,295,137,158
E00067484,200,111,89
E00067485,304,123,181
E00067486,311,150,161
E00067488,280,128,152
E00067490,286,136,150
E00170157,367,194,173
E00067472,287,145,142
E00067473,277,154,123
E00067474,201,95,106
E00067483,227,110,117
E00067487,243,121,122
E00067491,247,127,120
E00067494,218,105,113
E00067707,270,145,125
E00067709,256,134,122
E00067717,205,98,107
E00067718,269,138,131
E00067743,180,84,96
E00067746,301,161,140
E00067477,221,119,102
E00067478,235,114,121
E00170127,337,175,162
E00170133,297,154,143
E00185472,193,95,98
E00185509,318,158,160
E00067719,209,101,108
E00170129,228,106,122
E00170130,264,120,144
E00170132,165,75,90
E00170140,133,59,74
E00170154,104,48,56
E00067742,261,124,137
E00067745,212,112,100
E00067747,260,128,132
E00185468,303,141,162
E00067476,352,162,190
E00170134,228,107,121
E00185470,571,335,236
E00185484,500,305,195
E00185504,103,57,46
E00185511,530,329,201
E00185555,102,54,48
E00185563,283,126,157
E00067542,318,167,151
E00067549,355,174,181
E00067550,292,139,153
E00067556,364,185,179
E00067558,313,150,163
E00067643,318,159,159
E00067649,304,153,151
E00067652,355,191,164
E00067654,351,178,173
E00067655,396,207,189
E00067749,306,164,142
E00067756,288,149,139
E00185486,110,58,52
E00185488,113,78,35
E00185531,608,322,286
E00185536,337,179,158
E00185544,562,288,274
E00185562,396,204,192
E00067750,349,183,166
E00067753,343,179,164
E00067754,465,230,235
E00067757,332,174,158
E00067758,258,135,123
E00067759,277,157,120
E00067552,328,171,157
E00067559,305,159,146
E00067560,248,116,132
E00067561,411,213,198
E00067564,352,201,151
E00067637,419,209,210
E00067639,387,201,186
E00067646,411,209,202
E00067661,361,193,168
E00067638,250,144,106
E00067656,485,252,233
E00067657,310,166,144
E00067658,336,166,170
E00067660,372,195,177
E00067642,274,158,116
E00067644,360,196,164
E00067647,290,150,140
E00170147,265,133,132
E00170148,170,82,88
E00170149,192,109,83
E00170150,159,86,73
E00067640,406,209,197
E00067641,299,145,154
E00067659,472,242,230
E00067662,428,228,200
E00067645,339,168,171
E00067648,349,195,154
E00067650,428,228,200
E00067651,439,245,194
E00067653,339,184,155
E00067601,364,186,178
E00067605,235,123,112
E00067606,257,141,116
E00067607,277,143,134
E00067612,353,180,173
E00067604,263,137,126
E00067609,312,165,147
E00067613,269,130,139
E00067614,303,166,137
E00067615,281,142,139
E00067616,328,164,164
E00067619,329,172,157
E00067623,273,145,128
E00067624,209,106,103
E00067627,276,135,141
E00067610,283,153,130
E00067618,350,170,180
E00067621,315,174,141
E00067628,294,159,135
E00067629,299,158,141
E00067864,253,132,121
E00067887,328,176,152
E00067888,314,154,160
E00067890,292,145,147
E00067899,308,156,152
E00067865,261,142,119
E00067866,276,134,142
E00067886,248,133,115
E00067893,249,140,109
E00067896,298,150,148
E00067902,235,127,108
E00067596,195,97,98
E00067599,231,109,122
E00067600,225,115,110
E00067633,254,133,121
E00067635,301,166,135
E00067636,266,129,137
E00067598,264,134,130
E00067608,267,132,135
E00067617,233,123,110
E00067620,224,116,108
E00067622,239,101,138
E00170128,168,77,91
E00170141,192,99,93
E00170142,183,103,80
E00170143,187,100,87
E00067625,297,142,155
E00067626,301,161,140
E00067630,305,148,157
E00067631,300,150,150
E00067632,285,155,130
E00067711,317,165,152
E00067712,339,170,169
E00067722,205,102,103
E00067725,285,142,143
E00067726,222,118,104
E00067730,230,122,108
E00067706,337,176,161
E00067708,356,170,186
E00067716,337,186,151
E00067724,303,151,152
E00067729,195,94,101
E00067748,262,136,126
E00067885,295,154,141
E00067889,348,185,163
E00067895,265,140,125
E00067897,280,137,143
E00067901,299,159,140
E00067867,407,223,184
E00067869,337,193,144
E00067870,197,102,95
E00067872,236,125,111
E00067876,261,133,128
E00067898,202,104,98
E00067862,376,188,188
E00067863,309,174,135
E00067891,313,168,145
E00067892,263,137,126
E00067894,256,136,120
E00067857,277,143,134
E00067868,314,158,156
E00067873,390,191,199
E00067875,257,121,136
E00067879,431,229,202
E00067871,253,131,122
E00067874,269,142,127
E00067877,299,146,153
E00067900,353,184,169
E00067903,358,186,172
E00067859,268,135,133
E00067860,333,173,160
E00067882,330,168,162
E00067883,252,133,119
E00067884,253,123,130
E00067433,337,166,171
E00067446,358,189,169
E00067448,392,198,194
E00067449,331,175,156
E00067450,377,199,178
E00067436,338,176,162
E00067438,298,156,142
E00067439,312,166,146
E00067440,322,165,157
E00067441,416,209,207
E00067432,250,139,111
E00067442,299,144,155
E00067443,267,114,153
E00067444,261,133,128
E00067445,518,149,369
E00067447,332,170,162
E00067431,392,218,174
E00067434,410,231,179
E00067452,294,156,138
E00185478,313,168,145
E00185491,404,186,218
E00185494,255,142,113
E00185510,618,419,199
E00185530,316,178,138
E00067435,294,150,144
E00067437,329,159,170
E00067453,249,119,130
E00067454,433,221,212
E00067456,327,184,143
E00067457,239,133,106
E00067710,205,108,97
E00067720,248,114,134
E00067721,253,128,125
E00067723,257,126,131
E00067727,256,138,118
E00067728,272,146,126
E00067382,340,179,161
E00067384,402,207,195
E00067385,266,136,130
E00067388,277,141,136
E00067391,240,133,107
E00067392,170,84,86
E00067393,234,131,103
E00067381,298,156,142
E00067383,294,158,136
E00067386,297,153,144
E00067387,288,151,137
E00067389,317,163,154
E00067390,238,121,117
E00067905,281,140,141
E00067906,384,194,190
E00067907,267,145,122
E00067908,339,175,164
E00067911,326,173,153
E00067912,317,158,159
E00067913,450,244,206
E00067914,242,132,110
E00067916,310,172,138
E00067395,264,130,134
E00067406,329,171,158
E00067421,297,161,136
E00067428,294,149,145
E00067430,375,194,181
E00185533,266,139,127
E00185541,516,277,239
E00067398,343,185,158
E00067399,310,148,162
E00067410,298,167,131
E00067411,298,148,150
E00067418,266,125,141
E00067713,257,130,127
E00067731,252,137,115
E00067733,246,119,127
E00067735,217,113,104
E00067736,205,119,86
E00067737,256,135,121
E00185485,269,144,125
E00185512,326,169,157
E00185550,129,69,60
E00067714,571,298,273
E00067715,254,120,134
E00067732,249,122,127
E00067734,237,127,110
E00067738,205,110,95
E00067740,232,116,116
E00067400,330,156,174
E00067417,207,106,101
E00067419,264,134,130
E00067422,281,140,141
E00067424,221,119,102
E00067426,268,138,130
E00067394,247,131,116
E00067401,301,147,154
E00067405,280,142,138
E00067408,254,130,124
E00067409,231,122,109
E00067397,260,141,119
E00067403,297,158,139
E00067404,273,130,143
E00067429,297,163,134
E00185477,228,122,106
E00185479,331,157,174
E00185516,115,57,58
E00067407,248,125,123
E00067416,271,141,130
E00067423,247,132,115
E00067425,296,150,146
E00067427,294,149,145
E00067412,311,173,138
E00067413,269,140,129
E00067414,317,163,154
E00067415,336,171,165
E00067420,354,170,184
E00067858,307,161,146
E00067861,416,235,181
E00067878,349,169,180
E00067880,264,135,129
E00067881,300,155,145
E00170122,215,123,92
E00170123,2570,1407,1163
E00170124,1864,1041,823
E00185467,361,188,173
E00185520,1073,562,511
E00185545,133,76,57
E00067904,286,145,141
E00067909,224,113,111
E00067910,285,142,143
E00067915,138,69,69
E00067917,304,140,164
E00067458,330,166,164
E00067460,279,138,141
E00067461,306,160,146
E00067465,330,178,152
E00185561,454,232,222
E00067459,304,150,154
E00067463,365,202,163
E00067464,290,148,142
E00067466,240,127,113
E00185540,187,91,96
E00067331,356,168,188
E00067332,329,172,157
E00067334,330,162,168
E00067335,306,169,137
E00067327,309,163,146
E00067328,173,85,88
E00067329,305,171,134
E00067336,235,130,105
E00067337,307,173,134
E00067330,351,172,179
E00067333,336,168,168
E00170155,326,168,158
E00185493,331,176,155
E00185552,147,78,69
E00067762,261,134,127
E00067771,363,179,184
E00067772,369,184,185
E00067774,316,158,158
E00067763,297,150,147
E00067767,330,169,161
E00067769,316,166,150
E00067773,355,171,184
E00067764,273,145,128
E00067765,268,132,136
E00067766,285,149,136
E00067768,234,125,109
E00067770,479,242,237
E00140271,377,182,195
E00140275,258,132,126
E00140276,317,166,151
E00140277,379,194,185
E00140281,321,174,147
E00140282,256,132,124
E00140272,256,134,122
E00140273,379,192,187
E00140274,229,117,112
E00140278,261,134,127
E00140279,332,167,165
E00140280,247,118,129
E00140334,288,143,145
E00140335,231,109,122
E00140336,350,171,179
E00140337,259,137,122
E00140345,236,117,119
E00140338,297,155,142
E00140339,241,121,120
E00140340,399,199,200
E00140341,221,118,103
E00140342,255,148,107
E00140343,306,154,152
E00140344,435,228,207
E00140346,300,144,156
E00140329,351,174,177
E00140330,249,132,117
E00140331,302,159,143
E00140332,352,173,179
E00140333,422,216,206
E00189822,304,151,153
E00189867,272,133,139
E00140347,302,169,133
E00140348,179,87,92
E00140349,299,143,156
E00140350,472,248,224
E00140351,187,92,95
E00140352,218,101,117
E00140353,212,104,108
E00140354,344,167,177
E00140358,180,89,91
E00140359,291,153,138
E00140360,400,202,198
E00140361,365,190,175
E00140362,255,133,122
E00140364,223,120,103
E00140355,309,163,146
E00140356,385,216,169
E00140357,344,187,157
E00140363,271,136,135
E00140365,391,196,195
E00140366,281,143,138
E00140369,498,254,244
E00140370,270,133,137
E00140371,333,169,164
E00140372,336,173,163
E00140367,279,139,140
E00140368,283,147,136
E00140373,337,166,171
E00140374,276,129,147
E00140375,167,92,75
E00140376,269,138,131
E00140377,237,124,113
E00140378,385,202,183
E00140379,254,136,118
E00140380,333,165,168
E00140381,261,130,131
E00140386,253,126,127
E00140388,205,107,98
E00140389,240,123,117
E00140391,368,189,179
E00140393,240,135,105
E00140397,294,131,163
E00140399,270,145,125
E00140390,231,122,109
E00140392,233,127,106
E00140394,223,114,109
E00140395,236,127,109
E00140396,264,139,125
E00140398,259,121,138
E00140400,216,110,106
E00140401,261,150,111
E00140402,302,153,149
E00140403,317,164,153
E00140409,330,169,161
E00140410,302,163,139
E00140411,242,125,117
E00140412,300,145,155
E00140413,461,236,225
E00140405,309,174,135
E00140408,374,176,198
E00140415,443,224,219
E00140416,318,156,162
E00140404,308,163,145
E00140406,289,146,143
E00140407,291,132,159
E00189904,293,152,141
E00189907,108,47,61
E00140253,210,110,100
E00140254,444,236,208
E00140255,218,111,107
E00140256,215,113,102
E00140257,384,194,190
E00140261,509,256,253
E00140283,343,174,169
E00140284,527,263,264
E00140285,365,184,181
E00140286,351,176,175
E00140287,302,153,149
E00140288,260,128,132
E00140289,310,155,155
E00140299,293,157,136
E00140300,332,163,169
E00140301,243,137,106
E00140302,293,188,105
E00140303,294,151,143
E00140437,152,82,70
E00140438,373,184,189
E00140439,381,199,182
E00140440,307,165,142
E00140441,292,149,143
E00140442,452,238,214
E00140249,249,140,109
E00140250,287,150,137
E00140251,283,143,140
E00140252,386,198,188
E00140258,281,149,132
E00140259,200,113,87
E00140260,222,120,102
E00140308,355,190,165
E00140309,282,155,127
E00140311,319,162,157
E00140319,262,131,131
E00140310,338,171,167
E00140315,359,186,173
E00140316,301,166,135
E00140318,294,149,145
E00140320,287,161,126
E00140312,314,171,143
E00140313,276,134,142
E00140314,324,164,160
E00140317,469,240,229
E00140418,342,177,165
E00140419,286,150,136
E00140420,348,169,179
E00140421,534,290,244
E00140423,259,131,128
E00140424,252,140,112
E00140417,439,224,215
E00140422,335,170,165
E00140425,217,129,88
E00140426,155,74,81
E00140427,330,169,161
E00140428,444,245,199
E00140262,207,99,108
E00140265,157,78,79
E00140266,169,82,87
E00140267,345,196,149
E00140269,152,71,81
E00140270,152,72,80
E00189796,391,192,199
E00140290,354,184,170
E00140291,372,189,183
E00140292,346,178,168
E00140293,194,91,103
E00140294,339,185,154
E00140295,310,164,146
E00140296,227,116,111
E00140297,173,81,92
E00140298,226,108,118
E00140304,343,177,166
E00140305,170,87,83
E00140306,210,105,105
E00140307,190,98,92
E00140321,185,102,83
E00140322,243,136,107
E00140323,210,110,100
E00140324,240,129,111
E00140325,229,113,116
E00140326,295,147,148
E00140327,124,63,61
E00140382,403,210,193
E00140383,307,156,151
E00140384,508,270,238
E00140385,307,160,147
E00140387,275,139,136
E00140429,127,63,64
E00140430,174,84,90
E00140431,136,75,61
E00140432,321,165,156
E00140433,123,62,61
E00140434,292,160,132
E00140435,313,165,148
E00140436,318,173,145
E00140465,276,138,138
E00140466,264,133,131
E00140467,319,155,164
E00140468,141,69,72
E00140469,356,193,163
E00140470,274,138,136
E00140502,202,113,89
E00140504,282,136,146
E00140510,299,160,139
E00140512,109,54,55
E00140514,275,142,133
E00140519,142,65,77
E00140520,220,103,117
E00140501,257,128,129
E00140507,307,169,138
E00140509,360,182,178
E00140511,289,164,125
E00140513,239,130,109
E00140515,165,82,83
E00140665,345,179,166
E00140671,273,145,128
E00140672,285,147,138
E00140674,275,145,130
E00140670,489,262,227
E00140675,380,195,185
E00140676,294,144,150
E00140677,284,137,147
E00140678,282,148,134
E00140503,252,127,125
E00140505,267,139,128
E00140506,250,116,134
E00140508,230,125,105
E00140516,240,129,111
E00140517,229,124,105
E00140518,203,110,93
E00140623,356,186,170
E00140624,295,151,144
E00140625,291,153,138
E00140626,299,156,143
E00140627,329,165,164
E00140629,297,145,152
E00140630,386,199,187
E00140631,116,62,54
E00140664,300,148,152
E00140668,303,159,144
E00140669,380,200,180
E00140673,248,134,114
E00140661,218,105,113
E00140662,323,160,163
E00140663,266,135,131
E00140666,271,137,134
E00140667,501,268,233
E00140679,313,159,154
E00140680,364,177,187
E00140681,189,91,98
E00140682,306,160,146
E00140683,250,132,118
E00140684,313,154,159
E00140458,247,133,114
E00140459,313,162,151
E00140460,421,207,214
E00140461,202,92,110
E00140462,383,186,197
E00140463,547,280,267
E00140464,341,178,163
E00140471,183,99,84
E00140472,263,130,133
E00140473,202,101,101
E00140474,219,109,110
E00140475,194,99,95
E00140476,241,121,120
E00140477,266,132,134
E00140478,138,65,73
E00140598,266,131,135
E00140599,267,130,137
E00140600,270,130,140
E00140601,259,135,124
E00140602,197,106,91
E00140603,203,101,102
E00140604,263,134,129
E00140620,238,124,114
E00140621,244,125,119
E00140622,157,79,78
E00140628,119,57,62
E00140632,284,142,142
E00140545,503,251,252
E00140546,560,270,290
E00140547,275,148,127
E00140548,294,151,143
E00140549,421,204,217
E00140550,285,156,129
E00140551,191,97,94
E00140552,382,211,171
E00140553,309,160,149
E00140554,179,97,82
E00140555,159,77,82
E00140556,359,192,167
E00140562,273,143,130
E00140564,310,159,151
E00140568,280,154,126
E00140569,284,143,141
E00140606,259,135,124
E00140609,191,99,92
E00140610,220,115,105
E00140615,262,135,127
E00140618,277,149,128
E00140613,276,147,129
E00140616,301,145,156
E00140617,253,136,117
E00170103,332,172,160
E00140447,251,131,120
E00140453,302,147,155
E00140455,263,136,127
E00140456,225,111,114
E00140457,287,160,127
E00140448,351,174,177
E00140449,458,233,225
E00140450,340,177,163
E00140451,324,171,153
E00140454,236,125,111
E00140443,426,227,199
E00140444,285,151,134
E00140445,543,266,277
E00140446,503,262,241
E00140452,248,127,121
E00140479,109,52,57
E00140480,313,159,154
E00140481,331,170,161
E00140482,208,107,101
E00140483,404,218,186
E00140484,147,72,75
E00140485,199,102,97
E00140685,125,62,63
E00140686,303,149,154
E00140687,415,202,213
E00140688,134,73,61
E00140689,244,125,119
E00140690,331,173,158
E00140691,275,142,133
E00140712,114,60,54
E00140713,145,71,74
E00140714,164,87,77
E00140715,140,66,74
E00140716,246,120,126
E00140717,338,170,168
E00140718,272,141,131
E00140719,387,198,189
E00140537,292,142,150
E00140538,258,126,132
E00140539,232,116,116
E00140541,186,93,93
E00170091,127,56,71
E00170093,309,152,157
E00170094,174,82,92
E00189805,439,219,220
E00189817,156,81,75
E00189819,526,97,429
E00140643,388,216,172
E00140644,305,149,156
E00140645,296,154,142
E00140652,307,163,144
E00170097,312,169,143
E00170098,296,149,147
E00140701,420,211,209
E00140705,242,126,116
E00140706,253,121,132
E00140707,277,132,145
E00140708,309,163,146
E00140709,289,144,145
E00140695,239,112,127
E00140696,278,140,138
E00140699,294,151,143
E00140710,273,146,127
E00140711,279,150,129
E00140692,479,253,226
E00140693,316,168,148
E00140694,276,134,142
E00189841,314,160,154
E00189865,357,192,165
E00140742,145,74,71
E00140743,389,200,189
E00140744,198,99,99
E00140745,124,64,60
E00140746,329,166,163
E00140747,243,132,111
E00140748,289,153,136
E00140749,109,64,45
E00140698,258,139,119
E00140700,313,163,150
E00140702,270,142,128
E00140703,306,158,148
E00140704,338,176,162
E00140727,201,104,97
E00140728,605,301,304
E00140729,220,109,111
E00140730,422,206,216
E00140731,344,166,178
E00140732,352,179,173
E00189797,541,218,323
E00140734,293,152,141
E00140735,272,135,137
E00140736,163,88,75
E00140737,250,129,121
E00140738,392,203,189
E00140739,198,104,94
E00140740,133,67,66
E00140741,264,142,122
E00140646,280,147,133
E00189877,473,241,232
E00189878,619,326,293
E00189894,118,75,43
E00189913,284,153,131
E00189914,124,66,58
E00140641,289,150,139
E00140647,264,145,119
E00140649,264,131,133
E00140650,292,157,135
E00140651,257,142,115
E00189861,134,73,61
E00140496,220,115,105
E00140497,292,156,136
E00140498,441,245,196
E00140499,268,138,130
E00189813,157,85,72
E00189888,491,260,231
E00140488,488,265,223
E00140489,399,193,206
E00140494,276,151,125
E00140495,236,116,120
E00140500,388,211,177
E00140487,269,138,131
E00140490,268,146,122
E00140491,322,176,146
E00140492,270,144,126
E00140493,521,284,237
E00140529,318,163,155
E00140530,258,135,123
E00140531,216,112,104
E00140532,155,82,73
E00140533,267,139,128
E00140534,283,143,140
E00140535,329,172,157
E00140536,221,93,128
E00140654,381,190,191
E00140655,246,117,129
E00140656,108,57,51
E00140657,259,133,126
E00140658,252,136,116
E00140659,313,169,144
E00170102,392,196,196
E00140521,287,147,140
E00140522,225,114,111
E00140523,287,132,155
E00140524,159,80,79
E00140525,307,155,152
E00140526,261,124,137
E00140527,242,109,133
E00140528,125,65,60
E00140633,235,124,111
E00140634,188,95,93
E00140635,162,81,81
E00140636,175,91,84
E00140637,336,174,162
E00140638,263,128,135
E00140639,444,219,225
E00140640,399,211,188
E00140720,331,167,164
E00140721,286,138,148
E00140722,308,154,154
E00140723,180,89,91
E00140724,446,223,223
E00140725,427,230,197
E00140726,120,63,57
E00140557,243,129,114
E00140563,281,144,137
E00140565,316,175,141
E00140566,309,168,141
E00140567,276,147,129
E00140572,246,123,123
E00140573,293,154,139
E00140574,145,69,76
E00140575,336,174,162
E00140579,338,180,158
E00140571,308,167,141
E00140581,239,119,120
E00140582,313,161,152
E00140583,266,145,121
E00189824,357,191,166
E00189898,106,50,56
E00140586,258,144,114
E00140587,322,163,159
E00140588,257,131,126
E00189815,298,154,144
E00189831,387,200,187
E00140591,274,144,130
E00140592,569,299,270
E00140597,297,166,131
E00140558,298,166,132
E00140559,235,109,126
E00140561,249,136,113
E00170099,196,108,88
E00170100,233,111,122
E00170101,297,164,133
E00140570,367,188,179
E00140576,343,179,164
E00140577,320,163,157
E00140578,389,197,192
E00140580,282,149,133
E00140589,315,150,165
E00140590,266,144,122
E00140593,208,103,105
E00140594,307,163,144
E00140595,208,105,103
E00140596,338,175,163
E00140607,249,128,121
E00140608,467,249,218
E00140611,183,92,91
E00140612,331,180,151
E00140614,223,111,112
E00140894,289,147,142
E00140895,261,135,126
E00140896,254,138,116
E00140897,391,202,189
E00140898,300,152,148
E00140901,293,148,145
E00140893,389,195,194
E00140899,390,188,202
E00140900,380,191,189
E00140902,159,78,81
E00140903,145,71,74
E00141000,179,98,81
E00141001,217,118,99
E00141002,265,136,129
E00141003,247,132,115
E00141004,204,102,102
E00140996,211,104,107
E00140997,292,145,147
E00140998,226,116,110
E00140999,240,123,117
E00141005,161,80,81
E00141139,370,195,175
E00141141,560,285,275
E00141142,313,178,135
E00189899,178,87,91
E00189905,467,65,402
E00141140,342,168,174
E00141143,281,139,142
E00141144,341,189,152
E00141145,264,116,148
E00141146,381,212,169
E00141131,262,131,131
E00141136,245,121,124
E00141138,325,174,151
E00171023,314,169,145
E00171024,221,114,107
E00171025,223,111,112
E00141133,395,194,201
E00141134,438,244,194
E00141137,332,144,188
E00140771,273,142,131
E00140774,233,124,109
E00140775,353,186,167
E00140776,338,171,167
E00140777,317,161,156
E00141006,262,128,134
E00141012,192,102,90
E00141014,219,110,109
E00141015,346,188,158
E00141016,229,110,119
E00141017,361,183,178
E00141250,311,150,161
E00141254,235,121,114
E00141255,415,225,190
E00141257,395,223,172
E00141258,315,153,162
E00141249,321,164,157
E00141251,116,55,61
E00141252,403,200,203
E00141253,426,207,219
E00141256,437,220,217
E00141100,344,176,168
E00141109,326,162,164
E00141110,347,176,171
E00141112,269,138,131
E00141113,485,256,229
E00141097,299,159,140
E00141098,273,132,141
E00141101,303,140,163
E00141103,239,138,101
E00141105,261,146,115
E00141107,235,130,105
E00141111,174,88,86
E00141096,286,144,142
E00141099,256,143,113
E00141102,307,168,139
E00141104,341,173,168
E00141106,256,130,126
E00141108,273,134,139
E00141117,206,106,100
E00141118,428,232,196
E00141127,273,137,136
E00141129,222,116,106
E00141130,261,136,125
E00141120,378,195,183
E00141123,319,170,149
E00141124,264,135,129
E00141126,263,134,129
E00141116,250,137,113
E00141119,289,149,140
E00141125,281,138,143
E00141128,311,166,145
E00141114,291,151,140
E00141115,333,158,175
E00141121,370,195,175
E00141122,324,161,163
E00140779,238,129,109
E00140780,337,180,157
E00140783,241,128,113
E00140784,287,142,145
E00140785,332,168,164
E00140782,336,173,163
E00140786,275,146,129
E00140787,343,176,167
E00140788,304,144,160
E00189837,360,193,167
E00189845,351,185,166
E00140790,478,242,236
E00140794,252,138,114
E00140796,166,85,81
E00140797,282,148,134
E00140798,252,124,128
E00171021,388,197,191
E00141008,460,242,218
E00141009,425,220,205
E00141010,250,122,128
E00141011,165,86,79
E00189798,619,316,303
E00140978,222,119,103
E00140979,320,151,169
E00140983,584,288,296
E00140984,258,132,126
E00140985,256,134,122
E00141037,292,148,144
E00141038,402,206,196
E00141039,379,193,186
E00141040,385,201,184
E00141045,311,149,162
E00141073,182,87,95
E00141074,295,156,139
E00141077,217,107,110
E00141079,316,150,166
E00141080,268,143,125
E00141082,156,78,78
E00141083,112,56,56
E00141075,261,144,117
E00141076,224,107,117
E00141078,283,147,136
E00141081,281,144,137
E00140769,312,168,144
E00140770,293,157,136
E00140772,349,172,177
E00140773,346,180,166
E00140778,164,90,74
E00140791,151,81,70
E00140793,133,69,64
E00140795,213,107,106
E00140799,338,177,161
E00140800,358,180,178
E00140801,452,224,228
E00140937,296,149,147
E00140938,256,121,135
E00140943,243,136,107
E00140946,164,87,77
E00140947,346,182,164
E00140939,363,189,174
E00140940,222,123,99
E00140941,250,124,126
E00140948,356,177,179
E00140949,337,171,166
E00140953,230,115,115
E00171022,335,179,156
E00189830,601,314,287
E00189851,288,149,139
E00140752,355,176,179
E00140753,272,147,125
E00140756,310,153,157
E00140758,295,155,140
E00140886,560,303,257
E00140888,396,199,197
E00140891,145,64,81
E00140892,213,112,101
E00141180,283,142,141
E00141181,321,167,154
E00141183,304,174,130
E00141184,574,287,287
E00140882,138,70,68
E00140883,380,195,185
E00140884,186,100,86
E00140885,603,320,283
E00140887,521,263,258
E00140889,523,276,247
E00189844,1544,252,1292
E00189864,101,43,58
E00140904,349,198,151
E00140906,347,189,158
E00140912,271,153,118
E00140917,309,160,149
E00140918,280,144,136
E00140909,271,140,131
E00140910,242,133,109
E00140911,351,182,169
E00140914,248,111,137
E00140915,255,138,117
E00140916,259,141,118
E00140919,300,169,131
E00140921,273,152,121
E00140922,250,137,113
E00140925,308,149,159
E00140926,282,146,136
E00140927,281,144,137
E00140936,331,180,151
E00140942,379,188,191
E00140944,404,196,208
E00140945,396,207,189
E00140950,347,183,164
E00140951,262,138,124
E00140750,329,161,168
E00140754,256,134,122
E00140759,256,137,119
E00140761,200,97,103
E00140762,265,143,122
E00140755,239,123,116
E00140757,210,114,96
E00140760,241,117,124
E00189808,313,154,159
E00189871,213,105,108
E00140763,294,154,140
E00140764,265,130,135
E00140765,295,153,142
E00140766,333,183,150
E00140767,268,139,129
E00141021,266,134,132
E00141033,263,131,132
E00141034,266,145,121
E00141035,348,188,160
E00141036,234,119,115
E00141260,283,136,147
E00141263,303,159,144
E00141273,206,109,97
E00141274,203,106,97
E00141276,261,132,129
E00141259,298,160,138
E00141264,289,148,141
E00141277,197,103,94
E00141279,253,125,128
E00141262,342,175,167
E00141269,201,102,99
E00141270,265,140,125
E00141271,277,142,135
E00141272,300,150,150
E00141022,266,139,127
E00141025,286,151,135
E00141027,221,105,116
E00141030,219,106,113
E00141032,373,205,168
E00141018,312,147,165
E00141019,239,111,128
E00141023,362,196,166
E00141024,342,187,155
E00141028,272,149,123
E00141168,307,148,159
E00141170,279,149,130
E00141171,288,146,142
E00141175,249,138,111
E00189855,297,148,149
E00189875,454,236,218
E00141167,283,143,140
E00141177,290,144,146
E00141179,291,148,143
E00141182,299,162,137
E00141185,278,155,123
E00141166,206,109,97
E00141172,264,140,124
E00141173,235,107,128
E00141174,248,125,123
E00141176,239,128,111
E00141178,270,139,131
E00140905,296,155,141
E00140907,312,151,161
E00140908,294,156,138
E00140913,308,167,141
E00140920,334,175,159
E00140928,325,158,167
E00140929,293,156,137
E00140930,288,156,132
E00140932,295,154,141
E00140934,311,154,157
E00140923,462,230,232
E00140924,278,136,142
E00140931,313,168,145
E00140933,279,154,125
E00140935,282,138,144
E00141087,326,173,153
E00141088,319,159,160
E00141089,475,233,242
E00141095,102,54,48
E00140805,315,169,146
E00140807,329,154,175
E00140815,472,238,234
E00140817,528,281,247
E00140820,500,285,215
E00140802,283,148,135
E00140809,328,175,153
E00140810,366,195,171
E00140812,350,175,175
E00140813,136,63,73
E00140845,271,123,148
E00140847,242,121,121
E00140848,230,118,112
E00140849,208,112,96
E00140852,245,114,131
E00140841,197,94,103
E00140846,276,141,135
E00140850,304,152,152
E00140851,279,144,135
E00140854,237,114,123
E00140859,225,126,99
E00141020,338,172,166
E00141026,249,137,112
E00141029,240,129,111
E00141031,312,150,162
E00141261,174,75,99
E00141265,283,142,141
E00141266,267,144,123
E00141267,220,108,112
E00141268,205,110,95
E00141275,213,118,95
E00141278,163,84,79
E00140811,283,141,142
E00140814,319,161,158
E00140819,447,223,224
E00171027,463,241,222
E00140803,292,153,139
E00140804,367,192,175
E00140808,286,143,143
E00140816,306,159,147
E00140818,337,164,173
E00141205,362,197,165
E00141207,240,126,114
E00141208,237,123,114
E00141211,248,127,121
E00189853,285,150,135
E00189897,366,186,180
E00141203,315,161,154
E00141206,287,150,137
E00141210,276,136,140
E00141212,358,186,172
E00189823,129,71,58
E00189852,407,206,201
E00141198,243,123,120
E00141213,236,140,96
E00141215,305,168,137
E00141216,262,139,123
E00141217,279,147,132
E00141199,309,162,147
E00141200,310,161,149
E00141201,355,194,161
E00141202,224,127,97
E00141214,261,132,129
E00140832,244,139,105
E00140833,523,287,236
E00140834,333,164,169
E00140835,320,162,158
E00140837,298,156,142
E00140826,415,223,192
E00140827,259,127,132
E00140828,365,207,158
E00140831,275,148,127
E00140842,247,117,130
E00140853,271,134,137
E00140855,309,146,163
E00140856,338,161,177
E00140857,286,129,157
E00140858,256,119,137
E00140970,380,191,189
E00140971,243,122,121
E00140972,236,109,127
E00140973,267,136,131
E00140974,294,140,154
E00140957,243,117,126
E00140958,291,127,164
E00140960,319,135,184
E00140961,262,127,135
E00140964,339,162,177
E00140975,305,138,167
E00140954,194,110,84
E00140955,276,142,134
E00140962,326,171,155
E00140963,235,112,123
E00140965,257,125,132
E00140989,393,199,194
E00140990,446,219,227
E00140991,254,124,130
E00140992,426,217,209
E00140994,268,137,131
E00140986,418,204,214
E00140987,348,172,176
E00140988,318,153,165
E00140993,147,81,66
E00140995,200,98,102
E00141046,301,153,148
E00141047,322,162,160
E00141050,266,142,124
E00141053,369,182,187
E00141054,460,221,239
E00141048,349,171,178
E00141051,320,145,175
E00171018,932,480,452
E00171020,175,89,86
E00189892,520,249,271
E00189915,125,67,58
E00141084,155,78,77
E00141085,139,72,67
E00141086,144,77,67
E00141090,148,75,73
E00141091,543,268,275
E00141092,280,163,117
E00141093,319,175,144
E00141094,283,143,140
E00140866,244,134,110
E00140870,351,173,178
E00140873,347,168,179
E00140879,303,158,145
E00140881,235,128,107
E00140867,290,155,135
E00140868,280,146,134
E00140876,282,152,130
E00140878,274,148,126
E00140880,292,141,151
E00140863,317,165,152
E00140869,288,145,143
E00140871,308,152,156
E00140872,310,176,134
E00140864,264,142,122
E00140865,255,140,115
E00140874,283,150,133
E00140875,320,154,166
E00140877,234,109,125
E00141055,267,136,131
E00141057,326,164,162
E00141058,295,152,143
E00141059,267,131,136
E00141061,301,153,148
E00141220,308,171,137
E00141229,409,225,184
E00141231,358,178,180
E00141232,289,147,142
E00140976,397,202,195
E00140977,394,199,195
E00140980,244,130,114
E00140981,262,139,123
E00140982,352,167,185
E00141041,496,262,234
E00141044,345,173,172
E00171026,337,167,170
E00141240,183,98,85
E00141244,479,251,228
E00141245,221,111,110
E00141246,533,272,261
E00141247,295,152,143
E00141236,251,137,114
E00141237,312,157,155
E00141238,186,93,93
E00141239,136,66,70
E00141241,203,102,101
E00141242,167,80,87
E00141243,149,75,74
E00141248,193,100,93
E00140840,236,123,113
E00140843,223,126,97
E00140844,269,134,135
E00140860,279,152,127
E00140861,375,182,193
E00140862,310,155,155
E00140956,308,157,151
E00140959,188,111,77
E00140966,257,134,123
E00140967,279,152,127
E00140968,227,132,95
E00140969,253,137,116
E00141222,349,171,178
E00141223,247,135,112
E00141233,253,119,134
E00141234,342,171,171
E00141235,295,150,145
E00141219,351,187,164
E00141224,266,149,117
E00141226,283,142,141
E00141227,221,125,96
E00141228,331,186,145
E00141218,289,152,137
E00141221,346,187,159
E00141225,320,162,158
E00141230,270,149,121
E00140822,414,227,187
E00140823,354,185,169
E00140836,168,102,66
E00140838,275,147,128
E00140839,526,272,254
E00140824,336,184,152
E00140825,258,131,127
E00140829,266,130,136
E00140830,285,151,134
E00141056,316,171,145
E00141060,312,156,156
E00141062,283,147,136
E00141065,372,195,177
E00141072,263,137,126
E00141147,291,153,138
E00141148,300,157,143
E00141157,345,174,171
E00141158,280,141,139
E00141159,290,152,138
E00141149,297,162,135
E00141151,294,152,142
E00141161,330,168,162
E00141162,355,165,190
E00141164,306,165,141
E00141152,297,155,142
E00141153,410,210,200
E00141160,339,165,174
E00171016,330,178,152
E00171017,326,183,143
E00171028,326,180,146
E00141150,268,134,134
E00141155,374,186,188
E00141156,317,145,172
E00141163,239,128,111
E00141165,312,178,134
E00141066,358,179,179
E00141067,354,181,173
E00141068,302,156,146
E00141069,305,155,150
E00141063,346,189,157
E00141064,357,174,183
E00141070,275,139,136
E00141071,590,303,287
E00141186,201,106,95
E00141187,485,251,234
E00141194,174,93,81
E00141195,300,160,140
E00141196,200,104,96
E00141197,326,167,159
E00141188,141,68,73
E00141189,225,127,98
E00141190,260,133,127
E00141191,357,182,175
E00141192,302,152,150
E00141193,259,148,111
E00141286,273,147,126
E00141287,258,135,123
E00141288,244,123,121
E00141289,222,110,112
E00141290,176,80,96
E00141325,321,168,153
E00141326,144,74,70
E00141327,314,161,153
E00141328,305,149,156
E00141329,202,103,99
E00141331,177,90,87
E00141332,282,144,138
E00141333,276,136,140
E00141334,233,117,116
E00171336,221,116,105
E00141369,406,201,205
E00141370,296,148,148
E00141371,319,167,152
E00141372,386,193,193
E00141378,268,143,125
E00141379,309,164,145
E00141380,166,84,82
E00141381,358,190,168
E00141382,148,70,78
E00141383,172,90,82
E00141384,132,61,71
E00141385,263,137,126
E00141386,146,75,71
E00141387,345,177,168
E00141388,127,61,66
E00141401,300,155,145
E00141402,341,183,158
E00141403,320,172,148
E00141404,357,195,162
E00141405,285,156,129
E00141399,361,190,171
E00141400,204,123,81
E00141406,331,169,162
E00141407,278,150,128
E00141409,273,140,133
E00141410,263,146,117
E00141413,329,174,155
E00141415,314,170,144
E00141416,275,147,128
E00141408,276,146,130
E00141411,268,141,127
E00141412,296,154,142
E00141414,279,147,132
E00141417,350,172,178
E00141423,223,118,105
E00141424,198,99,99
E00141425,456,238,218
E00141418,223,109,114
E00141419,226,111,115
E00141420,163,83,80
E00141421,348,185,163
E00141422,256,142,114
E00141426,283,140,143
E00141296,450,232,218
E00141302,188,102,86
E00141303,334,177,157
E00141304,353,174,179
E00141305,325,159,166
E00141297,408,212,196
E00141298,275,143,132
E00141299,282,134,148
E00141300,229,131,98
E00141301,256,139,117
E00141307,249,141,108
E00141309,275,139,136
E00141310,301,159,142
E00189799,726,225,501
E00141306,284,140,144
E00141311,271,141,130
E00141312,236,130,106
E00141313,378,194,184
E00141314,336,164,172
E00141316,366,180,186
E00141318,403,205,198
E00141319,345,175,170
E00141320,297,154,143
E00141322,201,86,115
E00141431,348,168,180
E00141433,410,171,239
E00171341,199,95,104
E00171346,593,112,481
E00189795,985,147,838
E00141427,357,181,176
E00141428,364,183,181
E00141429,262,127,135
E00141430,306,155,151
E00171337,245,128,117
E00171340,502,88,414
E00171347,378,196,182
E00171351,248,123,125
E00189856,460,89,371
E00189887,171,92,79
E00141341,424,210,214
E00141343,557,211,346
E00141344,404,193,211
E00141346,234,130,104
E00141348,315,153,162
E00141349,233,122,111
E00171333,383,180,203
E00171350,232,120,112
E00141317,285,144,141
E00141321,260,134,126
E00141324,449,224,225
E00171342,469,233,236
E00189807,337,179,158
E00171343,454,227,227
E00189800,362,175,187
E00189818,102,54,48
E00189868,306,162,144
E00189908,501,251,250
E00141280,230,114,116
E00141281,304,154,150
E00141282,207,105,102
E00141283,243,128,115
E00141284,224,115,109
E00141285,111,62,49
E00141336,274,128,146
E00141337,250,127,123
E00141338,236,114,122
E00141339,279,128,151
E00141340,181,82,99
E00141389,269,138,131
E00141390,195,105,90
E00141393,354,180,174
E00189801,235,122,113
E00141394,207,95,112
E00141397,353,182,171
E00141398,305,167,138
E00189802,211,104,107
E00141435,178,83,95
E00141436,385,198,187
E00141437,252,127,125
E00141438,263,125,138
E00141291,370,182,188
E00141292,204,102,102
E00141293,169,90,79
E00141294,377,193,184
E00141295,139,76,63
E00141350,267,133,134
E00141352,431,225,206
E00141353,323,172,151
E00171335,239,122,117
E00171352,239,122,117
E00171353,312,161,151
E00141362,178,87,91
E00141363,113,58,55
E00141364,180,94,86
E00141365,452,172,280
E00141366,153,76,77
E00141367,249,133,116
E00141368,175,80,95
E00141373,195,100,95
E00141374,242,123,119
E00141375,247,129,118
E00141376,289,154,135
E00141377,225,111,114
E00141356,227,114,113
E00141359,265,133,132
E00141360,293,147,146
E00189849,391,200,191
E00189903,188,106,82
E00141354,375,185,190
E00141355,254,147,107
E00141358,383,212,171
E00141361,405,211,194
E00141452,329,168,161
E00141453,199,100,99
E00141454,398,201,197
E00141455,180,85,95
E00141456,127,69,58
E00141457,300,146,154
E00141458,161,85,76
E00141459,170,79,91
E00141460,160,82,78
E00141461,141,74,67
E00141462,141,70,71
E00141463,221,109,112
E00170108,317,160,157
E00141501,348,175,173
E00141504,308,157,151
E00141505,303,157,146
E00141506,218,118,100
E00141509,271,144,127
E00141510,398,197,201
E00141499,258,132,126
E00141500,256,132,124
E00141502,342,161,181
E00141503,305,154,151
E00141507,211,115,96
E00141508,293,156,137
E00141554,247,133,114
E00141556,465,256,209
E00141557,551,277,274
E00141558,192,92,100
E00141559,197,100,97
E00141560,378,227,151
E00141563,197,104,93
E00141553,143,65,78
E00141555,309,171,138
E00141561,238,125,113
E00141562,284,143,141
E00141564,164,80,84
E00141565,303,161,142
E00141566,354,194,160
E00141567,244,126,118
E00141568,253,134,119
E00141575,282,141,141
E00141576,504,267,237
E00189803,351,184,167
E00141569,176,97,79
E00141570,236,127,109
E00141573,222,114,108
E00141574,418,220,198
E00141577,279,156,123
E00141578,270,137,133
E00141618,145,71,74
E00141619,261,133,128
E00141620,240,127,113
E00141621,291,161,130
E00141622,383,204,179
E00141624,234,121,113
E00141625,189,101,88
E00141614,310,164,146
E00141615,474,236,238
E00141616,121,62,59
E00141617,309,148,161
E00141623,258,129,129
E00141626,147,75,72
E00141447,226,117,109
E00141448,336,172,164
E00141449,240,124,116
E00141450,271,133,138
E00141451,233,113,120
E00170106,180,91,89
E00170109,497,211,286
E00141480,125,63,62
E00141481,255,143,112
E00141482,193,89,104
E00141489,309,156,153
E00141490,383,189,194
E00141491,233,119,114
E00141492,192,94,98
E00189866,354,194,160
E00189876,103,63,40
E00141484,221,120,101
E00141485,235,128,107
E00141486,275,129,146
E00141487,251,140,111
E00141488,263,135,128
E00141607,184,96,88
E00141608,165,85,80
E00141609,211,107,104
E00141610,255,138,117
E00141611,385,202,183
E00141612,233,121,112
E00141613,296,155,141
E00141469,263,144,119
E00141474,229,123,106
E00141476,309,163,146
E00170107,312,159,153
E00141579,180,83,97
E00141580,340,169,171
E00141581,302,154,148
E00141582,305,143,162
E00141583,258,122,136
E00141584,352,173,179
E00141585,105,52,53
E00141593,214,104,110
E00141594,199,100,99
E00141595,300,156,144
E00141596,299,137,162
E00141597,270,124,146
E00141598,402,218,184
E00141599,349,173,176
E00141627,257,132,125
E00141628,316,161,155
E00141629,406,201,205
E00141630,320,158,162
E00141631,357,176,181
E00141632,201,108,93
E00141439,363,175,188
E00141440,115,53,62
E00141441,214,107,107
E00141442,322,160,162
E00141443,310,157,153
E00141444,238,128,110
E00141445,339,162,177
E00141466,156,75,81
E00141468,165,88,77
E00141470,105,52,53
E00141471,272,143,129
E00141473,345,167,178
E00141475,355,183,172
E00141477,174,84,90
E00141478,330,162,168
E00141479,329,158,171
E00141493,205,108,97
E00141494,376,200,176
E00141495,278,145,133
E00141496,358,189,169
E00141497,360,192,168
E00141498,121,58,63
E00141588,197,107,90
E00141589,347,172,175
E00141590,208,102,106
E00141591,218,113,105
E00141592,317,155,162
E00189804,410,205,205
E00141600,316,164,152
E00141601,176,80,96
E00141602,301,155,146
E00141603,278,145,133
E00141604,209,106,103
E00141605,270,147,123
E00141606,210,111,99
E00141514,369,199,170
E00141522,240,130,110
E00141523,188,98,90
E00141524,306,165,141
E00141525,301,157,144
E00141526,244,114,130
E00141527,230,127,103
E00189839,376,201,175
E00189847,495,258,237
E00189859,252,132,120
E00189884,502,254,248
E00141541,298,166,132
E00189812,245,114,131
E00189828,565,296,269
E00189873,375,200,175
E00189874,129,55,74
E00141511,231,126,105
E00141515,256,137,119
E00141516,231,120,111
E00141517,174,68,106
E00141519,106,34,72
E00141528,241,118,123
E00141531,315,162,153
E00141532,381,190,191
E00141534,333,169,164
E00141535,420,242,178
E00141512,237,124,113
E00141518,244,144,100
E00141520,294,160,134
E00141521,238,119,119
E00141529,309,150,159
E00141530,262,130,132
E00141533,513,285,228
E00141536,293,139,154
E00141537,197,102,95
E00141538,284,158,126
E00141539,295,143,152
E00141542,331,158,173
E00141543,277,130,147
E00141544,302,160,142
E00141545,324,160,164
E00141546,354,177,177
E00141547,316,165,151
E00141548,253,128,125
E00141549,338,159,179
E00141550,291,157,134
E00141551,268,131,137
E00141552,487,259,228
E00141813,274,145,129
E00141816,259,135,124
E00141819,281,144,137
E00141821,285,153,132
E00141823,203,112,91
E00141814,403,204,199
E00141815,299,167,132
E00141817,332,172,160
E00141818,262,144,118
E00189827,407,207,200
E00189910,228,130,98
E00141984,261,130,131
E00141985,447,230,217
E00141986,340,163,177
E00141988,320,186,134
E00141998,186,101,85
E00141983,346,191,155
E00141987,272,130,142
E00141989,132,62,70
E00141990,135,57,78
E00141991,126,54,72
E00141992,188,74,114
E00141993,210,98,112
E00141994,138,66,72
E00141995,133,68,65
E00141996,234,122,112
E00141997,198,96,102
E00141682,126,63,63
E00141683,292,145,147
E00141684,424,215,209
E00141685,283,141,142
E00141686,252,135,117
E00141687,362,188,174
E00141688,148,72,76
E00141726,230,100,130
E00141727,228,108,120
E00141736,341,184,157
E00141737,287,143,144
E00141740,296,147,149
E00141828,317,171,146
E00141829,272,128,144
E00141830,197,85,112
E00141831,230,115,115
E00141832,262,139,123
E00141833,148,83,65
E00141834,348,175,173
E00141839,198,93,105
E00141827,247,127,120
E00141835,218,108,110
E00141836,122,58,64
E00141837,255,124,131
E00141838,194,96,98
E00141840,247,124,123
E00141812,350,196,154
E00141822,394,199,195
E00141824,261,140,121
E00141825,296,154,142
E00141826,282,148,134
E00141956,327,167,160
E00141960,332,180,152
E00141961,282,148,134
E00141967,276,143,133
E00141968,200,96,104
E00141954,193,88,105
E00141958,225,105,120
E00141959,252,127,125
E00141965,135,70,65
E00141966,183,90,93
E00141969,175,93,82
E00141955,558,311,247
E00141957,596,312,284
E00141962,322,162,160
E00141963,334,166,168
E00141964,257,128,129
E00141731,324,171,153
E00141733,280,147,133
E00141734,250,135,115
E00141738,150,78,72
E00141739,223,113,110
E00141741,191,95,96
E00141728,302,169,133
E00141729,278,150,128
E00141730,261,129,132
E00141732,300,158,142
E00141735,258,138,120
E00141805,292,155,137
E00141806,275,146,129
E00141807,270,134,136
E00141808,369,197,172
E00141809,258,130,128
E00141810,370,184,186
E00141811,344,167,177
E00141910,220,111,109
E00141911,240,118,122
E00141918,212,109,103
E00141923,261,135,126
E00141924,306,155,151
E00141781,317,157,160
E00141782,236,127,109
E00141783,175,94,81
E00141784,267,136,131
E00141785,245,119,126
E00141786,243,121,122
E00141787,245,118,127
E00141788,219,111,108
E00141842,280,151,129
E00141848,206,116,90
E00141852,290,149,141
E00141855,305,165,140
E00141856,293,146,147
E00141857,252,139,113
E00141843,217,109,108
E00141854,329,189,140
E00141858,255,124,131
E00141859,347,170,177
E00141860,337,170,167
E00141844,203,104,99
E00141845,360,181,179
E00141846,319,164,155
E00141861,286,142,144
E00141862,325,161,164
E00141841,276,142,134
E00141847,211,109,102
E00141849,293,143,150
E00141850,355,200,155
E00141851,250,125,125
E00141853,299,151,148
E00141912,273,144,129
E00141913,332,183,149
E00141915,308,163,145
E00141921,208,109,99
E00189842,271,133,138
E00189863,463,241,222
E00141916,246,116,130
E00141917,244,135,109
E00141919,258,144,114
E00141920,234,117,117
E00141922,240,131,109
E00141633,223,122,101
E00141634,262,125,137
E00141646,185,92,93
E00141647,205,107,98
E00141648,201,86,115
E00141650,193,97,96
E00141635,312,141,171
E00141636,228,106,122
E00141637,226,113,113
E00141638,343,159,184
E00141639,311,133,178
E00141649,251,108,143
E00141864,393,196,197
E00141867,309,156,153
E00141871,223,93,130
E00141872,289,133,156
E00141873,215,103,112
E00141874,285,121,164
E00141863,253,125,128
E00141865,337,178,159
E00141866,305,158,147
E00141868,232,131,101
E00141869,202,103,99
E00141870,253,128,125
E00141875,388,192,196
E00141876,254,125,129
E00141877,246,125,121
E00141878,279,152,127
E00141880,285,146,139
E00141883,265,149,116
E00141884,318,179,139
E00141885,266,141,125
E00141879,302,157,145
E00141881,247,120,127
E00141886,289,149,140
E00141887,238,120,118
E00141888,203,106,97
E00142001,254,139,115
E00142002,311,163,148
E00142003,263,148,115
E00142005,284,147,137
E00142013,257,123,134
E00142000,420,219,201
E00142009,297,161,136
E00142010,447,261,186
E00142011,310,143,167
E00142012,311,174,137
E00141668,363,180,183
E00141674,214,121,93
E00141675,350,179,171
E00141676,291,145,146
E00141678,308,159,149
E00141669,299,164,135
E00141670,279,151,128
E00141679,251,127,124
E00141680,330,172,158
E00141681,338,182,156
E00141666,299,150,149
E00141667,222,125,97
E00141671,365,184,181
E00141672,255,134,121
E00141673,317,168,149
E00141677,304,147,157
E00141882,279,144,135
E00141889,276,138,138
E00141890,272,152,120
E00141891,299,147,152
E00141892,309,168,141
E00141939,380,196,184
E00141941,277,133,144
E00141944,264,135,129
E00141948,334,178,156
E00141952,287,150,137
E00141742,301,154,147
E00141747,339,173,166
E00141749,280,147,133
E00141750,296,146,150
E00141753,310,173,137
E00141745,334,179,155
E00141746,324,174,150
E00141748,432,220,212
E00141756,270,141,129
E00189858,248,129,119
E00189895,432,225,207
E00189911,116,65,51
E00141744,282,135,147
E00141751,296,157,139
E00141752,278,133,145
E00141754,262,131,131
E00141755,276,136,140
E00141940,291,147,144
E00141946,220,117,103
E00141947,293,149,144
E00141949,267,122,145
E00141953,290,148,142
E00141942,315,173,142
E00141943,305,159,146
E00141945,244,128,116
E00141950,229,124,105
E00141951,273,140,133
E00141999,367,193,174
E00142004,200,115,85
E00142006,267,147,120
E00142007,267,129,138
E00142008,294,161,133
E00141640,259,125,134
E00141641,264,120,144
E00141642,208,103,105
E00141643,204,90,114
E00141644,332,138,194
E00141645,199,84,115
E00141895,301,135,166
E00141900,207,92,115
E00141901,218,101,117
E00141902,200,91,109
E00141903,352,173,179
E00141909,217,104,113
E00141899,235,118,117
E00141904,220,95,125
E00141905,282,157,125
E00141906,178,91,87
E00141907,205,97,108
E00141893,215,98,117
E00141894,151,65,86
E00141896,248,117,131
E00141897,203,94,109
E00141898,239,123,116
E00141908,257,121,136
E00141970,211,109,102
E00141971,454,224,230
E00141972,398,207,191
E00141973,219,114,105
E00141974,178,108,70
E00141975,290,147,143
E00141977,284,151,133
E00141982,193,104,89
E00141653,267,143,124
E00141654,261,142,119
E00141656,406,201,205
E00141659,418,214,204
E00141660,178,91,87
E00141651,545,289,256
E00141652,251,126,125
E00141655,282,147,135
E00141657,284,153,131
E00141658,250,131,119
E00141661,325,171,154
E00141662,260,135,125
E00141663,172,91,81
E00141664,254,133,121
E00141665,208,106,102
E00141713,236,132,104
E00141721,258,134,124
E00171030,119,56,63
E00171032,207,110,97
E00171035,258,132,126
E00189811,172,109,63
E00189893,289,161,128
E00189900,374,198,176
E00141976,294,160,134
E00141978,299,154,145
E00141979,247,121,126
E00141980,340,175,165
E00141981,223,117,106
E00141710,322,161,161
E00141716,189,88,101
E00141717,330,170,160
E00141719,265,144,121
E00171029,349,176,173
E00141712,369,187,182
E00141720,243,114,129
E00141723,289,157,132
E00189809,472,245,227
E00189820,522,259,263
E00189846,187,98,89
E00189883,261,139,122
E00141708,387,200,187
E00141711,306,165,141
E00141724,342,179,163
E00141725,431,227,204
E00141929,271,137,134
E00141931,234,119,115
E00141932,286,144,142
E00141933,283,145,138
E00141938,266,133,133
E00141926,280,164,116
E00141927,295,162,133
E00141934,300,158,142
E00171031,368,185,183
E00171034,212,111,101
E00171036,144,74,70
E00141691,361,188,173
E00141697,314,168,146
E00141702,425,224,201
E00141704,317,165,152
E00189806,269,140,129
E00141689,337,164,173
E00141698,253,131,122
E00141699,287,154,133
E00141700,215,116,99
E00171033,292,145,147
E00141692,282,142,140
E00141693,276,143,133
E00141694,293,151,142
E00141695,320,160,160
E00141696,252,128,124
E00141703,284,164,120
E00141925,335,173,162
E00141928,352,179,173
E00141930,505,274,231
E00141935,300,164,136
E00141936,260,139,121
E00141757,213,129,84
E00141762,213,105,108
E00141766,189,95,94
E00141768,227,124,103
E00141778,280,153,127
E00141779,263,148,115
E00141780,175,84,91
E00141763,269,148,121
E00141764,236,123,113
E00141765,260,139,121
E00141769,301,154,147
E00141777,222,115,107
E00189838,316,166,150
E00189882,458,227,231
E00141758,256,138,118
E00141760,228,115,113
E00141770,222,113,109
E00141771,258,134,124
E00141772,184,100,84
E00141773,223,125,98
E00141759,280,152,128
E00141761,385,194,191
E00141774,452,227,225
E00141775,304,166,138
E00141776,251,132,119
E00141789,418,213,205
E00141797,225,119,106
E00141800,237,120,117
E00141802,266,134,132
E00141804,393,201,192
E00141791,219,114,105
E00141792,278,146,132
E00141796,301,165,136
E00141798,243,126,117
E00141799,304,175,129
E00141801,224,131,93
E00141790,526,256,270
E00141793,333,164,169
E00141794,265,141,124
E00141795,319,167,152
E00141803,334,174,160
E00142238,347,171,176
E00142244,331,151,180
E00142246,267,135,132
E00142247,283,145,138
E00142249,250,122,128
E00142239,241,118,123
E00142240,306,156,150
E00142243,294,143,151
E00142248,315,158,157
E00142237,260,137,123
E00142241,284,141,143
E00142242,265,132,133
E00142245,272,143,129
E00142251,237,140,97
E00142254,188,109,79
E00142256,182,96,86
E00142258,297,153,144
E00142259,296,156,140
E00142260,280,152,128
E00142262,258,133,125
E00142252,252,128,124
E00142253,253,127,126
E00142255,271,136,135
E00142257,270,143,127
E00142261,341,159,182
E00189879,150,69,81
E00189912,519,253,266
E00142014,398,203,195
E00142015,473,231,242
E00142016,348,176,172
E00142017,327,156,171
E00142018,214,109,105
E00142019,208,107,101
E00142065,302,151,151
E00142066,303,146,157
E00142067,306,155,151
E00142070,153,71,82
E00142078,369,190,179
E00142068,320,161,159
E00142069,271,136,135
E00142075,285,147,138
E00142076,396,188,208
E00142077,285,145,140
E00142064,148,75,73
E00142072,354,178,176
E00142073,485,248,237
E00142074,269,124,145
E00170113,357,180,177
E00170121,335,179,156
E00142165,360,191,169
E00142166,144,77,67
E00142167,566,278,288
E00142168,214,109,105
E00142169,312,152,160
E00142170,443,225,218
E00142171,466,236,230
E00142020,346,181,165
E00142022,267,133,134
E00142026,316,163,153
E00142027,344,187,157
E00142028,300,153,147
E00142021,518,278,240
E00142023,395,205,190
E00142025,282,139,143
E00189857,596,304,292
E00189891,132,71,61
E00142145,295,154,141
E00142146,314,160,154
E00142147,362,188,174
E00142148,336,170,166
E00142149,282,148,134
E00142150,387,198,189
E00142156,390,202,188
E00142158,345,176,169
E00142160,331,159,172
E00142161,386,186,200
E00142163,310,153,157
E00142155,413,208,205
E00142157,308,151,157
E00142162,315,169,146
E00142164,399,199,200
E00142151,299,155,144
E00142152,305,157,148
E00142153,322,222,100
E00142154,134,66,68
E00142159,134,61,73
E00142220,280,142,138
E00142226,358,179,179
E00142227,260,125,135
E00142228,379,194,185
E00142229,271,139,132
E00142221,249,138,111
E00142230,289,152,137
E00142231,374,187,187
E00142236,244,138,106
E00189826,104,55,49
E00189860,387,184,203
E00189872,407,214,193
E00142218,290,153,137
E00142232,295,148,147
E00142233,474,252,222
E00142234,300,171,129
E00142235,261,132,129
E00189810,315,175,140
E00189854,104,54,50
E00189881,167,91,76
E00189885,623,309,314
E00189901,347,186,161
E00142222,477,232,245
E00142224,282,139,143
E00189825,313,160,153
E00189843,313,170,143
E00189902,405,198,207
E00142139,388,197,191
E00142140,308,172,136
E00142143,384,202,182
E00142144,334,173,161
E00142141,343,175,168
E00189889,236,123,113
E00189906,350,184,166
E00189909,452,222,230
E00142029,280,144,136
E00142030,406,198,208
E00142031,302,154,148
E00142032,256,122,134
E00142174,261,124,137
E00142180,261,134,127
E00142183,287,143,144
E00142185,279,134,145
E00142187,326,167,159
E00142182,185,78,107
E00142184,269,152,117
E00142188,323,182,141
E00142190,244,124,120
E00142192,290,155,135
E00142193,299,154,145
E00142194,195,96,99
E00142195,318,157,161
E00142197,276,140,136
E00142198,288,156,132
E00142204,366,191,175
E00170114,301,133,168
E00170117,206,89,117
E00170118,276,134,142
E00142172,391,198,193
E00142173,258,132,126
E00142177,454,214,240
E00189833,290,140,150
E00142186,354,183,171
E00189829,358,174,184
E00189834,102,47,55
E00189886,311,156,155
E00142199,358,186,172
E00142201,453,234,219
E00142205,348,170,178
E00170119,341,178,163
E00142196,203,103,100
E00142202,474,248,226
E00170111,174,97,77
E00170112,171,85,86
E00189870,209,101,108
E00189816,252,133,119
E00189821,244,126,118
E00189836,462,231,231
E00189890,602,310,292
E00142036,494,249,245
E00142039,483,261,222
E00142049,201,106,95
E00189814,555,293,262
E00189880,141,71,70
E00142175,364,181,183
E00142176,181,97,84
E00142178,246,132,114
E00142179,249,125,124
E00142189,263,138,125
E00142191,272,140,132
E00142208,341,161,180
E00142211,263,141,122
E00142213,298,147,151
E00142214,261,139,122
E00142206,362,196,166
E00142207,350,194,156
E00142209,287,148,139
E00142210,199,110,89
E00142212,277,138,139
E00142215,290,145,145
E00142216,299,151,148
E00142217,332,158,174
E00142035,306,163,143
E00142037,314,163,151
E00142038,333,171,162
E00142045,284,145,139
E00142040,356,180,176
E00142041,327,168,159
E00142043,316,157,159
E00142048,479,246,233
E00142033,455,235,220
E00142034,295,146,149
E00142042,364,179,185
E00142046,267,134,133
E00142047,380,197,183
E00142114,287,142,145
E00142116,276,145,131
E00142119,309,144,165
E00142120,435,233,202
E00189832,401,215,186
E00189840,268,139,129
E00189850,213,113,100
E00189896,556,304,252
E00142105,231,115,116
E00142106,232,116,116
E00142107,222,107,115
E00142113,226,120,106
E00142117,230,124,106
E00142118,284,149,135
E00142052,321,179,142
E00142054,330,166,164
E00142056,285,146,139
E00142062,109,54,55
E00142050,283,143,140
E00142051,291,144,147
E00142053,335,170,165
E00142061,515,262,253
E00142063,223,114,109
E00142055,239,121,118
E00142057,620,323,297
E00142058,397,208,189
E00142059,200,99,101
E00142060,300,152,148
E00142125,280,144,136
E00142128,493,237,256
E00142129,477,233,244
E00142131,325,162,163
E00142132,294,145,149
E00142133,122,66,56
E00142122,412,206,206
E00142123,414,213,201
E00142124,259,127,132
E00142126,437,218,219
E00142127,403,199,204
E00142130,284,137,147
E00142092,124,64,60
E00142096,397,192,205
E00142099,340,165,175
E00142101,292,146,146
E00142102,231,112,119
E00142104,312,151,161
E00142093,133,67,66
E00142094,398,208,190
E00142095,211,105,106
E00142097,275,128,147
E00142098,268,137,131
E00142100,262,139,123
E00142103,263,132,131
E00142109,465,239,226
E00142110,289,151,138
E00142111,332,159,173
E00142112,313,169,144
E00189848,185,91,94
E00189869,607,315,292
E00142134,124,62,62
E00142135,559,283,276
E00142136,353,176,177
E00142137,364,191,173
E00142138,315,167,148
E00142082,305,153,152
E00142084,575,269,306
E00142087,293,153,140
E00142088,256,130,126
E00142089,344,176,168
E00142079,213,112,101
E00142080,564,271,293
E00142083,298,149,149
E00142085,170,87,83
E00142086,110,56,54
E00142090,148,65,83
E00142091,225,108,117
E00189835,471,239,232
E00189862,227,119,108
E00142264,484,237,247
E00142265,287,145,142
E00142266,165,89,76
E00142270,390,198,192
E00142271,301,154,147
E00142272,161,85,76
E00142274,188,91,97
E00142275,358,192,166
E00142263,239,120,119
E00142267,238,113,125
E00142268,384,190,194
E00142269,405,193,212
E00170115,319,166,153
E00170116,333,173,160
E00170120,382,199,183
E00037677,460,231,229
E00037679,356,179,177
E00037686,365,204,161
E00037692,309,151,158
E00180000,253,130,123
E00180087,230,116,114
E00180107,491,258,233
E00037684,290,138,152
E00037688,369,189,180
E00037689,330,176,154
E00037690,271,141,130
E00037691,351,176,175
E00037669,230,124,106
E00037671,299,182,117
E00037702,348,179,169
E00037703,267,135,132
E00037704,288,155,133
E00037668,487,242,245
E00037670,251,133,118
E00037672,281,144,137
E00037683,432,213,219
E00037675,365,190,175
E00037678,309,155,154
E00037681,336,183,153
E00037685,316,163,153
E00037687,329,176,153
E00037693,345,180,165
E00037694,320,157,163
E00037695,259,137,122
E00037701,467,243,224
E00037696,339,168,171
E00037697,281,137,144
E00037698,213,106,107
E00037699,267,132,135
E00037700,300,152,148
E00037674,286,135,151
E00037676,307,159,148
E00037680,347,192,155
E00037682,278,127,151
E00037705,261,137,124
E00037160,618,312,306
E00037161,281,146,135
E00037162,345,167,178
E00037167,330,164,166
E00037163,351,186,165
E00037164,271,135,136
E00037165,534,276,258
E00037166,376,183,193
E00037168,288,153,135
E00037232,263,137,126
E00037233,356,196,160
E00037234,326,161,165
E00037236,321,161,160
E00037207,336,163,173
E00037209,174,97,77
E00037235,374,197,177
E00037237,328,153,175
E00037238,249,139,110
E00037279,320,164,156
E00037283,238,120,118
E00037284,277,133,144
E00037285,317,184,133
E00037286,286,148,138
E00037278,292,146,146
E00037288,276,139,137
E00037294,267,132,135
E00037299,292,157,135
E00037300,283,157,126
E00037302,283,152,131
E00037306,265,138,127
E00037312,320,156,164
E00037318,275,145,130
E00180059,403,207,196
E00180092,377,208,169
E00037277,257,131,126
E00037282,284,140,144
E00037291,261,133,128
E00037313,337,174,163
E00180099,579,292,287
E00180109,172,96,76
E00180136,245,123,122
E00037281,252,132,120
E00037287,364,184,180
E00037289,241,128,113
E00037296,210,111,99
E00037320,233,130,103
E00037321,327,183,144
E00037290,307,168,139
E00037292,248,126,122
E00037293,244,124,120
E00037295,333,171,162
E00037305,304,149,155
E00037276,325,163,162
E00037280,345,173,172
E00037297,247,127,120
E00037298,277,157,120
E00037303,208,107,101
E00037301,378,180,198
E00037304,214,117,97
E00037307,242,124,118
E00037309,309,152,157
E00037314,296,151,145
E00037310,302,154,148
E00037311,291,151,140
E00037315,286,152,134
E00037316,317,161,156
E00037317,295,154,141
E00037397,336,170,166
E00037411,232,126,106
E00037412,242,116,126
E00037413,285,160,125
E00037414,264,135,129
E00037416,448,226,222
E00037143,455,224,231
E00037156,488,251,237
E00037157,482,233,249
E00037158,236,115,121
E00037159,444,230,214
E00037141,375,191,184
E00037142,548,280,268
E00037153,276,136,140
E00037154,324,172,152
E00037155,247,136,111
E00037145,283,138,145
E00037146,226,115,111
E00037147,590,305,285
E00168694,143,64,79
E00168695,334,162,172
E00168696,186,99,87
E00180081,484,262,222
E00180108,173,84,89
E00037149,300,156,144
E00037150,568,288,280
E00037151,283,141,142
E00037152,336,181,155
E00037114,360,176,184
E00037120,288,145,143
E00037121,228,121,107
E00037122,268,139,129
E00037126,395,209,186
E00037125,286,153,133
E00037130,233,121,112
E00037131,295,160,135
E00037132,249,120,129
E00037133,326,154,172
E00037138,256,126,130
E00037123,317,159,158
E00037124,295,150,145
E00037127,345,187,158
E00037128,375,192,183
E00037129,298,148,150
E00037118,308,159,149
E00037119,302,155,147
E00037134,350,180,170
E00037136,517,266,251
E00037137,220,104,116
E00037115,299,150,149
E00037116,297,162,135
E00037117,266,136,130
E00037135,273,145,128
E00037139,234,116,118
E00037140,301,156,145
E00037564,367,181,186
E00037565,330,170,160
E00037566,268,124,144
E00037567,243,120,123
E00037568,277,149,128
E00037226,352,178,174
E00037228,328,156,172
E00037230,397,202,195
E00037231,215,102,113
E00037208,431,209,222
E00037211,307,167,140
E00037215,252,137,115
E00037216,228,107,121
E00037239,384,203,181
E00037210,255,144,111
E00037213,256,128,128
E00037217,315,157,158
E00037219,330,163,167
E00037221,435,218,217
E00037220,304,155,149
E00037222,325,166,159
E00037225,594,292,302
E00037227,302,158,144
E00037229,280,140,140
E00037172,247,124,123
E00037200,264,136,128
E00037201,267,129,138
E00037202,284,148,136
E00037203,236,126,110
E00037171,233,116,117
E00037173,265,126,139
E00037204,268,142,126
E00037205,297,143,154
E00037206,340,181,159
E00037508,422,215,207
E00037511,255,127,128
E00037513,219,110,109
E00037515,518,254,264
E00168692,300,149,151
E00168711,299,147,152
E00168715,283,137,146
E00037502,280,143,137
E00037503,271,131,140
E00037517,308,162,146
E00037520,228,123,105
E00037521,220,116,104
E00037507,309,158,151
E00037512,243,135,108
E00037532,189,102,87
E00037533,320,163,157
E00037534,254,127,127
E00037535,361,185,176
E00037538,278,135,143
E00037551,302,158,144
E00037554,249,127,122
E00037556,246,123,123
E00037561,366,191,175
E00037553,320,146,174
E00037557,252,108,144
E00037558,275,117,158
E00037559,343,170,173
E00037563,271,143,128
E00037541,396,210,186
E00037546,232,114,118
E00037549,267,125,142
E00037550,333,161,172
E00037560,305,157,148
E00037562,241,119,122
E00037540,448,235,213
E00037544,300,156,144
E00037545,320,159,161
E00037547,292,158,134
E00037548,291,154,137
E00037555,282,131,151
E00168697,159,82,77
E00168698,260,132,128
E00168720,235,121,114
E00037536,474,243,231
E00037537,216,115,101
E00037542,307,158,149
E00037543,488,238,250
E00037509,225,109,116
E00037510,277,135,142
E00037539,252,124,128
E00168708,367,183,184
E00168709,342,160,182
E00037212,284,140,144
E00037218,359,197,162
E00037223,527,267,260
E00037224,347,192,155
E00168690,560,277,283
E00168713,283,133,150
E00168714,268,123,145
E00037514,387,220,167
E00037518,295,153,142
E00037519,410,212,198
E00037526,268,143,125
E00179989,510,246,264
E00180095,102,51,51
E00037522,246,131,115
E00037523,275,145,130
E00037528,298,165,133
E00037530,275,146,129
E00037531,359,192,167
E00037505,344,176,168
E00037525,226,119,107
E00037527,247,131,116
E00037529,433,223,210
E00180031,315,160,155
E00180140,356,180,176
E00037401,378,184,194
E00037422,303,156,147
E00037423,265,139,126
E00037424,242,119,123
E00037428,260,136,124
E00037399,374,191,183
E00037419,432,224,208
E00037426,340,179,161
E00037427,396,201,195
E00037431,305,155,150
E00037400,296,155,141
E00037425,279,140,139
E00037429,276,148,128
E00037430,314,171,143
E00179982,250,124,126
E00179986,183,111,72
E00180013,477,242,235
E00037398,269,143,126
E00037417,268,126,142
E00037418,303,156,147
E00037420,307,160,147
E00037421,244,127,117
E00037706,260,126,134
E00037707,242,134,108
E00037715,410,213,197
E00037723,256,135,121
E00037735,283,146,137
E00037711,487,239,248
E00037712,233,121,112
E00037717,225,112,113
E00037718,264,134,130
E00037737,354,175,179
E00180053,153,81,72
E00180113,450,233,217
E00037722,278,155,123
E00037724,240,132,108
E00037725,222,116,106
E00037729,266,144,122
E00037732,275,132,143
E00037174,289,137,152
E00037175,274,120,154
E00037176,288,140,148
E00037177,305,137,168
E00037178,353,172,181
E00037192,331,161,170
E00037193,328,148,180
E00037194,311,136,175
E00037195,332,157,175
E00179998,225,102,123
E00180004,165,51,114
E00180066,187,91,96
E00037569,281,143,138
E00037585,270,132,138
E00037586,375,195,180
E00037589,304,145,159
E00037593,277,148,129
E00037580,217,105,112
E00037581,275,144,131
E00037582,259,133,126
E00037583,305,145,160
E00037584,293,143,150
E00037587,500,246,254
E00037726,312,152,160
E00037727,313,152,161
E00037728,322,159,163
E00037730,244,132,112
E00037731,332,162,170
E00037708,305,137,168
E00037713,248,109,139
E00037733,304,145,159
E00037738,284,135,149
E00168699,273,123,150
E00168719,270,107,163
E00180029,313,156,157
E00180056,261,99,162
E00037709,240,126,114
E00037710,246,124,122
E00037716,265,133,132
E00037719,281,154,127
E00037720,278,137,141
E00037721,264,135,129
E00037383,321,168,153
E00037391,239,126,113
E00037394,332,162,170
E00179988,269,139,130
E00180044,221,117,104
E00180067,314,151,163
E00037364,315,167,148
E00037365,384,202,182
E00037379,343,180,163
E00037385,345,182,163
E00037393,342,172,170
E00037367,228,110,118
E00037370,296,159,137
E00037371,300,163,137
E00037388,225,124,101
E00037389,279,137,142
E00037362,333,186,147
E00037368,269,135,134
E00037369,505,255,250
E00037372,332,173,159
E00037373,292,156,136
E00037377,296,147,149
E00037380,339,177,162
E00037386,304,156,148
E00037390,467,231,236
E00037360,236,113,123
E00037366,203,104,99
E00037378,329,163,166
E00037381,281,135,146
E00037387,283,142,141
E00037392,295,164,131
E00037092,273,147,126
E00037103,283,150,133
E00037104,269,138,131
E00037108,344,172,172
E00037111,257,132,125
E00037085,239,121,118
E00037086,296,154,142
E00037087,383,194,189
E00037096,268,145,123
E00037097,227,120,107
E00037093,302,141,161
E00037094,418,218,200
E00037098,237,113,124
E00037102,450,227,223
E00168689,492,240,252
E00168716,219,102,117
E00037182,270,133,137
E00037183,316,155,161
E00037184,312,148,164
E00037186,249,125,124
E00168691,354,155,199
E00168710,312,143,169
E00037594,384,193,191
E00037595,223,110,113
E00037596,293,147,146
E00037597,252,132,120
E00037598,128,63,65
E00037604,303,152,151
E00037605,292,149,143
E00037606,472,236,236
E00037607,227,123,104
E00037608,276,144,132
E00037603,258,132,126
E00037609,218,112,106
E00037610,301,148,153
E00037611,326,160,166
E00037612,287,145,142
E00037643,421,210,211
E00037651,496,237,259
E00037652,326,172,154
E00037653,291,156,135
E00037656,307,164,143
E00037179,265,124,141
E00037181,222,102,120
E00037188,169,72,97
E00037190,135,66,69
E00037191,187,69,118
E00037196,363,201,162
E00037198,239,122,117
E00037169,240,115,125
E00037170,207,92,115
E00037187,288,142,146
E00037189,328,164,164
E00037197,186,81,105
E00037199,231,109,122
E00037572,317,161,156
E00037573,281,142,139
E00037575,243,120,123
E00037577,302,153,149
E00037588,313,167,146
E00037570,305,153,152
E00037576,287,145,142
E00037590,216,108,108
E00037592,363,194,169
E00180024,251,124,127
E00180126,503,223,280
E00180134,334,168,166
E00037088,381,195,186
E00037089,321,160,161
E00037090,282,137,145
E00037091,228,118,110
E00037112,308,162,146
E00037099,461,229,232
E00037109,329,164,165
E00037110,477,266,211
E00037113,324,169,155
E00037100,222,95,127
E00037101,335,165,170
E00037105,375,200,175
E00037106,485,237,248
E00037107,297,156,141
E00037571,471,243,228
E00037574,308,151,157
E00037578,382,186,196
E00037579,247,116,131
E00037402,349,168,181
E00037432,477,231,246
E00037433,261,142,119
E00037434,211,111,100
E00037437,301,148,153
E00037395,351,173,178
E00037435,329,165,164
E00037436,353,174,179
E00037438,286,142,144
E00037396,222,115,107
E00037403,253,133,120
E00037404,292,149,143
E00037410,305,164,141
E00037439,603,306,297
E00037405,388,220,168
E00037406,313,165,148
E00037407,179,91,88
E00037408,267,135,132
E00037409,237,121,116
E00037245,240,125,115
E00037258,389,197,192
E00037259,250,126,124
E00037261,274,138,136
E00037263,339,170,169
E00037264,193,98,95
E00037268,270,146,124
E00037269,278,145,133
E00037270,298,152,146
E00037273,284,141,143
E00037274,243,127,116
E00037240,267,135,132
E00037241,303,149,154
E00037246,271,133,138
E00037260,269,143,126
E00037244,286,153,133
E00037247,367,167,200
E00037249,244,135,109
E00037250,292,143,149
E00037251,368,185,183
E00037275,168,74,94
E00037242,273,149,124
E00037248,267,135,132
E00037252,293,158,135
E00037253,306,151,155
E00037262,328,158,170
E00037243,323,159,164
E00037254,310,175,135
E00037255,408,215,193
E00037256,268,134,134
E00037257,386,205,181
E00037265,241,121,120
E00037266,429,226,203
E00037267,248,126,122
E00037271,462,247,215
E00037272,261,130,131
E00037796,325,170,155
E00037797,343,173,170
E00037804,257,131,126
E00037808,270,133,137
E00037816,274,132,142
E00037805,265,143,122
E00037810,257,137,120
E00037812,261,135,126
E00037813,242,129,113
E00037824,277,129,148
E00037826,211,110,101
E00037817,274,132,142
E00037818,281,145,136
E00037819,243,120,123
E00037822,269,140,129
E00037823,373,188,185
E00037799,396,188,208
E00037801,169,76,93
E00037807,338,170,168
E00037820,251,139,112
E00037825,283,144,139
E00037827,269,144,125
E00037800,344,177,167
E00037802,459,243,216
E00037803,316,167,149
E00037821,153,65,88
E00037828,294,159,135
E00037798,250,126,124
E00037806,300,161,139
E00037809,303,147,156
E00037811,305,152,153
E00037814,270,132,138
E00037815,309,165,144
E00037324,229,112,117
E00037329,222,106,116
E00037330,263,134,129
E00037359,194,104,90
E00180038,119,60,59
E00180064,174,90,84
E00180085,575,279,296
E00180114,256,140,116
E00037327,310,161,149
E00037332,311,180,131
E00037333,271,139,132
E00037334,255,125,130
E00180049,311,163,148
E00180119,331,164,167
E00037328,444,216,228
E00037331,264,136,128
E00037336,311,168,143
E00037338,327,181,146
E00180016,155,81,74
E00180025,399,204,195
E00037363,190,94,96
E00037374,287,149,138
E00037375,118,68,50
E00037376,241,123,118
E00179984,256,130,126
E00180125,358,194,164
E00037739,347,165,182
E00037745,423,225,198
E00037747,395,201,194
E00037748,303,153,150
E00037751,251,124,127
E00037746,333,162,171
E00037750,359,135,224
E00037752,262,135,127
E00037753,245,115,130
E00037754,293,142,151
E00179983,180,80,100
E00180052,119,58,61
E00180112,464,249,215
E00037740,324,174,150
E00037742,423,205,218
E00037755,264,138,126
E00037756,439,208,231
E00037757,285,138,147
E00037743,255,132,123
E00037744,269,141,128
E00037749,354,187,167
E00037758,340,152,188
E00037759,446,228,218
E00037760,356,178,178
E00037659,217,101,116
E00037660,215,102,113
E00037662,287,142,145
E00037666,316,158,158
E00180091,232,123,109
E00180135,410,210,200
E00037632,293,155,138
E00037646,347,169,178
E00037655,285,139,146
E00037657,372,195,177
E00037665,216,106,110
E00037636,206,121,85
E00037637,343,174,169
E00037638,278,138,140
E00037639,226,124,102
E00037644,224,115,109
E00037663,161,94,67
E00037658,250,136,114
E00037661,317,172,145
E00037664,240,120,120
E00037667,286,141,145
E00168693,520,273,247
E00168712,359,191,168
E00168717,600,316,284
E00168718,265,138,127
E00037634,325,170,155
E00037641,416,210,206
E00037649,285,139,146
E00037650,351,184,167
E00037640,509,269,240
E00037642,281,147,134
E00037645,253,137,116
E00037647,363,187,176
E00037648,284,134,150
E00037340,331,164,167
E00037342,151,76,75
E00037343,299,147,152
E00037344,323,150,173
E00037345,306,159,147
E00037322,292,162,130
E00037337,321,164,157
E00037339,320,164,156
E00037341,278,148,130
E00037346,364,192,172
E00037349,454,229,225
E00037354,209,111,98
E00037355,289,143,146
E00168704,330,175,155
E00168707,618,318,300
E00037348,278,150,128
E00037351,303,141,162
E00037352,296,151,145
E00037353,272,136,136
E00037323,279,139,140
E00037356,255,137,118
E00037357,287,151,136
E00037358,269,148,121
E00179990,408,210,198
E00180020,232,116,116
E00037761,384,202,182
E00037770,357,185,172
E00037771,292,162,130
E00037791,363,182,181
E00037794,455,215,240
E00037766,283,145,138
E00037769,300,152,148
E00037779,327,160,167
E00180037,503,247,256
E00180096,244,118,126
E00037767,275,147,128
E00037788,271,145,126
E00037789,472,243,229
E00037790,334,171,163
E00037792,331,173,158
E00037762,268,137,131
E00037768,284,149,135
E00037774,257,125,132
E00037777,253,131,122
E00037778,345,186,159
E00037786,397,204,193
E00168700,306,146,160
E00168701,205,108,97
E00168702,368,185,183
E00168705,310,156,154
E00037772,199,93,106
E00037773,305,158,147
E00037793,425,231,194
E00168703,157,79,78
E00168706,316,139,177
E00037613,351,181,170
E00037621,340,179,161
E00037626,377,194,183
E00037627,308,147,161
E00037599,345,179,166
E00037600,547,283,264
E00037601,272,141,131
E00037602,377,192,185
E00037620,434,232,202
E00037622,453,224,229
E00037623,264,131,133
E00037624,203,99,104
E00037625,296,159,137
E00037628,395,185,210
E00037629,271,130,141
E00037631,238,120,118
E00037654,292,137,155
E00180032,201,104,97
E00180074,529,270,259
E00037494,396,199,197
E00037495,270,143,127
E00037497,310,162,148
E00037498,241,126,115
E00037499,349,176,173
E00037487,369,197,172
E00037490,283,146,137
E00037492,397,193,204
E00037493,260,139,121
E00037496,227,126,101
E00037478,265,141,124
E00037479,254,137,117
E00037480,249,129,120
E00037481,255,139,116
E00037500,279,142,137
E00037501,332,171,161
E00037474,278,143,135
E00037482,609,313,296
E00037483,271,134,137
E00037485,312,160,152
E00037486,229,123,106
E00037489,306,164,142
E00037614,292,151,141
E00037615,507,268,239
E00037616,218,103,115
E00037617,269,152,117
E00037618,236,114,122
E00037619,409,199,210
E00037453,450,221,229
E00037455,299,145,154
E00037461,412,208,204
E00037465,285,138,147
E00037473,282,131,151
E00037440,395,219,176
E00037446,330,169,161
E00037447,304,146,158
E00037451,479,240,239
E00037452,304,163,141
E00037449,405,213,192
E00037456,386,181,205
E00037458,297,152,145
E00037462,290,139,151
E00037763,346,173,173
E00037765,419,204,215
E00037780,355,180,175
E00037781,336,172,164
E00037785,297,159,138
E00037764,248,128,120
E00037775,540,276,264
E00037782,330,164,166
E00037783,361,188,173
E00037784,305,160,145
E00037454,307,149,158
E00037460,214,104,110
E00037464,283,150,133
E00037470,269,133,136
E00037471,257,126,131
E00037457,326,146,180
E00037459,309,154,155
E00037466,282,151,131
E00037467,275,127,148
E00037472,287,153,134
E00037448,275,135,140
E00037450,352,172,180
E00037463,310,161,149
E00037468,345,178,167
E00037469,230,134,96
E00037441,303,159,144
E00037442,303,160,143
E00037443,344,173,171
E00037444,281,134,147
E00037445,272,129,143
E00037475,339,179,160
E00037476,423,222,201
E00037477,274,161,113
E00037484,361,181,180
E00037488,389,191,198
E00037491,309,161,148
E00038673,356,187,169
E00038692,193,88,105
E00038695,389,197,192
E00038696,312,168,144
E00038697,349,168,181
E00038693,390,196,194
E00038694,325,170,155
E00038700,350,174,176
E00038701,328,165,163
E00038674,338,169,169
E00038698,331,176,155
E00038699,329,170,159
E00038702,334,178,156
E00038703,432,222,210
E00038662,227,118,109
E00038663,216,108,108
E00038664,528,288,240
E00038665,378,191,187
E00182679,189,95,94
E00182701,413,215,198
E00037962,269,147,122
E00037965,236,119,117
E00037966,267,148,119
E00037967,250,137,113
E00037975,247,128,119
E00037976,294,155,139
E00037954,259,121,138
E00037957,279,141,138
E00037959,153,80,73
E00037960,221,107,114
E00037961,393,196,197
E00037977,145,77,68
E00037978,177,85,92
E00037943,295,159,136
E00037956,326,166,160
E00037963,345,178,167
E00037971,240,133,107
E00182689,143,71,72
E00182704,358,194,164
E00182711,384,190,194
E00037944,471,247,224
E00037947,312,161,151
E00037958,305,141,164
E00037968,315,162,153
E00037969,302,151,151
E00037942,506,264,242
E00037946,316,161,155
E00037948,321,168,153
E00037951,256,129,127
E00037952,267,137,130
E00037941,275,134,141
E00037945,297,157,140
E00037949,522,267,255
E00037950,236,123,113
E00037955,271,156,115
E00037964,512,259,253
E00037970,353,187,166
E00037972,293,152,141
E00037973,290,152,138
E00037974,273,137,136
E00038704,306,149,157
E00038706,308,163,145
E00038708,343,185,158
E00038710,354,185,169
E00038713,272,150,122
E00038666,137,69,68
E00038707,395,216,179
E00038709,392,194,198
E00038711,281,150,131
E00038715,331,151,180
E00038668,301,161,140
E00038676,315,161,154
E00038678,286,146,140
E00038681,229,128,101
E00038682,399,203,196
E00038667,313,150,163
E00038675,337,158,179
E00038677,268,140,128
E00038679,401,207,194
E00038712,504,259,245
E00038714,333,173,160
E00038669,313,159,154
E00038680,402,191,211
E00038689,318,167,151
E00038690,242,124,118
E00038691,297,154,143
E00038670,348,175,173
E00038671,402,194,208
E00038672,340,168,172
E00038684,333,179,154
E00038683,293,150,143
E00038685,357,174,183
E00038686,324,173,151
E00038687,294,157,137
E00038688,321,163,158
E00038639,327,159,168
E00038640,307,148,159
E00038651,307,155,152
E00038661,462,228,234
E00038641,373,197,176
E00038642,367,181,186
E00038647,206,97,109
E00038650,328,154,174
E00038653,292,156,136
E00038644,320,159,161
E00038652,280,155,125
E00038654,329,160,169
E00038656,410,213,197
E00038659,257,135,122
E00038655,348,178,170
E00038657,328,171,157
E00038658,298,157,141
E00038660,403,201,202
E00038643,355,175,180
E00038645,335,183,152
E00038646,315,161,154
E00038648,294,155,139
E00038649,235,127,108
E00037837,232,126,106
E00037851,241,129,112
E00037854,262,133,129
E00037855,213,107,106
E00037865,269,142,127
E00037830,308,150,158
E00037839,312,155,157
E00037850,301,156,145
E00037857,338,171,167
E00037838,285,139,146
E00037853,258,130,128
E00037856,241,117,124
E00037862,297,146,151
E00037864,278,134,144
E00037833,347,172,175
E00037852,270,134,136
E00037860,238,124,114
E00037861,236,123,113
E00037866,284,140,144
E00037829,303,156,147
E00037832,307,152,155
E00037858,247,135,112
E00037859,317,168,149
E00037870,251,129,122
E00037831,295,137,158
E00037863,215,127,88
E00037867,232,118,114
E00037868,202,106,96
E00037869,248,126,122
E00038278,304,152,152
E00038312,241,117,124
E00038316,339,155,184
E00038317,385,184,201
E00038318,264,137,127
E00038280,267,151,116
E00038284,270,135,135
E00038287,281,146,135
E00038293,194,105,89
E00038322,302,146,156
E00038288,305,158,147
E00038296,342,176,166
E00038311,323,179,144
E00038321,366,189,177
E00038276,330,167,163
E00038277,310,159,151
E00038306,235,112,123
E00038307,242,133,109
E00038308,226,122,104
E00038295,311,155,156
E00038298,221,109,112
E00038300,247,121,126
E00038301,255,131,124
E00038302,314,162,152
E00038313,394,205,189
E00038314,423,231,192
E00038315,289,150,139
E00038320,327,178,149
E00038611,467,231,236
E00038636,300,147,153
E00038637,294,155,139
E00038638,330,171,159
E00038618,295,153,142
E00038620,382,210,172
E00038621,227,117,110
E00038622,230,116,114
E00038625,279,149,130
E00038612,239,128,111
E00038613,201,111,90
E00038619,237,122,115
E00038623,244,130,114
E00038624,300,161,139
E00038614,255,131,124
E00038617,555,278,277
E00038627,265,141,124
E00038630,251,121,130
E00038632,595,307,288
E00038616,292,148,144
E00038626,259,144,115
E00038628,221,119,102
E00038629,236,127,109
E00038631,317,159,158
E00038615,284,147,137
E00038633,244,131,113
E00038634,259,136,123
E00038635,382,195,187
E00038286,290,153,137
E00038289,512,257,255
E00038294,299,151,148
E00038310,217,123,94
E00038319,285,135,150
E00038274,347,168,179
E00038309,381,190,191
E00172382,2092,129,1963
E00172401,114,57,57
E00038279,307,157,150
E00038281,342,194,148
E00038285,267,135,132
E00038291,276,139,137
E00038292,265,128,137
E00038282,357,181,176
E00038290,562,166,396
E00038297,271,135,136
E00038275,310,165,145
E00038283,490,267,223
E00038299,246,126,120
E00038303,340,177,163
E00038305,265,140,125
E00037843,339,187,152
E00037872,227,114,113
E00037876,258,126,132
E00037878,277,137,140
E00037881,363,189,174
E00037836,301,155,146
E00037871,591,291,300
E00037875,357,190,167
E00037879,286,143,143
E00037880,330,168,162
E00037844,328,170,158
E00037848,359,186,173
E00037877,321,163,158
E00037882,310,162,148
E00182667,328,180,148
E00182724,340,185,155
E00037841,340,169,171
E00037845,310,153,157
E00037846,338,170,168
E00037847,310,160,150
E00037849,209,104,105
E00037834,401,191,210
E00037835,263,143,120
E00037840,249,133,116
E00037873,162,79,83
E00037874,306,158,148
E00038035,154,76,78
E00038055,344,177,167
E00038057,312,161,151
E00038058,294,146,148
E00038060,283,146,137
E00038034,355,163,192
E00038039,290,144,146
E00038043,269,133,136
E00038059,362,193,169
E00038032,340,161,179
E00038036,243,116,127
E00038038,377,199,178
E00182692,114,68,46
E00182695,239,131,108
E00182705,468,236,232
E00038030,373,200,173
E00038045,334,159,175
E00038047,293,156,137
E00038049,287,140,147
E00038051,251,111,140
E00038033,297,153,144
E00038040,335,186,149
E00038042,251,131,120
E00038046,259,144,115
E00038050,219,121,98
E00038062,287,156,131
E00038031,368,189,179
E00038048,234,109,125
E00038052,373,193,180
E00038053,311,149,162
E00038054,218,103,115
E00038025,479,243,236
E00038026,414,221,193
E00038056,319,173,146
E00038061,315,170,145
E00037928,306,150,156
E00037929,400,209,191
E00037931,203,107,96
E00037932,239,116,123
E00037938,281,138,143
E00037927,269,138,131
E00037930,464,242,222
E00037933,314,162,152
E00037936,386,194,192
E00037937,373,182,191
E00037925,262,128,134
E00037926,283,139,144
E00037934,320,167,153
E00037935,285,155,130
E00037940,240,124,116
E00037884,405,207,198
E00037902,327,161,166
E00037903,330,170,160
E00037923,220,104,116
E00037939,348,171,177
E00038067,249,127,122
E00038077,300,151,149
E00038081,264,139,125
E00038087,309,155,154
E00182685,377,195,182
E00182708,325,159,166
E00182734,273,149,124
E00038063,341,189,152
E00038066,254,124,130
E00038073,283,154,129
E00038078,224,131,93
E00038085,355,181,174
E00038070,302,153,149
E00038072,267,143,124
E00038074,316,179,137
E00038075,276,135,141
E00038076,295,155,140
E00038065,334,176,158
E00038068,329,185,144
E00038097,268,131,137
E00038098,163,78,85
E00038100,352,188,164
E00038069,321,176,145
E00038071,306,163,143
E00038099,361,185,176
E00038101,304,154,150
E00038028,186,90,96
E00038029,367,182,185
E00038037,384,193,191
E00038041,316,164,152
E00038044,326,164,162
E00038080,299,132,167
E00038082,319,141,178
E00038083,292,151,141
E00038084,275,130,145
E00038086,312,165,147
E00038088,460,230,230
E00038089,262,137,125
E00038091,386,188,198
E00038092,287,151,136
E00038064,154,66,88
E00038090,240,119,121
E00038093,306,163,143
E00038094,257,133,124
E00038095,222,93,129
E00038096,253,125,128
E00037895,290,142,148
E00037896,270,133,137
E00037897,345,183,162
E00037898,339,170,169
E00037924,271,144,127
E00037893,411,212,199
E00037894,398,191,207
E00037899,284,149,135
E00037904,402,220,182
E00037885,267,154,113
E00037900,231,124,107
E00037905,233,127,106
E00037908,295,149,146
E00037913,323,165,158
E00172378,250,130,120
E00172379,368,179,189
E00172383,216,112,104
E00172384,342,169,173
E00172396,206,109,97
E00172398,261,141,120
E00037883,416,205,211
E00037901,372,179,193
E00172380,223,107,116
E00172381,329,161,168
E00172397,313,156,157
E00038325,303,158,145
E00038326,260,132,128
E00038355,319,156,163
E00038356,257,130,127
E00038357,294,163,131
E00038751,320,169,151
E00038758,285,115,170
E00038764,291,142,149
E00038765,253,131,122
E00038767,273,137,136
E00038770,236,136,100
E00038769,463,237,226
E00038772,361,193,168
E00038774,356,194,162
E00038775,328,163,165
E00038778,334,180,154
E00038761,474,240,234
E00038762,371,188,183
E00038766,384,212,172
E00038768,360,186,174
E00038771,117,41,76
E00038773,366,202,164
E00038776,354,182,172
E00038777,320,163,157
E00038779,324,152,172
E00038781,267,135,132
E00038782,307,148,159
E00038756,335,162,173
E00038757,345,169,176
E00038759,333,168,165
E00038760,351,175,176
E00038763,271,143,128
E00038444,221,120,101
E00038449,330,165,165
E00038450,268,133,135
E00038452,252,136,116
E00038454,299,163,136
E00038442,329,175,154
E00038443,281,144,137
E00038445,219,106,113
E00038446,255,132,123
E00038451,296,151,145
E00038419,369,191,178
E00038420,403,208,195
E00038421,332,169,163
E00038422,255,139,116
E00038424,268,140,128
E00038423,337,178,159
E00038436,266,135,131
E00038437,256,129,127
E00038447,317,168,149
E00038448,238,128,110
E00038453,211,113,98
E00037887,227,109,118
E00037888,251,138,113
E00037910,321,169,152
E00037915,264,132,132
E00037920,242,124,118
E00037906,191,101,90
E00037909,315,168,147
E00037914,223,112,111
E00037917,315,164,151
E00037919,266,132,134
E00037886,267,141,126
E00037889,229,120,109
E00037891,423,213,210
E00037892,264,127,137
E00037921,205,102,103
E00037890,219,118,101
E00037912,353,175,178
E00037916,243,120,123
E00037918,224,125,99
E00037922,184,102,82
E00038323,279,160,119
E00038328,257,134,123
E00038340,355,181,174
E00038341,300,143,157
E00038347,359,182,177
E00038330,285,136,149
E00038331,368,188,180
E00038335,293,145,148
E00038336,253,141,112
E00038337,310,159,151
E00038327,255,123,132
E00038329,322,170,152
E00038332,307,167,140
E00038333,275,146,129
E00038334,251,146,105
E00038338,213,81,132
E00038339,271,138,133
E00038344,384,191,193
E00038349,346,182,164
E00038350,316,166,150
E00038324,352,185,167
E00038342,312,156,156
E00038346,339,170,169
E00038352,299,158,141
E00038353,238,129,109
E00038343,273,137,136
E00038345,337,173,164
E00038348,324,172,152
E00038351,336,174,162
E00038354,337,177,160
E00038717,352,181,171
E00038724,297,145,152
E00038739,380,184,196
E00182707,601,298,303
E00182738,137,57,80
E00038741,396,183,213
E00038742,281,143,138
E00038744,321,159,162
E00038746,294,145,149
E00038748,296,134,162
E00038723,351,164,187
E00038725,324,152,172
E00038727,294,155,139
E00038728,300,168,132
E00038730,266,144,122
E00038716,294,149,145
E00038718,315,148,167
E00038721,287,135,152
E00038722,260,139,121
E00038749,317,169,148
E00038780,325,143,182
E00038783,310,151,159
E00038784,264,114,150
E00038785,302,143,159
E00038786,327,172,155
E00038743,225,109,116
E00038745,392,143,249
E00182706,236,54,182
E00182731,244,81,163
E00038719,350,135,215
E00038720,333,132,201
E00038747,366,125,241
E00038411,367,185,182
E00038413,273,143,130
E00038429,245,132,113
E00038431,169,84,85
E00182647,301,150,151
E00038410,300,158,142
E00038412,286,148,138
E00038414,339,180,159
E00038415,285,141,144
E00038428,220,107,113
E00038416,248,129,119
E00038417,275,160,115
E00038418,326,192,134
E00038425,194,95,99
E00038426,198,97,101
E00038427,177,91,86
E00038430,187,98,89
E00038559,248,133,115
E00038560,250,131,119
E00038561,240,124,116
E00038562,245,128,117
E00038563,262,129,133
E00038568,181,96,85
E00038569,176,91,85
E00038432,480,212,268
E00038433,263,129,134
E00038434,295,166,129
E00038440,317,161,156
E00038456,180,96,84
E00038435,276,142,134
E00038438,310,160,150
E00038439,393,230,163
E00038441,297,163,134
E00038455,256,136,120
E00038572,291,149,142
E00038577,316,158,158
E00038578,297,149,148
E00038580,259,134,125
E00038581,295,141,154
E00038574,196,109,87
E00038575,319,153,166
E00038576,368,190,178
E00038585,306,162,144
E00038573,294,152,142
E00038579,353,171,182
E00038582,411,209,202
E00038583,379,183,196
E00038584,397,199,198
E00038151,327,165,162
E00038161,1056,126,930
E00038164,355,180,175
E00038169,287,164,123
E00038174,284,144,140
E00038168,339,154,185
E00038173,428,205,223
E00038175,291,139,152
E00172394,490,241,249
E00038152,382,200,182
E00038166,280,129,151
E00038177,175,80,95
E00038180,266,126,140
E00038181,222,114,108
E00038182,277,135,142
E00038734,371,178,193
E00038736,382,219,163
E00038737,313,170,143
E00038738,309,149,160
E00038740,260,137,123
E00038752,336,166,170
E00038753,343,156,187
E00038755,246,89,157
E00038787,304,158,146
E00038788,332,157,175
E00182715,219,95,124
E00182726,248,103,145
E00182653,299,123,176
E00182666,316,151,165
E00182713,133,46,87
E00182737,235,112,123
E00182740,206,93,113
E00038731,365,186,179
E00038732,307,137,170
E00038733,397,189,208
E00038735,415,192,223
E00038015,362,168,194
E00038016,242,117,125
E00038017,401,208,193
E00038018,235,120,115
E00038020,267,129,138
E00038162,250,99,151
E00038163,206,82,124
E00038165,314,152,162
E00038167,325,173,152
E00038171,213,89,124
E00038172,299,135,164
E00038179,197,82,115
E00038148,367,169,198
E00038170,224,109,115
E00038183,327,170,157
E00038184,347,188,159
E00038185,255,126,129
E00038149,303,132,171
E00038150,341,170,171
E00038153,224,103,121
E00038156,321,159,162
E00038159,279,123,156
E00038103,223,112,111
E00038114,260,132,128
E00038116,278,147,131
E00038121,305,173,132
E00038123,279,141,138
E00038128,178,84,94
E00038102,224,125,99
E00038105,347,186,161
E00038142,358,190,168
E00038144,330,181,149
E00038145,271,138,133
E00038107,307,158,149
E00038109,326,178,148
E00038112,284,150,134
E00038113,312,162,150
E00038118,210,111,99
E00038500,243,123,120
E00038501,266,132,134
E00038502,269,137,132
E00038515,285,149,136
E00038516,266,133,133
E00038115,353,188,165
E00038126,306,145,161
E00038127,297,155,142
E00038132,232,122,110
E00038134,271,141,130
E00038136,261,127,134
E00038138,246,133,113
E00038139,353,179,174
E00038140,307,149,158
E00038141,313,155,158
E00038117,303,156,147
E00038124,332,163,169
E00038129,344,167,177
E00038130,340,169,171
E00038131,278,148,130
E00038108,305,149,156
E00038143,278,143,135
E00038146,260,138,122
E00038147,389,199,190
E00182652,195,93,102
E00182664,464,235,229
E00182739,133,66,67
E00038503,307,163,144
E00038504,370,204,166
E00038505,536,268,268
E00038509,314,157,157
E00038522,616,332,284
E00038541,276,145,131
E00038543,319,160,159
E00038544,257,139,118
E00038556,306,148,158
E00038518,324,162,162
E00038520,269,141,128
E00038524,250,122,128
E00038525,255,138,117
E00038526,238,119,119
E00038547,263,145,118
E00038548,291,145,146
E00038551,465,234,231
E00038552,229,109,120
E00038553,287,147,140
E00038542,440,221,219
E00038554,270,141,129
E00038555,447,228,219
E00038557,463,249,214
E00038558,369,192,177
E00038514,279,152,127
E00038517,279,144,135
E00038545,439,216,223
E00038546,313,156,157
E00038550,257,140,117
E00038104,260,136,124
E00038125,268,135,133
E00038133,255,140,115
E00038135,285,145,140
E00038137,239,128,111
E00038499,280,148,132
E00038506,227,112,115
E00038507,253,133,120
E00038508,331,167,164
E00038510,387,200,187
E00038511,285,144,141
E00038512,300,164,136
E00038513,349,177,172
E00182659,313,153,160
E00182674,375,188,187
E00182681,446,232,214
E00182683,141,69,72
E00172373,236,116,120
E00172374,167,78,89
E00172375,333,168,165
E00182661,231,108,123
E00182675,306,149,157
E00182700,186,94,92
E00038120,325,175,150
E00038122,311,165,146
E00172372,349,180,169
E00172376,269,141,128
E00172377,115,54,61
E00037979,333,155,178
E00037990,375,198,177
E00037993,301,130,171
E00037997,304,148,156
E00038019,418,205,213
E00037982,339,170,169
E00037995,337,185,152
E00037999,240,122,118
E00038004,345,168,177
E00038154,267,133,134
E00038155,372,164,208
E00038157,291,143,148
E00038158,367,165,202
E00038160,413,195,218
E00038186,254,131,123
E00172385,206,98,108
E00172386,393,216,177
E00182651,549,284,265
E00182693,396,202,194
E00182732,203,109,94
E00037984,321,162,159
E00037988,339,178,161
E00038013,385,202,183
E00172388,293,137,156
E00172389,263,133,130
E00172395,310,159,151
E00037989,406,189,217
E00038021,400,217,183
E00038022,399,196,203
E00038024,398,207,191
E00037980,317,178,139
E00037981,350,171,179
E00037994,337,197,140
E00038023,324,153,171
E00037983,273,137,136
E00037992,422,186,236
E00037998,329,169,160
E00038001,246,119,127
E00038006,270,146,124
E00037985,281,142,139
E00037986,185,90,95
E00037991,330,179,151
E00038000,381,198,183
E00038007,223,130,93
E00037996,246,125,121
E00038002,271,136,135
E00038003,326,167,159
E00038008,220,109,111
E00038010,233,123,110
E00037987,445,224,221
E00038009,241,123,118
E00038011,356,174,182
E00038012,227,109,118
E00038014,253,124,129
E00038375,210,113,97
E00038378,168,86,82
E00038379,407,206,201
E00038387,116,64,52
E00038389,367,210,157
E00038368,337,159,178
E00038369,258,128,130
E00038393,358,194,164
E00038399,300,151,149
E00038405,282,137,145
E00038365,297,145,152
E00038366,247,138,109
E00038367,278,141,137
E00182658,158,73,85
E00182660,196,96,100
E00182688,228,113,115
E00182698,559,280,279
E00182717,379,204,175
E00182721,188,90,98
E00182733,268,135,133
E00038358,243,115,128
E00038359,299,152,147
E00038370,240,116,124
E00038374,273,141,132
E00038385,214,99,115
E00038383,245,123,122
E00038390,254,131,123
E00038402,383,205,178
E00038403,267,138,129
E00038406,505,263,242
E00038371,283,146,137
E00038372,223,109,114
E00038373,285,140,145
E00038377,234,115,119
E00038381,299,157,142
E00038360,226,107,119
E00038376,304,166,138
E00038380,286,150,136
E00038382,260,124,136
E00038386,374,196,178
E00038362,369,200,169
E00038384,320,168,152
E00038394,267,131,136
E00038404,208,97,111
E00038407,284,145,139
E00038388,350,180,170
E00038395,253,120,133
E00038396,263,127,136
E00038400,339,174,165
E00038401,208,107,101
E00038361,267,129,138
E00038363,348,171,177
E00038364,277,131,146
E00038392,207,104,103
E00038397,296,162,134
E00038198,299,163,136
E00038209,316,158,158
E00038215,293,150,143
E00038219,329,163,166
E00172392,199,106,93
E00172393,147,76,71
E00172399,263,132,131
E00038187,439,221,218
E00038194,278,140,138
E00038204,301,149,152
E00038210,222,110,112
E00038232,275,137,138
E00182719,279,152,127
E00182720,271,133,138
E00038188,240,128,112
E00038199,264,134,130
E00038206,248,114,134
E00038230,357,171,186
E00038233,315,162,153
E00038196,341,181,160
E00038197,288,146,142
E00038200,271,137,134
E00038203,234,119,115
E00038229,256,145,111
E00038231,268,140,128
E00038239,332,162,170
E00038242,241,117,124
E00038261,275,137,138
E00038265,267,126,141
E00038268,224,118,106
E00038263,254,132,122
E00038264,293,146,147
E00038269,377,188,189
E00038270,316,166,150
E00038272,382,194,188
E00038262,218,128,90
E00038266,244,138,106
E00038267,227,117,110
E00038271,359,179,180
E00038273,284,142,142
E00038564,288,141,147
E00038565,250,124,126
E00038566,295,144,151
E00038567,263,137,126
E00038570,227,114,113
E00038586,302,141,161
E00038236,325,160,165
E00038238,220,108,112
E00038240,273,128,145
E00038241,280,132,148
E00038254,258,125,133
E00038243,297,146,151
E00038244,297,133,164
E00038245,303,146,157
E00038246,310,140,170
E00038251,265,130,135
E00038248,293,159,134
E00038249,296,166,130
E00038253,340,177,163
E00182699,529,272,257
E00182718,302,158,144
E00182735,100,48,52
E00038234,277,141,136
E00038235,317,160,157
E00038247,229,122,107
E00038250,312,151,161
E00038257,288,150,138
E00038255,372,188,184
E00038256,290,142,148
E00038258,316,174,142
E00038259,375,190,185
E00038260,325,175,150
E00038189,240,122,118
E00038190,220,113,107
E00038213,293,156,137
E00038217,251,105,146
E00038218,265,137,128
E00038220,334,164,170
E00038207,311,162,149
E00038208,307,162,145
E00038212,307,158,149
E00038216,301,159,142
E00038221,296,158,138
E00038191,387,196,191
E00038202,344,182,162
E00038205,324,175,149
E00038211,379,223,156
E00038192,282,135,147
E00038214,306,155,151
E00038224,358,188,170
E00038226,335,176,159
E00038227,338,180,158
E00038193,405,203,202
E00038222,245,130,115
E00038223,323,164,159
E00038225,253,136,117
E00038228,270,139,131
E00038484,247,119,128
E00038486,284,152,132
E00038493,255,127,128
E00038495,311,155,156
E00038496,308,161,147
E00038461,405,222,183
E00038464,304,158,146
E00038479,208,119,89
E00038485,374,181,193
E00172390,359,178,181
E00172391,308,160,148
E00038458,332,173,159
E00038466,285,145,140
E00038474,268,138,130
E00038477,299,145,154
E00038468,296,164,132
E00038469,367,179,188
E00038475,294,157,137
E00038476,262,124,138
E00038481,249,124,125
E00038482,307,160,147
E00038487,307,146,161
E00038491,289,148,141
E00038492,318,151,167
E00038460,314,147,167
E00038470,391,197,194
E00038473,405,206,199
E00038480,396,199,197
E00038483,214,117,97
E00038467,323,178,145
E00038471,308,163,145
E00038472,351,179,172
E00182684,109,54,55
E00182729,534,279,255
E00182736,331,165,166
E00038459,306,157,149
E00038478,280,141,139
E00038489,328,167,161
E00038494,276,150,126
E00038498,263,141,122
E00038462,239,112,127
E00038463,272,139,133
E00038465,456,250,206
E00038490,267,140,127
E00038497,321,173,148
E00038531,241,128,113
E00038534,337,176,161
E00038535,233,120,113
E00038536,557,299,258
E00038539,285,151,134
E00182648,551,292,259
E00038530,260,151,109
E00038532,306,151,155
E00038533,296,160,136
E00038537,317,158,159
E00038538,255,141,114
E00038540,323,165,158
E00038521,576,291,285
E00038527,397,195,202
E00182668,137,76,61
E00182672,118,58,60
E00182676,554,280,274
E00182677,569,285,284
E00182696,313,170,143
E00182743,346,177,169
E00038571,127,68,59
E00038607,256,124,132
E00038608,291,154,137
E00038609,296,151,145
E00038610,313,164,149
E00038591,260,131,129
E00038593,289,156,133
E00038599,266,141,125
E00038605,258,135,123
E00038606,273,134,139
E00038587,295,150,145
E00038592,306,156,150
E00038594,284,149,135
E00038595,250,117,133
E00038597,252,125,127
E00038588,267,141,126
E00038598,272,147,125
E00038602,197,100,97
E00038603,292,148,144
E00038604,239,127,112
E00038589,203,126,77
E00038590,246,135,111
E00038596,226,122,104
E00038600,213,123,90
E00038601,277,147,130
E00038981,533,267,266
E00038983,261,131,130
E00038984,392,209,183
E00038985,356,178,178
E00038987,337,151,186
E00038973,423,221,202
E00038986,344,179,165
E00038988,329,159,170
E00038989,440,230,210
E00168753,273,136,137
E00168754,314,156,158
E00168764,336,177,159
E00168765,320,151,169
E00038970,332,170,162
E00038971,362,183,179
E00038977,358,187,171
E00038978,274,140,134
E00038979,352,183,169
E00038967,298,152,146
E00038974,318,155,163
E00038975,259,136,123
E00038976,260,123,137
E00038991,291,145,146
E00038972,277,144,133
E00038980,229,112,117
E00038982,382,195,187
E00168759,209,101,108
E00168762,281,134,147
E00182662,244,126,118
E00182714,130,65,65
E00168761,461,228,233
E00182657,617,320,297
E00182694,548,296,252
E00182741,529,275,254
E00039586,261,147,114
E00039589,391,185,206
E00039593,452,211,241
E00039613,251,121,130
E00039616,336,171,165
E00039590,236,121,115
E00039591,306,156,150
E00039614,311,157,154
E00039615,312,164,148
E00039618,286,151,135
E00039584,319,163,156
E00039587,261,134,127
E00039592,330,168,162
E00039594,311,161,150
E00039595,334,145,189
E00039588,312,170,142
E00039606,246,125,121
E00039608,265,132,133
E00039609,264,139,125
E00182682,279,137,142
E00182728,383,199,184
E00039585,413,221,192
E00039605,227,108,119
E00039610,277,149,128
E00039611,340,178,162
E00039617,327,183,144
E00039583,360,200,160
E00039602,382,209,173
E00039603,370,198,172
E00039604,234,136,98
E00039607,243,110,133
E00039612,348,184,164
E00039486,403,211,192
E00039488,267,140,127
E00039489,305,151,154
E00039491,188,114,74
E00039474,307,152,155
E00039475,328,165,163
E00039485,240,121,119
E00039487,349,176,173
E00039503,212,112,100
E00039504,213,108,105
E00039505,242,135,107
E00039509,304,152,152
E00182655,351,172,179
E00182730,233,116,117
E00039476,278,147,131
E00039494,285,145,140
E00039498,277,133,144
E00039499,340,178,162
E00039500,281,151,130
E00039484,269,118,151
E00039490,274,140,134
E00039492,279,140,139
E00039495,239,103,136
E00039496,200,111,89
E00039497,289,138,151
E00039596,316,169,147
E00039597,345,185,160
E00039598,350,174,176
E00039599,293,151,142
E00039600,296,150,146
E00039375,246,132,114
E00039376,285,141,144
E00039378,290,146,144
E00182690,365,187,178
E00182691,375,198,177
E00182709,367,191,176
E00182742,262,147,115
E00039472,348,171,177
E00039478,209,109,100
E00039502,227,113,114
E00039506,316,158,158
E00039508,292,140,152
E00039477,459,246,213
E00039479,255,136,119
E00039501,314,166,148
E00039507,293,156,137
E00039473,355,184,171
E00039480,203,97,106
E00039481,197,98,99
E00039482,193,94,99
E00039483,378,192,186
E00039411,420,213,207
E00039415,255,124,131
E00039416,225,113,112
E00039418,285,144,141
E00039422,212,106,106
E00039412,267,151,116
E00039413,227,111,116
E00039419,287,147,140
E00039420,176,86,90
E00182663,321,163,158
E00182680,140,69,71
E00182712,539,275,264
E00039414,283,144,139
E00039417,213,102,111
E00039425,248,126,122
E00039428,302,162,140
E00168790,351,181,170
E00039421,240,133,107
E00039423,177,93,84
E00039426,313,155,158
E00039427,210,103,107
E00039429,279,149,130
E00039430,258,124,134
E00039396,266,140,126
E00039400,335,180,155
E00039431,279,144,135
E00039432,230,118,112
E00039433,358,177,181
E00039366,271,144,127
E00039377,286,146,140
E00039380,287,151,136
E00039385,253,131,122
E00039386,230,113,117
E00039379,275,129,146
E00039381,352,187,165
E00039382,410,206,204
E00039394,338,167,171
E00039383,241,126,115
E00039384,342,185,157
E00039387,302,153,149
E00039388,278,142,136
E00039389,263,143,120
E00039390,351,177,174
E00039391,277,136,141
E00039392,485,255,230
E00039395,334,184,150
E00038992,158,79,79
E00038993,320,162,158
E00038994,199,102,97
E00038995,359,188,171
E00038996,230,113,117
E00038997,134,63,71
E00039510,308,160,148
E00039521,234,122,112
E00039544,329,169,160
E00168785,191,96,95
E00168787,139,66,73
E00168788,244,116,128
E00039517,319,170,149
E00039518,283,146,137
E00039539,342,170,172
E00039541,295,143,152
E00039511,294,145,149
E00039542,342,174,168
E00039543,315,154,161
E00039545,310,161,149
E00039515,256,128,128
E00039516,270,141,129
E00039537,252,135,117
E00039538,268,144,124
E00039540,275,141,134
E00039364,395,233,162
E00039367,282,146,136
E00039370,330,157,173
E00039393,349,176,173
E00039368,287,146,141
E00039369,360,193,167
E00039371,323,163,160
E00039372,315,175,140
E00039373,257,133,124
E00039397,303,162,141
E00039401,280,137,143
E00039402,371,184,187
E00039404,301,144,157
E00039405,215,112,103
E00039407,234,117,117
E00039398,439,217,222
E00039403,310,147,163
E00039406,265,108,157
E00039408,305,136,169
E00039409,401,205,196
E00039154,301,162,139
E00039160,281,143,138
E00039166,307,149,158
E00039171,267,127,140
E00039145,453,218,235
E00039148,183,94,89
E00039149,264,138,126
E00039152,220,100,120
E00039157,225,125,100
E00039170,208,95,113
E00039162,223,114,109
E00039163,265,135,130
E00039164,157,77,80
E00039165,223,104,119
E00039168,280,142,138
E00039169,247,124,123
E00039146,369,191,178
E00039150,282,141,141
E00039172,252,130,122
E00039174,244,128,116
E00039147,256,133,123
E00039153,312,149,163
E00039156,191,90,101
E00039159,174,80,94
E00039167,161,74,87
E00039175,202,101,101
E00039151,282,148,134
E00039155,228,105,123
E00039158,278,149,129
E00039161,244,117,127
E00039173,201,99,102
E00039104,216,122,94
E00039135,371,192,179
E00039144,341,179,162
E00168791,305,148,157
E00039130,170,84,86
E00039132,261,145,116
E00039133,170,91,79
E00039138,324,161,163
E00039139,335,163,172
E00039141,264,139,125
E00039101,338,173,165
E00039105,274,143,131
E00039106,245,128,117
E00039107,488,245,243
E00039137,293,147,146
E00039131,238,122,116
E00039134,306,167,139
E00039140,309,153,156
E00039142,256,114,142
E00039143,303,163,140
E00039216,331,164,167
E00039233,296,162,134
E00039234,304,154,150
E00039235,325,176,149
E00039236,271,152,119
E00039519,268,139,129
E00039520,321,161,160
E00039525,292,157,135
E00039526,274,148,126
E00039529,253,128,125
E00039512,250,118,132
E00039513,329,175,154
E00039522,291,156,135
E00039523,321,170,151
E00039528,276,147,129
E00039524,457,233,224
E00039530,317,143,174
E00039533,334,175,159
E00039536,264,131,133
E00039514,333,161,172
E00039531,275,145,130
E00039532,305,147,158
E00039534,278,144,134
E00039535,243,129,114
E00038925,342,171,171
E00038926,231,118,113
E00038928,232,128,104
E00038930,208,106,102
E00038931,239,121,118
E00038922,281,129,152
E00038936,510,250,260
E00038937,519,266,253
E00038938,368,193,175
E00038942,348,184,164
E00038923,308,166,142
E00038924,146,72,74
E00038939,575,299,276
E00038940,244,137,107
E00038941,250,135,115
E00168766,299,139,160
E00168767,295,149,146
E00168768,257,128,129
E00168769,264,136,128
E00168771,345,179,166
E00168783,297,159,138
E00039099,257,136,121
E00039115,305,153,152
E00039118,297,145,152
E00168770,362,178,184
E00168772,216,117,99
E00039108,292,147,145
E00039109,266,141,125
E00039110,210,109,101
E00039111,272,128,144
E00039112,363,181,182
E00039178,370,197,173
E00039199,218,106,112
E00039201,269,138,131
E00039203,196,91,105
E00039204,377,180,197
E00039176,350,175,175
E00039184,209,86,123
E00039194,337,174,163
E00039197,378,207,171
E00039200,354,192,162
E00039186,343,180,163
E00039190,253,126,127
E00039191,266,131,135
E00039193,343,177,166
E00039205,307,158,149
E00039177,187,101,86
E00039192,369,179,190
E00039195,383,197,186
E00039196,360,173,187
E00039198,226,113,113
E00039183,445,208,237
E00039185,277,139,138
E00039187,427,236,191
E00039188,102,40,62
E00039189,380,182,198
E00039344,315,178,137
E00039346,319,158,161
E00039347,221,125,96
E00039348,272,146,126
E00039349,270,130,140
E00039339,352,183,169
E00039342,381,190,191
E00039343,354,176,178
E00039345,371,190,181
E00039337,380,169,211
E00039351,337,157,180
E00039355,389,191,198
E00039356,393,198,195
E00039359,293,144,149
E00039361,205,79,126
E00039338,366,182,184
E00039340,324,171,153
E00039357,367,191,176
E00039360,345,177,168
E00039362,366,183,183
E00039208,264,132,132
E00039217,342,171,171
E00039219,327,171,156
E00039220,268,138,130
E00039221,263,134,129
E00039214,259,134,125
E00039215,250,130,120
E00039218,347,190,157
E00039237,282,140,142
E00039239,281,153,128
E00039206,362,178,184
E00039207,263,132,131
E00039213,284,135,149
E00039238,276,136,140
E00039209,312,159,153
E00039210,271,124,147
E00039225,232,115,117
E00039226,296,140,156
E00039228,336,173,163
E00039211,289,155,134
E00039222,279,138,141
E00039227,274,142,132
E00039230,384,202,182
E00039232,389,217,172
E00039212,300,146,154
E00039223,288,138,150
E00039224,302,161,141
E00039229,317,158,159
E00039231,242,125,117
E00039072,283,165,118
E00039079,437,225,212
E00039080,484,234,250
E00039096,330,163,167
E00039097,397,188,209
E00039073,221,98,123
E00039086,415,213,202
E00039087,397,197,200
E00039089,323,152,171
E00039090,404,219,185
E00039095,186,87,99
E00039081,400,201,199
E00039082,293,137,156
E00039084,286,153,133
E00039085,253,131,122
E00039088,257,127,130
E00039094,282,133,149
E00039071,315,168,147
E00039075,177,71,106
E00039077,338,171,167
E00039078,340,163,177
E00039098,388,189,199
E00038882,623,339,284
E00038902,294,148,146
E00038906,358,180,178
E00038907,387,202,185
E00038908,323,170,153
E00039074,398,194,204
E00039076,293,131,162
E00039083,163,76,87
E00039091,170,54,116
E00039092,434,207,227
E00168755,257,121,136
E00168756,277,118,159
E00168784,256,95,161
E00039334,314,141,173
E00039335,153,78,75
E00039336,419,200,219
E00039341,309,148,161
E00039350,301,161,140
E00039352,340,160,180
E00039353,314,161,153
E00039354,432,200,232
E00039358,299,137,162
E00039363,341,165,176
E00038912,243,123,120
E00038915,312,164,148
E00038916,243,128,115
E00038919,270,132,138
E00038920,267,124,143
E00039279,268,123,145
E00039303,388,181,207
E00039304,209,111,98
E00039306,209,103,106
E00039307,243,123,120
E00039275,499,267,232
E00039278,412,210,202
E00039305,162,74,88
E00039309,206,107,99
E00039308,327,155,172
E00039312,313,165,148
E00039317,241,134,107
E00039323,236,122,114
E00039326,270,130,140
E00039280,256,130,126
E00039284,273,153,120
E00039287,229,124,105
E00039321,257,131,126
E00039327,280,139,141
E00039333,283,147,136
E00039281,242,118,124
E00039290,298,149,149
E00039292,280,155,125
E00039322,263,135,128
E00039328,322,169,153
E00038932,255,129,126
E00038934,225,122,103
E00038957,275,134,141
E00038958,269,134,135
E00038959,275,140,135
E00038909,384,199,185
E00038910,280,150,130
E00038911,392,194,198
E00038929,271,147,124
E00038943,282,140,142
E00038951,246,149,97
E00038953,317,172,145
E00038960,224,107,117
E00038962,350,186,164
E00038950,245,138,107
E00038963,306,152,154
E00038964,334,186,148
E00038965,325,170,155
E00038966,274,155,119
E00039102,289,143,146
E00039114,296,157,139
E00039116,387,205,182
E00039119,255,131,124
E00039100,301,166,135
E00039117,178,102,76
E00039120,239,123,116
E00039121,283,147,136
E00039122,231,115,116
E00039124,300,168,132
E00039302,234,114,120
E00039310,252,126,126
E00039314,208,106,102
E00039316,296,142,154
E00039325,266,128,138
E00039330,327,162,165
E00039277,356,193,163
E00039311,243,114,129
E00039315,286,147,139
E00039319,341,182,159
E00039320,279,150,129
E00039313,222,116,106
E00039318,191,93,98
E00039324,226,107,119
E00039329,317,148,169
E00039331,243,138,105
E00039332,247,141,106
E00039282,278,150,128
E00039289,234,114,120
E00039293,271,124,147
E00039294,250,132,118
E00039298,323,172,151
E00039299,260,143,117
E00039283,239,130,109
E00039285,278,151,127
E00039286,298,150,148
E00039291,402,208,194
E00039295,319,168,151
E00039276,461,249,212
E00039288,123,59,64
E00039296,431,232,199
E00039297,331,176,155
E00039300,318,177,141
E00039301,163,77,86
E00039041,309,172,137
E00039042,231,127,104
E00039043,371,203,168
E00039044,371,193,178
E00039054,311,166,145
E00039059,102,58,44
E00039048,290,151,139
E00039050,276,139,137
E00039051,274,141,133
E00039052,311,149,162
E00039056,327,169,158
E00039045,283,142,141
E00039046,303,149,154
E00039047,313,158,155
E00039049,368,196,172
E00039070,288,155,133
E00039053,339,179,160
E00039057,291,144,147
E00039058,334,169,165
E00039060,338,160,178
E00039062,467,247,220
E00039123,295,157,138
E00039125,294,152,142
E00039126,323,158,165
E00039127,295,154,141
E00039128,212,108,104
E00039179,357,182,175
E00039180,389,217,172
E00039181,320,181,139
E00039182,314,167,147
E00039202,354,189,165
E00038879,375,184,191
E00038880,453,238,215
E00038884,302,150,152
E00038885,383,202,181
E00038905,445,215,230
E00038878,319,164,155
E00038892,285,141,144
E00038894,358,178,180
E00038898,322,168,154
E00038899,306,155,151
E00038881,356,181,175
E00038883,346,174,172
E00038888,313,156,157
E00038889,240,114,126
E00038890,404,197,207
E00038891,309,158,151
E00038886,278,148,130
E00038900,327,158,169
E00038901,420,217,203
E00038903,475,227,248
E00038904,408,213,195
E00039040,444,236,208
E00039055,423,211,212
E00039061,426,209,217
E00039063,300,158,142
E00039065,441,228,213
E00039064,296,151,145
E00039066,455,239,216
E00039067,352,185,167
E00039068,264,143,121
E00039069,271,152,119
E00038877,286,146,140
E00038887,293,173,120
E00038893,275,149,126
E00038895,234,134,100
E00038896,254,125,129
E00038897,285,148,137
E00038998,233,125,108
E00039005,328,176,152
E00039011,598,312,286
E00039017,241,122,119
E00039019,316,163,153
E00039004,343,183,160
E00039006,333,173,160
E00039009,273,138,135
E00039012,273,142,131
E00039010,216,93,123
E00039015,416,226,190
E00039018,318,154,164
E00039020,327,160,167
E00039021,275,131,144
E00039007,291,142,149
E00039008,321,171,150
E00039013,294,147,147
E00039014,281,133,148
E00039016,278,145,133
E00039001,332,180,152
E00039002,290,133,157
E00039022,329,169,160
E00039023,248,120,128
E00039025,266,128,138
E00038839,444,216,228
E00038867,204,101,103
E00038868,292,155,137
E00038871,146,69,77
E00038876,177,88,89
E00039548,271,134,137
E00039552,244,126,118
E00039553,335,184,151
E00039555,268,149,119
E00039561,255,125,130
E00039563,271,143,128
E00039546,257,130,127
E00039549,543,268,275
E00039550,266,137,129
E00039558,522,251,271
E00039562,309,160,149
E00182671,392,202,190
E00182678,439,230,209
E00182725,217,120,97
E00039547,336,174,162
E00039554,125,57,68
E00039556,263,126,137
E00039557,268,132,136
E00039559,324,164,160
E00039560,321,169,152
E00039026,452,234,218
E00039028,479,241,238
E00039030,354,179,175
E00039031,280,152,128
E00182656,166,78,88
E00182669,304,140,164
E00182727,553,289,264
E00182744,139,65,74
E00039034,554,293,261
E00039035,365,196,169
E00039039,345,171,174
E00168758,195,109,86
E00168778,306,153,153
E00168779,192,93,99
E00039027,299,147,152
E00039032,354,180,174
E00039036,347,177,170
E00039037,343,168,175
E00039038,273,151,122
E00038999,401,199,202
E00039000,334,160,174
E00039003,299,158,141
E00039024,307,154,153
E00182654,503,251,252
E00182670,210,108,102
E00182673,138,73,65
E00182686,405,203,202
E00182687,323,166,157
E00182649,397,202,195
E00182703,340,166,174
E00182723,397,204,193
E00182745,375,177,198
E00038834,485,259,226
E00182650,582,302,280
E00039460,410,214,196
E00039461,278,145,133
E00039462,288,136,152
E00039463,313,158,155
E00039465,207,102,105
E00039434,311,158,153
E00039435,247,126,121
E00039444,374,211,163
E00039445,365,184,181
E00039470,284,151,133
E00039437,393,191,202
E00039438,289,140,149
E00039448,263,129,134
E00039453,295,152,143
E00039464,131,64,67
E00039468,246,124,122
E00039469,312,154,158
E00039471,378,201,177
E00039466,232,115,117
E00168773,531,283,248
E00168774,357,180,177
E00168775,362,189,173
E00168776,349,170,179
E00168777,288,157,131
E00038793,296,156,140
E00038794,239,125,114
E00038801,309,150,159
E00038802,271,138,133
E00038804,259,132,127
E00038795,273,140,133
E00038803,275,134,141
E00038806,260,137,123
E00038807,273,137,136
E00039439,344,175,169
E00039442,258,141,117
E00039454,470,237,233
E00039457,291,152,139
E00039452,337,191,146
E00039456,309,158,151
E00039458,270,141,129
E00039459,264,137,127
E00039436,309,144,165
E00039443,357,183,174
E00039446,494,247,247
E00039449,249,141,108
E00039451,248,119,129
E00039440,211,104,107
E00039441,357,182,175
E00039447,306,146,160
E00039450,271,138,133
E00039455,231,122,109
E00038829,409,202,207
E00038841,184,103,81
E00038847,354,180,174
E00038850,300,150,150
E00038872,289,142,147
E00038840,322,168,154
E00038843,289,148,141
E00038844,313,138,175
E00038869,227,128,99
E00038870,181,101,80
E00038873,244,122,122
E00038827,331,166,165
E00038842,343,176,167
E00038846,362,182,180
E00038852,410,217,193
E00038828,435,221,214
E00038835,382,195,187
E00038848,181,96,85
E00038853,122,59,63
E00038865,306,162,144
E00038830,394,202,192
E00038838,224,119,105
E00038855,446,226,220
E00038858,325,154,171
E00038831,240,104,136
E00038836,350,190,160
E00038856,256,134,122
E00038860,275,144,131
E00038862,202,102,100
E00038864,225,123,102
E00038832,284,137,147
E00038845,213,111,102
E00038849,244,128,116
E00038851,349,191,158
E00168780,266,136,130
E00168781,227,112,115
E00168782,261,130,131
E00168789,202,99,103
E00038837,178,96,82
E00038859,195,106,89
E00038861,186,90,96
E00038863,305,153,152
E00038866,482,253,229
E00182702,282,141,141
E00182722,473,225,248
E00039254,289,155,134
E00039257,431,211,220
E00039270,309,151,158
E00039272,281,146,135
E00039255,407,206,201
E00039261,302,154,148
E00039269,368,179,189
E00039273,301,142,159
E00039274,228,121,107
E00038791,344,183,161
E00038796,277,138,139
E00038797,345,169,176
E00038799,248,131,117
E00038805,242,129,113
E00038790,444,222,222
E00038808,289,153,136
E00038809,293,149,144
E00038813,169,86,83
E00038800,408,207,201
E00038811,408,207,201
E00038814,296,155,141
E00038815,359,169,190
E00038789,257,133,124
E00038792,350,174,176
E00038810,209,113,96
E00038812,280,147,133
E00038816,376,191,185
E00038817,287,150,137
E00038818,245,123,122
E00038819,254,133,121
E00038820,302,161,141
E00038798,146,69,77
E00038821,295,153,142
E00038822,302,148,154
E00038823,241,133,108
E00038824,230,126,104
E00038825,286,138,148
E00038826,337,172,165
E00039250,345,188,157
E00039251,312,158,154
E00039252,273,152,121
E00039260,225,128,97
E00039266,256,145,111
E00039248,315,170,145
E00039249,422,217,205
E00039253,312,157,155
E00039256,314,150,164
E00039271,492,244,248
E00039242,195,100,95
E00039259,273,127,146
E00039262,319,169,150
E00039263,255,127,128
E00039264,209,110,99
E00168757,421,228,193
E00182697,159,77,82
E00182710,481,237,244
E00039240,296,148,148
E00039246,309,155,154
E00039258,310,167,143
E00039265,252,129,123
E00039267,316,175,141
E00039241,281,136,145
E00039243,198,109,89
E00039244,284,138,146
E00039245,360,181,179
E00039247,468,241,227
E00038913,249,117,132
E00038927,306,150,156
E00038933,303,141,162
E00038935,430,221,209
E00038949,509,266,243
E00038944,255,128,127
E00038945,369,200,169
E00038952,314,168,146
E00038956,344,171,173
E00038961,307,147,160
E00038917,307,176,131
E00038918,332,163,169
E00038921,319,157,162
E00182665,120,73,47
E00182716,479,256,223
E00038946,351,182,169
E00038947,304,156,148
E00038948,435,215,220
E00038954,305,161,144
E00038955,314,159,155
E00039567,277,136,141
E00039569,264,137,127
E00039570,244,126,118
E00039571,267,138,129
E00039582,239,117,122
E00039566,252,134,118
E00039572,305,152,153
E00039574,164,90,74
E00039575,265,134,131
E00039576,254,135,119
E00039564,312,163,149
E00039565,279,144,135
E00039568,158,77,81
E00039573,213,113,100
E00039577,247,126,121
E00039578,326,163,163
E00039579,307,154,153
E00039580,261,143,118
E00039581,245,141,104
E00041263,304,149,155
E00041290,284,151,133
E00041295,418,209,209
E00041296,379,194,185
E00185211,436,222,214
E00185253,120,53,67
E00041261,219,110,109
E00041262,298,154,144
E00041264,208,106,102
E00041269,256,120,136
E00041270,140,74,66
E00041275,275,143,132
E00041254,309,156,153
E00041256,332,176,156
E00041274,298,160,138
E00041279,305,170,135
E00041283,261,141,120
E00041258,229,120,109
E00041284,187,101,86
E00041285,263,130,133
E00041286,247,126,121
E00041287,221,103,118
E00041291,268,144,124
E00041260,380,210,170
E00041292,364,178,186
E00041293,246,128,118
E00185185,434,205,229
E00041267,321,161,160
E00041271,273,137,136
E00041272,347,180,167
E00041276,290,144,146
E00041297,236,128,108
E00041252,277,138,139
E00041265,228,115,113
E00041266,286,146,140
E00041268,256,124,132
E00041278,250,127,123
E00041294,272,144,128
E00041253,354,168,186
E00041255,310,161,149
E00041277,265,130,135
E00041280,295,144,151
E00041257,437,234,203
E00041273,393,203,190
E00041281,254,127,127
E00041282,279,138,141
E00039963,381,190,191
E00039965,242,124,118
E00039966,217,114,103
E00040011,294,150,144
E00040016,214,110,104
E00039954,348,193,155
E00039958,303,150,153
E00040000,317,167,150
E00040003,198,109,89
E00040005,289,154,135
E00039968,340,172,168
E00039971,267,136,131
E00039981,265,131,134
E00039983,288,147,141
E00040019,265,133,132
E00039953,351,179,172
E00039993,291,144,147
E00039994,372,192,180
E00039998,441,225,216
E00039957,398,199,199
E00039990,380,191,189
E00039995,342,172,170
E00040002,303,154,149
E00039955,325,157,168
E00039956,232,118,114
E00039996,313,169,144
E00039997,268,135,133
E00040001,249,136,113
E00040007,301,161,140
E00040004,299,151,148
E00040006,210,116,94
E00040008,225,116,109
E00040009,287,157,130
E00040010,138,70,68
E00040013,268,132,136
E00039961,309,161,148
E00039962,374,186,188
E00039985,228,129,99
E00040017,187,106,81
E00040021,300,147,153
E00039991,154,86,68
E00039992,245,124,121
E00040012,286,155,131
E00040015,327,168,159
E00172516,253,130,123
E00172517,285,140,145
E00172527,300,149,151
E00172538,295,141,154
E00172543,193,92,101
E00172544,399,205,194
E00039964,286,144,142
E00039967,247,133,114
E00039975,283,144,139
E00039976,274,149,125
E00040014,250,122,128
E00039949,248,133,115
E00039952,416,219,197
E00039980,223,114,109
E00039988,297,141,156
E00039989,292,138,154
E00039969,306,150,156
E00039977,251,143,108
E00039999,358,186,172
E00040018,233,120,113
E00040020,257,137,120
E00039970,344,183,161
E00039972,248,125,123
E00039974,298,168,130
E00039979,248,134,114
E00039987,278,137,141
E00039947,308,151,157
E00039948,347,180,167
E00039950,293,143,150
E00039984,277,149,128
E00039951,267,144,123
E00039973,265,128,137
E00039978,266,142,124
E00039982,312,152,160
E00039986,215,111,104
E00041222,284,141,143
E00041228,296,152,144
E00041233,174,95,79
E00041236,204,120,84
E00041239,322,160,162
E00041230,293,158,135
E00041231,264,131,133
E00041234,211,102,109
E00041235,196,106,90
E00041251,125,66,59
E00172530,256,126,130
E00172536,309,168,141
E00041227,318,159,159
E00041237,263,131,132
E00041240,250,125,125
E00041241,264,133,131
E00041250,254,136,118
E00041221,327,158,169
E00041229,277,144,133
E00041238,242,123,119
E00041242,277,140,137
E00041246,407,207,200
E00040806,193,82,111
E00040823,242,120,122
E00040826,271,131,140
E00040827,260,134,126
E00040833,352,178,174
E00040807,288,143,145
E00040830,289,159,130
E00040831,329,164,165
E00040836,286,148,138
E00040837,239,128,111
E00040805,262,138,124
E00040815,600,294,306
E00040816,290,152,138
E00040818,230,113,117
E00040822,373,193,180
E00041223,369,182,187
E00041224,235,123,112
E00041225,156,91,65
E00041226,231,128,103
E00041245,264,145,119
E00041243,336,175,161
E00041244,281,140,141
E00041247,316,162,154
E00041248,307,163,144
E00041249,284,143,141
E00039756,334,176,158
E00039777,354,177,177
E00039779,307,170,137
E00039780,314,169,145
E00040825,365,200,165
E00040828,339,176,163
E00040829,318,176,142
E00040832,365,180,185
E00040812,349,216,133
E00040813,280,154,126
E00040817,300,161,139
E00040819,341,187,154
E00040820,321,179,142
E00040804,402,205,197
E00040814,291,157,134
E00040821,259,142,117
E00040824,357,202,155
E00040835,317,159,158
E00041179,352,181,171
E00041187,310,155,155
E00041189,290,148,142
E00041192,301,154,147
E00041193,303,163,140
E00041175,459,253,206
E00041195,383,188,195
E00041199,138,70,68
E00041219,225,119,106
E00172455,364,180,184
E00172518,233,121,112
E00041174,274,140,134
E00041215,279,144,135
E00041216,190,98,92
E00041217,297,145,152
E00041218,345,165,180
E00041176,515,248,267
E00041183,382,207,175
E00041184,255,125,130
E00041186,266,138,128
E00041188,214,107,107
E00041220,235,124,111
E00172456,312,169,143
E00172457,355,162,193
E00172519,359,173,186
E00172521,275,141,134
E00172523,300,149,151
E00041177,303,154,149
E00041185,322,162,160
E00041190,326,161,165
E00172520,331,157,174
E00172522,289,144,145
E00040979,305,156,149
E00040980,268,150,118
E00040981,273,141,132
E00040982,246,135,111
E00040983,236,123,113
E00040984,192,105,87
E00040985,313,155,158
E00040986,304,154,150
E00040988,341,179,162
E00040989,300,159,141
E00041143,243,125,118
E00041147,292,147,145
E00041150,224,108,116
E00041151,303,160,143
E00041153,229,113,116
E00041126,226,108,118
E00041142,228,112,116
E00041146,389,200,189
E00185227,504,272,232
E00185248,152,69,83
E00185250,327,162,165
E00041128,281,152,129
E00041160,247,112,135
E00041163,326,171,155
E00041164,283,141,142
E00041165,245,120,125
E00041125,275,129,146
E00041145,452,255,197
E00041148,372,204,168
E00041152,255,129,126
E00041124,408,207,201
E00041137,300,150,150
E00041138,278,137,141
E00041139,230,114,116
E00041140,317,166,151
E00039747,331,168,163
E00039785,313,182,131
E00039788,410,205,205
E00039793,438,205,233
E00172545,333,167,166
E00172546,293,161,132
E00039757,345,196,149
E00039781,266,138,128
E00039782,382,215,167
E00039783,402,236,166
E00039784,287,149,138
E00040808,368,194,174
E00040838,335,173,162
E00040839,322,168,154
E00040840,327,168,159
E00040847,295,156,139
E00040834,308,172,136
E00040841,353,196,157
E00040842,307,154,153
E00040843,276,151,125
E00040844,304,161,143
E00040845,317,172,145
E00040846,273,138,135
E00040848,383,202,181
E00040849,310,166,144
E00040852,387,192,195
E00040800,271,138,133
E00040802,235,120,115
E00040809,315,150,165
E00040851,143,48,95
E00040853,262,144,118
E00040854,173,91,82
E00041149,358,184,174
E00041154,316,170,146
E00041155,283,144,139
E00041157,347,179,168
E00041158,139,75,64
E00041159,306,164,142
E00041161,378,196,182
E00185200,420,214,206
E00185252,249,141,108
E00185255,191,94,97
E00040977,249,120,129
E00040978,282,153,129
E00040987,235,123,112
E00040990,240,126,114
E00040992,195,100,95
E00040996,277,143,134
E00040968,347,176,171
E00040969,272,140,132
E00040991,244,120,124
E00040993,273,135,138
E00040995,224,116,108
E00040967,270,135,135
E00040970,256,136,120
E00040976,231,112,119
E00040994,307,169,138
E00040999,280,145,135
E00041000,296,157,139
E00040972,161,72,89
E00041002,297,170,127
E00041003,301,150,151
E00041004,161,57,104
E00041006,272,162,110
E00041013,251,127,124
E00041131,332,184,148
E00041166,425,211,214
E00041167,238,129,109
E00041168,369,206,163
E00041169,286,148,138
E00041130,230,107,123
E00041133,333,186,147
E00041134,311,165,146
E00041135,317,163,154
E00041136,279,155,124
E00039758,282,149,133
E00039761,222,110,112
E00039762,475,253,222
E00039766,414,218,196
E00039796,402,211,191
E00039764,413,200,213
E00039765,373,173,200
E00039767,338,164,174
E00039769,366,200,166
E00040225,187,97,90
E00040226,178,106,72
E00040234,230,105,125
E00040260,170,86,84
E00040270,452,259,193
E00040271,326,151,175
E00040232,327,167,160
E00040257,294,158,136
E00040258,304,184,120
E00040261,398,212,186
E00040266,332,182,150
E00040801,330,167,163
E00040803,285,154,131
E00040810,340,167,173
E00040811,361,191,170
E00040850,369,190,179
E00039786,298,140,158
E00039787,183,97,86
E00039789,301,151,150
E00039791,185,69,116
E00039792,320,161,159
E00039760,298,144,154
E00039763,287,133,154
E00039778,264,150,114
E00039795,298,161,137
E00039799,236,126,110
E00039748,343,167,176
E00039759,304,143,161
E00039794,352,171,181
E00039797,161,71,90
E00039798,333,160,173
E00039751,303,143,160
E00039768,289,143,146
E00039771,238,118,120
E00039772,259,128,131
E00185207,224,106,118
E00185213,120,70,50
E00185222,316,168,148
E00039750,373,201,172
E00039752,310,152,158
E00039770,346,186,160
E00039773,404,195,209
E00039753,236,113,123
E00039754,276,130,146
E00039755,359,181,178
E00039774,476,231,245
E00039775,364,185,179
E00039776,277,141,136
E00040221,318,166,152
E00040223,399,205,194
E00040231,347,176,171
E00040244,261,127,134
E00040246,376,199,177
E00040224,254,122,132
E00040227,281,138,143
E00040263,332,178,154
E00040265,262,143,119
E00040267,278,146,132
E00040269,281,143,138
E00040254,277,149,128
E00040255,449,246,203
E00040256,317,157,160
E00040259,255,136,119
E00040262,280,146,134
E00040222,299,149,150
E00040228,288,154,134
E00040233,332,176,156
E00040264,289,157,132
E00040268,345,179,166
E00041123,339,170,169
E00041129,282,150,132
E00041132,266,128,138
E00041162,199,107,92
E00041171,308,180,128
E00040480,338,181,157
E00040507,223,118,105
E00040511,254,123,131
E00040512,295,152,143
E00040513,315,156,159
E00040508,281,145,136
E00040509,300,157,143
E00040510,347,179,168
E00040514,243,123,120
E00040517,304,161,143
E00040463,220,105,115
E00040515,346,185,161
E00040516,312,167,145
E00040518,267,131,136
E00040524,258,136,122
E00040462,351,182,169
E00040464,297,167,130
E00040520,316,161,155
E00040521,261,155,106
E00040522,293,161,132
E00040470,336,171,165
E00040473,290,142,148
E00040492,276,145,131
E00040494,311,157,154
E00040497,301,143,158
E00040971,465,240,225
E00040997,270,137,133
E00040998,393,194,199
E00041001,308,150,158
E00041005,254,127,127
E00040973,311,150,161
E00040974,289,141,148
E00041007,248,129,119
E00041009,297,156,141
E00041010,243,121,122
E00040975,229,126,103
E00041016,229,116,113
E00041017,270,121,149
E00041018,296,155,141
E00041019,401,213,188
E00040029,257,119,138
E00040030,365,190,175
E00040040,340,175,165
E00040041,418,213,205
E00040042,264,139,125
E00040044,363,190,173
E00040045,304,142,162
E00040048,236,113,123
E00040049,369,205,164
E00040050,438,217,221
E00040027,432,222,210
E00040038,436,206,230
E00040084,396,197,199
E00040085,319,155,164
E00040028,420,203,217
E00040037,368,186,182
E00040039,380,172,208
E00040083,402,198,204
E00039853,331,160,171
E00039861,340,175,165
E00039886,323,150,173
E00039892,377,199,178
E00039895,426,177,249
E00039856,265,125,140
E00039876,615,322,293
E00039879,197,98,99
E00039881,226,96,130
E00039885,211,106,105
E00039888,273,136,137
E00040217,252,127,125
E00040219,312,156,156
E00040230,270,142,128
E00040235,310,155,155
E00040243,291,159,132
E00040251,319,161,158
E00041008,237,127,110
E00041011,253,125,128
E00041012,262,137,125
E00041014,284,153,131
E00041015,164,87,77
E00039851,394,205,189
E00039852,450,223,227
E00039887,427,226,201
E00039889,330,164,166
E00039871,351,172,179
E00039878,266,136,130
E00039882,463,245,218
E00039884,412,201,211
E00039890,310,154,156
E00039880,520,266,254
E00039883,356,181,175
E00039891,360,183,177
E00039894,289,127,162
E00185220,476,240,236
E00185224,216,95,121
E00040245,375,180,195
E00040247,452,235,217
E00040248,384,192,192
E00172424,317,148,169
E00172425,352,165,187
E00040229,480,229,251
E00040237,430,206,224
E00040238,419,199,220
E00040240,425,216,209
E00040465,298,162,136
E00040466,316,168,148
E00040488,254,133,121
E00040491,264,127,137
E00040519,301,151,150
E00040467,195,94,101
E00040469,240,123,117
E00040483,257,134,123
E00040485,274,145,129
E00040486,300,159,141
E00040523,237,120,117
E00040468,247,133,114
E00040481,258,133,125
E00040482,285,147,138
E00040484,297,152,145
E00040487,280,144,136
E00040490,259,135,124
E00040471,296,156,140
E00040489,279,142,137
E00040495,253,133,120
E00040496,253,138,115
E00040498,262,137,125
E00040472,368,197,171
E00040474,237,114,123
E00040475,401,195,206
E00040493,347,187,160
E00040499,303,154,149
E00039859,466,250,216
E00039862,329,171,158
E00039866,439,208,231
E00039893,397,191,206
E00039896,263,130,133
E00039854,428,197,231
E00039860,426,217,209
E00039863,228,102,126
E00039865,478,227,251
E00039868,251,125,126
E00040216,401,195,206
E00040236,421,207,214
E00040239,345,173,172
E00040241,329,157,172
E00040253,322,168,154
E00039864,325,148,177
E00039867,352,178,174
E00039869,423,213,210
E00172428,393,190,203
E00172431,358,183,175
E00039870,380,185,195
E00172429,314,161,153
E00172433,201,84,117
E00172434,164,71,93
E00172513,204,84,120
E00172514,165,71,94
E00172515,204,84,120
E00039858,428,225,203
E00039877,367,171,196
E00040218,488,230,258
E00040242,372,182,190
E00040249,450,215,235
E00040250,360,168,192
E00040252,350,172,178
E00185180,536,269,267
E00041182,320,164,156
E00041197,431,213,218
E00041198,494,254,240
E00041213,393,197,196
E00041180,265,140,125
E00041181,384,191,193
E00041196,253,130,123
E00041200,286,141,145
E00041201,360,191,169
E00041202,298,145,153
E00041204,312,155,157
E00041205,313,166,147
E00041207,370,186,184
E00041208,309,159,150
E00041172,366,182,184
E00041173,402,213,189
E00041203,275,145,130
E00041206,282,150,132
E00041209,315,161,154
E00041210,263,139,124
E00041211,296,160,136
E00041212,252,136,116
E00041214,382,201,181
E00041301,297,136,161
E00041308,278,134,144
E00041309,223,110,113
E00041311,476,246,230
E00041361,238,109,129
E00041304,251,141,110
E00041340,348,173,175
E00041343,281,123,158
E00041345,246,122,124
E00041347,293,158,135
E00041348,217,108,109
E00041300,286,148,138
E00041320,393,210,183
E00041349,322,166,156
E00041352,323,163,160
E00041359,311,165,146
E00041303,239,112,127
E00041307,301,156,145
E00041346,200,83,117
E00041351,191,100,91
E00041355,278,141,137
E00041357,215,114,101
E00041299,317,157,160
E00041306,267,141,126
E00041341,216,106,110
E00041342,203,101,102
E00041358,240,127,113
E00041360,220,102,118
E00041313,206,113,93
E00041314,252,128,124
E00041334,167,90,77
E00041336,174,83,91
E00041337,245,130,115
E00041339,308,157,151
E00040476,285,146,139
E00040477,416,205,211
E00040500,276,148,128
E00040501,282,145,137
E00040502,324,162,162
E00040478,373,199,174
E00040479,240,101,139
E00040503,244,124,120
E00040504,120,62,58
E00040505,358,186,172
E00040506,170,48,122
E00041302,309,168,141
E00041305,245,117,128
E00041317,339,162,177
E00041319,287,145,142
E00041356,250,137,113
E00041310,303,163,140
E00041321,185,107,78
E00041322,185,100,85
E00041323,205,107,98
E00041324,250,122,128
E00041326,162,76,86
E00041362,234,118,116
E00040880,384,178,206
E00040886,277,125,152
E00040887,207,80,127
E00040888,283,121,162
E00040891,353,167,186
E00040897,267,131,136
E00040900,343,157,186
E00040866,363,155,208
E00040904,329,168,161
E00040908,334,174,160
E00040909,244,109,135
E00185194,1015,511,504
E00040875,439,228,211
E00040877,387,180,207
E00040878,266,132,134
E00040882,233,119,114
E00040883,339,165,174
E00041298,235,115,120
E00041316,244,121,123
E00041331,175,102,73
E00041344,183,98,85
E00041350,317,144,173
E00041353,249,123,126
E00041354,222,120,102
E00041315,297,158,139
E00041330,273,127,146
E00041332,347,169,178
E00041333,270,135,135
E00041335,247,127,120
E00041338,249,122,127
E00039898,488,249,239
E00039942,483,268,215
E00039943,276,149,127
E00039944,406,220,186
E00039945,272,142,130
E00040033,391,202,189
E00040043,239,124,115
E00040046,296,155,141
E00040047,232,101,131
E00040051,312,157,155
E00040054,239,114,125
E00040031,427,224,203
E00040052,285,141,144
E00040057,347,172,175
E00172426,490,249,241
E00172453,520,255,265
E00040053,515,254,261
E00040056,442,197,245
E00040058,372,202,170
E00172491,465,242,223
E00185204,598,290,308
E00185232,468,238,230
E00040861,341,174,167
E00040867,343,169,174
E00040890,212,102,110
E00040896,292,156,136
E00040899,319,163,156
E00040864,372,156,216
E00040892,256,115,141
E00040893,426,238,188
E00040895,372,188,184
E00040862,266,134,132
E00040863,238,104,134
E00040898,277,141,136
E00040902,354,170,184
E00040905,331,171,160
E00040857,311,156,155
E00040858,286,155,131
E00040879,270,120,150
E00040884,216,113,103
E00040885,211,100,111
E00040280,411,204,207
E00040321,296,150,146
E00040326,316,153,163
E00040328,316,179,137
E00040332,278,147,131
E00040307,216,102,114
E00040309,218,107,111
E00040310,183,94,89
E00040311,287,143,144
E00040312,330,162,168
E00040313,324,154,170
E00040279,296,132,164
E00040314,178,76,102
E00040317,253,112,141
E00040319,246,127,119
E00040322,323,155,168
E00041312,309,166,143
E00041318,255,122,133
E00041325,197,105,92
E00041327,242,133,109
E00041328,309,158,151
E00041329,191,96,95
E00039800,324,155,169
E00039835,333,169,164
E00039836,313,155,158
E00039837,402,195,207
E00039839,361,181,180
E00039814,281,144,137
E00039838,433,227,206
E00039841,353,183,170
E00039842,468,250,218
E00039843,382,182,200
E00039801,184,89,95
E00039840,442,233,209
E00039844,404,229,175
E00039845,271,124,147
E00040865,506,232,274
E00040894,457,217,240
E00040901,336,128,208
E00040903,486,251,235
E00040855,393,195,198
E00040856,317,139,178
E00040859,304,137,167
E00040860,361,192,169
E00040889,220,95,125
E00040035,248,130,118
E00040059,494,241,253
E00040060,331,168,163
E00040061,439,205,234
E00040067,186,102,84
E00040062,302,146,156
E00040063,305,142,163
E00040064,242,124,118
E00040065,204,102,102
E00040066,309,154,155
E00040034,252,115,137
E00040070,286,126,160
E00040071,385,186,199
E00040073,274,139,135
E00040079,349,170,179
E00172535,358,175,183
E00185203,138,64,74
E00185244,488,249,239
E00040022,269,147,122
E00040069,284,143,141
E00040077,270,135,135
E00040078,308,142,166
E00040080,246,119,127
E00040589,531,286,245
E00040596,344,173,171
E00040597,285,144,141
E00040601,346,188,158
E00040605,327,157,170
E00040590,304,153,151
E00040591,269,123,146
E00040598,338,179,159
E00040599,257,116,141
E00040602,349,169,180
E00040272,392,197,195
E00040315,281,154,127
E00040327,248,128,120
E00040329,293,155,138
E00040331,346,178,168
E00040274,273,145,128
E00040275,179,83,96
E00040283,247,124,123
E00040286,252,141,111
E00040287,168,85,83
E00185181,401,202,199
E00040273,365,186,179
E00040282,276,132,144
E00040323,308,147,161
E00040325,361,186,175
E00040333,309,155,154
E00040281,300,154,146
E00040308,302,148,154
E00040316,323,160,163
E00040318,297,140,157
E00040320,303,156,147
E00039807,321,161,160
E00039810,206,107,99
E00039812,314,149,165
E00039825,303,147,156
E00185179,469,259,210
E00039811,489,251,238
E00039816,378,183,195
E00039823,427,218,209
E00039826,313,172,141
E00041066,359,189,170
E00041095,166,86,80
E00041107,217,112,105
E00185247,356,197,159
E00185258,283,125,158
E00039802,409,188,221
E00039804,430,205,225
E00039806,217,102,115
E00039818,356,171,185
E00039846,186,114,72
E00039847,312,151,161
E00039849,233,128,105
E00185178,910,486,424
E00040068,347,179,168
E00040072,336,203,133
E00040074,297,159,138
E00040076,292,168,124
E00040082,547,261,286
E00040023,258,131,127
E00040024,268,136,132
E00040025,271,130,141
E00040026,282,153,129
E00040075,162,76,86
E00040081,200,105,95
E00040337,268,142,126
E00040389,298,148,150
E00040391,381,197,184
E00040392,303,161,142
E00040393,245,133,112
E00040334,295,152,143
E00040390,362,191,171
E00040394,261,129,132
E00040395,344,167,177
E00040396,269,135,134
E00039808,279,144,135
E00039817,408,223,185
E00039819,221,121,100
E00039822,246,122,124
E00039824,218,110,108
E00039813,326,168,158
E00039821,255,134,121
E00039828,349,174,175
E00039832,266,125,141
E00039850,387,197,190
E00039815,270,129,141
E00039820,247,127,120
E00172454,487,244,243
E00185192,1737,811,926
E00185193,795,402,393
E00039827,324,171,153
E00039829,216,125,91
E00039830,286,154,132
E00039831,290,147,143
E00039833,371,193,178
E00039834,254,132,122
E00040618,604,326,278
E00040621,250,144,106
E00040622,335,199,136
E00040623,336,182,154
E00040624,347,185,162
E00040592,267,144,123
E00040620,250,111,139
E00040628,290,157,133
E00040629,272,148,124
E00172432,526,264,262
E00172461,229,124,105
E00172462,217,95,122
E00172463,279,134,145
E00172440,539,279,260
E00185210,289,138,151
E00185218,323,157,166
E00185233,308,155,153
E00185243,433,218,215
E00185246,142,74,68
E00040595,357,177,180
E00040604,340,187,153
E00040607,214,103,111
E00040610,136,50,86
E00040611,239,117,122
E00040614,251,122,129
E00040588,284,163,121
E00040600,285,146,139
E00040606,292,153,139
E00040615,258,141,117
E00040617,232,108,124
E00040619,283,151,132
E00040609,289,144,145
E00040612,191,103,88
E00040613,350,184,166
E00040616,374,201,173
E00185182,367,185,182
E00041075,307,137,170
E00041084,309,121,188
E00041087,266,96,170
E00041119,352,141,211
E00172446,268,103,165
E00185183,1352,663,689
E00041072,266,140,126
E00041073,344,175,169
E00041116,349,158,191
E00041118,254,113,141
E00041120,316,173,143
E00041070,446,216,230
E00041074,201,108,93
E00041083,184,97,87
E00041085,281,131,150
E00041110,500,250,250
E00041106,260,114,146
E00041109,327,153,174
E00041111,242,113,129
E00041113,283,135,148
E00172447,204,83,121
E00185223,165,87,78
E00185229,525,309,216
E00041105,265,105,160
E00041117,211,104,107
E00172442,185,85,100
E00172443,268,123,145
E00185230,193,92,101
E00185260,457,243,214
E00040284,338,181,157
E00040285,381,190,191
E00040289,364,180,184
E00040292,341,170,171
E00040276,233,129,104
E00040290,277,143,134
E00040293,311,156,155
E00040296,353,172,181
E00172548,308,146,162
E00172549,333,178,155
E00172550,303,165,138
E00040277,363,186,177
E00040291,276,134,142
E00040294,378,209,169
E00040295,280,132,148
E00040298,354,169,185
E00040278,343,172,171
E00040297,299,164,135
E00040299,299,160,139
E00040301,306,162,144
E00040305,196,106,90
E00040300,244,129,115
E00040302,298,154,144
E00040303,346,178,168
E00040304,260,134,126
E00040306,297,153,144
E00041071,346,172,174
E00041081,361,155,206
E00041091,283,144,139
E00172478,380,160,220
E00172500,158,73,85
E00172501,344,135,209
E00041080,368,168,200
E00041082,307,143,164
E00041114,292,154,138
E00041121,467,204,263
E00185215,899,513,386
E00185259,550,298,252
E00041078,496,222,274
E00041086,509,248,261
E00041089,359,167,192
E00041090,384,159,225
E00041076,217,104,113
E00041077,372,189,183
E00041079,411,200,211
E00041088,364,184,180
E00041092,307,133,174
E00041099,455,200,255
E00041112,610,273,337
E00172448,297,150,147
E00172507,185,81,104
E00185212,171,87,84
E00185245,500,231,269
E00172450,187,88,99
E00172504,612,280,332
E00172508,713,324,389
E00185199,592,320,272
E00185261,368,167,201
E00041055,329,173,156
E00172468,608,294,314
E00172471,447,226,221
E00172472,355,162,193
E00172526,142,72,70
E00041020,355,187,168
E00041035,255,132,123
E00041064,214,100,114
E00172466,257,133,124
E00172467,206,96,110
E00172469,174,85,89
E00172474,125,69,56
E00172477,200,101,99
E00185202,283,150,133
E00185240,268,122,146
E00041021,204,110,94
E00041039,138,79,59
E00041057,251,145,106
E00041060,587,299,288
E00041065,256,139,117
E00041024,344,185,159
E00041029,183,101,82
E00041040,332,168,164
E00041046,265,142,123
E00172475,308,153,155
E00172476,372,188,184
E00040355,334,178,156
E00040356,360,185,175
E00040358,336,176,160
E00040366,345,189,156
E00185196,150,69,81
E00185262,343,212,131
E00040343,334,168,166
E00040371,265,143,122
E00040380,174,90,84
E00040384,213,104,109
E00185238,152,75,77
E00185254,514,259,255
E00040335,334,169,165
E00040336,313,162,151
E00040357,277,140,137
E00040397,242,119,123
E00040398,231,117,114
E00040338,228,116,112
E00040339,285,146,139
E00040351,237,118,119
E00040361,291,149,142
E00040363,343,170,173
E00040344,248,127,121
E00040353,185,95,90
E00040364,241,123,118
E00040365,291,150,141
E00040370,284,144,140
E00040372,179,85,94
E00040341,265,136,129
E00040349,326,165,161
E00040350,295,151,144
E00040354,334,186,148
E00040360,291,148,143
E00040368,283,145,138
E00040535,301,135,166
E00040540,350,174,176
E00040584,280,137,143
E00040586,306,150,156
E00040530,287,155,132
E00040531,268,138,130
E00040566,306,145,161
E00040567,233,102,131
E00040570,232,121,111
E00040572,347,192,155
E00040532,339,173,166
E00040533,274,154,120
E00040568,356,192,164
E00040569,333,192,141
E00040573,247,126,121
E00040748,517,266,251
E00040755,349,187,162
E00040758,310,160,150
E00040760,225,116,109
E00040766,349,169,180
E00040754,387,194,193
E00040757,338,167,171
E00040761,363,188,175
E00040763,301,152,149
E00040792,264,128,136
E00040772,203,109,94
E00040773,247,114,133
E00040776,327,164,163
E00040777,306,155,151
E00040778,251,134,117
E00040746,340,178,162
E00040756,402,205,197
E00040775,358,184,174
E00040790,465,242,223
E00040779,236,108,128
E00040780,277,137,140
E00040782,262,134,128
E00040784,292,142,150
E00040788,404,201,203
E00040160,345,162,183
E00040198,367,189,178
E00040201,266,147,119
E00040204,272,150,122
E00040206,317,165,152
E00040155,263,137,126
E00040174,314,157,157
E00040177,410,209,201
E00040179,187,96,91
E00040185,315,155,160
E00040153,374,191,183
E00040175,359,183,176
E00040176,361,202,159
E00040178,316,170,146
E00040156,269,151,118
E00040157,283,139,144
E00040158,304,156,148
E00040182,303,161,142
E00040186,245,125,120
E00040189,242,113,129
E00040180,305,158,147
E00040184,320,176,144
E00040188,320,164,156
E00040190,234,123,111
E00040194,301,166,135
E00040159,362,191,171
E00040181,289,147,142
E00040187,330,177,153
E00040191,281,151,130
E00040192,260,136,124
E00041022,265,150,115
E00041027,306,157,149
E00041036,274,147,127
E00041044,342,187,155
E00041062,275,142,133
E00041038,284,151,133
E00041041,179,89,90
E00041045,281,145,136
E00041048,297,156,141
E00041063,271,145,126
E00041026,243,140,103
E00041050,190,102,88
E00172464,466,255,211
E00172470,446,233,213
E00041030,253,138,115
E00041031,231,118,113
E00041032,276,149,127
E00041049,108,58,50
E00041051,272,146,126
E00040342,297,162,135
E00040359,273,137,136
E00040362,273,151,122
E00040373,212,112,100
E00040376,227,118,109
E00040377,208,104,104
E00040340,344,170,174
E00040345,308,162,146
E00040374,227,104,123
E00040379,244,132,112
E00040387,338,180,158
E00040347,250,128,122
E00040352,335,182,153
E00040369,342,183,159
E00040375,199,107,92
E00040381,297,134,163
E00040346,207,99,108
E00040348,132,56,76
E00040378,191,93,98
E00040382,209,113,96
E00040385,235,125,110
E00040386,233,126,107
E00040388,240,115,125
E00040759,402,195,207
E00040795,381,173,208
E00040796,243,121,122
E00040797,320,164,156
E00040798,488,231,257
E00040753,370,198,172
E00040762,328,153,175
E00040764,352,167,185
E00040799,297,153,144
E00040765,261,129,132
E00040767,327,161,166
E00040768,394,192,202
E00040769,367,195,172
E00040770,261,132,129
E00040747,291,144,147
E00040771,146,79,67
E00040774,273,123,150
E00040781,256,140,116
E00040783,298,145,153
E00040786,379,191,188
E00040749,329,180,149
E00040752,341,169,172
E00040785,316,173,143
E00040787,305,156,149
E00040791,430,216,214
E00040750,477,234,243
E00040751,268,129,139
E00040789,282,115,167
E00040793,386,177,209
E00040794,305,162,143
E00040403,244,131,113
E00040413,223,106,117
E00040414,275,149,126
E00040416,285,151,134
E00040417,204,103,101
E00040428,297,141,156
E00040404,234,132,102
E00040408,327,180,147
E00040418,265,138,127
E00040421,279,148,131
E00040435,285,143,142
E00040405,252,121,131
E00040419,213,114,99
E00040424,379,201,178
E00040425,231,109,122
E00040426,197,75,122
E00040431,220,85,135
E00040407,333,197,136
E00040432,329,171,158
E00040443,347,192,155
E00040447,401,204,197
E00040448,374,188,186
E00041034,276,140,136
E00041037,333,180,153
E00041043,215,100,115
E00041054,401,201,200
E00041061,266,142,124
E00040526,344,171,173
E00040534,257,140,117
E00040537,217,111,106
E00040583,332,179,153
E00040587,280,135,145
E00040538,278,151,127
E00040543,377,202,175
E00040544,301,160,141
E00040545,299,157,142
E00040548,237,128,109
E00040542,336,173,163
E00040577,209,112,97
E00040579,255,129,126
E00040580,262,133,129
E00040581,319,164,155
E00040582,198,111,87
E00040549,226,113,113
E00040550,248,129,119
E00040551,216,98,118
E00040552,285,144,141
E00040554,274,143,131
E00040556,272,133,139
E00040571,310,179,131
E00040574,252,127,125
E00040575,272,144,128
E00040576,277,137,140
E00040578,291,151,140
E00040406,329,170,159
E00040415,294,141,153
E00040420,319,166,153
E00040423,358,154,204
E00040430,258,120,138
E00040409,194,89,105
E00040422,209,108,101
E00040433,309,146,163
E00040437,198,99,99
E00040438,285,162,123
E00040440,257,132,125
E00040410,272,142,130
E00040427,342,176,166
E00040429,242,118,124
E00040434,291,159,132
E00040436,335,158,177
E00040401,366,174,192
E00040412,310,151,159
E00040441,285,143,142
E00040445,201,94,107
E00040457,230,121,109
E00040399,316,146,170
E00040444,299,144,155
E00040449,302,160,142
E00040453,278,142,136
E00040455,289,140,149
E00040400,500,247,253
E00040411,505,248,257
E00040442,322,176,146
E00040450,304,171,133
E00040456,301,170,131
E00040527,259,123,136
E00040528,290,137,153
E00040539,493,240,253
E00040547,243,123,120
E00040553,291,146,145
E00040525,237,113,124
E00040536,290,157,133
E00040541,281,140,141
E00040546,273,147,126
E00040585,262,135,127
E00040529,289,150,139
E00040555,306,152,154
E00040557,317,170,147
E00040558,286,132,154
E00040560,239,114,125
E00040167,348,191,157
E00040202,367,191,176
E00040207,288,144,144
E00040208,373,191,182
E00040211,199,105,94
E00040193,327,157,170
E00040196,365,204,161
E00040199,321,162,159
E00040203,405,217,188
E00040205,323,158,165
E00040162,375,187,188
E00040163,523,264,259
E00040209,429,217,212
E00040214,310,154,156
E00040215,332,174,158
E00040161,347,167,180
E00040210,332,171,161
E00040212,388,202,186
E00040213,363,193,170
E00040166,280,159,121
E00040169,351,171,180
E00040170,372,193,179
E00040173,476,236,240
E00040154,271,132,139
E00040183,298,139,159
E00040195,334,174,160
E00040197,218,106,112
E00040200,489,237,252
E00040642,233,108,125
E00040643,253,126,127
E00040644,251,127,124
E00040696,308,162,146
E00040699,241,123,118
E00040700,239,122,117
E00040701,295,153,142
E00040706,287,155,132
E00040707,305,151,154
E00040709,328,164,164
E00040711,277,136,141
E00040645,299,144,155
E00040646,225,121,104
E00040702,304,148,156
E00040708,296,145,151
E00040714,234,118,116
E00040648,305,158,147
E00040649,287,156,131
E00040697,329,171,158
E00040703,286,149,137
E00040710,334,173,161
E00039673,372,202,170
E00039674,269,130,139
E00039676,267,141,126
E00039677,298,162,136
E00039681,287,148,139
E00039682,244,126,118
E00039624,288,141,147
E00039626,315,152,163
E00039666,289,156,133
E00039670,394,194,200
E00039671,282,147,135
E00039619,348,179,169
E00039620,276,143,133
E00039630,324,167,157
E00039633,304,159,145
E00039636,326,183,143
E00039628,177,92,85
E00039629,312,161,151
E00039631,250,141,109
E00039632,291,148,143
E00039679,223,123,100
E00039680,262,125,137
E00040402,259,134,125
E00040452,256,136,120
E00040459,301,154,147
E00040460,352,173,179
E00040461,209,116,93
E00040559,309,166,143
E00040561,252,135,117
E00040562,336,188,148
E00040563,200,95,105
E00040564,358,170,188
E00040565,187,68,119
E00040934,292,158,134
E00040935,321,186,135
E00040936,211,122,89
E00040938,239,134,105
E00040939,164,93,71
E00172524,218,108,110
E00040926,335,167,168
E00040940,270,150,120
E00040941,339,171,168
E00040942,204,102,102
E00040946,234,125,109
E00040927,403,220,183
E00040948,240,114,126
E00040949,318,173,145
E00040950,245,136,109
E00040951,342,188,154
E00040647,339,171,168
E00040651,268,136,132
E00040705,278,137,141
E00040712,235,115,120
E00040713,255,136,119
E00040655,294,163,131
E00040704,167,79,88
E00040718,204,111,93
E00040719,269,131,138
E00040721,265,140,125
E00040722,320,160,160
E00040723,251,143,108
E00040728,282,138,144
E00040733,295,153,142
E00040735,298,156,142
E00040656,280,155,125
E00040730,267,137,130
E00040739,337,161,176
E00172403,310,162,148
E00172511,392,184,208
E00039691,243,127,116
E00039708,235,112,123
E00039717,302,158,144
E00039718,265,150,115
E00039720,288,147,141
E00039705,318,153,165
E00039714,327,157,170
E00039719,307,159,148
E00039721,335,176,159
E00039722,297,156,141
E00039698,274,141,133
E00039713,294,150,144
E00039734,307,164,143
E00039741,186,84,102
E00039744,303,159,144
E00039746,314,172,142
E00039700,306,155,151
E00039703,224,120,104
E00039707,238,122,116
E00039710,291,149,142
E00039716,322,168,154
E00040652,420,211,209
E00040654,368,203,165
E00040698,297,155,142
E00040715,339,181,158
E00040716,305,150,155
E00040720,302,157,145
E00040738,266,138,128
E00040741,280,138,142
E00040650,269,140,129
E00040653,292,144,148
E00040658,266,123,143
E00040726,210,101,109
E00040732,290,147,143
E00040659,353,184,169
E00040660,352,177,175
E00040671,238,119,119
E00040740,353,182,171
E00039634,370,188,182
E00039635,360,183,177
E00039669,319,150,169
E00039675,517,263,254
E00039678,310,156,154
E00039625,348,190,158
E00039627,257,141,116
E00039667,337,162,175
E00039668,187,96,91
E00039672,338,173,165
E00039637,313,167,146
E00039638,377,188,189
E00039649,235,112,123
E00039652,255,134,121
E00039653,294,153,141
E00039657,185,108,77
E00040439,298,157,141
E00040446,275,134,141
E00040451,266,130,136
E00040454,280,139,141
E00040458,296,153,143
E00040912,264,129,135
E00040944,190,96,94
E00040945,230,115,115
E00040947,232,128,104
E00040952,415,201,214
E00040953,145,73,72
E00040911,263,132,131
E00040954,208,105,103
E00040955,200,98,102
E00040957,284,148,136
E00040958,248,127,121
E00040633,279,140,139
E00040665,279,145,134
E00040676,273,147,126
E00040679,306,148,158
E00172435,317,182,135
E00172436,330,156,174
E00040663,255,122,133
E00040666,234,114,120
E00040667,240,117,123
E00040742,285,146,139
E00040743,223,119,104
E00040631,205,91,114
E00040664,264,128,136
E00040672,256,134,122
E00040674,248,120,128
E00040675,219,106,113
E00040745,230,113,117
E00040637,245,126,119
E00040639,372,185,187
E00040681,287,159,128
E00040684,231,111,120
E00040686,312,165,147
E00040657,206,125,81
E00040717,201,106,95
E00040725,223,118,105
E00040734,228,119,109
E00040736,201,107,94
E00040737,267,131,136
E00040661,262,133,129
E00040724,239,123,116
E00040727,216,110,106
E00040729,281,151,130
E00040744,202,98,104
E00039650,340,164,176
E00039651,383,198,185
E00039655,311,162,149
E00039656,295,152,143
E00039621,318,156,162
E00039641,267,139,128
E00039642,264,134,130
E00039643,363,212,151
E00039644,229,122,107
E00039623,294,149,145
E00039658,306,164,142
E00039660,355,182,173
E00039662,284,145,139
E00039664,257,128,129
E00039622,245,127,118
E00039639,305,147,158
E00039640,268,137,131
E00039645,249,136,113
E00039646,298,148,150
E00039647,247,143,104
E00040096,378,186,192
E00040103,300,158,142
E00040113,405,215,190
E00040149,317,169,148
E00040151,324,169,155
E00040088,312,181,131
E00040098,277,142,135
E00040105,198,94,104
E00040111,373,189,184
E00040112,306,163,143
E00040152,267,152,115
E00040089,274,151,123
E00040125,284,152,132
E00040132,321,173,148
E00040136,346,179,167
E00040140,312,160,152
E00040143,331,172,159
E00040092,440,230,210
E00040093,446,242,204
E00040135,357,182,175
E00040145,185,96,89
E00040147,349,182,167
E00040095,462,239,223
E00040104,415,212,203
E00040106,290,138,152
E00040148,259,133,126
E00040150,289,154,135
E00040164,289,153,136
E00040165,387,203,184
E00040168,296,149,147
E00040171,420,212,208
E00040172,279,138,141
E00039648,274,151,123
E00039654,338,167,171
E00039659,315,159,156
E00039661,265,154,111
E00039663,277,146,131
E00039665,208,103,105
E00040102,242,139,103
E00040108,223,135,88
E00040109,244,138,106
E00040119,326,172,154
E00040130,275,140,135
E00040131,262,141,121
E00040101,241,121,120
E00040116,244,120,124
E00040122,258,127,131
E00040127,195,102,93
E00040128,256,138,118
E00040129,225,126,99
E00040134,246,133,113
E00040913,305,151,154
E00040956,176,95,81
E00040959,182,91,91
E00040960,235,125,110
E00040961,268,146,122
E00040963,242,111,131
E00040915,378,195,183
E00040916,345,173,172
E00040921,369,176,193
E00040929,142,50,92
E00040965,280,145,135
E00040914,311,168,143
E00040917,283,154,129
E00040919,246,145,101
E00040923,287,161,126
E00040962,202,103,99
E00040964,240,90,150
E00040918,325,176,149
E00040920,330,164,166
E00040922,383,191,192
E00040928,279,153,126
E00040966,205,106,99
E00040924,388,217,171
E00040925,253,123,130
E00040930,250,145,105
E00040931,216,103,113
E00040932,292,165,127
E00040933,261,141,120
E00040090,260,136,124
E00040091,298,163,135
E00040133,260,136,124
E00040137,334,174,160
E00040138,296,154,142
E00040086,240,121,119
E00040107,289,148,141
E00040115,286,153,133
E00040123,223,119,104
E00040126,217,108,109
E00040139,180,94,86
E00040097,357,185,172
E00040099,292,158,134
E00040110,311,154,157
E00040114,314,151,163
E00040117,145,84,61
E00040124,298,149,149
E00040087,279,143,136
E00040100,273,135,138
E00040118,300,158,142
E00040120,249,132,117
E00040121,291,145,146
E00040094,359,187,172
E00040141,304,155,149
E00040142,282,148,134
E00040144,397,182,215
E00040146,288,158,130
E00040632,393,196,197
E00040668,331,158,173
E00040670,336,172,164
E00040731,310,139,171
E00040641,284,145,139
E00040693,268,127,141
E00040695,350,171,179
E00172402,271,132,139
E00172437,221,113,108
E00172438,267,137,130
E00185206,339,171,168
E00185225,409,204,205
E00040634,261,130,131
E00040673,305,150,155
E00040677,239,122,117
E00040678,272,137,135
E00040683,250,126,124
E00185208,346,176,170
E00185216,395,208,187
E00185239,115,61,54
E00040638,330,179,151
E00040669,326,168,158
E00040685,310,166,144
E00040687,239,129,110
E00040690,222,112,110
E00185209,416,221,195
E00185226,142,66,76
E00040640,289,155,134
E00040688,271,135,136
E00040689,232,124,108
E00040691,268,136,132
E00165810,264,137,127
E00172413,182,77,105
E00172452,245,118,127
E00185195,1319,631,688
E00185197,381,181,200
E00185198,296,154,142
E00172405,143,56,87
E00172409,403,178,225
E00172418,289,124,165
E00172495,537,240,297
E00185221,563,275,288
E00185237,307,146,161
E00172422,274,137,137
E00172496,311,150,161
E00172497,156,78,78
E00185214,438,246,192
E00185219,241,111,130
E00185228,148,47,101
E00185251,276,126,150
E00185256,259,117,142
E00172407,245,126,119
E00172416,162,69,93
E00172417,287,123,164
E00185217,433,240,193
E00185231,242,96,146
E00185235,348,172,176
E00185257,270,124,146
E00172533,500,228,272
E00185191,758,351,407
E00185201,395,179,216
E00185236,193,80,113
E00041098,311,160,151
E00041101,321,154,167
E00041102,454,217,237
E00172445,140,64,76
E00185184,882,471,411
E00185241,414,189,225
E00185242,186,92,94
E00041093,388,212,176
E00041094,352,156,196
E00041100,343,145,198
E00041103,423,204,219
E00172411,324,149,175
E00172412,423,211,212
E00172415,259,88,171
E00172460,166,67,99
E00185186,299,128,171
E00172499,607,277,330
E00185187,440,224,216
E00185188,268,118,150
E00185189,844,392,452
E00039920,274,150,124
E00039922,214,110,104
E00039923,326,185,141
E00039924,292,151,141
E00172465,211,110,101
E00039900,311,127,184
E00039921,250,121,129
E00039925,169,94,75
E00039931,211,106,105
E00039932,269,100,169
E00039938,275,118,157
E00039897,260,126,134
E00039929,232,132,100
E00039933,288,147,141
E00039935,199,97,102
E00039937,225,109,116
E00039941,329,157,172
E00039902,405,201,204
E00039934,296,138,158
E00039936,361,173,188
E00039939,219,107,112
E00039940,195,103,92
E00039899,218,94,124
E00039907,430,245,185
E00039908,497,258,239
E00039911,243,143,100
E00039912,446,233,213
E00039946,148,65,83
E00039913,287,156,131
E00039914,248,131,117
E00039917,229,117,112
E00039918,306,169,137
E00039919,274,144,130
E00039926,267,150,117
E00039906,208,86,122
E00039910,332,192,140
E00172509,194,85,109
E00172510,665,269,396
E00185190,436,206,230
E00185205,214,59,155
E00185234,233,108,125
E00185249,391,170,221
E00039724,241,119,122
E00039726,269,138,131
E00039729,300,147,153
E00039737,298,146,152
E00039739,324,167,157
E00039692,391,201,190
E00039727,282,141,141
E00039728,295,142,153
E00039732,299,151,148
E00039733,332,172,160
E00039695,277,143,134
E00039697,318,164,154
E00039730,356,186,170
E00039736,255,136,119
E00039743,305,154,151
E00039688,260,143,117
E00039696,308,163,145
E00039701,262,134,128
E00039709,211,101,110
E00039715,226,124,102
E00039740,306,159,147
E00039683,429,216,213
E00039685,283,154,129
E00039686,230,126,104
E00039699,265,132,133
E00039702,163,96,67
E00039731,264,135,129
E00039738,243,116,127
E00172488,425,210,215
E00039684,307,158,149
E00039687,238,105,133
E00039735,318,165,153
E00039742,240,127,113
E00039745,227,126,101
E00039690,199,100,99
E00039704,355,187,168
E00039706,269,133,136
E00039712,265,141,124
E00172487,297,165,132
E00053689,249,133,116
E00053693,266,149,117
E00053696,300,166,134
E00177781,251,137,114
E00177821,285,154,131
E00053687,214,113,101
E00053690,301,160,141
E00053692,304,156,148
E00053697,236,128,108
E00053688,256,133,123
E00053691,244,126,118
E00053695,345,174,171
E00053698,266,144,122
E00053699,268,144,124
E00053936,232,122,110
E00053937,293,148,145
E00053950,268,146,122
E00053951,371,193,178
E00053953,461,248,213
E00053954,293,156,137
E00053938,377,198,179
E00053946,265,139,126
E00053947,265,138,127
E00053948,351,183,168
E00053978,316,164,152
E00053943,443,238,205
E00053952,372,183,189
E00053959,345,169,176
E00053966,316,170,146
E00053939,385,195,190
E00053955,189,91,98
E00053956,332,163,169
E00053961,359,203,156
E00053962,276,149,127
E00053958,265,131,134
E00053969,244,139,105
E00053970,276,148,128
E00053973,231,131,100
E00053974,251,132,119
E00053980,288,165,123
E00053944,354,179,175
E00053945,357,174,183
E00053971,286,153,133
E00053972,282,144,138
E00053979,331,166,165
E00053935,276,158,118
E00053949,316,174,142
E00053976,271,143,128
E00053977,291,153,138
E00053982,298,157,141
E00053957,394,194,200
E00053960,320,167,153
E00053964,313,169,144
E00053965,302,153,149
E00053968,363,213,150
E00053981,245,131,114
E00053940,361,185,176
E00053941,403,208,195
E00053942,414,213,201
E00053963,287,158,129
E00053967,293,165,128
E00053975,222,117,105
E00054330,278,141,137
E00054331,270,126,144
E00054332,372,186,186
E00054334,281,161,120
E00054335,244,130,114
E00054308,299,152,147
E00054309,386,185,201
E00054324,333,171,162
E00054325,306,161,145
E00054327,306,156,150
E00054310,263,139,124
E00054326,318,167,151
E00054328,390,192,198
E00054329,283,160,123
E00054333,316,157,159
E00054311,261,132,129
E00054312,323,172,151
E00054336,351,173,178
E00054337,290,148,142
E00054316,271,134,137
E00054338,312,146,166
E00054339,293,146,147
E00176203,268,133,135
E00176204,371,177,194
E00176205,254,134,120
E00054305,281,139,142
E00054306,322,174,148
E00054315,372,198,174
E00054340,292,139,153
E00054317,344,174,170
E00054319,324,163,161
E00054322,295,151,144
E00054323,245,126,119
E00054341,236,123,113
E00054342,117,50,67
E00054307,296,164,132
E00054313,365,181,184
E00054318,263,135,128
E00054320,323,169,154
E00054321,346,171,175
E00053985,304,150,154
E00053988,338,188,150
E00054007,136,67,69
E00054027,300,148,152
E00054029,487,253,234
E00054006,279,124,155
E00054011,309,149,160
E00054013,470,209,261
E00054014,321,162,159
E00054016,453,229,224
E00054008,260,137,123
E00054009,298,147,151
E00054012,290,149,141
E00054015,354,185,169
E00054020,472,233,239
E00053987,600,305,295
E00053994,262,139,123
E00054019,428,225,203
E00176155,402,192,210
E00176163,281,129,152
E00176190,293,147,146
E00176201,187,111,76
E00176202,264,130,134
E00054086,518,241,277
E00054091,349,187,162
E00054094,586,277,309
E00054124,409,216,193
E00054111,378,181,197
E00054112,339,161,178
E00054113,273,144,129
E00054115,390,192,198
E00054116,326,159,167
E00054083,532,268,264
E00054085,463,219,244
E00054118,285,139,146
E00054121,614,327,287
E00054080,414,205,209
E00054117,410,223,187
E00054119,445,230,215
E00054120,451,231,220
E00053983,317,167,150
E00053989,549,261,288
E00053991,436,223,213
E00054022,344,164,180
E00053984,507,264,243
E00053990,115,50,65
E00054026,397,198,199
E00054028,487,255,232
E00053993,439,216,223
E00054021,553,289,264
E00054023,392,203,189
E00054025,511,258,253
E00054030,166,92,74
E00053986,382,208,174
E00053992,273,137,136
E00053995,280,152,128
E00054017,337,174,163
E00054024,389,217,172
E00053996,341,161,180
E00054001,246,123,123
E00054003,282,147,135
E00054004,172,88,84
E00054005,320,161,159
E00053997,315,169,146
E00053998,281,155,126
E00053999,429,227,202
E00054000,319,165,154
E00054002,309,161,148
E00054038,236,119,117
E00054039,283,105,178
E00054040,546,260,286
E00054041,509,260,249
E00054043,228,109,119
E00054044,203,65,138
E00054031,352,167,185
E00054046,404,205,199
E00054047,486,231,255
E00054048,459,237,222
E00054089,329,182,147
E00054090,296,148,148
E00054092,233,124,109
E00054125,325,181,144
E00054126,336,181,155
E00054082,246,135,111
E00054088,311,152,159
E00054122,257,143,114
E00054123,320,168,152
E00177817,319,178,141
E00177854,472,235,237
E00054077,360,185,175
E00054093,398,222,176
E00054095,391,186,205
E00054096,433,210,223
E00054098,229,122,107
E00054099,260,134,126
E00054100,291,153,138
E00054102,257,129,128
E00054103,350,175,175
E00054101,298,149,149
E00054104,329,176,153
E00054105,232,115,117
E00054107,353,190,163
E00054109,318,163,155
E00053442,333,161,172
E00053443,333,169,164
E00053445,269,140,129
E00053447,301,152,149
E00053450,270,143,127
E00053440,263,128,135
E00053444,290,137,153
E00053448,300,158,142
E00053452,295,164,131
E00176178,311,166,145
E00176179,371,192,179
E00176212,321,163,158
E00176215,363,191,172
E00054290,347,171,176
E00054295,267,143,124
E00054297,386,201,185
E00054299,312,155,157
E00054303,309,150,159
E00054289,378,195,183
E00054291,192,87,105
E00054292,261,139,122
E00054293,362,179,183
E00054294,489,257,232
E00054298,258,139,119
E00054300,340,179,161
E00054296,292,151,141
E00054301,267,147,120
E00054302,240,129,111
E00054304,417,215,202
E00054032,279,144,135
E00054042,197,82,115
E00054045,151,59,92
E00054049,333,135,198
E00054050,267,118,149
E00054053,310,154,156
E00054055,278,141,137
E00054056,227,125,102
E00054057,283,145,138
E00054059,429,236,193
E00054066,350,178,172
E00054052,321,160,161
E00054060,269,137,132
E00054061,259,150,109
E00054062,316,139,177
E00054065,215,125,90
E00054034,438,217,221
E00054035,199,108,91
E00054037,367,178,189
E00054064,511,257,254
E00054068,163,79,84
E00054072,311,156,155
E00054051,284,153,131
E00054067,229,121,108
E00054070,301,157,144
E00054073,253,141,112
E00054033,266,145,121
E00054054,301,161,140
E00054058,296,156,140
E00054063,236,136,100
E00054069,535,291,244
E00054036,415,228,187
E00054071,371,194,177
E00054074,169,78,91
E00054075,226,125,101
E00054076,334,179,155
E00054078,295,157,138
E00054079,270,133,137
E00054106,268,122,146
E00054108,342,168,174
E00054110,252,125,127
E00054734,558,303,255
E00054737,174,93,81
E00054738,168,86,82
E00054739,290,147,143
E00054741,243,119,124
E00054742,403,213,190
E00053353,436,209,227
E00053354,327,169,158
E00053357,337,180,157
E00053387,288,151,137
E00053404,440,214,226
E00053364,214,118,96
E00053394,282,145,137
E00053395,302,150,152
E00053398,266,146,120
E00053399,342,181,161
E00053388,275,142,133
E00053389,322,170,152
E00053391,255,144,111
E00053392,270,138,132
E00053393,276,148,128
E00053397,173,79,94
E00053366,330,151,179
E00053400,273,137,136
E00053401,314,170,144
E00053403,302,155,147
E00053405,331,175,156
E00054084,415,212,203
E00054087,362,183,179
E00054097,423,214,209
E00054114,440,214,226
E00054735,302,150,152
E00054740,502,254,248
E00054747,226,117,109
E00054749,293,165,128
E00054755,398,192,206
E00054744,280,142,138
E00054745,279,143,136
E00054750,139,68,71
E00054751,294,144,150
E00054754,343,184,159
E00054757,299,152,147
E00054736,246,122,124
E00054746,226,113,113
E00054748,250,122,128
E00054752,107,60,47
E00054753,339,171,168
E00054756,245,127,118
E00053409,305,160,145
E00053411,281,121,160
E00053415,411,233,178
E00053420,280,139,141
E00053441,327,163,164
E00053410,281,142,139
E00053418,424,215,209
E00053425,399,194,205
E00053428,221,117,104
E00053431,320,163,157
E00053412,270,134,136
E00053414,523,275,248
E00053416,317,163,154
E00053451,307,159,148
E00053453,250,124,126
E00053417,337,175,162
E00053419,190,109,81
E00053421,232,119,113
E00053422,195,96,99
E00053424,212,109,103
E00176094,139,69,70
E00176095,168,87,81
E00176096,294,149,145
E00053426,273,118,155
E00053427,323,168,155
E00053430,228,121,107
E00053434,344,168,176
E00053435,368,188,180
E00176177,278,139,139
E00176213,195,134,61
E00053358,360,172,188
E00053359,251,125,126
E00053365,288,146,142
E00053367,262,132,130
E00053368,274,139,135
E00053402,284,138,146
E00053360,316,154,162
E00053363,300,156,144
E00053377,299,165,134
E00053379,249,127,122
E00053383,289,145,144
E00053386,305,155,150
E00053378,465,234,231
E00053380,286,146,140
E00053381,295,160,135
E00053382,386,180,206
E00053384,264,123,141
E00053385,247,123,124
E00053369,286,141,145
E00053371,311,167,144
E00053372,289,155,134
E00053374,312,158,154
E00053375,281,147,134
E00053355,308,157,151
E00053356,315,158,157
E00053361,315,177,138
E00053390,265,143,122
E00053396,313,165,148
E00053927,271,136,135
E00053929,333,165,168
E00053930,256,146,110
E00177788,222,111,111
E00177789,555,278,277
E00177802,115,52,63
E00177826,388,207,181
E00177848,158,76,82
E00053884,244,127,117
E00053910,268,149,119
E00053913,301,153,148
E00053916,275,145,130
E00053918,420,232,188
E00053880,297,154,143
E00053905,256,124,132
E00053907,265,136,129
E00053921,345,185,160
E00177807,350,183,167
E00177859,168,85,83
E00053908,370,182,188
E00053911,287,146,141
E00053912,276,145,131
E00053914,521,261,260
E00053915,301,161,140
E00053362,309,149,160
E00053370,381,183,198
E00053373,436,226,210
E00053376,373,188,185
E00053406,222,114,108
E00053432,280,153,127
E00053436,270,135,135
E00177751,488,231,257
E00054413,304,167,137
E00054414,279,142,137
E00054415,223,121,102
E00054416,290,153,137
E00054418,250,131,119
E00054421,237,127,110
E00054417,222,124,98
E00054420,269,153,116
E00054422,327,157,170
E00054423,245,139,106
E00054425,381,184,197
E00054430,125,81,44
E00054396,434,244,190
E00054419,509,261,248
E00054429,346,190,156
E00054431,298,152,146
E00054392,297,162,135
E00054395,309,156,153
E00054397,293,149,144
E00054398,356,191,165
E00054435,346,179,167
E00053883,297,155,142
E00053887,292,160,132
E00053893,241,127,114
E00053898,356,193,163
E00053900,260,132,128
E00053933,344,207,137
E00053882,304,153,151
E00053888,556,280,276
E00053902,328,171,157
E00053928,315,155,160
E00053890,180,100,80
E00053896,223,126,97
E00053899,276,158,118
E00053903,437,229,208
E00053904,317,159,158
E00053917,484,241,243
E00053919,333,170,163
E00053920,439,225,214
E00053922,335,167,168
E00053926,210,111,99
E00053886,226,107,119
E00053923,471,224,247
E00053925,447,238,209
E00053931,454,230,224
E00053932,301,149,152
E00053881,296,157,139
E00053885,329,163,166
E00053895,409,210,199
E00053897,269,140,129
E00177792,226,100,126
E00177831,427,225,202
E00053891,314,164,150
E00053892,400,203,197
E00053894,322,157,165
E00053934,142,78,64
E00176135,278,144,134
E00176214,403,203,200
E00054345,163,72,91
E00054351,377,168,209
E00054353,304,149,155
E00054355,328,162,166
E00054358,277,127,150
E00177785,211,117,94
E00177811,307,157,150
E00177857,258,161,97
E00054390,274,147,127
E00054428,321,166,155
E00054433,330,154,176
E00054434,318,172,146
E00054436,319,164,155
E00054424,366,182,184
E00054426,339,166,173
E00054427,389,189,200
E00054432,301,153,148
E00054344,216,124,92
E00176099,210,95,115
E00176100,224,97,127
E00176101,125,54,71
E00177771,154,59,95
E00177808,188,77,111
E00177814,131,52,79
E00054350,314,158,156
E00054387,217,107,110
E00054389,255,127,128
E00176156,273,129,144
E00054363,355,176,179
E00054364,367,192,175
E00054374,316,162,154
E00054375,311,159,152
E00054376,259,139,120
E00054357,378,177,201
E00054362,289,152,137
E00054368,299,164,135
E00054372,218,90,128
E00177755,292,141,151
E00054346,463,249,214
E00054382,279,147,132
E00054383,282,154,128
E00054384,267,130,137
E00054388,314,179,135
E00054348,474,251,223
E00054354,326,172,154
E00054385,350,192,158
E00054386,325,168,157
E00054343,307,162,145
E00054356,321,163,158
E00054360,250,121,129
E00054366,309,155,154
E00054367,382,199,183
E00053407,367,189,178
E00053408,306,156,150
E00053437,330,176,154
E00053438,294,171,123
E00053439,305,162,143
E00053459,356,194,162
E00053473,242,123,119
E00053477,254,127,127
E00053478,363,179,184
E00177774,362,192,170
E00177810,154,78,76
E00177856,329,170,159
E00053465,322,166,156
E00053466,297,147,150
E00053468,268,145,123
E00053469,350,191,159
E00053476,348,184,164
E00053454,306,170,136
E00053475,287,150,137
E00053481,228,129,99
E00053482,273,148,125
E00053483,260,141,119
E00053470,341,174,167
E00053471,343,167,176
E00053474,300,167,133
E00053479,293,152,141
E00053480,315,167,148
E00053455,415,208,207
E00053456,392,198,194
E00053457,281,151,130
E00053460,310,172,138
E00053484,299,178,121
E00053462,280,145,135
E00053463,272,143,129
E00053464,324,168,156
E00053467,285,150,135
E00053472,375,190,185
E00054711,221,111,110
E00054712,284,148,136
E00054718,207,103,104
E00054724,249,124,125
E00054728,487,252,235
E00054730,289,144,145
E00054715,272,138,134
E00054727,296,156,140
E00054729,354,175,179
E00054731,213,121,92
E00054743,478,229,249
E00054717,239,121,118
E00054720,241,138,103
E00054721,294,142,152
E00054732,223,126,97
E00054733,480,251,229
E00054704,368,188,180
E00054706,330,164,166
E00054707,304,154,150
E00054719,333,174,159
E00054722,280,151,129
E00054703,306,156,150
E00054705,296,135,161
E00054708,302,163,139
E00054709,383,201,182
E00054710,280,146,134
E00054713,341,172,169
E00054714,325,162,163
E00054716,316,151,165
E00054723,211,104,107
E00054725,226,118,108
E00054726,352,184,168
E00053506,310,165,145
E00053509,309,155,154
E00053544,352,182,170
E00053545,323,164,159
E00053546,331,174,157
E00053504,343,171,172
E00053505,489,258,231
E00053510,381,187,194
E00053542,335,162,173
E00053543,253,139,114
E00053511,212,103,109
E00053513,356,188,168
E00053514,344,183,161
E00053515,347,175,172
E00053516,342,161,181
E00054359,315,149,166
E00054361,265,139,126
E00054370,291,147,144
E00054371,262,144,118
E00176164,366,173,193
E00176176,278,144,134
E00054377,318,179,139
E00054378,602,295,307
E00054379,287,154,133
E00054380,352,184,168
E00054381,480,263,217
E00054391,342,179,163
E00054394,460,228,232
E00054399,306,152,154
E00054400,416,217,199
E00054401,311,153,158
E00054403,426,207,219
E00054405,519,249,270
E00054407,487,246,241
E00054408,402,204,198
E00054402,424,221,203
E00054404,413,216,197
E00054411,507,257,250
E00177834,521,263,258
E00177839,122,48,74
E00054393,463,245,218
E00054409,560,283,277
E00054410,568,262,306
E00054412,252,122,130
E00053747,308,137,171
E00053748,334,174,160
E00053756,436,232,204
E00053761,188,113,75
E00053763,399,198,201
E00053746,435,232,203
E00053776,362,184,178
E00053780,296,159,137
E00053785,248,119,129
E00177780,437,234,203
E00177786,187,99,88
E00053778,325,176,149
E00053779,320,169,151
E00053781,426,236,190
E00053783,436,251,185
E00053744,301,156,145
E00053745,324,179,145
E00053750,303,159,144
E00053760,351,171,180
E00053766,282,154,128
E00053749,300,172,128
E00053752,288,167,121
E00053753,286,148,138
E00053754,260,142,118
E00053764,310,156,154
E00053742,317,145,172
E00053751,293,152,141
E00053762,326,160,166
E00053769,276,125,151
E00053772,245,118,127
E00053757,306,156,150
E00053767,426,234,192
E00053768,439,239,200
E00053773,249,126,123
E00177782,139,76,63
E00177838,605,325,280
E00053759,369,197,172
E00053775,293,154,139
E00053777,444,227,217
E00176097,606,309,297
E00054600,452,235,217
E00054605,304,137,167
E00054610,440,216,224
E00054613,475,258,217
E00053507,375,187,188
E00053512,290,144,146
E00053517,224,123,101
E00053518,275,141,134
E00053521,379,182,197
E00053520,317,172,145
E00053522,261,130,131
E00053525,335,174,161
E00053531,344,175,169
E00053538,410,216,194
E00053519,357,185,172
E00053524,367,190,177
E00053530,312,178,134
E00053532,337,167,170
E00053526,360,170,190
E00053528,306,169,137
E00053539,411,227,184
E00053540,369,202,167
E00053508,364,193,171
E00053529,338,162,176
E00053533,311,163,148
E00053534,289,139,150
E00053541,350,180,170
E00053843,348,178,170
E00053847,509,276,233
E00053868,417,214,203
E00177870,569,263,306
E00053841,475,270,205
E00053845,446,221,225
E00053856,483,244,239
E00053857,330,162,168
E00053853,496,239,257
E00053854,496,263,233
E00053861,484,220,264
E00053863,501,221,280
E00053844,450,224,226
E00053846,520,249,271
E00053851,614,305,309
E00053875,287,149,138
E00053878,284,150,134
E00053869,429,218,211
E00053870,499,253,246
E00053871,450,245,205
E00053876,415,223,192
E00053879,437,257,180
E00053848,316,171,145
E00053850,416,210,206
E00053852,531,258,273
E00177837,559,274,285
E00177840,451,238,213
E00054511,614,329,285
E00054513,587,291,296
E00177800,279,117,162
E00177820,357,180,177
E00053858,411,216,195
E00053873,558,295,263
E00177775,457,222,235
E00177852,168,78,90
E00177797,452,235,217
E00177842,518,275,243
E00177844,340,189,151
E00177853,341,195,146
E00053458,362,185,177
E00053486,431,226,205
E00053487,326,169,157
E00053489,409,205,204
E00177846,379,186,193
E00177847,293,157,136
E00053485,288,168,120
E00053488,293,165,128
E00053490,223,136,87
E00053491,284,147,137
E00053493,583,296,287
E00053495,377,189,188
E00053500,383,210,173
E00053501,287,144,143
E00053502,297,156,141
E00053503,328,177,151
E00053494,293,142,151
E00053496,267,138,129
E00053497,555,268,287
E00053498,465,230,235
E00053499,556,293,263
E00053523,367,195,172
E00053527,291,152,139
E00053535,374,192,182
E00053536,361,194,167
E00053537,437,211,226
E00053743,376,191,185
E00053765,302,145,157
E00053770,292,152,140
E00053771,356,172,184
E00053774,347,182,165
E00054598,327,172,155
E00054599,439,225,214
E00054602,411,215,196
E00054603,361,171,190
E00054576,426,199,227
E00054577,361,175,186
E00054608,376,173,203
E00054609,395,193,202
E00054496,466,236,230
E00054499,582,307,275
E00054506,583,299,284
E00176134,414,192,222
E00176185,248,125,123
E00054488,579,304,275
E00054497,593,299,294
E00054498,265,134,131
E00054501,247,134,113
E00054504,589,306,283
E00054514,144,66,78
E00176119,322,159,163
E00176120,208,96,112
E00176121,491,248,243
E00176122,291,136,155
E00176123,280,124,156
E00054482,637,332,305
E00054489,609,297,312
E00054505,500,241,259
E00054507,589,310,279
E00054508,537,274,263
E00054509,550,282,268
E00054510,464,243,221
E00054512,603,314,289
E00053859,490,225,265
E00053862,557,278,279
E00176150,401,209,192
E00176209,212,113,99
E00176210,213,102,111
E00176211,547,286,261
E00053837,461,225,236
E00053838,569,278,291
E00053867,426,225,201
E00177801,436,224,212
E00177833,211,103,108
E00054574,304,153,151
E00054611,458,223,235
E00177760,438,221,217
E00177865,213,107,106
E00177866,507,258,249
E00054645,431,194,237
E00054646,484,263,221
E00054647,543,269,274
E00054652,422,218,204
E00054648,535,232,303
E00054649,545,271,274
E00176159,379,204,175
E00176207,375,164,211
E00054569,342,181,161
E00054570,362,187,175
E00054579,178,85,93
E00054604,128,75,53
E00054606,288,143,145
E00054607,342,180,162
E00054578,385,190,195
E00054580,354,181,173
E00054581,252,108,144
E00054585,323,145,178
E00054594,379,193,186
E00054583,441,190,251
E00054587,325,147,178
E00054590,473,237,236
E00054595,501,254,247
E00177827,389,194,195
E00177860,299,174,125
E00054575,491,231,260
E00054589,545,247,298
E00054592,491,253,238
E00177761,670,319,351
E00054588,411,200,211
E00054612,336,189,147
E00177819,308,162,146
E00177825,549,263,286
E00177832,468,245,223
E00177845,356,187,169
E00053839,379,193,186
E00053874,532,264,268
E00053877,436,229,207
E00053834,454,216,238
E00053836,383,188,195
E00053842,349,179,170
E00053864,234,117,117
E00054438,349,178,171
E00054439,377,195,182
E00054451,262,134,128
E00054454,272,138,134
E00054457,339,178,161
E00054442,452,241,211
E00054458,321,163,158
E00054461,339,184,155
E00054462,366,203,163
E00054463,355,187,168
E00054441,336,172,164
E00054452,509,255,254
E00054453,473,233,240
E00054459,325,172,153
E00054460,383,205,178
E00054440,313,176,137
E00054443,339,186,153
E00054456,299,166,133
E00054464,359,195,164
E00177778,132,64,68
E00177794,620,317,303
E00054492,514,258,256
E00054493,458,240,218
E00054494,501,256,245
E00054495,444,240,204
E00054483,595,277,318
E00054485,530,269,261
E00054516,620,325,295
E00054519,471,249,222
E00054484,438,231,207
E00054522,556,283,273
E00176133,418,220,198
E00176136,210,100,110
E00177779,347,174,173
E00177803,280,142,138
E00054486,475,244,231
E00054491,569,291,278
E00054517,522,260,262
E00054521,339,170,169
E00053617,290,147,143
E00053618,479,251,228
E00053622,523,265,258
E00053624,513,262,251
E00053604,572,276,296
E00053605,529,274,255
E00053621,481,247,234
E00176145,453,234,219
E00176188,180,99,81
E00053603,377,192,185
E00053607,445,243,202
E00053608,527,270,257
E00053613,498,261,237
E00053606,509,239,270
E00053610,483,261,222
E00053612,498,239,259
E00177798,388,207,181
E00177829,268,131,137
E00053609,455,238,217
E00053611,336,168,168
E00053614,504,251,253
E00053616,367,170,197
E00053642,372,190,182
E00053679,401,207,194
E00053680,337,184,153
E00053681,390,199,191
E00053682,354,174,180
E00053663,467,231,236
E00053664,451,231,220
E00053665,556,290,266
E00176098,394,214,180
E00176118,440,233,207
E00053666,552,279,273
E00053667,353,182,171
E00053671,225,113,112
E00053673,445,229,216
E00053674,366,190,176
E00053641,427,222,205
E00053668,423,212,211
E00053675,355,193,162
E00053677,385,224,161
E00053670,401,207,194
E00053672,368,183,185
E00053676,414,229,185
E00053678,353,183,170
E00053786,612,311,301
E00053802,420,220,200
E00053803,465,231,234
E00053804,489,258,231
E00054490,405,191,214
E00054523,531,271,260
E00176102,397,177,220
E00176103,214,105,109
E00177869,334,173,161
E00177871,190,91,99
E00054618,609,290,319
E00054620,502,261,241
E00054621,174,94,80
E00054624,455,232,223
E00054653,585,297,288
E00176143,544,268,276
E00176168,468,232,236
E00176195,222,118,104
E00176208,228,110,118
E00053623,624,314,310
E00053629,513,253,260
E00053632,525,265,260
E00053633,347,158,189
E00053625,583,298,285
E00053626,482,225,257
E00053630,597,300,297
E00176192,399,189,210
E00176193,276,125,151
E00053634,507,242,265
E00176161,560,273,287
E00176173,336,172,164
E00176199,320,169,151
E00176200,243,126,117
E00177791,455,253,202
E00177822,203,102,101
E00053627,577,293,284
E00053637,410,193,217
E00053638,410,197,213
E00053639,303,147,156
E00053602,499,236,263
E00053631,568,294,274
E00053635,536,262,274
E00053640,567,264,303
E00054448,219,117,102
E00054467,408,228,180
E00054470,340,170,170
E00054476,375,194,181
E00177773,536,273,263
E00177824,106,49,57
E00054446,311,157,154
E00054447,321,154,167
E00054475,345,174,171
E00054477,312,145,167
E00177841,518,278,240
E00177861,133,69,64
E00054449,291,159,132
E00054468,546,286,260
E00054472,271,135,136
E00054478,253,131,122
E00054479,329,163,166
E00054444,451,227,224
E00054445,388,195,193
E00054450,384,195,189
E00054465,190,95,95
E00054437,327,176,151
E00054469,286,137,149
E00054471,330,169,161
E00054474,276,134,142
E00054480,285,144,141
E00054622,183,86,97
E00054628,472,198,274
E00176112,433,173,260
E00176125,212,89,123
E00176126,269,121,148
E00176142,166,87,79
E00177769,554,275,279
E00177855,562,301,261
E00054626,441,219,222
E00054637,465,220,245
E00054638,473,208,265
E00177762,672,314,358
E00054629,473,251,222
E00054632,519,247,272
E00054636,485,250,235
E00176116,211,106,105
E00176117,421,215,206
E00054640,511,244,267
E00176127,517,244,273
E00176128,428,212,216
E00177813,191,94,97
E00177862,537,272,265
E00054641,390,195,195
E00054642,501,269,232
E00054643,421,202,219
E00054644,369,189,180
E00176113,266,135,131
E00176114,448,219,229
E00176149,478,228,250
E00176160,390,188,202
E00054631,522,262,260
E00054633,496,256,240
E00177784,258,123,135
E00177796,390,203,187
E00053592,392,207,185
E00053593,437,221,216
E00053597,448,242,206
E00053598,462,223,239
E00053556,466,264,202
E00053565,218,107,111
E00053567,243,118,125
E00053569,384,208,176
E00053571,331,183,148
E00054128,336,142,194
E00054156,186,95,91
E00054158,150,75,75
E00054160,198,92,106
E00054161,203,88,115
E00054165,205,93,112
E00054129,427,203,224
E00054166,431,225,206
E00054170,319,148,171
E00054171,377,192,185
E00053550,377,207,170
E00053561,354,189,165
E00053563,226,108,118
E00053570,320,169,151
E00053574,336,176,160
E00053547,291,146,145
E00053552,272,158,114
E00053555,311,187,124
E00053560,228,120,108
E00177799,338,182,156
E00177805,458,234,224
E00177849,197,102,95
E00053553,437,212,225
E00053557,373,194,179
E00053558,255,125,130
E00053559,490,272,218
E00176170,340,182,158
E00176189,329,165,164
E00053562,321,164,157
E00053573,339,177,162
E00053575,494,151,343
E00053577,554,270,284
E00053643,373,191,182
E00053644,331,165,166
E00053655,248,123,125
E00053685,302,170,132
E00053686,250,123,127
E00053649,289,148,141
E00053651,236,128,108
E00053653,291,153,138
E00053656,417,214,203
E00053683,339,167,172
E00053648,333,171,162
E00053650,403,219,184
E00053652,233,125,108
E00053654,329,171,158
E00053684,164,85,79
E00053646,564,291,273
E00053647,279,146,133
E00053657,392,217,175
E00053659,224,117,107
E00053660,243,127,116
E00053645,422,203,219
E00053658,372,195,177
E00053661,322,160,162
E00176181,233,127,106
E00176182,700,630,70
E00054167,365,194,171
E00176131,188,77,111
E00176132,231,101,130
E00176141,295,134,161
E00176144,193,75,118
E00176184,345,151,194
E00054133,275,155,120
E00176147,254,124,130
E00177753,442,223,219
E00177790,431,203,228
E00177812,212,123,89
E00054130,490,244,246
E00054162,539,252,287
E00054164,249,128,121
E00054172,391,192,199
E00054132,212,111,101
E00054137,411,197,214
E00054140,448,226,222
E00054145,475,226,249
E00054163,509,278,231
E00054142,376,198,178
E00054149,459,224,235
E00054153,524,256,268
E00054173,321,163,158
E00053787,241,114,127
E00053788,456,255,201
E00053809,435,249,186
E00053812,401,213,188
E00053814,424,237,187
E00053817,402,201,201
E00053818,329,172,157
E00053819,393,203,190
E00053820,359,199,160
E00053822,393,188,205
E00053823,388,200,188
E00053825,480,248,232
E00053827,333,169,164
E00054231,295,154,141
E00054234,359,177,182
E00054236,259,142,117
E00054282,425,231,194
E00054284,374,203,171
E00054260,234,117,117
E00054271,376,190,186
E00176167,370,198,172
E00176172,404,246,158
E00176197,380,198,182
E00176198,404,223,181
E00054235,258,130,128
E00054243,239,128,111
E00054247,485,231,254
E00176183,338,177,161
E00176186,273,141,132
E00053805,354,174,180
E00053806,430,226,204
E00053807,263,107,156
E00053808,296,150,146
E00053810,402,205,197
E00053811,389,203,186
E00053813,339,172,167
E00053816,347,185,162
E00053815,282,137,145
E00053821,430,210,220
E00053826,311,163,148
E00053831,466,256,210
E00053832,307,143,164
E00053789,610,321,289
E00053793,388,187,201
E00053796,375,202,173
E00053829,526,268,258
E00053790,247,133,114
E00053794,432,243,189
E00053795,427,224,203
E00053824,270,141,129
E00053828,383,198,185
E00053791,362,190,172
E00053792,408,194,214
E00053797,374,189,185
E00053830,356,176,180
E00053833,363,184,179
E00054134,538,268,270
E00054135,463,224,239
E00054144,485,239,246
E00054169,387,196,191
E00054139,534,258,276
E00054141,500,254,246
E00054143,443,207,236
E00054148,587,290,297
E00054127,395,187,208
E00054136,488,232,256
E00054146,330,161,169
E00054147,547,269,278
E00054150,314,146,168
E00054151,366,177,189
E00054152,508,242,266
E00054154,583,288,295
E00054155,460,222,238
E00054209,500,256,244
E00054210,453,236,217
E00054211,429,226,203
E00054216,460,228,232
E00053564,333,166,167
E00053566,448,229,219
E00053568,361,185,176
E00053572,308,144,164
E00054535,299,152,147
E00054536,264,138,126
E00054537,414,205,209
E00054538,293,148,145
E00054541,222,111,111
E00054544,348,175,173
E00054546,367,194,173
E00054548,304,142,162
E00054551,255,129,126
E00054553,180,93,87
E00054524,275,157,118
E00054539,312,164,148
E00054543,291,156,135
E00054550,378,223,155
E00176162,349,194,155
E00176171,328,177,151
E00054542,320,169,151
E00054545,352,187,165
E00054547,280,134,146
E00054552,320,160,160
E00053576,426,219,207
E00053578,335,179,156
E00053580,320,164,156
E00053581,289,134,155
E00053579,567,285,282
E00053582,386,206,180
E00053583,442,234,208
E00053584,539,296,243
E00054207,381,192,189
E00054212,601,326,275
E00054219,456,239,217
E00176129,235,111,124
E00176174,423,199,224
E00054180,269,108,161
E00054213,335,164,171
E00054214,327,160,167
E00054215,340,146,194
E00054217,405,214,191
E00054682,350,173,177
E00054685,324,168,156
E00054686,380,182,198
E00054689,298,160,138
E00054694,267,145,122
E00054662,294,150,144
E00054679,384,201,183
E00054692,314,169,145
E00054693,300,154,146
E00054695,292,157,135
E00054674,533,298,235
E00054675,277,132,145
E00054676,385,193,192
E00054678,436,220,216
E00054684,324,176,148
E00054661,426,213,213
E00054677,248,121,127
E00054680,423,224,199
E00054681,333,168,165
E00053798,383,193,190
E00053799,427,228,199
E00053800,324,163,161
E00053801,335,175,160
E00054251,346,189,157
E00054252,306,163,143
E00054264,473,251,222
E00054265,264,148,116
E00054267,620,328,292
E00054237,319,164,155
E00054239,288,137,151
E00054285,357,184,173
E00054286,310,175,135
E00054288,299,143,156
E00054240,318,160,158
E00054242,283,140,143
E00054244,416,217,199
E00054246,349,183,166
E00054287,281,146,135
E00054687,292,156,136
E00054690,289,158,131
E00054691,277,152,125
E00054700,514,277,237
E00176175,381,195,186
E00176180,386,196,190
E00054218,466,233,233
E00054220,445,234,211
E00054221,415,209,206
E00054222,270,136,134
E00054224,301,154,147
E00054174,419,215,204
E00054182,253,127,126
E00054184,177,88,89
E00054223,427,237,190
E00054226,330,152,178
E00054176,382,201,181
E00054181,321,163,158
E00054190,316,183,133
E00054192,365,187,178
E00054193,228,113,115
E00054175,222,115,107
E00054183,221,117,104
E00054186,267,135,132
E00054187,280,152,128
E00054189,346,205,141
E00054555,274,140,134
E00054556,286,151,135
E00054557,224,117,107
E00054560,295,150,145
E00054562,265,132,133
E00054563,281,154,127
E00054525,521,269,252
E00054528,316,174,142
E00054531,443,217,226
E00054549,313,155,158
E00176140,452,230,222
E00176169,546,282,264
E00054530,351,179,172
E00054534,323,155,168
E00054554,518,258,260
E00054559,370,180,190
E00054567,348,177,171
E00054526,479,253,226
E00054558,358,198,160
E00054564,342,185,157
E00054566,561,318,243
E00176148,607,310,297
E00176187,313,155,158
E00054527,415,200,215
E00054529,279,147,132
E00054533,307,149,158
E00054565,390,209,181
E00177828,340,178,162
E00177830,350,175,175
E00054232,294,143,151
E00054241,267,140,127
E00054248,284,135,149
E00054249,356,183,173
E00054254,562,290,272
E00054257,364,186,178
E00054253,270,140,130
E00054258,268,143,125
E00054262,263,128,135
E00054266,256,127,129
E00054272,260,127,133
E00054238,349,167,182
E00054245,326,159,167
E00054255,276,147,129
E00054263,272,143,129
E00054283,334,174,160
E00054233,334,175,159
E00054256,309,152,157
E00054261,198,96,102
E00054270,271,130,141
E00177823,378,192,186
E00177835,309,156,153
E00054227,292,144,148
E00054228,384,204,180
E00054250,327,159,168
E00054274,290,147,143
E00054259,188,107,81
E00054268,329,146,183
E00054269,395,198,197
E00054277,308,144,164
E00177754,336,178,158
E00054229,356,186,170
E00054275,240,108,132
E00054278,386,197,189
E00054279,279,138,141
E00177770,535,256,279
E00177795,125,66,59
E00054177,347,181,166
E00054188,250,132,118
E00054194,301,162,139
E00054202,246,130,116
E00054205,253,132,121
E00054664,320,178,142
E00054696,360,188,172
E00054697,287,151,136
E00054702,442,229,213
E00177816,307,170,137
E00177850,378,195,183
E00054663,281,149,132
E00054665,282,143,139
E00054670,312,142,170
E00054698,253,135,118
E00054699,274,142,132
E00054666,361,198,163
E00054667,387,203,184
E00054672,305,158,147
E00054701,338,162,176
E00054660,248,127,121
E00054668,320,169,151
E00054669,267,134,133
E00054671,340,187,153
E00054673,250,112,138
E00054759,407,202,205
E00054783,242,130,112
E00054785,316,167,149
E00054790,277,131,146
E00054760,512,251,261
E00054761,400,211,189
E00054789,426,210,216
E00054791,418,206,212
E00054758,417,236,181
E00054782,355,189,166
E00054784,489,252,237
E00054788,254,130,124
E00054185,280,145,135
E00054195,278,158,120
E00054196,302,157,145
E00054201,321,157,164
E00177772,416,208,208
E00177864,446,235,211
E00054178,347,186,161
E00054191,295,166,129
E00054198,290,146,144
E00054200,259,116,143
E00054204,333,175,158
E00054179,285,145,140
E00054197,282,137,145
E00054199,327,162,165
E00054203,273,138,135
E00054206,234,134,100
E00054780,225,114,111
E00054781,276,136,140
E00054794,249,121,128
E00054796,324,167,157
E00054799,290,156,134
E00054800,230,124,106
E00054786,293,152,141
E00054787,210,95,115
E00054792,302,156,146
E00054793,265,134,131
E00054795,253,139,114
E00054797,361,167,194
E00054798,331,184,147
E00054801,335,183,152
E00054802,310,151,159
E00054804,326,181,145
E00054762,311,156,155
E00054763,464,246,218
E00054805,327,181,146
E00054807,328,170,158
E00054808,327,184,143
E00054767,332,171,161
E00054769,269,140,129
E00054771,266,141,125
E00054803,247,127,120
E00054806,309,160,149
E00054764,261,131,130
E00054765,255,121,134
E00054768,567,291,276
E00054770,326,171,155
E00054809,305,150,155
E00054772,323,187,136
E00054773,486,262,224
E00054777,384,221,163
E00054778,319,159,160
E00054779,353,179,174
E00054766,298,160,138
E00054774,262,134,128
E00054775,372,193,179
E00054776,271,139,132
E00053701,255,143,112
E00053707,281,139,142
E00053708,268,130,138
E00053709,312,146,166
E00053727,315,165,150
E00053700,579,298,281
E00053706,305,152,153
E00053719,324,173,151
E00053723,268,138,130
E00053725,263,139,124
E00053726,313,159,154
E00053731,293,152,141
E00053734,235,107,128
E00053737,263,134,129
E00053740,370,180,190
E00053741,189,95,94
E00053730,280,143,137
E00053735,213,117,96
E00053738,379,200,179
E00053739,387,200,187
E00177809,182,92,90
E00177863,618,335,283
E00053728,334,176,158
E00053729,372,184,188
E00053732,350,186,164
E00177768,422,206,216
E00177836,324,176,148
E00053705,229,117,112
E00053712,232,123,109
E00053713,296,146,150
E00053716,391,204,187
E00053720,272,139,133
E00177787,228,97,131
E00177806,153,72,81
E00177815,195,93,102
E00053702,320,173,147
E00053704,337,173,164
E00053710,278,132,146
E00053711,270,149,121
E00053714,252,122,130
E00053722,251,118,133
E00053703,207,111,96
E00053715,289,153,136
E00053717,331,188,143
E00053718,359,192,167
E00053721,332,162,170
E00053594,458,220,238
E00053596,532,270,262
E00053599,538,237,301
E00053600,517,256,261
E00053548,323,179,144
E00053586,417,219,198
E00053590,268,129,139
E00053595,438,214,224
E00176194,193,76,117
E00176196,507,248,259
E00053585,278,145,133
E00053587,305,151,154
E00053588,312,169,143
E00053589,370,222,148
E00053591,452,208,244
E00054597,283,130,153
E00176137,223,89,134
E00176146,240,117,123
E00176158,187,86,101
E00176166,183,86,97
E00176139,385,176,209
E00176151,327,164,163
E00176157,524,264,260
E00176206,507,232,275
E00177767,491,254,237
E00177868,600,294,306
E00054617,644,293,351
E00054650,601,274,327
E00054654,396,198,198
E00177776,345,160,185
E00177793,318,161,157
E00176104,260,116,144
E00176107,183,80,103
E00176108,205,92,113
E00176109,268,119,149
E00176111,357,124,233
E00177777,307,158,149
E00177783,139,77,62
E00177858,141,68,73
E00177764,366,188,178
E00177765,313,145,168
E00177766,292,156,136
E00177804,151,64,87
E00177818,232,102,130
E00177843,346,135,211
E00177851,272,144,128
E00177867,312,144,168
E00055010,308,164,144
E00055011,334,168,166
E00055012,142,65,77
E00055014,314,166,148
E00168672,286,157,129
E00168675,359,186,173
E00054999,322,167,155
E00055015,239,114,125
E00055020,267,146,121
E00055025,177,91,86
E00055028,325,177,148
E00055029,197,117,80
E00055013,242,126,116
E00055016,253,134,119
E00055017,260,137,123
E00055018,314,148,166
E00055021,226,117,109
E00055002,420,209,211
E00055004,248,128,120
E00055006,236,123,113
E00055023,278,141,137
E00055027,322,166,156
E00055003,264,134,130
E00055019,484,245,239
E00055022,149,70,79
E00055024,293,147,146
E00055026,424,216,208
E00055099,270,143,127
E00168688,513,284,229
E00178636,285,129,156
E00055074,339,182,157
E00055096,170,84,86
E00055097,344,178,166
E00055098,276,141,135
E00055100,380,196,184
E00055069,320,167,153
E00055073,272,141,131
E00055101,242,135,107
E00055102,370,196,174
E00055103,285,150,135
E00055125,230,124,106
E00055128,254,131,123
E00055130,286,152,134
E00055132,366,188,178
E00055121,326,163,163
E00055122,292,150,142
E00055124,343,174,169
E00055126,242,132,110
E00055127,347,175,172
E00055129,381,204,177
E00055131,242,120,122
E00055133,242,130,112
E00055134,269,136,133
E00055135,245,112,133
E00055136,296,152,144
E00055105,250,138,112
E00055111,302,146,156
E00055112,279,142,137
E00055114,262,140,122
E00055137,311,168,143
E00055108,377,188,189
E00055123,372,193,179
E00055138,321,169,152
E00055139,180,105,75
E00168667,281,157,124
E00168679,131,64,67
E00168680,353,179,174
E00055110,318,171,147
E00055113,287,151,136
E00055115,340,184,156
E00055116,279,137,142
E00055117,274,142,132
E00054855,274,137,137
E00054856,178,96,82
E00054857,228,122,106
E00054881,392,208,184
E00054882,212,108,104
E00054885,280,153,127
E00054847,290,146,144
E00054849,170,87,83
E00054854,365,181,184
E00054860,259,141,118
E00054861,237,129,108
E00054845,315,159,156
E00054846,356,177,179
E00054848,174,93,81
E00054868,371,190,181
E00054876,358,184,174
E00054862,365,184,181
E00054863,268,131,137
E00054864,218,116,102
E00054883,273,142,131
E00054884,343,167,176
E00054850,255,137,118
E00054851,249,134,115
E00054852,201,108,93
E00054853,260,142,118
E00054858,251,132,119
E00054859,234,124,110
E00055045,348,189,159
E00055048,354,187,167
E00055049,317,164,153
E00055050,296,147,149
E00055066,247,142,105
E00055000,292,161,131
E00055005,194,102,92
E00055007,326,169,157
E00055008,350,196,154
E00055009,393,214,179
E00055151,358,183,175
E00055157,303,147,156
E00055161,261,132,129
E00055162,327,157,170
E00055163,408,209,199
E00055140,424,228,196
E00055146,359,184,175
E00055167,313,163,150
E00055168,294,150,144
E00055141,327,161,166
E00055169,525,282,243
E00055170,399,197,202
E00055171,248,105,143
E00055172,277,137,140
E00055143,273,140,133
E00055150,301,168,133
E00055153,284,150,134
E00055156,318,174,144
E00055173,222,114,108
E00055145,342,182,160
E00055158,324,182,142
E00055159,353,186,167
E00055160,203,120,83
E00055164,301,162,139
E00055142,255,127,128
E00055152,258,140,118
E00055155,294,152,142
E00055165,234,119,115
E00055166,380,195,185
E00055144,381,203,178
E00055147,272,147,125
E00055148,230,108,122
E00055149,371,189,182
E00055154,220,111,109
E00055248,246,116,130
E00055249,362,189,173
E00055253,275,134,141
E00055255,310,168,142
E00055047,257,142,115
E00055052,266,141,125
E00055053,260,133,127
E00055054,434,224,210
E00055055,283,147,136
E00055062,264,144,120
E00055051,342,177,165
E00055058,274,143,131
E00055059,323,171,152
E00055064,366,188,178
E00055065,344,168,176
E00055046,296,154,142
E00055056,407,210,197
E00055057,257,130,127
E00055060,138,75,63
E00055061,219,117,102
E00055063,273,141,132
E00055033,411,190,221
E00055034,322,168,154
E00055036,328,164,164
E00055042,272,130,142
E00055043,265,129,136
E00055030,346,167,179
E00055031,364,187,177
E00055035,330,164,166
E00055037,323,158,165
E00055044,257,129,128
E00055106,370,196,174
E00055107,301,158,143
E00055109,386,194,192
E00055118,266,146,120
E00055119,254,130,124
E00055120,375,178,197
E00055247,278,144,134
E00055250,357,166,191
E00055251,378,198,180
E00055252,221,115,106
E00055282,278,111,167
E00055254,268,133,135
E00055256,277,138,139
E00055257,261,141,120
E00055258,272,141,131
E00055260,366,185,181
E00055262,305,156,149
E00055264,186,95,91
E00168687,196,79,117
E00055407,310,134,176
E00055409,154,75,79
E00178705,361,150,211
E00178714,135,62,73
E00178718,348,138,210
E00055425,437,203,234
E00178662,321,141,180
E00178693,170,82,88
E00178695,111,53,58
E00055070,247,124,123
E00055079,331,164,167
E00055080,254,137,117
E00055081,195,108,87
E00168674,311,155,156
E00178654,622,294,328
E00178713,304,167,137
E00055071,325,167,158
E00055083,220,113,107
E00055084,390,208,182
E00055085,308,153,155
E00055088,223,115,108
E00055439,289,147,142
E00055442,296,156,140
E00055447,200,100,100
E00055451,329,170,159
E00055462,378,189,189
E00055431,270,143,127
E00055438,286,151,135
E00055441,284,140,144
E00168656,329,174,155
E00168660,382,195,187
E00055067,450,234,216
E00055068,330,164,166
E00055082,455,230,225
E00055092,347,166,181
E00055094,554,274,280
E00055095,595,301,294
E00055086,231,128,103
E00055087,298,147,151
E00055089,306,155,151
E00055090,289,154,135
E00055091,330,175,155
E00055093,227,112,115
E00055433,283,139,144
E00055434,343,168,175
E00055440,325,167,158
E00055443,321,151,170
E00055444,286,160,126
E00055446,224,112,112
E00055430,581,314,267
E00055432,399,204,195
E00055435,353,190,163
E00055445,490,252,238
E00055450,592,309,283
E00054966,495,254,241
E00054968,310,162,148
E00054995,221,110,111
E00054996,284,138,146
E00054997,283,141,142
E00054963,293,164,129
E00054965,341,164,177
E00054972,267,142,125
E00054977,276,153,123
E00054979,249,132,117
E00054964,302,163,139
E00054970,350,173,177
E00054971,285,148,137
E00054974,327,163,164
E00054998,207,101,106
E00054976,351,182,169
E00054980,238,115,123
E00054981,318,191,127
E00054983,118,68,50
E00054985,306,184,122
E00054987,401,209,192
E00055261,386,182,204
E00055267,441,229,212
E00055269,419,216,203
E00055270,359,179,180
E00055266,197,103,94
E00055268,148,77,71
E00055272,620,326,294
E00055273,372,185,187
E00055279,281,129,152
E00055271,175,84,91
E00055274,532,273,259
E00055276,179,81,98
E00055278,513,252,261
E00055275,410,191,219
E00055277,403,215,188
E00055280,429,225,204
E00055281,495,263,232
E00055413,364,157,207
E00055414,229,107,122
E00055415,414,230,184
E00055422,355,177,178
E00055356,269,142,127
E00055357,256,129,127
E00055360,287,142,145
E00055384,233,129,104
E00055389,313,163,150
E00055358,347,162,185
E00055361,311,150,161
E00055363,333,174,159
E00055368,263,143,120
E00055371,380,218,162
E00055359,221,124,97
E00055362,319,154,165
E00055372,320,176,144
E00055373,324,157,167
E00055374,243,133,110
E00055376,341,170,171
E00055377,320,165,155
E00055378,339,171,168
E00055379,447,230,217
E00055380,281,141,140
E00055355,300,156,144
E00055364,350,187,163
E00055381,317,157,160
E00055382,256,135,121
E00178692,222,132,90
E00178707,423,216,207
E00055375,264,137,127
E00055383,371,194,177
E00055386,246,132,114
E00055387,292,165,127
E00055388,261,131,130
E00055416,345,179,166
E00055417,321,165,156
E00055418,384,196,188
E00055423,446,229,217
E00055448,539,266,273
E00055449,346,171,175
E00055452,409,202,207
E00055454,391,197,194
E00055436,477,232,245
E00055453,370,172,198
E00055455,286,148,138
E00055456,359,191,168
E00055457,374,184,190
E00055437,344,174,170
E00055458,299,142,157
E00055459,350,179,171
E00055460,268,125,143
E00055461,235,104,131
E00054814,371,193,178
E00054819,249,117,132
E00054825,322,133,189
E00054840,276,148,128
E00054841,230,125,105
E00054843,205,107,98
E00054812,260,138,122
E00054815,314,158,156
E00054821,258,134,124
E00054822,235,120,115
E00054823,266,126,140
E00054826,465,237,228
E00054969,239,123,116
E00054973,468,245,223
E00054984,242,123,119
E00054988,254,132,122
E00168666,498,255,243
E00168685,250,133,117
E00054978,276,151,125
E00054982,305,155,150
E00054986,259,137,122
E00054991,260,138,122
E00168668,333,168,165
E00168669,174,95,79
E00168670,294,142,152
E00168681,262,133,129
E00054967,316,158,158
E00054989,338,184,154
E00054990,227,116,111
E00054992,311,160,151
E00054993,127,57,70
E00055287,387,189,198
E00055309,361,185,176
E00055311,293,145,148
E00168671,220,115,105
E00168682,263,135,128
E00168686,235,131,104
E00055286,316,163,153
E00055291,474,250,224
E00055313,320,154,166
E00055316,338,163,175
E00055318,350,195,155
E00055319,230,111,119
E00055285,292,148,144
E00055308,343,189,154
E00055310,404,204,200
E00055312,197,112,85
E00055314,278,136,142
E00055327,302,155,147
E00055342,252,136,116
E00055343,299,145,154
E00055348,315,159,156
E00178691,254,138,116
E00178698,412,213,199
E00055320,260,135,125
E00055336,198,109,89
E00055338,262,145,117
E00055340,204,125,79
E00055341,309,154,155
E00055349,237,121,116
E00055321,244,126,118
E00055335,302,160,142
E00055337,448,229,219
E00055339,545,276,269
E00055346,335,177,158
E00055324,366,183,183
E00055333,336,177,159
E00055344,372,181,191
E00055347,314,157,157
E00055325,315,139,176
E00055334,254,132,122
E00178637,284,134,150
E00178668,281,125,156
E00178678,248,122,126
E00055328,235,122,113
E00055345,328,177,151
E00055351,379,189,190
E00055352,256,134,122
E00055354,295,149,146
E00055322,222,114,108
E00055323,412,218,194
E00055326,273,132,141
E00055350,269,138,131
E00055353,280,147,133
E00055390,346,155,191
E00055394,279,148,131
E00055419,205,100,105
E00055420,360,167,193
E00055421,282,151,131
E00055395,331,178,153
E00055396,314,166,148
E00055398,272,134,138
E00055427,403,206,197
E00055428,284,138,146
E00055391,293,152,141
E00055392,279,151,128
E00055410,328,165,163
E00055424,294,146,148
E00055426,229,118,111
E00055393,279,153,126
E00055397,564,282,282
E00055399,283,133,150
E00055401,293,140,153
E00055402,291,148,143
E00055400,461,236,225
E00055403,306,144,162
E00055404,254,140,114
E00055405,370,194,176
E00055406,331,176,155
E00054816,271,146,125
E00054827,262,135,127
E00054832,292,150,142
E00054833,283,155,128
E00054834,310,173,137
E00054837,279,153,126
E00054810,305,149,156
E00054818,343,190,153
E00054836,297,159,138
E00054838,300,157,143
E00054839,356,191,165
E00054811,231,109,122
E00054813,226,115,111
E00054820,197,105,92
E00054824,281,126,155
E00054842,269,140,129
E00054844,228,115,113
E00054817,269,136,133
E00054828,289,166,123
E00054829,272,143,129
E00054830,160,84,76
E00054831,184,89,95
E00054835,196,100,96
E00055200,301,150,151
E00055201,324,160,164
E00055202,272,141,131
E00055203,379,207,172
E00055207,294,128,166
E00055032,367,190,177
E00055038,460,227,233
E00055039,368,188,180
E00055040,259,129,130
E00055041,362,190,172
E00055209,319,164,155
E00055210,306,160,146
E00055213,316,179,137
E00055215,420,220,200
E00055225,275,131,144
E00055208,225,114,111
E00055217,234,127,107
E00055218,222,117,105
E00055219,350,184,166
E00055220,292,151,141
E00055211,486,259,227
E00055212,288,154,134
E00055214,341,176,165
E00055216,313,154,159
E00055221,299,152,147
E00055288,300,142,158
E00055290,212,112,100
E00055292,320,178,142
E00055315,301,137,164
E00168683,452,233,219
E00168684,176,91,85
E00055299,327,168,159
E00055300,264,139,125
E00055301,333,172,161
E00055302,368,181,187
E00055303,381,203,178
E00055305,270,129,141
E00055289,311,159,152
E00055294,365,190,175
E00055296,275,149,126
E00055297,360,202,158
E00055298,301,156,145
E00055283,517,258,259
E00055284,224,120,104
E00055295,306,162,144
E00055304,279,148,131
E00055306,300,155,145
E00055307,122,67,55
E00054867,203,110,93
E00054877,417,225,192
E00054878,333,175,158
E00054879,243,122,121
E00054880,419,213,206
E00054870,321,184,137
E00054871,305,160,145
E00054872,282,152,130
E00054874,347,168,179
E00054875,258,134,124
E00054865,267,147,120
E00054866,258,123,135
E00054869,401,193,208
E00054873,195,96,99
E00055365,232,123,109
E00055366,255,135,120
E00055367,275,129,146
E00055369,294,154,140
E00055370,306,156,150
E00055174,312,159,153
E00055175,331,162,169
E00055186,312,161,151
E00055197,332,171,161
E00055185,297,143,154
E00055187,346,171,175
E00055189,273,147,126
E00055191,289,149,140
E00055206,276,131,145
E00055178,265,130,135
E00055179,334,166,168
E00055180,297,149,148
E00055182,298,147,151
E00055205,262,118,144
E00055181,325,180,145
E00055183,252,129,123
E00055188,266,148,118
E00055190,367,175,192
E00055194,302,154,148
E00054895,471,247,224
E00054906,333,174,159
E00054907,319,175,144
E00054909,246,119,127
E00054911,354,175,179
E00054890,354,186,168
E00054893,360,191,169
E00054903,308,147,161
E00054912,224,110,114
E00168676,306,158,148
E00168678,347,175,172
E00054889,303,146,157
E00054902,310,162,148
E00054904,213,82,131
E00054905,264,144,120
E00054908,294,159,135
E00055184,276,144,132
E00055192,323,163,160
E00055193,387,194,193
E00055196,286,152,134
E00055204,292,158,134
E00055176,365,187,178
E00055177,261,131,130
E00055195,117,64,53
E00055198,374,184,190
E00055199,297,148,149
E00054891,470,231,239
E00054914,257,136,121
E00054916,310,165,145
E00054918,215,107,108
E00054919,256,122,134
E00054920,197,93,104
E00054892,334,166,168
E00054901,270,129,141
E00054910,332,176,156
E00054917,278,147,131
E00168665,244,128,116
E00168677,316,148,168
E00054888,250,155,95
E00054896,280,139,141
E00054900,275,142,133
E00054921,320,176,144
E00054922,318,165,153
E00054886,242,131,111
E00054887,260,145,115
E00054894,322,168,154
E00054897,465,246,219
E00054898,267,145,122
E00054899,265,140,125
E00054950,383,195,188
E00054951,317,163,154
E00054952,273,141,132
E00054954,525,267,258
E00054956,364,179,185
E00054944,310,165,145
E00054945,253,149,104
E00054947,161,96,65
E00054948,320,160,160
E00054953,380,186,194
E00054955,266,141,125
E00054926,409,205,204
E00054927,223,109,114
E00054958,381,203,178
E00054959,320,166,154
E00054960,259,129,130
E00054925,451,233,218
E00054936,404,194,210
E00054938,282,137,145
E00054939,268,142,126
E00054957,251,131,120
E00054930,243,128,115
E00054934,240,130,110
E00054937,294,153,141
E00054940,288,137,151
E00054943,274,137,137
E00054946,309,152,157
E00054928,416,226,190
E00054935,314,149,165
E00054961,243,138,105
E00054962,388,208,180
E00054929,381,202,179
E00054931,329,173,156
E00054932,306,145,161
E00054941,209,112,97
E00054942,361,182,179
E00054923,316,147,169
E00054933,198,102,96
E00054949,454,228,226
E00168663,299,150,149
E00168664,279,147,132
E00055226,267,143,124
E00055228,390,197,193
E00055231,312,166,146
E00055240,394,193,201
E00055244,273,141,132
E00055237,295,141,154
E00055243,219,112,107
E00055246,355,195,160
E00168661,354,178,176
E00168662,280,136,144
E00055229,332,162,170
E00055232,221,102,119
E00055233,546,283,263
E00055236,570,294,276
E00168657,293,155,138
E00168658,359,179,180
E00168659,174,87,87
E00055230,272,141,131
E00055234,352,166,186
E00055238,210,96,114
E00055239,221,111,110
E00055245,351,172,179
E00055222,228,114,114
E00055223,362,191,171
E00055224,331,178,153
E00055241,329,171,158
E00055242,235,128,107
E00055672,292,152,140
E00055699,247,136,111
E00055702,563,299,264
E00055703,276,137,139
E00055704,309,167,142
E00055688,375,186,189
E00055689,275,143,132
E00055690,343,170,173
E00055691,293,159,134
E00055676,302,148,154
E00055677,331,177,154
E00055692,306,157,149
E00055693,258,134,124
E00055694,483,266,217
E00055670,277,149,128
E00055696,235,126,109
E00055697,442,231,211
E00178704,368,192,176
E00178720,320,163,157
E00055671,293,164,129
E00055698,365,193,172
E00055700,334,179,155
E00055701,270,144,126
E00055678,239,135,104
E00055679,407,219,188
E00055683,183,91,92
E00055723,297,141,156
E00055725,292,159,133
E00055728,234,129,105
E00055705,324,172,152
E00055710,350,187,163
E00055714,384,205,179
E00055716,318,155,163
E00055717,353,179,174
E00055674,284,131,153
E00055680,336,168,168
E00055709,309,148,161
E00055711,249,129,120
E00055720,284,139,145
E00055673,287,144,143
E00055712,304,152,152
E00055718,228,117,111
E00055721,287,138,149
E00055722,268,135,133
E00055724,242,117,125
E00055681,269,131,138
E00055682,262,139,123
E00055719,292,144,148
E00055726,308,159,149
E00055727,263,133,130
E00055706,323,167,156
E00055707,327,181,146
E00055708,307,156,151
E00055713,521,280,241
E00055715,340,180,160
E00055733,371,176,195
E00055742,377,181,196
E00055780,354,192,162
E00178673,427,224,203
E00178694,197,97,100
E00178697,176,91,85
E00055740,367,196,171
E00055749,350,198,152
E00055754,342,188,154
E00055763,321,172,149
E00055772,308,162,146
E00055734,183,100,83
E00055735,301,156,145
E00055736,313,155,158
E00055741,257,128,129
E00055743,287,151,136
E00055781,237,121,116
E00055744,356,176,180
E00055745,225,120,105
E00055746,295,145,150
E00055747,221,107,114
E00055750,319,150,169
E00056653,288,145,143
E00056654,367,193,174
E00056671,270,140,130
E00056672,242,118,124
E00056673,438,220,218
E00056645,498,240,258
E00056678,275,150,125
E00056679,255,137,118
E00056681,255,145,110
E00056683,334,165,169
E00056674,333,175,158
E00056675,419,211,208
E00056677,292,148,144
E00056682,286,149,137
E00056687,299,156,143
E00056646,365,176,189
E00056684,259,128,131
E00175515,239,118,121
E00175536,284,145,139
E00175537,314,158,156
E00175538,380,200,180
E00175539,172,86,86
E00055737,179,77,102
E00055738,252,137,115
E00055739,357,163,194
E00055752,323,178,145
E00055755,267,142,125
E00055758,233,115,118
E00055748,238,103,135
E00055751,243,124,119
E00055753,239,125,114
E00055756,346,173,173
E00055757,266,130,136
E00055759,339,194,145
E00055729,352,181,171
E00055730,312,179,133
E00055764,350,176,174
E00055771,258,142,116
E00055777,325,159,166
E00175516,327,168,159
E00175517,247,134,113
E00055731,394,210,184
E00055760,381,189,192
E00055762,277,132,145
E00055765,287,136,151
E00055769,282,138,144
E00055761,389,187,202
E00055767,273,138,135
E00055775,277,145,132
E00055778,252,134,118
E00055779,310,163,147
E00055568,335,173,162
E00055571,300,158,142
E00055615,278,144,134
E00055617,400,208,192
E00055564,236,115,121
E00055570,347,183,164
E00055576,275,146,129
E00055618,231,126,105
E00055619,356,169,187
E00055565,505,267,238
E00055616,399,193,206
E00055620,364,183,181
E00055621,388,194,194
E00055569,385,198,187
E00055573,374,178,196
E00178638,555,276,279
E00178640,379,203,176
E00178722,321,169,152
E00055675,270,143,127
E00055684,296,147,149
E00055685,292,149,143
E00055686,277,144,133
E00055687,231,114,117
E00055522,298,140,158
E00055525,238,114,124
E00055526,377,189,188
E00055527,382,215,167
E00055530,277,144,133
E00055509,280,143,137
E00055534,405,195,210
E00055537,307,156,151
E00055538,266,142,124
E00055539,321,162,159
E00055508,368,176,192
E00055520,355,180,175
E00055523,350,182,168
E00055528,382,176,206
E00055531,353,178,175
E00055521,331,167,164
E00055524,391,203,188
E00055529,378,199,179
E00055532,401,192,209
E00055536,450,218,232
E00055732,283,144,139
E00055766,168,89,79
E00055768,256,128,128
E00055773,217,108,109
E00055774,277,144,133
E00055776,448,223,225
E00056651,310,170,140
E00056652,321,151,170
E00056655,268,138,130
E00056657,281,145,136
E00056659,394,199,195
E00056660,236,121,115
E00056662,341,174,167
E00056693,342,183,159
E00056694,361,185,176
E00056697,530,273,257
E00056649,324,167,157
E00056656,361,198,163
E00056661,214,107,107
E00056663,544,298,246
E00056695,248,128,120
E00056647,318,171,147
E00056685,269,141,128
E00056688,302,154,148
E00056689,377,194,183
E00056698,275,136,139
E00056648,247,142,105
E00056686,362,195,167
E00056690,259,123,136
E00178649,302,149,153
E00178650,365,183,182
E00056658,276,137,139
E00056664,357,173,184
E00056665,223,116,107
E00056691,343,193,150
E00056696,211,105,106
E00056666,330,160,170
E00056668,261,138,123
E00056670,269,137,132
E00056699,271,146,125
E00178651,308,152,156
E00178653,343,177,166
E00055510,398,196,202
E00055511,405,206,199
E00055535,273,124,149
E00055540,474,258,216
E00055574,390,201,189
E00055575,274,147,127
E00055577,237,119,118
E00055582,383,188,195
E00055584,283,144,139
E00055579,526,280,246
E00055586,504,276,228
E00055590,364,193,171
E00178666,222,111,111
E00178676,377,163,214
E00178677,198,69,129
E00055589,366,197,169
E00055593,487,241,246
E00055594,379,191,188
E00055599,327,161,166
E00056213,484,253,231
E00056245,471,239,232
E00056248,458,218,240
E00056253,328,161,167
E00056249,301,154,147
E00056252,307,161,146
E00056254,389,198,191
E00056259,315,159,156
E00056210,338,169,169
E00056229,306,164,142
E00056231,278,149,129
E00056232,328,184,144
E00056236,127,61,66
E00056226,252,127,125
E00056227,337,177,160
E00056228,311,160,151
E00056230,355,184,171
E00056235,524,274,250
E00056211,420,212,208
E00056212,477,247,230
E00056239,490,250,240
E00056243,410,201,209
E00056233,326,168,158
E00056234,295,157,138
E00056237,267,129,138
E00056238,376,184,192
E00056241,413,196,217
E00056208,363,174,189
E00056240,232,129,103
E00056242,558,289,269
E00056244,421,203,218
E00056246,399,200,199
E00055580,376,185,191
E00055583,299,155,144
E00055585,353,178,175
E00055588,375,189,186
E00055591,321,160,161
E00055598,318,155,163
E00055602,424,210,214
E00055603,435,219,216
E00055605,454,220,234
E00055566,300,151,149
E00055592,285,147,138
E00055595,375,182,193
E00055596,424,217,207
E00055600,390,191,199
E00055597,583,313,270
E00055604,459,229,230
E00055609,342,168,174
E00055611,283,136,147
E00178696,338,177,161
E00178710,312,175,137
E00055542,430,209,221
E00055543,441,220,221
E00055552,288,148,140
E00055555,272,134,138
E00055512,312,157,155
E00055513,238,118,120
E00055545,268,131,137
E00055547,291,146,145
E00055549,413,190,223
E00055544,373,181,192
E00055548,248,123,125
E00055551,397,204,193
E00055562,394,194,200
E00055518,250,130,120
E00055550,423,223,200
E00055553,393,195,198
E00055556,369,173,196
E00055514,294,149,145
E00055546,412,203,209
E00055560,287,150,137
E00055563,383,176,207
E00055515,272,143,129
E00055516,274,134,140
E00055533,209,110,99
E00055541,343,167,176
E00055554,228,121,107
E00055558,264,135,129
E00055517,297,144,153
E00055519,281,140,141
E00055557,329,180,149
E00055559,247,130,117
E00055561,269,128,141
E00056046,296,152,144
E00056047,255,137,118
E00056048,252,126,126
E00056050,187,96,91
E00056051,256,128,128
E00178683,321,163,158
E00178687,319,167,152
E00056052,314,157,157
E00056053,256,125,131
E00056055,225,116,109
E00056061,247,128,119
E00056063,310,146,164
E00056215,221,108,113
E00178645,247,136,111
E00178646,333,176,157
E00178647,526,262,264
E00178721,179,89,90
E00056251,304,155,149
E00056257,268,143,125
E00056258,312,161,151
E00056261,342,169,173
E00178703,160,76,84
E00178716,566,300,266
E00056217,313,158,155
E00056218,403,211,192
E00056222,450,221,229
E00056224,307,157,150
E00056263,247,131,116
E00056214,326,164,162
E00056216,311,163,148
E00056256,341,167,174
E00056260,344,174,170
E00056219,272,134,138
E00056220,333,172,161
E00056221,315,164,151
E00056223,272,149,123
E00056225,285,156,129
E00055567,364,183,181
E00055612,392,209,183
E00055613,477,246,231
E00055614,352,182,170
E00055606,492,236,256
E00055607,333,171,162
E00055608,455,232,223
E00055610,296,163,133
E00056108,474,237,237
E00056109,286,135,151
E00056113,471,235,236
E00056115,428,230,198
E00056097,309,158,151
E00056111,297,148,149
E00056116,341,181,160
E00056117,274,140,134
E00056118,290,153,137
E00056056,235,121,114
E00056057,422,203,219
E00056058,568,278,290
E00175531,374,176,198
E00175532,245,104,141
E00175544,170,74,96
E00056043,300,160,140
E00056067,284,133,151
E00056071,466,259,207
E00056074,276,141,135
E00056076,226,115,111
E00175512,253,111,142
E00175513,277,106,171
E00175514,116,40,76
E00056107,595,295,300
E00056110,297,147,150
E00056112,376,175,201
E00056114,409,209,200
E00056044,404,191,213
E00056060,515,258,257
E00056066,454,231,223
E00056077,296,154,142
E00056078,410,208,202
E00056080,313,158,155
E00056085,510,254,256
E00056090,262,133,129
E00056083,357,185,172
E00056087,323,175,148
E00056088,311,155,156
E00056092,386,202,184
E00056064,271,144,127
E00056069,432,205,227
E00056073,426,222,204
E00056081,299,150,149
E00056084,220,110,110
E00056045,283,145,138
E00056091,475,234,241
E00056093,252,132,120
E00056094,271,137,134
E00178658,463,222,241
E00178684,201,113,88
E00056075,358,189,169
E00056079,342,180,162
E00056082,310,166,144
E00056086,306,169,137
E00178661,392,202,190
E00178667,185,101,84
E00178671,216,111,105
E00056059,306,158,148
E00056062,292,148,144
E00056065,356,188,168
E00056068,319,170,149
E00056120,414,208,206
E00056122,304,160,144
E00056123,316,161,155
E00056126,526,260,266
E00056128,359,185,174
E00056121,293,142,151
E00056125,421,215,206
E00056132,374,190,184
E00056136,493,248,245
E00056119,387,189,198
E00056127,447,223,224
E00056129,459,241,218
E00056130,447,222,225
E00056098,448,227,221
E00056124,412,202,210
E00056133,412,223,189
E00056139,529,261,268
E00056144,359,190,169
E00056147,347,191,156
E00056148,383,183,200
E00056149,455,232,223
E00056141,476,248,228
E00056142,276,138,138
E00056143,238,114,124
E00056145,289,141,148
E00056146,287,145,142
E00056492,323,169,154
E00056493,235,121,114
E00056494,290,145,145
E00056495,230,132,98
E00056496,234,125,109
E00056497,230,119,111
E00056489,307,157,150
E00056490,302,158,144
E00056499,259,138,121
E00056501,209,113,96
E00056502,279,136,143
E00056516,286,149,137
E00056504,345,173,172
E00056506,368,188,180
E00056507,466,243,223
E00056510,314,168,146
E00056505,307,155,152
E00056511,303,141,162
E00056512,370,177,193
E00056518,293,144,149
E00056522,307,159,148
E00056498,392,193,199
E00056500,340,172,168
E00056503,481,246,235
E00056509,312,166,146
E00056514,265,144,121
E00056508,407,210,197
E00056513,322,156,166
E00056515,314,164,150
E00056517,318,168,150
E00056520,325,173,152
E00055635,333,171,162
E00055636,426,208,218
E00055637,298,144,154
E00055639,347,178,169
E00055940,244,137,107
E00055944,336,171,165
E00055953,277,148,129
E00055954,271,145,126
E00055959,351,188,163
E00055945,335,170,165
E00055948,421,210,211
E00055951,248,125,123
E00055957,328,164,164
E00055939,305,156,149
E00055946,269,134,135
E00055947,264,127,137
E00055949,324,175,149
E00055950,226,115,111
E00056100,401,206,195
E00056104,430,199,231
E00056105,488,227,261
E00056106,373,192,181
E00056099,333,176,157
E00056101,412,211,201
E00056137,612,303,309
E00175530,614,319,295
E00175549,156,79,77
E00056131,380,182,198
E00056135,428,220,208
E00056138,382,197,185
E00178685,302,146,156
E00178688,362,183,179
E00056095,337,170,167
E00056096,481,239,242
E00056102,500,232,268
E00056103,397,183,214
E00056729,351,181,170
E00056735,317,161,156
E00056738,453,228,225
E00056743,346,173,173
E00056718,401,206,195
E00056720,482,246,236
E00056721,483,236,247
E00056722,309,162,147
E00056725,363,175,188
E00056724,354,185,169
E00056726,384,199,185
E00056727,566,272,294
E00178669,455,151,304
E00178708,221,105,116
E00056700,474,233,241
E00056723,522,264,258
E00056736,457,245,212
E00178664,356,185,171
E00178690,288,159,129
E00056730,498,258,240
E00056731,428,207,221
E00056733,552,282,270
E00056734,457,232,225
E00056737,437,227,210
E00056739,569,280,289
E00056741,292,144,148
E00056719,558,285,273
E00056740,361,179,182
E00056742,277,140,137
E00056744,376,189,187
E00056747,218,118,100
E00055970,436,205,231
E00055971,348,184,164
E00055972,373,186,187
E00055973,407,231,176
E00055975,268,148,120
E00055955,295,172,123
E00055958,277,161,116
E00055962,253,121,132
E00055963,242,121,121
E00055965,310,174,136
E00055941,261,134,127
E00055942,241,128,113
E00055952,306,161,145
E00055956,273,142,131
E00055960,231,116,115
E00055969,329,168,161
E00055961,466,239,227
E00055964,359,208,151
E00055967,557,282,275
E00055968,288,164,124
E00178660,463,239,224
E00178663,349,172,177
E00056491,332,183,149
E00056521,248,131,117
E00056523,237,130,107
E00056525,333,167,166
E00056526,213,115,98
E00056529,205,124,81
E00056519,310,158,152
E00056524,320,166,154
E00056528,318,159,159
E00056532,320,158,162
E00056534,265,136,129
E00056527,326,189,137
E00056535,351,176,175
E00056539,268,138,130
E00056540,304,152,152
E00056541,268,121,147
E00056530,221,119,102
E00056533,162,79,83
E00056536,326,165,161
E00056537,284,146,138
E00056538,274,145,129
E00175529,350,176,174
E00175533,402,210,192
E00175534,294,146,148
E00055641,316,163,153
E00055644,410,205,205
E00055647,382,186,196
E00055651,462,230,232
E00055652,235,130,105
E00055622,390,205,185
E00055656,283,142,141
E00055661,320,162,158
E00055666,297,156,141
E00055669,323,166,157
E00055638,324,169,155
E00055640,332,167,165
E00055642,328,167,161
E00055643,229,112,117
E00055649,277,132,145
E00056435,405,205,200
E00056457,413,212,201
E00056465,292,144,148
E00056466,335,164,171
E00175526,292,147,145
E00175527,177,87,90
E00175528,175,93,82
E00056704,447,217,230
E00056710,370,174,196
E00056715,319,162,157
E00056703,293,152,141
E00056708,319,171,148
E00056711,305,166,139
E00056716,326,160,166
E00056701,295,157,138
E00056705,333,174,159
E00056707,271,142,129
E00056746,363,195,168
E00056748,262,121,141
E00056702,288,148,140
E00056706,337,169,168
E00056709,224,115,109
E00056745,307,165,142
E00056749,293,157,136
E00056712,266,136,130
E00056713,353,179,174
E00056714,337,172,165
E00056717,348,169,179
E00055623,522,289,233
E00055653,413,222,191
E00055654,310,170,140
E00055658,333,160,173
E00055659,218,108,110
E00055645,335,172,163
E00055646,317,168,149
E00055648,311,155,156
E00055650,301,147,154
E00055655,299,150,149
E00055943,355,196,159
E00055974,359,180,179
E00055976,314,163,151
E00055977,259,134,125
E00055979,344,191,153
E00055978,396,199,197
E00055980,405,210,195
E00055981,233,90,143
E00055982,540,227,313
E00178672,176,86,90
E00178700,486,237,249
E00056440,281,155,126
E00056441,262,128,134
E00056472,300,174,126
E00056473,146,83,63
E00056482,369,225,144
E00056484,365,193,172
E00056436,352,180,172
E00056439,300,163,137
E00056469,244,138,106
E00056480,253,126,127
E00178655,210,101,109
E00178717,496,265,231
E00056438,300,172,128
E00056447,263,137,126
E00056462,337,174,163
E00056475,392,190,202
E00178682,381,183,198
E00178699,305,146,159
E00056458,451,242,209
E00056459,257,137,120
E00056461,287,164,123
E00056464,317,157,160
E00178679,169,91,78
E00178657,557,298,259
E00178665,443,227,216
E00178674,218,107,111
E00178675,344,181,163
E00055657,418,208,210
E00055662,334,151,183
E00055664,373,188,185
E00055665,366,197,169
E00055668,419,203,216
E00055626,387,192,195
E00055628,452,213,239
E00055633,385,194,191
E00055634,441,239,202
E00175541,471,224,247
E00175542,339,165,174
E00175543,258,137,121
E00055627,519,252,267
E00055630,394,197,197
E00055660,393,197,196
E00055663,343,171,172
E00055624,356,181,175
E00055625,522,247,275
E00055629,379,174,205
E00055632,253,109,144
E00055667,466,223,243
E00055930,234,114,120
E00055932,238,131,107
E00055933,257,134,123
E00055934,302,165,137
E00055935,225,116,109
E00055924,275,157,118
E00055927,285,153,132
E00055928,194,97,97
E00055929,301,150,151
E00055931,306,151,155
E00055925,202,103,99
E00055926,272,151,121
E00055936,295,147,148
E00055937,242,124,118
E00055938,264,135,129
E00056386,318,149,169
E00056393,361,182,179
E00056395,505,253,252
E00175535,309,158,151
E00175546,209,105,104
E00175547,300,159,141
E00175548,282,143,139
E00056448,384,199,185
E00056467,420,209,211
E00056470,362,182,180
E00056479,370,187,183
E00056449,275,143,132
E00056455,158,73,85
E00056456,421,238,183
E00056487,312,169,143
E00175524,178,83,95
E00175525,148,72,76
E00175545,169,87,82
E00056451,304,170,134
E00056452,454,243,211
E00056453,232,133,99
E00056454,305,165,140
E00056488,331,178,153
E00056607,328,168,160
E00056636,224,124,100
E00056637,396,190,206
E00056642,284,164,120
E00056643,247,142,105
E00056644,335,176,159
E00056596,279,132,147
E00056603,241,133,108
E00056604,267,133,134
E00056611,215,113,102
E00056639,207,103,104
E00056640,235,126,109
E00056594,467,205,262
E00056605,359,182,177
E00056609,287,134,153
E00056641,202,92,110
E00178680,269,113,156
E00178702,151,68,83
E00056628,264,140,124
E00056629,248,115,133
E00056630,339,139,200
E00056632,339,163,176
E00056633,233,105,128
E00056638,314,126,188
E00056593,402,213,189
E00056595,308,168,140
E00056631,339,164,175
E00056634,231,111,120
E00056635,339,168,171
E00055892,269,143,126
E00055918,277,146,131
E00055919,223,97,126
E00055920,324,165,159
E00055921,366,189,177
E00055887,173,88,85
E00055888,364,199,165
E00055889,498,280,218
E00055891,256,132,124
E00055922,288,146,142
E00055886,315,163,152
E00055900,247,138,109
E00055902,325,166,159
E00055911,284,145,139
E00055923,350,188,162
E00055885,435,237,198
E00055909,254,129,125
E00055913,228,112,116
E00055915,332,158,174
E00055916,376,181,195
E00056153,325,164,161
E00056165,398,200,198
E00056174,214,113,101
E00056175,339,176,163
E00056186,274,146,128
E00056152,430,216,214
E00056158,309,156,153
E00056179,294,149,145
E00056181,265,140,125
E00056201,202,108,94
E00056445,257,132,125
E00056471,247,132,115
E00056476,303,158,145
E00056478,273,139,134
E00056481,210,110,100
E00056483,277,162,115
E00056437,299,152,147
E00056442,334,174,160
E00056443,270,145,125
E00056474,334,174,160
E00056486,356,185,171
E00055890,311,171,140
E00055893,272,137,135
E00055894,307,156,151
E00055896,233,114,119
E00055898,329,169,160
E00055895,282,142,140
E00055897,326,181,145
E00055903,298,153,145
E00055904,175,100,75
E00055912,290,149,141
E00055899,286,133,153
E00055905,276,146,130
E00055906,348,185,163
E00055907,387,201,186
E00055910,348,168,180
E00055884,288,151,137
E00055901,317,162,155
E00055908,284,162,122
E00055914,279,141,138
E00055917,287,153,134
E00056160,430,222,208
E00056161,336,174,162
E00056166,318,157,161
E00056167,274,132,142
E00056205,285,143,142
E00056159,341,175,166
E00056204,457,209,248
E00056206,334,170,164
E00056207,382,190,192
E00178701,271,142,129
E00178709,179,91,88
E00178711,154,65,89
E00056433,310,157,153
E00056434,244,131,113
E00056446,325,169,156
E00056450,269,136,133
E00056485,335,163,172
E00056591,263,136,127
E00056598,145,61,84
E00056601,286,158,128
E00056610,289,155,134
E00056612,283,155,128
E00056621,267,163,104
E00056600,282,140,142
E00056602,322,148,174
E00056606,350,169,181
E00056617,400,194,206
E00056627,215,99,116
E00056592,447,225,222
E00056599,346,178,168
E00056608,361,187,174
E00056614,286,151,135
E00056615,264,133,131
E00056616,306,124,182
E00056618,541,285,256
E00056619,292,133,159
E00056622,369,145,224
E00056626,357,166,191
E00056597,401,197,204
E00056620,382,187,195
E00056623,253,140,113
E00056624,264,134,130
E00056625,386,166,220
E00055474,173,93,80
E00055476,137,60,77
E00055479,269,148,121
E00055483,194,92,102
E00055484,298,163,135
E00055487,236,122,114
E00055468,388,204,184
E00055478,257,132,125
E00055480,281,150,131
E00055485,344,185,159
E00055507,219,119,100
E00055471,256,130,126
E00055472,308,160,148
E00055473,259,132,127
E00055477,355,171,184
E00055504,278,139,139
E00055466,492,253,239
E00055467,310,168,142
E00055470,488,253,235
E00055506,236,136,100
E00056154,236,128,108
E00056163,288,161,127
E00056168,322,159,163
E00056170,346,177,169
E00056180,241,120,121
E00056156,287,143,144
E00056177,383,199,184
E00056182,339,167,172
E00056184,378,190,188
E00056194,291,149,142
E00056155,345,177,168
E00056162,262,122,140
E00056164,351,185,166
E00056169,324,161,163
E00056171,268,136,132
E00056173,193,99,94
E00056183,334,174,160
E00056188,285,149,136
E00056191,389,185,204
E00056192,401,199,202
E00056195,281,148,133
E00055463,310,138,172
E00055469,248,126,122
E00055481,252,126,126
E00055486,297,151,146
E00178689,110,48,62
E00178712,536,251,285
E00056555,362,197,165
E00056557,308,149,159
E00056567,391,210,181
E00056570,367,177,190
E00056575,482,257,225
E00056542,251,137,114
E00056545,291,140,151
E00056554,262,136,126
E00056564,341,158,183
E00056566,241,120,121
E00056569,280,150,130
E00056549,198,71,127
E00056550,326,148,178
E00056552,225,102,123
E00056556,265,132,133
E00056558,130,65,65
E00175521,109,43,66
E00175522,762,397,365
E00178656,195,95,100
E00178659,587,332,255
E00055836,415,221,194
E00055837,410,191,219
E00055839,281,147,134
E00055878,325,158,167
E00055881,417,215,202
E00055882,244,110,134
E00055842,193,72,121
E00055846,319,142,177
E00055848,355,177,178
E00055849,299,145,154
E00055858,254,132,122
E00055883,391,187,204
E00055875,417,207,210
E00055876,491,231,260
E00055877,485,249,236
E00055880,474,221,253
E00056560,430,226,204
E00056561,494,262,232
E00175520,599,299,300
E00178648,504,249,255
E00055464,317,161,156
E00055482,261,136,125
E00055488,301,153,148
E00055490,300,158,142
E00055505,296,146,150
E00055465,285,143,142
E00055494,306,167,139
E00055496,285,143,142
E00055499,248,120,128
E00055501,226,122,104
E00055489,314,167,147
E00055491,364,185,179
E00055495,355,190,165
E00055498,251,140,111
E00055500,301,166,135
E00055492,370,198,172
E00055493,278,143,135
E00055497,295,154,141
E00055502,310,152,158
E00055503,226,112,114
E00055787,334,170,164
E00055788,370,175,195
E00055821,298,154,144
E00055823,248,119,129
E00055826,345,173,172
E00056172,252,120,132
E00056176,384,199,185
E00056178,280,141,139
E00056185,376,189,187
E00056187,310,153,157
E00056189,199,90,109
E00056150,323,156,167
E00056157,244,135,109
E00056190,295,137,158
E00056193,245,120,125
E00056196,322,171,151
E00056197,258,137,121
E00056198,346,176,170
E00056199,283,150,133
E00056200,256,121,135
E00056202,390,218,172
E00056203,326,174,152
E00056391,383,194,189
E00056399,338,166,172
E00056403,252,135,117
E00056405,275,158,117
E00056409,287,144,143
E00056385,246,135,111
E00056387,336,171,165
E00056389,254,142,112
E00056392,295,150,145
E00056398,210,112,98
E00056402,227,119,108
E00056394,536,267,269
E00056396,396,188,208
E00056397,567,281,286
E00056404,267,140,127
E00056407,502,265,237
E00056390,281,137,144
E00056401,246,120,126
E00056406,253,128,125
E00056408,268,141,127
E00056410,250,129,121
E00055835,394,188,206
E00055838,330,154,176
E00055840,255,133,122
E00055843,358,181,177
E00055847,322,170,152
E00055879,346,167,179
E00055845,363,189,174
E00055850,417,213,204
E00055851,326,177,149
E00055852,302,157,145
E00055857,367,192,175
E00055830,523,284,239
E00055841,336,170,166
E00055844,331,180,151
E00055853,417,216,201
E00055854,383,211,172
E00055855,318,174,144
E00055856,327,166,161
E00055859,309,170,139
E00055860,271,135,136
E00055861,319,171,148
E00055863,174,91,83
E00056559,380,209,171
E00056562,351,150,201
E00056563,264,120,144
E00056568,281,146,135
E00056571,234,122,112
E00056574,280,175,105
E00056576,317,167,150
E00056577,279,143,136
E00056579,300,145,155
E00056580,285,149,136
E00056584,303,147,156
E00056543,302,153,149
E00056572,351,200,151
E00056582,223,118,105
E00056585,243,129,114
E00056586,163,77,86
E00056588,240,126,114
E00056548,322,152,170
E00056581,268,142,126
E00056583,258,135,123
E00056587,251,128,123
E00056590,262,140,122
E00055797,339,182,157
E00055799,404,206,198
E00055802,290,143,147
E00055803,226,109,117
E00055806,436,214,222
E00055807,245,127,118
E00055789,398,200,198
E00055796,310,157,153
E00055800,418,217,201
E00055825,202,98,104
E00055829,276,150,126
E00055790,332,162,170
E00055801,305,156,149
E00055804,331,175,156
E00055805,278,136,142
E00055808,306,154,152
E00055791,421,232,189
E00055792,225,118,107
E00055794,300,159,141
E00055822,265,136,129
E00055827,266,136,130
E00055828,391,203,188
E00055831,265,148,117
E00055862,302,145,157
E00055864,380,198,182
E00055865,149,75,74
E00055866,179,104,75
E00055869,306,161,145
E00055832,243,115,128
E00055833,401,206,195
E00055871,251,126,125
E00055873,349,188,161
E00055874,253,123,130
E00055834,329,176,153
E00055867,248,129,119
E00055868,236,124,112
E00055870,272,142,130
E00055872,216,116,100
E00056544,301,140,161
E00056546,287,146,141
E00056573,296,157,139
E00056578,237,132,105
E00056589,217,85,132
E00175518,148,58,90
E00175540,133,53,80
E00056381,410,197,213
E00056400,323,171,152
E00056412,307,156,151
E00056413,245,126,119
E00056416,301,155,146
E00056380,747,394,353
E00056382,328,164,164
E00056414,389,191,198
E00056425,281,149,132
E00056415,211,108,103
E00056417,247,123,124
E00056419,434,217,217
E00056421,313,155,158
E00178670,181,87,94
E00178719,559,290,269
E00056411,381,186,195
E00056418,305,161,144
E00056420,256,133,123
E00056422,282,141,141
E00056424,283,156,127
E00055793,299,145,154
E00055795,365,194,171
E00055798,307,154,153
E00055820,407,205,202
E00055824,294,152,142
E00055814,446,239,207
E00055816,360,191,169
E00055817,377,177,200
E00055818,377,203,174
E00055819,274,130,144
E00055785,401,206,195
E00055809,328,161,167
E00055810,250,128,122
E00055811,269,138,131
E00055815,211,110,101
E00055783,321,150,171
E00055784,296,131,165
E00055786,242,116,126
E00055812,329,171,158
E00055813,229,117,112
E00056267,253,127,126
E00056269,263,132,131
E00056281,267,138,129
E00056286,326,165,161
E00056289,299,154,145
E00056264,458,242,216
E00056270,376,197,179
E00056273,289,141,148
E00056277,364,186,178
E00056282,267,139,128
E00056316,130,59,71
E00056265,269,137,132
E00056271,371,181,190
E00056274,243,135,108
E00056279,328,171,157
E00056276,325,167,158
E00056280,108,51,57
E00056283,267,138,129
E00056284,286,145,141
E00056285,388,204,184
E00056266,298,147,151
E00056268,227,119,108
E00056272,274,142,132
E00056275,196,107,89
E00056278,336,186,150
E00056287,277,142,135
E00056288,254,140,114
E00056290,269,140,129
E00056291,211,115,96
E00055995,384,191,193
E00055996,320,165,155
E00056003,520,254,266
E00178681,520,265,255
E00178706,155,74,81
E00055999,336,174,162
E00056015,300,162,138
E00056016,360,181,179
E00056020,286,153,133
E00056023,256,131,125
E00055998,280,152,128
E00056000,357,181,176
E00056017,207,116,91
E00056019,561,298,263
E00056021,292,158,134
E00055989,272,142,130
E00055990,219,111,108
E00055991,328,170,158
E00056004,304,157,147
E00056005,311,146,165
E00056296,220,118,102
E00056306,341,174,167
E00056307,305,157,148
E00056308,295,149,146
E00056313,201,100,101
E00056314,270,139,131
E00056293,537,306,231
E00056294,336,160,176
E00056297,219,111,108
E00056310,242,120,122
E00056311,229,111,118
E00056312,265,141,124
E00056298,349,179,170
E00056302,414,211,203
E00056318,229,120,109
E00056319,255,140,115
E00056320,502,270,232
E00056292,521,273,248
E00056300,273,148,125
E00056301,345,187,158
E00056315,513,265,248
E00056317,374,186,188
E00056295,251,119,132
E00056299,399,206,193
E00056303,281,147,134
E00056304,274,149,125
E00056305,217,115,102
E00056309,241,139,102
E00056321,210,102,108
E00056033,247,124,123
E00056035,385,200,185
E00056036,322,163,159
E00056039,251,133,118
E00056040,316,165,151
E00056034,309,153,156
E00056037,282,145,137
E00056038,273,132,141
E00056041,239,114,125
E00056042,319,158,161
E00056384,324,159,165
E00056423,349,178,171
E00056426,340,179,161
E00056429,300,155,145
E00056431,270,140,130
E00056383,320,172,148
E00056427,340,167,173
E00056428,335,173,162
E00056430,287,147,140
E00056432,205,95,110
E00055984,311,150,161
E00055997,311,155,156
E00056011,388,205,183
E00056018,253,126,127
E00056024,201,103,98
E00055992,581,310,271
E00055994,282,160,122
E00056008,228,114,114
E00056009,295,154,141
E00056010,490,253,237
E00055993,330,166,164
E00056006,330,168,162
E00056012,304,159,145
E00056013,378,188,190
E00056014,268,142,126
E00055986,325,180,145
E00055987,359,181,178
E00056001,280,142,138
E00056002,388,201,187
E00056026,481,249,232
E00055985,304,150,154
E00056027,330,161,169
E00056029,300,154,146
E00056030,364,183,181
E00056032,274,147,127
E00055988,444,225,219
E00056022,375,204,171
E00056025,233,119,114
E00056028,355,189,166
E00056031,308,161,147
E00056323,380,186,194
E00056324,326,157,169
E00056369,328,182,146
E00056373,470,234,236
E00056374,389,192,197
E00056330,325,158,167
E00056334,280,140,140
E00056336,279,139,140
E00056337,194,96,98
E00056360,252,126,126
E00056377,332,164,168
E00056333,318,156,162
E00056338,349,184,165
E00056340,428,228,200
E00056343,450,237,213
E00056344,266,135,131
E00056345,327,172,155
E00056346,268,137,131
E00056361,355,191,164
E00056364,309,147,162
E00056367,388,198,190
E00056325,285,139,146
E00056327,335,176,159
E00056328,314,163,151
E00056331,377,184,193
E00056362,367,190,177
E00056326,336,164,172
E00056350,208,108,100
E00056365,258,130,128
E00056366,215,114,101
E00056368,422,217,205
E00056372,304,160,144
E00056332,530,267,263
E00056371,370,180,190
E00056376,347,170,177
E00056378,372,180,192
E00178686,401,196,205
E00178715,232,114,118
E00056329,262,133,129
E00056351,258,130,128
E00056354,297,160,137
E00056356,261,134,127
E00056375,322,155,167
E00056322,343,169,174
E00056352,227,122,105
E00056358,330,183,147
E00056363,378,201,177
E00056370,319,166,153
E00056339,344,184,160
E00056341,308,164,144
E00056347,371,201,170
E00056355,288,148,140
E00056359,363,189,174
E00056342,482,255,227
E00056348,464,237,227
E00056349,255,137,118
E00056353,353,178,175
E00056357,303,160,143
E00059011,333,169,164
E00059013,346,184,162
E00059023,302,159,143
E00059026,224,118,106
E00059028,259,135,124
E00059012,249,136,113
E00059021,268,137,131
E00059022,282,150,132
E00059024,284,148,136
E00059027,205,116,89
E00059015,549,295,254
E00059029,225,119,106
E00059030,265,136,129
E00059032,328,164,164
E00058996,359,183,176
E00059016,577,302,275
E00059031,427,221,206
E00059045,285,152,133
E00059033,234,117,117
E00059034,250,131,119
E00059037,235,127,108
E00059038,270,142,128
E00059039,231,116,115
E00058975,502,267,235
E00059008,316,169,147
E00059010,208,105,103
E00170593,933,105,828
E00170595,326,174,152
E00059014,425,227,198
E00059017,278,164,114
E00059020,289,148,141
E00059025,489,207,282
E00059018,345,186,159
E00059035,192,97,95
E00059036,307,159,148
E00059041,230,125,105
E00059047,162,101,61
E00170578,157,92,65
E00170592,211,115,96
E00187069,395,206,189
E00187086,234,114,120
E00059019,263,129,134
E00059040,319,164,155
E00059042,276,144,132
E00059043,199,118,81
E00059044,313,161,152
E00058339,467,233,234
E00058368,253,131,122
E00058369,396,217,179
E00058378,295,154,141
E00058380,250,139,111
E00058342,234,124,110
E00058345,272,141,131
E00058370,205,110,95
E00058373,291,148,143
E00058374,266,145,121
E00058377,163,69,94
E00058379,184,78,106
E00058341,279,148,131
E00058371,340,180,160
E00058372,291,150,141
E00058375,350,184,166
E00058376,314,151,163
E00058340,400,200,200
E00058343,251,127,124
E00058344,308,166,142
E00187049,357,192,165
E00187087,114,66,48
E00187131,253,135,118
E00058334,290,153,137
E00058347,257,132,125
E00058348,277,144,133
E00058349,279,155,124
E00058352,305,154,151
E00058366,323,167,156
E00058337,289,148,141
E00058353,234,133,101
E00058355,231,123,108
E00058360,246,119,127
E00058361,308,153,155
E00058363,301,163,138
E00058333,286,156,130
E00058336,264,140,124
E00058350,286,139,147
E00058354,376,196,180
E00058358,294,158,136
E00058359,269,131,138
E00058338,323,165,158
E00058364,352,178,174
E00058365,321,157,164
E00058367,314,168,146
E00058335,222,114,108
E00058351,313,183,130
E00058356,320,144,176
E00058357,258,136,122
E00058362,288,154,134
E00058972,283,142,141
E00058977,283,149,134
E00058979,248,142,106
E00058980,238,121,117
E00058991,243,123,120
E00058968,388,200,188
E00058976,489,266,223
E00058978,295,150,145
E00058981,340,175,165
E00058990,535,265,270
E00058982,314,150,164
E00058988,255,126,129
E00058989,353,183,170
E00058992,257,126,131
E00058993,237,122,115
E00058969,240,124,116
E00058970,276,144,132
E00058971,325,167,158
E00058973,310,161,149
E00058974,266,152,114
E00058983,318,164,154
E00058984,312,156,156
E00058985,194,99,95
E00058986,308,162,146
E00058987,316,167,149
E00058294,267,152,115
E00058295,308,153,155
E00058298,294,156,138
E00058302,316,154,162
E00058964,382,186,196
E00058995,353,167,186
E00059000,252,138,114
E00059002,327,165,162
E00059003,237,131,106
E00058994,377,185,192
E00058997,308,156,152
E00058998,341,170,171
E00058999,224,126,98
E00059001,285,142,143
E00058966,326,164,162
E00059004,276,144,132
E00059005,368,171,197
E00059006,274,133,141
E00059007,229,122,107
E00058961,337,184,153
E00058962,367,184,183
E00058963,376,196,180
E00058965,298,149,149
E00058967,407,210,197
E00058381,300,153,147
E00058382,302,168,134
E00058383,585,299,286
E00058384,314,152,162
E00058385,282,146,136
E00058386,523,268,255
E00058319,262,138,124
E00058320,271,138,133
E00058321,284,145,139
E00058322,285,151,134
E00058331,361,179,182
E00058323,329,165,164
E00058325,281,150,131
E00058327,438,226,212
E00058332,173,86,87
E00165696,227,118,109
E00058326,337,173,164
E00058328,292,156,136
E00058329,251,149,102
E00058330,311,161,150
E00170889,590,306,284
E00056764,326,155,171
E00056765,332,164,168
E00056793,314,155,159
E00170575,300,153,147
E00170576,208,95,113
E00170888,331,165,166
E00187065,357,176,181
E00187096,257,119,138
E00187151,186,86,100
E00056774,209,101,108
E00056780,177,93,84
E00056794,298,145,153
E00056802,345,161,184
E00056811,353,185,168
E00056813,339,166,173
E00056763,333,165,168
E00056776,294,171,123
E00056777,260,142,118
E00056778,113,59,54
E00056781,319,150,169
E00056762,457,235,222
E00056772,563,281,282
E00056773,297,152,145
E00056775,270,138,132
E00056779,485,249,236
E00056766,353,175,178
E00056783,286,150,136
E00056784,252,130,122
E00056797,263,150,113
E00056800,249,140,109
E00187075,373,192,181
E00187080,177,102,75
E00056768,393,196,197
E00056782,328,174,154
E00056789,373,204,169
E00056792,334,180,154
E00056799,269,147,122
E00056798,236,123,113
E00056801,241,127,114
E00056804,302,162,140
E00056810,275,149,126
E00056817,319,165,154
E00170587,236,115,121
E00170589,275,149,126
E00170590,285,140,145
E00056751,288,135,153
E00056807,277,144,133
E00056808,249,122,127
E00056822,403,194,209
E00056831,242,136,106
E00056769,309,167,142
E00056771,270,142,128
E00056788,318,168,150
E00056795,258,128,130
E00056796,239,119,120
E00056752,459,254,205
E00056805,267,156,111
E00056809,262,123,139
E00056815,294,153,141
E00056818,200,101,99
E00056753,226,113,113
E00056755,314,166,148
E00056756,319,169,150
E00056819,173,81,92
E00056830,328,177,151
E00056820,217,116,101
E00056821,220,119,101
E00056827,279,145,134
E00056828,205,109,96
E00165673,192,97,95
E00165674,296,160,136
E00056767,253,129,124
E00056770,309,161,148
E00056787,210,107,103
E00056803,265,139,126
E00056806,246,122,124
E00056750,314,157,157
E00056790,407,218,189
E00056812,272,150,122
E00056814,265,137,128
E00056816,311,165,146
E00056754,275,136,139
E00056757,528,262,266
E00056760,278,145,133
E00056823,337,154,183
E00056825,319,172,147
E00058304,277,161,116
E00058305,226,116,110
E00058309,300,149,151
E00058317,244,127,117
E00058318,225,114,111
E00058234,346,170,176
E00058243,252,132,120
E00058248,293,153,140
E00058266,106,55,51
E00058285,147,65,82
E00058289,301,159,142
E00058296,364,179,185
E00058297,336,175,161
E00058299,327,176,151
E00058300,314,170,144
E00058301,227,125,102
E00058236,296,155,141
E00058267,298,147,151
E00058268,291,151,140
E00058269,324,155,169
E00058273,184,102,82
E00058270,369,177,192
E00058271,239,125,114
E00058272,321,163,158
E00058274,306,165,141
E00058275,323,163,160
E00058237,348,183,165
E00058241,293,160,133
E00058244,288,155,133
E00058246,252,126,126
E00058284,292,154,138
E00057334,308,163,145
E00057336,301,165,136
E00057349,326,163,163
E00057353,431,212,219
E00057354,299,155,144
E00057350,252,131,121
E00057359,240,118,122
E00057362,211,109,102
E00057365,202,117,85
E00057367,299,158,141
E00057369,186,109,77
E00057338,287,142,145
E00057351,204,95,109
E00057356,239,128,111
E00057357,272,140,132
E00057358,211,111,100
E00057364,203,93,110
E00057343,339,175,164
E00057355,428,231,197
E00057366,221,124,97
E00057379,346,165,181
E00057384,274,147,127
E00056758,444,223,221
E00056759,275,145,130
E00056829,260,133,127
E00056833,245,125,120
E00056834,384,196,188
E00056761,279,155,124
E00056832,260,124,136
E00056835,313,164,149
E00056836,237,130,107
E00056837,249,122,127
E00056838,284,136,148
E00058306,356,183,173
E00058307,295,151,144
E00058311,321,173,148
E00058313,373,200,173
E00058308,331,170,161
E00058310,287,149,138
E00058312,169,90,79
E00058314,285,151,134
E00058315,300,168,132
E00058245,242,115,127
E00058250,268,148,120
E00058253,323,163,160
E00058259,239,126,113
E00058288,334,171,163
E00058291,243,128,115
E00058226,243,145,98
E00058240,330,162,168
E00058277,184,102,82
E00058280,261,143,118
E00058287,407,230,177
E00058235,242,128,114
E00058239,307,170,137
E00058279,299,167,132
E00058282,295,167,128
E00058283,338,172,166
E00058276,249,128,121
E00058278,286,150,136
E00058286,181,89,92
E00058292,312,161,151
E00058293,312,161,151
E00058242,247,134,113
E00058247,216,123,93
E00058252,298,156,142
E00058281,219,113,106
E00058303,322,155,167
E00187048,429,223,206
E00187123,184,101,83
E00057341,276,130,146
E00057360,332,168,164
E00057371,261,146,115
E00057372,305,159,146
E00057399,375,188,187
E00057335,344,179,165
E00057337,299,164,135
E00057352,513,230,283
E00057361,319,166,153
E00057393,349,175,174
E00057401,337,174,163
E00057406,394,200,194
E00169589,259,127,132
E00057342,335,157,178
E00057380,344,169,175
E00057382,420,211,209
E00057387,240,114,126
E00057400,477,244,233
E00057340,333,171,162
E00057344,249,128,121
E00057363,228,122,106
E00057368,211,117,94
E00057370,345,169,176
E00057383,242,128,114
E00057339,306,168,138
E00057374,321,164,157
E00057375,324,164,160
E00057389,294,139,155
E00057391,272,155,117
E00057386,269,136,133
E00057396,310,163,147
E00057397,308,159,149
E00057398,262,141,121
E00057345,230,111,119
E00057346,326,178,148
E00057347,270,142,128
E00057348,263,129,134
E00057402,227,113,114
E00057405,301,155,146
E00057407,258,131,127
E00058228,234,116,118
E00058238,277,141,136
E00058249,264,140,124
E00058251,303,155,148
E00058290,302,159,143
E00058227,274,133,141
E00058229,309,175,134
E00058230,340,184,156
E00058257,283,153,130
E00058258,308,174,134
E00058261,265,145,120
E00058232,305,142,163
E00058254,282,143,139
E00058256,289,147,142
E00058264,283,143,140
E00058265,316,173,143
E00058231,277,144,133
E00058233,401,219,182
E00058255,336,189,147
E00058260,329,165,164
E00058262,327,176,151
E00058263,267,113,154
E00057376,313,169,144
E00057377,325,180,145
E00057378,313,168,145
E00057388,209,117,92
E00057392,331,159,172
E00057404,182,105,77
E00057385,228,127,101
E00057390,287,156,131
E00057394,295,159,136
E00057395,252,126,126
E00057403,513,263,250
E00058900,313,170,143
E00058934,255,132,123
E00058940,177,93,84
E00058941,235,121,114
E00058942,309,153,156
E00058944,268,131,137
E00058932,331,169,162
E00058933,276,133,143
E00058935,230,98,132
E00058936,237,139,98
E00058937,294,149,145
E00058938,340,197,143
E00058684,364,191,173
E00058686,417,204,213
E00058721,351,179,172
E00058734,390,207,183
E00058680,299,155,144
E00058681,402,200,202
E00058683,249,138,111
E00058722,242,140,102
E00058723,297,155,142
E00058685,310,168,142
E00058689,339,184,155
E00058690,356,174,182
E00058691,367,183,184
E00058694,246,121,125
E00058725,225,112,113
E00058726,211,118,93
E00058728,178,97,81
E00058729,289,145,144
E00058731,326,164,162
E00057733,348,180,168
E00057738,530,274,256
E00057745,277,152,125
E00057749,217,111,106
E00057713,293,150,143
E00057732,429,237,192
E00057735,443,227,216
E00057737,299,156,143
E00057740,581,355,226
E00057734,373,190,183
E00057736,255,143,112
E00057739,351,174,177
E00057743,238,129,109
E00057753,235,115,120
E00057759,227,112,115
E00057715,274,142,132
E00057716,366,182,184
E00057741,315,157,158
E00057742,364,186,178
E00057751,243,135,108
E00056968,420,213,207
E00056969,246,119,127
E00056970,362,188,174
E00056977,236,122,114
E00058735,264,142,122
E00058736,357,179,178
E00058737,127,59,68
E00058738,288,149,139
E00058739,255,135,120
E00058740,295,149,146
E00059068,387,203,184
E00059102,343,166,177
E00059103,296,151,145
E00059104,328,164,164
E00059097,285,147,138
E00059098,127,65,62
E00059099,244,133,111
E00059100,246,117,129
E00059101,264,139,125
E00059105,263,140,123
E00057977,324,183,141
E00058007,319,164,155
E00058008,212,139,73
E00058014,334,167,167
E00058019,249,141,108
E00057978,345,172,173
E00057979,344,177,167
E00058023,394,182,212
E00058032,334,159,175
E00058010,345,175,170
E00058017,346,168,178
E00058024,396,203,193
E00058030,341,169,172
E00058031,291,146,145
E00057971,291,148,143
E00057972,306,151,155
E00057982,291,152,139
E00057994,256,117,139
E00058039,351,181,170
E00057975,375,184,191
E00057984,358,177,181
E00057988,317,158,159
E00057992,360,188,172
E00058037,337,145,192
E00058009,338,162,176
E00058013,380,182,198
E00058020,354,187,167
E00058021,363,182,181
E00057974,367,185,182
E00057983,268,147,121
E00057986,313,163,150
E00057990,263,138,125
E00058029,193,111,82
E00058038,310,163,147
E00058682,408,221,187
E00058687,324,159,165
E00058688,340,182,158
E00058724,324,169,155
E00058692,294,157,137
E00058727,306,148,158
E00058730,253,130,123
E00058732,316,174,142
E00058733,304,156,148
E00057987,311,161,150
E00058025,271,153,118
E00058027,394,198,196
E00058033,372,192,180
E00058036,355,183,172
E00057973,374,191,183
E00057985,461,244,217
E00057989,353,178,175
E00058001,351,179,172
E00057997,315,162,153
E00057999,283,150,133
E00058003,281,143,138
E00058004,267,139,128
E00058005,262,142,120
E00058006,246,118,128
E00058011,287,154,133
E00058012,288,146,142
E00058015,307,149,158
E00058018,258,119,139
E00058022,191,86,105
E00058026,198,131,67
E00057980,505,265,240
E00058016,622,321,301
E00058028,321,173,148
E00058034,335,176,159
E00057723,374,189,185
E00057724,312,151,161
E00057727,481,255,226
E00057730,231,112,119
E00057774,253,132,121
E00057721,320,158,162
E00057722,391,193,198
E00057731,363,177,186
E00057771,256,139,117
E00057773,279,143,136
E00057705,378,207,171
E00057706,278,123,155
E00057707,278,141,137
E00057708,339,174,165
E00057709,358,186,172
E00057710,333,171,162
E00057711,329,172,157
E00057712,500,253,247
E00187060,462,234,228
E00187109,204,113,91
E00187125,388,195,193
E00187141,462,225,237
E00057720,282,158,124
E00057763,322,175,147
E00057766,303,149,154
E00057767,266,132,134
E00057770,300,161,139
E00057772,275,155,120
E00057725,287,146,141
E00057728,337,175,162
E00057729,296,155,141
E00057769,344,187,157
E00057775,299,150,149
E00057714,295,150,145
E00057744,330,165,165
E00057747,288,146,142
E00057748,306,164,142
E00057755,319,181,138
E00057718,359,180,179
E00057758,357,183,174
E00057764,363,175,188
E00057765,312,158,154
E00057768,335,157,178
E00057717,291,161,130
E00057746,277,146,131
E00057752,289,143,146
E00057757,237,134,103
E00057760,246,133,113
E00057762,347,181,166
E00057719,311,161,150
E00057754,296,147,149
E00057756,244,130,114
E00057761,279,134,145
E00169576,198,104,94
E00169578,233,119,114
E00169595,252,123,129
E00059062,229,116,113
E00059064,373,183,190
E00059094,296,149,147
E00059096,317,158,159
E00187082,303,170,133
E00187092,431,214,217
E00059054,428,220,208
E00059058,286,160,126
E00059059,299,153,146
E00059060,300,156,144
E00059095,275,143,132
E00059055,290,143,147
E00059057,488,255,233
E00059061,205,104,101
E00059063,327,164,163
E00059065,312,168,144
E00059056,273,144,129
E00059066,281,147,134
E00059069,277,146,131
E00059071,317,170,147
E00187056,264,138,126
E00187068,181,99,82
E00187101,379,203,176
E00059049,285,151,134
E00059067,232,110,122
E00059075,251,124,127
E00059077,177,90,87
E00059078,241,112,129
E00059080,322,179,143
E00056950,288,152,136
E00056951,264,129,135
E00056952,248,132,116
E00056953,258,133,125
E00056957,262,140,122
E00056958,306,145,161
E00056948,353,180,173
E00056949,174,99,75
E00056961,335,174,161
E00056962,507,258,249
E00056972,154,82,72
E00056973,202,101,101
E00056946,352,169,183
E00056947,337,174,163
E00056954,277,143,134
E00056955,288,148,140
E00056956,249,119,130
E00056971,229,125,104
E00056974,317,165,152
E00056975,369,189,180
E00056976,423,217,206
E00056978,289,145,144
E00057981,246,122,124
E00057991,257,138,119
E00057995,232,125,107
E00057996,267,128,139
E00058041,435,215,220
E00169590,302,155,147
E00169592,267,135,132
E00169593,233,131,102
E00058889,223,120,103
E00058906,264,127,137
E00058909,171,87,84
E00058913,141,81,60
E00058956,171,98,73
E00058959,309,163,146
E00058960,242,127,115
E00058887,369,203,166
E00058904,367,185,182
E00058912,335,150,185
E00058955,281,158,123
E00058958,257,135,122
E00058890,202,111,91
E00058907,422,215,207
E00058918,197,105,92
E00058920,135,76,59
E00058922,190,96,94
E00058926,355,162,193
E00057976,269,130,139
E00057993,249,137,112
E00057998,193,112,81
E00058000,265,142,123
E00058002,297,150,147
E00058040,288,160,128
E00058672,364,191,173
E00058673,320,167,153
E00058693,356,184,172
E00058695,291,150,141
E00058696,281,147,134
E00058698,381,191,190
E00058708,366,185,181
E00058709,326,173,153
E00058710,311,164,147
E00058700,278,144,134
E00058701,388,191,197
E00058703,411,210,201
E00058705,142,60,82
E00058711,290,146,144
E00057860,334,175,159
E00057861,272,144,128
E00057862,349,178,171
E00057865,285,150,135
E00057866,359,194,165
E00057839,304,156,148
E00057863,250,116,134
E00057867,337,181,156
E00057869,327,167,160
E00057875,409,221,188
E00058903,271,123,148
E00058939,181,84,97
E00058949,285,148,137
E00058952,287,142,145
E00058953,252,135,117
E00058954,266,135,131
E00057868,284,147,137
E00057871,285,143,142
E00057872,222,122,100
E00057874,236,117,119
E00165687,338,163,175
E00057834,324,169,155
E00057835,360,210,150
E00057838,326,164,162
E00057864,354,170,184
E00165685,263,127,136
E00165686,282,147,135
E00057195,285,136,149
E00057205,300,151,149
E00057231,318,170,148
E00057236,312,158,154
E00057239,325,151,174
E00057192,260,142,118
E00057227,326,167,159
E00057228,317,151,166
E00057229,270,157,113
E00057230,274,144,130
E00057233,269,143,126
E00057232,451,252,199
E00057234,272,144,128
E00057238,358,182,176
E00057240,187,98,89
E00057247,258,146,112
E00057252,322,158,164
E00057193,297,146,151
E00057197,281,148,133
E00057235,317,163,154
E00057244,454,230,224
E00057249,285,139,146
E00057251,303,144,159
E00058748,281,154,127
E00058775,275,153,122
E00058776,357,194,163
E00058777,262,142,120
E00058780,347,185,162
E00058749,333,178,155
E00058750,210,107,103
E00058773,251,123,128
E00058774,207,105,102
E00058778,280,151,129
E00058754,307,163,144
E00058757,306,159,147
E00058782,312,173,139
E00058783,284,165,119
E00058790,252,125,127
E00058779,279,138,141
E00058784,360,183,177
E00058785,202,77,125
E00058788,203,97,106
E00058794,389,210,179
E00058795,274,150,124
E00058675,312,174,138
E00058676,349,174,175
E00058697,205,117,88
E00058704,374,191,183
E00058706,280,136,144
E00058671,364,192,172
E00058674,238,106,132
E00058699,425,207,218
E00058702,306,186,120
E00058677,345,188,157
E00058707,369,204,165
E00058712,343,166,177
E00058713,340,177,163
E00058716,405,199,206
E00058714,375,194,181
E00058717,533,264,269
E00058719,499,249,250
E00058720,473,232,241
E00058678,432,214,218
E00058679,610,296,314
E00058715,449,225,224
E00058718,366,188,178
E00057190,276,151,125
E00057194,300,172,128
E00057206,262,137,125
E00057241,383,200,183
E00169587,354,196,158
E00057191,278,138,140
E00057196,269,144,125
E00057242,304,168,136
E00057245,401,208,193
E00057250,240,134,106
E00057200,414,225,189
E00057202,397,201,196
E00057217,426,230,196
E00057218,372,189,183
E00169598,184,74,110
E00169744,266,130,136
E00057634,365,184,181
E00057671,158,85,73
E00057672,287,158,129
E00057675,219,121,98
E00057676,272,148,124
E00058404,346,183,163
E00058405,279,151,128
E00058407,466,244,222
E00058449,422,223,199
E00058450,264,136,128
E00058402,355,186,169
E00058441,357,187,170
E00058442,323,170,153
E00058443,266,143,123
E00058446,296,153,143
E00058403,343,173,170
E00058444,376,186,190
E00058445,328,171,157
E00058447,405,195,210
E00058448,249,119,130
E00058389,341,187,154
E00058455,493,265,228
E00058456,262,149,113
E00058459,231,114,117
E00058462,284,154,130
E00058388,301,152,149
E00058452,524,261,263
E00058457,359,197,162
E00058458,534,271,263
E00058461,248,130,118
E00057565,299,171,128
E00057619,253,126,127
E00057621,392,187,205
E00057623,315,169,146
E00057627,267,151,116
E00057566,365,182,183
E00057620,369,196,173
E00057622,278,145,133
E00057624,233,121,112
E00057625,307,169,138
E00058751,168,87,81
E00058752,281,151,130
E00058753,376,212,164
E00058756,479,242,237
E00058781,403,232,171
E00058755,481,257,224
E00058786,464,236,228
E00058787,337,183,154
E00058789,304,163,141
E00058793,240,132,108
E00058741,167,90,77
E00058743,386,203,183
E00058759,304,159,145
E00058760,221,84,137
E00058799,291,156,135
E00059048,269,143,126
E00059050,362,207,155
E00059073,291,167,124
E00059076,303,166,137
E00059083,339,168,171
E00059052,273,141,132
E00059074,431,218,213
E00059082,438,216,222
E00059087,312,157,155
E00059089,337,175,162
E00059091,322,160,162
E00059051,446,247,199
E00059079,160,88,72
E00059081,362,193,169
E00059084,350,182,168
E00059086,398,210,188
E00059053,264,133,131
E00059085,257,135,122
E00059088,352,176,176
E00059090,393,209,184
E00059092,382,203,179
E00059093,223,109,114
E00057198,433,215,218
E00057207,285,141,144
E00057208,418,209,209
E00057209,300,150,150
E00057212,250,122,128
E00057221,330,157,173
E00057199,347,201,146
E00057216,427,215,212
E00057246,160,47,113
E00057248,300,151,149
E00057253,317,165,152
E00057210,426,225,201
E00057211,350,172,178
E00057213,403,185,218
E00057214,319,179,140
E00057215,398,210,188
E00057220,477,261,216
E00057223,441,229,212
E00057225,606,305,301
E00169620,440,238,202
E00169745,271,130,141
E00057204,437,259,178
E00057222,551,293,258
E00057226,312,177,135
E00169751,253,131,122
E00169752,144,84,60
E00170584,301,148,153
E00170601,436,213,223
E00170603,428,207,221
E00057637,449,205,244
E00057639,486,223,263
E00057679,229,101,128
E00057682,400,227,173
E00057695,260,116,144
E00057638,319,162,157
E00057674,205,99,106
E00057683,226,131,95
E00057691,318,176,142
E00057692,347,178,169
E00057693,265,142,123
E00057642,473,224,249
E00057654,381,204,177
E00057655,343,159,184
E00057663,456,257,199
E00057702,306,137,169
E00057635,313,161,152
E00057684,172,74,98
E00057686,436,187,249
E00057689,426,198,228
E00057690,394,197,197
E00057687,214,91,123
E00057698,336,150,186
E00169606,152,81,71
E00187026,600,275,325
E00057842,241,114,127
E00057843,315,156,159
E00057884,321,147,174
E00057887,484,229,255
E00057895,246,114,132
E00169607,418,204,214
E00057844,311,153,158
E00057847,256,136,120
E00057885,406,189,217
E00057889,380,183,197
E00057893,287,135,152
E00057873,298,143,155
E00057876,383,209,174
E00057881,265,127,138
E00057882,254,120,134
E00057883,257,123,134
E00057840,336,175,161
E00057841,356,169,187
E00057877,233,133,100
E00057878,293,147,146
E00057879,327,156,171
E00057880,216,104,112
E00057076,414,208,206
E00057085,308,154,154
E00057088,361,192,169
E00187024,756,312,444
E00057054,406,202,204
E00057072,199,102,97
E00057074,249,133,116
E00057077,265,133,132
E00057080,277,144,133
E00057086,254,129,125
E00057055,334,180,154
E00057056,344,181,163
E00057078,218,116,102
E00057081,366,209,157
E00057083,222,119,103
E00057059,268,144,124
E00057064,355,194,161
E00057092,535,294,241
E00057099,250,130,120
E00057106,214,123,91
E00057564,323,166,157
E00057578,306,172,134
E00057582,362,181,181
E00057584,383,192,191
E00057585,364,182,182
E00057579,404,203,201
E00057580,404,203,201
E00057592,532,292,240
E00057594,598,301,297
E00057570,595,302,293
E00057587,386,205,181
E00057600,372,177,195
E00169741,341,168,173
E00170600,351,189,162
E00057573,313,162,151
E00057604,289,150,139
E00057606,237,104,133
E00057607,416,186,230
E00169738,313,134,179
E00169755,529,282,247
E00057567,538,266,272
E00057576,246,108,138
E00057577,487,214,273
E00057626,344,168,176
E00057581,343,182,161
E00057583,438,221,217
E00057586,288,150,138
E00187038,507,252,255
E00187057,123,62,61
E00057568,517,237,280
E00057571,389,177,212
E00057595,513,256,257
E00057599,380,195,185
E00057601,342,161,181
E00057590,392,195,197
E00057596,303,148,155
E00057597,551,275,276
E00057598,432,204,228
E00057608,382,181,201
E00058744,461,245,216
E00058761,420,221,199
E00058762,443,246,197
E00058798,375,210,165
E00058791,268,139,129
E00058792,338,178,160
E00058796,295,170,125
E00170270,426,244,182
E00058742,309,155,154
E00058764,298,166,132
E00058768,228,111,117
E00058770,287,150,137
E00058797,267,141,126
E00058745,389,225,164
E00058746,373,216,157
E00058766,421,233,188
E00058769,401,218,183
E00057058,294,155,139
E00057093,268,136,132
E00057094,266,123,143
E00057095,235,128,107
E00057098,232,119,113
E00057057,219,110,109
E00057060,284,144,140
E00057063,253,137,116
E00057100,212,117,95
E00057101,274,139,135
E00057113,251,124,127
E00057073,278,147,131
E00057079,286,151,135
E00057082,268,140,128
E00057087,285,132,153
E00057103,228,125,103
E00057097,307,157,150
E00057108,241,123,118
E00057111,334,176,158
E00057115,252,136,116
E00057117,232,121,111
E00057075,316,157,159
E00057084,202,96,106
E00057089,243,139,104
E00057090,261,140,121
E00057096,326,173,153
E00057062,324,172,152
E00057091,319,168,151
E00057104,319,169,150
E00057107,282,144,138
E00057116,347,185,162
E00057051,455,239,216
E00057052,314,167,147
E00057067,428,229,199
E00057119,264,134,130
E00057123,249,127,122
E00058387,317,159,158
E00058406,269,133,136
E00058451,299,158,141
E00058453,384,184,200
E00058454,369,192,177
E00057591,448,224,224
E00057593,431,207,224
E00169739,506,264,242
E00169740,346,173,173
E00057574,310,157,153
E00057602,431,211,220
E00057603,379,204,175
E00057609,329,165,164
E00057610,285,148,137
E00057575,413,194,219
E00057612,408,194,214
E00057614,351,162,189
E00057615,399,200,199
E00057618,357,162,195
E00057605,357,169,188
E00057611,342,173,169
E00057613,319,144,175
E00057616,420,199,221
E00057617,366,182,184
E00057648,626,384,242
E00057652,461,257,204
E00057653,320,199,121
E00057662,384,240,144
E00057647,309,141,168
E00057649,505,268,237
E00057651,429,226,203
E00057656,116,56,60
E00057659,396,211,185
E00057630,428,242,186
E00057633,259,130,129
E00057658,427,240,187
E00057665,315,176,139
E00057632,319,184,135
E00057661,599,379,220
E00057664,369,210,159
E00057667,196,105,91
E00057668,196,95,101
E00057629,372,181,191
E00057631,280,153,127
E00057666,350,194,156
E00057669,295,159,136
E00057670,181,90,91
E00058803,272,166,106
E00058830,162,96,66
E00058832,374,208,166
E00058833,204,111,93
E00058836,166,85,81
E00058838,290,141,149
E00169742,253,134,119
E00187025,896,510,386
E00058829,196,86,110
E00058843,242,121,121
E00058844,247,131,116
E00058847,243,120,123
E00058850,255,130,125
E00058851,237,138,99
E00058853,267,151,116
E00058861,284,134,150
E00169621,614,312,302
E00169625,278,141,137
E00169626,431,214,217
E00187120,392,192,200
E00187144,180,83,97
E00058864,464,191,273
E00058869,238,108,130
E00058873,205,107,98
E00058874,308,153,155
E00058876,249,120,129
E00169629,320,128,192
E00187051,142,69,73
E00187136,366,164,202
E00058837,310,162,148
E00058840,268,137,131
E00169748,1012,598,414
E00187127,262,122,140
E00187134,436,228,208
E00058810,553,302,251
E00058855,257,129,128
E00058856,484,249,235
E00169747,122,76,46
E00057846,292,149,143
E00057850,250,117,133
E00057852,377,200,177
E00057888,180,99,81
E00057897,317,170,147
E00057898,356,160,196
E00057845,341,165,176
E00057891,459,185,274
E00057892,308,142,166
E00057894,415,180,235
E00057849,475,242,233
E00057854,448,222,226
E00057855,351,168,183
E00057857,280,125,155
E00057896,259,122,137
E00057832,376,159,217
E00057848,270,122,148
E00057851,291,146,145
E00057899,278,145,133
E00057900,266,110,156
E00057901,259,134,125
E00057833,398,182,216
E00057853,214,111,103
E00057856,247,111,136
E00057858,295,131,164
E00057859,471,215,256
E00057489,246,124,122
E00057490,293,164,129
E00057506,248,138,110
E00057507,270,135,135
E00057508,256,133,123
E00057488,224,120,104
E00057503,389,187,202
E00057511,259,122,137
E00057561,252,134,118
E00057562,301,151,150
E00057512,288,153,135
E00057515,217,110,107
E00057517,231,131,100
E00057518,300,157,143
E00057519,212,115,97
E00057523,244,135,109
E00057491,294,146,148
E00057492,301,129,172
E00057493,346,173,173
E00057509,269,139,130
E00057514,232,118,114
E00057505,257,132,125
E00057510,229,114,115
E00057513,228,117,111
E00057563,199,102,97
E00187059,322,162,160
E00187078,423,221,202
E00057497,297,158,139
E00057516,223,124,99
E00057524,275,154,121
E00057525,245,129,116
E00187076,309,166,143
E00187091,118,55,63
E00187105,349,168,181
E00057065,206,111,95
E00057102,249,127,122
E00057105,256,130,126
E00057110,361,197,164
E00057118,265,133,132
E00057069,306,144,162
E00057070,305,154,151
E00057114,275,136,139
E00057121,215,116,99
E00057122,295,160,135
E00057050,257,134,123
E00057066,288,154,134
E00057068,268,136,132
E00057071,241,135,106
E00057112,282,144,138
E00057120,214,110,104
E00057048,449,239,210
E00057049,550,299,251
E00057053,339,169,170
E00057109,395,201,194
E00056851,325,163,162
E00056852,528,272,256
E00056855,274,142,132
E00056904,335,188,147
E00056905,295,161,134
E00056909,423,223,200
E00056856,265,138,127
E00056906,349,191,158
E00056910,240,129,111
E00056911,241,111,130
E00056912,295,154,141
E00056839,507,282,225
E00056840,427,217,210
E00056859,324,176,148
E00056864,317,165,152
E00056861,267,136,131
E00056869,309,165,144
E00165683,369,179,190
E00165684,353,184,169
E00056850,331,177,154
E00056853,327,163,164
E00056854,292,150,142
E00056858,284,117,167
E00056907,281,135,146
E00056908,193,95,98
E00057125,391,225,166
E00057180,495,271,224
E00057181,189,92,97
E00057182,251,128,123
E00057183,162,66,96
E00187044,347,184,163
E00187066,279,162,117
E00057127,319,173,146
E00057151,477,247,230
E00057158,305,158,147
E00057172,443,234,209
E00057186,272,138,134
E00057126,462,250,212
E00057130,415,230,185
E00057131,405,221,184
E00057152,277,127,150
E00057185,319,176,143
E00057135,412,193,219
E00057146,196,103,93
E00057159,337,172,165
E00057162,318,172,146
E00057167,257,143,114
E00057170,371,152,219
E00057136,337,175,162
E00057139,321,160,161
E00165681,351,188,163
E00165682,222,113,109
E00187064,235,121,114
E00187106,359,218,141
E00187129,347,181,166
E00057128,250,139,111
E00057129,245,132,113
E00057142,178,96,82
E00057184,183,81,102
E00057187,375,175,200
E00170586,369,170,199
E00170606,382,190,192
E00057132,291,157,134
E00057144,353,177,176
E00057147,250,144,106
E00057153,279,158,121
E00057160,322,170,152
E00058747,292,142,150
E00058765,276,140,136
E00058767,290,152,138
E00058771,331,175,156
E00058772,235,118,117
E00058399,397,214,183
E00058401,329,166,163
E00058432,226,115,111
E00058437,206,106,100
E00058438,242,125,117
E00058417,301,161,140
E00058419,323,165,158
E00058423,328,163,165
E00058435,285,140,145
E00058436,253,126,127
E00058439,258,122,136
E00058392,344,181,163
E00058393,245,128,117
E00058411,311,165,146
E00058412,317,167,150
E00058463,326,178,148
E00058390,324,166,158
E00058395,377,195,182
E00058413,272,154,118
E00058416,484,242,242
E00058460,194,107,87
E00058394,265,131,134
E00058408,280,136,144
E00058410,253,134,119
E00058420,225,111,114
E00058421,304,162,142
E00058424,254,129,125
E00058881,558,311,247
E00058884,133,69,64
E00058885,392,221,171
E00187050,261,148,113
E00187053,190,98,92
E00187067,274,158,116
E00187110,2321,1393,928
E00187135,212,136,76
E00058812,404,220,184
E00058813,348,170,178
E00058852,256,130,126
E00058862,277,156,121
E00058872,174,89,85
E00058878,238,112,126
E00058811,275,143,132
E00058842,223,118,105
E00058859,168,91,77
E00058866,956,520,436
E00058870,286,153,133
E00169746,736,429,307
E00058814,231,123,108
E00058818,259,135,124
E00187037,170,73,97
E00187113,113,52,61
E00187145,539,254,285
E00057124,399,196,203
E00057138,486,257,229
E00057140,387,191,196
E00057141,376,203,173
E00057177,383,188,195
E00058805,415,221,194
E00058806,451,239,212
E00058807,295,146,149
E00058849,320,161,159
E00058854,381,170,211
E00058808,475,223,252
E00058809,426,208,218
E00058858,297,146,151
E00058867,130,44,86
E00058871,150,68,82
E00058875,146,56,90
E00058865,371,170,201
E00170048,197,95,102
E00170049,271,111,160
E00170433,385,171,214
E00187030,379,194,185
E00058816,388,214,174
E00058877,440,188,252
E00058879,330,169,161
E00058880,389,179,210
E00170332,271,133,138
E00057145,396,187,209
E00057148,263,130,133
E00057149,297,152,145
E00057150,298,131,167
E00057188,328,169,159
E00057189,476,220,256
E00057133,327,187,140
E00057154,357,202,155
E00057155,351,166,185
E00057157,365,210,155
E00057161,254,128,126
E00057165,317,130,187
E00057134,437,234,203
E00057137,357,194,163
E00057163,338,182,156
E00057171,363,178,185
E00057176,301,180,121
E00057156,277,147,130
E00057164,300,151,149
E00057169,273,115,158
E00057173,283,118,165
E00057175,337,128,209
E00057178,350,178,172
E00058400,300,147,153
E00058430,338,177,161
E00058434,308,163,145
E00058440,263,137,126
E00187112,375,183,192
E00187117,266,142,124
E00058391,426,223,203
E00058396,395,204,191
E00058397,406,211,195
E00058409,330,173,157
E00187063,388,184,204
E00187089,223,96,127
E00058398,357,184,173
E00058415,405,211,194
E00058425,222,110,112
E00058427,351,174,177
E00058429,371,176,195
E00058414,270,149,121
E00058422,257,126,131
E00058426,488,249,239
E00058428,361,180,181
E00058433,286,148,138
E00056863,376,210,166
E00056865,275,138,137
E00056866,251,124,127
E00056871,225,123,102
E00056873,336,171,165
E00056843,337,163,174
E00056868,340,186,154
E00056877,252,132,120
E00056887,386,195,191
E00165695,392,205,187
E00056846,406,176,230
E00056879,245,117,128
E00056889,361,153,208
E00165694,376,211,165
E00056841,298,150,148
E00056842,311,156,155
E00056845,320,181,139
E00056862,452,239,213
E00056867,321,164,157
E00056881,225,89,136
E00056888,183,83,100
E00056847,353,180,173
E00056890,286,132,154
E00056893,379,195,184
E00056895,255,124,131
E00056875,252,127,125
E00056878,318,165,153
E00056880,233,119,114
E00056884,313,150,163
E00058471,267,147,120
E00058510,260,145,115
E00058513,265,134,131
E00058514,289,159,130
E00058526,298,144,154
E00058472,356,169,187
E00058473,303,145,158
E00058509,259,124,135
E00058511,319,170,149
E00058516,194,103,91
E00058477,355,174,181
E00058512,316,174,142
E00058515,258,131,127
E00058518,336,164,172
E00058521,267,145,122
E00058474,339,190,149
E00058517,384,199,185
E00058519,230,107,123
E00058522,267,150,117
E00058523,269,142,127
E00058478,413,206,207
E00058520,241,114,127
E00058527,358,181,177
E00058529,268,142,126
E00169749,296,151,145
E00169750,283,154,129
E00057495,332,170,162
E00057520,272,143,129
E00057521,268,145,123
E00057522,286,144,142
E00057528,300,152,148
E00057501,374,179,195
E00057531,298,158,140
E00057534,319,155,164
E00057538,372,181,191
E00057553,276,139,137
E00057496,346,186,160
E00057527,279,141,138
E00057535,328,161,167
E00057537,272,137,135
E00057539,260,135,125
E00057498,368,185,183
E00057532,193,98,95
E00057536,257,125,132
E00057545,242,135,107
E00057546,214,118,96
E00057555,257,140,117
E00057500,241,121,120
E00057541,242,129,113
E00057556,240,126,114
E00057558,268,141,127
E00057559,369,183,186
E00058547,296,148,148
E00058556,240,132,108
E00058558,408,194,214
E00058595,275,139,136
E00058596,360,187,173
E00058549,355,194,161
E00058588,326,167,159
E00058589,338,182,156
E00058590,303,177,126
E00058594,317,165,152
E00058554,246,125,121
E00058557,281,153,128
E00058559,306,158,148
E00058598,234,129,105
E00058599,270,139,131
E00058600,329,170,159
E00058555,431,212,219
E00058564,520,278,242
E00058566,296,145,151
E00058573,321,167,154
E00056874,459,235,224
E00056882,439,184,255
E00169753,397,189,208
E00169754,246,126,120
E00169814,193,81,112
E00187032,289,135,154
E00187108,190,79,111
E00056883,390,178,212
E00056891,196,103,93
E00056900,236,96,140
E00056901,250,119,131
E00056902,410,195,215
E00056903,474,245,229
E00056885,321,156,165
E00056886,173,67,106
E00056892,286,146,140
E00056894,429,185,244
E00056898,402,191,211
E00056899,350,150,200
E00056848,305,161,144
E00056849,292,162,130
E00056897,271,135,136
E00170041,735,69,666
E00170043,118,56,62
E00057303,521,245,276
E00057304,274,144,130
E00057305,242,115,127
E00057307,187,96,91
E00057310,340,176,164
E00057313,397,167,230
E00058539,284,147,137
E00058550,491,259,232
E00058551,343,184,159
E00058562,292,166,126
E00058591,235,126,109
E00058541,296,164,132
E00058571,416,228,188
E00165677,425,215,210
E00165678,245,133,112
E00058548,358,196,162
E00058561,273,152,121
E00058592,399,224,175
E00058593,301,165,136
E00058597,411,210,201
E00058544,512,277,235
E00058545,264,141,123
E00058572,537,280,257
E00058575,213,98,115
E00058580,332,170,162
E00057502,302,145,157
E00057533,298,159,139
E00057543,462,238,224
E00057544,314,161,153
E00057550,338,161,177
E00057494,290,134,156
E00057529,286,142,144
E00057530,346,166,180
E00057540,271,137,134
E00057542,309,161,148
E00057547,259,127,132
E00057548,285,159,126
E00057549,280,148,132
E00057552,315,148,167
E00057554,320,169,151
E00057499,285,141,144
E00057551,259,137,122
E00057557,271,131,140
E00057560,290,146,144
E00057413,314,170,144
E00057431,475,245,230
E00057439,247,107,140
E00057443,239,139,100
E00057444,314,179,135
E00057447,298,165,133
E00057412,321,161,160
E00057440,242,118,124
E00057448,318,179,139
E00057450,302,147,155
E00057455,316,172,144
E00057409,331,173,158
E00057434,276,128,148
E00057436,242,128,114
E00057437,290,150,140
E00057442,257,131,126
E00057411,496,251,245
E00057449,269,154,115
E00057453,314,186,128
E00057454,223,112,111
E00057456,214,121,93
E00058540,286,153,133
E00058552,370,188,182
E00058567,357,189,168
E00058568,286,137,149
E00058576,402,188,214
E00058543,259,127,132
E00058574,348,170,178
E00058577,321,168,153
E00058585,300,144,156
E00058586,243,129,114
E00058587,253,131,122
E00058546,439,228,211
E00058578,422,242,180
E00058579,291,160,131
E00058581,348,179,169
E00058583,171,94,77
E00170466,238,117,121
E00187058,151,52,99
E00187143,338,131,207
E00058563,304,161,143
E00058565,294,129,165
E00170044,125,65,60
E00170327,394,200,194
E00187085,309,145,164
E00187095,196,105,91
E00187111,182,82,100
E00187153,264,124,140
E00170271,589,284,305
E00170276,132,63,69
E00170609,183,86,97
E00170612,246,112,134
E00187139,274,126,148
E00187146,193,86,107
E00170329,168,76,92
E00170610,290,126,164
E00187054,153,73,80
E00187055,352,166,186
E00187088,172,90,82
E00187097,342,159,183
E00058485,297,166,131
E00058493,278,148,130
E00058494,194,98,96
E00058525,259,125,134
E00058528,232,114,118
E00187040,380,180,200
E00187070,335,172,163
E00058498,424,214,210
E00058502,305,155,150
E00058503,293,148,145
E00058507,310,161,149
E00058508,262,132,130
E00058464,345,177,168
E00058481,465,233,232
E00058487,306,150,156
E00058499,314,157,157
E00058537,329,168,161
E00058484,285,145,140
E00058486,380,198,182
E00058491,335,180,155
E00058500,334,174,160
E00187045,383,198,185
E00187133,331,171,160
E00058476,305,156,149
E00058479,519,258,261
E00058524,346,193,153
E00058531,349,200,149
E00058532,275,141,134
E00057433,287,147,140
E00057435,256,140,116
E00057438,301,158,143
E00057441,369,181,188
E00057445,286,134,152
E00057408,301,150,151
E00057410,283,141,142
E00057414,287,143,144
E00057432,268,142,126
E00057416,331,172,159
E00057419,526,262,264
E00057446,353,178,175
E00057463,300,158,142
E00057464,262,143,119
E00057417,333,172,161
E00057451,289,152,137
E00057452,260,127,133
E00057458,267,136,131
E00057466,229,109,120
E00057420,295,146,149
E00057461,235,131,104
E00057462,276,142,134
E00057465,310,160,150
E00057467,359,192,167
E00059109,338,194,144
E00059127,209,94,115
E00059176,364,187,177
E00059179,330,185,145
E00059183,275,149,126
E00059110,284,135,149
E00059181,244,105,139
E00059182,328,173,155
E00059184,274,139,135
E00059187,276,154,122
E00059188,294,165,129
E00059123,306,158,148
E00059128,295,153,142
E00059129,413,221,192
E00059131,281,150,131
E00059135,268,139,129
E00059117,278,170,108
E00059118,303,154,149
E00059119,277,145,132
E00059139,339,173,166
E00059140,268,150,118
E00059147,230,108,122
E00058465,291,143,148
E00058482,352,194,158
E00058496,302,159,143
E00058536,257,138,119
E00058538,317,173,144
E00058466,325,169,156
E00058467,288,150,138
E00058469,350,177,173
E00058489,305,153,152
E00058490,356,171,185
E00058488,326,166,160
E00058492,368,192,176
E00058495,317,175,142
E00058504,335,171,164
E00058468,354,176,178
E00058470,374,197,177
E00058501,333,172,161
E00058505,299,149,150
E00058506,303,162,141
E00058475,337,165,172
E00058530,177,97,80
E00058533,302,154,148
E00058534,250,109,141
E00058535,326,172,154
E00059112,323,168,155
E00059113,314,164,150
E00059137,323,183,140
E00059141,321,170,151
E00059185,281,148,133
E00059108,291,148,143
E00059111,336,162,174
E00059177,313,160,153
E00059180,277,137,140
E00059186,331,164,167
E00059157,136,65,71
E00059165,275,146,129
E00059166,284,151,133
E00059168,253,139,114
E00059169,234,120,114
E00059170,203,98,105
E00059171,319,166,153
E00059172,232,97,135
E00059173,204,81,123
E00059174,292,146,146
E00059175,243,133,110
E00059178,310,177,133
E00057300,361,142,219
E00057309,379,170,209
E00057311,119,63,56
E00057315,209,87,122
E00057316,239,118,121
E00170618,267,136,131
E00170623,150,71,79
E00170890,212,109,103
E00059114,247,124,123
E00059126,266,138,128
E00059132,238,127,111
E00059133,207,108,99
E00059136,226,106,120
E00059142,244,130,114
E00059115,266,130,136
E00059124,436,240,196
E00059125,511,253,258
E00059130,450,224,226
E00059134,319,168,151
E00059116,256,148,108
E00059138,264,141,123
E00059144,275,146,129
E00059146,260,130,130
E00059148,247,134,113
E00059151,272,136,136
E00057254,394,196,198
E00057255,446,221,225
E00057274,294,139,155
E00057322,292,136,156
E00057333,360,188,172
E00057256,250,124,126
E00057271,226,107,119
E00057272,387,209,178
E00057326,305,147,158
E00057327,200,103,97
E00057329,298,127,171
E00057267,288,140,148
E00057284,305,148,157
E00057285,371,169,202
E00057287,376,173,203
E00057289,349,192,157
E00057323,396,208,188
E00169792,318,134,184
E00169806,210,114,96
E00170259,231,123,108
E00187027,280,135,145
E00170057,393,184,209
E00187052,182,87,95
E00187071,234,107,127
E00187099,349,140,209
E00170055,276,112,164
E00187079,383,191,192
E00187118,328,148,180
E00187128,167,69,98
E00187132,178,74,104
E00059120,322,161,161
E00059160,268,138,130
E00059161,488,248,240
E00059163,383,187,196
E00059164,207,107,100
E00170443,337,161,176
E00170444,335,171,164
E00170449,202,99,103
E00170450,255,124,131
E00059121,288,151,137
E00059143,250,132,118
E00059149,286,154,132
E00059152,299,136,163
E00059153,280,142,138
E00059122,297,156,141
E00059150,261,119,142
E00059155,233,128,105
E00059156,276,149,127
E00059158,225,115,110
E00059159,246,137,109
E00059106,347,187,160
E00059107,321,157,164
E00059154,241,112,129
E00059167,238,120,118
E00165688,193,99,94
E00165689,159,88,71
E00057269,400,213,187
E00057273,328,166,162
E00057328,304,141,163
E00057330,328,164,164
E00057331,267,145,122
E00187061,236,126,110
E00187072,263,105,158
E00057270,443,234,209
E00057277,203,90,113
E00057292,341,157,184
E00057312,175,84,91
E00057325,204,103,101
E00057332,447,234,213
E00057257,267,160,107
E00057259,225,121,104
E00057275,262,137,125
E00057280,174,72,102
E00057281,321,148,173
E00057283,304,148,156
E00057258,235,113,122
E00057261,222,105,117
E00057276,313,157,156
E00057278,236,114,122
E00057282,246,116,130
E00056997,351,183,168
E00056998,575,287,288
E00057013,273,139,134
E00057014,451,231,220
E00057015,377,170,207
E00057017,369,171,198
E00057020,360,164,196
E00057023,353,176,177
E00057027,493,238,255
E00057029,438,229,209
E00057290,403,181,222
E00057291,357,193,164
E00057293,296,136,160
E00187042,267,130,137
E00187046,428,230,198
E00057264,393,190,203
E00057266,460,214,246
E00057294,290,147,143
E00057296,352,149,203
E00057297,254,116,138
E00057298,341,172,169
E00057480,288,156,132
E00057481,273,146,127
E00057482,266,136,130
E00057484,260,136,124
E00057486,279,136,143
E00057476,283,143,140
E00057477,268,137,131
E00057478,275,138,137
E00057479,189,94,95
E00057483,264,140,124
E00057487,278,142,136
E00057471,253,129,124
E00057472,293,161,132
E00057474,269,136,133
E00057475,282,144,138
E00187036,152,85,67
E00187114,466,243,223
E00187124,270,148,122
E00057415,202,111,91
E00057418,314,147,167
E00057457,226,112,114
E00057459,304,158,146
E00057460,418,237,181
E00057485,590,331,259
E00056963,362,190,172
E00056964,296,155,141
E00056965,319,158,161
E00056966,258,136,122
E00056967,320,158,162
E00056959,167,87,80
E00056960,349,180,169
E00056979,321,173,148
E00056991,421,215,206
E00170564,543,272,271
E00170565,493,251,242
E00170567,412,197,215
E00170568,134,70,64
E00056919,230,124,106
E00056921,381,199,182
E00056928,283,153,130
E00056932,272,137,135
E00187073,241,119,122
E00187121,375,193,182
E00056913,353,170,183
E00056923,285,136,149
E00056930,289,157,132
E00056935,219,107,112
E00056924,322,169,153
E00056925,290,155,135
E00056926,233,127,106
E00056943,346,173,173
E00056945,265,135,130
E00056917,286,149,137
E00056918,306,150,156
E00056922,266,141,125
E00056927,385,203,182
E00056916,181,105,76
E00056934,279,144,135
E00056937,149,80,69
E00056938,289,147,142
E00056940,307,167,140
E00056941,383,191,192
E00056914,285,149,136
E00056915,274,134,140
E00056933,322,180,142
E00056936,294,137,157
E00056942,316,176,140
E00056920,345,179,166
E00056929,292,153,139
E00056931,323,165,158
E00056939,343,180,163
E00056994,326,170,156
E00057022,334,168,166
E00057024,323,165,158
E00057025,290,137,153
E00057026,340,163,177
E00057005,207,109,98
E00057033,227,95,132
E00057034,453,229,224
E00057038,349,202,147
E00057039,260,121,139
E00057043,278,140,138
E00056992,376,201,175
E00057000,263,137,126
E00057030,284,112,172
E00057042,340,189,151
E00057045,287,161,126
E00056995,322,155,167
E00057004,194,105,89
E00057009,378,190,188
E00057032,393,200,193
E00057037,375,188,187
E00057262,336,172,164
E00057265,355,198,157
E00057268,209,104,105
E00057286,226,111,115
E00057288,230,118,112
E00057295,233,121,112
E00057001,387,194,193
E00057016,376,189,187
E00057018,271,148,123
E00057021,297,149,148
E00057035,413,200,213
E00056999,299,157,142
E00057019,344,168,176
E00057028,340,160,180
E00170446,160,67,93
E00170452,279,142,137
E00170596,151,72,79
E00056993,369,189,180
E00057031,323,164,159
E00057036,358,161,197
E00057040,275,139,136
E00057044,278,136,142
E00057002,259,143,116
E00057003,330,168,162
E00057008,251,115,136
E00057041,369,183,186
E00057046,274,139,135
E00057047,305,134,171
E00057006,256,129,127
E00057007,277,140,137
E00057010,233,117,116
E00057011,435,221,214
E00057012,454,244,210
E00057788,344,164,180
E00057793,262,128,134
E00057797,364,197,167
E00057801,300,160,140
E00057803,306,163,143
E00057778,296,144,152
E00057779,360,207,153
E00057794,251,145,106
E00057798,334,171,163
E00057800,249,130,119
E00057802,165,90,75
E00057780,314,176,138
E00057781,260,141,119
E00057783,364,199,165
E00057808,387,237,150
E00057809,214,104,110
E00057782,338,184,154
E00057804,305,169,136
E00057805,308,157,151
E00057806,460,229,231
E00057807,183,103,80
E00058094,300,153,147
E00058095,302,152,150
E00058096,320,149,171
E00058097,241,122,119
E00170436,258,128,130
E00170438,195,95,100
E00170439,410,197,213
E00170441,266,126,140
E00058098,316,157,159
E00058100,280,145,135
E00058102,323,161,162
E00058103,299,135,164
E00058099,319,165,154
E00058101,359,186,173
E00058105,316,166,150
E00058106,273,134,139
E00058080,324,176,148
E00058104,306,156,150
E00058115,589,299,290
E00058117,220,122,98
E00058122,234,123,111
E00057785,365,218,147
E00057786,304,162,142
E00057821,239,116,123
E00057823,311,150,161
E00057824,317,159,158
E00057792,279,144,135
E00057812,242,124,118
E00057813,263,133,130
E00057814,344,187,157
E00057815,291,142,149
E00057784,335,166,169
E00057810,334,192,142
E00057811,350,186,164
E00057817,336,165,171
E00057818,255,117,138
E00057816,315,169,146
E00057819,332,172,160
E00057820,242,121,121
E00057822,341,177,164
E00058043,321,169,152
E00058050,328,177,151
E00058053,305,148,157
E00187041,403,210,193
E00187116,156,75,81
E00058054,256,132,124
E00058058,262,125,137
E00058060,311,159,152
E00058063,264,134,130
E00058064,276,144,132
E00058082,432,212,220
E00058112,354,188,166
E00058114,223,109,114
E00058123,260,137,123
E00058125,279,159,120
E00058078,406,201,205
E00058079,315,163,152
E00058107,340,161,179
E00058109,249,118,131
E00058110,289,152,137
E00058081,316,162,154
E00058108,262,128,134
E00058116,216,123,93
E00058118,289,157,132
E00058119,222,131,91
E00058120,299,147,152
E00058044,299,163,136
E00058048,382,183,199
E00058051,268,147,121
E00058052,220,117,103
E00058055,327,171,156
E00058049,253,134,119
E00058056,273,133,140
E00058057,420,220,200
E00058059,477,241,236
E00058061,282,149,133
E00058073,467,233,234
E00058045,233,126,107
E00058062,343,176,167
E00058066,301,156,145
E00058067,314,159,155
E00170435,423,217,206
E00170598,280,149,131
E00058047,261,145,116
E00058068,282,152,130
E00058072,324,147,177
E00058074,276,137,139
E00058076,307,154,153
E00058077,291,149,142
E00058065,147,83,64
E00058069,305,152,153
E00058070,275,142,133
E00058071,278,143,135
E00058075,360,186,174
E00058605,527,234,293
E00058620,303,150,153
E00058627,185,82,103
E00058639,412,225,187
E00058668,408,208,200
E00058601,314,147,167
E00058607,378,191,187
E00058612,274,143,131
E00058652,441,219,222
E00058664,285,143,142
E00058610,312,159,153
E00058650,259,122,137
E00058651,259,130,129
E00058653,294,153,141
E00058654,276,141,135
E00058602,266,147,119
E00058619,279,157,122
E00058655,205,116,89
E00058665,292,162,130
E00058604,266,136,130
E00058609,363,188,175
E00058613,320,161,159
E00058616,326,179,147
E00058648,293,152,141
E00058666,239,122,117
E00058611,317,167,150
E00058622,240,120,120
E00058625,296,144,152
E00165675,194,104,90
E00165676,313,168,145
E00058603,215,116,99
E00058618,294,159,135
E00058644,247,116,131
E00058657,244,127,117
E00058658,229,122,107
E00058621,240,131,109
E00058624,280,152,128
E00058626,248,127,121
E00058659,284,157,127
E00058660,256,139,117
E00058662,228,121,107
E00058663,275,143,132
E00058667,171,111,60
E00058669,383,202,181
E00058670,290,141,149
E00058606,298,154,144
E00058628,337,173,164
E00058631,221,116,105
E00058636,317,161,156
E00058637,296,152,144
E00057906,269,134,135
E00057926,289,140,149
E00170447,286,143,143
E00170453,278,150,128
E00170455,266,142,124
E00057907,317,157,160
E00057923,351,173,178
E00057924,345,188,157
E00057928,290,152,138
E00165692,307,155,152
E00057909,330,162,168
E00057927,318,156,162
E00057932,354,176,178
E00057934,319,179,140
E00165693,340,158,182
E00057929,327,173,154
E00057939,387,195,192
E00170457,257,158,99
E00170464,418,199,219
E00170615,506,259,247
E00057937,306,155,151
E00170458,164,79,85
E00170460,221,112,109
E00170462,490,236,254
E00170463,306,159,147
E00057911,326,146,180
E00057918,236,117,119
E00057925,309,160,149
E00057940,344,177,167
E00057941,306,152,154
E00058614,332,176,156
E00058623,280,140,140
E00058646,249,135,114
E00058656,261,132,129
E00170459,323,164,159
E00170461,267,129,138
E00170465,306,152,154
E00058632,269,147,122
E00058633,335,164,171
E00058635,275,140,135
E00058640,399,208,191
E00058642,306,154,152
E00058629,272,145,127
E00058630,322,170,152
E00058634,218,106,112
E00058638,270,152,118
E00187115,340,165,175
E00187130,352,178,174
E00187138,110,59,51
E00058608,414,206,208
E00058643,281,148,133
E00058647,262,150,112
E00058649,310,172,138
E00058661,244,131,113
E00057903,346,196,150
E00057908,276,153,123
E00057914,278,133,145
E00057933,260,135,125
E00057942,293,160,133
E00057904,316,166,150
E00057938,515,288,227
E00057943,232,117,115
E00057945,177,88,89
E00057951,494,285,209
E00057913,276,140,136
E00057921,348,173,175
E00057922,220,119,101
E00057936,291,142,149
E00057947,232,128,104
E00057952,245,127,118
E00057916,417,217,200
E00057935,397,197,200
E00057944,312,165,147
E00057946,554,295,259
E00057917,439,226,213
E00057919,377,207,170
E00057920,357,185,172
E00057949,235,127,108
E00057956,321,161,160
E00058175,355,193,162
E00058186,496,251,245
E00058213,294,158,136
E00058224,302,168,134
E00187084,228,119,109
E00187142,341,181,160
E00058212,405,200,205
E00058214,344,174,170
E00058215,327,170,157
E00058217,277,129,148
E00058219,318,165,153
E00058220,442,218,224
E00058188,310,163,147
E00058190,256,124,132
E00058193,301,148,153
E00058194,276,139,137
E00058221,253,132,121
E00058179,298,154,144
E00058183,271,134,137
E00058202,284,148,136
E00058223,339,163,176
E00058177,238,126,112
E00058178,369,194,175
E00058187,306,163,143
E00058218,300,153,147
E00058222,286,151,135
E00170474,223,102,121
E00170475,119,61,58
E00170476,255,134,121
E00056985,313,157,156
E00056986,289,139,150
E00056988,351,201,150
E00056989,305,161,144
E00056990,345,182,163
E00056981,295,158,137
E00056982,314,168,146
E00056983,279,137,142
E00056984,226,128,98
E00056987,378,197,181
E00057425,306,161,145
E00057426,337,178,159
E00057427,405,194,211
E00057428,302,170,132
E00187031,122,67,55
E00187039,257,134,123
E00187150,473,246,227
E00057421,364,178,186
E00057424,252,121,131
E00057469,248,136,112
E00057470,292,149,143
E00057422,296,147,149
E00057423,340,164,176
E00057429,250,128,122
E00057430,309,167,142
E00058083,260,119,141
E00058087,299,140,159
E00058111,411,199,212
E00058113,246,127,119
E00058124,170,78,92
E00058189,228,125,103
E00058192,201,106,95
E00058196,340,169,171
E00058197,201,102,99
E00058201,274,142,132
E00058216,226,121,105
E00187077,324,136,188
E00187102,242,117,125
E00058180,254,132,122
E00058182,299,151,148
E00058195,255,129,126
E00058199,257,124,133
E00058200,294,140,154
E00058181,302,141,161
E00058185,298,159,139
E00058204,235,109,126
E00058208,330,182,148
E00165679,320,161,159
E00165680,510,253,257
E00057905,328,183,145
E00057966,264,136,128
E00057967,222,131,91
E00057968,275,137,138
E00057969,257,134,123
E00057970,231,120,111
E00057950,359,176,183
E00057955,315,161,154
E00057962,303,152,151
E00165690,310,173,137
E00170469,323,163,160
E00170470,159,72,87
E00170570,430,210,220
E00057960,426,216,210
E00170467,338,162,176
E00170887,621,310,311
E00187147,236,125,111
E00057902,387,210,177
E00057957,278,133,145
E00165691,486,237,249
E00187103,452,243,209
E00057959,325,163,162
E00057965,507,254,253
E00187035,337,166,171
E00187107,284,141,143
E00057961,441,238,203
E00057963,330,162,168
E00170471,337,174,163
E00170472,265,139,126
E00170473,360,184,176
E00058086,320,154,166
E00058088,257,127,130
E00058090,365,177,188
E00058121,425,199,226
E00058084,207,117,90
E00058091,454,233,221
E00058092,271,138,133
E00058093,270,141,129
E00187090,503,263,240
E00187100,131,70,61
E00187148,523,272,251
E00058184,272,132,140
E00058205,559,296,263
E00058206,208,100,108
E00058207,393,213,180
E00058209,290,151,139
E00058134,282,155,127
E00058144,326,174,152
E00058146,315,163,152
E00058157,339,171,168
E00058162,245,119,126
E00058132,447,217,230
E00058135,275,137,138
E00058138,321,156,165
E00058210,307,145,162
E00058127,299,156,143
E00058129,296,160,136
E00058148,311,149,162
E00058153,270,144,126
E00058154,331,171,160
E00058159,201,105,96
E00058161,338,182,156
E00058139,269,135,134
E00058152,338,174,164
E00058168,392,211,181
E00058169,306,162,144
E00058174,279,140,139
E00058130,539,259,280
E00058131,307,147,160
E00058136,360,177,183
E00058140,279,142,137
E00058155,273,133,140
E00058137,260,140,120
E00058141,333,171,162
E00058142,350,192,158
E00058147,267,141,126
E00058151,314,167,147
E00058126,288,152,136
E00058128,414,202,212
E00058156,347,174,173
E00058160,313,161,152
E00058163,352,182,170
E00058158,389,202,187
E00058164,353,185,168
E00058165,436,224,212
E00058166,236,112,124
E00058167,237,118,119
E00058133,335,165,170
E00058143,346,170,176
E00058172,419,218,201
E00058173,328,162,166
E00058145,315,157,158
E00058149,276,139,137
E00058150,276,149,127
E00058170,270,123,147
E00058171,243,127,116
E00058905,221,105,116
E00058951,278,140,138
E00169579,281,146,135
E00169581,324,158,166
E00169583,620,288,332
E00169584,238,129,109
E00169586,251,107,144
E00058902,555,280,275
E00058945,357,170,187
E00058948,268,143,125
E00058950,346,175,171
E00058891,201,99,102
E00058892,155,83,72
E00058910,295,154,141
E00058911,318,177,141
E00058919,393,185,208
E00058915,183,103,80
E00058917,300,140,160
E00058921,229,107,122
E00058924,263,133,130
E00058929,267,141,126
E00058930,259,123,136
E00058893,266,140,126
E00058914,311,153,158
E00058923,252,119,133
E00058925,228,117,111
E00058927,189,95,94
E00058928,268,137,131
E00058894,403,201,202
E00058895,202,98,104
E00058896,276,144,132
E00058897,340,155,185
E00058898,345,174,171
E00058931,290,112,178
E00058899,449,223,226
E00058943,216,118,98
E00058947,330,174,156
E00058957,345,173,172
E00169597,535,272,263
E00057643,395,195,200
E00057646,404,184,220
E00057699,267,150,117
E00057703,552,290,262
E00057704,258,139,119
E00057641,303,161,142
E00057657,379,234,145
E00057701,270,134,136
E00187062,498,277,221
E00187083,220,109,111
E00187093,214,98,116
E00057628,313,157,156
E00057650,620,368,252
E00057660,144,60,84
E00169612,466,235,231
E00170582,452,283,169
E00057673,359,174,185
E00169611,254,121,133
E00170581,641,331,310
E00170621,300,166,134
E00058800,255,140,115
E00058821,361,177,184
E00058823,256,150,106
E00058826,304,164,140
E00058828,283,153,130
E00058834,243,134,109
E00058801,320,163,157
E00058802,208,113,95
E00058827,169,71,98
E00058831,182,94,88
E00169617,376,147,229
E00169618,227,129,98
E00057680,268,165,103
E00057681,489,274,215
E00057685,193,84,109
E00057696,273,124,149
E00057697,299,155,144
E00057700,451,247,204
E00169609,1172,638,534
E00169780,263,138,125
E00169810,161,66,95
E00170262,113,47,66
E00187074,301,125,176
E00187152,1311,835,476
E00169783,165,87,78
E00169786,190,83,107
E00169797,155,67,88
E00169813,115,49,66
E00170051,169,74,95
E00187047,926,531,395
E00187119,823,497,326
E00187137,939,542,397
E00169788,376,173,203
E00169789,283,123,160
E00169800,191,78,113
E00169802,150,59,91
E00169803,206,90,116
E00170052,141,63,78
E00169794,240,110,130
E00169817,183,75,108
E00187028,226,90,136
E00187033,221,95,126
E00187034,214,106,108
E00187043,273,127,146
E00187122,154,72,82
E00169796,153,61,92
E00169805,201,83,118
E00169811,324,156,168
E00187029,369,180,189
E00057787,523,276,247
E00057790,200,92,108
E00057826,235,108,127
E00057827,346,183,163
E00187081,338,162,176
E00187094,170,85,85
E00187104,178,85,93
E00057789,275,138,137
E00057791,315,169,146
E00057829,224,109,115
E00057830,234,119,115
E00057831,294,140,154
E00187140,285,144,141
E00187149,406,184,222
E00057776,302,172,130
E00057777,267,140,127
E00057795,314,162,152
E00057796,220,111,109
E00057799,193,92,101
E00170037,254,103,151
E00170040,168,68,100
E00170264,251,109,142
E00170265,321,152,169
E00170267,210,98,112
E00170268,264,122,142
E00170617,215,102,113
E00170620,235,117,118
E00187098,541,260,281
E00187126,113,51,62
E00059202,299,163,136
E00059203,374,200,174
E00059209,356,184,172
E00059211,283,148,135
E00059217,286,139,147
E00059189,340,176,164
E00059214,269,147,122
E00059219,238,125,113
E00059220,288,144,144
E00059222,273,143,130
E00059205,256,133,123
E00059207,312,152,160
E00059210,228,119,109
E00059213,267,130,137
E00059216,314,167,147
E00059218,298,144,154
E00059194,400,215,185
E00059195,376,190,186
E00059199,335,183,152
E00059200,326,151,175
E00059201,311,168,143
E00059196,361,183,178
E00059197,368,194,174
E00059204,374,202,172
E00059206,445,227,218
E00180040,309,143,166
E00180043,140,66,74
E00180069,524,255,269
E00059233,212,106,106
E00059269,231,123,108
E00059270,247,135,112
E00059272,424,218,206
E00059273,262,133,129
E00059276,297,135,162
E00059235,275,136,139
E00059236,290,142,148
E00059239,233,112,121
E00059246,379,199,180
E00059275,250,126,124
E00059244,186,94,92
E00059245,236,125,111
E00059249,271,134,137
E00059250,235,128,107
E00059253,255,130,125
E00059260,202,105,97
E00059289,356,156,200
E00059297,214,109,105
E00059299,209,108,101
E00059301,263,147,116
E00059303,229,114,115
E00059306,249,125,124
E00059290,449,215,234
E00179996,389,199,190
E00180034,484,250,234
E00180120,101,47,54
E00059280,305,148,157
E00059291,261,130,131
E00059300,274,144,130
E00059304,281,132,149
E00180079,119,56,63
E00059190,275,138,137
E00059221,262,129,133
E00059225,280,138,142
E00059226,310,153,157
E00059228,279,135,144
E00059223,255,126,129
E00059224,277,143,134
E00059227,327,171,156
E00059229,289,150,139
E00059230,461,228,233
E00059191,342,184,158
E00059192,346,174,172
E00059198,185,111,74
E00059208,256,136,120
E00059212,286,159,127
E00059215,288,144,144
E00059237,297,148,149
E00059238,366,192,174
E00059242,340,174,166
E00059254,288,147,141
E00059256,349,172,177
E00059234,249,132,117
E00059240,319,163,156
E00059241,290,147,143
E00059243,354,183,171
E00059251,325,160,165
E00059278,342,161,181
E00059281,579,292,287
E00059287,253,128,125
E00059316,370,185,185
E00180007,174,95,79
E00180035,365,183,182
E00180082,286,154,132
E00059293,333,176,157
E00059294,363,208,155
E00059295,171,96,75
E00059296,309,163,146
E00059298,309,165,144
E00059302,528,262,266
E00059279,374,175,199
E00059292,513,267,246
E00059305,282,158,124
E00059308,258,127,131
E00180010,103,46,57
E00180100,474,238,236
E00180116,195,99,96
E00059277,257,134,123
E00059307,295,160,135
E00059309,229,120,109
E00059310,270,143,127
E00059312,202,100,102
E00059315,172,98,74
E00059282,239,124,115
E00059283,252,122,130
E00059284,576,293,283
E00059286,427,216,211
E00059314,254,129,125
E00059231,270,136,134
E00059257,398,200,198
E00059259,296,154,142
E00059262,324,166,158
E00059268,248,128,120
E00059247,308,145,163
E00059248,344,174,170
E00059271,273,130,143
E00059274,369,191,178
E00059232,285,144,141
E00059252,581,297,284
E00059255,352,180,172
E00059261,337,176,161
E00059264,241,123,118
E00059265,513,245,268
E00059267,336,173,163
E00168732,270,132,138
E00059258,211,99,112
E00168731,308,164,144
E00180086,283,141,142
E00180106,191,95,96
E00180121,532,281,251
E00059879,230,114,116
E00059880,287,152,135
E00059884,294,146,148
E00059888,226,113,113
E00180090,302,164,138
E00180094,130,65,65
E00180103,612,315,297
E00059889,257,136,121
E00059892,258,134,124
E00059893,318,156,162
E00059898,313,163,150
E00059906,203,67,136
E00059938,274,151,123
E00059942,262,134,128
E00059944,247,128,119
E00059948,275,145,130
E00059950,238,122,116
E00059939,274,149,125
E00059955,330,164,166
E00059956,265,138,127
E00059959,279,145,134
E00059961,268,136,132
E00059878,307,148,159
E00059881,268,138,130
E00059882,408,217,191
E00059886,209,102,107
E00059913,255,126,129
E00059877,319,156,163
E00059887,279,147,132
E00059895,299,158,141
E00059896,296,151,145
E00180012,607,306,301
E00180021,137,65,72
E00180054,329,160,169
E00180115,134,70,64
E00059876,298,148,150
E00059885,245,124,121
E00059890,307,143,164
E00059891,351,179,172
E00059894,307,155,152
E00059905,294,150,144
E00059908,268,136,132
E00059909,363,195,168
E00180065,200,104,96
E00180123,449,223,226
E00059897,316,171,145
E00059899,226,116,110
E00059900,265,119,146
E00059901,304,149,155
E00059902,258,138,120
E00059969,508,268,240
E00059974,432,221,211
E00059976,589,303,286
E00180019,587,303,284
E00180041,353,189,164
E00180047,101,57,44
E00059941,280,147,133
E00059943,442,245,197
E00059945,294,144,150
E00059952,332,168,164
E00059996,131,66,65
E00059946,307,161,146
E00059947,307,156,151
E00059949,328,180,148
E00059957,182,94,88
E00059960,395,196,199
E00059954,292,159,133
E00059958,181,93,88
E00059962,355,188,167
E00059963,298,162,136
E00059964,432,250,182
E00059916,298,158,140
E00059928,328,172,156
E00059930,287,152,135
E00059931,365,192,173
E00059933,297,146,151
E00059915,286,147,139
E00059917,342,167,175
E00059919,247,139,108
E00059925,298,156,142
E00059926,262,126,136
E00059914,297,149,148
E00059920,282,146,136
E00059921,261,136,125
E00059922,306,156,150
E00059923,262,138,124
E00059918,337,161,176
E00059924,365,196,169
E00059927,227,110,117
E00059929,398,203,195
E00059932,185,101,84
E00059525,301,145,156
E00059543,174,88,86
E00059548,312,163,149
E00059557,236,122,114
E00059565,326,165,161
E00059532,280,155,125
E00059552,330,166,164
E00059553,257,141,116
E00059561,274,132,142
E00059562,249,113,136
E00059521,330,164,166
E00059527,344,182,162
E00059551,235,118,117
E00059555,358,192,166
E00179994,144,68,76
E00180105,336,172,164
E00180110,268,143,125
E00059522,343,176,167
E00059528,256,138,118
E00059529,265,137,128
E00059533,265,129,136
E00059536,281,150,131
E00059526,248,134,114
E00059534,268,134,134
E00059538,283,144,139
E00059564,372,188,184
E00180001,119,59,60
E00180068,493,239,254
E00180071,180,88,92
E00059540,295,155,140
E00059541,226,112,114
E00059542,387,201,186
E00059544,311,163,148
E00059554,308,159,149
E00059531,297,147,150
E00059545,239,123,116
E00059546,309,152,157
E00059556,263,125,138
E00059558,301,145,156
E00059520,223,108,115
E00059547,288,155,133
E00059549,263,129,134
E00059559,281,147,134
E00059560,205,98,107
E00059563,233,110,123
E00059523,281,163,118
E00059524,509,277,232
E00059530,294,153,141
E00059535,276,143,133
E00059537,335,164,171
E00059682,262,135,127
E00059685,290,153,137
E00059721,243,114,129
E00179991,231,121,110
E00180027,353,183,170
E00180076,347,170,177
E00180078,434,216,218
E00059681,275,132,143
E00059726,558,273,285
E00059727,294,147,147
E00059731,329,174,155
E00059677,344,200,144
E00059687,261,142,119
E00059729,260,141,119
E00059730,393,222,171
E00180055,335,173,162
E00180060,338,178,160
E00180098,139,77,62
E00180102,470,230,240
E00059712,356,183,173
E00059714,369,199,170
E00059715,328,162,166
E00059716,339,164,175
E00059718,320,165,155
E00059711,282,140,142
E00059717,384,189,195
E00059719,331,169,162
E00059720,296,161,135
E00179999,395,211,184
E00180023,260,126,134
E00059317,272,138,134
E00059319,485,244,241
E00059320,359,176,183
E00180009,289,150,139
E00180036,206,99,107
E00180045,258,125,133
E00180062,326,159,167
E00180083,360,179,181
E00059567,323,149,174
E00059573,310,168,142
E00059599,445,223,222
E00059601,305,170,135
E00168733,396,184,212
E00168742,322,157,165
E00168749,398,215,183
E00059569,264,125,139
E00059588,313,155,158
E00059590,237,110,127
E00059593,333,171,162
E00059595,329,160,169
E00059566,319,159,160
E00059589,277,138,139
E00059596,258,133,125
E00059602,244,125,119
E00059604,285,153,132
E00059951,420,231,189
E00059953,445,223,222
E00059966,259,138,121
E00059975,197,100,97
E00059978,243,137,106
E00059965,517,263,254
E00059968,270,136,134
E00059970,265,146,119
E00059977,299,152,147
E00180005,399,210,189
E00180006,344,161,183
E00059967,337,169,168
E00059971,271,140,131
E00059973,263,132,131
E00059979,268,133,135
E00059980,247,128,119
E00059984,306,158,148
E00059988,398,208,190
E00059989,322,163,159
E00059992,362,186,176
E00059940,277,150,127
E00059982,264,118,146
E00059983,319,162,157
E00059985,166,94,72
E00059986,225,116,109
E00059990,265,137,128
E00059683,287,144,143
E00059684,321,166,155
E00059723,301,160,141
E00059724,361,203,158
E00179987,249,132,117
E00180111,491,251,240
E00059699,292,124,168
E00059701,450,226,224
E00059707,327,163,164
E00059709,275,133,142
E00059710,347,178,169
E00059686,318,155,163
E00059688,288,138,150
E00059691,108,40,68
E00059692,315,151,164
E00059700,138,63,75
E00059732,185,90,95
E00179995,334,171,163
E00180075,257,131,126
E00059690,319,164,155
E00059696,294,138,156
E00059697,242,117,125
E00059698,290,152,138
E00179985,280,134,146
E00180017,583,281,302
E00180028,187,102,85
E00059702,310,153,157
E00059704,229,111,118
E00059705,339,178,161
E00059706,261,150,111
E00059708,227,111,116
E00059574,525,270,255
E00059575,243,123,120
E00059577,287,153,134
E00059578,279,142,137
E00059581,463,260,203
E00059570,218,112,106
E00059571,303,161,142
E00059572,218,108,110
E00059576,503,248,255
E00059580,314,169,145
E00059603,247,118,129
E00059568,270,131,139
E00059584,289,138,151
E00059619,215,110,105
E00059620,259,132,127
E00059621,208,104,104
E00059622,222,109,113
E00059579,273,130,143
E00059582,319,166,153
E00059583,328,164,164
E00059585,283,147,136
E00059586,248,140,108
E00059587,296,149,147
E00059591,308,158,150
E00059592,288,139,149
E00059598,317,149,168
E00179980,334,149,185
E00180093,143,72,71
E00059597,341,167,174
E00059600,264,123,141
E00059605,291,148,143
E00059606,279,144,135
E00059607,284,146,138
E00059875,231,116,115
E00059903,281,145,136
E00059910,589,302,287
E00168722,275,126,149
E00168723,393,209,184
E00168724,186,99,87
E00180022,199,103,96
E00180070,586,298,288
E00060050,264,119,145
E00060052,359,168,191
E00060059,282,146,136
E00060061,419,170,249
E00060063,399,189,210
E00060064,157,59,98
E00060058,487,232,255
E00060060,562,261,301
E00060065,537,273,264
E00060070,407,202,205
E00060067,339,152,187
E00060074,440,182,258
E00060082,328,143,185
E00060084,253,112,141
E00060073,226,99,127
E00060083,124,40,84
E00060085,468,234,234
E00180057,284,113,171
E00180133,111,40,71
E00059678,308,172,136
E00059679,215,124,91
E00059693,328,167,161
E00059703,327,168,159
E00180073,262,131,131
E00180088,189,101,88
E00180101,156,81,75
E00059734,414,203,211
E00059740,204,111,93
E00059763,364,195,169
E00059764,322,162,160
E00059770,306,160,146
E00059762,449,225,224
E00059765,308,160,148
E00059768,338,197,141
E00059771,316,165,151
E00059772,301,157,144
E00059739,306,158,148
E00059742,259,127,132
E00059744,219,123,96
E00059748,287,154,133
E00059749,309,167,142
E00060121,483,214,269
E00060126,492,248,244
E00060143,227,115,112
E00168743,401,185,216
E00179981,869,91,778
E00180061,395,214,181
E00060106,336,170,166
E00060136,376,175,201
E00060138,320,164,156
E00060139,303,166,137
E00060144,316,136,180
E00060137,293,151,142
E00060140,306,155,151
E00060141,246,117,129
E00060148,535,253,282
E00060152,336,153,183
E00060142,371,188,183
E00060145,388,204,184
E00060146,390,200,190
E00060147,333,166,167
E00060151,347,179,168
E00060096,330,166,164
E00060097,258,135,123
E00060098,238,116,122
E00060099,278,145,133
E00060100,282,147,135
E00060047,203,101,102
E00060049,287,143,144
E00060053,280,148,132
E00060054,253,123,130
E00060055,365,186,179
E00060102,216,104,112
E00060051,227,110,117
E00060056,339,188,151
E00060057,347,186,161
E00060062,420,230,190
E00060101,314,164,150
E00060066,377,200,177
E00060068,321,163,158
E00060069,301,139,162
E00060072,311,146,165
E00060079,318,172,146
E00060071,379,194,185
E00060075,342,155,187
E00060076,261,115,146
E00060077,396,213,183
E00060081,312,169,143
E00059634,306,155,151
E00059635,247,125,122
E00059636,292,154,138
E00059637,301,150,151
E00059638,289,158,131
E00059623,397,212,185
E00059639,290,151,139
E00059640,419,206,213
E00059641,318,161,157
E00059645,261,140,121
E00059642,286,143,143
E00059644,379,185,194
E00059649,369,178,191
E00059650,286,148,138
E00059654,513,262,251
E00059643,386,203,183
E00059646,263,138,125
E00059647,255,124,131
E00059648,303,159,144
E00059651,285,149,136
E00059657,294,142,152
E00059663,262,134,128
E00059664,336,168,168
E00059670,293,150,143
E00059624,318,164,154
E00059625,287,138,149
E00059653,313,165,148
E00059658,267,144,123
E00059660,268,136,132
E00059935,556,279,277
E00059937,339,174,165
E00059981,253,127,126
E00059991,417,214,203
E00059934,441,217,224
E00059936,261,136,125
E00059993,328,167,161
E00059994,350,174,176
E00059995,491,243,248
E00060103,288,148,140
E00060109,210,93,117
E00060119,285,130,155
E00060120,284,151,133
E00060125,337,174,163
E00060127,496,244,252
E00060116,258,137,121
E00060123,273,146,127
E00060128,276,149,127
E00060129,288,140,148
E00060132,402,205,197
E00060111,336,166,170
E00060112,331,159,172
E00060113,376,180,196
E00060114,330,156,174
E00060117,401,204,197
E00060107,273,137,136
E00060110,294,164,130
E00060118,234,124,110
E00060149,349,179,170
E00060150,297,151,146
E00059754,282,151,131
E00059757,273,141,132
E00059758,221,115,106
E00059760,247,131,116
E00180042,401,218,183
E00180089,384,202,182
E00059741,298,159,139
E00059743,260,143,117
E00059745,255,130,125
E00059751,289,139,150
E00059753,246,125,121
E00059737,297,149,148
E00059738,292,143,149
E00059746,288,147,141
E00059747,246,123,123
E00059750,293,148,145
E00059733,281,145,136
E00059752,331,178,153
E00059755,274,141,133
E00059756,296,170,126
E00059759,249,128,121
E00059735,317,168,149
E00059736,297,161,136
E00059766,283,136,147
E00059767,272,138,134
E00059769,298,158,140
E00059375,231,110,121
E00059384,471,236,235
E00059389,349,191,158
E00180077,385,182,203
E00180138,255,134,121
E00059377,268,130,138
E00059412,313,164,149
E00059416,329,160,169
E00059418,289,142,147
E00059419,235,119,116
E00059378,307,170,137
E00059379,285,157,128
E00059380,258,135,123
E00059420,435,221,214
E00059421,296,156,140
E00059610,285,152,133
E00059611,276,151,125
E00059612,285,145,140
E00059617,502,242,260
E00059618,159,80,79
E00059609,306,169,137
E00059613,248,130,118
E00059614,301,157,144
E00059615,329,151,178
E00059616,159,79,80
E00168739,363,176,187
E00168740,331,180,151
E00180072,346,162,184
E00180131,306,154,152
E00180137,308,149,159
E00059414,295,149,146
E00180011,326,170,156
E00180050,337,177,160
E00180127,433,214,219
E00059413,427,214,213
E00059415,333,179,154
E00059417,293,145,148
E00168737,253,134,119
E00059628,296,160,136
E00059629,225,110,115
E00059631,328,172,156
E00059632,253,120,133
E00059633,287,138,149
E00059656,272,125,147
E00059666,355,182,173
E00059667,301,155,146
E00059668,204,129,75
E00059676,257,134,123
E00059655,217,114,103
E00059659,263,137,126
E00059662,346,171,175
E00059671,306,164,142
E00180003,305,140,165
E00180051,123,65,58
E00180117,149,63,86
E00059630,244,130,114
E00059669,273,144,129
E00059672,289,150,139
E00059673,367,191,176
E00059675,314,157,157
E00059626,268,131,137
E00059652,366,185,181
E00059661,224,127,97
E00059665,308,152,156
E00059674,301,153,148
E00060013,336,181,155
E00060017,357,186,171
E00060022,258,135,123
E00060026,363,198,165
E00060029,309,161,148
E00060010,167,89,78
E00060014,245,128,117
E00060018,349,172,177
E00060020,378,182,196
E00060027,240,122,118
E00060034,134,62,72
E00060012,276,150,126
E00060015,283,146,137
E00060016,391,220,171
E00060024,371,190,181
E00060025,399,211,188
E00059997,489,250,239
E00060028,393,212,181
E00060032,410,215,195
E00060038,402,199,203
E00060115,520,268,252
E00060124,309,166,143
E00060130,505,258,247
E00060133,313,158,155
E00180039,455,235,220
E00180139,300,152,148
E00060104,243,117,126
E00060105,275,149,126
E00060131,381,191,190
E00060134,274,152,122
E00060135,250,134,116
E00059386,270,139,131
E00059393,350,184,166
E00059395,295,151,144
E00059400,291,148,143
E00059405,263,133,130
E00059376,224,130,94
E00059392,290,154,136
E00059396,162,79,83
E00059401,280,149,131
E00059402,294,149,145
E00059403,266,131,135
E00059409,327,163,164
E00059381,349,177,172
E00059382,330,182,148
E00059383,345,178,167
E00059387,250,131,119
E00059390,309,157,152
E00180063,350,189,161
E00180124,175,90,85
E00180141,303,141,162
E00059399,232,125,107
E00059404,286,151,135
E00059406,273,138,135
E00059407,394,195,199
E00059410,400,215,185
E00059385,314,151,163
E00059391,319,147,172
E00059398,279,139,140
E00180018,356,175,181
E00180048,278,142,136
E00180080,175,82,93
E00060023,286,143,143
E00060030,280,140,140
E00060031,268,137,131
E00060033,206,110,96
E00060040,342,160,182
E00060001,322,164,158
E00060036,245,118,127
E00060037,266,138,128
E00060043,167,71,96
E00060046,228,127,101
E00060002,316,169,147
E00060003,450,217,233
E00060035,335,160,175
E00060042,257,140,117
E00060044,260,135,125
E00059999,257,122,135
E00060008,221,92,129
E00060009,266,122,144
E00060011,522,247,275
E00060019,409,219,190
E00060039,189,100,89
E00059505,267,131,136
E00059507,265,149,116
E00059508,297,159,138
E00059509,253,139,114
E00059512,319,168,151
E00059514,249,131,118
E00059470,237,120,117
E00059478,317,173,144
E00059479,312,171,141
E00059515,219,116,103
E00059516,281,142,139
E00059469,262,137,125
E00059506,266,148,118
E00059510,264,137,127
E00059511,275,145,130
E00059513,243,121,122
E00059471,363,183,180
E00059474,477,236,241
E00059517,295,150,145
E00059518,268,143,125
E00059519,237,112,125
E00059480,170,85,85
E00059482,189,110,79
E00059485,400,208,192
E00059486,333,181,152
E00059487,230,115,115
E00059489,155,96,59
E00059472,320,156,164
E00059481,378,195,183
E00059488,359,183,176
E00059493,286,142,144
E00059503,265,130,135
E00060000,387,198,189
E00060021,323,155,168
E00060045,283,133,150
E00168727,189,93,96
E00168728,191,85,106
E00168730,128,41,87
E00059998,435,215,220
E00060004,302,133,169
E00060005,295,152,143
E00060006,361,180,181
E00060007,278,131,147
E00060088,304,163,141
E00060091,399,203,196
E00060092,295,150,145
E00060094,381,175,206
E00060095,477,232,245
E00168726,369,180,189
E00168729,357,163,194
E00060048,341,148,193
E00060078,218,110,108
E00060087,259,118,141
E00060089,202,92,110
E00060090,314,129,185
E00060093,445,217,228
E00060223,275,127,148
E00060224,299,140,159
E00060225,281,135,146
E00060226,290,140,150
E00060245,304,145,159
E00059475,408,211,197
E00059476,282,144,138
E00059477,396,198,198
E00059484,461,248,213
E00059490,308,157,151
E00059468,328,170,158
E00059473,239,126,113
E00059491,260,138,122
E00059494,263,140,123
E00059498,266,136,130
E00059492,286,151,135
E00059496,274,145,129
E00059497,335,171,164
E00059499,232,116,116
E00059504,349,190,159
E00059483,362,210,152
E00059495,233,122,111
E00059500,292,140,152
E00059501,295,152,143
E00059502,280,145,135
E00059345,216,115,101
E00059346,398,203,195
E00059348,307,156,151
E00059349,293,148,145
E00180026,292,149,143
E00180132,478,246,232
E00059344,363,187,176
E00059347,269,139,130
E00059350,251,124,127
E00059351,314,156,158
E00059353,270,135,135
E00059365,172,81,91
E00059357,225,113,112
E00059358,264,143,121
E00059359,316,165,151
E00059360,330,158,172
E00059362,289,155,134
E00059354,259,137,122
E00059355,293,147,146
E00059356,385,191,194
E00059361,249,132,117
E00059363,292,156,136
E00060213,264,133,131
E00060214,315,157,158
E00060216,260,142,118
E00060219,284,149,135
E00060238,310,152,158
E00060205,343,184,159
E00060227,310,152,158
E00060228,308,157,151
E00060229,241,136,105
E00060232,277,138,139
E00060230,286,147,139
E00060234,322,163,159
E00060235,321,158,163
E00060236,295,142,153
E00060237,291,154,137
E00060206,316,165,151
E00060231,304,156,148
E00060233,307,157,150
E00060239,331,176,155
E00060240,348,170,178
E00059321,271,149,122
E00059323,355,177,178
E00059324,292,137,155
E00059341,154,84,70
E00059342,413,201,212
E00059343,330,169,161
E00059322,237,119,118
E00059327,293,152,141
E00059329,283,146,137
E00059333,253,136,117
E00059334,267,134,133
E00059325,344,171,173
E00059328,314,153,161
E00059331,251,127,124
E00059335,249,132,117
E00059337,253,133,120
E00059339,201,117,84
E00059340,264,131,133
E00059773,253,145,108
E00059774,338,175,163
E00059775,278,145,133
E00059776,329,169,160
E00059777,208,105,103
E00059778,158,80,78
E00059779,313,160,153
E00059780,384,198,186
E00059816,427,221,206
E00059817,263,136,127
E00059827,285,143,142
E00059332,277,144,133
E00059338,182,94,88
E00059364,148,73,75
E00179993,336,176,160
E00180104,297,163,134
E00180129,297,156,141
E00059336,408,210,198
E00179992,355,179,176
E00180008,319,154,165
E00180030,287,138,149
E00180033,319,168,151
E00060185,268,152,116
E00060187,301,160,141
E00060189,197,98,99
E00060200,316,144,172
E00060201,275,148,127
E00060191,289,151,138
E00060192,266,128,138
E00060193,282,158,124
E00060195,236,116,120
E00060196,318,163,155
E00060186,282,149,133
E00060194,317,157,160
E00060197,343,185,158
E00060198,440,213,227
E00060184,313,163,150
E00060188,366,189,177
E00060199,374,202,172
E00168744,102,53,49
E00168748,470,350,120
E00060154,462,239,223
E00060156,241,128,113
E00060177,330,127,203
E00060179,253,121,132
E00060182,214,113,101
E00180058,468,231,237
E00180128,199,102,97
E00060158,308,149,159
E00060163,380,192,188
E00060164,301,158,143
E00060181,231,121,110
E00060183,436,234,202
E00060157,446,234,212
E00060160,314,158,156
E00060165,358,193,165
E00060170,245,126,119
E00060172,237,129,108
E00060153,262,137,125
E00060175,255,128,127
E00060176,243,122,121
E00060178,265,133,132
E00060180,270,134,136
E00060159,470,238,232
E00060161,283,143,140
E00060162,300,143,157
E00060167,246,123,123
E00060168,319,148,171
E00060166,348,186,162
E00060169,409,197,212
E00060171,328,173,155
E00060173,196,103,93
E00060174,296,168,128
E00060207,305,152,153
E00060208,317,162,155
E00060209,316,155,161
E00060211,393,212,181
E00060215,330,169,161
E00060212,281,136,145
E00060217,300,159,141
E00060220,270,146,124
E00060221,226,108,118
E00060222,276,136,140
E00180015,376,200,176
E00180084,201,103,98
E00180130,188,100,88
E00060202,464,238,226
E00060204,347,170,177
E00168745,465,250,215
E00168746,371,190,181
E00168747,386,196,190
E00060244,295,148,147
E00060250,326,176,150
E00060251,265,137,128
E00060252,216,124,92
E00060253,416,217,199
E00060210,307,154,153
E00060241,299,151,148
E00060242,462,233,229
E00060243,223,112,111
E00060246,281,155,126
E00060247,300,148,152
E00060248,266,137,129
E00060249,260,135,125
E00060254,329,170,159
E00059429,330,178,152
E00059457,428,204,224
E00059459,470,244,226
E00059461,315,162,153
E00180002,606,286,320
E00180014,123,63,60
E00059428,402,206,196
E00059446,403,208,195
E00059448,381,207,174
E00168751,249,130,119
E00059422,355,181,174
E00059423,309,146,163
E00059430,344,166,178
E00059458,258,133,125
E00059460,253,131,122
E00059431,221,112,109
E00059432,284,143,141
E00059434,343,181,162
E00059435,265,140,125
E00059436,350,181,169
E00059366,275,136,139
E00059367,230,116,114
E00059370,476,241,235
E00059372,369,196,173
E00059368,293,153,140
E00059369,276,142,134
E00059371,314,154,160
E00059373,448,217,231
E00059374,304,158,146
E00059462,257,127,130
E00059463,250,127,123
E00059464,305,150,155
E00059465,235,118,117
E00059466,308,150,158
E00059467,396,197,199
E00059424,327,165,162
E00059425,548,289,259
E00059426,363,192,171
E00059427,318,162,156
E00059790,315,164,151
E00059791,279,145,134
E00059793,308,161,147
E00179997,172,89,83
E00180118,499,273,226
E00059819,178,90,88
E00059820,324,160,164
E00059821,342,186,156
E00059824,269,138,131
E00059828,352,180,172
E00059781,256,123,133
E00059789,282,132,150
E00059792,311,151,160
E00059794,245,140,105
E00059826,324,164,160
E00059782,202,103,99
E00059818,344,168,176
E00059822,588,293,295
E00059823,317,161,156
E00059825,343,163,180
E00059437,230,111,119
E00059439,303,164,139
E00059441,302,142,160
E00059442,281,153,128
E00059447,509,259,250
E00059438,499,256,243
E00059445,246,123,123
E00059449,297,155,142
E00059450,352,170,182
E00059451,267,141,126
E00059440,245,116,129
E00059452,259,124,135
E00059453,228,111,117
E00059454,374,192,182
E00059455,175,92,83
E00059456,308,154,154
E00059829,519,269,250
E00059833,289,154,135
E00059835,303,148,155
E00059836,322,166,156
E00059837,232,126,106
E00059830,373,199,174
E00059831,345,171,174
E00059832,333,163,170
E00059834,281,151,130
E00059838,278,153,125
E00059784,213,119,94
E00059785,223,133,90
E00059786,240,125,115
E00059787,275,146,129
E00059802,231,116,115
E00059804,204,100,104
E00059858,260,139,121
E00059859,230,107,123
E00059861,143,69,74
E00059863,200,95,105
E00059866,227,103,124
E00059867,249,111,138
E00059842,253,127,126
E00059852,267,147,120
E00059854,294,149,145
E00059855,296,156,140
E00059856,234,111,123
E00059843,354,179,175
E00059846,323,160,163
E00059860,284,141,143
E00059862,271,132,139
E00059864,230,101,129
E00059783,255,138,117
E00059795,232,111,121
E00059798,361,184,177
E00059799,289,145,144
E00059803,362,183,179
E00059800,239,124,115
E00059801,290,147,143
E00059805,563,281,282
E00059807,259,130,129
E00059812,592,291,301
E00059796,337,173,164
E00059811,581,294,287
E00179979,599,328,271
E00180046,565,303,262
E00180097,103,46,57
E00180122,164,72,92
E00059806,233,118,115
E00059808,452,234,218
E00059809,343,177,166
E00059810,279,132,147
E00059815,285,147,138
E00059839,386,200,186
E00059848,307,168,139
E00059849,264,138,126
E00059850,326,166,160
E00059871,444,227,217
E00059840,302,152,150
E00059844,235,117,118
E00059845,322,167,155
E00059872,536,264,272
E00059873,326,159,167
E00059851,226,121,105
E00059857,361,178,183
E00059865,358,188,170
E00059868,194,92,102
E00168734,280,139,141
E00168735,418,211,207
E00168736,333,163,170
E00059841,336,165,171
E00059847,277,141,136
E00059869,279,143,136
E00059870,334,173,161
E00059874,334,165,169
E00067967,409,215,194
E00067996,285,141,144
E00067998,279,134,145
E00067999,236,114,122
E00068005,510,256,254
E00067965,315,159,156
E00067966,332,174,158
E00067993,315,156,159
E00067995,277,138,139
E00067997,309,162,147
E00067989,322,173,149
E00067990,351,177,174
E00067991,280,146,134
E00067992,262,138,124
E00067994,298,150,148
E00067968,307,165,142
E00067969,290,154,136
E00067970,282,143,139
E00068000,211,110,101
E00068001,316,162,154
E00067973,333,176,157
E00067974,241,133,108
E00068002,274,136,138
E00068003,278,135,143
E00068004,488,248,240
E00067962,281,146,135
E00067972,340,177,163
E00067976,341,176,165
E00067977,312,170,142
E00067978,228,126,102
E00067960,264,140,124
E00067961,280,145,135
E00067971,297,150,147
E00067975,273,146,127
E00067979,267,138,129
E00067963,603,306,297
E00067964,253,142,111
E00067981,314,150,164
E00067982,256,132,124
E00067988,167,94,73
E00067980,211,112,99
E00067983,286,144,142
E00067985,224,102,122
E00067987,229,125,104
E00179845,322,178,144
E00068535,293,158,135
E00068548,215,112,103
E00068550,228,109,119
E00068551,286,142,144
E00179860,291,140,151
E00179881,136,73,63
E00179894,492,260,232
E00068540,532,256,276
E00068545,156,72,84
E00068552,413,200,213
E00068557,391,198,193
E00068541,325,161,164
E00068549,303,153,150
E00068553,312,160,152
E00068554,225,114,111
E00068556,170,92,78
E00068532,275,133,142
E00068534,286,139,147
E00068537,320,170,150
E00068539,412,214,198
E00068546,185,95,90
E00068530,333,167,166
E00068533,254,131,123
E00171212,214,118,96
E00171240,293,146,147
E00171243,217,116,101
E00068538,371,194,177
E00068547,288,149,139
E00068555,180,94,86
E00171239,214,115,99
E00171244,179,100,79
E00171246,150,81,69
E00068543,229,115,114
E00068544,385,197,188
E00068562,160,85,75
E00068563,187,92,95
E00068567,224,117,107
E00068571,277,146,131
E00068316,284,134,150
E00068325,277,143,134
E00068350,310,161,149
E00068351,606,305,301
E00068358,326,162,164
E00068323,291,152,139
E00068324,289,144,145
E00068354,274,138,136
E00068355,284,145,139
E00068357,334,171,163
E00068315,317,153,164
E00068332,338,173,165
E00068352,296,144,152
E00068353,292,146,146
E00068356,262,141,121
E00068558,293,149,144
E00068559,356,189,167
E00068565,162,86,76
E00068566,207,114,93
E00068568,297,152,145
E00068572,221,112,109
E00068272,307,161,146
E00068306,244,128,116
E00068307,330,161,169
E00068308,221,109,112
E00068309,305,152,153
E00068312,218,102,116
E00068274,293,150,143
E00068280,308,162,146
E00068282,347,174,173
E00068310,378,185,193
E00068314,230,102,128
E00068276,278,144,134
E00068278,287,137,150
E00068283,367,186,181
E00068288,290,154,136
E00068290,357,173,184
E00068273,300,140,160
E00068275,294,144,150
E00068281,369,198,171
E00068284,270,158,112
E00068292,289,144,145
E00171213,229,121,108
E00171218,129,90,39
E00171219,367,205,162
E00068193,333,162,171
E00068195,286,153,133
E00068197,348,175,173
E00068199,256,136,120
E00068201,260,121,139
E00068196,349,173,176
E00068198,310,154,156
E00068204,268,133,135
E00068205,272,144,128
E00068230,303,160,143
E00068194,334,171,163
E00068227,367,178,189
E00068228,323,167,156
E00068229,327,165,162
E00068326,372,189,183
E00068327,306,153,153
E00068329,298,157,141
E00068334,297,160,137
E00068359,328,158,170
E00068529,296,150,146
E00068560,177,90,87
E00068561,273,150,123
E00068564,170,101,69
E00068569,261,141,120
E00068570,307,151,156
E00068317,354,187,167
E00068318,390,204,186
E00068319,248,112,136
E00068330,345,171,174
E00068336,267,132,135
E00068322,399,194,205
E00068333,471,256,215
E00068341,463,229,234
E00068344,397,217,180
E00068321,298,145,153
E00068328,308,169,139
E00068331,290,144,146
E00068337,324,168,156
E00068338,324,160,164
E00068320,289,161,128
E00068335,297,152,145
E00068339,265,129,136
E00068340,218,110,108
E00068342,288,153,135
E00068345,255,144,111
E00068343,283,132,151
E00068346,291,146,145
E00068347,218,109,109
E00068348,389,193,196
E00068349,293,141,152
E00068279,437,222,215
E00068293,371,195,176
E00068295,162,82,80
E00068301,274,133,141
E00068302,345,159,186
E00068304,354,173,181
E00068289,266,124,142
E00068291,330,134,196
E00068296,337,163,174
E00068297,191,105,86
E00068299,164,78,86
E00179856,315,147,168
E00179868,200,98,102
E00068298,326,142,184
E00068303,434,214,220
E00171215,297,150,147
E00179854,164,69,95
E00179888,475,201,274
E00179901,360,164,196
E00179907,545,255,290
E00068277,270,148,122
E00068285,416,193,223
E00068286,206,104,102
E00068287,325,168,157
E00068294,272,152,120
E00171216,255,124,131
E00171220,156,78,78
E00068398,326,167,159
E00068399,436,253,183
E00068428,353,177,176
E00068429,301,158,143
E00068433,267,138,129
E00068405,344,181,163
E00068406,258,140,118
E00068407,327,172,155
E00068408,312,156,156
E00068432,277,144,133
E00068413,262,133,129
E00068426,271,136,135
E00068427,284,147,137
E00068431,340,178,162
E00068434,271,130,141
E00068437,255,124,131
E00068404,296,148,148
E00068425,304,159,145
E00068430,325,166,159
E00068438,315,174,141
E00068439,308,161,147
E00068400,289,143,146
E00068402,353,178,175
E00068418,290,155,135
E00068424,591,291,300
E00179852,545,271,274
E00179898,122,66,56
E00179909,474,243,231
E00068629,297,153,144
E00068630,306,167,139
E00068631,310,163,147
E00068632,227,116,111
E00068637,257,138,119
E00068618,234,118,116
E00068622,244,120,124
E00068623,285,140,145
E00068626,284,146,138
E00068627,248,130,118
E00068620,399,207,192
E00068625,295,154,141
E00068633,282,143,139
E00068634,247,133,114
E00068636,288,140,148
E00068616,280,139,141
E00068617,280,145,135
E00068621,353,169,184
E00068624,251,126,125
E00068628,235,125,110
E00068412,319,150,169
E00068435,425,167,258
E00068436,399,164,235
E00068441,375,172,203
E00068442,314,150,164
E00068409,295,142,153
E00068415,299,152,147
E00068419,371,187,184
E00068423,304,147,157
E00068401,301,136,165
E00068403,467,235,232
E00068414,345,154,191
E00171193,122,58,64
E00171197,494,244,250
E00068416,224,94,130
E00068417,319,146,173
E00068420,268,122,146
E00068421,232,107,125
E00068422,249,107,142
E00068440,282,118,164
E00068188,299,147,152
E00068189,267,127,140
E00068207,259,142,117
E00068209,351,181,170
E00068212,356,177,179
E00068200,294,155,139
E00068202,290,156,134
E00068203,327,166,161
E00068206,375,192,183
E00068213,281,140,141
E00068215,362,175,187
E00068218,352,184,168
E00068219,347,178,169
E00068220,299,158,141
E00068190,353,181,172
E00068208,289,158,131
E00068210,318,159,159
E00068211,315,154,161
E00068214,311,163,148
E00068191,299,144,155
E00068192,282,142,140
E00068216,317,152,165
E00068217,348,177,171
E00068223,308,170,138
E00068221,250,141,109
E00068222,343,174,169
E00068224,304,166,138
E00068225,260,134,126
E00068226,280,148,132
E00067942,286,129,157
E00067946,289,146,143
E00067947,230,104,126
E00067950,299,154,145
E00171188,172,88,84
E00171189,378,177,201
E00171190,254,117,137
E00171191,129,63,66
E00171194,256,125,131
E00067948,464,247,217
E00067952,288,144,144
E00067954,358,181,177
E00067957,334,166,168
E00067920,281,131,150
E00067921,255,117,138
E00067922,242,112,130
E00067945,307,163,144
E00067953,336,177,159
E00067955,374,178,196
E00067923,322,158,164
E00067928,298,154,144
E00067930,294,143,151
E00067956,271,144,127
E00067958,302,164,138
E00067959,281,134,147
E00067918,337,155,182
E00067919,342,177,165
E00067926,243,98,145
E00067927,265,104,161
E00067943,238,124,114
E00067949,358,184,174
E00068066,468,211,257
E00068068,283,114,169
E00179849,105,47,58
E00179872,434,203,231
E00179879,291,149,142
E00068065,332,166,166
E00068070,318,148,170
E00179858,152,70,82
E00179871,361,199,162
E00179875,255,99,156
E00179877,186,88,98
E00068619,297,152,145
E00068635,269,133,136
E00068640,328,167,161
E00068641,273,145,128
E00068644,274,149,125
E00068639,285,132,153
E00068646,274,137,137
E00068648,306,156,150
E00171221,474,246,228
E00171226,241,111,130
E00171227,197,100,97
E00171228,396,200,196
E00171233,282,150,132
E00068638,265,128,137
E00068642,296,158,138
E00068647,229,131,98
E00068649,300,163,137
E00068651,288,167,121
E00068654,201,114,87
E00068645,253,132,121
E00068652,307,167,140
E00068653,325,168,157
E00068655,324,170,154
E00068656,372,210,162
E00068460,267,146,121
E00068465,287,137,150
E00068466,281,146,135
E00068470,263,142,121
E00068471,269,152,117
E00068459,256,139,117
E00068462,307,146,161
E00068463,264,132,132
E00068467,190,99,91
E00068475,323,159,164
E00068454,262,149,113
E00068469,266,145,121
E00068478,256,128,128
E00171211,468,248,220
E00171234,295,149,146
E00179880,282,141,141
E00179884,551,285,266
E00179897,208,113,95
E00068448,460,225,235
E00068468,244,120,124
E00068474,311,167,144
E00068476,323,180,143
E00068455,447,225,222
E00068457,242,126,116
E00068458,268,130,138
E00068461,316,164,152
E00171210,278,138,140
E00171245,224,117,107
E00179847,134,63,71
E00179882,624,320,304
E00068055,342,127,215
E00068056,413,195,218
E00068072,386,175,211
E00068073,265,121,144
E00068075,359,134,225
E00068076,422,184,238
E00068057,423,188,235
E00068077,540,264,276
E00068078,424,198,226
E00068079,369,176,193
E00068085,262,118,144
E00068063,473,235,238
E00068082,419,210,209
E00068084,493,245,248
E00068087,408,205,203
E00068089,517,248,269
E00068515,431,213,218
E00068516,528,245,283
E00068517,614,280,334
E00068522,468,236,232
E00068493,493,232,261
E00068518,359,173,186
E00068519,362,183,179
E00068520,552,257,295
E00068525,606,294,312
E00067929,364,189,175
E00067931,260,126,134
E00067932,319,165,154
E00067933,367,187,180
E00171195,293,148,145
E00171196,347,172,175
E00067924,498,253,245
E00067934,333,181,152
E00067935,457,238,219
E00067937,525,280,245
E00068382,354,161,193
E00068383,229,125,104
E00068387,365,187,178
E00068390,375,190,185
E00179857,135,71,64
E00179862,242,115,127
E00179870,319,179,140
E00179899,345,172,173
E00068360,319,171,148
E00068362,316,157,159
E00068388,342,172,170
E00068394,417,217,200
E00068396,297,155,142
E00068058,531,244,287
E00068059,560,274,286
E00068060,515,254,261
E00068090,414,207,207
E00068080,602,305,297
E00068086,462,206,256
E00068088,358,167,191
E00068093,500,252,248
E00068094,260,110,150
E00068061,613,318,295
E00068092,467,245,222
E00068098,451,237,214
E00179900,342,160,182
E00179902,295,156,139
E00068064,580,291,289
E00068097,440,226,214
E00068099,390,186,204
E00068100,413,224,189
E00171198,350,171,179
E00171199,463,226,237
E00068071,296,131,165
E00068083,308,132,176
E00171185,460,236,224
E00171200,222,103,119
E00068062,535,253,282
E00068081,287,114,173
E00068091,258,124,134
E00171186,188,80,108
E00068364,404,210,194
E00068370,305,163,142
E00068372,292,139,153
E00068373,295,161,134
E00068374,353,180,173
E00068443,259,137,122
E00068445,319,165,154
E00068449,239,123,116
E00068451,270,136,134
E00068452,284,134,150
E00068472,204,110,94
E00068477,363,181,182
E00068479,352,184,168
E00068481,306,158,148
E00068483,274,146,128
E00068450,275,153,122
E00068453,317,162,155
E00068482,305,157,148
E00068484,246,136,110
E00068486,185,91,94
E00068444,273,129,144
E00068446,269,139,130
E00068447,274,142,132
E00068480,256,124,132
E00068485,265,140,125
E00067925,348,173,175
E00067936,483,255,228
E00067938,431,207,224
E00067939,466,228,238
E00067940,361,176,185
E00068487,528,240,288
E00068524,619,324,295
E00068526,611,290,321
E00068527,609,286,323
E00068494,562,276,286
E00068495,450,218,232
E00068521,604,267,337
E00068523,403,208,195
E00068528,620,277,343
E00068489,457,234,223
E00068498,461,245,216
E00068500,425,225,200
E00068502,518,260,258
E00068366,452,231,221
E00068368,428,202,226
E00171235,335,162,173
E00171236,374,185,189
E00171241,335,164,171
E00171242,408,196,212
E00068365,301,168,133
E00068367,458,252,206
E00068375,234,127,107
E00068376,396,205,191
E00068377,401,223,178
E00068380,259,134,125
E00068384,399,202,197
E00068385,337,181,156
E00068386,329,170,159
E00068389,378,190,188
E00068369,597,304,293
E00068371,417,207,210
E00068381,340,167,173
E00068393,521,266,255
E00068361,240,131,109
E00068391,422,213,209
E00068392,509,255,254
E00068395,271,143,128
E00068397,273,124,149
E00068118,339,170,169
E00068123,330,173,157
E00068124,367,193,174
E00068126,278,150,128
E00068131,242,126,116
E00068105,366,198,168
E00068106,322,152,170
E00068115,295,153,142
E00068119,284,151,133
E00068121,254,135,119
E00068114,321,174,147
E00068120,360,182,178
E00068122,252,132,120
E00068125,310,167,143
E00068129,304,147,157
E00068111,354,185,169
E00068112,287,145,142
E00068113,343,180,163
E00068116,313,166,147
E00068117,384,189,195
E00068488,559,241,318
E00068496,453,178,275
E00068497,480,244,236
E00068503,397,216,181
E00179883,316,151,165
E00179887,367,166,201
E00068491,492,250,242
E00068501,401,214,187
E00068504,421,211,210
E00068505,447,206,241
E00068506,330,170,160
E00068490,478,247,231
E00068492,423,203,220
E00068508,116,65,51
E00068509,389,197,192
E00068513,340,189,151
E00068507,444,237,207
E00068510,407,201,206
E00068511,357,184,173
E00068512,516,270,246
E00068514,401,213,188
E00068014,263,134,129
E00068015,234,130,104
E00068020,280,141,139
E00068023,303,159,144
E00068024,296,152,144
E00068007,323,147,176
E00068009,295,135,160
E00068022,236,113,123
E00068028,304,166,138
E00068033,209,101,108
E00068036,193,95,98
E00068008,276,145,131
E00068010,302,150,152
E00068018,262,125,137
E00068035,241,113,128
E00068037,314,151,163
E00068041,179,85,94
E00068042,192,102,90
E00068048,502,271,231
E00171224,340,153,187
E00171229,433,204,229
E00068011,287,140,147
E00068038,247,110,137
E00068040,245,112,133
E00171225,252,126,126
E00171230,207,98,109
E00171231,350,178,172
E00068043,332,177,155
E00068044,419,215,204
E00068046,280,147,133
E00068051,435,208,227
E00068053,411,214,197
E00068016,283,135,148
E00068017,309,149,160
E00068021,281,157,124
E00068049,333,164,169
E00068054,402,185,217
E00068019,305,155,150
E00068026,320,178,142
E00068027,330,175,155
E00068030,347,178,169
E00068032,388,186,202
E00068012,332,169,163
E00068045,310,157,153
E00068047,463,223,240
E00068050,293,145,148
E00068052,306,158,148
E00068143,293,158,135
E00068149,295,162,133
E00068151,332,169,163
E00068156,301,154,147
E00068161,299,161,138
E00068152,333,173,160
E00068153,322,153,169
E00068159,288,134,154
E00068162,290,135,155
E00068164,306,152,154
E00068006,306,155,151
E00068025,317,176,141
E00068029,296,123,173
E00068031,346,187,159
E00068034,404,215,189
E00171222,209,92,117
E00171223,263,114,149
E00171232,224,87,137
E00068146,353,195,158
E00068166,464,260,204
E00068171,296,150,146
E00068176,324,169,155
E00068177,356,184,172
E00068145,347,173,174
E00068157,391,205,186
E00068158,543,291,252
E00068163,281,144,137
E00068179,353,170,183
E00068586,438,200,238
E00068587,556,298,258
E00068588,411,207,204
E00068591,450,228,222
E00068584,448,226,222
E00068607,591,300,291
E00068608,428,210,218
E00068611,445,228,217
E00068612,408,212,196
E00068583,415,217,198
E00068585,389,195,194
E00068609,488,242,246
E00068610,453,232,221
E00068614,458,234,224
E00068127,187,91,96
E00068128,414,205,209
E00068130,243,124,119
E00068132,407,195,212
E00068136,376,185,191
E00068102,244,126,118
E00068107,427,210,217
E00068133,209,98,111
E00068134,344,181,163
E00068138,341,178,163
E00068101,299,144,155
E00068103,356,193,163
E00068108,377,207,170
E00068110,282,144,138
E00068135,252,128,124
E00068137,348,184,164
E00068104,432,213,219
E00068109,325,175,150
E00068139,326,178,148
E00068140,378,188,190
E00068141,373,193,180
E00068147,282,163,119
E00068148,338,186,152
E00068170,324,183,141
E00068175,311,157,154
E00068185,269,142,127
E00068142,302,170,132
E00068169,317,158,159
E00068173,287,157,130
E00068180,225,113,112
E00068182,326,164,162
E00068167,300,141,159
E00068172,315,165,150
E00068178,333,173,160
E00068181,309,164,145
E00068184,281,147,134
E00068165,249,127,122
E00068168,288,153,135
E00068174,340,176,164
E00068183,319,153,166
E00068186,258,135,123
E00068187,245,146,99
E00068144,248,123,125
E00068150,322,153,169
E00068154,281,158,123
E00068155,304,165,139
E00068160,307,157,150
E00068590,286,138,148
E00068592,450,237,213
E00068594,485,265,220
E00068613,413,206,207
E00068615,419,217,202
E00068573,439,228,211
E00068593,528,320,208
E00068595,393,207,186
E00068596,434,224,210
E00068597,247,137,110
E00068578,314,168,146
E00068598,386,203,183
E00068599,348,170,178
E00068601,357,185,172
E00068605,384,214,170
E00068574,366,179,187
E00068575,356,166,190
E00068589,257,135,122
E00068600,396,201,195
E00068602,303,148,155
E00068576,355,179,176
E00068577,306,155,151
E00068579,391,210,181
E00068603,297,152,145
E00068604,217,111,106
E00068580,394,197,197
E00068581,306,160,146
E00068606,299,153,146
E00179853,444,212,232
E00179873,233,111,122
E00068232,230,101,129
E00068241,340,159,181
E00068247,349,150,199
E00068248,319,161,158
E00068252,211,111,100
E00068231,381,190,191
E00068249,387,187,200
E00068250,385,206,179
E00068255,367,195,172
E00068253,240,118,122
E00068254,291,154,137
E00068256,143,71,72
E00068257,203,101,102
E00068258,117,64,53
E00068259,350,165,185
E00068235,369,178,191
E00171201,288,149,139
E00171202,325,156,169
E00171208,333,162,171
E00171203,397,194,203
E00171204,348,175,173
E00171205,370,191,179
E00171207,399,199,200
E00171237,268,130,138
E00068239,469,256,213
E00068268,260,129,131
E00171206,247,120,127
E00171238,297,160,137
E00068234,455,228,227
E00068238,273,141,132
E00068266,272,137,135
E00068270,258,144,114
E00068271,228,117,111
E00068242,440,223,217
E00068243,244,121,123
E00068244,554,272,282
E00068245,257,137,120
E00068246,366,200,166
E00068269,217,119,98
E00068236,314,168,146
E00068237,393,196,197
E00068263,283,144,139
E00068265,293,143,150
E00068267,310,166,144
E00068233,501,248,253
E00068260,226,116,110
E00068261,345,179,166
E00068262,197,106,91
E00179891,428,215,213
E00179904,241,120,121
E00068743,548,291,257
E00068744,405,202,203
E00068748,235,116,119
E00068749,299,159,140
E00068753,258,133,125
E00068750,242,129,113
E00068752,267,143,124
E00068754,280,144,136
E00068756,281,155,126
E00068757,258,121,137
E00068763,318,161,157
E00068745,323,162,161
E00068751,339,171,168
E00068755,331,160,171
E00068758,297,147,150
E00068762,367,195,172
E00068764,439,226,213
E00068765,273,152,121
E00068766,402,218,184
E00068768,428,223,205
E00068769,308,161,147
E00069306,401,196,205
E00069308,624,311,313
E00069321,618,309,309
E00069325,391,202,189
E00069304,572,289,283
E00069313,493,232,261
E00069334,372,192,180
E00069300,427,211,216
E00069314,247,137,110
E00069315,271,141,130
E00069322,261,148,113
E00069316,194,95,99
E00069318,324,162,162
E00069326,383,199,184
E00178489,201,103,98
E00178532,181,99,82
E00178566,358,187,171
E00178595,229,110,119
E00178614,293,159,134
E00069317,325,166,159
E00069319,269,139,130
E00069320,280,147,133
E00069323,254,130,124
E00069327,261,141,120
E00068665,372,181,191
E00068668,346,185,161
E00068695,423,233,190
E00068696,377,192,185
E00068697,313,172,141
E00068699,341,175,166
E00068666,378,176,202
E00068667,326,153,173
E00068672,403,210,193
E00068675,445,233,212
E00068678,339,169,170
E00068664,312,147,165
E00068669,273,138,135
E00068670,355,169,186
E00068674,298,153,145
E00068698,355,179,176
E00068700,356,181,175
E00068671,276,133,143
E00068673,274,145,129
E00068676,413,230,183
E00068679,264,136,128
E00068681,316,153,163
E00068685,211,115,96
E00068657,458,238,220
E00068677,255,137,118
E00068680,345,165,180
E00068682,494,257,237
E00068683,373,183,190
E00068658,377,181,196
E00068659,363,185,178
E00068661,592,302,290
E00068686,367,196,171
E00068690,396,196,200
E00068759,241,122,119
E00068760,456,230,226
E00068761,240,121,119
E00169539,480,263,217
E00169541,407,203,204
E00169542,313,158,155
E00169544,404,204,200
E00169548,162,88,74
E00068767,381,199,182
E00068770,390,214,176
E00068772,353,193,160
E00068773,483,244,239
E00068776,263,144,119
E00068777,406,220,186
E00068778,348,191,157
E00068781,346,177,169
E00178508,278,145,133
E00178524,441,225,216
E00178588,351,186,165
E00178589,291,135,156
E00068740,380,188,192
E00068771,408,204,204
E00068775,291,130,161
E00068779,362,194,168
E00068782,316,170,146
E00068739,381,205,176
E00068741,288,149,139
E00068747,512,261,251
E00068780,350,172,178
E00169537,337,173,164
E00169569,363,184,179
E00069309,435,204,231
E00069310,364,187,177
E00069311,525,253,272
E00069312,399,190,209
E00069342,325,159,166
E00069343,487,242,245
E00069303,604,306,298
E00069305,503,261,242
E00069324,265,136,129
E00069332,131,70,61
E00069329,399,206,193
E00069330,322,170,152
E00069335,346,165,181
E00069340,405,205,200
E00069331,413,215,198
E00069336,283,141,142
E00069338,316,158,158
E00069339,363,178,185
E00069341,354,176,178
E00068785,444,213,231
E00068793,615,304,311
E00068799,501,264,237
E00068801,339,180,159
E00068804,288,139,149
E00068794,411,211,200
E00068798,369,187,182
E00068800,363,181,182
E00068806,307,174,133
E00068812,314,169,145
E00069215,429,215,214
E00069236,366,185,181
E00178573,416,208,208
E00178582,247,129,118
E00069307,315,152,163
E00069328,373,196,177
E00069333,395,188,207
E00069337,315,161,154
E00069239,486,243,243
E00169531,301,159,142
E00178474,472,222,250
E00178578,616,310,306
E00069225,353,180,173
E00178542,571,300,271
E00178580,422,207,215
E00178620,290,157,133
E00068789,444,223,221
E00068807,404,224,180
E00068809,489,245,244
E00068810,420,219,201
E00068786,478,235,243
E00068788,503,275,228
E00068805,524,258,266
E00068808,539,272,267
E00068787,413,215,198
E00068790,511,247,264
E00068811,424,222,202
E00068792,285,138,147
E00068795,503,270,233
E00068796,358,174,184
E00178491,415,213,202
E00178612,252,123,129
E00068784,503,235,268
E00068797,506,254,252
E00068802,482,240,242
E00068803,547,288,259
E00068660,297,144,153
E00068662,379,185,194
E00068684,307,158,149
E00068688,349,174,175
E00068689,319,169,150
E00068691,284,150,134
E00069053,371,190,181
E00069073,505,250,255
E00069075,279,141,138
E00069077,295,142,153
E00169469,290,141,149
E00169474,375,196,179
E00069063,279,135,144
E00069064,374,204,170
E00069066,266,140,126
E00069071,247,132,115
E00069074,349,181,168
E00069065,343,178,165
E00069067,223,108,115
E00069068,291,151,140
E00069069,433,215,218
E00069072,559,279,280
E00068663,364,188,176
E00068692,363,186,177
E00068693,350,174,176
E00068694,285,146,139
E00178624,405,205,200
E00169495,205,107,98
E00169497,528,244,284
E00169499,259,112,147
E00178529,164,76,88
E00178551,307,154,153
E00178473,327,148,179
E00178512,123,43,80
E00178602,845,420,425
E00069237,230,117,113
E00069240,262,130,132
E00169516,408,199,209
E00169517,199,112,87
E00169520,484,249,235
E00169525,267,123,144
E00069238,397,213,184
E00069241,294,152,142
E00169475,404,204,200
E00169522,407,206,201
E00169523,370,186,184
E00069218,214,103,111
E00069220,495,248,247
E00069224,271,137,134
E00069233,262,124,138
E00069243,203,92,111
E00069244,227,109,118
E00069221,559,290,269
E00069222,461,229,232
E00069226,440,239,201
E00069230,441,231,210
E00069223,491,231,260
E00069227,492,254,238
E00069242,362,185,177
E00178557,354,182,172
E00178632,310,164,146
E00069228,271,149,122
E00069231,300,175,125
E00069234,237,110,127
E00069235,291,147,144
E00178519,561,248,313
E00178536,266,131,135
E00068914,518,235,283
E00068931,435,219,216
E00068932,433,213,220
E00068933,447,229,218
E00068934,324,140,184
E00068921,553,298,255
E00068922,445,248,197
E00068929,537,279,258
E00068930,607,297,310
E00068935,572,299,273
E00068939,453,235,218
E00068940,392,213,179
E00178487,512,280,232
E00178509,196,102,94
E00178567,465,231,234
E00178607,380,198,182
E00068915,363,180,183
E00068941,553,270,283
E00068942,558,257,301
E00068943,575,263,312
E00178592,243,119,124
E00178604,418,206,212
E00069247,324,166,158
E00069251,406,215,191
E00069279,357,184,173
E00069282,248,122,126
E00069288,370,184,186
E00069281,398,197,201
E00069284,301,158,143
E00069285,389,193,196
E00069289,416,209,207
E00069294,367,189,178
E00069298,335,174,161
E00069299,387,205,182
E00169467,600,290,310
E00069250,249,132,117
E00069257,385,212,173
E00069287,365,179,186
E00069290,345,183,162
E00069291,208,113,95
E00069296,361,187,174
E00069253,346,178,168
E00069255,403,211,192
E00069256,385,198,187
E00069266,361,189,172
E00069295,311,149,162
E00069133,460,211,249
E00069142,542,288,254
E00069147,351,188,163
E00069148,283,128,155
E00178507,374,194,180
E00178587,288,142,146
E00069131,357,186,171
E00069150,355,179,176
E00069153,373,201,172
E00069154,176,92,84
E00069158,354,167,187
E00069456,295,155,140
E00069460,370,190,180
E00069469,380,182,198
E00069470,432,215,217
E00069463,412,231,181
E00069473,376,181,195
E00069474,443,212,231
E00069476,442,224,218
E00069449,293,163,130
E00069450,311,150,161
E00069462,295,145,150
E00069465,381,183,198
E00069475,173,86,87
E00069055,502,252,250
E00069059,443,229,214
E00069076,396,195,201
E00169511,215,97,118
E00169513,283,146,137
E00169519,211,110,101
E00069056,346,192,154
E00069078,302,166,136
E00069079,235,110,125
E00069080,238,118,120
E00069081,230,112,118
E00069082,283,143,140
E00069084,273,132,141
E00069057,410,192,218
E00069058,283,156,127
E00069060,386,177,209
E00069061,315,167,148
E00069083,318,159,159
E00169452,377,174,203
E00169509,305,139,166
E00069085,566,343,223
E00069086,367,184,183
E00069087,319,158,161
E00069088,344,171,173
E00069090,326,155,171
E00169508,475,216,259
E00068917,595,309,286
E00068924,352,175,177
E00068925,241,113,128
E00068936,597,317,280
E00068944,588,295,293
E00068946,281,134,147
E00068918,547,264,283
E00068919,593,287,306
E00068926,551,274,277
E00068945,522,262,260
E00068920,490,238,252
E00068923,512,264,248
E00068927,460,220,240
E00068928,477,237,240
E00068947,593,315,278
E00068966,589,278,311
E00178477,277,135,142
E00178501,387,193,194
E00178534,534,247,287
E00178538,184,95,89
E00178608,293,143,150
E00068972,391,213,178
E00168105,358,175,183
E00168107,139,83,56
E00168108,417,200,217
E00168110,458,224,234
E00169464,503,251,252
E00069352,442,212,230
E00069355,519,265,254
E00069399,475,248,227
E00178533,470,218,252
E00178560,297,130,167
E00069356,454,236,218
E00069358,504,253,251
E00169038,359,198,161
E00169477,387,189,198
E00069351,390,195,195
E00069353,554,275,279
E00069367,311,157,154
E00069370,564,288,276
E00069359,375,185,190
E00069368,393,203,190
E00069373,376,190,186
E00169037,346,171,175
E00169478,375,187,188
E00069350,375,191,184
E00069357,511,259,252
E00069369,324,136,188
E00069371,330,181,149
E00069372,308,159,149
E00069363,543,254,289
E00069374,426,226,200
E00069383,527,250,277
E00178461,423,227,196
E00069394,459,222,237
E00069397,595,299,296
E00178502,301,157,144
E00178510,230,108,122
E00178563,347,181,166
E00178586,531,243,288
E00069349,601,296,305
E00069395,580,316,264
E00069398,467,242,225
E00169485,225,111,114
E00169506,583,298,285
E00068948,594,301,293
E00068969,301,157,144
E00169041,180,91,89
E00169492,437,214,223
E00169494,543,277,266
E00068952,499,252,247
E00068953,453,236,217
E00068959,334,168,166
E00068971,297,150,147
E00068983,366,187,179
E00068957,307,163,144
E00068973,384,187,197
E00068975,331,170,161
E00068976,186,94,92
E00068981,399,208,191
E00068982,242,132,110
E00068962,213,121,92
E00068964,365,184,181
E00068965,377,201,176
E00068967,315,163,152
E00068968,356,178,178
E00178485,362,202,160
E00178568,358,173,185
E00068987,357,177,180
E00068988,308,149,159
E00068990,382,197,185
E00068996,325,165,160
E00068999,249,129,120
E00068984,339,180,159
E00069001,392,204,188
E00069006,381,211,170
E00178460,247,124,123
E00069263,284,149,135
E00069264,341,167,174
E00069270,342,176,166
E00069272,317,147,170
E00069516,453,229,224
E00069532,233,120,113
E00069537,289,149,140
E00069539,276,133,143
E00069544,346,173,173
E00069523,349,181,168
E00069538,291,159,132
E00069542,270,135,135
E00069545,312,151,161
E00069546,292,150,142
E00069515,288,140,148
E00069517,327,166,161
E00069527,297,163,134
E00069528,263,142,121
E00069540,363,184,179
E00069519,368,175,193
E00069529,296,139,157
E00069530,315,157,158
E00069531,323,158,165
E00069533,319,165,154
E00068958,596,315,281
E00068970,391,232,159
E00068974,318,159,159
E00068979,354,184,170
E00068980,284,142,142
E00068954,515,258,257
E00068956,386,198,188
E00068960,254,127,127
E00068977,334,175,159
E00068978,335,178,157
E00069344,349,163,186
E00069348,464,228,236
E00069377,389,195,194
E00069379,378,194,184
E00069388,422,205,217
E00069380,325,162,163
E00069381,498,255,243
E00069385,454,228,226
E00069387,325,156,169
E00069361,381,185,196
E00069362,393,210,183
E00069376,396,200,196
E00069389,408,207,201
E00069408,485,244,241
E00069415,397,204,193
E00069419,408,200,208
E00069423,372,201,171
E00069375,510,248,262
E00069378,565,284,281
E00169040,451,235,216
E00169449,457,218,239
E00069346,495,233,262
E00069365,508,267,241
E00069386,257,129,128
E00069391,343,172,171
E00069345,534,265,269
E00069347,500,262,238
E00069384,321,141,180
E00069390,426,228,198
E00069403,369,177,192
E00069407,471,205,266
E00069442,555,240,315
E00069443,511,259,252
E00069401,431,204,227
E00069402,404,193,211
E00069405,375,175,200
E00069444,455,224,231
E00069446,371,190,181
E00069420,398,190,208
E00069422,473,232,241
E00069445,293,148,145
E00168097,275,134,141
E00168104,376,196,180
E00069489,300,136,164
E00069492,297,126,171
E00069507,426,215,211
E00069510,447,216,231
E00069512,404,184,220
E00069483,561,274,287
E00069490,374,154,220
E00069493,279,134,145
E00069494,374,163,211
E00069495,296,137,159
E00069481,396,181,215
E00069487,339,155,184
E00069506,355,177,178
E00069508,344,166,178
E00069509,223,91,132
E00069511,417,202,215
E00069518,293,147,146
E00069520,418,166,252
E00069521,363,158,205
E00069534,240,115,125
E00069536,405,186,219
E00069513,292,147,145
E00069522,304,170,134
E00069535,332,160,172
E00069541,303,150,153
E00069543,247,119,128
E00069514,331,148,183
E00069524,375,172,203
E00069525,349,154,195
E00069526,280,151,129
E00069503,250,101,149
E00069505,307,145,162
E00169551,257,127,130
E00178623,1121,623,498
E00069482,519,278,241
E00168090,311,189,122
E00168091,416,202,214
E00178516,266,139,127
E00068991,363,184,179
E00068993,339,178,161
E00068995,318,170,148
E00069014,357,180,177
E00069015,325,177,148
E00069003,383,192,191
E00069005,427,215,212
E00069007,346,161,185
E00069008,365,183,182
E00068985,403,208,195
E00069002,381,205,176
E00069004,461,242,219
E00069009,353,171,182
E00069010,394,200,194
E00068986,472,249,223
E00069011,598,307,291
E00069012,326,169,157
E00069013,564,285,279
E00068989,378,195,183
E00068994,393,201,192
E00068997,397,208,189
E00068998,372,179,193
E00068819,405,213,192
E00068831,410,205,205
E00068833,382,186,196
E00068834,407,222,185
E00068821,305,145,160
E00068827,289,150,139
E00068828,483,232,251
E00068829,380,195,185
E00068860,452,232,220
E00068816,520,264,256
E00068850,351,202,149
E00068851,196,104,92
E00068854,312,155,157
E00068859,380,187,193
E00068847,427,238,189
E00068853,359,198,161
E00068857,409,223,186
E00068861,424,210,214
E00068864,496,262,234
E00069414,471,231,240
E00069430,341,172,169
E00069432,469,239,230
E00069436,394,199,195
E00069438,375,174,201
E00069417,475,247,228
E00069434,357,177,180
E00069440,423,211,212
E00069441,444,217,227
E00069418,444,218,226
E00069435,435,205,230
E00069437,479,242,237
E00069439,559,285,274
E00069404,521,257,264
E00069409,416,179,237
E00069410,321,151,170
E00069426,460,215,245
E00069447,524,261,263
E00069424,428,225,203
E00069425,467,223,244
E00069427,385,195,190
E00069428,363,184,179
E00069411,429,197,232
E00069412,560,260,300
E00069413,457,239,218
E00069431,428,184,244
E00069416,493,235,258
E00069421,492,228,264
E00069429,521,264,257
E00069433,512,246,266
E00068817,322,182,140
E00068818,355,184,171
E00068824,425,224,201
E00068825,369,195,174
E00068830,234,104,130
E00068836,359,187,172
E00068837,356,187,169
E00068840,305,160,145
E00068842,195,103,92
E00068844,285,149,136
E00068846,355,192,163
E00068848,178,85,93
E00068849,346,165,181
E00068852,327,166,161
E00068856,484,251,233
E00068858,405,198,207
E00068814,398,223,175
E00068815,432,226,206
E00068822,389,199,190
E00068862,416,213,203
E00068823,272,134,138
E00068826,278,127,151
E00068855,294,163,131
E00068863,343,152,191
E00068865,336,182,154
E00068820,421,205,216
E00068832,301,145,156
E00068835,244,121,123
E00068838,308,160,148
E00068839,275,142,133
E00068813,387,201,186
E00068841,293,152,141
E00068843,319,151,168
E00068845,344,172,172
E00069485,353,161,192
E00069486,299,141,158
E00069498,401,183,218
E00069499,341,165,176
E00069501,216,107,109
E00069502,312,161,151
E00168087,288,136,152
E00178540,380,162,218
E00178552,574,316,258
E00178616,187,92,95
E00069484,432,191,241
E00069496,354,174,180
E00069497,304,142,162
E00069500,366,168,198
E00178564,448,237,211
E00068873,293,141,152
E00068879,372,192,180
E00068880,257,125,132
E00068891,203,120,83
E00068894,262,129,133
E00068895,323,170,153
E00068878,300,147,153
E00068881,309,159,150
E00068882,293,154,139
E00068883,298,157,141
E00068898,375,190,185
E00068899,282,144,138
E00068890,263,138,125
E00068892,301,152,149
E00068893,307,142,165
E00168083,245,116,129
E00169447,201,99,102
E00068874,296,154,142
E00068875,304,149,155
E00068876,255,125,130
E00068877,264,140,124
E00068896,288,158,130
E00068897,352,194,158
E00069181,331,172,159
E00069182,281,136,145
E00069183,321,153,168
E00069185,366,179,187
E00069208,343,178,165
E00069178,248,111,137
E00069205,396,199,197
E00069206,207,102,105
E00069207,265,143,122
E00069209,295,145,150
E00069162,364,170,194
E00069179,370,169,201
E00069210,273,139,134
E00069211,357,187,170
E00069212,274,153,121
E00068702,247,112,135
E00068707,385,193,192
E00068708,389,193,196
E00068709,341,171,170
E00068735,262,144,118
E00068737,251,119,132
E00068701,317,162,155
E00068711,330,170,160
E00068715,271,147,124
E00068716,399,215,184
E00068720,409,216,193
E00069094,360,175,185
E00069097,349,167,182
E00069114,331,157,174
E00069117,343,161,182
E00069120,278,125,153
E00069095,310,168,142
E00069096,298,156,142
E00069115,315,141,174
E00069119,326,173,153
E00178511,442,229,213
E00178626,304,161,143
E00069168,353,177,176
E00069188,293,141,152
E00069189,299,153,146
E00069198,359,182,177
E00069165,525,280,245
E00069166,335,176,159
E00069167,357,194,163
E00069191,232,125,107
E00069169,378,197,181
E00069187,254,121,133
E00069192,360,190,170
E00069196,362,181,181
E00069197,345,172,173
E00069170,349,182,167
E00069172,307,165,142
E00069174,331,163,168
E00069193,299,164,135
E00069199,279,142,137
E00069163,274,131,143
E00069164,323,161,162
E00069180,349,168,181
E00069184,156,95,61
E00069213,195,97,98
E00068705,336,170,166
E00068713,293,155,138
E00068724,283,133,150
E00068725,364,179,185
E00068729,309,147,162
E00068703,245,117,128
E00068717,193,102,91
E00068719,282,141,141
E00068721,256,127,129
E00068723,246,130,116
E00068726,342,185,157
E00068704,244,113,131
E00068718,293,143,150
E00068722,287,145,142
E00068727,324,169,155
E00068728,259,129,130
E00068730,322,188,134
E00068706,317,167,150
E00068731,403,202,201
E00068732,409,206,203
E00068733,224,104,120
E00068734,319,172,147
E00068710,495,228,267
E00068712,420,210,210
E00068714,337,169,168
E00068736,235,122,113
E00068738,305,143,162
E00069017,330,170,160
E00069018,373,196,177
E00069022,380,185,195
E00069040,360,179,181
E00069042,330,165,165
E00069021,374,191,183
E00069030,494,255,239
E00069031,368,190,178
E00069041,349,177,172
E00069092,321,163,158
E00069099,333,175,158
E00069102,430,270,160
E00069105,397,205,192
E00069106,291,155,136
E00069093,351,195,156
E00069103,363,183,180
E00069107,406,212,194
E00069110,372,201,171
E00069104,506,252,254
E00069108,403,218,185
E00069109,393,204,189
E00069111,351,196,155
E00069016,310,156,154
E00069019,312,159,153
E00069020,377,200,177
E00069043,365,171,194
E00069044,309,157,152
E00069026,346,188,158
E00069033,227,113,114
E00069046,311,172,139
E00069049,148,85,63
E00069051,228,122,106
E00069052,297,144,153
E00069023,295,162,133
E00069024,239,135,104
E00069045,248,133,115
E00069047,334,183,151
E00069048,318,168,150
E00069050,297,162,135
E00069027,497,266,231
E00069032,402,220,182
E00069034,331,182,149
E00069036,288,151,137
E00168099,183,94,89
E00168101,194,100,94
E00168102,285,144,141
E00069028,207,113,94
E00069029,300,140,160
E00069035,236,125,111
E00069037,228,113,115
E00069038,294,150,144
E00069039,243,123,120
E00069124,312,158,154
E00069134,368,199,169
E00069151,343,177,166
E00069152,390,199,191
E00069159,299,156,143
E00069451,334,171,163
E00069452,278,136,142
E00069453,372,203,169
E00069467,389,183,206
E00069468,296,150,146
E00069448,440,238,202
E00069471,311,168,143
E00069472,179,85,94
E00069477,372,203,169
E00178531,457,212,245
E00178583,185,77,108
E00069461,341,176,165
E00069464,305,157,148
E00069466,351,200,151
E00069479,304,150,154
E00069480,373,203,170
E00069457,328,168,160
E00069458,418,242,176
E00069459,270,133,137
E00069478,281,143,138
E00165824,268,138,130
E00069146,279,147,132
E00178559,561,284,277
E00178628,293,157,136
E00178630,570,290,280
E00069135,375,205,170
E00069144,390,206,184
E00069145,381,190,191
E00178471,374,210,164
E00069116,382,178,204
E00069121,310,149,161
E00069122,317,153,164
E00168096,587,274,313
E00169043,411,185,226
E00069098,347,182,165
E00069100,383,199,184
E00069118,556,258,298
E00069123,358,182,176
E00178571,284,139,145
E00178579,393,199,194
E00069171,367,183,184
E00069186,332,162,170
E00069190,354,181,173
E00069194,271,142,129
E00069195,313,176,137
E00069173,419,216,203
E00069175,443,213,230
E00069177,417,207,210
E00069200,371,186,185
E00069201,343,175,168
E00069202,359,186,173
E00069204,298,143,155
E00165826,262,143,119
E00165827,356,170,186
E00069246,564,289,275
E00069277,361,193,168
E00069278,339,176,163
E00069280,352,178,174
E00069283,365,185,180
E00069254,370,203,167
E00069258,337,174,163
E00069265,355,171,184
E00069267,211,94,117
E00069268,434,225,209
E00069259,244,124,120
E00069260,271,137,134
E00069269,197,104,93
E00069274,296,143,153
E00169471,365,199,166
E00169472,172,87,85
E00169565,192,85,107
E00069261,345,193,152
E00069271,377,188,189
E00069273,272,146,126
E00069275,248,142,106
E00069276,350,177,173
E00069248,354,188,166
E00069249,401,215,186
E00069286,270,134,136
E00069297,412,214,198
E00165830,366,196,170
E00068885,349,173,176
E00068889,262,135,127
E00169545,251,116,135
E00169550,203,102,101
E00169553,534,265,269
E00178481,318,153,165
E00178506,542,290,252
E00178537,939,509,430
E00178600,134,67,67
E00068866,363,150,213
E00068904,487,256,231
E00068909,270,117,153
E00168093,441,246,195
E00168094,209,111,98
E00068867,424,231,193
E00068870,439,229,210
E00068886,420,220,200
E00068888,304,194,110
E00068910,220,71,149
E00068911,316,88,228
E00169444,385,202,183
E00169564,170,78,92
E00178466,847,430,417
E00068869,345,156,189
E00068884,331,151,180
E00169446,614,347,267
E00169457,287,124,163
E00178635,2495,1369,1126
E00169533,368,174,194
E00178464,253,112,141
E00178465,189,88,101
E00178505,124,66,58
E00178569,254,126,128
E00068903,380,169,211
E00169461,310,180,130
E00169534,163,47,116
E00169536,301,129,172
E00178498,357,167,190
E00178572,102,50,52
E00178575,391,191,200
E00169500,208,113,95
E00169505,374,195,179
E00178488,684,434,250
E00178495,848,464,384
E00178504,437,211,226
E00178528,178,78,100
E00178591,105,47,58
E00169489,241,117,124
E00169530,116,52,64
E00178494,216,102,114
E00178513,251,118,133
E00178545,158,74,84
E00178627,264,150,114
E00169044,336,178,158
E00169048,442,227,215
E00169049,372,187,185
E00169051,322,166,156
E00169559,396,196,200
E00169561,425,218,207
E00169046,401,214,187
E00169052,315,159,156
E00169555,375,192,183
E00169558,498,255,243
E00178476,381,206,175
E00178615,410,208,202
E00069137,328,162,166
E00069138,305,151,154
E00069140,314,171,143
E00169062,336,166,170
E00169556,429,217,212
E00169562,397,209,188
E00069125,371,190,181
E00069136,347,170,177
E00069141,350,177,173
E00169054,395,205,190
E00169055,336,190,146
E00169063,392,188,204
E00169065,308,162,146
E00069127,318,170,148
E00069128,466,242,224
E00069155,406,211,195
E00069156,479,242,237
E00069157,335,181,154
E00069149,176,86,90
E00169057,399,216,183
E00169573,512,272,240
E00178517,211,104,107
E00178570,621,307,314
E00069126,440,216,224
E00169060,505,252,253
E00169450,462,222,240
E00178469,467,235,232
E00178601,180,89,91
E00069551,307,138,169
E00069552,269,151,118
E00069553,289,148,141
E00069554,310,165,145
E00069556,321,159,162
E00069557,251,127,124
E00069558,348,172,176
E00069559,216,106,110
E00187388,1221,205,1016
E00187417,114,55,59
E00069560,252,132,120
E00069561,330,166,164
E00069562,285,156,129
E00069563,297,142,155
E00069564,203,100,103
E00069565,195,95,100
E00069566,420,209,211
E00069567,424,221,203
E00172627,286,139,147
E00172628,1150,62,1088
E00069593,279,140,139
E00069594,302,152,150
E00069595,298,159,139
E00172623,409,179,230
E00172626,173,85,88
E00069578,322,167,155
E00069579,346,179,167
E00069580,413,212,201
E00069581,321,165,156
E00069609,239,125,114
E00069611,277,137,140
E00069614,393,213,180
E00069616,329,169,160
E00069618,259,145,114
E00069654,397,198,199
E00069655,180,87,93
E00069656,315,159,156
E00069657,353,194,159
E00187384,423,198,225
E00187402,218,113,105
E00187463,219,108,111
E00187497,479,253,226
E00187501,223,117,106
E00069617,426,216,210
E00187409,389,201,188
E00187415,103,56,47
E00187499,282,164,118
E00069610,305,161,144
E00069612,241,133,108
E00069613,596,303,293
E00069615,229,115,114
E00069600,302,154,148
E00069603,319,164,155
E00069604,343,170,173
E00069607,367,189,178
E00069601,210,113,97
E00069602,321,173,148
E00172620,209,101,108
E00172621,155,80,75
E00172622,144,77,67
E00187459,496,233,263
E00187510,129,61,68
E00069626,345,176,169
E00069627,319,168,151
E00069628,383,205,178
E00069629,314,164,150
E00069630,320,158,162
E00069631,299,158,141
E00069632,279,140,139
E00069619,313,160,153
E00069620,267,133,134
E00069621,491,246,245
E00069622,278,145,133
E00069623,416,227,189
E00069625,429,227,202
E00187352,180,100,80
E00187363,235,128,107
E00069570,388,207,181
E00069571,232,125,107
E00069575,292,146,146
E00069576,242,125,117
E00069569,476,241,235
E00069572,333,172,161
E00069573,291,150,141
E00069574,414,209,205
E00069577,160,96,64
E00069591,499,240,259
E00069596,369,190,179
E00069597,373,189,184
E00069598,209,101,108
E00069599,265,142,123
E00069633,451,220,231
E00069636,294,153,141
E00069638,385,197,188
E00069639,269,141,128
E00069641,191,97,94
E00069634,598,269,329
E00069635,250,127,123
E00069637,231,112,119
E00069640,267,140,127
E00069547,367,203,164
E00069548,472,240,232
E00069549,197,102,95
E00069550,244,126,118
E00069582,216,113,103
E00069583,287,138,149
E00069584,198,103,95
E00069585,383,200,183
E00069586,259,129,130
E00069587,117,60,57
E00069588,374,186,188
E00069589,323,155,168
E00069590,313,154,159
E00069646,243,122,121
E00069650,266,122,144
E00069653,273,129,144
E00172624,847,361,486
E00172625,195,112,83
E00069643,362,197,165
E00069645,368,187,181
E00069649,224,121,103
E00069651,331,164,167
E00069642,227,126,101
E00069647,211,118,93
E00069652,437,237,200
E00187379,127,68,59
E00187441,162,85,77
E00187504,451,230,221
E00070084,272,139,133
E00070086,272,138,134
E00070089,363,195,168
E00070090,303,151,152
E00070095,435,253,182
E00070060,329,178,151
E00070085,293,143,150
E00070087,280,144,136
E00070088,241,122,119
E00070092,222,115,107
E00070061,308,169,139
E00070067,280,156,124
E00070097,333,176,157
E00070100,302,158,144
E00070102,291,159,132
E00070091,288,155,133
E00070093,298,156,142
E00070094,263,127,136
E00070096,347,179,168
E00070101,302,154,148
E00070014,313,169,144
E00070052,353,176,177
E00070053,253,137,116
E00070054,259,138,121
E00070055,134,68,66
E00070002,294,164,130
E00070017,275,155,120
E00070018,300,158,142
E00070019,299,162,137
E00070025,376,198,178
E00070009,285,143,142
E00070010,410,220,190
E00070011,279,153,126
E00070012,336,178,158
E00070013,238,123,115
E00070015,301,167,134
E00070016,292,159,133
E00070020,314,161,153
E00070024,251,120,131
E00070027,314,166,148
E00070003,231,123,108
E00070004,320,172,148
E00070023,268,140,128
E00070029,233,126,107
E00070031,283,155,128
E00070033,311,163,148
E00070063,312,168,144
E00070065,316,168,148
E00070098,281,147,134
E00070099,325,160,165
E00070103,212,115,97
E00070058,324,171,153
E00070064,302,154,148
E00070066,272,138,134
E00070068,286,145,141
E00070075,175,85,90
E00070078,236,135,101
E00070056,340,183,157
E00070069,203,106,97
E00070070,334,171,163
E00070074,220,118,102
E00070076,261,128,133
E00070079,322,179,143
E00070057,299,151,148
E00070062,326,179,147
E00070071,273,160,113
E00070072,312,155,157
E00070073,298,172,126
E00070059,233,130,103
E00070077,336,196,140
E00070080,367,192,175
E00070081,242,126,116
E00070082,259,148,111
E00070083,317,172,145
E00070006,313,158,155
E00070007,346,176,170
E00070008,276,135,141
E00070045,342,167,175
E00070046,243,125,118
E00070049,255,127,128
E00070050,224,126,98
E00070051,291,169,122
E00173453,199,94,105
E00173454,270,144,126
E00173478,212,108,104
E00070005,380,201,179
E00070035,216,116,100
E00070038,433,235,198
E00070041,424,240,184
E00070048,104,42,62
E00070042,291,152,139
E00070043,360,200,160
E00070044,319,152,167
E00070047,400,201,199
E00070021,301,156,145
E00070022,272,142,130
E00070026,293,151,142
E00070028,258,137,121
E00070034,325,179,146
E00070030,284,140,144
E00070032,229,119,110
E00070036,228,93,135
E00070037,374,193,181
E00070039,237,124,113
E00069897,356,174,182
E00069900,367,194,173
E00069901,235,113,122
E00069904,263,144,119
E00069905,313,168,145
E00069858,309,162,147
E00069896,336,188,148
E00069899,309,159,150
E00069903,227,131,96
E00069906,278,146,132
E00069859,275,156,119
E00069860,372,191,181
E00069861,266,145,121
E00069864,295,155,140
E00069870,222,117,105
E00069902,233,125,108
E00069862,256,144,112
E00069863,273,141,132
E00069865,297,157,140
E00069866,292,157,135
E00069867,272,140,132
E00069873,237,133,104
E00069871,353,172,181
E00069872,258,143,115
E00173450,376,197,179
E00173460,390,183,207
E00173461,367,195,172
E00173523,217,119,98
E00069874,189,88,101
E00069875,238,96,142
E00173462,260,135,125
E00173463,231,129,102
E00173464,272,139,133
E00070497,274,150,124
E00070499,259,138,121
E00070500,298,165,133
E00070502,216,101,115
E00070503,213,113,100
E00070507,257,130,127
E00070498,324,171,153
E00070501,456,240,216
E00070504,307,159,148
E00070506,441,220,221
E00070508,294,158,136
E00070469,331,171,160
E00070470,297,161,136
E00070472,273,144,129
E00070509,308,171,137
E00070510,255,137,118
E00070471,262,139,123
E00070511,259,149,110
E00070512,289,143,146
E00070513,264,137,127
E00070515,305,148,157
E00070473,270,140,130
E00070505,443,240,203
E00070519,310,146,164
E00173486,692,94,598
E00173537,162,90,72
E00069748,313,156,157
E00069761,237,131,106
E00069770,303,150,153
E00069772,354,175,179
E00069776,218,120,98
E00069747,211,112,99
E00069750,206,111,95
E00069769,409,222,187
E00069775,343,184,159
E00069778,353,169,184
E00069782,283,147,136
E00069751,357,199,158
E00069752,298,163,135
E00069754,395,226,169
E00069793,354,173,181
E00069794,187,108,79
E00069743,286,141,145
E00069745,260,151,109
E00069753,230,126,104
E00069755,264,134,130
E00069757,237,125,112
E00069795,338,170,168
E00069744,402,222,180
E00069756,430,234,196
E00069762,263,138,125
E00069763,231,121,110
E00069768,300,156,144
E00069774,373,200,173
E00069759,319,170,149
E00069765,273,144,129
E00069766,314,165,149
E00069773,289,155,134
E00069779,233,121,112
E00069780,251,127,124
E00069749,317,178,139
E00069771,287,142,145
E00069777,301,157,144
E00069781,318,162,156
E00069784,378,184,194
E00069746,428,218,210
E00069758,241,124,117
E00069760,322,157,165
E00069764,255,126,129
E00069767,233,119,114
E00069783,290,127,163
E00069785,294,155,139
E00069787,374,188,186
E00069788,552,258,294
E00069789,345,162,183
E00069786,312,168,144
E00069790,298,147,151
E00069791,349,181,168
E00069792,357,187,170
E00070316,296,146,150
E00070321,228,115,113
E00070355,190,110,80
E00070356,197,99,98
E00070357,262,130,132
E00070358,289,149,140
E00070476,261,125,136
E00070481,282,144,138
E00070484,295,147,148
E00070518,276,158,118
E00187515,236,110,126
E00070474,331,174,157
E00070482,311,154,157
E00070483,258,132,126
E00070488,345,168,177
E00070516,257,127,130
E00070520,267,142,125
E00070475,359,192,167
E00070479,336,174,162
E00070480,225,116,109
E00070489,336,172,164
E00070491,301,163,138
E00070477,309,148,161
E00070485,284,143,141
E00070486,306,139,167
E00070487,258,126,132
E00070492,302,148,154
E00070493,118,30,88
E00069706,386,202,184
E00069713,303,155,148
E00069714,419,226,193
E00069723,413,239,174
E00069735,223,129,94
E00069707,351,201,150
E00069710,410,211,199
E00069711,415,229,186
E00069715,539,293,246
E00069721,384,207,177
E00069722,430,236,194
E00069726,370,202,168
E00069728,353,186,167
E00069731,344,187,157
E00069696,375,185,190
E00069698,486,246,240
E00069701,374,199,175
E00069702,386,217,169
E00069704,412,220,192
E00069695,357,196,161
E00069697,365,185,180
E00069699,370,203,167
E00069700,414,218,196
E00069703,405,218,187
E00069832,321,171,150
E00069834,258,135,123
E00069835,276,130,146
E00173457,333,175,158
E00173458,527,240,287
E00173459,348,169,179
E00069797,288,151,137
E00069833,340,162,178
E00069836,382,200,182
E00069837,269,140,129
E00069839,492,237,255
E00069800,306,157,149
E00069801,314,154,160
E00069802,350,174,176
E00069840,468,254,214
E00069841,307,164,143
E00069848,281,150,131
E00069799,458,232,226
E00069838,390,209,181
E00069846,275,133,142
E00173452,210,106,104
E00173476,253,135,118
E00173477,274,140,134
E00187582,253,128,125
E00187602,386,200,186
E00069804,272,121,151
E00069843,236,117,119
E00069844,267,144,123
E00069845,340,174,166
E00069847,256,120,136
E00069849,281,160,121
E00069694,308,167,141
E00069705,203,102,101
E00069709,272,141,131
E00069717,339,189,150
E00069724,367,200,167
E00069727,330,172,158
E00069708,420,232,188
E00069716,346,170,176
E00069718,321,163,158
E00069719,323,170,153
E00069733,315,161,154
E00069693,392,217,175
E00069712,367,197,170
E00069720,348,188,160
E00069725,346,192,154
E00069730,289,181,108
E00069729,329,177,152
E00069732,334,189,145
E00069734,385,199,186
E00069739,367,180,187
E00069741,362,207,155
E00069736,329,180,149
E00069737,352,179,173
E00069738,342,178,164
E00069740,386,210,176
E00069742,270,155,115
E00069917,303,175,128
E00069918,337,178,159
E00069932,252,139,113
E00069933,236,131,105
E00187568,191,92,99
E00187575,266,132,134
E00187591,623,326,297
E00069934,283,140,143
E00069935,279,146,133
E00069936,257,118,139
E00069937,298,161,137
E00069938,226,106,120
E00069939,215,129,86
E00069907,290,143,147
E00069908,402,214,188
E00069944,338,166,172
E00069945,158,78,80
E00069948,289,145,144
E00069940,357,203,154
E00069941,276,155,121
E00069942,333,182,151
E00069943,267,141,126
E00069946,392,218,174
E00070306,311,150,161
E00070318,330,164,166
E00070319,266,130,136
E00070322,300,151,149
E00070325,273,130,143
E00070360,305,146,159
E00070307,292,151,141
E00070308,276,131,145
E00070320,341,147,194
E00070329,261,114,147
E00070330,182,86,96
E00070333,261,116,145
E00070314,263,124,139
E00070335,310,140,170
E00070336,267,93,174
E00070340,189,74,115
E00070343,480,318,162
E00070348,260,120,140
E00070349,161,75,86
E00070309,322,153,169
E00070311,222,101,121
E00070338,218,111,107
E00070341,363,175,188
E00070350,535,266,269
E00070351,234,124,110
E00070468,309,164,145
E00070490,315,169,146
E00070494,302,160,142
E00070495,299,151,148
E00070496,290,152,138
E00070317,262,130,132
E00070326,303,164,139
E00070327,334,164,170
E00070328,236,119,117
E00070359,257,125,132
E00173485,286,144,142
E00173490,246,130,116
E00173491,200,107,93
E00070312,262,122,140
E00070315,238,109,129
E00070345,186,98,88
E00070347,225,110,115
E00070352,238,128,110
E00070354,280,137,143
E00070310,484,239,245
E00070331,364,175,189
E00070334,265,122,143
E00070337,495,268,227
E00173451,336,167,169
E00070313,237,105,132
E00070339,506,252,254
E00070342,371,200,171
E00070344,368,186,182
E00070346,427,200,227
E00070353,298,145,153
E00069803,415,195,220
E00069805,345,172,173
E00069812,546,268,278
E00069819,415,209,206
E00069825,422,220,202
E00069806,316,155,161
E00069807,496,271,225
E00069810,289,144,145
E00069818,158,79,79
E00069850,325,171,154
E00069851,156,80,76
E00069813,551,278,273
E00069815,290,141,149
E00069821,323,167,156
E00069822,430,222,208
E00069826,356,183,173
E00069811,382,169,213
E00069816,408,190,218
E00069823,401,181,220
E00069829,400,189,211
E00069663,412,205,207
E00069665,477,216,261
E00069685,406,191,215
E00069686,343,177,166
E00069687,337,159,178
E00069664,288,133,155
E00069666,356,181,175
E00069670,274,142,132
E00069688,294,139,155
E00069689,138,54,84
E00069667,331,177,154
E00069668,373,179,194
E00069671,336,160,176
E00069690,294,155,139
E00069692,305,164,141
E00069808,420,217,203
E00069809,354,168,186
E00069817,397,200,197
E00069820,418,206,212
E00069824,361,169,192
E00069814,468,223,245
E00069827,374,197,177
E00069828,136,67,69
E00069830,517,240,277
E00069831,240,108,132
E00070288,378,196,182
E00070290,323,163,160
E00070291,464,224,240
E00070292,385,200,185
E00070295,429,210,219
E00070278,456,221,235
E00070289,168,93,75
E00070293,604,309,295
E00070294,528,260,268
E00070296,414,210,204
E00070274,439,232,207
E00070275,390,198,192
E00070299,447,216,231
E00070301,318,162,156
E00187540,488,235,253
E00187579,181,95,86
E00187594,270,133,137
E00070276,398,192,206
E00070300,458,200,258
E00070302,293,146,147
E00070303,294,163,131
E00070304,292,164,128
E00070305,265,137,128
E00070279,210,115,95
E00070280,340,169,171
E00070282,388,191,197
E00070283,363,174,189
E00070285,294,144,150
E00069914,311,158,153
E00069954,198,111,87
E00069957,220,124,96
E00069959,241,130,111
E00069963,249,123,126
E00069964,291,145,146
E00069912,549,286,263
E00069947,250,138,112
E00069952,215,124,91
E00069956,222,113,109
E00069960,342,181,161
E00069910,325,170,155
E00069949,364,184,180
E00069950,291,147,144
E00069951,301,165,136
E00069953,268,152,116
E00070277,503,254,249
E00070281,244,130,114
E00070284,349,175,174
E00070286,348,176,172
E00070287,338,195,143
E00070298,267,154,113
E00070442,199,101,98
E00070449,334,169,165
E00070454,360,189,171
E00070456,307,174,133
E00173465,202,97,105
E00187569,136,68,68
E00187580,451,227,224
E00070416,386,214,172
E00070417,233,117,116
E00070421,262,141,121
E00070424,339,177,162
E00070427,326,176,150
E00070467,371,188,183
E00070418,268,94,174
E00070419,261,101,160
E00070429,427,232,195
E00070435,277,141,136
E00070441,299,143,156
E00070444,306,145,161
E00070425,457,234,223
E00070426,197,107,90
E00070430,316,168,148
E00070431,301,148,153
E00070438,397,209,188
E00070439,445,230,215
E00069660,271,125,146
E00069672,249,139,110
E00069679,219,99,120
E00069691,278,145,133
E00173555,1723,943,780
E00173556,188,111,77
E00069658,258,122,136
E00069673,519,219,300
E00069675,379,192,187
E00069677,320,173,147
E00173492,482,239,243
E00173498,275,101,174
E00069659,405,215,190
E00069661,445,234,211
E00069674,292,141,151
E00069676,289,130,159
E00187541,331,131,200
E00187555,378,150,228
E00069681,181,99,82
E00069682,437,257,180
E00069684,243,141,102
E00173503,289,150,139
E00173512,621,327,294
E00173530,239,113,126
E00187528,447,272,175
E00187544,315,142,173
E00187572,626,341,285
E00187585,608,294,314
E00070415,409,211,198
E00070420,249,102,147
E00070422,357,173,184
E00070423,207,106,101
E00070436,380,193,187
E00070466,152,81,71
E00070428,149,75,74
E00070434,345,178,167
E00070437,352,185,167
E00070447,291,156,135
E00070450,424,267,157
E00173508,299,158,141
E00173536,580,333,247
E00070445,324,182,142
E00173473,359,179,180
E00173474,208,100,108
E00173515,903,556,347
E00187520,792,427,365
E00070458,257,95,162
E00187536,859,407,452
E00187573,430,240,190
E00070433,275,122,153
E00070440,358,159,199
E00070443,198,78,120
E00070455,311,153,158
E00070459,339,170,169
E00173484,144,58,86
E00173505,154,70,84
E00173516,383,209,174
E00173547,109,48,61
E00187524,384,189,195
E00187603,582,297,285
E00070200,270,138,132
E00070202,254,132,122
E00070203,290,138,152
E00070210,241,122,119
E00070213,331,162,169
E00070216,372,184,188
E00070199,340,182,158
E00070204,304,164,140
E00070205,404,210,194
E00070206,283,140,143
E00070212,356,177,179
E00070196,274,143,131
E00070209,367,187,180
E00070211,278,145,133
E00070214,329,172,157
E00070219,261,133,128
E00070193,268,132,136
E00070201,299,156,143
E00070207,344,176,168
E00070208,232,128,104
E00070215,418,219,199
E00070194,343,178,165
E00070195,350,184,166
E00070197,575,286,289
E00070217,211,110,101
E00070218,321,165,156
E00070235,142,44,98
E00069909,282,135,147
E00069911,297,164,133
E00069919,271,139,132
E00069955,324,166,158
E00069961,265,131,134
E00069913,326,174,152
E00069920,136,75,61
E00069921,454,268,186
E00069925,263,139,124
E00069958,184,94,90
E00069962,333,178,155
E00069916,289,142,147
E00069923,377,199,178
E00069924,260,127,133
E00069928,310,154,156
E00069930,309,177,132
E00069915,360,177,183
E00069922,242,134,108
E00069926,256,138,118
E00069927,363,195,168
E00069929,286,156,130
E00070362,331,156,175
E00070363,430,217,213
E00070380,380,175,205
E00070381,322,152,170
E00070382,373,174,199
E00070364,440,209,231
E00070383,571,243,328
E00070392,248,125,123
E00187570,194,91,103
E00187598,897,413,484
E00070366,259,136,123
E00070387,316,138,178
E00070390,230,130,100
E00070393,256,117,139
E00070394,259,131,128
E00173447,423,207,216
E00173500,292,159,133
E00070385,207,56,151
E00070386,376,148,228
E00070388,210,88,122
E00070391,214,117,97
E00173534,391,190,201
E00070371,345,173,172
E00070373,429,195,234
E00070376,304,178,126
E00070410,508,276,232
E00173471,157,79,78
E00173543,105,42,63
E00173550,134,60,74
E00173539,1011,530,481
E00173549,536,250,286
E00187519,563,263,300
E00187526,601,297,304
E00187532,535,228,307
E00070372,219,114,105
E00070397,173,74,99
E00070401,220,127,93
E00070411,297,140,157
E00173449,201,98,103
E00070370,304,155,149
E00070377,291,133,158
E00070407,254,115,139
E00070412,360,183,177
E00173525,223,113,110
E00173528,235,97,138
E00173538,253,119,134
E00070361,396,179,217
E00070378,241,118,123
E00173524,436,194,242
E00173542,292,143,149
E00173553,332,150,182
E00187581,492,261,231
E00187587,270,126,144
E00070368,397,217,180
E00070396,170,88,82
E00070400,473,239,234
E00070404,182,97,85
E00173496,450,178,272
E00173554,212,95,117
E00187558,499,233,266
E00070375,416,238,178
E00070402,555,272,283
E00070406,506,295,211
E00070408,421,256,165
E00187539,337,147,190
E00187564,336,144,192
E00187597,336,147,189
E00070220,345,169,176
E00070221,343,193,150
E00070222,317,151,166
E00070223,327,164,163
E00070226,332,177,155
E00070228,331,152,179
E00070225,428,217,211
E00070227,367,181,186
E00070232,322,146,176
E00070236,479,219,260
E00070238,379,163,216
E00070224,313,116,197
E00070229,379,189,190
E00070230,271,113,158
E00070240,381,193,188
E00070242,266,125,141
E00173466,382,176,206
E00173468,269,142,127
E00070198,303,144,159
E00070231,203,105,98
E00070233,452,226,226
E00070234,578,295,283
E00070237,407,200,207
E00070239,254,125,129
E00070413,298,161,137
E00070414,368,176,192
E00070461,209,98,111
E00070462,299,145,154
E00070463,235,114,121
E00070465,239,120,119
E00070553,300,148,152
E00070556,395,206,189
E00070563,298,160,138
E00070566,360,180,180
E00070570,360,176,184
E00070540,456,229,227
E00070567,324,166,158
E00070574,284,157,127
E00070576,282,151,131
E00070579,373,191,182
E00070545,335,173,162
E00070546,190,96,94
E00070571,341,180,161
E00070572,190,101,89
E00070573,277,135,142
E00070547,220,112,108
E00070548,269,139,130
E00070575,299,161,138
E00070577,372,188,184
E00070581,297,159,138
E00070539,294,148,146
E00070578,344,175,169
E00070580,238,134,104
E00070582,289,156,133
E00070583,262,131,131
E00070584,285,139,146
E00070254,340,177,163
E00070256,310,155,155
E00070258,257,132,125
E00070259,383,187,196
E00070260,232,108,124
E00070243,509,261,248
E00070244,493,182,311
E00070250,342,183,159
E00070253,117,61,56
E00070257,467,250,217
E00070264,352,188,164
E00070271,250,134,116
E00070273,144,85,59
E00070268,542,271,271
E00173521,440,182,258
E00173544,429,214,215
E00187553,201,103,98
E00187592,461,225,236
E00070245,595,274,321
E00070246,243,111,132
E00070267,447,239,208
E00070270,411,211,200
E00070247,494,297,197
E00070248,321,160,161
E00070249,280,132,148
E00070255,331,145,186
E00070262,420,173,247
E00070272,291,136,155
E00187513,328,172,156
E00187514,562,283,279
E00070114,276,138,138
E00070118,254,134,120
E00070124,338,187,151
E00070126,296,152,144
E00070127,283,138,145
E00070106,223,109,114
E00070117,339,180,159
E00070122,242,128,114
E00070125,340,174,166
E00070128,137,55,82
E00070111,289,147,142
E00070142,343,184,159
E00070143,236,120,116
E00070144,355,183,172
E00070145,293,150,143
E00070112,343,174,169
E00070113,336,167,169
E00070115,226,120,106
E00070116,292,163,129
E00187530,217,96,121
E00187559,367,177,190
E00187577,106,59,47
E00070107,370,193,177
E00070109,297,153,144
E00070110,254,133,121
E00070131,349,178,171
E00070136,238,126,112
E00070121,282,144,138
E00070134,249,126,123
E00070138,244,113,131
E00173494,1398,654,744
E00173495,128,57,71
E00070108,355,189,166
E00070132,334,169,165
E00070133,319,167,152
E00070135,308,166,142
E00070129,357,191,166
E00070137,295,154,141
E00070139,280,163,117
E00070140,338,191,147
E00070141,251,138,113
E00070104,276,133,143
E00070105,304,167,137
E00070120,315,170,145
E00070123,313,159,154
E00070152,137,57,80
E00070157,317,172,145
E00070160,185,105,80
E00070189,268,137,131
E00070190,281,155,126
E00070192,349,179,170
E00070154,314,162,152
E00070158,297,159,138
E00070159,239,126,113
E00070162,328,162,166
E00070164,309,151,158
E00070149,233,124,109
E00070173,303,161,142
E00070174,270,140,130
E00070180,250,143,107
E00173497,127,71,56
E00187512,304,182,122
E00070150,270,138,132
E00070153,258,142,116
E00070161,308,167,141
E00070172,371,210,161
E00070184,270,148,122
E00070185,331,173,158
E00070186,325,164,161
E00070187,256,122,134
E00070188,295,145,150
E00070191,239,122,117
E00070155,360,183,177
E00070163,288,135,153
E00070167,340,184,156
E00070170,296,155,141
E00070177,265,152,113
E00070151,408,216,192
E00070156,312,166,146
E00070165,361,197,164
E00070166,329,174,155
E00070168,329,171,158
E00070147,328,164,164
E00070169,316,152,164
E00070175,291,146,145
E00070176,321,160,161
E00070179,289,158,131
E00070146,235,124,111
E00070148,272,134,138
E00070178,194,93,101
E00070181,287,149,138
E00070182,293,157,136
E00070183,253,124,129
E00069881,285,156,129
E00069885,272,151,121
E00069886,310,165,145
E00069888,111,74,37
E00069892,233,133,100
E00069895,305,164,141
E00069855,270,134,136
E00069856,216,115,101
E00069883,217,112,105
E00069890,303,154,149
E00069891,276,136,140
E00069898,144,77,67
E00069876,262,151,111
E00069877,255,122,133
E00069879,237,119,118
E00069880,287,160,127
E00069884,343,203,140
E00069893,127,66,61
E00069853,319,172,147
E00069854,240,130,110
E00069878,189,83,106
E00069882,289,144,145
E00069887,446,199,247
E00069889,190,104,86
E00069852,333,172,161
E00069894,381,198,183
E00173455,236,111,125
E00173456,273,129,144
E00173479,280,145,135
E00069966,450,227,223
E00069968,238,107,131
E00069976,196,83,113
E00069982,257,118,139
E00069984,309,163,146
E00069988,232,116,116
E00069979,205,104,101
E00070000,232,113,119
E00165699,259,137,122
E00187525,415,217,198
E00187542,613,312,301
E00187546,297,143,154
E00187556,113,58,55
E00187560,492,291,201
E00187588,122,54,68
E00173487,195,92,103
E00173509,157,67,90
E00173531,165,86,79
E00173532,209,92,117
E00187554,156,75,81
E00187584,488,255,233
E00173517,172,82,90
E00173546,182,53,129
E00187522,356,159,197
E00187523,495,232,263
E00173489,217,80,137
E00173499,114,46,68
E00173506,460,243,217
E00173507,172,75,97
E00173514,149,64,85
E00173520,343,167,176
E00173522,195,93,102
E00173529,199,82,117
E00187521,362,109,253
E00069977,433,194,239
E00069981,454,231,223
E00069983,278,131,147
E00069992,348,142,206
E00069993,229,104,125
E00069997,320,167,153
E00070001,298,157,141
E00069971,276,132,144
E00069973,222,113,109
E00069974,309,159,150
E00069994,255,134,121
E00069995,258,130,128
E00069996,223,104,119
E00069999,211,105,106
E00069965,269,142,127
E00069967,278,145,133
E00069970,253,127,126
E00069972,344,160,184
E00069975,387,183,204
E00069980,472,244,228
E00069978,350,175,175
E00069985,351,164,187
E00069986,372,194,178
E00069987,229,113,116
E00173482,318,138,180
E00173558,162,81,81
E00070541,351,209,142
E00070542,418,203,215
E00070550,264,127,137
E00070559,291,143,148
E00070561,242,124,118
E00070562,370,179,191
E00070552,204,110,94
E00070554,319,164,155
E00070558,190,95,95
E00070560,333,168,165
E00070585,520,273,247
E00070586,267,136,131
E00070543,366,178,188
E00070544,345,170,175
E00070555,325,171,154
E00070564,322,180,142
E00070565,347,173,174
E00070549,402,202,200
E00070551,310,162,148
E00070557,369,183,186
E00070568,335,172,163
E00070569,338,167,171
E00070529,329,166,163
E00070530,265,142,123
E00070532,317,170,147
E00070533,296,171,125
E00187516,634,286,348
E00187517,282,144,138
E00187518,1917,982,935
E00187566,172,85,87
E00187599,529,300,229
E00070522,234,113,121
E00070523,287,149,138
E00070525,256,125,131
E00070526,280,146,134
E00070536,269,152,117
E00070537,279,144,135
E00070538,226,123,103
E00173501,1374,733,641
E00187511,1750,791,959
E00137165,412,215,197
E00137167,282,150,132
E00137178,321,168,153
E00137183,454,224,230
E00137184,309,161,148
E00137214,323,161,162
E00137215,342,183,159
E00137216,563,296,267
E00137217,294,151,143
E00137218,121,62,59
E00137219,327,168,159
E00137220,308,160,148
E00137221,318,161,157
E00137222,268,138,130
E00137223,410,215,195
E00137228,277,143,134
E00137232,301,150,151
E00137233,232,127,105
E00137234,297,155,142
E00169160,417,215,202
E00169188,301,171,130
E00169189,441,222,219
E00137168,245,126,119
E00137170,309,171,138
E00137172,293,147,146
E00137174,334,170,164
E00137176,336,160,176
E00137177,270,144,126
E00137164,293,165,128
E00137166,310,154,156
E00137169,417,214,203
E00137171,359,182,177
E00137185,331,161,170
E00137173,321,170,151
E00137175,347,172,175
E00137179,282,137,145
E00137180,295,143,152
E00137181,288,157,131
E00137182,303,148,155
E00137186,424,220,204
E00137190,321,160,161
E00137191,312,155,157
E00137192,376,187,189
E00137193,235,113,122
E00137224,383,181,202
E00137227,252,135,117
E00137229,320,155,165
E00137230,281,139,142
E00137225,295,138,157
E00137226,256,124,132
E00137235,279,135,144
E00137236,273,128,145
E00137107,424,217,207
E00137108,229,124,105
E00137109,324,160,164
E00137110,288,148,140
E00137115,301,154,147
E00137118,305,165,140
E00137111,360,164,196
E00137112,275,132,143
E00137113,327,169,158
E00137114,390,190,200
E00137116,313,152,161
E00137117,304,152,152
E00189010,317,161,156
E00189051,333,154,179
E00189062,334,179,155
E00189102,346,167,179
E00189191,390,212,178
E00188964,337,177,160
E00188981,345,175,170
E00189057,324,174,150
E00189071,313,156,157
E00189086,348,175,173
E00137208,408,191,217
E00137213,312,161,151
E00189053,360,187,173
E00189178,379,191,188
E00137211,269,141,128
E00189063,319,168,151
E00189067,327,171,156
E00189185,359,176,183
E00189001,381,186,195
E00189046,254,131,123
E00189054,289,145,144
E00189152,246,122,124
E00189164,436,238,198
E00189173,330,171,159
E00137206,323,169,154
E00137207,268,139,129
E00137209,375,194,181
E00137210,314,152,162
E00169187,253,132,121
E00189149,364,177,187
E00137129,278,149,129
E00137130,286,148,138
E00137131,282,137,145
E00137132,310,149,161
E00137134,286,144,142
E00137187,274,135,139
E00137189,291,143,148
E00137200,337,175,162
E00137202,308,156,152
E00137204,267,146,121
E00137195,293,151,142
E00137197,290,149,141
E00137198,291,153,138
E00137199,258,132,126
E00137188,289,146,143
E00137194,239,112,127
E00137196,276,147,129
E00137201,263,133,130
E00137203,311,156,155
E00137240,282,148,134
E00137241,323,170,153
E00137242,294,151,143
E00137243,233,126,107
E00137244,483,253,230
E00137245,292,141,151
E00137237,299,153,146
E00137238,254,133,121
E00137246,317,169,148
E00137247,293,161,132
E00188974,430,229,201
E00189005,221,127,94
E00189027,249,129,120
E00137071,240,141,99
E00137073,259,117,142
E00137076,324,170,154
E00137086,348,156,192
E00137087,257,131,126
E00137072,324,168,156
E00137074,282,144,138
E00137075,323,158,165
E00137077,306,161,145
E00137079,398,196,202
E00137078,314,159,155
E00137080,364,186,178
E00137081,326,175,151
E00137082,351,175,176
E00137070,319,161,158
E00137083,264,137,127
E00137084,569,275,294
E00137085,292,131,161
E00137119,334,183,151
E00137120,287,153,134
E00137128,355,191,164
E00137133,283,145,138
E00137136,274,142,132
E00137122,408,197,211
E00137124,345,176,169
E00137125,211,96,115
E00137135,315,152,163
E00137137,309,139,170
E00137121,312,135,177
E00137123,356,172,184
E00137126,380,189,191
E00137127,270,141,129
E00137152,407,188,219
E00137163,355,181,174
E00189143,434,211,223
E00189192,420,215,205
E00137149,391,190,201
E00137150,320,161,159
E00137153,312,163,149
E00137155,221,110,111
E00137156,245,125,120
E00137146,397,209,188
E00137161,430,204,226
E00137162,388,196,192
E00188995,292,139,153
E00189142,351,173,178
E00137151,382,194,188
E00137157,393,198,195
E00137158,332,175,157
E00137159,366,167,199
E00137160,318,151,167
E00137501,564,283,281
E00137502,268,133,135
E00137503,414,199,215
E00137504,380,201,179
E00137505,302,148,154
E00137551,153,75,78
E00137552,193,87,106
E00137553,245,117,128
E00137554,281,154,127
E00137555,470,227,243
E00137556,538,268,270
E00137557,296,149,147
E00137558,233,132,101
E00137592,151,74,77
E00137593,427,222,205
E00137594,443,237,206
E00137595,183,88,95
E00137596,437,209,228
E00137597,502,266,236
E00137486,391,196,195
E00137489,444,240,204
E00137491,260,126,134
E00137492,318,158,160
E00137493,285,156,129
E00172233,444,231,213
E00137559,194,98,96
E00137560,154,85,69
E00137561,117,57,60
E00137562,309,158,151
E00137563,178,83,95
E00137564,193,100,93
E00137565,397,201,196
E00137566,271,132,139
E00137567,255,134,121
E00137568,124,57,67
E00137585,317,149,168
E00137586,278,138,140
E00137587,363,197,166
E00188986,295,156,139
E00189194,370,187,183
E00137584,263,137,126
E00137589,333,161,172
E00137590,261,131,130
E00137591,471,247,224
E00137576,441,237,204
E00137579,241,137,104
E00137583,368,182,186
E00172246,1027,437,590
E00172247,178,84,94
E00137577,346,192,154
E00137578,246,146,100
E00188946,456,239,217
E00137494,333,174,159
E00137495,350,172,178
E00137496,206,107,99
E00137497,240,133,107
E00137498,287,140,147
E00137499,182,88,94
E00137500,249,128,121
E00137569,397,195,202
E00137570,226,117,109
E00137571,374,187,187
E00137572,292,146,146
E00137573,275,142,133
E00137574,269,140,129
E00137575,196,105,91
E00137730,407,202,205
E00137734,251,126,125
E00137735,241,127,114
E00137737,304,158,146
E00137738,531,254,277
E00137741,251,121,130
E00137729,387,194,193
E00137731,331,159,172
E00137736,431,219,212
E00137739,428,208,220
E00172248,260,125,135
E00172249,352,177,175
E00137726,305,155,150
E00137733,376,192,184
E00172250,276,133,143
E00172251,199,96,103
E00172252,381,187,194
E00137727,533,270,263
E00188999,360,190,170
E00189041,311,160,151
E00189168,323,163,160
E00137625,285,147,138
E00137626,389,194,195
E00137627,331,164,167
E00137628,414,214,200
E00188978,322,161,161
E00189076,356,174,182
E00189106,237,116,121
E00137719,211,108,103
E00137720,321,164,157
E00137721,313,154,159
E00137722,407,210,197
E00137723,237,119,118
E00137724,333,163,170
E00137725,280,153,127
E00137742,299,148,151
E00137743,321,164,157
E00137744,322,173,149
E00137745,428,206,222
E00137746,473,242,231
E00137747,247,127,120
E00137600,360,187,173
E00137609,306,157,149
E00137610,221,108,113
E00137611,491,256,235
E00188959,275,142,133
E00189056,431,216,215
E00137598,309,160,149
E00137601,316,157,159
E00137602,431,212,219
E00137603,469,240,229
E00137599,290,152,138
E00137606,293,141,152
E00137607,334,162,172
E00137608,283,141,142
E00189003,324,168,156
E00189125,367,190,177
E00189130,309,149,160
E00137615,289,141,148
E00137616,285,143,142
E00137622,327,156,171
E00137624,266,136,130
E00137612,348,171,177
E00137613,276,140,136
E00137617,316,159,157
E00137623,365,196,169
E00137614,332,157,175
E00137618,254,130,124
E00137619,327,178,149
E00137620,339,169,170
E00137621,344,182,162
E00137534,370,198,172
E00137535,391,204,187
E00137540,349,180,169
E00137549,455,231,224
E00137550,382,196,186
E00137528,528,276,252
E00137539,330,154,176
E00137541,288,147,141
E00172244,368,195,173
E00172245,587,296,291
E00137529,492,256,236
E00137530,318,160,158
E00137536,363,183,180
E00137537,302,160,142
E00137538,280,130,150
E00137531,409,207,202
E00137542,283,144,139
E00137543,280,150,130
E00137544,365,198,167
E00137545,365,200,165
E00137533,396,199,197
E00137546,266,132,134
E00137547,580,278,302
E00137548,578,281,297
E00137508,309,164,145
E00137514,341,187,154
E00137523,303,170,133
E00137525,386,229,157
E00137527,281,146,135
E00137506,327,157,170
E00137507,294,143,151
E00137515,298,150,148
E00137517,299,159,140
E00137519,271,148,123
E00137509,272,149,123
E00137518,457,238,219
E00137521,339,172,167
E00137522,373,184,189
E00172243,498,246,252
E00189031,298,152,146
E00189040,328,161,167
E00137510,303,149,154
E00137512,538,268,270
E00137524,601,310,291
E00172242,464,235,229
E00189061,311,162,149
E00189188,479,243,236
E00137511,419,215,204
E00137513,267,150,117
E00137526,392,203,189
E00137635,344,175,169
E00137638,342,172,170
E00137639,312,157,155
E00137640,313,162,151
E00188952,363,181,182
E00189018,353,182,171
E00189065,282,141,141
E00189146,383,200,183
E00137652,362,188,174
E00137654,213,102,111
E00137658,421,223,198
E00137671,270,142,128
E00137672,382,203,179
E00188998,337,175,162
E00189165,337,189,148
E00137653,454,231,223
E00137661,395,199,196
E00137662,321,160,161
E00172234,435,210,225
E00172235,258,126,132
E00137657,232,116,116
E00137659,415,215,200
E00137666,282,142,140
E00137667,392,195,197
E00137669,308,154,154
E00137705,405,198,207
E00137708,402,202,200
E00137710,339,178,161
E00137712,293,155,138
E00137713,342,179,163
E00137703,312,167,145
E00137704,339,177,162
E00137706,290,151,139
E00137707,233,109,124
E00137709,280,158,122
E00137711,330,183,147
E00137715,276,144,132
E00137630,297,145,152
E00137631,452,245,207
E00137634,216,111,105
E00137645,244,121,123
E00137649,584,293,291
E00137643,331,165,166
E00137644,314,166,148
E00137647,288,135,153
E00137648,248,124,124
E00137650,236,113,123
E00137651,341,181,160
E00137632,282,159,123
E00137636,524,281,243
E00137637,509,271,238
E00137641,363,189,174
E00137642,265,129,136
E00137646,265,120,145
E00137660,321,151,170
E00137663,295,153,142
E00137664,345,166,179
E00137665,301,146,155
E00137668,317,149,168
E00137670,317,161,156
E00137676,163,84,79
E00137677,352,168,184
E00137686,372,184,188
E00137687,263,136,127
E00137689,262,134,128
E00137690,298,152,146
E00137681,105,52,53
E00137682,363,187,176
E00137683,214,117,97
E00137684,403,191,212
E00137685,222,114,108
E00172236,274,139,135
E00172238,497,252,245
E00137678,274,143,131
E00137679,278,147,131
E00137688,366,182,184
E00137693,537,276,261
E00137695,280,144,136
E00137697,316,156,160
E00137714,217,115,102
E00137716,310,158,152
E00137717,431,215,216
E00137718,259,111,148
E00137698,351,156,195
E00137699,256,124,132
E00137700,307,155,152
E00137701,245,130,115
E00137702,265,130,135
E00137673,390,199,191
E00172237,144,75,69
E00189008,284,139,145
E00189059,352,172,180
E00189108,345,175,170
E00137674,273,128,145
E00137675,367,190,177
E00137680,388,191,197
E00137692,378,182,196
E00137696,287,153,134
E00137802,131,62,69
E00137803,529,272,257
E00137804,146,76,70
E00137805,300,159,141
E00189015,304,144,160
E00189182,286,143,143
E00137864,273,141,132
E00137865,367,188,179
E00137866,275,130,145
E00137867,307,167,140
E00137868,304,155,149
E00137869,118,54,64
E00138006,253,138,115
E00138007,409,219,190
E00138008,176,77,99
E00138009,415,205,210
E00138010,270,133,137
E00138011,387,200,187
E00138012,359,178,181
E00137817,400,217,183
E00137818,303,154,149
E00137819,336,165,171
E00137820,323,154,169
E00137830,202,119,83
E00137822,383,197,186
E00137823,401,200,201
E00137825,333,167,166
E00137826,520,242,278
E00137892,315,159,156
E00137894,266,134,132
E00137897,291,145,146
E00137901,422,215,207
E00137890,296,152,144
E00137893,306,151,155
E00137895,326,162,164
E00137900,388,207,181
E00137891,356,176,180
E00137896,305,158,147
E00137898,291,142,149
E00137899,282,144,138
E00169206,375,187,188
E00169207,476,248,228
E00169208,366,179,187
E00169213,423,216,207
E00137828,408,207,201
E00137829,371,194,177
E00169209,499,264,235
E00188947,210,103,107
E00188967,172,98,74
E00188979,175,92,83
E00189024,254,123,131
E00137824,332,168,164
E00137827,264,133,131
E00169211,268,131,137
E00169212,272,140,132
E00137972,354,186,168
E00137974,269,140,129
E00137976,333,180,153
E00137982,342,180,162
E00137983,349,170,179
E00137984,406,200,206
E00137985,355,187,168
E00137991,445,218,227
E00137992,287,152,135
E00137993,301,152,149
E00137986,305,152,153
E00137987,313,168,145
E00137988,297,151,146
E00137989,286,149,137
E00137994,397,206,191
E00169222,130,64,66
E00169223,151,76,75
E00169224,553,272,281
E00137973,299,165,134
E00137975,327,175,152
E00137980,493,257,236
E00137981,372,193,179
E00137977,337,172,165
E00137978,559,298,261
E00137979,364,190,174
E00137748,322,162,160
E00137749,359,186,173
E00137750,438,212,226
E00137751,348,176,172
E00137758,394,207,187
E00137752,286,150,136
E00137753,288,147,141
E00137754,348,171,177
E00137755,333,162,171
E00137756,348,186,162
E00137757,357,196,161
E00137788,300,139,161
E00137792,285,142,143
E00137795,296,152,144
E00137797,278,138,140
E00137789,338,167,171
E00137791,365,184,181
E00137796,301,138,163
E00137799,252,130,122
E00137790,409,211,198
E00137793,306,145,161
E00137794,369,178,191
E00137798,252,128,124
E00169205,276,154,122
E00169225,595,324,271
E00137763,320,167,153
E00137764,309,155,154
E00137765,351,176,175
E00137766,315,160,155
E00137768,284,159,125
E00137759,387,188,199
E00137760,491,266,225
E00137769,383,183,200
E00137770,327,160,167
E00137771,281,136,145
E00137761,353,177,176
E00137762,245,126,119
E00137767,402,211,191
E00137772,297,159,138
E00137773,231,109,122
E00137998,336,180,156
E00137999,269,117,152
E00138000,338,188,150
E00138001,261,118,143
E00138003,347,176,171
E00138004,410,204,206
E00137995,321,148,173
E00137996,341,157,184
E00137997,329,171,158
E00138002,352,180,172
E00138005,460,228,232
E00137871,329,156,173
E00137878,320,158,162
E00137879,503,228,275
E00137880,349,166,183
E00137885,459,215,244
E00188950,272,125,147
E00189155,329,157,172
E00137874,287,150,137
E00137875,371,178,193
E00137876,374,193,181
E00137882,324,154,170
E00137888,464,226,238
E00137889,302,151,151
E00137913,343,157,186
E00137915,354,168,186
E00137916,403,181,222
E00137917,322,158,164
E00137918,398,197,201
E00137919,353,164,189
E00137902,320,157,163
E00137903,297,161,136
E00137906,343,173,170
E00137907,365,172,193
E00137914,310,168,142
E00137920,330,157,173
E00137921,382,187,195
E00137870,262,126,136
E00137872,401,207,194
E00137877,272,130,142
E00137881,277,149,128
E00137883,288,155,133
E00137884,359,172,187
E00137886,284,145,139
E00137887,315,157,158
E00137923,373,192,181
E00137924,312,155,157
E00137925,384,208,176
E00137926,521,253,268
E00137927,312,163,149
E00137931,359,180,179
E00137937,445,253,192
E00137938,240,117,123
E00137940,387,197,190
E00189104,347,176,171
E00189123,313,169,144
E00189189,366,208,158
E00137939,295,142,153
E00137941,328,159,169
E00137943,582,290,292
E00137944,353,179,174
E00189109,106,54,52
E00189122,535,270,265
E00137935,256,136,120
E00137936,241,121,120
E00137945,307,161,146
E00188965,299,153,146
E00189135,379,198,181
E00137905,272,128,144
E00137909,294,151,143
E00137911,185,90,95
E00189080,260,132,128
E00137904,198,101,97
E00137908,161,85,76
E00169226,243,128,115
E00169227,261,120,141
E00188958,252,119,133
E00137831,320,166,154
E00137835,279,151,128
E00137836,301,162,139
E00137841,254,134,120
E00137834,315,155,160
E00137839,288,152,136
E00137842,285,150,135
E00188948,372,186,186
E00189100,261,130,131
E00137832,409,213,196
E00137837,325,165,160
E00137838,178,98,80
E00137840,251,132,119
E00137846,234,126,108
E00137848,313,156,157
E00137849,273,150,123
E00137850,270,132,138
E00137851,391,202,189
E00137961,268,137,131
E00137968,313,155,158
E00137969,319,157,162
E00137970,280,145,135
E00137843,290,162,128
E00137844,304,149,155
E00137845,300,163,137
E00137847,299,148,151
E00188972,282,139,143
E00189002,311,185,126
E00137922,350,159,191
E00137928,339,162,177
E00137929,292,146,146
E00137930,360,185,175
E00137932,309,158,151
E00138014,363,176,187
E00138015,253,140,113
E00138017,302,166,136
E00138018,336,179,157
E00138020,286,147,139
E00138024,365,176,189
E00138013,445,218,227
E00138019,270,155,115
E00138021,309,170,139
E00138022,379,209,170
E00138023,297,142,155
E00188994,414,218,196
E00189101,164,60,104
E00137774,259,143,116
E00137779,286,155,131
E00137780,421,210,211
E00137782,342,180,162
E00188993,440,228,212
E00189009,325,158,167
E00189044,279,148,131
E00137777,223,123,100
E00137784,435,230,205
E00137786,303,176,127
E00137787,615,310,305
E00137776,230,122,108
E00137778,273,145,128
E00137781,500,259,241
E00137783,335,176,159
E00189151,380,177,203
E00189186,383,198,185
E00137962,324,150,174
E00137964,352,168,184
E00137965,337,162,175
E00137966,271,140,131
E00137960,441,221,220
E00137963,355,175,180
E00137971,339,166,173
E00188977,320,148,172
E00189030,375,189,186
E00189082,286,151,135
E00189131,283,145,138
E00139021,257,134,123
E00139022,372,199,173
E00139023,311,153,158
E00139024,365,176,189
E00139029,246,116,130
E00139016,305,155,150
E00139020,269,132,137
E00139025,342,167,175
E00139026,346,172,174
E00139028,292,145,147
E00139017,329,157,172
E00139018,252,138,114
E00139019,235,108,127
E00139027,251,119,132
E00139030,380,194,186
E00139075,184,95,89
E00139076,399,200,199
E00139077,424,212,212
E00139078,380,185,195
E00139079,297,150,147
E00139080,290,141,149
E00139081,454,222,232
E00139048,532,273,259
E00139051,341,175,166
E00139054,592,308,284
E00139055,354,188,166
E00139049,350,175,175
E00139050,309,154,155
E00139052,278,144,134
E00139053,347,171,176
E00139056,261,138,123
E00139037,301,149,152
E00139038,432,214,218
E00139039,268,136,132
E00139057,244,124,120
E00139058,325,173,152
E00139041,331,170,161
E00139042,317,158,159
E00139043,308,163,145
E00169310,319,149,170
E00169311,335,165,170
E00169312,296,152,144
E00169313,360,176,184
E00139040,398,202,196
E00139045,518,276,242
E00139046,297,152,145
E00139047,302,157,145
E00139103,281,139,142
E00139110,298,160,138
E00139111,344,173,171
E00139112,249,138,111
E00139113,247,125,122
E00139102,265,136,129
E00139104,328,165,163
E00139105,281,134,147
E00139114,307,151,156
E00139115,294,153,141
E00139106,336,169,167
E00139107,327,157,170
E00139108,319,163,156
E00139109,305,148,157
E00139117,333,161,172
E00139121,251,124,127
E00139123,281,145,136
E00139124,312,153,159
E00139125,317,154,163
E00139116,314,154,160
E00139118,322,159,163
E00139119,298,154,144
E00139120,265,135,130
E00139122,377,188,189
E00139126,304,151,153
E00138954,438,218,220
E00138960,369,168,201
E00138971,238,109,129
E00138972,327,158,169
E00138974,411,199,212
E00138953,436,197,239
E00138958,315,149,166
E00138962,371,184,187
E00138963,295,154,141
E00138965,433,198,235
E00138966,430,213,217
E00138955,345,170,175
E00138957,275,126,149
E00138973,253,134,119
E00188984,350,177,173
E00188990,325,170,155
E00189113,354,184,170
E00189129,404,198,206
E00138959,344,172,172
E00138961,308,146,162
E00188955,239,124,115
E00189028,308,154,154
E00189107,300,160,140
E00138956,416,198,218
E00138967,313,164,149
E00169314,351,175,176
E00169321,267,129,138
E00189083,276,151,125
E00189183,267,133,134
E00189184,312,166,146
E00139085,231,135,96
E00139087,354,179,175
E00139089,280,143,137
E00139090,310,162,148
E00139101,294,160,134
E00139088,365,187,178
E00139091,301,157,144
E00139094,297,155,142
E00139098,336,173,163
E00139099,307,155,152
E00139092,315,162,153
E00139093,358,184,174
E00139095,296,162,134
E00139096,411,214,197
E00139097,322,185,137
E00139082,409,241,168
E00139083,416,201,215
E00139084,266,137,129
E00139086,257,122,135
E00139100,293,143,150
E00139139,377,201,176
E00139140,323,164,159
E00139141,256,137,119
E00139142,260,129,131
E00139155,370,192,178
E00139134,373,191,182
E00139137,250,116,134
E00139138,228,122,106
E00139143,316,161,155
E00139144,229,113,116
E00139145,287,147,140
E00139135,367,195,172
E00139136,226,116,110
E00139146,345,171,174
E00139147,322,159,163
E00139151,247,120,127
E00139148,226,107,119
E00139149,221,101,120
E00139152,398,198,200
E00189042,277,124,153
E00189078,253,123,130
E00139150,332,182,150
E00139153,522,261,261
E00189179,285,139,146
E00138934,337,181,156
E00138947,242,117,125
E00138948,298,158,140
E00138949,322,172,150
E00138950,280,143,137
E00138935,372,188,184
E00138937,346,179,167
E00138938,247,128,119
E00138941,411,217,194
E00138951,304,153,151
E00138936,360,181,179
E00138939,403,212,191
E00138940,311,170,141
E00138952,268,130,138
E00138942,326,169,157
E00138943,295,167,128
E00138944,319,166,153
E00138945,314,162,152
E00138946,286,159,127
E00138975,377,211,166
E00138982,348,176,172
E00138993,343,177,166
E00138994,326,163,163
E00138995,182,93,89
E00138977,315,164,151
E00138980,372,194,178
E00138988,272,151,121
E00138996,281,154,127
E00138997,331,176,155
E00138978,300,149,151
E00138979,298,164,134
E00138981,302,156,146
E00138983,315,166,149
E00138986,351,180,171
E00138985,435,214,221
E00138990,358,189,169
E00138991,353,173,180
E00169315,328,164,164
E00169317,289,141,148
E00169318,374,191,183
E00138976,458,237,221
E00138984,365,175,190
E00138987,553,272,281
E00138992,386,187,199
E00138999,277,138,139
E00139000,405,201,204
E00139008,343,182,161
E00139009,197,106,91
E00139003,451,220,231
E00139004,339,185,154
E00139005,269,140,129
E00139006,278,148,130
E00189111,371,189,182
E00189174,351,177,174
E00138998,291,149,142
E00139011,275,136,139
E00139013,285,145,140
E00139015,300,146,154
E00139001,476,232,244
E00139007,329,171,158
E00139010,439,239,200
E00139012,293,159,134
E00139014,377,200,177
E00139031,203,103,100
E00139032,357,189,168
E00139033,392,198,194
E00139034,190,92,98
E00139035,241,119,122
E00139036,402,201,201
E00139156,252,127,125
E00139157,236,121,115
E00139158,261,132,129
E00139159,196,99,97
E00139160,365,182,183
E00139161,298,160,138
E00188987,193,103,90
E00189099,273,147,126
E00139061,290,143,147
E00139065,287,149,138
E00139069,285,146,139
E00139070,324,161,163
E00139074,283,136,147
E00139059,405,209,196
E00139060,323,156,167
E00139064,258,130,128
E00139066,304,144,160
E00139071,367,190,177
E00139062,294,153,141
E00139063,266,140,126
E00139067,293,147,146
E00139068,280,134,146
E00139072,374,175,199
E00139073,280,131,149
E00139127,390,204,186
E00139128,229,129,100
E00139129,298,156,142
E00139130,300,163,137
E00139131,410,199,211
E00139132,279,144,135
E00139133,267,142,125
E00139163,347,180,167
E00139164,204,103,101
E00139166,239,122,117
E00139168,310,167,143
E00139169,312,168,144
E00139171,394,196,198
E00169319,289,147,142
E00169320,380,198,182
E00139165,270,141,129
E00139167,382,194,188
E00139172,350,172,178
E00139173,339,162,177
E00139174,301,150,151
E00137088,281,145,136
E00137096,217,112,105
E00137097,271,139,132
E00137099,278,135,143
E00137103,354,186,168
E00137098,310,154,156
E00137100,331,172,159
E00137102,299,148,151
E00137104,293,143,150
E00137105,342,168,174
E00137090,352,178,174
E00137092,312,149,163
E00137093,349,185,164
E00137094,368,170,198
E00137089,317,172,145
E00137091,349,187,162
E00137101,319,165,154
E00137106,275,142,133
E00169161,428,219,209
E00169162,355,172,183
E00169163,249,120,129
E00137140,605,330,275
E00137142,227,128,99
E00137143,249,130,119
E00137144,285,139,146
E00137139,296,142,154
E00137145,316,165,151
E00169164,264,137,127
E00169165,257,126,131
E00169181,375,190,185
E00137138,337,168,169
E00169166,360,182,178
E00169176,461,249,212
E00169177,366,165,201
E00169178,365,179,186
E00169167,347,170,177
E00169169,379,182,197
E00169171,623,310,313
E00169172,538,273,265
E00169168,584,301,283
E00169170,421,225,196
E00169173,380,190,190
E00188949,354,170,184
E00188980,295,159,136
E00189007,359,184,175
E00189159,334,168,166
E00169179,425,225,200
E00169182,392,190,202
E00169183,304,154,150
E00169184,396,211,185
E00189004,429,201,228
E00189124,353,176,177
E00189193,346,171,175
E00137946,312,163,149
E00137947,261,131,130
E00137948,293,142,151
E00137950,324,162,162
E00137957,256,135,121
E00137958,241,117,124
E00137949,392,201,191
E00137951,432,224,208
E00137952,293,146,147
E00137959,140,79,61
E00169214,300,143,157
E00169215,325,170,155
E00169218,313,148,165
E00169219,367,196,171
E00169220,359,197,162
E00169221,346,178,168
E00137954,145,75,70
E00137955,240,123,117
E00137956,292,144,148
E00169216,403,197,206
E00169217,374,193,181
E00137808,252,131,121
E00137809,328,176,152
E00137810,279,146,133
E00137812,288,147,141
E00137813,350,183,167
E00137814,424,229,195
E00137806,303,143,160
E00137811,326,165,161
E00137815,276,144,132
E00137816,316,163,153
E00189070,388,200,188
E00189167,323,160,163
E00137853,256,133,123
E00137856,300,147,153
E00137857,308,154,154
E00137863,295,148,147
E00188969,311,157,154
E00188976,407,202,205
E00188973,302,156,146
E00188988,315,170,145
E00189022,317,151,166
E00189077,304,158,146
E00189087,378,198,180
E00189103,308,173,135
E00189147,373,196,177
E00189175,346,181,165
E00137860,395,202,193
E00137861,383,187,196
E00137862,405,215,190
E00189047,240,124,116
E00189079,304,156,148
E00189093,344,163,181
E00137342,236,121,115
E00137343,384,203,181
E00137344,316,155,161
E00137345,375,198,177
E00137346,200,107,93
E00137347,467,240,227
E00137348,311,156,155
E00137455,319,158,161
E00137456,170,84,86
E00137457,480,254,226
E00137458,521,262,259
E00137459,350,181,169
E00137460,328,164,164
E00137479,289,144,145
E00137480,305,151,154
E00137481,293,133,160
E00137482,182,92,90
E00137483,213,112,101
E00137484,306,156,150
E00137485,285,137,148
E00137321,297,154,143
E00137323,283,145,138
E00137325,249,132,117
E00137329,315,159,156
E00137330,342,176,166
E00137320,355,180,175
E00137328,319,162,157
E00137332,332,166,166
E00188953,363,200,163
E00189069,287,145,142
E00189154,396,205,191
E00137322,453,243,210
E00137324,331,165,166
E00137333,255,126,129
E00137334,426,202,224
E00137335,294,148,146
E00137318,281,143,138
E00137319,579,305,274
E00137326,274,149,125
E00137327,310,162,148
E00137431,129,64,65
E00137432,227,110,117
E00137433,269,137,132
E00137434,305,155,150
E00137435,589,283,306
E00137436,201,106,95
E00137437,192,98,94
E00137290,148,76,72
E00137297,377,200,177
E00137299,271,142,129
E00137300,325,162,163
E00137312,257,130,127
E00137313,302,161,141
E00137314,231,122,109
E00137315,315,180,135
E00137316,273,135,138
E00137317,442,234,208
E00137349,474,241,233
E00137352,279,141,138
E00137353,393,208,185
E00188956,425,213,212
E00188971,302,152,150
E00189166,289,145,144
E00189170,373,184,189
E00137294,331,163,168
E00137295,351,187,164
E00137296,318,167,151
E00137298,294,146,148
E00137291,295,157,138
E00137292,327,164,163
E00169203,803,75,728
E00169204,865,117,748
E00137306,223,112,111
E00137307,289,144,145
E00137308,234,114,120
E00137309,263,138,125
E00137310,285,138,147
E00189048,291,148,143
E00189058,298,149,149
E00189084,276,144,132
E00189171,258,134,124
E00137396,352,170,182
E00137398,295,156,139
E00137400,490,266,224
E00137401,276,148,128
E00137397,281,146,135
E00137405,265,143,122
E00137406,318,157,161
E00137407,308,158,150
E00137410,316,159,157
E00137425,189,101,88
E00137426,315,158,157
E00137427,296,152,144
E00137428,397,196,201
E00137429,332,168,164
E00137430,336,176,160
E00137461,366,190,176
E00137462,367,201,166
E00137464,610,312,298
E00137465,338,190,148
E00137466,403,201,202
E00188968,319,161,158
E00189081,314,160,154
E00137411,585,292,293
E00137422,160,86,74
E00137423,467,240,227
E00137424,346,187,159
E00189138,325,174,151
E00189163,294,152,142
E00189180,330,173,157
E00137416,594,304,290
E00137419,379,193,186
E00137420,280,140,140
E00137421,226,122,104
E00188996,292,156,136
E00189112,372,207,165
E00137412,494,251,243
E00137413,462,251,211
E00137414,534,286,248
E00137418,324,183,141
E00137438,264,132,132
E00137439,421,220,201
E00137440,469,225,244
E00137441,330,178,152
E00137442,252,136,116
E00137443,365,183,182
E00137302,315,158,157
E00137303,298,150,148
E00137304,367,195,172
E00137305,345,168,177
E00188985,310,163,147
E00189033,382,208,174
E00189110,336,166,170
E00189128,306,159,147
E00189195,355,177,178
E00137251,275,134,141
E00137254,347,167,180
E00137256,296,151,145
E00137260,244,123,121
E00137249,269,130,139
E00137265,285,152,133
E00137267,322,156,166
E00137268,242,136,106
E00137269,253,127,126
E00137383,262,144,118
E00137384,291,143,148
E00137385,290,146,144
E00137386,342,173,169
E00137388,398,197,201
E00188954,262,133,129
E00188966,285,147,138
E00189014,251,132,119
E00169195,264,135,129
E00169196,312,148,164
E00169202,325,170,155
E00189072,336,182,154
E00189137,311,143,168
E00137380,388,196,192
E00137381,452,236,216
E00137382,347,182,165
E00169191,398,183,215
E00169192,305,150,155
E00188962,286,155,131
E00188983,299,165,134
E00189021,305,166,139
E00189090,273,135,138
E00189120,294,143,151
E00137248,272,128,144
E00137253,391,185,206
E00137266,486,250,236
E00169201,563,275,288
E00137250,300,159,141
E00137252,307,159,148
E00137255,406,210,196
E00137257,512,258,254
E00169197,327,158,169
E00169198,315,145,170
E00169199,361,185,176
E00169200,424,200,224
E00137261,578,289,289
E00137262,344,184,160
E00137263,314,170,144
E00137264,331,162,169
E00137270,310,159,151
E00137271,249,127,122
E00137272,224,111,113
E00137273,223,122,101
E00137275,256,124,132
E00137277,305,167,138
E00137274,280,127,153
E00137276,309,163,146
E00137278,269,143,126
E00137279,236,117,119
E00137280,334,164,170
E00137281,234,120,114
E00137282,387,161,226
E00137357,223,105,118
E00137367,290,155,135
E00137368,319,153,166
E00137372,459,239,220
E00137354,410,197,213
E00137356,503,249,254
E00137358,430,208,222
E00137361,404,187,217
E00137359,295,153,142
E00137360,248,113,135
E00137362,267,127,140
E00137363,292,155,137
E00137364,261,125,136
E00137365,303,161,142
E00137366,290,142,148
E00137355,338,158,180
E00137369,330,171,159
E00137370,337,172,165
E00137371,346,185,161
E00137373,292,150,142
E00137389,312,154,158
E00137390,300,155,145
E00137391,302,158,144
E00137392,315,161,154
E00137393,254,126,128
E00137394,347,185,162
E00137374,559,290,269
E00137375,280,152,128
E00137376,292,150,142
E00137377,321,167,154
E00137378,440,215,225
E00137379,304,145,159
E00137399,260,135,125
E00137402,551,284,267
E00137403,350,178,172
E00137404,197,106,91
E00137408,294,150,144
E00137409,274,143,131
E00137444,222,98,124
E00137445,192,95,97
E00137446,257,133,124
E00137447,376,192,184
E00137451,305,152,153
E00137452,385,183,202
E00137448,381,205,176
E00137449,394,185,209
E00137450,437,228,209
E00137453,310,155,155
E00137454,270,146,124
E00137283,271,140,131
E00137284,430,206,224
E00137285,276,131,145
E00137286,309,153,156
E00137287,286,142,144
E00137288,250,135,115
E00137289,246,123,123
E00137336,318,159,159
E00137337,377,184,193
E00137338,303,156,147
E00137339,304,147,157
E00137340,242,112,130
E00137341,353,165,188
E00137467,244,123,121
E00137468,314,152,162
E00137469,304,164,140
E00137472,322,159,163
E00137475,274,126,148
E00137476,289,137,152
E00137477,370,192,178
E00137470,253,120,133
E00137471,404,197,207
E00137473,338,168,170
E00137474,316,152,164
E00189092,380,205,175
E00189098,353,166,187
E00189148,367,192,175
E00138086,383,186,197
E00138089,221,107,114
E00138093,281,138,143
E00138095,261,135,126
E00138112,427,234,193
E00138101,288,152,136
E00138102,308,147,161
E00138107,337,173,164
E00138109,262,138,124
E00138113,280,134,146
E00138103,300,154,146
E00138104,328,169,159
E00138105,230,117,113
E00138106,272,151,121
E00138108,239,124,115
E00138517,326,159,167
E00138523,293,157,136
E00138524,365,196,169
E00138536,300,156,144
E00169281,185,90,95
E00189038,498,268,230
E00189039,588,313,275
E00138461,213,116,97
E00138468,267,143,124
E00138469,199,105,94
E00138472,251,126,125
E00138475,283,143,140
E00138476,304,169,135
E00138470,261,146,115
E00138471,467,249,218
E00138473,241,124,117
E00138474,311,169,142
E00138478,248,128,120
E00138479,298,162,136
E00138459,334,175,159
E00138460,266,149,117
E00138464,320,168,152
E00138467,274,139,135
E00189032,121,63,58
E00189045,372,192,180
E00189105,190,93,97
E00138457,266,139,127
E00138458,313,156,157
E00138463,276,142,134
E00138465,315,150,165
E00138087,381,218,163
E00138088,390,192,198
E00138098,608,313,295
E00138116,262,133,129
E00138083,295,151,144
E00138085,299,147,152
E00138091,313,159,154
E00138110,305,156,149
E00138111,285,140,145
E00138082,336,174,162
E00138084,297,152,145
E00138092,321,167,154
E00138114,256,143,113
E00138115,328,161,167
E00138090,560,274,286
E00138094,328,161,167
E00138096,224,114,110
E00138097,325,165,160
E00138099,272,142,130
E00138100,370,198,172
E00138349,393,205,188
E00138356,440,219,221
E00138357,389,205,184
E00138363,432,228,204
E00138367,149,49,100
E00138597,404,205,199
E00138598,414,209,205
E00138599,327,167,160
E00138611,339,174,165
E00138620,255,123,132
E00138595,395,198,197
E00138602,289,153,136
E00138605,353,183,170
E00138606,298,146,152
E00138618,497,243,254
E00138604,353,191,162
E00138608,340,172,168
E00138609,369,184,185
E00138612,306,164,142
E00138614,332,179,153
E00138610,351,180,171
E00138615,396,192,204
E00138616,287,140,147
E00138617,511,259,252
E00138619,369,178,191
E00138244,352,179,173
E00138246,326,166,160
E00138247,319,161,158
E00138250,310,154,156
E00138242,391,211,180
E00138245,415,212,203
E00138248,320,164,156
E00138249,299,145,154
E00138251,258,140,118
E00138241,345,191,154
E00138243,317,155,162
E00138252,344,170,174
E00138254,343,184,159
E00169278,531,268,263
E00169279,271,144,127
E00138368,440,233,207
E00138369,290,159,131
E00138370,253,127,126
E00138371,355,184,171
E00138372,258,131,127
E00138596,331,179,152
E00138600,296,149,147
E00138601,300,161,139
E00138603,326,170,156
E00138607,378,196,182
E00138613,352,182,170
E00138211,280,145,135
E00138229,271,142,129
E00138230,277,141,136
E00138231,306,167,139
E00138232,495,262,233
E00138213,268,126,142
E00138234,352,175,177
E00138238,365,185,180
E00138239,307,164,143
E00138240,381,198,183
E00138265,313,167,146
E00138270,264,137,127
E00138271,298,155,143
E00138273,215,103,112
E00138292,323,177,146
E00138269,261,140,121
E00138288,581,317,264
E00138289,335,150,185
E00138290,222,118,104
E00138291,267,131,136
E00138353,397,213,184
E00138362,377,189,188
E00138364,490,252,238
E00138374,380,190,190
E00138348,304,168,136
E00138354,346,176,170
E00138358,366,184,182
E00138361,296,165,131
E00138365,292,148,144
E00138351,386,207,179
E00138352,315,147,168
E00138359,373,187,186
E00138360,334,155,179
E00138366,508,269,239
E00138350,388,197,191
E00138355,269,145,124
E00138373,379,190,189
E00138375,470,241,229
E00138323,310,166,144
E00138324,360,185,175
E00138334,275,138,137
E00138335,208,114,94
E00138336,232,114,118
E00138337,199,112,87
E00138338,175,90,85
E00138339,525,253,272
E00138343,370,184,186
E00138345,455,225,230
E00189026,285,128,157
E00189140,312,160,152
E00138325,290,139,151
E00138326,285,140,145
E00138327,302,151,151
E00138328,340,177,163
E00138347,282,144,138
E00138329,313,162,151
E00138330,270,142,128
E00138331,267,127,140
E00138332,298,141,157
E00138333,249,120,129
E00138340,343,168,175
E00138341,359,184,175
E00138342,366,175,191
E00138344,415,203,212
E00138516,395,190,205
E00138527,335,156,179
E00138532,401,207,194
E00138533,241,110,131
E00138534,374,202,172
E00138518,406,197,209
E00138519,531,264,267
E00138526,245,122,123
E00138529,311,166,145
E00138530,343,184,159
E00138520,266,119,147
E00138521,365,185,180
E00138522,268,134,134
E00138525,297,150,147
E00138528,373,172,201
E00138531,333,173,160
E00138266,411,213,198
E00138272,478,247,231
E00138274,295,147,148
E00138275,367,185,182
E00138277,351,189,162
E00138285,320,157,163
E00138278,280,143,137
E00138279,188,93,95
E00138280,523,273,250
E00138281,318,168,150
E00138284,404,202,202
E00138287,280,150,130
E00138267,337,191,146
E00138268,299,144,155
E00138276,287,172,115
E00138282,256,126,130
E00138283,262,140,122
E00138286,364,180,184
E00138060,564,282,282
E00138070,356,177,179
E00138074,488,255,233
E00138075,361,171,190
E00138066,295,144,151
E00138069,425,211,214
E00138071,312,160,152
E00138072,294,151,143
E00138078,288,150,138
E00138259,360,183,177
E00138260,301,150,151
E00138261,271,139,132
E00138262,238,121,117
E00138264,280,147,133
E00138255,382,200,182
E00138256,322,184,138
E00138257,345,172,173
E00138258,452,248,204
E00138263,318,160,158
E00138212,398,210,188
E00138233,514,275,239
E00138235,317,153,164
E00138236,294,139,155
E00138237,384,197,187
E00138219,304,163,141
E00138223,308,157,151
E00138224,326,156,170
E00138226,321,160,161
E00138227,339,179,160
E00138218,309,163,146
E00138221,325,176,149
E00138222,347,175,172
E00138225,292,147,145
E00138228,415,212,203
E00138214,389,194,195
E00138215,352,175,177
E00138216,331,166,165
E00138217,365,181,184
E00138220,354,185,169
E00138036,358,176,182
E00138037,359,173,186
E00138039,318,162,156
E00138040,289,117,172
E00138046,382,202,180
E00138293,314,160,154
E00138303,334,171,163
E00138316,376,189,187
E00138318,388,191,197
E00138319,374,192,182
E00138295,279,145,134
E00138296,340,181,159
E00138297,348,170,178
E00138300,275,134,141
E00138301,290,154,136
E00138302,412,224,188
E00138462,286,148,138
E00138477,343,183,160
E00138480,224,115,109
E00138481,240,118,122
E00138482,269,140,129
E00138409,337,166,171
E00138410,252,120,132
E00138422,313,159,154
E00138423,270,142,128
E00138425,258,140,118
E00138404,337,163,174
E00138413,291,152,139
E00138426,302,134,168
E00138429,255,124,131
E00138403,295,162,133
E00138415,301,148,153
E00138418,229,112,117
E00138421,266,133,133
E00138428,296,152,144
E00138406,432,213,219
E00138417,276,144,132
E00138419,317,168,149
E00138420,508,252,256
E00138294,299,156,143
E00138309,316,164,152
E00138311,299,148,151
E00138312,376,179,197
E00138314,398,168,230
E00138306,307,157,150
E00138308,312,162,150
E00138315,331,179,152
E00138320,380,181,199
E00138313,302,146,156
E00138317,479,218,261
E00138321,322,144,178
E00138322,274,124,150
E00138298,335,175,160
E00138299,324,162,162
E00138304,263,136,127
E00138305,260,136,124
E00138307,355,176,179
E00138310,260,132,128
E00138054,376,181,195
E00138055,390,209,181
E00138061,245,128,117
E00138062,306,157,149
E00138063,326,172,154
E00138065,371,174,197
E00138067,325,163,162
E00138073,279,135,144
E00138076,252,123,129
E00138077,345,189,156
E00138056,336,179,157
E00138057,388,197,191
E00138058,315,165,150
E00138059,205,110,95
E00138064,356,189,167
E00138068,409,212,197
E00138080,304,162,142
E00138081,313,159,154
E00188970,300,152,148
E00189013,427,211,216
E00189156,351,172,179
E00138653,250,119,131
E00138654,294,159,135
E00138655,383,194,189
E00138656,309,158,151
E00138657,367,187,180
E00138568,394,194,200
E00138571,533,266,267
E00138585,222,113,109
E00138589,310,155,155
E00138590,450,230,220
E00138570,303,148,155
E00138591,258,138,120
E00138592,468,251,217
E00138593,352,162,190
E00138594,523,251,272
E00138577,283,138,145
E00138580,408,241,167
E00138586,344,183,161
E00138587,407,211,196
E00138588,307,156,151
E00138572,483,244,239
E00138573,362,167,195
E00138574,359,195,164
E00138575,280,137,143
E00138576,340,178,162
E00138566,338,179,159
E00138567,456,235,221
E00138578,397,213,184
E00138581,293,156,137
E00138582,270,115,155
E00138432,299,132,167
E00138434,531,280,251
E00138436,318,174,144
E00138451,296,152,144
E00138454,234,106,128
E00138431,277,138,139
E00138437,264,134,130
E00138452,326,162,164
E00138456,234,118,116
E00169228,314,165,149
E00169229,291,149,142
E00138438,303,157,146
E00138442,212,106,106
E00138443,242,126,116
E00138446,296,163,133
E00138453,256,125,131
E00189011,463,232,231
E00189190,288,153,135
E00138569,338,173,165
E00138579,422,226,196
E00138583,283,161,122
E00138584,292,150,142
E00138405,273,129,144
E00138411,341,172,169
E00138412,317,161,156
E00138424,267,140,127
E00138427,211,105,106
E00138407,318,154,164
E00138408,322,178,144
E00138414,234,127,107
E00138416,313,163,150
E00138439,206,106,100
E00138440,315,168,147
E00138441,374,186,188
E00138444,342,174,168
E00138455,261,136,125
E00138435,348,185,163
E00138445,370,191,179
E00138447,332,185,147
E00138449,234,122,112
E00138450,221,124,97
E00169230,222,117,105
E00169231,403,228,175
E00169232,344,185,159
E00138644,596,312,284
E00138647,332,155,177
E00138665,297,155,142
E00138668,356,183,173
E00138646,240,129,111
E00138660,343,177,166
E00138662,299,147,152
E00138663,355,183,172
E00138666,298,152,146
E00138648,351,173,178
E00138650,306,143,163
E00138651,378,196,182
E00138670,315,165,150
E00138645,320,159,161
E00138658,292,143,149
E00138659,348,184,164
E00138661,363,174,189
E00138664,271,135,136
E00138118,460,179,281
E00138121,400,193,207
E00138122,341,159,182
E00138123,357,176,181
E00138125,367,179,188
E00138124,225,114,111
E00138126,429,214,215
E00138127,266,127,139
E00138129,371,172,199
E00138135,285,124,161
E00138142,197,81,116
E00189119,184,82,102
E00189121,171,78,93
E00189139,145,54,91
E00138128,386,186,200
E00138130,380,187,193
E00138131,324,162,162
E00138132,351,163,188
E00138134,311,131,180
E00138137,381,167,214
E00138145,205,85,120
E00138147,216,101,115
E00138150,360,194,166
E00169256,299,150,149
E00169257,446,214,232
E00169258,299,154,145
E00138119,366,172,194
E00138149,290,149,141
E00138152,153,54,99
E00169259,406,176,230
E00169260,285,132,153
E00138041,159,64,95
E00138042,339,161,178
E00138043,311,141,170
E00138044,428,198,230
E00138045,331,165,166
E00138047,299,147,152
E00138049,335,156,179
E00138027,404,194,210
E00138028,271,129,142
E00138032,261,124,137
E00138033,346,162,184
E00138034,308,155,153
E00138050,388,185,203
E00138026,418,209,209
E00138029,387,197,190
E00138030,332,162,170
E00138048,341,174,167
E00138051,417,204,213
E00138025,321,157,164
E00138031,215,111,104
E00138035,346,159,187
E00138038,290,140,150
E00138052,346,160,186
E00138053,306,165,141
E00138117,574,263,311
E00138133,335,150,185
E00138136,486,217,269
E00138138,463,220,243
E00169276,256,111,145
E00169277,430,216,214
E00138487,333,145,188
E00138489,383,175,208
E00138490,346,174,172
E00138491,408,213,195
E00138495,282,134,148
E00138483,327,152,175
E00138484,453,204,249
E00138493,335,177,158
E00138498,431,226,205
E00138499,339,156,183
E00138485,495,226,269
E00138502,314,147,167
E00138504,303,145,158
E00138507,361,191,170
E00138509,528,270,258
E00138511,388,200,188
E00138143,316,151,165
E00138144,381,176,205
E00138146,308,152,156
E00138148,337,151,186
E00138151,226,97,129
E00138153,388,180,208
E00138539,444,239,205
E00138551,318,172,146
E00138552,217,104,113
E00138553,306,165,141
E00138560,307,153,154
E00138537,301,144,157
E00138554,230,129,101
E00138556,273,148,125
E00138559,286,148,138
E00169253,233,119,114
E00169254,460,226,234
E00169255,317,151,166
E00138555,313,150,163
E00138558,352,158,194
E00138561,350,158,192
E00138562,315,139,176
E00138563,194,82,112
E00138564,587,286,301
E00138503,301,152,149
E00138505,258,124,134
E00138508,308,152,156
E00138510,317,151,166
E00138512,351,172,179
E00189074,464,278,186
E00189172,289,138,151
E00138492,420,200,220
E00138494,458,227,231
E00138496,487,229,258
E00138497,249,132,117
E00138500,271,127,144
E00138501,291,151,140
E00138649,269,135,134
E00138652,392,164,228
E00138667,341,174,167
E00138669,327,164,163
E00169271,508,249,259
E00169272,265,145,120
E00188957,256,106,150
E00189091,178,98,80
E00189116,203,112,91
E00138488,355,174,181
E00169273,276,138,138
E00169275,303,143,160
E00189034,133,65,68
E00189141,146,85,61
E00189161,311,156,155
E00189176,552,312,240
E00138541,379,191,188
E00138543,339,179,160
E00138544,347,176,171
E00138565,378,207,171
E00138538,562,285,277
E00138545,310,167,143
E00138546,272,128,144
E00138548,257,126,131
E00138549,318,160,158
E00138540,420,231,189
E00138542,441,209,232
E00138547,294,148,146
E00138550,507,256,251
E00138623,267,129,138
E00138624,404,203,201
E00138625,332,162,170
E00138626,289,160,129
E00138627,314,162,152
E00138155,348,188,160
E00138167,347,183,164
E00138171,332,163,169
E00138172,355,180,175
E00138157,302,156,146
E00138174,325,157,168
E00138179,322,149,173
E00138181,338,171,167
E00138156,392,187,205
E00138168,311,161,150
E00138169,437,225,212
E00138177,309,151,158
E00138178,513,255,258
E00138170,336,177,159
E00138173,329,182,147
E00138175,300,165,135
E00138176,267,128,139
E00138180,380,208,172
E00138154,269,129,140
E00138158,373,194,179
E00138163,330,179,151
E00138165,300,145,155
E00138166,314,162,152
E00138383,278,137,141
E00138386,314,169,145
E00138387,284,153,131
E00169269,388,208,180
E00169270,407,207,200
E00189019,295,148,147
E00189089,331,188,143
E00138379,363,181,182
E00138380,288,141,147
E00138381,300,151,149
E00138382,319,168,151
E00138385,323,168,155
E00169261,373,180,193
E00169263,142,66,76
E00169265,285,139,146
E00169266,318,142,176
E00189052,301,144,157
E00189162,363,190,173
E00138160,347,166,181
E00138162,359,179,180
E00138164,397,196,201
E00169264,176,82,94
E00169267,130,65,65
E00189000,992,659,333
E00189160,322,168,154
E00138185,176,97,79
E00138186,384,192,192
E00138187,255,134,121
E00138189,342,178,164
E00138190,246,123,123
E00138197,276,134,142
E00138188,282,151,131
E00138191,265,132,133
E00138192,227,118,109
E00138193,307,157,150
E00138194,336,159,177
E00138182,390,188,202
E00138183,459,227,232
E00138198,387,195,192
E00138204,320,170,150
E00138196,346,169,177
E00138199,339,163,176
E00138200,272,141,131
E00138201,387,200,187
E00138184,373,196,177
E00138195,292,149,143
E00138202,308,158,150
E00138206,275,137,138
E00138207,382,190,192
E00138203,288,143,145
E00138205,292,149,143
E00138208,211,121,90
E00138209,334,172,162
E00138210,298,164,134
E00138391,440,232,208
E00138392,406,204,202
E00138393,421,229,192
E00138397,378,179,199
E00138395,379,198,181
E00138399,403,211,192
E00138401,307,159,148
E00189037,327,168,159
E00189126,389,198,191
E00138394,528,258,270
E00138398,380,197,183
E00138402,342,177,165
E00169246,370,185,185
E00169247,225,120,105
E00169248,388,205,183
E00138400,324,165,159
E00169249,366,194,172
E00169250,363,178,185
E00169251,414,196,218
E00169252,427,206,221
E00138376,389,193,196
E00138377,411,230,181
E00138378,355,188,167
E00138785,605,303,302
E00138786,351,178,173
E00138787,288,162,126
E00138788,312,148,164
E00138792,336,167,169
E00138789,343,173,170
E00138790,368,177,191
E00138791,437,219,218
E00138793,217,111,106
E00138794,317,156,161
E00138801,340,176,164
E00138802,358,177,181
E00138803,293,130,163
E00138804,333,171,162
E00138805,190,103,87
E00138806,268,138,130
E00138807,282,147,135
E00138808,232,112,120
E00138809,197,91,106
E00138810,254,130,124
E00138811,321,161,160
E00138812,257,135,122
E00138813,307,155,152
E00138814,286,149,137
E00138815,350,178,172
E00138816,312,168,144
E00138817,250,128,122
E00138818,204,96,108
E00138734,315,158,157
E00138735,337,179,158
E00138738,293,162,131
E00138739,412,206,206
E00138742,488,253,235
E00138736,371,177,194
E00138737,441,235,206
E00138740,400,202,198
E00138743,208,104,104
E00188975,424,220,204
E00189006,421,224,197
E00189145,373,192,181
E00138744,354,184,170
E00138745,275,136,139
E00138746,256,129,127
E00138747,258,140,118
E00138748,331,160,171
E00138927,117,58,59
E00138928,256,131,125
E00138929,260,130,130
E00138930,228,120,108
E00138931,238,125,113
E00138932,280,140,140
E00138933,227,118,109
E00138686,317,157,160
E00138687,303,160,143
E00138688,389,202,187
E00138689,301,151,150
E00138690,292,157,135
E00138691,250,120,130
E00138766,255,138,117
E00138767,258,135,123
E00138769,237,126,111
E00138772,283,134,149
E00138773,283,152,131
E00189075,284,149,135
E00189118,303,165,138
E00189132,251,123,128
E00138795,403,195,208
E00138796,243,121,122
E00138797,354,179,175
E00138798,301,151,150
E00138799,330,173,157
E00138800,306,147,159
E00138853,295,151,144
E00138854,315,159,156
E00138855,298,118,180
E00138856,535,270,265
E00138857,311,165,146
E00138858,272,138,134
E00169297,390,215,175
E00169298,365,176,189
E00169301,396,194,202
E00169307,281,148,133
E00169299,369,170,199
E00169300,400,207,193
E00169302,423,207,216
E00169303,431,211,220
E00169304,376,186,190
E00169305,415,211,204
E00169306,442,228,214
E00169308,447,217,230
E00138762,145,70,75
E00138763,265,129,136
E00138764,334,174,160
E00138765,171,95,76
E00138771,575,296,279
E00189029,300,156,144
E00189055,245,120,125
E00189094,301,156,145
E00138680,118,55,63
E00138681,423,208,215
E00138682,305,148,157
E00138683,356,180,176
E00138684,201,98,103
E00138685,336,168,168
E00138756,245,116,129
E00138757,376,185,191
E00138758,250,122,128
E00138759,419,195,224
E00138760,167,91,76
E00138761,334,169,165
E00138826,148,72,76
E00138827,243,125,118
E00138828,499,246,253
E00138829,269,142,127
E00138830,266,151,115
E00138831,252,132,120
E00138832,152,88,64
E00138877,410,210,200
E00138879,457,239,218
E00138880,449,219,230
E00138888,262,134,128
E00138892,171,85,86
E00138893,197,97,100
E00138895,285,137,148
E00138896,276,145,131
E00138902,211,110,101
E00138903,614,324,290
E00138871,385,190,195
E00138872,417,199,218
E00138873,335,174,161
E00138874,303,146,157
E00138875,401,203,198
E00138878,305,147,158
E00138883,481,237,244
E00138886,336,177,159
E00189012,278,146,132
E00189023,343,169,174
E00189095,266,144,122
E00189097,345,178,167
E00189157,298,152,146
E00189169,305,164,141
E00138876,275,143,132
E00138881,343,173,170
E00138882,297,147,150
E00138884,291,151,140
E00138885,297,155,142
E00138894,166,84,82
E00169289,340,169,171
E00169290,271,142,129
E00169291,245,128,117
E00169292,271,140,131
E00169293,233,122,111
E00169294,187,87,100
E00169295,269,120,149
E00169296,206,96,110
E00138889,351,188,163
E00138897,402,213,189
E00138898,290,152,138
E00138899,126,60,66
E00169309,393,217,176
E00138841,311,145,166
E00138845,312,153,159
E00138850,309,158,151
E00138852,249,124,125
E00189025,353,180,173
E00189177,288,145,143
E00138843,382,185,197
E00138844,252,125,127
E00138847,297,162,135
E00138848,285,140,145
E00138842,548,291,257
E00138846,251,137,114
E00138849,256,148,108
E00138851,277,148,129
E00138904,307,157,150
E00138905,416,201,215
E00138906,288,138,150
E00138909,278,139,139
E00138912,436,229,207
E00138907,379,201,178
E00138908,328,161,167
E00138910,283,150,133
E00138911,409,219,190
E00138913,186,90,96
E00138914,328,172,156
E00138671,199,109,90
E00138672,300,156,144
E00138673,252,128,124
E00138674,142,68,74
E00138675,348,186,162
E00138676,133,63,70
E00138677,278,144,134
E00138678,150,76,74
E00138679,250,117,133
E00138859,598,302,296
E00138860,293,142,151
E00138861,428,222,206
E00138862,309,151,158
E00138863,611,302,309
E00138864,595,288,307
E00138915,348,169,179
E00138916,371,193,178
E00138917,423,213,210
E00138918,307,154,153
E00138919,333,170,163
E00138780,300,146,154
E00138782,342,171,171
E00138784,328,164,164
E00169285,317,171,146
E00169286,606,292,314
E00169287,476,251,225
E00169288,382,202,180
E00138775,483,263,220
E00138776,281,139,142
E00138778,351,180,171
E00138781,286,140,146
E00138783,307,155,152
E00138920,327,166,161
E00138921,320,147,173
E00138922,386,211,175
E00138923,286,147,139
E00138924,318,157,161
E00138925,260,122,138
E00138926,312,153,159
E00138749,318,166,152
E00138750,332,165,167
E00138751,253,134,119
E00169282,369,183,186
E00169284,134,66,68
E00138752,460,231,229
E00138753,438,229,209
E00138754,571,295,276
E00169283,202,101,101
E00138692,300,158,142
E00138697,385,205,180
E00138698,260,129,131
E00138702,298,158,140
E00138703,237,124,113
E00138721,271,139,132
E00138729,398,194,204
E00138730,329,175,154
E00138731,315,148,167
E00138732,256,126,130
E00138722,371,202,169
E00138724,324,165,159
E00138725,314,155,159
E00138727,265,130,135
E00138728,271,136,135
E00138719,248,120,128
E00138720,338,177,161
E00138723,328,157,171
E00138726,323,164,159
E00138733,257,135,122
E00188951,325,171,154
E00188992,314,160,154
E00189064,334,168,166
E00189066,321,161,160
E00189088,320,167,153
E00189114,389,206,183
E00189153,328,170,158
E00138696,290,147,143
E00188961,312,168,144
E00189035,333,162,171
E00189043,328,168,160
E00189060,381,201,180
E00189134,329,158,171
E00189187,299,156,143
E00138699,314,165,149
E00138700,325,167,158
E00138701,282,148,134
E00138704,253,128,125
E00138705,284,134,150
E00138707,312,159,153
E00138711,307,157,150
E00138712,279,140,139
E00138713,243,136,107
E00138706,307,150,157
E00138714,287,147,140
E00138715,300,157,143
E00138717,359,176,183
E00138708,368,179,189
E00138709,224,110,114
E00138710,313,144,169
E00138716,297,163,134
E00138718,450,219,231
E00138819,283,147,136
E00138820,261,129,132
E00138821,347,181,166
E00138822,306,159,147
E00138823,305,160,145
E00138824,312,167,145
E00138825,491,254,237
E00138833,309,149,160
E00138834,338,170,168
E00138835,529,180,349
E00138836,329,167,162
E00138837,341,159,182
E00138838,271,149,122
E00138839,312,155,157
E00138865,401,210,191
E00138866,173,86,87
E00138867,279,145,134
E00138868,408,216,192
E00138869,199,95,104
E00138870,540,277,263
E00169235,312,147,165
E00169236,181,84,97
E00188982,145,100,45
E00189036,337,169,168
E00189115,146,106,40
E00189127,265,134,131
E00189150,274,154,120
E00169233,283,142,141
E00169234,398,190,208
E00169245,560,289,271
E00188997,306,150,156
E00189117,349,170,179
E00138622,312,157,155
E00169244,177,95,82
E00188991,383,202,181
E00189133,347,180,167
E00189158,338,179,159
E00169239,352,177,175
E00169240,304,150,154
E00189017,358,188,170
E00189049,372,199,173
E00189050,369,185,184
E00189085,163,95,68
E00189096,270,147,123
E00189144,363,181,182
E00138637,332,170,162
E00138638,309,152,157
E00138641,208,99,109
E00138642,285,145,140
E00138643,219,122,97
E00138632,326,164,162
E00138633,500,254,246
E00138635,314,161,153
E00138636,394,191,203
E00138640,293,146,147
E00138628,366,193,173
E00138629,378,196,182
E00138630,309,150,159
E00138634,311,151,160
E00188989,381,188,193
E00189073,398,196,202
E00188960,331,158,173
E00188963,355,172,183
E00189016,342,182,160
E00189020,338,185,153
E00189068,370,183,187
E00189136,295,151,144
E00189181,340,180,160
E00098119,457,222,235
E00098120,292,156,136
E00098121,364,179,185
E00098126,413,200,213
E00098127,240,115,125
E00098115,287,142,145
E00098116,317,171,146
E00098117,321,154,167
E00098118,269,146,123
E00098122,223,117,106
E00098124,293,144,149
E00098125,254,129,125
E00098129,436,219,217
E00098134,362,188,174
E00098135,235,119,116
E00179850,278,140,138
E00179889,325,162,163
E00098114,237,107,130
E00098128,273,118,155
E00098131,259,134,125
E00098133,245,126,119
E00098138,224,120,104
E00179874,480,232,248
E00179876,266,131,135
E00098141,284,142,142
E00098142,274,141,133
E00098143,246,128,118
E00098144,265,129,136
E00098236,328,173,155
E00098239,260,142,118
E00098242,283,139,144
E00179867,347,171,176
E00179908,323,160,163
E00098237,248,135,113
E00098238,266,134,132
E00098240,289,151,138
E00098243,309,160,149
E00098500,280,138,142
E00098501,285,147,138
E00098502,214,105,109
E00098503,456,239,217
E00098504,260,129,131
E00098505,331,178,153
E00098506,223,115,108
E00098507,266,142,124
E00098112,249,126,123
E00098123,356,200,156
E00098130,270,131,139
E00098132,273,145,128
E00098137,301,156,145
E00098328,285,140,145
E00098332,275,157,118
E00098337,322,173,149
E00098338,316,151,165
E00098341,280,145,135
E00098454,287,144,143
E00098456,287,140,147
E00098463,251,133,118
E00098465,348,153,195
E00098473,302,156,146
E00098455,296,142,154
E00098461,298,159,139
E00098462,453,240,213
E00098464,327,163,164
E00098472,299,148,151
E00098466,228,107,121
E00098467,282,150,132
E00098469,349,179,170
E00098470,279,136,143
E00098471,258,122,136
E00098335,237,126,111
E00098343,274,154,120
E00098344,562,281,281
E00098345,373,194,179
E00098346,262,138,124
E00098457,531,270,261
E00098458,331,165,166
E00098459,268,140,128
E00098460,265,124,141
E00098468,261,131,130
E00098487,327,168,159
E00098495,328,175,153
E00098496,242,121,121
E00098498,340,156,184
E00098483,367,192,175
E00098484,311,152,159
E00098489,256,125,131
E00098497,244,111,133
E00098491,325,174,151
E00098492,324,167,157
E00098493,316,161,155
E00098494,376,204,172
E00098485,270,132,138
E00098486,311,162,149
E00098488,223,118,105
E00098490,210,112,98
E00098499,304,153,151
E00098219,302,153,149
E00098224,224,123,101
E00098225,249,148,101
E00098228,341,191,150
E00098231,256,137,119
E00098327,298,153,145
E00098329,272,123,149
E00098330,391,204,187
E00098331,303,155,148
E00098334,205,107,98
E00098333,259,122,137
E00098336,408,199,209
E00098339,239,113,126
E00098340,298,150,148
E00098342,294,153,141
E00098399,231,107,124
E00098400,327,161,166
E00098401,292,147,145
E00098405,273,130,143
E00098411,205,106,99
E00098406,303,149,154
E00098408,296,141,155
E00098410,267,128,139
E00098413,261,128,133
E00170716,380,190,190
E00170717,344,192,152
E00098388,487,241,246
E00098394,298,155,143
E00098395,280,127,153
E00098415,340,174,166
E00098261,278,136,142
E00098262,278,146,132
E00098265,299,157,142
E00098271,363,176,187
E00098274,296,154,142
E00098398,226,109,117
E00098402,280,140,140
E00098404,264,134,130
E00098407,297,149,148
E00098409,216,119,97
E00098418,296,148,148
E00098420,300,146,154
E00098421,223,107,116
E00098434,429,215,214
E00098435,269,148,121
E00098419,244,130,114
E00098422,324,176,148
E00098423,269,135,134
E00098425,198,104,94
E00098427,321,164,157
E00098424,299,159,140
E00098426,332,157,175
E00098429,278,153,125
E00098430,243,133,110
E00098139,470,241,229
E00098140,105,50,55
E00098145,341,181,160
E00098146,328,164,164
E00098147,270,126,144
E00098189,184,99,85
E00098193,290,137,153
E00098196,298,160,138
E00098197,283,144,139
E00098199,255,145,110
E00098200,290,147,143
E00098259,291,152,139
E00098263,296,149,147
E00098264,346,169,177
E00098266,246,112,134
E00098267,246,127,119
E00098260,246,115,131
E00098268,359,164,195
E00098269,470,245,225
E00098270,311,159,152
E00098272,269,137,132
E00098273,221,112,109
E00098221,199,103,96
E00098222,277,138,139
E00098227,269,129,140
E00098229,305,153,152
E00098230,315,150,165
E00098232,282,140,142
E00098235,432,226,206
E00098220,267,130,137
E00098223,331,171,160
E00098226,366,192,174
E00098233,271,131,140
E00098234,256,125,131
E00098275,338,177,161
E00098284,270,143,127
E00098285,384,202,182
E00098286,250,125,125
E00098287,367,187,180
E00098289,303,159,144
E00098390,345,177,168
E00098391,282,122,160
E00098396,561,298,263
E00098397,561,298,263
E00098416,250,110,140
E00098389,322,167,155
E00098392,156,76,80
E00098393,307,170,137
E00098412,229,123,106
E00098414,308,158,150
E00098417,275,142,133
E00098428,296,150,146
E00098431,287,143,144
E00098432,276,164,112
E00098433,373,193,180
E00098151,283,141,142
E00098153,307,160,147
E00098157,353,193,160
E00098160,388,201,187
E00098162,335,175,160
E00098148,260,137,123
E00098149,284,143,141
E00098150,238,123,115
E00098152,358,184,174
E00098154,268,139,129
E00098156,273,150,123
E00098173,332,169,163
E00098176,491,254,237
E00098177,313,156,157
E00098178,420,217,203
E00098180,282,142,140
E00098168,327,159,168
E00098169,331,170,161
E00098174,340,175,165
E00098175,307,157,150
E00098190,302,156,146
E00098192,308,153,155
E00098195,250,124,126
E00098198,248,122,126
E00098201,280,141,139
E00098155,443,227,216
E00098158,339,168,171
E00098159,177,86,91
E00098161,298,145,153
E00098163,280,156,124
E00098164,182,91,91
E00098165,282,137,145
E00098185,245,138,107
E00098186,222,114,108
E00098187,287,142,145
E00098188,319,179,140
E00098191,287,139,148
E00098194,283,131,152
E00098206,273,134,139
E00098208,280,150,130
E00098210,248,120,128
E00098211,289,154,135
E00098218,341,175,166
E00170713,134,81,53
E00170714,221,116,105
E00170715,199,97,102
E00098202,272,145,127
E00098204,256,127,129
E00098213,291,153,138
E00098214,369,173,196
E00098215,372,180,192
E00098216,338,186,152
E00098172,296,144,152
E00098181,279,133,146
E00098182,287,145,142
E00098183,255,129,126
E00098184,265,132,133
E00098166,227,114,113
E00098167,311,149,162
E00098170,217,107,110
E00098171,321,167,154
E00098179,305,156,149
E00098203,316,170,146
E00098207,341,166,175
E00098209,486,253,233
E00098212,336,166,170
E00098217,289,148,141
E00098353,290,153,137
E00098354,285,158,127
E00098355,255,136,119
E00098356,356,193,163
E00098357,279,142,137
E00098349,475,231,244
E00098360,422,223,199
E00098362,318,163,155
E00098363,227,120,107
E00098369,305,162,143
E00098278,280,137,143
E00098280,262,139,123
E00098281,275,144,131
E00098283,320,168,152
E00098288,234,108,126
E00098276,291,152,139
E00098277,359,191,168
E00098279,335,180,155
E00098282,212,108,104
E00098290,313,146,167
E00098291,343,162,181
E00098309,333,159,174
E00098313,327,156,171
E00098319,327,163,164
E00098321,270,119,151
E00098323,335,160,175
E00098371,462,231,231
E00098376,403,210,193
E00098377,325,163,162
E00098378,517,245,272
E00098384,406,205,201
E00098447,471,245,226
E00098448,364,198,166
E00098450,342,181,161
E00170711,320,158,162
E00170712,258,127,131
E00179869,139,69,70
E00179890,264,140,124
E00179903,399,207,192
E00098292,295,155,140
E00098294,257,127,130
E00098295,326,161,165
E00098297,275,146,129
E00098293,463,230,233
E00098296,414,218,196
E00098298,357,183,174
E00098300,451,211,240
E00098299,366,185,181
E00098301,352,176,176
E00098302,318,174,144
E00098303,327,169,158
E00098316,375,187,188
E00098317,380,195,185
E00098322,383,193,190
E00098324,427,213,214
E00098311,289,149,140
E00098318,300,153,147
E00098325,383,186,197
E00179895,124,58,66
E00179910,503,256,247
E00098361,270,149,121
E00098366,309,165,144
E00098367,288,145,143
E00098368,302,159,143
E00098347,466,240,226
E00098348,203,99,104
E00098350,357,184,173
E00098352,284,144,140
E00179863,452,237,215
E00179905,244,134,110
E00098358,324,169,155
E00098359,278,148,130
E00098364,320,167,153
E00098365,272,134,138
E00098370,304,153,151
E00098438,357,174,183
E00098439,278,140,138
E00098449,246,132,114
E00098453,241,122,119
E00098436,459,231,228
E00098437,218,111,107
E00098440,337,176,161
E00098441,292,146,146
E00098451,226,113,113
E00098250,349,183,166
E00098253,344,171,173
E00098254,317,171,146
E00098256,314,165,149
E00098257,326,169,157
E00098244,435,212,223
E00098251,194,111,83
E00098252,244,129,115
E00098255,324,178,146
E00098258,371,205,166
E00098246,312,158,154
E00098247,320,173,147
E00098248,327,182,145
E00098249,255,134,121
E00179855,201,98,103
E00179893,434,233,201
E00098474,339,183,156
E00098475,377,191,186
E00098477,355,175,180
E00098478,364,180,184
E00098479,279,143,136
E00098480,312,157,155
E00098481,340,164,176
E00098482,155,83,72
E00179864,250,124,126
E00179878,486,253,233
E00179892,257,123,134
E00179911,182,87,95
E00179912,358,172,186
E00098304,268,145,123
E00098305,257,124,133
E00098306,298,150,148
E00098307,335,165,170
E00098308,275,135,140
E00098312,346,177,169
E00098314,304,166,138
E00098315,309,153,156
E00098320,309,161,148
E00098326,349,179,170
E00098372,284,139,145
E00098379,245,120,125
E00098381,240,123,117
E00098382,372,207,165
E00098383,254,129,125
E00098386,252,132,120
E00098373,348,171,177
E00098374,305,149,156
E00098375,282,143,139
E00098380,360,179,181
E00098385,457,215,242
E00098387,293,145,148
E00098442,274,140,134
E00098443,325,159,166
E00098444,209,119,90
E00165840,461,214,247
E00098511,314,156,158
E00098512,387,200,187
E00098513,285,155,130
E00098515,230,115,115
E00098516,283,149,134
E00098508,360,173,187
E00098509,492,238,254
E00098510,275,141,134
E00098514,243,129,114
E00098517,271,139,132
E00098571,344,160,184
E00098574,332,160,172
E00098575,269,138,131
E00098577,259,142,117
E00098580,399,198,201
E00098581,298,149,149
E00098582,446,221,225
E00098585,364,172,192
E00098588,321,160,161
E00098592,255,131,124
E00098594,290,143,147
E00098595,267,143,124
E00098584,373,192,181
E00098586,294,147,147
E00098587,459,243,216
E00098593,162,85,77
E00098590,459,244,215
E00098591,302,150,152
E00180310,249,128,121
E00180359,465,244,221
E00098572,232,125,107
E00098573,319,165,154
E00098576,334,179,155
E00098578,352,185,167
E00098579,302,147,155
E00098583,275,141,134
E00098597,193,102,91
E00098603,236,121,115
E00098605,323,161,162
E00098607,353,189,164
E00098609,337,169,168
E00098610,130,67,63
E00098737,310,160,150
E00098745,204,95,109
E00098747,270,133,137
E00098748,260,140,120
E00098750,312,162,150
E00098738,275,140,135
E00098739,298,149,149
E00098741,349,180,169
E00098743,302,162,140
E00098744,223,111,112
E00098613,342,170,172
E00098614,347,164,183
E00170731,112,51,61
E00180318,129,68,61
E00180327,499,250,249
E00098599,249,127,122
E00098600,530,266,264
E00098602,251,130,121
E00098604,381,186,195
E00098612,270,132,138
E00098596,427,219,208
E00098601,257,126,131
E00098606,298,140,158
E00098608,285,142,143
E00180358,245,132,113
E00180394,421,227,194
E00098740,296,158,138
E00098742,252,107,145
E00098746,292,149,143
E00098749,282,142,140
E00098534,233,120,113
E00098538,480,242,238
E00098539,311,151,160
E00098540,312,157,155
E00098541,316,168,148
E00098542,383,192,191
E00098532,495,247,248
E00098533,269,131,138
E00098535,314,148,166
E00098536,371,201,170
E00098537,446,230,216
E00098543,357,179,178
E00098546,237,129,108
E00098554,294,141,153
E00098555,264,140,124
E00098556,301,148,153
E00098557,205,108,97
E00098559,400,207,193
E00098561,206,93,113
E00098564,201,105,96
E00098565,334,179,155
E00098567,308,168,140
E00098544,247,126,121
E00098545,497,260,237
E00098548,273,142,131
E00098547,164,101,63
E00098549,185,98,87
E00098550,271,121,150
E00098551,255,129,126
E00098552,265,135,130
E00098553,561,283,278
E00098562,234,124,110
E00098563,223,122,101
E00098566,313,165,148
E00098569,446,212,234
E00098558,294,142,152
E00098560,261,125,136
E00098568,280,152,128
E00098570,258,130,128
E00098629,237,123,114
E00098630,301,162,139
E00098631,332,160,172
E00098632,367,178,189
E00098633,326,165,161
E00098644,350,180,170
E00098651,308,156,152
E00098652,307,151,156
E00098653,343,177,166
E00098660,299,146,153
E00098661,274,137,137
E00098662,341,166,175
E00098663,246,130,116
E00098664,303,153,150
E00098665,247,130,117
E00098666,252,132,120
E00098667,231,118,113
E00098669,378,224,154
E00098670,427,222,205
E00098671,312,173,139
E00098668,387,212,175
E00098672,273,150,123
E00098673,358,190,168
E00098674,337,174,163
E00098683,357,183,174
E00098684,305,147,158
E00098685,342,177,165
E00098686,316,151,165
E00098687,285,154,131
E00098681,272,144,128
E00170734,371,180,191
E00180296,589,294,295
E00180332,113,57,56
E00180383,189,95,94
E00098634,454,229,225
E00098635,334,165,169
E00098636,321,177,144
E00098637,389,198,191
E00098638,388,202,186
E00098639,282,147,135
E00098640,422,212,210
E00098641,429,228,201
E00098642,226,118,108
E00098647,271,129,142
E00098648,269,124,145
E00098649,306,144,162
E00098643,468,242,226
E00098645,468,239,229
E00098646,274,152,122
E00098650,283,145,138
E00098654,254,123,131
E00098655,296,142,154
E00098656,317,169,148
E00098657,387,184,203
E00098658,320,168,152
E00098659,280,142,138
E00098675,330,170,160
E00098676,373,194,179
E00098677,379,182,197
E00098678,359,183,176
E00098679,320,171,149
E00098680,473,229,244
E00098524,402,202,200
E00098526,291,146,145
E00098527,280,152,128
E00098528,292,142,150
E00098531,267,139,128
E00098520,250,127,123
E00098521,271,140,131
E00098522,271,146,125
E00098523,274,137,137
E00098525,466,235,231
E00098723,286,139,147
E00098724,353,175,178
E00098725,405,198,207
E00098726,421,214,207
E00180330,241,124,117
E00180362,449,235,214
E00098727,266,130,136
E00098728,531,270,261
E00098731,311,160,151
E00098735,340,174,166
E00098736,310,153,157
E00098729,349,188,161
E00098730,290,137,153
E00098732,326,174,152
E00098733,269,142,127
E00098734,530,274,256
E00098518,365,186,179
E00098519,255,122,133
E00098529,264,143,121
E00098530,319,153,166
E00098688,353,166,187
E00098696,289,135,154
E00098697,402,202,200
E00098698,277,130,147
E00098700,244,119,125
E00098692,324,169,155
E00098693,222,105,117
E00098694,332,166,166
E00098699,288,148,140
E00098701,481,231,250
E00098709,344,179,165
E00098711,353,158,195
E00098712,317,163,154
E00098713,326,157,169
E00098715,261,124,137
E00098710,251,127,124
E00098714,274,138,136
E00098718,256,120,136
E00098719,319,157,162
E00170732,344,172,172
E00170733,378,199,179
E00098625,272,149,123
E00098626,391,191,200
E00098627,309,152,157
E00098628,358,175,183
E00098616,267,128,139
E00098621,265,133,132
E00098622,254,148,106
E00098623,392,204,188
E00098624,313,146,167
E00098615,245,124,121
E00098617,269,135,134
E00098618,298,148,150
E00098619,301,151,150
E00098620,308,157,151
E00098689,333,175,158
E00098690,441,225,216
E00098695,267,134,133
E00180302,415,206,209
E00180320,204,105,99
E00098702,197,98,99
E00098703,535,254,281
E00098706,148,74,74
E00098708,348,188,160
E00098716,449,224,225
E00098704,368,175,193
E00098705,158,75,83
E00098707,295,153,142
E00098720,209,98,111
E00098721,539,265,274
E00098755,229,115,114
E00098756,213,105,108
E00098764,315,162,153
E00098766,283,142,141
E00098767,225,110,115
E00098751,417,208,209
E00098757,154,77,77
E00098758,232,119,113
E00098761,385,196,189
E00098765,278,146,132
E00098985,284,146,138
E00098987,191,92,99
E00098988,236,119,117
E00098990,327,178,149
E00098993,293,129,164
E00098986,297,151,146
E00098989,259,131,128
E00098992,315,154,161
E00098997,403,202,201
E00098998,284,146,138
E00098984,297,146,151
E00098991,245,138,107
E00098994,239,124,115
E00098995,257,128,129
E00098996,255,124,131
E00098945,436,225,211
E00098946,388,195,193
E00098947,402,211,191
E00098948,529,279,250
E00098939,296,154,142
E00098942,327,165,162
E00098943,278,145,133
E00098949,472,252,220
E00098952,291,145,146
E00098940,371,205,166
E00098941,354,173,181
E00098944,234,124,110
E00098950,270,134,136
E00098951,134,61,73
E00098953,258,121,137
E00098954,188,83,105
E00098959,321,166,155
E00098963,319,170,149
E00098964,356,198,158
E00098966,331,175,156
E00098955,405,215,190
E00098956,405,206,199
E00098957,381,198,183
E00098958,301,145,156
E00098752,288,150,138
E00098760,126,65,61
E00098768,183,91,92
E00098769,160,81,79
E00098770,265,139,126
E00098771,370,189,181
E00098753,250,120,130
E00098754,247,126,121
E00098759,334,168,166
E00098762,258,125,133
E00098763,329,165,164
E00098772,303,148,155
E00098773,283,139,144
E00098777,297,139,158
E00098780,249,110,139
E00098783,319,156,163
E00098774,244,115,129
E00098775,359,187,172
E00098778,307,148,159
E00098779,320,160,160
E00098781,374,202,172
E00098889,564,275,289
E00098890,353,193,160
E00098891,361,171,190
E00098892,290,149,141
E00098893,321,160,161
E00098833,300,157,143
E00098847,291,157,134
E00098848,334,171,163
E00098849,287,147,140
E00098850,301,146,155
E00098828,279,128,151
E00098830,240,128,112
E00098836,193,65,128
E00098839,241,130,111
E00098841,299,136,163
E00098844,320,174,146
E00098835,272,143,129
E00098837,238,119,119
E00098840,224,112,112
E00098842,234,108,126
E00098846,287,140,147
E00180306,161,84,77
E00180311,160,79,81
E00180382,278,151,127
E00098829,227,119,108
E00098832,198,108,90
E00098834,296,147,149
E00098838,258,140,118
E00098843,286,149,137
E00098845,283,146,137
E00098977,278,157,121
E00098978,381,196,185
E00098980,238,121,117
E00098981,298,146,152
E00098983,315,170,145
E00098776,285,155,130
E00098782,313,159,154
E00098784,307,158,149
E00098785,293,155,138
E00098786,275,133,142
E00098787,297,149,148
E00098788,264,139,125
E00098789,266,138,128
E00098790,226,114,112
E00098792,375,166,209
E00098794,248,126,122
E00098796,236,112,124
E00098800,216,125,91
E00098801,299,165,134
E00098798,283,132,151
E00098802,307,153,154
E00098803,323,162,161
E00098804,251,130,121
E00098805,270,135,135
E00098791,599,298,301
E00098793,191,92,99
E00098795,222,115,107
E00098797,312,169,143
E00098799,257,135,122
E00098806,293,153,140
E00098874,358,197,161
E00098879,245,123,122
E00098886,480,240,240
E00098887,316,156,160
E00098872,395,210,185
E00098876,341,172,169
E00098878,243,126,117
E00098881,311,159,152
E00098885,320,154,166
E00098873,284,142,142
E00098880,224,114,110
E00098882,276,143,133
E00098883,235,124,111
E00098888,429,217,212
E00098871,277,140,137
E00098875,314,160,154
E00098877,366,176,190
E00098884,349,180,169
E00098960,369,197,172
E00098961,258,131,127
E00098962,291,144,147
E00098965,384,191,193
E00098967,447,222,225
E00098807,284,149,135
E00098809,538,284,254
E00098810,277,144,133
E00098811,261,133,128
E00098827,277,148,129
E00098968,211,110,101
E00098970,260,133,127
E00098972,332,152,180
E00098976,199,93,106
E00098979,263,123,140
E00098982,232,114,118
E00098969,230,111,119
E00098971,275,135,140
E00098973,277,143,134
E00098974,244,128,116
E00098975,259,131,128
E00099025,229,113,116
E00099026,258,143,115
E00099027,354,179,175
E00099028,243,124,119
E00099031,554,289,265
E00099023,327,163,164
E00099029,324,163,161
E00099032,329,164,165
E00099033,164,82,82
E00099035,189,91,98
E00098910,366,182,184
E00098919,553,288,265
E00098920,365,193,172
E00098921,217,95,122
E00098911,249,132,117
E00098913,239,123,116
E00098917,198,104,94
E00098918,345,169,176
E00098922,243,131,112
E00098912,245,128,117
E00098914,244,121,123
E00098915,250,141,109
E00098916,328,179,149
E00098923,273,143,130
E00098932,223,126,97
E00098933,272,134,138
E00098936,262,127,135
E00098937,302,158,144
E00098924,279,147,132
E00098928,165,67,98
E00098929,174,65,109
E00098930,229,133,96
E00098931,216,108,108
E00098935,147,63,84
E00098925,144,82,62
E00098926,247,122,125
E00098927,163,77,86
E00098934,288,146,142
E00098938,352,179,173
E00098808,265,139,126
E00098812,237,112,125
E00098813,243,129,114
E00098814,228,116,112
E00098815,351,178,173
E00098818,240,127,113
E00098816,284,151,133
E00098819,227,116,111
E00098820,300,150,150
E00098821,279,146,133
E00098824,323,163,160
E00098900,272,138,134
E00098902,294,153,141
E00098903,246,128,118
E00098905,300,164,136
E00098907,223,124,99
E00098909,114,63,51
E00099079,300,154,146
E00099084,249,128,121
E00099085,214,120,94
E00099086,241,117,124
E00099087,287,144,143
E00099088,280,143,137
E00099089,225,112,113
E00099080,309,161,148
E00099092,388,196,192
E00099094,302,157,145
E00099095,293,155,138
E00099096,221,111,110
E00098817,314,134,180
E00098822,331,157,174
E00098825,279,137,142
E00098826,305,142,163
E00180353,101,56,45
E00180385,402,205,197
E00180393,252,126,126
E00098894,282,141,141
E00098895,267,139,128
E00098901,257,123,134
E00098904,290,140,150
E00098908,233,119,114
E00098896,330,178,152
E00098897,328,155,173
E00098898,246,122,124
E00098899,392,213,179
E00098906,194,85,109
E00099022,329,147,182
E00099024,296,158,138
E00099030,470,240,230
E00099034,323,154,169
E00099036,440,222,218
E00173355,237,101,136
E00173356,223,104,119
E00173357,178,91,87
E00173359,171,83,88
E00173362,171,85,86
E00173363,211,102,109
E00099048,526,260,266
E00099049,308,169,139
E00099051,390,219,171
E00099055,284,147,137
E00173358,227,116,111
E00099060,285,140,145
E00099061,212,111,101
E00099062,318,156,162
E00099065,235,115,120
E00099066,261,137,124
E00099059,314,168,146
E00099064,407,212,195
E00099067,339,167,172
E00099074,132,72,60
E00099077,193,89,104
E00099063,288,146,142
E00099068,243,128,115
E00099070,252,137,115
E00099072,313,159,154
E00099076,233,124,109
E00099058,222,112,110
E00099069,285,145,140
E00099071,237,126,111
E00099073,264,137,127
E00099075,294,157,137
E00099090,325,170,155
E00099091,402,222,180
E00099093,304,156,148
E00099097,346,193,153
E00099098,286,143,143
E00099078,240,119,121
E00099081,291,152,139
E00099082,257,135,122
E00099083,322,168,154
E00098855,267,135,132
E00098859,282,133,149
E00098860,273,139,134
E00098861,250,118,132
E00098870,249,135,114
E00098862,254,137,117
E00098864,280,141,139
E00098865,250,128,122
E00098868,317,169,148
E00098869,289,150,139
E00098851,267,138,129
E00098856,232,111,121
E00098857,252,141,111
E00098863,363,201,162
E00098867,259,149,110
E00098852,355,183,172
E00098854,292,158,134
E00098858,475,258,217
E00098866,297,147,150
E00173364,244,130,114
E00173365,236,116,120
E00173366,315,160,155
E00099039,289,147,142
E00099045,288,139,149
E00099046,348,173,175
E00099047,225,111,114
E00099050,328,161,167
E00099037,292,148,144
E00099052,293,142,151
E00099054,263,145,118
E00099056,289,146,143
E00099057,237,121,116
E00099040,465,244,221
E00099042,356,176,180
E00099043,297,154,143
E00099044,300,149,151
E00173353,229,120,109
E00173354,140,48,92
E00173360,260,126,134
E00173361,227,104,123
E00099001,313,174,139
E00099005,312,160,152
E00099006,300,157,143
E00099009,374,187,187
E00099011,358,166,192
E00099007,264,141,123
E00099008,296,154,142
E00099010,210,88,122
E00099019,321,161,160
E00099020,314,162,152
E00099021,199,105,94
E00098999,168,93,75
E00099000,207,96,111
E00099015,243,122,121
E00099016,266,138,128
E00099017,375,190,185
E00099018,234,124,110
E00099002,274,127,147
E00099003,252,130,122
E00099004,202,118,84
E00099012,232,117,115
E00099013,377,201,176
E00099014,211,95,116
E00099142,222,120,102
E00099143,277,138,139
E00099144,303,155,148
E00099145,268,134,134
E00099146,299,140,159
E00174339,419,211,208
E00099229,296,145,151
E00099230,292,140,152
E00099232,288,147,141
E00099235,230,115,115
E00099236,240,129,111
E00099237,260,137,123
E00099226,451,248,203
E00099227,360,176,184
E00099228,160,80,80
E00099231,294,166,128
E00099233,196,102,94
E00099234,349,199,150
E00099238,297,149,148
E00099321,262,147,115
E00099322,243,129,114
E00099323,250,131,119
E00099324,281,145,136
E00099325,283,142,141
E00099326,205,105,100
E00099327,233,106,127
E00099125,221,123,98
E00099126,281,143,138
E00099131,164,88,76
E00099137,281,143,138
E00099138,195,103,92
E00099139,237,127,110
E00099155,225,121,104
E00099156,195,99,96
E00099157,250,132,118
E00099158,401,212,189
E00099159,185,98,87
E00099160,232,123,109
E00099161,284,147,137
E00099169,259,131,128
E00099170,342,175,167
E00099171,304,164,140
E00099172,269,146,123
E00099173,157,82,75
E00099174,138,78,60
E00099175,142,79,63
E00099255,201,113,88
E00099256,185,88,97
E00099260,318,160,158
E00099261,113,54,59
E00174337,403,206,197
E00174338,334,165,169
E00099184,236,128,108
E00099185,523,279,244
E00099192,215,115,100
E00099193,470,268,202
E00099194,452,243,209
E00099195,209,106,103
E00099196,375,194,181
E00099202,117,62,55
E00099284,537,274,263
E00099285,310,162,148
E00099286,289,140,149
E00099288,262,132,130
E00099275,292,152,140
E00099276,288,155,133
E00099287,290,148,142
E00099289,267,135,132
E00099291,283,139,144
E00099274,286,143,143
E00099277,394,195,199
E00099278,262,136,126
E00099279,282,141,141
E00099306,252,129,123
E00099307,298,156,142
E00099308,325,161,164
E00099309,304,150,154
E00099295,546,273,273
E00099296,404,225,179
E00099297,283,150,133
E00099305,341,171,170
E00099265,256,129,127
E00099266,314,159,155
E00099267,333,173,160
E00099268,268,134,134
E00099269,221,116,105
E00099262,277,135,142
E00099263,277,139,138
E00099264,222,112,110
E00174334,351,183,168
E00180294,320,163,157
E00099280,344,178,166
E00099281,181,88,93
E00099282,272,140,132
E00099283,393,186,207
E00099290,183,82,101
E00099292,404,198,206
E00099293,375,196,179
E00099298,303,139,164
E00099299,289,156,133
E00099300,229,134,95
E00099294,265,136,129
E00099301,254,128,126
E00099302,222,118,104
E00099303,261,137,124
E00099304,385,205,180
E00099328,385,191,194
E00099329,361,198,163
E00099330,303,154,149
E00099331,368,179,189
E00099332,183,95,88
E00099335,271,135,136
E00099337,376,202,174
E00099338,388,189,199
E00099346,207,113,94
E00099347,304,150,154
E00099334,259,130,129
E00099348,219,106,113
E00099349,171,90,81
E00099351,270,142,128
E00180333,459,240,219
E00180366,163,82,81
E00099336,419,218,201
E00099339,186,100,86
E00099343,316,168,148
E00099344,210,106,104
E00099333,356,194,162
E00099340,286,144,142
E00099341,412,217,195
E00099342,232,128,104
E00099345,292,154,138
E00099101,353,186,167
E00099103,374,171,203
E00099104,293,165,128
E00099105,195,102,93
E00099106,225,104,121
E00099110,232,131,101
E00099111,254,128,126
E00099162,157,71,86
E00099163,110,51,59
E00099164,314,140,174
E00099165,234,112,122
E00099166,239,125,114
E00099167,359,184,175
E00099168,357,172,185
E00099205,129,68,61
E00099206,185,96,89
E00099207,426,213,213
E00099208,132,66,66
E00099209,320,156,164
E00099210,114,57,57
E00099211,139,70,69
E00099212,134,71,63
E00099239,166,79,87
E00099240,187,92,95
E00099241,328,174,154
E00099242,196,101,95
E00099243,245,131,114
E00099244,200,100,100
E00099245,243,124,119
E00099246,290,142,148
E00099099,284,143,141
E00099100,261,143,118
E00099102,296,150,146
E00099107,398,207,191
E00099108,323,159,164
E00099109,234,117,117
E00099113,506,275,231
E00099122,265,142,123
E00099124,361,177,184
E00180342,508,268,240
E00180351,196,96,100
E00099115,272,143,129
E00099117,314,158,156
E00099120,578,299,279
E00180319,318,154,164
E00180368,224,125,99
E00180380,430,234,196
E00099112,344,176,168
E00099118,410,212,198
E00099119,340,185,155
E00099121,310,154,156
E00099123,358,186,172
E00099150,447,226,221
E00099151,469,259,210
E00099152,490,250,240
E00099153,214,108,106
E00099154,382,179,203
E00099176,311,153,158
E00099177,280,142,138
E00099178,196,99,97
E00099179,241,121,120
E00099180,162,77,85
E00099181,242,115,127
E00099182,201,102,99
E00099183,210,107,103
E00099213,457,216,241
E00099214,381,192,189
E00099215,261,128,133
E00099216,423,223,200
E00099217,238,122,116
E00099219,192,102,90
E00174335,589,71,518
E00174336,142,68,74
E00099310,313,157,156
E00099311,220,113,107
E00099312,493,251,242
E00099313,304,155,149
E00099314,405,191,214
E00099129,250,137,113
E00099134,243,133,110
E00099136,248,135,113
E00099140,359,179,180
E00099141,259,129,130
E00099127,263,163,100
E00099128,302,169,133
E00099130,191,94,97
E00099132,223,122,101
E00099133,320,172,148
E00099135,223,122,101
E00099187,272,149,123
E00099188,275,150,125
E00099189,207,111,96
E00099190,325,169,156
E00099197,272,139,133
E00099203,182,93,89
E00099204,170,103,67
E00099186,314,149,165
E00099191,255,145,110
E00099198,174,93,81
E00099199,226,116,110
E00099200,251,129,122
E00099201,267,137,130
E00099220,297,158,139
E00099221,198,108,90
E00099222,354,173,181
E00099223,303,147,156
E00099224,244,126,118
E00099225,257,122,135
E00099247,133,77,56
E00099248,308,161,147
E00099249,229,127,102
E00099250,263,136,127
E00099251,265,140,125
E00099252,212,100,112
E00099253,108,59,49
E00099315,328,161,167
E00099316,327,171,156
E00099317,323,158,165
E00099318,269,147,122
E00099319,253,134,119
E00099320,320,163,157
E00099385,329,155,174
E00099390,277,146,131
E00099391,266,127,139
E00099397,200,108,92
E00099398,342,175,167
E00099387,292,158,134
E00099393,255,123,132
E00099394,308,156,152
E00099395,298,160,138
E00099396,285,149,136
E00099489,231,123,108
E00099490,317,176,141
E00099491,342,167,175
E00099492,396,210,186
E00099493,262,125,137
E00099483,307,149,158
E00099488,253,130,123
E00099494,368,175,193
E00099495,360,190,170
E00099484,278,138,140
E00099485,266,140,126
E00099486,276,138,138
E00099487,255,120,135
E00099496,263,147,116
E00099452,369,187,182
E00099462,331,172,159
E00099463,482,267,215
E00099464,228,112,116
E00099465,292,152,140
E00099466,254,120,134
E00099471,292,154,138
E00099472,312,159,153
E00099473,245,129,116
E00099479,286,158,128
E00170720,212,94,118
E00170721,222,111,111
E00170726,289,140,149
E00099467,335,170,165
E00099468,271,122,149
E00099475,285,136,149
E00099476,290,145,145
E00099481,184,84,100
E00099469,262,132,130
E00099470,261,147,114
E00099474,270,130,140
E00099477,243,122,121
E00099478,305,143,162
E00099482,191,86,105
E00099531,438,209,229
E00099536,271,134,137
E00099537,439,226,213
E00099538,271,134,137
E00099539,345,169,176
E00099611,276,136,140
E00099614,252,124,128
E00099615,349,174,175
E00099618,392,191,201
E00099523,291,153,138
E00099524,322,165,157
E00099525,301,145,156
E00099526,331,163,168
E00099528,265,139,126
E00099529,252,129,123
E00099519,274,139,135
E00099520,283,145,138
E00099521,235,131,104
E00099522,322,163,159
E00099527,306,153,153
E00099530,399,200,199
E00099677,427,228,199
E00099678,269,132,137
E00099679,272,141,131
E00099680,365,188,177
E00099681,329,178,151
E00099682,329,165,164
E00099683,232,111,121
E00099532,302,146,156
E00099535,324,170,154
E00099540,347,178,169
E00099541,338,159,179
E00099686,300,152,148
E00099688,305,152,153
E00099691,295,162,133
E00099694,231,128,103
E00099696,242,123,119
E00099697,362,198,164
E00099687,304,154,150
E00099689,318,159,159
E00099692,382,190,192
E00099693,308,160,148
E00099699,319,169,150
E00099684,296,136,160
E00099685,288,149,139
E00099690,269,128,141
E00099695,294,146,148
E00099698,241,126,115
E00099456,324,160,164
E00099457,355,179,176
E00099458,311,163,148
E00099461,240,120,120
E00170722,310,148,162
E00170729,396,195,201
E00099451,298,152,146
E00099453,333,163,170
E00099454,372,197,175
E00099459,440,232,208
E00179848,281,145,136
E00179861,275,148,127
E00179866,349,185,164
E00099533,272,126,146
E00099534,330,172,158
E00099542,276,137,139
E00099543,253,134,119
E00099613,294,143,151
E00099621,300,155,145
E00099622,246,126,120
E00099623,231,118,113
E00099624,294,155,139
E00099612,289,147,142
E00099616,260,127,133
E00099617,313,156,157
E00099619,293,152,141
E00099620,311,150,161
E00099502,294,145,149
E00099505,270,149,121
E00099506,269,138,131
E00099508,281,130,151
E00099513,352,186,166
E00099501,305,162,143
E00099503,262,128,134
E00099507,259,140,119
E00099512,283,145,138
E00099514,272,137,135
E00099516,271,128,143
E00099497,287,147,140
E00099500,276,144,132
E00099504,397,221,176
E00099509,213,104,109
E00099511,212,119,93
E00099498,221,112,109
E00099499,256,136,120
E00099510,247,117,130
E00099515,285,145,140
E00099517,251,121,130
E00099518,206,99,107
E00099447,543,303,240
E00099448,218,115,103
E00099449,184,88,96
E00099450,256,137,119
E00099628,306,156,150
E00099629,394,208,186
E00099637,328,164,164
E00099638,315,161,154
E00099639,283,135,148
E00099625,322,170,152
E00099627,332,171,161
E00099630,347,198,149
E00099633,243,113,130
E00099634,343,175,168
E00099626,256,131,125
E00099632,327,177,150
E00099635,322,158,164
E00099636,338,177,161
E00170718,272,127,145
E00170719,392,209,183
E00099642,317,158,159
E00099643,273,133,140
E00099648,257,116,141
E00099653,304,156,148
E00099644,340,198,142
E00099645,283,146,137
E00099646,226,107,119
E00099649,298,156,142
E00099650,281,143,138
E00099589,294,147,147
E00099590,359,187,172
E00099591,295,155,140
E00099595,346,173,173
E00099587,311,155,156
E00099606,399,206,193
E00099607,281,145,136
E00099608,363,172,191
E00099609,284,148,136
E00099596,326,194,132
E00099602,316,159,157
E00099603,295,152,143
E00099604,276,142,134
E00099605,257,139,118
E00099588,270,139,131
E00099592,291,150,141
E00099593,272,137,135
E00099594,231,125,106
E00099610,262,143,119
E00099597,319,161,158
E00099598,347,177,170
E00099599,230,128,102
E00099600,254,138,116
E00099601,293,149,144
E00099399,332,160,172
E00099410,307,162,145
E00099411,343,183,160
E00099412,221,106,115
E00099413,306,155,151
E00099400,314,158,156
E00099401,335,171,164
E00099403,341,161,180
E00099405,225,107,118
E00099414,264,137,127
E00099415,263,145,118
E00099417,269,140,129
E00099418,305,153,152
E00099425,285,157,128
E00099426,249,130,119
E00099427,228,135,93
E00099433,318,157,161
E00099422,247,117,130
E00099423,294,147,147
E00099424,282,151,131
E00099430,269,136,133
E00099431,347,170,177
E00099640,248,133,115
E00099641,237,117,120
E00099647,273,144,129
E00099651,343,180,163
E00099652,319,153,166
E00099373,264,143,121
E00099376,265,129,136
E00099377,364,187,177
E00099380,265,134,131
E00099383,290,147,143
E00099428,258,130,128
E00099429,333,166,167
E00099432,303,152,151
E00099434,287,134,153
E00099435,382,205,177
E00099419,211,102,109
E00099420,306,160,146
E00099421,247,124,123
E00099436,302,159,143
E00099437,358,186,172
E00099704,335,164,171
E00099709,282,140,142
E00099712,258,129,129
E00099714,231,112,119
E00099717,277,136,141
E00099703,348,184,164
E00099721,253,126,127
E00170724,132,63,69
E00179846,406,212,194
E00179859,439,222,217
E00179896,224,113,111
E00099402,284,148,136
E00099404,279,139,140
E00099406,255,129,126
E00099407,259,129,130
E00099408,286,137,149
E00099409,358,211,147
E00099416,264,130,134
E00099547,304,148,156
E00099549,245,126,119
E00099554,224,111,113
E00099557,289,150,139
E00099559,211,96,115
E00099562,261,123,138
E00099566,278,149,129
E00099567,290,139,151
E00099583,253,132,121
E00099584,306,149,157
E00099585,262,129,133
E00099586,255,127,128
E00099570,233,111,122
E00099573,347,183,164
E00099574,276,136,140
E00099578,249,128,121
E00099579,298,144,154
E00099581,283,147,136
E00099368,327,171,156
E00099369,247,133,114
E00099375,264,135,129
E00099381,266,136,130
E00099382,244,132,112
E00099370,289,147,142
E00099371,275,136,139
E00099372,246,137,109
E00099374,197,100,97
E00099378,329,171,158
E00099379,237,130,107
E00099440,256,132,124
E00099441,419,211,208
E00099443,263,128,135
E00099444,286,143,143
E00099445,277,135,142
E00099439,275,144,131
E00099442,353,183,170
E00099446,279,137,142
E00170727,313,154,159
E00170728,308,146,162
E00099555,346,186,160
E00099556,324,161,163
E00099558,276,143,133
E00099560,227,110,117
E00099561,273,139,134
E00099546,247,126,121
E00099548,328,172,156
E00099551,281,154,127
E00099563,323,145,178
E00099564,212,109,103
E00099544,501,271,230
E00099545,318,162,156
E00099550,234,112,122
E00099552,372,186,186
E00099553,269,131,138
E00099568,323,164,159
E00099571,355,171,184
E00099576,282,145,137
E00099577,304,157,147
E00179885,367,198,169
E00179886,315,150,165
E00099565,257,116,141
E00099569,379,194,185
E00099575,275,145,130
E00099580,234,126,108
E00099582,305,148,157
E00099658,280,135,145
E00099659,255,127,128
E00099662,247,125,122
E00099664,237,119,118
E00099669,364,183,181
E00099654,306,152,154
E00099666,298,156,142
E00099667,273,138,135
E00099670,270,145,125
E00099672,255,122,133
E00099655,274,130,144
E00099657,328,173,155
E00099661,382,175,207
E00099674,303,150,153
E00099675,219,124,95
E00099656,293,142,151
E00099660,298,149,149
E00099663,238,116,122
E00099665,243,131,112
E00099668,269,133,136
E00099671,273,154,119
E00099673,296,149,147
E00099676,262,134,128
E00099700,233,123,110
E00099710,357,180,177
E00099715,303,152,151
E00099718,499,254,245
E00099720,386,192,194
E00099701,266,135,131
E00099702,301,148,153
E00099716,356,181,175
E00099719,295,152,143
E00099706,294,153,141
E00099708,428,213,215
E00099711,263,132,131
E00099713,330,175,155
E00099352,318,168,150
E00099356,311,179,132
E00099360,354,174,180
E00099366,285,143,142
E00099359,286,144,142
E00099363,333,169,164
E00179851,375,182,193
E00179865,151,75,76
E00179906,401,210,191
E00099353,282,144,138
E00099358,196,100,96
E00099361,254,142,112
E00099364,317,155,162
E00099365,320,158,162
E00099384,510,275,235
E00099386,278,139,139
E00099388,302,163,139
E00099389,321,171,150
E00099392,296,146,150
E00099354,347,169,178
E00099357,263,126,137
E00099367,324,160,164
E00165841,277,144,133
E00099832,341,191,150
E00099833,337,163,174
E00099835,238,117,121
E00099836,229,124,105
E00099840,329,179,150
E00099934,287,162,125
E00099935,448,222,226
E00099936,215,121,94
E00099938,131,71,60
E00099942,261,126,135
E00099933,308,162,146
E00099937,236,126,110
E00099939,262,130,132
E00099940,255,136,119
E00099941,269,140,129
E00099991,347,173,174
E00099992,359,176,183
E00099993,387,183,204
E00099994,446,228,218
E00099995,345,176,169
E00099996,340,169,171
E00099817,253,143,110
E00099819,308,163,145
E00099823,315,183,132
E00099824,287,148,139
E00099818,293,145,148
E00099820,308,160,148
E00099821,296,146,150
E00099822,349,185,164
E00099825,239,129,110
E00099826,268,138,130
E00099827,268,145,123
E00099828,276,141,135
E00099829,272,144,128
E00099830,267,146,121
E00099831,309,161,148
E00099837,328,153,175
E00099838,307,150,157
E00099839,307,159,148
E00099842,302,154,148
E00099834,311,164,147
E00099841,257,136,121
E00099843,268,137,131
E00099844,350,172,178
E00099845,296,146,150
E00099871,222,105,117
E00099872,431,216,215
E00099877,313,155,158
E00099878,282,141,141
E00099879,219,121,98
E00099868,237,130,107
E00099870,230,108,122
E00099873,245,120,125
E00099874,353,161,192
E00099876,330,171,159
E00180338,333,151,182
E00180377,120,68,52
E00099869,351,173,178
E00099880,284,141,143
E00099881,246,132,114
E00099882,268,130,138
E00099921,223,120,103
E00099922,406,219,187
E00099925,299,154,145
E00099931,363,171,192
E00099923,359,179,180
E00099927,128,58,70
E00099932,340,173,167
E00170736,292,154,138
E00170737,381,202,179
E00170738,354,182,172
E00170739,451,223,228
E00100018,255,124,131
E00100019,339,188,151
E00100020,342,181,161
E00100021,259,123,136
E00100022,264,140,124
E00100023,217,113,104
E00100024,187,98,89
E00100025,239,123,116
E00099810,313,161,152
E00099813,259,125,134
E00099815,254,144,110
E00099816,234,127,107
E00170740,397,202,195
E00180321,259,135,124
E00180337,445,244,201
E00099920,298,143,155
E00099926,188,98,90
E00099928,229,110,119
E00099929,224,120,104
E00099930,214,115,99
E00099943,138,69,69
E00099944,269,141,128
E00099945,216,104,112
E00099946,122,63,59
E00099947,292,148,144
E00099948,367,187,180
E00099949,176,88,88
E00099950,293,142,151
E00099962,268,132,136
E00099965,517,261,256
E00099969,564,292,272
E00099970,386,194,192
E00099958,260,143,117
E00099959,319,169,150
E00099960,206,113,93
E00099964,250,124,126
E00099966,299,147,152
E00099961,564,301,263
E00099963,410,201,209
E00099967,359,181,178
E00099968,197,90,107
E00099908,351,170,181
E00099909,388,189,199
E00099913,262,112,150
E00099918,263,140,123
E00099919,299,150,149
E00099907,283,142,141
E00099910,261,131,130
E00099911,262,138,124
E00099912,346,169,177
E00099906,259,132,127
E00099914,304,149,155
E00099915,329,162,167
E00099916,291,141,150
E00099917,286,144,142
E00099951,298,144,154
E00099952,310,163,147
E00099953,202,99,103
E00099954,212,108,104
E00099955,299,145,154
E00099956,201,104,97
E00099957,342,187,155
E00100000,355,184,171
E00100009,232,131,101
E00100010,293,143,150
E00100011,318,158,160
E00100012,226,119,107
E00099730,237,125,112
E00099735,244,122,122
E00099738,270,142,128
E00099740,304,150,154
E00099742,277,138,139
E00099846,172,86,86
E00099847,247,117,130
E00099848,296,154,142
E00099849,278,140,138
E00099850,269,133,136
E00099851,116,54,62
E00099852,264,136,128
E00099853,350,177,173
E00099891,399,209,190
E00099893,306,156,150
E00099894,282,138,144
E00099901,281,152,129
E00099903,235,113,122
E00099895,246,113,133
E00099897,242,131,111
E00099898,153,80,73
E00099902,254,126,128
E00099904,253,131,122
E00099905,264,128,136
E00099892,245,115,130
E00099896,284,148,136
E00099899,262,128,134
E00099900,322,172,150
E00099734,307,153,154
E00099736,287,155,132
E00099737,261,128,133
E00099739,258,122,136
E00099741,354,187,167
E00099731,278,137,141
E00099732,245,124,121
E00099733,418,210,208
E00180303,227,135,92
E00180331,498,247,251
E00180386,132,69,63
E00099998,260,139,121
E00099999,387,188,199
E00100007,225,112,113
E00100008,405,212,193
E00100014,297,138,159
E00100002,265,135,130
E00100003,367,183,184
E00100004,262,136,126
E00100005,284,140,144
E00100006,350,186,164
E00100017,228,116,112
E00099997,285,145,140
E00100001,319,163,156
E00100013,321,159,162
E00100015,366,194,172
E00100016,266,142,124
E00099722,306,163,143
E00099723,197,98,99
E00099724,181,76,105
E00099725,246,129,117
E00099726,234,117,117
E00099727,267,132,135
E00099728,276,144,132
E00099750,248,122,126
E00099759,311,150,161
E00099760,286,125,161
E00099762,215,105,110
E00099763,235,135,100
E00099752,245,120,125
E00099753,263,131,132
E00099754,248,112,136
E00099756,100,49,51
E00099758,227,104,123
E00099786,383,206,177
E00099789,336,172,164
E00099790,272,139,133
E00099795,333,164,169
E00099796,460,244,216
E00099785,210,117,93
E00099787,183,84,99
E00099788,286,136,150
E00099791,194,96,98
E00099792,252,138,114
E00099793,298,152,146
E00099794,316,163,153
E00099751,315,160,155
E00099755,295,141,154
E00099757,303,154,149
E00099761,307,149,158
E00099798,248,130,118
E00099799,293,158,135
E00099801,332,164,168
E00099808,307,162,145
E00099972,251,128,123
E00099975,331,177,154
E00099977,308,159,149
E00099978,240,124,116
E00099980,346,178,168
E00099971,249,114,135
E00099973,279,141,138
E00099974,239,121,118
E00099976,339,156,183
E00099984,242,126,116
E00099979,346,187,159
E00099981,379,211,168
E00099982,376,216,160
E00099983,543,282,261
E00099743,333,160,173
E00099744,324,159,165
E00099745,512,267,245
E00099746,261,128,133
E00099747,415,210,205
E00099748,326,159,167
E00099749,416,202,214
E00099797,429,229,200
E00099800,293,155,138
E00099803,278,143,135
E00099804,356,184,172
E00099809,130,76,54
E00099802,487,246,241
E00099805,317,148,169
E00099806,287,145,142
E00099807,347,174,173
E00099985,303,152,151
E00099986,243,114,129
E00099987,339,164,175
E00099988,299,152,147
E00099989,285,155,130
E00099990,259,135,124
E00099764,358,173,185
E00099765,231,124,107
E00099766,302,160,142
E00099767,265,132,133
E00099768,324,167,157
E00099769,400,211,189
E00099770,298,151,147
E00099771,335,176,159
E00099775,385,190,195
E00099776,261,126,135
E00099780,311,155,156
E00180316,517,274,243
E00180326,260,125,135
E00099772,197,107,90
E00099777,298,155,143
E00099778,253,131,122
E00099779,359,179,180
E00099781,307,154,153
E00099773,281,149,132
E00099782,230,114,116
E00099783,267,135,132
E00180307,361,180,181
E00180372,344,179,165
E00099855,225,107,118
E00099856,317,157,160
E00099857,244,125,119
E00099858,329,165,164
E00099859,129,62,67
E00099867,147,79,68
E00099854,154,69,85
E00099861,273,136,137
E00099862,287,153,134
E00099866,331,168,163
E00099860,271,136,135
E00099863,322,154,168
E00099864,305,164,141
E00099865,225,131,94
E00099883,376,188,188
E00099884,257,116,141
E00099885,253,131,122
E00099886,268,135,133
E00099889,313,158,155
E00099890,338,163,175
E00180295,392,184,208
E00100210,332,175,157
E00100211,380,188,192
E00100215,240,126,114
E00100217,179,86,93
E00100214,319,163,156
E00100216,341,178,163
E00100218,318,158,160
E00100219,364,181,183
E00100212,295,156,139
E00100213,346,166,180
E00100220,261,139,122
E00100221,386,193,193
E00100223,348,168,180
E00100235,313,156,157
E00100238,265,128,137
E00100239,333,168,165
E00100225,336,193,143
E00100227,312,155,157
E00100228,314,164,150
E00100230,378,185,193
E00100222,388,202,186
E00100229,384,195,189
E00100231,240,124,116
E00100232,225,126,99
E00100233,201,100,101
E00100224,336,168,168
E00100226,202,106,96
E00100234,268,133,135
E00100236,407,216,191
E00100237,250,136,114
E00100084,278,146,132
E00100085,296,146,150
E00100087,273,145,128
E00100090,273,136,137
E00100091,273,147,126
E00100092,269,127,142
E00100086,296,148,148
E00100088,217,117,100
E00100089,234,122,112
E00100093,208,107,101
E00100094,250,139,111
E00100095,356,181,175
E00100142,247,132,115
E00100144,304,148,156
E00100146,279,163,116
E00100147,272,141,131
E00100148,180,94,86
E00100149,232,119,113
E00100152,276,131,145
E00100282,328,171,157
E00100283,355,179,176
E00100284,314,170,144
E00100285,284,144,140
E00100286,260,141,119
E00100287,206,103,103
E00100100,277,146,131
E00100102,243,125,118
E00100107,323,194,129
E00100108,303,166,137
E00100109,254,129,125
E00100099,325,151,174
E00100101,299,148,151
E00100104,319,161,158
E00100105,211,107,104
E00100106,277,144,133
E00100096,254,129,125
E00100097,356,194,162
E00100098,442,240,202
E00100103,308,151,157
E00100111,303,152,151
E00100113,311,156,155
E00100116,322,167,155
E00100117,211,112,99
E00100118,195,86,109
E00100120,204,95,109
E00100334,318,169,149
E00100335,304,129,175
E00100336,296,152,144
E00100337,337,169,168
E00100338,302,150,152
E00100339,257,144,113
E00100032,290,149,141
E00100033,271,145,126
E00100034,356,169,187
E00100035,314,158,156
E00100036,253,132,121
E00100037,269,138,131
E00100038,224,122,102
E00100128,258,140,118
E00100129,274,143,131
E00100132,243,128,115
E00100133,389,198,191
E00100134,356,185,171
E00100135,131,65,66
E00100140,139,76,63
E00100130,271,136,135
E00100131,292,151,141
E00100136,295,155,140
E00100137,362,192,170
E00100138,229,118,111
E00100139,237,112,125
E00100167,280,144,136
E00100169,378,189,189
E00100173,256,141,115
E00100174,163,81,82
E00100176,259,124,135
E00100112,317,158,159
E00100119,326,164,162
E00100122,281,144,137
E00100124,327,164,163
E00100114,293,152,141
E00100115,304,156,148
E00100121,314,153,161
E00100123,295,161,134
E00100110,362,180,182
E00100125,296,160,136
E00100126,280,145,135
E00100127,304,148,156
E00100168,426,217,209
E00100175,249,130,119
E00100177,281,136,145
E00100180,219,121,98
E00100183,237,121,116
E00100170,329,182,147
E00100171,309,153,156
E00100172,357,177,180
E00100178,201,104,97
E00100181,260,139,121
E00100182,190,101,89
E00180325,458,235,223
E00180381,159,87,72
E00100185,580,295,285
E00100186,258,134,124
E00100189,290,150,140
E00100196,441,220,221
E00100309,305,143,162
E00100310,234,125,109
E00100312,267,144,123
E00100313,244,122,122
E00100314,206,105,101
E00100316,308,154,154
E00100317,416,202,214
E00100318,319,164,155
E00100319,282,140,142
E00100320,312,154,158
E00100307,318,166,152
E00100308,254,124,130
E00100311,230,114,116
E00100315,283,146,137
E00100039,253,131,122
E00100040,365,189,176
E00100041,318,166,152
E00100042,252,131,121
E00100043,265,137,128
E00100046,129,65,64
E00100047,248,130,118
E00100048,237,124,113
E00100044,286,155,131
E00100045,329,174,155
E00100049,297,143,154
E00100050,348,174,174
E00100051,246,120,126
E00100340,238,118,120
E00100341,266,148,118
E00100344,269,127,142
E00100355,200,114,86
E00100356,209,109,100
E00100357,196,104,92
E00100343,336,167,169
E00100348,107,56,51
E00100350,326,178,148
E00100351,296,169,127
E00100358,256,127,129
E00100187,275,143,132
E00100191,367,191,176
E00100192,249,117,132
E00100194,280,146,134
E00100184,221,95,126
E00100188,277,123,154
E00100190,227,113,114
E00100193,328,162,166
E00180375,249,119,130
E00180389,511,270,241
E00100197,220,112,108
E00100198,267,142,125
E00100199,256,111,145
E00100201,364,179,185
E00100202,292,157,135
E00100204,451,234,217
E00180360,329,160,169
E00180392,214,117,97
E00100200,331,167,164
E00100205,416,215,201
E00100206,325,172,153
E00100207,234,103,131
E00100208,256,127,129
E00100209,220,107,113
E00100249,420,218,202
E00100250,286,143,143
E00100251,383,188,195
E00100253,293,154,139
E00100255,263,138,125
E00100321,271,133,138
E00100324,339,176,163
E00100326,277,139,138
E00100327,266,145,121
E00100331,253,125,128
E00100026,274,151,123
E00100027,359,177,182
E00100028,404,207,197
E00100029,290,138,152
E00100030,274,145,129
E00100031,358,190,168
E00100057,374,156,218
E00100058,411,219,192
E00100060,273,140,133
E00100061,225,116,109
E00100062,230,125,105
E00100070,260,143,117
E00100329,360,167,193
E00100330,228,114,114
E00100332,579,280,299
E00180299,407,194,213
E00180348,290,146,144
E00100346,283,138,145
E00100349,281,149,132
E00100352,358,179,179
E00180350,444,221,223
E00180399,165,90,75
E00100342,511,267,244
E00100345,316,166,150
E00100347,275,161,114
E00100354,242,123,119
E00100240,270,141,129
E00100241,255,120,135
E00100243,282,140,142
E00100252,260,133,127
E00100242,257,132,125
E00100254,327,161,166
E00100256,337,182,155
E00100257,323,161,162
E00100258,225,104,121
E00100244,293,155,138
E00100245,210,106,104
E00100246,443,231,212
E00100247,232,117,115
E00100248,267,135,132
E00100264,261,133,128
E00100265,298,166,132
E00100269,286,133,153
E00100270,306,157,149
E00100271,390,188,202
E00100272,269,138,131
E00100263,283,148,135
E00100266,330,170,160
E00100267,254,130,124
E00100268,346,176,170
E00100273,443,221,222
E00100322,299,169,130
E00100323,389,194,195
E00100325,365,194,171
E00100328,307,150,157
E00100052,294,161,133
E00100063,345,157,188
E00100065,251,119,132
E00100066,232,124,108
E00100067,261,135,126
E00180312,473,257,216
E00180329,145,83,62
E00180379,328,167,161
E00100073,248,110,138
E00100078,283,145,138
E00100080,249,136,113
E00100081,293,158,135
E00100083,278,152,126
E00100071,319,173,146
E00100072,311,168,143
E00100074,235,124,111
E00100075,291,156,135
E00100076,235,125,110
E00100077,264,145,119
E00100079,447,225,222
E00100082,280,140,140
E00100055,268,136,132
E00100064,250,141,109
E00165871,286,132,154
E00165872,250,127,123
E00165873,354,172,182
E00100054,343,169,174
E00100056,226,108,118
E00100068,276,123,153
E00100069,230,114,116
E00100259,262,132,130
E00100260,370,178,192
E00100261,451,244,207
E00100262,251,131,120
E00100274,328,164,164
E00100275,244,130,114
E00100290,285,152,133
E00100294,284,152,132
E00100300,447,258,189
E00100303,335,192,143
E00100291,286,136,150
E00100292,339,183,156
E00100295,344,181,163
E00100297,356,181,175
E00100304,325,156,169
E00100288,207,101,106
E00100293,449,231,218
E00100296,292,138,154
E00100305,307,156,151
E00100306,449,215,234
E00100289,276,149,127
E00100298,239,128,111
E00100299,239,130,109
E00100301,331,165,166
E00100302,381,197,184
E00100156,272,154,118
E00100157,584,295,289
E00100158,308,155,153
E00100159,284,149,135
E00100161,199,105,94
E00100162,315,159,156
E00100154,261,138,123
E00100155,341,190,151
E00100160,303,158,145
E00100163,245,130,115
E00100164,320,161,159
E00100165,301,158,143
E00100166,284,146,138
E00100277,324,157,167
E00100278,311,164,147
E00100279,239,111,128
E00100280,379,207,172
E00100281,282,150,132
E00165874,300,139,161
E00165875,292,150,142
E00165876,274,150,124
E00165877,264,146,118
E00100141,381,192,189
E00100143,248,135,113
E00100145,349,184,165
E00100150,213,113,100
E00100153,276,147,129
E00165811,166,93,73
E00100396,528,258,270
E00100397,337,172,165
E00174601,363,187,176
E00174606,247,120,127
E00180315,438,230,208
E00180336,523,285,238
E00180343,117,53,64
E00180357,336,181,155
E00100426,331,163,168
E00100428,250,126,124
E00100430,331,182,149
E00100431,337,183,154
E00100425,318,165,153
E00100427,282,154,128
E00100429,388,202,186
E00100432,327,160,167
E00100522,288,141,147
E00100523,305,146,159
E00100524,309,155,154
E00100525,319,162,157
E00100526,439,306,133
E00100527,242,120,122
E00100528,234,118,116
E00100529,134,70,64
E00100400,375,205,170
E00100402,403,208,195
E00100405,489,241,248
E00100406,302,161,141
E00100408,195,107,88
E00100398,288,147,141
E00100399,257,133,124
E00100401,297,154,143
E00100403,311,157,154
E00180297,456,226,230
E00180300,248,138,110
E00100435,525,260,265
E00100439,247,129,118
E00100443,276,142,134
E00100444,308,161,147
E00100434,183,92,91
E00100436,270,133,137
E00100438,308,143,165
E00100442,258,136,122
E00174608,344,180,164
E00174609,402,216,186
E00180340,282,142,140
E00180344,557,284,273
E00180376,103,54,49
E00174593,272,139,133
E00174594,224,112,112
E00174596,302,156,146
E00174597,246,127,119
E00174618,528,269,259
E00100437,284,144,140
E00174595,305,153,152
E00174598,352,185,167
E00174602,338,168,170
E00174603,324,155,169
E00174599,246,121,125
E00174600,182,79,103
E00174604,311,147,164
E00174605,289,136,153
E00100563,273,139,134
E00100566,303,157,146
E00100567,337,175,162
E00100574,223,112,111
E00180335,542,279,263
E00180341,164,88,76
E00180355,551,273,278
E00180387,164,81,83
E00100562,261,144,117
E00100568,247,123,124
E00100569,283,139,144
E00100570,295,143,152
E00100571,265,132,133
E00100564,350,176,174
E00100565,335,160,175
E00100572,308,171,137
E00100573,349,170,179
E00100602,296,144,152
E00100603,295,152,143
E00100605,363,191,172
E00100610,290,146,144
E00180345,111,59,52
E00180352,563,263,300
E00180301,222,110,112
E00180314,426,224,202
E00180349,202,121,81
E00180367,226,113,113
E00180371,544,277,267
E00180373,442,225,217
E00180378,208,104,104
E00180397,189,93,96
E00100598,366,198,168
E00100600,272,146,126
E00100601,307,164,143
E00180396,370,192,178
E00100368,229,114,115
E00100369,233,121,112
E00100371,329,161,168
E00100372,206,99,107
E00100373,332,169,163
E00100374,322,175,147
E00100359,351,175,176
E00100361,365,192,173
E00100362,412,225,187
E00100363,281,142,139
E00180328,106,62,44
E00180398,604,332,272
E00100364,267,138,129
E00100365,288,144,144
E00100377,427,216,211
E00100378,361,188,173
E00180317,469,233,236
E00180347,258,120,138
E00180361,432,231,201
E00100367,445,214,231
E00100370,336,169,167
E00180308,315,162,153
E00180363,395,183,212
E00100360,313,168,145
E00180304,509,251,258
E00180309,215,114,101
E00180365,300,156,144
E00180369,185,94,91
E00100530,487,259,228
E00100531,348,178,170
E00100533,275,144,131
E00100534,616,329,287
E00100532,228,104,124
E00100535,469,251,218
E00100537,436,234,202
E00100538,271,143,128
E00100541,340,164,176
E00100543,273,135,138
E00100539,259,126,133
E00100540,263,127,136
E00100542,660,324,336
E00174610,202,99,103
E00174611,133,66,67
E00100604,314,154,160
E00100606,524,267,257
E00100608,274,138,136
E00100609,261,123,138
E00100611,282,142,140
E00100418,391,210,181
E00100419,253,124,129
E00100422,253,139,114
E00100423,303,154,149
E00100424,309,166,143
E00100463,364,179,185
E00100464,260,133,127
E00100465,354,188,166
E00100474,421,217,204
E00100475,326,161,165
E00100460,246,125,121
E00100469,239,132,107
E00100470,292,145,147
E00100471,306,160,146
E00100472,246,126,120
E00180305,272,139,133
E00180388,400,211,189
E00100461,401,204,197
E00100462,280,143,137
E00100467,272,140,132
E00100468,269,144,125
E00100473,316,166,150
E00100410,282,140,142
E00100411,248,127,121
E00100412,376,192,184
E00100413,340,181,159
E00100421,283,138,145
E00100487,262,134,128
E00100492,372,195,177
E00100495,261,130,131
E00100496,318,153,165
E00100498,247,133,114
E00100478,459,228,231
E00100484,352,178,174
E00100485,295,144,151
E00100486,304,155,149
E00100479,283,155,128
E00100490,250,129,121
E00100491,290,151,139
E00100493,284,150,134
E00100494,403,215,188
E00100480,415,210,205
E00100481,286,152,134
E00100482,307,156,151
E00100483,362,188,174
E00100497,283,145,138
E00100476,312,152,160
E00100477,317,155,162
E00100488,261,134,127
E00100489,268,136,132
E00100509,440,223,217
E00100510,400,194,206
E00100511,290,154,136
E00100512,326,161,165
E00100515,282,135,147
E00100499,318,163,155
E00100508,325,175,150
E00100513,277,146,131
E00100514,293,146,147
E00100518,429,229,200
E00100501,376,184,192
E00100502,315,167,148
E00100517,240,125,115
E00100519,302,158,144
E00100520,299,151,148
E00100504,346,172,174
E00100507,327,176,151
E00100516,399,196,203
E00100521,291,135,156
E00100500,302,158,144
E00100503,295,143,152
E00100505,363,174,189
E00100506,300,152,148
E00100580,302,159,143
E00100582,271,145,126
E00100583,350,174,176
E00100586,276,147,129
E00180384,376,206,170
E00180395,268,138,130
E00100581,363,181,182
E00100585,316,182,134
E00100587,371,184,187
E00100588,328,159,169
E00100589,291,138,153
E00100592,409,195,214
E00100578,346,173,173
E00100590,255,131,124
E00100591,329,163,166
E00100593,297,149,148
E00100596,228,131,97
E00100576,301,142,159
E00100579,280,132,148
E00100594,252,130,122
E00100595,316,157,159
E00100597,223,118,105
E00180313,438,219,219
E00180374,268,130,138
E00100451,353,178,175
E00100454,516,258,258
E00100458,376,199,177
E00100459,310,162,148
E00180322,311,148,163
E00180364,476,243,233
E00100445,396,207,189
E00100452,285,151,134
E00100455,288,146,142
E00100456,280,133,147
E00100457,422,215,207
E00100446,592,301,291
E00100447,300,152,148
E00100448,351,178,173
E00100449,381,191,190
E00100453,434,207,227
E00100547,124,62,62
E00100548,225,105,120
E00100549,226,122,104
E00100550,439,215,224
E00100554,241,118,123
E00100556,388,204,184
E00100544,328,172,156
E00100545,273,152,121
E00100546,260,143,117
E00100559,242,120,122
E00100560,332,163,169
E00100561,266,136,130
E00100551,352,183,169
E00100552,464,242,222
E00100553,478,254,224
E00100555,368,169,199
E00100557,113,54,59
E00100558,288,147,141
E00100379,410,218,192
E00100382,320,165,155
E00100386,332,184,148
E00100387,305,135,170
E00100389,361,186,175
E00100394,307,161,146
E00100380,324,166,158
E00100381,380,197,183
E00100383,332,166,166
E00100385,277,134,143
E00100391,182,100,82
E00100612,339,181,158
E00100613,438,231,207
E00100616,415,207,208
E00174616,305,161,144
E00174617,335,170,165
E00100388,290,147,143
E00100390,452,225,227
E00100392,321,162,159
E00100393,283,139,144
E00174620,273,129,144
E00180298,574,286,288
E00180323,456,232,224
E00180324,346,170,176
E00180356,313,157,156
E00180391,114,55,59
E00174591,484,236,248
E00174612,282,146,136
E00174614,276,139,137
E00180339,492,259,233
E00180390,122,58,64
E00100414,341,172,169
E00100415,418,216,202
E00100416,308,167,141
E00100417,293,162,131
E00100420,318,159,159
E00100617,276,130,146
E00100618,284,151,133
E00100620,298,153,145
E00100622,469,226,243
E00100624,255,128,127
E00100621,543,270,273
E00174615,279,136,143
E00180334,490,239,251
E00180354,185,104,81
E00100623,247,125,122
E00100625,496,246,250
E00100626,343,174,169
E00100628,320,146,174
E00174590,224,104,120
E00174588,424,214,210
E00174589,355,185,170
E00174619,281,146,135
E00180346,194,98,96
E00180370,440,219,221
E00130073,275,148,127
E00130074,289,149,140
E00130075,324,165,159
E00187385,208,114,94
E00187485,477,254,223
E00130081,387,194,193
E00130082,324,167,157
E00130083,346,168,178
E00130084,306,148,158
E00130078,237,120,117
E00130085,297,150,147
E00130087,331,157,174
E00130090,372,191,181
E00170630,351,185,166
E00170631,278,138,140
E00130072,309,154,155
E00130086,275,136,139
E00130088,362,181,181
E00130089,320,163,157
E00130071,418,235,183
E00130076,277,143,134
E00130080,326,152,174
E00187387,181,98,83
E00187458,474,238,236
E00187498,344,176,168
E00130102,345,186,159
E00130103,244,123,121
E00130104,258,131,127
E00130112,284,150,134
E00130113,342,167,175
E00130105,282,137,145
E00130106,308,165,143
E00130107,441,217,224
E00130110,267,148,119
E00130100,220,114,106
E00130101,292,151,141
E00130108,479,232,247
E00130109,345,187,158
E00130111,266,138,128
E00130133,392,206,186
E00130136,371,184,187
E00130137,391,210,181
E00130242,287,155,132
E00130244,315,164,151
E00130249,249,125,124
E00130250,381,198,183
E00130251,327,172,155
E00130245,281,131,150
E00130247,340,181,159
E00130252,252,123,129
E00130255,357,177,180
E00130237,487,239,248
E00130243,284,134,150
E00130253,302,157,145
E00130254,390,188,202
E00170625,326,154,172
E00170628,269,148,121
E00170629,227,102,125
E00130239,335,169,166
E00130240,329,149,180
E00130241,332,159,173
E00130246,317,168,149
E00170624,297,139,158
E00170626,295,141,154
E00170627,296,151,145
E00130092,307,164,143
E00130093,294,147,147
E00130094,491,262,229
E00130097,256,145,111
E00130095,576,302,274
E00130096,252,123,129
E00130098,230,117,113
E00130099,277,146,131
E00130172,345,182,163
E00130177,338,180,158
E00130179,340,175,165
E00130180,334,170,164
E00130169,355,173,182
E00130181,303,154,149
E00130182,325,166,159
E00130183,351,170,181
E00130184,282,134,148
E00130170,279,136,143
E00130173,309,158,151
E00130186,320,151,169
E00130189,390,191,199
E00130171,389,199,190
E00130185,305,141,164
E00130187,358,169,189
E00130188,293,140,153
E00130190,330,164,166
E00130174,367,177,190
E00130175,327,166,161
E00130176,322,162,160
E00130178,338,161,177
E00130048,335,180,155
E00130051,241,129,112
E00130053,286,151,135
E00130054,358,180,178
E00130049,284,145,139
E00130052,320,167,153
E00130055,294,151,143
E00187337,318,166,152
E00187355,466,243,223
E00187416,384,198,186
E00187447,127,64,63
E00187474,349,177,172
E00130042,253,133,120
E00130043,433,216,217
E00130044,476,243,233
E00130045,546,302,244
E00130046,360,180,180
E00130050,361,186,175
E00130154,432,215,217
E00130155,299,152,147
E00130156,234,123,111
E00130157,265,131,134
E00130158,325,159,166
E00130199,331,179,152
E00130204,333,173,160
E00130206,367,183,184
E00130208,237,124,113
E00170634,340,168,172
E00170635,355,182,173
E00130197,311,167,144
E00130198,347,184,163
E00130202,287,146,141
E00130203,328,160,168
E00130207,398,192,206
E00130114,287,135,152
E00130115,291,147,144
E00130127,279,144,135
E00130128,413,205,208
E00130129,236,112,124
E00130130,411,197,214
E00130116,335,175,160
E00130117,306,158,148
E00130118,297,140,157
E00130119,328,171,157
E00130120,293,159,134
E00130121,290,150,140
E00130122,254,125,129
E00130123,355,178,177
E00130124,371,184,187
E00130125,302,147,155
E00130126,349,180,169
E00130159,625,328,297
E00130160,342,176,166
E00130164,472,231,241
E00130166,255,134,121
E00130167,153,81,72
E00130161,261,130,131
E00130162,420,215,205
E00130163,219,112,107
E00130165,312,164,148
E00130168,231,115,116
E00129971,228,117,111
E00129977,271,133,138
E00129978,227,114,113
E00129979,312,174,138
E00129980,209,104,105
E00129981,318,170,148
E00129967,484,247,237
E00129969,357,183,174
E00129973,459,241,218
E00129975,277,137,140
E00129968,299,158,141
E00129970,331,172,159
E00129972,325,172,153
E00129974,317,167,150
E00187341,108,59,49
E00187346,367,211,156
E00187413,324,164,160
E00130196,313,159,154
E00130200,257,136,121
E00130201,284,152,132
E00130209,368,186,182
E00130212,243,116,127
E00170632,138,69,69
E00170633,176,90,86
E00130191,407,237,170
E00130192,378,182,196
E00130193,300,167,133
E00130194,271,138,133
E00130195,268,127,141
E00130210,293,140,153
E00129982,372,188,184
E00129994,539,262,277
E00187345,191,99,92
E00187365,293,145,148
E00187425,372,174,198
E00187435,364,197,167
E00187500,222,107,115
E00130141,281,143,138
E00130142,261,139,122
E00130149,527,278,249
E00130150,319,154,165
E00130151,225,118,107
E00130138,314,161,153
E00130139,299,161,138
E00130143,266,133,133
E00130152,338,169,169
E00130153,316,166,150
E00130140,553,284,269
E00130144,282,146,136
E00130145,312,159,153
E00130146,367,196,171
E00130147,313,166,147
E00130148,297,150,147
E00129986,320,170,150
E00129987,279,137,142
E00129988,366,185,181
E00129989,307,159,148
E00129990,259,125,134
E00129983,342,165,177
E00129984,338,175,163
E00129985,318,164,154
E00129991,317,162,155
E00129992,299,159,140
E00130017,293,155,138
E00130018,345,165,180
E00130019,302,156,146
E00130022,273,130,143
E00130020,252,125,127
E00130021,281,144,137
E00130024,124,62,62
E00187358,254,134,120
E00187377,385,202,183
E00130131,497,260,237
E00130132,544,273,271
E00130134,376,198,178
E00130135,356,188,168
E00130005,413,226,187
E00130006,275,151,124
E00130007,410,200,210
E00130012,558,278,280
E00130014,342,168,174
E00129996,368,183,185
E00129997,334,187,147
E00130000,418,207,211
E00130016,294,147,147
E00187405,296,146,150
E00187465,401,217,184
E00129999,266,141,125
E00130001,302,158,144
E00130002,301,146,155
E00130003,205,107,98
E00130004,248,138,110
E00130015,336,173,163
E00129998,481,260,221
E00130008,385,197,188
E00130011,373,185,188
E00130013,294,153,141
E00187389,183,95,88
E00187457,486,254,232
E00130233,275,126,149
E00130236,376,173,203
E00187339,316,177,139
E00187359,366,180,186
E00187406,520,286,234
E00187428,160,78,82
E00187452,309,159,150
E00187489,157,82,75
E00130220,335,179,156
E00130221,330,165,165
E00130231,299,148,151
E00130235,249,115,134
E00187398,264,134,130
E00187401,469,247,222
E00130228,318,161,157
E00130229,308,160,148
E00130230,372,179,193
E00130232,323,163,160
E00130234,260,131,129
E00130213,150,71,79
E00130214,160,80,80
E00130223,497,259,238
E00130224,290,154,136
E00130225,278,138,140
E00130215,276,141,135
E00130217,412,220,192
E00130219,301,167,134
E00130222,219,118,101
E00187367,107,54,53
E00187450,547,289,258
E00130025,346,172,174
E00130027,221,119,102
E00130037,279,141,138
E00130038,272,146,126
E00130039,285,146,139
E00130040,281,136,145
E00130026,368,190,178
E00130032,427,208,219
E00130033,304,156,148
E00130034,271,138,133
E00130035,255,126,129
E00130036,106,49,57
E00130029,396,200,196
E00130030,344,167,177
E00130031,334,180,154
E00187372,408,200,208
E00187376,228,104,124
E00187412,461,221,240
E00187440,359,186,173
E00130056,364,189,175
E00130060,321,159,162
E00130062,258,139,119
E00130068,295,160,135
E00130070,336,164,172
E00130059,490,239,251
E00130065,342,177,165
E00130066,343,178,165
E00130067,315,151,164
E00130069,347,179,168
E00130057,301,155,146
E00130058,244,128,116
E00130063,263,137,126
E00130064,358,182,176
E00165831,291,142,149
E00130368,247,134,113
E00130369,444,226,218
E00173307,325,164,161
E00173310,231,114,117
E00173311,285,145,140
E00173313,192,99,93
E00173314,297,145,152
E00130372,482,242,240
E00130373,419,214,205
E00130374,261,135,126
E00130375,242,132,110
E00130376,250,129,121
E00130377,265,134,131
E00130378,432,209,223
E00130361,386,194,192
E00130362,338,182,156
E00130363,254,121,133
E00130365,186,88,98
E00130366,136,65,71
E00130367,197,93,104
E00130370,271,139,132
E00130371,276,146,130
E00130404,227,107,120
E00130405,207,98,109
E00130406,231,114,117
E00130408,154,68,86
E00130415,239,109,130
E00130416,179,75,104
E00130418,272,112,160
E00130407,464,224,240
E00130414,420,201,219
E00130417,390,203,187
E00173296,382,162,220
E00178525,367,168,199
E00178535,202,98,104
E00130399,472,223,249
E00130400,541,264,277
E00130401,228,109,119
E00130409,282,136,146
E00130410,179,84,95
E00130419,273,127,146
E00130430,368,173,195
E00130431,319,149,170
E00130433,321,152,169
E00173305,416,171,245
E00173309,175,67,108
E00173312,195,90,105
E00130422,181,79,102
E00130424,270,136,134
E00130425,440,216,224
E00178548,314,154,160
E00178554,466,237,229
E00130420,387,173,214
E00130421,516,264,252
E00130428,186,95,91
E00130434,542,270,272
E00130423,615,308,307
E00130426,575,287,288
E00130427,267,136,131
E00130435,174,85,89
E00130436,224,109,115
E00130489,455,243,212
E00130495,376,167,209
E00130502,528,235,293
E00173315,471,177,294
E00178503,151,60,91
E00178527,572,251,321
E00130487,486,242,244
E00130493,516,249,267
E00130503,365,175,190
E00178484,356,182,174
E00178610,338,144,194
E00130509,241,121,120
E00130511,269,137,132
E00130515,267,130,137
E00130518,311,135,176
E00130505,526,199,327
E00130508,333,160,173
E00130512,555,248,307
E00173304,369,150,219
E00178523,145,65,80
E00178590,481,206,275
E00130516,390,180,210
E00130517,415,198,217
E00130519,304,141,163
E00178605,170,71,99
E00178625,559,253,306
E00130506,166,87,79
E00130507,283,149,134
E00130510,226,125,101
E00130513,263,123,140
E00130514,350,187,163
E00130385,346,180,166
E00130386,204,84,120
E00130387,245,116,129
E00130388,321,146,175
E00130398,313,141,172
E00130381,312,156,156
E00130389,404,199,205
E00130392,315,150,165
E00130393,274,134,140
E00130380,259,138,121
E00130382,221,109,112
E00130390,309,155,154
E00130391,106,64,42
E00130394,202,95,107
E00130395,223,116,107
E00130379,325,171,154
E00130383,242,133,109
E00130384,282,133,149
E00130396,309,156,153
E00130397,311,146,165
E00130630,350,166,184
E00130631,282,130,152
E00130632,246,128,118
E00173316,542,270,272
E00173317,332,180,152
E00178478,443,231,212
E00178486,174,101,73
E00178547,319,162,157
E00130620,233,119,114
E00130621,408,209,199
E00130633,226,114,112
E00130634,232,121,111
E00130635,331,174,157
E00130622,294,157,137
E00130624,434,224,210
E00130625,233,116,117
E00130636,327,165,162
E00178515,488,271,217
E00178521,231,116,115
E00130616,362,179,183
E00130617,294,153,141
E00130618,238,126,112
E00130626,274,143,131
E00130628,441,232,209
E00130629,193,95,98
E00130596,242,120,122
E00130597,371,188,183
E00130598,300,146,154
E00130609,258,128,130
E00130611,328,150,178
E00130595,288,143,145
E00130600,285,143,142
E00130605,312,146,166
E00130608,348,172,176
E00130610,205,108,97
E00130604,240,111,129
E00130606,472,249,223
E00130607,364,197,167
E00130612,304,156,148
E00130613,294,149,145
E00130599,313,157,156
E00130601,245,123,122
E00130602,272,139,133
E00130603,331,168,163
E00130615,467,241,226
E00178543,109,58,51
E00178598,140,74,66
E00178634,460,242,218
E00130352,383,206,177
E00130353,543,240,303
E00130354,440,220,220
E00130359,216,110,106
E00173322,136,65,71
E00173323,588,237,351
E00178493,597,242,355
E00178613,186,74,112
E00130350,365,172,193
E00130351,394,175,219
E00130356,3092,1208,1884
E00130357,397,182,215
E00130439,347,171,176
E00130441,187,84,103
E00130443,265,134,131
E00130449,166,79,87
E00173318,503,161,342
E00173321,178,84,94
E00130447,387,181,206
E00130448,392,200,192
E00173319,612,246,366
E00173320,499,205,294
E00173324,401,181,220
E00130697,388,209,179
E00130698,343,184,159
E00130699,371,179,192
E00130700,259,136,123
E00130696,530,252,278
E00130701,443,222,221
E00130702,406,216,190
E00130703,518,273,245
E00130737,333,166,167
E00130739,307,148,159
E00130740,260,137,123
E00130741,264,137,127
E00130742,304,147,157
E00130733,303,149,154
E00130734,241,124,117
E00130735,172,82,90
E00130736,451,217,234
E00130738,397,194,203
E00130402,433,219,214
E00130411,261,128,133
E00130412,254,135,119
E00130413,247,113,134
E00130468,615,313,302
E00130470,353,190,163
E00130480,338,168,170
E00130482,289,145,144
E00130469,466,249,217
E00130475,396,203,193
E00130481,205,108,97
E00130483,289,135,154
E00130484,222,119,103
E00130491,247,126,121
E00130492,333,180,153
E00130498,206,96,110
E00173293,161,51,110
E00178462,512,215,297
E00130496,305,133,172
E00130497,355,184,171
E00130499,287,149,138
E00130500,300,154,146
E00130501,325,152,173
E00130471,286,153,133
E00130473,324,164,160
E00130485,420,206,214
E00130486,337,180,157
E00178467,349,176,173
E00173299,371,182,189
E00178497,354,194,160
E00178530,435,214,221
E00178599,114,58,56
E00178622,302,145,157
E00130437,231,117,114
E00130438,308,157,151
E00130442,206,102,104
E00130444,287,146,141
E00130445,283,139,144
E00130450,307,158,149
E00130457,290,162,128
E00130458,371,186,185
E00130460,266,133,133
E00130452,299,151,148
E00130453,329,171,158
E00130455,283,153,130
E00130456,250,129,121
E00130459,297,147,150
E00130461,274,150,124
E00130462,274,148,126
E00130463,371,185,186
E00130464,249,120,129
E00130465,335,168,167
E00130451,567,279,288
E00130454,340,161,179
E00130466,273,131,142
E00130467,311,150,161
E00173303,253,133,120
E00178480,382,208,174
E00178546,551,273,278
E00178593,205,111,94
E00178631,349,171,178
E00130472,412,205,207
E00130476,286,138,148
E00130478,222,120,102
E00173301,259,126,133
E00178581,289,155,134
E00130279,441,220,221
E00130286,296,157,139
E00130292,171,99,72
E00130293,368,199,169
E00178514,284,161,123
E00178594,363,181,182
E00130278,282,132,150
E00130283,330,172,158
E00130284,282,137,145
E00130285,317,161,156
E00130291,271,140,131
E00130282,381,201,180
E00130288,306,157,149
E00173338,275,139,136
E00173339,325,172,153
E00173344,499,250,249
E00173350,269,145,124
E00173352,435,233,202
E00130276,260,136,124
E00130280,443,227,216
E00130281,169,84,85
E00130289,293,157,136
E00130290,304,162,142
E00130563,322,174,148
E00130564,242,125,117
E00130565,312,164,148
E00130566,304,145,159
E00178553,378,183,195
E00178603,349,185,164
E00130560,363,188,175
E00130561,542,283,259
E00130562,320,166,154
E00130568,281,150,131
E00130571,289,154,135
E00130567,356,194,162
E00130569,251,135,116
E00130572,324,167,157
E00130573,405,207,198
E00130574,368,190,178
E00130554,304,149,155
E00130555,371,190,181
E00130556,298,157,141
E00130557,333,165,168
E00130558,362,185,177
E00130570,184,100,84
E00130643,326,173,153
E00130644,322,158,164
E00130645,503,259,244
E00130650,302,149,153
E00173326,214,98,116
E00173329,243,118,125
E00173341,215,106,109
E00130637,333,186,147
E00130638,330,170,160
E00130647,192,100,92
E00130648,367,186,181
E00178520,164,87,77
E00178522,622,318,304
E00178621,208,103,105
E00130639,424,222,202
E00130649,600,297,303
E00130651,272,138,134
E00130652,314,155,159
E00130653,310,155,155
E00130640,297,145,152
E00130641,334,179,155
E00130642,446,218,228
E00130654,436,223,213
E00130655,352,179,173
E00130656,294,154,140
E00130525,392,198,194
E00130528,435,232,203
E00130535,262,136,126
E00130538,362,186,176
E00130540,214,109,105
E00130542,241,119,122
E00130526,225,107,118
E00130527,370,178,192
E00130536,228,117,111
E00130537,325,175,150
E00130539,122,51,71
E00130541,302,158,144
E00130529,360,182,178
E00130531,288,144,144
E00130532,345,166,179
E00130534,179,91,88
E00178541,174,85,89
E00178609,372,188,184
E00178611,305,158,147
E00130521,353,185,168
E00130522,275,144,131
E00130524,300,157,143
E00130530,373,180,193
E00130533,213,111,102
E00130576,321,151,170
E00130577,535,279,256
E00130586,460,228,232
E00178472,236,113,123
E00178483,333,190,143
E00178490,465,252,213
E00178556,327,158,169
E00178561,228,133,95
E00130578,213,115,98
E00130583,543,266,277
E00130584,257,132,125
E00130585,313,169,144
E00178526,118,60,58
E00178565,270,145,125
E00178584,623,321,302
E00130331,179,94,85
E00130332,348,182,166
E00130333,466,242,224
E00130336,123,65,58
E00130338,199,98,101
E00130334,267,127,140
E00173325,297,156,141
E00173346,291,148,143
E00178500,592,297,295
E00178619,132,68,64
E00130543,298,150,148
E00130549,259,126,133
E00130551,248,123,125
E00130553,270,144,126
E00178468,348,184,164
E00178558,614,312,302
E00178574,286,153,133
E00178585,387,210,177
E00178618,268,133,135
E00130545,326,168,158
E00130546,264,132,132
E00130547,343,174,169
E00130548,296,157,139
E00130550,622,326,296
E00130339,338,161,177
E00130340,282,137,145
E00130341,244,118,126
E00130342,272,132,140
E00130345,284,141,143
E00130349,202,99,103
E00130343,231,119,112
E00130344,382,197,185
E00130346,279,146,133
E00130347,238,114,124
E00173297,389,179,210
E00173298,217,115,102
E00130589,271,139,132
E00130590,272,135,137
E00130591,291,140,151
E00130593,339,169,170
E00130594,259,132,127
E00130579,420,202,218
E00130581,350,165,185
E00130587,255,128,127
E00130588,289,167,122
E00130592,267,135,132
E00130678,330,170,160
E00130680,518,255,263
E00130688,258,140,118
E00130689,170,98,72
E00173334,277,149,128
E00173335,340,179,161
E00130686,293,153,140
E00130687,248,132,116
E00130690,331,165,166
E00130694,180,99,81
E00130695,276,147,129
E00130677,263,138,125
E00130681,311,166,145
E00130691,167,89,78
E00173333,158,82,76
E00173342,340,180,160
E00173348,348,185,163
E00173351,120,63,57
E00130683,303,155,148
E00130684,258,135,123
E00130685,202,92,110
E00130692,372,197,175
E00130693,267,138,129
E00130663,359,184,175
E00130669,458,215,243
E00130671,313,139,174
E00130672,364,177,187
E00173336,472,237,235
E00173349,232,113,119
E00178482,261,123,138
E00178633,513,273,240
E00130664,264,125,139
E00130665,420,223,197
E00130666,378,217,161
E00130673,294,161,133
E00130675,296,151,145
E00130659,319,160,159
E00130662,272,143,129
E00130674,332,170,162
E00130676,303,150,153
E00130658,255,131,124
E00130661,493,259,234
E00130667,227,119,108
E00130668,256,128,128
E00130670,208,106,102
E00130295,342,165,177
E00130297,345,177,168
E00130299,354,182,172
E00130300,294,146,148
E00130308,290,152,138
E00130313,391,196,195
E00130314,381,192,189
E00130315,343,169,174
E00130316,360,176,184
E00130328,249,136,113
E00130310,291,153,138
E00130317,278,139,139
E00130322,269,154,115
E00130325,288,154,134
E00130327,309,149,160
E00173332,357,195,162
E00178475,251,130,121
E00178492,476,239,237
E00178555,440,247,193
E00178562,426,219,207
E00178596,551,270,281
E00130294,273,140,133
E00130296,329,176,153
E00130298,294,151,143
E00130301,295,151,144
E00130302,324,154,170
E00178470,254,132,122
E00130303,400,191,209
E00130304,324,163,161
E00130305,367,183,184
E00130306,395,205,190
E00130307,265,149,116
E00130318,315,164,151
E00130319,378,191,187
E00130320,320,173,147
E00130321,394,203,191
E00130324,239,129,110
E00130311,336,164,172
E00130312,310,158,152
E00130323,296,155,141
E00130326,319,153,166
E00130329,314,151,163
E00130330,287,156,131
E00130705,309,163,146
E00130712,287,142,145
E00130713,297,148,149
E00130714,375,194,181
E00130719,313,144,169
E00130716,343,186,157
E00130717,302,161,141
E00130725,467,243,224
E00130728,302,149,153
E00130730,291,142,149
E00130704,349,183,166
E00130729,373,188,185
E00130731,341,167,174
E00130732,338,172,166
E00130706,279,147,132
E00130715,360,187,173
E00130718,334,177,157
E00130720,273,142,131
E00130721,263,135,128
E00130709,361,172,189
E00130710,323,170,153
E00130724,383,194,189
E00130726,226,118,108
E00173327,498,254,244
E00173328,275,150,125
E00130707,358,177,181
E00130708,180,93,87
E00130711,328,164,164
E00130723,348,174,174
E00130727,341,171,170
E00130256,261,131,130
E00130258,366,185,181
E00130268,295,150,145
E00130273,350,198,152
E00130257,354,181,173
E00130269,318,162,156
E00130270,275,146,129
E00173345,260,131,129
E00173347,276,153,123
E00178539,295,157,138
E00178550,150,76,74
E00178577,469,249,220
E00130259,586,303,283
E00130260,261,136,125
E00130263,441,237,204
E00130272,321,169,152
E00178544,574,288,286
E00178629,110,64,46
E00130261,237,128,109
E00130262,212,101,111
E00130264,320,170,150
E00130274,307,157,150
E00178479,240,126,114
E00178617,414,215,199
E00130743,292,156,136
E00130744,255,137,118
E00130745,366,179,187
E00130746,244,124,120
E00130747,119,53,66
E00130748,176,86,90
E00130749,183,86,97
E00130750,192,99,93
E00130951,236,115,121
E00130952,348,175,173
E00130953,403,222,181
E00130954,337,171,166
E00130955,287,136,151
E00130956,278,138,140
E00130957,490,257,233
E00130986,243,110,133
E00130987,353,174,179
E00130988,136,65,71
E00130989,114,53,61
E00130990,152,78,74
E00130991,226,117,109
E00130992,272,124,148
E00130993,336,163,173
E00130994,364,196,168
E00130809,314,168,146
E00130810,467,241,226
E00130818,277,143,134
E00170643,263,140,123
E00170644,398,196,202
E00130808,303,160,143
E00130813,263,137,126
E00130814,291,150,141
E00130815,235,129,106
E00130817,284,144,140
E00130806,457,233,224
E00130812,555,289,266
E00130816,355,170,185
E00187380,366,183,183
E00187429,267,151,116
E00187436,358,192,166
E00130822,364,184,180
E00130824,347,186,161
E00130828,394,210,184
E00130831,258,135,123
E00187394,314,177,137
E00187503,607,298,309
E00130821,353,176,177
E00130827,323,177,146
E00130829,294,156,138
E00130830,357,189,168
E00130835,327,152,175
E00130834,325,171,154
E00170640,305,151,154
E00170656,286,151,135
E00187366,138,70,68
E00187444,285,139,146
E00187492,418,197,221
E00130820,341,194,147
E00130825,355,185,170
E00187391,424,222,202
E00187403,263,140,123
E00187418,218,109,109
E00130759,331,170,161
E00130760,286,140,146
E00130761,404,208,196
E00130762,276,149,127
E00130763,328,167,161
E00130764,316,164,152
E00130765,320,160,160
E00130766,543,266,277
E00130767,322,159,163
E00170636,380,185,195
E00170648,330,165,165
E00130770,556,268,288
E00130771,356,164,192
E00187404,328,162,166
E00187508,433,220,213
E00130772,249,127,122
E00130773,314,161,153
E00130774,327,160,167
E00130776,215,117,98
E00130777,326,159,167
E00187364,404,201,203
E00187469,262,139,123
E00187505,105,54,51
E00130778,308,159,149
E00130779,424,220,204
E00130780,312,163,149
E00130781,277,132,145
E00130782,265,134,131
E00130783,350,188,162
E00130794,358,173,185
E00130799,308,160,148
E00130804,278,148,130
E00130805,349,182,167
E00170642,398,204,194
E00170645,181,94,87
E00170657,115,64,51
E00130795,279,138,141
E00130796,303,155,148
E00130797,289,151,138
E00130798,286,145,141
E00130801,309,163,146
E00130792,340,155,185
E00130793,482,243,239
E00130802,313,154,159
E00130803,336,172,164
E00130819,383,198,185
E00130833,356,185,171
E00130836,231,112,119
E00130837,310,156,154
E00130838,126,62,64
E00130839,291,157,134
E00130840,192,96,96
E00130841,259,135,124
E00130845,357,192,165
E00130846,220,107,113
E00130755,331,167,164
E00130756,380,195,185
E00130757,385,200,185
E00130758,579,285,294
E00130751,324,168,156
E00130752,453,225,228
E00130753,243,119,124
E00130754,441,225,216
E00130784,388,195,193
E00130785,230,114,116
E00130786,266,133,133
E00130787,274,131,143
E00130788,250,123,127
E00130789,298,137,161
E00130790,314,167,147
E00130791,322,144,178
E00130943,156,84,72
E00130944,241,120,121
E00130945,360,176,184
E00130946,423,218,205
E00130947,454,217,237
E00130948,505,237,268
E00130949,198,97,101
E00187349,524,256,268
E00187453,118,57,61
E00130958,351,176,175
E00130959,392,192,200
E00130960,288,148,140
E00130961,317,148,169
E00130962,241,119,122
E00130963,222,113,109
E00130964,229,119,110
E00130965,309,152,157
E00130995,531,261,270
E00130996,283,138,145
E00130997,405,211,194
E00130998,172,87,85
E00130999,508,254,254
E00131000,367,196,171
E00131001,286,147,139
E00130843,406,206,200
E00130844,454,226,228
E00170654,196,88,108
E00187475,209,103,106
E00187479,768,76,692
E00130877,418,227,191
E00130883,319,162,157
E00130884,348,170,178
E00130885,453,232,221
E00130887,292,147,145
E00130878,330,167,163
E00130888,332,177,155
E00130894,508,274,234
E00130896,279,153,126
E00187395,422,222,200
E00187478,194,98,96
E00187491,108,54,54
E00130916,239,128,111
E00130917,400,218,182
E00130920,148,78,70
E00130921,259,134,125
E00130922,300,146,154
E00130911,436,217,219
E00130914,275,143,132
E00130915,386,194,192
E00130918,461,234,227
E00130923,215,115,100
E00130925,462,244,218
E00130929,608,305,303
E00130935,284,149,135
E00130939,293,147,146
E00187362,263,122,141
E00187392,141,67,74
E00187400,337,174,163
E00187466,532,262,270
E00187477,110,58,52
E00130875,375,143,232
E00130876,299,156,143
E00130879,286,135,151
E00130886,296,147,149
E00130891,292,150,142
E00130892,259,136,123
E00130880,443,221,222
E00130881,324,186,138
E00130882,348,176,172
E00130889,315,157,158
E00130890,292,158,134
E00130893,253,131,122
E00130910,124,69,55
E00130912,441,238,203
E00130913,350,179,171
E00130919,292,163,129
E00130931,289,142,147
E00130932,306,162,144
E00130933,233,125,108
E00130934,358,180,178
E00130942,377,226,151
E00130901,386,201,185
E00130903,331,169,162
E00130905,261,135,126
E00187373,288,148,140
E00187421,365,188,177
E00187471,155,81,74
E00187502,551,281,270
E00130906,361,177,184
E00130908,333,174,159
E00130909,385,189,196
E00170652,485,261,224
E00170655,330,163,167
E00170658,387,208,179
E00130900,297,157,140
E00130902,219,109,110
E00130904,391,197,194
E00187356,323,163,160
E00187438,168,85,83
E00130924,267,146,121
E00130937,246,130,116
E00130938,237,126,111
E00130941,309,164,145
E00170649,330,164,166
E00170650,367,181,186
E00170651,223,103,120
E00130926,316,156,160
E00130927,373,189,184
E00130928,378,187,191
E00130930,315,166,149
E00130847,335,171,164
E00130849,209,105,104
E00130850,245,124,121
E00130851,346,169,177
E00130852,365,173,192
E00130853,223,123,100
E00187338,534,256,278
E00187374,289,150,139
E00130854,322,166,156
E00130855,317,161,156
E00130856,314,170,144
E00130858,340,183,157
E00130859,328,167,161
E00130860,317,152,165
E00187439,252,124,128
E00187451,420,213,207
E00187460,312,155,157
E00130861,247,126,121
E00130862,346,164,182
E00130863,352,174,178
E00130864,289,144,145
E00130865,244,136,108
E00130866,210,109,101
E00130867,247,125,122
E00130868,224,117,107
E00130869,293,151,142
E00170646,380,185,195
E00170647,368,180,188
E00187343,363,188,175
E00187393,243,137,106
E00130871,422,208,214
E00130872,268,135,133
E00130873,331,149,182
E00187427,240,123,117
E00187464,298,134,164
E00130975,350,183,167
E00130976,473,237,236
E00130977,263,147,116
E00130978,314,177,137
E00130979,345,170,175
E00130981,572,282,290
E00130982,251,123,128
E00130983,537,266,271
E00130984,301,146,155
E00130985,435,224,211
E00130966,295,150,145
E00130967,393,202,191
E00130968,369,187,182
E00130969,317,166,151
E00130970,361,176,185
E00130974,341,167,174
E00170637,333,175,158
E00187426,147,69,78
E00187434,575,296,279
E00187506,341,181,160
E00130973,334,168,166
E00130980,304,153,151
E00165825,428,230,198
E00170638,469,232,237
E00131265,308,151,157
E00131272,233,124,109
E00131275,282,146,136
E00131276,258,133,125
E00131278,330,170,160
E00131264,378,191,187
E00131269,122,67,55
E00131273,243,132,111
E00131274,235,120,115
E00131277,177,97,80
E00131279,278,137,141
E00131262,188,89,99
E00131263,387,193,194
E00131267,279,144,135
E00131270,181,104,77
E00187342,370,210,160
E00187353,266,132,134
E00131268,244,129,115
E00131271,367,177,190
E00131280,611,338,273
E00131281,296,155,141
E00170678,353,182,171
E00170679,579,306,273
E00170684,436,218,218
E00131308,166,74,92
E00131309,348,163,185
E00131311,239,128,111
E00131312,504,257,247
E00131313,278,141,137
E00131314,128,66,62
E00131145,321,171,150
E00131156,480,249,231
E00131159,303,139,164
E00131161,324,158,166
E00170681,327,174,153
E00170682,338,177,161
E00131148,349,180,169
E00131162,308,151,157
E00131163,304,155,149
E00131164,296,145,151
E00131165,401,202,199
E00131151,248,121,127
E00131152,295,139,156
E00131153,222,110,112
E00131154,209,119,90
E00131155,288,147,141
E00131157,310,154,156
E00131146,281,145,136
E00131147,347,170,177
E00131150,339,168,171
E00131158,294,143,151
E00131160,224,120,104
E00131315,353,182,171
E00131317,266,143,123
E00131318,260,139,121
E00131326,605,308,297
E00131327,217,104,113
E00131320,275,141,134
E00131321,315,152,163
E00131322,300,157,143
E00131324,315,158,157
E00131316,261,138,123
E00131319,228,116,112
E00131325,321,169,152
E00170677,535,272,263
E00170680,328,164,164
E00131015,277,145,132
E00131016,326,171,155
E00131019,257,120,137
E00131021,342,185,157
E00131022,224,112,112
E00131023,129,67,62
E00131024,125,62,63
E00131013,268,140,128
E00131014,308,162,146
E00131017,271,146,125
E00131018,277,137,140
E00131020,454,230,224
E00131104,365,183,182
E00131106,488,240,248
E00131110,337,171,166
E00131112,368,185,183
E00131113,384,190,194
E00131114,236,118,118
E00131103,230,118,112
E00131105,213,119,94
E00131107,288,160,128
E00131108,256,125,131
E00131109,244,124,120
E00131111,278,151,127
E00131328,356,179,177
E00131329,248,122,126
E00131330,318,168,150
E00131331,509,245,264
E00131332,303,148,155
E00131295,285,148,137
E00131296,358,175,183
E00131298,233,122,111
E00131299,296,158,138
E00131304,278,137,141
E00131287,272,121,151
E00131293,258,132,126
E00131305,389,199,190
E00131306,296,152,144
E00131307,335,167,168
E00131284,229,125,104
E00131285,265,139,126
E00131288,201,117,84
E00131289,482,251,231
E00187467,162,81,81
E00187487,407,207,200
E00187493,345,179,166
E00131294,218,118,100
E00131297,551,272,279
E00131300,162,85,77
E00131301,309,164,145
E00131302,302,164,138
E00131303,262,133,129
E00131283,379,198,181
E00131286,492,258,234
E00131290,322,155,167
E00131292,127,71,56
E00187383,343,181,162
E00187420,308,148,160
E00131115,380,192,188
E00131116,351,184,167
E00131123,226,116,110
E00131133,342,174,168
E00131134,350,174,176
E00131129,386,190,196
E00131131,435,226,209
E00131132,352,191,161
E00131135,255,122,133
E00131136,246,128,118
E00131118,317,164,153
E00131137,207,101,106
E00131138,258,141,117
E00131139,247,130,117
E00170674,218,106,112
E00170675,300,146,154
E00170676,360,187,173
E00131119,276,133,143
E00131121,426,217,209
E00131141,320,161,159
E00131142,333,167,166
E00187348,198,114,84
E00187369,415,211,204
E00131124,368,194,174
E00131126,313,156,157
E00131130,368,175,193
E00131140,278,142,136
E00131143,473,240,233
E00131120,267,132,135
E00131122,484,248,236
E00131127,321,164,157
E00131128,260,128,132
E00131144,295,152,143
E00131035,293,146,147
E00131038,286,138,148
E00131039,230,128,102
E00131042,235,108,127
E00131050,354,172,182
E00131051,332,181,151
E00131025,320,165,155
E00131026,348,164,184
E00131027,299,144,155
E00131028,306,141,165
E00131052,234,110,124
E00131045,345,178,167
E00131046,371,199,172
E00131053,310,161,149
E00170659,182,97,85
E00170660,416,202,214
E00131031,367,198,169
E00131034,389,196,193
E00131043,438,211,227
E00131044,290,149,141
E00131030,270,139,131
E00131036,297,159,138
E00131037,246,123,123
E00131040,261,117,144
E00131041,344,184,160
E00131032,311,153,158
E00131033,317,149,168
E00131047,242,124,118
E00131048,246,116,130
E00131049,269,133,136
E00131005,283,129,154
E00131007,308,157,151
E00131008,270,143,127
E00131009,288,144,144
E00131010,275,133,142
E00131012,253,133,120
E00187344,354,194,160
E00187494,229,121,108
E00131002,352,181,171
E00131003,589,309,280
E00131004,331,163,168
E00131011,237,118,119
E00131244,462,231,231
E00131256,560,266,294
E00131257,384,193,191
E00131258,272,137,135
E00131260,596,313,283
E00131333,362,182,180
E00131334,293,144,149
E00131335,234,119,115
E00131336,200,98,102
E00131337,277,141,136
E00131220,332,175,157
E00131223,295,144,151
E00131224,266,140,126
E00131225,374,182,192
E00131239,311,145,166
E00131213,352,179,173
E00131215,375,191,184
E00131226,315,162,153
E00131228,323,170,153
E00131214,372,178,194
E00131216,569,285,284
E00131231,192,106,86
E00187414,489,246,243
E00187496,165,86,79
E00131211,265,136,129
E00131227,265,138,127
E00131232,291,148,143
E00131234,294,153,141
E00187443,516,249,267
E00187473,279,146,133
E00131167,360,184,176
E00131168,288,137,151
E00131174,304,161,143
E00131176,271,132,139
E00131178,276,146,130
E00131171,252,114,138
E00131172,404,179,225
E00131173,390,202,188
E00131175,319,155,164
E00131177,252,110,142
E00131185,372,174,198
E00131212,377,192,185
E00131217,220,108,112
E00131218,444,204,240
E00131222,397,195,202
E00131238,216,106,110
E00187351,229,104,125
E00187484,302,147,155
E00131230,426,231,195
E00131233,177,98,79
E00131235,259,132,127
E00131236,301,153,148
E00131237,271,149,122
E00131240,257,107,150
E00131247,268,138,130
E00131251,292,143,149
E00131252,287,141,146
E00131255,388,192,196
E00131259,236,135,101
E00131261,276,138,138
E00131196,222,117,105
E00131197,179,88,91
E00170661,248,115,133
E00170662,221,113,108
E00170672,277,142,135
E00170673,182,96,86
E00170683,148,73,75
E00187381,341,169,172
E00187476,372,188,184
E00131187,279,139,140
E00131191,285,137,148
E00131201,286,151,135
E00131202,306,158,148
E00131206,245,122,123
E00131246,452,232,220
E00131248,204,97,107
E00131249,262,129,133
E00131250,274,144,130
E00187375,333,181,152
E00187408,353,184,169
E00131241,448,212,236
E00131242,293,144,149
E00131243,260,120,140
E00131253,243,130,113
E00131254,203,98,105
E00131198,252,125,127
E00131199,238,120,118
E00131200,226,117,109
E00170663,221,115,106
E00170669,290,152,138
E00170671,300,169,131
E00170665,265,135,130
E00170666,483,235,248
E00170668,463,224,239
E00170670,295,142,153
E00131169,290,142,148
E00131179,423,191,232
E00131180,459,197,262
E00131181,239,115,124
E00131182,322,176,146
E00131183,443,234,209
E00131166,454,227,227
E00131170,344,164,180
E00131184,290,146,144
E00131186,271,133,138
E00131192,178,103,75
E00131207,317,156,161
E00131208,205,99,106
E00131209,259,122,137
E00170664,313,161,152
E00131193,400,194,206
E00131203,287,150,137
E00131205,408,203,205
E00131210,326,158,168
E00131054,267,141,126
E00131065,220,120,100
E00131066,223,117,106
E00131068,216,111,105
E00131071,280,154,126
E00131072,212,118,94
E00131055,291,151,140
E00131063,327,159,168
E00131064,375,182,193
E00131067,261,135,126
E00131069,259,140,119
E00131056,316,160,156
E00131058,305,155,150
E00131061,320,161,159
E00131073,286,146,140
E00131074,322,177,145
E00131057,323,172,151
E00131059,319,155,164
E00131060,291,154,137
E00131062,350,205,145
E00131070,284,139,145
E00131084,244,123,121
E00131085,320,168,152
E00131086,341,174,167
E00131092,111,63,48
E00131102,231,110,121
E00131077,287,145,142
E00131087,517,261,256
E00131090,392,197,195
E00187340,255,127,128
E00187410,276,141,135
E00187449,210,108,102
E00131076,618,309,309
E00131089,549,282,267
E00131097,254,137,117
E00131098,294,151,143
E00131099,340,165,175
E00131075,330,160,170
E00131078,387,195,192
E00131096,270,135,135
E00131100,288,154,134
E00131101,260,127,133
E00131083,409,213,196
E00131088,397,197,200
E00131094,225,113,112
E00131095,269,137,132
E00187397,245,123,122
E00187431,187,91,96
E00187433,167,86,81
E00187442,616,316,300
E00131081,230,120,110
E00131082,366,187,179
E00131091,335,178,157
E00131093,243,125,118
E00131349,370,184,186
E00131350,307,163,144
E00131352,399,196,203
E00131356,319,163,156
E00131358,332,163,169
E00131360,246,121,125
E00131351,275,143,132
E00131353,222,120,102
E00131354,348,169,179
E00131355,286,145,141
E00131357,302,159,143
E00131359,285,153,132
E00131361,264,141,123
E00131362,292,148,144
E00131363,239,122,117
E00131364,369,193,176
E00131365,316,159,157
E00131366,340,173,167
E00131378,376,206,170
E00131380,333,170,163
E00131381,340,174,166
E00131382,299,149,150
E00131379,292,155,137
E00131383,285,152,133
E00131384,280,145,135
E00131385,377,189,188
E00131386,331,166,165
E00131387,324,180,144
E00131388,258,131,127
E00131389,332,171,161
E00131390,389,205,184
E00131433,163,79,84
E00131435,336,169,167
E00131438,251,134,117
E00131439,233,118,115
E00131443,190,106,84
E00187350,230,115,115
E00187386,439,224,215
E00187495,185,96,89
E00131434,357,175,182
E00131436,408,204,204
E00131445,300,153,147
E00131446,270,140,130
E00131447,233,117,116
E00131437,431,223,208
E00131440,319,158,161
E00131441,222,96,126
E00131442,279,160,119
E00131444,275,139,136
E00131448,260,129,131
E00131449,514,268,246
E00131451,447,229,218
E00131454,319,173,146
E00131457,408,194,214
E00131459,550,291,259
E00131450,318,169,149
E00131452,310,166,144
E00131458,305,156,149
E00131460,397,209,188
E00131462,339,160,179
E00131338,301,153,148
E00131339,371,195,176
E00131341,471,229,242
E00131342,329,178,151
E00131343,402,218,184
E00131340,312,154,158
E00131344,370,194,176
E00131345,207,106,101
E00131346,357,182,175
E00131347,215,108,107
E00131348,268,134,134
E00131367,289,149,140
E00131368,397,209,188
E00131369,342,182,160
E00131370,277,146,131
E00131371,233,124,109
E00131372,348,156,192
E00131475,298,163,135
E00131476,237,120,117
E00131477,350,176,174
E00131478,332,164,168
E00131479,474,232,242
E00131480,253,141,112
E00131405,318,161,157
E00131406,250,132,118
E00131408,571,295,276
E00131415,254,127,127
E00131416,261,140,121
E00131404,269,138,131
E00131412,274,137,137
E00131413,457,257,200
E00131414,306,143,163
E00170685,213,114,99
E00170686,437,215,222
E00170690,254,133,121
E00131422,320,157,163
E00131428,283,143,140
E00131430,280,144,136
E00131431,445,232,213
E00131423,468,243,225
E00131425,498,257,241
E00131426,346,178,168
E00131420,353,175,178
E00131421,244,126,118
E00131424,251,134,117
E00131427,288,155,133
E00131429,345,175,170
E00131453,295,141,154
E00131455,330,173,157
E00131456,208,107,101
E00131461,370,191,179
E00131463,436,234,202
E00131391,323,161,162
E00131392,245,129,116
E00131393,244,122,122
E00131394,327,159,168
E00131400,293,143,150
E00131401,268,138,130
E00131403,229,112,117
E00131395,282,137,145
E00131396,187,83,104
E00131397,330,176,154
E00131398,148,74,74
E00131399,364,177,187
E00131402,302,151,151
E00131407,262,124,138
E00131409,303,159,144
E00131410,339,174,165
E00131417,280,146,134
E00131418,274,134,140
E00131419,193,105,88
E00131464,265,130,135
E00131468,235,117,118
E00131471,164,80,84
E00170687,259,139,120
E00170688,244,122,122
E00170689,331,164,167
E00170691,225,119,106
E00170692,122,68,54
E00131465,210,109,101
E00131466,255,129,126
E00131467,359,183,176
E00131470,280,155,125
E00131472,195,98,97
E00131473,228,108,120
E00131474,260,127,133
E00131373,241,121,120
E00131374,327,160,167
E00131375,398,201,197
E00131376,367,191,176
E00131377,370,192,178
E00131481,329,171,158
E00131482,332,163,169
E00131483,233,120,113
E00131484,293,151,142
E00131485,283,145,138
E00131486,344,176,168
E00131487,341,191,150
E00131488,286,148,138
E00131489,500,252,248
E00131490,236,116,120
E00131491,298,151,147
E00131492,132,65,67
E00131493,335,167,168
E00131494,272,136,136
E00131495,281,143,138
E00131496,307,169,138
E00131497,368,193,175
E00131555,399,196,203
E00131556,359,171,188
E00131557,341,163,178
E00131561,366,183,183
E00131568,245,118,127
E00131577,230,113,117
E00131579,353,175,178
E00187382,414,213,201
E00187396,282,149,133
E00187432,333,171,162
E00187445,185,96,89
E00187448,208,106,102
E00131562,324,168,156
E00131564,359,182,177
E00131566,355,169,186
E00131567,268,143,125
E00131569,292,146,146
E00131563,301,146,155
E00131572,280,137,143
E00131573,295,143,152
E00131574,255,137,118
E00131575,300,152,148
E00131570,313,148,165
E00131580,261,131,130
E00187357,224,90,134
E00187472,326,161,165
E00131565,306,160,146
E00131576,271,126,145
E00131578,249,114,135
E00170704,121,58,63
E00170705,324,153,171
E00170706,117,64,53
E00131553,352,180,172
E00131554,394,203,191
E00131558,273,148,125
E00131559,398,200,198
E00131662,545,271,274
E00131667,424,226,198
E00131668,346,187,159
E00131669,386,198,188
E00131658,333,164,169
E00131659,325,170,155
E00131660,352,200,152
E00131663,305,192,113
E00131666,412,216,196
E00131656,352,183,169
E00131657,276,149,127
E00131661,439,252,187
E00131664,500,274,226
E00131665,451,270,181
E00131507,372,189,183
E00131512,315,165,150
E00131513,279,123,156
E00131514,216,130,86
E00131519,345,170,175
E00131524,179,82,97
E00131528,292,147,145
E00131529,288,146,142
E00187368,454,219,235
E00187370,175,75,100
E00131516,303,150,153
E00131517,346,181,165
E00131522,250,127,123
E00131523,505,256,249
E00131527,277,139,138
E00131520,274,145,129
E00131521,504,259,245
E00187335,509,255,254
E00187336,279,144,135
E00187423,116,67,49
E00187437,142,71,71
E00131526,525,262,263
E00170702,485,243,242
E00187361,311,155,156
E00187468,194,101,93
E00187507,389,205,184
E00131739,291,144,147
E00131740,337,170,167
E00131743,280,137,143
E00131744,281,145,136
E00131745,255,135,120
E00131736,301,161,140
E00131742,417,210,207
E00131746,306,157,149
E00131747,395,187,208
E00131737,511,264,247
E00131738,294,152,142
E00131741,241,129,112
E00131748,362,177,185
E00131749,293,160,133
E00131755,246,130,116
E00131756,285,143,142
E00131757,258,124,134
E00170701,179,87,92
E00170707,302,150,152
E00131711,147,78,69
E00131712,375,198,177
E00131713,476,247,229
E00187360,303,162,141
E00187424,253,134,119
E00187488,342,180,162
E00131714,327,161,166
E00131715,301,163,138
E00131716,342,184,158
E00131717,315,162,153
E00131753,441,226,215
E00131760,496,249,247
E00131761,327,160,167
E00131762,384,190,194
E00131750,298,146,152
E00131751,330,165,165
E00131752,556,284,272
E00131754,132,68,64
E00131759,323,153,170
E00131508,340,173,167
E00131509,352,172,180
E00131510,305,158,147
E00131511,290,145,145
E00131535,334,179,155
E00131536,261,137,124
E00131537,250,128,122
E00131538,286,149,137
E00131539,377,185,192
E00131531,601,300,301
E00131532,319,169,150
E00131533,421,232,189
E00131541,387,196,191
E00131542,253,131,122
E00131530,347,185,162
E00131534,295,141,154
E00131540,489,244,245
E00131543,397,201,196
E00131544,227,112,115
E00131545,265,141,124
E00131765,324,162,162
E00131766,313,169,144
E00131768,273,141,132
E00131780,257,128,129
E00131783,304,155,149
E00131767,262,135,127
E00131770,247,127,120
E00131771,256,146,110
E00131772,249,127,122
E00131781,201,104,97
E00131784,337,166,171
E00131763,290,137,153
E00131773,315,155,160
E00131774,348,171,177
E00131775,317,155,162
E00131776,310,157,153
E00131778,250,127,123
E00131764,273,126,147
E00131769,364,173,191
E00131777,296,154,142
E00131779,316,170,146
E00131782,453,242,211
E00131693,322,176,146
E00131696,390,198,192
E00131697,261,133,128
E00131698,277,143,134
E00131701,161,76,85
E00187390,457,225,232
E00187509,275,131,144
E00131691,525,280,245
E00131692,321,167,154
E00131694,528,257,271
E00131695,424,212,212
E00131699,247,133,114
E00131686,460,238,222
E00131687,282,136,146
E00131688,301,151,150
E00131689,328,168,160
E00131690,281,158,123
E00131702,441,217,224
E00131705,392,199,193
E00131709,238,119,119
E00131710,291,147,144
E00131703,270,145,125
E00131704,352,172,180
E00131706,351,170,181
E00131707,142,66,76
E00131708,405,203,202
E00131604,258,126,132
E00131605,376,191,185
E00131612,359,176,183
E00131615,251,133,118
E00131616,275,146,129
E00131601,414,210,204
E00131603,393,192,201
E00131611,215,104,111
E00131614,306,155,151
E00131600,597,308,289
E00131609,286,137,149
E00131619,205,95,110
E00170696,216,104,112
E00170697,354,181,173
E00170698,305,163,142
E00131597,199,107,92
E00131599,251,124,127
E00131607,271,139,132
E00131617,190,96,94
E00131618,252,139,113
E00131598,212,106,106
E00131606,244,117,127
E00131608,193,104,89
E00131610,207,113,94
E00131613,370,181,189
E00131582,431,228,203
E00131583,567,263,304
E00131586,310,155,155
E00131591,297,153,144
E00131595,330,159,171
E00131584,433,213,220
E00131587,388,204,184
E00131588,370,182,188
E00131590,261,137,124
E00131596,380,193,187
E00131585,320,169,151
E00131589,499,264,235
E00131592,440,240,200
E00131593,321,167,154
E00131594,349,186,163
E00131720,331,159,172
E00131722,424,211,213
E00131724,302,156,146
E00131725,390,196,194
E00187454,127,64,63
E00187480,351,177,174
E00187482,285,152,133
E00131620,333,165,168
E00131621,259,131,128
E00131622,386,193,193
E00131623,276,142,134
E00187347,246,120,126
E00187483,432,227,205
E00187490,392,204,188
E00131719,249,125,124
E00131731,584,291,293
E00131734,271,133,138
E00131735,397,183,214
E00187378,358,177,181
E00187399,346,177,169
E00131721,341,160,181
E00131723,251,124,127
E00131726,265,140,125
E00131727,319,167,152
E00131729,226,109,117
E00131730,339,170,169
E00187371,228,108,120
E00187422,307,143,164
E00187446,307,156,151
E00131550,316,158,158
E00170695,209,102,107
E00170699,237,107,130
E00170700,219,114,105
E00187407,420,203,217
E00187430,178,91,87
E00131546,453,225,228
E00131547,374,184,190
E00131549,555,280,275
E00187419,554,285,269
E00187455,107,55,52
E00187456,208,114,94
E00131498,384,192,192
E00131499,322,159,163
E00131500,234,116,118
E00131501,211,107,104
E00131502,150,65,85
E00131503,171,88,83
E00131504,318,157,161
E00131505,347,173,174
E00131506,332,168,164
E00131672,282,144,138
E00131673,215,111,104
E00131680,211,105,106
E00131681,268,137,131
E00170693,235,127,108
E00170694,452,226,226
E00170709,408,214,194
E00131674,381,192,189
E00131676,300,139,161
E00131682,355,153,202
E00131683,298,163,135
E00131684,399,193,206
E00131671,341,172,169
E00131675,218,105,113
E00131677,261,135,126
E00131678,259,121,138
E00131679,227,119,108
E00131685,264,126,138
E00131624,276,148,128
E00131626,354,175,179
E00131629,322,160,162
E00131633,250,120,130
E00131628,354,181,173
E00131630,545,272,273
E00131631,297,154,143
E00131632,217,105,112
E00170703,348,167,181
E00170710,387,188,199
E00131642,277,135,142
E00131645,458,225,233
E00131646,286,148,138
E00131647,242,123,119
E00131649,303,164,139
E00131651,448,227,221
E00131634,314,163,151
E00131635,311,149,162
E00131636,443,213,230
E00131643,253,139,114
E00187461,531,264,267
E00187470,132,76,56
E00131638,603,303,300
E00131640,278,132,146
E00131654,308,153,155
E00187354,336,168,168
E00187411,213,112,101
E00187462,215,120,95
E00187481,449,225,224
E00187486,433,218,215
E00131641,349,172,177
E00131644,344,177,167
E00131648,274,142,132
E00131652,274,142,132
E00131653,301,151,150
E00131655,272,146,126
E00131786,366,186,180
E00131787,350,191,159
E00131793,348,190,158
E00178496,561,302,259
E00178597,113,60,53
E00131788,342,180,162
E00131789,294,153,141
E00131792,292,146,146
E00131794,280,153,127
E00131785,419,222,197
E00131791,307,155,152
E00131795,304,164,140
E00131796,299,156,143
E00131812,331,183,148
E00131814,224,116,108
E00131817,309,155,154
E00131818,200,109,91
E00131819,301,166,135
E00131813,372,198,174
E00131821,353,185,168
E00131822,289,142,147
E00131823,259,148,111
E00131824,262,146,116
E00131810,345,187,158
E00131811,301,157,144
E00131815,261,128,133
E00131816,440,224,216
E00131820,309,158,151
E00131889,247,134,113
E00131890,227,116,111
E00131891,279,158,121
E00131892,423,212,211
E00131893,349,187,162
E00131895,215,120,95
E00131897,349,175,174
E00131898,294,143,151
E00131916,502,251,251
E00131917,310,152,158
E00131918,286,147,139
E00131911,329,187,142
E00131912,339,173,166
E00131913,239,130,109
E00131914,282,151,131
E00131915,395,200,195
E00131922,242,129,113
E00131924,333,185,148
E00131926,244,121,123
E00131927,329,165,164
E00131929,323,157,166
E00131940,378,189,189
E00131941,292,138,154
E00131942,326,186,140
E00131947,393,215,178
E00131949,305,164,141
E00131866,247,127,120
E00131867,261,128,133
E00131869,279,152,127
E00131870,252,125,127
E00131875,208,105,103
E00131850,319,152,167
E00131868,357,182,175
E00131872,268,127,141
E00131873,254,134,120
E00131874,334,181,153
E00131853,307,157,150
E00131854,262,137,125
E00131855,512,277,235
E00131856,264,139,125
E00131871,321,165,156
E00131851,267,140,127
E00131857,310,161,149
E00131860,266,139,127
E00131861,243,129,114
E00178518,280,154,126
E00178549,532,267,265
E00131852,287,149,138
E00131858,264,132,132
E00131859,297,153,144
E00131862,396,218,178
E00131863,242,121,121
E00131865,290,152,138
E00131876,278,146,132
E00131879,242,131,111
E00131885,211,109,102
E00131887,301,160,141
E00131896,274,140,134
E00131882,346,172,174
E00131883,290,156,134
E00131884,281,135,146
E00131886,261,126,135
E00131888,233,122,111
E00131877,341,181,160
E00131878,269,134,135
E00131880,256,132,124
E00131881,243,138,105
E00131894,309,153,156
E00131919,287,142,145
E00131921,311,157,154
E00131935,184,108,76
E00131937,310,157,153
E00131938,310,165,145
E00178499,346,176,170
E00178576,366,195,171
E00178606,124,63,61
E00131920,230,131,99
E00131923,286,146,140
E00131925,240,125,115
E00131928,216,112,104
E00131932,249,126,123
E00131930,295,139,156
E00131931,264,143,121
E00131933,237,115,122
E00131934,293,151,142
E00131936,288,141,147
E00131900,351,175,176
E00131901,301,161,140
E00131903,284,144,140
E00131904,296,146,150
E00131906,306,151,155
E00131945,295,161,134
E00131951,350,172,178
E00131955,299,159,140
E00131957,282,139,143
E00131958,405,205,200
E00131946,394,202,192
E00131948,296,155,141
E00131950,292,158,134
E00131956,424,197,227
E00131959,372,178,194
E00131899,311,158,153
E00131905,292,152,140
E00131907,290,149,141
E00131908,287,142,145
E00131909,245,131,114
E00131910,310,154,156
E00165828,265,142,123
E00131943,298,144,154
E00131944,282,141,141
E00131953,265,134,131
E00131954,278,148,130
E00165829,335,187,148
E00131807,389,199,190
E00131808,518,255,263
E00131809,387,182,205
E00174266,425,208,217
E00174267,871,448,423
E00131802,321,166,155
E00131803,250,121,129
E00131804,299,149,150
E00131805,316,166,150
E00178463,858,428,430
E00131797,382,188,194
E00131799,370,178,192
E00131801,435,217,218
E00131806,233,122,111
E00131828,349,176,173
E00131829,332,172,160
E00131833,389,194,195
E00131836,320,153,167
E00131827,344,171,173
E00131831,323,171,152
E00131835,344,166,178
E00131837,405,205,200
E00131825,334,184,150
E00131826,314,152,162
E00131830,329,158,171
E00131832,357,178,179
E00131834,381,187,194
E00131838,339,184,155
E00131840,345,186,159
E00131842,419,216,203
E00174269,507,249,258
E00174270,359,189,170
E00131841,384,206,178
E00131843,317,162,155
E00131848,265,147,118
E00131849,288,160,128
E00131844,375,184,191
E00131845,280,146,134
E00131846,403,207,196
E00131847,353,168,185
E00131969,300,153,147
E00131970,297,154,143
E00131971,284,148,136
E00131973,237,114,123
E00131972,247,137,110
E00131975,311,160,151
E00131976,370,186,184
E00185354,572,118,454
E00185357,105,52,53
E00131967,277,135,142
E00131968,287,138,149
E00131977,325,169,156
E00131978,334,177,157
E00132056,237,115,122
E00132057,272,127,145
E00132058,243,120,123
E00132059,423,215,208
E00132060,199,98,101
E00132050,456,223,233
E00132051,296,152,144
E00132052,413,212,201
E00132053,464,239,225
E00132054,297,156,141
E00132055,314,154,160
E00131979,496,267,229
E00131980,409,206,203
E00131984,395,203,192
E00131988,539,266,273
E00132092,344,186,158
E00132093,251,129,122
E00132094,220,113,107
E00132095,279,129,150
E00132096,531,277,254
E00132100,331,160,171
E00132101,256,137,119
E00132104,399,198,201
E00132105,370,184,186
E00132106,350,173,177
E00132107,353,180,173
E00132108,243,132,111
E00132109,295,154,141
E00132110,337,152,185
E00132130,324,172,152
E00132135,531,292,239
E00132136,224,124,100
E00132138,305,162,143
E00132139,210,107,103
E00131981,306,150,156
E00131982,402,196,206
E00131989,405,215,190
E00131990,282,138,144
E00131983,378,182,196
E00131985,286,126,160
E00131986,480,267,213
E00131987,484,246,238
E00132039,297,150,147
E00132040,331,157,174
E00132044,312,163,149
E00132045,323,165,158
E00132046,281,157,124
E00132049,235,111,124
E00132061,317,159,158
E00132062,363,191,172
E00132063,371,198,173
E00132064,394,184,210
E00132065,219,111,108
E00132066,333,167,166
E00132067,411,216,195
E00132129,335,167,168
E00132131,322,153,169
E00132132,288,141,147
E00132137,293,150,143
E00132140,348,180,168
E00131960,370,181,189
E00131961,368,179,189
E00131965,337,159,178
E00131966,291,138,153
E00131962,432,209,223
E00131964,256,122,134
E00169322,237,113,124
E00169323,312,150,162
E00169324,358,178,180
E00131991,296,154,142
E00131997,275,134,141
E00131999,315,174,141
E00132000,254,139,115
E00132001,316,167,149
E00132002,405,199,206
E00132003,346,180,166
E00132005,244,129,115
E00132006,365,173,192
E00132069,455,250,205
E00132070,382,202,180
E00132071,240,136,104
E00132072,546,291,255
E00132084,303,157,146
E00132085,353,185,168
E00132073,470,231,239
E00132074,430,224,206
E00132075,318,161,157
E00132076,310,164,146
E00132077,341,170,171
E00132068,251,120,131
E00132078,290,146,144
E00132079,323,151,172
E00132080,164,80,84
E00132081,275,129,146
E00132082,292,153,139
E00132083,294,163,131
E00132011,372,182,190
E00132012,331,174,157
E00132013,193,95,98
E00132016,587,314,273
E00132017,468,234,234
E00132020,488,243,245
E00132111,302,160,142
E00132112,385,191,194
E00132113,309,165,144
E00132115,391,191,200
E00132116,286,148,138
E00185413,321,158,163
E00185424,395,202,193
E00132117,476,245,231
E00132118,319,162,157
E00132119,367,188,179
E00132120,303,149,154
E00132121,399,204,195
E00132009,302,146,156
E00132010,110,56,54
E00132014,261,124,137
E00132015,249,121,128
E00132018,489,252,237
E00132019,224,113,111
E00132021,156,74,82
E00132022,472,238,234
E00132023,259,133,126
E00132024,446,222,224
E00132025,381,194,187
E00132029,267,151,116
E00132030,301,160,141
E00132032,246,137,109
E00132034,492,256,236
E00132036,186,89,97
E00185273,352,179,173
E00185334,324,172,152
E00185358,140,72,68
E00185448,499,263,236
E00132027,302,159,143
E00132037,376,185,191
E00169325,351,196,155
E00169326,327,169,158
E00185298,143,78,65
E00185302,587,315,272
E00185362,148,76,72
E00185382,212,105,107
E00185384,314,157,157
E00185421,148,75,73
E00132142,233,115,118
E00132143,259,132,127
E00132144,342,182,160
E00132146,260,143,117
E00132147,287,142,145
E00131994,255,139,116
E00131995,361,185,176
E00131996,277,139,138
E00131998,236,120,116
E00132008,320,155,165
E00131993,332,162,170
E00132004,361,178,183
E00132007,385,194,191
E00169327,284,156,128
E00169328,261,135,126
E00169329,321,165,156
E00132038,271,139,132
E00132041,263,141,122
E00132042,572,316,256
E00132043,489,251,238
E00132047,416,227,189
E00132048,296,151,145
E00132128,353,180,173
E00132133,278,139,139
E00132134,260,138,122
E00185286,178,87,91
E00185389,369,203,166
E00132145,355,175,180
E00132151,375,193,182
E00132152,272,135,137
E00185351,368,183,185
E00185415,338,167,171
E00132097,304,143,161
E00132098,300,157,143
E00132099,456,234,222
E00132102,251,134,117
E00132103,330,170,160
E00132123,327,170,157
E00132124,541,269,272
E00132125,278,158,120
E00185337,329,160,169
E00185403,574,292,282
E00185416,141,75,66
E00185425,327,162,165
E00132141,278,145,133
E00132148,367,194,173
E00132149,289,140,149
E00132153,262,138,124
E00132088,623,307,316
E00132089,387,207,180
E00132091,534,285,249
E00132086,377,189,188
E00132090,310,152,158
E00185441,351,186,165
E00185445,419,212,207
E00132169,269,135,134
E00132170,367,177,190
E00132171,287,137,150
E00132172,133,61,72
E00132173,280,153,127
E00132174,242,125,117
E00132175,304,150,154
E00132253,280,143,137
E00132256,292,142,150
E00132259,277,141,136
E00132260,269,148,121
E00132249,289,147,142
E00132250,313,165,148
E00132251,292,163,129
E00132257,252,132,120
E00132252,291,145,146
E00132255,310,159,151
E00132258,258,132,126
E00185343,421,230,191
E00185388,274,152,122
E00132375,337,171,166
E00132376,201,107,94
E00132377,198,84,114
E00132378,294,143,151
E00132379,245,129,116
E00132380,203,106,97
E00132381,348,177,171
E00132382,146,72,74
E00132544,238,124,114
E00132545,444,234,210
E00132547,256,134,122
E00132548,282,145,137
E00132541,473,255,218
E00132542,272,138,134
E00132543,240,132,108
E00132546,317,164,153
E00132235,367,187,180
E00132236,347,164,183
E00132237,250,121,129
E00132239,357,187,170
E00132240,188,93,95
E00132241,218,113,105
E00185414,247,135,112
E00185452,337,163,174
E00132351,268,139,129
E00132352,210,103,107
E00132353,129,65,64
E00132354,330,179,151
E00132355,222,113,109
E00132356,176,94,82
E00132357,416,204,212
E00132358,357,176,181
E00132359,164,81,83
E00132368,279,147,132
E00132369,378,211,167
E00132370,223,120,103
E00132371,245,127,118
E00132372,330,157,173
E00132373,256,137,119
E00132374,230,124,106
E00132360,454,231,223
E00132362,303,155,148
E00132363,517,279,238
E00132364,250,129,121
E00132361,161,80,81
E00132365,295,160,135
E00132366,357,188,169
E00132367,279,147,132
E00132430,294,158,136
E00132433,245,139,106
E00132436,290,154,136
E00185344,335,176,159
E00185350,328,173,155
E00132431,447,237,210
E00132432,290,151,139
E00132434,418,216,202
E00132435,241,127,114
E00132445,394,216,178
E00132446,299,159,140
E00132447,354,183,171
E00132448,306,159,147
E00132449,212,122,90
E00132450,317,171,146
E00132451,291,144,147
E00132452,331,175,156
E00132549,384,214,170
E00132550,517,253,264
E00132551,340,179,161
E00132552,258,131,127
E00132553,272,139,133
E00132554,370,181,189
E00132555,336,171,165
E00132383,232,119,113
E00132384,289,149,140
E00132385,274,137,137
E00132386,289,132,157
E00132387,234,124,110
E00132388,243,133,110
E00132389,310,162,148
E00132390,204,113,91
E00132391,258,125,133
E00132437,227,125,102
E00132438,296,151,145
E00132439,267,140,127
E00132440,249,128,121
E00132441,217,116,101
E00132442,217,123,94
E00132443,313,154,159
E00132444,215,103,112
E00132422,297,151,146
E00132423,250,133,117
E00132424,280,144,136
E00132427,290,147,143
E00132421,490,250,240
E00132425,405,207,198
E00132426,266,137,129
E00132428,285,147,138
E00132322,231,102,129
E00132323,349,201,148
E00132324,597,324,273
E00132325,446,242,204
E00132326,245,122,123
E00132327,287,140,147
E00132328,175,77,98
E00132329,318,167,151
E00132330,211,107,104
E00132331,261,127,134
E00132332,262,123,139
E00132333,284,150,134
E00132334,292,147,145
E00132335,305,150,155
E00132336,353,183,170
E00132337,314,159,155
E00132339,277,136,141
E00132340,224,119,105
E00132341,270,136,134
E00132342,256,133,123
E00185369,349,189,160
E00185433,119,64,55
E00132493,144,74,70
E00132494,122,63,59
E00132495,292,148,144
E00132496,224,107,117
E00132497,187,89,98
E00132498,184,95,89
E00132499,330,163,167
E00132500,272,129,143
E00132501,272,147,125
E00132517,215,115,100
E00132518,424,201,223
E00132519,280,155,125
E00132520,256,133,123
E00132521,345,184,161
E00132522,318,163,155
E00132523,181,98,83
E00132524,301,157,144
E00132525,305,159,146
E00132526,299,164,135
E00132527,231,110,121
E00132528,227,123,104
E00132529,216,116,100
E00132530,294,150,144
E00132531,284,149,135
E00132556,289,139,150
E00132557,361,184,177
E00132558,259,132,127
E00132562,295,151,144
E00185265,460,232,228
E00185462,278,147,131
E00185463,125,60,65
E00132312,156,77,79
E00132313,192,100,92
E00132314,178,92,86
E00132315,346,170,176
E00132316,156,78,78
E00132317,103,54,49
E00132318,389,191,198
E00132319,279,138,141
E00132320,146,75,71
E00132321,159,85,74
E00132392,219,103,116
E00132393,374,192,182
E00132394,140,68,72
E00132395,134,64,70
E00132396,252,115,137
E00132397,309,154,155
E00132398,320,158,162
E00132399,349,191,158
E00132400,271,142,129
E00132623,390,190,200
E00132624,207,102,105
E00132625,133,67,66
E00132626,283,139,144
E00132628,262,128,134
E00132629,323,166,157
E00132630,275,140,135
E00169334,382,191,191
E00169335,187,102,85
E00169336,149,76,73
E00132156,356,175,181
E00132157,312,156,156
E00132159,270,129,141
E00132160,306,174,132
E00132162,499,265,234
E00132155,245,123,122
E00132158,344,188,156
E00132161,521,272,249
E00132163,379,184,195
E00132164,322,171,151
E00132154,276,148,128
E00132165,237,122,115
E00132166,253,120,133
E00132167,388,191,197
E00132168,220,120,100
E00132577,135,60,75
E00132578,106,50,56
E00132579,434,230,204
E00132580,357,178,179
E00132581,129,65,64
E00132582,225,114,111
E00132583,362,185,177
E00132584,234,111,123
E00132602,188,89,99
E00132603,170,85,85
E00132604,266,131,135
E00132605,136,67,69
E00132606,365,195,170
E00132607,203,96,107
E00132608,197,97,100
E00132609,411,210,201
E00132242,312,162,150
E00132243,341,175,166
E00132244,299,154,145
E00132248,342,165,177
E00132284,158,78,80
E00132285,162,86,76
E00132286,198,96,102
E00132287,249,136,113
E00132289,261,140,121
E00132290,193,94,99
E00132292,145,74,71
E00132293,126,62,64
E00132294,188,91,97
E00132295,136,68,68
E00169348,284,148,136
E00132303,216,111,105
E00132304,282,138,144
E00132305,360,190,170
E00132306,343,176,167
E00132307,370,187,183
E00132308,155,73,82
E00132309,253,128,125
E00169349,219,116,103
E00132532,261,134,127
E00132533,165,81,84
E00132534,154,76,78
E00132535,349,177,172
E00132536,214,118,96
E00132537,154,72,82
E00132538,136,65,71
E00132539,480,244,236
E00132540,269,144,125
E00132189,460,239,221
E00132190,240,116,124
E00132191,270,136,134
E00132193,313,166,147
E00132197,314,155,159
E00132185,363,178,185
E00132186,246,122,124
E00132198,351,172,179
E00132199,291,151,140
E00132200,300,151,149
E00132187,295,150,145
E00132188,257,125,132
E00132192,265,139,126
E00132194,247,133,114
E00132195,285,149,136
E00132196,239,128,111
E00132296,340,177,163
E00132297,292,152,140
E00132298,357,183,174
E00132299,537,280,257
E00132300,247,134,113
E00132301,166,89,77
E00132302,331,155,176
E00132262,320,168,152
E00132263,266,136,130
E00132274,301,152,149
E00132276,459,237,222
E00132277,309,155,154
E00132265,267,137,130
E00132267,321,170,151
E00132269,267,150,117
E00132275,360,188,172
E00132278,461,249,212
E00132282,246,131,115
E00132261,526,274,252
E00132271,603,308,295
E00132279,217,117,100
E00132280,233,122,111
E00132281,241,120,121
E00132283,260,131,129
E00132264,434,235,199
E00132266,263,122,141
E00132268,310,170,140
E00132270,236,119,117
E00132272,422,222,200
E00132273,229,129,100
E00132408,308,158,150
E00132409,104,55,49
E00132410,256,137,119
E00132415,200,102,98
E00132416,362,181,181
E00185264,355,181,174
E00132585,234,122,112
E00132588,286,148,138
E00132589,274,140,134
E00132590,231,117,114
E00132591,309,160,149
E00132601,362,185,177
E00132592,480,236,244
E00132593,213,109,104
E00132594,341,171,170
E00132595,336,183,153
E00132597,315,146,169
E00132401,360,196,164
E00132402,273,146,127
E00132411,139,70,69
E00132412,211,117,94
E00132414,257,132,125
E00132404,242,121,121
E00169337,228,128,100
E00185267,378,210,168
E00185268,315,158,157
E00185269,185,87,98
E00185464,307,162,145
E00132176,443,215,228
E00132178,245,125,120
E00132179,311,171,140
E00132184,338,179,159
E00132177,240,117,123
E00132180,224,114,110
E00132181,230,125,105
E00132182,228,123,105
E00132183,342,183,159
E00132219,136,66,70
E00132223,311,155,156
E00132224,301,151,150
E00132225,199,94,105
E00132226,192,97,95
E00132245,519,271,248
E00132246,452,241,211
E00132247,237,117,120
E00132504,448,243,205
E00132506,448,249,199
E00132509,329,171,158
E00169331,224,116,108
E00169332,282,153,129
E00169333,109,65,44
E00132502,393,212,181
E00132503,280,154,126
E00132507,381,196,185
E00132508,336,178,158
E00132461,279,140,139
E00132462,238,118,120
E00132467,224,99,125
E00132468,390,187,203
E00132469,328,169,159
E00132453,275,138,137
E00132454,258,110,148
E00132456,259,129,130
E00132460,216,95,121
E00132465,245,127,118
E00132466,317,161,156
E00132470,239,102,137
E00132472,282,159,123
E00132475,328,176,152
E00132477,319,168,151
E00132485,411,180,231
E00132586,244,128,116
E00132587,338,174,164
E00132596,228,110,118
E00132598,263,136,127
E00132599,322,165,157
E00132600,239,113,126
E00132405,246,130,116
E00132413,279,146,133
E00132417,297,171,126
E00132418,203,116,87
E00132420,260,145,115
E00185263,483,244,239
E00132455,235,114,121
E00132457,354,200,154
E00132459,231,111,120
E00132463,204,105,99
E00132464,235,124,111
E00185272,447,247,200
E00185323,137,71,66
E00185440,413,213,200
E00132476,308,171,137
E00132478,309,161,148
E00132479,310,149,161
E00132480,292,145,147
E00132481,285,156,129
E00132471,314,159,155
E00132473,252,130,122
E00132474,179,95,84
E00132482,327,172,155
E00132483,216,116,100
E00132484,209,113,96
E00132201,275,132,143
E00132207,105,46,59
E00132208,247,120,127
E00132209,288,137,151
E00132210,474,242,232
E00132202,441,224,217
E00132204,300,146,154
E00185335,491,242,249
E00185375,858,190,668
E00185376,301,148,153
E00185435,113,53,60
E00132213,417,200,217
E00132215,449,228,221
E00132218,297,137,160
E00169340,288,147,141
E00169341,216,109,107
E00169342,326,171,155
E00132211,235,123,112
E00132212,270,134,136
E00132214,344,170,174
E00132217,350,184,166
E00169339,206,111,95
E00169343,106,57,49
E00169347,101,50,51
E00132612,412,219,193
E00132615,293,143,150
E00132622,249,129,120
E00169344,329,170,159
E00169345,258,137,121
E00169346,284,150,134
E00132610,313,148,165
E00132616,279,143,136
E00132617,237,125,112
E00132618,291,166,125
E00132611,291,151,140
E00132614,404,226,178
E00132619,200,104,96
E00132620,276,148,128
E00132621,323,165,158
E00132220,303,149,154
E00132221,285,139,146
E00132222,314,149,165
E00132227,372,183,189
E00132568,287,148,139
E00132571,186,96,90
E00132572,357,182,175
E00132574,369,194,175
E00132576,277,147,130
E00132563,329,169,160
E00132564,298,158,140
E00132565,313,162,151
E00132566,288,142,146
E00132567,327,167,160
E00132569,252,135,117
E00132570,279,125,154
E00132573,321,186,135
E00132575,400,197,203
E00132228,281,141,140
E00132229,303,146,157
E00132230,285,132,153
E00132231,290,141,149
E00132232,352,184,168
E00132233,342,176,166
E00132234,103,48,55
E00132343,363,182,181
E00132344,355,188,167
E00132345,255,128,127
E00132346,253,123,130
E00132347,209,105,104
E00132348,332,175,157
E00132349,223,117,106
E00132350,192,97,95
E00132486,458,234,224
E00132487,227,114,113
E00132488,290,150,140
E00132489,307,146,161
E00132490,206,113,93
E00132491,257,139,118
E00132492,287,148,139
E00132510,247,124,123
E00132511,151,85,66
E00132512,345,171,174
E00132513,455,219,236
E00132514,520,278,242
E00132515,418,209,209
E00132516,170,83,87
E00132766,214,121,93
E00132769,289,149,140
E00132770,296,152,144
E00132771,285,142,143
E00132772,249,113,136
E00132773,371,192,179
E00132761,583,302,281
E00132763,254,123,131
E00132764,200,97,103
E00132765,242,125,117
E00132767,291,152,139
E00132768,194,99,95
E00132853,474,244,230
E00132854,374,192,182
E00132856,269,143,126
E00132859,322,177,145
E00132844,337,183,154
E00132846,283,154,129
E00132847,442,211,231
E00132849,339,173,166
E00132852,334,175,159
E00132788,308,168,140
E00132793,346,173,173
E00132812,299,158,141
E00173635,466,216,250
E00173636,250,134,116
E00173638,227,120,107
E00173642,163,81,82
E00173654,504,247,257
E00132787,287,152,135
E00132807,257,124,133
E00132809,343,175,168
E00132811,270,137,133
E00185314,317,168,149
E00185420,370,185,185
E00132803,194,105,89
E00132804,369,199,170
E00132805,262,123,139
E00132806,216,123,93
E00132808,369,178,191
E00132845,289,146,143
E00132848,367,188,179
E00132850,228,104,124
E00132851,423,241,182
E00132855,172,108,64
E00132857,207,103,104
E00132634,274,133,141
E00132636,299,143,156
E00132642,318,158,160
E00173637,123,62,61
E00173653,481,61,420
E00132742,323,155,168
E00132745,302,148,154
E00132750,358,174,184
E00185331,393,200,193
E00185371,241,136,105
E00185422,336,163,173
E00185428,311,157,154
E00132736,246,118,128
E00132737,274,138,136
E00132759,595,301,294
E00132760,272,126,146
E00173630,299,148,151
E00173631,333,165,168
E00173655,467,235,232
E00132779,231,123,108
E00132780,252,148,104
E00132781,222,122,100
E00132782,308,175,133
E00132783,236,127,109
E00132784,199,103,96
E00132785,221,116,105
E00132786,212,126,86
E00132762,457,233,224
E00132774,374,192,182
E00132775,386,218,168
E00132776,312,182,130
E00132777,288,152,136
E00132778,284,142,142
E00132858,301,176,125
E00132861,353,204,149
E00132862,274,154,120
E00185283,410,231,179
E00185378,233,115,118
E00132863,300,156,144
E00132864,294,148,146
E00132865,269,141,128
E00132866,221,125,96
E00132867,332,180,152
E00132868,411,183,228
E00132633,422,203,219
E00132637,211,100,111
E00132643,412,196,216
E00132644,316,154,162
E00173640,481,215,266
E00173641,287,122,165
E00132638,346,174,172
E00132641,316,157,159
E00132654,339,183,156
E00173639,473,243,230
E00173643,332,174,158
E00173644,304,144,160
E00173645,331,171,160
E00173646,138,64,74
E00132632,356,172,184
E00132639,408,173,235
E00132645,378,179,199
E00132646,333,158,175
E00132649,339,163,176
E00132647,306,139,167
E00132648,332,153,179
E00132650,421,159,262
E00132651,351,175,176
E00132652,239,118,121
E00132653,291,110,181
E00132790,411,211,200
E00132791,439,231,208
E00132794,352,175,177
E00132810,352,188,164
E00132797,411,216,195
E00132799,385,191,194
E00132801,340,167,173
E00132802,273,136,137
E00132796,330,180,150
E00132798,323,172,151
E00132800,327,175,152
E00132813,316,166,150
E00132682,189,83,106
E00132708,217,109,108
E00173629,477,215,262
E00173633,182,95,87
E00185276,1262,683,579
E00185332,1370,706,664
E00132739,227,123,104
E00132740,360,175,185
E00132741,282,132,150
E00132743,443,227,216
E00132744,356,192,164
E00132735,457,218,239
E00132748,295,159,136
E00132754,391,221,170
E00132755,162,72,90
E00132756,395,192,203
E00132757,324,182,142
E00132747,462,233,229
E00132749,318,153,165
E00132751,460,232,228
E00132753,603,275,328
E00185319,592,339,253
E00185349,230,108,122
E00185400,387,193,194
E00132687,396,187,209
E00132688,298,154,144
E00132693,255,131,124
E00132697,327,136,191
E00132699,392,184,208
E00132702,333,166,167
E00132903,277,126,151
E00132904,315,145,170
E00132905,231,93,138
E00132906,322,170,152
E00132907,243,118,125
E00132914,314,157,157
E00132915,411,182,229
E00132908,456,222,234
E00132909,355,168,187
E00132910,410,192,218
E00132911,375,179,196
E00132913,304,155,149
E00132918,332,143,189
E00132912,404,168,236
E00132916,323,171,152
E00132917,343,152,191
E00132919,308,145,163
E00132920,333,174,159
E00132921,258,110,148
E00132663,335,181,154
E00132665,215,105,110
E00132667,388,212,176
E00132669,268,144,124
E00132670,219,124,95
E00132657,466,245,221
E00132660,388,193,195
E00132671,298,166,132
E00132672,307,153,154
E00132680,290,151,139
E00132658,275,145,130
E00132662,243,121,122
E00132664,287,140,147
E00132666,288,148,140
E00132668,297,156,141
E00132675,284,154,130
E00173648,353,178,175
E00173649,154,74,80
E00173651,393,198,195
E00132673,372,189,183
E00132674,262,127,135
E00132676,246,138,108
E00173652,134,66,68
E00185330,235,124,111
E00185363,322,156,166
E00132689,224,117,107
E00132696,269,127,142
E00132698,280,138,142
E00132701,267,139,128
E00132703,360,163,197
E00132704,357,201,156
E00132690,280,142,138
E00132692,254,129,125
E00132694,321,166,155
E00132700,327,173,154
E00185322,428,212,216
E00185399,160,100,60
E00132895,292,151,141
E00132898,247,126,121
E00132922,363,172,191
E00132923,355,149,206
E00132924,261,135,126
E00132707,315,163,152
E00185299,572,344,228
E00185377,1193,657,536
E00185390,658,363,295
E00185427,178,86,92
E00132681,367,165,202
E00132685,334,154,180
E00132686,375,183,192
E00132691,379,194,185
E00132655,266,133,133
E00132656,242,121,121
E00132677,323,160,163
E00132678,288,154,134
E00132679,261,132,129
E00132818,247,129,118
E00132820,286,141,145
E00132824,258,130,128
E00132839,289,141,148
E00132843,339,177,162
E00132819,351,162,189
E00132821,230,138,92
E00132840,332,174,158
E00132841,268,144,124
E00132842,305,154,151
E00132823,276,145,131
E00132825,262,123,139
E00132830,297,158,139
E00132833,231,121,110
E00132835,265,128,137
E00132817,257,131,126
E00132829,339,172,167
E00132832,224,115,109
E00132834,392,198,194
E00132836,293,147,146
E00132814,220,105,115
E00132815,237,118,119
E00132816,272,134,138
E00132837,295,139,156
E00132838,292,144,148
E00132822,268,144,124
E00132826,272,135,137
E00132827,299,168,131
E00132828,260,144,116
E00132831,285,147,138
E00132870,391,203,188
E00132875,335,169,166
E00132891,266,145,121
E00132893,299,157,142
E00132894,240,127,113
E00132883,234,119,115
E00132884,265,137,128
E00132885,242,115,127
E00132887,544,285,259
E00132888,354,176,178
E00132872,603,307,296
E00132873,243,125,118
E00132886,217,100,117
E00132889,262,143,119
E00132890,344,175,169
E00132896,226,102,124
E00132897,419,222,197
E00132899,271,126,145
E00132900,267,119,148
E00132901,310,164,146
E00132902,346,159,187
E00132712,275,142,133
E00132713,259,130,129
E00132721,256,131,125
E00132732,394,217,177
E00132711,249,112,137
E00132714,484,251,233
E00132716,275,132,143
E00132717,237,119,118
E00132719,221,118,103
E00132718,481,251,230
E00132720,311,165,146
E00132722,263,140,123
E00132733,310,167,143
E00132715,328,179,149
E00132723,237,124,113
E00132724,311,143,168
E00132725,216,118,98
E00132726,244,126,118
E00132709,532,255,277
E00132728,299,149,150
E00132729,430,212,218
E00132730,316,158,158
E00132710,323,166,157
E00132727,329,166,163
E00132731,288,150,138
E00132734,261,132,129
E00132869,314,159,155
E00132874,335,167,168
E00132877,148,71,77
E00132880,234,124,110
E00132881,304,158,146
E00132892,339,169,170
E00132871,360,180,180
E00132876,255,130,125
E00132878,254,121,133
E00132879,284,150,134
E00132882,388,196,192
E00132953,361,184,177
E00132955,249,134,115
E00132956,268,139,129
E00132963,524,273,251
E00132965,269,149,120
E00132952,499,249,250
E00132954,559,281,278
E00132958,278,125,153
E00132960,242,125,117
E00132964,341,174,167
E00132980,362,194,168
E00132981,233,117,116
E00132983,242,127,115
E00132986,343,177,166
E00132987,265,144,121
E00132989,290,160,130
E00133046,333,171,162
E00133059,332,168,164
E00133060,253,133,120
E00133063,356,186,170
E00133066,371,193,178
E00133068,306,157,149
E00133049,258,134,124
E00133052,283,147,136
E00133057,263,134,129
E00133058,263,145,118
E00133062,239,129,110
E00133064,289,142,147
E00133050,306,161,145
E00133053,259,134,125
E00133054,308,151,157
E00133055,316,158,158
E00133056,332,164,168
E00133065,331,157,174
E00132936,277,152,125
E00132937,314,146,168
E00132938,570,303,267
E00132939,349,183,166
E00132995,568,284,284
E00132996,242,120,122
E00132997,240,78,162
E00132998,558,276,282
E00133022,321,168,153
E00133023,439,215,224
E00133024,401,215,186
E00133025,565,289,276
E00133026,117,54,63
E00133027,572,288,284
E00133028,174,90,84
E00133176,290,149,141
E00133177,113,60,53
E00133179,464,252,212
E00133180,310,158,152
E00133181,210,112,98
E00133182,333,163,170
E00133175,306,156,150
E00133178,361,193,168
E00133183,251,132,119
E00133184,353,188,165
E00133185,330,168,162
E00133186,260,134,126
E00132934,494,251,243
E00132935,457,228,229
E00185381,464,251,213
E00185431,111,59,52
E00185281,398,202,196
E00185285,169,87,82
E00185341,328,165,163
E00185342,478,256,222
E00185391,414,196,218
E00169361,177,100,77
E00169362,322,177,145
E00169363,332,179,153
E00169365,300,150,150
E00169367,362,182,180
E00169368,361,194,167
E00132971,469,237,232
E00132973,351,177,174
E00132975,318,160,158
E00169371,276,136,140
E00169372,548,127,421
E00132966,308,168,140
E00132967,365,188,177
E00132968,331,178,153
E00132972,273,149,124
E00132974,279,141,138
E00185401,461,226,235
E00185409,207,107,100
E00132950,219,122,97
E00132957,253,135,118
E00132959,281,149,132
E00132961,285,144,141
E00132962,512,261,251
E00169373,335,175,160
E00169379,313,153,160
E00132977,251,141,110
E00132978,297,166,131
E00132984,218,125,93
E00132985,328,162,166
E00185301,356,190,166
E00185370,451,225,226
E00133238,319,164,155
E00133239,276,142,134
E00133240,270,145,125
E00133242,266,132,134
E00133236,413,204,209
E00133237,494,248,246
E00133241,332,163,169
E00133243,271,145,126
E00132979,378,190,188
E00132982,271,143,128
E00132988,376,199,177
E00132990,346,180,166
E00132991,497,256,241
E00133047,474,234,240
E00133048,337,182,155
E00133051,219,119,100
E00133061,315,163,152
E00133067,346,170,176
E00133093,363,170,193
E00133094,381,195,186
E00133104,331,172,159
E00133107,430,212,218
E00133108,482,236,246
E00133095,243,124,119
E00133098,349,179,170
E00133099,333,166,167
E00133102,312,162,150
E00133103,256,135,121
E00133096,216,114,102
E00133097,270,136,134
E00133100,260,132,128
E00133101,228,124,104
E00133105,314,154,160
E00133106,406,203,203
E00132992,456,228,228
E00132993,289,151,138
E00132994,497,231,266
E00133003,332,169,163
E00133006,228,125,103
E00133007,562,285,277
E00133012,368,192,176
E00185309,166,89,77
E00185352,468,244,224
E00132999,226,118,108
E00133000,416,210,206
E00133005,291,155,136
E00133008,313,167,146
E00169370,243,116,127
E00169374,192,93,99
E00169375,214,109,105
E00133002,369,185,184
E00133009,375,196,179
E00133010,298,164,134
E00133011,431,215,216
E00132927,252,126,126
E00132928,359,176,183
E00132929,361,174,187
E00132930,176,81,95
E00132931,300,148,152
E00132942,532,276,256
E00132943,285,143,142
E00132944,325,172,153
E00132945,257,139,118
E00132946,157,63,94
E00132947,435,206,229
E00132948,369,198,171
E00132949,423,203,220
E00133084,147,71,76
E00133085,114,55,59
E00133086,459,256,203
E00133087,205,106,99
E00133088,315,167,148
E00133089,240,121,119
E00133090,358,189,169
E00133091,282,141,141
E00133092,325,169,156
E00133162,218,102,116
E00133163,284,157,127
E00133164,260,137,123
E00133166,325,175,150
E00133167,327,167,160
E00133168,415,219,196
E00132925,283,146,137
E00132926,482,238,244
E00132932,559,223,336
E00133016,465,236,229
E00133019,264,136,128
E00133021,264,125,139
E00169380,475,238,237
E00133013,151,73,78
E00133014,324,156,168
E00133018,351,175,176
E00185292,169,84,85
E00185321,597,178,419
E00133159,301,158,143
E00133160,403,210,193
E00133165,369,202,167
E00133169,250,126,124
E00133171,331,165,166
E00133172,344,171,173
E00133076,243,124,119
E00133077,274,135,139
E00133078,282,149,133
E00133079,267,141,126
E00133080,262,137,125
E00133081,224,118,106
E00133082,145,75,70
E00133083,353,189,164
E00133149,225,115,110
E00133150,158,79,79
E00133151,142,67,75
E00133152,415,201,214
E00133153,272,139,133
E00133154,307,155,152
E00133155,239,119,120
E00133156,267,143,124
E00133157,448,220,228
E00133158,397,208,189
E00133161,340,184,156
E00133170,358,194,164
E00133173,282,156,126
E00133174,448,237,211
E00133189,223,94,129
E00133190,412,199,213
E00133192,360,191,169
E00133194,254,121,133
E00133195,307,165,142
E00133202,235,123,112
E00133203,344,165,179
E00133204,403,213,190
E00185279,243,126,117
E00185304,352,190,162
E00185367,236,122,114
E00133205,438,226,212
E00133206,314,172,142
E00133207,289,156,133
E00133208,334,185,149
E00133209,563,293,270
E00133210,308,143,165
E00133211,447,218,229
E00133212,281,142,139
E00133213,531,267,264
E00133214,277,140,137
E00133215,347,182,165
E00133216,193,98,95
E00133217,215,115,100
E00133218,263,141,122
E00133227,175,109,66
E00133230,440,240,200
E00133231,464,253,211
E00133232,276,144,132
E00133235,313,147,166
E00133187,315,159,156
E00133188,267,139,128
E00133191,566,307,259
E00133193,327,173,154
E00133196,259,125,134
E00133197,255,132,123
E00133198,433,215,218
E00133199,278,145,133
E00185284,444,226,218
E00185418,279,150,129
E00185442,207,117,90
E00133223,296,152,144
E00133224,288,147,141
E00133226,264,126,138
E00169351,286,152,134
E00169352,280,139,141
E00169353,291,162,129
E00133228,380,195,185
E00133229,294,149,145
E00169381,468,241,227
E00169355,324,164,160
E00169376,345,167,178
E00169377,418,226,192
E00185359,589,301,288
E00185387,134,73,61
E00185423,178,89,89
E00133219,360,183,177
E00133220,322,168,154
E00133225,538,264,274
E00169350,285,149,136
E00133033,259,134,125
E00133036,318,154,164
E00133039,352,172,180
E00133040,301,156,145
E00185291,371,193,178
E00185444,121,49,72
E00133029,425,215,210
E00133030,379,194,185
E00133042,281,141,140
E00133043,192,98,94
E00133045,210,107,103
E00185372,259,127,132
E00185434,313,164,149
E00133032,344,160,184
E00133034,393,208,185
E00133035,405,214,191
E00133037,234,129,105
E00133038,170,103,67
E00133041,366,214,152
E00133069,388,200,188
E00133074,453,222,231
E00133075,434,207,227
E00133070,498,250,248
E00133071,351,187,164
E00133072,326,162,164
E00133073,453,226,227
E00133141,282,144,138
E00133142,455,253,202
E00133143,201,106,95
E00133144,224,124,100
E00133145,254,132,122
E00133146,248,127,121
E00133147,286,144,142
E00133148,281,141,140
E00133129,193,105,88
E00133131,300,162,138
E00133132,402,217,185
E00169369,360,187,173
E00185274,483,246,237
E00185275,145,69,76
E00169357,518,252,266
E00169358,352,180,172
E00169359,561,292,269
E00169360,266,133,133
E00169378,388,183,205
E00133127,233,122,111
E00133128,214,111,103
E00185271,218,113,105
E00185289,300,154,146
E00185317,178,89,89
E00185324,154,82,72
E00185355,239,116,123
E00185361,493,252,241
E00185396,471,247,224
E00133109,229,123,106
E00133114,273,143,130
E00133115,275,138,137
E00133116,327,161,166
E00133110,255,137,118
E00133111,232,122,110
E00133112,273,149,124
E00133113,281,151,130
E00133133,249,130,119
E00133136,332,165,167
E00133137,299,147,152
E00133138,269,133,136
E00133134,269,132,137
E00133135,265,137,128
E00133139,302,155,147
E00133140,304,152,152
E00133118,261,133,128
E00133121,248,124,124
E00133122,398,198,200
E00185356,587,291,296
E00185373,366,184,182
E00185426,173,93,80
E00185457,207,104,103
E00133117,605,299,306
E00133119,333,179,154
E00133120,303,164,139
E00133124,230,127,103
E00133260,369,182,187
E00133261,451,230,221
E00133266,362,190,172
E00133267,322,170,152
E00133268,276,141,135
E00133262,292,153,139
E00133263,363,191,172
E00133264,314,161,153
E00133265,447,233,214
E00133269,404,198,206
E00133270,245,124,121
E00133271,233,119,114
E00133272,340,188,152
E00133273,112,59,53
E00133288,333,173,160
E00133289,249,129,120
E00133290,169,85,84
E00133291,320,148,172
E00133292,208,109,99
E00133293,342,184,158
E00133294,324,159,165
E00133457,381,198,183
E00133458,234,121,113
E00133459,357,174,183
E00133460,329,174,155
E00133461,319,155,164
E00133462,317,155,162
E00133463,400,211,189
E00133281,348,166,182
E00133282,342,190,152
E00133283,304,156,148
E00133284,350,166,184
E00133285,337,166,171
E00133286,277,136,141
E00133287,354,185,169
E00133295,487,243,244
E00133296,291,154,137
E00133297,280,142,138
E00133298,246,119,127
E00133299,229,120,109
E00133300,373,183,190
E00133301,225,120,105
E00133302,162,80,82
E00133342,265,134,131
E00133344,283,140,143
E00133346,233,124,109
E00133351,320,170,150
E00133354,323,163,160
E00185380,494,258,236
E00185383,247,139,108
E00133310,438,227,211
E00133314,290,144,146
E00133320,335,159,176
E00133324,440,214,226
E00133327,354,199,155
E00133328,319,179,140
E00133316,425,200,225
E00133318,207,108,99
E00133322,236,120,116
E00133323,240,123,117
E00133326,396,200,196
E00133329,313,162,151
E00133311,323,159,164
E00133313,258,138,120
E00133315,306,153,153
E00133325,295,154,141
E00133331,334,165,169
E00133333,259,143,116
E00133312,262,136,126
E00133317,284,148,136
E00133319,322,175,147
E00133321,255,139,116
E00133330,334,164,170
E00133332,518,261,257
E00133500,326,167,159
E00133502,304,154,150
E00133503,370,190,180
E00133504,356,175,181
E00133491,291,141,150
E00133493,439,238,201
E00133495,364,185,179
E00133497,449,218,231
E00133501,318,161,157
E00133492,368,189,179
E00133494,398,208,190
E00133496,404,210,194
E00133498,301,147,154
E00133499,286,155,131
E00133507,231,117,114
E00133508,346,169,177
E00133511,275,142,133
E00133512,258,130,128
E00133513,309,149,160
E00133506,541,261,280
E00133509,364,182,182
E00133510,339,174,165
E00133256,360,178,182
E00133258,314,161,153
E00133259,379,194,185
E00169392,341,180,161
E00169393,323,168,155
E00169394,256,124,132
E00133360,273,148,125
E00133362,300,156,144
E00133367,261,128,133
E00133372,431,222,209
E00133373,348,185,163
E00185392,529,262,267
E00185456,136,72,64
E00133358,322,163,159
E00133361,313,146,167
E00133366,341,178,163
E00133368,283,143,140
E00133374,320,148,172
E00133376,156,74,82
E00133359,353,180,173
E00133363,396,198,198
E00133364,236,126,110
E00133365,279,140,139
E00133369,196,90,106
E00133370,270,147,123
E00133371,268,135,133
E00133401,343,176,167
E00133402,325,163,162
E00133403,412,198,214
E00133404,392,215,177
E00133405,447,229,218
E00133407,358,185,173
E00133442,276,149,127
E00133443,341,172,169
E00133448,261,134,127
E00133456,227,124,103
E00185297,156,73,83
E00185353,501,248,253
E00133449,242,138,104
E00133451,296,150,146
E00133454,388,184,204
E00133455,366,192,174
E00169390,284,156,128
E00169391,469,251,218
E00185277,322,162,160
E00185329,348,181,167
E00133377,423,187,236
E00133378,285,147,138
E00133382,405,221,184
E00133384,366,180,186
E00133379,311,158,153
E00133380,425,216,209
E00133381,350,180,170
E00133383,282,142,140
E00133446,495,272,223
E00133450,523,260,263
E00133452,527,273,254
E00133444,423,200,223
E00185318,563,292,271
E00185345,113,60,53
E00185402,476,243,233
E00185438,212,113,99
E00133416,343,168,175
E00133421,348,176,172
E00133422,190,102,88
E00133423,218,109,109
E00133424,277,157,120
E00133425,594,306,288
E00133415,309,161,148
E00133417,319,163,156
E00133418,268,133,135
E00133419,302,154,148
E00133420,334,180,154
E00133426,300,155,145
E00133427,294,142,152
E00133428,369,192,177
E00133429,387,216,171
E00133430,347,170,177
E00133439,467,231,236
E00133441,302,155,147
E00133431,397,189,208
E00133432,368,179,189
E00133433,244,123,121
E00133434,355,177,178
E00133435,408,203,205
E00133436,370,182,188
E00133437,350,175,175
E00133438,324,162,162
E00133440,339,165,174
E00133339,263,119,144
E00133348,190,114,76
E00133349,263,131,132
E00133355,358,179,179
E00133356,457,230,227
E00133357,281,144,137
E00133335,374,186,188
E00133336,346,160,186
E00133338,363,184,179
E00133343,310,153,157
E00133347,384,209,175
E00133350,218,119,99
E00133334,117,57,60
E00133337,329,175,154
E00133341,272,146,126
E00133345,266,142,124
E00133352,439,216,223
E00133353,225,113,112
E00133466,314,152,162
E00133473,254,124,130
E00133474,224,96,128
E00133478,252,144,108
E00169382,305,153,152
E00169395,361,185,176
E00133464,194,104,90
E00133465,294,158,136
E00133469,301,151,150
E00133470,237,117,120
E00133472,301,147,154
E00133475,129,64,65
E00133467,254,134,120
E00133471,301,148,153
E00133476,393,201,192
E00133477,420,215,205
E00133385,338,175,163
E00133388,337,169,168
E00133392,267,144,123
E00133393,232,114,118
E00133395,291,153,138
E00133386,419,234,185
E00133391,357,195,162
E00133394,568,286,282
E00169384,230,121,109
E00169385,564,291,273
E00169386,255,114,141
E00133389,296,151,145
E00133390,350,185,165
E00133396,290,142,148
E00133397,328,172,156
E00133398,386,193,193
E00133399,363,188,175
E00133400,347,164,183
E00133413,345,184,161
E00133414,385,194,191
E00133406,445,231,214
E00169383,289,138,151
E00169387,323,154,169
E00169388,375,195,180
E00133409,249,125,124
E00133410,387,189,198
E00133411,508,265,243
E00133412,278,135,143
E00133274,505,253,252
E00133275,350,178,172
E00133276,311,150,161
E00133277,352,182,170
E00133278,257,131,126
E00133279,280,137,143
E00133280,401,202,199
E00133303,256,133,123
E00133304,324,162,162
E00133305,227,106,121
E00133306,343,165,178
E00133307,265,133,132
E00133308,302,149,153
E00133309,285,141,144
E00133479,434,211,223
E00133480,387,194,193
E00133481,345,164,181
E00133482,338,172,166
E00133483,486,243,243
E00133484,541,263,278
E00133485,168,84,84
E00133245,180,96,84
E00133246,372,189,183
E00133248,419,205,214
E00133249,334,184,150
E00185327,225,116,109
E00185397,233,122,111
E00185419,328,157,171
E00133244,392,206,186
E00133247,319,174,145
E00133251,272,142,130
E00133252,369,180,189
E00133253,492,250,242
E00133254,582,293,289
E00133255,332,163,169
E00133487,297,158,139
E00133488,317,159,158
E00133489,148,74,74
E00133490,381,189,192
E00133505,428,215,213
E00185295,253,135,118
E00185320,354,172,182
E00185449,149,78,71
E00133641,336,165,171
E00133646,351,192,159
E00133647,148,74,74
E00133648,303,161,142
E00133649,205,102,103
E00133650,134,69,65
E00133642,436,222,214
E00133643,301,159,142
E00133644,238,120,118
E00133645,370,188,182
E00133727,347,185,162
E00133728,337,172,165
E00133729,299,163,136
E00133730,329,167,162
E00133731,210,110,100
E00133732,155,79,76
E00133733,151,77,74
E00133759,310,150,160
E00133760,415,215,200
E00133761,471,245,226
E00133762,466,245,221
E00133763,138,67,71
E00133764,449,224,225
E00133765,292,144,148
E00133538,304,150,154
E00133539,382,198,184
E00133540,318,164,154
E00133541,345,190,155
E00133542,355,186,169
E00133543,339,168,171
E00133794,366,193,173
E00133795,336,175,161
E00133796,286,146,140
E00133797,326,172,154
E00133798,274,156,118
E00133799,219,120,99
E00133800,409,213,196
E00133873,321,170,151
E00133874,390,196,194
E00133875,390,202,188
E00133876,496,259,237
E00133877,334,183,151
E00133878,224,115,109
E00133879,361,176,185
E00133929,295,155,140
E00133930,338,181,157
E00133931,246,128,118
E00133932,561,270,291
E00133933,184,85,99
E00133934,349,164,185
E00133935,329,173,156
E00133708,261,139,122
E00133710,347,177,170
E00133714,360,188,172
E00133715,292,146,146
E00133716,344,186,158
E00133707,379,189,190
E00133718,259,136,123
E00133721,315,163,152
E00133725,297,162,135
E00133726,254,136,118
E00133709,270,147,123
E00133711,345,173,172
E00133712,294,157,137
E00133713,289,144,145
E00133717,207,106,101
E00133719,356,178,178
E00133720,292,167,125
E00133722,303,160,143
E00133723,291,139,152
E00133724,283,148,135
E00133861,240,127,113
E00133862,286,140,146
E00133864,508,251,257
E00133871,269,137,132
E00133858,222,133,89
E00133860,194,104,90
E00133863,241,125,116
E00133865,270,144,126
E00133866,154,83,71
E00133867,233,125,108
E00133868,254,144,110
E00133859,313,155,158
E00133869,276,147,129
E00133870,275,150,125
E00133872,258,133,125
E00133682,334,182,152
E00133683,252,130,122
E00133684,326,166,160
E00133692,482,255,227
E00133687,254,128,126
E00133688,224,113,111
E00133690,454,227,227
E00133691,288,155,133
E00133694,340,178,162
E00133695,208,104,104
E00133704,331,169,162
E00133706,249,120,129
E00185339,104,36,68
E00185360,364,183,181
E00185417,165,62,103
E00185439,201,81,120
E00133698,279,138,141
E00133699,262,132,130
E00133700,296,149,147
E00133701,274,143,131
E00133702,311,155,156
E00133703,307,157,150
E00133705,340,185,155
E00185288,393,192,201
E00185310,110,64,46
E00185336,426,210,216
E00185348,225,116,109
E00185451,391,205,186
E00133686,278,140,138
E00133689,283,144,139
E00133693,268,139,129
E00169421,385,191,194
E00185307,454,230,224
E00133624,490,262,228
E00133635,521,272,249
E00185338,307,154,153
E00185412,348,176,172
E00133625,312,178,134
E00133628,380,192,188
E00133636,402,206,196
E00133638,281,140,141
E00133639,218,123,95
E00133620,240,119,121
E00133622,367,186,181
E00133626,335,172,163
E00133640,222,119,103
E00133621,329,169,160
E00133627,392,210,182
E00133630,291,149,142
E00133634,276,153,123
E00133637,355,168,187
E00133629,354,187,167
E00133631,315,168,147
E00133632,371,185,186
E00133633,329,181,148
E00133667,300,144,156
E00133673,379,150,229
E00133675,268,122,146
E00133676,344,183,161
E00169399,319,158,161
E00169415,363,185,178
E00169417,342,173,169
E00133669,288,145,143
E00133670,276,130,146
E00133678,307,151,156
E00185270,161,82,79
E00185280,156,84,72
E00185386,397,212,185
E00185398,104,52,52
E00185437,511,289,222
E00133671,225,106,119
E00133672,303,156,147
E00133680,367,182,185
E00133681,288,149,139
E00169410,431,236,195
E00169411,282,139,143
E00169412,169,91,78
E00169413,265,125,140
E00169414,290,158,132
E00133813,324,154,170
E00133814,277,117,160
E00133815,317,160,157
E00133816,307,163,144
E00133817,322,152,170
E00133818,288,151,137
E00133819,371,192,179
E00133820,285,147,138
E00133821,307,159,148
E00133822,265,141,124
E00133823,261,129,132
E00133810,383,177,206
E00133811,336,177,159
E00133812,382,196,186
E00133824,296,160,136
E00133825,408,226,182
E00133547,289,154,135
E00133548,309,161,148
E00133550,303,155,148
E00133551,225,116,109
E00133552,254,143,111
E00133549,259,137,122
E00133553,254,118,136
E00133554,258,126,132
E00133555,304,153,151
E00169398,308,161,147
E00169418,349,171,178
E00169419,309,147,162
E00133544,298,153,145
E00133556,269,136,133
E00133557,332,176,156
E00169396,262,125,137
E00169397,209,110,99
E00169416,233,114,119
E00133661,443,230,213
E00133662,565,288,277
E00133663,333,180,153
E00133664,168,85,83
E00133665,308,160,148
E00133666,222,108,114
E00169422,389,210,179
E00133750,317,152,165
E00133751,285,141,144
E00133752,158,80,78
E00133753,216,108,108
E00133754,212,100,112
E00133755,174,93,81
E00133756,329,169,160
E00133757,305,158,147
E00133758,156,85,71
E00133530,257,126,131
E00133531,195,96,99
E00133532,124,70,54
E00133533,193,91,102
E00133534,269,126,143
E00133535,264,129,135
E00133536,524,258,266
E00133537,418,219,199
E00133804,217,115,102
E00133805,437,226,211
E00133806,375,189,186
E00133808,334,167,167
E00133809,226,114,112
E00133801,483,241,242
E00133802,289,145,144
E00133803,285,149,136
E00133807,350,179,171
E00133907,260,140,120
E00133908,460,239,221
E00133909,365,200,165
E00133910,305,147,158
E00133911,317,166,151
E00133912,462,229,233
E00133913,472,243,229
E00133651,277,141,136
E00133652,408,202,206
E00133653,309,162,147
E00133654,259,126,133
E00133655,277,134,143
E00133656,200,100,100
E00133657,468,240,228
E00133741,288,142,146
E00133742,526,258,268
E00133743,428,209,219
E00133744,267,127,140
E00133745,313,162,151
E00133747,134,67,67
E00133748,314,161,153
E00169423,217,103,114
E00133786,268,129,139
E00133787,474,245,229
E00133788,161,81,80
E00133790,340,175,165
E00133789,372,190,182
E00133791,298,159,139
E00133792,251,127,124
E00133793,323,169,154
E00133584,385,200,185
E00133585,357,194,163
E00133590,144,74,70
E00133595,364,194,170
E00133597,426,229,197
E00133581,273,138,135
E00133582,269,137,132
E00133589,339,184,155
E00133593,263,135,128
E00133596,304,144,160
E00133580,338,172,166
E00133583,262,132,130
E00133592,296,151,145
E00133594,248,133,115
E00133586,265,142,123
E00133587,341,179,162
E00133591,304,158,146
E00185313,252,136,116
E00185446,154,76,78
E00185308,540,269,271
E00185404,122,47,75
E00185453,293,151,142
E00185458,483,243,240
E00185282,283,149,134
E00185305,128,66,62
E00185333,428,230,198
E00185368,562,288,274
E00133560,277,137,140
E00133562,232,116,116
E00133563,225,124,101
E00133564,491,240,251
E00133566,289,149,140
E00133561,288,146,142
E00133565,294,175,119
E00133567,319,174,145
E00133568,338,180,158
E00133569,277,150,127
E00133570,247,125,122
E00133571,409,207,202
E00133572,344,178,166
E00133573,271,133,138
E00133575,223,113,110
E00185364,467,246,221
E00185374,147,75,72
E00169402,344,174,170
E00169403,355,192,163
E00169404,303,161,142
E00169409,307,157,150
E00169406,299,152,147
E00169407,505,259,246
E00169408,390,186,204
E00185306,322,172,150
E00185410,348,174,174
E00133558,370,195,175
E00133559,283,157,126
E00133576,334,183,151
E00133578,260,141,119
E00133734,303,154,149
E00133735,148,77,71
E00133736,533,281,252
E00133737,255,132,123
E00133738,401,198,203
E00133739,302,161,141
E00133740,242,125,117
E00133900,279,139,140
E00133901,378,187,191
E00133902,283,143,140
E00133903,334,175,159
E00133904,308,151,157
E00133905,298,144,154
E00133906,263,129,134
E00133918,331,162,169
E00133919,389,207,182
E00133920,395,205,190
E00133921,310,161,149
E00133922,294,151,143
E00133924,469,245,224
E00133927,230,123,107
E00133928,275,140,135
E00185460,647,327,320
E00185461,254,128,126
E00133914,496,262,234
E00133915,345,178,167
E00133916,307,147,160
E00133917,432,218,214
E00133923,289,150,139
E00133767,302,154,148
E00133775,323,166,157
E00133779,315,164,151
E00133783,312,159,153
E00133785,286,144,142
E00133766,346,173,173
E00133769,325,177,148
E00133770,325,178,147
E00133781,266,147,119
E00133784,285,142,143
E00133772,328,168,160
E00133773,334,178,156
E00133774,316,158,158
E00133777,194,95,99
E00185315,295,170,125
E00185347,287,136,151
E00133776,258,134,124
E00133778,345,175,170
E00133780,307,153,154
E00133782,239,131,108
E00185290,236,117,119
E00185346,302,154,148
E00185365,159,91,68
E00185459,423,224,199
E00133602,365,183,182
E00133603,351,178,173
E00133609,284,151,133
E00133610,260,135,125
E00133606,402,205,197
E00133611,299,155,144
E00133616,419,215,204
E00133618,365,187,178
E00133599,332,164,168
E00133604,246,134,112
E00133605,257,133,124
E00133607,224,114,110
E00133619,249,140,109
E00133598,227,127,100
E00133601,422,224,198
E00133614,230,118,112
E00133617,215,116,99
E00185316,322,182,140
E00185450,513,281,232
E00133600,340,189,151
E00133612,309,163,146
E00133613,358,186,172
E00133615,264,142,122
E00133522,254,134,120
E00133524,214,99,115
E00133526,246,126,120
E00133527,318,153,165
E00133528,296,148,148
E00133514,234,132,102
E00133515,380,225,155
E00133517,285,140,145
E00133518,187,102,85
E00133520,322,175,147
E00133523,201,103,98
E00133516,432,234,198
E00133521,265,137,128
E00133525,275,158,117
E00133529,526,285,241
E00169400,477,250,227
E00169401,320,160,160
E00133827,292,158,134
E00133830,240,119,121
E00133835,392,200,192
E00133837,256,130,126
E00133826,258,151,107
E00133828,192,98,94
E00133829,240,116,124
E00133834,293,157,136
E00133838,374,204,170
E00133839,216,111,105
E00133831,307,153,154
E00133832,236,139,97
E00133833,344,174,170
E00133836,366,181,185
E00133843,256,141,115
E00133844,330,170,160
E00133846,231,120,111
E00133847,184,103,81
E00133851,266,135,131
E00133853,266,140,126
E00133840,231,122,109
E00133841,269,158,111
E00133842,356,200,156
E00133852,315,177,138
E00133854,218,120,98
E00133855,455,248,207
E00133845,215,102,113
E00133848,236,105,131
E00133849,388,193,195
E00133850,195,101,94
E00133856,233,132,101
E00133857,210,111,99
E00133880,324,162,162
E00133882,273,139,134
E00133883,262,140,122
E00133884,282,148,134
E00133886,307,161,146
E00133881,279,138,141
E00133885,241,123,118
E00133887,288,143,145
E00133889,226,118,108
E00133890,308,164,144
E00133888,266,139,127
E00133891,247,128,119
E00133892,279,140,139
E00133894,262,136,126
E00133895,304,163,141
E00133893,364,188,176
E00133896,328,172,156
E00133898,332,169,163
E00185278,470,228,242
E00185294,263,139,124
E00185366,279,143,136
E00185406,466,253,213
E00133943,302,138,164
E00133946,252,136,116
E00133948,257,128,129
E00133951,319,161,158
E00133952,254,125,129
E00133953,269,135,134
E00133944,524,270,254
E00133945,315,161,154
E00133947,308,158,150
E00133949,554,286,268
E00133950,264,141,123
E00134052,454,231,223
E00134053,428,215,213
E00134054,197,96,101
E00134055,328,160,168
E00134056,213,123,90
E00134057,244,129,115
E00134058,234,119,115
E00134059,305,156,149
E00134060,273,133,140
E00134206,209,115,94
E00134207,178,91,87
E00134208,340,179,161
E00134209,363,181,182
E00134210,230,118,112
E00134216,291,154,137
E00134217,320,169,151
E00134219,293,154,139
E00134220,291,145,146
E00134221,264,147,117
E00134222,285,156,129
E00134223,128,64,64
E00168570,350,180,170
E00134005,418,227,191
E00134014,359,188,171
E00134018,431,212,219
E00168566,566,300,266
E00185311,325,162,163
E00185443,103,56,47
E00185454,357,188,169
E00134143,312,159,153
E00134145,322,152,170
E00134147,441,228,213
E00134148,218,107,111
E00134150,317,168,149
E00134141,288,154,134
E00134144,419,213,206
E00134146,260,130,130
E00134149,338,175,163
E00185296,111,60,51
E00185340,457,222,235
E00134137,208,102,106
E00134138,293,145,148
E00134139,417,207,210
E00134140,140,73,67
E00134151,294,143,151
E00134167,360,182,178
E00134168,210,96,114
E00134169,551,293,258
E00134170,247,142,105
E00134171,331,169,162
E00134172,248,132,116
E00134173,488,244,244
E00134174,305,155,150
E00134071,263,134,129
E00134073,450,238,212
E00134078,270,136,134
E00134079,484,259,225
E00134081,329,142,187
E00134069,176,90,86
E00134075,236,128,108
E00134076,314,159,155
E00134077,282,154,128
E00134080,311,152,159
E00185429,131,62,69
E00185430,368,191,177
E00134068,223,117,106
E00134070,150,78,72
E00134082,177,83,94
E00134083,285,153,132
E00134084,265,141,124
E00134085,225,115,110
E00185326,365,193,172
E00185405,285,151,134
E00134086,403,203,200
E00134088,390,206,184
E00134089,237,122,115
E00134090,208,113,95
E00134091,319,168,151
E00134092,341,175,166
E00134093,277,138,139
E00168571,306,156,150
E00168572,258,133,125
E00168573,307,164,143
E00134211,184,92,92
E00134212,202,106,96
E00134213,394,204,190
E00134214,311,158,153
E00134011,317,168,149
E00134012,299,153,146
E00134015,290,141,149
E00134016,270,137,133
E00134017,256,130,126
E00134022,293,143,150
E00134006,249,106,143
E00134007,257,126,131
E00134019,449,244,205
E00134020,313,159,154
E00134021,253,129,124
E00134023,319,144,175
E00134008,333,169,164
E00134009,237,116,121
E00134010,275,137,138
E00134024,277,148,129
E00134025,244,126,118
E00134026,354,201,153
E00134027,441,232,209
E00134034,333,168,165
E00134037,347,185,162
E00134038,240,119,121
E00134039,413,213,200
E00134030,275,107,168
E00134031,296,130,166
E00134033,202,90,112
E00134035,268,134,134
E00134036,258,133,125
E00134029,226,102,124
E00134040,555,296,259
E00134041,292,165,127
E00185287,234,107,127
E00185300,319,150,169
E00185325,244,111,133
E00185394,273,124,149
E00134043,461,234,227
E00134045,104,53,51
E00134046,387,184,203
E00134047,124,64,60
E00134042,110,54,56
E00134044,130,64,66
E00134048,312,148,164
E00134049,235,108,127
E00134050,343,176,167
E00134051,112,54,58
E00134129,230,107,123
E00134130,310,140,170
E00134131,275,144,131
E00134132,403,217,186
E00134133,301,159,142
E00134183,343,170,173
E00134184,507,254,253
E00134185,377,190,187
E00134186,384,192,192
E00134187,230,110,120
E00134188,333,172,161
E00134189,274,134,140
E00133994,284,144,140
E00133997,283,151,132
E00133999,274,130,144
E00134001,263,138,125
E00134003,423,234,189
E00133985,348,179,169
E00133990,331,181,150
E00133991,310,173,137
E00133992,259,130,129
E00185312,110,51,59
E00185385,402,208,194
E00185407,285,150,135
E00133988,272,140,132
E00133989,539,301,238
E00133993,311,154,157
E00134002,304,152,152
E00134004,267,135,132
E00133995,313,162,151
E00133996,263,146,117
E00133998,332,178,154
E00134000,295,143,152
E00168556,232,115,117
E00168557,238,117,121
E00168558,280,140,140
E00168559,258,123,135
E00134061,338,169,169
E00134062,316,165,151
E00134063,241,129,112
E00134064,268,145,123
E00134065,259,131,128
E00134066,237,120,117
E00134067,457,236,221
E00134152,369,185,184
E00134153,542,273,269
E00134154,300,149,151
E00134155,329,167,162
E00134156,314,158,156
E00134157,347,159,188
E00134158,244,128,116
E00134175,455,220,235
E00134176,410,210,200
E00134179,372,185,187
E00134177,279,140,139
E00134178,447,225,222
E00134180,277,136,141
E00134181,257,121,136
E00134182,361,174,187
E00133968,296,148,148
E00133969,394,202,192
E00133970,288,136,152
E00133971,536,272,264
E00133972,366,203,163
E00133973,279,148,131
E00133974,180,86,94
E00133975,212,103,109
E00134194,309,163,146
E00134200,426,224,202
E00134202,280,148,132
E00134204,205,99,106
E00185293,344,175,169
E00185408,413,218,195
E00134195,393,203,190
E00134196,325,177,148
E00134197,328,173,155
E00134198,312,163,149
E00134203,305,155,150
E00134205,447,228,219
E00134190,505,263,242
E00134191,214,105,109
E00134192,221,118,103
E00134193,479,234,245
E00134201,497,246,251
E00134112,419,220,199
E00134113,243,125,118
E00134118,260,136,124
E00134119,197,110,87
E00134120,185,94,91
E00134111,384,203,181
E00134114,225,125,100
E00134117,237,121,116
E00134122,404,206,198
E00134123,218,115,103
E00134124,105,50,55
E00134126,108,62,46
E00134134,442,213,229
E00134135,609,274,335
E00134136,223,109,114
E00185266,212,100,112
E00134116,366,184,182
E00134121,509,257,252
E00185379,419,223,196
E00185436,362,181,181
E00134110,203,102,101
E00134125,134,62,72
E00168568,187,90,97
E00168569,274,130,144
E00168574,404,208,196
E00134095,288,144,144
E00134100,259,130,129
E00134103,362,182,180
E00134105,316,162,154
E00134106,309,152,157
E00134099,229,121,108
E00134107,147,67,80
E00134108,196,93,103
E00168560,253,123,130
E00168561,322,164,158
E00168563,353,177,176
E00185303,373,176,197
E00185395,155,82,73
E00185455,329,174,155
E00134096,272,145,127
E00134098,450,247,203
E00134101,297,158,139
E00134102,287,154,133
E00134104,202,117,85
E00134159,323,161,162
E00134160,265,145,120
E00134161,386,193,193
E00134164,545,269,276
E00134162,317,158,159
E00134163,326,163,163
E00134165,253,140,113
E00134166,293,159,134
E00133937,363,179,184
E00133938,215,106,109
E00133939,383,201,182
E00133940,306,151,155
E00133941,307,161,146
E00133942,164,89,75
E00185432,179,101,78
E00185447,531,267,264
E00133956,240,123,117
E00133957,263,150,113
E00133959,569,304,265
E00133966,287,150,137
E00133960,259,140,119
E00133962,337,168,169
E00133963,264,129,135
E00133964,233,122,111
E00168564,285,156,129
E00168565,285,145,140
E00185328,588,296,292
E00185393,174,94,80
E00185411,114,60,54
E00133954,252,116,136
E00133955,343,168,175
E00133965,315,158,157
E00133967,332,169,163
E00133976,255,121,134
E00133977,275,145,130
E00133978,318,163,155
E00133981,501,241,260
E00133982,155,74,81
E00133983,155,78,77
E00133984,140,70,70
E00168562,382,193,189
E00142556,336,180,156
E00142557,236,123,113
E00142560,311,160,151
E00142561,226,122,104
E00142564,202,116,86
E00142583,240,116,124
E00142558,275,132,143
E00142559,290,149,141
E00142563,337,174,163
E00142565,381,186,195
E00142584,286,127,159
E00142549,360,187,173
E00142552,270,136,134
E00142562,224,118,106
E00142571,355,180,175
E00142582,412,203,209
E00142567,301,151,150
E00142568,343,176,167
E00142569,313,157,156
E00142570,301,154,147
E00142573,313,154,159
E00142491,273,146,127
E00142498,250,126,124
E00142499,225,118,107
E00142500,305,146,159
E00142502,295,159,136
E00142473,315,166,149
E00142489,264,116,148
E00142490,258,135,123
E00142492,253,133,120
E00142495,261,136,125
E00142550,328,167,161
E00142551,271,128,143
E00142574,245,124,121
E00142576,243,125,118
E00142577,284,146,138
E00142553,376,188,188
E00142554,322,159,163
E00142566,214,106,108
E00142575,256,127,129
E00142579,286,149,137
E00142476,283,151,132
E00142494,198,95,103
E00142501,322,164,158
E00142504,265,141,124
E00142507,266,133,133
E00142588,324,160,164
E00142598,296,142,154
E00142609,292,154,138
E00142610,267,125,142
E00142612,138,66,72
E00142599,358,188,170
E00142601,355,184,171
E00142614,311,171,140
E00142618,269,139,130
E00176808,455,230,225
E00176824,179,94,85
E00176892,322,165,157
E00142592,377,186,191
E00142593,321,167,154
E00142595,310,166,144
E00142607,510,258,252
E00142613,278,140,138
E00142474,347,171,176
E00142497,285,143,142
E00142503,291,143,148
E00142506,369,176,193
E00142508,399,181,218
E00142511,409,207,202
E00142525,316,162,154
E00142528,331,180,151
E00173367,256,138,118
E00173368,405,199,206
E00176822,550,278,272
E00176845,119,67,52
E00142521,359,176,183
E00142523,276,138,138
E00142538,320,169,151
E00142542,600,306,294
E00142543,382,209,173
E00142544,213,104,109
E00142522,293,146,147
E00142539,269,137,132
E00142540,383,196,187
E00142541,303,138,165
E00142545,336,174,162
E00142546,320,166,154
E00142555,303,159,144
E00142572,402,196,206
E00142578,489,252,237
E00142580,319,166,153
E00176799,466,242,224
E00176853,162,77,85
E00142475,326,180,146
E00142488,308,160,148
E00142493,491,259,232
E00142496,358,179,179
E00142477,379,233,146
E00142478,539,290,249
E00142505,255,147,108
E00142510,320,155,165
E00142479,231,109,122
E00142480,213,108,105
E00142482,233,116,117
E00142483,281,141,140
E00142509,237,120,117
E00142517,291,151,140
E00142520,278,128,150
E00142534,268,143,125
E00142536,368,187,181
E00142537,335,168,167
E00142513,281,149,132
E00142515,307,160,147
E00142524,451,217,234
E00142527,429,230,199
E00142531,307,157,150
E00142547,238,116,122
E00142481,251,124,127
E00142484,266,131,135
E00142485,257,134,123
E00142486,241,123,118
E00142487,290,143,147
E00142516,323,174,149
E00142519,330,185,145
E00142529,297,146,151
E00142530,365,193,172
E00142533,283,143,140
E00142591,456,223,233
E00142611,237,119,118
E00142615,245,123,122
E00142616,222,111,111
E00142617,296,151,145
E00142589,454,236,218
E00142590,344,173,171
E00142594,239,120,119
E00142596,247,130,117
E00142597,298,140,158
E00142600,254,131,123
E00142602,295,145,150
E00142603,321,147,174
E00142605,342,174,168
E00142587,422,204,218
E00142604,309,154,155
E00142606,370,201,169
E00142608,246,122,124
E00173370,319,158,161
E00173380,196,106,90
E00176792,128,66,62
E00176803,417,216,201
E00176855,217,105,112
E00142390,312,149,163
E00142391,273,138,135
E00142396,295,161,134
E00142401,282,152,130
E00142402,286,146,140
E00142409,376,196,180
E00142421,331,172,159
E00142422,353,175,178
E00142425,367,193,174
E00142426,197,99,98
E00142410,342,187,155
E00142413,315,162,153
E00142415,275,139,136
E00142416,315,150,165
E00142417,277,136,141
E00142407,260,136,124
E00142418,306,151,155
E00142419,370,179,191
E00142420,365,188,177
E00142427,342,174,168
E00142512,281,131,150
E00142514,290,153,137
E00142518,281,144,137
E00142532,444,227,217
E00142548,261,136,125
E00142408,417,212,205
E00142411,286,141,145
E00142412,300,146,154
E00142414,170,95,75
E00142423,300,155,145
E00142424,370,190,180
E00142428,314,170,144
E00142445,365,183,182
E00142447,309,174,135
E00142448,303,156,147
E00142433,282,142,140
E00142437,273,156,117
E00142439,201,102,99
E00142440,464,243,221
E00142444,302,170,132
E00142432,281,146,135
E00142436,316,167,149
E00142442,338,167,171
E00142443,303,149,154
E00142446,274,134,140
E00142387,300,156,144
E00142392,275,134,141
E00142395,425,205,220
E00142397,268,141,127
E00142406,385,187,198
E00142388,329,173,156
E00142393,284,145,139
E00142394,303,146,157
E00142399,439,217,222
E00176837,392,202,190
E00176877,162,85,77
E00176900,249,129,120
E00142386,249,131,118
E00142398,250,133,117
E00142403,244,132,112
E00142404,555,272,283
E00142405,217,116,101
E00176805,285,145,140
E00176863,319,156,163
E00176904,205,102,103
E00142434,232,119,113
E00142435,339,156,183
E00142438,344,173,171
E00142441,395,196,199
E00142429,497,262,235
E00142430,410,208,202
E00142431,313,157,156
E00176833,400,198,202
E00176861,377,188,189
E00142640,298,159,139
E00142641,363,190,173
E00142644,316,158,158
E00142648,240,117,123
E00142650,281,148,133
E00142632,266,136,130
E00142633,371,187,184
E00142634,326,165,161
E00142635,234,111,123
E00142638,514,271,243
E00142642,279,148,131
E00142629,275,143,132
E00142631,294,158,136
E00142636,251,126,125
E00142639,288,143,145
E00142649,242,126,116
E00176793,320,163,157
E00176848,107,50,57
E00176854,399,224,175
E00176908,231,117,114
E00142630,276,147,129
E00142637,329,172,157
E00142643,350,175,175
E00142645,264,128,136
E00142646,299,154,145
E00142647,288,151,137
E00142451,246,113,133
E00142457,336,173,163
E00142468,240,130,110
E00142469,263,135,128
E00142471,248,130,118
E00142472,232,114,118
E00142455,327,167,160
E00142456,304,158,146
E00142458,304,155,149
E00142459,266,135,131
E00142464,224,111,113
E00142467,417,197,220
E00142450,216,104,112
E00142452,224,110,114
E00142461,205,106,99
E00142462,413,214,199
E00142465,256,126,130
E00142466,190,101,89
E00142453,304,154,150
E00142454,291,156,135
E00142460,436,215,221
E00142463,278,141,137
E00142470,368,186,182
E00142376,292,156,136
E00142378,240,122,118
E00142379,271,146,125
E00142381,274,135,139
E00142382,301,153,148
E00142385,280,129,151
E00142375,308,152,156
E00142377,284,154,130
E00142380,282,147,135
E00142383,254,118,136
E00142384,256,140,116
E00142621,370,197,173
E00142624,269,143,126
E00142625,308,158,150
E00142627,272,133,139
E00142628,238,124,114
E00142619,287,148,139
E00142620,306,154,152
E00142622,245,122,123
E00142623,245,124,121
E00142626,300,159,141
E00142329,345,177,168
E00142331,373,192,181
E00142332,346,181,165
E00142334,236,122,114
E00142322,359,186,173
E00142323,294,155,139
E00142325,257,137,120
E00142342,303,153,150
E00142320,331,163,168
E00142324,228,116,112
E00142326,269,139,130
E00142327,229,127,102
E00142328,364,183,181
E00176844,420,220,200
E00176868,356,189,167
E00176884,146,75,71
E00176887,445,233,212
E00176862,363,186,177
E00176878,413,211,202
E00176881,324,158,166
E00176883,203,99,104
E00142311,262,127,135
E00142312,354,174,180
E00142316,297,136,161
E00142317,318,149,169
E00142318,268,142,126
E00142319,240,125,115
E00176788,522,274,248
E00176872,346,182,164
E00142307,236,120,116
E00173376,256,139,117
E00173377,247,126,121
E00173379,287,150,137
E00176786,274,134,140
E00176817,113,62,51
E00142280,434,216,218
E00142289,184,81,103
E00142291,356,193,163
E00142293,282,151,131
E00142294,287,150,137
E00173371,162,87,75
E00173375,274,154,120
E00173378,140,72,68
E00142281,379,200,179
E00142282,311,159,152
E00142284,356,187,169
E00142285,268,121,147
E00142287,369,196,173
E00142290,390,197,193
E00142299,509,263,246
E00142300,271,137,134
E00142314,344,181,163
E00142315,341,171,170
E00173372,242,127,115
E00173373,245,126,119
E00173374,322,183,139
E00142336,322,164,158
E00142338,275,137,138
E00142339,279,152,127
E00142340,336,171,165
E00142341,308,158,150
E00142321,246,128,118
E00142330,284,151,133
E00142333,327,166,161
E00142335,226,113,113
E00142337,239,126,113
E00142283,298,153,145
E00142286,422,203,219
E00142292,441,218,223
E00142297,312,157,155
E00176777,318,147,171
E00176865,425,207,218
E00142343,336,167,169
E00142347,276,140,136
E00142348,271,140,131
E00142372,330,155,175
E00142344,469,250,219
E00142349,295,151,144
E00142352,343,165,178
E00142355,208,102,106
E00142363,275,145,130
E00142364,297,152,145
E00142365,209,107,102
E00142366,341,168,173
E00142368,310,170,140
E00142367,349,171,178
E00142370,275,135,140
E00142371,232,128,104
E00142373,300,149,151
E00142374,299,155,144
E00142277,276,140,136
E00142278,297,155,142
E00142279,301,161,140
E00142295,290,145,145
E00142296,313,173,140
E00142298,371,187,184
E00142301,274,141,133
E00142302,278,156,122
E00142303,254,120,134
E00142304,593,297,296
E00142350,253,134,119
E00142351,320,160,160
E00142354,355,176,179
E00142356,389,204,185
E00142369,215,100,115
E00142345,286,149,137
E00142353,209,113,96
E00142359,287,150,137
E00142361,194,97,97
E00142362,278,151,127
E00142357,472,244,228
E00142358,346,178,168
E00142360,376,185,191
E00176791,138,78,60
E00176811,179,91,88
E00176814,599,303,296
E00176867,426,207,219
E00176899,308,154,154
E00142660,307,154,153
E00142661,337,156,181
E00142662,353,184,169
E00142663,267,133,134
E00142664,307,143,164
E00142665,422,217,205
E00142666,310,156,154
E00142787,279,138,141
E00142792,451,224,227
E00142794,202,109,93
E00142805,412,219,193
E00176812,357,183,174
E00176832,312,160,152
E00142789,269,150,119
E00142793,297,147,150
E00142802,237,117,120
E00142808,322,165,157
E00142809,280,136,144
E00142788,343,180,163
E00142800,328,158,170
E00142804,218,121,97
E00142806,272,135,137
E00142807,373,178,195
E00142790,290,145,145
E00142791,526,278,248
E00142796,208,104,104
E00142799,396,206,190
E00142801,273,137,136
E00142786,268,149,119
E00142797,337,179,158
E00142798,321,171,150
E00142803,379,209,170
E00176836,503,284,219
E00176842,259,132,127
E00176888,172,85,87
E00142652,170,92,78
E00142653,342,172,170
E00142654,253,135,118
E00142655,392,200,192
E00142656,218,104,114
E00142657,399,212,187
E00142658,448,224,224
E00142659,273,138,135
E00142688,183,93,90
E00142689,295,154,141
E00142690,331,166,165
E00142691,232,121,111
E00142692,421,204,217
E00142693,361,177,184
E00142818,258,119,139
E00142819,282,141,141
E00142821,323,159,164
E00142824,292,141,151
E00142820,357,178,179
E00142822,385,201,184
E00142823,294,152,142
E00142825,335,164,171
E00142843,417,204,213
E00142844,291,151,140
E00142845,371,195,176
E00142846,303,156,147
E00142847,212,106,106
E00142849,545,282,263
E00173382,243,133,110
E00142778,250,134,116
E00142779,338,174,164
E00142780,315,161,154
E00142781,510,272,238
E00142782,345,169,176
E00142783,385,190,195
E00142784,373,186,187
E00142835,416,214,202
E00142836,309,164,145
E00142837,297,151,146
E00142838,344,161,183
E00142839,273,138,135
E00142840,520,256,264
E00142841,244,130,114
E00142850,454,228,226
E00142851,1034,63,971
E00142852,274,140,134
E00142853,211,112,99
E00142854,241,133,108
E00142855,335,176,159
E00142856,348,180,168
E00142676,246,133,113
E00142677,260,133,127
E00142678,230,123,107
E00142680,330,177,153
E00142681,291,147,144
E00142667,293,140,153
E00142668,275,142,133
E00142683,245,127,118
E00142685,282,143,139
E00142687,237,125,112
E00142673,415,207,208
E00142674,211,106,105
E00142675,227,123,104
E00142679,294,144,150
E00142682,279,145,134
E00142669,268,147,121
E00142670,271,133,138
E00142671,202,105,97
E00142672,283,146,137
E00142684,271,139,132
E00142686,253,135,118
E00142811,379,199,180
E00142812,300,149,151
E00142814,319,168,151
E00142817,386,193,193
E00142810,293,162,131
E00142813,328,160,168
E00142815,305,150,155
E00142816,293,159,134
E00142733,299,150,149
E00142735,496,251,245
E00142737,274,137,137
E00142748,337,176,161
E00176781,109,67,42
E00176818,405,207,198
E00142730,199,98,101
E00142738,171,91,80
E00142739,287,142,145
E00142742,224,110,114
E00142743,353,178,175
E00142746,246,124,122
E00142728,372,189,183
E00142740,290,150,140
E00142741,375,185,190
E00142744,377,192,185
E00142745,186,89,97
E00142729,222,120,102
E00142731,205,110,95
E00142734,243,139,104
E00142736,315,155,160
E00142747,368,190,178
E00142909,287,140,147
E00142926,237,116,121
E00142927,268,138,130
E00142928,257,134,123
E00142929,277,139,138
E00142930,208,109,99
E00173385,341,175,166
E00173386,279,126,153
E00173387,315,159,156
E00173392,347,171,176
E00176787,141,72,69
E00176827,343,181,162
E00176828,160,78,82
E00176860,565,271,294
E00176885,389,193,196
E00142910,503,242,261
E00142911,169,84,85
E00142913,361,176,185
E00142914,271,138,133
E00142916,331,180,151
E00142919,271,135,136
E00142921,177,95,82
E00142923,376,193,183
E00142924,279,146,133
E00173388,331,171,160
E00173389,345,175,170
E00142917,395,204,191
E00142918,370,189,181
E00142920,431,220,211
E00142922,350,176,174
E00142925,312,157,155
E00142717,404,223,181
E00142720,277,146,131
E00142721,354,199,155
E00142722,296,158,138
E00142714,231,123,108
E00142715,247,127,120
E00142716,292,149,143
E00142718,323,155,168
E00142725,228,122,106
E00142706,385,191,194
E00142711,388,198,190
E00142712,501,243,258
E00142713,346,182,164
E00142704,256,114,142
E00142705,244,127,117
E00142707,276,148,128
E00142719,237,137,100
E00142723,267,134,133
E00142724,277,132,145
E00142708,244,134,110
E00142709,253,141,112
E00142710,362,171,191
E00142726,210,114,96
E00142727,261,133,128
E00142765,279,139,140
E00142769,332,167,165
E00142770,471,239,232
E00176779,108,48,60
E00176871,474,240,234
E00142956,335,166,169
E00142959,246,137,109
E00142961,340,188,152
E00142962,231,115,116
E00142967,296,141,155
E00142968,200,86,114
E00142971,363,186,177
E00142972,268,129,139
E00142973,541,263,278
E00142976,270,142,128
E00142958,290,155,135
E00142960,390,192,198
E00142974,361,174,187
E00142975,243,117,126
E00176838,395,214,181
E00176846,399,195,204
E00176890,111,54,57
E00142954,430,234,196
E00142969,388,202,186
E00142970,341,169,172
E00173391,327,165,162
E00173393,297,141,156
E00142750,265,133,132
E00142752,250,135,115
E00142763,197,103,94
E00176794,619,332,287
E00176801,207,110,97
E00176809,195,103,92
E00176835,193,106,87
E00176873,553,291,262
E00142754,311,156,155
E00142757,283,148,135
E00142758,294,145,149
E00142760,235,118,117
E00142761,255,126,129
E00142749,330,167,163
E00142751,291,148,143
E00142753,253,130,123
E00142755,282,150,132
E00142756,260,118,142
E00142771,303,154,149
E00142772,471,242,229
E00142773,335,173,162
E00142775,353,174,179
E00142776,318,154,164
E00142764,323,170,153
E00142766,374,188,186
E00142768,280,146,134
E00142774,381,199,182
E00142777,381,185,196
E00142957,275,134,141
E00142963,248,112,136
E00142964,251,124,127
E00142965,221,94,127
E00142966,318,166,152
E00143000,231,113,118
E00143002,337,185,152
E00143005,352,190,162
E00143006,286,155,131
E00143008,370,202,168
E00143023,222,113,109
E00143001,399,212,187
E00143003,313,152,161
E00143004,254,130,124
E00143025,425,218,207
E00143026,377,187,190
E00143018,360,168,192
E00143019,231,125,106
E00143020,246,118,128
E00143021,310,148,162
E00143022,382,157,225
E00143024,346,171,175
E00142989,293,146,147
E00142990,528,266,262
E00142991,339,170,169
E00142992,299,140,159
E00142993,432,224,208
E00142978,218,113,105
E00142995,240,124,116
E00142996,353,184,169
E00142997,295,152,143
E00142999,298,151,147
E00142981,291,156,135
E00142983,260,126,134
E00142985,389,206,183
E00142988,439,217,222
E00142998,251,117,134
E00176866,228,121,107
E00176882,210,94,116
E00143009,290,147,143
E00143012,305,156,149
E00143014,320,161,159
E00143016,319,159,160
E00143017,354,162,192
E00142884,276,142,134
E00142885,282,138,144
E00142901,259,125,134
E00142902,323,168,155
E00173384,311,152,159
E00142979,237,119,118
E00142980,343,166,177
E00142982,393,209,184
E00142984,277,137,140
E00142986,105,56,49
E00142994,328,168,160
E00143007,302,153,149
E00143011,280,142,138
E00143013,288,154,134
E00173383,410,204,206
E00142873,226,114,112
E00142874,292,143,149
E00142875,274,141,133
E00142876,284,137,147
E00142877,165,91,74
E00142878,170,78,92
E00142879,310,167,143
E00142880,115,66,49
E00173381,161,84,77
E00142694,189,92,97
E00142695,273,145,128
E00142699,231,119,112
E00142700,111,57,54
E00142701,253,131,122
E00142702,221,109,112
E00142696,358,177,181
E00142697,352,169,183
E00142698,333,167,166
E00142703,180,89,91
E00142826,127,67,60
E00142827,239,121,118
E00142828,298,155,143
E00142829,490,172,318
E00142830,290,151,139
E00142831,199,98,101
E00142832,315,151,164
E00142833,225,116,109
E00142834,113,49,64
E00142861,136,65,71
E00142862,385,190,195
E00142865,597,303,294
E00142869,274,145,129
E00142871,403,209,194
E00142864,228,118,110
E00142866,334,156,178
E00142867,337,171,166
E00142868,360,188,172
E00142870,280,138,142
E00142857,118,58,60
E00142858,361,188,173
E00142859,266,128,138
E00142860,392,196,196
E00142863,126,62,64
E00142882,260,133,127
E00142887,274,133,141
E00142888,314,159,155
E00142891,207,99,108
E00142904,357,185,172
E00142886,191,111,80
E00142889,335,165,170
E00142893,297,155,142
E00142903,286,152,134
E00142905,249,112,137
E00142906,302,146,156
E00142883,186,92,94
E00142892,215,116,99
E00142894,211,104,107
E00142895,305,148,157
E00142896,316,157,159
E00142897,253,133,120
E00142898,243,121,122
E00142899,170,95,75
E00142932,247,128,119
E00142944,191,102,89
E00142945,184,97,87
E00142946,213,128,85
E00142948,275,144,131
E00142949,301,146,155
E00142933,608,310,298
E00142941,247,134,113
E00142942,266,139,127
E00142943,238,125,113
E00142947,304,150,154
E00142934,151,71,80
E00142936,227,119,108
E00142937,308,171,137
E00142938,215,113,102
E00142951,244,119,125
E00142952,213,114,99
E00142953,205,103,102
E00142931,351,190,161
E00142935,290,142,148
E00142939,280,133,147
E00142940,264,129,135
E00142950,294,157,137
E00143141,296,143,153
E00143142,315,167,148
E00143144,364,179,185
E00143145,301,151,150
E00143143,257,131,126
E00143146,239,122,117
E00143147,239,130,109
E00143148,271,142,129
E00143216,332,166,166
E00143220,339,175,164
E00143221,263,138,125
E00143222,272,129,143
E00173565,295,150,145
E00143215,297,154,143
E00143217,402,206,196
E00143218,268,141,127
E00143219,194,93,101
E00143224,246,123,123
E00143228,348,199,149
E00143234,293,157,136
E00143253,280,147,133
E00143256,259,133,126
E00143257,307,155,152
E00143226,233,121,112
E00143237,355,195,160
E00143239,347,180,167
E00143247,476,252,224
E00143248,232,124,108
E00143229,259,135,124
E00143231,419,226,193
E00143236,230,114,116
E00143250,248,119,129
E00143255,336,175,161
E00143230,278,139,139
E00143232,272,133,139
E00143249,308,160,148
E00143251,276,155,121
E00143252,173,93,80
E00143254,329,166,163
E00143233,256,132,124
E00143241,334,172,162
E00143242,317,160,157
E00143243,264,130,134
E00143245,281,135,146
E00143227,285,139,146
E00143235,357,189,168
E00143238,253,114,139
E00143240,305,161,144
E00143244,278,137,141
E00143246,248,130,118
E00143268,321,165,156
E00143270,395,196,199
E00143272,282,150,132
E00143273,320,157,163
E00143274,308,166,142
E00143266,271,146,125
E00143267,303,159,144
E00143269,274,137,137
E00143271,326,168,158
E00143276,527,267,260
E00143258,280,130,150
E00143259,461,225,236
E00143261,531,273,258
E00143275,303,144,159
E00143260,260,130,130
E00143262,338,175,163
E00143263,350,182,168
E00143264,186,97,89
E00143265,281,149,132
E00143277,226,112,114
E00143195,271,135,136
E00143209,220,117,103
E00143210,200,103,97
E00143213,327,171,156
E00143214,319,166,153
E00143194,282,152,130
E00143197,222,113,109
E00143204,251,126,125
E00143208,327,161,166
E00143196,319,160,159
E00143199,306,149,157
E00143200,292,149,143
E00143202,312,161,151
E00143203,361,191,170
E00143295,229,117,112
E00143296,186,106,80
E00143297,368,195,173
E00143298,229,108,121
E00143299,359,173,186
E00143302,220,123,97
E00143292,298,151,147
E00143293,420,211,209
E00143300,345,183,162
E00173566,291,142,149
E00173567,283,156,127
E00173574,267,133,134
E00143301,303,151,152
E00143303,280,142,138
E00143304,378,189,189
E00143305,338,186,152
E00143306,354,187,167
E00143118,292,141,151
E00143120,318,168,150
E00143121,342,176,166
E00143122,268,140,128
E00143129,370,188,182
E00143123,285,147,138
E00143131,253,135,118
E00143132,296,151,145
E00143134,319,159,160
E00143135,303,148,155
E00143133,307,150,157
E00143136,308,161,147
E00143138,333,178,155
E00143140,348,179,169
E00143117,335,161,174
E00143119,250,126,124
E00143126,315,164,151
E00143128,220,116,104
E00143130,239,120,119
E00143124,307,150,157
E00143125,284,139,145
E00143127,265,143,122
E00143137,324,166,158
E00143139,355,198,157
E00143309,410,215,195
E00143311,262,135,127
E00143313,292,145,147
E00143319,265,140,125
E00187534,347,170,177
E00187550,282,133,149
E00143314,244,131,113
E00143316,249,137,112
E00143317,253,138,115
E00143318,289,150,139
E00143322,278,136,142
E00143307,296,162,134
E00143310,268,125,143
E00143312,244,121,123
E00143315,285,147,138
E00143320,248,129,119
E00143321,250,131,119
E00143340,213,111,102
E00143341,356,181,175
E00143344,281,148,133
E00143356,253,129,124
E00143358,326,162,164
E00143061,205,112,93
E00143062,290,146,144
E00143067,242,122,120
E00143068,271,146,125
E00143069,249,118,131
E00143070,288,147,141
E00143071,222,111,111
E00143072,310,153,157
E00143073,289,142,147
E00143075,328,174,154
E00143064,295,164,131
E00143074,428,209,219
E00143076,270,130,140
E00143077,303,151,152
E00143078,370,198,172
E00143060,780,458,322
E00143063,266,133,133
E00143065,293,148,145
E00143066,334,163,171
E00143079,331,151,180
E00143102,291,146,145
E00143103,278,142,136
E00143110,298,155,143
E00143112,298,151,147
E00143113,315,154,161
E00143114,267,133,134
E00143333,331,167,164
E00143335,295,154,141
E00143336,295,142,153
E00143337,225,110,115
E00143338,316,162,154
E00143339,257,130,127
E00143323,320,151,169
E00143325,387,209,178
E00143326,262,131,131
E00143327,259,123,136
E00143330,316,156,160
E00143324,311,166,145
E00143328,351,176,175
E00143329,349,182,167
E00143331,282,145,137
E00143332,273,140,133
E00143334,356,177,179
E00143342,306,153,153
E00143349,324,155,169
E00143353,290,157,133
E00143354,264,140,124
E00143355,347,174,173
E00143343,311,160,151
E00143346,211,112,99
E00143348,299,160,139
E00143351,292,165,127
E00143345,310,160,150
E00143347,294,151,143
E00143350,282,141,141
E00143352,257,139,118
E00143357,288,133,155
E00143044,324,153,171
E00143045,142,63,79
E00143051,250,126,124
E00143057,444,225,219
E00143058,283,135,148
E00143059,195,101,94
E00143042,389,185,204
E00143043,196,91,105
E00143048,400,187,213
E00143050,350,161,189
E00143052,182,82,100
E00187545,148,76,72
E00187551,116,60,56
E00187586,293,141,152
E00143046,273,111,162
E00143047,260,118,142
E00143053,309,139,170
E00143054,230,120,110
E00143055,305,149,156
E00143056,276,134,142
E00143099,252,124,128
E00143105,277,151,126
E00143111,264,132,132
E00143115,307,158,149
E00143116,399,204,195
E00173568,195,91,104
E00173569,307,146,161
E00173570,162,81,81
E00143100,270,136,134
E00143101,184,93,91
E00143104,303,164,139
E00143106,295,149,146
E00143107,222,120,102
E00143108,275,142,133
E00143092,287,149,138
E00143095,334,175,159
E00143096,302,145,157
E00143098,265,141,124
E00187527,243,117,126
E00187563,359,187,172
E00143081,108,47,61
E00143084,238,119,119
E00143085,243,117,126
E00143086,273,145,128
E00143087,219,119,100
E00143080,300,154,146
E00143082,300,155,145
E00143083,324,163,161
E00143097,282,148,134
E00143088,285,143,142
E00143089,315,150,165
E00143090,266,137,129
E00143091,161,61,100
E00143093,273,138,135
E00143169,283,141,142
E00143176,255,146,109
E00143181,285,145,140
E00143183,283,129,154
E00143184,257,136,121
E00143178,228,126,102
E00143179,224,124,100
E00143180,226,122,104
E00143182,225,112,113
E00143185,299,160,139
E00143187,358,181,177
E00143165,326,154,172
E00143186,251,125,126
E00143188,267,138,129
E00143189,257,136,121
E00143190,216,113,103
E00143167,316,157,159
E00143170,243,124,119
E00143173,297,143,154
E00143174,344,188,156
E00143175,272,143,129
E00143191,340,161,179
E00143166,299,149,150
E00143168,297,149,148
E00143171,357,208,149
E00143172,340,190,150
E00143177,256,137,119
E00143027,315,158,157
E00143028,241,131,110
E00143029,290,140,150
E00143030,281,138,143
E00143031,256,132,124
E00143032,273,143,130
E00143033,262,135,127
E00143034,277,143,134
E00143149,334,174,160
E00143150,309,146,163
E00143161,335,187,148
E00143162,214,118,96
E00143163,575,312,263
E00143151,234,112,122
E00143153,200,116,84
E00143154,364,175,189
E00143155,313,157,156
E00143164,331,160,171
E00143152,260,125,135
E00143156,355,192,163
E00143157,298,148,150
E00143158,415,209,206
E00143159,300,152,148
E00143160,407,215,192
E00143360,298,151,147
E00143361,317,160,157
E00143377,201,102,99
E00143378,282,159,123
E00143381,282,143,139
E00143362,355,171,184
E00143365,402,211,191
E00143369,330,172,158
E00143379,323,169,154
E00143380,252,134,118
E00143363,547,290,257
E00143366,328,161,167
E00143375,306,158,148
E00173562,295,153,142
E00173563,278,139,139
E00173564,328,174,154
E00173571,356,139,217
E00143368,304,160,144
E00143370,259,130,129
E00143373,198,113,85
E00143374,195,99,96
E00143376,219,105,114
E00143359,332,163,169
E00143364,423,220,203
E00143367,353,183,170
E00143372,302,150,152
E00143201,319,154,165
E00143205,306,154,152
E00143206,291,157,134
E00143207,269,147,122
E00143192,285,144,141
E00143193,278,148,130
E00143198,322,171,151
E00143211,269,122,147
E00143212,249,136,113
E00143280,241,134,107
E00143284,270,139,131
E00143290,571,272,299
E00173561,283,131,152
E00173572,371,183,188
E00173573,311,144,167
E00143281,371,206,165
E00143285,385,177,208
E00143286,364,184,180
E00143287,267,137,130
E00143289,332,171,161
E00143279,484,252,232
E00143282,265,126,139
E00143283,269,140,129
E00143288,219,104,115
E00143291,203,102,101
E00143382,272,140,132
E00143383,273,143,130
E00143384,321,161,160
E00143385,342,178,164
E00143386,357,176,181
E00143387,120,57,63
E00143388,294,148,146
E00143389,306,161,145
E00143035,385,192,193
E00143036,331,173,158
E00143037,348,178,170
E00143038,281,140,141
E00143039,269,135,134
E00143040,283,147,136
E00143041,269,129,140
E00143627,380,189,191
E00143628,274,131,143
E00143629,319,157,162
E00143630,254,131,123
E00143631,108,52,56
E00143632,335,166,169
E00143633,108,53,55
E00143634,264,140,124
E00176825,326,156,170
E00176889,350,176,174
E00143679,245,127,118
E00143680,307,154,153
E00143691,285,139,146
E00143692,287,157,130
E00143693,303,160,143
E00143676,313,163,150
E00143678,300,162,138
E00143686,240,126,114
E00143688,342,174,168
E00143690,278,143,135
E00143675,296,151,145
E00143681,275,134,141
E00143682,324,155,169
E00143685,324,171,153
E00176893,288,146,142
E00176895,325,176,149
E00143683,284,141,143
E00143684,307,162,145
E00143687,306,142,164
E00143689,260,133,127
E00143432,344,162,182
E00143437,267,150,117
E00143441,265,143,122
E00143445,263,135,128
E00143450,210,110,100
E00143440,296,163,133
E00143449,302,153,149
E00143451,290,147,143
E00143452,236,122,114
E00143433,486,252,234
E00143439,407,203,204
E00143442,314,156,158
E00143446,318,168,150
E00143448,317,165,152
E00143435,330,179,151
E00143438,347,180,167
E00143447,171,92,79
E00143453,478,243,235
E00143434,266,144,122
E00143436,280,148,132
E00143443,312,160,152
E00143444,230,121,109
E00176778,192,99,93
E00176891,399,226,173
E00143745,284,148,136
E00143746,267,136,131
E00143747,295,154,141
E00143748,228,113,115
E00143749,230,114,116
E00143750,344,165,179
E00143751,260,89,171
E00143395,332,188,144
E00143397,225,113,112
E00143398,345,164,181
E00143402,147,77,70
E00143403,296,156,140
E00143713,332,182,150
E00143716,277,141,136
E00143718,311,152,159
E00176821,206,106,100
E00176852,276,133,143
E00176870,372,173,199
E00143710,282,151,131
E00143720,304,151,153
E00143722,222,116,106
E00143723,310,155,155
E00143725,284,152,132
E00143709,286,150,136
E00143715,289,149,140
E00143717,288,145,143
E00176796,219,118,101
E00176815,260,130,130
E00176841,329,158,171
E00143711,277,137,140
E00143721,270,134,136
E00143724,287,144,143
E00143726,264,149,115
E00143545,341,163,178
E00143549,277,139,138
E00143550,141,76,65
E00143551,293,152,141
E00143544,379,200,179
E00143546,333,173,160
E00143547,352,193,159
E00143548,251,127,124
E00143552,342,174,168
E00143553,238,119,119
E00143554,290,150,140
E00143555,383,194,189
E00143558,276,148,128
E00143559,247,130,117
E00143560,321,170,151
E00143712,346,188,158
E00143727,305,174,131
E00143728,236,130,106
E00143729,210,108,102
E00143730,314,170,144
E00143396,318,166,152
E00143399,295,160,135
E00143404,356,201,155
E00143405,260,149,111
E00143406,265,132,133
E00143507,267,134,133
E00143509,311,160,151
E00143510,153,89,64
E00143511,313,146,167
E00143512,186,85,101
E00143514,262,143,119
E00143504,323,160,163
E00143505,362,193,169
E00143506,281,141,140
E00143508,232,118,114
E00143513,263,143,120
E00143517,304,179,125
E00143515,297,148,149
E00143516,319,156,163
E00143518,329,170,159
E00143519,346,187,159
E00143520,245,128,117
E00143521,388,197,191
E00143578,469,263,206
E00143579,318,174,144
E00143594,286,148,138
E00143595,300,153,147
E00143583,222,123,99
E00143584,225,118,107
E00143585,439,225,214
E00143587,289,145,144
E00143599,299,158,141
E00143580,472,247,225
E00143581,275,153,122
E00143596,246,131,115
E00143597,198,120,78
E00143598,260,151,109
E00143577,541,285,256
E00143582,339,163,176
E00143588,185,100,85
E00143592,444,219,225
E00143586,251,123,128
E00143589,229,127,102
E00143590,242,120,122
E00143591,276,134,142
E00143593,253,142,111
E00143418,304,173,131
E00143424,359,201,158
E00143425,289,149,140
E00143426,247,129,118
E00143427,375,187,188
E00143429,297,145,152
E00176804,463,239,224
E00176840,138,69,69
E00143419,184,99,85
E00143420,302,151,151
E00143421,336,176,160
E00143422,246,126,120
E00143423,264,144,120
E00143428,295,158,137
E00143570,519,272,247
E00143571,256,134,122
E00143572,487,240,247
E00143573,341,183,158
E00143574,269,139,130
E00143575,342,163,179
E00143576,280,145,135
E00143561,249,128,121
E00143566,257,139,118
E00143567,310,165,145
E00143568,347,182,165
E00143569,322,163,159
E00143556,304,142,162
E00143557,288,158,130
E00143562,224,134,90
E00143563,224,116,108
E00143564,258,139,119
E00143565,265,149,116
E00143754,279,148,131
E00143764,253,129,124
E00143766,294,147,147
E00143771,307,159,148
E00143772,274,152,122
E00143753,353,184,169
E00143763,294,148,146
E00143770,358,181,177
E00143773,342,176,166
E00143759,324,168,156
E00143761,314,168,146
E00143762,323,157,166
E00143767,315,157,158
E00143760,353,186,167
E00143765,244,116,128
E00143768,348,179,169
E00143769,437,228,209
E00143752,301,153,148
E00143755,284,148,136
E00143756,330,160,170
E00143757,333,157,176
E00143758,315,158,157
E00143651,435,237,198
E00143671,341,179,162
E00143674,132,51,81
E00176807,206,116,90
E00176816,400,209,191
E00143659,276,136,140
E00143663,299,150,149
E00143664,296,151,145
E00143672,296,144,152
E00143673,278,142,136
E00143654,267,134,133
E00143666,301,157,144
E00143667,283,149,134
E00143669,260,132,128
E00143670,297,150,147
E00143652,273,133,140
E00143656,285,153,132
E00143657,292,137,155
E00143658,258,126,132
E00143665,271,140,131
E00143653,268,138,130
E00143660,245,127,118
E00143661,302,156,146
E00143662,283,149,134
E00143668,267,136,131
E00143697,254,131,123
E00143699,293,150,143
E00143701,262,136,126
E00143707,259,128,131
E00143708,253,126,127
E00143523,410,207,203
E00143525,338,170,168
E00176834,274,146,128
E00176875,244,121,123
E00176876,283,141,142
E00176901,191,103,88
E00176909,464,242,222
E00143635,320,162,158
E00143638,315,154,161
E00143639,308,168,140
E00143645,292,156,136
E00143649,318,172,146
E00143698,278,142,136
E00143702,289,161,128
E00143704,315,157,158
E00143705,229,119,110
E00143706,330,183,147
E00143694,232,121,111
E00143695,292,144,148
E00143696,290,157,133
E00143700,244,115,129
E00143703,294,142,152
E00143731,294,147,147
E00143740,303,150,153
E00143741,342,165,177
E00143742,419,219,200
E00143743,276,144,132
E00143527,328,173,155
E00143533,318,164,154
E00143535,315,155,160
E00143537,309,155,154
E00143524,331,164,167
E00143526,305,169,136
E00143529,198,97,101
E00143530,296,159,137
E00143531,268,125,143
E00143532,323,156,167
E00143534,346,193,153
E00143536,272,141,131
E00143538,304,153,151
E00143540,274,143,131
E00143522,279,128,151
E00143539,249,134,115
E00143541,282,148,134
E00143542,273,137,136
E00143543,263,137,126
E00143637,319,158,161
E00143640,279,146,133
E00143641,300,162,138
E00143642,297,160,137
E00143643,243,119,124
E00143650,292,142,150
E00143636,288,137,151
E00143644,334,163,171
E00143646,337,166,171
E00143647,225,105,120
E00143648,375,196,179
E00143479,395,197,198
E00143489,282,146,136
E00143494,263,136,127
E00143496,255,130,125
E00143500,269,137,132
E00143480,342,171,171
E00143491,207,109,98
E00143497,257,127,130
E00143498,349,186,163
E00143501,396,215,181
E00143482,350,183,167
E00143484,313,157,156
E00143486,383,210,173
E00143502,271,148,123
E00143503,259,146,113
E00143483,296,155,141
E00143485,234,107,127
E00143487,327,152,175
E00143488,366,183,183
E00143492,261,127,134
E00143732,497,262,235
E00143735,325,163,162
E00143736,245,126,119
E00143744,246,132,114
E00143457,291,148,143
E00143459,272,146,126
E00143462,275,145,130
E00143468,290,154,136
E00143476,263,124,139
E00143454,310,147,163
E00143458,319,163,156
E00143466,214,104,110
E00143475,282,146,136
E00143477,213,98,115
E00143455,378,194,184
E00143460,283,135,148
E00143461,238,123,115
E00143478,367,184,183
E00143456,237,123,114
E00143463,260,142,118
E00143464,219,109,110
E00143465,148,66,82
E00143471,371,187,184
E00143472,405,194,211
E00143467,358,174,184
E00143469,237,128,109
E00143470,196,101,95
E00143473,292,150,142
E00143474,237,128,109
E00143481,233,120,113
E00143490,308,150,158
E00143493,226,111,115
E00143495,311,164,147
E00143499,200,98,102
E00143733,375,213,162
E00143734,354,191,163
E00143737,217,119,98
E00143738,155,88,67
E00143739,330,180,150
E00143616,361,198,163
E00143618,287,148,139
E00143619,254,130,124
E00143623,219,104,115
E00143600,301,152,149
E00143604,188,115,73
E00143605,341,172,169
E00143606,391,213,178
E00143607,294,167,127
E00143615,316,159,157
E00143601,255,131,124
E00143602,274,136,138
E00143608,341,177,164
E00143609,284,149,135
E00143613,158,67,91
E00143620,229,119,110
E00143603,248,129,119
E00143610,302,156,146
E00143611,295,158,137
E00143612,269,147,122
E00143614,292,150,142
E00143617,304,152,152
E00143621,208,101,107
E00143622,356,177,179
E00143624,275,147,128
E00143625,283,142,141
E00143391,350,164,186
E00143392,417,231,186
E00143393,302,153,149
E00143394,349,174,175
E00173394,475,237,238
E00173395,176,94,82
E00173396,183,86,97
E00143410,244,130,114
E00143411,261,143,118
E00143412,335,166,169
E00143413,283,153,130
E00143417,299,147,152
E00143409,238,113,125
E00143414,334,187,147
E00143415,247,122,125
E00143416,260,144,116
E00143400,314,167,147
E00143401,316,160,156
E00143407,389,189,200
E00165851,323,167,156
E00143796,317,161,156
E00143802,173,97,76
E00143803,285,142,143
E00143805,313,159,154
E00143809,328,180,148
E00143971,240,125,115
E00143972,335,179,156
E00143980,303,148,155
E00143982,308,167,141
E00143983,395,199,196
E00143973,410,215,195
E00143981,424,219,205
E00143984,103,47,56
E00143986,322,165,157
E00143987,377,197,180
E00143974,350,185,165
E00143985,285,137,148
E00143988,382,192,190
E00176782,327,158,169
E00176820,432,210,222
E00143806,305,151,154
E00143808,220,115,105
E00143810,295,159,136
E00176831,473,241,232
E00176869,144,79,65
E00143794,261,131,130
E00143798,376,196,180
E00143799,328,175,153
E00143800,303,159,144
E00143801,285,143,142
E00143795,253,134,119
E00143797,298,141,157
E00143811,328,171,157
E00143812,297,149,148
E00143813,309,171,138
E00143975,414,217,197
E00143976,255,137,118
E00143977,259,132,127
E00143978,289,154,135
E00143979,277,144,133
E00143989,260,131,129
E00143940,381,191,190
E00143941,273,137,136
E00143946,288,148,140
E00143947,322,161,161
E00143949,270,141,129
E00143937,270,143,127
E00143942,253,134,119
E00143943,287,148,139
E00143953,216,110,106
E00173398,301,145,156
E00173419,305,154,151
E00173420,261,137,124
E00143935,284,135,149
E00143948,297,147,150
E00143950,293,152,141
E00143951,235,120,115
E00143952,246,124,122
E00143954,303,159,144
E00144075,279,138,141
E00144084,596,281,315
E00144087,252,131,121
E00144089,248,131,117
E00144076,238,132,106
E00144079,298,150,148
E00144080,322,157,165
E00144091,256,133,123
E00144093,257,135,122
E00144045,425,223,202
E00144050,385,201,184
E00144051,380,195,185
E00144054,331,158,173
E00144055,221,108,113
E00144077,332,173,159
E00144078,292,154,138
E00144085,414,206,208
E00144086,176,99,77
E00144088,260,144,116
E00144081,369,196,173
E00144090,344,175,169
E00144092,309,159,150
E00144094,349,174,175
E00144072,243,121,122
E00144073,263,136,127
E00144074,454,235,219
E00144082,245,140,105
E00144083,276,137,139
E00144097,444,223,221
E00144098,232,119,113
E00144103,287,136,151
E00173413,448,222,226
E00173415,249,128,121
E00173416,596,313,283
E00143892,182,89,93
E00143895,220,110,110
E00143896,227,117,110
E00143899,265,130,135
E00143901,320,166,154
E00143902,238,111,127
E00143936,293,145,148
E00143938,298,154,144
E00143939,276,135,141
E00143944,262,138,124
E00143955,263,136,127
E00144042,413,228,185
E00144043,337,175,162
E00144047,391,198,193
E00144052,214,116,98
E00144053,432,217,215
E00144041,266,137,129
E00144044,294,148,146
E00144046,275,139,136
E00144048,339,165,174
E00144049,281,153,128
E00143814,313,147,166
E00143816,269,141,128
E00143817,116,50,66
E00143819,220,108,112
E00143820,146,75,71
E00143825,298,153,145
E00143830,319,164,155
E00143833,235,131,104
E00143835,353,185,168
E00143843,322,161,161
E00143844,269,134,135
E00144013,549,279,270
E00144014,267,131,136
E00144019,303,150,153
E00144020,436,248,188
E00176839,315,159,156
E00176897,335,172,163
E00144095,306,162,144
E00144102,227,128,99
E00144104,329,164,165
E00144106,339,177,162
E00144016,314,150,164
E00144017,352,166,186
E00144018,463,228,235
E00144021,218,98,120
E00144022,357,186,171
E00144023,294,149,145
E00144024,303,163,140
E00144025,340,177,163
E00143867,313,161,152
E00143870,305,157,148
E00143877,277,137,140
E00173409,201,106,95
E00173410,299,147,152
E00173412,196,107,89
E00143868,248,126,122
E00143869,169,88,81
E00143874,276,151,125
E00143875,234,123,111
E00143876,265,132,133
E00143878,327,173,154
E00143872,254,142,112
E00143873,426,230,196
E00143879,232,114,118
E00143880,324,166,158
E00143881,481,243,238
E00143882,332,166,166
E00143890,324,154,170
E00143891,231,118,113
E00143893,268,156,112
E00143894,287,141,146
E00143883,372,192,180
E00143884,302,176,126
E00143885,302,150,152
E00143897,380,200,180
E00143900,266,145,121
E00143903,302,152,150
E00143887,358,177,181
E00176851,403,195,208
E00176856,324,164,160
E00176910,170,94,76
E00176911,449,227,222
E00143898,397,203,194
E00173408,345,176,169
E00173411,346,176,170
E00176783,280,142,138
E00176797,159,81,78
E00143824,193,105,88
E00143826,254,132,122
E00143827,276,140,136
E00143828,358,181,177
E00143829,285,150,135
E00143815,400,201,199
E00143818,350,192,158
E00143822,251,137,114
E00173414,284,162,122
E00143921,302,144,158
E00143923,234,94,140
E00143924,248,126,122
E00143926,460,227,233
E00143927,247,129,118
E00143930,229,109,120
E00144029,533,262,271
E00144032,292,130,162
E00144037,280,148,132
E00176795,199,100,99
E00176800,148,72,76
E00176813,304,130,174
E00176859,228,96,132
E00176898,231,104,127
E00144026,311,156,155
E00144031,284,145,139
E00144033,513,252,261
E00144034,306,150,156
E00144035,335,169,166
E00144096,350,182,168
E00144099,461,245,216
E00144100,352,174,178
E00144101,426,205,221
E00144107,248,109,139
E00143850,365,171,194
E00143855,304,154,150
E00143857,318,161,157
E00143861,328,164,164
E00143864,310,155,155
E00143865,364,165,199
E00143846,327,171,156
E00143853,371,203,168
E00143854,327,171,156
E00143856,278,148,130
E00143862,114,62,52
E00143866,296,145,151
E00144063,374,173,201
E00144064,272,127,145
E00144068,182,81,101
E00144069,400,190,210
E00144070,266,128,138
E00144056,201,102,99
E00144058,315,160,155
E00144065,413,214,199
E00144066,358,188,170
E00144071,313,161,152
E00144057,410,194,216
E00144059,238,117,121
E00144060,255,114,141
E00144061,270,146,124
E00144062,148,68,80
E00144067,320,174,146
E00143832,314,152,162
E00143836,245,128,117
E00143838,332,161,171
E00143839,298,141,157
E00143840,341,172,169
E00143831,365,192,173
E00143834,331,159,172
E00143837,233,121,112
E00143841,269,149,120
E00143842,303,156,147
E00143904,255,138,117
E00143906,312,163,149
E00143907,347,178,169
E00143911,364,180,184
E00143914,244,118,126
E00143908,274,140,134
E00143915,259,130,129
E00143916,236,128,108
E00143917,295,142,153
E00143918,293,157,136
E00143905,244,124,120
E00143909,338,165,173
E00143910,461,230,231
E00143912,359,180,179
E00143913,265,135,130
E00143919,363,184,179
E00143920,422,201,221
E00143922,264,138,126
E00143925,343,167,176
E00143928,255,139,116
E00143929,259,139,120
E00143931,324,154,170
E00143932,297,149,148
E00143933,394,206,188
E00143934,185,96,89
E00143849,296,148,148
E00143851,304,151,153
E00143852,262,131,131
E00143858,285,131,154
E00143859,404,204,200
E00143845,387,186,201
E00143847,343,171,172
E00143848,427,199,228
E00143860,328,173,155
E00143863,291,145,146
E00143996,285,153,132
E00143997,265,137,128
E00143998,300,150,150
E00143999,284,143,141
E00144001,256,130,126
E00143991,310,170,140
E00143993,334,170,164
E00143994,369,177,192
E00143995,279,155,124
E00144005,313,158,155
E00144010,247,131,116
E00143957,359,184,175
E00143958,342,173,169
E00143959,350,187,163
E00143962,276,141,135
E00143956,282,141,141
E00143960,451,210,241
E00143965,299,149,150
E00143967,201,76,125
E00143968,316,171,145
E00143970,281,153,128
E00144000,459,238,221
E00144002,333,171,162
E00144003,267,136,131
E00144006,319,167,152
E00144007,264,138,126
E00143992,197,102,95
E00144004,219,99,120
E00144008,325,166,159
E00144009,290,133,157
E00144011,243,107,136
E00144012,280,145,135
E00143774,302,147,155
E00143778,242,125,117
E00143782,426,235,191
E00143783,223,113,110
E00143788,289,142,147
E00143776,394,192,202
E00143780,282,140,142
E00143781,383,187,196
E00143786,346,179,167
E00143793,431,216,215
E00143785,464,245,219
E00143787,257,134,123
E00143789,425,209,216
E00143791,271,145,126
E00176864,112,54,58
E00176879,459,223,236
E00176886,320,159,161
E00176905,216,112,104
E00143961,237,117,120
E00143963,296,141,155
E00143964,252,131,121
E00143966,266,139,127
E00143969,271,136,135
E00144028,237,137,100
E00144036,340,177,163
E00144038,346,191,155
E00144039,289,145,144
E00144040,339,170,169
E00173399,368,181,187
E00173401,257,122,135
E00173403,247,121,126
E00173405,302,146,156
E00173417,265,136,129
E00173400,360,179,181
E00173402,289,145,144
E00173404,394,206,188
E00173406,306,155,151
E00173418,351,180,171
E00143775,332,173,159
E00143779,268,132,136
E00143790,254,129,125
E00173407,337,158,179
E00144196,307,152,155
E00144197,311,164,147
E00144198,368,180,188
E00144199,342,178,164
E00144200,384,185,199
E00144202,231,111,120
E00144192,255,124,131
E00144193,293,142,151
E00144194,407,204,203
E00144195,282,135,147
E00144201,284,147,137
E00144397,322,158,164
E00144403,262,139,123
E00144404,244,135,109
E00144405,412,207,205
E00144408,258,128,130
E00144409,299,157,142
E00144394,404,215,189
E00144395,329,169,160
E00144396,288,147,141
E00144399,322,154,168
E00144400,367,183,184
E00144414,172,88,84
E00144393,303,156,147
E00144398,145,70,75
E00144401,286,147,139
E00144402,253,141,112
E00144406,331,170,161
E00144412,261,122,139
E00144407,232,119,113
E00176849,401,199,202
E00176880,113,55,58
E00176896,245,116,129
E00176907,306,145,161
E00144392,225,109,116
E00144410,291,150,141
E00144411,318,171,147
E00173425,317,171,146
E00176826,105,56,49
E00144260,207,117,90
E00144261,312,146,166
E00144263,335,205,130
E00144264,369,194,175
E00144265,314,166,148
E00144266,483,245,238
E00144312,288,157,131
E00144316,266,141,125
E00144317,195,104,91
E00144318,230,123,107
E00173421,305,142,163
E00173422,256,127,129
E00144302,340,167,173
E00144304,358,186,172
E00144305,235,110,125
E00144310,234,116,118
E00144313,264,140,124
E00144314,264,137,127
E00144315,371,186,185
E00144303,348,174,174
E00144306,334,169,165
E00144308,325,169,156
E00144309,371,210,161
E00144311,334,175,159
E00144256,488,251,237
E00176776,253,128,125
E00176806,251,129,122
E00176874,409,218,191
E00173439,339,173,166
E00176847,553,285,268
E00176857,99,50,49
E00176894,581,285,296
E00144257,434,202,232
E00144258,382,199,183
E00144259,365,187,178
E00173438,266,149,117
E00144191,267,127,140
E00144203,302,152,150
E00144204,325,164,161
E00144205,308,164,144
E00144206,281,140,141
E00144247,269,139,130
E00144248,240,132,108
E00144249,271,133,138
E00144250,183,90,93
E00144251,227,121,106
E00144252,411,205,206
E00144253,262,127,135
E00144254,201,101,100
E00144255,253,125,128
E00144384,247,126,121
E00144386,337,160,177
E00144387,288,144,144
E00144388,356,182,174
E00144389,260,136,124
E00144454,230,122,108
E00144455,271,134,137
E00144456,470,248,222
E00144458,172,83,89
E00144462,388,194,194
E00144457,347,180,167
E00144459,227,122,105
E00144460,255,130,125
E00144461,418,226,192
E00144269,265,138,127
E00144270,359,200,159
E00144273,268,135,133
E00144276,289,155,134
E00144277,347,177,170
E00144268,269,144,125
E00144271,323,177,146
E00144272,242,130,112
E00144274,183,100,83
E00144275,504,252,252
E00144282,179,91,88
E00144267,212,110,102
E00144278,138,76,62
E00144279,346,164,182
E00144280,176,88,88
E00144281,308,150,158
E00144283,208,99,109
E00144284,228,118,110
E00144469,255,123,132
E00144470,283,146,137
E00144472,535,277,258
E00144473,184,90,94
E00144474,316,162,154
E00144475,279,141,138
E00173428,316,166,150
E00173429,243,124,119
E00173443,324,154,170
E00144160,411,201,210
E00144166,235,114,121
E00144167,422,210,212
E00144168,312,163,149
E00144174,257,131,126
E00144175,140,66,74
E00144176,124,61,63
E00144161,348,181,167
E00144162,351,195,156
E00144163,399,197,202
E00144164,299,163,136
E00144165,310,159,151
E00144169,286,137,149
E00144339,260,129,131
E00144341,268,141,127
E00144342,296,146,150
E00144343,604,311,293
E00144349,288,138,150
E00144350,277,139,138
E00144337,231,124,107
E00144338,420,220,200
E00144340,287,157,130
E00144344,270,137,133
E00144345,345,172,173
E00144346,236,119,117
E00144335,440,218,222
E00144336,401,198,203
E00144347,387,197,190
E00144348,388,194,194
E00144170,324,169,155
E00144171,413,212,201
E00144172,302,148,154
E00176843,197,93,104
E00176906,567,283,284
E00144179,313,143,170
E00144185,361,190,171
E00144188,324,152,172
E00144189,267,133,134
E00144190,243,133,110
E00144178,394,202,192
E00144180,291,152,139
E00144181,310,160,150
E00144182,336,165,171
E00144177,304,156,148
E00144183,282,131,151
E00144184,245,133,112
E00144186,312,162,150
E00144187,311,155,156
E00144415,294,160,134
E00144422,272,149,123
E00144423,256,135,121
E00144427,328,181,147
E00144430,335,168,167
E00144417,372,194,178
E00144420,307,158,149
E00144424,389,189,200
E00144426,254,144,110
E00144428,276,143,133
E00144429,235,126,109
E00176789,357,188,169
E00176850,254,134,120
E00144416,233,125,108
E00144418,293,136,157
E00144419,265,139,126
E00144421,293,148,145
E00144431,258,134,124
E00144146,256,126,130
E00144147,389,201,188
E00144148,218,104,114
E00144149,274,138,136
E00144150,513,271,242
E00144159,292,146,146
E00144210,376,197,179
E00144215,313,160,153
E00144220,277,138,139
E00144222,215,107,108
E00144223,266,134,132
E00144207,520,281,239
E00144211,303,149,154
E00144212,373,180,193
E00144224,356,175,181
E00144208,347,181,166
E00144214,239,117,122
E00144216,290,137,153
E00144218,436,213,223
E00144221,387,195,192
E00144209,301,154,147
E00144213,285,145,140
E00144217,337,178,159
E00144219,285,143,142
E00144236,366,163,203
E00144237,227,109,118
E00144238,305,145,160
E00144239,313,139,174
E00144240,355,162,193
E00176780,232,119,113
E00176784,167,78,89
E00176858,224,101,123
E00144229,248,109,139
E00144233,187,93,94
E00144234,275,144,131
E00144241,394,182,212
E00144243,267,151,116
E00144245,277,129,148
E00144432,336,172,164
E00144433,254,147,107
E00144434,365,190,175
E00144435,278,139,139
E00144436,277,146,131
E00144437,383,201,182
E00144438,303,159,144
E00144439,287,162,125
E00144440,253,139,114
E00144441,309,163,146
E00144442,311,166,145
E00144443,354,178,176
E00144444,310,168,142
E00144445,313,151,162
E00144446,329,172,157
E00144448,289,152,137
E00144452,555,298,257
E00144453,283,160,123
E00144449,327,178,149
E00144450,415,223,192
E00144451,365,177,188
E00176819,146,72,74
E00176829,513,374,139
E00144144,272,133,139
E00144155,241,125,116
E00144156,391,209,182
E00173427,374,187,187
E00173446,264,127,137
E00176775,470,244,226
E00176802,499,255,244
E00176810,223,106,117
E00144145,339,182,157
E00144151,261,141,120
E00144152,456,231,225
E00144153,496,241,255
E00144158,399,199,200
E00144367,344,173,171
E00144369,308,167,141
E00144370,308,165,143
E00144372,286,143,143
E00144373,228,122,106
E00144368,242,118,124
E00144371,386,199,187
E00144374,249,125,124
E00144375,369,183,186
E00144376,380,205,175
E00144377,282,141,141
E00144378,384,183,201
E00144379,339,173,166
E00144380,322,170,152
E00144381,338,170,168
E00144382,208,112,96
E00144225,312,164,148
E00144231,431,225,206
E00144242,217,109,108
E00144244,259,133,126
E00144246,332,169,163
E00144226,371,179,192
E00144227,323,182,141
E00144228,253,126,127
E00144230,249,135,114
E00144232,198,108,90
E00144291,293,148,145
E00144292,301,171,130
E00144293,357,178,179
E00144294,226,123,103
E00144295,360,175,185
E00144285,306,175,131
E00144286,361,183,178
E00144287,313,165,148
E00144296,317,163,154
E00144297,381,192,189
E00144301,334,177,157
E00144288,329,161,168
E00144289,291,152,139
E00144290,265,142,123
E00144298,232,132,100
E00144299,250,125,125
E00144300,355,197,158
E00144108,269,140,129
E00144119,229,123,106
E00144120,263,140,123
E00144121,168,83,85
E00144122,263,139,124
E00144117,128,61,67
E00144118,238,122,116
E00144124,268,135,133
E00144126,269,136,133
E00144127,193,91,102
E00144128,221,102,119
E00144109,296,153,143
E00144110,281,144,137
E00144113,354,177,177
E00144123,274,144,130
E00144125,303,153,150
E00144111,312,154,158
E00144112,315,164,151
E00144114,253,126,127
E00144115,337,166,171
E00144116,248,134,114
E00144131,336,167,169
E00144140,244,130,114
E00144141,194,92,102
E00144142,334,181,153
E00144143,252,129,123
E00144129,291,150,141
E00144130,307,154,153
E00144134,289,158,131
E00144138,280,142,138
E00144139,263,134,129
E00144132,279,132,147
E00144133,319,157,162
E00144136,332,172,160
E00144137,377,185,192
E00176790,315,171,144
E00176902,453,229,224
E00144320,252,132,120
E00144321,175,89,86
E00144322,331,163,168
E00144323,366,190,176
E00144334,169,89,80
E00144324,294,144,150
E00144327,314,156,158
E00144329,237,115,122
E00144330,244,121,123
E00144332,226,121,105
E00144383,308,157,151
E00144385,203,99,104
E00144390,210,102,108
E00144391,419,220,199
E00144465,431,220,211
E00144466,371,188,183
E00144467,342,175,167
E00144325,253,127,126
E00144326,391,209,182
E00144328,224,118,106
E00144331,290,153,137
E00144333,293,143,150
E00173430,412,198,214
E00173440,317,157,160
E00176785,146,75,71
E00176798,611,312,299
E00173431,296,146,150
E00173432,268,134,134
E00173433,317,163,154
E00173441,434,234,200
E00176830,308,160,148
E00144351,272,131,141
E00144355,158,79,79
E00144359,274,141,133
E00144361,271,148,123
E00144362,278,145,133
E00144366,269,156,113
E00144363,284,153,131
E00144365,277,145,132
E00173435,998,66,932
E00173436,134,65,69
E00176823,495,243,252
E00176903,105,52,53
E00144352,257,135,122
E00144356,397,201,196
E00144357,188,91,97
E00144358,308,148,160
E00144360,465,233,232
E00144463,387,199,188
E00144464,451,248,203
E00144468,445,220,225
E00144558,606,313,293
E00144559,960,90,870
E00144560,370,187,183
E00144561,167,83,84
E00144562,269,147,122
E00144563,370,192,178
E00144564,237,116,121
E00144722,171,89,82
E00144723,300,159,141
E00144724,286,143,143
E00144725,289,152,137
E00144726,351,178,173
E00144727,260,141,119
E00144728,277,151,126
E00144729,212,107,105
E00144768,272,140,132
E00144769,291,140,151
E00144770,507,248,259
E00144771,113,56,57
E00144772,512,265,247
E00144773,323,169,154
E00144774,130,65,65
E00144493,273,151,122
E00144494,299,154,145
E00144500,293,148,145
E00144502,308,154,154
E00144503,278,138,140
E00144496,284,150,134
E00144498,275,143,132
E00144501,202,91,111
E00144504,260,133,127
E00144505,297,169,128
E00144491,302,163,139
E00144492,403,211,192
E00144495,512,272,240
E00144497,286,158,128
E00144499,388,186,202
E00144506,251,134,117
E00144515,201,95,106
E00144518,254,131,123
E00173577,220,120,100
E00173579,400,206,194
E00187548,274,137,137
E00187561,504,253,251
E00187583,438,240,198
E00187590,306,156,150
E00144508,248,141,107
E00144510,292,158,134
E00144511,179,101,78
E00144512,253,136,117
E00144517,307,144,163
E00144513,243,127,116
E00144514,212,107,105
E00144516,258,140,118
E00144519,341,184,157
E00144520,267,136,131
E00144680,237,128,109
E00144681,316,164,152
E00144686,268,140,128
E00144687,275,137,138
E00144675,305,163,142
E00144676,310,165,145
E00144679,323,174,149
E00144682,297,148,149
E00144684,253,131,122
E00144677,389,185,204
E00144678,236,120,116
E00144683,392,214,178
E00144685,304,158,146
E00144784,303,159,144
E00144785,230,111,119
E00144786,333,181,152
E00144787,325,171,154
E00144790,241,131,110
E00144792,254,147,107
E00144781,281,138,143
E00144782,453,246,207
E00144791,306,157,149
E00144793,292,153,139
E00144794,264,139,125
E00144783,318,167,151
E00144788,284,151,133
E00144789,356,191,165
E00144795,267,128,139
E00187531,155,81,74
E00187533,582,285,297
E00187567,104,55,49
E00144477,339,185,154
E00144479,327,167,160
E00144482,269,125,144
E00144483,294,150,144
E00144484,289,147,142
E00144478,358,184,174
E00144480,329,167,162
E00144486,366,174,192
E00144487,258,131,127
E00144488,237,128,109
E00144626,370,199,171
E00144627,307,161,146
E00144630,388,190,198
E00144631,408,193,215
E00144638,336,158,178
E00144629,298,142,156
E00144632,363,182,181
E00144633,504,246,258
E00144639,309,154,155
E00144640,274,138,136
E00144628,359,181,178
E00144634,301,147,154
E00144635,342,164,178
E00144636,363,178,185
E00144637,348,187,161
E00144694,271,140,131
E00144695,177,97,80
E00144696,317,166,151
E00144697,457,229,228
E00144698,272,138,134
E00144689,239,129,110
E00144690,258,143,115
E00144691,486,237,249
E00144701,256,126,130
E00144702,162,94,68
E00144710,311,165,146
E00144711,359,193,166
E00144712,368,193,175
E00144713,338,174,164
E00144797,322,160,162
E00144800,332,182,150
E00144803,341,156,185
E00144807,426,201,225
E00144808,206,110,96
E00144801,319,151,168
E00144802,291,135,156
E00144809,265,126,139
E00144810,291,130,161
E00144811,396,181,215
E00144798,302,151,151
E00144799,270,148,122
E00144805,335,159,176
E00144806,290,150,140
E00173580,304,139,165
E00144476,274,150,124
E00144481,253,135,118
E00144485,270,134,136
E00144489,379,184,195
E00144490,256,143,113
E00144578,385,195,190
E00144584,300,160,140
E00144588,345,172,173
E00144592,269,134,135
E00173587,176,89,87
E00173588,222,101,121
E00173589,184,90,94
E00144586,337,159,178
E00144587,318,166,152
E00144589,297,140,157
E00144591,295,150,145
E00144593,299,144,155
E00144579,349,174,175
E00144580,335,163,172
E00144581,320,160,160
E00144582,332,176,156
E00144583,185,102,83
E00144585,358,184,174
E00144688,503,254,249
E00144692,391,203,188
E00144693,256,128,128
E00144699,269,138,131
E00144700,344,166,178
E00144523,302,152,150
E00144526,337,180,157
E00173585,351,174,177
E00173586,353,183,170
E00144527,343,184,159
E00144528,212,116,96
E00144529,245,122,123
E00144530,515,266,249
E00144531,402,196,206
E00144521,568,291,277
E00144524,223,115,108
E00144525,330,161,169
E00144532,198,90,108
E00144533,326,188,138
E00144534,412,209,203
E00144661,432,225,207
E00144662,315,152,163
E00144666,221,111,110
E00144667,244,132,112
E00144669,264,128,136
E00144670,295,145,150
E00144671,315,182,133
E00144663,341,176,165
E00144664,363,182,181
E00144665,460,247,213
E00144668,319,165,154
E00144672,252,130,122
E00144673,192,106,86
E00144674,210,113,97
E00144567,431,206,225
E00144568,379,201,178
E00144571,307,151,156
E00144573,184,92,92
E00144565,427,223,204
E00144569,346,205,141
E00144576,276,147,129
E00144577,310,158,152
E00144703,335,169,166
E00144704,369,177,192
E00144706,403,210,193
E00144714,447,225,222
E00144705,306,161,145
E00144707,341,166,175
E00144708,332,160,172
E00144709,279,139,140
E00144566,262,123,139
E00144570,302,153,149
E00144572,216,110,106
E00144574,320,158,162
E00187535,270,128,142
E00187529,373,184,189
E00187547,270,137,133
E00187549,581,305,276
E00187557,372,202,170
E00187571,143,67,76
E00144536,350,177,173
E00144543,357,179,178
E00144547,312,159,153
E00144549,270,152,118
E00144541,329,165,164
E00144545,362,185,177
E00144555,506,258,248
E00187538,299,160,139
E00187565,413,198,215
E00187589,315,166,149
E00187595,355,193,162
E00144537,272,145,127
E00144540,367,174,193
E00144546,237,116,121
E00144550,292,138,154
E00144551,323,170,153
E00144535,299,134,165
E00144538,267,146,121
E00144552,348,185,163
E00144553,254,133,121
E00144554,298,156,142
E00144542,331,170,161
E00144544,250,134,116
E00144548,291,155,136
E00144556,229,120,109
E00144557,280,132,148
E00144715,368,182,186
E00144716,154,70,84
E00144717,215,111,104
E00144718,321,161,160
E00144719,271,133,138
E00144720,270,137,133
E00144721,346,165,181
E00144814,330,170,160
E00144815,286,142,144
E00144816,257,137,120
E00144817,321,169,152
E00144819,299,167,132
E00144821,194,91,103
E00144822,354,182,172
E00173576,408,214,194
E00144813,356,168,188
E00144823,301,151,150
E00144824,341,175,166
E00144825,320,155,165
E00144736,301,153,148
E00144743,437,240,197
E00144748,290,154,136
E00144750,255,134,121
E00144751,323,169,154
E00144730,264,138,126
E00144735,204,111,93
E00144737,270,148,122
E00144749,124,63,61
E00144752,191,105,86
E00173581,234,127,107
E00173582,548,280,268
E00173583,377,184,193
E00144731,329,171,158
E00144732,182,91,91
E00144734,283,161,122
E00144741,287,154,133
E00144742,311,160,151
E00144745,288,139,149
E00144733,375,193,182
E00144738,299,148,151
E00144740,279,141,138
E00144744,272,145,127
E00144747,322,168,154
E00187537,211,106,105
E00187574,422,205,217
E00144602,292,163,129
E00144603,357,180,177
E00144604,248,118,130
E00144605,262,144,118
E00144606,292,143,149
E00144607,288,152,136
E00144775,302,154,148
E00144776,282,142,140
E00144777,299,153,146
E00144778,384,193,191
E00144779,342,170,172
E00144780,367,188,179
E00144826,251,133,118
E00144827,259,139,120
E00144828,413,207,206
E00144829,327,173,154
E00144830,238,122,116
E00144831,345,172,173
E00144832,393,192,201
E00144609,328,164,164
E00144612,317,171,146
E00144613,319,160,159
E00144616,316,142,174
E00144608,255,136,119
E00144610,237,111,126
E00144615,290,158,132
E00144621,275,147,128
E00144624,248,133,115
E00144617,311,162,149
E00144618,313,169,144
E00144620,284,149,135
E00144622,296,152,144
E00144625,229,130,99
E00144611,289,138,151
E00144614,262,149,113
E00144619,227,114,113
E00144623,286,153,133
E00144594,258,133,125
E00144595,276,137,139
E00144596,276,137,139
E00144597,274,139,135
E00144598,244,128,116
E00144599,262,133,129
E00144600,237,119,118
E00144601,178,94,84
E00144644,281,142,139
E00144645,240,135,105
E00144646,230,119,111
E00144652,502,254,248
E00187543,517,273,244
E00187593,172,85,87
E00187596,408,198,210
E00187601,175,88,87
E00144753,301,146,155
E00144754,147,80,67
E00144756,273,144,129
E00144757,263,140,123
E00144758,355,185,170
E00144759,347,170,177
E00173575,871,604,267
E00173584,226,114,112
E00144653,395,204,191
E00144654,325,162,163
E00144657,476,236,240
E00144658,370,183,187
E00144660,129,73,56
E00144647,287,140,147
E00144650,215,115,100
E00144655,295,147,148
E00144659,300,164,136
E00187552,262,137,125
E00187600,518,270,248
E00144641,472,247,225
E00144642,377,182,195
E00144649,345,185,160
E00144656,323,164,159
E00187562,621,314,307
E00187576,273,148,125
E00187578,176,106,70
E00144760,298,152,146
E00144761,419,229,190
E00144762,296,151,145
E00144763,274,140,134
E00144764,370,177,193
E00144765,406,208,198
E00144766,412,211,201
E00144767,154,80,74
E00070652,282,147,135
E00070657,326,165,161
E00070658,305,161,144
E00070659,226,109,117
E00070660,278,139,139
E00070943,132,61,71
E00070949,356,180,176
E00070950,255,124,131
E00070951,296,130,166
E00070955,528,266,262
E00070956,263,127,136
E00070944,359,186,173
E00070945,187,85,102
E00070946,193,98,95
E00070947,139,72,67
E00070948,171,89,82
E00070952,161,83,78
E00070953,124,66,58
E00070954,146,72,74
E00071184,336,184,152
E00071185,401,182,219
E00071190,141,74,67
E00071191,388,181,207
E00071194,260,129,131
E00070899,326,168,158
E00070900,227,115,112
E00070901,205,95,110
E00070902,241,127,114
E00070904,301,179,122
E00070905,192,104,88
E00070894,269,136,133
E00070895,286,149,137
E00070896,491,246,245
E00070897,328,166,162
E00070898,227,122,105
E00070903,275,141,134
E00070906,262,126,136
E00070908,230,134,96
E00070911,269,139,130
E00070907,362,193,169
E00070909,302,165,137
E00070910,271,143,128
E00070912,354,175,179
E00070913,252,126,126
E00070920,306,158,148
E00070925,465,227,238
E00070926,251,132,119
E00187227,490,242,248
E00187291,123,66,57
E00070918,321,162,159
E00070919,263,133,130
E00070921,347,173,174
E00070927,283,133,150
E00070931,337,184,153
E00070916,279,146,133
E00070922,279,135,144
E00070923,322,174,148
E00070924,252,139,113
E00070929,320,167,153
E00070914,295,159,136
E00070917,296,153,143
E00070928,259,134,125
E00070932,346,190,156
E00187224,238,121,117
E00187303,217,94,123
E00070653,265,137,128
E00070654,250,129,121
E00070656,191,101,90
E00168508,280,132,148
E00168510,327,169,158
E00168511,278,145,133
E00070755,320,157,163
E00070756,281,147,134
E00070757,188,95,93
E00070759,235,136,99
E00070760,241,128,113
E00070761,209,111,98
E00070807,226,111,115
E00070808,361,186,175
E00070809,195,99,96
E00070811,312,168,144
E00070812,188,97,91
E00070803,480,239,241
E00070804,281,142,139
E00070805,190,101,89
E00070806,193,86,107
E00070810,371,177,194
E00070971,252,131,121
E00070972,264,135,129
E00070973,247,133,114
E00070975,298,147,151
E00070976,482,238,244
E00070977,153,83,70
E00071186,165,80,85
E00071187,117,60,57
E00071188,197,97,100
E00071189,271,137,134
E00071192,182,97,85
E00071193,343,186,157
E00070661,132,69,63
E00070663,198,102,96
E00070665,253,118,135
E00070668,202,100,102
E00070669,423,201,222
E00070670,105,57,48
E00070664,401,192,209
E00070666,146,71,75
E00070667,239,127,112
E00070671,368,191,177
E00168514,463,232,231
E00070673,240,120,120
E00070682,209,117,92
E00070688,286,143,143
E00070689,300,160,140
E00187154,370,200,170
E00070674,339,172,167
E00070678,158,76,82
E00070687,305,156,149
E00070691,476,241,235
E00168516,316,151,165
E00070692,110,58,52
E00070693,330,166,164
E00070694,317,184,133
E00070695,419,199,220
E00070696,262,134,128
E00070675,333,179,154
E00070676,266,139,127
E00070680,193,108,85
E00070681,224,120,104
E00070684,284,148,136
E00070685,191,96,95
E00070686,206,98,108
E00070741,235,120,115
E00070744,346,179,167
E00070745,242,127,115
E00070746,219,111,108
E00070749,469,245,224
E00070752,116,57,59
E00070715,261,125,136
E00070716,245,118,127
E00070717,228,119,109
E00168513,296,143,153
E00168533,311,150,161
E00168538,269,145,124
E00070707,269,132,137
E00070708,284,146,138
E00070711,225,110,115
E00070718,108,52,56
E00070719,282,139,143
E00168506,372,190,182
E00070851,273,151,122
E00070854,217,114,103
E00070855,265,160,105
E00070857,433,222,211
E00070859,300,140,160
E00070860,280,132,148
E00070850,232,103,129
E00070852,280,146,134
E00070853,372,188,184
E00070856,270,136,134
E00070858,297,165,132
E00070969,466,237,229
E00070970,250,123,127
E00070974,289,160,129
E00070978,211,106,105
E00070979,266,127,139
E00070697,168,88,80
E00070698,275,132,143
E00070699,472,235,237
E00070700,338,169,169
E00070701,303,150,153
E00070730,182,87,95
E00070731,539,273,266
E00070732,172,91,81
E00070736,309,162,147
E00070739,229,130,99
E00070740,246,125,121
E00070733,275,139,136
E00070735,303,159,144
E00070737,358,195,163
E00070738,259,143,116
E00168534,310,146,164
E00168536,518,179,339
E00070758,270,141,129
E00070762,314,172,142
E00070763,264,135,129
E00070764,241,128,113
E00070765,152,78,74
E00070766,303,166,137
E00071212,453,242,211
E00071213,280,148,132
E00071216,421,213,208
E00071217,334,162,172
E00071218,287,137,150
E00071209,192,99,93
E00071210,122,60,62
E00071211,188,94,94
E00071214,260,132,128
E00071215,136,77,59
E00071219,113,58,55
E00070791,494,254,240
E00070792,531,257,274
E00070793,348,176,172
E00070794,138,68,70
E00070795,186,91,95
E00070796,315,158,157
E00070797,316,152,164
E00070798,187,90,97
E00070799,513,272,241
E00070800,450,223,227
E00070801,396,196,200
E00070802,425,208,217
E00071104,294,146,148
E00071105,223,109,114
E00071110,326,162,164
E00071111,256,135,121
E00071112,380,196,184
E00071103,492,248,244
E00071106,424,203,221
E00071107,322,170,152
E00071108,311,160,151
E00071109,258,135,123
E00070820,251,128,123
E00070821,325,162,163
E00070822,301,152,149
E00070837,238,126,112
E00070838,320,142,178
E00070827,259,127,132
E00070828,273,148,125
E00070829,358,196,162
E00070835,277,141,136
E00070836,318,164,154
E00070823,314,168,146
E00070824,364,181,183
E00070825,243,130,113
E00070826,259,122,137
E00070830,307,161,146
E00070831,397,202,195
E00070832,354,186,168
E00070833,269,138,131
E00070834,377,193,184
E00071116,437,239,198
E00071134,387,191,196
E00071135,350,175,175
E00071140,273,141,132
E00071149,122,63,59
E00071115,196,112,84
E00071126,231,106,125
E00071138,301,137,164
E00071139,305,149,156
E00071141,323,151,172
E00071144,225,117,108
E00071114,273,150,123
E00071120,533,262,271
E00071142,311,167,144
E00071143,278,142,136
E00071145,242,122,120
E00071124,184,100,84
E00071125,317,144,173
E00071127,215,104,111
E00071130,254,122,132
E00071131,219,104,115
E00071132,230,106,124
E00071121,199,101,98
E00071122,175,92,83
E00071123,243,123,120
E00071129,209,123,86
E00071150,149,82,67
E00071151,220,119,101
E00071152,144,74,70
E00071113,293,153,140
E00071128,248,133,115
E00071133,264,139,125
E00071136,296,153,143
E00071137,298,159,139
E00070589,283,170,113
E00070594,293,138,155
E00070596,458,235,223
E00070604,279,148,131
E00070606,281,152,129
E00070587,217,104,113
E00070590,339,161,178
E00070591,269,142,127
E00070592,317,157,160
E00070593,396,221,175
E00070599,276,138,138
E00071156,242,122,120
E00071177,252,130,122
E00071178,278,150,128
E00071180,307,161,146
E00071181,316,160,156
E00070702,255,124,131
E00070706,333,169,164
E00187187,389,204,185
E00187284,316,164,152
E00187298,301,158,143
E00070703,388,191,197
E00187201,117,58,59
E00187232,398,196,202
E00187238,622,321,301
E00070588,292,154,138
E00070602,378,196,182
E00070603,338,166,172
E00070605,282,151,131
E00070607,334,167,167
E00070595,323,157,166
E00070597,317,157,160
E00070598,390,185,205
E00070600,217,109,108
E00070601,303,150,153
E00070720,228,115,113
E00070724,397,177,220
E00070727,375,179,196
E00070729,304,156,148
E00187245,187,92,95
E00187292,341,150,191
E00070721,289,141,148
E00070722,264,126,138
E00070723,275,149,126
E00070726,345,171,174
E00070728,301,157,144
E00071117,308,162,146
E00071118,258,123,135
E00071119,236,107,129
E00071146,226,108,118
E00071147,227,104,123
E00071148,222,109,113
E00071155,298,140,158
E00071165,275,141,134
E00071166,321,161,160
E00071167,284,137,147
E00071173,393,213,180
E00071174,239,124,115
E00071084,322,157,165
E00071085,313,167,146
E00071090,270,135,135
E00071091,454,235,219
E00071092,408,197,211
E00071082,304,145,159
E00071083,368,168,200
E00071086,265,130,135
E00071087,271,134,137
E00071088,393,197,196
E00071089,504,256,248
E00071073,240,122,118
E00071074,330,166,164
E00071075,395,196,199
E00071079,232,119,113
E00071093,118,64,54
E00071094,256,134,122
E00071076,274,140,134
E00071077,313,158,155
E00071078,285,139,146
E00071080,270,129,141
E00071081,267,133,134
E00071160,278,141,137
E00071161,299,157,142
E00071164,342,170,172
E00071168,297,152,145
E00071172,246,121,125
E00071157,301,150,151
E00071162,316,174,142
E00071163,335,182,153
E00071170,307,156,151
E00071171,264,138,126
E00071153,273,153,120
E00071154,200,103,97
E00071169,235,125,110
E00071175,338,168,170
E00071176,327,182,145
E00071158,278,144,134
E00071159,288,149,139
E00071179,320,160,160
E00071182,267,146,121
E00071183,288,153,135
E00071053,279,145,134
E00071054,256,127,129
E00071055,319,155,164
E00071057,317,166,151
E00071061,250,121,129
E00071041,408,200,208
E00071060,302,155,147
E00071063,485,235,250
E00071067,258,133,125
E00168522,286,153,133
E00168524,271,133,138
E00168527,296,155,141
E00071044,325,178,147
E00071045,244,127,117
E00071069,279,136,143
E00071072,285,146,139
E00168505,344,176,168
E00168525,297,141,156
E00168528,186,89,97
E00071042,550,250,300
E00071062,313,162,151
E00071068,156,87,69
E00071070,222,117,105
E00187184,440,244,196
E00187285,230,103,127
E00071046,208,101,107
E00071047,210,108,102
E00071048,244,124,120
E00071049,306,149,157
E00071052,301,145,156
E00071056,211,98,113
E00070622,331,160,171
E00070626,287,148,139
E00070629,261,141,120
E00070630,295,153,142
E00070631,363,179,184
E00070623,379,178,201
E00070624,176,89,87
E00070625,273,142,131
E00070627,240,124,116
E00070628,204,109,95
E00168530,325,166,159
E00168531,276,130,146
E00071099,437,223,214
E00071100,335,177,158
E00071101,410,203,207
E00071102,448,208,240
E00071095,315,165,150
E00071096,342,176,166
E00071097,558,278,280
E00071098,299,147,152
E00070620,248,116,132
E00070632,255,130,125
E00070635,314,168,146
E00070646,461,250,211
E00070647,261,123,138
E00070644,324,159,165
E00070648,314,159,155
E00070649,322,172,150
E00070650,318,163,155
E00070651,286,143,143
E00070633,327,172,155
E00070636,298,153,145
E00070637,285,151,134
E00070638,293,169,124
E00070640,241,131,110
E00070634,387,197,190
E00070639,177,83,94
E00070641,421,217,204
E00070642,257,130,127
E00070643,236,130,106
E00070645,368,187,181
E00071050,349,170,179
E00071051,250,119,131
E00071058,265,129,136
E00071059,305,164,141
E00071064,296,152,144
E00070609,251,130,121
E00070610,246,126,120
E00070611,214,97,117
E00070612,268,140,128
E00070613,335,177,158
E00070614,519,294,225
E00070616,263,137,126
E00070608,268,139,129
E00070615,304,150,154
E00070617,283,145,138
E00070618,245,137,108
E00070619,228,111,117
E00070742,253,132,121
E00070743,139,72,67
E00070747,301,156,145
E00070748,124,66,58
E00070750,270,121,149
E00070751,257,140,117
E00070753,162,87,75
E00070754,343,169,174
E00070962,346,163,183
E00070963,277,128,149
E00070966,237,119,118
E00070967,253,126,127
E00070968,209,104,105
E00070868,227,122,105
E00070870,313,161,152
E00070871,292,146,146
E00070889,185,95,90
E00070891,191,98,93
E00070892,236,119,117
E00070893,269,149,120
E00070861,330,166,164
E00070872,571,272,299
E00070884,253,137,116
E00168517,192,107,85
E00168519,161,91,70
E00168520,175,99,76
E00070869,208,117,91
E00070873,286,161,125
E00070874,208,116,92
E00070875,249,128,121
E00070876,189,106,83
E00070878,293,143,150
E00070862,234,114,120
E00070863,424,211,213
E00070865,285,156,129
E00070877,192,103,89
E00070879,274,147,127
E00070867,279,147,132
E00070881,220,114,106
E00070882,251,119,132
E00070883,289,149,140
E00070886,294,149,145
E00070890,317,165,152
E00070866,405,209,196
E00070880,300,163,137
E00070885,279,158,121
E00070887,335,163,172
E00070888,233,118,115
E00070768,197,93,104
E00070769,240,123,117
E00070770,316,165,151
E00070771,384,192,192
E00070772,386,194,192
E00070767,178,87,91
E00070773,107,56,51
E00070774,333,161,172
E00070775,408,230,178
E00070776,306,147,159
E00070777,190,100,90
E00070784,331,167,164
E00070785,325,170,155
E00070786,184,92,92
E00070787,140,80,60
E00070789,173,82,91
E00070790,192,85,107
E00187155,248,124,124
E00070778,349,170,179
E00070780,273,138,135
E00070781,296,144,152
E00070782,318,159,159
E00070788,192,106,86
E00070813,194,95,99
E00070814,275,131,144
E00070815,253,112,141
E00070816,188,97,91
E00070817,458,223,235
E00070818,444,228,216
E00070819,236,122,114
E00070990,439,215,224
E00070991,410,206,204
E00070997,421,210,211
E00070998,270,133,137
E00070999,378,196,182
E00070992,282,149,133
E00070993,377,190,187
E00070994,239,125,114
E00070995,271,128,143
E00070996,395,205,190
E00071036,193,98,95
E00071037,254,138,116
E00071038,272,133,139
E00071039,353,184,169
E00071040,487,252,235
E00071065,259,141,118
E00071197,176,95,81
E00071201,347,175,172
E00071202,402,198,204
E00071203,283,137,146
E00071204,469,225,244
E00071195,300,155,145
E00071196,248,129,119
E00071198,119,63,56
E00071199,152,75,77
E00071205,204,99,105
E00071206,121,63,58
E00071207,361,182,179
E00187157,319,166,153
E00071001,340,186,154
E00071004,255,127,128
E00071007,229,123,106
E00071008,519,259,260
E00071015,508,270,238
E00071002,233,122,111
E00071003,279,145,134
E00071009,258,141,117
E00071011,263,139,124
E00071012,258,136,122
E00187294,221,105,116
E00187315,244,107,137
E00071005,225,111,114
E00071006,433,220,213
E00071013,268,148,120
E00071014,242,136,106
E00187241,189,108,81
E00187314,384,197,187
E00071019,235,117,118
E00071023,325,167,158
E00071024,230,127,103
E00071028,289,149,140
E00071029,268,137,131
E00071030,228,120,108
E00071025,331,174,157
E00071026,268,141,127
E00071027,288,148,140
E00071034,321,168,153
E00071035,268,145,123
E00071016,249,132,117
E00071017,315,163,152
E00071031,301,142,159
E00071032,337,163,174
E00071018,302,157,145
E00071020,238,126,112
E00071021,269,143,126
E00071022,260,138,122
E00071033,308,157,151
E00070846,287,140,147
E00070847,419,211,208
E00070848,258,123,135
E00070849,181,104,77
E00187156,440,221,219
E00070841,131,65,66
E00070842,348,170,178
E00070843,351,186,165
E00070844,313,159,154
E00070845,363,183,180
E00070933,298,146,152
E00070934,278,146,132
E00070935,290,142,148
E00070940,436,220,216
E00070941,247,129,118
E00070936,318,148,170
E00070937,331,174,157
E00070938,437,231,206
E00070939,403,202,201
E00070942,317,146,171
E00070957,352,173,179
E00070958,232,137,95
E00070959,163,84,79
E00070960,134,72,62
E00070961,303,152,151
E00070964,314,166,148
E00070965,288,150,138
E00070983,501,257,244
E00070985,351,181,170
E00070986,333,175,158
E00070987,327,170,157
E00070988,387,205,182
E00070980,409,212,197
E00070981,257,132,125
E00070982,325,169,156
E00070984,314,146,168
E00070989,323,160,163
E00071560,324,168,156
E00071561,254,136,118
E00071562,294,165,129
E00071564,275,153,122
E00071565,259,136,123
E00071557,314,156,158
E00071558,296,149,147
E00071559,282,142,140
E00071563,449,239,210
E00071568,329,176,153
E00071571,509,287,222
E00071572,266,148,118
E00071573,287,153,134
E00071574,332,172,160
E00071566,421,216,205
E00071567,389,195,194
E00071569,293,153,140
E00071570,486,244,242
E00071262,240,125,115
E00071263,400,201,199
E00071264,257,128,129
E00071265,234,118,116
E00187185,511,264,247
E00187312,163,83,80
E00071362,310,152,158
E00071363,328,168,160
E00071369,232,119,113
E00071370,177,85,92
E00071371,531,258,273
E00173134,160,83,77
E00173135,807,484,323
E00071364,274,137,137
E00071365,246,128,118
E00071367,312,161,151
E00071368,234,109,125
E00071390,367,167,200
E00071391,308,142,166
E00071392,274,138,136
E00173127,300,157,143
E00071579,582,300,282
E00071580,275,132,143
E00071581,257,146,111
E00071582,489,245,244
E00071575,129,69,60
E00071576,470,241,229
E00071577,294,165,129
E00071578,304,157,147
E00071583,335,195,140
E00071586,226,123,103
E00071587,231,119,112
E00071590,258,140,118
E00071593,288,154,134
E00187162,585,311,274
E00187223,308,158,150
E00187273,193,106,87
E00071584,263,131,132
E00071588,361,201,160
E00071591,239,142,97
E00071592,291,151,140
E00187194,130,78,52
E00187301,484,198,286
E00071266,361,183,178
E00071267,336,166,170
E00071268,247,142,105
E00071269,426,205,221
E00071270,204,99,105
E00071540,321,163,158
E00071541,337,185,152
E00071553,532,268,264
E00173133,378,188,190
E00187178,150,84,66
E00187257,468,236,232
E00071543,340,168,172
E00071551,258,128,130
E00071552,384,190,194
E00071554,365,185,180
E00071539,301,151,150
E00071547,241,132,109
E00071548,343,179,164
E00071549,271,140,131
E00071550,301,152,149
E00071333,341,163,178
E00071336,243,110,133
E00071338,333,152,181
E00071340,205,99,106
E00071350,303,156,147
E00071332,353,175,178
E00071335,273,140,133
E00071337,317,161,156
E00071339,246,120,126
E00071349,328,162,166
E00071334,302,168,134
E00071344,290,142,148
E00071347,395,202,193
E00071348,327,169,158
E00071351,428,219,209
E00071341,482,234,248
E00071343,275,144,131
E00071345,314,160,154
E00071346,346,184,162
E00173132,315,159,156
E00187186,185,97,88
E00187248,152,80,72
E00187260,328,171,157
E00071542,277,132,145
E00071544,339,197,142
E00071545,314,157,157
E00071555,299,141,158
E00187168,396,202,194
E00187277,254,132,122
E00071353,278,136,142
E00071358,108,59,49
E00071360,283,141,142
E00173119,426,211,215
E00071352,325,162,163
E00071354,290,148,142
E00071355,218,119,99
E00071356,452,232,220
E00071357,205,108,97
E00071595,341,189,152
E00071596,268,139,129
E00071597,251,129,122
E00071600,329,176,153
E00071594,243,125,118
E00071598,258,132,126
E00071599,268,144,124
E00071601,255,123,132
E00071602,286,163,123
E00071641,269,135,134
E00071642,260,124,136
E00071643,263,131,132
E00071645,322,178,144
E00071649,288,152,136
E00071640,245,132,113
E00071644,331,174,157
E00071646,328,163,165
E00071647,338,179,159
E00071648,271,135,136
E00071220,614,301,313
E00071222,254,128,126
E00071223,326,171,155
E00071225,479,261,218
E00071226,241,133,108
E00071221,317,166,151
E00071224,295,162,133
E00071227,300,140,160
E00071228,265,132,133
E00071415,531,280,251
E00071417,332,179,153
E00071419,145,79,66
E00071420,280,151,129
E00071423,386,205,181
E00071395,266,127,139
E00071397,302,149,153
E00071406,300,152,148
E00071424,241,118,123
E00071426,300,153,147
E00071721,207,111,96
E00071728,270,134,136
E00071730,308,146,162
E00071735,267,137,130
E00071737,274,139,135
E00071725,309,159,150
E00071731,365,184,181
E00071733,315,160,155
E00071736,320,154,166
E00071719,352,179,173
E00071720,367,180,187
E00071726,290,134,156
E00071734,286,150,136
E00071718,246,131,115
E00071727,368,172,196
E00071729,295,164,131
E00071732,444,221,223
E00071716,253,132,121
E00071717,434,226,208
E00071722,285,136,149
E00071723,289,152,137
E00071724,236,115,121
E00071413,190,86,104
E00071416,285,144,141
E00071418,389,209,180
E00071421,339,180,159
E00187233,287,158,129
E00187258,341,162,179
E00187290,267,130,137
E00071394,264,123,141
E00071396,323,159,164
E00071402,250,125,125
E00071408,293,145,148
E00071425,279,142,137
E00071399,375,189,186
E00071407,333,153,180
E00071411,389,194,195
E00071412,277,128,149
E00071405,320,168,152
E00071409,208,105,103
E00071410,305,151,154
E00071422,312,159,153
E00173097,509,240,269
E00173099,344,174,170
E00173105,387,193,194
E00187263,568,275,293
E00187308,225,110,115
E00071404,251,129,122
E00173100,616,288,328
E00173102,352,172,180
E00187163,505,242,263
E00187204,231,105,126
E00187164,241,116,125
E00187203,420,210,210
E00187215,321,152,169
E00187249,168,90,78
E00071382,385,202,183
E00071383,308,160,148
E00071384,347,173,174
E00071385,239,123,116
E00071386,301,164,137
E00071387,230,114,116
E00071448,213,88,125
E00071449,327,165,162
E00071452,304,154,150
E00071454,375,180,195
E00071455,253,124,129
E00071450,313,163,150
E00071451,276,142,134
E00071453,529,275,254
E00071701,285,145,140
E00071705,524,261,263
E00071707,304,156,148
E00173120,292,141,151
E00173122,345,174,171
E00173124,363,188,175
E00187235,315,141,174
E00187300,325,177,148
E00071706,290,141,149
E00071711,423,197,226
E00071713,309,153,156
E00071714,356,172,184
E00071715,239,121,118
E00071702,272,144,128
E00071703,342,173,169
E00071704,269,133,136
E00071709,313,156,157
E00071710,319,170,149
E00071712,465,233,232
E00071229,343,170,173
E00071230,325,174,151
E00071234,387,196,191
E00071236,340,173,167
E00071238,352,171,181
E00071231,400,199,201
E00071232,337,186,151
E00071233,333,175,158
E00071235,430,227,203
E00187171,286,152,134
E00187287,583,310,273
E00071271,222,103,119
E00071276,387,161,226
E00071277,455,215,240
E00071278,380,183,197
E00071279,348,174,174
E00071272,368,185,183
E00071273,291,135,156
E00071274,228,125,103
E00071275,256,126,130
E00071280,267,132,135
E00071376,235,123,112
E00071377,351,171,180
E00071380,451,216,235
E00071381,368,186,182
E00187177,301,149,152
E00187259,288,146,142
E00187295,196,109,87
E00071372,254,141,113
E00071373,226,114,112
E00071375,289,154,135
E00071378,258,135,123
E00187176,382,197,185
E00187188,140,83,57
E00071430,267,133,134
E00071431,317,150,167
E00071432,293,142,151
E00071436,323,161,162
E00187222,505,261,244
E00187316,121,63,58
E00071429,293,147,146
E00071433,303,137,166
E00071434,499,248,251
E00071437,166,63,103
E00187197,498,257,241
E00187220,127,53,74
E00187302,113,49,64
E00071623,283,144,139
E00071624,266,142,124
E00071627,260,150,110
E00071628,310,165,145
E00071630,272,131,141
E00071631,278,150,128
E00071620,346,171,175
E00071621,242,129,113
E00071622,278,155,123
E00071625,294,150,144
E00071629,207,110,97
E00071632,296,147,149
E00071633,303,150,153
E00071637,312,162,150
E00071638,290,147,143
E00071639,248,130,118
E00071626,242,122,120
E00071634,522,253,269
E00071635,303,159,144
E00071636,305,153,152
E00071466,497,232,265
E00071467,283,137,146
E00071468,273,134,139
E00071476,314,156,158
E00071477,227,108,119
E00071474,274,142,132
E00071475,306,154,152
E00071478,318,153,165
E00071479,298,157,141
E00071480,209,111,98
E00071482,229,115,114
E00071483,286,145,141
E00071485,233,132,101
E00071486,277,140,137
E00187210,174,89,85
E00187246,255,128,127
E00187322,465,243,222
E00071469,274,134,140
E00071470,319,155,164
E00071471,316,152,164
E00071472,274,126,148
E00071473,395,194,201
E00071484,344,167,177
E00071456,303,164,139
E00071457,307,149,158
E00071462,463,232,231
E00071463,356,171,185
E00071465,292,143,149
E00071458,273,147,126
E00071459,278,151,127
E00071461,285,147,138
E00071464,303,155,148
E00187198,229,128,101
E00187214,189,115,74
E00187264,345,159,186
E00071611,336,176,160
E00071614,608,304,304
E00071618,616,309,307
E00187266,330,178,152
E00187304,430,220,210
E00071607,521,259,262
E00071608,310,161,149
E00071612,281,139,142
E00071613,339,175,164
E00071606,286,147,139
E00071609,337,167,170
E00071615,264,138,126
E00071616,462,197,265
E00187183,512,260,252
E00187280,162,80,82
E00071604,295,162,133
E00071617,321,161,160
E00187175,384,200,184
E00187202,316,164,152
E00187305,255,136,119
E00187321,155,75,80
E00187332,526,263,263
E00071314,226,120,106
E00071316,326,174,152
E00071317,318,166,152
E00071318,264,143,121
E00071319,281,133,148
E00071320,130,51,79
E00071524,391,200,191
E00071537,351,172,179
E00071538,394,189,205
E00187211,349,177,172
E00187278,377,205,172
E00187311,224,117,107
E00071527,371,184,187
E00071528,322,173,149
E00071529,311,153,158
E00071530,393,218,175
E00071531,288,153,135
E00071521,325,164,161
E00071532,307,147,160
E00071533,282,136,146
E00071534,287,148,139
E00071536,291,138,153
E00071520,324,169,155
E00071522,309,159,150
E00071523,320,165,155
E00071526,312,169,143
E00071535,259,125,134
E00071651,256,115,141
E00071662,278,130,148
E00071663,295,154,141
E00071664,315,158,157
E00071665,307,138,169
E00071667,281,143,138
E00071652,358,154,204
E00071653,299,138,161
E00071666,490,224,266
E00071668,355,179,176
E00071661,299,147,152
E00071669,342,176,166
E00071670,308,146,162
E00071676,387,199,188
E00071678,343,163,180
E00071654,340,164,176
E00071655,335,171,164
E00071656,386,196,190
E00071658,264,119,145
E00071660,278,149,129
E00071650,306,158,148
E00071657,405,215,190
E00071659,285,156,129
E00071675,420,200,220
E00071671,334,168,166
E00071672,338,169,169
E00071673,255,141,114
E00071674,270,149,121
E00071677,317,163,154
E00071315,409,195,214
E00071322,282,151,131
E00071324,311,147,164
E00071328,253,118,135
E00071329,313,166,147
E00071313,234,120,114
E00071321,291,146,145
E00071323,330,171,159
E00071325,271,119,152
E00071326,295,155,140
E00071327,327,171,156
E00071302,262,131,131
E00071303,300,144,156
E00071304,253,125,128
E00071330,253,122,131
E00071331,233,110,123
E00071300,203,111,92
E00071305,321,160,161
E00071307,275,140,135
E00071309,299,146,153
E00071310,218,101,117
E00071312,221,100,121
E00071299,302,149,153
E00071301,253,134,119
E00071306,253,137,116
E00071308,306,149,157
E00071311,310,171,139
E00071242,291,145,146
E00071243,272,119,153
E00071246,342,173,169
E00071256,250,118,132
E00071259,324,158,166
E00071240,304,151,153
E00071254,277,142,135
E00071255,300,146,154
E00071257,260,129,131
E00071245,356,190,166
E00071247,277,134,143
E00071250,324,167,157
E00071258,329,156,173
E00071260,199,87,112
E00071239,340,186,154
E00071241,279,145,134
E00071244,330,171,159
E00071251,310,156,154
E00071248,543,292,251
E00071249,423,217,206
E00071252,432,221,211
E00071253,370,179,191
E00071680,535,271,264
E00071695,375,191,184
E00071698,314,153,161
E00187219,467,252,215
E00187228,239,126,113
E00071688,253,135,118
E00071693,319,168,151
E00071694,327,171,156
E00173116,527,283,244
E00071682,425,246,179
E00071686,338,181,157
E00071692,505,272,233
E00071699,371,188,183
E00071681,352,189,163
E00071684,377,186,191
E00071685,302,156,146
E00071687,332,177,155
E00071689,364,185,179
E00071690,256,134,122
E00071691,372,182,190
E00071697,249,126,123
E00071502,260,132,128
E00071508,235,119,116
E00071509,206,96,110
E00071510,203,122,81
E00071517,337,172,165
E00071501,315,170,145
E00071513,251,135,116
E00071516,350,181,169
E00071519,302,156,146
E00071512,293,141,152
E00071514,256,132,124
E00071515,245,130,115
E00071518,261,128,133
E00071503,460,246,214
E00071504,483,237,246
E00071505,186,92,94
E00071506,257,116,141
E00071507,275,132,143
E00071511,148,85,63
E00071281,342,163,179
E00071285,310,171,139
E00071286,288,144,144
E00071287,283,143,140
E00071296,290,146,144
E00071292,199,103,96
E00071293,299,149,150
E00071294,291,168,123
E00071295,334,172,162
E00173114,201,102,99
E00173117,238,128,110
E00173128,188,99,89
E00071282,277,147,130
E00071288,257,122,135
E00071289,345,176,169
E00071290,312,169,143
E00071283,408,193,215
E00071284,338,184,154
E00071297,316,161,155
E00071298,336,173,163
E00071487,355,189,166
E00071488,371,178,193
E00071493,354,177,177
E00071500,310,167,143
E00071491,305,154,151
E00071492,319,162,157
E00071494,507,271,236
E00071496,512,273,239
E00071497,292,160,132
E00187165,289,139,150
E00187180,359,170,189
E00187182,456,220,236
E00187208,540,254,286
E00187276,164,79,85
E00187324,154,83,71
E00071489,374,190,184
E00071490,246,131,115
E00071498,344,169,175
E00071499,370,190,180
E00173111,229,121,108
E00173657,381,194,187
E00187236,407,196,211
E00187255,132,70,62
E00187307,588,307,281
E00187173,351,179,172
E00187242,369,182,187
E00187293,440,235,205
E00187333,268,135,133
E00187190,520,276,244
E00187217,150,69,81
E00187254,595,298,297
E00187265,166,92,74
E00071440,294,145,149
E00071444,256,122,134
E00187234,248,123,125
E00187239,574,291,283
E00187252,128,67,61
E00071439,227,111,116
E00071441,401,204,197
E00071445,307,145,162
E00173113,346,172,174
E00187244,319,165,154
E00187313,105,58,47
E00187318,168,90,78
E00187247,122,62,60
E00187262,343,179,164
E00187267,594,300,294
E00187268,524,281,243
E00187272,616,300,316
E00187331,121,60,61
E00071988,288,157,131
E00071989,334,167,167
E00071999,335,173,162
E00072017,260,128,132
E00072021,260,125,135
E00071990,366,186,180
E00071996,375,190,185
E00071997,229,112,117
E00072022,537,268,269
E00071991,253,131,122
E00071992,262,136,126
E00072002,289,149,140
E00072006,264,138,126
E00179377,204,124,80
E00179382,274,148,126
E00071993,336,189,147
E00071995,230,113,117
E00071998,284,150,134
E00072000,256,126,130
E00072003,291,159,132
E00071987,249,143,106
E00072016,335,162,173
E00072018,278,145,133
E00072019,253,127,126
E00171646,212,117,95
E00171647,283,147,136
E00171648,311,147,164
E00072481,386,208,178
E00072495,237,124,113
E00072497,280,140,140
E00072498,321,149,172
E00072499,323,193,130
E00072483,282,150,132
E00072496,107,51,56
E00072501,307,160,147
E00072503,325,183,142
E00072505,313,165,148
E00072506,439,216,223
E00072507,306,151,155
E00072508,366,193,173
E00072509,243,117,126
E00072510,297,141,156
E00072512,220,102,118
E00072500,260,124,136
E00072502,249,133,116
E00072504,275,141,134
E00171645,326,169,157
E00171649,387,191,196
E00171650,124,67,57
E00179387,335,176,159
E00179410,261,135,126
E00179413,594,298,296
E00071994,363,192,171
E00072004,345,170,175
E00072005,331,171,160
E00072009,333,161,172
E00072010,249,121,128
E00071986,403,205,198
E00072007,234,125,109
E00072008,307,156,151
E00072014,393,198,195
E00071985,257,135,122
E00072011,301,159,142
E00072012,292,162,130
E00072013,414,209,205
E00072015,408,204,204
E00072359,251,131,120
E00072373,253,129,124
E00072375,270,129,141
E00072380,255,126,129
E00072381,361,201,160
E00072360,243,125,118
E00072376,178,104,74
E00072384,197,129,68
E00072386,309,160,149
E00072388,184,92,92
E00072391,217,117,100
E00072372,257,133,124
E00072377,304,150,154
E00072378,326,162,164
E00072379,400,187,213
E00072390,301,154,147
E00072357,274,135,139
E00072382,248,140,108
E00072383,260,141,119
E00072385,309,159,150
E00072387,276,149,127
E00072389,250,125,125
E00072364,313,162,151
E00072365,235,129,106
E00072366,236,129,107
E00072371,241,126,115
E00171655,288,149,139
E00171656,193,102,91
E00171657,209,109,100
E00072358,292,147,145
E00072367,273,140,133
E00072368,281,139,142
E00072369,199,95,104
E00072370,311,153,158
E00072374,307,151,156
E00072361,246,136,110
E00072363,262,136,126
E00072392,250,122,128
E00072393,309,155,154
E00072394,317,169,148
E00072395,344,176,168
E00072487,296,143,153
E00072488,292,145,147
E00072517,296,137,159
E00072518,385,201,184
E00072520,237,128,109
E00072521,295,159,136
E00072479,344,171,173
E00072486,451,226,225
E00072489,391,183,208
E00072514,427,206,221
E00072519,436,218,218
E00072480,312,154,158
E00072490,547,284,263
E00072491,258,118,140
E00072492,234,121,113
E00072493,226,111,115
E00072494,262,119,143
E00072485,290,143,147
E00072511,292,139,153
E00072513,236,111,125
E00072515,438,211,227
E00072516,514,243,271
E00071904,332,168,164
E00071931,300,134,166
E00071932,290,144,146
E00071933,268,129,139
E00071935,377,208,169
E00071905,331,163,168
E00071934,323,180,143
E00071936,318,171,147
E00071937,289,144,145
E00071939,281,154,127
E00071912,281,134,147
E00071913,295,144,151
E00071915,321,163,158
E00071938,251,128,123
E00071940,277,136,141
E00071906,324,166,158
E00071911,368,191,177
E00071914,295,151,144
E00071918,399,193,206
E00071941,298,165,133
E00071909,264,133,131
E00071917,508,261,247
E00071921,310,157,153
E00071923,341,159,182
E00071925,231,116,115
E00071900,326,161,165
E00071902,262,142,120
E00071903,250,125,125
E00071924,307,139,168
E00071927,216,111,105
E00071746,394,201,193
E00071749,349,168,181
E00071773,228,113,115
E00071774,201,106,95
E00071775,308,163,145
E00071750,331,174,157
E00071751,316,157,159
E00071752,295,151,144
E00071753,297,152,145
E00071776,257,138,119
E00071745,253,121,132
E00071747,300,154,146
E00071748,275,131,144
E00071754,227,115,112
E00071755,285,151,134
E00072025,277,137,140
E00072034,193,99,94
E00072035,532,268,264
E00072036,252,127,125
E00072038,230,122,108
E00072042,248,118,130
E00072043,243,124,119
E00072044,350,176,174
E00072045,227,121,106
E00171627,346,164,182
E00171629,244,117,127
E00171653,296,152,144
E00171654,374,191,183
E00072033,223,121,102
E00072059,542,291,251
E00072060,209,119,90
E00072061,272,149,123
E00072062,193,104,89
E00071901,322,164,158
E00071907,232,102,130
E00071908,260,134,126
E00071916,309,146,163
E00071919,220,108,112
E00071926,266,132,134
E00072041,322,166,156
E00072046,296,165,131
E00072047,252,143,109
E00072048,363,186,177
E00072027,256,140,116
E00072037,323,150,173
E00072039,189,115,74
E00072040,273,141,132
E00171625,252,129,123
E00171626,414,198,216
E00171628,343,169,174
E00171660,519,262,257
E00072024,225,122,103
E00072051,283,143,140
E00072053,313,167,146
E00072055,217,107,110
E00072057,250,121,129
E00072058,233,125,108
E00072028,279,143,136
E00072029,314,159,155
E00072049,309,165,144
E00072050,342,184,158
E00072054,281,141,140
E00071910,324,164,160
E00071920,213,108,105
E00071922,362,187,175
E00071928,248,115,133
E00071929,113,43,70
E00071930,347,162,185
E00071952,269,123,146
E00071953,168,83,85
E00071960,305,162,143
E00071964,158,77,81
E00071984,385,194,191
E00071954,253,133,120
E00071979,331,160,171
E00071980,230,103,127
E00071981,313,156,157
E00171633,292,150,142
E00171662,163,60,103
E00071947,410,210,200
E00071948,461,221,240
E00071965,253,130,123
E00071969,374,172,202
E00071972,454,229,225
E00171634,257,107,150
E00171635,190,88,102
E00171636,258,135,123
E00171661,471,240,231
E00071956,286,143,143
E00071958,482,225,257
E00071959,299,155,144
E00171640,375,217,158
E00072023,311,170,141
E00072030,361,179,182
E00072031,300,166,134
E00072052,312,153,159
E00072056,371,185,186
E00072323,253,123,130
E00072324,208,109,99
E00072325,244,127,117
E00072327,242,114,128
E00072328,217,111,106
E00072356,262,124,138
E00072316,460,224,236
E00072334,278,133,145
E00072339,340,175,165
E00072344,206,100,106
E00072315,301,147,154
E00072317,334,166,168
E00072326,218,102,116
E00072331,297,153,144
E00072338,212,112,100
E00071942,271,133,138
E00071944,310,150,160
E00071946,388,173,215
E00071955,168,90,78
E00071963,256,113,143
E00071966,388,183,205
E00071943,354,184,170
E00071957,324,157,167
E00071961,310,170,140
E00071962,269,128,141
E00071967,339,162,177
E00071950,307,140,167
E00071970,373,162,211
E00071971,561,282,279
E00071973,247,122,125
E00071974,419,176,243
E00071949,544,259,285
E00071968,292,155,137
E00071975,241,119,122
E00071976,385,186,199
E00071977,282,141,141
E00071978,276,131,145
E00071741,327,163,164
E00071743,369,182,187
E00071762,249,132,117
E00071764,298,148,150
E00071765,307,164,143
E00071740,357,192,165
E00071742,374,211,163
E00071760,280,143,137
E00071761,282,151,131
E00071763,305,158,147
E00071759,246,123,123
E00071766,269,140,129
E00071767,191,92,99
E00071771,610,314,296
E00179378,440,240,200
E00179429,200,119,81
E00071744,409,224,185
E00071769,264,124,140
E00071770,353,178,175
E00071772,296,149,147
E00071738,314,166,148
E00071739,371,207,164
E00071756,278,151,127
E00071757,200,90,110
E00071758,286,136,150
E00072318,256,128,128
E00072329,247,127,120
E00072330,249,123,126
E00072332,246,125,121
E00072340,297,142,155
E00072333,197,104,93
E00072335,227,117,110
E00072336,250,123,127
E00072337,241,120,121
E00072341,228,112,116
E00072342,279,140,139
E00072349,322,154,168
E00072351,257,125,132
E00072352,279,134,145
E00072353,315,159,156
E00072355,316,156,160
E00072319,299,141,158
E00072320,262,138,124
E00072321,265,136,129
E00072343,254,127,127
E00072345,226,113,113
E00072348,249,127,122
E00072314,174,70,104
E00072322,311,154,157
E00072346,280,139,141
E00072347,127,41,86
E00072350,318,142,176
E00072354,127,62,65
E00071781,418,207,211
E00071796,279,152,127
E00071797,294,159,135
E00071798,305,152,153
E00071799,356,171,185
E00071791,226,113,113
E00071792,261,135,126
E00071795,304,147,157
E00071800,212,112,100
E00071801,263,136,127
E00071780,218,109,109
E00071788,243,127,116
E00071789,236,123,113
E00071790,275,143,132
E00071793,265,134,131
E00071794,253,126,127
E00071827,183,121,62
E00071831,248,132,116
E00071832,265,142,123
E00071840,265,147,118
E00071842,234,126,108
E00071844,256,146,110
E00071833,241,116,125
E00071837,233,117,116
E00071838,253,125,128
E00071839,240,126,114
E00071856,250,123,127
E00071824,242,123,119
E00071825,301,151,150
E00071847,238,132,106
E00071848,245,120,125
E00071853,246,95,151
E00071855,304,155,149
E00072109,435,200,235
E00072131,375,192,183
E00072136,421,204,217
E00179349,867,356,511
E00072124,312,150,162
E00072126,333,161,172
E00072127,474,226,248
E00072129,298,151,147
E00171637,365,181,184
E00171638,269,131,138
E00171639,344,159,185
E00072108,458,228,230
E00072130,349,159,190
E00072132,404,194,210
E00072134,506,220,286
E00072128,610,292,318
E00072133,552,263,289
E00072135,114,34,80
E00072137,339,153,186
E00179362,353,148,205
E00179375,162,72,90
E00072115,258,100,158
E00072117,421,200,221
E00179350,901,323,578
E00072112,371,160,211
E00072114,407,163,244
E00072118,327,132,195
E00072122,349,144,205
E00171641,176,66,110
E00171643,133,58,75
E00171652,222,93,129
E00072110,418,183,235
E00072120,419,182,237
E00072121,330,126,204
E00072123,201,80,121
E00171664,162,65,97
E00179393,351,167,184
E00179397,165,80,85
E00179420,411,215,196
E00071821,328,153,175
E00071849,359,129,230
E00071852,287,119,168
E00171670,320,158,162
E00071820,173,91,82
E00071841,235,121,114
E00071843,143,75,68
E00071850,200,97,103
E00071851,236,110,126
E00171666,558,291,267
E00071826,286,143,143
E00071835,304,152,152
E00071836,293,134,159
E00179374,354,174,180
E00179406,231,116,115
E00071783,329,157,172
E00071784,360,185,175
E00071804,312,182,130
E00071806,350,181,169
E00071810,373,187,186
E00071782,342,180,162
E00071802,360,189,171
E00071803,328,190,138
E00071805,310,158,152
E00071809,321,168,153
E00071777,345,197,148
E00071778,269,146,123
E00071807,345,176,169
E00071808,294,159,135
E00071811,321,166,155
E00071786,345,152,193
E00071787,257,129,128
E00071813,263,129,134
E00071814,306,143,163
E00071815,318,156,162
E00071816,292,147,145
E00071779,352,198,154
E00071785,300,144,156
E00071812,319,168,151
E00071817,343,189,154
E00071818,386,200,186
E00071828,254,144,110
E00071829,397,209,188
E00071845,408,211,197
E00071846,194,107,87
E00171631,398,210,188
E00171632,227,124,103
E00171644,135,64,71
E00072141,273,138,135
E00072152,224,112,112
E00072153,249,111,138
E00072154,262,134,128
E00072156,258,132,126
E00072160,280,138,142
E00072159,342,165,177
E00072161,289,136,153
E00072165,293,162,131
E00072172,270,144,126
E00072173,331,171,160
E00072140,251,126,125
E00072142,276,155,121
E00072163,294,146,148
E00072166,386,182,204
E00072169,255,128,127
E00072151,260,126,134
E00072155,571,304,267
E00072157,289,131,158
E00072158,304,153,151
E00072162,450,218,232
E00072171,196,99,97
E00072143,302,154,148
E00072144,297,147,150
E00072168,316,161,155
E00072170,321,159,162
E00072177,271,131,140
E00072138,405,200,205
E00072139,206,101,105
E00072147,263,142,121
E00072176,203,110,93
E00072180,305,159,146
E00072164,367,147,220
E00072167,411,209,202
E00072174,260,140,120
E00072175,307,149,158
E00072179,244,108,136
E00072145,326,157,169
E00072146,268,135,133
E00072148,320,170,150
E00072149,272,138,134
E00072150,207,105,102
E00072178,272,134,138
E00072399,280,139,141
E00072421,271,123,148
E00072424,312,152,160
E00072425,250,125,125
E00072430,222,118,104
E00179384,246,121,125
E00179418,319,157,162
E00072398,363,172,191
E00072427,314,152,162
E00072428,350,188,162
E00072432,475,233,242
E00179368,540,286,254
E00179425,108,67,41
E00072397,298,136,162
E00072415,420,151,269
E00072416,357,173,184
E00072417,523,225,298
E00072419,255,124,131
E00072420,289,125,164
E00072068,317,166,151
E00072071,281,144,137
E00072087,298,167,131
E00072088,252,142,110
E00072093,418,233,185
E00072097,208,105,103
E00072080,229,117,112
E00072081,256,143,113
E00072083,193,113,80
E00072085,281,144,137
E00072089,222,103,119
E00072090,264,138,126
E00072069,257,123,134
E00072070,253,132,121
E00072084,248,119,129
E00072098,231,130,101
E00072100,243,118,125
E00072102,278,149,129
E00072074,285,139,146
E00072075,330,169,161
E00072092,272,139,133
E00072095,259,124,135
E00072104,289,145,144
E00072066,546,264,282
E00072073,297,133,164
E00072076,256,133,123
E00072079,266,139,127
E00072101,184,90,94
E00072105,242,109,133
E00072426,226,119,107
E00072429,308,153,155
E00072433,302,145,157
E00072437,322,161,161
E00072438,265,129,136
E00072400,293,156,137
E00072418,186,79,107
E00072422,191,92,99
E00072423,561,289,272
E00072436,287,140,147
E00072439,262,132,130
E00072404,293,142,151
E00072408,324,167,157
E00072410,307,156,151
E00072434,318,163,155
E00072435,305,154,151
E00072402,273,136,137
E00072406,277,151,126
E00072407,246,113,133
E00072409,236,118,118
E00072411,216,96,120
E00179357,193,85,108
E00179358,348,153,195
E00072401,304,166,138
E00072403,255,144,111
E00072412,344,178,166
E00072413,327,163,164
E00072414,345,174,171
E00072544,271,137,134
E00072547,228,125,103
E00072550,256,122,134
E00072551,320,153,167
E00072553,223,120,103
E00072528,427,231,196
E00072554,207,102,105
E00072555,301,148,153
E00072559,269,137,132
E00072561,333,171,162
E00072546,283,142,141
E00072552,327,155,172
E00072556,285,148,137
E00072557,337,161,176
E00072558,255,133,122
E00072540,356,184,172
E00072541,269,128,141
E00072542,518,262,256
E00072543,295,154,141
E00072545,388,199,189
E00072184,288,150,138
E00072185,263,133,130
E00072186,274,135,139
E00072208,250,122,128
E00072211,271,136,135
E00072181,274,142,132
E00072182,235,105,130
E00072196,242,124,118
E00072212,279,134,145
E00171630,354,189,165
E00171669,269,137,132
E00072187,267,143,124
E00072189,272,139,133
E00072213,293,145,148
E00072214,282,143,139
E00072215,304,152,152
E00072190,341,169,172
E00072216,259,129,130
E00072217,329,164,165
E00072219,256,129,127
E00072220,270,140,130
E00072525,347,174,173
E00072526,357,175,182
E00072548,347,178,169
E00072549,232,127,105
E00071885,285,149,136
E00071887,248,121,127
E00071888,215,110,105
E00071889,328,169,159
E00071891,315,161,154
E00071859,365,193,172
E00071875,384,197,187
E00071881,388,202,186
E00071886,420,237,183
E00071872,271,152,119
E00071873,339,163,176
E00071874,273,149,124
E00071876,282,153,129
E00071878,314,160,154
E00071877,353,184,169
E00071879,350,172,178
E00071880,231,129,102
E00071882,294,152,142
E00071883,312,155,157
E00072228,212,115,97
E00072229,274,138,136
E00072235,272,146,126
E00072261,288,148,140
E00072265,197,90,107
E00072266,286,145,141
E00072233,240,134,106
E00072242,285,139,146
E00072245,201,102,99
E00072247,208,111,97
E00072251,297,151,146
E00072232,331,188,143
E00072246,273,135,138
E00072262,259,132,127
E00072263,182,89,93
E00072268,258,124,134
E00072255,249,128,121
E00072256,254,133,121
E00072257,323,164,159
E00072258,226,114,112
E00072259,254,145,109
E00072260,198,112,86
E00072290,271,139,132
E00072291,238,120,118
E00072292,305,159,146
E00072293,308,148,160
E00072294,230,120,110
E00072522,356,169,187
E00072523,377,202,175
E00072527,286,130,156
E00072533,280,137,143
E00072560,293,143,150
E00072562,273,127,146
E00072524,285,146,139
E00072529,312,160,152
E00072531,309,159,150
E00072532,372,199,173
E00072538,286,144,142
E00072539,237,117,120
E00072530,286,139,147
E00072534,357,173,184
E00072535,300,158,142
E00072536,352,164,188
E00072537,457,233,224
E00072236,466,232,234
E00072239,404,205,199
E00072240,320,150,170
E00072241,428,224,204
E00072234,323,166,157
E00072237,396,203,193
E00072264,267,125,142
E00072267,237,121,116
E00072270,295,158,137
E00072230,412,201,211
E00072238,340,182,158
E00072249,402,199,203
E00072269,418,199,219
E00072231,357,182,175
E00072243,332,162,170
E00072248,220,107,113
E00072252,246,119,127
E00072253,263,143,120
E00072446,275,133,142
E00072451,288,154,134
E00072452,211,118,93
E00072453,235,125,110
E00072459,282,144,138
E00072460,238,124,114
E00072457,338,187,151
E00072461,261,144,117
E00072463,315,161,154
E00072470,265,143,122
E00072472,255,133,122
E00072465,261,133,128
E00072469,227,124,103
E00072471,303,149,154
E00072474,251,128,123
E00072475,327,162,165
E00072447,438,222,216
E00072454,318,156,162
E00072455,360,194,166
E00072456,227,123,104
E00072458,338,168,170
E00072226,310,159,151
E00072244,393,201,192
E00072250,387,203,184
E00072254,364,176,188
E00171667,341,170,171
E00171671,311,165,146
E00072271,368,189,179
E00072275,401,200,201
E00072305,334,164,170
E00072309,308,147,161
E00072299,368,191,177
E00072301,284,141,143
E00072302,339,184,155
E00072303,349,186,163
E00072308,382,203,179
E00072272,440,230,210
E00072282,267,154,113
E00072307,332,194,138
E00072311,280,150,130
E00072312,312,174,138
E00072279,375,176,199
E00072295,383,193,190
E00072296,301,142,159
E00072297,295,147,148
E00072300,371,209,162
E00071860,308,159,149
E00071861,176,91,85
E00071865,270,130,140
E00071868,322,171,151
E00071892,212,106,106
E00071895,344,171,173
E00071862,235,112,123
E00071863,278,138,140
E00071864,302,161,141
E00071896,303,152,151
E00071897,252,129,123
E00071898,304,160,144
E00071866,475,214,261
E00071867,319,173,146
E00071869,327,166,161
E00071870,294,140,154
E00071871,212,117,95
E00071884,292,130,162
E00071890,331,159,172
E00071893,338,171,167
E00071894,457,239,218
E00171659,319,158,161
E00171672,286,148,138
E00179361,271,130,141
E00179364,243,122,121
E00179376,521,256,265
E00179426,305,152,153
E00179427,118,59,59
E00179431,286,148,138
E00072274,296,158,138
E00072276,292,147,145
E00072298,211,109,102
E00072304,227,118,109
E00072306,247,134,113
E00072273,264,123,141
E00072280,249,127,122
E00072283,274,134,140
E00072284,306,155,151
E00072313,272,138,134
E00072277,372,185,187
E00072281,194,105,89
E00072285,346,176,170
E00072287,242,117,125
E00072310,288,158,130
E00072278,340,166,174
E00072286,267,135,132
E00072288,289,156,133
E00072289,334,166,168
E00072440,305,147,158
E00072448,340,185,155
E00072449,276,136,140
E00072462,216,104,112
E00072466,220,116,104
E00072441,295,152,143
E00072442,279,142,137
E00072464,277,142,135
E00072467,234,118,116
E00072468,242,121,121
E00072443,497,251,246
E00072450,241,118,123
E00072473,403,210,193
E00072477,293,156,137
E00072444,320,159,161
E00072445,320,159,161
E00072476,414,212,202
E00072478,296,153,143
E00072063,234,102,132
E00072064,269,118,151
E00072065,263,135,128
E00072077,226,114,112
E00072106,272,124,148
E00072072,247,127,120
E00072078,208,112,96
E00072096,263,141,122
E00072099,250,121,129
E00072103,235,113,122
E00072067,243,123,120
E00072082,208,101,107
E00072086,282,135,147
E00072091,215,115,100
E00072094,247,120,127
E00072192,346,173,173
E00072193,271,129,142
E00072195,279,135,144
E00072197,255,127,128
E00072224,221,113,108
E00072191,233,117,116
E00072221,264,133,131
E00072222,295,152,143
E00072223,343,177,166
E00072194,315,155,160
E00072198,331,167,164
E00072200,272,150,122
E00072201,393,192,201
E00072225,249,128,121
E00072183,279,144,135
E00072199,257,133,124
E00072202,253,130,123
E00072203,375,204,171
E00072207,267,136,131
E00072188,258,139,119
E00072205,326,178,148
E00072206,243,127,116
E00072209,418,210,208
E00072210,289,142,147
E00072218,284,125,159
E00146951,313,158,155
E00146953,278,140,138
E00146954,297,145,152
E00146956,205,106,99
E00146958,273,142,131
E00146952,360,192,168
E00146955,266,134,132
E00146957,177,82,95
E00146959,284,142,142
E00146960,310,168,142
E00146961,296,141,155
E00146962,569,290,279
E00146966,254,132,122
E00146969,354,173,181
E00187213,158,86,72
E00187283,373,190,183
E00187288,301,156,145
E00187299,494,248,246
E00146964,242,129,113
E00146967,390,217,173
E00146968,327,164,163
E00187261,380,181,199
E00187319,267,131,136
E00146970,359,177,182
E00146971,374,180,194
E00187167,177,80,97
E00187240,610,321,289
E00146972,266,127,139
E00146974,232,127,105
E00187179,217,112,105
E00187205,282,158,124
E00187207,618,321,297
E00187216,160,79,81
E00146810,303,153,150
E00146811,419,213,206
E00146812,216,111,105
E00146814,269,155,114
E00146816,297,156,141
E00146820,299,147,152
E00146813,291,151,140
E00146815,275,151,124
E00146817,338,178,160
E00146818,288,157,131
E00146819,320,168,152
E00146906,333,155,178
E00146907,232,106,126
E00146911,255,123,132
E00174579,1768,265,1503
E00174585,101,46,55
E00146901,239,127,112
E00146902,246,129,117
E00146903,426,223,203
E00146904,241,120,121
E00146905,280,145,135
E00146909,235,123,112
E00146910,269,152,117
E00146874,556,273,283
E00146875,321,171,150
E00146876,230,123,107
E00146880,258,134,124
E00146881,281,144,137
E00146873,415,217,198
E00146877,302,158,144
E00146878,348,172,176
E00146879,348,175,173
E00146883,503,237,266
E00146884,284,147,137
E00146886,332,176,156
E00146890,305,158,147
E00146882,385,206,179
E00146885,258,142,116
E00146887,292,154,138
E00146888,259,140,119
E00146889,308,154,154
E00146935,252,126,126
E00146936,485,255,230
E00146937,196,100,96
E00146938,402,207,195
E00174570,415,210,205
E00174571,281,140,141
E00174572,431,212,219
E00146941,390,228,162
E00146944,232,125,107
E00146945,356,204,152
E00146948,319,170,149
E00146949,218,121,97
E00146950,310,157,153
E00146940,270,157,113
E00146942,432,220,212
E00146943,277,153,124
E00146946,280,135,145
E00146947,350,186,164
E00146832,373,213,160
E00146834,212,115,97
E00146835,279,148,131
E00146837,202,103,99
E00146840,349,188,161
E00146833,290,158,132
E00146836,278,136,142
E00146838,312,170,142
E00146839,321,165,156
E00146841,320,166,154
E00146863,339,183,156
E00146865,378,199,179
E00146866,204,101,103
E00146871,227,118,109
E00146872,254,136,118
E00146864,302,161,141
E00146867,179,90,89
E00146868,304,153,151
E00146869,316,157,159
E00146870,224,112,112
E00146842,208,120,88
E00146843,318,155,163
E00146845,288,151,137
E00146846,274,128,146
E00146847,258,128,130
E00146852,248,119,129
E00146844,300,144,156
E00146848,214,112,102
E00146849,277,143,134
E00146850,255,138,117
E00146851,367,204,163
E00146855,429,206,223
E00146857,316,167,149
E00146859,298,147,151
E00146860,305,148,157
E00146862,278,140,138
E00146853,341,159,182
E00146854,269,136,133
E00146856,378,185,193
E00146858,307,159,148
E00146861,266,127,139
E00146822,580,281,299
E00146826,252,130,122
E00146828,243,113,130
E00146829,108,59,49
E00146830,235,123,112
E00146831,282,132,150
E00146821,231,117,114
E00146823,256,142,114
E00146824,255,123,132
E00146825,262,132,130
E00146827,251,129,122
E00146891,417,209,208
E00146892,273,153,120
E00146893,330,162,168
E00146894,381,184,197
E00146895,336,170,166
E00146918,127,65,62
E00146919,354,186,168
E00146920,221,110,111
E00146921,151,78,73
E00146922,370,176,194
E00146923,259,134,125
E00146981,469,254,215
E00146982,324,163,161
E00146983,295,147,148
E00146984,345,167,178
E00146985,275,130,145
E00146896,244,129,115
E00146897,437,227,210
E00146898,361,197,164
E00146899,433,215,218
E00146900,228,120,108
E00146912,210,106,104
E00146913,234,115,119
E00146914,282,140,142
E00146917,218,111,107
E00187166,580,289,291
E00187172,447,229,218
E00187196,238,122,116
E00187289,118,58,60
E00146924,428,227,201
E00146928,313,155,158
E00146929,279,138,141
E00146930,365,175,190
E00146931,404,209,195
E00146925,365,183,182
E00146926,295,151,144
E00146927,323,165,158
E00146932,299,148,151
E00146933,312,157,155
E00146934,352,185,167
E00146976,418,192,226
E00146978,344,160,184
E00146979,336,166,170
E00146980,472,240,232
E00174559,344,170,174
E00174581,234,127,107
E00147131,229,116,113
E00147136,249,127,122
E00147137,348,180,168
E00147138,341,174,167
E00147140,258,113,145
E00147141,228,121,107
E00147132,310,163,147
E00147133,465,238,227
E00147134,286,146,140
E00147135,535,279,256
E00147139,212,109,103
E00147149,317,151,166
E00147150,280,142,138
E00147151,290,140,150
E00147152,128,66,62
E00147153,353,178,175
E00147146,297,147,150
E00147147,342,170,172
E00147148,265,139,126
E00147154,515,268,247
E00147155,270,135,135
E00147158,379,193,186
E00147162,464,256,208
E00147163,311,161,150
E00147164,329,168,161
E00147165,412,210,202
E00147166,238,126,112
E00147156,297,156,141
E00147157,257,132,125
E00147159,263,135,128
E00147160,258,134,124
E00147161,415,211,204
E00147080,303,168,135
E00147083,299,141,158
E00147084,433,230,203
E00147085,279,143,136
E00147086,398,213,185
E00147081,317,155,162
E00147082,425,219,206
E00147087,315,160,155
E00147088,289,146,143
E00147089,450,233,217
E00147090,486,232,254
E00147091,521,254,267
E00147092,171,98,73
E00147142,346,178,168
E00147143,432,216,216
E00147144,472,250,222
E00147145,361,186,175
E00147172,504,263,241
E00147173,375,197,178
E00147174,451,226,225
E00147175,522,268,254
E00147003,218,104,114
E00147004,308,155,153
E00147005,316,154,162
E00147006,342,164,178
E00147007,324,165,159
E00147009,399,207,192
E00147010,352,186,166
E00147011,397,200,197
E00147019,383,207,176
E00147020,295,154,141
E00147008,334,173,161
E00147015,358,174,184
E00147018,147,72,75
E00147021,293,153,140
E00147022,267,131,136
E00147012,210,116,94
E00147013,219,112,107
E00147014,299,143,156
E00147016,262,130,132
E00187226,536,267,269
E00187274,231,122,109
E00147040,544,262,282
E00147041,467,240,227
E00147042,248,126,122
E00147043,327,163,164
E00147046,294,162,132
E00147048,300,147,153
E00147049,287,148,139
E00147052,415,226,189
E00147054,306,151,155
E00187174,119,59,60
E00187230,485,226,259
E00147044,237,123,114
E00147045,315,166,149
E00147047,489,198,291
E00147051,259,139,120
E00147053,230,109,121
E00147055,353,193,160
E00147062,359,186,173
E00147066,533,260,273
E00147068,294,142,152
E00174565,293,141,152
E00174566,528,272,256
E00174567,358,175,183
E00147057,301,156,145
E00147058,241,123,118
E00147063,455,238,217
E00147064,215,112,103
E00147065,226,119,107
E00147067,367,191,176
E00147056,306,162,144
E00147059,357,178,179
E00147060,297,157,140
E00147069,306,155,151
E00147070,227,111,116
E00147074,251,131,120
E00147076,331,167,164
E00147077,312,163,149
E00147078,400,198,202
E00147071,298,150,148
E00147072,383,180,203
E00147073,270,136,134
E00147075,287,143,144
E00147079,310,162,148
E00147107,293,151,142
E00147110,297,168,129
E00147112,477,233,244
E00147113,376,176,200
E00147114,240,133,107
E00147109,261,141,120
E00147111,278,153,125
E00147115,301,157,144
E00187270,318,162,156
E00187281,488,255,233
E00147121,295,150,145
E00147123,571,233,338
E00147124,191,100,91
E00147126,290,143,147
E00147127,279,145,134
E00147122,236,108,128
E00147125,238,122,116
E00147128,251,137,114
E00147129,388,188,200
E00147130,217,104,113
E00147023,307,148,159
E00147024,358,178,180
E00147025,340,179,161
E00147029,420,215,205
E00147026,448,207,241
E00147027,322,162,160
E00147028,528,284,244
E00147030,434,217,217
E00147031,268,141,127
E00147032,208,111,97
E00147034,351,169,182
E00147038,557,295,262
E00147105,458,220,238
E00174561,710,156,554
E00174562,269,136,133
E00147104,349,167,182
E00147106,352,175,177
E00174563,107,55,52
E00187256,837,85,752
E00187325,121,58,63
E00146986,394,218,176
E00146987,496,253,243
E00146989,325,169,156
E00146990,425,212,213
E00187237,138,76,62
E00187282,555,300,255
E00146991,286,140,146
E00146996,348,186,162
E00146997,340,182,158
E00146998,355,172,183
E00146999,430,200,230
E00147000,522,272,250
E00147001,480,247,233
E00147002,366,173,193
E00147116,367,182,185
E00147117,322,160,162
E00147118,372,181,191
E00147119,357,175,182
E00147120,324,155,169
E00147167,382,180,202
E00147168,312,160,152
E00147169,296,138,158
E00147170,307,160,147
E00147171,262,133,129
E00146992,258,134,124
E00146993,259,133,126
E00146994,468,237,231
E00146995,456,229,227
E00147033,350,173,177
E00147035,279,140,139
E00147036,322,160,162
E00147037,252,127,125
E00147039,268,140,128
E00147093,317,155,162
E00147095,228,112,116
E00147098,589,310,279
E00187158,515,216,299
E00147094,226,118,108
E00147096,285,153,132
E00147097,346,177,169
E00147100,359,191,168
E00147101,286,143,143
E00147223,369,193,176
E00147226,311,173,138
E00147228,380,194,186
E00147230,332,164,168
E00147225,285,151,134
E00147232,324,160,164
E00147233,356,176,180
E00147234,307,158,149
E00147224,306,160,146
E00147227,286,160,126
E00147229,350,185,165
E00147231,510,263,247
E00147264,308,163,145
E00147268,263,143,120
E00147269,280,138,142
E00147271,405,214,191
E00147266,273,145,128
E00147267,271,140,131
E00147270,313,157,156
E00147272,298,147,151
E00187192,384,198,186
E00187195,191,99,92
E00187221,112,56,56
E00147287,368,186,182
E00147289,502,339,163
E00147291,262,128,134
E00147292,313,169,144
E00147285,518,276,242
E00147286,292,157,135
E00147288,199,105,94
E00147290,373,193,180
E00147184,257,130,127
E00147185,419,232,187
E00147188,267,137,130
E00147190,300,159,141
E00147186,188,110,78
E00147187,248,138,110
E00147189,244,125,119
E00147191,249,135,114
E00147192,279,156,123
E00147196,374,190,184
E00147198,402,218,184
E00147200,384,205,179
E00147201,547,288,259
E00147193,400,206,194
E00147194,250,131,119
E00147195,303,154,149
E00147197,592,307,285
E00147199,432,227,205
E00147213,299,167,132
E00147214,277,135,142
E00147215,210,112,98
E00147221,351,189,162
E00147222,288,150,138
E00147176,355,179,176
E00147177,283,140,143
E00147178,285,145,140
E00147179,264,133,131
E00147180,217,116,101
E00147181,213,123,90
E00147182,523,273,250
E00147183,217,117,100
E00147203,338,145,193
E00147204,250,97,153
E00147205,194,107,87
E00147206,207,99,108
E00147207,336,169,167
E00147202,347,178,169
E00147208,279,154,125
E00147209,314,152,162
E00147211,469,196,273
E00187231,119,55,64
E00187309,334,176,158
E00147212,289,145,144
E00147216,205,94,111
E00147217,225,116,109
E00147218,293,157,136
E00147219,283,147,136
E00147220,214,109,105
E00147248,269,139,130
E00147249,278,145,133
E00147250,254,135,119
E00147251,287,148,139
E00147252,384,203,181
E00147253,291,143,148
E00147254,289,152,137
E00147255,395,206,189
E00147256,449,231,218
E00147274,580,299,281
E00147284,484,250,234
E00174568,325,182,143
E00174569,585,297,288
E00147235,319,153,166
E00147236,430,221,209
E00147237,468,238,230
E00147238,303,161,142
E00147239,149,69,80
E00147260,319,160,159
E00147261,328,184,144
E00147262,489,208,281
E00147263,465,232,233
E00147257,453,211,242
E00147258,496,247,249
E00147259,312,156,156
E00147296,267,149,118
E00147300,396,209,187
E00187159,510,251,259
E00147293,279,143,136
E00147295,360,198,162
E00147298,292,147,145
E00147299,434,237,197
E00147301,299,149,150
E00147240,241,119,122
E00147241,249,120,129
E00147242,264,142,122
E00147244,293,139,154
E00147243,284,138,146
E00147245,303,152,151
E00147246,292,162,130
E00187193,100,45,55
E00187209,572,296,276
E00147276,265,140,125
E00147278,330,170,160
E00147279,369,177,192
E00147282,287,142,145
E00147273,276,140,136
E00147275,304,161,143
E00147277,444,217,227
E00147280,283,147,136
E00147281,296,138,158
E00147302,250,142,108
E00147303,245,119,126
E00147304,321,157,164
E00147308,258,131,127
E00147316,288,161,127
E00147520,209,102,107
E00147521,478,238,240
E00147522,305,163,142
E00147523,291,165,126
E00147524,251,121,130
E00147517,540,306,234
E00147518,341,165,176
E00147519,299,157,142
E00147525,315,156,159
E00147526,386,199,187
E00147527,354,186,168
E00147528,288,142,146
E00147529,317,162,155
E00147530,332,180,152
E00147531,313,164,149
E00147532,331,156,175
E00147568,564,255,309
E00147572,278,149,129
E00147573,479,211,268
E00147574,349,170,179
E00147575,260,127,133
E00147567,300,154,146
E00147569,174,84,90
E00147570,331,175,156
E00147571,360,188,172
E00147318,277,133,144
E00147319,351,172,179
E00147320,282,141,141
E00147328,326,164,162
E00147330,258,115,143
E00147321,301,156,145
E00147322,310,142,168
E00147323,384,195,189
E00147324,332,167,165
E00147331,296,139,157
E00147452,298,146,152
E00147453,318,156,162
E00147454,291,148,143
E00147455,318,163,155
E00147464,289,149,140
E00147451,313,149,164
E00147458,617,412,205
E00147461,304,158,146
E00147462,337,185,152
E00147463,256,128,128
E00147449,303,148,155
E00147450,239,130,109
E00147456,297,149,148
E00147457,309,159,150
E00147459,276,126,150
E00147460,296,150,146
E00147591,308,168,140
E00147593,289,143,146
E00147594,392,195,197
E00147595,429,237,192
E00147596,361,177,184
E00147587,298,148,150
E00147588,357,191,166
E00147597,312,151,161
E00147598,368,194,174
E00147599,276,136,140
E00147584,395,199,196
E00147585,351,181,170
E00147586,361,185,176
E00147589,345,174,171
E00147590,233,117,116
E00147592,299,144,155
E00147327,401,200,201
E00187251,330,160,170
E00187275,101,52,49
E00187310,612,307,305
E00187320,617,224,393
E00147317,375,180,195
E00147329,326,153,173
E00187189,393,171,222
E00187297,566,252,314
E00147305,476,243,233
E00147306,335,179,156
E00147307,239,121,118
E00147309,516,263,253
E00147312,248,137,111
E00147310,291,145,146
E00147313,338,167,171
E00147314,238,110,128
E00174576,209,100,109
E00174577,207,100,107
E00174578,274,135,139
E00187323,140,82,58
E00187328,489,273,216
E00147385,186,84,102
E00147386,233,111,122
E00147389,225,118,107
E00147401,275,127,148
E00147402,401,203,198
E00187200,352,174,178
E00187253,299,140,159
E00147384,475,229,246
E00147387,246,145,101
E00147388,333,177,156
E00147390,229,125,104
E00147391,218,114,104
E00147393,219,115,104
E00147394,268,151,117
E00147499,296,147,149
E00147507,197,109,88
E00147508,262,136,126
E00147511,225,125,100
E00147513,337,179,158
E00147500,291,141,150
E00147501,313,162,151
E00147503,312,144,168
E00147506,355,173,182
E00147504,360,174,186
E00147505,298,164,134
E00147509,215,101,114
E00147510,355,177,178
E00147512,271,146,125
E00147502,267,138,129
E00147514,314,153,161
E00147515,401,209,192
E00147516,386,213,173
E00147617,221,106,115
E00147618,301,157,144
E00147620,350,191,159
E00147621,209,108,101
E00147622,266,139,127
E00147623,269,132,137
E00147615,317,167,150
E00147616,294,148,146
E00147630,319,148,171
E00147631,332,174,158
E00147632,320,161,159
E00147533,282,137,145
E00147534,351,181,170
E00147535,276,137,139
E00147537,272,145,127
E00147541,422,218,204
E00147545,319,161,158
E00147536,278,141,137
E00147538,229,110,119
E00147539,370,191,179
E00147540,242,120,122
E00147542,326,164,162
E00147543,255,119,136
E00147544,250,137,113
E00147395,305,124,181
E00147396,320,154,166
E00174573,171,78,93
E00174575,258,115,143
E00147619,269,142,127
E00147625,431,225,206
E00147626,300,157,143
E00187191,186,87,99
E00187326,175,93,82
E00147397,370,176,194
E00147399,323,162,161
E00187271,243,112,131
E00187296,253,132,121
E00147627,406,217,189
E00147628,229,139,90
E00147629,183,93,90
E00187269,191,88,103
E00147367,348,194,154
E00147370,375,182,193
E00147373,359,169,190
E00187199,300,142,158
E00187306,238,129,109
E00147368,246,114,132
E00147371,281,141,140
E00147374,251,116,135
E00147375,301,149,152
E00147376,243,136,107
E00147377,333,163,170
E00147379,241,130,111
E00147380,254,139,115
E00147433,396,194,202
E00147434,244,119,125
E00147435,299,159,140
E00147436,301,153,148
E00187229,193,105,88
E00187329,152,79,73
E00187334,446,221,225
E00147428,295,151,144
E00147429,323,175,148
E00147430,366,195,171
E00147431,257,120,137
E00147432,318,157,161
E00147366,570,291,279
E00147369,343,177,166
E00147381,249,146,103
E00187317,300,171,129
E00147383,483,243,240
E00187212,220,109,111
E00187250,288,154,134
E00187279,491,255,236
E00187330,351,195,156
E00147412,324,163,161
E00147413,543,283,260
E00147414,276,157,119
E00147416,274,138,136
E00147417,294,157,137
E00147404,282,142,140
E00147408,327,179,148
E00147409,234,131,103
E00147410,229,114,115
E00147411,307,150,157
E00147403,241,121,120
E00147405,290,140,150
E00147406,280,148,132
E00147407,346,174,172
E00147415,351,179,172
E00147600,197,99,98
E00147601,244,143,101
E00147604,306,162,144
E00147613,243,133,110
E00147614,272,152,120
E00147349,249,125,124
E00147350,188,113,75
E00147351,274,145,129
E00147352,263,150,113
E00147354,298,157,141
E00147356,264,130,134
E00147353,344,172,172
E00147357,316,159,157
E00147358,199,87,112
E00147360,235,122,113
E00147364,229,118,111
E00147365,244,116,128
E00147602,268,148,120
E00147603,319,166,153
E00147605,281,148,133
E00147611,225,118,107
E00147612,203,118,85
E00147606,257,132,125
E00147608,303,146,157
E00147609,274,146,128
E00147610,310,159,151
E00187169,194,98,96
E00187170,167,88,79
E00187206,487,250,237
E00187243,182,98,84
E00147355,255,145,110
E00147359,283,143,140
E00147361,342,186,156
E00147362,344,173,171
E00147363,329,185,144
E00147425,266,144,122
E00147426,215,115,100
E00147427,253,121,132
E00147437,332,179,153
E00147439,280,148,132
E00147440,242,127,115
E00147487,264,130,134
E00147489,329,160,169
E00147490,313,156,157
E00147491,312,159,153
E00147492,355,175,180
E00147484,376,198,178
E00147495,308,154,154
E00147496,325,167,158
E00147497,272,150,122
E00147498,314,162,152
E00147485,316,153,163
E00147486,374,194,180
E00147493,327,168,159
E00147494,323,189,134
E00187225,272,148,124
E00187286,295,157,138
E00147546,300,154,146
E00147547,321,172,149
E00147549,291,145,146
E00187160,834,327,507
E00147334,272,141,131
E00147342,384,201,183
E00147343,323,155,168
E00147344,291,146,145
E00147348,320,164,156
E00147332,303,147,156
E00147333,343,165,178
E00147338,283,154,129
E00147339,316,157,159
E00147341,254,137,117
E00147345,289,147,142
E00147347,411,198,213
E00147335,296,157,139
E00147336,290,145,145
E00147337,285,150,135
E00147340,310,161,149
E00147346,256,140,116
E00147465,295,158,137
E00147466,197,96,101
E00147471,289,138,151
E00147472,419,219,200
E00147473,208,106,102
E00187181,231,110,121
E00147468,420,215,205
E00147469,374,183,191
E00147470,401,210,191
E00187218,365,180,185
E00147445,317,155,162
E00147446,356,189,167
E00147447,312,159,153
E00147448,316,163,153
E00147441,528,274,254
E00147442,238,123,115
E00147443,289,149,140
E00147444,202,105,97
E00147550,388,196,192
E00147551,304,154,150
E00147552,391,202,189
E00147553,257,136,121
E00147554,478,245,233
E00147555,160,85,75
E00147557,413,205,208
E00147559,294,152,142
E00147560,336,175,161
E00147561,248,134,114
E00147566,415,214,201
E00147556,367,186,181
E00147558,485,265,220
E00147562,170,86,84
E00147563,272,135,137
E00147564,391,205,186
E00147565,305,148,157
E00147418,395,207,188
E00147419,522,263,259
E00147420,320,163,157
E00147421,268,150,118
E00147422,476,236,240
E00147423,318,171,147
E00147424,325,169,156
E00147475,125,67,58
E00147476,426,219,207
E00147479,441,227,214
E00147480,245,120,125
E00147483,254,121,133
E00147474,407,220,187
E00147477,474,241,233
E00147478,223,115,108
E00147481,260,125,135
E00147482,121,66,55
E00147576,309,156,153
E00147577,286,147,139
E00147578,277,147,130
E00147579,170,86,84
E00147580,135,64,71
E00147581,169,80,89
E00147582,451,229,222
E00147583,386,191,195
E00147638,335,164,171
E00147639,320,171,149
E00147640,222,115,107
E00147641,326,165,161
E00147642,299,162,137
E00147667,285,141,144
E00147668,283,136,147
E00147669,323,156,167
E00147773,295,150,145
E00147775,336,169,167
E00147778,379,184,195
E00147643,345,168,177
E00147644,221,113,108
E00147645,108,56,52
E00147646,124,64,60
E00147647,130,67,63
E00147648,327,167,160
E00147774,296,145,151
E00147776,331,172,159
E00147777,371,184,187
E00147633,108,48,60
E00147634,185,94,91
E00147635,228,114,114
E00147636,354,175,179
E00147637,283,149,134
E00147670,365,193,172
E00147671,248,132,116
E00147672,278,165,113
E00147673,337,181,156
E00147674,201,108,93
E00147675,402,215,187
E00147676,241,120,121
E00147677,272,130,142
E00147678,229,126,103
E00147679,269,142,127
E00147680,219,123,96
E00147681,307,167,140
E00147682,275,148,127
E00147683,287,146,141
E00147684,320,162,158
E00147685,345,182,163
E00147649,291,144,147
E00147650,271,145,126
E00147651,318,178,140
E00147652,427,207,220
E00147653,182,96,86
E00147755,447,230,217
E00147756,313,158,155
E00147759,322,163,159
E00147761,303,139,164
E00147763,309,160,149
E00147757,297,145,152
E00147758,296,147,149
E00147760,265,141,124
E00147762,322,179,143
E00147713,271,143,128
E00147714,357,183,174
E00147715,337,166,171
E00147764,202,101,101
E00147765,173,87,86
E00147766,329,163,166
E00147767,332,164,168
E00147768,354,180,174
E00147654,490,251,239
E00147655,250,133,117
E00147656,316,163,153
E00147657,175,84,91
E00147704,295,147,148
E00147705,299,160,139
E00147706,355,177,178
E00147707,285,133,152
E00147708,197,99,98
E00147709,166,80,86
E00147710,213,108,105
E00147711,275,143,132
E00147712,116,53,63
E00147716,271,141,130
E00147717,299,149,150
E00147718,296,153,143
E00147719,344,172,172
E00147769,377,190,187
E00147770,298,152,146
E00147771,404,200,204
E00147772,387,198,189
E00147720,239,131,108
E00147721,259,132,127
E00147725,444,245,199
E00147726,248,143,105
E00147728,329,186,143
E00147722,269,146,123
E00147723,249,137,112
E00147724,327,170,157
E00147727,285,145,140
E00147738,274,141,133
E00147739,404,154,250
E00147740,269,142,127
E00147741,283,152,131
E00147742,296,156,140
E00147743,314,169,145
E00147744,349,179,170
E00147745,307,166,141
E00147750,241,116,125
E00147751,302,162,140
E00147752,252,135,117
E00147753,304,156,148
E00147754,264,138,126
E00147747,597,310,287
E00147748,262,132,130
E00147749,370,195,175
E00174582,255,139,116
E00174583,243,116,127
E00174584,175,88,87
E00147729,286,151,135
E00147735,270,125,145
E00147736,256,137,119
E00147737,234,130,104
E00147730,195,106,89
E00147731,205,118,87
E00147732,381,212,169
E00147733,219,115,104
E00147734,256,135,121
E00147658,159,83,76
E00147659,291,153,138
E00147660,291,149,142
E00147661,423,216,207
E00147662,281,126,155
E00147663,316,168,148
E00147664,247,128,119
E00147665,319,164,155
E00147666,408,196,212
E00147686,334,169,165
E00147689,239,114,125
E00147691,214,96,118
E00147694,396,189,207
E00174586,350,182,168
E00147690,384,192,192
E00147692,342,169,173
E00147693,431,206,225
E00147695,482,250,232
E00147696,304,154,150
E00147701,417,215,202
E00147703,235,118,117
E00187161,514,252,262
E00187327,141,68,73
E00147697,343,175,168
E00147698,323,164,159
E00147699,315,161,154
E00147700,427,206,221
E00149644,328,168,160
E00149646,299,151,148
E00149647,263,136,127
E00149661,311,162,149
E00149645,341,179,162
E00149660,309,157,152
E00149662,294,145,149
E00149663,260,128,132
E00149643,234,113,121
E00149648,277,139,138
E00149649,309,167,142
E00149650,277,148,129
E00149651,275,135,140
E00149653,335,173,162
E00149654,317,150,167
E00149656,540,262,278
E00149657,297,146,151
E00149804,515,268,247
E00149806,468,234,234
E00149813,263,140,123
E00149822,565,288,277
E00149823,330,167,163
E00149652,280,148,132
E00149655,309,149,160
E00149658,360,179,181
E00149659,381,203,178
E00149665,303,161,142
E00149667,302,147,155
E00149668,334,170,164
E00171438,322,161,161
E00171439,358,171,187
E00171441,312,157,155
E00171442,355,179,176
E00149805,336,171,165
E00149808,268,152,116
E00149809,296,150,146
E00149811,289,162,127
E00149824,344,185,159
E00149810,248,132,116
E00149814,252,125,127
E00149816,285,140,145
E00149817,279,146,133
E00149819,327,160,167
E00149807,212,126,86
E00149812,369,198,171
E00149815,244,108,136
E00149818,315,136,179
E00149820,210,115,95
E00149821,308,151,157
E00149528,356,184,172
E00149538,316,159,157
E00149539,405,208,197
E00149540,335,181,154
E00149541,588,291,297
E00149529,310,143,167
E00149543,327,190,137
E00149544,329,164,165
E00149545,273,146,127
E00149546,174,102,72
E00149547,361,197,164
E00149531,346,186,160
E00149533,268,138,130
E00149534,307,157,150
E00149535,256,124,132
E00149542,332,157,175
E00149527,300,159,141
E00149530,384,181,203
E00149532,371,186,185
E00149536,368,185,183
E00149537,320,165,155
E00149669,311,151,160
E00149670,319,153,166
E00149671,339,162,177
E00149672,234,131,103
E00149674,309,167,142
E00171446,255,130,125
E00171447,243,121,122
E00174271,254,125,129
E00149712,341,169,172
E00149713,257,130,127
E00149722,298,151,147
E00149723,302,142,160
E00180662,110,54,56
E00180750,592,300,292
E00149714,255,136,119
E00149715,253,124,129
E00149724,302,148,154
E00149725,466,236,230
E00149726,280,140,140
E00149727,356,167,189
E00149728,261,141,120
E00149730,287,140,147
E00149732,252,135,117
E00149748,214,107,107
E00149737,187,94,93
E00149738,328,170,158
E00149739,211,108,103
E00149740,318,161,157
E00149729,362,182,180
E00149741,293,151,142
E00149742,255,133,122
E00149744,298,147,151
E00149747,225,117,108
E00149733,242,118,124
E00149734,238,118,120
E00149743,294,148,146
E00149746,370,198,172
E00149749,300,164,136
E00149731,327,169,158
E00149735,265,143,122
E00149745,256,118,138
E00149750,358,173,185
E00180711,151,80,71
E00180762,301,141,160
E00149716,242,115,127
E00180703,323,155,168
E00180709,205,118,87
E00180755,391,194,197
E00149719,341,171,170
E00171436,256,126,130
E00171444,290,149,141
E00180685,608,304,304
E00180693,146,72,74
E00180760,236,121,115
E00180765,475,237,238
E00149694,343,174,169
E00149699,368,184,184
E00149700,321,159,162
E00171428,330,172,158
E00171430,379,194,185
E00149792,350,172,178
E00149801,378,193,185
E00149802,369,186,183
E00149803,140,70,70
E00180652,396,196,200
E00149789,268,131,137
E00149790,297,155,142
E00149795,315,163,152
E00149796,295,154,141
E00149799,261,117,144
E00149788,373,197,176
E00149793,293,149,144
E00149794,297,152,145
E00149797,357,195,162
E00149798,332,158,174
E00149574,334,173,161
E00149575,277,144,133
E00149578,279,140,139
E00149593,281,145,136
E00149595,301,151,150
E00149580,303,149,154
E00149581,217,113,104
E00149583,332,168,164
E00149585,273,143,130
E00149587,282,139,143
E00149576,251,129,122
E00149579,236,113,123
E00149582,290,145,145
E00149584,336,167,169
E00149586,337,170,167
E00149588,329,157,172
E00149589,337,180,157
E00149590,506,291,215
E00149591,305,152,153
E00149592,196,105,91
E00149572,323,163,160
E00149573,377,204,173
E00149577,400,209,191
E00149594,239,126,113
E00149549,243,131,112
E00149550,362,197,165
E00149568,184,92,92
E00149570,326,166,160
E00149571,261,135,126
E00149554,213,115,98
E00149556,373,183,190
E00149557,265,128,137
E00149558,321,164,157
E00149569,335,168,167
E00149552,343,178,165
E00149553,362,199,163
E00149555,258,148,110
E00149559,298,143,155
E00149560,311,158,153
E00149551,304,150,154
E00149561,293,157,136
E00149563,319,153,166
E00149565,367,189,178
E00149753,292,144,148
E00149757,224,118,106
E00149760,336,178,158
E00149763,155,78,77
E00149765,298,150,148
E00149766,268,137,131
E00149702,313,154,159
E00149703,328,160,168
E00149704,255,126,129
E00149705,281,146,135
E00149707,271,141,130
E00149695,312,171,141
E00149701,232,117,115
E00149706,250,133,117
E00149708,265,129,136
E00149709,357,171,186
E00149696,343,171,172
E00149697,348,163,185
E00149698,411,197,214
E00149710,294,144,150
E00149711,270,140,130
E00149751,370,195,175
E00149752,312,153,159
E00149759,387,205,182
E00149762,356,180,176
E00149764,268,135,133
E00149754,478,231,247
E00149755,273,138,135
E00149756,449,217,232
E00149758,346,172,174
E00149761,605,309,296
E00149677,353,170,183
E00149691,284,138,146
E00149692,340,160,180
E00171424,374,198,176
E00171425,349,179,170
E00171427,340,169,171
E00174272,345,168,177
E00149675,337,173,164
E00149679,355,182,173
E00149682,284,134,150
E00149684,473,252,221
E00149685,300,154,146
E00149680,332,180,152
E00149681,271,147,124
E00149683,406,191,215
E00149688,359,181,178
E00149676,345,184,161
E00149686,279,143,136
E00149687,330,167,163
E00149689,355,163,192
E00149690,321,172,149
E00149548,308,164,144
E00149562,209,113,96
E00149564,261,119,142
E00149566,320,166,154
E00149567,265,141,124
E00149620,338,169,169
E00149625,278,145,133
E00149629,325,172,153
E00149630,429,191,238
E00149640,280,146,134
E00149621,290,141,149
E00149633,280,143,137
E00149634,290,145,145
E00149635,288,150,138
E00149636,384,196,188
E00149622,269,133,136
E00149628,295,147,148
E00149631,293,152,141
E00149632,288,155,133
E00149641,278,145,133
E00149642,294,158,136
E00149623,484,242,242
E00149624,344,193,151
E00149626,144,64,80
E00149627,300,154,146
E00149637,378,188,190
E00149638,282,152,130
E00149639,277,136,141
E00149606,306,153,153
E00149617,314,163,151
E00149619,417,196,221
E00180698,140,69,71
E00180716,325,160,165
E00180754,214,130,84
E00180756,275,131,144
E00180764,400,196,204
E00149607,307,155,152
E00149608,255,121,134
E00149609,326,156,170
E00149611,301,157,144
E00149616,334,173,161
E00149598,288,140,148
E00149599,371,177,194
E00149601,233,109,124
E00149602,239,121,118
E00149605,268,137,131
E00149603,350,182,168
E00149612,276,133,143
E00149613,451,224,227
E00149614,243,131,112
E00149615,323,149,174
E00149596,276,146,130
E00149597,302,149,153
E00149600,254,133,121
E00149604,250,128,122
E00149610,261,139,122
E00149768,309,157,152
E00149769,345,168,177
E00149773,243,133,110
E00149774,326,174,152
E00149776,290,155,135
E00149767,334,165,169
E00149771,307,154,153
E00149783,278,138,140
E00149785,256,123,133
E00180702,512,261,251
E00180712,169,88,81
E00180744,275,136,139
E00180748,435,216,219
E00149772,318,160,158
E00149775,417,208,209
E00149777,270,141,129
E00149778,254,123,131
E00149779,347,161,186
E00149780,319,154,165
E00149781,183,97,86
E00149782,325,167,158
E00149786,404,217,187
E00171422,328,179,149
E00171432,381,200,181
E00171433,411,206,205
E00171435,280,145,135
E00149829,271,137,134
E00149830,302,156,146
E00149831,329,162,167
E00149832,339,171,168
E00149833,376,196,180
E00149825,246,114,132
E00149826,344,177,167
E00149827,363,181,182
E00149828,324,151,173
E00149909,324,167,157
E00149910,498,252,246
E00149911,331,171,160
E00149912,138,65,73
E00149913,259,131,128
E00149914,244,121,123
E00149915,313,171,142
E00149916,397,200,197
E00149917,325,169,156
E00150131,300,148,152
E00150132,283,146,137
E00150133,276,144,132
E00150134,263,132,131
E00150135,223,101,122
E00150136,277,146,131
E00150137,238,114,124
E00150138,157,82,75
E00149949,457,234,223
E00149956,307,146,161
E00149963,285,137,148
E00149964,294,145,149
E00180680,214,116,98
E00180743,358,184,174
E00180758,317,166,151
E00180772,282,140,142
E00149945,369,187,182
E00149951,337,172,165
E00149954,314,156,158
E00149957,343,165,178
E00149959,269,148,121
E00149946,302,154,148
E00149948,291,146,145
E00149960,265,129,136
E00149961,319,171,148
E00149962,209,110,99
E00149950,346,169,177
E00149952,347,219,128
E00149953,326,159,167
E00149955,220,96,124
E00149958,307,150,157
E00150103,228,117,111
E00150104,335,163,172
E00150105,240,121,119
E00150106,435,221,214
E00150109,306,153,153
E00150094,320,157,163
E00150102,295,147,148
E00150107,431,216,215
E00150108,217,123,94
E00180719,102,54,48
E00180736,369,168,201
E00150095,336,168,168
E00150110,425,225,200
E00150111,336,169,167
E00150112,255,137,118
E00168346,105,48,57
E00168347,140,67,73
E00168364,379,199,180
E00150093,387,188,199
E00150096,352,183,169
E00150097,265,139,126
E00150098,282,139,143
E00150101,396,213,183
E00150010,284,148,136
E00150015,279,149,130
E00150016,451,233,218
E00150017,351,187,164
E00150020,314,155,159
E00150011,245,133,112
E00150012,301,148,153
E00150013,172,87,85
E00150014,317,164,153
E00150018,245,125,120
E00150019,258,136,122
E00150113,498,269,229
E00150114,282,152,130
E00150117,271,128,143
E00150124,190,91,99
E00150120,341,164,177
E00150121,282,156,126
E00150122,374,199,175
E00150126,305,167,138
E00150127,236,113,123
E00150123,304,162,142
E00150125,310,154,156
E00150128,462,235,227
E00150130,192,104,88
E00180690,179,86,93
E00180692,341,173,168
E00180694,352,187,165
E00150118,377,188,189
E00150119,442,227,215
E00180677,467,228,239
E00180684,381,201,180
E00180726,199,104,95
E00180731,263,136,127
E00180769,179,95,84
E00150070,438,215,223
E00150078,305,150,155
E00150081,260,131,129
E00150082,264,136,128
E00150092,278,146,132
E00150069,269,145,124
E00150071,324,170,154
E00150072,450,230,220
E00150079,418,207,211
E00150089,256,136,120
E00150074,292,152,140
E00150076,261,133,128
E00150077,178,87,91
E00150080,248,141,107
E00150083,240,126,114
E00150086,183,101,82
E00150073,308,161,147
E00150075,510,254,256
E00150084,183,91,92
E00150085,275,144,131
E00150068,298,150,148
E00150087,309,155,154
E00150090,268,138,130
E00150091,315,174,141
E00180699,178,94,84
E00180722,448,234,214
E00149855,538,255,283
E00149857,255,126,129
E00149858,308,154,154
E00149859,341,171,170
E00149852,321,159,162
E00149853,345,174,171
E00149854,323,175,148
E00149856,341,173,168
E00149918,267,136,131
E00149920,233,118,115
E00149921,297,151,146
E00149922,232,129,103
E00149919,345,180,165
E00149923,310,153,157
E00149924,276,142,134
E00149925,280,144,136
E00168363,161,85,76
E00168365,1102,66,1036
E00150165,210,120,90
E00150166,501,248,253
E00150167,547,281,266
E00150168,316,152,164
E00150169,266,156,110
E00150170,395,205,190
E00150171,271,139,132
E00150172,242,136,106
E00149971,235,125,110
E00149974,333,171,162
E00149977,387,191,196
E00149978,331,166,165
E00149982,331,156,175
E00149975,290,168,122
E00149976,194,104,90
E00149979,331,164,167
E00149981,382,185,197
E00149985,299,155,144
E00149980,216,117,99
E00149983,336,170,166
E00149984,365,187,178
E00149986,267,105,162
E00149987,293,151,142
E00149988,362,176,186
E00149965,405,235,170
E00149966,353,197,156
E00149967,306,175,131
E00149968,265,143,122
E00168348,367,189,178
E00168350,398,201,197
E00180749,528,261,267
E00180770,148,73,75
E00149969,285,150,135
E00149972,289,145,144
E00149973,253,132,121
E00149989,321,161,160
E00149990,285,140,145
E00149936,562,280,282
E00149941,353,170,183
E00149942,350,171,179
E00149943,381,189,192
E00180676,134,67,67
E00180752,564,282,282
E00149931,266,135,131
E00149933,291,135,156
E00149937,417,189,228
E00149939,499,254,245
E00149944,304,157,147
E00149932,334,167,167
E00149935,607,306,301
E00180663,202,108,94
E00180723,359,170,189
E00180734,350,171,179
E00180763,604,309,295
E00149930,374,181,193
E00149934,385,188,197
E00149938,357,157,200
E00149940,367,184,183
E00150022,433,202,231
E00150038,425,224,201
E00150039,313,154,159
E00168349,157,66,91
E00168357,251,122,129
E00168362,214,98,116
E00180674,263,131,132
E00180713,294,146,148
E00180737,248,122,126
E00150021,470,235,235
E00150031,435,216,219
E00150033,369,176,193
E00150035,471,237,234
E00150040,437,220,217
E00150024,389,185,204
E00150034,391,195,196
E00150036,402,190,212
E00150037,618,286,332
E00150023,277,141,136
E00150025,331,162,169
E00150027,482,238,244
E00150028,215,123,92
E00150029,349,174,175
E00150030,233,112,121
E00150141,423,224,199
E00150145,323,170,153
E00150152,305,147,158
E00150153,357,175,182
E00150158,250,131,119
E00150139,397,196,201
E00150159,216,111,105
E00150160,271,141,130
E00150161,289,153,136
E00150163,328,168,160
E00150164,289,139,150
E00150142,296,153,143
E00150144,275,140,135
E00150148,366,183,183
E00150151,362,174,188
E00150156,307,150,157
E00150146,284,137,147
E00150149,394,196,198
E00150150,361,177,184
E00150154,350,168,182
E00150155,369,175,194
E00150140,273,146,127
E00150143,261,142,119
E00150147,435,214,221
E00150157,303,153,150
E00150162,302,155,147
E00149835,415,212,203
E00149839,450,201,249
E00149842,422,204,218
E00149846,367,168,199
E00149834,428,210,218
E00149836,484,236,248
E00149837,285,144,141
E00149840,369,186,183
E00168358,282,137,145
E00168359,323,161,162
E00168360,218,100,118
E00149838,546,273,273
E00149841,354,173,181
E00149844,397,179,218
E00149845,443,214,229
E00149847,319,152,167
E00149843,486,241,245
E00149848,448,202,246
E00149849,415,197,218
E00149850,394,190,204
E00168352,264,135,129
E00168353,161,63,98
E00168354,309,134,175
E00168355,199,92,107
E00168356,502,233,269
E00149908,301,156,145
E00180658,335,169,166
E00180678,311,141,170
E00180725,554,277,277
E00180766,102,56,46
E00149900,386,174,212
E00149903,182,88,94
E00149904,269,127,142
E00149905,438,201,237
E00149888,384,188,196
E00149889,328,181,147
E00149891,318,156,162
E00149892,332,154,178
E00168361,312,160,152
E00168367,355,177,178
E00149885,417,219,198
E00149895,358,187,171
E00149896,217,117,100
E00149898,289,161,128
E00149899,279,138,141
E00149884,291,140,151
E00149886,245,134,111
E00149887,310,155,155
E00149893,329,162,167
E00149894,242,126,116
E00149897,264,143,121
E00149860,347,173,174
E00149861,286,142,144
E00149862,257,150,107
E00149864,272,146,126
E00149870,271,126,145
E00149863,350,172,178
E00149867,393,182,211
E00149868,380,191,189
E00149869,290,141,149
E00149871,309,161,148
E00149865,299,160,139
E00149878,324,162,162
E00149879,332,175,157
E00149880,343,181,162
E00149881,356,181,175
E00149872,324,164,160
E00149874,292,155,137
E00180666,537,265,272
E00180707,412,195,217
E00180714,296,148,148
E00180727,209,113,96
E00180759,252,132,120
E00180771,145,72,73
E00149876,250,131,119
E00149877,235,128,107
E00149882,431,220,211
E00149883,161,77,84
E00180660,149,76,73
E00180675,605,298,307
E00180718,277,144,133
E00150041,382,190,192
E00150042,365,179,186
E00150053,340,174,166
E00150054,281,135,146
E00150061,326,156,170
E00150052,353,163,190
E00150056,330,161,169
E00150057,348,179,169
E00150060,255,117,138
E00150066,302,154,148
E00150044,338,193,145
E00150048,231,124,107
E00150049,345,171,174
E00150050,344,180,164
E00150051,252,121,131
E00150055,273,132,141
E00150046,204,96,108
E00150058,272,123,149
E00150059,317,149,168
E00150064,323,167,156
E00150065,240,118,122
E00150067,241,123,118
E00150043,323,159,164
E00150045,251,118,133
E00150047,247,135,112
E00150062,371,195,176
E00150063,338,167,171
E00149997,302,153,149
E00149999,252,124,128
E00150002,234,124,110
E00150003,283,158,125
E00150004,318,154,164
E00149991,340,185,155
E00150008,308,160,148
E00150009,417,204,213
E00168368,224,109,115
E00149993,485,254,231
E00149994,254,130,124
E00149995,267,154,113
E00149998,304,154,150
E00150001,283,157,126
E00149992,575,289,286
E00149996,262,132,130
E00150000,325,160,165
E00150005,535,256,279
E00150200,337,165,172
E00150205,379,186,193
E00150207,287,143,144
E00150209,370,181,189
E00150210,278,140,138
E00150211,276,141,135
E00150201,275,144,131
E00150206,319,158,161
E00150212,345,173,172
E00150214,336,171,165
E00150215,299,155,144
E00150298,369,183,186
E00150299,344,179,165
E00150300,429,215,214
E00150301,584,302,282
E00150302,252,122,130
E00180659,303,160,143
E00180705,161,89,72
E00180706,557,281,276
E00180717,387,198,189
E00180742,362,199,163
E00150199,324,166,158
E00150202,290,140,150
E00150203,208,113,95
E00150208,216,106,110
E00150213,287,141,146
E00180665,216,110,106
E00150187,371,186,185
E00150188,347,176,171
E00150190,273,127,146
E00150191,279,139,140
E00150192,314,168,146
E00150186,216,126,90
E00150189,391,191,200
E00150193,299,157,142
E00150194,258,143,115
E00150198,354,184,170
E00150357,177,84,93
E00150358,318,164,154
E00150359,243,117,126
E00150360,168,81,87
E00150361,279,156,123
E00150362,388,198,190
E00150363,122,66,56
E00150184,458,231,227
E00150195,309,157,152
E00150196,351,177,174
E00168372,265,133,132
E00168373,321,172,149
E00168392,215,114,101
E00168374,270,145,125
E00168393,488,249,239
E00180688,333,170,163
E00180696,430,233,197
E00180741,177,100,77
E00150234,310,155,155
E00150235,236,111,125
E00150236,261,128,133
E00150238,274,145,129
E00150241,341,155,186
E00150347,357,174,183
E00150348,428,207,221
E00150352,311,161,150
E00150353,241,120,121
E00150356,288,152,136
E00150350,265,131,134
E00150354,292,142,150
E00150355,244,126,118
E00168369,250,122,128
E00168370,282,137,145
E00168389,298,160,138
E00168390,273,142,131
E00168391,361,173,188
E00150387,326,157,169
E00150388,245,135,110
E00150389,251,135,116
E00150390,328,169,159
E00150391,338,173,165
E00150392,355,178,177
E00150260,362,205,157
E00150261,373,185,188
E00150263,298,144,154
E00150264,352,179,173
E00150267,313,168,145
E00150268,285,155,130
E00150305,388,193,195
E00150306,278,140,138
E00150308,286,138,148
E00150313,218,124,94
E00150316,184,100,84
E00150317,309,155,154
E00150303,295,153,142
E00150307,375,193,182
E00150309,299,147,152
E00150318,301,153,148
E00150319,326,160,166
E00150446,299,152,147
E00150449,192,92,100
E00150452,232,112,120
E00150454,256,124,132
E00150455,276,139,137
E00180669,295,155,140
E00180774,103,41,62
E00150367,305,181,124
E00150368,300,171,129
E00150377,315,161,154
E00168376,280,148,132
E00180664,338,171,167
E00180681,253,138,115
E00168377,331,174,157
E00168380,367,188,179
E00168382,359,191,168
E00168384,350,163,187
E00168385,320,169,151
E00168387,308,158,150
E00150216,351,175,176
E00150217,305,158,147
E00150224,270,138,132
E00150226,297,155,142
E00150227,290,145,145
E00150221,202,107,95
E00150222,216,103,113
E00150228,227,112,115
E00150229,474,252,222
E00150230,373,180,193
E00150231,204,116,88
E00150218,392,205,187
E00150219,217,110,107
E00150220,275,146,129
E00150223,310,147,163
E00150225,229,113,116
E00150304,217,109,108
E00150310,290,143,147
E00150311,263,128,135
E00150312,258,141,117
E00150314,285,142,143
E00150315,292,148,144
E00150405,263,137,126
E00150406,285,150,135
E00150408,341,166,175
E00150409,359,171,188
E00150418,313,168,145
E00150438,238,109,129
E00150447,291,146,145
E00150448,192,80,112
E00150450,316,163,153
E00150451,326,162,164
E00150453,416,236,180
E00150439,252,130,122
E00150440,246,129,117
E00150442,514,266,248
E00150443,264,132,132
E00150444,274,151,123
E00150445,324,155,169
E00150232,258,134,124
E00150233,293,146,147
E00150237,197,105,92
E00150239,349,174,175
E00150240,320,155,165
E00150242,203,112,91
E00150270,282,139,143
E00150271,385,192,193
E00150274,238,117,121
E00150276,330,172,158
E00150280,461,240,221
E00150282,182,100,82
E00150273,265,128,137
E00150275,315,177,138
E00150277,315,173,142
E00150283,283,135,148
E00150285,375,198,177
E00150272,376,193,183
E00150278,285,139,146
E00150279,374,190,184
E00150281,326,156,170
E00150284,243,126,117
E00150287,386,172,214
E00180672,110,55,55
E00180686,627,306,321
E00180757,147,76,71
E00150288,425,222,203
E00150290,299,144,155
E00150297,419,202,217
E00180661,586,291,295
E00180729,118,57,61
E00150258,277,142,135
E00150259,326,164,162
E00150262,262,133,129
E00150265,304,148,156
E00150266,307,159,148
E00150269,280,145,135
E00150366,292,156,136
E00150373,289,149,140
E00150374,458,231,227
E00150375,270,141,129
E00150376,263,140,123
E00150364,597,296,301
E00150369,277,146,131
E00150370,275,151,124
E00168379,195,100,95
E00168381,323,175,148
E00168383,500,272,228
E00150410,263,129,134
E00150412,337,176,161
E00150414,424,225,199
E00150421,283,142,141
E00168378,375,190,185
E00168386,247,123,124
E00168388,204,110,94
E00180730,514,240,274
E00180775,119,61,58
E00150407,452,253,199
E00150415,436,212,224
E00150416,480,244,236
E00150417,248,127,121
E00150419,232,137,95
E00150420,294,156,138
E00150393,260,132,128
E00150394,388,189,199
E00150395,305,162,143
E00150396,368,178,190
E00150397,265,136,129
E00150400,434,222,212
E00150398,336,166,170
E00150399,275,148,127
E00150401,335,170,165
E00150402,145,69,76
E00150404,302,144,158
E00180671,249,121,128
E00180700,439,224,215
E00150468,201,103,98
E00150471,293,146,147
E00150472,329,168,161
E00150477,288,156,132
E00150478,273,143,130
E00150479,295,149,146
E00180673,264,123,141
E00180683,358,194,164
E00180710,193,95,98
E00180721,372,185,187
E00180761,397,210,187
E00150473,242,118,124
E00150474,219,108,111
E00150475,432,219,213
E00150476,327,176,151
E00180735,297,147,150
E00180751,282,138,144
E00150177,327,166,161
E00150178,398,199,199
E00150179,295,150,145
E00150180,354,185,169
E00150181,328,174,154
E00150182,331,168,163
E00150173,279,146,133
E00150174,238,127,111
E00150175,320,170,150
E00150176,278,149,129
E00150183,245,127,118
E00150248,283,149,134
E00150251,327,153,174
E00150253,317,165,152
E00150255,324,162,162
E00150257,264,129,135
E00150249,310,162,148
E00150250,281,138,143
E00150252,239,122,117
E00150254,286,139,147
E00150256,298,152,146
E00150337,354,175,179
E00150340,337,160,177
E00150341,312,160,152
E00150342,261,134,127
E00150344,313,164,149
E00150336,315,155,160
E00150338,268,133,135
E00150339,246,128,118
E00150343,322,171,151
E00150345,279,146,133
E00150346,300,159,141
E00150289,556,293,263
E00150291,249,130,119
E00150292,308,161,147
E00150293,294,150,144
E00150294,295,156,139
E00150296,230,124,106
E00150456,334,175,159
E00150459,332,161,171
E00150460,217,108,109
E00150467,323,179,144
E00150457,336,166,170
E00150458,338,169,169
E00150465,299,157,142
E00150466,343,169,174
E00150461,351,177,174
E00150462,296,153,143
E00150463,290,146,144
E00150464,336,175,161
E00150379,381,182,199
E00150380,382,193,189
E00150381,260,135,125
E00150386,403,209,194
E00150378,296,148,148
E00150382,396,193,203
E00150383,359,186,173
E00150384,303,153,150
E00150385,277,133,144
E00150424,329,169,160
E00150425,294,152,142
E00150426,278,149,129
E00150429,356,177,179
E00150431,470,237,233
E00150422,389,218,171
E00150423,284,150,134
E00150427,264,131,133
E00150428,321,176,145
E00150430,353,193,160
E00150432,238,122,116
E00150433,225,122,103
E00150434,310,151,159
E00150435,288,137,151
E00150436,267,138,129
E00150437,237,121,116
E00150243,365,189,176
E00150244,411,213,198
E00150245,349,173,176
E00150247,224,115,109
E00168394,108,51,57
E00180679,114,64,50
E00180753,747,96,651
E00150323,452,218,234
E00150324,268,138,130
E00150325,323,158,165
E00150326,298,149,149
E00150331,322,159,163
E00150321,336,177,159
E00150322,361,184,177
E00150327,313,161,152
E00150328,291,148,143
E00150330,288,145,143
E00150320,298,146,152
E00150329,386,191,195
E00150332,211,104,107
E00150333,233,110,123
E00150334,263,142,121
E00150335,271,135,136
E00150629,295,148,147
E00150630,350,184,166
E00150641,243,130,113
E00150645,328,163,165
E00150631,284,136,148
E00150633,286,146,140
E00150634,300,149,151
E00150639,265,129,136
E00150725,308,154,154
E00150728,288,146,142
E00150729,328,161,167
E00150730,315,158,157
E00150731,340,166,174
E00150726,300,149,151
E00150727,311,154,157
E00150732,293,157,136
E00150733,307,151,156
E00150734,312,154,158
E00150735,304,150,154
E00150751,149,69,80
E00150761,188,97,91
E00150763,258,123,135
E00172346,160,81,79
E00172347,206,103,103
E00172360,209,109,100
E00150753,463,229,234
E00150758,243,125,118
E00150759,209,108,101
E00150762,243,129,114
E00150640,291,157,134
E00150642,245,123,122
E00150644,363,210,153
E00150647,289,155,134
E00150648,268,142,126
E00150632,292,150,142
E00150637,272,143,129
E00150643,242,118,124
E00150646,231,113,118
E00150649,255,126,129
E00150635,349,178,171
E00150636,354,182,172
E00150638,308,162,146
E00150650,335,176,159
E00150752,328,172,156
E00150754,198,104,94
E00150755,360,192,168
E00150756,203,104,99
E00150757,278,127,151
E00150760,249,126,123
E00150531,258,130,128
E00150532,323,164,159
E00150534,259,133,126
E00150535,216,110,106
E00150536,262,135,127
E00150523,268,141,127
E00150525,398,206,192
E00150526,334,165,169
E00150533,267,144,123
E00179359,254,139,115
E00179365,318,165,153
E00150521,237,131,106
E00150522,254,131,123
E00150537,307,154,153
E00150539,235,124,111
E00179380,225,107,118
E00179423,326,164,162
E00150524,261,135,126
E00150528,357,184,173
E00150529,329,156,173
E00150530,286,156,130
E00150797,202,98,104
E00150799,238,121,117
E00150802,256,130,126
E00150803,244,109,135
E00150804,250,125,125
E00150798,341,174,167
E00150800,303,147,156
E00150801,271,143,128
E00150808,277,131,146
E00150810,286,147,139
E00150500,262,132,130
E00150501,355,178,177
E00150507,287,139,148
E00150509,230,125,105
E00150510,296,153,143
E00150546,271,154,117
E00150549,347,169,178
E00150550,313,159,154
E00150551,420,209,211
E00150540,310,153,157
E00150545,280,138,142
E00150548,336,174,162
E00150556,552,281,271
E00150541,298,148,150
E00150542,369,184,185
E00150552,327,165,162
E00150557,294,143,151
E00150805,242,124,118
E00150806,248,124,124
E00150807,297,154,143
E00150809,240,127,113
E00150487,332,171,161
E00150492,308,146,162
E00150493,260,127,133
E00150495,308,151,157
E00150499,279,150,129
E00150480,289,145,144
E00150482,273,143,130
E00150484,303,158,145
E00150490,281,146,135
E00150491,323,168,155
E00150486,244,122,122
E00150494,289,139,150
E00150496,333,174,159
E00150497,304,153,151
E00150498,284,139,145
E00150481,259,136,123
E00150483,336,163,173
E00150485,293,149,144
E00150488,285,151,134
E00150489,223,119,104
E00150598,234,123,111
E00150599,322,171,151
E00150600,261,127,134
E00150601,286,141,145
E00150602,288,157,131
E00150603,313,157,156
E00150604,287,130,157
E00150605,206,102,104
E00150606,318,164,154
E00150503,290,149,141
E00150512,324,164,160
E00150513,323,155,168
E00150517,269,131,138
E00150520,322,164,158
E00150502,292,150,142
E00150508,411,230,181
E00150511,310,176,134
E00150514,258,121,137
E00150516,196,97,99
E00150518,203,94,109
E00150504,295,141,154
E00150505,295,155,140
E00150506,327,169,158
E00150515,249,127,122
E00150519,304,153,151
E00150576,286,144,142
E00150577,320,159,161
E00150588,300,141,159
E00150590,310,161,149
E00150596,250,111,139
E00150611,399,199,200
E00150614,402,205,197
E00150616,319,155,164
E00150617,393,216,177
E00150619,221,113,108
E00150543,327,175,152
E00150547,286,157,129
E00150554,319,155,164
E00150555,227,113,114
E00150560,334,162,172
E00150544,276,135,141
E00150553,176,92,84
E00150558,321,159,162
E00150559,318,171,147
E00150561,213,103,110
E00150620,284,139,145
E00150621,326,161,165
E00150623,295,146,149
E00150624,293,155,138
E00150625,272,140,132
E00150612,287,157,130
E00150613,277,146,131
E00150615,406,210,196
E00150618,297,143,154
E00150622,312,170,142
E00150651,303,152,151
E00150654,318,157,161
E00150655,226,118,108
E00150656,226,117,109
E00150660,307,162,145
E00150738,350,187,163
E00150742,253,124,129
E00150744,275,142,133
E00150745,251,131,120
E00150749,253,129,124
E00150736,307,155,152
E00150743,335,171,164
E00150746,275,135,140
E00150747,309,140,169
E00150737,220,106,114
E00150739,281,139,142
E00150740,278,144,134
E00150741,282,133,149
E00150748,286,139,147
E00150869,263,134,129
E00150870,305,146,159
E00150871,217,103,114
E00150877,353,176,177
E00150887,245,133,112
E00150888,208,101,107
E00150876,288,147,141
E00150884,246,133,113
E00150885,227,114,113
E00150886,318,165,153
E00179370,351,187,164
E00179390,291,142,149
E00179396,145,69,76
E00150703,239,121,118
E00150704,257,130,127
E00150709,257,130,127
E00150711,184,89,95
E00150712,260,127,133
E00150714,283,143,140
E00150710,229,123,106
E00150713,248,127,121
E00150715,298,154,144
E00150716,332,157,175
E00150717,266,139,127
E00150719,264,133,131
E00150702,260,127,133
E00150706,254,133,121
E00150721,303,153,150
E00150722,233,118,115
E00150723,317,160,157
E00150872,249,130,119
E00150873,265,129,136
E00150875,297,149,148
E00150878,250,133,117
E00150880,274,147,127
E00150879,330,187,143
E00150881,278,139,139
E00150882,295,137,158
E00150883,253,131,122
E00150578,335,180,155
E00150579,530,275,255
E00150589,235,107,128
E00150591,287,150,137
E00150597,291,147,144
E00150582,224,104,120
E00150584,252,134,118
E00172358,509,253,256
E00179360,293,156,137
E00179395,114,56,58
E00179415,460,224,236
E00150652,242,123,119
E00150653,470,252,218
E00150657,256,136,120
E00150658,283,148,135
E00150659,297,150,147
E00150661,220,114,106
E00150662,180,84,96
E00150663,246,127,119
E00150664,305,145,160
E00150665,394,196,198
E00150813,555,303,252
E00150814,270,136,134
E00150816,260,123,137
E00150830,277,154,123
E00179355,375,181,194
E00179408,320,166,154
E00150811,191,89,102
E00150812,208,112,96
E00150815,340,176,164
E00150817,276,143,133
E00150818,298,158,140
E00150823,213,119,94
E00150581,290,151,139
E00150583,261,142,119
E00150585,251,136,115
E00150586,304,163,141
E00150587,445,224,221
E00150592,244,126,118
E00150705,316,160,156
E00150707,152,77,75
E00150708,254,113,141
E00150718,180,84,96
E00150720,445,239,206
E00150724,308,142,166
E00150832,201,113,88
E00150837,244,107,137
E00150842,403,217,186
E00150846,206,118,88
E00150847,270,143,127
E00179351,360,192,168
E00150833,202,88,114
E00150835,207,102,105
E00150840,264,111,153
E00150841,193,97,96
E00150844,246,114,132
E00150845,299,149,150
E00150834,255,132,123
E00150836,511,256,255
E00150838,406,191,215
E00150839,114,58,56
E00150848,257,140,117
E00150849,261,129,132
E00150627,158,78,80
E00150690,284,153,131
E00172354,1813,1066,747
E00172355,479,274,205
E00172356,314,161,153
E00172357,122,63,59
E00150784,231,117,114
E00150785,272,142,130
E00150792,598,284,314
E00150793,285,132,153
E00150795,266,143,123
E00179356,336,178,158
E00179383,374,191,183
E00179407,228,115,113
E00150786,310,155,155
E00150787,277,142,135
E00150788,267,139,128
E00150789,258,130,128
E00150790,295,145,150
E00150791,209,100,109
E00150796,191,106,85
E00150607,222,113,109
E00150608,304,154,150
E00150609,381,196,185
E00150610,336,172,164
E00150687,269,136,133
E00150689,293,147,146
E00150691,316,164,152
E00150694,271,144,127
E00150695,265,135,130
E00150688,340,182,158
E00150693,358,171,187
E00150696,223,120,103
E00150699,250,114,136
E00150701,298,150,148
E00150692,224,126,98
E00150697,270,128,142
E00150698,263,142,121
E00150700,286,155,131
E00150562,304,154,150
E00150564,183,92,91
E00150565,347,177,170
E00150566,297,155,142
E00150567,257,134,123
E00150575,235,107,128
E00150572,319,160,159
E00150573,345,179,166
E00150574,298,152,146
E00172349,263,136,127
E00172350,379,200,179
E00150767,308,161,147
E00150768,219,109,110
E00150770,247,124,123
E00150772,270,143,127
E00150780,209,95,114
E00150782,262,131,131
E00150819,246,138,108
E00150820,320,158,162
E00150821,294,145,149
E00150822,364,199,165
E00150825,273,145,128
E00150855,358,181,177
E00150856,317,169,148
E00150857,323,153,170
E00150858,355,178,177
E00150852,267,135,132
E00150853,254,131,123
E00150859,302,155,147
E00150863,325,163,162
E00150865,289,155,134
E00150764,305,160,145
E00150774,275,137,138
E00150775,290,153,137
E00150776,292,153,139
E00150769,245,131,114
E00150771,261,133,128
E00150773,296,145,151
E00150781,272,144,128
E00150783,301,161,140
E00150824,348,173,175
E00150826,132,69,63
E00150827,285,143,142
E00150828,316,164,152
E00150829,408,213,195
E00150850,294,143,151
E00150851,313,161,152
E00150860,289,148,141
E00150861,282,144,138
E00150862,274,139,135
E00150854,334,167,167
E00150864,299,150,149
E00150866,346,172,174
E00150867,253,125,128
E00150868,264,133,131
E00150563,245,121,124
E00150568,268,138,130
E00150569,235,130,105
E00150570,193,105,88
E00150765,319,168,151
E00150766,345,175,170
E00150777,279,146,133
E00150778,269,137,132
E00150779,298,148,150
E00150673,276,134,142
E00150674,351,177,174
E00150675,268,133,135
E00150677,265,135,130
E00150678,279,135,144
E00150666,406,203,203
E00150680,301,156,145
E00150681,206,99,107
E00150682,464,243,221
E00150683,380,186,194
E00150684,259,126,133
E00150685,334,168,166
E00150686,320,164,156
E00150667,295,153,142
E00150669,315,160,155
E00150671,344,173,171
E00150679,287,149,138
E00150668,298,147,151
E00150672,353,186,167
E00150676,324,155,169
E00172352,291,143,148
E00172353,314,151,163
E00151101,323,163,160
E00151102,292,139,153
E00151103,262,139,123
E00151104,205,106,99
E00151105,164,94,70
E00151106,262,126,136
E00151107,146,70,76
E00151108,273,143,130
E00151095,231,112,119
E00151096,481,234,247
E00151097,279,143,136
E00151098,236,116,120
E00151099,284,148,136
E00151100,271,135,136
E00151109,412,208,204
E00151113,356,175,181
E00151116,270,134,136
E00171620,286,144,142
E00171622,103,53,50
E00171623,254,126,128
E00151110,252,131,121
E00151114,262,148,114
E00151119,273,127,146
E00151121,204,107,97
E00180667,243,113,130
E00180682,418,221,197
E00180708,108,57,51
E00180767,299,151,148
E00151111,465,244,221
E00151112,300,147,153
E00151115,300,168,132
E00151117,246,129,117
E00151122,291,134,157
E00151123,324,161,163
E00151124,278,137,141
E00151125,353,164,189
E00151126,292,160,132
E00151127,326,175,151
E00151128,300,153,147
E00150929,331,161,170
E00150934,340,174,166
E00150938,289,142,147
E00150939,360,190,170
E00150940,166,91,75
E00151053,418,211,207
E00151054,350,179,171
E00151055,376,190,186
E00151058,409,216,193
E00151051,370,193,177
E00151052,276,143,133
E00151057,272,135,137
E00151060,356,175,181
E00171618,413,214,199
E00171619,354,180,174
E00171621,371,193,178
E00151062,436,225,211
E00151063,292,146,146
E00151064,243,119,124
E00180653,425,238,187
E00150906,397,208,189
E00150907,317,163,154
E00150910,289,150,139
E00150917,289,150,139
E00150919,317,157,160
E00150911,269,147,122
E00150912,269,146,123
E00150913,186,110,76
E00150914,249,123,126
E00150915,295,176,119
E00150916,274,135,139
E00151176,321,172,149
E00151178,371,197,174
E00151179,274,134,140
E00151180,342,164,178
E00151177,276,137,139
E00151181,327,177,150
E00151182,354,179,175
E00151183,378,195,183
E00151172,451,242,209
E00151173,328,165,163
E00151174,420,207,213
E00151175,331,175,156
E00150927,311,156,155
E00150930,291,151,140
E00150936,359,170,189
E00150937,287,157,130
E00150928,313,152,161
E00150931,273,135,138
E00150932,411,204,207
E00150933,349,173,176
E00150935,263,136,127
E00150941,311,152,159
E00150943,254,123,131
E00150944,300,137,163
E00150947,283,150,133
E00150942,496,264,232
E00150945,279,136,143
E00150946,283,141,142
E00150949,250,120,130
E00150948,288,148,140
E00150950,277,149,128
E00150951,230,112,118
E00150952,230,123,107
E00151026,299,153,146
E00151027,273,141,132
E00151033,299,151,148
E00151042,262,131,131
E00180728,377,189,188
E00180747,267,125,142
E00180768,213,109,104
E00151028,272,135,137
E00151029,270,137,133
E00151034,301,148,153
E00151043,295,148,147
E00151044,320,148,172
E00151012,276,137,139
E00151017,293,154,139
E00151018,313,158,155
E00151019,298,154,144
E00151021,220,115,105
E00151022,321,161,160
E00151023,248,123,125
E00151010,366,190,176
E00151011,297,153,144
E00151015,359,180,179
E00151016,312,175,137
E00151013,314,156,158
E00151014,307,163,144
E00151020,415,208,207
E00151024,295,148,147
E00151030,311,169,142
E00151032,266,131,135
E00151037,264,133,131
E00151038,296,150,146
E00151039,361,178,183
E00151025,279,144,135
E00151031,264,133,131
E00151035,273,143,130
E00151036,251,137,114
E00151040,308,151,157
E00150908,237,121,116
E00150909,280,137,143
E00150918,443,226,217
E00150925,212,122,90
E00150926,306,155,151
E00150905,252,119,133
E00150920,440,231,209
E00150921,292,150,142
E00150922,383,199,184
E00150923,310,162,148
E00150924,255,141,114
E00150998,351,179,172
E00151001,289,144,145
E00151008,383,194,189
E00151009,382,199,183
E00150995,307,161,146
E00150996,361,188,173
E00150997,330,177,153
E00151000,334,165,169
E00171614,138,65,73
E00171615,3250,96,3154
E00150982,286,143,143
E00150983,261,126,135
E00150984,258,130,128
E00150985,543,290,253
E00150986,367,197,170
E00150988,309,162,147
E00150990,396,183,213
E00150991,251,133,118
E00150993,301,162,139
E00180668,339,170,169
E00180695,289,160,129
E00150980,235,117,118
E00150987,338,171,167
E00150989,292,140,152
E00150992,429,232,197
E00150994,319,168,151
E00151002,290,143,147
E00151003,318,172,146
E00151004,360,183,177
E00151005,272,141,131
E00151006,247,133,114
E00151007,247,138,109
E00150889,269,134,135
E00150890,198,108,90
E00150892,107,57,50
E00150893,238,121,117
E00150895,242,113,129
E00150897,248,125,123
E00150891,289,153,136
E00150894,248,134,114
E00150896,263,149,114
E00150898,283,154,129
E00171616,237,132,105
E00171617,337,170,167
E00150899,222,105,117
E00150900,183,97,86
E00150901,265,137,128
E00150902,277,149,128
E00150903,261,132,129
E00150953,246,135,111
E00150954,277,157,120
E00150956,224,114,110
E00150957,325,173,152
E00150966,325,171,154
E00150958,248,124,124
E00150960,395,197,198
E00150961,253,135,118
E00150962,333,162,171
E00150964,319,166,153
E00150959,331,170,161
E00150963,256,134,122
E00150965,281,145,136
E00180704,445,246,199
E00180773,329,179,150
E00150971,324,173,151
E00150975,322,166,156
E00150976,232,116,116
E00150979,311,164,147
E00150969,282,147,135
E00150970,487,244,243
E00150972,289,139,150
E00150973,306,160,146
E00150967,251,126,125
E00150968,322,167,155
E00150974,279,146,133
E00150977,232,119,113
E00150978,311,159,152
E00151190,172,90,82
E00151191,259,127,132
E00151194,283,161,122
E00151195,287,155,132
E00151196,245,132,113
E00151205,272,146,126
E00151188,229,117,112
E00151189,280,132,148
E00151200,175,86,89
E00151206,327,163,164
E00151207,208,119,89
E00180655,295,143,152
E00151208,300,151,149
E00151211,203,120,83
E00151212,295,157,138
E00151214,289,143,146
E00151223,256,137,119
E00151225,317,166,151
E00151226,310,161,149
E00151229,340,175,165
E00151233,256,134,122
E00151228,325,166,159
E00151230,323,159,164
E00151231,282,142,140
E00151232,314,162,152
E00151234,276,153,123
E00151045,401,218,183
E00151047,378,201,177
E00151048,313,168,145
E00151049,442,216,226
E00151050,146,76,70
E00180715,517,286,231
E00180738,169,94,75
E00180745,160,83,77
E00151165,313,164,149
E00151166,219,110,109
E00151167,265,126,139
E00151168,254,125,129
E00151169,402,197,205
E00151170,403,202,201
E00151171,411,202,209
E00151184,242,136,106
E00151185,289,140,149
E00151186,242,116,126
E00151187,248,118,130
E00151198,235,124,111
E00151202,341,166,175
E00151192,349,172,177
E00151193,296,146,150
E00151201,545,264,281
E00151203,255,132,123
E00151204,263,135,128
E00151209,326,196,130
E00151210,303,154,149
E00151213,295,154,141
E00151215,267,142,125
E00151216,267,135,132
E00151217,355,191,164
E00151218,349,179,170
E00151219,338,175,163
E00151220,327,161,166
E00151221,261,128,133
E00151222,307,161,146
E00151224,458,222,236
E00151227,266,142,124
E00151235,282,145,137
E00151068,155,81,74
E00151070,280,142,138
E00151071,227,135,92
E00151084,366,190,176
E00151085,135,61,74
E00151067,327,167,160
E00151069,364,194,170
E00151072,188,97,91
E00151086,306,150,156
E00151087,285,148,137
E00151074,497,260,237
E00151078,309,155,154
E00151079,372,190,182
E00151081,279,144,135
E00151065,279,137,142
E00151073,352,181,171
E00151075,396,201,195
E00151076,214,107,107
E00151077,523,266,257
E00151066,341,192,149
E00151080,294,153,141
E00151082,314,166,148
E00151083,290,153,137
E00151088,367,182,185
E00151089,187,96,91
E00151090,302,150,152
E00151091,356,190,166
E00151092,335,173,162
E00151093,357,194,163
E00151094,358,186,172
E00151129,303,165,138
E00151130,374,182,192
E00151131,370,206,164
E00151132,311,165,146
E00151133,315,159,156
E00151134,245,123,122
E00151136,290,142,148
E00151137,296,149,147
E00151138,280,141,139
E00151140,232,113,119
E00151141,228,118,110
E00151142,293,149,144
E00180654,412,197,215
E00151145,310,152,158
E00151146,232,112,120
E00151147,237,119,118
E00151150,285,144,141
E00151156,328,166,162
E00151148,259,130,129
E00151149,325,169,156
E00151154,280,144,136
E00151155,320,177,143
E00151157,271,132,139
E00151143,318,162,156
E00151151,204,92,112
E00151158,268,132,136
E00151159,311,161,150
E00151161,230,126,104
E00151162,337,168,169
E00151144,238,145,93
E00151152,273,136,137
E00151153,268,145,123
E00151160,252,128,124
E00151163,281,159,122
E00151164,138,69,69
E00151351,267,122,145
E00151352,323,174,149
E00151353,369,187,182
E00151354,298,143,155
E00151355,287,149,138
E00151343,266,135,131
E00151349,399,205,194
E00151350,255,131,124
E00166317,280,136,144
E00166318,288,142,146
E00166319,135,69,66
E00151341,256,136,120
E00151342,303,154,149
E00151344,310,161,149
E00151346,280,153,127
E00151359,249,123,126
E00151345,248,123,125
E00151347,269,129,140
E00151356,310,146,164
E00151357,284,147,137
E00151358,296,152,144
E00151236,364,179,185
E00151238,238,118,120
E00151244,273,137,136
E00151245,341,176,165
E00151237,266,131,135
E00151239,281,148,133
E00151240,239,121,118
E00151241,273,155,118
E00151242,285,143,142
E00151243,251,148,103
E00151246,287,147,140
E00151247,357,181,176
E00151248,310,187,123
E00151249,283,141,142
E00151574,267,137,130
E00151575,277,136,141
E00151576,292,150,142
E00151580,204,108,96
E00151581,259,124,135
E00151582,422,222,200
E00151584,287,151,136
E00151585,299,155,144
E00151586,250,125,125
E00179363,403,210,193
E00179379,159,83,76
E00151534,281,143,138
E00151535,364,201,163
E00151539,330,167,163
E00151542,319,162,157
E00151543,250,126,124
E00151559,273,141,132
E00151564,461,224,237
E00151567,247,129,118
E00151570,335,176,159
E00166309,292,154,138
E00166310,275,137,138
E00166311,285,146,139
E00166320,244,120,124
E00151560,263,120,143
E00151568,352,174,178
E00151569,268,132,136
E00151571,211,120,91
E00151573,252,138,114
E00179400,246,108,138
E00179401,128,74,54
E00151558,274,145,129
E00151561,333,161,172
E00151562,333,170,163
E00151563,247,125,122
E00151566,300,155,145
E00151605,249,133,116
E00151607,236,118,118
E00151609,250,122,128
E00151612,343,185,158
E00179373,458,227,231
E00179388,174,86,88
E00179424,275,138,137
E00151602,252,115,137
E00151603,258,121,137
E00151608,267,119,148
E00151619,396,212,184
E00166326,293,155,138
E00166329,125,55,70
E00166330,339,177,162
E00151499,190,108,82
E00151500,288,155,133
E00151501,327,165,162
E00151502,391,201,190
E00151503,356,171,185
E00151504,366,187,179
E00151531,348,175,173
E00151536,352,173,179
E00151540,261,133,128
E00151541,266,131,135
E00151544,274,136,138
E00151532,280,147,133
E00151533,305,144,161
E00151537,296,145,151
E00151538,322,163,159
E00151545,365,177,188
E00151610,300,156,144
E00151611,297,147,150
E00151613,273,138,135
E00179399,488,245,243
E00179405,303,172,131
E00179414,139,65,74
E00151606,334,183,151
E00151615,270,150,120
E00151616,244,127,117
E00151617,237,129,108
E00151618,246,135,111
E00151307,563,279,284
E00151308,479,250,229
E00151312,266,140,126
E00151313,482,264,218
E00151314,277,128,149
E00151317,264,137,127
E00151305,246,124,122
E00151306,247,120,127
E00151309,255,122,133
E00151311,367,178,189
E00151320,278,136,142
E00151321,548,378,170
E00151322,222,112,110
E00151323,382,196,186
E00151324,421,224,197
E00151310,287,145,142
E00151315,277,146,131
E00151316,575,300,275
E00151318,339,169,170
E00151319,271,137,134
E00151578,249,132,117
E00151579,248,124,124
E00151587,431,201,230
E00179417,502,249,253
E00179428,588,299,289
E00179430,127,66,61
E00151279,238,118,120
E00151281,292,148,144
E00151282,291,144,147
E00151283,350,179,171
E00151284,294,153,141
E00151431,315,148,167
E00151432,266,138,128
E00151433,219,112,107
E00151434,317,165,152
E00151435,270,128,142
E00151437,508,254,254
E00151549,123,62,61
E00151554,331,165,166
E00151555,357,181,176
E00151557,206,98,108
E00179367,129,71,58
E00179372,221,104,117
E00179398,504,254,250
E00179419,300,146,154
E00179422,327,161,166
E00151594,253,130,123
E00151595,231,125,106
E00151596,289,155,134
E00151597,253,141,112
E00151598,366,183,183
E00151599,232,123,109
E00151436,199,103,96
E00151438,264,142,122
E00151439,259,137,122
E00151441,201,107,94
E00151442,303,173,130
E00151443,326,152,174
E00151424,345,179,166
E00151426,319,157,162
E00151428,284,167,117
E00151430,244,134,110
E00151440,338,166,172
E00151423,364,182,182
E00151425,302,163,139
E00151427,358,192,166
E00151429,288,143,145
E00151444,307,162,145
E00151588,518,261,257
E00151592,351,178,173
E00151593,537,252,285
E00166327,574,293,281
E00166328,192,97,95
E00168500,282,143,139
E00151589,267,136,131
E00151591,356,197,159
E00151600,269,142,127
E00151601,338,176,162
E00151263,153,85,68
E00151264,371,181,190
E00151265,444,217,227
E00151266,306,151,155
E00151267,309,160,149
E00151268,391,196,195
E00151384,233,132,101
E00151390,325,168,157
E00151391,299,156,143
E00151393,251,125,126
E00151395,263,142,121
E00151382,253,130,123
E00151383,295,152,143
E00151388,473,225,248
E00151392,232,118,114
E00151394,283,143,140
E00151396,428,215,213
E00151397,593,323,270
E00151398,291,148,143
E00151399,389,207,182
E00151400,383,199,184
E00151381,284,156,128
E00151385,412,201,211
E00151386,285,153,132
E00151387,278,145,133
E00151389,537,275,262
E00151293,220,120,100
E00151294,308,163,145
E00151295,289,158,131
E00151298,318,169,149
E00151300,273,143,130
E00151301,382,190,192
E00151302,384,202,182
E00151304,349,186,163
E00168496,186,91,95
E00168497,165,95,70
E00151445,298,148,150
E00151446,296,164,132
E00151454,310,176,134
E00151457,304,155,149
E00151463,458,224,234
E00151447,281,132,149
E00151460,269,133,136
E00151462,198,102,96
E00179353,373,155,218
E00179354,789,67,722
E00179369,168,85,83
E00179389,292,144,148
E00179391,340,135,205
E00151280,236,107,129
E00151285,272,144,128
E00151286,274,116,158
E00151288,179,93,86
E00151290,402,204,198
E00151291,286,138,148
E00151276,375,154,221
E00151277,225,106,119
E00151278,180,79,101
E00151287,430,245,185
E00151289,144,76,68
E00151296,405,184,221
E00151299,246,105,141
E00151303,327,156,171
E00179366,549,281,268
E00179386,623,302,321
E00179421,178,87,91
E00151328,202,102,100
E00151331,293,147,146
E00151332,271,140,131
E00151334,289,146,143
E00151336,282,150,132
E00166331,129,62,67
E00166333,196,97,99
E00168502,306,154,152
E00151326,257,117,140
E00151327,291,118,173
E00151340,259,128,131
E00179352,311,134,177
E00151333,303,138,165
E00166324,253,103,150
E00179392,294,147,147
E00179394,182,111,71
E00151250,244,125,119
E00151253,306,151,155
E00151262,138,75,63
E00179403,173,89,84
E00179409,468,247,221
E00151330,292,154,138
E00151335,340,168,172
E00151338,296,162,134
E00151339,282,147,135
E00151448,263,118,145
E00151451,367,192,175
E00151452,242,121,121
E00151455,316,160,156
E00151456,281,137,144
E00151449,348,172,176
E00151458,334,171,163
E00151459,340,174,166
E00151461,318,164,154
E00151464,320,152,168
E00151494,264,133,131
E00179371,507,249,258
E00179402,459,246,213
E00179411,146,84,62
E00179412,154,88,66
E00151488,301,160,141
E00151496,595,302,293
E00151497,185,94,91
E00151498,290,144,146
E00168503,374,72,302
E00151402,375,194,181
E00151409,242,125,117
E00151410,245,122,123
E00151412,295,146,149
E00151415,311,155,156
E00151518,332,166,166
E00151529,305,151,154
E00151530,306,150,156
E00179381,513,267,246
E00179416,244,126,118
E00151517,275,132,143
E00151519,526,272,254
E00151522,348,173,175
E00151523,304,145,159
E00151526,287,140,147
E00151520,325,160,165
E00151524,227,123,104
E00151525,257,138,119
E00151527,255,133,122
E00151528,262,124,138
E00151546,411,214,197
E00151548,157,79,78
E00151550,373,184,189
E00151551,198,95,103
E00151552,226,116,110
E00151553,196,104,92
E00151556,522,256,266
E00151401,276,133,143
E00151405,254,131,123
E00151418,267,140,127
E00151419,201,117,84
E00151420,225,129,96
E00151422,222,118,104
E00151411,261,135,126
E00151413,348,182,166
E00151414,283,142,141
E00151416,378,195,183
E00151417,322,177,145
E00151403,284,138,146
E00151404,337,168,169
E00151406,320,173,147
E00151407,299,165,134
E00151408,259,134,125
E00151421,258,131,127
E00151468,263,145,118
E00151481,300,153,147
E00151482,317,156,161
E00151483,308,160,148
E00151485,301,146,155
E00151466,262,142,120
E00151469,282,151,131
E00151471,286,150,136
E00151475,299,157,142
E00151484,317,149,168
E00151251,285,147,138
E00151252,334,169,165
E00151254,528,275,253
E00151255,303,161,142
E00151256,231,131,100
E00151257,401,207,194
E00151258,306,167,139
E00151259,287,140,147
E00151260,294,148,146
E00151623,281,152,129
E00151624,281,145,136
E00151626,317,161,156
E00151627,302,157,145
E00151640,279,138,141
E00151628,273,151,122
E00151629,260,138,122
E00151630,351,188,163
E00151631,348,174,174
E00151633,348,176,172
E00151621,363,183,180
E00151625,340,173,167
E00151632,282,144,138
E00151634,326,161,165
E00151638,137,83,54
E00151639,269,137,132
E00151622,322,166,156
E00151635,315,157,158
E00151636,331,161,170
E00151637,532,272,260
E00151641,279,143,136
E00151487,307,159,148
E00151489,303,152,151
E00151490,289,153,136
E00151491,391,193,198
E00151492,319,160,159
E00151493,290,143,147
E00166322,339,167,172
E00166325,377,194,183
E00151270,307,158,149
E00151271,371,186,185
E00151272,228,119,109
E00151273,432,212,220
E00151274,168,82,86
E00151275,243,128,115
E00179385,241,101,140
E00179404,412,205,207
E00151369,555,287,268
E00151370,309,153,156
E00151371,286,139,147
E00151373,295,149,146
E00151374,349,164,185
E00151361,298,153,145
E00151362,274,152,122
E00151367,343,173,170
E00151368,288,135,153
E00151372,221,120,101
E00151360,300,141,159
E00151375,417,215,202
E00151377,306,161,145
E00151378,385,194,191
E00151379,292,148,144
E00151380,419,204,215
E00151363,310,153,157
E00151364,229,126,103
E00151365,267,128,139
E00151366,294,159,135
E00151376,365,189,176
E00151470,298,148,150
E00151474,347,182,165
E00151477,362,186,176
E00151478,376,191,185
E00151480,327,173,154
E00151465,235,120,115
E00151467,260,137,123
E00151472,230,109,121
E00151473,294,150,144
E00151476,299,139,160
E00151479,237,115,122
E00151505,307,148,159
E00151506,255,127,128
E00151510,271,141,130
E00151512,381,205,176
E00151514,319,171,148
E00166312,176,93,83
E00166313,275,142,133
E00166314,238,120,118
E00151509,365,180,185
E00151511,306,157,149
E00151513,358,190,168
E00151515,281,151,130
E00151516,289,148,141
E00166315,298,152,146
E00166316,302,154,148
E00151830,240,112,128
E00151831,273,138,135
E00151832,149,71,78
E00151833,377,173,204
E00151834,234,107,127
E00151835,319,164,155
E00151873,299,148,151
E00151876,352,182,170
E00151877,263,129,134
E00151878,207,118,89
E00151882,345,182,163
E00151890,287,150,137
E00151892,384,203,181
E00151903,215,103,112
E00151904,375,197,178
E00151906,252,131,121
E00151894,308,152,156
E00151895,370,207,163
E00151896,296,145,151
E00151897,219,124,95
E00151899,311,152,159
E00151891,412,212,200
E00151900,404,223,181
E00151901,267,131,136
E00151902,324,156,168
E00151671,279,135,144
E00151672,234,118,116
E00151673,277,133,144
E00151674,226,117,109
E00151675,237,116,121
E00151676,309,155,154
E00151681,305,165,140
E00151684,244,121,123
E00151685,329,163,166
E00151686,378,190,188
E00151688,233,121,112
E00151690,279,129,150
E00151677,512,265,247
E00151678,396,189,207
E00151679,296,153,143
E00151682,302,151,151
E00151683,302,148,154
E00151693,251,136,115
E00151862,391,193,198
E00151863,398,205,193
E00151864,279,141,138
E00151865,283,143,140
E00151866,492,240,252
E00151653,344,187,157
E00151654,300,142,158
E00151656,374,192,182
E00151664,252,135,117
E00151665,271,147,124
E00151655,243,121,122
E00151659,295,163,132
E00151666,281,143,138
E00151667,445,220,225
E00151668,510,273,237
E00151657,350,184,166
E00151658,369,187,182
E00151669,278,148,130
E00151670,327,175,152
E00151652,269,127,142
E00151660,260,122,138
E00151661,270,131,139
E00151662,298,148,150
E00151663,325,165,160
E00151702,304,164,140
E00151704,407,211,196
E00151705,444,231,213
E00151707,335,172,163
E00151708,228,120,108
E00151709,216,101,115
E00151680,289,142,147
E00151687,256,128,128
E00151689,310,161,149
E00151691,452,229,223
E00151692,244,122,122
E00151694,270,149,121
E00151695,208,117,91
E00151696,306,161,145
E00151697,289,147,142
E00151698,267,133,134
E00151699,250,126,124
E00151701,237,116,121
E00151711,304,150,154
E00151712,257,116,141
E00151714,248,129,119
E00151715,304,153,151
E00151716,261,126,135
E00151700,307,146,161
E00151703,289,134,155
E00151706,297,148,149
E00151710,345,181,164
E00151713,249,130,119
E00151875,285,139,146
E00151879,269,143,126
E00151880,200,93,107
E00151881,213,87,126
E00151884,294,158,136
E00151886,195,98,97
E00151887,322,154,168
E00151893,285,153,132
E00151898,394,209,185
E00151905,242,129,113
E00151907,192,114,78
E00151909,427,223,204
E00151917,295,157,138
E00151919,192,79,113
E00151920,280,146,134
E00151921,315,162,153
E00151908,300,160,140
E00151912,363,181,182
E00151913,230,113,117
E00151914,238,115,123
E00151915,212,106,106
E00151916,258,112,146
E00151918,394,197,197
E00151928,310,153,157
E00151930,335,175,160
E00151938,227,117,110
E00151939,264,118,146
E00151940,221,114,107
E00151941,240,121,119
E00151806,418,222,196
E00151809,537,278,259
E00151812,269,147,122
E00172341,347,189,158
E00172342,270,136,134
E00172343,309,156,153
E00172344,211,113,98
E00151805,333,165,168
E00151808,332,161,171
E00151811,221,109,112
E00151813,302,157,145
E00151814,344,177,167
E00151874,409,200,209
E00151883,254,124,130
E00151885,377,186,191
E00151888,387,221,166
E00151889,251,129,122
E00151910,325,166,159
E00151922,298,142,156
E00151923,244,124,120
E00151924,296,139,157
E00151925,172,90,82
E00172338,237,124,113
E00172339,225,114,111
E00172345,433,237,196
E00151926,278,145,133
E00151929,375,190,185
E00151931,263,134,129
E00151932,265,135,130
E00151937,257,131,126
E00151927,264,135,129
E00151933,285,143,142
E00151934,286,149,137
E00151935,271,146,125
E00151936,270,139,131
E00151855,257,133,124
E00151858,316,156,160
E00151859,404,199,205
E00151860,423,212,211
E00172337,343,177,166
E00151867,287,144,143
E00151868,253,137,116
E00151869,319,160,159
E00151870,299,145,154
E00151871,280,131,149
E00151872,316,160,156
E00151942,207,106,101
E00151943,258,125,133
E00151944,212,98,114
E00151945,308,151,157
E00151946,211,105,106
E00151947,209,98,111
E00151948,317,157,160
E00151647,382,191,191
E00151648,430,238,192
E00151649,290,146,144
E00151650,221,110,111
E00151651,303,156,147
E00151717,339,175,164
E00151718,242,130,112
E00151719,297,150,147
E00151720,261,141,120
E00151724,285,136,149
E00151725,302,156,146
E00151726,287,144,143
E00151727,291,143,148
E00151728,306,160,146
E00151729,299,155,144
E00151730,264,132,132
E00151721,363,187,176
E00151722,293,153,140
E00151723,293,148,145
E00151731,304,174,130
E00151732,296,151,145
E00151738,348,189,159
E00151739,293,149,144
E00151740,322,156,166
E00151741,290,147,143
E00151743,339,167,172
E00151742,261,133,128
E00151744,266,136,130
E00151745,481,226,255
E00151746,305,164,141
E00151747,292,153,139
E00151807,274,144,130
E00151810,256,127,129
E00151815,261,130,131
E00151816,217,106,111
E00151817,269,129,140
E00151819,147,72,75
E00151949,299,152,147
E00151951,298,164,134
E00151953,281,149,132
E00151954,300,145,155
E00151955,278,142,136
E00151950,301,155,146
E00151952,256,133,123
E00151956,303,150,153
E00151959,259,125,134
E00151960,218,110,108
E00172340,322,163,159
E00151642,237,117,120
E00151643,295,153,142
E00151644,360,187,173
E00151645,326,156,170
E00151646,139,71,68
E00151751,308,149,159
E00151752,335,170,165
E00151753,289,146,143
E00151755,404,198,206
E00151756,299,145,154
E00151757,343,175,168
E00151820,313,148,165
E00151821,417,213,204
E00151824,375,186,189
E00151828,267,137,130
E00151829,322,162,160
E00151822,367,184,183
E00151823,326,178,148
E00151825,355,176,179
E00151826,214,106,108
E00151827,234,127,107
E00151748,301,157,144
E00151749,228,111,117
E00151750,274,143,131
E00151754,286,145,141
E00151758,333,168,165
E00151760,270,131,139
E00151762,293,142,151
E00151763,278,148,130
E00151765,245,125,120
E00151769,362,173,189
E00151772,317,162,155
E00151780,319,170,149
E00151783,336,175,161
E00180656,412,202,210
E00151773,315,164,151
E00151775,232,119,113
E00151781,229,100,129
E00151782,439,204,235
E00151785,301,149,152
E00151787,418,206,212
E00151733,417,219,198
E00151734,312,162,150
E00151735,307,153,154
E00151736,522,260,262
E00151737,219,113,106
E00151801,280,146,134
E00151802,250,115,135
E00151803,265,138,127
E00151804,205,101,104
E00151837,301,152,149
E00151845,317,157,160
E00151846,288,143,145
E00151847,230,113,117
E00151849,242,128,114
E00151851,242,126,116
E00151836,271,135,136
E00151838,283,140,143
E00151839,231,122,109
E00151840,279,143,136
E00151841,240,133,107
E00151843,405,196,209
E00151854,125,64,61
E00151842,150,81,69
E00151844,270,144,126
E00151848,443,226,217
E00151850,206,101,105
E00151852,257,130,127
E00151853,290,140,150
E00151759,297,150,147
E00151761,350,181,169
E00151764,327,158,169
E00151766,269,129,140
E00151767,248,124,124
E00151768,272,137,135
E00151770,340,172,168
E00151774,284,153,131
E00151776,265,133,132
E00151777,253,126,127
E00151778,277,134,143
E00151784,267,133,134
E00151786,418,222,196
E00151791,297,151,146
E00151794,350,168,182
E00151797,329,168,161
E00151798,325,162,163
E00151788,299,153,146
E00151789,350,178,172
E00151796,323,165,158
E00151799,489,254,235
E00151800,338,165,173
E00151790,339,175,164
E00151792,299,149,150
E00151795,335,172,163
E00180733,236,119,117
E00180740,235,116,119
E00152091,316,156,160
E00152093,295,151,144
E00152094,358,189,169
E00180670,378,195,183
E00180732,329,162,167
E00152085,338,174,164
E00152102,408,206,202
E00152103,314,154,160
E00152105,301,151,150
E00152086,306,165,141
E00152097,248,129,119
E00152100,275,138,137
E00152101,357,176,181
E00152107,263,144,119
E00152109,305,163,142
E00152111,307,165,142
E00152113,354,170,184
E00152114,244,121,123
E00152128,281,144,137
E00152108,338,177,161
E00152115,278,150,128
E00152117,338,178,160
E00152119,444,245,199
E00152121,343,181,162
E00152110,255,135,120
E00152112,242,120,122
E00152118,266,137,129
E00152120,342,162,180
E00180689,624,319,305
E00180720,317,166,151
E00180739,280,151,129
E00180746,161,85,76
E00152037,190,111,79
E00152038,205,113,92
E00152039,225,104,121
E00152044,379,189,190
E00152045,146,66,80
E00152046,160,67,93
E00152059,394,177,217
E00152041,226,124,102
E00152057,237,134,103
E00152058,431,217,214
E00180691,418,201,217
E00180697,388,206,182
E00152095,333,176,157
E00152096,300,150,150
E00152098,368,193,175
E00152099,321,158,163
E00152104,236,136,100
E00152087,260,141,119
E00152088,249,115,134
E00152089,268,144,124
E00152090,278,139,139
E00152106,279,153,126
E00152122,433,228,205
E00152124,272,130,142
E00152125,298,147,151
E00152126,326,159,167
E00152127,265,130,135
E00168395,229,144,85
E00168396,332,164,168
E00151964,365,184,181
E00151967,517,246,271
E00151968,261,127,134
E00151980,279,134,145
E00180687,267,128,139
E00180701,106,61,45
E00180724,532,263,269
E00151972,184,86,98
E00151976,204,103,101
E00151977,244,117,127
E00151978,242,123,119
E00151982,260,140,120
E00168411,245,128,117
E00151961,396,189,207
E00151962,374,186,188
E00151973,300,144,156
E00151974,421,206,215
E00151971,279,140,139
E00151979,362,183,179
E00151984,273,130,143
E00151985,358,181,177
E00151986,221,118,103
E00151988,248,136,112
E00152062,341,164,177
E00152064,279,139,140
E00152067,290,137,153
E00152080,236,128,108
E00152081,238,117,121
E00151963,210,105,105
E00151965,199,108,91
E00151975,246,126,120
E00151981,240,122,118
E00151983,245,134,111
E00151987,282,141,141
E00152022,318,164,154
E00152025,315,165,150
E00152026,271,136,135
E00152027,249,120,129
E00152029,358,169,189
E00152013,506,249,257
E00152024,305,152,153
E00152028,264,133,131
E00152030,262,142,120
E00152031,266,141,125
E00152017,336,168,168
E00152018,289,147,142
E00152019,343,180,163
E00152020,324,166,158
E00152021,334,167,167
E00152075,300,156,144
E00152076,290,143,147
E00152077,321,167,154
E00152078,276,141,135
E00152011,329,156,173
E00152014,495,246,249
E00152016,208,103,105
E00152032,584,298,286
E00152042,420,214,206
E00152051,236,118,118
E00152052,232,99,133
E00152054,230,116,114
E00152055,200,104,96
E00152056,205,105,100
E00152034,353,179,174
E00152040,204,92,112
E00152043,148,69,79
E00152047,162,85,77
E00152048,245,124,121
E00152049,243,122,121
E00152050,184,84,100
E00152053,254,127,127
E00168403,263,130,133
E00168404,208,109,99
E00168409,162,80,82
E00168410,250,126,124
E00151991,313,153,160
E00151992,307,149,158
E00152009,328,164,164
E00152010,309,153,156
E00151989,278,147,131
E00151999,454,213,241
E00152002,401,207,194
E00152003,266,140,126
E00152007,332,167,165
E00151990,380,192,188
E00151994,320,164,156
E00151997,400,204,196
E00152000,388,220,168
E00151993,258,127,131
E00151995,310,157,153
E00151996,314,168,146
E00151998,387,192,195
E00152012,281,151,130
E00152015,329,172,157
E00152023,268,139,129
E00152033,279,146,133
E00152060,341,165,176
E00152065,333,173,160
E00152066,324,173,151
E00152068,358,171,187
E00152061,326,176,150
E00152070,336,171,165
E00152071,299,154,145
E00152073,287,142,145
E00152063,298,153,145
E00152069,423,219,204
E00152072,427,212,215
E00152074,298,165,133
E00152079,340,180,160
E00152082,219,119,100
E00152083,257,127,130
E00152084,253,144,109
E00152134,286,151,135
E00152136,220,95,125
E00152138,330,168,162
E00152139,307,148,159
E00152151,313,154,159
E00152152,286,149,137
E00152132,362,189,173
E00152140,267,137,130
E00152144,409,215,194
E00152146,469,231,238
E00152137,274,139,135
E00152141,284,143,141
E00152143,285,131,154
E00152145,245,119,126
E00152147,342,160,182
E00152142,367,188,179
E00152148,374,206,168
E00152149,393,200,193
E00152150,339,171,168
E00152129,301,146,155
E00152130,300,152,148
E00152131,303,145,158
E00152133,297,150,147
E00152135,276,137,139
E00152179,294,146,148
E00152184,323,168,155
E00152186,404,194,210
E00152192,296,154,142
E00152193,283,137,146
E00152153,272,133,139
E00152157,353,173,180
E00152158,334,182,152
E00152159,360,179,181
E00152160,267,139,128
E00152162,285,140,145
E00152164,289,161,128
E00180657,487,258,229
E00152165,377,207,170
E00152166,503,259,244
E00152167,413,208,205
E00152155,430,216,214
E00152168,439,219,220
E00152169,173,85,88
E00152170,219,109,110
E00152171,249,125,124
E00152172,300,151,149
E00152154,373,181,192
E00152156,432,216,216
E00152173,227,121,106
E00152174,554,279,275
E00152001,362,180,182
E00152005,286,136,150
E00152006,283,149,134
E00152008,341,174,167
E00168399,446,240,206
E00168400,219,109,110
E00168402,230,111,119
E00152185,361,190,171
E00152188,347,169,178
E00152190,286,142,144
E00152194,214,116,98
E00152195,266,148,118
E00152196,152,89,63
E00152175,494,250,244
E00152176,290,146,144
E00152197,290,142,148
E00152198,299,152,147
E00152177,475,222,253
E00152181,326,177,149
E00152182,245,125,120
E00152183,288,146,142
E00152199,251,126,125
E00168397,308,156,152
E00168398,326,167,159
E00168405,360,183,177
E00168406,222,111,111
E00168407,368,183,185
E00168408,265,137,128
E00152178,315,166,149
E00152189,483,230,253
E00152191,253,131,122
E00168401,279,139,140
E00158221,495,237,258
E00158222,303,159,144
E00158223,399,223,176
E00158224,278,138,140
E00158225,282,151,131
E00158226,218,111,107
E00158216,420,211,209
E00158217,420,221,199
E00158218,302,150,152
E00158219,301,152,149
E00158220,287,150,137
E00158229,266,130,136
E00158230,246,127,119
E00158231,348,179,169
E00158232,356,191,165
E00186956,170,95,75
E00187001,613,299,314
E00158227,329,166,163
E00158228,355,184,171
E00158233,317,164,153
E00158234,322,171,151
E00158235,314,161,153
E00158236,318,163,155
E00158243,319,157,162
E00158245,282,150,132
E00158246,313,168,145
E00158247,332,175,157
E00158248,306,158,148
E00158238,233,121,112
E00158239,332,174,158
E00158240,251,125,126
E00158241,295,157,138
E00158242,313,154,159
E00158244,322,173,149
E00158109,323,168,155
E00158110,308,160,148
E00158111,335,167,168
E00158112,357,187,170
E00158119,226,114,112
E00158157,425,212,213
E00158160,402,204,198
E00158162,256,129,127
E00158165,284,152,132
E00158166,297,147,150
E00158158,312,162,150
E00158159,259,141,118
E00158161,310,158,152
E00158163,345,169,176
E00158164,326,169,157
E00158193,261,133,128
E00158194,250,133,117
E00158200,357,182,175
E00158201,431,234,197
E00158202,412,205,207
E00158203,283,145,138
E00168277,278,138,140
E00168278,322,160,162
E00158196,356,175,181
E00158197,357,188,169
E00158198,356,185,171
E00158199,348,181,167
E00158071,328,163,165
E00158072,370,169,201
E00158073,301,158,143
E00158075,247,127,120
E00158076,299,154,145
E00158077,266,134,132
E00158078,380,198,182
E00158074,328,179,149
E00158080,405,220,185
E00158081,222,94,128
E00158082,231,123,108
E00158083,304,150,154
E00186897,278,129,149
E00186921,215,93,122
E00158084,491,231,260
E00158085,345,171,174
E00158086,285,138,147
E00158091,258,135,123
E00158093,314,158,156
E00158094,545,268,277
E00158087,263,136,127
E00158088,310,154,156
E00158089,287,144,143
E00158090,380,209,171
E00158092,268,128,140
E00158095,224,126,98
E00158096,242,132,110
E00158098,242,116,126
E00158099,313,156,157
E00158097,271,128,143
E00158102,350,176,174
E00158103,325,167,158
E00158106,270,129,141
E00158100,248,113,135
E00158101,233,100,133
E00158104,291,156,135
E00158105,375,206,169
E00158107,436,228,208
E00158145,262,130,132
E00158146,288,145,143
E00158147,308,151,157
E00158148,288,146,142
E00158152,343,166,177
E00158156,132,68,64
E00158151,324,161,163
E00158153,365,181,184
E00158154,475,243,232
E00158155,238,113,125
E00168279,398,197,201
E00158205,289,145,144
E00158207,317,163,154
E00158208,279,151,128
E00158209,263,147,116
E00158210,306,154,152
E00158212,334,179,155
E00158204,308,157,151
E00158206,297,163,134
E00158211,306,145,161
E00158213,241,123,118
E00158214,302,153,149
E00158215,309,160,149
E00158055,371,193,178
E00158056,315,158,157
E00158057,359,186,173
E00158058,220,105,115
E00158065,216,112,104
E00158068,133,72,61
E00158051,537,300,237
E00158052,301,157,144
E00158053,325,167,158
E00158054,390,206,184
E00158117,296,139,157
E00158118,251,126,125
E00158120,333,177,156
E00158121,180,85,95
E00186869,420,203,217
E00187020,237,129,108
E00158108,306,160,146
E00158113,321,166,155
E00158114,340,162,178
E00158115,150,78,72
E00158181,459,241,218
E00158182,291,154,137
E00158188,295,147,148
E00158189,131,64,67
E00158190,348,171,177
E00158179,171,80,91
E00158180,278,134,144
E00158183,194,108,86
E00158184,316,170,146
E00158185,278,131,147
E00158186,186,86,100
E00158187,325,155,170
E00158191,262,135,127
E00158192,292,151,141
E00158122,301,154,147
E00158123,321,163,158
E00158124,312,159,153
E00158127,153,70,83
E00158129,332,173,159
E00158130,299,137,162
E00158125,252,145,107
E00158126,210,99,111
E00158128,208,105,103
E00158131,257,141,116
E00158132,308,163,145
E00158133,284,158,126
E00158134,325,189,136
E00158137,413,207,206
E00158138,195,99,96
E00158139,311,154,157
E00158140,238,124,114
E00158141,312,157,155
E00158135,316,159,157
E00158142,316,165,151
E00158143,329,162,167
E00158144,280,138,142
E00186910,173,93,80
E00186930,452,235,217
E00158250,294,158,136
E00158251,264,139,125
E00158253,340,176,164
E00158254,289,154,135
E00158256,218,111,107
E00158258,231,111,120
E00158249,256,130,126
E00158252,361,180,181
E00158255,341,170,171
E00158257,292,149,143
E00158259,284,142,142
E00158260,317,157,160
E00158062,205,101,104
E00158063,253,125,128
E00158064,261,125,136
E00158066,292,150,142
E00158067,255,133,122
E00158069,213,108,105
E00158059,297,165,132
E00158060,251,119,132
E00158061,326,167,159
E00158070,407,201,206
E00158167,264,122,142
E00158168,455,228,227
E00158169,355,179,176
E00158173,335,175,160
E00158174,316,164,152
E00158170,254,134,120
E00158171,176,77,99
E00158172,488,241,247
E00158175,176,92,84
E00158176,270,136,134
E00158177,279,144,135
E00158178,259,124,135
E00158582,524,259,265
E00158583,263,138,125
E00158595,266,132,134
E00158596,315,161,154
E00158597,227,113,114
E00158581,275,140,135
E00158584,426,206,220
E00158600,307,153,154
E00158585,298,162,136
E00158589,357,181,176
E00158602,358,176,182
E00158603,289,150,139
E00158604,253,131,122
E00158586,118,54,64
E00158587,187,102,85
E00158590,378,178,200
E00158591,382,203,179
E00158592,324,164,160
E00158593,143,73,70
E00186916,332,154,178
E00186952,135,76,59
E00186981,457,233,224
E00186984,224,114,110
E00187006,527,264,263
E00187009,516,266,250
E00158588,279,149,130
E00158598,582,307,275
E00158599,295,154,141
E00158601,274,143,131
E00186949,263,138,125
E00158416,368,188,180
E00158417,295,149,146
E00158418,326,170,156
E00158420,293,151,142
E00168284,476,237,239
E00168288,304,172,132
E00158401,331,155,176
E00158404,247,116,131
E00158419,410,215,195
E00158421,280,149,131
E00158423,306,163,143
E00158403,304,155,149
E00158408,369,196,173
E00158413,325,172,153
E00158414,373,188,185
E00186888,185,85,100
E00186902,296,155,141
E00186958,378,189,189
E00158402,413,221,192
E00158405,350,194,156
E00158407,430,223,207
E00158412,303,149,154
E00186912,304,156,148
E00158400,318,161,157
E00158406,476,228,248
E00186959,466,236,230
E00187002,338,176,162
E00187008,335,177,158
E00158535,363,182,181
E00158536,281,139,142
E00158538,349,175,174
E00158543,312,152,160
E00158537,341,170,171
E00158540,380,193,187
E00158542,313,146,167
E00158553,316,160,156
E00158539,273,132,141
E00158541,287,134,153
E00158554,291,144,147
E00158555,443,220,223
E00158545,295,154,141
E00158546,286,157,129
E00158547,271,148,123
E00158548,244,136,108
E00158551,306,149,157
E00158549,285,147,138
E00186886,339,166,173
E00186906,440,227,213
E00186963,323,162,161
E00187003,369,189,180
E00158544,430,225,205
E00186868,402,209,193
E00186874,334,166,168
E00186990,470,261,209
E00158450,277,144,133
E00158452,326,164,162
E00158459,320,166,154
E00158464,395,200,195
E00158469,329,162,167
E00158448,403,191,212
E00158451,353,172,181
E00158460,322,167,155
E00158463,331,170,161
E00158457,571,306,265
E00158461,336,172,164
E00158462,285,139,146
E00158465,276,149,127
E00158466,342,166,176
E00158455,291,156,135
E00158456,319,164,155
E00168285,155,74,81
E00168286,224,102,122
E00168287,315,169,146
E00168289,230,120,110
E00168290,347,162,185
E00168303,325,160,165
E00158449,351,182,169
E00158458,290,151,139
E00158467,334,161,173
E00158468,361,175,186
E00158261,279,149,130
E00158262,203,88,115
E00158264,367,163,204
E00158266,329,160,169
E00158268,400,199,201
E00158285,188,73,115
E00158278,263,127,136
E00158279,461,237,224
E00158280,426,221,205
E00158281,290,146,144
E00158282,298,148,150
E00158265,567,296,271
E00158269,300,138,162
E00158274,336,178,158
E00158284,314,169,145
E00158286,380,193,187
E00158263,307,155,152
E00158267,314,157,157
E00158273,394,194,200
E00158277,377,185,192
E00158283,361,190,171
E00158270,416,201,215
E00158271,432,222,210
E00158272,297,142,155
E00158275,520,262,258
E00158276,326,158,168
E00158330,319,171,148
E00158333,301,156,145
E00158335,371,196,175
E00158336,139,63,76
E00158339,423,210,213
E00158334,332,181,151
E00158337,300,158,142
E00158344,294,141,153
E00158347,289,146,143
E00158352,253,131,122
E00158340,322,158,164
E00158341,247,122,125
E00158343,291,150,141
E00158345,324,164,160
E00158353,455,239,216
E00158338,343,172,171
E00158342,284,136,148
E00158346,273,139,134
E00158348,268,132,136
E00158349,211,111,100
E00158331,290,152,138
E00158332,364,193,171
E00158350,328,160,168
E00158351,245,123,122
E00158354,227,109,118
E00158491,486,247,239
E00158492,309,158,151
E00158498,249,145,104
E00158501,205,107,98
E00158506,405,226,179
E00158495,309,159,150
E00158505,502,250,252
E00158509,285,144,141
E00158512,549,289,260
E00158497,293,144,149
E00158499,334,176,158
E00158502,273,133,140
E00158504,290,144,146
E00158508,310,146,164
E00158493,353,179,174
E00158500,334,168,166
E00158503,335,168,167
E00158507,284,147,137
E00158494,284,134,150
E00158496,276,132,144
E00158510,312,157,155
E00158511,341,175,166
E00158288,312,153,159
E00158291,316,152,164
E00158295,348,178,170
E00158297,289,136,153
E00158292,306,153,153
E00158299,238,126,112
E00158300,361,184,177
E00168281,288,150,138
E00168291,285,143,142
E00168295,384,185,199
E00186896,126,66,60
E00186922,298,155,143
E00186967,534,279,255
E00158289,320,160,160
E00158293,285,143,142
E00168280,316,145,171
E00168282,281,139,142
E00168283,351,165,186
E00168297,298,147,151
E00158287,241,121,120
E00158290,260,129,131
E00158294,278,132,146
E00158302,285,151,134
E00158303,254,147,107
E00158616,327,160,167
E00158617,477,232,245
E00158619,435,229,206
E00158621,311,156,155
E00158622,244,126,118
E00158606,391,203,188
E00158624,185,104,81
E00158625,415,221,194
E00158626,375,207,168
E00158627,368,186,182
E00158607,358,178,180
E00158608,264,139,125
E00158610,514,257,257
E00158623,420,240,180
E00158605,318,162,156
E00158609,337,170,167
E00158611,330,172,158
E00158628,214,99,115
E00158612,146,71,75
E00158613,327,167,160
E00158614,410,192,218
E00158615,396,194,202
E00158618,234,119,115
E00158620,165,68,97
E00158311,300,154,146
E00158312,273,132,141
E00158313,314,159,155
E00158315,287,131,156
E00158317,321,170,151
E00158310,247,121,126
E00158314,163,64,99
E00158316,326,163,163
E00158318,133,67,66
E00158319,273,129,144
E00158320,258,163,95
E00158321,333,175,158
E00158322,344,167,177
E00158323,368,188,180
E00158324,259,138,121
E00158326,278,151,127
E00158304,296,155,141
E00158305,393,206,187
E00158306,409,199,210
E00158327,301,158,143
E00158329,261,137,124
E00158307,270,147,123
E00158308,252,120,132
E00158309,274,141,133
E00158325,336,172,164
E00158328,376,202,174
E00158629,300,153,147
E00158630,291,149,142
E00158644,242,116,126
E00158645,259,137,122
E00158648,237,116,121
E00158646,280,140,140
E00158647,288,147,141
E00158649,302,146,156
E00158650,267,128,139
E00158631,266,146,120
E00158633,275,136,139
E00158635,267,129,138
E00158636,311,158,153
E00158651,273,143,130
E00158632,303,160,143
E00158634,306,167,139
E00158637,321,167,154
E00158638,286,145,141
E00158639,304,152,152
E00158640,299,149,150
E00158641,285,152,133
E00158642,285,150,135
E00158643,340,178,162
E00158574,351,196,155
E00158575,300,153,147
E00158576,316,150,166
E00158577,303,149,154
E00158579,270,134,136
E00158559,247,122,125
E00158560,301,151,150
E00158561,335,168,167
E00158578,237,121,116
E00158580,321,158,163
E00158556,303,155,148
E00158563,266,132,134
E00158564,262,135,127
E00158565,303,157,146
E00158557,345,179,166
E00158558,242,126,116
E00158566,313,144,169
E00158568,263,126,137
E00158572,240,126,114
E00158562,272,141,131
E00158567,283,139,144
E00158569,303,150,153
E00158570,198,98,100
E00158571,228,115,113
E00158573,277,150,127
E00158359,264,132,132
E00158360,260,136,124
E00158361,322,162,160
E00158362,338,176,162
E00158355,271,143,128
E00158356,301,157,144
E00158357,322,174,148
E00158358,130,58,72
E00158364,232,121,111
E00158363,287,154,133
E00158374,340,178,162
E00158376,308,163,145
E00158377,389,203,186
E00158365,317,155,162
E00158366,348,177,171
E00158367,322,160,162
E00158369,261,144,117
E00158372,354,191,163
E00158368,392,191,201
E00158370,322,157,165
E00158371,255,140,115
E00158373,341,179,162
E00158375,271,136,135
E00158379,274,140,134
E00158381,228,122,106
E00158382,233,107,126
E00158395,191,108,83
E00158396,261,139,122
E00158397,251,140,111
E00158380,353,185,168
E00158384,270,137,133
E00158387,321,166,155
E00158391,283,146,137
E00158393,257,132,125
E00158399,254,132,122
E00158385,408,201,207
E00158386,215,116,99
E00158388,270,142,128
E00158389,304,167,137
E00158392,294,141,153
E00158378,262,126,136
E00158383,327,159,168
E00158390,283,141,142
E00158394,279,140,139
E00158398,258,137,121
E00158520,351,184,167
E00158521,410,201,209
E00158524,254,132,122
E00158527,281,142,139
E00158522,387,204,183
E00158523,242,123,119
E00158525,417,214,203
E00158526,308,149,159
E00158528,373,201,172
E00158529,297,143,154
E00158530,373,201,172
E00158531,246,132,114
E00158532,413,203,210
E00158513,325,167,158
E00158514,407,215,192
E00158533,349,169,180
E00158534,348,183,165
E00158515,348,182,166
E00158516,468,232,236
E00158517,231,108,123
E00158518,502,254,248
E00168292,354,166,188
E00168293,205,102,103
E00168302,165,84,81
E00158477,281,161,120
E00158478,314,153,161
E00158482,440,210,230
E00158487,463,238,225
E00158488,317,155,162
E00158489,267,128,139
E00158479,242,118,124
E00158481,322,162,160
E00158483,340,186,154
E00158484,360,199,161
E00168294,343,167,176
E00168296,312,153,159
E00168299,301,155,146
E00158470,253,124,129
E00158471,290,143,147
E00158472,313,176,137
E00158474,371,191,180
E00168298,133,61,72
E00168300,345,176,169
E00168301,309,165,144
E00158475,248,137,111
E00158476,350,185,165
E00158480,296,155,141
E00158485,276,137,139
E00158486,256,131,125
E00158427,260,134,126
E00158428,299,146,153
E00158429,324,171,153
E00158442,485,273,212
E00158447,431,215,216
E00158437,585,303,282
E00158443,255,132,123
E00158444,313,158,155
E00158446,318,159,159
E00186976,416,213,203
E00186999,259,133,126
E00158425,453,237,216
E00158426,253,132,121
E00158435,345,182,163
E00158439,221,101,120
E00158441,296,148,148
E00158424,393,224,169
E00158431,329,180,149
E00158436,369,191,178
E00158438,237,109,128
E00158440,308,150,158
E00158432,319,166,153
E00158434,426,206,220
E00158445,331,164,167
E00165814,331,159,172
E00158719,204,96,108
E00158720,276,144,132
E00158721,162,74,88
E00158722,258,135,123
E00158723,284,141,143
E00158716,573,299,274
E00158724,268,142,126
E00158725,307,152,155
E00158715,492,245,247
E00158717,272,137,135
E00158718,215,106,109
E00158726,490,247,243
E00158727,250,132,118
E00158728,358,190,168
E00158729,286,143,143
E00158737,349,180,169
E00158738,358,181,177
E00158732,545,273,272
E00158733,313,178,135
E00158734,318,158,160
E00158735,164,83,81
E00158736,396,187,209
E00168341,412,204,208
E00186878,297,144,153
E00186943,419,206,213
E00186950,204,97,107
E00187021,343,178,165
E00158730,317,156,161
E00158740,304,161,143
E00168311,214,103,111
E00186880,354,170,184
E00186960,429,202,227
E00187017,263,128,135
E00158890,275,134,141
E00158893,269,137,132
E00158895,349,177,172
E00158897,338,167,171
E00158898,236,105,131
E00158885,228,113,115
E00158889,328,159,169
E00158891,275,140,135
E00158892,311,172,139
E00158894,287,155,132
E00158896,241,128,113
E00158888,424,194,230
E00158901,363,166,197
E00158906,375,206,169
E00186842,219,93,126
E00186889,262,140,122
E00186899,159,76,83
E00186957,122,51,71
E00158886,301,147,154
E00158899,386,174,212
E00158903,328,147,181
E00186947,480,248,232
E00186955,292,164,128
E00186998,254,127,127
E00187022,175,88,87
E00158781,330,170,160
E00158783,276,135,141
E00158784,277,142,135
E00158787,293,144,149
E00158788,354,187,167
E00158780,247,132,115
E00158782,285,140,145
E00158785,263,131,132
E00158786,243,128,115
E00158791,282,155,127
E00158793,280,128,152
E00158794,289,151,138
E00158796,246,121,125
E00158797,550,280,270
E00158789,317,155,162
E00158790,358,184,174
E00158795,248,138,110
E00158798,259,128,131
E00168327,284,139,145
E00168328,254,131,123
E00158938,427,217,210
E00158939,297,154,143
E00158940,287,139,148
E00158941,318,162,156
E00158942,500,245,255
E00158681,382,182,200
E00158682,526,261,265
E00158686,328,158,170
E00158687,374,182,192
E00158690,320,151,169
E00158684,315,141,174
E00158685,348,150,198
E00158688,338,163,175
E00158689,365,167,198
E00158694,478,221,257
E00158676,304,144,160
E00158677,342,160,182
E00158678,313,159,154
E00158680,330,164,166
E00158691,391,179,212
E00158696,266,126,140
E00158692,255,134,121
E00158693,285,138,147
E00158695,267,126,141
E00186840,617,315,302
E00158867,349,173,176
E00158870,274,139,135
E00158871,333,166,167
E00158873,413,222,191
E00158868,307,165,142
E00158869,271,125,146
E00158880,479,236,243
E00158884,237,126,111
E00168322,338,160,178
E00168330,310,165,145
E00168332,345,171,174
E00168335,310,154,156
E00168336,295,143,152
E00158876,303,156,147
E00158877,302,149,153
E00158878,344,156,188
E00168329,241,113,128
E00168331,165,72,93
E00168333,281,134,147
E00168334,184,79,105
E00168338,285,138,147
E00158865,291,145,146
E00158866,261,134,127
E00158879,272,134,138
E00158881,183,82,101
E00158882,395,169,226
E00158883,318,158,160
E00158652,320,166,154
E00158655,292,153,139
E00158656,298,152,146
E00158657,254,129,125
E00158661,317,153,164
E00158660,277,136,141
E00158662,253,126,127
E00158663,344,186,158
E00158664,400,206,194
E00158665,414,214,200
E00158849,432,210,222
E00158851,286,156,130
E00158857,336,174,162
E00158858,251,129,122
E00158859,304,151,153
E00168316,367,186,181
E00168318,352,178,174
E00168320,355,182,173
E00168326,549,286,263
E00168344,393,185,208
E00168321,311,154,157
E00168323,355,184,171
E00186900,315,166,149
E00186987,573,290,283
E00186996,399,203,196
E00187011,258,127,131
E00158653,465,216,249
E00158654,281,137,144
E00158658,512,259,253
E00158659,230,122,108
E00186866,396,208,188
E00186938,229,113,116
E00186975,295,147,148
E00187007,199,105,94
E00187012,563,317,246
E00158850,316,154,162
E00158853,389,195,194
E00158855,178,89,89
E00158856,301,144,157
E00186924,502,229,273
E00158800,439,223,216
E00158802,290,135,155
E00158813,362,184,178
E00158816,301,159,142
E00158799,287,150,137
E00158801,327,156,171
E00158812,377,191,186
E00158814,289,155,134
E00158815,241,131,110
E00158803,551,285,266
E00158807,316,160,156
E00158808,387,173,214
E00158810,426,215,211
E00186908,444,212,232
E00186951,291,134,157
E00158804,228,115,113
E00158806,316,162,154
E00158809,251,125,126
E00158811,314,156,158
E00158742,288,149,139
E00158743,158,75,83
E00158744,212,105,107
E00158745,248,125,123
E00158746,295,145,150
E00158747,257,130,127
E00158749,402,201,201
E00158750,299,144,155
E00158752,396,196,200
E00158754,406,213,193
E00158748,231,98,133
E00158751,249,126,123
E00158755,258,130,128
E00186841,802,358,444
E00158741,288,138,150
E00158756,362,172,190
E00158757,325,168,157
E00158758,366,201,165
E00158759,263,146,117
E00158832,251,127,124
E00158836,311,155,156
E00158838,278,135,143
E00158839,350,183,167
E00158840,352,181,171
E00158846,299,147,152
E00158847,265,139,126
E00158831,277,138,139
E00158837,316,167,149
E00158844,473,246,227
E00158845,320,165,155
E00186911,182,92,90
E00186965,618,317,301
E00158833,321,182,139
E00158834,227,109,118
E00158835,310,152,158
E00158841,298,148,150
E00158843,228,120,108
E00158848,291,161,130
E00158929,380,183,197
E00158931,356,176,180
E00158932,319,175,144
E00158933,411,205,206
E00186936,384,187,197
E00186986,283,149,134
E00158926,332,165,167
E00158927,214,104,110
E00158928,330,173,157
E00158934,305,148,157
E00158935,302,157,145
E00158936,349,168,181
E00158937,280,135,145
E00158701,266,139,127
E00158702,274,139,135
E00158703,255,133,122
E00158704,217,101,116
E00158705,268,144,124
E00158706,357,179,178
E00158698,270,131,139
E00158699,292,154,138
E00158707,235,126,109
E00158708,209,112,97
E00158709,247,133,114
E00158710,300,152,148
E00158700,423,226,197
E00158711,362,186,176
E00158712,415,212,203
E00158713,427,235,192
E00158714,210,111,99
E00158907,240,128,112
E00158908,317,165,152
E00158913,410,217,193
E00158919,244,124,120
E00158921,267,131,136
E00158909,296,150,146
E00158915,569,273,296
E00158922,360,188,172
E00158923,337,168,169
E00158910,384,221,163
E00158911,310,155,155
E00158914,271,133,138
E00158924,297,146,151
E00158925,280,148,132
E00158912,294,162,132
E00158916,359,177,182
E00158917,268,148,120
E00158918,252,131,121
E00158920,264,138,126
E00158762,503,264,239
E00158764,325,161,164
E00158765,300,151,149
E00158766,305,162,143
E00158768,524,258,266
E00158760,271,137,134
E00158769,382,200,182
E00158770,254,133,121
E00158771,191,94,97
E00158772,177,84,93
E00158773,252,126,126
E00158774,256,137,119
E00158776,266,145,121
E00158778,323,157,166
E00168345,330,165,165
E00158860,341,168,173
E00158861,492,249,243
E00158862,466,249,217
E00158863,410,219,191
E00158864,292,150,142
E00186862,385,204,181
E00186913,424,229,195
E00186920,269,150,119
E00186926,560,305,255
E00186966,145,73,72
E00186982,270,125,145
E00158763,328,169,159
E00158767,318,163,155
E00158779,379,183,196
E00186907,237,125,112
E00186972,195,129,66
E00158817,299,147,152
E00158820,318,163,155
E00158822,131,69,62
E00158826,235,119,116
E00158827,296,142,154
E00158828,286,147,139
E00158818,261,136,125
E00158819,265,133,132
E00158821,276,143,133
E00158823,459,232,227
E00158824,215,104,111
E00158825,268,130,138
E00158829,206,109,97
E00158830,148,67,81
E00158944,255,122,133
E00158945,342,186,156
E00158946,329,166,163
E00158947,251,125,126
E00158948,249,116,133
E00168313,438,228,210
E00186843,512,153,359
E00158673,255,129,126
E00158674,481,249,232
E00168312,457,224,233
E00186852,290,143,147
E00158668,218,103,115
E00158670,329,172,157
E00158671,416,212,204
E00158672,255,131,124
E00168305,226,97,129
E00168306,376,191,185
E00168307,460,224,236
E00168308,302,144,158
E00168315,313,150,163
E00168339,283,137,146
E00186850,348,166,182
E00186854,471,236,235
E00186856,556,275,281
E00186857,118,58,60
E00186848,313,158,155
E00186853,180,95,85
E00186855,574,295,279
E00186858,383,188,195
E00186860,136,71,65
E00186849,375,180,195
E00186851,338,172,166
E00186859,243,122,121
E00186861,189,101,88
E00187023,628,324,304
E00159131,169,83,86
E00159133,291,147,144
E00159134,291,146,145
E00159135,236,128,108
E00159136,402,213,189
E00159137,199,97,102
E00172288,374,192,182
E00159296,343,179,164
E00159297,378,191,187
E00159298,316,161,155
E00159299,329,162,167
E00159301,341,161,180
E00159304,335,165,170
E00159295,370,175,195
E00159300,304,144,160
E00159302,282,149,133
E00159303,230,129,101
E00159305,337,168,169
E00159306,357,168,189
E00159024,365,195,170
E00159025,319,170,149
E00159026,256,141,115
E00159027,323,163,160
E00159028,313,156,157
E00159029,417,206,211
E00159030,171,95,76
E00159031,124,63,61
E00159070,271,147,124
E00159072,231,114,117
E00159074,192,100,92
E00159075,305,155,150
E00159076,335,174,161
E00159077,285,166,119
E00159066,230,115,115
E00159067,216,119,97
E00159068,278,150,128
E00159069,298,164,134
E00159071,380,196,184
E00159073,209,119,90
E00159078,329,168,161
E00159079,201,111,90
E00159080,387,199,188
E00159081,221,125,96
E00159082,305,164,141
E00159279,387,174,213
E00159281,317,155,162
E00159282,291,159,132
E00159284,333,183,150
E00159287,328,168,160
E00159278,284,140,144
E00159280,257,133,124
E00159283,258,149,109
E00159285,305,151,154
E00159294,265,140,125
E00159277,281,141,140
E00159286,283,142,141
E00159288,321,155,166
E00159289,301,150,151
E00159290,301,152,149
E00159275,288,134,154
E00159276,296,168,128
E00159291,301,155,146
E00159292,275,141,134
E00159293,368,182,186
E00159164,301,143,158
E00159168,210,116,94
E00159173,386,197,189
E00186891,321,165,156
E00186898,384,216,168
E00186903,364,205,159
E00186919,312,170,142
E00159179,252,127,125
E00159180,320,164,156
E00159181,253,128,125
E00159182,355,181,174
E00159183,259,126,133
E00159166,455,236,219
E00159167,281,162,119
E00159172,253,126,127
E00159178,516,273,243
E00159184,397,204,193
E00159169,225,104,121
E00159170,289,145,144
E00159174,280,143,137
E00159176,370,188,182
E00159177,291,140,151
E00186953,213,106,107
E00186985,364,180,184
E00187010,463,243,220
E00159189,353,168,185
E00159190,328,161,167
E00159191,492,255,237
E00159192,332,159,173
E00159185,353,182,171
E00159186,332,163,169
E00159187,398,201,197
E00159188,333,167,166
E00159045,270,139,131
E00159046,185,102,83
E00159047,292,150,142
E00159048,333,162,171
E00159049,176,87,89
E00159040,219,107,112
E00159041,268,126,142
E00159042,297,142,155
E00159043,293,131,162
E00159044,258,141,117
E00159052,267,136,131
E00159054,513,264,249
E00159057,134,64,70
E00159059,338,175,163
E00159060,260,139,121
E00186971,527,272,255
E00187004,127,64,63
E00159050,381,200,181
E00159051,361,174,187
E00159053,466,234,232
E00159055,238,119,119
E00159056,303,144,159
E00159058,305,158,147
E00159062,307,163,144
E00159063,309,160,149
E00159064,276,143,133
E00159065,426,218,208
E00159115,240,122,118
E00159116,368,198,170
E00159118,279,153,126
E00172282,317,157,160
E00159114,248,122,126
E00159119,418,209,209
E00159120,383,200,183
E00186968,205,103,102
E00186969,241,122,119
E00186991,322,161,161
E00158953,281,143,138
E00158961,239,107,132
E00158962,227,113,114
E00158963,303,163,140
E00158964,315,164,151
E00158970,211,109,102
E00158951,312,169,143
E00158952,260,149,111
E00158956,267,141,126
E00158958,272,141,131
E00158965,318,147,171
E00158950,240,135,105
E00158954,262,149,113
E00158967,243,126,117
E00158968,259,141,118
E00158969,316,162,154
E00158955,275,138,137
E00158957,378,186,192
E00158959,372,208,164
E00158960,179,93,86
E00158966,336,166,170
E00158971,377,200,177
E00158972,245,108,137
E00158973,321,168,153
E00158974,228,117,111
E00158975,102,53,49
E00158976,129,64,65
E00158977,242,129,113
E00158978,218,105,113
E00158979,372,180,192
E00158980,220,111,109
E00158981,370,205,165
E00158982,145,79,66
E00158984,255,131,124
E00158985,236,125,111
E00172291,545,279,266
E00172292,444,219,225
E00159097,381,216,165
E00159098,371,191,180
E00159099,185,96,89
E00159100,107,52,55
E00159101,290,154,136
E00159102,541,282,259
E00159103,264,138,126
E00159104,262,135,127
E00159159,389,217,172
E00159160,332,176,156
E00159162,332,166,166
E00159163,232,117,115
E00159155,194,98,96
E00159156,163,76,87
E00159157,316,157,159
E00159158,325,176,149
E00159161,230,115,115
E00159337,284,147,137
E00159350,279,146,133
E00159351,283,157,126
E00159353,263,130,133
E00159336,268,146,122
E00159338,347,171,176
E00159339,246,133,113
E00159340,242,118,124
E00159332,344,186,158
E00159333,443,238,205
E00159334,267,147,120
E00159341,251,132,119
E00159342,349,180,169
E00159343,296,158,138
E00159344,200,113,87
E00159345,318,164,154
E00159346,257,136,121
E00159347,319,159,160
E00159348,238,118,120
E00159349,263,134,129
E00159352,290,150,140
E00186942,229,121,108
E00186979,135,63,72
E00186863,235,120,115
E00186932,611,291,320
E00186970,506,253,253
E00187016,380,201,179
E00159214,346,175,171
E00159216,288,148,140
E00159225,150,72,78
E00159227,245,127,118
E00159228,257,133,124
E00159232,280,145,135
E00159213,339,149,190
E00159219,235,109,126
E00159220,264,134,130
E00159221,315,170,145
E00159222,235,135,100
E00159223,264,132,132
E00186995,148,79,69
E00187005,296,151,145
E00159212,225,112,113
E00159215,258,118,140
E00159218,411,210,201
E00159233,403,210,193
E00159234,387,188,199
E00186872,423,223,200
E00186983,271,128,143
E00159260,323,167,156
E00159261,256,134,122
E00159263,258,131,127
E00159265,271,137,134
E00159266,433,214,219
E00159262,259,136,123
E00159267,227,114,113
E00159270,237,118,119
E00159271,249,144,105
E00159274,303,153,150
E00159211,300,154,146
E00159229,333,165,168
E00159230,294,153,141
E00159231,337,176,161
E00186873,410,212,198
E00172294,407,228,179
E00172295,228,116,112
E00186887,411,224,187
E00186929,307,144,163
E00186934,175,74,101
E00187000,240,125,115
E00159201,389,190,199
E00159202,278,145,133
E00159205,461,239,222
E00159207,332,171,161
E00159210,316,177,139
E00159193,172,99,73
E00159194,361,204,157
E00159195,385,218,167
E00159196,297,149,148
E00159197,299,160,139
E00159198,344,175,169
E00159199,290,154,136
E00172279,260,126,134
E00172284,284,147,137
E00172285,323,170,153
E00172286,274,136,138
E00172287,186,93,93
E00172280,289,141,148
E00172296,533,280,253
E00172300,393,210,183
E00172301,488,265,223
E00159200,371,194,177
E00159204,324,166,158
E00159206,295,152,143
E00159208,402,213,189
E00159240,283,152,131
E00159245,284,151,133
E00159246,425,231,194
E00159247,286,152,134
E00159256,254,140,114
E00172278,111,60,51
E00172293,292,147,145
E00172299,149,79,70
E00159236,409,203,206
E00159241,254,122,132
E00159249,301,156,145
E00159250,333,185,148
E00159257,387,202,185
E00159237,243,129,114
E00159242,171,93,78
E00159252,334,210,124
E00159253,367,210,157
E00159254,244,125,119
E00159255,156,85,71
E00159259,225,114,111
E00159235,195,123,72
E00159238,327,175,152
E00159239,377,192,185
E00159243,253,135,118
E00159244,251,134,117
E00159248,226,118,108
E00159258,207,122,85
E00159264,279,146,133
E00159268,301,150,151
E00159269,391,176,215
E00159272,290,147,143
E00159273,257,139,118
E00159002,280,139,141
E00159003,401,222,179
E00159004,287,143,144
E00159005,562,287,275
E00159006,216,100,116
E00158990,354,183,171
E00158995,370,190,180
E00158996,265,133,132
E00159001,284,145,139
E00186871,157,79,78
E00186931,419,217,202
E00186992,296,151,145
E00187019,341,178,163
E00158987,335,189,146
E00158989,297,151,146
E00158991,415,215,200
E00158994,304,153,151
E00158998,563,284,279
E00159007,157,73,84
E00158986,361,179,182
E00158988,518,263,255
E00158992,416,208,208
E00158997,257,147,110
E00158999,273,141,132
E00186939,360,182,178
E00186961,233,125,108
E00159325,449,240,209
E00159326,142,69,73
E00159327,463,229,234
E00159328,421,211,210
E00159329,483,236,247
E00159330,327,166,161
E00159331,170,84,86
E00159017,273,136,137
E00159018,286,146,140
E00159020,240,126,114
E00159021,310,153,157
E00159022,228,110,118
E00159023,334,178,156
E00172281,231,109,122
E00172283,435,211,224
E00159084,108,55,53
E00159085,530,260,270
E00159087,358,195,163
E00159090,290,152,138
E00159092,544,272,272
E00159083,172,81,91
E00159086,383,196,187
E00159088,364,192,172
E00159089,427,220,207
E00159091,232,99,133
E00159093,430,220,210
E00159094,383,205,178
E00159095,264,130,134
E00159096,346,171,175
E00159316,230,117,113
E00159317,387,195,192
E00159318,161,81,80
E00159319,309,148,161
E00159320,347,186,161
E00159321,280,137,143
E00159322,305,167,138
E00159323,246,107,139
E00159324,149,74,75
E00159032,306,161,145
E00159033,251,127,124
E00159034,151,76,75
E00159035,545,276,269
E00159036,258,134,124
E00159037,261,127,134
E00159038,342,167,175
E00159039,373,189,184
E00159307,223,116,107
E00159308,259,131,128
E00159310,270,142,128
E00159312,500,264,236
E00159309,240,116,124
E00159311,338,184,154
E00159313,391,206,185
E00159314,219,111,108
E00159315,174,88,86
E00159125,245,127,118
E00186876,309,155,154
E00186879,129,70,59
E00186892,292,151,141
E00186917,472,239,233
E00186882,314,160,154
E00186894,408,210,198
E00186941,386,206,180
E00186973,573,289,284
E00186988,140,68,72
E00159126,275,148,127
E00159128,266,131,135
E00159129,550,281,269
E00186914,356,176,180
E00159008,131,69,62
E00159010,299,160,139
E00159012,303,142,161
E00159013,218,115,103
E00159014,174,85,89
E00159015,241,125,116
E00159016,423,223,200
E00186844,331,176,155
E00159105,213,110,103
E00159107,360,190,170
E00159109,321,158,163
E00159110,331,176,155
E00159111,221,125,96
E00159112,171,83,88
E00159113,299,162,137
E00172277,307,159,148
E00159142,385,200,185
E00159143,283,146,137
E00159152,442,222,220
E00159153,229,129,100
E00172297,215,110,105
E00172298,256,122,134
E00186937,508,259,249
E00186974,116,65,51
E00159140,226,118,108
E00159141,271,145,126
E00159144,578,311,267
E00159145,334,169,165
E00159146,208,109,99
E00159147,194,97,97
E00159139,289,148,141
E00159148,494,278,216
E00159149,326,162,164
E00159150,250,133,117
E00159151,245,130,115
E00159356,250,123,127
E00159363,258,126,132
E00159364,509,249,260
E00159379,317,165,152
E00159380,371,186,185
E00159354,395,200,195
E00159365,305,150,155
E00159366,298,158,140
E00159367,226,121,105
E00159370,219,121,98
E00159355,288,152,136
E00159357,232,127,105
E00159358,255,123,132
E00159361,285,147,138
E00159368,291,141,150
E00159371,308,147,161
E00159369,275,143,132
E00159372,350,182,168
E00159373,273,130,143
E00159374,285,153,132
E00159376,309,160,149
E00159359,207,114,93
E00159360,355,187,168
E00159362,372,191,181
E00159375,271,147,124
E00159377,250,134,116
E00159378,235,126,109
E00159577,383,191,192
E00159579,217,113,104
E00159583,241,118,123
E00159584,193,98,95
E00159591,273,143,130
E00159593,207,100,107
E00159585,348,156,192
E00159586,200,96,104
E00159587,296,151,145
E00159588,274,144,130
E00159602,285,151,134
E00186980,167,85,82
E00187018,460,238,222
E00159580,353,191,162
E00159589,264,137,127
E00159590,311,158,153
E00159592,276,143,133
E00159594,138,91,47
E00159595,296,157,139
E00159578,371,195,176
E00159596,360,172,188
E00159597,324,166,158
E00159598,327,173,154
E00159576,324,164,160
E00159582,304,145,159
E00159599,364,188,176
E00159600,376,181,195
E00159601,203,106,97
E00159603,306,161,145
E00159616,300,148,152
E00159622,326,169,157
E00159627,298,153,145
E00159632,252,126,126
E00159637,311,157,154
E00159620,254,125,129
E00159628,320,161,159
E00159631,311,158,153
E00159635,302,143,159
E00159636,319,156,163
E00159614,278,150,128
E00159617,314,157,157
E00159621,343,183,160
E00159623,263,140,123
E00159625,285,149,136
E00159615,285,144,141
E00159624,301,148,153
E00159633,237,131,106
E00159634,266,136,130
E00159638,341,170,171
E00159618,269,132,137
E00159619,283,146,137
E00159626,285,144,141
E00159629,261,135,126
E00159630,301,152,149
E00159498,242,119,123
E00159499,341,175,166
E00159500,376,188,188
E00159503,271,138,133
E00159505,381,187,194
E00159501,373,189,184
E00159502,352,168,184
E00159504,231,121,110
E00159506,267,139,128
E00159507,430,218,212
E00159509,251,116,135
E00159513,263,144,119
E00159514,344,167,177
E00159515,290,154,136
E00159516,147,69,78
E00159508,250,125,125
E00159510,375,181,194
E00159511,384,199,185
E00159512,245,120,125
E00159485,361,185,176
E00159486,304,157,147
E00159487,316,158,158
E00159488,284,146,138
E00159490,262,140,122
E00159478,173,82,91
E00159483,353,179,174
E00159489,315,160,155
E00159493,315,156,159
E00159495,160,69,91
E00159496,419,224,195
E00159481,245,126,119
E00159482,344,178,166
E00159484,284,151,133
E00159491,264,137,127
E00159492,244,124,120
E00159479,278,147,131
E00159480,369,192,177
E00159494,188,91,97
E00159497,434,220,214
E00159604,209,108,101
E00159605,250,137,113
E00159607,302,147,155
E00159608,150,76,74
E00159611,312,162,150
E00186865,328,173,155
E00186989,327,166,161
E00159606,289,142,147
E00159609,219,113,106
E00159612,257,133,124
E00159613,264,139,125
E00159639,141,72,69
E00159640,237,119,118
E00159641,278,136,142
E00159642,226,120,106
E00159645,351,178,173
E00186846,2846,1435,1411
E00159459,229,111,118
E00159461,269,147,122
E00159465,233,102,131
E00159468,279,153,126
E00159469,283,150,133
E00159462,332,179,153
E00159463,329,161,168
E00159464,260,128,132
E00159466,298,160,138
E00159467,322,166,156
E00159460,302,149,153
E00159475,294,153,141
E00159476,335,169,166
E00159477,290,154,136
E00159470,296,146,150
E00159471,319,159,160
E00159472,251,132,119
E00159473,335,161,174
E00159474,269,134,135
E00159439,275,145,130
E00159441,290,147,143
E00159449,294,145,149
E00159450,200,103,97
E00159453,383,178,205
E00159454,286,136,150
E00159517,207,114,93
E00159518,456,248,208
E00159519,289,135,154
E00159520,181,87,94
E00159523,315,157,158
E00159542,292,151,141
E00159543,284,145,139
E00159544,258,126,132
E00159521,239,124,115
E00159522,216,106,110
E00159524,312,163,149
E00159525,292,144,148
E00159541,155,83,72
E00159545,207,115,92
E00159526,322,168,154
E00159527,267,143,124
E00159529,285,145,140
E00159530,304,151,153
E00159531,343,183,160
E00159528,314,162,152
E00159534,425,201,224
E00159537,347,186,161
E00159538,214,112,102
E00159539,441,232,209
E00159532,304,161,143
E00159533,305,157,148
E00159535,323,168,155
E00159536,318,169,149
E00159540,349,184,165
E00159458,275,147,128
E00172302,130,53,77
E00172303,278,121,157
E00172307,190,81,109
E00172319,268,133,135
E00172320,223,114,109
E00172321,111,50,61
E00159443,289,124,165
E00159446,486,252,234
E00159447,191,111,80
E00159451,299,137,162
E00159647,251,132,119
E00159671,304,156,148
E00159672,324,156,168
E00159673,185,102,83
E00159674,220,104,116
E00186895,259,131,128
E00186927,237,100,137
E00186978,249,126,123
E00159648,511,270,241
E00159649,271,148,123
E00159667,321,163,158
E00159669,223,111,112
E00159646,257,133,124
E00159658,195,112,83
E00159662,250,135,115
E00159668,350,184,166
E00159670,317,163,154
E00159653,248,135,113
E00159663,278,136,142
E00159664,285,148,137
E00159666,496,252,244
E00159650,324,158,166
E00159656,237,120,117
E00159657,231,109,122
E00159659,286,145,141
E00159661,251,121,130
E00159651,223,104,119
E00159652,258,133,125
E00159654,243,125,118
E00159655,329,179,150
E00159660,235,120,115
E00159547,245,118,127
E00159558,245,120,125
E00159566,278,136,142
E00159571,302,147,155
E00159573,298,138,160
E00159574,294,132,162
E00159551,370,175,195
E00159553,407,166,241
E00159572,209,105,104
E00159575,260,115,145
E00186935,221,104,117
E00186964,124,65,59
E00187015,340,175,165
E00159557,280,135,145
E00159561,381,197,184
E00159562,375,189,186
E00159564,226,116,110
E00159565,256,120,136
E00159548,291,142,149
E00159549,329,163,166
E00159550,425,204,221
E00159567,296,139,157
E00159568,236,139,97
E00159559,367,184,183
E00159560,283,131,152
E00159563,270,139,131
E00159569,282,145,137
E00159570,276,133,143
E00159546,304,161,143
E00159554,334,162,172
E00159555,290,156,134
E00159556,269,144,125
E00159440,337,169,168
E00159442,273,137,136
E00159444,235,97,138
E00159445,223,117,106
E00159455,225,121,104
E00159456,243,107,136
E00159457,290,142,148
E00159762,305,154,151
E00159766,349,163,186
E00159769,405,204,201
E00159772,273,138,135
E00159767,344,164,180
E00159771,294,150,144
E00159783,311,151,160
E00159789,404,205,199
E00159761,275,142,133
E00159763,275,144,131
E00159773,336,153,183
E00159774,243,120,123
E00159787,329,168,161
E00159764,341,149,192
E00159775,306,147,159
E00159779,258,122,136
E00159785,252,108,144
E00159786,265,125,140
E00159760,292,129,163
E00159776,350,169,181
E00159778,380,183,197
E00159780,357,150,207
E00159782,364,177,187
E00159784,275,121,154
E00159765,302,138,164
E00159770,232,112,120
E00159777,247,127,120
E00159781,264,131,133
E00159788,189,88,101
E00186870,180,81,99
E00186875,417,211,206
E00159728,343,183,160
E00159731,316,161,155
E00159732,312,165,147
E00159733,323,157,166
E00159705,484,246,238
E00159707,427,207,220
E00159712,174,100,74
E00159734,221,102,119
E00172316,209,101,108
E00172317,204,101,103
E00172318,243,116,127
E00159709,309,180,129
E00159710,264,133,131
E00159711,218,99,119
E00159714,311,156,155
E00159729,351,182,169
E00159730,223,107,116
E00159708,313,149,164
E00159715,335,163,172
E00159716,336,161,175
E00159717,234,105,129
E00159721,327,177,150
E00172326,225,107,118
E00172327,338,181,157
E00159719,256,121,135
E00159720,278,153,125
E00159722,276,129,147
E00159723,280,140,140
E00159724,343,178,165
E00172322,270,134,136
E00172323,288,151,137
E00172324,309,155,154
E00172330,258,135,123
E00172334,300,157,143
E00159725,275,138,137
E00159726,305,152,153
E00172328,289,150,139
E00172329,269,126,143
E00186864,354,198,156
E00186946,131,68,63
E00186977,617,313,304
E00187013,552,304,248
E00159688,486,252,234
E00159694,420,195,225
E00172310,291,151,140
E00172311,244,124,120
E00172312,324,157,167
E00186877,322,165,157
E00186993,363,181,182
E00159679,220,110,110
E00159680,279,139,140
E00159682,218,105,113
E00159683,291,152,139
E00159684,195,113,82
E00159704,253,118,135
E00159685,299,121,178
E00159689,430,216,214
E00159690,168,82,86
E00159691,274,137,137
E00159692,375,196,179
E00159676,358,194,164
E00159700,326,163,163
E00159702,314,163,151
E00159703,425,208,217
E00186867,267,129,138
E00186944,292,148,144
E00159675,248,122,126
E00159677,237,111,126
E00159681,317,162,155
E00159687,299,149,150
E00159701,257,123,134
E00186883,112,60,52
E00186884,250,127,123
E00186940,507,273,234
E00187014,551,287,264
E00159678,348,174,174
E00159696,260,134,126
E00186839,489,245,244
E00186847,594,283,311
E00186890,502,248,254
E00186915,352,188,164
E00186945,173,92,81
E00186997,308,168,140
E00159391,247,112,135
E00159393,355,175,180
E00159398,535,241,294
E00159409,489,218,271
E00159417,323,155,168
E00159394,240,109,131
E00159396,209,98,111
E00159404,338,182,156
E00159405,278,126,152
E00159406,316,142,174
E00159395,367,177,190
E00159397,350,167,183
E00159399,322,154,168
E00159401,352,151,201
E00159419,359,162,197
E00159400,362,179,183
E00159402,377,201,176
E00159403,338,169,169
E00159407,252,132,120
E00159408,375,167,208
E00159411,385,186,199
E00159414,353,172,181
E00159418,424,205,219
E00186948,201,127,74
E00186962,356,163,193
E00159390,256,99,157
E00159392,279,131,148
E00159410,481,241,240
E00159413,287,131,156
E00159415,247,103,144
E00159416,285,127,158
E00159381,563,286,277
E00159384,318,160,158
E00159385,324,168,156
E00186885,503,249,254
E00186923,572,289,283
E00186925,245,129,116
E00186928,150,80,70
E00186994,227,117,110
E00159383,229,130,99
E00159387,249,127,122
E00159388,298,151,147
E00186893,272,149,123
E00186905,395,204,191
E00186918,138,65,73
E00186933,609,315,294
E00186954,113,57,56
E00159424,282,142,140
E00159425,337,164,173
E00159428,155,81,74
E00159430,323,163,160
E00159431,316,157,159
E00159436,338,183,155
E00159426,341,175,166
E00159432,277,148,129
E00159434,286,149,137
E00159435,462,251,211
E00172315,250,123,127
E00172332,304,149,155
E00172333,309,157,152
E00186845,379,189,190
E00159420,411,217,194
E00159421,324,179,145
E00159423,342,173,169
E00159437,173,90,83
E00159438,138,68,70
E00186901,99,47,52
E00186909,594,303,291
E00159739,317,164,153
E00159740,279,147,132
E00159741,306,155,151
E00159742,312,146,166
E00159745,252,129,123
E00159744,264,140,124
E00159747,315,180,135
E00159752,320,157,163
E00159755,435,216,219
E00172304,368,170,198
E00172305,229,117,112
E00172314,192,97,95
E00186881,582,301,281
E00186904,249,117,132
E00159743,299,146,153
E00159750,325,172,153
E00159754,295,134,161
E00172308,341,153,188
E00172309,252,126,126
E00172313,354,174,180
E00172331,333,172,161
E00172335,335,163,172
E00159735,276,131,145
E00159748,308,146,162
E00159751,296,152,144
E00159753,358,182,176
E00159757,271,137,134
E00159736,293,138,155
E00159737,219,109,110
E00159756,299,144,155
E00159758,265,147,118
E00172325,489,257,232
E00172336,261,141,120
E00163925,594,307,287
E00163927,371,188,183
E00163928,305,156,149
E00163929,358,178,180
E00163933,286,153,133
E00163935,352,183,169
E00163942,453,247,206
E00163945,380,194,186
E00181313,173,96,77
E00181327,385,201,184
E00181396,333,175,158
E00163932,516,255,261
E00163934,382,188,194
E00163937,194,113,81
E00163938,367,202,165
E00163939,346,200,146
E00163940,353,170,183
E00163941,379,190,189
E00163943,391,193,198
E00163944,396,198,198
E00163920,381,191,190
E00163926,286,148,138
E00163930,313,169,144
E00163931,335,155,180
E00163919,323,163,160
E00163921,354,186,168
E00163922,296,161,135
E00163923,381,197,184
E00163924,235,128,107
E00164079,394,197,197
E00164081,371,185,186
E00164082,390,203,187
E00164075,117,55,62
E00164076,238,117,121
E00164077,311,163,148
E00164078,254,122,132
E00164080,234,127,107
E00164112,226,112,114
E00164113,449,236,213
E00164114,275,133,142
E00164115,269,133,136
E00164116,260,129,131
E00164117,263,128,135
E00164118,263,128,135
E00164119,203,109,94
E00163864,312,166,146
E00163865,262,127,135
E00163866,258,131,127
E00163867,296,146,150
E00163868,336,187,149
E00163869,323,164,159
E00163870,275,150,125
E00164083,401,214,187
E00164086,353,183,170
E00164093,320,153,167
E00164096,305,149,156
E00164087,314,156,158
E00164088,310,149,161
E00164089,256,128,128
E00164090,264,132,132
E00164091,305,157,148
E00164084,328,160,168
E00164085,345,183,162
E00164092,313,158,155
E00164094,276,145,131
E00164095,270,144,126
E00163906,200,116,84
E00163908,277,147,130
E00163912,262,138,124
E00163914,270,151,119
E00163915,263,181,82
E00163916,327,179,148
E00163902,348,192,156
E00163907,275,131,144
E00163909,282,139,143
E00163910,338,164,174
E00163913,325,167,158
E00163963,311,160,151
E00163968,373,184,189
E00163969,260,128,132
E00163972,264,132,132
E00163973,319,168,151
E00163960,287,149,138
E00163962,284,143,141
E00163965,343,172,171
E00163966,312,167,145
E00163903,108,57,51
E00163904,329,170,159
E00163905,229,111,118
E00163911,342,178,164
E00163917,274,150,124
E00163918,345,191,154
E00163961,301,159,142
E00163964,331,161,170
E00163967,347,184,163
E00163970,362,183,179
E00163971,310,157,153
E00164125,593,309,284
E00164126,437,231,206
E00181319,206,107,99
E00181357,496,251,245
E00181367,125,69,56
E00164120,351,181,170
E00164121,368,181,187
E00164122,198,105,93
E00164123,297,147,150
E00163948,415,203,212
E00163949,365,173,192
E00163950,363,187,176
E00181274,581,292,289
E00181298,333,165,168
E00181308,201,106,95
E00181312,178,88,90
E00163946,485,255,230
E00163957,372,183,189
E00163958,422,216,206
E00163959,335,165,170
E00163951,296,160,136
E00163952,512,270,242
E00163953,318,167,151
E00163954,346,172,174
E00163955,371,197,174
E00163956,192,109,83
E00163975,322,174,148
E00163978,290,147,143
E00163980,352,173,179
E00163981,302,151,151
E00163875,365,185,180
E00163876,235,119,116
E00163877,364,206,158
E00163880,531,262,269
E00163882,251,127,124
E00163872,272,139,133
E00163873,266,146,120
E00163874,285,149,136
E00163879,304,156,148
E00163883,313,157,156
E00163871,414,204,210
E00163878,351,177,174
E00163881,364,189,175
E00163884,268,132,136
E00163983,278,162,116
E00163985,315,160,155
E00163986,267,143,124
E00163987,288,152,136
E00163988,224,115,109
E00163974,196,102,94
E00163976,242,133,109
E00163977,400,230,170
E00163979,354,180,174
E00163982,288,142,146
E00163989,355,187,168
E00163990,319,148,171
E00163991,215,117,98
E00163992,276,142,134
E00163984,376,190,186
E00163993,413,213,200
E00163994,304,156,148
E00163995,356,189,167
E00163997,435,211,224
E00163998,327,170,157
E00164000,166,84,82
E00181304,209,120,89
E00181329,548,292,256
E00181388,351,182,169
E00181402,220,111,109
E00164004,369,185,184
E00164005,385,190,195
E00164006,300,145,155
E00164007,316,156,160
E00164008,318,164,154
E00163841,497,261,236
E00163842,510,266,244
E00163843,107,61,46
E00163844,348,178,170
E00163845,428,196,232
E00163855,420,214,206
E00163858,278,143,135
E00163859,303,153,150
E00163860,242,125,117
E00163861,258,135,123
E00172214,484,232,252
E00163846,258,145,113
E00163847,206,102,104
E00163849,272,152,120
E00163851,299,154,145
E00163852,247,136,111
E00163856,288,150,138
E00163848,279,143,136
E00163850,275,141,134
E00163853,262,139,123
E00163854,298,171,127
E00163857,367,194,173
E00164001,297,149,148
E00164002,298,151,147
E00164003,405,197,208
E00172231,386,203,183
E00172232,363,181,182
E00164027,252,123,129
E00164029,274,146,128
E00164032,409,204,205
E00164034,327,164,163
E00164036,384,221,163
E00164037,282,148,134
E00164026,371,180,191
E00164028,314,163,151
E00164031,247,130,117
E00164033,238,124,114
E00164035,255,137,118
E00164040,277,133,144
E00164030,239,129,110
E00164039,312,158,154
E00164041,303,169,134
E00164042,360,174,186
E00181277,552,273,279
E00181391,233,139,94
E00164010,357,174,183
E00164019,200,103,97
E00164025,245,136,109
E00172215,564,254,310
E00172217,150,80,70
E00181334,278,130,148
E00181366,239,153,86
E00164011,195,118,77
E00164012,372,193,179
E00164014,246,137,109
E00164017,232,127,105
E00164018,173,105,68
E00164023,237,110,127
E00164024,217,120,97
E00164097,369,189,180
E00164102,301,155,146
E00164103,342,169,173
E00164104,314,157,157
E00164106,344,176,168
E00164098,266,138,128
E00164099,294,147,147
E00164100,378,179,199
E00164101,296,151,145
E00164111,339,179,160
E00164009,280,154,126
E00164015,267,135,132
E00164016,307,160,147
E00164021,330,170,160
E00164022,329,165,164
E00164047,308,160,148
E00164049,247,128,119
E00164050,297,149,148
E00164051,326,177,149
E00172226,392,203,189
E00172230,336,176,160
E00164043,373,177,196
E00164052,302,156,146
E00172216,363,183,180
E00172221,261,137,124
E00172227,247,128,119
E00164044,273,138,135
E00164045,457,251,206
E00164048,315,157,158
E00172224,457,229,228
E00172225,356,173,183
E00163886,365,182,183
E00163890,343,178,165
E00163894,320,153,167
E00163896,319,169,150
E00163901,269,147,122
E00163885,281,155,126
E00163887,249,139,110
E00163888,296,160,136
E00163893,300,165,135
E00163897,198,101,97
E00163899,351,171,180
E00163900,336,162,174
E00164105,267,139,128
E00164107,355,178,177
E00164108,301,166,135
E00164109,382,190,192
E00164110,342,183,159
E00163891,324,167,157
E00172220,235,117,118
E00172223,258,126,132
E00172228,250,129,121
E00172229,250,125,125
E00163892,302,161,141
E00163895,444,241,203
E00163898,371,180,191
E00172219,313,157,156
E00164070,375,188,187
E00164073,317,151,166
E00172218,313,164,149
E00172222,132,65,67
E00164054,241,139,102
E00164055,351,171,180
E00164056,340,170,170
E00164057,299,146,153
E00164058,301,146,155
E00164059,396,205,191
E00164060,337,163,174
E00164068,462,228,234
E00164069,522,272,250
E00164074,355,175,180
E00181363,267,128,139
E00181370,605,55,550
E00164062,373,177,196
E00164063,316,159,157
E00164064,360,171,189
E00164067,376,179,197
E00164065,237,113,124
E00164066,314,162,152
E00181368,584,304,280
E00181389,140,78,62
E00164204,535,259,276
E00164205,249,123,126
E00164206,325,164,161
E00164207,341,189,152
E00164208,419,218,201
E00164209,284,147,137
E00164210,140,68,72
E00164307,453,234,219
E00164308,418,218,200
E00164309,254,124,130
E00164310,287,141,146
E00164311,178,94,84
E00164312,238,119,119
E00164313,189,88,101
E00164314,188,91,97
E00164315,198,105,93
E00164316,115,62,53
E00164317,217,104,113
E00164318,220,108,112
E00164319,275,138,137
E00164322,250,123,127
E00164326,467,249,218
E00164320,265,153,112
E00164321,363,176,187
E00164323,189,78,111
E00164324,297,173,124
E00164325,237,131,106
E00164327,257,136,121
E00164328,208,109,99
E00164329,369,197,172
E00164138,367,175,192
E00164139,368,197,171
E00164140,294,149,145
E00164141,391,192,199
E00164142,337,184,153
E00164143,451,216,235
E00164186,324,170,154
E00164187,316,164,152
E00164188,260,137,123
E00164189,476,247,229
E00164190,513,269,244
E00164191,179,96,83
E00164240,380,207,173
E00164241,289,148,141
E00164242,496,244,252
E00164243,221,115,106
E00164244,606,298,308
E00164370,333,176,157
E00164371,455,219,236
E00164372,418,203,215
E00164373,325,164,161
E00164374,128,68,60
E00164375,293,144,149
E00164376,308,150,158
E00164127,286,146,140
E00164128,242,123,119
E00164130,245,122,123
E00164135,246,127,119
E00164136,182,86,96
E00164137,398,187,211
E00164129,527,264,263
E00164131,339,174,165
E00164132,363,180,183
E00164133,404,207,197
E00164134,483,238,245
E00164147,321,162,159
E00164149,387,190,197
E00164150,269,129,140
E00164152,340,176,164
E00164153,264,135,129
E00181272,587,316,271
E00181399,210,94,116
E00164144,555,288,267
E00164145,349,174,175
E00164146,360,180,180
E00164148,304,152,152
E00164211,339,173,166
E00164212,394,217,177
E00164216,376,196,180
E00164217,146,87,59
E00164231,376,202,174
E00164214,235,122,113
E00164218,243,134,109
E00164219,258,131,127
E00164223,251,128,123
E00164224,268,136,132
E00164232,260,128,132
E00164213,453,234,219
E00164215,274,140,134
E00164220,403,203,200
E00164221,271,144,127
E00164230,299,159,140
E00164222,287,143,144
E00164225,249,131,118
E00164226,353,175,178
E00164227,179,107,72
E00164228,192,90,102
E00164229,196,107,89
E00164273,261,119,142
E00164274,149,72,77
E00164275,139,75,64
E00164276,159,90,69
E00164277,344,176,168
E00164278,334,163,171
E00164281,141,75,66
E00164282,377,189,188
E00164284,405,211,194
E00164279,554,266,288
E00164280,338,187,151
E00164283,319,152,167
E00164285,234,129,105
E00164286,417,217,200
E00164330,330,183,147
E00164331,473,239,234
E00164332,330,176,154
E00164333,308,150,158
E00164340,244,131,113
E00164179,287,149,138
E00164181,402,207,195
E00164182,298,147,151
E00164183,269,133,136
E00164184,283,138,145
E00164185,366,200,166
E00164175,282,150,132
E00164176,318,173,145
E00164180,353,183,170
E00172255,538,268,270
E00181280,219,110,109
E00181317,299,156,143
E00181318,457,239,218
E00181333,175,83,92
E00181352,166,84,82
E00164358,338,168,170
E00164362,226,103,123
E00164363,291,144,147
E00164364,211,96,115
E00164365,332,164,168
E00164366,361,176,185
E00164367,320,165,155
E00164368,280,148,132
E00164369,256,123,133
E00164356,255,131,124
E00164357,293,130,163
E00164359,267,133,134
E00164360,248,138,110
E00164361,303,147,156
E00164262,303,144,159
E00164263,322,179,143
E00164264,271,144,127
E00164265,367,208,159
E00164266,415,212,203
E00164253,245,120,125
E00164267,333,161,172
E00164268,308,172,136
E00164269,204,113,91
E00164270,301,142,159
E00164271,290,158,132
E00164254,266,139,127
E00164256,303,149,154
E00164260,382,198,184
E00164261,247,123,124
E00164272,249,132,117
E00164252,239,120,119
E00164255,400,214,186
E00164257,284,143,141
E00164258,399,203,196
E00164259,329,173,156
E00164193,394,203,191
E00164196,314,158,156
E00164199,494,262,232
E00164200,296,162,134
E00164202,353,182,171
E00164203,323,159,164
E00181279,527,271,256
E00181382,190,101,89
E00164192,250,132,118
E00164197,279,153,126
E00164198,318,161,157
E00164201,411,214,197
E00181303,443,227,216
E00181364,176,105,71
E00181371,266,141,125
E00164300,243,123,120
E00164301,164,83,81
E00164302,488,259,229
E00164303,211,106,105
E00164304,305,152,153
E00164305,244,134,110
E00164306,232,118,114
E00164161,304,157,147
E00164165,197,100,97
E00164167,258,141,117
E00164169,253,134,119
E00164170,238,121,117
E00164171,212,113,99
E00164158,247,123,124
E00164162,450,233,217
E00164172,290,152,138
E00164173,256,131,125
E00164174,243,140,103
E00164156,441,279,162
E00164157,314,147,167
E00164160,355,181,174
E00164163,239,133,106
E00164154,298,169,129
E00164155,288,155,133
E00164159,230,141,89
E00164164,301,149,152
E00164166,287,148,139
E00164168,285,142,143
E00164288,250,126,124
E00164289,411,212,199
E00164290,319,163,156
E00164293,214,93,121
E00164295,304,161,143
E00164294,224,117,107
E00164296,283,154,129
E00164298,400,207,193
E00172253,562,258,304
E00172254,140,76,64
E00164287,295,152,143
E00164291,241,124,117
E00164292,311,152,159
E00164299,287,171,116
E00164345,347,162,185
E00164346,260,133,127
E00164347,319,184,135
E00164354,277,156,121
E00164355,327,175,152
E00164348,311,151,160
E00164349,233,118,115
E00164350,243,132,111
E00164351,324,177,147
E00164352,278,146,132
E00164353,245,121,124
E00164233,334,171,163
E00164234,372,180,192
E00164235,289,145,144
E00164236,295,153,142
E00164237,466,225,241
E00164238,295,153,142
E00164239,107,53,54
E00164245,257,125,132
E00164246,345,180,165
E00164247,272,146,126
E00164248,367,195,172
E00164249,266,137,129
E00164251,251,121,130
E00181372,516,278,238
E00181374,161,81,80
E00164334,281,143,138
E00164335,252,136,116
E00164339,245,119,126
E00164343,285,150,135
E00164336,270,142,128
E00164337,361,174,187
E00164338,220,120,100
E00164341,229,116,113
E00164342,260,136,124
E00164344,256,132,124
E00164383,281,143,138
E00164385,283,147,136
E00164386,269,138,131
E00171587,548,286,262
E00181354,346,170,176
E00181377,499,260,239
E00181378,223,117,106
E00181380,355,178,177
E00164377,274,139,135
E00164378,270,137,133
E00164379,281,142,139
E00164381,237,130,107
E00164471,293,144,149
E00164472,299,159,140
E00164474,224,106,118
E00164475,243,131,112
E00164476,253,120,133
E00164453,218,108,110
E00164454,583,291,292
E00164473,376,188,188
E00164477,285,148,137
E00164463,280,138,142
E00164466,325,161,164
E00164468,333,174,159
E00164470,308,162,146
E00164457,372,199,173
E00164458,305,163,142
E00164465,290,153,137
E00164467,335,178,157
E00164456,275,139,136
E00164460,256,141,115
E00164461,222,120,102
E00164464,338,171,167
E00164469,276,131,145
E00164452,324,170,154
E00164455,326,162,164
E00164459,291,149,142
E00164462,315,166,149
E00164478,281,146,135
E00164417,219,111,108
E00164419,232,120,112
E00164423,300,150,150
E00164427,261,138,123
E00164428,191,79,112
E00164429,326,156,170
E00164415,246,122,124
E00164416,608,295,313
E00164430,386,188,198
E00164431,334,195,139
E00164432,324,179,145
E00164412,285,157,128
E00164418,395,208,187
E00164420,286,135,151
E00164421,318,172,146
E00164422,205,110,95
E00164424,308,150,158
E00181287,436,221,215
E00181293,555,295,260
E00181358,407,194,213
E00181361,133,72,61
E00164414,473,237,236
E00164426,285,144,141
E00171584,130,71,59
E00171586,260,140,120
E00164425,417,206,211
E00171593,301,159,142
E00171594,366,175,191
E00171595,354,174,180
E00164388,398,202,196
E00164392,434,202,232
E00164393,431,200,231
E00171588,245,118,127
E00171589,260,129,131
E00171590,159,70,89
E00164384,281,144,137
E00164387,350,165,185
E00164389,284,141,143
E00164390,237,122,115
E00164434,410,184,226
E00164437,286,133,153
E00164451,541,279,262
E00181337,219,110,109
E00181408,413,203,210
E00164552,323,157,166
E00164553,361,173,188
E00164554,286,128,158
E00164555,287,145,142
E00164556,389,190,199
E00164557,422,207,215
E00164607,320,157,163
E00164609,353,180,173
E00164612,348,176,172
E00164628,302,151,151
E00164605,278,135,143
E00164608,323,156,167
E00164610,274,140,134
E00164630,274,131,143
E00164631,262,145,117
E00164615,369,186,183
E00164625,267,123,144
E00164626,343,174,169
E00164627,258,138,120
E00164611,252,122,130
E00164614,320,167,153
E00164617,274,139,135
E00164619,344,182,162
E00164623,369,183,186
E00164435,550,290,260
E00164439,382,171,211
E00164442,318,150,168
E00164444,310,152,158
E00164447,278,138,140
E00164438,280,154,126
E00164441,310,152,158
E00164443,281,149,132
E00164445,213,106,107
E00164446,320,165,155
E00164436,392,179,213
E00164440,312,153,159
E00164448,316,153,163
E00164449,340,175,165
E00164562,341,171,170
E00164564,346,182,164
E00164565,355,181,174
E00164566,376,186,190
E00164567,352,174,178
E00164509,320,157,163
E00164510,446,221,225
E00164511,315,152,163
E00164512,315,147,168
E00164558,344,180,164
E00164559,255,134,121
E00164560,231,114,117
E00164563,289,154,135
E00181300,291,144,147
E00181348,331,169,162
E00164568,381,197,184
E00164569,321,157,164
E00164570,264,133,131
E00164571,304,149,155
E00164581,275,138,137
E00164606,315,158,157
E00164616,328,163,165
E00164624,305,150,155
E00164629,303,147,156
E00164522,270,145,125
E00164528,335,177,158
E00164548,283,141,142
E00164549,251,142,109
E00164550,262,133,129
E00164591,336,177,159
E00164592,354,182,172
E00164595,224,114,110
E00164597,243,127,116
E00164602,221,104,117
E00164604,220,113,107
E00164589,444,222,222
E00164590,349,175,174
E00164601,403,202,201
E00164603,248,133,115
E00164587,352,182,170
E00164593,259,123,136
E00181324,301,138,163
E00181340,540,278,262
E00181343,519,256,263
E00181345,140,63,77
E00164594,286,150,136
E00164598,358,189,169
E00164599,229,124,105
E00164600,324,158,166
E00164505,317,159,158
E00164506,279,143,136
E00164508,289,147,142
E00181299,499,260,239
E00181373,219,110,109
E00164572,372,194,178
E00164573,303,163,140
E00164577,271,141,130
E00164578,300,167,133
E00164579,374,187,187
E00164574,430,199,231
E00164575,398,193,205
E00164576,279,146,133
E00164583,297,155,142
E00164586,381,189,192
E00164580,268,134,134
E00164582,251,123,128
E00164584,336,171,165
E00164585,303,152,151
E00164613,282,134,148
E00164618,264,132,132
E00164620,342,176,166
E00164621,308,151,157
E00164622,266,133,133
E00164501,292,139,153
E00164502,341,162,179
E00164504,348,183,165
E00164521,388,198,190
E00164499,370,190,180
E00164503,396,205,191
E00164518,375,191,184
E00171585,431,215,216
E00171596,199,96,103
E00164497,432,208,224
E00164500,348,176,172
E00164519,367,180,187
E00164520,258,126,132
E00164513,328,172,156
E00164514,496,257,239
E00164515,559,294,265
E00164516,556,284,272
E00164517,298,157,141
E00164537,293,151,142
E00164539,258,131,127
E00164540,257,136,121
E00164542,276,143,133
E00164544,265,138,127
E00164543,339,165,174
E00164545,298,153,145
E00164546,444,214,230
E00164547,306,152,154
E00164523,284,154,130
E00164524,188,87,101
E00164525,268,136,132
E00164526,230,115,115
E00164527,269,138,131
E00164551,232,126,106
E00164530,283,141,142
E00164531,162,92,70
E00164534,261,137,124
E00164535,360,199,161
E00164541,295,155,140
E00164484,315,165,150
E00164488,332,167,165
E00164491,397,202,195
E00164494,325,173,152
E00164486,243,127,116
E00164489,376,204,172
E00164490,201,107,94
E00164493,278,149,129
E00164496,274,136,138
E00164481,316,153,163
E00164483,325,157,168
E00164487,391,204,187
E00164492,318,159,159
E00164479,343,171,172
E00164480,278,148,130
E00164482,273,133,140
E00164485,364,174,190
E00164495,227,107,120
E00164529,332,167,165
E00164532,232,113,119
E00164533,258,131,127
E00164536,290,142,148
E00164538,284,146,138
E00164395,319,154,165
E00164398,174,89,85
E00164410,467,233,234
E00164411,349,184,165
E00164402,249,123,126
E00164403,210,104,106
E00164404,401,205,196
E00164405,287,158,129
E00164406,239,135,104
E00164396,397,215,182
E00164399,336,171,165
E00164407,425,224,201
E00164408,340,181,159
E00164394,422,212,210
E00164397,297,160,137
E00164400,256,142,114
E00164401,356,179,177
E00164409,527,259,268
E00164736,349,178,171
E00164739,322,167,155
E00164740,407,201,206
E00164741,242,117,125
E00164742,239,123,116
E00164725,291,144,147
E00164726,312,172,140
E00164743,308,145,163
E00164745,309,153,156
E00164746,116,62,54
E00164748,269,136,133
E00164724,355,168,187
E00164729,308,171,137
E00164744,336,163,173
E00164747,317,158,159
E00164749,264,138,126
E00164750,272,143,129
E00164728,325,161,164
E00164730,257,126,131
E00164733,319,165,154
E00164734,326,167,159
E00164737,323,143,180
E00164727,316,162,154
E00164731,311,167,144
E00164732,313,159,154
E00164735,301,152,149
E00164738,412,226,186
E00164765,357,179,178
E00164766,324,166,158
E00164767,364,191,173
E00164768,267,142,125
E00164760,366,200,166
E00164761,292,138,154
E00164762,264,137,127
E00164763,287,140,147
E00164764,312,146,166
E00164898,281,155,126
E00164899,332,161,171
E00164903,285,143,142
E00164906,247,124,123
E00164911,243,126,117
E00164896,246,131,115
E00164897,244,132,112
E00164902,269,134,135
E00164904,291,163,128
E00164912,264,136,128
E00164895,183,87,96
E00164900,292,151,141
E00164901,236,128,108
E00164905,290,153,137
E00164910,179,79,100
E00164913,349,179,170
E00164922,270,141,129
E00164923,369,190,179
E00164925,262,129,133
E00164926,408,219,189
E00164927,336,164,172
E00164928,313,163,150
E00164914,335,161,174
E00164920,326,162,164
E00164921,258,135,123
E00164924,267,128,139
E00164929,341,170,171
E00164915,273,145,128
E00164916,294,147,147
E00164917,290,153,137
E00164918,278,146,132
E00164919,346,177,169
E00164632,435,226,209
E00164634,272,137,135
E00164635,308,150,158
E00164640,268,142,126
E00164799,315,174,141
E00164800,292,146,146
E00164801,325,164,161
E00164805,248,121,127
E00164810,255,131,124
E00164877,273,143,130
E00164880,227,131,96
E00164889,265,132,133
E00164891,273,141,132
E00164893,214,100,114
E00181315,243,132,111
E00181369,163,93,70
E00181405,467,244,223
E00164878,350,187,163
E00164881,354,179,175
E00164882,234,137,97
E00164883,235,120,115
E00164886,290,143,147
E00164876,280,142,138
E00164879,309,149,160
E00164884,321,158,163
E00164885,294,150,144
E00164887,228,114,114
E00164888,265,146,119
E00164890,301,145,156
E00164752,255,133,122
E00164753,259,137,122
E00164754,319,169,150
E00164755,314,152,162
E00164758,264,134,130
E00164751,403,191,212
E00164756,340,176,164
E00164757,216,105,111
E00164759,450,200,250
E00164794,268,139,129
E00164795,309,165,144
E00164796,282,131,151
E00164811,315,153,162
E00164812,376,179,197
E00164797,286,146,140
E00164798,317,156,161
E00164802,302,151,151
E00164803,342,178,164
E00164804,287,140,147
E00164806,282,158,124
E00164807,324,166,158
E00164808,414,215,199
E00164809,305,150,155
E00164907,276,148,128
E00164908,488,246,242
E00164909,498,259,239
E00172264,226,111,115
E00172265,296,147,149
E00172266,205,106,99
E00164816,440,248,192
E00164818,221,117,104
E00164820,281,153,128
E00164821,235,121,114
E00164813,294,159,135
E00164819,324,174,150
E00164822,310,156,154
E00172257,831,549,282
E00172258,168,90,78
E00164814,270,143,127
E00164823,254,124,130
E00164824,326,182,144
E00164825,292,153,139
E00164815,329,162,167
E00164826,297,158,139
E00164827,323,164,159
E00164828,290,158,132
E00164829,247,139,108
E00164636,237,112,125
E00164637,247,118,129
E00164649,326,176,150
E00164650,319,161,158
E00164651,337,179,158
E00164652,208,124,84
E00164633,311,159,152
E00164638,286,144,142
E00164641,253,129,124
E00164643,245,116,129
E00164645,282,138,144
E00164639,225,113,112
E00164642,227,112,115
E00164644,296,151,145
E00164646,219,109,110
E00164647,270,122,148
E00181339,172,87,85
E00181407,371,168,203
E00164698,315,163,152
E00164702,221,109,112
E00164721,212,103,109
E00164723,247,119,128
E00172259,266,117,149
E00164722,580,291,289
E00172261,368,171,197
E00181271,291,123,168
E00164934,323,151,172
E00164936,297,145,152
E00164937,342,179,163
E00164940,297,148,149
E00164943,443,224,219
E00181288,202,112,90
E00181344,271,158,113
E00181359,397,231,166
E00164933,278,148,130
E00164935,331,171,160
E00164938,266,135,131
E00164939,550,283,267
E00164942,277,129,148
E00164944,277,131,146
E00164931,296,152,144
E00164932,318,169,149
E00164941,432,213,219
E00164945,305,161,144
E00164946,383,212,171
E00164830,320,174,146
E00164831,395,213,182
E00164832,426,233,193
E00164835,290,139,151
E00164854,302,144,158
E00164833,219,106,113
E00164837,294,142,152
E00164840,262,138,124
E00164853,441,222,219
E00164855,293,160,133
E00164856,363,187,176
E00164838,314,162,152
E00164841,355,201,154
E00164842,327,169,158
E00164844,337,185,152
E00164849,334,173,161
E00164839,352,186,166
E00164843,334,173,161
E00164846,298,157,141
E00164848,272,139,133
E00181379,234,119,115
E00181406,435,226,209
E00164834,448,221,227
E00164845,232,133,99
E00164847,171,92,79
E00164850,343,166,177
E00164851,315,161,154
E00164852,275,144,131
E00164770,362,173,189
E00164786,402,212,190
E00164788,343,171,172
E00164789,328,168,160
E00164791,282,147,135
E00164771,396,196,200
E00164773,234,124,110
E00164775,283,133,150
E00164787,260,129,131
E00164790,365,180,185
E00164772,349,167,182
E00164774,407,195,212
E00164776,430,220,210
E00164792,342,169,173
E00164793,422,204,218
E00164777,314,156,158
E00164778,535,289,246
E00164779,305,146,159
E00164780,193,101,92
E00164782,387,189,198
E00164654,231,101,130
E00164656,389,196,193
E00164662,330,167,163
E00164667,203,99,104
E00164668,268,142,126
E00164669,276,150,126
E00164700,325,161,164
E00164704,238,92,146
E00164709,267,126,141
E00164710,421,203,218
E00164715,394,189,205
E00164695,329,168,161
E00164712,269,135,134
E00164714,312,161,151
E00164716,310,164,146
E00164717,303,149,154
E00164706,316,143,173
E00172263,279,147,132
E00172268,259,114,145
E00172270,217,103,114
E00172272,157,78,79
E00164701,265,134,131
E00164705,244,112,132
E00164711,261,125,136
E00172267,149,64,85
E00181285,162,69,93
E00181310,273,111,162
E00164682,604,314,290
E00164688,277,132,145
E00164693,313,176,137
E00181276,462,251,211
E00181323,112,55,57
E00181347,138,68,70
E00181375,213,139,74
E00181398,560,295,265
E00164671,288,152,136
E00164683,369,185,184
E00164685,390,211,179
E00164686,258,137,121
E00164689,314,161,153
E00164673,300,151,149
E00164681,319,164,155
E00164687,314,161,153
E00164691,321,161,160
E00164692,305,152,153
E00164674,288,150,138
E00164676,306,149,157
E00164677,301,149,152
E00164690,259,136,123
E00164694,312,160,152
E00164672,254,130,124
E00164675,273,133,140
E00164678,244,121,123
E00164679,282,151,131
E00164680,363,183,180
E00164660,398,211,187
E00164663,328,161,167
E00164664,384,196,188
E00164665,324,166,158
E00164666,308,156,152
E00164653,358,181,177
E00164655,309,158,151
E00164657,235,113,122
E00164658,384,188,196
E00164659,313,166,147
E00164661,384,189,195
E00164769,322,165,157
E00164781,469,248,221
E00164783,431,237,194
E00164784,398,199,199
E00164785,398,209,189
E00164719,301,148,153
E00172269,317,164,153
E00172274,278,138,140
E00181336,114,66,48
E00181376,226,106,120
E00181385,233,126,107
E00181395,246,113,133
E00164697,364,192,172
E00172271,187,86,101
E00181296,394,206,188
E00181316,154,75,79
E00181387,279,135,144
E00181390,152,81,71
E00164857,317,161,156
E00164858,340,174,166
E00164872,296,156,140
E00164873,560,284,276
E00164868,183,100,83
E00164869,254,129,125
E00164871,304,160,144
E00164874,320,167,153
E00164875,245,126,119
E00164859,302,155,147
E00164860,367,191,176
E00164861,279,149,130
E00164862,305,165,140
E00164866,230,113,117
E00164863,236,120,116
E00164864,265,138,127
E00164865,281,140,141
E00164867,296,146,150
E00164870,270,130,140
E00165185,309,162,147
E00165186,299,152,147
E00165188,165,83,82
E00165189,373,202,171
E00165190,291,154,137
E00165181,432,225,207
E00165182,272,138,134
E00165183,262,126,136
E00165184,314,156,158
E00165187,366,168,198
E00165243,348,180,168
E00165244,149,79,70
E00165245,334,180,154
E00165246,332,167,165
E00181283,616,315,301
E00181314,179,93,86
E00181326,146,81,65
E00181342,384,206,178
E00181381,237,130,107
E00165017,553,278,275
E00165023,356,185,171
E00181281,283,138,145
E00181311,412,207,205
E00165018,372,198,174
E00165019,495,245,250
E00165020,298,138,160
E00165022,213,101,112
E00165094,328,167,161
E00165095,345,173,172
E00165096,263,122,141
E00165097,349,179,170
E00165098,370,184,186
E00165099,345,177,168
E00165100,313,161,152
E00165102,540,280,260
E00165092,338,176,162
E00165101,349,185,164
E00165103,305,164,141
E00165104,248,131,117
E00165093,275,142,133
E00165105,293,147,146
E00165106,269,141,128
E00165107,189,91,98
E00165108,289,147,142
E00165045,281,148,133
E00165046,235,122,113
E00165047,377,178,199
E00165048,253,132,121
E00165050,308,176,132
E00165053,165,100,65
E00165054,202,114,88
E00165041,294,161,133
E00165049,545,290,255
E00165051,255,134,121
E00165052,289,160,129
E00165055,264,135,129
E00165057,277,145,132
E00165042,294,152,142
E00165043,266,141,125
E00165044,301,153,148
E00165056,309,163,146
E00165058,281,148,133
E00165059,229,114,115
E00165032,302,145,157
E00165034,282,140,142
E00165036,264,138,126
E00165040,263,139,124
E00165033,205,85,120
E00165035,320,159,161
E00165037,375,192,183
E00165038,258,127,131
E00165039,229,121,108
E00165076,251,141,110
E00165083,287,157,130
E00165087,324,180,144
E00165088,323,172,151
E00165089,356,188,168
E00165091,281,137,144
E00165080,277,153,124
E00165081,339,194,145
E00165084,338,166,172
E00165085,253,133,120
E00165086,337,187,150
E00165061,378,191,187
E00165064,277,135,142
E00165072,251,131,120
E00165073,323,165,158
E00165074,309,152,157
E00165060,463,236,227
E00165062,314,162,152
E00165063,291,152,139
E00165066,268,137,131
E00165069,340,180,160
E00165075,206,110,96
E00165077,267,141,126
E00165078,263,129,134
E00165079,241,129,112
E00165082,320,163,157
E00165090,279,143,136
E00165065,324,168,156
E00165070,272,136,136
E00165071,325,160,165
E00181284,354,181,173
E00181321,449,256,193
E00171597,321,165,156
E00181302,383,197,186
E00181305,311,158,153
E00181353,349,190,159
E00181355,333,165,168
E00181362,119,57,62
E00165249,318,158,160
E00165252,190,107,83
E00165254,247,120,127
E00165255,375,196,179
E00165257,116,52,64
E00165258,379,196,183
E00181338,132,65,67
E00181397,625,335,290
E00165247,190,94,96
E00165248,272,129,143
E00165251,444,244,200
E00165253,304,151,153
E00165256,294,154,140
E00165259,387,192,195
E00181278,243,127,116
E00181320,406,212,194
E00165271,347,180,167
E00165272,417,198,219
E00165273,373,178,195
E00165274,393,188,205
E00165275,358,178,180
E00165276,252,132,120
E00165277,324,173,151
E00164975,359,179,180
E00164976,382,207,175
E00164977,468,241,227
E00164978,297,145,152
E00164973,382,198,184
E00164974,396,198,198
E00164979,375,194,181
E00164980,296,161,135
E00165215,362,187,175
E00165216,315,154,161
E00165217,324,156,168
E00165225,327,170,157
E00165330,175,91,84
E00165335,310,169,141
E00165336,292,143,149
E00165337,117,62,55
E00165338,392,202,190
E00165339,237,119,118
E00165211,282,145,137
E00165212,313,158,155
E00165213,316,161,155
E00165214,263,131,132
E00165222,479,242,237
E00165218,595,307,288
E00165219,307,151,156
E00165220,340,176,164
E00165221,307,157,150
E00165223,268,142,126
E00165208,139,70,69
E00165209,370,169,201
E00165210,338,172,166
E00165224,366,182,184
E00165331,308,151,157
E00165332,128,61,67
E00165333,447,236,211
E00165334,293,152,141
E00165029,295,151,144
E00165030,158,77,81
E00165031,446,212,234
E00181386,332,162,170
E00181410,333,171,162
E00165025,253,130,123
E00165026,352,177,175
E00165027,320,167,153
E00165028,260,145,115
E00165263,602,301,301
E00165264,360,183,177
E00165267,324,163,161
E00165268,305,151,154
E00165262,287,157,130
E00165265,343,184,159
E00165266,237,124,113
E00165270,227,110,117
E00181273,521,271,250
E00181286,212,110,102
E00181307,128,64,64
E00181309,411,223,188
E00165119,274,137,137
E00165120,306,149,157
E00165121,286,142,144
E00165123,299,149,150
E00165162,265,139,126
E00165163,287,146,141
E00165165,377,192,185
E00165167,277,139,138
E00165168,98,49,49
E00165161,236,120,116
E00165164,346,170,176
E00165166,342,188,154
E00165169,135,70,65
E00165170,173,89,84
E00165171,255,129,126
E00165304,318,144,174
E00165305,319,162,157
E00165306,435,205,230
E00165307,330,170,160
E00165309,269,135,134
E00165310,266,137,129
E00165311,345,165,180
E00165312,269,136,133
E00181306,108,58,50
E00181401,583,281,302
E00165201,261,138,123
E00165204,496,266,230
E00165206,440,229,211
E00165207,495,250,245
E00165200,221,120,101
E00165202,472,247,225
E00165203,352,164,188
E00165205,311,158,153
E00165321,391,204,187
E00165322,162,78,84
E00165323,342,167,175
E00165324,282,142,140
E00165327,365,181,184
E00165325,300,155,145
E00165326,362,185,177
E00165329,301,155,146
E00171600,627,60,567
E00171601,289,151,138
E00165280,282,144,138
E00165285,308,161,147
E00165287,302,141,161
E00165302,273,148,125
E00181335,134,64,70
E00181400,525,269,256
E00165279,217,126,91
E00165283,231,111,120
E00165284,172,92,80
E00165286,231,134,97
E00165301,246,118,128
E00165303,242,129,113
E00165288,331,166,165
E00165289,309,146,163
E00165290,305,167,138
E00165291,310,153,157
E00165292,190,91,99
E00165278,272,132,140
E00165295,234,128,106
E00165296,389,202,187
E00165298,236,121,115
E00165299,233,121,112
E00165293,329,169,160
E00165294,238,118,120
E00165297,318,174,144
E00165300,272,152,120
E00181282,322,165,157
E00181297,245,128,117
E00181322,214,121,93
E00181349,496,274,222
E00164947,568,304,264
E00164948,344,178,166
E00164949,240,122,118
E00164953,376,191,185
E00164954,382,193,189
E00164950,444,231,213
E00164951,282,139,143
E00164952,255,126,129
E00164955,404,197,207
E00164989,117,62,55
E00164993,135,66,69
E00164994,350,197,153
E00164995,269,132,137
E00164996,364,193,171
E00164997,526,268,258
E00164990,475,252,223
E00164991,271,145,126
E00164992,446,237,209
E00165191,295,164,131
E00165192,371,174,197
E00165194,404,212,192
E00165195,309,151,158
E00165193,337,172,165
E00165196,300,167,133
E00165197,303,159,144
E00165198,306,150,156
E00165199,147,76,71
E00165128,360,160,200
E00165129,296,147,149
E00165131,207,87,120
E00165132,228,107,121
E00165133,204,86,118
E00165140,431,233,198
E00165144,173,87,86
E00165127,363,189,174
E00165130,397,194,203
E00165139,284,146,138
E00165141,216,129,87
E00165142,245,127,118
E00165143,275,134,141
E00164957,451,205,246
E00164966,257,131,126
E00171599,256,133,123
E00171604,167,73,94
E00171605,159,74,85
E00164960,331,163,168
E00164968,308,155,153
E00164969,261,145,116
E00164972,407,182,225
E00165134,303,166,137
E00165135,380,200,180
E00165136,229,112,117
E00165137,262,125,137
E00165138,343,167,176
E00165172,281,154,127
E00165176,304,145,159
E00165180,366,185,181
E00181325,513,262,251
E00181341,130,54,76
E00165173,195,99,96
E00165177,244,127,117
E00165178,224,121,103
E00165179,311,162,149
E00181351,320,168,152
E00181356,130,75,55
E00181360,464,231,233
E00181392,336,168,168
E00165226,320,159,161
E00165230,308,167,141
E00165231,310,154,156
E00165234,340,168,172
E00165240,508,242,266
E00164956,295,142,153
E00164967,333,176,157
E00164970,368,189,179
E00164971,322,169,153
E00181292,405,218,187
E00181301,258,133,125
E00181332,403,211,192
E00181394,218,111,107
E00181409,365,182,183
E00164958,264,127,137
E00164959,267,139,128
E00164961,500,259,241
E00164962,311,154,157
E00181275,388,189,199
E00181290,228,109,119
E00181291,328,163,165
E00165146,313,164,149
E00165147,304,158,146
E00165149,298,157,141
E00165152,278,131,147
E00171602,300,146,154
E00171603,259,124,135
E00165155,307,150,157
E00165156,256,135,121
E00165157,383,206,177
E00165158,265,144,121
E00165160,281,135,146
E00165148,267,141,126
E00165150,264,124,140
E00165151,303,148,155
E00165153,322,170,152
E00165154,407,205,202
E00165159,279,137,142
E00165235,271,143,128
E00165236,336,169,167
E00165237,319,158,161
E00165238,342,166,176
E00165242,225,125,100
E00181295,488,261,227
E00181350,139,74,65
E00181404,202,103,99
E00165227,340,177,163
E00165228,251,129,122
E00165229,265,139,126
E00165232,197,102,95
E00165233,281,147,134
E00165241,292,142,150
E00164998,248,127,121
E00165000,241,133,108
E00165002,162,75,87
E00165003,365,194,171
E00165006,235,119,116
E00165007,403,215,188
E00165008,223,131,92
E00165011,341,162,179
E00165012,145,74,71
E00165013,259,134,125
E00165014,226,120,106
E00165015,300,154,146
E00165016,205,97,108
E00164999,201,109,92
E00165001,258,134,124
E00165004,321,163,158
E00165005,298,159,139
E00165009,294,150,144
E00165010,229,116,113
E00165118,246,124,122
E00165122,226,111,115
E00165124,281,148,133
E00165125,337,173,164
E00165126,266,141,125
E00164981,380,196,184
E00164982,335,163,172
E00164983,318,166,152
E00164986,276,147,129
E00164984,400,207,193
E00164985,277,146,131
E00164987,418,219,199
E00164988,254,128,126
E00165109,258,133,125
E00165111,306,148,158
E00165115,313,160,153
E00165116,278,147,131
E00165117,324,171,153
E00165110,318,156,162
E00165112,300,147,153
E00165113,348,178,170
E00165114,320,155,165
E00165316,272,138,134
E00165317,301,146,155
E00165318,193,110,83
E00165319,197,103,94
E00165320,276,131,145
E00165313,507,260,247
E00165314,305,157,148
E00165315,338,173,165
E00165406,268,147,121
E00165407,320,149,171
E00165408,284,142,142
E00165409,321,157,164
E00165415,150,76,74
E00165416,216,111,105
E00165405,298,143,155
E00165412,391,197,194
E00165413,299,153,146
E00165417,153,79,74
E00165418,424,113,311
E00165404,357,180,177
E00165410,443,244,199
E00165411,362,184,178
E00165414,343,175,168
E00165447,348,171,177
E00165449,337,177,160
E00165450,336,179,157
E00165452,327,163,164
E00165448,226,121,105
E00165451,305,160,145
E00165453,347,178,169
E00165454,307,161,146
E00165643,364,187,177
E00165644,278,153,125
E00165645,561,298,263
E00165646,148,71,77
E00165647,508,246,262
E00165648,285,151,134
E00165649,283,147,136
E00165466,300,148,152
E00165467,327,175,152
E00165470,330,157,173
E00165473,254,137,117
E00165455,277,143,134
E00165456,311,163,148
E00165459,391,198,193
E00165461,304,154,150
E00165462,343,182,161
E00165457,251,136,115
E00165458,202,105,97
E00165460,269,145,124
E00165465,320,158,162
E00165477,277,139,138
E00165468,332,164,168
E00165469,332,163,169
E00165474,289,152,137
E00165476,298,154,144
E00165463,308,155,153
E00165464,311,158,153
E00165471,311,171,140
E00165472,310,157,153
E00165475,354,180,174
E00165419,226,108,118
E00165425,320,151,169
E00165426,233,122,111
E00165427,280,149,131
E00165428,226,103,123
E00165432,223,115,108
E00165422,272,138,134
E00165433,237,112,125
E00165434,226,120,106
E00165435,250,125,125
E00165436,294,152,142
E00165438,240,124,116
E00165478,270,142,128
E00165479,336,180,156
E00165489,276,150,126
E00165491,234,116,118
E00165494,295,152,143
E00165492,264,134,130
E00165495,306,167,139
E00165497,249,127,122
E00165498,319,157,162
E00165499,341,167,174
E00165488,298,159,139
E00165490,294,151,143
E00165493,290,140,150
E00165496,266,135,131
E00165421,330,165,165
E00165439,348,175,173
E00165440,229,114,115
E00165442,329,170,159
E00165444,438,215,223
E00181294,457,238,219
E00181346,194,100,94
E00165423,368,190,178
E00165424,246,127,119
E00165441,325,166,159
E00165445,283,127,156
E00165446,254,126,128
E00165420,347,172,175
E00165429,268,134,134
E00165431,319,157,162
E00165437,278,146,132
E00181328,301,158,143
E00181365,329,165,164
E00165480,299,150,149
E00165482,274,139,135
E00181331,187,70,117
E00181383,227,94,133
E00181393,101,55,46
E00165483,458,228,230
E00165486,396,203,193
E00171611,206,100,106
E00171612,283,159,124
E00171613,307,143,164
E00165384,356,174,182
E00165397,365,178,187
E00165398,329,171,158
E00165402,406,210,196
E00165403,361,178,183
E00165650,278,132,146
E00165652,461,236,225
E00165653,279,152,127
E00165654,348,179,169
E00165658,368,183,185
E00165651,371,184,187
E00165655,238,140,98
E00165657,307,161,146
E00165663,362,191,171
E00165664,256,135,121
E00165665,312,156,156
E00165656,281,138,143
E00165659,298,159,139
E00165660,257,140,117
E00165661,267,130,137
E00165662,257,132,125
E00165504,336,172,164
E00165505,308,156,152
E00165507,261,128,133
E00165508,336,170,166
E00165509,258,128,130
E00165510,330,162,168
E00165511,276,144,132
E00165512,357,182,175
E00165513,303,157,146
E00165519,292,144,148
E00165506,373,210,163
E00165514,265,147,118
E00165516,327,155,172
E00165521,284,155,129
E00165522,326,167,159
E00165524,245,133,112
E00165503,378,194,184
E00165515,289,151,138
E00165517,257,123,134
E00165518,294,158,136
E00165520,299,157,142
E00165523,285,137,148
E00165481,395,189,206
E00165484,344,171,173
E00165500,258,123,135
E00165501,301,146,155
E00165502,299,145,154
E00165571,273,141,132
E00165572,214,116,98
E00165574,290,165,125
E00165588,287,153,134
E00165589,199,107,92
E00165592,215,111,104
E00165585,335,174,161
E00165590,340,159,181
E00165591,328,166,162
E00165593,305,169,136
E00165594,216,118,98
E00165573,248,126,122
E00165575,299,156,143
E00165577,234,132,102
E00165578,274,145,129
E00165581,292,152,140
E00165576,267,137,130
E00165579,308,149,159
E00165580,301,160,141
E00165582,297,148,149
E00165583,252,132,120
E00165584,282,146,136
E00165586,280,141,139
E00165587,285,161,124
E00165620,404,191,213
E00165621,286,150,136
E00165622,278,140,138
E00165623,353,161,192
E00165633,478,222,256
E00165624,331,172,159
E00165625,314,156,158
E00165631,332,158,174
E00165634,326,155,171
E00165640,362,186,176
E00165626,231,127,104
E00165627,302,152,150
E00165628,248,121,127
E00165629,292,151,141
E00165632,322,173,149
E00165630,272,139,133
E00165635,296,161,135
E00165637,303,151,152
E00165638,307,146,161
E00165619,358,170,188
E00165636,282,142,140
E00165639,278,141,137
E00165641,279,144,135
E00165642,329,164,165
E00165605,391,192,199
E00165606,308,152,156
E00165607,292,155,137
E00165608,331,163,168
E00165609,371,182,189
E00165595,320,164,156
E00165598,257,141,116
E00165599,364,181,183
E00165600,371,205,166
E00165603,319,156,163
E00165597,359,172,187
E00165601,250,112,138
E00181330,173,97,76
E00181384,427,221,206
E00181403,136,71,65
E00165596,271,146,125
E00165602,510,257,253
E00165610,414,227,187
E00181289,235,115,120
E00165341,258,125,133
E00165342,255,129,126
E00165345,233,111,122
E00165347,292,142,150
E00165348,267,112,155
E00165343,242,122,120
E00165346,250,134,116
E00165350,208,115,93
E00165354,297,152,145
E00165355,269,143,126
E00165340,351,177,174
E00165353,236,119,117
E00165357,279,142,137
E00165361,365,186,179
E00165356,259,125,134
E00165359,304,154,150
E00165360,281,148,133
E00165362,311,159,152
E00165344,320,165,155
E00165349,366,190,176
E00165351,205,105,100
E00165352,302,177,125
E00165358,244,122,122
E00165388,271,135,136
E00165392,418,215,203
E00165393,275,141,134
E00165394,303,161,142
E00165395,264,121,143
E00165385,226,125,101
E00165386,238,116,122
E00165389,245,135,110
E00165391,252,130,122
E00165399,258,109,149
E00165401,332,163,169
E00165383,283,156,127
E00165387,273,147,126
E00165390,289,155,134
E00165396,289,153,136
E00165400,323,157,166
E00165611,307,150,157
E00165612,284,141,143
E00165615,319,160,159
E00165618,341,163,178
E00165613,380,198,182
E00165614,334,164,170
E00165616,360,182,178
E00165617,352,177,175
E00165538,270,139,131
E00165539,251,130,121
E00165541,295,154,141
E00165543,319,163,156
E00165545,300,158,142
E00165532,303,170,133
E00165534,300,155,145
E00165536,354,187,167
E00165537,292,160,132
E00165526,351,191,160
E00165527,348,187,161
E00165528,579,292,287
E00165542,220,129,91
E00165529,284,142,142
E00165531,398,201,197
E00165544,322,157,165
E00165546,251,124,127
E00165547,258,127,131
E00165525,332,167,165
E00165530,265,143,122
E00165533,254,128,126
E00165535,342,169,173
E00165540,284,143,141
E00165552,251,130,121
E00165554,267,153,114
E00165561,289,136,153
E00165563,283,146,137
E00165564,371,203,168
E00165569,358,186,172
E00165548,331,160,171
E00165549,358,182,176
E00165551,417,222,195
E00165555,351,185,166
E00171606,157,80,77
E00171607,146,72,74
E00171608,208,102,106
E00165550,233,116,117
E00165556,266,134,132
E00165558,233,122,111
E00165566,258,133,125
E00165567,568,296,272
E00171609,299,155,144
E00171610,316,174,142
E00165559,305,164,141
E00165560,271,138,133
E00165562,279,143,136
E00165565,249,132,117
E00165568,228,129,99
E00165570,281,139,142
E00165368,248,129,119
E00165369,337,177,160
E00165371,414,205,209
E00165372,346,182,164
E00165377,354,179,175
E00165375,263,134,129
E00165378,264,140,124
E00165379,292,153,139
E00165381,292,142,150
E00165382,293,147,146
E00165370,294,157,137
E00165373,278,137,141
E00165374,244,126,118
E00165376,283,143,140
E00165380,297,157,140
E00165363,287,143,144
E00165364,267,136,131
E00165365,273,151,122
E00165366,302,157,145
E00165367,280,136,144
E00047681,371,201,170
E00047687,377,203,174
E00047688,367,178,189
E00047703,346,170,176
E00047708,148,74,74
E00047680,342,167,175
E00047690,309,154,155
E00047768,309,185,124
E00047773,311,175,136
E00047776,314,178,136
E00047767,309,155,154
E00047769,255,139,116
E00047771,307,149,158
E00047772,338,173,165
E00047775,255,131,124
E00047679,348,174,174
E00047763,328,170,158
E00047764,474,248,226
E00047765,300,167,133
E00047766,339,175,164
E00047684,360,178,182
E00047692,310,157,153
E00047696,370,197,173
E00047770,318,156,162
E00047774,389,190,199
E00047689,299,159,140
E00047705,357,179,178
E00047713,347,181,166
E00047714,171,99,72
E00047717,401,213,188
E00047718,426,207,219
E00047686,311,167,144
E00047697,257,132,125
E00047704,340,165,175
E00047710,247,140,107
E00047720,303,152,151
E00047722,214,126,88
E00047701,241,120,121
E00047707,257,132,125
E00047712,257,145,112
E00047725,391,203,188
E00047726,313,172,141
E00047730,265,130,135
E00047693,163,83,80
E00047695,331,175,156
E00047706,359,176,183
E00047715,284,156,128
E00175689,460,241,219
E00175704,260,121,139
E00175711,291,153,138
E00175712,286,157,129
E00175724,361,187,174
E00047694,373,189,184
E00047698,351,176,175
E00047700,357,184,173
E00047711,364,196,168
E00047716,256,143,113
E00047719,241,125,116
E00047721,328,181,147
E00047723,310,149,161
E00047729,301,152,149
E00047734,298,159,139
E00047724,288,139,149
E00047727,300,153,147
E00047732,280,143,137
E00047733,298,152,146
E00047737,330,170,160
E00047728,393,196,197
E00047736,305,165,140
E00047738,395,198,197
E00047740,292,152,140
E00047744,303,151,152
E00047682,398,203,195
E00047685,302,159,143
E00047691,359,181,178
E00047702,324,173,151
E00047709,330,178,152
E00047753,342,162,180
E00047754,404,202,202
E00047758,205,115,90
E00047759,330,170,160
E00047760,302,161,141
E00047731,290,151,139
E00047739,354,164,190
E00047741,187,84,103
E00047742,190,101,89
E00047745,242,114,128
E00047749,225,114,111
E00047743,301,145,156
E00047746,365,187,178
E00047748,350,177,173
E00047750,340,176,164
E00047752,325,168,157
E00047683,235,122,113
E00047735,361,178,183
E00047747,346,174,172
E00047751,359,167,192
E00047756,422,225,197
E00047890,341,181,160
E00047897,263,138,125
E00047900,294,161,133
E00047908,337,169,168
E00047914,257,131,126
E00047867,387,206,181
E00047869,455,283,172
E00047871,378,207,171
E00047875,368,207,161
E00047877,303,160,143
E00047783,547,288,259
E00047859,235,127,108
E00047860,331,178,153
E00047864,231,141,90
E00047870,302,148,154
E00175741,298,146,152
E00175742,266,143,123
E00175743,279,154,125
E00047866,328,163,165
E00047873,379,193,186
E00047874,320,160,160
E00047876,309,173,136
E00047883,315,153,162
E00047782,515,262,253
E00047872,291,159,132
E00047878,254,134,120
E00047885,264,142,122
E00047886,330,166,164
E00047785,306,158,148
E00047794,327,155,172
E00047796,330,184,146
E00047881,381,221,160
E00047884,362,181,181
E00047788,269,137,132
E00047798,235,123,112
E00047800,247,143,104
E00047805,236,107,129
E00047813,171,85,86
E00047814,135,61,74
E00047678,321,169,152
E00047755,268,128,140
E00047757,285,142,143
E00047761,255,131,124
E00047762,370,194,176
E00047778,318,164,154
E00047779,576,313,263
E00047795,282,143,139
E00047807,281,144,137
E00047811,261,134,127
E00047817,349,176,173
E00047825,192,104,88
E00047828,272,144,128
E00047834,264,137,127
E00175697,263,136,127
E00175698,230,111,119
E00175737,222,112,110
E00047858,338,160,178
E00047861,232,127,105
E00047863,324,171,153
E00047865,296,142,154
E00047868,310,142,168
E00047786,319,170,149
E00047799,175,73,102
E00047801,273,141,132
E00047809,324,163,161
E00047812,331,172,159
E00046759,311,159,152
E00046793,272,135,137
E00046798,338,169,169
E00046801,316,161,155
E00046804,287,143,144
E00047972,293,145,148
E00047974,303,156,147
E00047975,238,110,128
E00047976,272,146,126
E00047977,306,140,166
E00047891,374,200,174
E00047973,356,172,184
E00047979,365,184,181
E00047980,338,171,167
E00047893,267,146,121
E00047895,342,176,166
E00047896,314,153,161
E00047905,296,157,139
E00047978,346,162,184
E00046788,298,150,148
E00046792,319,177,142
E00046797,323,172,151
E00046800,309,158,151
E00046805,307,166,141
E00046794,249,136,113
E00046796,314,158,156
E00046799,287,146,141
E00046802,300,148,152
E00046803,372,195,177
E00046807,282,144,138
E00046809,233,122,111
E00046811,258,131,127
E00046813,289,156,133
E00046814,346,184,162
E00046787,322,170,152
E00046789,333,185,148
E00046790,346,187,159
E00046791,277,139,138
E00046795,345,173,172
E00047787,223,99,124
E00047790,377,188,189
E00047793,253,149,104
E00047810,393,201,192
E00047880,402,200,202
E00186209,338,172,166
E00186265,169,88,81
E00047777,372,177,195
E00047789,260,138,122
E00047791,296,154,142
E00047797,260,143,117
E00047802,244,125,119
E00047806,307,158,149
E00047808,339,170,169
E00047815,325,162,163
E00047816,401,196,205
E00047894,424,232,192
E00047913,280,142,138
E00047917,305,167,138
E00047924,328,165,163
E00047928,353,181,172
E00047898,299,163,136
E00047901,331,173,158
E00047902,321,158,163
E00047915,443,223,220
E00047927,425,222,203
E00046263,257,140,117
E00046267,215,103,112
E00046268,356,170,186
E00046277,261,138,123
E00046330,317,145,172
E00047892,278,155,123
E00047903,310,154,156
E00047906,238,131,107
E00047907,332,159,173
E00047909,302,159,143
E00047899,360,175,185
E00047904,332,170,162
E00047910,383,200,183
E00047911,365,187,178
E00047912,297,159,138
E00047919,310,156,154
E00047926,376,196,180
E00047931,293,153,140
E00047938,393,199,194
E00047887,304,157,147
E00047888,359,175,184
E00047920,371,179,192
E00047922,248,130,118
E00047932,281,158,123
E00047921,335,175,160
E00047923,207,107,100
E00047929,334,169,165
E00047933,341,184,157
E00047937,350,161,189
E00046303,335,181,154
E00046305,309,162,147
E00046307,244,128,116
E00046308,331,168,163
E00046310,325,166,159
E00046304,221,111,110
E00046306,268,143,125
E00046309,337,168,169
E00046311,311,145,166
E00046312,235,130,105
E00046313,311,163,148
E00046317,265,127,138
E00046322,323,170,153
E00046329,309,152,157
E00046335,295,159,136
E00046314,345,186,159
E00046318,396,204,192
E00046320,376,175,201
E00046326,354,178,176
E00046260,289,157,132
E00046323,264,142,122
E00046328,330,173,157
E00046332,249,126,123
E00046334,354,183,171
E00046262,374,171,203
E00046331,244,134,110
E00046336,328,173,155
E00046337,340,170,170
E00046341,397,204,193
E00046274,317,170,147
E00046275,381,202,179
E00046278,344,185,159
E00046280,280,142,138
E00046281,282,144,138
E00047818,276,136,140
E00047819,306,157,149
E00047820,313,151,162
E00047821,330,181,149
E00047823,430,233,197
E00047824,429,210,219
E00047826,347,175,172
E00047829,253,131,122
E00047833,355,182,173
E00047827,281,145,136
E00047830,242,125,117
E00047832,279,145,134
E00047836,294,149,145
E00047837,261,132,129
E00047780,258,134,124
E00047835,348,194,154
E00047839,365,209,156
E00047840,300,157,143
E00047842,306,152,154
E00047784,320,141,179
E00047792,298,155,143
E00047803,381,199,182
E00047804,337,169,168
E00047882,270,148,122
E00046763,454,233,221
E00046806,323,174,149
E00046808,313,172,141
E00046810,267,151,116
E00046812,234,123,111
E00046768,246,125,121
E00046815,317,178,139
E00046817,302,148,154
E00046821,262,153,109
E00046822,196,101,95
E00046825,314,171,143
E00046761,309,157,152
E00046766,317,165,152
E00046776,379,201,178
E00046777,374,186,188
E00046827,281,142,139
E00046765,319,150,169
E00046824,265,141,124
E00046828,325,175,150
E00046829,319,167,152
E00046830,333,166,167
E00046261,373,179,194
E00046271,389,218,171
E00046273,210,108,102
E00046279,352,198,154
E00046340,311,158,153
E00046315,368,183,185
E00046316,279,145,134
E00046319,340,168,172
E00046321,314,166,148
E00046325,300,162,138
E00046324,292,160,132
E00046327,350,180,170
E00046333,380,181,199
E00046338,206,102,104
E00046339,318,159,159
E00046269,149,82,67
E00046270,263,154,109
E00046272,303,160,143
E00046276,514,259,255
E00046342,224,130,94
E00046343,307,151,156
E00046264,431,231,200
E00046283,381,216,165
E00175734,348,190,158
E00046286,351,185,166
E00186129,540,319,221
E00186167,430,228,202
E00186222,185,98,87
E00186295,395,204,191
E00047916,271,143,128
E00047918,228,119,109
E00047930,317,162,155
E00047934,293,145,148
E00047935,396,205,191
E00047939,351,188,163
E00047942,285,152,133
E00047945,324,153,171
E00047948,283,155,128
E00047951,346,173,173
E00047964,300,146,154
E00047966,259,140,119
E00047970,379,188,191
E00047971,369,184,185
E00047952,301,177,124
E00047953,315,154,161
E00047961,287,150,137
E00047962,389,189,200
E00047969,269,145,124
E00046841,281,153,128
E00046846,313,158,155
E00046898,296,154,142
E00046902,372,174,198
E00046904,398,200,198
E00046875,336,177,159
E00046878,299,153,146
E00046887,299,151,148
E00046894,232,125,107
E00186181,238,127,111
E00186183,418,228,190
E00046876,317,152,165
E00046877,279,138,141
E00046880,243,128,115
E00046881,344,153,191
E00046893,290,151,139
E00046879,307,159,148
E00046883,279,150,129
E00046885,358,187,171
E00046889,314,152,162
E00046892,297,142,155
E00046888,318,176,142
E00046895,280,148,132
E00046896,328,160,168
E00046897,345,184,161
E00046899,288,152,136
E00046816,323,161,162
E00046818,301,154,147
E00046819,237,115,122
E00046820,332,162,170
E00046823,265,140,125
E00046762,352,179,173
E00046764,330,163,167
E00046769,283,149,134
E00046771,297,151,146
E00046772,328,162,166
E00046760,319,150,169
E00046767,265,133,132
E00046770,464,254,210
E00046774,319,161,158
E00046826,288,153,135
E00046773,230,134,96
E00046775,393,211,182
E00046778,314,154,160
E00046779,310,153,157
E00046781,333,174,159
E00046785,356,172,184
E00045663,397,207,190
E00045714,272,139,133
E00045715,311,167,144
E00045717,410,211,199
E00045721,291,154,137
E00045720,531,269,262
E00045724,350,178,172
E00045736,277,138,139
E00045740,274,123,151
E00045743,333,176,157
E00047925,288,148,140
E00047936,351,173,178
E00047940,392,204,188
E00047943,323,152,171
E00047944,364,188,176
E00047941,282,140,142
E00047946,335,172,163
E00047949,285,137,148
E00175703,349,234,115
E00186095,131,72,59
E00047947,211,118,93
E00047954,280,147,133
E00047956,287,132,155
E00047957,238,115,123
E00047960,254,119,135
E00047967,314,163,151
E00047955,313,163,150
E00047958,293,148,145
E00047959,258,138,120
E00047963,198,99,99
E00047965,207,108,99
E00047968,314,159,155
E00046843,287,156,131
E00046847,282,157,125
E00046849,294,165,129
E00046851,300,155,145
E00046854,301,159,142
E00046832,287,137,150
E00046833,279,149,130
E00046837,321,162,159
E00046840,335,169,166
E00046890,332,172,160
E00046831,365,198,167
E00046839,102,54,48
E00046886,408,205,203
E00046900,259,135,124
E00186160,302,163,139
E00186231,447,234,213
E00046842,368,188,180
E00046844,357,172,185
E00046884,362,193,169
E00046891,341,181,160
E00046901,333,177,156
E00047600,325,169,156
E00047654,251,119,132
E00047655,311,154,157
E00047658,327,171,156
E00047660,362,198,164
E00047656,314,173,141
E00047659,267,143,124
E00047661,406,206,200
E00047663,325,170,155
E00047665,281,140,141
E00047610,310,156,154
E00047662,287,155,132
E00047667,281,139,142
E00047668,311,167,144
E00047671,296,154,142
E00047601,297,159,138
E00047657,206,112,94
E00047664,304,145,159
E00047666,314,164,150
E00047670,298,163,135
E00047675,332,159,173
E00047602,348,176,172
E00047608,270,142,128
E00047669,373,202,171
E00047672,311,163,148
E00047673,448,197,251
E00047831,247,129,118
E00047838,253,122,131
E00047841,269,144,125
E00047853,365,180,185
E00047855,313,160,153
E00047781,299,148,151
E00047847,366,174,192
E00047851,289,150,139
E00047854,290,131,159
E00047857,231,124,107
E00047844,280,143,137
E00047845,314,159,155
E00047848,283,140,143
E00047852,314,158,156
E00047856,273,149,124
E00047843,284,138,146
E00047846,321,159,162
E00047849,321,186,135
E00047850,286,159,127
E00046265,358,197,161
E00046285,313,166,147
E00046287,380,186,194
E00046289,361,196,165
E00046300,213,109,104
E00046288,477,257,220
E00046290,380,227,153
E00046291,373,232,141
E00046292,391,199,192
E00046295,478,266,212
E00046266,344,179,165
E00046293,413,222,191
E00046296,432,201,231
E00046298,410,221,189
E00046299,438,223,215
E00046780,328,161,167
E00046782,260,133,127
E00046783,323,162,161
E00046784,366,208,158
E00046786,284,155,129
E00045716,505,284,221
E00045718,377,192,185
E00045719,387,206,181
E00045727,272,166,106
E00045730,509,256,253
E00045722,168,87,81
E00045728,311,142,169
E00045732,272,137,135
E00045737,272,134,138
E00045739,265,129,136
E00045741,269,131,138
E00045673,215,100,115
E00045681,367,170,197
E00045682,187,82,105
E00045687,451,213,238
E00045731,293,148,145
E00045745,306,140,166
E00045726,174,85,89
E00045735,361,216,145
E00175750,607,340,267
E00186205,110,59,51
E00186300,619,329,290
E00045677,337,159,178
E00045678,275,130,145
E00045686,229,117,112
E00045688,296,146,150
E00045734,358,177,181
E00046845,287,148,139
E00046850,291,147,144
E00046852,229,128,101
E00046858,313,164,149
E00046861,351,182,169
E00046838,362,187,175
E00046848,195,99,96
E00046853,439,210,229
E00046857,353,187,166
E00046903,407,199,208
E00046834,324,171,153
E00046859,330,169,161
E00046862,282,146,136
E00046863,272,145,127
E00046864,318,163,155
E00046856,430,217,213
E00046860,324,164,160
E00046865,387,193,194
E00046866,338,176,162
E00046868,300,146,154
E00046867,293,155,138
E00046869,433,210,223
E00046871,338,172,166
E00046873,464,214,250
E00046874,545,250,295
E00045664,327,164,163
E00045665,321,168,153
E00045729,603,308,295
E00045742,325,155,170
E00045744,178,93,85
E00045672,276,132,144
E00045675,279,135,144
E00045676,333,174,159
E00045680,388,193,195
E00045684,213,113,100
E00046132,288,168,120
E00046148,449,229,220
E00046150,295,151,144
E00046153,334,166,168
E00046159,309,159,150
E00046187,437,220,217
E00046134,296,156,140
E00046136,376,192,184
E00046145,208,100,108
E00046184,349,185,164
E00175609,258,138,120
E00175686,231,125,106
E00175754,217,136,81
E00046144,273,126,147
E00046149,295,153,142
E00046154,276,147,129
E00046186,379,199,180
E00046188,574,299,275
E00046294,320,165,155
E00046297,346,174,172
E00046301,371,192,179
E00046302,449,235,214
E00047604,372,180,192
E00047606,362,189,173
E00047607,401,204,197
E00047674,340,185,155
E00047677,301,163,138
E00047605,417,203,214
E00047611,383,187,196
E00047612,416,179,237
E00047623,270,146,124
E00047676,364,165,199
E00047603,369,183,186
E00047609,292,153,139
E00047614,268,128,140
E00047616,287,162,125
E00047617,390,180,210
E00047620,313,165,148
E00046141,346,175,171
E00046146,229,113,116
E00046147,215,114,101
E00046152,241,122,119
E00046155,359,181,178
E00046157,287,154,133
E00046151,337,186,151
E00046156,200,106,94
E00046161,258,145,113
E00046168,313,166,147
E00175641,328,187,141
E00175688,341,176,165
E00175710,273,150,123
E00046133,400,214,186
E00046135,284,164,120
E00046160,220,120,100
E00046163,530,297,233
E00046166,324,178,146
E00046162,262,145,117
E00046169,254,135,119
E00046172,365,196,169
E00046174,266,158,108
E00046183,372,217,155
E00046167,224,121,103
E00046175,375,197,178
E00046177,296,165,131
E00046181,362,210,152
E00046182,319,175,144
E00046140,267,132,135
E00046142,254,129,125
E00046143,267,141,126
E00046158,260,154,106
E00046185,311,160,151
E00045213,490,242,248
E00045215,487,242,245
E00045216,363,178,185
E00045218,439,229,210
E00047619,437,235,202
E00047625,336,189,147
E00047626,281,151,130
E00047628,242,132,110
E00047633,349,172,177
E00047636,254,122,132
E00047618,337,160,177
E00047621,310,145,165
E00047624,357,155,202
E00047629,316,157,159
E00047632,468,234,234
E00047599,397,204,193
E00047637,420,186,234
E00047639,310,146,164
E00047643,275,131,144
E00047645,415,221,194
E00047627,344,168,176
E00047631,593,309,284
E00047634,363,185,178
E00047641,432,221,211
E00186145,425,205,220
E00186182,204,112,92
E00045662,414,213,201
E00045671,418,208,210
E00045708,351,205,146
E00045712,372,200,172
E00045713,357,164,193
E00045670,432,215,217
E00045705,384,176,208
E00045710,363,190,173
E00045711,405,203,202
E00045668,533,273,260
E00045704,238,130,108
E00045707,300,150,150
E00045709,229,104,125
E00186112,321,119,202
E00186177,118,53,65
E00045667,489,263,226
E00045696,209,86,123
E00045698,269,117,152
E00045699,310,153,157
E00045700,290,157,133
E00045706,449,235,214
E00047642,283,149,134
E00047646,325,153,172
E00047647,338,171,167
E00047648,362,167,195
E00047650,379,192,187
E00047644,315,170,145
E00047649,394,173,221
E00047651,327,162,165
E00047652,319,128,191
E00047653,496,248,248
E00175705,346,161,185
E00175727,415,209,206
E00175756,207,99,108
E00175790,258,122,136
E00047622,406,192,214
E00047630,390,183,207
E00047635,253,119,134
E00047640,272,137,135
E00186199,174,72,102
E00186216,122,53,69
E00186276,214,115,99
E00045901,475,233,242
E00045911,455,244,211
E00045951,327,147,180
E00045954,385,207,178
E00045922,498,240,258
E00045960,373,200,173
E00045963,542,270,272
E00175755,301,148,153
E00175788,238,109,129
E00175789,298,159,139
E00047014,322,138,184
E00047016,316,166,150
E00047019,374,204,170
E00047021,242,127,115
E00047026,378,177,201
E00047005,176,82,94
E00047011,327,171,156
E00047017,232,101,131
E00175662,259,130,129
E00175687,836,497,339
E00047022,408,199,209
E00047025,580,299,281
E00047035,448,212,236
E00047041,358,169,189
E00045909,524,247,277
E00045950,488,238,250
E00045952,318,174,144
E00045967,481,242,239
E00045902,406,202,204
E00045913,428,228,200
E00045956,419,191,228
E00045959,377,186,191
E00045910,448,236,212
E00045915,346,173,173
E00045918,406,206,200
E00045962,441,235,206
E00045904,573,270,303
E00045905,474,216,258
E00045923,442,222,220
E00045969,486,234,252
E00045921,458,230,228
E00045931,412,216,196
E00045932,367,194,173
E00186203,300,162,138
E00186277,332,180,152
E00046835,300,145,155
E00046855,603,291,312
E00046870,374,188,186
E00186091,196,87,109
E00047020,326,141,185
E00047028,365,200,165
E00047032,402,200,202
E00047034,371,196,175
E00047045,316,155,161
E00047015,350,175,175
E00047033,414,207,207
E00047036,365,173,192
E00047039,345,169,176
E00046976,368,183,185
E00047048,342,174,168
E00047051,434,206,228
E00047054,477,232,245
E00047055,387,201,186
E00047038,284,157,127
E00047042,328,144,184
E00047044,282,157,125
E00047047,341,175,166
E00047050,386,200,186
E00046975,443,206,237
E00046977,413,203,210
E00047049,352,190,162
E00047052,381,198,183
E00045949,587,287,300
E00045953,376,224,152
E00045957,443,221,222
E00045964,275,140,135
E00045966,583,293,290
E00045906,565,272,293
E00045914,507,249,258
E00045925,492,259,233
E00045961,420,226,194
E00045917,606,292,314
E00045920,389,184,205
E00045926,448,200,248
E00045927,350,156,194
E00045907,401,188,213
E00045924,334,153,181
E00045928,492,244,248
E00045940,526,265,261
E00045955,433,199,234
E00045965,453,235,218
E00186146,148,72,76
E00186201,419,212,207
E00186301,220,111,109
E00045912,317,113,204
E00045916,315,155,160
E00045919,520,262,258
E00186168,587,308,279
E00047027,441,225,216
E00047030,286,151,135
E00047031,372,185,187
E00047040,374,188,186
E00046973,262,129,133
E00046974,243,130,113
E00046997,239,130,109
E00047024,301,167,134
E00047037,348,184,164
E00046980,499,243,256
E00046982,330,160,170
E00046983,263,126,137
E00047043,488,227,261
E00047053,484,253,231
E00047374,349,171,178
E00047405,472,227,245
E00047416,479,256,223
E00047427,365,209,156
E00047407,413,207,206
E00047409,425,214,211
E00047420,491,253,238
E00047426,393,194,199
E00047412,351,187,164
E00047419,447,231,216
E00047428,440,203,237
E00047430,320,159,161
E00045214,325,155,170
E00045223,347,176,171
E00045233,320,160,160
E00175677,310,156,154
E00045174,443,200,243
E00045222,114,49,65
E00045234,444,221,223
E00045236,451,227,224
E00045238,359,179,180
E00045217,422,184,238
E00045219,528,274,254
E00045220,413,207,206
E00045221,390,200,190
E00045172,533,268,265
E00045224,288,152,136
E00045225,296,145,151
E00045226,226,104,122
E00045228,323,162,161
E00045173,568,277,291
E00045227,395,198,197
E00045231,354,173,181
E00045232,565,260,305
E00046981,433,205,228
E00046984,435,216,219
E00046985,431,214,217
E00046986,491,248,243
E00047375,428,211,217
E00047404,381,200,181
E00047406,329,163,166
E00047413,494,234,260
E00047376,428,195,233
E00047408,388,189,199
E00047414,394,203,191
E00047423,598,278,320
E00047410,463,240,223
E00047411,375,176,199
E00047415,360,172,188
E00047425,512,253,259
E00047417,248,119,129
E00047421,299,155,144
E00047424,352,161,191
E00186093,360,186,174
E00186312,177,96,81
E00047377,341,158,183
E00047418,348,174,174
E00047429,360,161,199
E00047434,377,188,189
E00047378,336,173,163
E00047433,288,132,156
E00047437,389,211,178
E00047438,339,179,160
E00047441,248,128,120
E00045168,457,232,225
E00045176,442,223,219
E00045178,469,230,239
E00045241,576,271,305
E00045166,340,155,185
E00045167,461,236,225
E00045184,356,163,193
E00045189,343,164,179
E00045242,305,160,145
E00045929,396,183,213
E00045935,410,191,219
E00045944,484,249,235
E00045948,510,249,261
E00045941,495,196,299
E00045945,404,200,204
E00186114,196,90,106
E00186165,448,218,230
E00186315,180,74,106
E00186318,324,124,200
E00045930,522,262,260
E00045939,431,219,212
E00045943,456,225,231
E00186314,220,112,108
E00186319,225,130,95
E00045169,446,226,220
E00045193,520,286,234
E00045197,467,247,220
E00186139,502,270,232
E00186292,189,93,96
E00045937,604,297,307
E00186102,338,159,179
E00186103,540,258,282
E00186313,275,132,143
E00045235,412,204,208
E00045237,415,195,220
E00045239,448,207,241
E00045240,284,132,152
E00045244,418,224,194
E00045245,449,239,210
E00186120,571,272,299
E00186133,251,124,127
E00045175,488,249,239
E00045181,358,190,168
E00045182,345,174,171
E00045191,350,173,177
E00046096,535,257,278
E00046099,420,223,197
E00046102,561,297,264
E00046112,468,249,219
E00046057,476,259,217
E00046108,602,301,301
E00046113,520,260,260
E00046116,501,268,233
E00046058,434,212,222
E00046093,288,142,146
E00046104,315,163,152
E00046105,404,194,210
E00046115,350,186,164
E00046111,471,230,241
E00046118,316,156,160
E00046120,553,268,285
E00046125,452,205,247
E00046106,385,186,199
E00046117,596,310,286
E00046119,521,255,266
E00186131,234,115,119
E00186140,414,211,203
E00046607,349,175,174
E00046663,427,216,211
E00046666,294,137,157
E00046667,393,213,180
E00046669,491,256,235
E00046617,418,218,200
E00046664,354,186,168
E00046665,336,187,149
E00186171,146,72,74
E00186248,530,281,249
E00046610,353,194,159
E00046662,581,306,275
E00046671,365,205,160
E00046672,469,247,222
E00046668,331,140,191
E00046670,520,290,230
E00186135,346,183,163
E00186278,308,172,136
E00046085,384,208,176
E00046086,416,210,206
E00046087,369,200,169
E00046088,347,182,165
E00046097,434,214,220
E00046101,549,255,294
E00046103,563,292,271
E00046107,324,168,156
E00046114,341,170,171
E00047987,565,304,261
E00047988,454,235,219
E00047989,612,312,300
E00047991,461,219,242
E00047984,508,271,237
E00048002,490,236,254
E00048005,394,201,193
E00186110,195,96,99
E00186128,440,221,219
E00186212,347,169,178
E00186263,381,177,204
E00048010,428,241,187
E00048011,597,283,314
E00048018,573,302,271
E00186230,235,120,115
E00186287,396,210,186
E00048007,495,256,239
E00048016,439,229,210
E00048022,588,308,280
E00175745,174,87,87
E00175746,499,250,249
E00046059,358,201,157
E00046095,406,203,203
E00046100,214,124,90
E00046109,298,165,133
E00046110,315,167,148
E00046051,427,232,195
E00046121,333,172,161
E00046122,324,173,151
E00046124,294,153,141
E00046126,299,155,144
E00047144,262,135,127
E00047177,317,154,163
E00047179,237,120,117
E00047181,337,195,142
E00047191,271,146,125
E00047200,253,130,123
E00047146,266,133,133
E00047180,294,147,147
E00047184,210,103,107
E00047188,220,113,107
E00047192,257,136,121
E00047198,314,171,143
E00047190,266,131,135
E00047203,273,154,119
E00047206,323,178,145
E00047212,219,116,103
E00186196,406,224,182
E00186273,344,181,163
E00047178,286,153,133
E00047182,273,136,137
E00047185,273,140,133
E00047187,310,162,148
E00047189,317,177,140
E00047199,388,194,194
E00047205,348,173,175
E00047209,298,147,151
E00047211,340,175,165
E00047213,366,221,145
E00047214,331,161,170
E00047145,425,219,206
E00047186,264,148,116
E00047194,461,231,230
E00047196,194,110,84
E00047204,214,129,85
E00047210,335,200,135
E00047183,327,192,135
E00047193,382,212,170
E00047195,284,167,117
E00047201,349,184,165
E00047202,308,160,148
E00047208,349,196,153
E00047381,574,293,281
E00047389,446,245,201
E00047392,360,216,144
E00047393,353,177,176
E00047403,364,177,187
E00047380,446,203,243
E00047382,594,298,296
E00047443,389,183,206
E00175729,617,278,339
E00175791,199,96,103
E00047431,377,179,198
E00047435,405,199,206
E00047439,382,206,176
E00047440,367,188,179
E00047442,536,259,277
E00047372,343,190,153
E00047384,494,245,249
E00047444,314,171,143
E00047445,575,300,275
E00175611,350,188,162
E00175612,212,118,94
E00175766,290,159,131
E00175792,209,106,103
E00047379,504,248,256
E00047383,460,217,243
E00047385,403,201,202
E00047387,429,221,208
E00047388,392,219,173
E00047982,473,230,243
E00047990,501,256,245
E00047992,405,215,190
E00047993,426,235,191
E00048001,310,154,156
E00047983,532,268,264
E00047986,598,289,309
E00047998,385,197,188
E00175613,322,169,153
E00175721,399,213,186
E00047996,472,236,236
E00047999,527,267,260
E00048003,318,162,156
E00048013,428,215,213
E00047995,527,262,265
E00048006,481,245,236
E00048008,358,169,189
E00048012,445,213,232
E00048014,471,240,231
E00048019,467,236,231
E00048026,490,248,242
E00048028,624,332,292
E00045180,378,191,187
E00045183,516,264,252
E00045186,381,176,205
E00045187,390,201,189
E00045247,320,166,154
E00045171,567,300,267
E00045196,223,118,105
E00045199,527,253,274
E00045204,625,330,295
E00047373,180,98,82
E00047390,259,148,111
E00047391,409,211,198
E00047396,390,203,187
E00047399,344,176,168
E00175624,195,75,120
E00175625,213,91,122
E00175651,131,66,65
E00175722,334,140,194
E00175723,145,60,85
E00186254,205,87,118
E00186270,257,115,142
E00045190,557,279,278
E00045198,147,55,92
E00045201,423,202,221
E00045205,394,205,189
E00045206,448,252,196
E00186085,789,410,379
E00186307,408,196,212
E00186311,560,292,268
E00045188,331,162,169
E00045200,497,284,213
E00045202,371,187,184
E00045207,303,157,146
E00186204,466,242,224
E00186217,292,150,142
E00046627,454,252,202
E00046638,306,155,151
E00175614,672,372,300
E00175649,1160,601,559
E00186105,477,226,251
E00186106,845,484,361
E00186107,532,313,219
E00186308,1514,805,709
E00186309,2305,1335,970
E00045208,555,288,267
E00045210,336,167,169
E00186225,127,64,63
E00186305,565,317,248
E00045212,553,263,290
E00175733,123,52,71
E00175735,275,97,178
E00186256,660,315,345
E00186297,613,368,245
E00048020,434,206,228
E00048021,457,240,217
E00048025,472,243,229
E00186169,169,80,89
E00186253,539,241,298
E00047997,266,128,138
E00048030,560,293,267
E00048040,400,213,187
E00186137,234,114,120
E00186144,406,194,212
E00186224,353,169,184
E00186229,342,179,163
E00048015,487,238,249
E00048023,542,259,283
E00048024,590,321,269
E00048031,499,258,241
E00048033,329,165,164
E00048034,606,308,298
E00048037,603,301,302
E00186282,225,111,114
E00186291,438,217,221
E00175731,567,299,268
E00175761,588,295,293
E00186132,167,82,85
E00186198,595,298,297
E00175764,410,205,205
E00175776,405,207,198
E00186162,343,165,178
E00186303,370,212,158
E00046619,467,238,229
E00046624,465,219,246
E00046625,510,256,254
E00046635,358,179,179
E00046641,483,239,244
E00046676,494,259,235
E00046616,499,270,229
E00046653,427,197,230
E00046656,513,262,251
E00046609,554,314,240
E00046612,333,155,178
E00046622,363,172,191
E00046628,434,231,203
E00046636,482,251,231
E00046618,357,164,193
E00046631,314,144,170
E00046673,330,159,171
E00046674,249,135,114
E00046675,249,131,118
E00046611,571,314,257
E00046626,432,206,226
E00046637,384,173,211
E00046677,254,134,120
E00046413,381,201,180
E00046416,393,207,186
E00046420,417,225,192
E00046424,500,257,243
E00046430,461,247,214
E00046414,343,178,165
E00046417,593,283,310
E00046419,336,151,185
E00046421,316,145,171
E00046429,358,171,187
E00046352,393,169,224
E00046353,339,159,180
E00046418,319,170,149
E00046422,295,145,150
E00046423,334,168,166
E00046427,423,177,246
E00047397,360,193,167
E00047402,597,292,305
E00175650,804,183,621
E00175793,336,189,147
E00047394,402,204,198
E00047398,368,183,185
E00047400,474,256,218
E00047401,490,246,244
E00046060,316,161,155
E00046066,360,206,154
E00046068,319,168,151
E00046127,395,210,185
E00046128,371,194,177
E00046062,393,185,208
E00046064,377,214,163
E00046067,364,197,167
E00046130,327,170,157
E00046131,273,158,115
E00046053,384,215,169
E00046061,423,232,191
E00046069,437,226,211
E00046070,366,197,169
E00047137,379,233,146
E00047151,308,162,146
E00047155,282,140,142
E00047156,348,167,181
E00047157,312,170,142
E00047139,332,164,168
E00047147,307,160,147
E00047154,299,153,146
E00047217,346,183,163
E00047219,334,177,157
E00048129,351,170,181
E00048135,451,237,214
E00048196,441,210,231
E00048201,440,203,237
E00048049,422,221,201
E00048051,443,217,226
E00048052,433,218,215
E00048053,418,234,184
E00048054,610,318,292
E00047981,520,252,268
E00047985,548,287,261
E00048047,591,296,295
E00048048,442,201,241
E00048045,398,210,188
E00048050,404,214,190
E00048055,504,255,249
E00048056,579,303,276
E00048029,541,261,280
E00048039,313,148,165
E00186134,239,124,115
E00186166,404,202,202
E00186200,173,94,79
E00186221,488,250,238
E00048035,517,253,264
E00048041,570,277,293
E00048043,480,234,246
E00048044,458,228,230
E00046052,361,188,173
E00046063,325,164,161
E00046065,328,169,159
E00046071,351,163,188
E00046129,476,251,225
E00048188,368,173,195
E00048189,417,203,214
E00048192,349,185,164
E00048194,488,248,240
E00048133,365,196,169
E00048141,313,174,139
E00048143,324,156,168
E00048197,348,181,167
E00048200,295,154,141
E00048136,428,201,227
E00048138,209,107,102
E00048140,400,196,204
E00048190,431,196,235
E00048198,583,300,283
E00048191,400,202,198
E00048193,336,201,135
E00048195,356,180,176
E00048199,279,157,122
E00048202,377,199,178
E00047136,382,212,170
E00047138,391,201,190
E00047152,381,206,175
E00047215,325,167,158
E00047216,340,161,179
E00047159,287,155,132
E00047160,376,197,179
E00047162,308,161,147
E00047163,309,159,150
E00047164,302,154,148
E00047148,328,160,168
E00047149,310,149,161
E00047150,319,165,154
E00047153,324,173,151
E00047158,320,172,148
E00047218,331,157,174
E00047140,254,133,121
E00047161,294,163,131
E00047165,302,152,150
E00047167,277,154,123
E00047168,298,152,146
E00047169,244,125,119
E00047141,290,149,141
E00047142,253,129,124
E00047166,203,93,110
E00047171,247,128,119
E00047173,273,146,127
E00047175,239,127,112
E00046613,392,192,200
E00046621,396,200,196
E00046633,368,186,182
E00046639,469,226,243
E00046642,476,259,217
E00186117,278,156,122
E00186286,381,213,168
E00046614,564,282,282
E00046644,393,202,191
E00046647,390,200,190
E00046657,575,293,282
E00046643,530,254,276
E00046645,355,185,170
E00046652,504,257,247
E00186187,389,202,187
E00186289,321,157,164
E00046615,507,243,264
E00046640,334,181,153
E00046648,555,278,277
E00046649,581,288,293
E00046650,563,289,274
E00046651,466,215,251
E00046655,406,199,207
E00046363,308,142,166
E00046369,289,148,141
E00046372,489,247,242
E00046384,433,228,205
E00186173,458,230,228
E00186223,238,128,110
E00046359,214,111,103
E00046362,266,139,127
E00046364,262,121,141
E00046365,220,116,104
E00046376,301,153,148
E00046380,336,157,179
E00046347,387,194,193
E00046348,288,145,143
E00046366,408,163,245
E00046378,327,145,182
E00186239,272,135,137
E00186283,516,236,280
E00046361,267,137,130
E00046373,413,207,206
E00046382,194,94,100
E00046403,227,107,120
E00175772,348,175,173
E00175796,521,267,254
E00046388,395,176,219
E00046392,332,161,171
E00046396,442,218,224
E00046402,424,147,277
E00046406,315,142,173
E00048139,381,189,192
E00048144,322,168,154
E00048163,360,189,171
E00048203,271,138,133
E00186184,289,151,138
E00186207,395,211,184
E00048134,378,207,171
E00048137,457,242,215
E00048162,432,243,189
E00175795,467,234,233
E00048148,379,188,191
E00048150,390,199,191
E00048153,348,191,157
E00048158,322,168,154
E00048164,512,252,260
E00048165,353,184,169
E00048166,365,185,180
E00048169,386,213,173
E00048170,377,189,188
E00047298,613,320,293
E00047309,456,232,224
E00047366,475,256,219
E00047367,453,228,225
E00047336,560,268,292
E00047338,502,255,247
E00186104,515,227,288
E00186310,253,130,123
E00047337,483,250,233
E00047340,372,182,190
E00047341,403,204,199
E00047348,594,280,314
E00047305,464,249,215
E00047308,596,304,292
E00047314,492,241,251
E00047356,419,200,219
E00047358,378,184,194
E00047369,452,231,221
E00047370,576,283,293
E00045592,449,213,236
E00045599,294,139,155
E00045603,342,178,164
E00045658,265,121,144
E00045659,204,105,99
E00045583,289,130,159
E00045593,339,185,154
E00045594,377,176,201
E00045660,287,154,133
E00045661,303,167,136
E00045595,310,143,167
E00045596,308,157,151
E00045597,408,176,232
E00045600,269,136,133
E00045602,422,182,240
E00045610,356,181,175
E00045598,346,158,188
E00045601,293,118,175
E00045604,252,127,125
E00045605,246,127,119
E00045606,218,124,94
E00045608,339,176,163
E00045609,391,201,190
E00045612,332,148,184
E00045621,252,130,122
E00045628,202,100,102
E00045613,320,164,156
E00045615,230,128,102
E00045616,296,161,135
E00045627,401,200,201
E00186179,466,239,227
E00186206,168,78,90
E00045114,353,182,171
E00045119,419,227,192
E00045120,443,217,226
E00045121,440,233,207
E00045124,400,205,195
E00045099,276,137,139
E00045101,412,212,200
E00045105,401,204,197
E00045106,365,188,177
E00045109,443,221,222
E00045104,411,207,204
E00045108,326,166,160
E00045111,383,212,171
E00045115,346,167,179
E00045117,326,174,152
E00047300,599,301,298
E00047306,526,260,266
E00047319,506,253,253
E00047359,480,262,218
E00047334,444,224,220
E00047335,351,177,174
E00047347,332,175,157
E00047349,520,275,245
E00048130,409,223,186
E00048142,547,291,256
E00048146,373,182,191
E00048147,358,185,173
E00048156,400,200,200
E00045110,303,164,139
E00045113,343,173,170
E00045116,466,240,226
E00045118,387,185,202
E00045123,246,132,114
E00045100,381,198,183
E00045102,453,221,232
E00045103,369,181,188
E00045107,422,217,205
E00045112,353,193,160
E00048131,341,176,165
E00048149,302,149,153
E00048152,301,144,157
E00048155,347,175,172
E00048159,409,214,195
E00048132,296,157,139
E00048154,316,141,175
E00048161,341,170,171
E00048167,319,148,171
E00048172,274,137,137
E00048176,192,99,93
E00048173,342,175,167
E00048175,383,194,189
E00048177,296,148,148
E00048181,327,164,163
E00048185,308,155,153
E00047143,266,131,135
E00047170,261,135,126
E00047172,345,210,135
E00047174,281,132,149
E00047176,309,150,159
E00047267,273,142,131
E00047277,282,143,139
E00047279,344,180,164
E00047282,406,225,181
E00186219,265,143,122
E00186244,377,198,179
E00047244,261,143,118
E00047249,351,187,164
E00047250,387,199,188
E00047255,333,187,146
E00047257,322,178,144
E00047262,308,156,152
E00047245,322,182,140
E00047246,343,170,173
E00047247,303,141,162
E00047252,471,242,229
E00047256,313,171,142
E00047248,380,202,178
E00047253,296,159,137
E00047261,418,218,200
E00047266,310,165,145
E00047272,429,238,191
E00047295,421,231,190
E00047301,577,284,293
E00047302,592,278,314
E00047311,425,203,222
E00186143,165,92,73
E00186243,504,266,238
E00047299,372,179,193
E00047303,378,188,190
E00047304,533,265,268
E00047312,553,270,283
E00047310,470,225,245
E00047317,477,242,235
E00047318,559,298,261
E00047323,473,231,242
E00047316,509,250,259
E00047320,546,303,243
E00047321,384,206,178
E00047324,368,198,170
E00047464,339,153,186
E00047465,450,228,222
E00047466,421,216,205
E00186122,193,102,91
E00186190,450,235,215
E00047472,488,255,233
E00186094,324,169,155
E00186195,375,192,183
E00186245,256,132,124
E00047447,539,259,280
E00047470,596,297,299
E00186260,176,93,83
E00186294,472,241,231
E00047473,226,109,117
E00186268,406,219,187
E00186280,150,80,70
E00186288,537,278,259
E00186290,335,185,150
E00047450,514,256,258
E00047471,374,195,179
E00047474,420,205,215
E00047480,540,292,248
E00047446,412,172,240
E00047519,318,154,164
E00047520,507,259,248
E00186236,256,131,125
E00186266,408,177,231
E00047265,364,179,185
E00047269,302,158,144
E00047270,281,149,132
E00047271,304,151,153
E00047274,339,172,167
E00047251,311,160,151
E00047254,323,163,160
E00047258,228,124,104
E00047259,249,122,127
E00047260,327,167,160
E00047263,301,169,132
E00048168,284,148,136
E00048171,287,144,143
E00048174,307,151,156
E00048179,293,149,144
E00048183,290,143,147
E00048178,296,138,158
E00048180,305,151,154
E00048182,364,180,184
E00048184,346,169,177
E00048186,213,113,100
E00048187,247,121,126
E00046040,391,183,208
E00046041,430,210,220
E00046042,261,130,131
E00046044,374,177,197
E00186141,200,102,98
E00186304,282,187,95
E00045972,255,129,126
E00045984,391,212,179
E00045987,316,163,153
E00045990,394,207,187
E00045994,274,151,123
E00046911,469,239,230
E00046917,296,157,139
E00046918,303,147,156
E00046919,312,163,149
E00046926,246,126,120
E00046912,323,165,158
E00046967,502,245,257
E00046968,271,134,137
E00046969,271,155,116
E00046970,225,113,112
E00046908,321,154,167
E00046910,332,179,153
E00046915,384,193,191
E00046934,375,204,171
E00046971,336,178,158
E00045643,420,205,215
E00045644,247,119,128
E00045647,343,163,180
E00045649,188,105,83
E00045652,214,70,144
E00045654,293,151,142
E00045586,201,113,88
E00045607,284,134,150
E00045611,190,99,91
E00045614,352,180,172
E00045620,315,135,180
E00045632,245,106,139
E00045588,356,172,184
E00045630,466,230,236
E00045635,381,186,195
E00045639,439,209,230
E00045640,239,101,138
E00045589,316,150,166
E00045631,317,185,132
E00045636,357,186,171
E00045637,228,100,128
E00045641,327,155,172
E00045976,288,141,147
E00045980,326,158,168
E00046039,346,151,195
E00046043,366,185,181
E00046045,308,158,150
E00045975,286,150,136
E00045982,278,147,131
E00045983,216,109,107
E00046046,206,106,100
E00046047,279,149,130
E00046048,240,124,116
E00045979,286,159,127
E00045985,357,195,162
E00045986,388,214,174
E00045991,296,166,130
E00046001,260,140,120
E00045971,325,172,153
E00045978,281,152,129
E00045981,286,148,138
E00045989,267,136,131
E00046049,157,85,72
E00046050,325,176,149
E00045977,337,165,172
E00045988,301,163,138
E00045995,247,135,112
E00045997,283,132,151
E00046000,290,149,141
E00046006,318,166,152
E00045137,371,196,175
E00045143,361,190,171
E00045146,363,187,176
E00045149,256,135,121
E00045130,315,148,167
E00045132,226,110,116
E00045133,294,141,153
E00045139,138,53,85
E00045141,290,154,136
E00045144,331,165,166
E00045150,323,167,156
E00045151,316,165,151
E00045155,404,191,213
E00045156,269,138,131
E00045157,327,168,159
E00047223,342,182,160
E00047275,350,175,175
E00047280,383,208,175
E00047283,287,143,144
E00047286,299,150,149
E00047453,415,213,202
E00047481,277,115,162
E00047482,529,256,273
E00047484,299,141,158
E00047457,270,136,134
E00047483,407,215,192
E00047498,426,202,224
E00047502,424,204,220
E00047509,422,201,221
E00047521,408,205,203
E00047522,263,141,122
E00047523,385,207,178
E00047555,354,182,172
E00047560,367,190,177
E00047451,389,201,188
E00047478,542,259,283
E00047479,221,112,109
E00047486,214,115,99
E00047487,376,188,188
E00047488,436,218,218
E00047490,454,231,223
E00047491,197,108,89
E00045122,278,141,137
E00045126,456,236,220
E00045127,386,206,180
E00045128,487,224,263
E00045136,388,203,185
E00045125,381,189,192
E00045129,511,270,241
E00045131,470,241,229
E00045134,493,259,234
E00045135,352,184,168
E00045138,371,182,189
E00045140,353,191,162
E00045142,379,204,175
E00045147,305,159,146
E00045152,318,165,153
E00045080,380,196,184
E00045081,250,121,129
E00045085,296,138,158
E00045145,461,236,225
E00045162,403,183,220
E00045590,498,284,214
E00045651,357,175,182
E00045655,253,122,131
E00186154,204,95,109
E00186208,172,84,88
E00186261,194,102,92
E00045622,286,135,151
E00045629,225,113,112
E00045645,332,176,156
E00175782,125,55,70
E00175783,717,429,288
E00047056,335,158,177
E00047104,274,135,139
E00047107,588,293,295
E00047112,293,144,149
E00047120,278,162,116
E00045585,304,165,139
E00045624,237,114,123
E00186126,194,114,80
E00186155,996,613,383
E00186235,972,516,456
E00045587,332,160,172
E00175713,1339,756,583
E00186161,573,312,261
E00186241,200,92,108
E00046928,340,185,155
E00046936,356,169,187
E00046937,287,148,139
E00046945,288,153,135
E00046946,326,170,156
E00046905,312,160,152
E00046923,406,204,202
E00046935,390,203,187
E00046940,302,159,143
E00046955,306,158,148
E00046913,297,151,146
E00046920,240,132,108
E00046922,324,170,154
E00046924,312,156,156
E00046925,317,160,157
E00046916,296,142,154
E00046927,310,152,158
E00046929,329,181,148
E00046938,328,161,167
E00046943,340,186,154
E00046948,304,164,140
E00046951,283,144,139
E00046952,308,192,116
E00046958,286,165,121
E00046961,362,192,170
E00046906,346,168,178
E00046944,303,151,152
E00046947,306,148,158
E00046949,331,167,164
E00046954,337,187,150
E00047221,247,130,117
E00047227,297,161,136
E00047233,306,157,149
E00047234,339,154,185
E00047281,251,125,126
E00047285,289,150,139
E00047224,326,153,173
E00047284,340,178,162
E00047287,300,148,152
E00047288,376,197,179
E00186246,204,85,119
E00186271,354,173,181
E00047220,242,119,123
E00047230,266,139,127
E00047264,306,154,152
E00047273,359,184,175
E00047276,384,203,181
E00047278,512,258,254
E00047222,398,191,207
E00047229,306,147,159
E00047231,300,153,147
E00047235,254,138,116
E00047236,278,132,146
E00047225,359,168,191
E00047228,358,185,173
E00047232,333,171,162
E00047238,264,139,125
E00047241,235,119,116
E00047237,347,172,175
E00047239,314,159,155
E00047240,335,163,172
E00047242,352,165,187
E00047243,279,133,146
E00047489,412,209,203
E00047496,291,138,153
E00047501,350,164,186
E00047503,339,172,167
E00047514,342,167,175
E00047495,318,156,162
E00047500,340,182,158
E00047504,425,228,197
E00047508,351,170,181
E00047510,328,158,170
E00047553,438,225,213
E00047554,364,169,195
E00047557,491,239,252
E00047562,416,194,222
E00047563,439,230,209
E00047524,349,182,167
E00047525,448,223,225
E00047556,437,217,220
E00047559,445,224,221
E00047561,277,135,142
E00047567,291,136,155
E00047570,585,262,323
E00047573,475,241,234
E00047477,451,205,246
E00047492,264,139,125
E00047493,477,245,232
E00047494,598,278,320
E00047499,520,247,273
E00047505,469,249,220
E00047506,360,177,183
E00175749,286,144,142
E00175765,337,179,158
E00047513,214,94,120
E00047516,401,217,184
E00047517,418,216,202
E00047518,437,233,204
E00047569,554,263,291
E00047580,490,233,257
E00047596,369,170,199
E00047558,362,178,184
E00047564,398,210,188
E00047565,452,230,222
E00047571,432,236,196
E00047454,420,209,211
E00047476,403,205,198
E00047485,473,231,242
E00047497,413,193,220
E00047452,434,228,206
E00047456,365,175,190
E00047512,416,208,208
E00047458,295,145,150
E00047507,344,160,184
E00047511,491,207,284
E00047515,429,201,228
E00047526,393,207,186
E00047528,512,242,270
E00047530,286,157,129
E00047566,402,192,210
E00047576,510,250,260
E00047578,333,168,165
E00047587,314,148,166
E00045996,313,186,127
E00046002,314,170,144
E00046010,337,175,162
E00046012,438,238,200
E00046017,421,219,202
E00045998,388,193,195
E00046003,327,167,160
E00046004,224,115,109
E00046008,373,179,194
E00046014,462,232,230
E00046909,319,153,166
E00046914,417,211,206
E00046921,335,172,163
E00046930,335,168,167
E00046932,313,167,146
E00046933,224,126,98
E00046931,322,153,169
E00046939,266,136,130
E00046941,367,187,180
E00046942,312,166,146
E00046950,410,222,188
E00046953,342,177,165
E00046956,278,158,120
E00046964,302,162,140
E00046965,289,144,145
E00046966,312,146,166
E00045993,374,181,193
E00045999,258,133,125
E00046005,220,101,119
E00046011,276,128,148
E00046016,240,124,116
E00046018,326,166,160
E00045973,218,112,106
E00045992,241,103,138
E00046007,396,222,174
E00046009,195,88,107
E00046013,296,144,152
E00046019,318,180,138
E00046024,330,179,151
E00046029,264,140,124
E00046031,345,185,160
E00046033,255,139,116
E00046034,340,168,172
E00045646,351,189,162
E00045653,203,97,106
E00045974,251,141,110
E00046021,362,189,173
E00046022,268,132,136
E00046023,400,195,205
E00046026,376,205,171
E00175615,341,154,187
E00046561,296,159,137
E00046562,437,209,228
E00046565,534,259,275
E00046571,394,189,205
E00046536,358,166,192
E00046537,275,139,136
E00046567,250,118,132
E00046572,340,165,175
E00046573,241,128,113
E00046595,321,154,167
E00046533,217,103,114
E00046534,533,257,276
E00046551,435,224,211
E00046552,370,187,183
E00046553,383,202,181
E00046535,500,267,233
E00046554,597,298,299
E00046556,580,262,318
E00045086,435,215,220
E00045148,343,151,192
E00045153,394,204,190
E00045154,318,167,151
E00045158,358,185,173
E00045077,322,177,145
E00045083,360,182,178
E00045088,313,162,151
E00045159,306,147,159
E00045164,277,133,144
E00045082,441,213,228
E00045160,396,188,208
E00045161,277,148,129
E00045165,369,193,176
E00045078,374,187,187
E00045084,348,168,180
E00045087,248,106,142
E00045092,401,187,214
E00045163,337,178,159
E00045079,306,125,181
E00045090,358,170,188
E00045091,405,210,195
E00045093,290,128,162
E00045096,239,117,122
E00045094,417,224,193
E00045095,314,165,149
E00045097,322,163,159
E00045098,272,135,137
E00175685,205,103,102
E00175720,365,184,181
E00045750,343,182,161
E00045751,319,165,154
E00045813,253,140,113
E00045815,493,239,254
E00045819,441,209,232
E00045748,420,201,219
E00045759,401,208,193
E00045816,427,217,210
E00045817,553,296,257
E00186172,534,271,263
E00186269,277,148,129
E00045754,261,138,123
E00045806,515,214,301
E00045807,446,217,229
E00045814,263,113,150
E00045821,378,161,217
E00045793,305,145,160
E00045795,537,259,278
E00045796,306,152,154
E00045799,475,249,226
E00045801,369,190,179
E00045794,364,194,170
E00045800,349,195,154
E00045802,377,187,190
E00045804,357,197,160
E00045805,417,214,203
E00045797,423,227,196
E00045798,400,200,200
E00045809,312,167,145
E00045812,433,240,193
E00046555,507,260,247
E00046557,247,110,137
E00046558,255,114,141
E00046559,427,213,214
E00046560,172,84,88
E00046563,199,84,115
E00046564,258,129,129
E00046566,225,106,119
E00046569,256,130,126
E00046570,301,155,146
E00046576,300,157,143
E00046568,224,91,133
E00046579,258,124,134
E00046581,346,182,164
E00046582,309,148,161
E00046585,348,171,177
E00046583,321,167,154
E00046587,303,162,141
E00046588,274,128,146
E00046589,290,143,147
E00046591,289,144,145
E00047527,237,113,124
E00047531,254,112,142
E00047568,273,130,143
E00047574,340,195,145
E00047583,252,110,142
E00047577,239,102,137
E00047591,327,158,169
E00047595,335,173,162
E00047598,287,133,154
E00046574,357,184,173
E00046575,527,265,262
E00046577,251,134,117
E00046578,193,96,97
E00046586,401,217,184
E00047582,432,211,221
E00047588,413,199,214
E00047590,404,194,210
E00186152,309,159,150
E00186175,317,153,164
E00047532,494,242,252
E00047536,407,207,200
E00047589,211,97,114
E00175751,224,127,97
E00175752,244,101,143
E00047538,236,109,127
E00047542,453,240,213
E00047544,504,250,254
E00047546,380,181,199
E00047549,184,91,93
E00045254,243,144,99
E00045284,368,211,157
E00045285,272,148,124
E00045288,316,181,135
E00045289,255,152,103
E00045292,292,152,140
E00045296,315,155,160
E00045298,337,172,165
E00045301,271,147,124
E00045303,390,201,189
E00045253,276,138,138
E00045256,358,193,165
E00045275,279,139,140
E00045282,248,125,123
E00045290,286,151,135
E00045276,331,176,155
E00045277,300,160,140
E00045280,212,112,100
E00045281,290,153,137
E00045283,314,171,143
E00046907,275,141,134
E00046957,293,150,143
E00046959,214,104,110
E00046960,333,165,168
E00046962,261,138,123
E00046963,325,159,166
E00045278,381,225,156
E00045279,201,102,99
E00045286,343,165,178
E00045293,426,210,216
E00045295,290,141,149
E00045970,294,147,147
E00046028,325,173,152
E00046032,294,158,136
E00046035,293,152,141
E00046037,294,162,132
E00046015,236,118,118
E00046020,268,138,130
E00046025,318,167,151
E00046027,299,150,149
E00046030,262,118,144
E00046036,225,119,106
E00047118,304,167,137
E00047123,284,147,137
E00047128,344,173,171
E00047130,293,159,134
E00047134,252,125,127
E00048095,265,144,121
E00048096,357,190,167
E00048097,276,150,126
E00048098,300,165,135
E00048099,322,158,164
E00047064,255,130,125
E00047068,354,182,172
E00047077,433,208,225
E00175800,1727,1001,726
E00175801,280,124,156
E00186197,507,282,225
E00186234,344,181,163
E00186317,445,234,211
E00047060,426,242,184
E00047063,480,259,221
E00047067,560,363,197
E00047121,438,229,209
E00047124,503,262,241
E00047057,548,306,242
E00047117,563,319,244
E00186163,394,195,199
E00186178,290,161,129
E00186233,489,248,241
E00186262,242,140,102
E00047058,435,215,220
E00047074,609,360,249
E00047076,619,343,276
E00175726,510,251,259
E00175802,261,144,117
E00175758,439,260,179
E00175770,153,90,63
E00186142,356,229,127
E00186213,565,316,249
E00186258,371,183,188
E00186299,292,164,128
E00047109,565,312,253
E00047116,461,244,217
E00047125,372,196,176
E00186125,474,274,200
E00186149,230,104,126
E00045755,376,205,171
E00045810,409,220,189
E00045811,475,246,229
E00045820,539,276,263
E00045822,434,213,221
E00045841,383,189,194
E00045844,446,226,220
E00045848,454,241,213
E00045849,279,136,143
E00045842,497,248,249
E00045845,369,177,192
E00045846,401,201,200
E00045847,496,260,236
E00045843,357,194,163
E00045850,359,187,172
E00045851,330,182,148
E00045853,428,211,217
E00045856,573,290,283
E00045854,370,178,192
E00045855,380,195,185
E00045857,183,110,73
E00045859,495,247,248
E00045861,391,197,194
E00047547,491,247,244
E00047550,539,265,274
E00047551,289,117,172
E00047552,380,212,168
E00045749,390,198,192
E00045752,474,239,235
E00045756,171,77,94
E00045757,230,111,119
E00045769,388,204,184
E00045760,390,189,201
E00045767,373,199,174
E00045772,360,183,177
E00045773,385,192,193
E00045778,322,157,165
E00045776,286,150,136
E00045777,308,158,150
E00045782,393,198,195
E00045785,363,190,173
E00045790,363,187,176
E00045858,371,186,185
E00045860,411,212,199
E00045862,387,202,185
E00186176,150,101,49
E00186189,566,285,281
E00047084,181,97,84
E00047098,329,169,160
E00047100,373,186,187
E00047102,297,164,133
E00047103,363,193,170
E00047062,351,165,186
E00047070,315,163,152
E00047071,317,145,172
E00047119,250,131,119
E00047127,333,156,177
E00047082,370,184,186
E00047083,325,159,166
E00047089,287,158,129
E00047094,357,193,164
E00047096,291,140,151
E00047126,303,147,156
E00047059,304,163,141
E00047066,283,141,142
E00047072,288,143,145
E00047075,398,252,146
E00047081,418,219,199
E00047086,359,196,163
E00047087,331,169,162
E00047095,319,176,143
E00186111,447,220,227
E00186264,271,140,131
E00047085,504,216,288
E00047093,357,167,190
E00047097,323,163,160
E00047099,316,170,146
E00047101,213,90,123
E00047105,363,191,172
E00047110,334,159,175
E00047113,325,182,143
E00047129,327,158,169
E00047061,236,126,110
E00047080,211,120,91
E00047090,407,211,196
E00047091,394,211,183
E00047092,299,151,148
E00047065,336,144,192
E00047069,252,120,132
E00047073,298,139,159
E00047078,342,182,160
E00047079,270,135,135
E00045260,266,136,130
E00045294,306,164,142
E00045299,346,178,168
E00045309,276,129,147
E00045313,296,136,160
E00048100,300,152,148
E00048104,312,166,146
E00048105,243,129,114
E00048107,319,172,147
E00048115,347,186,161
E00048057,243,133,110
E00048101,248,133,115
E00048103,284,162,122
E00048108,323,170,153
E00048110,351,190,161
E00048102,281,145,136
E00048106,300,154,146
E00048109,372,187,185
E00048111,355,187,168
E00048113,264,148,116
E00048114,324,176,148
E00048119,367,205,162
E00048120,312,171,141
E00048122,361,192,169
E00048127,280,153,127
E00045255,347,165,182
E00045258,313,166,147
E00045287,319,173,146
E00045297,268,133,135
E00045259,322,180,142
E00045300,325,166,159
E00045307,277,157,120
E00045321,239,123,116
E00045322,352,194,158
E00045257,302,156,146
E00045305,278,149,129
E00045306,324,167,157
E00045312,272,138,134
E00045261,221,113,108
E00045266,226,113,113
E00045315,290,172,118
E00045318,261,136,125
E00045320,304,160,144
E00045252,220,121,99
E00045262,288,173,115
E00045264,403,199,204
E00045323,292,151,141
E00045324,373,201,172
E00045770,336,185,151
E00045771,372,175,197
E00045774,387,176,211
E00045775,337,168,169
E00045781,367,184,183
E00045758,390,215,175
E00045761,376,193,183
E00045762,392,209,183
E00045765,434,231,203
E00045753,363,190,173
E00045763,391,206,185
E00045764,330,168,162
E00045766,287,149,138
E00045768,388,195,193
E00045746,458,238,220
E00045783,358,180,178
E00045784,461,254,207
E00045788,378,178,200
E00045789,177,100,77
E00045779,311,170,141
E00045780,323,157,166
E00045786,349,185,164
E00045787,293,165,128
E00045791,332,181,151
E00045875,417,221,196
E00045876,348,189,159
E00045879,344,164,180
E00045880,406,212,194
E00045886,408,202,206
E00046538,352,175,177
E00046543,291,148,143
E00046544,246,123,123
E00046545,322,162,160
E00046603,237,115,122
E00046539,296,153,143
E00046599,321,162,159
E00046601,234,127,107
E00046604,367,197,170
E00046606,315,164,151
E00046540,327,178,149
E00046542,274,136,138
E00046592,334,177,157
E00046596,375,192,183
E00046600,336,173,163
E00046546,318,165,153
E00046547,400,199,201
E00046548,353,171,182
E00046549,275,137,138
E00046550,313,165,148
E00046541,264,139,125
E00046590,269,148,121
E00046594,309,157,152
E00046597,298,149,149
E00046598,273,142,131
E00045374,454,224,230
E00045375,415,212,203
E00045377,389,196,193
E00045383,362,180,182
E00045326,361,190,171
E00045327,273,139,134
E00045378,290,152,138
E00045382,287,148,139
E00045390,294,146,148
E00045864,421,230,191
E00045866,201,101,100
E00045868,319,145,174
E00045869,489,258,231
E00045872,387,179,208
E00045823,232,128,104
E00045878,550,265,285
E00045885,436,211,225
E00045891,355,175,180
E00045894,340,181,159
E00046580,347,183,164
E00046584,309,162,147
E00046593,262,123,139
E00046602,387,214,173
E00046605,436,225,211
E00045249,255,133,122
E00045250,231,150,81
E00045251,290,163,127
E00045263,253,128,125
E00045267,201,104,97
E00045325,370,202,168
E00045269,293,145,148
E00045271,194,104,90
E00045272,217,111,106
E00045273,413,208,205
E00045274,426,225,201
E00175725,423,205,218
E00048061,242,130,112
E00048066,229,124,105
E00048067,293,150,143
E00048068,271,131,140
E00048075,277,152,125
E00045265,307,170,137
E00045302,216,128,88
E00045304,288,163,125
E00045308,318,172,146
E00045310,274,147,127
E00045311,269,152,117
E00045317,335,175,160
E00175701,250,134,116
E00175799,295,157,138
E00045416,269,137,132
E00045483,329,163,166
E00045486,289,145,144
E00045491,352,207,145
E00045496,335,178,157
E00045414,273,146,127
E00045460,333,179,154
E00045463,350,180,170
E00045464,229,99,130
E00045467,305,165,140
E00045413,156,88,68
E00045421,357,195,162
E00045459,342,189,153
E00045461,257,129,128
E00045462,340,166,174
E00045465,263,142,121
E00045466,246,133,113
E00045468,241,125,116
E00045471,400,201,199
E00045480,310,160,150
E00045525,297,159,138
E00045527,365,186,179
E00045528,317,142,175
E00045534,338,162,176
E00045538,429,230,199
E00045863,318,165,153
E00045865,390,190,200
E00045867,392,210,182
E00045870,428,217,211
E00045871,374,198,176
E00045873,469,266,203
E00045881,457,227,230
E00045889,438,221,217
E00045896,408,209,199
E00045874,405,209,196
E00045877,365,177,188
E00045882,420,219,201
E00045883,340,171,169
E00045884,358,185,173
E00045892,384,189,195
E00045893,449,217,232
E00045898,369,172,197
E00045900,383,193,190
E00048060,355,187,168
E00048070,333,190,143
E00048077,242,142,100
E00048124,362,201,161
E00048125,397,232,165
E00048071,295,156,139
E00048074,275,146,129
E00048078,281,157,124
E00048079,322,152,170
E00048081,301,143,158
E00048076,313,163,150
E00048080,281,148,133
E00048082,403,198,205
E00048083,337,175,162
E00048084,461,253,208
E00048112,308,154,154
E00048116,278,144,134
E00048117,324,166,158
E00048118,422,226,196
E00048123,294,152,142
E00048058,310,154,156
E00048065,274,141,133
E00048069,271,144,127
E00048121,311,163,148
E00048128,326,172,154
E00045506,327,150,177
E00045523,344,183,161
E00045535,283,152,131
E00045536,326,160,166
E00045548,308,158,150
E00045498,369,169,200
E00045526,486,255,231
E00045530,259,146,113
E00045531,311,148,163
E00045537,380,183,197
E00045532,257,144,113
E00045533,218,128,90
E00045543,356,187,169
E00045544,339,173,166
E00045551,288,152,136
E00045520,318,162,156
E00045521,289,141,148
E00045522,338,182,156
E00045524,292,153,139
E00045529,299,156,143
E00045376,354,187,167
E00045379,347,181,166
E00045380,304,171,133
E00045381,337,180,157
E00045385,267,136,131
E00045388,443,226,217
E00045392,325,178,147
E00045394,373,188,185
E00045398,284,148,136
E00045399,346,171,175
E00045384,372,195,177
E00045386,334,161,173
E00045387,317,161,156
E00045389,271,123,148
E00045391,354,179,175
E00045329,325,167,158
E00045395,313,165,148
E00045397,431,203,228
E00045400,319,172,147
E00045401,305,156,149
E00045334,415,210,205
E00045403,306,160,146
E00045405,250,137,113
E00045406,366,180,186
E00045411,329,181,148
E00045474,295,160,135
E00045477,211,108,103
E00045482,237,125,112
E00045493,341,182,159
E00045494,324,154,170
E00045415,272,131,141
E00045469,337,158,179
E00045475,204,106,98
E00045478,353,197,156
E00045481,284,150,134
E00045492,317,123,194
E00045428,372,206,166
E00045470,330,179,151
E00045473,304,143,161
E00045484,258,132,126
E00045488,411,205,206
E00045417,252,140,112
E00045418,205,116,89
E00045423,330,169,161
E00045431,338,168,170
E00045497,293,152,141
E00045420,348,175,173
E00045427,355,169,186
E00045429,273,145,128
E00045434,255,124,131
E00045445,371,200,171
E00045472,288,169,119
E00045476,313,166,147
E00045479,271,140,131
E00045485,148,52,96
E00045489,158,97,61
E00045490,243,124,119
E00045424,411,201,210
E00045425,257,129,128
E00045430,295,159,136
E00045487,264,140,124
E00045495,205,108,97
E00045419,328,185,143
E00045426,234,142,92
E00045432,251,148,103
E00045435,275,151,124
E00045436,258,141,117
E00045437,207,119,88
E00048063,226,112,114
E00048064,349,176,173
E00048072,154,73,81
E00048073,395,202,193
E00048126,231,108,123
E00186118,308,218,90
E00186202,219,112,107
E00045328,382,202,180
E00045393,276,151,125
E00045396,411,227,184
E00045402,420,244,176
E00045404,116,63,53
E00045337,317,167,150
E00045338,288,149,139
E00045339,463,257,206
E00045340,268,136,132
E00045409,275,138,137
E00045330,325,159,166
E00045407,310,159,151
E00045408,286,133,153
E00045410,292,151,141
E00045412,378,185,193
E00045332,294,141,153
E00045335,284,140,144
E00045343,291,143,148
E00045344,297,150,147
E00045347,297,156,141
E00045349,282,147,135
E00045433,302,150,152
E00045438,275,156,119
E00045440,185,111,74
E00045446,297,162,135
E00045447,301,153,148
E00045452,370,204,166
E00045422,318,164,154
E00045439,285,145,140
E00045441,284,130,154
E00045442,351,180,171
E00045444,304,156,148
E00045443,302,157,145
E00045448,219,104,115
E00045449,292,147,145
E00045450,300,135,165
E00045451,300,152,148
E00045453,307,160,147
E00045454,333,158,175
E00045455,399,223,176
E00045456,262,134,128
E00045457,512,296,216
E00045458,281,148,133
E00045331,348,171,177
E00045341,291,144,147
E00045346,344,176,168
E00045355,310,156,154
E00045357,317,164,153
E00045333,294,146,148
E00045345,420,212,208
E00045348,396,213,183
E00045351,347,185,162
E00045541,326,170,156
E00045546,234,115,119
E00045547,343,171,172
E00045550,260,134,126
E00045552,262,132,130
E00045556,241,116,125
E00045540,263,120,143
E00045542,279,141,138
E00045549,409,206,203
E00045555,374,191,183
E00045559,412,233,179
E00045539,322,157,165
E00045545,359,187,172
E00045553,291,153,138
E00045554,411,202,209
E00045562,489,268,221
E00045499,298,153,145
E00045558,252,117,135
E00045560,238,120,118
E00045563,258,131,127
E00045564,279,151,128
E00175690,243,118,125
E00175692,358,184,174
E00045557,286,142,144
E00045561,274,143,131
E00045566,402,204,198
E00045568,309,154,155
E00175680,150,76,74
E00175691,219,120,99
E00175693,234,126,108
E00175694,306,169,137
E00175695,327,176,151
E00175696,289,155,134
E00045570,304,166,138
E00045573,340,159,181
E00045574,315,152,163
E00045575,301,160,141
E00045578,219,123,96
E00046489,438,234,204
E00046491,395,206,189
E00046492,324,171,153
E00046495,308,154,154
E00046490,349,187,162
E00046493,319,158,161
E00046494,357,189,168
E00046496,315,157,158
E00046497,415,211,204
E00046514,295,157,138
E00046517,316,163,153
E00046529,373,186,187
E00046530,236,135,101
E00048059,300,159,141
E00048085,257,133,124
E00048086,255,139,116
E00048087,304,153,151
E00048088,283,143,140
E00048089,307,140,167
E00048090,319,162,157
E00048091,454,247,207
E00048092,409,196,213
E00048093,243,134,109
E00048094,321,168,153
E00046728,254,136,118
E00046735,281,135,146
E00046738,352,181,171
E00046743,334,169,165
E00046746,311,162,149
E00046739,284,139,145
E00046740,333,175,158
E00046744,289,132,157
E00046749,306,150,156
E00046753,307,155,152
E00046680,262,136,126
E00046681,301,141,160
E00046686,260,124,136
E00046750,315,151,164
E00046752,305,168,137
E00046727,300,156,144
E00046729,294,148,146
E00046730,364,183,181
E00046731,357,185,172
E00046732,308,155,153
E00046733,322,177,145
E00046734,253,134,119
E00046736,307,155,152
E00046737,261,135,126
E00046742,322,164,158
E00045502,328,183,145
E00045569,208,122,86
E00045571,221,119,102
E00045577,235,118,117
E00045579,334,167,167
E00045581,213,118,95
E00045509,304,152,152
E00045510,195,93,102
E00045513,244,133,111
E00045514,205,112,93
E00045515,177,97,80
E00045517,282,144,138
E00045503,284,147,137
E00045508,290,152,138
E00045511,276,145,131
E00045516,267,142,125
E00045519,255,136,119
E00045582,213,108,105
E00045504,291,151,140
E00045505,414,209,205
E00045507,313,162,151
E00045512,269,142,127
E00045518,425,220,205
E00045336,311,166,145
E00045342,555,292,263
E00045350,323,157,166
E00045352,346,194,152
E00045356,280,145,135
E00045354,313,147,166
E00045362,395,201,194
E00045363,348,174,174
E00045366,280,138,142
E00045367,206,100,106
E00045353,355,190,165
E00045359,358,169,189
E00045360,323,157,166
E00045364,328,181,147
E00045358,228,120,108
E00045361,252,123,129
E00045365,321,170,151
E00045370,325,178,147
E00045371,316,165,151
E00045368,249,128,121
E00045369,319,166,153
E00045372,309,155,154
E00045373,313,156,157
E00045500,357,196,161
E00045501,279,143,136
E00045572,324,159,165
E00045576,355,212,143
E00045580,246,122,124
E00046246,350,191,159
E00046250,230,117,113
E00046251,340,199,141
E00175803,490,243,247
E00046223,255,138,117
E00046227,277,154,123
E00046238,268,134,134
E00046239,318,154,164
E00046245,311,167,144
E00046230,269,143,126
E00046232,355,171,184
E00046235,347,174,173
E00046240,435,241,194
E00046244,357,201,156
E00046442,333,168,165
E00046443,326,174,152
E00046502,359,195,164
E00046503,310,154,156
E00046505,275,142,133
E00046679,351,175,176
E00046741,218,136,82
E00046745,351,192,159
E00046748,309,151,158
E00046757,395,196,199
E00046684,285,145,140
E00046689,252,127,125
E00046690,233,122,111
E00046695,609,308,301
E00046751,312,164,148
E00046687,349,202,147
E00046692,265,138,127
E00046696,314,172,142
E00046755,519,268,251
E00046756,322,148,174
E00046758,274,142,132
E00046700,273,138,135
E00046702,366,181,185
E00046703,259,141,118
E00046706,342,165,177
E00046710,367,208,159
E00046507,352,167,185
E00046512,233,115,118
E00046515,275,149,126
E00046519,233,122,111
E00046520,231,134,97
E00046509,345,188,157
E00046510,283,153,130
E00046513,217,105,112
E00046518,279,144,135
E00046531,323,177,146
E00046435,262,134,128
E00046436,265,136,129
E00046444,292,148,144
E00046446,292,161,131
E00046447,226,131,95
E00046508,299,155,144
E00046522,311,161,150
E00046523,299,172,127
E00046524,268,148,120
E00046525,257,128,129
E00046528,308,148,160
E00186109,339,192,147
E00186151,275,148,127
E00186170,367,200,167
E00186185,342,192,150
E00186226,541,284,257
E00046511,347,175,172
E00046516,292,154,138
E00046521,266,141,125
E00046526,285,157,128
E00046527,275,135,140
E00046532,251,139,112
E00046196,406,217,189
E00046226,342,168,174
E00046231,556,295,261
E00046234,245,134,111
E00046236,524,307,217
E00046685,347,183,164
E00046688,329,182,147
E00046691,273,143,130
E00046693,327,169,158
E00046747,264,134,130
E00046754,275,146,129
E00046697,328,176,152
E00046704,284,134,150
E00046705,258,133,125
E00046709,294,147,147
E00046714,324,179,145
E00046716,286,149,137
E00046682,295,159,136
E00046683,284,140,144
E00046694,287,146,141
E00046698,304,155,149
E00046699,249,124,125
E00046707,231,124,107
E00046701,136,59,77
E00046708,305,178,127
E00046712,335,154,181
E00046713,243,114,129
E00046715,340,170,170
E00046717,288,145,143
E00046718,168,80,88
E00046198,157,74,83
E00046247,244,125,119
E00046252,258,128,130
E00046258,209,120,89
E00046259,155,77,78
E00046190,353,188,165
E00046197,315,163,152
E00046199,297,156,141
E00046200,281,145,136
E00046210,299,148,151
E00046191,373,193,180
E00046193,299,154,145
E00046208,364,201,163
E00046213,272,133,139
E00046215,309,166,143
E00046224,350,174,176
E00046228,327,192,135
E00046229,323,164,159
E00046233,368,187,181
E00046189,356,186,170
E00046201,273,122,151
E00046225,328,173,155
E00046237,288,153,135
E00046242,311,163,148
E00046202,237,136,101
E00046212,271,157,114
E00046248,482,258,224
E00046249,236,113,123
E00046253,249,141,108
E00046256,198,119,79
E00046203,252,116,136
E00046206,296,166,130
E00046254,254,133,121
E00046255,184,95,89
E00046257,375,185,190
E00046204,543,284,259
E00046207,222,109,113
E00046209,227,111,116
E00046211,459,256,203
E00046217,258,148,110
E00046192,263,145,118
E00046205,272,135,137
E00046214,195,109,86
E00046216,247,126,121
E00046218,216,121,95
E00046219,216,123,93
E00046194,368,206,162
E00046195,251,121,130
E00046220,291,150,141
E00046221,266,138,128
E00046222,246,125,121
E00046445,605,323,282
E00046500,488,278,210
E00046501,396,205,191
E00046504,453,219,234
E00046506,312,160,152
E00046438,397,217,180
E00046450,256,130,126
E00046453,240,117,123
E00046454,204,88,116
E00046462,285,136,149
E00046437,378,182,196
E00046460,366,182,184
E00046468,345,162,183
E00046474,311,155,156
E00046477,270,144,126
E00046467,331,181,150
E00186275,364,185,179
E00186281,309,213,96
E00186284,298,159,139
E00046432,395,195,200
E00046479,256,123,133
E00046482,363,196,167
E00186247,253,127,126
E00186316,219,109,110
E00046448,578,305,273
E00046451,310,178,132
E00175732,255,141,114
E00175785,409,206,203
E00186127,355,163,192
E00186186,376,196,180
E00046440,292,149,143
E00046464,294,153,141
E00046466,333,158,175
E00046470,278,146,132
E00046483,227,122,105
E00046449,292,151,141
E00046452,296,157,139
E00046455,344,169,175
E00046456,275,148,127
E00046459,287,149,138
E00046473,267,145,122
E00046475,304,154,150
E00046484,265,144,121
E00046485,269,140,129
E00046486,297,127,170
E00046487,247,122,125
E00046457,296,158,138
E00046458,316,151,165
E00046469,332,169,163
E00046478,376,190,186
E00046461,313,165,148
E00046471,311,168,143
E00046472,270,143,127
E00046476,274,137,137
E00046480,269,135,134
E00046431,308,152,156
E00046439,310,163,147
E00046463,306,155,151
E00046465,280,147,133
E00046481,283,154,129
E00046711,321,179,142
E00046720,498,278,220
E00046721,485,245,240
E00046722,304,164,140
E00046725,458,259,199
E00046678,310,152,158
E00046719,366,181,185
E00046723,305,153,152
E00046724,290,142,148
E00046726,300,169,131
E00045826,397,188,209
E00045827,347,181,166
E00045830,405,200,205
E00045836,395,202,193
E00045895,247,120,127
E00045828,366,181,185
E00045832,376,188,188
E00045834,294,146,148
E00045890,405,208,197
E00045899,375,189,186
E00045825,365,176,189
E00045829,307,155,152
E00045831,376,189,187
E00045833,320,166,154
E00045835,343,180,163
E00045837,307,156,151
E00045838,335,177,158
E00045839,377,196,181
E00045840,344,173,171
E00045887,423,242,181
E00045888,341,162,179
E00045897,362,192,170
E00165815,405,205,200
E00046979,469,235,234
E00047007,395,187,208
E00047012,293,150,143
E00175740,266,137,129
E00175777,362,169,193
E00047001,406,205,201
E00047006,295,163,132
E00047009,453,218,235
E00047010,242,126,116
E00047013,402,197,205
E00046978,336,168,168
E00046987,271,157,114
E00046988,332,170,162
E00046989,351,177,174
E00046991,368,200,168
E00046990,399,205,194
E00046998,484,238,246
E00047002,473,238,235
E00047003,382,192,190
E00046993,371,187,184
E00046994,410,214,196
E00046995,333,174,159
E00047000,477,242,235
E00046996,426,214,212
E00046999,408,208,200
E00047004,411,205,206
E00165817,337,165,172
E00045618,187,99,88
E00045623,404,201,203
E00045625,397,222,175
E00045633,345,182,163
E00045638,291,159,132
E00175642,518,296,222
E00175668,290,112,178
E00175607,192,87,105
E00175638,135,53,82
E00175678,336,152,184
E00175718,730,437,293
E00186096,269,137,132
E00186210,211,95,116
E00186274,248,94,154
E00175669,488,239,249
E00175676,272,126,146
E00175748,221,117,104
E00186193,203,101,102
E00186249,412,184,228
E00175663,319,161,158
E00175667,177,92,85
E00175675,259,124,135
E00175699,248,130,118
E00175700,212,105,107
E00046344,337,183,154
E00186116,205,100,105
E00186150,446,206,240
E00186194,300,148,152
E00186211,441,224,217
E00186250,136,71,65
E00186296,137,73,64
E00175767,575,267,308
E00186098,535,267,268
E00175630,149,67,82
E00175634,145,59,86
E00175773,243,109,134
E00186099,568,280,288
E00046390,370,142,228
E00046393,345,121,224
E00175626,367,186,181
E00175643,196,87,109
E00175608,189,61,128
E00175636,245,120,125
E00175674,116,62,54
E00175730,264,121,143
E00175736,98,46,52
E00186108,138,61,77
E00047462,258,138,120
E00047467,373,185,188
E00047468,241,116,125
E00186121,345,178,167
E00186180,366,156,210
E00046374,337,177,160
E00046381,248,147,101
E00046386,416,195,221
E00046387,272,141,131
E00046400,149,68,81
E00175717,462,248,214
E00046408,392,202,190
E00175747,271,113,158
E00175768,591,395,196
E00186113,105,34,71
E00186158,324,169,155
E00186255,163,84,79
E00186285,156,94,62
E00186306,303,79,224
E00175616,193,85,108
E00175619,233,102,131
E00175620,199,84,115
E00175639,148,78,70
E00175640,187,97,90
E00175715,208,90,118
E00046391,379,201,178
E00186123,214,90,124
E00186157,156,66,90
E00186174,307,167,140
E00186218,258,133,125
E00186228,252,128,124
E00186279,221,102,119
E00046395,294,126,168
E00046397,296,149,147
E00186148,350,181,169
E00186156,195,81,114
E00186191,172,79,93
E00046349,393,197,196
E00046368,284,152,132
E00046371,274,137,137
E00046383,273,133,140
E00046425,273,133,140
E00046426,425,205,220
E00175618,159,78,81
E00175655,187,89,98
E00175684,262,117,145
E00175728,225,112,113
E00186130,182,89,93
E00186215,252,122,130
E00186220,140,82,58
E00175631,185,78,107
E00175632,146,63,83
E00175645,159,76,83
E00175660,348,155,193
E00175665,227,90,137
E00175666,158,73,85
E00046357,386,199,187
E00046358,278,127,151
E00046370,214,94,120
E00175673,246,106,140
E00186251,300,142,158
E00186257,604,300,304
E00186267,220,112,108
E00175706,245,108,137
E00175709,101,49,52
E00175714,265,130,135
E00186119,212,99,113
E00186138,100,41,59
E00186240,184,80,104
E00175657,212,96,116
E00175760,149,63,86
E00186100,307,132,175
E00186136,176,84,92
E00186232,228,119,109
E00175771,227,105,122
E00175779,162,74,88
E00186101,339,150,189
E00186124,404,185,219
E00186159,256,107,149
E00186188,193,81,112
E00186214,117,50,67
E00186238,196,99,97
E00175654,334,143,191
E00175679,193,97,96
E00175708,187,76,111
E00175778,210,95,115
E00175780,192,78,114
E00186242,172,68,104
E00186272,176,56,120
E00175658,162,72,90
E00175659,561,291,270
E00175670,192,88,104
E00186147,310,162,148
E00186237,488,222,266
E00046654,427,228,199
E00046659,287,160,127
E00046660,445,241,204
E00175648,359,180,179
E00175798,322,147,175
E00047293,382,198,184
E00047362,400,196,204
E00047363,427,215,212
E00047365,453,229,224
E00047292,556,293,263
E00047294,448,239,209
E00047361,482,246,236
E00047368,426,222,204
E00047371,505,267,238
E00047339,484,241,243
E00047342,468,240,228
E00047351,463,221,242
E00047360,384,193,191
E00186153,295,160,135
E00186298,343,168,175
E00047346,439,226,213
E00047355,469,221,248
E00047357,368,164,204
E00186252,388,196,192
E00186293,266,141,125
E00047289,454,252,202
E00047343,413,213,200
E00047350,429,207,222
E00047354,321,166,155
E00047296,501,238,263
E00047307,491,259,232
E00047313,533,267,266
E00047315,456,238,218
E00047344,430,181,249
E00047345,415,206,209
E00047353,566,294,272
E00047364,416,192,224
E00045674,282,138,144
E00045679,265,150,115
E00045683,325,177,148
E00045685,274,139,135
E00045689,281,135,146
E00045666,184,93,91
E00045690,543,266,277
E00045692,183,85,98
E00045697,241,126,115
E00045701,264,134,130
E00045702,323,163,160
E00045691,292,144,148
E00045693,281,140,141
E00045694,383,181,202
E00045695,335,177,158
E00045703,209,108,101
E00046073,295,141,154
E00046074,258,128,130
E00046080,327,175,152
E00186089,489,237,252
E00046075,394,203,191
E00175606,535,274,261
E00175774,420,235,185
E00046056,378,189,189
E00046082,240,121,119
E00046083,384,186,198
E00175744,369,183,186
E00046089,405,207,198
E00046090,350,184,166
E00046094,379,196,183
E00046098,192,87,105
E00175784,282,152,130
E00046137,339,188,151
E00046164,335,182,153
E00046170,292,147,145
E00046176,306,152,154
E00046178,344,182,162
E00046138,298,158,140
E00046171,297,146,151
E00046173,338,185,153
E00046179,367,196,171
E00046180,412,212,200
E00047322,378,211,167
E00047325,413,190,223
E00047327,363,189,174
E00047328,516,266,250
E00047535,394,190,204
E00047575,569,287,282
E00047581,413,191,222
E00186227,449,224,225
E00186302,178,96,82
E00047533,392,191,201
E00047539,349,173,176
E00047540,463,245,218
E00047597,520,273,247
E00047326,438,223,215
E00047329,349,169,180
E00047330,505,253,252
E00047529,483,265,218
E00047579,502,237,265
E00047584,287,147,140
E00047586,347,155,192
E00047534,609,337,272
E00047592,522,257,265
E00047593,390,210,180
E00047594,393,195,198
E00047537,479,235,244
E00047541,487,247,240
E00047543,409,201,208
E00047548,423,208,215
E00047332,512,263,249
E00047333,560,273,287
E00186115,437,203,234
E00186164,227,110,117
E00045792,413,222,191
E00045803,614,309,305
E00045808,459,229,230
E00186192,417,207,210
E00186259,248,124,124
E00048529,285,143,142
E00048542,346,178,168
E00048574,505,254,251
E00048575,337,173,164
E00048576,225,119,106
E00048590,474,240,234
E00048591,241,113,128
E00048606,596,304,292
E00048607,374,171,203
E00048608,262,133,129
E00048612,225,109,116
E00048611,240,124,116
E00048613,324,167,157
E00048614,393,204,189
E00048615,311,151,160
E00048617,264,140,124
E00048618,271,140,131
E00048619,173,93,80
E00048583,321,163,158
E00048592,321,148,173
E00048609,392,196,196
E00048610,322,151,171
E00048616,283,159,124
E00048621,276,145,131
E00048623,313,144,169
E00048540,420,211,209
E00048543,272,137,135
E00048581,386,188,198
E00048582,453,225,228
E00048539,309,151,158
E00048546,316,166,150
E00048577,317,167,150
E00048578,342,177,165
E00048580,300,144,156
E00048533,355,177,178
E00048535,348,182,166
E00048541,295,151,144
E00048547,330,179,151
E00048553,339,175,164
E00048526,309,153,156
E00048538,388,192,196
E00048556,323,169,154
E00048563,346,177,169
E00185041,402,220,182
E00185121,375,191,184
E00048620,211,105,106
E00048624,364,191,173
E00048627,334,161,173
E00048628,246,122,124
E00048629,281,136,145
E00048584,298,151,147
E00048585,374,204,170
E00048593,359,179,180
E00048622,358,188,170
E00048630,361,193,168
E00048595,299,160,139
E00048596,280,143,137
E00048634,257,108,149
E00048638,133,58,75
E00048639,270,131,139
E00048641,384,207,177
E00048587,349,167,182
E00048625,321,176,145
E00048631,359,178,181
E00048632,269,150,119
E00048640,336,161,175
E00048588,299,162,137
E00048589,253,124,129
E00048598,269,133,136
E00048599,292,155,137
E00048602,412,202,210
E00048422,412,198,214
E00048434,602,296,306
E00048435,408,217,191
E00185051,228,119,109
E00185129,443,242,201
E00048429,314,148,166
E00048431,356,182,174
E00048432,292,148,144
E00048433,350,170,180
E00048626,267,145,122
E00048633,334,175,159
E00048635,333,167,166
E00048637,323,162,161
E00185085,237,119,118
E00185088,625,318,307
E00185105,121,62,59
E00048586,278,144,134
E00048594,338,171,167
E00048597,343,178,165
E00048600,294,165,129
E00048642,313,161,152
E00048214,359,185,174
E00048215,153,87,66
E00048217,326,165,161
E00048223,230,112,118
E00048248,283,144,139
E00048250,172,83,89
E00048209,261,122,139
E00048210,345,180,165
E00048211,323,146,177
E00048213,301,161,140
E00048219,289,140,149
E00048204,336,180,156
E00048216,320,160,160
E00048221,367,182,185
E00048222,262,118,144
E00048225,334,186,148
E00048537,617,332,285
E00048550,372,175,197
E00048565,491,244,247
E00048480,297,148,149
E00048492,296,136,160
E00048495,399,218,181
E00048497,372,189,183
E00048500,367,187,180
E00048481,398,221,177
E00048505,548,281,267
E00048506,255,135,120
E00048508,466,243,223
E00048514,331,187,144
E00048517,255,140,115
E00048473,253,130,123
E00048509,564,291,273
E00165741,503,255,248
E00165742,443,220,223
E00048478,245,119,126
E00048482,302,150,152
E00048489,255,131,124
E00185042,320,185,135
E00185056,111,61,50
E00185072,273,132,141
E00185100,369,189,180
E00185111,259,140,119
E00048479,393,228,165
E00048485,191,97,94
E00048486,250,142,108
E00185044,225,104,121
E00185055,614,331,283
E00185110,187,95,92
E00049157,396,204,192
E00049158,375,206,169
E00172212,490,267,223
E00048471,347,180,167
E00048499,404,205,199
E00048501,197,101,96
E00048502,350,169,181
E00048507,306,152,154
E00048474,446,228,218
E00048498,268,128,140
E00048503,328,172,156
E00048504,343,162,181
E00048472,293,149,144
E00048510,219,119,100
E00048511,369,190,179
E00048519,425,226,199
E00048520,373,187,186
E00048475,472,242,230
E00048476,251,138,113
E00048518,320,157,163
E00048521,284,151,133
E00048523,257,128,129
E00048487,533,276,257
E00048488,294,145,149
E00048491,329,176,153
E00048494,321,161,160
E00048496,354,183,171
E00048423,507,249,258
E00048436,425,206,219
E00172160,417,224,193
E00172161,434,238,196
E00048445,621,293,328
E00048448,346,177,169
E00048459,368,173,195
E00185048,176,89,87
E00185059,478,245,233
E00048438,387,198,189
E00048439,329,155,174
E00048441,439,212,227
E00048444,144,86,58
E00048447,427,228,199
E00048437,460,226,234
E00048440,448,217,231
E00048442,487,242,245
E00048446,466,234,232
E00048249,370,186,184
E00048251,363,184,179
E00048252,303,152,151
E00048253,605,309,296
E00048218,358,196,162
E00048220,353,190,163
E00048226,286,145,141
E00048235,282,145,137
E00048241,283,162,121
E00048205,301,150,151
E00048224,263,131,132
E00048234,299,151,148
E00048239,258,129,129
E00185054,246,124,122
E00185073,323,148,175
E00185080,476,244,232
E00048236,254,128,126
E00048238,260,137,123
E00048240,319,165,154
E00048243,253,131,122
E00048244,215,118,97
E00048245,291,138,153
E00048528,388,182,206
E00048568,571,290,281
E00048571,323,171,152
E00048572,320,171,149
E00185046,353,203,150
E00185117,364,179,185
E00048697,299,162,137
E00048715,324,173,151
E00048716,269,137,132
E00048719,318,161,157
E00048725,334,172,162
E00048700,425,222,203
E00048727,260,127,133
E00048729,348,158,190
E00048730,327,155,172
E00172162,298,151,147
E00172163,342,170,172
E00172177,408,194,214
E00048712,269,135,134
E00048713,282,137,145
E00048717,313,161,152
E00048721,453,235,218
E00048726,370,184,186
E00048698,316,166,150
E00048699,355,200,155
E00048718,386,227,159
E00048722,254,131,123
E00048723,274,144,130
E00048728,247,129,118
E00048696,244,112,132
E00048710,252,130,122
E00048711,364,199,165
E00048714,127,42,85
E00048720,322,164,158
E00048724,254,130,124
E00048731,343,177,166
E00048732,244,122,122
E00048734,482,252,230
E00048739,332,167,165
E00048740,414,199,215
E00048701,303,155,148
E00048735,272,150,122
E00048736,355,181,174
E00048738,307,155,152
E00048741,326,165,161
E00048601,212,104,108
E00048603,366,182,184
E00048604,310,170,140
E00048605,200,103,97
E00048899,296,157,139
E00048901,297,155,142
E00048903,261,138,123
E00048906,313,150,163
E00048907,279,140,139
E00049154,267,131,136
E00049159,235,125,110
E00049161,208,99,109
E00049162,274,138,136
E00049164,314,162,152
E00049163,288,154,134
E00049165,321,171,150
E00049168,320,166,154
E00049169,208,105,103
E00185066,608,303,305
E00185107,180,93,87
E00048208,440,245,195
E00048237,470,247,223
E00048242,238,128,110
E00048246,406,226,180
E00048247,357,173,184
E00048206,276,134,142
E00048227,274,136,138
E00048229,361,176,185
E00048231,318,163,155
E00048232,293,148,145
E00048207,317,172,145
E00048228,369,189,180
E00048230,365,186,179
E00048233,353,183,170
E00048849,335,164,171
E00048851,242,129,113
E00048853,285,140,145
E00048854,316,170,146
E00048855,273,137,136
E00048425,374,178,196
E00048427,345,184,161
E00048443,377,196,181
E00048451,266,134,132
E00048420,578,282,296
E00048449,514,239,275
E00048454,434,218,216
E00185087,282,151,131
E00185091,472,255,217
E00048450,401,197,204
E00048452,116,31,85
E00048455,246,119,127
E00048457,410,213,197
E00048458,419,211,208
E00048461,319,155,164
E00048462,220,115,105
E00048466,474,243,231
E00048468,488,243,245
E00048421,215,113,102
E00048428,301,158,143
E00048467,402,198,204
E00048469,412,198,214
E00048470,281,148,133
E00048464,609,309,300
E00185103,391,201,190
E00185132,469,228,241
E00185133,189,93,96
E00048456,451,227,224
E00048463,450,209,241
E00048465,372,184,188
E00185114,445,216,229
E00048864,284,144,140
E00048872,257,129,128
E00048910,391,214,177
E00048911,510,259,251
E00048912,283,132,151
E00048913,318,171,147
E00048860,304,151,153
E00048861,344,163,181
E00048862,270,132,138
E00048867,432,216,216
E00048879,279,134,145
E00048882,118,36,82
E00048884,333,170,163
E00048886,316,167,149
E00048888,326,179,147
E00048891,379,185,194
E00048892,399,219,180
E00048859,405,209,196
E00048897,259,90,169
E00048898,417,217,200
E00048908,338,167,171
E00048900,279,139,140
E00048902,230,122,108
E00048904,386,182,204
E00048905,341,176,165
E00048909,347,176,171
E00048806,312,164,148
E00048810,293,148,145
E00048812,261,132,129
E00048818,285,145,140
E00048820,257,134,123
E00048811,264,140,124
E00048845,300,147,153
E00048848,345,178,167
E00048850,333,171,162
E00048852,363,186,177
E00048800,222,100,122
E00048816,354,177,177
E00048822,249,145,104
E00048825,150,71,79
E00048856,319,158,161
E00185102,162,70,92
E00185118,424,218,206
E00048807,246,133,113
E00048814,272,138,134
E00048819,271,134,137
E00048821,321,170,151
E00048824,395,196,199
E00048802,319,153,166
E00048803,335,167,168
E00048804,286,142,144
E00048846,312,170,142
E00048847,213,103,110
E00048840,315,163,152
E00048841,278,153,125
E00048842,384,194,190
E00048843,312,150,162
E00048844,305,154,151
E00048657,309,167,142
E00048658,284,141,143
E00048660,426,216,210
E00048666,285,151,134
E00048871,251,123,128
E00048873,288,149,139
E00048875,340,179,161
E00048878,407,195,212
E00048881,341,154,187
E00049166,282,131,151
E00049167,298,144,154
E00049172,313,157,156
E00049175,330,178,152
E00049181,300,139,161
E00049170,280,145,135
E00049173,295,164,131
E00049174,344,188,156
E00049177,326,171,155
E00049179,246,129,117
E00049132,351,172,179
E00049135,303,148,155
E00049136,355,175,180
E00049137,356,189,167
E00049141,323,173,150
E00048477,441,225,216
E00048516,209,118,91
E00048522,231,115,116
E00048524,258,132,126
E00048525,197,105,92
E00049124,357,174,183
E00049129,351,178,173
E00049130,362,189,173
E00049180,380,189,191
E00049125,251,125,126
E00049128,281,148,133
E00049171,323,156,167
E00049176,273,143,130
E00049178,283,160,123
E00049131,332,174,158
E00049133,305,163,142
E00049140,303,149,154
E00049142,287,136,151
E00049182,245,126,119
E00049134,432,222,210
E00049138,305,172,133
E00049139,330,179,151
E00049143,276,122,154
E00049146,273,139,134
E00049147,213,81,132
E00048703,503,249,254
E00048742,295,157,138
E00048743,320,170,150
E00048747,386,204,182
E00048748,340,170,170
E00048694,314,164,150
E00048704,333,180,153
E00048705,311,123,188
E00048749,326,169,157
E00048751,283,151,132
E00048706,141,50,91
E00048707,292,139,153
E00048708,372,188,184
E00048709,239,105,134
E00048750,356,170,186
E00172165,177,76,101
E00172185,235,101,134
E00048809,335,133,202
E00048828,247,85,162
E00048830,305,145,160
E00048832,254,110,144
E00048833,377,175,202
E00048702,295,134,161
E00172164,576,254,322
E00172176,328,165,163
E00172178,341,182,159
E00172179,299,137,162
E00048744,310,160,150
E00048745,547,264,283
E00048746,577,275,302
E00048656,283,158,125
E00048659,239,123,116
E00048661,378,192,186
E00048662,284,151,133
E00048668,273,149,124
E00048863,285,147,138
E00048865,291,131,160
E00048866,327,163,164
E00048869,334,160,174
E00048870,297,142,155
E00048874,303,150,153
E00048868,319,152,167
E00048876,478,197,281
E00048877,353,175,178
E00048880,325,155,170
E00048883,310,147,163
E00048885,306,135,171
E00048887,332,165,167
E00048889,349,190,159
E00048890,433,216,217
E00048893,314,159,155
E00048805,399,188,211
E00048808,337,176,161
E00048813,265,132,133
E00048815,263,137,126
E00048823,249,123,126
E00049008,289,170,119
E00049009,358,182,176
E00049057,239,120,119
E00049058,295,150,145
E00049010,253,129,124
E00049016,244,126,118
E00049017,269,144,125
E00049018,253,135,118
E00049020,262,142,120
E00049021,203,108,95
E00049011,300,155,145
E00049012,269,138,131
E00049015,377,195,182
E00049019,342,167,175
E00049059,141,74,67
E00049066,344,179,165
E00049105,150,73,77
E00049111,167,78,89
E00049115,292,146,146
E00049117,330,174,156
E00049118,301,154,147
E00049068,239,124,115
E00049069,326,158,168
E00049096,304,153,151
E00049099,295,157,138
E00049113,276,142,134
E00049061,304,158,146
E00049080,261,129,132
E00049088,285,147,138
E00049090,251,128,123
E00049098,318,169,149
E00049060,358,180,178
E00049065,284,141,143
E00049089,240,119,121
E00049092,180,95,85
E00049097,292,148,144
E00048773,356,171,185
E00048775,600,296,304
E00048781,301,156,145
E00048790,368,165,203
E00172180,438,219,219
E00172181,326,140,186
E00172197,143,69,74
E00048754,343,174,169
E00048762,399,210,189
E00048766,373,188,185
E00185040,295,150,145
E00185106,443,210,233
E00048769,350,177,173
E00048770,251,118,133
E00048772,357,156,201
E00172200,281,128,153
E00172204,289,141,148
E00172213,360,178,182
E00048755,435,218,217
E00048765,498,229,269
E00048774,392,194,198
E00048776,416,204,212
E00048756,414,199,215
E00048764,522,252,270
E00048767,338,179,159
E00048768,442,250,192
E00048778,427,201,226
E00048757,333,164,169
E00048783,396,181,215
E00048784,289,141,148
E00172182,557,238,319
E00172183,202,82,120
E00172184,462,241,221
E00172201,169,74,95
E00172202,879,447,432
E00049063,245,116,129
E00049095,263,129,134
E00049100,343,176,167
E00049104,297,150,147
E00185113,598,289,309
E00185130,151,77,74
E00185136,148,78,70
E00049062,306,166,140
E00049102,284,145,139
E00049103,286,141,145
E00049106,281,150,131
E00049107,322,155,167
E00049064,287,138,149
E00049081,251,135,116
E00049091,356,190,166
E00049093,288,143,145
E00049094,292,150,142
E00172152,620,334,286
E00172153,278,140,138
E00172154,285,135,150
E00185079,169,82,87
E00185119,246,113,133
E00049079,225,120,105
E00049082,131,76,55
E00049083,344,183,161
E00049085,188,105,83
E00049087,119,62,57
E00172155,392,207,185
E00172156,408,195,213
E00048826,226,123,103
E00048827,270,133,137
E00048829,326,160,166
E00048834,296,151,145
E00048836,312,159,153
E00049013,260,118,142
E00049014,467,235,232
E00049022,301,169,132
E00049026,187,83,104
E00049027,267,144,123
E00049023,225,111,114
E00049024,365,172,193
E00049025,236,126,110
E00049029,297,145,152
E00049033,273,142,131
E00049039,223,113,110
E00049030,246,126,120
E00049032,314,161,153
E00049042,210,102,108
E00049043,289,154,135
E00049047,349,162,187
E00049048,274,131,143
E00049028,287,141,146
E00049031,301,142,159
E00049035,250,125,125
E00049036,247,127,120
E00049050,314,163,151
E00048644,299,148,151
E00048646,320,149,171
E00048664,358,172,186
E00048667,323,137,186
E00048672,403,190,213
E00048643,302,153,149
E00048663,306,148,158
E00048665,340,173,167
E00048670,313,157,156
E00048673,296,155,141
E00048671,281,145,136
E00048674,291,144,147
E00048677,395,189,206
E00048678,290,145,145
E00048645,306,154,152
E00048647,443,217,226
E00048669,263,136,127
E00048675,315,158,157
E00048679,349,187,162
E00048680,379,192,187
E00048682,344,172,172
E00048683,396,205,191
E00048687,303,173,130
E00185049,555,278,277
E00185068,105,60,45
E00185094,203,115,88
E00185099,514,252,262
E00048688,303,156,147
E00048690,419,217,202
E00048691,468,320,148
E00048693,283,137,146
E00048753,449,195,254
E00048758,346,155,191
E00048759,455,195,260
E00048761,300,156,144
E00048798,494,172,322
E00048760,267,113,154
E00048788,306,135,171
E00048797,396,159,237
E00048799,461,192,269
E00185061,383,164,219
E00185070,282,100,182
E00048857,352,140,212
E00048858,398,183,215
E00048894,369,187,182
E00048895,472,208,264
E00048896,441,182,259
E00048791,355,157,198
E00185035,840,382,458
E00185067,119,47,72
E00185123,610,227,383
E00048752,446,179,267
E00048793,355,153,202
E00048796,347,132,215
E00048961,240,119,121
E00048962,380,188,192
E00048975,626,311,315
E00048979,235,108,127
E00048981,254,124,130
E00049067,252,124,128
E00049070,263,127,136
E00049071,451,224,227
E00049108,224,120,104
E00049112,243,131,112
E00049073,384,177,207
E00049109,329,169,160
E00049110,160,70,90
E00049114,216,100,116
E00049119,257,140,117
E00049120,319,173,146
E00049072,384,193,191
E00049074,193,97,96
E00049075,219,104,115
E00049076,247,137,110
E00049077,243,123,120
E00049122,209,114,95
E00049078,469,239,230
E00049086,245,128,117
E00049116,383,192,191
E00049121,317,168,149
E00049123,241,108,133
E00049005,309,156,153
E00049034,341,159,182
E00049037,296,128,168
E00049040,278,128,150
E00049044,280,122,158
E00049003,268,127,141
E00049004,216,103,113
E00049038,295,138,157
E00049041,239,116,123
E00185120,445,274,171
E00185122,195,84,111
E00049006,317,153,164
E00049051,295,154,141
E00049052,299,146,153
E00049055,313,145,168
E00049056,237,123,114
E00049007,284,124,160
E00049046,219,109,110
E00049049,247,119,128
E00049053,277,130,147
E00049054,264,121,143
E00048330,324,125,199
E00048331,282,142,140
E00048332,237,120,117
E00048341,246,115,131
E00172191,228,89,139
E00172192,181,84,97
E00172195,100,50,50
E00172196,174,81,93
E00185081,615,358,257
E00185098,389,193,196
E00048398,236,81,155
E00048399,270,117,153
E00172170,535,239,296
E00172171,296,128,168
E00185089,236,103,133
E00185125,352,154,198
E00048801,279,129,150
E00048831,275,138,137
E00048835,233,115,118
E00048837,241,104,137
E00048838,157,40,117
E00048839,355,184,171
E00185036,445,219,226
E00185075,761,321,440
E00185090,839,381,458
E00172172,1784,879,905
E00172174,151,64,87
E00172193,233,89,144
E00172194,184,92,92
E00172203,350,188,162
E00172205,169,68,101
E00048970,343,178,165
E00048973,268,140,128
E00048974,491,237,254
E00048978,250,128,122
E00048982,286,143,143
E00048958,341,174,167
E00048964,298,146,152
E00048965,302,157,145
E00048971,374,199,175
E00048959,297,145,152
E00048966,273,137,136
E00048967,313,158,155
E00048968,243,118,125
E00048969,307,147,160
E00048960,412,217,195
E00048972,288,136,152
E00048977,280,132,148
E00185050,493,278,215
E00185069,434,193,241
E00048254,203,107,96
E00048265,302,173,129
E00048273,297,152,145
E00048285,289,147,142
E00048289,255,141,114
E00048255,297,144,153
E00048281,278,141,137
E00048284,255,134,121
E00048286,243,136,107
E00048291,297,152,145
E00048276,251,119,132
E00048278,333,166,167
E00048279,281,144,137
E00048280,302,149,153
E00048283,298,145,153
E00048264,360,176,184
E00048275,328,162,166
E00048277,273,132,141
E00172186,351,165,186
E00172187,480,252,228
E00049126,233,128,105
E00049127,325,167,158
E00049145,244,116,128
E00049148,567,275,292
E00049153,443,239,204
E00049144,308,170,138
E00049149,278,139,139
E00049150,238,123,115
E00049151,210,117,93
E00049152,370,189,181
E00048369,197,84,113
E00048370,322,165,157
E00048401,219,105,114
E00048402,270,135,135
E00048411,338,189,149
E00048371,333,159,174
E00048375,307,168,139
E00048403,323,163,160
E00048408,255,127,128
E00048417,260,127,133
E00048373,312,157,155
E00048405,403,184,219
E00048410,200,96,104
E00048413,270,141,129
E00048418,337,172,165
E00048374,384,189,195
E00048376,260,134,126
E00048378,360,174,186
E00048415,379,186,193
E00048372,313,145,168
E00048400,218,94,124
E00048404,263,129,134
E00048407,349,182,167
E00048409,263,129,134
E00048377,296,147,149
E00048406,215,117,98
E00048412,247,120,127
E00048414,233,127,106
E00048416,353,164,189
E00048257,308,150,158
E00048288,298,163,135
E00048292,308,143,165
E00048294,257,136,121
E00048297,319,174,145
E00048258,397,203,194
E00048274,337,175,162
E00048293,299,157,142
E00048296,255,124,131
E00048298,248,126,122
E00048651,445,220,225
E00048652,369,200,169
E00048653,324,161,163
E00048654,393,212,181
E00048299,237,124,113
E00048302,239,118,121
E00048304,299,152,147
E00048308,410,206,204
E00165739,425,216,209
E00048256,314,160,154
E00048287,293,136,157
E00048290,247,138,109
E00048300,432,239,193
E00165740,282,144,138
E00172189,476,239,237
E00185074,584,298,286
E00185092,328,186,142
E00048648,435,227,208
E00048649,397,224,173
E00048650,347,191,156
E00048689,481,266,215
E00048991,423,178,245
E00048994,220,110,110
E00048995,430,242,188
E00048999,236,102,134
E00185097,471,217,254
E00185115,446,197,249
E00048980,353,181,172
E00048983,283,139,144
E00048984,282,130,152
E00185076,437,212,225
E00185077,139,63,76
E00049001,345,163,182
E00172147,268,132,136
E00172148,335,173,162
E00172149,356,181,175
E00172168,301,151,150
E00172169,310,155,155
E00048976,571,294,277
E00048985,421,205,216
E00048989,525,259,266
E00165743,481,218,263
E00048963,503,266,237
E00048987,258,123,135
E00048992,272,141,131
E00048993,319,170,149
E00048334,313,153,160
E00048335,360,186,174
E00048340,308,162,146
E00048343,302,157,145
E00048345,335,173,162
E00048326,242,119,123
E00048327,231,116,115
E00048337,267,127,140
E00048338,207,105,102
E00048339,283,135,148
E00048344,257,117,140
E00048346,234,111,123
E00048318,297,133,164
E00048321,365,196,169
E00048347,243,141,102
E00048353,304,151,153
E00048360,368,194,174
E00048322,266,141,125
E00048324,327,158,169
E00048354,255,137,118
E00048356,318,157,161
E00048359,344,187,157
E00165745,285,136,149
E00048348,317,154,163
E00048349,266,138,128
E00048352,386,203,183
E00165746,278,135,143
E00048316,285,141,144
E00048319,236,115,121
E00048320,273,133,140
E00048342,376,193,183
E00048350,231,114,117
E00048361,157,74,83
E00048325,246,130,116
E00048328,249,129,120
E00048358,259,137,122
E00048364,264,137,127
E00048365,242,127,115
E00048323,338,161,177
E00048336,236,130,106
E00048355,340,171,169
E00048357,297,152,145
E00048362,319,159,160
E00048363,355,160,195
E00048681,394,213,181
E00048684,309,153,156
E00048685,378,213,165
E00048686,359,180,179
E00185053,486,267,219
E00172206,525,262,263
E00185052,245,121,124
E00185071,171,86,85
E00185084,210,106,104
E00185101,344,175,169
E00185108,329,179,150
E00185109,448,213,235
E00185135,530,250,280
E00048261,218,113,105
E00048266,262,135,127
E00048306,340,180,160
E00048311,317,161,156
E00048315,225,111,114
E00185043,275,133,142
E00185065,441,225,216
E00048259,430,236,194
E00048260,330,162,168
E00048301,353,192,161
E00048303,411,210,201
E00048307,507,269,238
E00048263,285,148,137
E00048268,328,158,170
E00048269,275,130,145
E00048270,219,107,112
E00048271,296,155,141
E00048272,274,133,141
E00048262,246,132,114
E00048267,285,141,144
E00048309,238,122,116
E00048313,334,164,170
E00048314,278,143,135
E00185034,525,264,261
E00048379,245,126,119
E00048380,343,176,167
E00048381,286,159,127
E00048383,317,160,157
E00048419,293,145,148
E00048387,296,162,134
E00048389,228,121,107
E00048391,186,72,114
E00048393,293,153,140
E00048395,305,150,155
E00048396,295,147,148
E00048366,317,163,154
E00048367,375,191,184
E00048382,278,140,138
E00048384,294,158,136
E00048385,328,155,173
E00048386,330,182,148
E00048388,361,173,188
E00048390,369,180,189
E00048392,297,164,133
E00048394,354,182,172
E00048921,346,172,174
E00048931,309,159,150
E00048932,292,144,148
E00048934,236,118,118
E00048937,299,155,144
E00048938,338,176,162
E00048939,305,155,150
E00048943,324,164,160
E00048945,354,186,168
E00048950,402,170,232
E00048951,307,160,147
E00048915,203,102,101
E00048916,234,121,113
E00048924,278,149,129
E00048946,288,145,143
E00048953,310,156,154
E00048918,345,182,163
E00048927,317,160,157
E00048928,288,149,139
E00048929,374,182,192
E00048930,330,178,152
E00048917,329,161,168
E00048919,359,184,175
E00048920,323,161,162
E00048933,331,160,171
E00048935,337,163,174
E00048926,308,151,157
E00048941,282,135,147
E00048942,344,167,177
E00048947,339,179,160
E00048925,365,178,187
E00048948,294,147,147
E00048952,317,154,163
E00048954,308,159,149
E00048936,255,132,123
E00172150,3121,1587,1534
E00172151,236,118,118
E00172166,341,173,168
E00172167,169,77,92
E00048914,287,153,134
E00048923,212,95,117
E00048944,277,138,139
E00048949,219,113,106
E00048956,282,140,142
E00048988,316,157,159
E00048997,296,134,162
E00049002,541,244,297
E00048527,219,121,98
E00048561,394,205,189
E00048566,255,119,136
E00048567,359,176,183
E00048569,357,192,165
E00048534,346,175,171
E00048545,338,172,166
E00048548,177,89,88
E00048551,296,149,147
E00048552,234,120,114
E00048579,328,161,167
E00048536,342,177,165
E00048549,275,134,141
E00048554,255,138,117
E00048557,372,172,200
E00185116,612,287,325
E00185127,230,124,106
E00048555,457,233,224
E00048558,332,173,159
E00048560,353,170,183
E00048562,287,153,134
E00048564,457,232,225
E00048532,341,179,162
E00048544,306,156,150
E00165813,501,249,252
E00172158,370,181,189
E00172159,291,146,145
E00049411,298,151,147
E00049412,372,188,184
E00049415,389,218,171
E00049417,295,158,137
E00181857,269,159,110
E00181896,209,111,98
E00181904,408,242,166
E00049406,233,124,109
E00049410,198,97,101
E00049413,334,170,164
E00049414,341,170,171
E00049421,375,190,185
E00049402,278,154,124
E00049419,366,191,175
E00049423,278,146,132
E00049427,302,137,165
E00049428,308,170,138
E00049403,407,194,213
E00049429,476,261,215
E00049432,349,182,167
E00049435,264,126,138
E00049436,345,175,170
E00049404,256,134,122
E00049405,287,136,151
E00049407,278,138,140
E00049409,323,165,158
E00049437,316,160,156
E00049455,280,143,137
E00049456,347,170,177
E00049457,298,157,141
E00049462,329,173,156
E00049464,280,139,141
E00049445,284,132,152
E00049450,347,169,178
E00049451,291,146,145
E00049452,345,186,159
E00049453,296,144,152
E00049438,288,141,147
E00049454,354,165,189
E00049458,287,146,141
E00049459,330,167,163
E00049460,323,165,158
E00050061,208,100,108
E00050073,279,148,131
E00050074,318,155,163
E00050076,301,148,153
E00050079,274,146,128
E00050077,251,123,128
E00050078,339,178,161
E00050080,281,141,140
E00050081,260,141,119
E00050082,319,159,160
E00050056,267,131,136
E00050084,320,162,158
E00050085,288,137,151
E00050088,246,121,125
E00050090,281,144,137
E00050057,359,184,175
E00050083,280,146,134
E00050086,273,132,141
E00050087,177,94,83
E00050089,357,205,152
E00050060,239,123,116
E00050066,379,202,177
E00050067,258,131,127
E00050068,233,111,122
E00050070,277,138,139
E00050069,281,151,130
E00050071,315,164,151
E00050072,329,166,163
E00050075,286,147,139
E00049416,315,159,156
E00049418,333,175,158
E00049424,336,164,172
E00049425,304,147,157
E00049433,310,156,154
E00049399,293,137,156
E00049400,280,138,142
E00049420,326,168,158
E00049422,319,162,157
E00049426,341,171,170
E00049398,299,148,151
E00049401,204,106,98
E00049430,247,123,124
E00049431,305,153,152
E00049434,324,162,162
E00049439,301,147,154
E00049440,292,146,146
E00049461,297,159,138
E00049467,261,138,123
E00049469,273,148,125
E00049446,272,114,158
E00049463,342,178,164
E00049466,265,140,125
E00049470,294,157,137
E00049473,328,172,156
E00049444,289,140,149
E00049448,320,157,163
E00049468,298,143,155
E00049471,319,158,161
E00049476,335,162,173
E00049363,309,180,129
E00049388,478,223,255
E00049390,346,181,165
E00049391,303,160,143
E00049392,340,166,174
E00049370,340,168,172
E00049393,335,168,167
E00181839,413,212,201
E00181840,246,127,119
E00049441,270,156,114
E00049443,425,225,200
E00049465,325,159,166
E00049472,263,148,115
E00049442,326,177,149
E00049447,325,161,164
E00049449,369,199,170
E00049474,282,146,136
E00049475,306,181,125
E00049487,263,127,136
E00049517,254,135,119
E00049518,423,214,209
E00049519,316,165,151
E00049520,323,177,146
E00049366,322,170,152
E00049378,457,247,210
E00049384,341,187,154
E00049386,420,228,192
E00049365,282,139,143
E00049383,385,195,190
E00049385,400,216,184
E00049387,266,136,130
E00181852,247,122,125
E00181899,354,170,184
E00181915,232,118,114
E00049368,307,151,156
E00049389,335,170,165
E00049394,296,148,148
E00049396,326,165,161
E00049375,467,236,231
E00049376,301,160,141
E00049380,368,191,177
E00049382,342,188,154
E00049374,429,225,204
E00049381,309,163,146
E00049395,565,290,275
E00049397,413,216,197
E00049369,272,133,139
E00049379,351,172,179
E00181848,356,190,166
E00181863,129,65,64
E00181916,624,337,287
E00049492,333,158,175
E00049493,290,150,140
E00049498,271,141,130
E00049499,321,179,142
E00049532,294,146,148
E00049534,473,244,229
E00049480,344,182,162
E00049481,302,167,135
E00049507,258,135,123
E00049509,249,124,125
E00049513,303,142,161
E00049486,258,135,123
E00049522,307,150,157
E00049525,276,136,140
E00049527,299,135,164
E00049528,303,157,146
E00049521,341,180,161
E00049523,358,172,186
E00049529,232,118,114
E00049530,258,129,129
E00181824,131,69,62
E00181825,281,134,147
E00049479,238,116,122
E00049496,294,142,152
E00049497,279,143,136
E00049504,266,134,132
E00049506,336,199,137
E00049488,296,150,146
E00049524,506,248,258
E00049531,303,145,158
E00049533,313,157,156
E00049535,451,232,219
E00049490,310,166,144
E00049495,320,176,144
E00049501,240,118,122
E00049536,272,139,133
E00049537,335,166,169
E00049500,300,152,148
E00049503,293,150,143
E00049510,316,162,154
E00049514,307,156,151
E00049516,274,132,142
E00050058,272,139,133
E00050062,295,143,152
E00050065,308,147,161
E00050091,215,119,96
E00050094,291,143,148
E00050059,311,158,153
E00050063,303,145,158
E00050064,313,167,146
E00050092,219,117,102
E00050093,250,127,123
E00049478,279,134,145
E00049489,295,148,147
E00049494,292,141,151
E00181832,330,169,161
E00181833,237,130,107
E00181850,419,210,209
E00181892,302,150,152
E00049482,441,218,223
E00049483,277,138,139
E00049502,249,122,127
E00049505,260,134,126
E00049512,337,167,170
E00049484,310,155,155
E00049485,324,169,155
E00049508,307,154,153
E00049511,272,142,130
E00049515,267,149,118
E00050005,272,138,134
E00181843,419,221,198
E00181844,619,306,313
E00181845,228,120,108
E00049980,320,169,151
E00050010,375,187,188
E00050011,414,238,176
E00050013,319,156,163
E00050015,367,187,180
E00050024,363,180,183
E00050037,365,188,177
E00050039,410,229,181
E00050040,360,187,173
E00050036,335,174,161
E00050042,359,174,185
E00050043,371,187,184
E00050046,328,170,158
E00050047,233,104,129
E00050016,432,227,205
E00050025,393,208,185
E00050038,396,204,192
E00050041,397,205,192
E00050044,297,156,141
E00050048,356,169,187
E00050049,263,143,120
E00050051,298,155,143
E00050053,168,77,91
E00050054,276,140,136
E00050055,348,174,174
E00049778,356,165,191
E00049782,301,142,159
E00049796,325,159,166
E00049799,284,135,149
E00049800,337,166,171
E00049977,558,250,308
E00050014,406,218,188
E00171363,215,107,108
E00171364,288,138,150
E00171370,263,147,116
E00181830,363,180,183
E00181831,291,136,155
E00049990,265,130,135
E00049994,269,133,136
E00049996,446,216,230
E00050000,249,123,126
E00050002,385,192,193
E00049982,369,191,178
E00049983,269,126,143
E00181827,354,174,180
E00181828,284,154,130
E00181829,199,108,91
E00049975,409,195,214
E00049989,195,53,142
E00171361,310,152,158
E00171362,202,82,120
E00181826,179,88,91
E00049658,278,148,130
E00049662,231,118,113
E00049666,625,307,318
E00049672,270,133,137
E00049675,259,133,126
E00049659,297,159,138
E00049664,336,168,168
E00049668,311,162,149
E00049692,307,153,154
E00049655,272,142,130
E00049656,282,146,136
E00049661,272,124,148
E00049689,351,178,173
E00049691,318,169,149
E00049665,285,150,135
E00049676,253,126,127
E00049678,275,142,133
E00049681,421,205,216
E00049684,265,138,127
E00049321,329,173,156
E00049322,308,163,145
E00049326,367,178,189
E00049329,347,194,153
E00049335,307,150,157
E00049779,374,195,179
E00049781,352,165,187
E00049801,378,200,178
E00049802,293,139,154
E00049803,424,220,204
E00049976,437,230,207
E00049985,249,131,118
E00049987,312,162,150
E00049988,290,159,131
E00049991,260,146,114
E00049986,308,154,154
E00049995,289,150,139
E00050001,245,123,122
E00050003,245,120,125
E00050004,341,175,166
E00049981,207,91,116
E00049992,236,128,108
E00049993,231,110,121
E00049997,361,191,170
E00049999,291,145,146
E00181887,484,257,227
E00181902,147,86,61
E00049654,283,143,140
E00049657,316,162,154
E00049690,382,209,173
E00049693,303,155,148
E00049671,372,186,186
E00049673,286,146,140
E00049674,342,174,168
E00049682,270,134,136
E00049660,321,162,159
E00049663,310,165,145
E00049667,263,138,125
E00049670,332,166,166
E00049669,266,136,130
E00049677,294,151,143
E00049679,254,133,121
E00049680,229,119,110
E00049686,258,128,130
E00049653,282,154,128
E00049683,388,208,180
E00049685,261,132,129
E00049687,296,153,143
E00049688,259,133,126
E00050021,312,174,138
E00050030,376,173,203
E00050031,443,216,227
E00050033,356,166,190
E00050052,352,173,179
E00050018,361,176,185
E00050026,317,160,157
E00050027,329,165,164
E00050032,394,194,200
E00050034,367,201,166
E00050017,366,178,188
E00050028,398,191,207
E00050029,343,177,166
E00181876,442,225,217
E00181879,239,127,112
E00181911,387,208,179
E00181912,331,168,163
E00181917,348,178,170
E00050019,327,165,162
E00050020,347,174,173
E00050022,435,219,216
E00050023,405,193,212
E00050035,335,182,153
E00049320,241,120,121
E00049325,272,136,136
E00049328,338,159,179
E00049362,274,139,135
E00181855,282,135,147
E00181858,157,83,74
E00181898,216,109,107
E00181909,594,302,292
E00049323,295,150,145
E00049324,284,146,138
E00049336,323,154,169
E00049337,300,150,150
E00049344,285,135,150
E00049695,414,205,209
E00049697,252,135,117
E00049725,345,172,173
E00049728,288,149,139
E00049723,282,139,143
E00049724,400,183,217
E00049726,287,154,133
E00049727,278,163,115
E00049729,354,208,146
E00049730,298,137,161
E00049327,291,147,144
E00049330,345,173,172
E00049331,283,134,149
E00049332,327,172,155
E00049333,267,143,124
E00049334,229,117,112
E00049339,348,196,152
E00049340,402,209,193
E00049341,306,154,152
E00049350,353,180,173
E00049338,274,138,136
E00049342,367,197,170
E00049343,334,173,161
E00049346,280,148,132
E00049347,338,169,169
E00049318,372,224,148
E00049345,281,126,155
E00049348,338,170,168
E00049349,308,164,144
E00049352,417,221,196
E00049783,292,143,149
E00049784,304,154,150
E00049787,348,195,153
E00049788,396,218,178
E00049792,243,116,127
E00049780,342,165,177
E00049785,311,136,175
E00049797,434,234,200
E00049798,422,217,205
E00049786,362,189,173
E00049791,218,104,114
E00049793,307,135,172
E00049794,344,173,171
E00181841,303,159,144
E00049775,364,186,178
E00049776,288,149,139
E00049777,317,159,158
E00049789,218,113,105
E00049795,302,159,143
E00049942,252,125,127
E00049944,289,150,139
E00049945,332,168,164
E00049973,284,144,140
E00171359,328,173,155
E00171360,504,243,261
E00049949,298,155,143
E00049952,317,181,136
E00049954,255,124,131
E00049955,324,175,149
E00049958,357,187,170
E00049696,282,143,139
E00049701,264,122,142
E00049706,355,176,179
E00049731,279,152,127
E00049733,256,126,130
E00049712,352,177,175
E00049715,253,133,120
E00049717,290,149,141
E00049719,274,145,129
E00049720,261,134,127
E00049698,330,170,160
E00049702,341,165,176
E00049704,317,169,148
E00049713,270,139,131
E00049732,365,175,190
E00049699,286,147,139
E00049703,280,156,124
E00049705,247,137,110
E00049708,187,99,88
E00049710,288,136,152
E00049711,312,175,137
E00049714,318,167,151
E00049718,201,117,84
E00049721,267,132,135
E00049722,393,205,188
E00049694,332,178,154
E00049700,394,213,181
E00049707,312,163,149
E00049709,305,150,155
E00049716,315,156,159
E00049947,381,192,189
E00049953,264,139,125
E00049974,342,188,154
E00181842,364,182,182
E00049946,324,154,170
E00049950,288,156,132
E00049967,320,170,150
E00049968,288,145,143
E00049969,318,153,165
E00049936,301,150,151
E00049943,333,162,171
E00049948,311,149,162
E00049951,323,167,156
E00049956,341,171,170
E00049937,247,124,123
E00049939,392,204,188
E00049941,362,180,182
E00049960,321,162,159
E00049961,316,168,148
E00049935,350,184,166
E00049938,294,149,145
E00049957,395,195,200
E00049959,320,163,157
E00049963,300,153,147
E00050158,242,129,113
E00050161,243,122,121
E00050163,240,128,112
E00050165,166,72,94
E00050168,340,170,170
E00050154,253,139,114
E00050155,287,142,145
E00050157,367,190,177
E00171367,462,228,234
E00181866,527,257,270
E00181874,125,61,64
E00050152,295,155,140
E00050153,404,201,203
E00050156,285,145,140
E00050159,265,141,124
E00050164,277,149,128
E00050167,251,122,129
E00050171,265,143,122
E00050172,249,136,113
E00050173,271,136,135
E00050180,302,147,155
E00050139,473,265,208
E00050160,328,165,163
E00050166,356,180,176
E00050169,250,135,115
E00050174,276,135,141
E00050137,333,173,160
E00050170,302,147,155
E00050176,318,160,158
E00050178,346,186,160
E00050179,387,193,194
E00049288,194,83,111
E00049295,260,127,133
E00049299,188,70,118
E00049300,239,90,149
E00049302,380,203,177
E00049304,250,107,143
E00171357,302,144,158
E00171358,225,106,119
E00049284,331,167,164
E00049285,302,137,165
E00049289,246,128,118
E00049301,289,158,131
E00049305,255,112,143
E00181867,158,93,65
E00181877,295,160,135
E00181908,272,144,128
E00049353,237,116,121
E00049355,273,157,116
E00049356,374,193,181
E00049358,402,185,217
E00181871,493,253,240
E00181910,201,80,121
E00049319,268,130,138
E00049351,313,161,152
E00049354,308,162,146
E00049357,285,132,153
E00049359,366,195,171
E00049210,331,160,171
E00049211,269,134,135
E00049213,408,178,230
E00049215,226,112,114
E00049223,359,171,188
E00049283,432,214,218
E00049296,387,194,193
E00049297,255,128,127
E00049303,386,202,184
E00181893,372,186,186
E00181906,344,198,146
E00049291,340,190,150
E00049298,280,144,136
E00049307,306,157,149
E00049308,363,206,157
E00049311,290,149,141
E00049287,334,179,155
E00049290,341,175,166
E00049292,279,132,147
E00049293,361,185,176
E00049294,268,136,132
E00049317,234,122,112
E00049306,298,149,149
E00049312,277,142,135
E00049313,310,161,149
E00049314,269,141,128
E00049315,317,151,166
E00049316,246,128,118
E00050175,315,155,160
E00050177,278,146,132
E00050181,264,124,140
E00050182,330,169,161
E00050138,272,143,129
E00050144,259,145,114
E00050146,232,121,111
E00050150,347,181,166
E00050183,319,167,152
E00050141,304,152,152
E00050142,297,142,155
E00050143,255,125,130
E00050145,281,142,139
E00050140,296,147,149
E00050147,474,231,243
E00050148,255,131,124
E00050149,298,158,140
E00050151,280,145,135
E00049887,323,162,161
E00049900,238,122,116
E00049901,292,154,138
E00049902,315,161,154
E00049903,363,185,178
E00049904,295,147,148
E00049905,256,127,129
E00049907,345,179,166
E00049908,224,124,100
E00049909,461,259,202
E00049906,380,211,169
E00049910,293,138,155
E00049911,205,102,103
E00049914,407,211,196
E00049915,385,190,195
E00049913,428,216,212
E00049916,307,142,165
E00049923,330,153,177
E00049926,347,173,174
E00049929,306,155,151
E00049940,358,187,171
E00049962,539,248,291
E00049964,285,147,138
E00049966,373,191,182
E00171368,339,170,169
E00171369,348,185,163
E00049539,274,141,133
E00049561,315,167,148
E00049570,350,167,183
E00049572,275,126,149
E00049573,334,168,166
E00049542,399,201,198
E00049558,297,152,145
E00049564,323,155,168
E00049569,265,135,130
E00049574,306,159,147
E00049559,337,170,167
E00049562,348,182,166
E00049563,337,177,160
E00049567,249,121,128
E00049575,444,226,218
E00049540,284,151,133
E00049543,325,171,154
E00049545,403,205,198
E00049547,333,168,165
E00049551,295,152,143
E00049556,385,178,207
E00049560,270,128,142
E00049565,368,185,183
E00049566,383,193,190
E00181862,229,112,117
E00181900,158,81,77
E00181923,609,325,284
E00049221,358,168,190
E00049233,347,171,176
E00049236,359,171,188
E00049237,327,180,147
E00049192,237,125,112
E00049193,187,85,102
E00049228,298,147,151
E00049234,315,166,149
E00049239,255,123,132
E00049183,307,157,150
E00049201,294,141,153
E00049202,270,139,131
E00049207,453,259,194
E00049185,324,158,166
E00049203,291,145,146
E00049204,301,150,151
E00049212,307,150,157
E00049186,341,180,161
E00049205,323,158,165
E00049214,287,150,137
E00049219,282,128,154
E00049222,317,159,158
E00049184,405,206,199
E00049196,327,175,152
E00049232,295,155,140
E00049240,266,138,128
E00049209,301,153,148
E00049216,265,125,140
E00049220,298,142,156
E00049226,318,159,159
E00049187,267,136,131
E00049188,280,141,139
E00049227,335,176,159
E00049230,285,141,144
E00049241,275,139,136
E00049206,373,182,191
E00049208,303,153,150
E00049217,252,129,123
E00049224,271,136,135
E00049225,261,112,149
E00050127,280,142,138
E00050129,294,151,143
E00050130,322,172,150
E00050132,294,164,130
E00050135,209,99,110
E00050122,249,129,120
E00050124,277,150,127
E00050125,282,140,142
E00050128,319,162,157
E00050131,236,128,108
E00050113,289,142,147
E00050114,245,142,103
E00050120,350,180,170
E00050121,337,166,171
E00050123,203,88,115
E00050115,236,112,124
E00050116,258,118,140
E00050117,254,130,124
E00050118,313,169,144
E00050119,267,135,132
E00050126,218,113,105
E00049538,481,244,237
E00049548,337,163,174
E00049549,368,181,187
E00049554,389,219,170
E00049544,248,133,115
E00049557,282,145,137
E00049568,369,187,182
E00049571,335,174,161
E00049576,282,152,130
E00049541,308,157,151
E00049546,257,137,120
E00049550,164,87,77
E00049552,314,157,157
E00049553,329,171,158
E00049601,337,172,165
E00049603,357,187,170
E00049606,516,302,214
E00049609,309,159,150
E00049611,243,125,118
E00049195,352,178,174
E00049197,337,170,167
E00049218,340,150,190
E00049229,464,208,256
E00171355,242,119,123
E00181901,480,241,239
E00181919,169,89,80
E00049190,312,170,142
E00049194,263,140,123
E00049231,333,171,162
E00049235,331,161,170
E00049238,273,144,129
E00049191,297,135,162
E00049198,307,158,149
E00049199,288,141,147
E00049200,372,184,188
E00049736,345,168,177
E00049761,294,152,142
E00049764,313,160,153
E00049766,459,223,236
E00049768,243,131,112
E00049738,341,170,171
E00049763,465,227,238
E00049765,372,177,195
E00049771,389,185,204
E00049735,463,217,246
E00049744,429,212,217
E00049745,369,198,171
E00049773,463,242,221
E00049912,352,188,164
E00049917,339,169,170
E00049919,300,156,144
E00049921,229,108,121
E00049924,311,169,142
E00049886,241,108,133
E00049918,298,145,153
E00049922,370,186,184
E00049927,207,88,119
E00049932,325,161,164
E00049621,471,246,225
E00049624,388,198,190
E00049625,370,195,175
E00049648,264,138,126
E00049651,200,107,93
E00049622,331,172,159
E00049623,313,160,153
E00049649,294,155,139
E00049650,252,123,129
E00049652,396,210,186
E00049891,360,194,166
E00049893,409,163,246
E00049896,270,144,126
E00049931,266,137,129
E00049933,333,181,152
E00049888,272,135,137
E00049892,414,231,183
E00049894,379,198,181
E00049898,487,251,236
E00049899,294,152,142
E00049890,515,271,244
E00049895,389,203,186
E00049897,355,177,178
E00181885,406,203,203
E00181894,286,147,139
E00049889,303,140,163
E00049920,214,102,112
E00049925,370,192,178
E00049928,275,151,124
E00049930,333,172,161
E00049244,332,169,163
E00049247,263,146,117
E00049275,352,175,177
E00049280,331,170,161
E00049282,300,159,141
E00049242,358,176,182
E00049269,430,228,202
E00049270,289,150,139
E00049272,278,149,129
E00049273,295,161,134
E00049243,319,156,163
E00049271,261,126,135
E00049276,276,142,134
E00049278,209,113,96
E00049279,322,163,159
E00049245,285,150,135
E00049249,287,142,145
E00049274,343,169,174
E00049277,263,118,145
E00049281,339,168,171
E00049246,270,143,127
E00049248,300,143,157
E00049251,375,184,191
E00049254,343,177,166
E00049261,396,211,185
E00049846,300,162,138
E00049847,215,86,129
E00049848,306,156,150
E00049871,366,174,192
E00049872,307,144,163
E00049873,193,88,105
E00049875,331,175,156
E00050095,290,149,141
E00050097,299,161,138
E00050099,251,132,119
E00050105,292,148,144
E00050136,291,135,156
E00050100,260,125,135
E00050101,280,138,142
E00050102,245,118,127
E00050103,184,80,104
E00050133,275,135,140
E00050134,453,222,231
E00050096,332,176,156
E00050098,283,156,127
E00050104,273,147,126
E00050106,259,122,137
E00050109,308,168,140
E00050107,333,165,168
E00050108,307,150,157
E00050110,290,152,138
E00050111,335,171,164
E00050112,307,155,152
E00049600,302,153,149
E00049602,192,103,89
E00049605,338,179,159
E00049607,308,166,142
E00049610,372,193,179
E00049582,273,134,139
E00049608,412,211,201
E00049613,363,196,167
E00049614,345,183,162
E00049615,361,176,185
E00049580,339,168,171
E00049581,307,154,153
E00049586,292,144,148
E00049588,300,160,140
E00049612,350,186,164
E00049578,264,131,133
E00049584,309,151,158
E00049590,398,207,191
E00049604,286,148,138
E00049741,328,166,162
E00049750,289,134,155
E00049752,317,153,164
E00049753,237,119,118
E00049755,273,135,138
E00049737,391,192,199
E00049762,296,125,171
E00049767,329,134,195
E00049769,291,129,162
E00049770,290,129,161
E00049772,326,158,168
E00049734,325,163,162
E00049739,328,140,188
E00049740,370,197,173
E00049742,242,128,114
E00049743,336,167,169
E00049746,316,158,158
E00049747,334,171,163
E00049748,353,167,186
E00049749,330,170,160
E00049751,362,167,195
E00049807,260,141,119
E00049808,304,161,143
E00049813,263,133,130
E00049840,355,180,175
E00049841,296,156,140
E00049809,312,157,155
E00049814,312,165,147
E00049815,293,148,145
E00049842,172,94,78
E00049843,269,131,138
E00049810,330,169,161
E00049811,253,124,129
E00049817,323,171,152
E00049820,334,175,159
E00049823,350,175,175
E00049806,380,208,172
E00049819,297,155,142
E00049821,336,171,165
E00049822,150,80,70
E00049825,331,162,169
E00049260,441,220,221
E00049264,342,177,165
E00049265,352,174,178
E00049267,414,198,216
E00049268,315,150,165
E00049253,286,175,111
E00049257,296,146,150
E00049259,392,207,185
E00049262,404,190,214
E00049263,273,142,131
E00049266,197,80,117
E00049250,273,133,140
E00049252,327,191,136
E00049255,295,160,135
E00049256,353,181,172
E00049258,285,140,145
E00049593,432,222,210
E00049596,293,154,139
E00049597,256,119,137
E00049598,235,111,124
E00049599,240,136,104
E00049577,246,118,128
E00049579,263,135,128
E00049583,349,179,170
E00049585,299,139,160
E00049587,283,143,140
E00049589,293,146,147
E00049591,314,144,170
E00049592,357,182,175
E00049594,253,127,126
E00049595,253,139,114
E00049860,297,143,154
E00049862,299,144,155
E00049863,334,165,169
E00049864,323,167,156
E00049865,251,148,103
E00049876,288,144,144
E00049877,259,146,113
E00049879,352,182,170
E00049883,305,150,155
E00049884,263,144,119
E00049885,225,110,115
E00049853,287,148,139
E00049874,364,183,181
E00049880,436,206,230
E00049882,391,107,284
E00049851,308,154,154
E00049854,276,134,142
E00049855,302,157,145
E00049857,294,155,139
E00049858,355,193,162
E00049805,301,148,153
E00049831,313,162,151
E00049832,283,140,143
E00049834,311,166,145
E00049839,339,164,175
E00049828,313,163,150
E00049830,279,144,135
E00049833,256,135,121
E00049837,326,158,168
E00049838,320,157,163
E00049812,289,147,142
E00049816,360,184,176
E00049818,245,122,123
E00049826,351,188,163
E00049827,235,115,120
E00049804,262,133,129
E00049824,321,165,156
E00049829,268,140,128
E00049835,271,143,128
E00049836,289,143,146
E00049754,298,154,144
E00049756,233,135,98
E00049757,231,137,94
E00049758,277,159,118
E00049759,415,235,180
E00049760,288,152,136
E00049845,287,149,138
E00049856,285,150,135
E00049859,269,143,126
E00049861,276,147,129
E00049866,258,141,117
E00049844,302,156,146
E00049867,311,153,158
E00049868,315,154,161
E00049869,311,155,156
E00049870,412,231,181
E00049849,283,153,130
E00049850,278,146,132
E00049852,299,157,142
E00049878,310,159,151
E00049881,331,166,165
E00049626,337,170,167
E00049627,305,155,150
E00049628,283,146,137
E00049630,329,168,161
E00049631,325,166,159
E00049632,290,158,132
E00049616,275,138,137
E00049617,310,156,154
E00049629,259,130,129
E00049633,295,148,147
E00049641,221,122,99
E00049634,400,205,195
E00049635,243,127,116
E00049636,262,148,114
E00049637,356,184,172
E00049639,250,129,121
E00049640,294,155,139
E00049618,296,160,136
E00049638,315,161,154
E00049642,338,170,168
E00049643,328,160,168
E00049644,201,117,84
E00049619,322,152,170
E00049620,312,148,164
E00049645,315,161,154
E00049646,302,144,158
E00049647,262,136,126
E00051002,340,183,157
E00051004,288,143,145
E00051012,458,216,242
E00051027,317,147,170
E00051033,435,215,220
E00050997,396,215,181
E00051023,529,261,268
E00051025,277,145,132
E00051026,317,161,156
E00051030,243,131,112
E00050996,364,179,185
E00050998,276,143,133
E00051024,340,167,173
E00051028,391,190,201
E00051029,293,145,148
E00050995,412,209,203
E00050999,422,210,212
E00051003,352,176,176
E00051031,432,215,217
E00051000,367,194,173
E00051001,375,192,183
E00051005,303,141,162
E00051011,346,181,165
E00051032,487,249,238
E00050423,192,108,84
E00050448,585,308,277
E00050452,359,173,186
E00050458,182,92,90
E00050461,112,62,50
E00177374,249,127,122
E00177376,319,164,155
E00177398,128,71,57
E00050431,347,178,169
E00050433,421,212,209
E00050442,394,202,192
E00050447,162,88,74
E00050453,492,243,249
E00050432,334,172,162
E00050443,357,209,148
E00050444,326,177,149
E00050445,338,159,179
E00050456,353,203,150
E00050450,442,223,219
E00050454,526,278,248
E00050459,424,217,207
E00168231,401,220,181
E00168232,245,124,121
E00168233,366,189,177
E00050400,293,155,138
E00050401,280,153,127
E00050403,350,194,156
E00050405,352,187,165
E00050406,308,161,147
E00050388,324,157,167
E00050390,314,160,154
E00050397,292,137,155
E00050399,317,162,155
E00050391,313,162,151
E00050411,240,121,119
E00050412,265,125,140
E00050417,406,218,188
E00050389,296,156,140
E00050395,348,181,167
E00050396,279,142,137
E00050398,352,187,165
E00050402,607,333,274
E00051013,319,169,150
E00051015,338,162,176
E00051018,253,132,121
E00051021,395,202,193
E00177435,342,193,149
E00177479,224,109,115
E00050404,431,229,202
E00050408,323,169,154
E00050409,341,180,161
E00050415,267,137,130
E00050387,307,145,162
E00050393,365,193,172
E00050394,301,157,144
E00050416,398,199,199
E00050386,300,153,147
E00050407,310,177,133
E00050410,396,199,197
E00050414,309,161,148
E00050420,315,154,161
E00050392,338,183,155
E00050413,343,178,165
E00050418,394,197,197
E00050419,277,140,137
E00051006,365,179,186
E00051010,514,250,264
E00051014,423,220,203
E00051016,478,232,246
E00051019,345,170,175
E00051007,357,183,174
E00051008,227,107,120
E00051009,357,181,176
E00051017,292,127,165
E00051022,471,210,261
E00051034,358,187,171
E00051042,134,62,72
E00051055,373,184,189
E00051056,428,212,216
E00051057,239,119,120
E00051058,286,154,132
E00051035,316,160,156
E00051059,438,216,222
E00051061,299,162,137
E00051062,225,111,114
E00051063,326,169,157
E00051064,302,157,145
E00050427,313,152,161
E00050429,214,113,101
E00050434,163,91,72
E00050436,223,110,113
E00050438,217,116,101
E00177371,406,229,177
E00050446,363,188,175
E00050449,365,187,178
E00050451,319,156,163
E00050455,245,130,115
E00050457,315,175,140
E00050460,311,172,139
E00050424,352,186,166
E00050428,363,184,179
E00050440,433,226,207
E00050441,279,145,134
E00050462,255,144,111
E00050425,289,149,140
E00050426,287,132,155
E00050435,323,174,149
E00050439,353,172,181
E00050463,442,224,218
E00050750,379,194,185
E00050752,366,197,169
E00050755,298,164,134
E00050757,334,155,179
E00050765,357,186,171
E00050733,386,190,196
E00050735,303,158,145
E00050737,285,135,150
E00050742,262,127,135
E00050731,242,120,122
E00050732,295,154,141
E00050738,224,109,115
E00050740,261,136,125
E00050741,309,159,150
E00050736,601,325,276
E00050739,419,214,205
E00050743,364,192,172
E00050744,620,287,333
E00050481,376,180,196
E00050483,340,173,167
E00050484,471,237,234
E00050485,404,210,194
E00050486,378,196,182
E00050488,337,174,163
E00050489,387,224,163
E00050491,263,126,137
E00050493,232,133,99
E00050729,415,235,180
E00050748,363,194,169
E00050754,279,131,148
E00050758,386,208,178
E00050760,207,114,93
E00050746,282,148,134
E00050753,420,209,211
E00177452,527,274,253
E00177462,105,59,46
E00050541,482,254,228
E00050547,394,188,206
E00050548,550,281,269
E00050549,328,178,150
E00050550,606,313,293
E00050559,282,139,143
E00050560,375,188,187
E00050565,426,236,190
E00050566,342,166,176
E00050568,347,180,167
E00050561,330,160,170
E00050562,359,185,174
E00050563,355,182,173
E00050569,287,165,122
E00050571,294,157,137
E00050564,361,188,173
E00050567,366,188,178
E00050570,370,188,182
E00050572,199,108,91
E00050574,344,180,164
E00050542,597,318,279
E00050544,385,195,190
E00050545,361,181,180
E00050546,459,223,236
E00050543,322,171,151
E00050573,313,180,133
E00050575,365,189,176
E00050577,440,214,226
E00177447,192,102,90
E00177458,540,277,263
E00050620,363,190,173
E00050627,268,137,131
E00050638,333,171,162
E00050647,375,199,176
E00050648,309,158,151
E00050622,273,140,133
E00050623,265,129,136
E00050625,288,153,135
E00050626,320,165,155
E00050656,339,191,148
E00050629,386,214,172
E00050632,349,189,160
E00050633,427,212,215
E00050634,263,131,132
E00050640,332,164,168
E00050630,320,163,157
E00050631,267,140,127
E00050636,267,137,130
E00050637,276,139,137
E00050643,308,168,140
E00050624,387,207,180
E00050628,351,185,166
E00050650,324,169,155
E00050655,311,184,127
E00050645,307,153,154
E00050646,407,216,191
E00050652,373,204,169
E00050654,363,181,182
E00050635,406,198,208
E00050649,283,150,133
E00050651,330,166,164
E00050653,321,164,157
E00050621,407,221,186
E00050639,271,142,129
E00050641,264,140,124
E00050642,372,194,178
E00050644,343,185,158
E00051045,271,140,131
E00051046,249,119,130
E00051051,398,190,208
E00051052,313,149,164
E00051054,385,192,193
E00051040,361,186,175
E00051047,443,240,203
E00051050,347,182,165
E00051053,528,272,256
E00051044,484,254,230
E00051048,421,233,188
E00051049,378,195,183
E00177438,374,201,173
E00177478,438,228,210
E00051038,317,168,149
E00051060,522,260,262
E00051065,191,104,87
E00051066,322,178,144
E00051067,273,133,140
E00051072,259,128,131
E00051037,453,237,216
E00051039,348,176,172
E00051041,330,162,168
E00051069,299,157,142
E00051073,391,200,191
E00051036,480,246,234
E00051070,330,164,166
E00051071,367,194,173
E00168229,391,207,184
E00168230,466,226,240
E00050464,361,181,180
E00050487,344,184,160
E00050490,380,200,180
E00050492,377,184,193
E00050496,388,197,191
E00050734,325,164,161
E00050745,314,163,151
E00050747,390,206,184
E00050751,275,120,155
E00050761,239,119,120
E00050762,299,169,130
E00050766,472,238,234
E00050768,407,207,200
E00050769,478,237,241
E00050730,215,102,113
E00050759,283,150,133
E00050763,267,141,126
E00050764,311,151,160
E00050767,343,168,175
E00050770,232,120,112
E00050941,473,256,217
E00177436,275,148,127
E00177469,492,242,250
E00177471,404,218,186
E00050942,351,178,173
E00050943,397,190,207
E00168206,235,128,107
E00168207,295,141,154
E00168208,257,125,132
E00050915,303,160,143
E00050919,343,170,173
E00050921,177,88,89
E00050952,493,245,248
E00050955,389,190,199
E00050905,345,187,158
E00050913,524,264,260
E00050925,284,113,171
E00050947,353,176,177
E00050953,256,128,128
E00050903,323,175,148
E00050914,544,280,264
E00050954,359,192,167
E00177416,461,233,228
E00177445,180,83,97
E00050912,291,145,146
E00050917,322,163,159
E00050922,322,161,161
E00050924,293,155,138
E00177388,242,109,133
E00177460,302,139,163
E00050904,369,184,185
E00050910,375,192,183
E00050911,362,175,187
E00050951,440,224,216
E00050944,334,164,170
E00050945,265,148,117
E00050946,271,138,133
E00050948,227,134,93
E00177389,324,166,158
E00177401,254,123,131
E00177431,388,183,205
E00050466,308,163,145
E00050499,331,165,166
E00050502,329,168,161
E00168209,268,132,136
E00168210,227,117,110
E00168211,259,122,137
E00168212,380,197,183
E00168213,279,143,136
E00168214,364,187,177
E00050465,315,151,164
E00050482,363,179,184
E00050494,261,135,126
E00050495,591,298,293
E00050497,495,264,231
E00050468,580,303,277
E00050471,264,125,139
E00050473,363,182,181
E00050475,260,115,145
E00050503,311,166,145
E00050504,263,134,129
E00050469,341,166,175
E00050470,348,176,172
E00050474,399,192,207
E00050501,393,197,196
E00168221,200,103,97
E00168222,334,172,162
E00168223,330,190,140
E00050918,405,208,197
E00050923,445,219,226
E00050933,320,151,169
E00177423,563,256,307
E00177427,229,109,120
E00177449,513,252,261
E00177466,173,92,81
E00050916,412,212,200
E00050920,191,88,103
E00050926,346,174,172
E00050927,494,253,241
E00050928,321,150,171
E00050315,383,207,176
E00050316,392,207,185
E00050317,271,129,142
E00050318,325,153,172
E00050319,217,99,118
E00177448,234,121,113
E00177472,571,303,268
E00050539,337,166,171
E00050540,421,221,200
E00050556,366,194,172
E00050557,383,196,187
E00050558,292,143,149
E00050551,455,236,219
E00050552,349,174,175
E00050553,364,193,171
E00050554,363,185,178
E00050555,422,215,207
E00051080,446,223,223
E00051081,374,188,186
E00051083,330,145,185
E00051090,511,246,265
E00177414,165,80,85
E00177477,407,187,220
E00051082,294,157,137
E00051084,418,194,224
E00051086,282,155,127
E00051088,258,136,122
E00051091,185,87,98
E00051093,317,172,145
E00051085,344,172,172
E00051099,511,238,273
E00051100,362,177,185
E00051101,437,200,237
E00050472,355,176,179
E00050476,242,117,125
E00050477,367,177,190
E00050478,338,177,161
E00050479,329,147,182
E00050480,436,236,200
E00050506,343,163,180
E00050509,345,174,171
E00050513,354,179,175
E00050516,363,184,179
E00050520,409,214,195
E00050528,360,168,192
E00050529,305,151,154
E00050531,451,226,225
E00050533,403,209,194
E00050530,456,229,227
E00050532,349,179,170
E00050534,429,227,202
E00050536,289,138,151
E00050538,425,206,219
E00050510,308,157,151
E00050511,588,285,303
E00050514,453,235,218
E00050521,335,173,162
E00050512,413,194,219
E00050535,280,138,142
E00050537,407,213,194
E00168237,382,178,204
E00050517,514,275,239
E00050519,431,217,214
E00050523,245,131,114
E00050524,476,229,247
E00050525,312,159,153
E00051089,412,216,196
E00051092,236,119,117
E00051094,578,258,320
E00177382,150,101,49
E00177387,537,302,235
E00050515,276,138,138
E00050518,453,233,220
E00050526,381,188,193
E00177395,129,69,60
E00177399,380,196,184
E00177440,383,210,173
E00177443,421,223,198
E00177457,409,188,221
E00051076,386,184,202
E00051077,202,88,114
E00051078,289,155,134
E00051079,379,196,183
E00051098,248,123,125
E00051107,555,274,281
E00051074,303,147,156
E00051103,386,187,199
E00051104,405,190,215
E00051106,307,150,157
E00051108,483,242,241
E00051095,363,174,189
E00051096,574,284,290
E00051097,413,202,211
E00051102,378,195,183
E00051105,460,261,199
E00050657,392,188,204
E00050659,382,205,177
E00050664,348,171,177
E00050686,438,212,226
E00050688,473,222,251
E00050658,400,193,207
E00050687,573,291,282
E00050689,217,106,111
E00050690,444,221,223
E00050691,206,100,106
E00050662,263,134,129
E00050665,214,102,112
E00050668,331,160,171
E00050670,347,171,176
E00168218,363,194,169
E00168219,539,266,273
E00168220,383,200,183
E00050906,384,189,195
E00050929,268,122,146
E00050930,388,176,212
E00050932,461,224,237
E00050934,547,249,298
E00050936,305,140,165
E00050907,298,162,136
E00050935,311,151,160
E00050937,338,184,154
E00050938,337,179,158
E00050939,380,208,172
E00050976,327,166,161
E00050977,348,173,175
E00050980,370,192,178
E00050981,310,152,158
E00050982,276,168,108
E00050970,330,167,163
E00050978,279,129,150
E00050985,291,126,165
E00050989,302,145,157
E00050990,292,146,146
E00050979,392,199,193
E00050983,234,113,121
E00050984,383,185,198
E00050986,378,175,203
E00050987,318,158,160
E00050988,286,146,140
E00050956,337,169,168
E00050960,331,173,158
E00050991,315,158,157
E00050992,316,158,158
E00050993,264,136,128
E00050957,257,109,148
E00050959,520,268,252
E00050966,570,283,287
E00050994,322,175,147
E00168216,392,207,185
E00168217,255,129,126
E00050962,319,155,164
E00050963,357,179,178
E00050964,368,195,173
E00050968,404,199,205
E00050972,421,205,216
E00050961,373,199,174
E00050967,411,189,222
E00050969,382,191,191
E00050971,469,248,221
E00050812,400,207,193
E00050814,407,218,189
E00168234,345,177,168
E00177412,344,177,167
E00177451,316,160,156
E00177453,370,179,191
E00177461,545,303,242
E00177476,215,109,106
E00050835,617,291,326
E00050836,431,212,219
E00050840,460,214,246
E00177415,157,76,81
E00177474,485,251,234
E00050833,436,210,226
E00050837,470,223,247
E00050838,487,238,249
E00050841,476,229,247
E00050819,270,135,135
E00050839,511,260,251
E00050842,424,196,228
E00050843,515,257,258
E00050817,433,213,220
E00050818,436,216,220
E00050820,451,213,238
E00050822,419,214,205
E00050813,410,208,202
E00050826,376,189,187
E00050827,322,172,150
E00050829,374,186,188
E00050825,559,286,273
E00050830,420,222,198
E00050832,434,198,236
E00177391,332,175,157
E00177446,526,262,264
E00050660,248,131,117
E00050663,402,172,230
E00050666,535,244,291
E00050667,433,192,241
E00050669,359,183,176
E00050671,559,272,287
E00050672,304,160,144
E00050673,422,201,221
E00050674,367,171,196
E00050675,347,159,188
E00050676,413,209,204
E00050677,435,220,215
E00050682,418,213,205
E00050683,548,307,241
E00050685,445,226,219
E00050678,484,247,237
E00050679,391,200,191
E00050680,361,181,180
E00050681,405,228,177
E00050684,385,197,188
E00050779,368,190,178
E00050780,429,211,218
E00050794,482,244,238
E00177380,389,203,186
E00177463,192,93,99
E00177470,292,153,139
E00050771,307,151,156
E00050801,278,130,148
E00050802,272,146,126
E00050803,273,141,132
E00050804,269,149,120
E00050774,376,199,177
E00050805,338,172,166
E00050806,210,103,107
E00050808,293,154,139
E00050810,326,179,147
E00050965,305,149,156
E00050973,345,190,155
E00050974,294,151,143
E00050975,276,150,126
E00050224,276,171,105
E00050225,316,166,150
E00050227,303,152,151
E00050261,249,126,123
E00050262,303,145,158
E00050228,398,202,196
E00050229,279,136,143
E00050264,315,174,141
E00050265,309,151,158
E00050266,404,197,207
E00177407,159,70,89
E00177442,501,238,263
E00050230,319,164,155
E00050231,269,133,136
E00050232,326,162,164
E00050233,326,173,153
E00050234,317,158,159
E00050593,283,135,148
E00050608,306,156,150
E00050609,153,57,96
E00050614,360,204,156
E00050616,371,189,182
E00050617,396,194,202
E00050848,322,159,163
E00050849,349,140,209
E00050851,325,157,168
E00050852,445,195,250
E00050853,404,213,191
E00050866,231,105,126
E00050854,398,194,204
E00050856,402,196,206
E00050858,511,263,248
E00050862,366,194,172
E00050865,342,176,166
E00050844,536,276,260
E00050850,426,226,200
E00050855,345,170,175
E00050860,204,105,99
E00050870,376,180,196
E00050859,611,295,316
E00050861,393,198,195
E00050863,523,261,262
E00177420,611,296,315
E00177433,103,55,48
E00050867,477,240,237
E00050869,388,198,190
E00050874,421,209,212
E00050875,419,228,191
E00050877,413,216,197
E00050775,540,264,276
E00050777,312,158,154
E00050782,247,133,114
E00050783,408,211,197
E00050793,343,170,173
E00050772,228,134,94
E00050778,326,160,166
E00050781,270,142,128
E00050787,295,156,139
E00050795,306,153,153
E00050786,318,187,131
E00050788,268,142,126
E00050789,257,142,115
E00050790,325,156,169
E00050791,306,158,148
E00050792,272,138,134
E00050773,364,187,177
E00050776,320,170,150
E00050807,388,188,200
E00050809,357,181,176
E00050811,270,140,130
E00050578,423,213,210
E00050579,398,202,196
E00050582,342,172,170
E00050583,377,175,202
E00050584,281,148,133
E00050600,486,237,249
E00050601,389,200,189
E00050607,303,150,153
E00050610,428,228,200
E00177384,310,154,156
E00177385,278,141,137
E00050592,278,130,148
E00050594,253,125,128
E00050596,286,148,138
E00050603,329,166,163
E00177372,383,218,165
E00050595,406,199,207
E00050598,316,154,162
E00050602,377,175,202
E00050605,237,118,119
E00050606,307,172,135
E00050611,356,180,176
E00050612,358,186,172
E00050613,358,180,178
E00050615,366,176,190
E00050619,295,154,141
E00050284,372,176,196
E00050287,332,178,154
E00050288,405,206,199
E00050289,384,194,190
E00050291,343,173,170
E00050269,373,195,178
E00050272,532,293,239
E00050275,348,187,161
E00050279,376,197,179
E00050270,342,167,175
E00050277,384,199,185
E00050280,485,251,234
E00050282,330,172,158
E00050283,302,160,142
E00050816,349,182,167
E00050821,373,198,175
E00050823,376,195,181
E00050824,325,154,171
E00050847,278,138,140
E00050864,336,167,169
E00050871,275,148,127
E00050873,319,165,154
E00050878,255,127,128
E00050879,217,101,116
E00050285,342,168,174
E00050290,331,172,159
E00050293,343,174,169
E00050296,364,191,173
E00050297,254,138,116
E00050281,366,181,185
E00050292,341,158,183
E00050295,285,155,130
E00050298,372,188,184
E00050299,340,181,159
E00050294,330,172,158
E00050300,260,142,118
E00050301,301,148,153
E00050302,341,167,174
E00050303,307,168,139
E00050267,338,162,176
E00050268,367,181,186
E00050271,221,121,100
E00050304,420,203,217
E00050305,230,118,112
E00050273,289,155,134
E00050274,366,193,173
E00050276,370,192,178
E00050278,340,169,171
E00050286,390,206,184
E00050238,299,161,138
E00050241,341,169,172
E00050243,276,145,131
E00050244,270,148,122
E00050245,280,147,133
E00050246,285,154,131
E00050235,353,192,161
E00050236,368,192,176
E00050237,267,154,113
E00050239,255,134,121
E00050240,312,175,137
E00050242,595,312,283
E00050248,321,151,170
E00050250,360,180,180
E00050251,486,243,243
E00168215,330,171,159
E00168227,278,133,145
E00050226,288,135,153
E00050249,236,117,119
E00050252,158,86,72
E00050253,335,157,178
E00050256,332,160,172
E00050257,249,122,127
E00050581,393,208,185
E00050585,308,152,156
E00050587,406,198,208
E00050618,350,176,174
E00050188,316,176,140
E00050195,384,187,197
E00050197,421,218,203
E00050222,322,158,164
E00050223,340,166,174
E00050190,366,181,185
E00050191,366,190,176
E00050192,380,194,186
E00050204,252,127,125
E00050210,286,149,137
E00050211,308,149,159
E00050212,300,166,134
E00050213,251,137,114
E00050214,267,138,129
E00050207,309,167,142
E00050215,273,124,149
E00050218,300,172,128
E00050219,271,138,133
E00050220,301,146,155
E00050186,305,156,149
E00050196,310,158,152
E00050198,270,135,135
E00050200,291,154,137
E00050201,232,123,109
E00050203,317,140,177
E00050205,228,116,112
E00050209,338,179,159
E00050216,281,144,137
E00050217,350,172,178
E00050184,273,136,137
E00050185,343,190,153
E00050187,272,137,135
E00050189,300,157,143
E00050193,270,145,125
E00050221,272,149,123
E00050254,288,144,144
E00050255,314,159,155
E00050258,319,161,158
E00050259,237,127,110
E00050260,261,140,121
E00050371,253,137,116
E00050376,237,133,104
E00050381,244,128,116
E00050384,306,149,157
E00050385,498,300,198
E00168226,271,133,138
E00168228,376,178,198
E00050348,316,155,161
E00050368,552,292,260
E00050369,355,173,182
E00050372,247,123,124
E00177404,427,168,259
E00177417,432,175,257
E00050345,337,162,175
E00050367,353,186,167
E00050375,404,205,199
E00050378,221,110,111
E00050383,327,164,163
E00050353,293,141,152
E00050357,289,147,142
E00050358,261,133,128
E00050361,286,155,131
E00050366,299,147,152
E00050785,340,157,183
E00050796,307,155,152
E00050797,361,182,179
E00050798,280,132,148
E00050799,273,152,121
E00050800,312,166,146
E00050194,286,154,132
E00050199,337,175,162
E00050202,327,161,166
E00050206,320,153,167
E00050208,251,135,116
E00050696,319,168,151
E00050720,389,195,194
E00050722,251,131,120
E00050724,299,154,145
E00050725,327,166,161
E00050701,310,156,154
E00050702,304,162,142
E00050703,314,160,154
E00050704,278,144,134
E00050707,305,165,140
E00050708,335,175,160
E00050705,314,161,153
E00050711,356,183,173
E00050715,335,174,161
E00050716,351,182,169
E00050726,263,147,116
E00050580,321,160,161
E00050586,311,159,152
E00050588,444,224,220
E00050589,291,156,135
E00050590,311,159,152
E00050591,256,132,124
E00050693,325,167,158
E00050697,363,177,186
E00050699,294,145,149
E00050719,347,172,175
E00050721,246,120,126
E00050694,248,122,126
E00050695,337,180,157
E00050698,288,119,169
E00050718,302,167,135
E00050723,325,168,157
E00050728,330,162,168
E00050700,310,148,162
E00050706,363,200,163
E00050709,355,188,167
E00050712,350,186,164
E00050713,359,184,175
E00050692,364,183,181
E00050710,339,199,140
E00050714,312,163,149
E00050717,319,171,148
E00050727,253,128,125
E00050373,548,285,263
E00050377,236,113,123
E00050380,314,152,162
E00050382,343,178,165
E00177383,172,73,99
E00177400,165,72,93
E00177410,317,159,158
E00050347,351,170,181
E00050359,288,153,135
E00050360,298,164,134
E00050362,329,187,142
E00050363,289,141,148
E00050364,299,136,163
E00050349,314,165,149
E00050351,485,258,227
E00050355,399,212,187
E00050374,310,175,135
E00050379,341,190,151
E00050344,261,135,126
E00050352,314,165,149
E00050354,338,167,171
E00050356,345,176,169
E00050365,328,165,163
E00050309,432,226,206
E00050310,307,157,150
E00050311,387,188,199
E00050313,350,170,180
E00050314,332,174,158
E00050320,273,134,139
E00050321,268,120,148
E00050322,313,165,148
E00050324,327,157,170
E00050325,311,161,150
E00050307,224,110,114
E00050308,314,157,157
E00050329,377,197,180
E00050330,428,219,209
E00050333,273,143,130
E00050326,308,151,157
E00050335,340,157,183
E00050337,370,190,180
E00050339,340,166,174
E00050343,358,177,181
E00050306,315,170,145
E00050323,235,106,129
E00050327,298,148,150
E00050328,362,165,197
E00050331,295,136,159
E00050332,497,254,243
E00050341,265,161,104
E00050334,286,151,135
E00050336,288,155,133
E00050338,278,145,133
E00050342,395,204,191
E00165818,540,261,279
E00050884,365,181,184
E00050893,418,220,198
E00050897,417,192,225
E00050900,410,220,190
E00177428,312,151,161
E00177450,353,163,190
E00050880,323,151,172
E00050887,437,243,194
E00050896,499,273,226
E00050899,575,292,283
E00050902,333,166,167
E00050885,519,264,255
E00177425,453,225,228
E00177459,505,257,248
E00050895,412,185,227
E00050901,607,299,308
E00177422,435,235,200
E00177473,217,114,103
E00050845,473,232,241
E00050846,528,256,272
E00050876,621,344,277
E00177413,312,138,174
E00177468,356,148,208
E00050882,550,266,284
E00050883,491,258,233
E00050889,531,253,278
E00050890,470,238,232
E00050881,469,247,222
E00050886,516,279,237
E00168200,482,233,249
E00168201,587,300,287
E00168203,537,286,251
E00168205,422,214,208
E00177377,114,56,58
E00177421,617,284,333
E00051154,293,152,141
E00051178,303,167,136
E00051184,312,159,153
E00051186,307,149,158
E00051153,270,143,127
E00051175,291,151,140
E00051179,227,120,107
E00051181,193,91,102
E00051182,272,168,104
E00051161,261,131,130
E00051162,355,178,177
E00051164,250,128,122
E00051167,316,156,160
E00051169,357,171,186
E00051157,305,151,154
E00051159,280,138,142
E00051180,331,167,164
E00051185,243,132,111
E00051187,266,137,129
E00051724,380,195,185
E00051728,502,262,240
E00051752,315,165,150
E00051756,282,154,128
E00051727,395,202,193
E00051751,344,186,158
E00051753,163,78,85
E00051754,203,92,111
E00051757,316,171,145
E00051726,354,179,175
E00051743,291,152,139
E00051744,302,154,148
E00051745,307,175,132
E00051749,298,164,134
E00051742,258,140,118
E00051746,308,161,147
E00051747,311,169,142
E00051748,209,115,94
E00051750,301,155,146
E00051174,486,254,232
E00051176,320,170,150
E00051177,312,158,154
E00051190,337,155,182
E00051155,336,169,167
E00051158,336,179,157
E00051183,256,135,121
E00051188,296,150,146
E00051189,312,148,164
E00051160,298,160,138
E00051166,279,132,147
E00051170,376,197,179
E00051172,232,136,96
E00051173,331,157,174
E00051156,333,169,164
E00051163,326,166,160
E00051165,262,145,117
E00051168,310,147,163
E00051171,291,150,141
E00051299,305,160,145
E00051300,347,188,159
E00051301,373,204,169
E00051302,348,182,166
E00051303,314,173,141
E00051725,267,140,127
E00051729,349,186,163
E00051730,433,230,203
E00051731,209,101,108
E00051732,333,188,145
E00051755,216,118,98
E00051733,368,204,164
E00051734,393,190,203
E00051735,325,170,155
E00051737,305,158,147
E00051758,466,241,225
E00051736,301,165,136
E00051738,302,136,166
E00051739,272,145,127
E00051740,227,127,100
E00051741,287,151,136
E00051304,399,214,185
E00051307,331,161,170
E00051309,355,184,171
E00051312,270,147,123
E00051313,319,162,157
E00051291,381,199,182
E00051296,241,122,119
E00051311,360,196,164
E00051315,279,153,126
E00051316,340,198,142
E00051293,387,211,176
E00051294,314,159,155
E00051305,223,127,96
E00051306,314,166,148
E00051308,290,153,137
E00051310,319,164,155
E00051292,247,125,122
E00051295,366,181,185
E00051297,407,216,191
E00051298,253,142,111
E00051314,262,142,120
E00051194,392,198,194
E00051195,308,151,157
E00051199,287,157,130
E00051218,261,143,118
E00185062,182,86,96
E00185112,452,234,218
E00051196,309,168,141
E00051197,318,161,157
E00051201,268,160,108
E00051202,446,226,220
E00051206,305,161,144
E00051262,386,205,181
E00051264,362,189,173
E00051278,338,181,157
E00051263,180,94,86
E00051279,349,196,153
E00051280,279,147,132
E00051281,180,61,119
E00051282,322,172,150
E00051265,309,162,147
E00051266,313,169,144
E00051272,306,169,137
E00051273,331,168,163
E00051283,203,102,101
E00051284,351,181,170
E00051285,337,191,146
E00051286,266,145,121
E00051287,267,140,127
E00051289,272,152,120
E00051268,311,172,139
E00051269,223,118,105
E00051270,314,167,147
E00051271,218,115,103
E00051275,248,133,115
E00051277,295,152,143
E00051267,346,178,168
E00051274,512,268,244
E00051276,299,148,151
E00051288,292,152,140
E00051290,279,142,137
E00051140,317,172,145
E00051142,276,144,132
E00051143,234,125,109
E00051144,330,167,163
E00051145,295,145,150
E00051220,346,198,148
E00051221,297,158,139
E00051223,279,152,127
E00051225,275,142,133
E00051226,256,134,122
E00051200,368,180,188
E00051219,251,143,108
E00051222,260,143,117
E00051224,267,144,123
E00168162,311,146,165
E00168163,202,98,104
E00168164,192,87,105
E00051205,256,130,126
E00051210,405,217,188
E00051212,304,170,134
E00051213,287,155,132
E00051215,242,126,116
E00051198,278,158,120
E00051203,180,87,93
E00051204,252,136,116
E00051207,518,281,237
E00051208,292,148,144
E00051209,330,180,150
E00051191,277,146,131
E00051211,280,148,132
E00051214,483,247,236
E00051216,220,121,99
E00051217,225,129,96
E00051122,310,157,153
E00051123,335,161,174
E00051138,298,157,141
E00185045,347,185,162
E00185083,371,177,194
E00051120,529,265,264
E00051127,315,160,155
E00051135,434,209,225
E00051137,316,166,150
E00051119,254,139,115
E00051125,374,202,172
E00051130,309,176,133
E00051139,281,146,135
E00051141,347,187,160
E00051126,335,177,158
E00051128,320,158,162
E00051129,346,167,179
E00051131,348,170,178
E00051121,277,132,145
E00051132,310,152,158
E00051133,289,151,138
E00051136,328,167,161
E00185078,539,263,276
E00185086,148,73,75
E00051371,299,140,159
E00051374,295,156,139
E00051377,265,130,135
E00051379,294,153,141
E00051383,284,136,148
E00051369,387,193,194
E00051370,354,167,187
E00051372,327,167,160
E00051376,383,187,196
E00051364,289,149,140
E00051365,259,126,133
E00051366,323,158,165
E00051367,379,180,199
E00051368,300,149,151
E00051356,383,202,181
E00051375,369,193,176
E00051378,408,204,204
E00051382,360,172,188
E00051241,318,174,144
E00051242,314,160,154
E00051245,337,178,159
E00051246,277,141,136
E00051247,296,155,141
E00051234,275,145,130
E00051236,209,114,95
E00051240,277,140,137
E00051243,313,151,162
E00051244,328,164,164
E00051248,303,161,142
E00051229,308,157,151
E00051231,325,166,159
E00051235,314,157,157
E00051237,255,139,116
E00051238,281,147,134
E00051227,297,148,149
E00051249,292,163,129
E00051250,269,127,142
E00051252,316,160,156
E00051257,348,165,183
E00051228,293,141,152
E00051230,264,131,133
E00051232,292,138,154
E00051233,294,163,131
E00051239,263,138,125
E00051251,314,155,159
E00051258,318,149,169
E00051259,340,175,165
E00051261,301,155,146
E00051253,371,191,180
E00051254,320,134,186
E00051255,219,117,102
E00051256,206,97,109
E00051260,261,146,115
E00051353,268,145,123
E00051357,265,130,135
E00051373,327,179,148
E00051380,336,190,146
E00051381,358,194,164
E00051354,293,147,146
E00051358,260,131,129
E00051360,294,141,153
E00051362,293,147,146
E00051384,347,177,170
E00051352,291,155,136
E00051355,326,164,162
E00051359,311,167,144
E00051361,332,160,172
E00051363,314,157,157
E00051423,405,203,202
E00051424,360,175,185
E00051430,318,165,153
E00051433,334,170,164
E00051442,268,135,133
E00051431,347,177,170
E00051432,341,172,169
E00051434,337,177,160
E00051435,371,184,187
E00051454,324,172,152
E00051446,314,159,155
E00051447,345,174,171
E00051448,341,182,159
E00051450,340,167,173
E00051427,308,142,166
E00051449,314,169,145
E00051451,326,160,166
E00051453,289,145,144
E00051460,176,81,95
E00168155,136,64,72
E00168156,232,108,124
E00168159,161,58,103
E00051425,401,213,188
E00051426,417,217,200
E00051429,399,209,190
E00051459,360,176,184
E00051436,337,162,175
E00051438,350,182,168
E00051440,442,213,229
E00051443,299,150,149
E00051439,482,249,233
E00051441,333,162,171
E00051444,297,146,151
E00051445,294,148,146
E00051428,305,150,155
E00051437,162,99,63
E00051455,290,160,130
E00051456,225,118,107
E00051457,322,163,159
E00051458,265,124,141
E00051110,261,128,133
E00051111,249,129,120
E00051115,289,154,135
E00051116,294,161,133
E00051118,289,129,160
E00051151,175,79,96
E00051109,326,167,159
E00051112,337,173,164
E00051113,346,181,165
E00051114,361,189,172
E00051696,301,159,142
E00051698,452,234,218
E00051702,298,156,142
E00051705,420,228,192
E00051712,415,215,200
E00051685,369,199,170
E00051718,305,166,139
E00051720,259,126,133
E00051721,369,181,188
E00051722,311,159,152
E00051688,302,160,142
E00051689,250,133,117
E00051691,259,148,111
E00051693,335,181,154
E00051723,262,147,115
E00168158,401,208,193
E00168160,163,73,90
E00168161,225,108,117
E00051521,464,244,220
E00051522,395,191,204
E00051525,376,186,190
E00051527,361,187,174
E00051710,353,174,179
E00051713,222,115,107
E00051714,367,202,165
E00051715,226,142,84
E00051716,249,130,119
E00051717,324,171,153
E00051684,385,194,191
E00051686,419,208,211
E00051687,409,205,204
E00051719,387,197,190
E00051695,588,315,273
E00051701,324,167,157
E00051707,263,139,124
E00051708,430,231,199
E00051711,220,114,106
E00051683,315,163,152
E00051692,383,185,198
E00051694,312,155,157
E00051699,328,157,171
E00051706,332,162,170
E00051700,251,139,112
E00051703,350,195,155
E00051704,269,129,140
E00051709,352,169,183
E00168157,423,215,208
E00168179,300,161,139
E00051117,302,146,156
E00051146,293,150,143
E00051147,330,168,162
E00051148,320,174,146
E00051149,198,96,102
E00051150,407,205,202
E00051152,318,155,163
E00051410,322,169,153
E00051415,352,166,186
E00051416,397,202,195
E00051417,305,156,149
E00051418,339,163,176
E00051413,268,138,130
E00051414,314,162,152
E00051419,528,264,264
E00051420,265,142,123
E00051421,175,87,88
E00051422,255,132,123
E00051385,416,214,202
E00051394,359,184,175
E00051397,321,179,142
E00051399,309,155,154
E00051402,245,128,117
E00051552,357,177,180
E00051554,365,171,194
E00051555,338,155,183
E00051556,293,151,142
E00051557,573,296,277
E00051561,372,181,191
E00051562,327,176,151
E00051563,280,141,139
E00051568,237,135,102
E00051570,233,122,111
E00051553,371,202,169
E00051558,407,211,196
E00051559,284,150,134
E00051589,345,171,174
E00051590,334,174,160
E00051575,238,128,110
E00051576,284,152,132
E00051577,152,64,88
E00051581,362,196,166
E00051582,327,168,159
E00051578,468,241,227
E00051579,369,188,181
E00051584,320,160,160
E00051585,329,171,158
E00051580,317,172,145
E00051583,370,186,184
E00051586,355,183,172
E00051587,375,192,183
E00051588,351,169,182
E00051529,356,180,176
E00051532,279,139,140
E00051537,336,171,165
E00051541,259,126,133
E00051542,571,281,290
E00051523,339,163,176
E00051524,321,157,164
E00051526,365,189,176
E00051530,388,187,201
E00051531,341,172,169
E00051528,383,199,184
E00051533,310,160,150
E00051534,339,175,164
E00051538,348,174,174
E00051539,306,149,157
E00051535,227,141,86
E00051536,357,200,157
E00051540,416,206,210
E00051544,326,164,162
E00051545,333,169,164
E00051646,198,114,84
E00051652,280,140,140
E00051670,303,155,148
E00051678,292,151,141
E00051681,269,144,125
E00051651,384,205,179
E00051673,347,175,172
E00051677,220,116,104
E00051680,300,152,148
E00051682,317,175,142
E00051656,541,277,264
E00051657,279,146,133
E00051672,240,127,113
E00051676,336,191,145
E00185060,203,108,95
E00185126,412,213,199
E00051644,268,115,153
E00051648,278,147,131
E00051653,268,140,128
E00051655,242,121,121
E00051679,328,166,162
E00051512,232,106,126
E00051515,368,190,178
E00051543,335,176,159
E00051547,375,181,194
E00051550,303,165,138
E00051551,322,174,148
E00051560,310,170,140
E00051564,327,165,162
E00051565,323,148,175
E00051566,336,171,165
E00051569,296,154,142
E00051567,398,197,201
E00051571,292,143,149
E00051572,427,216,211
E00051573,275,139,136
E00051574,354,179,175
E00051615,354,181,173
E00051616,367,185,182
E00051618,325,167,158
E00051620,337,176,161
E00051625,344,172,172
E00051623,237,128,109
E00051629,339,176,163
E00051631,426,226,200
E00051635,403,207,196
E00051636,369,192,177
E00051608,301,167,134
E00051609,310,152,158
E00051612,334,168,166
E00051614,281,156,125
E00051621,346,191,155
E00051600,300,152,148
E00051607,321,167,154
E00051610,273,141,132
E00051611,310,162,148
E00051624,325,168,157
E00051592,378,215,163
E00051601,295,145,150
E00051602,275,140,135
E00051627,242,129,113
E00051632,249,137,112
E00051605,374,178,196
E00051606,272,136,136
E00051613,318,165,153
E00051617,272,150,122
E00051619,305,152,153
E00051508,281,154,127
E00051516,265,143,122
E00051520,441,229,212
E00051546,337,174,163
E00051549,284,141,143
E00051509,306,156,150
E00051514,323,159,164
E00051517,300,155,145
E00051548,317,163,154
E00051510,372,187,185
E00051511,289,154,135
E00051513,293,151,142
E00051518,332,165,167
E00051519,273,149,124
E00051591,286,147,139
E00051626,294,147,147
E00051628,285,141,144
E00051634,283,140,143
E00051637,290,178,112
E00051408,359,189,170
E00051409,372,181,191
E00051412,459,240,219
E00185082,279,151,128
E00185131,411,211,200
E00051386,274,148,126
E00051387,357,191,166
E00051391,390,196,194
E00051404,434,216,218
E00051411,353,176,177
E00051395,342,155,187
E00051398,390,208,182
E00051405,282,143,139
E00051406,299,150,149
E00051407,363,172,191
E00051388,423,217,206
E00051390,354,187,167
E00051396,320,167,153
E00051403,388,185,203
E00051389,312,162,150
E00051392,370,198,172
E00051393,298,154,144
E00051400,441,248,193
E00051321,281,146,135
E00051325,369,188,181
E00051347,189,108,81
E00051348,289,160,129
E00051349,291,146,145
E00051351,218,126,92
E00051323,309,163,146
E00051326,309,162,147
E00051327,345,179,166
E00051329,333,162,171
E00051328,557,281,276
E00051330,330,173,157
E00051331,276,142,134
E00051332,319,157,162
E00051333,301,171,130
E00051318,333,166,167
E00051334,258,136,122
E00051335,410,197,213
E00051340,365,204,161
E00051342,292,150,142
E00051337,363,181,182
E00051338,576,325,251
E00051339,326,161,165
E00051343,240,120,120
E00051345,317,166,151
E00051322,380,186,194
E00051341,289,156,133
E00051344,289,142,147
E00051346,288,142,146
E00051350,286,146,140
E00051593,321,166,155
E00051630,313,157,156
E00051633,300,145,155
E00051639,324,158,166
E00051594,256,139,117
E00051595,308,157,151
E00051622,271,143,128
E00051640,323,168,155
E00051596,373,199,174
E00051598,280,149,131
E00051638,244,124,120
E00051641,296,154,142
E00051642,314,159,155
E00051597,290,150,140
E00051599,279,138,141
E00051603,235,127,108
E00051604,313,178,135
E00051643,372,183,189
E00051317,339,183,156
E00051319,331,169,162
E00051320,314,160,154
E00051324,349,196,153
E00051336,260,145,115
E00051461,319,179,140
E00051463,374,185,189
E00051464,312,160,152
E00051465,154,81,73
E00051467,484,260,224
E00051479,253,144,109
E00051480,319,160,159
E00051482,330,157,173
E00051484,334,167,167
E00051485,319,161,158
E00051469,314,154,160
E00051470,358,186,172
E00051472,237,130,107
E00051473,264,148,116
E00051474,416,218,198
E00051475,269,146,123
E00051466,416,212,204
E00051471,367,187,180
E00051476,340,163,177
E00051477,360,173,187
E00051462,123,64,59
E00051468,294,143,151
E00051478,359,170,189
E00051481,325,161,164
E00051483,319,165,154
E00051486,292,147,145
E00051498,335,171,164
E00051500,302,159,143
E00051507,280,145,135
E00185058,100,56,44
E00185096,485,250,235
E00051490,544,286,258
E00051506,557,272,285
E00168174,232,116,116
E00168176,248,127,121
E00168178,209,105,104
E00185064,236,121,115
E00185095,182,94,88
E00185124,579,309,270
E00051492,348,178,170
E00051494,324,161,163
E00051495,296,144,152
E00185033,270,137,133
E00185037,143,76,67
E00185038,512,256,256
E00051487,338,174,164
E00051501,389,193,196
E00051502,269,138,131
E00051503,319,160,159
E00051504,313,164,149
E00168165,257,118,139
E00168166,334,157,177
E00168167,216,99,117
E00168168,233,113,120
E00168169,263,132,131
E00168170,256,128,128
E00168172,268,132,136
E00168173,279,135,144
E00168175,278,132,146
E00168177,330,160,170
E00185039,342,183,159
E00185047,485,230,255
E00185057,127,66,61
E00185128,271,146,125
E00185134,377,197,180
E00051645,379,198,181
E00051654,367,185,182
E00051666,297,142,155
E00051671,308,167,141
E00051675,316,161,155
E00051647,274,155,119
E00051649,328,167,161
E00051667,337,168,169
E00051674,309,150,159
E00051662,293,144,149
E00051663,280,144,136
E00051664,311,155,156
E00051668,319,172,147
E00051669,316,157,159
E00051658,327,170,157
E00051660,294,149,145
E00051661,366,176,190
E00165816,623,339,284
E00185063,118,63,55
E00185093,322,149,173
E00185104,248,125,123
E00052065,269,141,128
E00052067,291,137,154
E00052070,218,104,114
E00052072,322,168,154
E00052076,344,176,168
E00052053,296,151,145
E00052066,312,153,159
E00052071,303,153,150
E00052073,366,201,165
E00052075,307,147,160
E00052056,296,161,135
E00052086,302,150,152
E00052088,297,152,145
E00052089,319,151,168
E00168249,297,151,146
E00168266,471,256,215
E00168269,277,133,144
E00052058,410,214,196
E00052059,331,170,161
E00052062,354,178,176
E00052063,330,159,171
E00052064,307,151,156
E00052077,106,57,49
E00052080,259,144,115
E00052081,292,146,146
E00052091,286,141,145
E00052093,299,157,142
E00052094,294,156,138
E00052054,253,133,120
E00052068,352,166,186
E00052069,320,165,155
E00052074,273,140,133
E00052078,241,121,120
E00052079,244,139,105
E00052082,300,165,135
E00052083,261,138,123
E00052084,225,113,112
E00052085,302,155,147
E00052087,298,154,144
E00052057,216,92,124
E00052090,362,182,180
E00052092,345,176,169
E00052095,415,218,197
E00168276,474,281,193
E00052274,273,148,125
E00052278,271,139,132
E00052279,296,147,149
E00052282,281,140,141
E00052269,351,185,166
E00052276,290,158,132
E00052277,342,176,166
E00052280,278,132,146
E00052264,326,164,162
E00052275,292,143,149
E00052284,290,142,148
E00052286,318,162,156
E00052290,248,116,132
E00052263,263,134,129
E00052265,321,160,161
E00052281,275,135,140
E00052285,296,144,152
E00052287,259,136,123
E00051802,509,255,254
E00051817,303,162,141
E00051818,312,168,144
E00051820,321,174,147
E00051830,313,158,155
E00051809,254,139,115
E00051810,277,140,137
E00051812,334,177,157
E00051839,259,131,128
E00051840,274,140,134
E00051811,444,234,210
E00051813,288,142,146
E00051815,431,229,202
E00051841,321,156,165
E00051842,291,157,134
E00051819,324,157,167
E00051822,322,159,163
E00051824,286,156,130
E00051825,275,146,129
E00051829,260,129,131
E00052266,317,174,143
E00052291,281,140,141
E00052293,303,150,153
E00052295,244,139,105
E00052296,357,193,164
E00052283,255,131,124
E00052288,299,151,148
E00052289,244,127,117
E00052294,253,126,127
E00052308,194,92,102
E00052271,317,162,155
E00052272,497,241,256
E00052273,280,146,134
E00052305,300,161,139
E00052309,330,159,171
E00052292,359,186,173
E00052297,276,146,130
E00052299,261,142,119
E00052300,264,126,138
E00052307,445,218,227
E00051966,341,168,173
E00051983,343,175,168
E00051986,288,146,142
E00051987,337,176,161
E00051989,372,205,167
E00051967,302,162,140
E00051978,309,152,157
E00051988,302,151,151
E00051990,343,167,176
E00051991,313,158,155
E00051992,285,143,142
E00051993,271,158,113
E00051995,291,146,145
E00051996,351,181,170
E00051997,367,192,175
E00051998,357,170,187
E00051979,374,194,180
E00051980,238,120,118
E00051981,196,92,104
E00051982,328,176,152
E00051984,276,142,134
E00051985,241,130,111
E00051803,370,188,182
E00051807,403,189,214
E00051814,382,191,191
E00051816,390,199,191
E00051801,282,148,134
E00051808,302,146,156
E00051821,352,179,173
E00051823,283,149,134
E00051806,248,136,112
E00051826,288,145,143
E00051836,274,141,133
E00051837,255,136,119
E00051838,277,144,133
E00051827,267,124,143
E00051828,324,164,160
E00051831,330,167,163
E00051833,324,170,154
E00051835,258,137,121
E00051804,272,142,130
E00051805,316,167,149
E00051832,288,139,149
E00051834,272,137,135
E00052012,349,156,193
E00052039,228,98,130
E00052044,165,78,87
E00052046,309,150,159
E00052048,282,136,146
E00177394,514,258,256
E00177432,103,51,52
E00052011,311,154,157
E00052013,277,145,132
E00052050,402,195,207
E00052051,209,101,108
E00052052,312,152,160
E00052003,326,160,166
E00052004,299,146,153
E00052020,261,138,123
E00052022,298,155,143
E00052024,270,147,123
E00052018,328,160,168
E00052019,297,153,144
E00052021,279,140,139
E00052023,222,115,107
E00052025,209,111,98
E00052008,391,194,197
E00052041,318,164,154
E00052043,378,209,169
E00052049,391,216,175
E00052005,334,181,153
E00052006,407,216,191
E00052029,306,144,162
E00052036,256,136,120
E00052047,378,198,180
E00052026,272,140,132
E00052027,309,155,154
E00052030,311,158,153
E00052034,330,159,171
E00052028,284,135,149
E00052031,338,173,165
E00052032,349,188,161
E00052033,287,139,148
E00052035,324,165,159
E00052037,323,164,159
E00052038,288,158,130
E00052040,301,153,148
E00052042,182,94,88
E00052045,363,186,177
E00052137,369,181,188
E00052139,343,179,164
E00052163,303,145,158
E00052166,299,145,154
E00052136,365,183,182
E00052138,315,155,160
E00052164,256,145,111
E00052165,378,189,189
E00052167,289,141,148
E00052267,290,147,143
E00052268,375,190,185
E00052298,302,153,149
E00052303,283,153,130
E00052304,275,137,138
E00052270,350,171,179
E00052301,326,171,155
E00052302,305,150,155
E00052306,263,135,128
E00052310,298,156,142
E00052497,396,207,189
E00052501,305,155,150
E00052505,370,184,186
E00052506,279,137,142
E00052520,360,195,165
E00052522,319,159,160
E00052525,327,177,150
E00052526,361,196,165
E00052528,333,161,172
E00052495,260,129,131
E00052516,289,153,136
E00052517,353,167,186
E00052518,330,166,164
E00052523,301,155,146
E00052494,315,157,158
E00052496,280,146,134
E00052519,297,137,160
E00052521,307,161,146
E00052531,326,160,166
E00051930,344,178,166
E00051944,354,185,169
E00051950,345,177,168
E00051951,310,145,165
E00051968,350,177,173
E00051970,279,152,127
E00051971,292,146,146
E00051976,294,156,138
E00051994,499,260,239
E00051969,320,157,163
E00051972,291,149,142
E00051973,384,203,181
E00051977,275,148,127
E00052002,373,192,181
E00051974,384,202,182
E00051975,482,245,237
E00051999,427,236,191
E00052000,303,169,134
E00052001,360,193,167
E00051954,283,135,148
E00051955,295,151,144
E00051956,333,167,166
E00051960,501,256,245
E00051961,355,174,181
E00051942,441,218,223
E00051943,467,243,224
E00051947,357,168,189
E00051949,333,174,159
E00051952,324,157,167
E00051940,391,197,194
E00051941,524,272,252
E00051948,408,203,205
E00177405,485,259,226
E00051958,378,185,193
E00051963,340,158,182
E00177426,352,186,166
E00177455,316,181,135
E00177464,275,145,130
E00052500,299,162,137
E00052507,312,150,162
E00052510,282,141,141
E00052514,309,157,152
E00052515,269,138,131
E00052502,287,140,147
E00052511,371,191,180
E00052512,372,178,194
E00052532,314,167,147
E00052499,339,180,159
E00052503,368,185,183
E00052508,354,167,187
E00052509,333,169,164
E00052513,288,151,137
E00052498,512,279,233
E00052504,291,169,122
E00052524,316,160,156
E00052527,328,176,152
E00052529,368,221,147
E00052530,293,166,127
E00051785,505,251,254
E00051793,246,134,112
E00051795,300,172,128
E00168248,300,152,148
E00168250,173,91,82
E00168251,198,122,76
E00168267,358,201,157
E00168268,260,132,128
E00051759,206,108,98
E00051781,365,177,188
E00051782,346,199,147
E00051783,236,120,116
E00051784,235,124,111
E00051787,252,131,121
E00051760,254,144,110
E00051786,289,145,144
E00051788,242,131,111
E00051789,316,164,152
E00051791,272,146,126
E00051794,115,72,43
E00051761,245,127,118
E00051764,328,180,148
E00051796,312,164,148
E00051799,278,146,132
E00051800,293,157,136
E00052135,282,144,138
E00052140,252,130,122
E00052161,282,144,138
E00052162,247,132,115
E00052176,273,153,120
E00052147,302,164,138
E00052168,465,237,228
E00052172,280,141,139
E00052177,326,179,147
E00052179,306,159,147
E00052169,329,152,177
E00052170,287,142,145
E00052171,349,179,170
E00052173,241,132,109
E00052175,277,124,153
E00052141,346,174,172
E00052144,461,240,221
E00052145,383,190,193
E00052174,482,226,256
E00052178,275,126,149
E00051894,393,211,182
E00051896,316,179,137
E00051898,371,197,174
E00051905,341,177,164
E00177397,371,189,182
E00177467,325,171,154
E00051889,293,154,139
E00051895,149,74,75
E00051897,302,153,149
E00051899,391,190,201
E00051929,408,200,208
E00051890,284,137,147
E00051891,312,157,155
E00051900,365,193,172
E00051902,334,173,161
E00051903,207,120,87
E00052009,327,181,146
E00052010,192,102,90
E00052016,340,183,157
E00052017,228,116,112
E00168271,430,222,208
E00051932,349,179,170
E00051934,443,225,218
E00051936,505,273,232
E00051938,401,209,192
E00051962,321,164,157
E00052381,420,222,198
E00052384,376,194,182
E00052385,347,165,182
E00052386,555,300,255
E00177424,410,211,199
E00177437,144,74,70
E00177439,455,241,214
E00052387,492,265,227
E00052388,418,219,199
E00052389,413,202,211
E00168244,350,175,175
E00168246,265,133,132
E00168247,367,191,176
E00051933,235,126,109
E00051935,344,186,158
E00051937,394,195,199
E00051939,362,171,191
E00051959,343,158,185
E00051964,284,154,130
E00051965,388,203,185
E00168272,408,218,190
E00052416,335,175,160
E00052417,330,176,154
E00052428,178,92,86
E00052431,336,160,176
E00052436,260,141,119
E00052437,288,137,151
E00052438,400,206,194
E00052440,324,163,161
E00052412,332,178,154
E00052414,207,104,103
E00052415,282,138,144
E00052441,265,128,137
E00052448,417,212,205
E00052418,335,171,164
E00052419,380,199,181
E00052426,302,154,148
E00052429,313,166,147
E00052433,353,197,156
E00052430,321,153,168
E00052432,301,143,158
E00052434,327,163,164
E00052435,276,135,141
E00052421,301,158,143
E00052423,361,176,185
E00052424,319,160,159
E00052425,272,141,131
E00052427,556,279,277
E00052442,302,148,154
E00052443,235,128,107
E00052444,273,137,136
E00052445,309,160,149
E00052446,308,157,151
E00052413,312,156,156
E00052420,346,178,168
E00052422,295,145,150
E00052439,246,127,119
E00052447,371,177,194
E00051912,252,127,125
E00051913,228,119,109
E00051915,305,159,146
E00051916,370,180,190
E00051919,440,226,214
E00051888,374,199,175
E00051914,420,221,199
E00051917,367,199,168
E00051918,282,127,155
E00051922,355,178,177
E00051892,345,181,164
E00051904,165,89,76
E00051906,399,202,197
E00051908,319,163,156
E00051911,353,176,177
E00051886,274,142,132
E00051893,349,185,164
E00051909,303,153,150
E00051910,286,143,143
E00177378,193,97,96
E00177406,486,281,205
E00051765,260,133,127
E00051767,283,147,136
E00051768,324,161,163
E00051771,437,222,215
E00051798,283,169,114
E00051763,313,159,154
E00051766,352,182,170
E00051770,299,150,149
E00051774,307,163,144
E00051797,300,142,158
E00051769,260,135,125
E00051772,432,212,220
E00051773,336,156,180
E00051775,282,140,142
E00051776,270,148,122
E00051762,325,163,162
E00051777,267,139,128
E00051778,316,167,149
E00051779,381,197,184
E00051780,316,168,148
E00052468,315,157,158
E00052487,275,135,140
E00052493,367,186,181
E00168275,472,230,242
E00051847,314,164,150
E00051855,251,132,119
E00051862,365,198,167
E00051863,315,168,147
E00051867,416,233,183
E00051848,338,178,160
E00051858,277,149,128
E00051861,285,148,137
E00051864,289,161,128
E00051868,401,195,206
E00051849,363,202,161
E00051865,350,198,152
E00051866,518,245,273
E00051869,310,167,143
E00051870,333,167,166
E00051856,278,144,134
E00051857,405,215,190
E00051859,316,169,147
E00051860,318,156,162
E00052148,274,134,140
E00052151,400,202,198
E00052156,319,165,154
E00052157,346,197,149
E00052159,269,142,127
E00052149,261,127,134
E00052153,357,192,165
E00052154,311,166,145
E00052155,281,138,143
E00168273,416,240,176
E00052142,269,126,143
E00052143,408,209,199
E00052146,583,306,277
E00052150,317,155,162
E00052152,346,163,183
E00052373,270,132,138
E00052374,294,146,148
E00052395,363,177,186
E00052396,431,211,220
E00168240,161,66,95
E00168243,224,125,99
E00052538,279,146,133
E00052539,343,179,164
E00052571,398,203,195
E00052574,313,147,166
E00052575,287,163,124
E00052537,447,242,205
E00052542,616,297,319
E00052545,333,171,162
E00052549,212,99,113
E00052570,341,159,182
E00052551,332,167,165
E00052567,327,164,163
E00052572,398,198,200
E00052576,442,216,226
E00052577,527,251,276
E00052557,366,181,185
E00052558,379,202,177
E00052559,296,162,134
E00052562,460,252,208
E00052569,378,178,200
E00052533,390,189,201
E00052535,289,155,134
E00052560,346,185,161
E00052561,460,247,213
E00052563,274,141,133
E00051923,345,180,165
E00051925,386,201,185
E00051926,365,176,189
E00051927,537,276,261
E00051887,380,207,173
E00051920,319,165,154
E00051921,300,162,138
E00051924,429,217,212
E00051928,328,158,170
E00052344,463,229,234
E00052346,357,186,171
E00052349,401,209,192
E00052352,372,189,183
E00052372,281,147,134
E00052341,389,195,194
E00052342,434,231,203
E00052343,503,246,257
E00052347,326,165,161
E00177392,261,108,153
E00177409,199,73,126
E00177411,413,203,210
E00177475,190,93,97
E00052540,432,227,205
E00052543,390,201,189
E00052547,337,166,171
E00052566,261,123,138
E00052573,327,178,149
E00052541,329,170,159
E00052544,415,201,214
E00052550,331,173,158
E00052552,434,197,237
E00052553,329,162,167
E00052546,414,166,248
E00052548,323,161,162
E00052554,332,181,151
E00052555,443,232,211
E00168254,409,194,215
E00168264,458,237,221
E00168265,489,254,235
E00052534,343,176,167
E00052536,386,194,192
E00052564,272,135,137
E00052565,269,157,112
E00052568,281,147,134
E00052454,364,171,193
E00052485,348,168,180
E00052488,185,91,94
E00052489,333,178,155
E00052492,288,151,137
E00052455,326,158,168
E00052458,347,186,161
E00052459,266,140,126
E00052461,350,190,160
E00052491,313,162,151
E00052460,279,155,124
E00052464,318,159,159
E00052465,364,187,177
E00052470,272,134,138
E00052471,239,123,116
E00052481,291,147,144
E00052482,292,152,140
E00052483,276,140,136
E00052484,343,170,173
E00052490,320,162,158
E00052186,377,197,180
E00052214,475,236,239
E00052216,341,167,174
E00052218,467,239,228
E00052180,407,199,208
E00052183,316,172,144
E00052185,306,153,153
E00052215,340,175,165
E00052217,325,182,143
E00052188,381,186,195
E00052191,313,167,146
E00052193,399,193,206
E00052194,432,225,207
E00052181,245,116,129
E00052189,166,74,92
E00052195,306,159,147
E00052219,453,230,223
E00052221,309,154,155
E00052391,226,121,105
E00052392,485,237,248
E00052393,239,122,117
E00168245,448,215,233
E00168257,184,84,100
E00168258,196,101,95
E00177434,225,120,105
E00177456,194,76,118
E00052397,224,119,105
E00052400,436,209,227
E00052401,357,174,183
E00052404,412,202,210
E00052406,419,210,209
E00052410,241,115,126
E00052375,374,185,189
E00052377,284,137,147
E00052378,224,116,108
E00052379,360,170,190
E00052409,394,196,198
E00052376,506,264,242
E00052407,354,181,173
E00052411,356,188,168
E00168239,461,263,198
E00168241,215,136,79
E00052402,309,154,155
E00052408,405,186,219
E00168255,471,230,241
E00168256,434,215,219
E00052399,439,215,224
E00177402,197,107,90
E00177418,601,314,287
E00177441,195,94,101
E00052366,376,192,184
E00052369,473,256,217
E00052370,326,160,166
E00052371,325,167,158
E00052345,376,190,186
E00052350,370,187,183
E00052351,466,242,224
E00052355,395,189,206
E00052340,455,227,228
E00052358,206,119,87
E00052361,250,124,126
E00052364,439,221,218
E00052365,365,181,184
E00052353,318,157,161
E00052354,313,178,135
E00052356,369,189,180
E00052357,401,208,193
E00052363,420,217,203
E00052359,419,220,199
E00052360,418,224,194
E00052362,380,172,208
E00052367,370,189,181
E00052368,326,154,172
E00052450,294,152,142
E00052451,276,145,131
E00052452,261,147,114
E00052456,324,166,158
E00052457,268,137,131
E00052449,342,167,175
E00052462,253,133,120
E00052467,430,212,218
E00052476,121,63,58
E00052478,330,160,170
E00052453,268,140,128
E00052463,275,144,131
E00052466,323,167,156
E00052469,286,148,138
E00052473,543,277,266
E00052472,298,159,139
E00052474,271,140,131
E00052475,292,147,145
E00052479,348,189,159
E00168261,298,162,136
E00168262,354,182,172
E00051850,495,285,210
E00051871,291,161,130
E00051872,349,176,173
E00051873,392,205,187
E00051877,346,187,159
E00051844,359,184,175
E00051845,405,202,203
E00051846,366,188,178
E00051853,485,251,234
E00051851,328,179,149
E00051880,330,161,169
E00051881,288,151,137
E00051882,334,182,152
E00177390,386,206,180
E00177465,366,186,180
E00051843,313,142,171
E00051852,484,249,235
E00051854,575,274,301
E00051874,332,145,187
E00051885,329,155,174
E00052224,384,193,191
E00052225,343,171,172
E00052228,443,217,226
E00052233,357,186,171
E00052222,414,221,193
E00052249,501,249,252
E00052250,418,227,191
E00052251,423,204,219
E00052229,403,223,180
E00052252,417,204,213
E00052254,430,224,206
E00052259,436,221,215
E00052223,495,254,241
E00052230,402,214,188
E00052255,555,279,276
E00052258,393,200,193
E00052253,350,179,171
E00052256,409,215,194
E00052257,386,202,184
E00052261,456,216,240
E00052227,254,123,131
E00052232,348,181,167
E00052234,451,221,230
E00052236,387,198,189
E00052260,412,216,196
E00052196,321,163,158
E00052197,302,166,136
E00052198,340,168,172
E00052201,333,173,160
E00052203,360,185,175
E00052192,379,197,182
E00052199,400,196,204
E00052202,332,161,171
E00052204,415,207,208
E00052205,474,242,232
E00052200,388,195,193
E00052206,340,176,164
E00052207,221,103,118
E00052209,310,169,141
E00052212,351,169,182
E00052208,377,179,198
E00052210,342,185,157
E00052211,450,228,222
E00052213,407,223,184
E00051875,340,169,171
E00051876,343,177,166
E00051878,383,204,179
E00051879,381,184,197
E00051883,349,185,164
E00052114,455,237,218
E00052122,332,176,156
E00168252,444,209,235
E00168253,313,151,162
E00177403,335,182,153
E00177419,149,91,58
E00177480,189,100,89
E00052123,389,191,198
E00052129,185,99,86
E00177375,559,292,267
E00177379,136,71,65
E00177381,255,125,130
E00177393,340,192,148
E00177396,136,80,56
E00177408,458,235,223
E00177429,313,158,155
E00052111,328,160,168
E00052112,350,168,182
E00052113,373,200,173
E00052115,343,182,161
E00052116,314,162,152
E00052226,390,214,176
E00052239,480,252,228
E00052242,392,193,199
E00052246,372,204,168
E00052244,277,138,139
E00052245,343,180,163
E00052247,438,243,195
E00052248,320,158,162
E00052231,459,227,232
E00052237,504,240,264
E00052241,459,252,207
E00052262,466,230,236
E00052235,390,196,194
E00052238,347,172,175
E00052240,370,189,181
E00052243,420,223,197
E00052097,327,157,170
E00052121,373,188,185
E00052131,288,158,130
E00052132,344,177,167
E00177386,561,280,281
E00177430,275,141,134
E00052117,536,274,262
E00052118,310,156,154
E00052124,385,207,178
E00052125,281,156,125
E00052127,283,147,136
E00052098,332,170,162
E00052099,324,152,172
E00052106,440,217,223
E00052134,429,218,211
E00052100,238,85,153
E00052101,354,175,179
E00052103,352,172,180
E00052104,379,192,187
E00052107,343,164,179
E00052102,402,225,177
E00052108,326,162,164
E00052110,316,159,157
E00177373,224,119,105
E00177444,281,146,135
E00177454,409,207,202
E00052182,335,172,163
E00052184,374,191,183
E00052187,313,169,144
E00052190,294,152,142
E00052220,356,191,165
E00052317,297,150,147
E00052318,275,144,131
E00052320,240,129,111
E00052321,316,159,157
E00052326,305,157,148
E00052313,264,130,134
E00052315,302,159,143
E00052316,305,168,137
E00052322,306,150,156
E00052327,303,146,157
E00052314,296,155,141
E00052328,301,148,153
E00052335,395,215,180
E00168259,486,260,226
E00168260,506,268,238
E00168263,336,180,156
E00052311,371,199,172
E00052319,302,163,139
E00052324,272,139,133
E00052333,271,146,125
E00052336,321,175,146
E00052325,300,150,150
E00052329,320,161,159
E00052330,285,155,130
E00052332,335,178,157
E00052334,282,155,127
E00052312,256,137,119
E00052323,268,133,135
E00052337,311,162,149
E00052338,366,186,180
E00052339,261,140,121
E00052692,432,232,200
E00052702,268,129,139
E00052703,290,156,134
E00052706,288,147,141
E00052707,484,239,245
E00052693,310,162,148
E00052711,306,157,149
E00052712,244,128,116
E00052716,277,139,138
E00052717,295,141,154
E00052713,236,126,110
E00052714,309,157,152
E00052715,299,151,148
E00052718,308,160,148
E00052690,249,118,131
E00052695,231,120,111
E00052719,326,168,158
E00052720,321,160,161
E00052724,281,150,131
E00052694,266,131,135
E00052696,445,232,213
E00052721,373,193,180
E00052722,296,164,132
E00052697,360,193,167
E00052698,283,157,126
E00052700,342,189,153
E00052723,332,174,158
E00052725,276,137,139
E00052691,286,144,142
E00052699,404,216,188
E00052701,364,194,170
E00052704,302,149,153
E00052994,296,151,145
E00053003,333,177,156
E00053025,266,134,132
E00053026,246,127,119
E00053028,335,168,167
E00053029,271,139,132
E00052993,318,154,164
E00053001,234,112,122
E00053023,271,129,142
E00053024,289,139,150
E00052996,337,178,159
E00052999,345,175,170
E00053009,384,211,173
E00053027,404,203,201
E00052991,378,192,186
E00053005,284,161,123
E00053007,417,234,183
E00053010,383,207,176
E00052990,280,144,136
E00052995,375,215,160
E00053000,261,141,120
E00053004,200,110,90
E00053030,290,150,140
E00052989,279,150,129
E00052997,242,123,119
E00053002,277,133,144
E00053006,233,118,115
E00053008,305,160,145
E00053230,300,157,143
E00053231,303,162,141
E00053233,240,107,133
E00053234,319,161,158
E00053235,232,114,118
E00053204,300,157,143
E00053232,310,156,154
E00053236,292,155,137
E00053237,272,160,112
E00053238,243,123,120
E00052803,366,198,168
E00052805,401,196,205
E00052829,403,229,174
E00052831,316,176,140
E00052798,350,162,188
E00052800,338,184,154
E00052801,332,175,157
E00052802,262,130,132
E00052827,307,144,163
E00052797,347,189,158
E00052825,344,175,169
E00052826,332,168,164
E00052828,307,172,135
E00052830,362,187,175
E00052912,457,240,217
E00052917,354,200,154
E00052927,376,194,182
E00052928,319,169,150
E00053283,264,128,136
E00053305,253,130,123
E00053306,289,155,134
E00053308,190,98,92
E00053310,255,136,119
E00053313,248,136,112
E00053288,293,155,138
E00053302,286,146,140
E00053303,266,129,137
E00053307,325,159,166
E00053309,255,126,129
E00053280,308,154,154
E00053281,298,148,150
E00053285,228,115,113
E00053311,296,158,138
E00053314,294,152,142
E00053292,244,131,113
E00053293,276,139,137
E00053295,267,138,129
E00053296,325,170,155
E00053299,313,175,138
E00053294,279,132,147
E00053297,297,156,141
E00053298,267,144,123
E00053300,269,135,134
E00053301,320,167,153
E00053304,276,141,135
E00052992,356,179,177
E00052998,314,157,157
E00053012,289,152,137
E00053013,276,131,145
E00053016,209,114,95
E00053011,374,191,183
E00053014,314,160,154
E00053015,339,178,161
E00053018,356,180,176
E00053017,295,150,145
E00053019,284,156,128
E00053020,286,140,146
E00053021,171,80,91
E00053022,219,113,106
E00052709,429,230,199
E00181870,327,177,150
E00181886,287,150,137
E00181859,399,201,198
E00181861,336,157,179
E00181881,220,119,101
E00181897,233,109,124
E00181907,343,165,178
E00181913,408,214,194
E00181918,351,168,183
E00052918,261,130,131
E00052919,402,225,177
E00052921,398,223,175
E00052922,425,228,197
E00052920,410,232,178
E00052923,368,196,172
E00052924,349,188,161
E00052926,360,192,168
E00052925,347,191,156
E00052929,332,176,156
E00052931,342,183,159
E00052932,326,177,149
E00052930,615,332,283
E00052933,401,215,186
E00052940,287,149,138
E00167328,480,255,225
E00167329,413,215,198
E00052804,258,138,120
E00052807,297,159,138
E00052810,294,152,142
E00052811,271,147,124
E00052814,329,153,176
E00052815,302,155,147
E00052799,328,167,161
E00052806,346,168,178
E00052808,225,107,118
E00052809,350,179,171
E00052813,301,157,144
E00052817,255,127,128
E00052818,369,184,185
E00052822,310,158,152
E00052823,360,173,187
E00052824,292,157,135
E00052812,292,150,142
E00052816,316,155,161
E00052819,298,152,146
E00052820,313,160,153
E00052821,353,182,171
E00053331,311,164,147
E00053334,358,190,168
E00053335,280,150,130
E00053338,337,162,175
E00053340,339,188,151
E00053341,218,128,90
E00053220,348,184,164
E00053223,291,151,140
E00053224,352,190,162
E00053227,341,184,157
E00053229,237,123,114
E00053201,320,155,165
E00053218,338,182,156
E00053225,251,139,112
E00053226,249,129,120
E00053228,300,148,152
E00053205,319,174,145
E00053206,305,154,151
E00053210,272,136,136
E00053214,324,179,145
E00053217,380,193,187
E00053203,257,120,137
E00053207,310,171,139
E00053208,303,159,144
E00053209,329,161,168
E00053212,312,159,153
E00053211,293,147,146
E00053213,355,180,175
E00053215,342,166,176
E00053219,317,161,156
E00053221,374,195,179
E00053282,281,144,137
E00053289,294,152,142
E00053290,232,123,109
E00053291,317,157,160
E00053312,286,140,146
E00053278,357,180,177
E00053279,276,142,134
E00053284,303,153,150
E00053286,404,211,193
E00053287,297,141,156
E00053326,199,97,102
E00053328,306,156,150
E00053344,301,158,143
E00053345,247,129,118
E00053347,259,128,131
E00053348,231,120,111
E00053318,287,136,151
E00053337,280,155,125
E00053342,286,136,150
E00053346,261,140,121
E00053350,293,156,137
E00053332,255,118,137
E00053333,276,148,128
E00053336,329,187,142
E00053339,329,165,164
E00053343,342,155,187
E00052911,351,165,186
E00052915,361,167,194
E00052916,355,168,187
E00052945,389,191,198
E00052913,355,179,176
E00052936,513,269,244
E00052937,382,197,185
E00052939,377,189,188
E00052914,395,174,221
E00052944,345,172,173
E00052946,346,176,170
E00052947,312,141,171
E00052934,280,145,135
E00052935,321,166,155
E00052938,405,221,184
E00052941,306,154,152
E00052943,384,205,179
E00052875,349,191,158
E00052876,337,170,167
E00052882,357,190,167
E00052908,292,143,149
E00052909,324,171,153
E00053319,303,160,143
E00053320,385,202,183
E00053322,301,146,155
E00053349,283,149,134
E00053351,303,152,151
E00053315,326,161,165
E00053329,304,157,147
E00053330,317,143,174
E00167331,359,165,194
E00167342,375,181,194
E00181856,137,66,71
E00181903,589,318,271
E00181924,132,62,70
E00053316,323,155,168
E00053317,316,165,151
E00053321,289,152,137
E00053324,282,141,141
E00053327,344,173,171
E00053352,252,137,115
E00053126,333,150,183
E00053132,336,160,176
E00053155,342,178,164
E00053156,388,193,195
E00053157,354,160,194
E00053117,342,165,177
E00053121,422,190,232
E00053129,265,140,125
E00053133,354,169,185
E00053136,343,155,188
E00053115,369,190,179
E00053119,394,194,200
E00053120,260,108,152
E00053131,438,205,233
E00053158,334,168,166
E00053122,329,172,157
E00053124,470,215,255
E00053125,445,210,235
E00053135,606,303,303
E00053200,344,181,163
E00053202,378,190,188
E00053216,371,184,187
E00181849,417,212,205
E00181875,239,138,101
E00053241,353,175,178
E00053246,218,119,99
E00053247,231,126,105
E00053248,214,128,86
E00053250,218,109,109
E00053260,238,122,116
E00053249,266,143,123
E00053251,255,145,110
E00053253,276,150,126
E00053254,198,120,78
E00053255,231,125,106
E00053259,210,116,94
E00053256,274,139,135
E00053257,289,143,146
E00053258,323,165,158
E00053263,350,197,153
E00053267,285,152,133
E00053242,363,195,168
E00053243,290,143,147
E00053244,357,172,185
E00053245,334,166,168
E00053252,250,137,113
E00052872,401,193,208
E00052874,255,135,120
E00052883,217,124,93
E00052893,396,207,189
E00052894,323,158,165
E00052897,210,101,109
E00052873,466,234,232
E00052901,443,233,210
E00052902,330,174,156
E00181864,257,128,129
E00181869,432,244,188
E00181884,498,251,247
E00181891,226,124,102
E00052899,420,209,211
E00052900,201,84,117
E00052903,343,162,181
E00052904,407,202,205
E00052905,581,270,311
E00052906,179,70,109
E00052877,334,145,189
E00052878,360,185,175
E00052881,327,164,163
E00052907,279,139,140
E00052910,358,180,178
E00052880,364,190,174
E00052884,192,114,78
E00052887,210,105,105
E00052888,240,124,116
E00052890,171,79,92
E00052891,317,161,156
E00052895,462,238,224
E00052879,341,185,156
E00052885,383,184,199
E00052886,352,185,167
E00052889,281,148,133
E00052892,314,167,147
E00053118,308,142,166
E00053123,396,179,217
E00053127,433,215,218
E00053128,352,181,171
E00053116,304,146,158
E00053130,521,259,262
E00053137,348,161,187
E00053142,436,202,234
E00053145,293,134,159
E00053134,467,243,224
E00053140,304,159,145
E00053144,443,243,200
E00053148,394,169,225
E00053139,467,228,239
E00053146,447,188,259
E00053147,408,179,229
E00053149,423,182,241
E00053037,237,116,121
E00053070,230,104,126
E00053071,317,153,164
E00053072,312,155,157
E00053073,309,133,176
E00053075,148,60,88
E00053032,358,165,193
E00053063,412,170,242
E00053066,349,139,210
E00053068,229,88,141
E00053069,255,92,163
E00053033,228,122,106
E00053051,303,151,152
E00053052,246,133,113
E00053053,307,164,143
E00053054,187,88,99
E00053055,276,133,143
E00053034,306,168,138
E00053056,321,144,177
E00053057,354,187,167
E00053058,366,192,174
E00053059,445,210,235
E00053060,371,185,186
E00053061,322,181,141
E00053062,266,131,135
E00053064,154,67,87
E00053067,286,139,147
E00052730,284,148,136
E00052758,405,212,193
E00052759,343,171,172
E00052760,357,172,185
E00052741,304,167,137
E00052745,387,201,186
E00052748,316,168,148
E00052750,366,213,153
E00052751,318,159,159
E00052731,256,136,120
E00052733,224,114,110
E00052734,239,119,120
E00052736,307,156,151
E00052739,247,131,116
E00052732,414,208,206
E00052735,349,180,169
E00052740,352,170,182
E00052742,359,192,167
E00052726,398,192,206
E00052738,265,135,130
E00052743,198,103,95
E00052744,291,152,139
E00052746,340,164,176
E00052747,394,197,197
E00052729,220,118,102
E00052752,285,153,132
E00052753,356,195,161
E00052754,210,107,103
E00052755,310,153,157
E00052756,314,176,138
E00053042,287,147,140
E00053046,257,145,112
E00053047,221,105,116
E00053049,207,109,98
E00053050,246,134,112
E00053076,314,164,150
E00053239,353,172,181
E00053265,348,179,169
E00053269,300,156,144
E00053271,336,170,166
E00053272,318,167,151
E00053261,260,125,135
E00053262,260,114,146
E00053264,313,155,158
E00053266,225,115,110
E00053268,289,140,149
E00053270,242,131,111
E00053240,322,162,160
E00053273,324,176,148
E00053274,297,167,130
E00053275,301,160,141
E00053276,303,163,140
E00053277,317,155,162
E00052836,391,226,165
E00052847,289,143,146
E00052848,306,148,158
E00052868,446,221,225
E00052871,410,198,212
E00052834,423,202,221
E00052860,204,88,116
E00052861,275,137,138
E00052864,368,197,171
E00052866,246,102,144
E00052869,112,60,52
E00052837,318,149,169
E00052838,333,150,183
E00052840,365,162,203
E00052841,369,187,182
E00052844,303,156,147
E00052832,450,226,224
E00052839,382,212,170
E00052842,357,181,176
E00052843,420,199,221
E00052835,269,126,143
E00052862,265,133,132
E00052863,189,72,117
E00052865,350,183,167
E00052867,519,258,261
E00053138,257,146,111
E00053141,330,175,155
E00167321,345,180,165
E00167346,265,138,127
E00181854,698,339,359
E00167318,457,215,242
E00167325,198,71,127
E00167326,324,149,175
E00181922,301,139,162
E00052964,256,142,114
E00052970,321,165,156
E00052971,314,161,153
E00052972,337,173,164
E00052974,296,152,144
E00052950,292,143,149
E00052951,334,171,163
E00052967,234,129,105
E00052968,325,173,152
E00052975,277,141,136
E00052948,383,201,182
E00052959,295,137,158
E00052960,232,113,119
E00052961,347,181,166
E00052963,285,144,141
E00053031,591,293,298
E00053044,350,173,177
E00053065,257,133,124
E00053074,385,222,163
E00053035,364,175,189
E00053038,291,150,141
E00053040,307,159,148
E00053043,276,151,125
E00053036,272,134,138
E00053039,323,176,147
E00053041,259,139,120
E00053045,277,144,133
E00053048,329,186,143
E00052614,327,168,159
E00052620,263,124,139
E00052625,316,158,158
E00052650,269,136,133
E00052655,315,161,154
E00052623,323,173,150
E00052630,346,182,164
E00052635,389,198,191
E00052636,332,176,156
E00052637,270,140,130
E00052619,392,203,189
E00052642,303,155,148
E00052643,215,117,98
E00052644,237,124,113
E00052647,178,86,92
E00052649,281,152,129
E00052621,339,162,177
E00052648,304,162,142
E00052652,309,162,147
E00052654,312,147,165
E00052656,290,150,140
E00052615,407,204,203
E00052616,305,159,146
E00052624,319,166,153
E00052628,304,151,153
E00052651,295,155,140
E00052617,420,219,201
E00052618,564,289,275
E00052632,392,183,209
E00052640,381,200,181
E00052626,288,162,126
E00052627,344,179,165
E00052629,332,173,159
E00052638,389,181,208
E00052622,366,182,184
E00052645,313,159,154
E00052646,261,144,117
E00052653,379,198,181
E00052727,360,184,176
E00052728,326,165,161
E00052737,376,193,183
E00052749,346,164,182
E00052757,248,130,118
E00052852,317,164,153
E00052853,405,200,205
E00052855,348,169,179
E00052857,279,130,149
E00052859,266,129,137
E00052845,337,175,162
E00052846,218,119,99
E00052850,375,194,181
E00052856,267,147,120
E00052870,327,164,163
E00052833,351,173,178
E00052849,266,139,127
E00052851,287,150,137
E00052854,262,141,121
E00052858,278,136,142
E00053082,407,210,197
E00053086,344,166,178
E00053107,333,170,163
E00053112,345,169,176
E00053080,189,95,94
E00053085,328,161,167
E00053088,459,232,227
E00053108,340,171,169
E00053110,315,152,163
E00052582,362,180,182
E00052583,293,125,168
E00052585,286,150,136
E00052608,482,255,227
E00052612,260,131,129
E00167332,353,165,188
E00167335,178,98,80
E00052602,374,202,172
E00052603,537,285,252
E00052604,541,301,240
E00052605,367,194,173
E00052606,387,207,180
E00052607,355,171,184
E00052609,349,172,177
E00052611,319,155,164
E00052613,485,249,236
E00052631,521,267,254
E00052633,358,187,171
E00052634,290,152,138
E00052639,331,162,169
E00052641,367,171,196
E00052973,311,176,135
E00052976,366,190,176
E00052978,250,133,117
E00052980,313,170,143
E00052983,260,149,111
E00052952,303,159,144
E00052977,236,117,119
E00052979,183,62,121
E00052981,241,92,149
E00052982,290,140,150
E00052984,353,190,163
E00052985,314,154,160
E00052953,302,146,156
E00052954,356,190,166
E00052986,339,178,161
E00052987,318,151,167
E00052988,251,125,126
E00052955,299,143,156
E00052956,356,183,173
E00052957,292,151,141
E00052958,333,171,162
E00052949,338,175,163
E00052962,269,140,129
E00052965,356,181,175
E00052966,303,148,155
E00052969,311,157,154
E00052775,411,218,193
E00052777,443,223,220
E00052778,323,178,145
E00052782,388,196,192
E00167337,386,178,208
E00167339,231,121,110
E00167340,307,160,147
E00052776,343,183,160
E00052779,343,168,175
E00052781,207,102,105
E00052785,247,135,112
E00052786,282,143,139
E00181860,196,104,92
E00181865,125,61,64
E00181868,577,295,282
E00181878,353,182,171
E00052761,486,235,251
E00052784,311,163,148
E00052787,293,134,159
E00181882,234,119,115
E00181883,536,284,252
E00181905,174,80,94
E00052764,390,208,182
E00052768,355,199,156
E00052774,272,125,147
E00052780,344,193,151
E00052796,301,151,150
E00052763,215,115,100
E00052767,323,169,154
E00052771,572,271,301
E00052773,440,198,242
E00052795,383,190,193
E00181895,449,227,222
E00181925,264,123,141
E00052660,438,230,208
E00052676,513,263,250
E00052680,453,223,230
E00052682,424,202,222
E00052662,327,164,163
E00052681,370,195,175
E00052684,394,192,202
E00052686,461,235,226
E00052661,464,235,229
E00052663,354,174,180
E00052688,353,179,174
E00052689,358,176,182
E00053084,387,194,193
E00053109,410,220,190
E00053111,397,201,196
E00053114,356,188,168
E00053081,327,165,162
E00053090,394,197,197
E00053091,390,179,211
E00053096,308,149,159
E00053098,259,136,123
E00053087,241,131,110
E00053089,351,172,179
E00053094,319,185,134
E00053104,295,156,139
E00053105,345,168,177
E00053093,303,158,145
E00053095,367,178,189
E00053100,333,171,162
E00053103,359,182,177
E00053106,291,143,148
E00053078,360,176,184
E00053097,307,157,150
E00053099,352,171,181
E00053101,316,167,149
E00053102,327,164,163
E00053077,348,169,179
E00053079,396,208,188
E00053083,334,174,160
E00053092,339,178,161
E00053113,290,156,134
E00053164,341,166,175
E00053165,323,177,146
E00053166,181,92,89
E00053167,257,138,119
E00053168,346,180,166
E00053169,342,173,169
E00053160,335,180,155
E00053170,335,166,169
E00053171,269,145,124
E00053172,340,176,164
E00053179,300,162,138
E00053173,386,191,195
E00053174,353,168,185
E00053175,290,156,134
E00053177,308,159,149
E00053180,324,176,148
E00053184,303,160,143
E00053187,304,158,146
E00053189,318,161,157
E00053190,287,140,147
E00053192,248,115,133
E00052578,476,234,242
E00052579,287,162,125
E00052581,309,171,138
E00052588,259,135,124
E00052595,293,154,139
E00181853,447,242,205
E00181872,206,100,106
E00181920,155,73,82
E00052587,242,111,131
E00052590,266,142,124
E00052591,443,239,204
E00052601,367,183,184
E00181851,392,191,201
E00181880,289,145,144
E00181914,160,87,73
E00052580,326,173,153
E00052589,297,152,145
E00052592,314,164,150
E00052593,307,151,156
E00167320,203,92,111
E00167334,211,101,110
E00167343,196,99,97
E00167345,289,141,148
E00052594,379,199,180
E00052596,283,152,131
E00052597,380,195,185
E00052599,279,147,132
E00052600,381,192,189
E00053163,366,201,165
E00053185,322,184,138
E00053191,318,173,145
E00053194,265,139,126
E00053196,175,96,79
E00053197,341,165,176
E00053161,321,149,172
E00053162,316,157,159
E00053195,444,227,217
E00053198,331,166,165
E00053199,327,171,156
E00053159,411,201,210
E00053176,365,182,183
E00053178,416,215,201
E00053183,309,148,161
E00053181,348,163,185
E00053182,305,158,147
E00053186,307,150,157
E00053188,323,165,158
E00053193,276,160,116
E00052665,418,191,227
E00052669,300,177,123
E00052673,428,222,206
E00052679,373,198,175
E00052658,410,208,202
E00052670,435,205,230
E00052671,335,167,168
E00052678,432,210,222
E00052657,445,221,224
E00052659,454,213,241
E00052677,459,238,221
E00052674,359,184,175
E00052675,364,176,188
E00052683,322,153,169
E00052685,464,204,260
E00052687,332,167,165
E00052664,269,133,136
E00052668,483,239,244
E00167348,624,304,320
E00052790,276,135,141
E00052791,401,200,201
E00052792,355,182,173
E00052793,322,168,154
E00052794,353,172,181
E00053151,364,186,178
E00053152,600,310,290
E00053153,470,253,217
E00053154,505,259,246
E00052769,324,172,152
E00052772,362,221,141
E00181888,286,161,125
E00181889,168,93,75
E00181890,585,307,278
E00052770,524,269,255
E00181873,432,229,203
E00181921,334,161,173
E00079029,348,176,172
E00079030,310,161,149
E00079031,370,190,180
E00079032,390,203,187
E00079033,327,179,148
E00079073,550,277,273
E00079077,300,149,151
E00079078,317,162,155
E00079080,424,221,203
E00079074,137,67,70
E00079075,372,205,167
E00079076,304,147,157
E00079079,296,150,146
E00079294,299,162,137
E00079297,222,112,110
E00079298,331,168,163
E00079300,291,143,148
E00079304,332,169,163
E00079305,233,128,105
E00079292,293,146,147
E00079293,250,126,124
E00079295,227,109,118
E00079296,312,159,153
E00079315,237,126,111
E00079299,313,169,144
E00079301,162,75,87
E00079302,408,220,188
E00079303,302,157,145
E00079306,328,181,147
E00079308,344,169,175
E00079309,362,185,177
E00079310,288,140,148
E00079313,258,137,121
E00079314,226,123,103
E00079291,239,121,118
E00079307,188,106,82
E00079311,393,192,201
E00079312,334,176,158
E00079316,268,144,124
E00079045,124,59,65
E00079048,390,189,201
E00079053,490,252,238
E00187640,615,345,270
E00187694,179,92,87
E00187767,218,105,113
E00079047,548,271,277
E00079049,240,124,116
E00079050,115,58,57
E00079051,276,144,132
E00079052,284,135,149
E00079182,281,151,130
E00079190,206,117,89
E00079191,337,168,169
E00079192,235,121,114
E00079193,268,133,135
E00079195,263,137,126
E00079200,319,154,165
E00079323,220,113,107
E00079324,282,139,143
E00079326,309,164,145
E00079327,339,171,168
E00079329,261,140,121
E00079317,450,221,229
E00079325,362,182,180
E00079333,218,111,107
E00079337,253,139,114
E00079339,238,117,121
E00078837,333,163,170
E00078842,448,238,210
E00078843,444,232,212
E00078844,359,173,186
E00078845,145,78,67
E00078846,272,137,135
E00078838,368,182,186
E00078839,378,196,182
E00078840,191,94,97
E00078841,262,134,128
E00078847,314,159,155
E00079040,349,165,184
E00079042,306,164,142
E00079043,344,163,181
E00079044,351,174,177
E00079036,177,86,91
E00079037,354,187,167
E00079038,152,73,79
E00171326,317,158,159
E00171327,262,130,132
E00171329,297,151,146
E00187608,449,137,312
E00078989,276,138,138
E00078990,434,223,211
E00078991,454,234,220
E00078992,282,146,136
E00078987,505,269,236
E00078988,389,190,199
E00078993,434,237,197
E00078978,232,113,119
E00078981,316,159,157
E00078982,521,276,245
E00078983,431,249,182
E00078984,370,205,165
E00078985,355,188,167
E00078976,275,140,135
E00078977,355,177,178
E00078979,494,251,243
E00078980,238,120,118
E00187618,540,271,269
E00187707,132,72,60
E00187739,142,77,65
E00079281,281,161,120
E00079282,322,177,145
E00079284,270,136,134
E00079285,337,167,170
E00079286,345,195,150
E00079274,278,138,140
E00079276,352,187,165
E00079283,315,155,160
E00079287,289,146,143
E00079290,386,194,192
E00079272,293,153,140
E00079280,433,224,209
E00079288,260,124,136
E00079289,334,165,169
E00187628,306,152,154
E00187637,102,60,42
E00187650,275,165,110
E00079319,219,117,102
E00079320,291,154,137
E00079321,292,159,133
E00079330,115,68,47
E00079331,320,163,157
E00079334,262,137,125
E00079338,289,146,143
E00079318,258,136,122
E00079322,163,73,90
E00079328,282,141,141
E00079332,275,141,134
E00079335,235,127,108
E00079336,271,139,132
E00078918,390,200,190
E00078919,557,286,271
E00078920,295,154,141
E00078921,321,177,144
E00078922,257,130,127
E00078923,323,153,170
E00078924,357,186,171
E00078928,346,165,181
E00078930,494,263,231
E00078933,379,198,181
E00079186,320,174,146
E00079189,393,192,201
E00079201,329,163,166
E00079204,293,142,151
E00079207,275,155,120
E00079183,263,120,143
E00079188,442,227,215
E00079197,284,150,134
E00079202,256,148,108
E00079205,447,228,219
E00079181,262,140,122
E00079194,263,131,132
E00079196,233,115,118
E00079198,299,149,150
E00079199,298,144,154
E00079206,272,129,143
E00187635,438,219,219
E00187698,284,149,135
E00187706,594,303,291
E00187761,412,207,205
E00079185,319,149,170
E00079187,468,243,225
E00079203,245,132,113
E00079208,478,246,232
E00187792,155,82,73
E00187847,133,67,66
E00078917,408,201,207
E00078936,344,173,171
E00078939,406,214,192
E00078942,353,180,173
E00078943,262,131,131
E00078916,429,217,212
E00078925,306,166,140
E00078926,272,124,148
E00078934,366,182,184
E00078941,383,202,181
E00078915,398,212,186
E00078927,361,181,180
E00078929,502,260,242
E00078935,377,188,189
E00078937,337,178,159
E00079056,238,122,116
E00079057,357,182,175
E00079059,281,136,145
E00079060,392,191,201
E00079061,359,177,182
E00079062,497,266,231
E00079072,319,165,154
E00079058,188,103,85
E00079063,419,204,215
E00079064,366,192,174
E00079065,358,192,166
E00079069,328,166,162
E00079071,423,208,215
E00078852,313,141,172
E00078855,220,103,117
E00078856,408,190,218
E00078862,332,155,177
E00078870,373,210,163
E00078848,399,189,210
E00078853,339,172,167
E00078854,285,139,146
E00078858,444,226,218
E00078863,274,141,133
E00079213,315,154,161
E00079227,464,236,228
E00079228,333,172,161
E00079230,397,199,198
E00079212,354,192,162
E00079215,326,167,159
E00079217,215,113,102
E00079218,294,161,133
E00079219,433,220,213
E00079210,310,160,150
E00079211,324,170,154
E00079214,380,188,192
E00079216,335,170,165
E00079231,378,201,177
E00078898,315,165,150
E00078899,548,256,292
E00078900,443,225,218
E00078901,606,307,299
E00078902,617,308,309
E00078903,520,233,287
E00078904,560,267,293
E00078905,506,241,265
E00078906,401,190,211
E00079054,357,170,187
E00079055,402,199,203
E00079066,327,168,159
E00079067,302,147,155
E00079068,359,176,183
E00079070,267,130,137
E00079209,324,165,159
E00079224,309,159,150
E00079226,333,168,165
E00079229,330,167,163
E00187639,865,284,581
E00187798,158,78,80
E00079275,392,195,197
E00079277,243,116,127
E00079278,290,152,138
E00079279,259,137,122
E00078857,237,127,110
E00078861,295,153,142
E00078864,253,120,133
E00078865,344,170,174
E00078868,377,194,183
E00078859,243,136,107
E00078860,241,121,120
E00078866,276,143,133
E00078867,388,209,179
E00078869,424,201,223
E00078871,304,142,162
E00078872,408,196,212
E00078873,500,248,252
E00078874,337,146,191
E00078875,501,255,246
E00078876,335,175,160
E00078849,165,75,90
E00078850,398,204,194
E00078851,343,175,168
E00078877,392,202,190
E00078878,327,175,152
E00078879,304,152,152
E00078882,306,163,143
E00078883,376,184,192
E00078886,384,199,185
E00078887,391,206,185
E00078907,530,250,280
E00078910,476,246,230
E00078911,620,335,285
E00187756,191,83,108
E00187778,462,241,221
E00079161,401,201,200
E00079162,541,272,269
E00079164,406,200,206
E00079166,478,237,241
E00079168,440,221,219
E00079163,487,251,236
E00079165,477,216,261
E00079169,489,251,238
E00079171,428,218,210
E00079175,404,179,225
E00079156,262,129,133
E00079167,421,214,207
E00079172,364,162,202
E00079173,421,222,199
E00079174,475,263,212
E00079170,473,238,235
E00079177,337,173,164
E00079178,254,129,125
E00079179,491,229,262
E00079180,511,266,245
E00187666,431,212,219
E00187740,297,157,140
E00078931,275,151,124
E00078932,377,196,181
E00078938,444,223,221
E00078940,324,160,164
E00078944,443,229,214
E00078969,425,241,184
E00078970,358,175,183
E00078975,191,96,95
E00187658,392,202,190
E00187784,239,113,126
E00078945,388,204,184
E00078968,405,200,205
E00078971,192,96,96
E00078972,372,196,176
E00187696,282,148,134
E00187731,515,264,251
E00078948,324,171,153
E00078949,432,203,229
E00078950,500,253,247
E00078951,351,186,165
E00078974,338,179,159
E00078952,467,233,234
E00078953,322,167,155
E00078954,447,225,222
E00078956,391,195,196
E00078957,596,315,281
E00078963,393,178,215
E00078964,360,177,183
E00078965,369,200,169
E00171262,386,201,185
E00078946,420,197,223
E00078967,209,108,101
E00187654,253,118,135
E00187701,297,137,160
E00187831,150,75,75
E00187838,192,95,97
E00078893,509,261,248
E00078896,625,291,334
E00171268,619,294,325
E00171269,328,174,154
E00187620,278,113,165
E00187622,117,63,54
E00187627,204,94,110
E00078889,544,269,275
E00078894,310,168,142
E00078912,420,206,214
E00171266,332,156,176
E00171267,307,162,145
E00078955,393,178,215
E00078958,463,218,245
E00078959,397,179,218
E00078960,427,217,210
E00078961,481,230,251
E00078962,358,182,176
E00079154,512,273,239
E00079155,264,118,146
E00079157,390,187,203
E00079158,351,174,177
E00079159,347,160,187
E00079160,345,166,179
E00078909,519,259,260
E00078913,371,173,198
E00078914,364,183,181
E00171263,305,136,169
E00078892,477,239,238
E00171261,467,214,253
E00171264,226,127,99
E00078880,338,166,172
E00078881,225,125,100
E00078884,358,174,184
E00078885,286,150,136
E00078888,289,147,142
E00079341,382,177,205
E00079345,305,155,150
E00079348,262,141,121
E00079350,333,175,158
E00079360,367,185,182
E00079342,290,152,138
E00079343,310,155,155
E00079346,283,137,146
E00079353,289,145,144
E00079354,319,164,155
E00079349,332,175,157
E00079351,303,154,149
E00079361,319,160,159
E00079364,324,151,173
E00079355,415,240,175
E00079356,344,176,168
E00079357,442,214,228
E00187643,193,102,91
E00187806,622,326,296
E00078999,592,290,302
E00079015,315,156,159
E00079017,312,147,165
E00079019,286,134,152
E00079020,563,271,292
E00079021,559,279,280
E00079220,371,183,188
E00079221,503,254,249
E00079222,448,227,221
E00079223,522,263,259
E00079344,292,140,152
E00079347,393,193,200
E00079352,310,153,157
E00187695,521,279,242
E00187710,104,51,53
E00187724,272,142,130
E00187790,273,139,134
E00187795,355,194,161
E00079359,375,199,176
E00079362,408,217,191
E00079363,507,249,258
E00079365,393,207,186
E00171248,358,190,168
E00171249,378,186,192
E00171250,384,180,204
E00171251,341,173,168
E00171252,377,177,200
E00171270,432,217,215
E00079000,420,229,191
E00079004,358,175,183
E00079005,282,147,135
E00079010,249,122,127
E00079011,276,134,142
E00078995,199,101,98
E00079007,276,130,146
E00079009,222,117,105
E00079012,260,133,127
E00079013,546,288,258
E00079014,293,142,151
E00078994,252,134,118
E00078996,307,146,161
E00078998,348,162,186
E00079003,237,110,127
E00079008,219,115,104
E00079022,356,179,177
E00079238,274,157,117
E00079254,270,131,139
E00079255,385,208,177
E00079256,209,108,101
E00079258,301,149,152
E00079244,310,177,133
E00079259,381,187,194
E00079260,332,160,172
E00079261,336,167,169
E00187657,581,290,291
E00187667,151,71,80
E00171258,192,96,96
E00171259,152,77,75
E00171279,483,217,266
E00187697,482,255,227
E00187773,278,119,159
E00078997,356,187,169
E00079001,344,169,175
E00079006,364,181,183
E00079018,309,163,146
E00187690,263,136,127
E00079024,382,188,194
E00079025,222,118,104
E00079026,274,134,140
E00079027,269,138,131
E00079028,313,152,161
E00079034,146,72,74
E00079035,189,88,101
E00079119,393,183,210
E00079123,256,134,122
E00079126,269,138,131
E00079127,407,189,218
E00171331,454,224,230
E00187779,245,124,121
E00187851,547,283,264
E00079118,317,174,143
E00079120,326,182,144
E00079136,251,130,121
E00079138,284,146,138
E00079139,216,98,118
E00079141,292,157,135
E00079116,284,152,132
E00079117,202,111,91
E00079121,272,142,130
E00079122,255,129,126
E00079125,200,103,97
E00079140,338,170,168
E00079142,288,146,142
E00079115,326,173,153
E00079133,295,149,146
E00079134,262,139,123
E00079135,289,141,148
E00079137,173,94,79
E00079234,306,144,162
E00079237,237,152,85
E00079241,298,148,150
E00079246,295,147,148
E00079257,315,153,162
E00079236,411,208,203
E00079240,265,136,129
E00079243,254,126,128
E00079245,243,126,117
E00079251,324,164,160
E00079232,262,131,131
E00079247,311,158,153
E00079248,312,147,165
E00079249,266,131,135
E00079252,280,156,124
E00079263,342,174,168
E00079264,218,111,107
E00079265,362,177,185
E00079266,335,167,168
E00079270,257,128,129
E00079262,405,214,191
E00079267,201,116,85
E00079268,402,217,185
E00079269,197,103,94
E00079271,320,170,150
E00079233,311,154,157
E00079239,309,157,152
E00079250,278,140,138
E00079253,315,161,154
E00187665,173,88,85
E00187626,428,213,215
E00187663,304,153,151
E00187676,548,271,277
E00187775,332,179,153
E00187760,483,257,226
E00187774,364,188,176
E00187810,112,58,54
E00187814,454,223,231
E00187835,128,71,57
E00187624,243,126,117
E00187714,141,68,73
E00187789,336,178,158
E00187809,504,263,241
E00187826,541,288,253
E00079082,373,199,174
E00079109,300,159,141
E00079111,380,184,196
E00079113,341,175,166
E00079114,232,131,101
E00079083,399,194,205
E00079086,362,182,180
E00079090,354,179,175
E00079092,255,107,148
E00079108,366,186,180
E00079089,250,137,113
E00079094,303,152,151
E00079096,363,159,204
E00079098,329,171,158
E00079106,275,134,141
E00079087,261,133,128
E00079091,393,197,196
E00079093,231,121,110
E00079112,502,249,253
E00079095,352,177,175
E00079097,363,188,175
E00079099,331,165,166
E00079101,288,154,134
E00079103,352,178,174
E00079128,167,84,83
E00079129,430,212,218
E00079130,375,213,162
E00079131,252,148,104
E00079132,441,225,216
E00079081,433,213,220
E00079084,339,171,168
E00079085,410,215,195
E00079088,169,91,78
E00079107,268,133,135
E00079145,135,68,67
E00079146,380,186,194
E00079147,279,148,131
E00079151,304,140,164
E00079152,249,125,124
E00171280,278,135,143
E00171281,383,198,185
E00171253,105,64,41
E00171278,148,72,76
E00171294,224,122,102
E00171296,198,91,107
E00171297,383,202,181
E00187605,345,170,175
E00187606,207,122,85
E00187613,225,119,106
E00187625,447,228,219
E00187675,206,100,106
E00187686,123,64,59
E00079148,287,146,141
E00079149,305,156,149
E00079153,324,160,164
E00171283,232,128,104
E00171287,132,74,58
E00187647,348,170,178
E00187727,273,139,134
E00187786,414,206,208
E00187799,319,159,160
E00187832,355,170,185
E00171309,242,124,118
E00171310,327,163,164
E00171311,331,182,149
E00171312,195,97,98
E00171313,195,105,90
E00171314,219,112,107
E00171324,157,85,72
E00079100,348,167,181
E00079102,378,198,180
E00079104,261,134,127
E00079105,296,145,151
E00079110,165,70,95
E00171254,414,220,194
E00171256,293,138,155
E00171257,121,62,59
E00171289,184,93,91
E00171291,176,95,81
E00171319,335,168,167
E00171271,292,156,136
E00171273,160,79,81
E00171277,260,131,129
E00171302,290,156,134
E00171308,242,112,130
E00171320,175,94,81
E00171321,367,184,183
E00171285,106,47,59
E00171315,206,106,100
E00171316,165,81,84
E00171318,180,92,88
E00187607,392,204,188
E00187614,475,224,251
E00187615,298,154,144
E00171260,228,115,113
E00171272,206,112,94
E00171275,156,73,83
E00171276,227,124,103
E00171284,169,88,81
E00171295,155,75,80
E00171323,112,51,61
E00171330,166,87,79
E00187604,258,133,125
E00187630,361,190,171
E00187664,325,159,166
E00187709,490,240,250
E00187723,209,96,113
E00187830,323,159,164
E00171274,163,81,82
E00171300,410,215,195
E00171301,216,98,118
E00171303,316,165,151
E00171306,158,79,79
E00171307,166,78,88
E00171298,348,172,176
E00171304,248,131,117
E00187736,475,242,233
E00187824,517,267,250
E00079422,334,167,167
E00079427,261,134,127
E00079428,304,152,152
E00079431,163,87,76
E00079442,342,181,161
E00079429,276,135,141
E00079430,337,182,155
E00079440,282,137,145
E00079441,328,165,163
E00079445,262,136,126
E00079437,405,196,209
E00079438,336,164,172
E00079439,340,162,178
E00079443,290,149,141
E00079423,318,164,154
E00079425,387,194,193
E00079426,271,143,128
E00079432,254,121,133
E00079444,271,139,132
E00079424,329,162,167
E00079433,274,148,126
E00079434,277,147,130
E00079435,304,153,151
E00079436,317,173,144
E00079724,304,153,151
E00079725,268,131,137
E00079743,420,212,208
E00079745,350,180,170
E00079876,273,143,130
E00079879,414,251,163
E00079882,558,301,257
E00079883,331,195,136
E00079884,367,196,171
E00079874,342,165,177
E00079885,301,156,145
E00079886,319,152,167
E00079887,280,147,133
E00079892,365,181,184
E00079875,328,157,171
E00079889,301,149,152
E00079893,305,156,149
E00079896,311,152,159
E00173284,176,83,93
E00173285,202,107,95
E00173287,345,195,150
E00079888,306,157,149
E00079890,315,161,154
E00079891,320,158,162
E00079894,334,163,171
E00079723,342,178,164
E00079727,314,161,153
E00079729,406,209,197
E00079732,208,104,104
E00079721,325,190,135
E00079726,362,182,180
E00079741,325,165,160
E00079742,298,168,130
E00079744,307,157,150
E00079728,578,346,232
E00079730,414,216,198
E00079731,312,166,146
E00079733,328,191,137
E00079734,306,169,137
E00079736,226,118,108
E00079739,315,169,146
E00079740,440,227,213
E00079722,580,301,279
E00079735,325,171,154
E00079737,303,151,152
E00079738,276,153,123
E00079877,335,169,166
E00079878,289,155,134
E00079881,319,170,149
E00079895,363,177,186
E00079897,348,188,160
E00079600,296,149,147
E00079610,313,141,172
E00079611,330,172,158
E00079613,355,181,174
E00079614,276,144,132
E00079602,275,144,131
E00079619,413,207,206
E00079620,343,162,181
E00079621,287,170,117
E00079622,297,166,131
E00079599,355,183,172
E00079604,292,155,137
E00079608,370,187,183
E00079609,426,218,208
E00079601,617,305,312
E00079603,324,176,148
E00079605,239,127,112
E00079606,338,182,156
E00079607,290,161,129
E00079625,414,198,216
E00079626,353,181,172
E00079650,335,188,147
E00079653,373,206,167
E00079654,257,125,132
E00079655,523,295,228
E00079624,408,229,179
E00079630,428,209,219
E00079631,314,144,170
E00079649,297,151,146
E00177151,527,224,303
E00177205,132,71,61
E00079628,387,196,191
E00079637,277,135,142
E00079642,427,222,205
E00079644,347,179,168
E00079635,212,103,109
E00079636,231,108,123
E00079638,376,198,178
E00079639,328,159,169
E00079643,448,216,232
E00079623,338,171,167
E00079640,366,180,186
E00079641,373,199,174
E00079645,305,163,142
E00079646,165,92,73
E00079648,369,193,176
E00079629,324,164,160
E00079647,365,176,189
E00079651,463,242,221
E00079652,445,234,211
E00079657,287,146,141
E00079697,363,195,168
E00079703,280,138,142
E00079704,302,146,156
E00079706,332,177,155
E00079719,393,205,188
E00079698,357,170,187
E00079701,275,145,130
E00079708,434,238,196
E00079709,338,150,188
E00079713,457,218,239
E00079699,600,300,300
E00079702,334,171,163
E00079707,268,144,124
E00079715,535,284,251
E00079710,162,77,85
E00079711,367,172,195
E00079712,383,184,199
E00079714,348,165,183
E00079716,397,201,196
E00079700,284,141,143
E00079705,327,168,159
E00079717,274,153,121
E00079718,359,189,170
E00079720,371,184,187
E00079783,542,261,281
E00079784,501,272,229
E00079792,339,165,174
E00079793,418,214,204
E00079782,492,240,252
E00079786,510,258,252
E00079788,614,299,315
E00079790,223,114,109
E00079796,461,238,223
E00079810,336,182,154
E00079369,480,244,236
E00079372,487,230,257
E00079382,411,206,205
E00079384,373,182,191
E00079368,371,189,182
E00079385,444,220,224
E00079386,393,204,189
E00079387,382,187,195
E00079370,395,193,202
E00079371,483,236,247
E00079373,429,202,227
E00079374,452,226,226
E00079367,334,182,152
E00079375,315,165,150
E00079376,398,217,181
E00079378,327,168,159
E00079377,308,156,152
E00079379,350,196,154
E00079380,346,173,173
E00079381,381,199,182
E00079383,343,177,166
E00079612,361,176,185
E00079615,401,204,197
E00079616,246,119,127
E00079617,292,155,137
E00079618,353,173,180
E00079853,239,122,117
E00079868,350,184,166
E00079869,335,166,169
E00079870,368,206,162
E00079855,463,244,219
E00079856,317,161,156
E00079859,315,160,155
E00079872,280,152,128
E00079857,331,166,165
E00079858,242,116,126
E00079862,285,149,136
E00079866,295,138,157
E00079873,246,131,115
E00079851,291,137,154
E00079860,276,143,133
E00079861,288,142,146
E00079863,327,161,166
E00079865,295,150,145
E00079902,381,192,189
E00079924,312,158,154
E00079926,330,175,155
E00079929,315,168,147
E00079905,180,88,92
E00079925,243,119,124
E00079927,160,81,79
E00079928,263,113,150
E00079930,242,131,111
E00079931,262,117,145
E00079658,321,178,143
E00079661,379,207,172
E00079666,507,259,248
E00079668,310,166,144
E00079696,305,160,145
E00079662,379,196,183
E00079663,424,224,200
E00079669,388,186,202
E00079673,244,115,129
E00079695,248,137,111
E00079665,405,195,210
E00079667,396,196,200
E00079692,384,201,183
E00079693,403,212,191
E00079659,470,219,251
E00079670,371,181,190
E00079671,283,145,138
E00079691,304,159,145
E00079694,299,162,137
E00079660,406,209,197
E00079674,327,167,160
E00079675,245,130,115
E00079678,243,117,126
E00079690,247,139,108
E00079664,430,226,204
E00079672,398,196,202
E00079676,344,182,162
E00079679,357,170,187
E00079681,302,153,149
E00079395,418,196,222
E00079416,259,130,129
E00079417,579,279,300
E00079418,495,256,239
E00173613,407,202,205
E00173663,288,131,157
E00173669,406,201,205
E00079419,414,223,191
E00079420,530,277,253
E00079421,580,288,292
E00173623,198,96,102
E00173627,529,260,269
E00079388,559,292,267
E00079397,308,165,143
E00079398,524,274,250
E00079403,318,156,162
E00079404,408,205,203
E00079785,503,255,248
E00079787,457,233,224
E00079795,501,246,255
E00079799,445,215,230
E00079811,545,263,282
E00079789,621,319,302
E00079791,543,278,265
E00079794,561,268,293
E00173277,387,192,195
E00173279,464,215,249
E00079797,559,275,284
E00079803,428,223,205
E00173615,389,183,206
E00173616,260,124,136
E00173618,338,166,172
E00173671,424,209,215
E00079471,500,243,257
E00079473,599,295,304
E00079476,555,275,280
E00079479,335,166,169
E00079447,319,156,163
E00079452,423,200,223
E00079475,573,293,280
E00079477,332,168,164
E00079481,427,225,202
E00079451,360,177,183
E00079456,558,258,300
E00079458,605,287,318
E00177036,247,126,121
E00177074,434,222,212
E00079446,330,172,158
E00079449,486,248,238
E00177097,282,149,133
E00177100,155,86,69
E00177136,435,240,195
E00177235,591,310,281
E00079465,473,246,227
E00079466,414,210,204
E00079472,420,208,212
E00079474,393,182,211
E00079632,390,189,201
E00079656,500,242,258
E00173666,494,244,250
E00173668,416,219,197
E00177077,454,219,235
E00177128,449,217,232
E00079573,496,259,237
E00079582,385,202,183
E00079584,301,142,159
E00079587,460,206,254
E00079747,403,200,203
E00079751,459,227,232
E00079754,348,169,179
E00079759,437,194,243
E00079761,273,134,139
E00079752,290,152,138
E00079753,349,182,167
E00079755,294,160,134
E00079756,365,187,178
E00079758,276,138,138
E00079762,419,205,214
E00079757,336,180,156
E00079760,354,181,173
E00079768,394,210,184
E00079769,364,176,188
E00079770,456,209,247
E00079763,316,156,160
E00079765,360,188,172
E00079766,383,196,187
E00079772,417,208,209
E00079775,378,186,192
E00079852,238,139,99
E00079854,312,145,167
E00079864,298,158,140
E00079867,330,166,164
E00079871,283,146,137
E00079455,412,204,208
E00079457,396,193,203
E00079461,339,169,170
E00079462,263,134,129
E00079480,229,129,100
E00079448,351,173,178
E00079453,333,166,167
E00079454,507,230,277
E00079460,438,218,220
E00079463,362,186,176
E00079450,366,193,173
E00079467,309,157,152
E00079468,423,228,195
E00079469,333,176,157
E00079478,152,75,77
E00079682,369,177,192
E00079683,373,194,179
E00079684,339,167,172
E00079686,522,261,261
E00079687,350,171,179
E00079677,374,200,174
E00079680,310,157,153
E00079685,318,162,156
E00079688,333,162,171
E00079689,305,145,160
E00079482,345,152,193
E00079493,372,189,183
E00079495,358,184,174
E00079496,341,169,172
E00079501,274,133,141
E00079494,326,163,163
E00079498,407,193,214
E00079500,345,175,170
E00079502,379,176,203
E00079903,349,165,184
E00079906,333,166,167
E00079907,437,233,204
E00079910,268,138,130
E00079900,343,172,171
E00079901,268,141,127
E00079913,298,144,154
E00079917,229,106,123
E00079920,299,146,153
E00079898,319,159,160
E00079899,398,196,202
E00079908,268,135,133
E00079912,439,209,230
E00079911,390,216,174
E00079914,335,168,167
E00079916,330,166,164
E00079919,319,151,168
E00079915,320,171,149
E00079918,298,141,157
E00079921,281,139,142
E00079922,252,109,143
E00079923,294,138,156
E00079389,568,275,293
E00079401,446,229,217
E00079402,512,234,278
E00079406,593,284,309
E00079520,530,261,269
E00079521,574,277,297
E00173626,242,120,122
E00173658,399,194,205
E00177109,423,210,213
E00177114,247,125,122
E00079516,563,285,278
E00079517,589,290,299
E00079518,473,241,232
E00079519,550,280,270
E00079802,382,181,201
E00079804,451,237,214
E00079807,599,304,295
E00173276,416,197,219
E00177070,297,151,146
E00177185,346,180,166
E00079806,380,188,192
E00079808,560,270,290
E00079809,559,283,276
E00177139,219,107,112
E00177221,430,212,218
E00079488,441,223,218
E00079489,330,152,178
E00079491,406,195,211
E00177093,247,119,128
E00177222,334,159,175
E00177224,363,177,186
E00079483,410,229,181
E00079484,416,197,219
E00079485,355,182,173
E00079487,344,171,173
E00079490,219,103,116
E00079486,309,157,152
E00079497,427,212,215
E00079499,385,181,204
E00079503,304,150,154
E00079764,367,202,165
E00079767,379,194,185
E00079771,477,263,214
E00079774,329,171,158
E00079746,398,214,184
E00079749,320,172,148
E00079773,350,175,175
E00079776,331,162,169
E00079777,410,209,201
E00079748,326,153,173
E00079750,376,195,181
E00079778,342,172,170
E00079779,320,162,158
E00079780,311,164,147
E00079904,385,209,176
E00079909,574,286,288
E00079932,375,196,179
E00079933,373,187,186
E00079390,424,229,195
E00079409,352,140,212
E00079411,455,203,252
E00079415,539,256,283
E00079392,405,179,226
E00079393,481,211,270
E00079413,570,295,275
E00079414,487,239,248
E00079400,588,271,317
E00173281,383,202,181
E00173612,323,163,160
E00177089,171,85,86
E00177155,461,235,226
E00079405,201,116,85
E00079407,442,206,236
E00079408,220,115,105
E00079410,298,151,147
E00079412,477,234,243
E00079527,487,247,240
E00079528,468,261,207
E00079529,421,218,203
E00079533,446,234,212
E00173621,581,292,289
E00173662,227,117,110
E00177040,292,143,149
E00177068,229,117,112
E00177133,511,252,259
E00177156,588,297,291
E00079509,419,204,215
E00079534,406,193,213
E00173620,382,172,210
E00177046,163,85,78
E00177078,398,186,212
E00177079,152,71,81
E00177146,476,225,251
E00177220,166,73,93
E00079506,385,198,187
E00079511,480,240,240
E00079522,445,234,211
E00079536,498,240,258
E00079512,483,216,267
E00079513,422,184,238
E00177148,189,74,115
E00177169,403,184,219
E00177198,151,66,85
E00177203,295,113,182
E00177236,352,102,250
E00079507,522,318,204
E00079508,517,226,291
E00079510,395,200,195
E00079515,145,73,72
E00079531,502,235,267
E00079532,399,185,214
E00079547,406,204,202
E00079548,382,180,202
E00079550,413,194,219
E00177140,532,288,244
E00177218,149,80,69
E00079553,340,177,163
E00079554,423,218,205
E00079555,405,218,187
E00079556,433,225,208
E00079558,525,268,257
E00079552,222,109,113
E00079560,432,209,223
E00079562,388,185,203
E00079564,345,179,166
E00177033,278,144,134
E00177219,347,178,169
E00079538,329,138,191
E00079539,512,230,282
E00079541,361,184,177
E00079559,386,174,212
E00079569,343,177,166
E00079551,360,172,188
E00079557,151,75,76
E00079561,263,124,139
E00079563,502,261,241
E00079567,314,177,137
E00079571,455,231,224
E00079542,439,218,221
E00079543,376,188,188
E00079544,353,173,180
E00079565,447,225,222
E00079540,358,175,183
E00079545,330,158,172
E00079549,346,172,174
E00079566,291,132,159
E00079568,234,86,148
E00079570,441,179,262
E00079824,305,138,167
E00079825,279,135,144
E00079828,369,184,185
E00079839,249,109,140
E00079850,421,211,210
E00079816,314,161,153
E00079818,403,176,227
E00079822,348,173,175
E00079823,437,226,211
E00079826,411,189,222
E00079819,334,159,175
E00079827,294,137,157
E00079829,401,197,204
E00079830,375,189,186
E00079831,382,191,191
E00079812,872,380,492
E00079840,435,200,235
E00079842,260,112,148
E00079843,226,122,104
E00173291,169,89,80
E00173606,230,117,113
E00173609,247,123,124
E00173665,239,111,128
E00079837,268,133,135
E00177030,397,180,217
E00177043,313,184,129
E00177122,556,311,245
E00079814,560,295,265
E00079815,367,170,197
E00079821,323,136,187
E00079849,287,147,140
E00173290,209,103,106
E00079575,287,149,138
E00079579,359,182,177
E00079583,178,97,81
E00079588,216,106,110
E00079589,212,102,110
E00079593,507,228,279
E00079595,419,183,236
E00079574,409,181,228
E00079585,393,187,206
E00079586,415,191,224
E00079590,397,191,206
E00079594,366,173,193
E00079572,304,134,170
E00079576,393,186,207
E00079580,345,168,177
E00079581,332,143,189
E00079596,409,191,218
E00079577,434,215,219
E00079578,446,221,225
E00079591,525,247,278
E00079597,401,138,263
E00079592,332,160,172
E00177075,515,247,268
E00177112,179,102,77
E00177127,139,61,78
E00177159,335,143,192
E00177234,126,64,62
E00079813,317,153,164
E00079817,415,172,243
E00079820,233,123,110
E00079846,285,167,118
E00079848,274,123,151
E00177099,531,282,249
E00177211,293,124,169
E00079841,195,93,102
E00177044,196,84,112
E00177102,300,143,157
E00177157,413,172,241
E00177225,469,221,248
E00173271,306,121,185
E00173607,419,210,209
E00173660,322,117,205
E00177153,131,70,61
E00079833,173,56,117
E00177061,162,68,94
E00177085,169,84,85
E00177149,371,180,191
E00177191,186,73,113
E00177197,220,105,115
E00080036,322,159,163
E00080047,296,155,141
E00080048,289,142,147
E00080052,330,162,168
E00080055,328,169,159
E00080053,307,150,157
E00080056,322,165,157
E00080057,294,143,151
E00080059,248,128,120
E00080060,264,140,124
E00080045,326,169,157
E00080050,339,189,150
E00080054,250,126,124
E00080058,227,122,105
E00080061,347,176,171
E00080062,257,125,132
E00080033,324,165,159
E00080038,264,144,120
E00080039,289,156,133
E00080063,332,158,174
E00080064,301,152,149
E00080034,272,134,138
E00080040,254,133,121
E00080042,313,156,157
E00080044,307,162,145
E00080049,285,147,138
E00080051,307,165,142
E00080035,357,180,177
E00080037,257,133,124
E00080041,292,144,148
E00080043,317,169,148
E00080046,236,127,109
E00080205,317,160,157
E00080210,279,129,150
E00080211,289,145,144
E00080226,220,116,104
E00080227,176,101,75
E00080228,327,168,159
E00080229,293,146,147
E00080232,147,79,68
E00080233,318,168,150
E00080212,386,197,189
E00080213,295,136,159
E00080216,238,124,114
E00080231,241,127,114
E00080235,279,145,134
E00080208,325,164,161
E00080209,323,168,155
E00080230,230,116,114
E00080234,279,136,143
E00080236,300,145,155
E00080217,578,316,262
E00080218,346,173,173
E00080220,253,127,126
E00080225,328,158,170
E00180474,355,168,187
E00180553,284,155,129
E00080206,240,132,108
E00080207,314,175,139
E00080214,301,171,130
E00080237,372,191,181
E00080238,245,130,115
E00080215,374,191,183
E00080219,404,205,199
E00080221,304,152,152
E00080222,331,165,166
E00080223,283,134,149
E00079934,361,186,175
E00079948,290,148,142
E00079964,180,95,85
E00079965,277,139,138
E00079966,270,149,121
E00079949,307,156,151
E00079950,347,191,156
E00079951,270,135,135
E00079962,300,150,150
E00079963,409,221,188
E00079952,305,174,131
E00079953,257,112,145
E00079954,272,136,136
E00079955,206,114,92
E00079956,262,134,128
E00079957,269,149,120
E00079935,315,164,151
E00079937,263,126,137
E00079938,302,158,144
E00079944,303,163,140
E00079958,229,120,109
E00079960,250,122,128
E00079936,274,150,124
E00079940,257,129,128
E00079941,300,161,139
E00079942,299,159,140
E00079959,269,131,138
E00079961,309,150,159
E00079939,249,134,115
E00079943,322,162,160
E00079945,286,156,130
E00079946,275,140,135
E00079947,347,174,173
E00080181,280,140,140
E00080183,329,161,168
E00080184,304,166,138
E00080188,349,177,172
E00080195,363,178,185
E00080174,384,196,188
E00080182,375,193,182
E00080191,400,195,205
E00080192,390,188,202
E00080196,288,139,149
E00080172,290,156,134
E00080173,214,105,109
E00080185,334,182,152
E00080186,266,144,122
E00080187,274,142,132
E00080190,312,161,151
E00080193,243,122,121
E00080189,335,164,171
E00080194,332,172,160
E00080197,313,169,144
E00080198,287,141,146
E00080200,309,161,148
E00080175,338,177,161
E00080178,439,222,217
E00080201,237,120,117
E00080202,340,170,170
E00080203,273,143,130
E00080204,353,173,180
E00080176,431,221,210
E00080177,346,202,144
E00080179,387,202,185
E00080180,276,137,139
E00080199,301,156,145
E00079974,403,207,196
E00079977,381,196,185
E00079992,254,120,134
E00079993,428,225,203
E00079998,226,116,110
E00079978,379,200,179
E00079995,205,107,98
E00079996,309,176,133
E00079997,315,156,159
E00079999,450,230,220
E00079971,302,154,148
E00079972,321,158,163
E00079973,306,159,147
E00079991,337,161,176
E00079967,344,174,170
E00079975,346,173,173
E00079976,358,197,161
E00079979,318,168,150
E00079980,366,185,181
E00079968,337,176,161
E00079969,301,155,146
E00079981,371,191,180
E00079982,344,183,161
E00079986,230,126,104
E00079970,295,152,143
E00079983,410,216,194
E00079985,297,142,155
E00079987,335,166,169
E00079988,297,157,140
E00079984,355,189,166
E00079989,328,183,145
E00079990,380,178,202
E00079994,365,189,176
E00080242,313,153,160
E00080245,340,170,170
E00080251,318,160,158
E00080252,309,159,150
E00080273,366,190,176
E00080239,325,171,154
E00080243,345,185,160
E00080248,366,192,174
E00080250,302,154,148
E00080274,293,152,141
E00080258,322,166,156
E00080262,398,201,197
E00080265,332,170,162
E00080267,291,159,132
E00080270,288,150,138
E00080241,489,255,234
E00080244,298,154,144
E00080246,313,170,143
E00080247,285,141,144
E00080249,272,135,137
E00080253,170,82,88
E00080254,214,111,103
E00080255,293,156,137
E00080256,354,195,159
E00080257,220,116,104
E00080259,309,152,157
E00080260,303,147,156
E00080261,310,161,149
E00080266,369,194,175
E00080268,452,224,228
E00080240,306,148,158
E00080263,201,114,87
E00080264,384,202,182
E00080269,246,134,112
E00080271,222,111,111
E00080272,284,149,135
E00080424,300,146,154
E00080426,339,178,161
E00080433,289,151,138
E00080434,324,164,160
E00080438,369,190,179
E00080411,307,151,156
E00080429,274,138,136
E00080436,351,161,190
E00080437,354,186,168
E00080440,381,201,180
E00080413,295,150,145
E00080415,325,167,158
E00080416,352,191,161
E00080417,346,183,163
E00080425,305,159,146
E00080412,472,245,227
E00080420,387,207,180
E00080427,297,152,145
E00080431,288,164,124
E00080432,312,161,151
E00080414,319,158,161
E00080418,320,168,152
E00080419,274,143,131
E00080430,311,155,156
E00080435,268,134,134
E00080408,402,195,207
E00080409,284,137,147
E00080410,368,191,177
E00080421,215,108,107
E00080428,262,135,127
E00080422,360,178,182
E00080423,410,206,204
E00080439,242,118,124
E00080441,256,129,127
E00080442,333,163,170
E00080443,251,137,114
E00080449,364,181,183
E00080450,328,160,168
E00080468,313,170,143
E00080471,382,203,179
E00080444,262,126,136
E00080447,308,160,148
E00080448,307,150,157
E00080466,324,171,153
E00080472,342,177,165
E00080445,355,182,173
E00080446,356,178,178
E00080462,261,132,129
E00080465,311,161,150
E00080467,283,142,141
E00080451,312,160,152
E00080452,318,164,154
E00080453,315,156,159
E00080459,347,179,168
E00080454,290,145,145
E00080455,331,167,164
E00080456,298,161,137
E00080458,338,172,166
E00080460,326,164,162
E00080457,293,160,133
E00080461,315,144,171
E00080463,281,144,137
E00080464,331,168,163
E00080469,234,111,123
E00080470,285,148,137
E00080314,317,163,154
E00080330,316,163,153
E00080331,253,130,123
E00080336,299,148,151
E00080337,266,131,135
E00080313,323,176,147
E00080327,313,158,155
E00080332,336,173,163
E00080338,326,179,147
E00080339,459,245,214
E00170000,327,169,158
E00170001,265,143,122
E00080315,329,177,152
E00080329,278,146,132
E00080333,275,142,133
E00080334,244,125,119
E00080335,293,162,131
E00080340,294,152,142
E00080310,308,159,149
E00080317,390,194,196
E00080318,290,155,135
E00080319,249,125,124
E00080320,301,148,153
E00080311,353,193,160
E00080312,377,196,181
E00080322,275,145,130
E00080323,285,157,128
E00080324,312,183,129
E00080316,331,170,161
E00080321,302,160,142
E00080325,247,135,112
E00080326,316,168,148
E00080328,303,174,129
E00080381,233,111,122
E00080384,394,205,189
E00080402,318,166,152
E00080403,399,200,199
E00080404,353,166,187
E00080405,242,114,128
E00080378,267,144,123
E00080379,214,116,98
E00080388,245,125,120
E00080390,424,203,221
E00080391,284,151,133
E00180503,256,130,126
E00180542,354,188,166
E00080372,268,120,148
E00080375,323,162,161
E00080395,401,192,209
E00080396,324,173,151
E00080398,276,149,127
E00080399,319,160,159
E00080373,338,180,158
E00080387,325,185,140
E00080392,264,136,128
E00080393,369,190,179
E00080394,376,184,192
E00080400,408,202,206
E00080374,350,158,192
E00080397,404,209,195
E00080401,368,185,183
E00080406,250,125,125
E00080407,360,183,177
E00080380,133,71,62
E00180490,579,288,291
E00180492,102,48,54
E00180545,119,59,60
E00180557,448,222,226
E00180558,184,99,85
E00080376,445,227,218
E00080377,321,163,158
E00080383,297,154,143
E00080385,248,141,107
E00080386,428,214,214
E00080099,357,189,168
E00080102,332,178,154
E00080108,337,179,158
E00080114,297,154,143
E00080118,294,145,149
E00080101,283,146,137
E00080120,119,70,49
E00080122,196,108,88
E00080123,351,167,184
E00080125,205,96,109
E00080130,321,172,149
E00080134,258,136,122
E00080107,297,155,142
E00080117,236,122,114
E00080119,260,136,124
E00080124,291,142,149
E00080129,255,136,119
E00080131,263,140,123
E00080103,227,111,116
E00080104,249,140,109
E00080126,267,133,134
E00080127,205,101,104
E00080128,245,125,120
E00080132,232,132,100
E00080133,234,125,109
E00080100,253,130,123
E00080105,350,187,163
E00080106,266,123,143
E00080111,282,140,142
E00080116,278,138,140
E00080121,275,141,134
E00080109,361,189,172
E00080110,266,128,138
E00080112,303,170,133
E00080113,308,159,149
E00080115,341,175,166
E00080001,325,165,160
E00080004,425,222,203
E00080011,338,166,172
E00080014,260,127,133
E00080030,356,183,173
E00080002,311,148,163
E00080003,361,166,195
E00080008,267,127,140
E00080015,245,119,126
E00080016,348,168,180
E00080017,232,122,110
E00080005,279,143,136
E00080006,281,138,143
E00080010,248,133,115
E00080018,348,181,167
E00080026,404,214,190
E00080000,314,159,155
E00080009,271,143,128
E00080012,286,153,133
E00080021,382,187,195
E00080029,302,159,143
E00080013,352,164,188
E00080022,322,161,161
E00080023,240,129,111
E00080025,262,136,126
E00080027,264,141,123
E00080032,286,144,142
E00080007,292,168,124
E00080019,249,131,118
E00080020,249,144,105
E00080024,252,122,130
E00080028,192,96,96
E00080031,382,202,180
E00080295,322,156,166
E00080297,270,140,130
E00080302,309,161,148
E00080305,418,208,210
E00169994,288,152,136
E00169998,580,289,291
E00169999,293,146,147
E00080300,364,181,183
E00080303,285,146,139
E00080304,318,166,152
E00080306,274,138,136
E00180502,375,208,167
E00180513,278,140,138
E00080275,210,113,97
E00080282,274,148,126
E00080283,215,120,95
E00080307,198,100,98
E00080308,361,185,176
E00080276,380,207,173
E00080279,397,212,185
E00080284,287,139,148
E00080287,316,164,152
E00080278,366,186,180
E00080285,314,169,145
E00080290,270,137,133
E00080292,328,168,160
E00080298,243,129,114
E00080286,242,133,109
E00080288,273,146,127
E00080289,298,160,138
E00080291,263,129,134
E00080296,296,146,150
E00080277,265,134,131
E00080293,307,157,150
E00080299,315,164,151
E00080301,333,174,159
E00180466,253,142,111
E00180486,159,93,66
E00180508,135,61,74
E00080071,308,156,152
E00080072,442,255,187
E00080075,297,144,153
E00080076,400,207,193
E00080092,426,218,208
E00080065,350,177,173
E00080078,288,146,142
E00080079,343,176,167
E00080080,359,182,177
E00080082,482,244,238
E00080077,423,209,214
E00080081,354,166,188
E00080084,348,174,174
E00080085,232,111,121
E00169993,315,149,166
E00169995,322,164,158
E00180480,282,143,139
E00180544,298,143,155
E00080066,311,181,130
E00080067,239,104,135
E00080086,325,171,154
E00080087,304,180,124
E00080088,239,116,123
E00180507,241,118,123
E00180550,350,204,146
E00080068,348,169,179
E00080070,258,127,131
E00080091,302,148,154
E00080093,288,153,135
E00080094,260,133,127
E00080095,236,121,115
E00080069,353,170,183
E00080073,295,139,156
E00080074,152,89,63
E00080096,181,80,101
E00080097,354,176,178
E00169996,302,140,162
E00169997,489,240,249
E00080139,203,99,104
E00080141,218,113,105
E00080142,147,93,54
E00080146,338,157,181
E00080148,186,89,97
E00080150,225,127,98
E00080167,317,164,153
E00080143,436,213,223
E00080144,260,105,155
E00080145,427,197,230
E00080158,439,226,213
E00080168,394,198,196
E00080170,155,83,72
E00080137,375,192,183
E00080147,316,158,158
E00080149,223,116,107
E00080151,231,125,106
E00080152,427,234,193
E00080153,258,126,132
E00080135,313,151,162
E00080138,397,182,215
E00080164,341,177,164
E00080171,411,197,214
E00180465,342,159,183
E00180531,382,230,152
E00080140,299,154,145
E00080154,205,106,99
E00080155,353,179,174
E00080156,227,113,114
E00080157,239,118,121
E00080162,348,172,176
E00080169,418,208,210
E00080136,293,142,151
E00080159,243,121,122
E00080160,282,144,138
E00080163,335,163,172
E00080165,331,160,171
E00080166,354,159,195
E00080341,232,126,106
E00080348,290,152,138
E00080349,287,152,135
E00080352,311,167,144
E00080371,276,139,137
E00080351,282,139,143
E00080357,245,137,108
E00080359,400,199,201
E00080362,291,148,143
E00080370,316,163,153
E00080342,305,158,147
E00080343,295,160,135
E00080344,308,162,146
E00080346,253,136,117
E00080369,306,157,149
E00080356,321,160,161
E00080363,324,169,155
E00080364,375,189,186
E00080365,352,177,175
E00080366,319,169,150
E00080345,324,158,166
E00080347,215,112,103
E00080350,241,132,109
E00080358,191,113,78
E00080367,257,142,115
E00080368,274,137,137
E00080353,388,209,179
E00080354,292,154,138
E00080355,284,141,143
E00080360,270,136,134
E00080361,295,141,154
E00080477,393,199,194
E00080482,293,154,139
E00080484,293,147,146
E00080486,323,165,158
E00080473,276,149,127
E00080478,320,174,146
E00080483,241,127,114
E00080485,339,186,153
E00080487,259,141,118
E00080474,315,166,149
E00080475,350,188,162
E00080488,378,192,186
E00080492,367,199,168
E00080489,300,149,151
E00080490,294,148,146
E00080491,377,193,184
E00080494,413,210,203
E00080498,274,135,139
E00080493,365,191,174
E00080496,339,170,169
E00080497,314,162,152
E00080500,391,206,185
E00080479,298,149,149
E00080495,336,174,162
E00080499,386,196,190
E00080501,340,179,161
E00080476,287,155,132
E00080480,288,150,138
E00080481,289,163,126
E00080502,357,187,170
E00080503,317,171,146
E00080614,325,166,159
E00080615,317,153,164
E00080618,312,146,166
E00080622,309,158,151
E00080628,266,136,130
E00080612,302,162,140
E00080613,327,163,164
E00080616,312,162,150
E00080621,341,172,169
E00080611,318,168,150
E00080617,332,161,171
E00080619,325,169,156
E00080620,287,144,143
E00080625,315,156,159
E00080885,291,146,145
E00080886,326,171,155
E00080887,425,214,211
E00080888,332,160,172
E00080890,324,171,153
E00080893,284,148,136
E00080897,352,188,164
E00080900,364,178,186
E00080623,274,137,137
E00080624,307,156,151
E00080626,342,174,168
E00080627,373,194,179
E00080812,277,145,132
E00080815,324,162,162
E00080817,330,163,167
E00080822,255,133,122
E00080839,289,148,141
E00080813,330,167,163
E00080829,339,181,158
E00080830,367,194,173
E00080834,309,167,142
E00080837,227,127,100
E00080831,224,126,98
E00080832,359,182,177
E00080833,337,176,161
E00080835,289,156,133
E00080836,231,131,100
E00080889,310,158,152
E00080891,333,171,162
E00080892,265,137,128
E00080894,285,146,139
E00080895,333,174,159
E00080816,318,164,154
E00080819,318,171,147
E00080838,333,171,162
E00080840,301,151,150
E00080821,279,147,132
E00080823,222,117,105
E00080824,250,137,113
E00080826,261,141,120
E00080828,341,169,172
E00080814,279,145,134
E00080818,399,191,208
E00080820,286,157,129
E00080825,304,165,139
E00080827,275,157,118
E00080852,357,182,175
E00080854,320,158,162
E00080856,341,160,181
E00080857,262,135,127
E00080860,246,122,124
E00080882,342,163,179
E00080899,332,173,159
E00080902,396,211,185
E00080904,336,171,165
E00080785,357,174,183
E00080788,226,118,108
E00175304,204,102,102
E00175305,259,135,124
E00175306,219,120,99
E00182430,499,280,219
E00182474,162,87,75
E00080794,418,210,208
E00080795,297,145,152
E00080796,356,184,172
E00080797,435,211,224
E00080786,341,163,178
E00080787,306,160,146
E00080791,422,216,206
E00080793,405,204,201
E00080789,311,157,154
E00080798,314,164,150
E00080799,289,145,144
E00080800,315,161,154
E00080801,282,139,143
E00080842,233,117,116
E00080851,415,218,197
E00080853,273,136,137
E00080855,348,173,175
E00080858,239,111,128
E00080845,300,161,139
E00080847,570,280,290
E00080848,288,149,139
E00080849,310,160,150
E00080861,296,152,144
E00080841,301,146,155
E00080843,336,169,167
E00080844,367,188,179
E00080846,341,161,180
E00080859,399,198,201
E00182434,307,151,156
E00182492,511,271,240
E00182498,288,152,136
E00080883,258,134,124
E00080884,325,158,167
E00080898,332,167,165
E00080903,264,145,119
E00080907,301,154,147
E00080896,361,185,176
E00080901,352,176,176
E00080905,307,156,151
E00080906,322,168,154
E00080535,372,188,184
E00080560,340,168,172
E00080561,378,201,177
E00175298,413,192,221
E00175301,362,192,170
E00080754,314,163,151
E00080771,340,177,163
E00080772,244,127,117
E00080773,248,131,117
E00080774,249,132,117
E00080777,209,105,104
E00080761,331,171,160
E00080765,405,194,211
E00080766,403,201,202
E00080769,344,180,164
E00080770,442,224,218
E00080755,310,158,152
E00080775,259,128,131
E00080776,310,159,151
E00080780,313,163,150
E00080782,248,131,117
E00080756,311,151,160
E00080778,310,153,157
E00080781,369,195,174
E00080783,295,147,148
E00080784,313,161,152
E00080779,295,138,157
E00182420,344,171,173
E00182460,474,251,223
E00182463,231,112,119
E00182480,201,112,89
E00182496,214,111,103
E00080758,352,183,169
E00080759,361,182,179
E00182458,417,225,192
E00182497,456,222,234
E00182510,249,133,116
E00080549,341,181,160
E00080552,423,203,220
E00080553,490,239,251
E00080555,343,174,169
E00080559,319,178,141
E00080534,345,171,174
E00080537,356,190,166
E00080544,384,207,177
E00080546,342,171,171
E00080551,340,168,172
E00080539,351,188,163
E00080543,268,141,127
E00080547,303,146,157
E00080550,315,161,154
E00080556,304,157,147
E00080542,341,169,172
E00080545,344,168,176
E00080554,349,165,184
E00080557,450,231,219
E00080558,356,181,175
E00080536,277,142,135
E00080538,389,205,184
E00080540,253,118,135
E00080541,244,113,131
E00080548,387,198,189
E00080753,242,131,111
E00080762,363,188,175
E00080763,329,164,165
E00080764,292,147,145
E00080767,299,153,146
E00080768,277,149,128
E00080504,280,147,133
E00080508,323,183,140
E00080529,313,160,153
E00080530,366,199,167
E00080532,316,157,159
E00080513,282,141,141
E00080516,286,146,140
E00080517,336,164,172
E00080519,500,257,243
E00182426,483,258,225
E00182485,473,236,237
E00080510,329,160,169
E00080511,334,169,165
E00080512,306,154,152
E00080514,364,187,177
E00080515,300,154,146
E00080507,454,235,219
E00080521,432,204,228
E00080522,323,158,165
E00080525,248,126,122
E00080531,334,166,168
E00080523,313,154,159
E00080524,359,181,178
E00080527,293,144,149
E00080528,290,154,136
E00182417,331,165,166
E00182469,558,293,265
E00080686,228,120,108
E00080687,430,229,201
E00080689,276,134,142
E00080691,363,175,188
E00080694,237,122,115
E00080685,354,184,170
E00080688,321,158,163
E00080692,311,159,152
E00080698,371,181,190
E00080862,344,177,167
E00080865,394,197,197
E00080869,340,172,168
E00080872,296,149,147
E00080874,273,158,115
E00080871,389,202,187
E00080873,223,125,98
E00080875,323,183,140
E00080876,423,234,189
E00080881,346,179,167
E00080870,334,176,158
E00080877,313,158,155
E00080878,338,172,166
E00080879,353,175,178
E00080880,326,159,167
E00080863,297,164,133
E00080864,322,163,159
E00080866,396,197,199
E00080867,362,178,184
E00080868,368,183,185
E00080715,314,162,152
E00080718,252,131,121
E00080719,365,184,181
E00080722,279,153,126
E00080723,273,139,134
E00080724,314,165,149
E00080725,336,176,160
E00080727,365,183,182
E00080728,327,164,163
E00080714,259,136,123
E00080726,588,311,277
E00080729,362,191,171
E00080730,232,120,112
E00182410,523,267,256
E00182454,275,139,136
E00182519,383,201,182
E00080716,366,181,185
E00080717,342,165,177
E00080720,284,153,131
E00080721,322,155,167
E00080732,317,152,165
E00080576,344,183,161
E00080580,271,132,139
E00080583,378,191,187
E00080585,416,226,190
E00080587,393,184,209
E00080573,328,176,152
E00080575,408,212,196
E00080577,413,207,206
E00080579,368,175,193
E00080578,354,176,178
E00080581,399,201,198
E00080582,422,218,204
E00080584,369,188,181
E00080586,310,165,145
E00080565,268,130,138
E00080567,309,153,156
E00080568,273,141,132
E00080570,301,156,145
E00080572,339,185,154
E00080574,440,242,198
E00080564,370,184,186
E00080566,347,175,172
E00080569,290,132,158
E00080571,256,138,118
E00080588,325,159,166
E00080562,253,139,114
E00080563,318,172,146
E00080589,418,232,186
E00080590,199,107,92
E00080591,364,192,172
E00080592,380,210,170
E00080631,445,237,208
E00080640,321,157,164
E00080641,273,145,128
E00080642,319,168,151
E00080646,135,71,64
E00080639,280,136,144
E00080643,381,200,181
E00080649,227,110,117
E00182431,425,201,224
E00182445,413,213,200
E00182450,325,167,158
E00182459,232,120,112
E00182515,368,200,168
E00080632,458,240,218
E00080635,462,231,231
E00080645,263,133,130
E00080647,291,158,133
E00080648,305,158,147
E00080629,273,144,129
E00080630,285,142,143
E00080633,387,208,179
E00080634,228,117,111
E00080637,329,169,160
E00080638,285,147,138
E00080690,293,137,156
E00080693,114,70,44
E00080695,357,187,170
E00080696,420,223,197
E00080697,322,161,161
E00080738,282,149,133
E00080739,246,115,131
E00080741,366,187,179
E00080749,313,146,167
E00080752,364,186,178
E00080734,335,174,161
E00080736,149,82,67
E00080737,331,178,153
E00080747,298,142,156
E00080750,333,169,164
E00080735,331,162,169
E00080740,236,118,118
E00080742,421,224,197
E00080743,290,139,151
E00080744,312,156,156
E00080745,246,126,120
E00080733,356,178,178
E00080746,355,187,168
E00080748,341,174,167
E00080751,360,175,185
E00080653,291,141,150
E00080668,175,80,95
E00080670,272,126,146
E00080671,257,137,120
E00080672,256,138,118
E00080674,459,227,232
E00080654,204,102,102
E00080669,432,211,221
E00080673,439,220,219
E00080675,350,187,163
E00080679,376,180,196
E00080680,354,165,189
E00080699,288,158,130
E00080700,298,160,138
E00080701,368,162,206
E00080702,546,290,256
E00080705,450,203,247
E00080703,356,180,176
E00080704,283,132,151
E00080706,297,153,144
E00080707,360,195,165
E00080708,358,167,191
E00080709,480,241,239
E00080710,362,186,176
E00080711,303,140,163
E00080712,346,180,166
E00080713,342,169,173
E00080650,509,261,248
E00080656,335,175,160
E00080677,359,195,164
E00080681,346,180,166
E00080682,214,105,109
E00080655,333,175,158
E00080661,432,220,212
E00080665,274,140,134
E00080666,341,176,165
E00080667,434,222,212
E00080683,557,287,270
E00080651,498,253,245
E00080657,368,174,194
E00080658,285,136,149
E00080660,391,196,195
E00080684,266,142,124
E00182423,204,98,106
E00182427,193,90,103
E00182449,502,253,249
E00080659,266,140,126
E00080662,371,193,178
E00080663,367,193,174
E00080676,326,171,155
E00170279,190,93,97
E00170281,372,184,188
E00170282,226,99,127
E00170284,343,183,160
E00175314,121,72,49
E00080910,302,169,133
E00080916,334,169,165
E00080921,548,286,262
E00080923,612,304,308
E00182452,225,118,107
E00182499,409,218,191
E00080909,463,261,202
E00080912,384,214,170
E00080914,472,260,212
E00080915,337,177,160
E00080926,292,145,147
E00080908,384,212,172
E00080911,318,168,150
E00080924,314,162,152
E00080925,370,202,168
E00080927,289,140,149
E00080917,369,183,186
E00080918,337,192,145
E00080919,331,161,170
E00080920,483,266,217
E00080922,402,196,206
E00080931,393,195,198
E00080934,431,226,205
E00080944,465,225,240
E00182435,232,122,110
E00182493,503,255,248
E00080932,353,187,166
E00080933,265,128,137
E00080935,330,168,162
E00080936,315,157,158
E00080937,295,155,140
E00080938,390,194,196
E00080939,376,209,167
E00080941,321,167,154
E00080943,362,194,168
E00080945,290,152,138
E00080928,386,190,196
E00080929,489,256,233
E00080940,327,168,159
E00080942,322,165,157
E00080802,375,187,188
E00080803,449,211,238
E00080807,313,162,151
E00170287,403,208,195
E00170292,241,126,115
E00170293,162,82,80
E00170295,342,177,165
E00175280,364,192,172
E00170285,345,176,169
E00170289,348,174,174
E00175281,384,193,191
E00175284,340,173,167
E00175285,283,141,142
E00170290,264,141,123
E00170296,458,237,221
E00175286,409,206,203
E00175288,340,166,174
E00175289,284,141,143
E00080805,463,232,231
E00080809,387,197,190
E00080810,475,251,224
E00175287,260,128,132
E00080596,238,123,115
E00080601,201,106,95
E00080608,375,195,180
E00175282,375,167,208
E00175313,343,176,167
E00080594,290,146,144
E00080600,323,159,164
E00080602,136,70,66
E00080604,374,191,183
E00080610,340,180,160
E00080605,317,160,157
E00080607,309,165,144
E00080609,176,80,96
E00182421,558,282,276
E00182500,186,104,82
E00080598,302,143,159
E00080603,207,101,106
E00175283,304,155,149
E00175308,363,182,181
E00175312,440,206,234
E00175292,398,205,193
E00175293,429,225,204
E00175294,387,207,180
E00175307,320,163,157
E00175311,318,155,163
E00080505,425,203,222
E00080506,362,191,171
E00080509,245,109,136
E00080526,275,142,133
E00080947,350,177,173
E00080955,253,132,121
E00080957,308,165,143
E00080963,185,79,106
E00080969,329,156,173
E00175296,443,231,212
E00175303,437,209,228
E00175310,242,118,124
E00080958,348,187,161
E00080959,440,218,222
E00080960,402,201,201
E00080961,270,147,123
E00175297,302,149,153
E00175299,388,197,191
E00175300,388,198,190
E00175302,300,139,161
E00080949,415,195,220
E00080951,233,104,129
E00080952,289,142,147
E00080966,531,261,270
E00080967,323,167,156
E00080964,280,151,129
E00080965,309,161,148
E00080968,469,221,248
E00080970,592,286,306
E00182444,399,197,202
E00182483,171,87,84
E00182512,455,225,230
E00175290,340,176,164
E00175291,268,120,148
E00175309,333,164,169
E00182437,143,75,68
E00182438,189,103,86
E00182523,558,274,284
E00080948,361,177,184
E00080953,490,254,236
E00182401,492,246,246
E00182440,272,148,124
E00182473,327,166,161
E00182517,171,94,77
E00088544,366,181,185
E00088545,345,174,171
E00088546,407,210,197
E00088547,217,109,108
E00088552,120,57,63
E00088548,299,148,151
E00088549,387,203,184
E00088550,344,189,155
E00088551,290,146,144
E00088563,261,144,117
E00088564,312,148,164
E00088565,362,184,178
E00088567,257,133,124
E00088569,254,135,119
E00088561,243,128,115
E00088562,388,201,187
E00088568,165,77,88
E00173749,217,113,104
E00173750,212,110,102
E00173751,226,117,109
E00088187,328,178,150
E00088188,374,201,173
E00088189,196,99,97
E00088190,275,141,134
E00088191,230,115,115
E00088184,288,147,141
E00088185,263,140,123
E00088186,378,180,198
E00088192,251,135,116
E00088193,331,168,163
E00088378,384,195,189
E00088379,322,157,165
E00088380,322,170,152
E00088381,356,188,168
E00088373,336,174,162
E00088374,538,257,281
E00088375,406,222,184
E00088376,390,198,192
E00088377,282,133,149
E00088575,261,134,127
E00088576,347,170,177
E00088577,277,143,134
E00088578,308,159,149
E00088570,330,169,161
E00088571,315,154,161
E00088572,259,132,127
E00088573,320,152,168
E00088574,373,187,186
E00088250,240,129,111
E00088264,372,198,174
E00088265,397,204,193
E00088266,376,190,186
E00088267,359,197,162
E00088253,262,136,126
E00088257,242,127,115
E00088259,296,155,141
E00088260,269,136,133
E00088261,262,130,132
E00088254,253,138,115
E00088262,409,198,211
E00088263,272,140,132
E00173746,369,184,185
E00173747,390,205,185
E00173748,269,147,122
E00088252,265,120,145
E00088255,306,153,153
E00088256,300,163,137
E00088258,338,182,156
E00088490,276,146,130
E00088491,437,227,210
E00088492,319,169,150
E00088493,346,174,172
E00088494,341,185,156
E00088495,346,186,160
E00088496,444,236,208
E00088327,514,261,253
E00088328,322,175,147
E00088329,429,223,206
E00088330,344,179,165
E00088331,337,179,158
E00088332,305,163,142
E00088324,310,170,140
E00088325,236,114,122
E00088326,237,111,126
E00088340,408,220,188
E00088341,394,200,194
E00088555,281,128,153
E00088557,417,205,212
E00088558,335,159,176
E00088560,399,198,201
E00088553,444,226,218
E00088554,478,246,232
E00088556,340,176,164
E00088559,331,155,176
E00173752,524,274,250
E00173753,402,216,186
E00173759,452,234,218
E00173760,367,197,170
E00088333,259,133,126
E00088334,230,118,112
E00088336,270,138,132
E00088338,345,171,174
E00173754,220,110,110
E00173756,339,163,176
E00183573,226,119,107
E00183574,202,109,93
E00088337,343,163,180
E00183571,227,120,107
E00183572,586,312,274
E00088133,287,146,141
E00088147,312,158,154
E00088149,310,156,154
E00088155,259,137,122
E00088159,199,86,113
E00088150,308,141,167
E00088151,311,170,141
E00088152,309,150,159
E00088153,299,155,144
E00088157,229,119,110
E00088135,295,153,142
E00088140,277,142,135
E00088154,285,142,143
E00088156,239,116,123
E00088158,323,175,148
E00088137,288,144,144
E00088138,304,160,144
E00088143,341,166,175
E00088144,301,161,140
E00088145,252,129,123
E00088136,313,149,164
E00088139,275,146,129
E00088141,295,156,139
E00088142,329,168,161
E00088132,303,161,142
E00088134,296,144,152
E00088146,318,162,156
E00088148,316,170,146
E00088498,310,156,154
E00088509,328,176,152
E00088510,299,153,146
E00088511,343,169,174
E00088503,273,138,135
E00088507,288,149,139
E00088518,268,129,139
E00088520,301,155,146
E00088521,311,154,157
E00088501,271,134,137
E00088502,264,154,110
E00088504,276,162,114
E00088519,259,124,135
E00088523,271,144,127
E00088499,325,169,156
E00088505,343,173,170
E00088508,316,159,157
E00088512,316,168,148
E00088497,297,152,145
E00088500,283,146,137
E00088506,294,157,137
E00088522,290,155,135
E00088513,309,158,151
E00088514,338,162,176
E00088515,301,165,136
E00088516,284,142,142
E00088517,301,159,142
E00088298,377,214,163
E00088299,248,130,118
E00088302,281,149,132
E00088309,337,179,158
E00088321,317,151,166
E00088303,335,186,149
E00088304,321,170,151
E00088305,337,182,155
E00088308,295,160,135
E00088310,317,169,148
E00088296,305,167,138
E00088300,260,138,122
E00088301,352,182,170
E00088306,289,150,139
E00088307,161,84,77
E00088311,332,167,165
E00088312,281,151,130
E00088313,325,161,164
E00088314,296,151,145
E00088315,320,159,161
E00088297,229,116,113
E00088316,349,201,148
E00088317,302,147,155
E00088319,289,141,148
E00088320,303,146,157
E00088295,330,169,161
E00088318,307,169,138
E00088322,338,185,153
E00173757,326,164,162
E00173758,350,178,172
E00088169,334,167,167
E00088173,346,173,173
E00088183,543,286,257
E00173745,422,213,209
E00088161,322,160,162
E00088162,357,191,166
E00088165,344,167,177
E00088175,342,164,178
E00183474,316,154,162
E00183475,351,184,167
E00183476,326,165,161
E00088171,339,183,156
E00088172,324,165,159
E00088178,279,133,146
E00088181,311,160,151
E00088182,335,164,171
E00088168,283,153,130
E00088174,282,147,135
E00088176,262,134,128
E00088177,251,127,124
E00088179,279,145,134
E00088163,373,179,194
E00183477,379,190,189
E00183478,446,218,228
E00183480,322,163,159
E00183479,601,303,298
E00183481,246,136,110
E00183482,146,76,70
E00183576,139,71,68
E00183577,375,192,183
E00183578,284,147,137
E00183579,405,201,204
E00183580,421,212,209
E00183583,415,194,221
E00183575,552,304,248
E00183581,171,82,89
E00183582,261,130,131
E00183584,350,188,162
E00088270,367,191,176
E00088271,324,159,165
E00088272,291,147,144
E00088275,235,114,121
E00088278,195,92,103
E00088269,258,137,121
E00088273,257,131,126
E00088277,293,151,142
E00088280,243,132,111
E00173768,451,259,192
E00173769,241,123,118
E00088268,307,153,154
E00088274,223,115,108
E00088281,384,210,174
E00088283,489,178,311
E00088276,269,128,141
E00088279,248,113,135
E00088282,408,196,212
E00088285,451,221,230
E00088361,258,117,141
E00088364,273,133,140
E00088365,271,127,144
E00088368,245,130,115
E00088371,321,156,165
E00088358,265,135,130
E00088359,281,144,137
E00088360,337,160,177
E00088362,306,159,147
E00088343,286,160,126
E00088344,241,118,123
E00088352,158,80,78
E00088356,255,114,141
E00088357,265,142,123
E00088367,175,99,76
E00088348,252,107,145
E00088363,304,147,157
E00088366,180,74,106
E00088369,300,166,134
E00088370,156,75,81
E00088342,267,143,124
E00088350,294,123,171
E00088354,299,134,165
E00088355,371,167,204
E00183504,377,196,181
E00183505,271,152,119
E00088345,136,59,77
E00088346,251,139,112
E00088347,267,103,164
E00088353,328,158,170
E00088372,159,76,83
E00183502,408,88,320
E00183503,316,154,162
E00088475,350,177,173
E00088476,291,141,150
E00088477,424,199,225
E00088485,344,181,163
E00088487,281,148,133
E00088478,314,156,158
E00088479,335,168,167
E00088483,310,162,148
E00088488,271,139,132
E00088474,266,138,128
E00088480,363,191,172
E00088481,306,151,155
E00088482,286,153,133
E00088489,278,147,131
E00088472,295,151,144
E00088473,289,145,144
E00088484,313,159,154
E00088486,290,143,147
E00088199,353,172,181
E00088203,236,111,125
E00088218,386,192,194
E00088222,434,187,247
E00173777,321,150,171
E00183587,338,154,184
E00183588,237,113,124
E00088198,253,122,131
E00088205,284,143,141
E00088206,286,139,147
E00088207,288,150,138
E00088219,252,136,116
E00088202,321,155,166
E00088212,291,149,142
E00088216,263,143,120
E00088217,269,146,123
E00088220,235,120,115
E00088197,279,143,136
E00088204,327,151,176
E00088208,359,181,178
E00088214,342,168,174
E00088194,157,68,89
E00088196,315,150,165
E00088201,413,195,218
E00088210,359,181,178
E00088211,267,112,155
E00088213,225,116,109
E00088223,147,65,82
E00088215,387,200,187
E00088221,271,131,140
E00183483,262,119,143
E00183484,205,94,111
E00088195,388,200,188
E00173772,185,84,101
E00173773,204,106,98
E00183585,195,90,105
E00183586,308,140,168
E00088529,509,253,256
E00088533,419,205,214
E00088540,377,184,193
E00183506,607,307,300
E00183507,299,162,137
E00088526,480,240,240
E00088532,502,236,266
E00173763,463,221,242
E00173764,204,103,101
E00173765,261,137,124
E00173766,293,146,147
E00173767,341,160,181
E00088524,402,211,191
E00088528,333,179,154
E00088531,381,189,192
E00088535,381,190,191
E00088534,456,213,243
E00088536,504,247,257
E00088537,433,223,210
E00088538,493,242,251
E00088527,459,225,234
E00088541,267,126,141
E00088542,505,242,263
E00088543,413,193,220
E00088457,265,126,139
E00088460,307,162,145
E00088462,350,170,180
E00088464,381,214,167
E00088471,433,232,201
E00088450,400,216,184
E00088452,316,157,159
E00088455,283,147,136
E00088458,358,192,166
E00088465,279,148,131
E00088459,280,145,135
E00088463,508,252,256
E00088467,293,160,133
E00088468,367,181,186
E00088470,378,205,173
E00088454,366,189,177
E00088456,336,166,170
E00088461,358,162,196
E00088466,264,128,136
E00088469,318,175,143
E00088442,228,115,113
E00088443,331,175,156
E00088444,378,189,189
E00088445,388,200,188
E00088447,460,223,237
E00088449,303,144,159
E00088441,376,194,182
E00088446,375,195,180
E00088448,367,205,162
E00088451,317,160,157
E00088453,322,174,148
E00088231,352,188,164
E00088244,407,222,185
E00088247,375,191,184
E00088248,405,206,199
E00088225,392,198,194
E00088242,324,170,154
E00088245,216,113,103
E00088246,319,161,158
E00183489,114,57,57
E00183490,518,247,271
E00088227,393,197,196
E00088228,323,169,154
E00088230,408,209,199
E00088249,508,257,251
E00088226,418,201,217
E00088229,399,204,195
E00088232,349,182,167
E00088233,363,178,185
E00088234,266,152,114
E00088235,375,191,184
E00088236,281,158,123
E00088237,416,212,204
E00088240,524,260,264
E00183485,364,175,189
E00183486,357,172,185
E00183487,278,142,136
E00183488,366,197,169
E00173774,300,145,155
E00173776,396,200,196
E00183589,167,80,87
E00183590,320,161,159
E00183591,378,191,187
E00088403,372,207,165
E00088405,196,88,108
E00088407,433,214,219
E00088415,229,138,91
E00088404,281,137,144
E00088406,308,153,155
E00088410,344,186,158
E00183425,111,64,47
E00183432,546,287,259
E00088412,292,147,145
E00088413,334,160,174
E00088414,247,113,134
E00088416,308,144,164
E00088401,455,240,215
E00088402,331,170,161
E00088411,441,228,213
E00088417,277,136,141
E00088384,300,157,143
E00088388,344,169,175
E00088389,324,168,156
E00088391,281,149,132
E00088392,301,158,143
E00088393,264,125,139
E00088394,419,228,191
E00088395,349,170,179
E00088396,235,129,106
E00088397,303,158,145
E00088383,321,161,160
E00088385,371,178,193
E00088390,359,177,182
E00088400,340,181,159
E00088382,372,177,195
E00088386,314,159,155
E00088387,376,195,181
E00088398,298,149,149
E00088399,337,177,160
E00088419,351,169,182
E00088422,378,203,175
E00088423,362,192,170
E00088424,385,193,192
E00088420,397,202,195
E00088426,281,141,140
E00088427,374,183,191
E00088434,341,175,166
E00088439,330,177,153
E00088428,363,181,182
E00088429,297,142,155
E00088431,374,191,183
E00088436,294,160,134
E00088440,324,168,156
E00088418,307,161,146
E00088421,305,148,157
E00088430,326,156,170
E00088433,322,166,156
E00088438,308,148,160
E00183426,1540,783,757
E00088432,309,157,152
E00088435,427,207,220
E00088437,325,160,165
E00183427,1540,802,738
E00088594,345,185,160
E00088595,318,164,154
E00088596,203,104,99
E00183510,146,79,67
E00183511,561,301,260
E00183512,235,114,121
E00183513,444,247,197
E00183514,528,256,272
E00088600,291,140,151
E00088605,296,153,143
E00088606,469,244,225
E00088608,311,163,148
E00088601,287,160,127
E00088602,296,155,141
E00088609,335,166,169
E00088610,296,157,139
E00183522,482,251,231
E00183523,286,147,139
E00088598,390,202,188
E00088603,562,292,270
E00088604,582,300,282
E00183516,352,172,180
E00183515,283,139,144
E00183517,570,297,273
E00183518,138,85,53
E00183519,603,308,295
E00183520,563,281,282
E00183521,177,87,90
E00088288,301,152,149
E00088289,406,195,211
E00088290,236,134,102
E00088293,358,195,163
E00183500,288,152,136
E00183501,357,180,177
E00088585,264,143,121
E00088591,362,192,170
E00183602,112,62,50
E00183603,344,172,172
E00183604,214,124,90
E00183605,211,118,93
E00183492,109,50,59
E00183493,353,174,179
E00183494,275,131,144
E00183495,440,228,212
E00183499,313,145,168
E00088291,564,287,277
E00183491,497,249,248
E00183498,341,162,179
E00088286,330,175,155
E00088294,331,173,158
E00183496,211,110,101
E00183497,284,137,147
E00088587,288,143,145
E00088588,133,71,62
E00088589,246,129,117
E00088590,356,193,163
E00088579,349,175,174
E00088580,403,204,199
E00173778,417,228,189
E00173779,397,197,200
E00173780,348,188,160
E00088581,348,180,168
E00088582,331,163,168
E00183508,229,138,91
E00183509,334,163,171
E00183595,247,128,119
E00183596,260,125,135
E00183598,406,203,203
E00183599,481,245,236
E00183600,138,79,59
E00183601,378,180,198
E00183607,496,259,237
E00183592,400,209,191
E00183593,529,279,250
E00183594,282,148,134
E00183597,390,202,188
E00183606,102,56,46
E00183608,331,179,152
E00088033,270,151,119
E00088038,359,169,190
E00088039,354,188,166
E00088040,222,119,103
E00088052,404,199,205
E00088034,301,150,151
E00088035,315,165,150
E00088043,286,147,139
E00088044,285,137,148
E00088045,479,249,230
E00088032,351,161,190
E00088037,365,185,180
E00088048,459,225,234
E00088049,578,298,280
E00088050,409,196,213
E00088051,309,151,158
E00088025,374,185,189
E00088026,304,157,147
E00088027,282,148,134
E00088028,297,151,146
E00088029,232,112,120
E00088018,339,169,170
E00088020,358,170,188
E00088023,351,191,160
E00088030,282,134,148
E00088031,300,161,139
E00088019,386,214,172
E00088021,298,162,136
E00088022,497,245,252
E00088024,304,145,159
E00088036,250,132,118
E00088041,561,276,285
E00088042,339,167,172
E00088046,368,183,185
E00088047,303,159,144
E00087995,400,191,209
E00087996,368,176,192
E00088014,395,196,199
E00088003,376,191,185
E00088007,265,151,114
E00088015,349,172,177
E00088016,248,129,119
E00088017,167,78,89
E00087997,259,136,123
E00087998,242,123,119
E00088010,352,182,170
E00088012,353,175,178
E00177138,566,297,269
E00177226,115,56,59
E00177229,119,59,60
E00087999,292,152,140
E00088001,456,242,214
E00088005,320,157,163
E00088006,317,163,154
E00088009,262,134,128
E00088002,499,255,244
E00088004,465,230,235
E00088008,264,127,137
E00088011,331,169,162
E00088013,375,194,181
E00087929,323,169,154
E00087930,274,139,135
E00087931,320,162,158
E00087932,276,138,138
E00087933,315,156,159
E00087986,309,161,148
E00087988,319,169,150
E00087989,314,157,157
E00087991,399,198,201
E00087992,313,156,157
E00087981,507,272,235
E00087982,326,173,153
E00087983,558,287,271
E00087993,282,142,140
E00087994,322,166,156
E00087984,346,182,164
E00087985,326,173,153
E00087987,382,195,187
E00087990,357,180,177
E00087782,301,145,156
E00087785,301,156,145
E00087786,287,134,153
E00087791,446,223,223
E00087792,366,180,186
E00087793,235,116,119
E00087801,306,166,140
E00087803,361,183,178
E00087819,295,144,151
E00087820,300,154,146
E00087821,363,183,180
E00087799,288,147,141
E00087802,281,132,149
E00087804,256,120,136
E00087805,290,138,152
E00087818,231,108,123
E00177035,274,148,126
E00177168,268,145,123
E00087800,247,128,119
E00087806,301,150,151
E00087807,250,131,119
E00087808,388,183,205
E00087809,582,281,301
E00087810,310,163,147
E00087811,325,160,165
E00087813,286,156,130
E00087814,343,179,164
E00087815,359,173,186
E00087816,307,159,148
E00087817,305,146,159
E00177037,302,152,150
E00177039,353,174,179
E00177041,241,120,121
E00177055,279,150,129
E00177179,292,136,156
E00177199,400,202,198
E00087783,269,131,138
E00087784,350,180,170
E00087788,293,147,146
E00087789,278,127,151
E00087790,238,120,118
E00087787,329,175,154
E00087794,308,153,155
E00087795,294,159,135
E00087796,269,151,118
E00087797,308,161,147
E00177059,234,126,108
E00177064,227,112,115
E00177094,138,72,66
E00177171,531,263,268
E00177231,206,100,106
E00177051,309,165,144
E00177060,284,144,140
E00177091,313,156,157
E00177195,540,265,275
E00087822,352,186,166
E00087823,389,195,194
E00087830,342,174,168
E00087831,338,173,165
E00087824,374,188,186
E00177038,143,79,64
E00177045,172,87,85
E00177119,122,54,68
E00177174,142,72,70
E00177223,599,293,306
E00177052,388,204,184
E00177098,598,306,292
E00177214,423,207,216
E00087825,292,152,140
E00087826,272,140,132
E00087827,296,141,155
E00087829,275,150,125
E00087774,304,162,142
E00087778,281,154,127
E00087779,367,181,186
E00087781,241,129,112
E00087775,337,163,174
E00087776,334,171,163
E00087777,327,162,165
E00087780,266,136,130
E00087848,361,180,181
E00087849,282,140,142
E00087850,324,156,168
E00087860,217,113,104
E00087863,291,138,153
E00087851,517,247,270
E00087853,279,137,142
E00087854,292,145,147
E00087855,296,147,149
E00087856,394,199,195
E00087847,350,173,177
E00087859,790,286,504
E00087862,280,131,149
E00087864,204,110,94
E00177111,110,60,50
E00177118,152,78,74
E00177090,235,120,115
E00177121,323,167,156
E00177182,611,317,294
E00177215,194,97,97
E00177054,586,305,281
E00177189,302,162,140
E00177233,448,222,226
E00087920,261,131,130
E00087921,280,146,134
E00087922,278,145,133
E00087923,355,174,181
E00087972,138,71,67
E00087974,431,223,208
E00087978,345,167,178
E00087979,465,223,242
E00087980,259,140,119
E00087971,349,187,162
E00087973,328,163,165
E00087975,307,159,148
E00087976,296,153,143
E00087977,397,213,184
E00087966,345,175,170
E00087967,491,253,238
E00087968,324,165,159
E00087969,304,158,146
E00087970,360,183,177
E00087924,290,144,146
E00087926,300,150,150
E00087927,370,188,182
E00177183,185,94,91
E00177217,359,176,183
E00087925,547,294,253
E00177076,468,224,244
E00177144,491,244,247
E00087959,356,187,169
E00087960,281,144,137
E00087962,270,145,125
E00087963,300,162,138
E00087964,275,144,131
E00088126,437,234,203
E00088127,219,105,114
E00088128,438,219,219
E00088131,319,153,166
E00088124,272,153,119
E00088125,330,166,164
E00088129,263,147,116
E00088130,375,201,174
E00177087,174,88,86
E00177132,538,261,277
E00177145,212,120,92
E00177175,176,89,87
E00177230,585,310,275
E00087949,346,179,167
E00087950,590,295,295
E00087951,177,84,93
E00087952,364,172,192
E00087965,186,91,95
E00087955,426,207,219
E00087956,318,165,153
E00177108,450,253,197
E00177176,109,55,54
E00171393,266,134,132
E00171394,192,100,92
E00171395,287,143,144
E00177117,622,335,287
E00087953,365,191,174
E00177150,160,76,84
E00177228,524,267,257
E00087760,325,159,166
E00087761,499,253,246
E00087762,368,198,170
E00087772,539,264,275
E00087773,347,169,178
E00087763,270,135,135
E00087765,224,115,109
E00087767,317,166,151
E00087768,359,177,182
E00171372,449,225,224
E00171373,173,82,91
E00171374,137,70,67
E00087758,356,190,166
E00087759,419,222,197
E00087764,315,153,162
E00087769,342,177,165
E00087770,335,168,167
E00087771,248,131,117
E00087939,421,223,198
E00087940,333,169,164
E00087942,278,144,134
E00087948,477,249,228
E00177082,259,128,131
E00177227,487,250,237
E00087943,439,214,225
E00087944,331,171,160
E00087945,338,175,163
E00087946,452,235,217
E00087947,318,154,164
E00087934,462,250,212
E00087935,336,170,166
E00087936,392,208,184
E00087937,401,211,190
E00087938,434,220,214
E00088059,360,191,169
E00088065,369,181,188
E00088067,245,111,134
E00088068,253,127,126
E00177178,151,77,74
E00177206,527,273,254
E00088066,335,171,164
E00088069,325,155,170
E00088070,482,250,232
E00088072,260,132,128
E00088074,286,152,134
E00088055,339,169,170
E00088063,303,148,155
E00177042,402,217,185
E00177101,387,200,187
E00177104,139,77,62
E00177158,542,278,264
E00088060,270,128,142
E00088071,198,92,106
E00177110,310,149,161
E00177172,454,248,206
E00177209,361,186,175
E00177210,352,182,170
E00088056,249,124,125
E00088057,315,159,156
E00171386,383,192,191
E00171387,293,146,147
E00177048,345,180,165
E00177134,534,175,359
E00088078,448,232,216
E00088079,283,149,134
E00088080,274,132,142
E00088081,304,165,139
E00088082,331,174,157
E00088083,435,222,213
E00087741,332,178,154
E00087745,294,152,142
E00087746,300,152,148
E00177095,156,70,86
E00177202,294,156,138
E00177216,413,210,203
E00087735,264,143,121
E00087740,345,176,169
E00087752,314,166,148
E00087755,281,147,134
E00177072,374,187,187
E00177135,266,136,130
E00087736,329,173,156
E00087737,556,286,270
E00087742,339,170,169
E00087757,145,77,68
E00177066,325,170,155
E00177164,426,222,204
E00177167,205,103,102
E00087748,518,264,254
E00087749,325,159,166
E00087753,361,176,185
E00087754,336,175,161
E00087738,426,216,210
E00087739,238,120,118
E00087750,337,174,163
E00087751,284,141,143
E00087756,184,83,101
E00087835,328,167,161
E00087838,448,227,221
E00087839,307,142,165
E00087841,444,240,204
E00087833,165,90,75
E00087834,413,210,203
E00087836,579,288,291
E00087837,463,239,224
E00087840,254,130,124
E00087842,593,299,294
E00087843,519,289,230
E00087844,344,182,162
E00087845,297,150,147
E00087846,293,153,140
E00088084,324,166,158
E00088086,291,138,153
E00088087,354,169,185
E00088088,487,236,251
E00171392,376,193,183
E00177031,266,131,135
E00177130,480,254,226
E00177207,212,100,112
E00088076,299,137,162
E00088077,308,165,143
E00088089,295,163,132
E00171388,324,160,164
E00171389,208,110,98
E00171390,222,118,104
E00088095,232,122,110
E00088096,303,152,151
E00088101,375,188,187
E00088105,297,153,144
E00088108,274,131,143
E00088110,309,157,152
E00088103,267,133,134
E00088104,339,181,158
E00088111,313,167,146
E00088115,111,59,52
E00171375,315,165,150
E00171376,511,267,244
E00177113,121,64,57
E00177186,574,284,290
E00088097,489,254,235
E00088099,420,206,214
E00088100,297,158,139
E00088102,311,165,146
E00177129,428,228,200
E00177154,209,109,100
E00088107,319,155,164
E00088109,447,232,215
E00088116,384,207,177
E00171377,347,182,165
E00171383,367,181,186
E00171384,367,194,173
E00171385,364,195,169
E00177032,427,230,197
E00177047,305,151,154
E00177057,468,242,226
E00177065,302,150,152
E00177180,293,155,138
E00171379,257,136,121
E00171380,600,299,301
E00171381,361,180,181
E00171382,316,171,145
E00087872,241,127,114
E00087873,483,241,242
E00087884,383,199,184
E00087885,332,166,166
E00087874,364,180,184
E00087877,347,172,175
E00087878,302,159,143
E00087879,291,153,138
E00087887,234,119,115
E00087876,429,211,218
E00087886,344,176,168
E00087888,443,217,226
E00087875,238,112,126
E00087880,314,157,157
E00087881,408,210,198
E00087882,260,131,129
E00087883,304,156,148
E00087896,307,142,165
E00087898,315,151,164
E00087901,283,139,144
E00087903,193,98,95
E00087904,340,173,167
E00087890,308,161,147
E00087895,289,145,144
E00087899,311,159,152
E00087902,346,173,173
E00087889,276,130,146
E00087891,232,111,121
E00087893,256,124,132
E00087897,291,140,151
E00087900,305,161,144
E00087905,535,276,259
E00087906,265,148,117
E00087909,321,155,166
E00087912,194,96,98
E00177049,380,200,180
E00177092,261,126,135
E00177200,260,135,125
E00177204,362,173,189
E00087892,285,147,138
E00087894,289,151,138
E00087908,402,210,192
E00087910,237,124,113
E00087911,297,140,157
E00087865,331,168,163
E00087866,454,242,212
E00087867,297,148,149
E00087868,416,210,206
E00087869,311,150,161
E00087870,445,223,222
E00087871,285,149,136
E00087913,394,195,199
E00087914,334,151,183
E00087915,337,176,161
E00087916,270,143,127
E00087917,368,180,188
E00087918,304,150,154
E00087919,281,142,139
E00088117,161,85,76
E00088118,373,180,193
E00088119,307,149,158
E00088120,331,169,162
E00088121,428,211,217
E00088122,324,172,152
E00088123,335,165,170
E00177088,410,211,199
E00177152,551,281,270
E00177161,211,107,104
E00177173,458,213,245
E00177213,127,65,62
E00088090,406,219,187
E00088091,354,186,168
E00088092,295,157,138
E00177165,612,317,295
E00088628,336,180,156
E00088629,371,200,171
E00088634,303,165,138
E00088636,356,180,176
E00088637,406,193,213
E00088630,359,187,172
E00088632,291,150,141
E00088635,354,174,180
E00088638,311,162,149
E00088639,346,187,159
E00088631,325,167,158
E00088633,236,120,116
E00088640,287,142,145
E00088641,345,175,170
E00088642,315,163,152
E00088915,335,180,155
E00088916,333,170,163
E00088917,315,159,156
E00088918,294,157,137
E00088919,288,143,145
E00088920,301,154,147
E00088921,296,146,150
E00088922,182,90,92
E00088721,464,238,226
E00088722,293,150,143
E00088723,320,152,168
E00088724,373,190,183
E00088725,544,280,264
E00088726,522,264,258
E00088940,296,152,144
E00088941,368,203,165
E00088945,373,189,184
E00088950,272,140,132
E00088952,261,132,129
E00088953,295,140,155
E00088942,331,167,164
E00088944,287,150,137
E00088946,250,122,128
E00088947,287,135,152
E00088948,339,166,173
E00088938,382,192,190
E00088939,384,200,184
E00088943,294,157,137
E00088949,256,119,137
E00088951,383,200,183
E00177056,324,163,161
E00177166,562,280,282
E00177201,260,139,121
E00088908,359,175,184
E00088909,235,122,113
E00088910,256,122,134
E00088912,306,152,154
E00088913,445,220,225
E00088914,372,191,181
E00088854,267,134,133
E00088856,337,167,170
E00088857,315,158,157
E00088862,272,132,140
E00088863,283,141,142
E00088855,325,168,157
E00088858,335,164,171
E00088859,338,161,177
E00088860,301,156,145
E00088867,269,131,138
E00088861,306,144,162
E00088864,354,187,167
E00088865,333,173,160
E00088866,429,210,219
E00088873,291,154,137
E00088874,356,172,184
E00088883,291,148,143
E00088884,271,136,135
E00088886,556,285,271
E00088868,416,196,220
E00088871,410,230,180
E00088872,302,143,159
E00088885,324,151,173
E00088612,341,164,177
E00088613,521,254,267
E00088616,470,224,246
E00088621,260,152,108
E00088622,217,106,111
E00088625,275,132,143
E00088620,289,135,154
E00088623,325,169,156
E00088624,270,132,138
E00088626,435,219,216
E00088627,337,169,168
E00088611,248,136,112
E00088615,310,172,138
E00088617,272,144,128
E00088618,460,243,217
E00088619,261,150,111
E00177081,114,76,38
E00177208,242,115,127
E00088869,289,147,142
E00088870,427,218,209
E00088877,334,162,172
E00088880,333,165,168
E00088882,408,216,192
E00088876,428,224,204
E00088878,248,138,110
E00088879,280,163,117
E00088881,346,167,179
E00177050,100,47,53
E00177069,613,311,302
E00177116,128,66,62
E00088788,314,164,150
E00088791,271,139,132
E00088793,370,170,200
E00088794,382,180,202
E00088795,321,153,168
E00088786,292,156,136
E00088787,389,209,180
E00088789,259,132,127
E00088790,294,149,145
E00088792,309,154,155
E00088785,339,167,172
E00088796,313,169,144
E00088797,270,130,140
E00088798,293,136,157
E00177126,263,132,131
E00177232,266,112,154
E00088890,296,147,149
E00088903,302,153,149
E00088904,244,120,124
E00088905,258,134,124
E00088887,321,158,163
E00088888,350,172,178
E00088892,288,150,138
E00088898,264,134,130
E00088891,296,142,154
E00088895,360,179,181
E00088906,314,169,145
E00088907,311,162,149
E00088893,273,144,129
E00088894,278,148,130
E00088897,173,90,83
E00088899,310,162,148
E00088901,366,182,184
E00088889,416,202,214
E00088896,316,156,160
E00088900,368,187,181
E00088902,360,175,185
E00088838,277,128,149
E00088839,343,163,180
E00088841,319,157,162
E00088844,238,111,127
E00088847,309,151,158
E00088848,303,148,155
E00088849,264,121,143
E00088840,333,154,179
E00088846,402,209,193
E00088850,392,197,195
E00088851,387,183,204
E00088842,389,191,198
E00088843,217,122,95
E00088845,304,154,150
E00088852,286,145,141
E00088853,343,175,168
E00088923,359,177,182
E00088925,306,167,139
E00088926,360,186,174
E00088927,358,188,170
E00177080,314,164,150
E00177086,567,300,267
E00088924,432,219,213
E00088930,349,174,175
E00088931,346,181,165
E00088932,360,188,172
E00088933,371,176,195
E00088934,377,200,177
E00088705,304,146,158
E00088711,272,145,127
E00088712,257,132,125
E00088713,276,145,131
E00088714,275,140,135
E00088715,307,145,162
E00088717,398,200,198
E00088718,352,185,167
E00088719,296,152,144
E00171400,298,148,150
E00171401,297,157,140
E00171402,291,149,142
E00171403,264,132,132
E00177071,498,258,240
E00177163,159,94,65
E00171404,372,189,183
E00171406,378,196,182
E00171407,228,112,116
E00171410,417,205,212
E00171411,316,160,156
E00088704,314,144,170
E00177062,354,183,171
E00177142,522,260,262
E00177170,185,90,95
E00171396,274,136,138
E00171398,323,169,154
E00171399,348,170,178
E00177034,270,128,142
E00088706,332,173,159
E00088707,430,202,228
E00088720,305,161,144
E00088708,392,197,195
E00088709,317,169,148
E00088710,313,154,159
E00177063,141,80,61
E00177141,349,171,178
E00177190,363,185,178
E00177196,408,221,187
E00171408,262,133,129
E00177058,542,296,246
E00177083,517,238,279
E00177184,205,97,108
E00088734,348,173,175
E00088736,358,181,177
E00088738,486,245,241
E00088747,283,158,125
E00177124,341,174,167
E00177131,372,185,187
E00177212,199,101,98
E00088731,267,130,137
E00088742,292,147,145
E00088745,440,219,221
E00088746,313,166,147
E00177147,293,154,139
E00177162,416,208,208
E00088727,275,136,139
E00088730,436,236,200
E00088735,290,150,140
E00088740,287,146,141
E00088744,345,167,178
E00177115,395,213,182
E00177125,243,128,115
E00177192,217,116,101
E00088729,318,157,161
E00088732,352,163,189
E00088733,307,163,144
E00088737,292,150,142
E00088743,338,185,153
E00088748,238,116,122
E00088928,327,174,153
E00088929,384,203,181
E00088936,254,122,132
E00088937,351,181,170
E00088751,356,178,178
E00088758,306,156,150
E00088759,288,148,140
E00088765,190,87,103
E00088767,370,175,195
E00088760,398,194,204
E00088761,576,306,270
E00088762,369,191,178
E00088764,307,154,153
E00088766,327,165,162
E00088749,603,288,315
E00088750,430,209,221
E00088752,386,189,197
E00088756,334,161,173
E00088763,350,178,172
E00088753,327,166,161
E00088754,393,184,209
E00088755,315,154,161
E00088757,359,181,178
E00088666,498,259,239
E00088668,294,158,136
E00088669,347,186,161
E00088670,312,155,157
E00088817,327,147,180
E00088829,277,130,147
E00088831,341,180,161
E00088833,251,130,121
E00088818,360,180,180
E00088821,297,152,145
E00088830,305,169,136
E00088834,293,140,153
E00088836,409,200,209
E00088816,326,174,152
E00088819,308,156,152
E00088820,268,121,147
E00088822,298,146,152
E00088837,387,191,196
E00088823,347,170,177
E00088825,339,181,158
E00177067,523,277,246
E00177123,131,65,66
E00177160,339,171,168
E00088828,439,213,226
E00088832,339,169,170
E00088835,257,112,145
E00177073,570,288,282
E00088824,331,174,157
E00171414,378,185,193
E00171415,536,271,265
E00177188,234,118,116
E00088667,320,173,147
E00088671,300,154,146
E00088672,280,144,136
E00088673,265,137,128
E00088675,334,183,151
E00088663,311,164,147
E00088664,381,186,195
E00088665,309,154,155
E00088674,345,181,164
E00088676,323,150,173
E00088687,336,173,163
E00088688,334,187,147
E00088690,469,239,230
E00088692,282,146,136
E00088693,339,175,164
E00177053,218,91,127
E00177107,270,125,145
E00088677,297,140,157
E00088678,378,203,175
E00088679,353,175,178
E00088680,239,118,121
E00088682,297,151,146
E00088684,273,126,147
E00088681,394,192,202
E00177096,310,164,146
E00177106,359,174,185
E00177177,192,123,69
E00177181,228,114,114
E00177187,226,107,119
E00088686,345,185,160
E00171412,173,91,82
E00177137,305,151,154
E00177143,332,153,179
E00177193,229,119,110
E00177194,156,71,85
E00088799,325,166,159
E00088801,465,234,231
E00088802,277,136,141
E00088803,317,155,162
E00088804,303,151,152
E00088805,266,139,127
E00088806,307,160,147
E00088807,347,179,168
E00088808,305,158,147
E00088809,293,141,152
E00088800,412,219,193
E00088810,340,179,161
E00088811,244,105,139
E00088812,329,172,157
E00088813,316,161,155
E00088814,324,159,165
E00088815,351,185,166
E00088968,346,143,203
E00088969,346,181,165
E00088970,284,146,138
E00088971,342,183,159
E00088972,102,51,51
E00088973,274,126,148
E00088956,301,161,140
E00088965,254,133,121
E00088967,267,139,128
E00088974,332,167,165
E00171417,308,157,151
E00171418,327,171,156
E00088954,299,160,139
E00088960,318,161,157
E00088961,349,170,179
E00088963,311,159,152
E00088964,276,133,143
E00088955,360,182,178
E00088957,348,180,168
E00088958,382,194,188
E00088962,175,77,98
E00088966,305,154,151
E00088694,315,157,158
E00088695,298,138,160
E00088698,342,187,155
E00088701,301,157,144
E00088696,410,213,197
E00088697,257,128,129
E00088699,183,94,89
E00088700,251,135,116
E00088702,284,144,140
E00088768,314,163,151
E00088769,337,170,167
E00088770,312,165,147
E00088771,271,141,130
E00088772,281,143,138
E00088773,316,162,154
E00088774,300,153,147
E00088775,267,129,138
E00088776,300,146,154
E00088781,154,74,80
E00088782,151,69,82
E00088783,148,76,72
E00088777,286,142,144
E00088778,353,174,179
E00088779,180,91,89
E00088780,377,182,195
E00088643,317,157,160
E00088646,316,170,146
E00088651,276,141,135
E00088658,373,201,172
E00088660,196,93,103
E00088644,321,160,161
E00088653,234,124,110
E00088654,386,197,189
E00088656,237,119,118
E00177084,207,108,99
E00177103,119,65,54
E00177105,614,328,286
E00177120,353,167,186
E00088645,370,201,169
E00088647,259,134,125
E00088648,306,146,160
E00088649,329,168,161
E00088650,335,185,150
E00088655,411,198,213
E00088657,263,137,126
E00088659,312,166,146
E00088661,148,87,61
E00088662,311,160,151
E00090669,385,200,185
E00090678,234,96,138
E00090680,393,205,188
E00090681,422,226,196
E00187619,572,225,347
E00187660,314,132,182
E00090670,337,170,167
E00090673,351,157,194
E00090679,299,144,155
E00090682,399,199,200
E00090686,341,157,184
E00090674,258,149,109
E00090675,331,168,163
E00090683,284,142,142
E00090688,275,129,146
E00187679,186,89,97
E00187801,435,223,212
E00090671,275,129,146
E00090676,299,152,147
E00090677,343,176,167
E00090684,321,159,162
E00090685,263,128,135
E00090691,321,160,161
E00090692,337,166,171
E00090694,276,131,145
E00090695,318,162,156
E00090697,304,150,154
E00090672,295,152,143
E00090689,273,136,137
E00090696,245,120,125
E00187702,246,119,127
E00187722,381,193,188
E00090546,346,180,166
E00090547,270,125,145
E00090562,317,160,157
E00090563,196,87,109
E00090564,258,132,126
E00090565,220,116,104
E00090548,253,129,124
E00090549,305,155,150
E00090550,195,96,99
E00090566,301,160,141
E00090567,243,114,129
E00090552,312,146,166
E00090556,366,170,196
E00090557,251,118,133
E00090569,323,161,162
E00090570,250,119,131
E00090551,418,213,205
E00090555,298,160,138
E00090558,183,83,100
E00090568,330,172,158
E00090571,420,214,206
E00090543,310,163,147
E00090545,335,165,170
E00090560,261,130,131
E00090561,312,165,147
E00187632,492,244,248
E00187642,394,193,201
E00090541,330,160,170
E00090542,311,173,138
E00090553,274,141,133
E00090554,303,158,145
E00090559,340,175,165
E00090647,494,263,231
E00090654,181,83,98
E00090655,370,164,206
E00090657,260,122,138
E00090660,349,178,171
E00090648,273,127,146
E00090649,376,191,185
E00090659,320,170,150
E00090662,259,125,134
E00090665,493,236,257
E00090644,526,282,244
E00090650,414,215,199
E00090651,266,133,133
E00090664,458,225,233
E00090667,346,191,155
E00090656,419,210,209
E00090658,317,163,154
E00090661,361,157,204
E00090663,287,139,148
E00090668,374,188,186
E00090653,432,217,215
E00167050,255,112,143
E00167071,281,132,149
E00167072,265,128,137
E00090643,282,141,141
E00090645,325,167,158
E00090646,374,193,181
E00090666,359,173,186
E00090825,220,112,108
E00090826,306,149,157
E00090828,319,163,156
E00090831,227,132,95
E00090849,222,110,112
E00090850,260,131,129
E00090827,338,168,170
E00090829,310,160,150
E00090833,378,189,189
E00090851,245,131,114
E00090852,261,129,132
E00090834,354,176,178
E00090835,292,135,157
E00090837,287,147,140
E00090838,285,128,157
E00090840,368,196,172
E00090830,273,125,148
E00090832,296,154,142
E00090836,311,164,147
E00090839,453,228,225
E00090842,272,125,147
E00090843,579,321,258
E00090824,326,167,159
E00090841,334,177,157
E00090844,307,166,141
E00090845,128,69,59
E00090846,132,64,68
E00090847,166,87,79
E00090848,236,107,129
E00090581,265,129,136
E00090582,290,149,141
E00090583,323,172,151
E00090584,299,174,125
E00090587,287,151,136
E00090586,331,176,155
E00187678,286,144,142
E00187746,117,59,58
E00187833,490,241,249
E00187713,112,49,63
E00187757,284,139,145
E00187764,121,54,67
E00187805,515,228,287
E00187609,224,101,123
E00187751,270,121,149
E00187780,192,83,109
E00187816,344,180,164
E00090574,493,223,270
E00090575,231,110,121
E00090576,226,102,124
E00090577,1773,943,830
E00090580,361,163,198
E00090588,324,172,152
E00167051,385,94,291
E00167057,166,79,87
E00167075,3752,1724,2028
E00167076,514,210,304
E00090514,327,168,159
E00090536,469,239,230
E00187656,527,318,209
E00187766,491,238,253
E00187785,206,96,110
E00187823,162,71,91
E00090516,325,161,164
E00090519,357,167,190
E00090527,324,179,145
E00090530,251,129,122
E00090539,178,98,80
E00090512,296,133,163
E00090518,449,217,232
E00090520,469,207,262
E00090521,346,169,177
E00090526,187,91,96
E00090522,383,188,195
E00090528,317,144,173
E00090529,344,172,172
E00090532,190,100,90
E00090533,338,172,166
E00090515,298,148,150
E00090531,436,192,244
E00090534,407,187,220
E00090535,200,106,94
E00090537,388,175,213
E00090517,530,268,262
E00090523,254,129,125
E00090524,281,141,140
E00090525,371,196,175
E00090540,246,121,125
E00090700,289,136,153
E00090701,257,121,136
E00090704,292,147,145
E00090705,230,131,99
E00090707,263,139,124
E00090708,274,162,112
E00187649,195,85,110
E00187682,328,148,180
E00187732,619,292,327
E00090717,261,129,132
E00090719,325,172,153
E00090720,279,149,130
E00090726,246,130,116
E00167077,472,204,268
E00187610,304,156,148
E00090702,205,111,94
E00090703,177,92,85
E00090712,1196,540,656
E00187768,822,376,446
E00187807,212,83,129
E00090714,169,86,83
E00090715,770,392,378
E00090716,336,160,176
E00090721,256,133,123
E00090723,2696,1445,1251
E00090724,198,113,85
E00167062,292,140,152
E00167063,135,62,73
E00167064,178,82,96
E00187822,119,62,57
E00187842,584,239,345
E00090710,1870,852,1018
E00167353,440,240,200
E00167354,213,103,110
E00167356,740,343,397
E00090736,375,158,217
E00090737,297,159,138
E00090749,392,205,187
E00090750,338,169,169
E00187841,368,183,185
E00187852,207,111,96
E00090731,293,151,142
E00090734,258,135,123
E00090744,428,234,194
E00090745,426,173,253
E00090748,352,162,190
E00090728,285,144,141
E00090733,312,172,140
E00090738,362,187,175
E00090742,196,97,99
E00167054,227,112,115
E00167055,216,112,104
E00167349,327,177,150
E00090727,316,172,144
E00090729,386,187,199
E00090739,188,89,99
E00090746,305,153,152
E00090730,230,104,126
E00090740,248,130,118
E00090741,457,258,199
E00090743,246,117,129
E00090747,202,103,99
E00090780,446,232,214
E00090781,525,265,260
E00090782,220,104,116
E00090783,216,114,102
E00090801,289,153,136
E00167052,178,90,88
E00167053,323,153,170
E00167351,448,223,225
E00090774,342,183,159
E00090777,314,157,157
E00090786,280,163,117
E00090792,227,117,110
E00187652,349,136,213
E00187659,379,143,236
E00090775,339,171,168
E00090778,547,268,279
E00090785,321,175,146
E00090790,452,218,234
E00090799,282,137,145
E00090800,268,115,153
E00090789,393,216,177
E00090791,222,116,106
E00090793,246,121,125
E00167058,290,137,153
E00167061,194,76,118
E00167066,301,150,151
E00167069,178,87,91
E00090779,289,138,151
E00090788,255,103,152
E00090794,159,74,85
E00090795,310,154,156
E00090796,249,129,120
E00090797,234,121,113
E00090798,126,71,55
E00090621,368,197,171
E00090623,206,107,99
E00090632,505,274,231
E00090635,219,106,113
E00090636,288,159,129
E00090637,151,77,74
E00090633,411,218,193
E00090634,331,161,170
E00090638,338,163,175
E00090639,329,188,141
E00090642,321,154,167
E00090618,321,153,168
E00090620,344,165,179
E00090627,306,162,144
E00090628,258,148,110
E00090640,342,174,168
E00090617,294,163,131
E00090619,407,214,193
E00090622,415,232,183
E00090629,417,234,183
E00090631,229,114,115
E00167065,220,110,110
E00167068,183,87,96
E00167070,454,227,227
E00167363,127,61,66
E00167367,479,231,248
E00167371,219,100,119
E00090624,361,199,162
E00090630,232,101,131
E00167365,268,141,127
E00187669,207,87,120
E00187791,521,210,311
E00187803,435,170,265
E00187821,318,121,197
E00090593,325,160,165
E00090596,334,171,163
E00090607,357,190,167
E00090611,449,231,218
E00090613,321,161,160
E00090592,289,143,146
E00090594,435,227,208
E00090595,328,178,150
E00090612,396,193,203
E00090590,237,122,115
E00090602,245,115,130
E00090605,265,140,125
E00090609,253,133,120
E00090610,210,94,116
E00090589,328,177,151
E00090599,371,185,186
E00090614,584,279,305
E00090615,309,163,146
E00090616,303,147,156
E00090591,314,154,160
E00090597,311,160,151
E00090598,342,168,174
E00090604,257,121,136
E00090608,396,200,196
E00090600,326,158,168
E00090601,360,183,177
E00090603,324,171,153
E00090606,362,178,184
E00090755,395,226,169
E00090756,330,175,155
E00090767,244,129,115
E00090768,617,337,280
E00090771,498,279,219
E00090751,358,186,172
E00090752,567,294,273
E00090757,267,139,128
E00090758,307,147,160
E00090773,405,215,190
E00090754,359,183,176
E00090760,303,156,147
E00090762,280,148,132
E00090772,345,180,165
E00187741,133,68,65
E00187770,568,299,269
E00187797,142,74,68
E00090763,351,166,185
E00090765,313,158,155
E00090766,273,146,127
E00167368,238,118,120
E00187703,164,93,71
E00187796,736,358,378
E00090753,497,237,260
E00167373,209,109,100
E00167476,146,75,71
E00187681,488,170,318
E00187712,622,186,436
E00090759,467,258,209
E00167374,621,297,324
E00187636,258,191,67
E00187645,432,289,143
E00187661,621,312,309
E00187692,106,61,45
E00187715,463,223,240
E00187729,332,167,165
E00090816,303,161,142
E00090817,166,83,83
E00187725,293,158,135
E00187769,384,208,176
E00187777,262,128,134
E00187793,164,80,84
E00187653,273,156,117
E00187668,173,92,81
E00187726,501,258,243
E00187782,269,149,120
E00187840,578,293,285
E00187848,199,108,91
E00187705,268,141,127
E00187718,226,104,122
E00187759,619,334,285
E00187829,378,182,196
E00090820,298,155,143
E00187673,303,150,153
E00187721,353,177,176
E00187802,162,86,76
E00187820,406,222,184
E00187699,139,69,70
E00187754,512,255,257
E00187776,525,278,247
E00187850,442,221,221
E00090822,256,136,120
E00187655,567,302,265
E00187684,119,62,57
E00187825,160,80,80
E00187837,306,165,141
E00090802,156,78,78
E00090803,216,115,101
E00090806,181,79,102
E00090808,362,180,182
E00090809,292,157,135
E00167357,201,97,104
E00167359,410,220,190
E00090804,415,209,206
E00090805,233,116,117
E00090811,210,110,100
E00167056,174,95,79
E00167362,228,117,111
E00187634,422,221,201
E00187708,351,193,158
E00187753,155,91,64
E00187771,142,70,72
E00187781,618,359,259
E00187834,179,113,66
E00187849,112,53,59
E00167060,281,141,140
E00167360,280,130,150
E00167379,287,146,141
E00167381,320,164,156
E00091011,309,156,153
E00091021,292,159,133
E00091023,230,123,107
E00091024,275,150,125
E00091025,298,154,144
E00091012,520,256,264
E00091013,434,222,212
E00091016,319,158,161
E00091017,365,179,186
E00187687,211,104,107
E00187704,439,234,205
E00091014,245,126,119
E00091015,331,171,160
E00091018,204,92,112
E00091019,414,218,196
E00091020,274,138,136
E00091022,302,133,169
E00091031,294,136,158
E00091032,341,184,157
E00091033,336,159,177
E00091034,392,195,197
E00091027,353,179,174
E00091030,337,172,165
E00173724,266,139,127
E00187734,337,157,180
E00091028,349,176,173
E00173711,581,295,286
E00173712,383,190,193
E00187621,480,231,249
E00090899,431,212,219
E00090900,411,204,207
E00090901,330,160,170
E00090906,389,185,204
E00090902,279,152,127
E00090903,364,186,178
E00090904,338,171,167
E00090905,488,258,230
E00090907,351,181,170
E00090908,266,140,126
E00090909,359,177,182
E00090910,439,216,223
E00091079,300,148,152
E00091080,314,159,155
E00091081,284,146,138
E00091082,437,217,220
E00091083,376,189,187
E00091086,302,156,146
E00091078,377,183,194
E00091084,147,72,75
E00091085,412,212,200
E00091087,253,129,124
E00091088,457,247,210
E00091089,371,189,182
E00090933,316,188,128
E00090937,236,116,120
E00090939,436,227,209
E00090941,270,139,131
E00090942,263,141,122
E00187611,250,121,129
E00090958,384,187,197
E00090963,231,133,98
E00090965,365,199,166
E00090968,267,142,125
E00090970,261,137,124
E00173733,118,59,59
E00173734,288,143,145
E00173736,293,157,136
E00173742,280,142,138
E00090960,244,138,106
E00090961,312,164,148
E00090962,275,141,134
E00090964,251,121,130
E00090966,313,162,151
E00090967,237,113,124
E00090969,269,142,127
E00173715,361,193,168
E00173716,569,277,292
E00173717,380,197,183
E00173727,303,150,153
E00090943,301,158,143
E00090946,209,111,98
E00090947,304,151,153
E00090948,250,125,125
E00090949,347,179,168
E00173725,301,145,156
E00173726,394,198,196
E00173731,343,174,169
E00173737,497,262,235
E00090932,230,122,108
E00090934,228,121,107
E00090935,213,114,99
E00090945,344,186,158
E00090950,227,104,123
E00090918,316,181,135
E00090928,385,185,200
E00090929,420,213,207
E00090930,104,63,41
E00090919,349,184,165
E00090920,284,155,129
E00090923,208,118,90
E00090924,373,193,180
E00090931,289,136,153
E00090921,376,192,184
E00090922,262,131,131
E00090925,249,137,112
E00090926,252,132,120
E00090927,330,159,171
E00173714,356,180,176
E00173730,312,149,163
E00173732,351,174,177
E00173735,217,109,108
E00173738,381,200,181
E00173739,392,194,198
E00090951,261,138,123
E00090953,337,167,170
E00090954,421,220,201
E00090956,386,187,199
E00090957,436,230,206
E00173728,240,130,110
E00173729,327,160,167
E00090984,294,147,147
E00090985,239,124,115
E00090987,424,214,210
E00090988,120,58,62
E00090990,329,175,154
E00090991,269,134,135
E00090986,358,183,175
E00090989,399,194,205
E00090992,270,141,129
E00090994,437,218,219
E00090993,301,149,152
E00090995,196,102,94
E00090998,264,128,136
E00090999,413,219,194
E00091002,409,202,207
E00090996,353,181,172
E00090997,353,178,175
E00091000,262,139,123
E00091001,335,169,166
E00091069,363,181,182
E00091074,473,244,229
E00091075,329,162,167
E00091076,360,190,170
E00091077,282,151,131
E00091067,494,245,249
E00091068,526,262,264
E00091070,334,178,156
E00091071,349,177,172
E00091072,387,188,199
E00091073,353,180,173
E00091039,279,144,135
E00091041,340,166,174
E00091042,442,224,218
E00091046,322,167,155
E00173720,318,161,157
E00173740,358,184,174
E00091055,608,306,302
E00091064,413,210,203
E00091065,161,76,85
E00091066,332,167,165
E00187633,187,124,63
E00187648,311,165,146
E00091051,461,260,201
E00091053,397,203,194
E00091054,297,138,159
E00091057,335,170,165
E00091048,276,136,140
E00091050,312,154,158
E00091062,473,256,217
E00091063,332,162,170
E00187763,238,123,115
E00187839,586,303,283
E00187843,243,122,121
E00091047,397,199,198
E00091052,360,181,179
E00091056,320,156,164
E00091059,333,130,203
E00091060,210,108,102
E00091061,287,128,159
E00173721,298,152,146
E00173722,233,121,112
E00173723,213,112,101
E00173741,284,150,134
E00173743,277,121,156
E00091036,327,177,150
E00091038,261,147,114
E00091040,298,148,150
E00091044,487,248,239
E00091045,425,211,214
E00173744,211,108,103
E00090973,432,212,220
E00090976,405,208,197
E00090977,275,138,137
E00090978,283,132,151
E00090979,345,175,170
E00090971,234,118,116
E00090972,288,146,142
E00090974,345,170,175
E00090975,265,127,138
E00090980,233,129,104
E00090981,266,127,139
E00090982,368,187,181
E00090983,181,98,83
E00091004,336,165,171
E00091005,334,173,161
E00091006,325,163,162
E00091008,319,155,164
E00091003,274,140,134
E00091007,361,180,181
E00091009,335,181,154
E00091010,193,92,101
E00090867,301,156,145
E00090868,321,169,152
E00090869,596,290,306
E00090870,493,259,234
E00090884,150,95,55
E00090871,479,250,229
E00090872,440,219,221
E00090880,299,153,146
E00090881,261,124,137
E00090883,281,145,136
E00090866,420,212,208
E00090873,333,169,164
E00090874,248,123,125
E00090876,358,175,183
E00090875,306,148,158
E00090877,331,174,157
E00090878,269,130,139
E00090879,293,148,145
E00090882,226,119,107
E00090856,441,243,198
E00090857,366,199,167
E00090859,368,197,171
E00090860,434,217,217
E00090861,190,101,89
E00090862,188,94,94
E00090863,271,135,136
E00090864,216,113,103
E00090865,134,66,68
E00090853,460,238,222
E00090854,319,172,147
E00090855,517,256,261
E00090858,325,167,158
E00091090,329,165,164
E00091091,262,145,117
E00091092,259,127,132
E00091093,226,119,107
E00091094,115,59,56
E00091095,361,179,182
E00091096,497,259,238
E00090887,139,73,66
E00090895,373,204,169
E00173718,448,221,227
E00173719,365,194,171
E00090896,387,195,192
E00090897,385,219,166
E00090898,310,163,147
E00090911,365,178,187
E00090912,399,194,205
E00090913,349,180,169
E00090914,305,159,146
E00090915,128,62,66
E00090916,213,110,103
E00090917,377,184,193
E00090885,312,155,157
E00090889,461,240,221
E00090890,349,177,172
E00090891,338,185,153
E00165838,200,93,107
E00091295,480,241,239
E00091296,297,150,147
E00091297,278,139,139
E00091303,388,209,179
E00091305,416,232,184
E00091307,420,212,208
E00091312,403,208,195
E00091313,351,189,162
E00091314,316,157,159
E00091315,233,119,114
E00091298,430,215,215
E00091299,315,154,161
E00091300,227,107,120
E00091301,177,87,90
E00091302,241,118,123
E00091304,286,144,142
E00091306,385,206,179
E00091308,317,159,158
E00091309,165,85,80
E00091310,280,142,138
E00091311,405,202,203
E00091123,353,181,172
E00091124,289,165,124
E00091125,492,248,244
E00091126,367,178,189
E00091127,480,248,232
E00091128,379,184,195
E00091129,413,209,204
E00091178,393,200,193
E00091179,289,149,140
E00091180,566,279,287
E00091181,324,159,165
E00091182,293,151,142
E00091183,426,222,204
E00091184,316,146,170
E00091358,327,169,158
E00091368,343,181,162
E00091369,393,198,195
E00091371,373,191,182
E00091372,314,174,140
E00091362,452,239,213
E00091366,280,152,128
E00091367,288,158,130
E00091370,453,235,218
E00187719,179,91,88
E00187755,370,179,191
E00091357,232,120,112
E00091359,374,194,180
E00091360,419,217,202
E00091361,332,183,149
E00091363,275,140,135
E00091364,286,142,144
E00091157,506,267,239
E00091158,254,132,122
E00091168,365,181,184
E00091169,340,168,172
E00091170,275,149,126
E00091165,322,175,147
E00091166,223,119,104
E00091167,578,297,281
E00091171,336,184,152
E00091172,544,269,275
E00091159,296,155,141
E00091160,299,161,138
E00091161,225,107,118
E00091162,279,150,129
E00091163,340,186,154
E00091164,525,290,235
E00091287,295,148,147
E00091288,159,86,73
E00091289,295,164,131
E00091290,356,171,185
E00091291,344,162,182
E00091292,288,154,134
E00091293,339,166,173
E00091294,395,188,207
E00091341,303,164,139
E00091342,373,193,180
E00091343,258,137,121
E00091344,300,148,152
E00091340,317,162,155
E00091345,283,138,145
E00091346,284,152,132
E00091347,289,141,148
E00091265,294,148,146
E00091266,313,154,159
E00091267,179,96,83
E00091271,284,142,142
E00187641,426,215,211
E00187743,192,88,104
E00091270,273,116,157
E00091272,171,93,78
E00091273,413,207,206
E00187629,328,157,171
E00187717,262,121,141
E00091145,435,220,215
E00091146,399,208,191
E00091148,280,140,140
E00091150,379,201,178
E00091144,381,193,188
E00091151,429,211,218
E00091152,299,149,150
E00091153,451,231,220
E00091154,298,157,141
E00091147,331,170,161
E00091149,347,168,179
E00091155,470,226,244
E00091156,423,223,200
E00091275,409,211,198
E00091276,483,248,235
E00091279,520,286,234
E00187638,313,172,141
E00187845,306,161,145
E00091280,347,173,174
E00091281,328,162,166
E00091282,429,219,210
E00091286,415,212,203
E00091277,485,240,245
E00091278,337,173,164
E00091283,389,204,185
E00091284,343,176,167
E00091285,336,167,169
E00091225,184,90,94
E00091228,441,228,213
E00091229,276,131,145
E00091230,313,158,155
E00187623,588,79,509
E00187683,181,94,87
E00091233,368,197,171
E00091234,271,142,129
E00091235,267,136,131
E00091236,318,166,152
E00091237,359,170,189
E00091238,365,184,181
E00091223,596,304,292
E00091226,287,143,144
E00091231,413,222,191
E00091232,378,187,191
E00091239,190,109,81
E00091224,302,147,155
E00091240,304,150,154
E00091241,537,275,262
E00091242,311,155,156
E00170784,249,134,115
E00170786,179,96,83
E00170787,135,72,63
E00091130,553,285,268
E00091131,278,145,133
E00091132,265,142,123
E00091133,320,164,156
E00091135,269,138,131
E00187617,264,135,129
E00187749,196,94,102
E00187758,348,183,165
E00091173,377,185,192
E00091174,349,177,172
E00091175,326,172,154
E00091176,312,161,151
E00187688,346,184,162
E00187772,188,102,86
E00187783,499,257,242
E00091185,299,149,150
E00091186,293,154,139
E00091187,278,139,139
E00091189,349,188,161
E00091188,343,181,162
E00091190,337,184,153
E00091191,239,132,107
E00091192,275,145,130
E00091316,445,220,225
E00091320,264,129,135
E00091321,206,115,91
E00091322,355,196,159
E00091317,346,176,170
E00091318,291,141,150
E00091319,254,139,115
E00091323,323,156,167
E00091324,379,187,192
E00091325,345,196,149
E00091328,403,183,220
E00091331,301,153,148
E00091326,386,188,198
E00091327,424,231,193
E00091329,331,167,164
E00091330,318,165,153
E00091199,235,133,102
E00091203,273,136,137
E00091204,453,239,214
E00091213,282,139,143
E00091215,305,156,149
E00091220,334,172,162
E00091200,279,161,118
E00091202,356,190,166
E00091217,298,154,144
E00091218,293,148,145
E00091219,282,163,119
E00091221,245,139,106
E00091205,268,149,119
E00091206,270,137,133
E00091207,239,125,114
E00091208,335,187,148
E00091209,327,172,155
E00091210,240,121,119
E00091201,282,147,135
E00091211,485,247,238
E00091212,381,194,187
E00091214,255,135,120
E00091216,328,152,176
E00170783,294,158,136
E00170785,328,161,167
E00091097,294,157,137
E00091098,337,167,170
E00091099,249,134,115
E00091100,258,139,119
E00091101,302,154,148
E00091106,290,148,142
E00091107,286,140,146
E00091109,466,230,236
E00091112,451,227,224
E00091102,378,200,178
E00091103,304,164,140
E00091104,463,241,222
E00091108,365,175,190
E00091114,393,187,206
E00091105,302,150,152
E00091110,369,191,178
E00091111,341,167,174
E00091113,276,141,135
E00091251,287,148,139
E00091253,303,150,153
E00091254,324,169,155
E00091260,188,94,94
E00091261,517,269,248
E00091244,487,265,222
E00091246,416,223,193
E00091249,460,231,229
E00091262,413,203,210
E00091263,327,174,153
E00091245,311,166,145
E00091247,290,151,139
E00091250,341,167,174
E00091252,304,143,161
E00091256,157,90,67
E00187720,202,96,106
E00187762,330,164,166
E00187836,306,148,158
E00091243,370,183,187
E00091255,271,141,130
E00091257,307,186,121
E00091258,286,141,145
E00091259,294,159,135
E00091136,368,198,170
E00091137,174,78,96
E00091138,359,192,167
E00091139,347,178,169
E00091140,340,166,174
E00091141,219,115,104
E00091142,453,232,221
E00091143,270,138,132
E00091193,523,269,254
E00091194,378,191,187
E00091195,478,241,237
E00091197,450,228,222
E00187616,310,163,147
E00187646,275,140,135
E00187738,225,114,111
E00091380,256,135,121
E00091381,581,289,292
E00091382,478,248,230
E00091383,562,285,277
E00091384,493,252,241
E00091115,433,226,207
E00091116,202,96,106
E00091117,325,154,171
E00091118,171,85,86
E00091119,504,268,236
E00091120,374,197,177
E00091121,402,213,189
E00091122,230,123,107
E00091348,215,108,107
E00091349,309,157,152
E00091350,363,177,186
E00091356,306,147,159
E00091351,307,156,151
E00091352,281,150,131
E00091353,312,157,155
E00091354,223,108,115
E00091355,471,244,227
E00091373,317,163,154
E00091374,566,288,278
E00091375,352,180,172
E00091376,209,113,96
E00091377,360,174,186
E00091378,519,271,248
E00091379,379,190,189
E00091332,318,156,162
E00091333,269,130,139
E00091337,483,248,235
E00091338,281,138,143
E00091339,392,198,194
E00091334,433,218,215
E00091335,520,248,272
E00091336,356,171,185
E00091867,400,209,191
E00091868,286,140,146
E00091869,265,137,128
E00091870,374,191,183
E00091871,269,135,134
E00091872,198,98,100
E00091888,268,142,126
E00091889,348,185,163
E00091892,313,161,152
E00173801,384,198,186
E00173802,243,129,114
E00173804,215,116,99
E00091881,273,148,125
E00091882,330,176,154
E00091885,285,148,137
E00091894,253,131,122
E00173800,232,110,122
E00173803,306,147,159
E00173805,319,159,160
E00091875,399,206,193
E00091876,320,153,167
E00091879,476,246,230
E00091884,307,152,155
E00091873,294,159,135
E00091874,379,192,187
E00091878,421,218,203
E00091890,581,296,285
E00173806,343,172,171
E00173807,261,129,132
E00173825,253,135,118
E00091877,370,186,184
E00091887,345,173,172
E00091891,221,120,101
E00091893,397,198,199
E00091895,269,143,126
E00091459,276,140,136
E00091460,312,154,158
E00091463,311,159,152
E00091464,314,153,161
E00091465,254,132,122
E00091461,324,167,157
E00091462,367,195,172
E00091466,341,170,171
E00091467,125,67,58
E00091808,310,160,150
E00091809,362,175,187
E00091813,340,178,162
E00091815,345,173,172
E00091817,296,145,151
E00091810,219,114,105
E00091811,289,159,130
E00091812,286,143,143
E00091814,308,161,147
E00091816,287,144,143
E00091601,242,129,113
E00091605,190,95,95
E00091609,327,163,164
E00091610,233,118,115
E00091612,302,162,140
E00091618,311,155,156
E00091599,351,177,174
E00091600,485,257,228
E00091606,416,210,206
E00091607,496,243,253
E00091608,369,180,189
E00091602,267,123,144
E00091615,255,128,127
E00091617,251,142,109
E00091620,265,127,138
E00091621,321,162,159
E00091623,276,139,137
E00091603,580,291,289
E00091604,375,187,188
E00091611,338,165,173
E00091614,316,161,155
E00091613,320,160,160
E00091616,366,204,162
E00091619,383,194,189
E00091622,250,137,113
E00091624,308,150,158
E00091772,334,155,179
E00091776,274,132,142
E00091786,438,220,218
E00091788,303,154,149
E00091770,330,159,171
E00091771,193,98,95
E00091779,288,148,140
E00091789,207,108,99
E00183561,378,194,184
E00183562,114,68,46
E00183563,330,168,162
E00091773,309,164,145
E00091777,342,181,161
E00091778,313,160,153
E00091780,299,160,139
E00091768,210,100,110
E00091769,272,148,124
E00091781,306,146,160
E00091783,258,126,132
E00091787,298,160,138
E00091774,359,189,170
E00091775,264,136,128
E00091784,325,174,151
E00091785,339,173,166
E00091855,399,205,194
E00091856,341,178,163
E00091865,306,147,159
E00091866,228,124,104
E00183568,179,93,86
E00183569,465,252,213
E00183570,216,110,106
E00091854,152,72,80
E00091857,257,132,125
E00091862,297,145,152
E00091863,396,207,189
E00091864,454,227,227
E00091852,245,136,109
E00091853,267,135,132
E00091859,276,139,137
E00091860,232,126,106
E00091861,299,149,150
E00091847,550,278,272
E00091848,414,216,198
E00091849,303,161,142
E00091850,374,193,181
E00091851,302,152,150
E00091790,249,132,117
E00091793,256,131,125
E00091794,421,202,219
E00091807,367,187,180
E00091797,298,152,146
E00091798,303,162,141
E00091804,297,146,151
E00091805,271,139,132
E00091806,217,104,113
E00091799,302,156,146
E00091800,344,165,179
E00091801,273,144,129
E00091802,417,200,217
E00091803,285,152,133
E00091791,529,267,262
E00091792,375,202,173
E00091795,324,154,170
E00091796,341,178,163
E00091838,312,166,146
E00091841,191,98,93
E00173787,396,206,190
E00173788,336,172,164
E00173789,352,168,184
E00183566,166,90,76
E00183567,506,176,330
E00091842,404,215,189
E00091843,359,176,183
E00091844,423,216,207
E00091845,153,74,79
E00091846,217,117,100
E00091439,291,137,154
E00091441,308,156,152
E00091442,343,175,168
E00091444,340,169,171
E00091440,278,144,134
E00091443,308,163,145
E00091445,223,113,110
E00091446,260,130,130
E00091434,258,124,134
E00091435,335,168,167
E00091436,384,193,191
E00091437,371,192,179
E00091438,306,143,163
E00091428,347,172,175
E00091429,304,161,143
E00091430,267,151,116
E00091431,335,162,173
E00091432,286,133,153
E00091433,348,178,170
E00091525,321,159,162
E00091529,338,188,150
E00091530,282,147,135
E00091534,340,187,153
E00183538,420,217,203
E00183539,136,71,65
E00183540,317,142,175
E00091548,400,207,193
E00091549,509,256,253
E00091551,457,232,225
E00091553,422,222,200
E00091546,335,162,173
E00091547,324,169,155
E00091550,343,177,166
E00091552,346,161,185
E00091541,372,182,190
E00091554,347,167,180
E00091556,364,167,197
E00173797,393,185,208
E00173798,327,170,157
E00173799,290,149,141
E00091542,342,164,178
E00091543,303,161,142
E00091544,319,159,160
E00091545,382,199,183
E00091557,328,178,150
E00091511,359,175,184
E00091512,278,145,133
E00091515,271,141,130
E00091539,412,219,193
E00091540,310,159,151
E00091516,285,146,139
E00091517,299,143,156
E00091520,336,161,175
E00091522,332,156,176
E00091513,447,226,221
E00091518,268,128,140
E00091519,270,139,131
E00091521,286,154,132
E00091524,337,162,175
E00091514,259,131,128
E00091526,267,136,131
E00091527,284,144,140
E00091528,412,243,169
E00091531,265,130,135
E00091387,306,156,150
E00091388,374,200,174
E00091390,470,246,224
E00091391,332,173,159
E00091401,389,206,183
E00091404,307,153,154
E00183524,491,246,245
E00183525,192,100,92
E00183526,527,274,253
E00183527,451,218,233
E00183528,154,87,67
E00183529,175,109,66
E00183530,116,64,52
E00091396,260,133,127
E00091397,341,180,161
E00091398,236,129,107
E00091399,253,133,120
E00091403,359,189,170
E00091411,289,156,133
E00091400,335,169,166
E00091402,294,138,156
E00091407,531,276,255
E00091408,308,157,151
E00091409,266,142,124
E00091410,310,156,154
E00091386,270,142,128
E00091389,251,123,128
E00183423,263,128,135
E00183700,603,284,319
E00183702,275,135,140
E00091392,344,168,176
E00091395,367,167,200
E00183611,397,182,215
E00183612,369,192,177
E00183699,242,127,115
E00183701,101,46,55
E00091628,342,172,170
E00091629,280,140,140
E00091643,330,159,171
E00091645,192,102,90
E00091646,217,109,108
E00091626,312,150,162
E00091627,412,211,201
E00091642,515,250,265
E00091644,209,108,101
E00091631,151,83,68
E00091633,206,97,109
E00091636,303,153,150
E00173785,234,113,121
E00173786,235,122,113
E00173823,208,95,113
E00091630,295,152,143
E00091632,190,103,87
E00091635,283,142,141
E00091639,218,111,107
E00091647,266,140,126
E00091634,287,150,137
E00091637,169,80,89
E00091638,261,133,128
E00091640,278,130,148
E00091641,243,114,129
E00091671,301,156,145
E00091672,230,110,120
E00091674,223,124,99
E00091677,321,161,160
E00091678,268,140,128
E00091670,359,178,181
E00091675,302,152,150
E00091676,253,133,120
E00183555,266,135,131
E00183556,442,207,235
E00091532,382,182,200
E00091533,364,175,189
E00091535,356,180,176
E00091536,264,141,123
E00091537,372,166,206
E00091538,365,181,184
E00091568,372,195,177
E00091572,315,160,155
E00091574,327,165,162
E00173791,361,195,166
E00173792,352,179,173
E00173793,375,190,185
E00183609,103,53,50
E00183610,564,294,270
E00091558,303,142,161
E00091559,590,293,297
E00091573,275,143,132
E00091575,283,146,137
E00091560,227,130,97
E00091563,314,156,158
E00091571,240,111,129
E00091576,280,144,136
E00183541,195,93,102
E00183542,367,179,188
E00091564,448,228,220
E00091565,256,137,119
E00091567,422,218,204
E00091562,419,205,214
E00173808,414,195,219
E00173809,187,110,77
E00173810,302,140,162
E00091652,226,114,112
E00091653,312,163,149
E00091654,345,179,166
E00091655,319,153,166
E00091668,300,150,150
E00091649,298,151,147
E00091662,318,165,153
E00091663,249,131,118
E00091664,307,145,162
E00091669,266,128,138
E00091651,217,110,107
E00091656,177,98,79
E00091657,225,115,110
E00091659,325,164,161
E00091660,188,93,95
E00183548,179,86,93
E00183549,281,125,156
E00183550,213,108,105
E00183551,224,107,117
E00091648,268,135,133
E00091650,347,189,158
E00091665,358,181,177
E00091666,263,138,125
E00183552,587,308,279
E00183553,246,128,118
E00183554,176,95,81
E00091481,343,171,172
E00091483,268,152,116
E00091484,296,142,154
E00091488,321,155,166
E00091491,286,143,143
E00091478,569,280,289
E00091487,316,158,158
E00091490,377,195,182
E00091492,394,209,185
E00091477,570,289,281
E00091480,304,156,148
E00091493,228,107,121
E00091494,471,240,231
E00091495,288,144,144
E00091482,337,160,177
E00091485,246,136,110
E00091486,273,142,131
E00091489,256,135,121
E00091496,172,77,95
E00183533,239,116,123
E00183534,238,120,118
E00183535,568,282,286
E00183536,142,69,73
E00183537,391,201,190
E00091448,167,83,84
E00091451,153,77,76
E00091452,272,143,129
E00091453,332,165,167
E00091456,268,133,135
E00091457,336,160,176
E00091447,422,214,208
E00091449,341,171,170
E00091450,372,174,198
E00091454,189,90,99
E00091455,233,113,120
E00091458,138,77,61
E00091578,262,135,127
E00091579,256,131,125
E00091580,333,176,157
E00091581,261,131,130
E00091582,321,167,154
E00091583,246,130,116
E00091584,274,139,135
E00091585,312,156,156
E00091586,280,153,127
E00091587,256,129,127
E00091588,353,164,189
E00091468,283,143,140
E00091470,426,217,209
E00091473,282,138,144
E00091474,290,145,145
E00091475,355,189,166
E00091469,380,206,174
E00091476,281,147,134
E00173824,300,152,148
E00173826,315,171,144
E00183531,280,151,129
E00183532,388,205,183
E00091818,308,160,148
E00091819,311,150,161
E00091822,286,143,143
E00091826,267,142,125
E00091828,278,160,118
E00091823,272,140,132
E00091824,229,106,123
E00091825,291,150,141
E00091827,279,147,132
E00183564,618,319,299
E00183565,166,83,83
E00091820,351,179,172
E00091829,395,195,200
E00091830,344,171,173
E00091831,314,164,150
E00091832,266,137,129
E00091833,317,164,153
E00091834,387,174,213
E00091835,238,122,116
E00091836,263,140,123
E00091837,277,135,142
E00091412,313,148,165
E00091413,285,138,147
E00091414,318,173,145
E00173794,1199,47,1152
E00173795,229,110,119
E00091418,298,159,139
E00091420,331,151,180
E00091422,300,155,145
E00091423,115,61,54
E00091426,379,183,196
E00091427,140,74,66
E00091416,284,153,131
E00091417,414,210,204
E00091419,167,98,69
E00091421,256,133,123
E00091424,284,153,131
E00091425,419,218,201
E00091501,341,167,174
E00091504,271,137,134
E00091505,310,149,161
E00091506,468,256,212
E00091507,336,167,169
E00091497,422,216,206
E00091498,337,169,168
E00091499,342,166,176
E00091500,303,162,141
E00091509,283,142,141
E00091592,245,123,122
E00091593,263,135,128
E00091595,316,159,157
E00091597,277,137,140
E00183543,406,210,196
E00183544,150,81,69
E00183545,508,256,252
E00183546,151,71,80
E00183547,157,79,78
E00091589,301,137,164
E00091590,312,150,162
E00091591,361,198,163
E00091596,288,151,137
E00091598,298,165,133
E00091502,345,180,165
E00091503,315,162,153
E00091510,415,202,213
E00183620,477,247,230
E00183622,182,101,81
E00183613,392,190,202
E00183614,246,120,126
E00183616,354,177,177
E00183617,121,63,58
E00183618,476,232,244
E00183619,190,101,89
E00173812,426,220,206
E00173813,402,211,191
E00173821,365,181,184
E00183615,245,128,117
E00183621,268,130,138
E00091749,270,142,128
E00091759,356,188,168
E00091763,256,121,135
E00091765,242,127,115
E00183557,217,114,103
E00183558,204,91,113
E00183559,318,161,157
E00183560,170,86,84
E00091755,294,147,147
E00091760,253,132,121
E00091764,371,187,184
E00091766,292,148,144
E00091767,214,113,101
E00091750,286,152,134
E00091751,319,157,162
E00091752,286,150,136
E00091753,369,176,193
E00091754,309,164,145
E00091756,265,131,134
E00091757,354,175,179
E00091758,318,157,161
E00091761,319,171,148
E00091684,297,152,145
E00091686,149,92,57
E00091688,337,171,166
E00091691,256,136,120
E00091697,380,196,184
E00091690,308,164,144
E00091693,215,113,102
E00091695,276,136,140
E00091696,354,177,177
E00091679,324,164,160
E00091692,288,147,141
E00091694,270,139,131
E00091698,342,175,167
E00091699,291,143,148
E00091683,366,178,188
E00091685,342,179,163
E00091689,335,168,167
E00091700,316,161,155
E00091680,413,202,211
E00091681,301,147,154
E00091682,297,149,148
E00091687,269,127,142
E00091730,368,196,172
E00091733,261,127,134
E00091734,284,138,146
E00091735,336,161,175
E00091736,169,86,83
E00091725,282,141,141
E00091737,253,126,127
E00091738,265,134,131
E00091740,275,138,137
E00091742,323,171,152
E00091722,279,145,134
E00091741,362,189,173
E00091744,265,142,123
E00091746,298,156,142
E00091727,285,143,142
E00091739,321,154,167
E00091743,363,194,169
E00091745,292,151,141
E00091747,283,137,146
E00091723,215,112,103
E00091726,326,170,156
E00091728,312,154,158
E00091729,347,172,175
E00091731,484,241,243
E00091720,226,109,117
E00091721,278,133,145
E00091724,277,142,135
E00091732,284,141,143
E00173819,313,158,155
E00173820,244,123,121
E00173816,240,110,130
E00173817,292,140,152
E00173822,595,293,302
E00183623,142,69,73
E00183624,394,220,174
E00091701,287,141,146
E00091705,280,137,143
E00091710,287,146,141
E00091711,300,151,149
E00091718,243,130,113
E00091702,351,173,178
E00091706,249,136,113
E00091708,320,154,166
E00091709,462,239,223
E00091716,297,147,150
E00091707,421,212,209
E00091713,284,152,132
E00091715,350,182,168
E00091717,361,177,184
E00091703,366,185,181
E00091704,348,174,174
E00091712,223,126,97
E00091714,296,149,147
E00092321,426,222,204
E00092324,323,172,151
E00092328,355,167,188
E00092329,355,182,173
E00170789,296,156,140
E00170790,339,170,169
E00092313,250,135,115
E00092316,353,170,183
E00092317,337,165,172
E00092318,350,175,175
E00092314,394,206,188
E00092315,375,195,180
E00092319,397,203,194
E00092320,439,218,221
E00092322,363,177,186
E00092323,430,229,201
E00092326,339,174,165
E00092327,419,212,207
E00092330,375,201,174
E00092331,327,158,169
E00091981,203,107,96
E00091987,175,77,98
E00091992,336,168,168
E00091994,363,187,176
E00092000,447,225,222
E00091980,355,154,201
E00091982,336,180,156
E00091983,274,140,134
E00091986,278,142,136
E00091989,313,156,157
E00091977,304,160,144
E00091978,272,140,132
E00091988,276,136,140
E00091991,354,181,173
E00091995,431,222,209
E00091979,293,152,141
E00091984,450,227,223
E00091985,423,200,223
E00091990,551,284,267
E00091993,342,169,173
E00091996,377,193,184
E00091997,406,199,207
E00091998,368,191,177
E00091999,348,190,158
E00092218,391,208,183
E00092219,337,171,166
E00092221,342,193,149
E00092225,293,148,145
E00092220,476,235,241
E00092222,304,175,129
E00092223,333,174,159
E00092224,268,142,126
E00187744,526,265,261
E00187752,334,157,177
E00187818,188,90,98
E00187819,197,86,111
E00187828,438,226,212
E00170798,410,178,232
E00187693,555,279,276
E00187745,273,136,137
E00187804,210,112,98
E00092129,339,160,179
E00092130,285,143,142
E00187716,259,140,119
E00187788,425,225,200
E00092131,415,198,217
E00170797,309,157,152
E00187651,294,138,156
E00187737,241,119,122
E00092294,219,106,113
E00092303,259,145,114
E00092304,472,253,219
E00187728,454,225,229
E00187765,207,104,103
E00092293,221,110,111
E00092296,268,141,127
E00092297,301,144,157
E00092298,271,141,130
E00187671,256,129,127
E00187794,339,162,177
E00187800,428,232,196
E00187846,219,114,105
E00092288,313,125,188
E00092289,275,133,142
E00092290,343,175,168
E00092301,319,161,158
E00092291,360,184,176
E00092299,313,156,157
E00092300,356,194,162
E00092302,332,177,155
E00092085,376,192,184
E00092098,298,164,134
E00092099,295,155,140
E00092108,496,252,244
E00092087,278,137,141
E00092089,362,183,179
E00092090,349,167,182
E00092092,299,162,137
E00092093,361,185,176
E00092097,538,257,281
E00092102,228,119,109
E00092107,334,173,161
E00092109,330,166,164
E00092086,297,182,115
E00092091,216,119,97
E00092094,331,155,176
E00092095,326,164,162
E00092100,385,188,197
E00092103,365,186,179
E00092083,362,194,168
E00092084,332,163,169
E00092088,326,172,154
E00092096,363,186,177
E00092101,296,152,144
E00092105,272,156,116
E00092106,231,125,106
E00170823,283,154,129
E00170826,362,152,210
E00170824,308,150,158
E00170825,387,176,211
E00170827,523,256,267
E00170830,491,225,266
E00170831,426,215,211
E00092159,340,167,173
E00092163,330,167,163
E00092166,521,270,251
E00092167,330,166,164
E00092160,276,127,149
E00092162,252,145,107
E00092164,249,126,123
E00092170,280,145,135
E00092171,296,149,147
E00092161,330,173,157
E00092165,337,174,163
E00092168,320,157,163
E00092169,301,140,161
E00092172,246,103,143
E00092280,315,160,155
E00092281,305,153,152
E00092282,194,96,98
E00092285,328,164,164
E00187691,157,83,74
E00187813,389,215,174
E00091965,461,227,234
E00091966,508,256,252
E00091967,244,126,118
E00091968,254,129,125
E00091969,318,180,138
E00170833,313,163,150
E00170834,419,210,209
E00170835,349,176,173
E00091970,320,156,164
E00091971,308,166,142
E00091972,299,157,142
E00091973,354,196,158
E00091974,346,180,166
E00091975,322,175,147
E00091976,301,167,134
E00092059,287,140,147
E00092061,276,147,129
E00092065,296,148,148
E00092066,275,135,140
E00092060,286,145,141
E00092062,478,238,240
E00092063,426,219,207
E00092064,334,172,162
E00092074,232,122,110
E00092075,316,167,149
E00092081,280,141,139
E00092082,285,146,139
E00092022,307,162,145
E00092025,275,136,139
E00092026,519,265,254
E00092027,312,149,163
E00092028,278,153,125
E00092018,389,199,190
E00092020,350,158,192
E00092023,294,146,148
E00092030,326,175,151
E00092031,269,121,148
E00092017,397,197,200
E00092019,419,265,154
E00092021,272,148,124
E00092024,302,154,148
E00092029,336,187,149
E00092227,260,139,121
E00092231,292,143,149
E00092233,272,142,130
E00092234,398,204,194
E00092235,240,112,128
E00092236,119,69,50
E00092226,392,191,201
E00092228,287,151,136
E00092229,172,82,90
E00092230,233,119,114
E00092232,201,92,109
E00092283,305,160,145
E00092284,301,151,150
E00092286,431,213,218
E00092257,419,227,192
E00092258,422,218,204
E00092259,226,121,105
E00092269,148,73,75
E00092278,325,177,148
E00092264,300,163,137
E00092265,134,69,65
E00092266,370,188,182
E00092267,369,187,182
E00092268,404,214,190
E00092255,242,125,117
E00092256,275,114,161
E00092260,378,193,185
E00092261,314,161,153
E00092262,311,151,160
E00092263,221,124,97
E00092274,240,134,106
E00092275,313,161,152
E00092276,385,191,194
E00092277,341,173,168
E00092279,397,193,204
E00092034,318,151,167
E00092035,309,154,155
E00092038,371,181,190
E00092041,303,160,143
E00092043,389,201,188
E00092037,263,152,111
E00092039,328,166,162
E00092040,364,202,162
E00092042,346,177,169
E00092044,257,124,133
E00092032,402,206,196
E00092033,206,106,100
E00092036,502,255,247
E00092045,185,93,92
E00092046,287,152,135
E00092047,207,100,107
E00092173,465,236,229
E00092174,373,230,143
E00092175,347,164,183
E00092176,250,126,124
E00092177,259,129,130
E00092178,337,181,156
E00092179,300,152,148
E00092180,291,142,149
E00092013,306,155,151
E00092014,427,215,212
E00092015,341,179,162
E00092016,204,111,93
E00092067,397,200,197
E00092070,334,155,179
E00092071,428,217,211
E00092068,283,133,150
E00092069,384,195,189
E00092072,262,132,130
E00187677,311,143,168
E00187711,161,81,80
E00187733,153,68,85
E00187808,431,218,213
E00092076,335,166,169
E00092077,306,154,152
E00092079,300,156,144
E00092080,300,159,141
E00187672,290,149,141
E00187700,126,70,56
E00187750,623,317,306
E00187811,278,149,129
E00092270,247,127,120
E00092271,238,118,120
E00092272,289,159,130
E00092273,365,183,182
E00092199,245,128,117
E00092201,431,232,199
E00092202,272,146,126
E00092205,360,181,179
E00092214,321,170,151
E00092198,349,164,185
E00092210,392,195,197
E00092211,280,135,145
E00092212,158,82,76
E00092216,302,155,147
E00092197,378,188,190
E00092200,450,243,207
E00092213,295,154,141
E00092215,209,110,99
E00092217,252,122,130
E00092203,371,189,182
E00092204,239,123,116
E00092206,338,181,157
E00092207,371,207,164
E00092195,382,203,179
E00092196,343,167,176
E00092208,179,87,92
E00092209,351,176,175
E00091896,311,164,147
E00091900,284,150,134
E00091901,180,87,93
E00091906,435,218,217
E00091908,489,248,241
E00091897,351,181,170
E00091898,352,194,158
E00091899,325,170,155
E00091907,405,201,204
E00091902,360,175,185
E00091903,285,143,142
E00091904,461,238,223
E00091905,299,151,148
E00092110,197,97,100
E00092115,360,183,177
E00092116,243,118,125
E00092122,315,161,154
E00092123,367,181,186
E00092111,344,202,142
E00092117,411,214,197
E00092118,259,144,115
E00092119,265,135,130
E00092121,328,175,153
E00092112,436,220,216
E00092113,283,140,143
E00092114,356,181,175
E00092120,265,145,120
E00092124,232,118,114
E00092125,114,59,55
E00092003,382,189,193
E00092006,333,171,162
E00092007,373,192,181
E00092008,374,194,180
E00092001,481,249,232
E00092002,358,176,182
E00092004,258,131,127
E00092005,406,201,205
E00092239,514,248,266
E00092240,280,150,130
E00092242,273,126,147
E00092243,219,113,106
E00092237,350,180,170
E00092238,237,115,122
E00092241,330,172,158
E00092244,146,71,75
E00092245,214,115,99
E00092305,262,130,132
E00092306,199,94,105
E00092309,371,177,194
E00170821,383,187,196
E00170822,287,135,152
E00092308,258,139,119
E00092310,316,162,154
E00092311,344,182,162
E00092312,320,163,157
E00092009,265,131,134
E00092010,359,169,190
E00092011,354,175,179
E00092012,317,160,157
E00092138,255,133,122
E00092139,315,162,153
E00092142,292,148,144
E00092143,353,180,173
E00092145,328,161,167
E00092146,435,233,202
E00092150,297,152,145
E00092132,286,140,146
E00092133,246,130,116
E00092134,120,57,63
E00092135,213,115,98
E00092136,318,164,154
E00092140,361,194,167
E00092144,428,204,224
E00092137,396,205,191
E00092141,315,170,145
E00092147,301,150,151
E00092148,190,102,88
E00092149,311,162,149
E00092152,322,166,156
E00092156,253,136,117
E00092157,164,81,83
E00092158,368,179,189
E00092151,386,201,185
E00092153,350,186,164
E00092155,316,150,166
E00187644,205,111,94
E00187662,450,231,219
E00091937,219,88,131
E00091940,202,101,101
E00091942,131,58,73
E00091951,103,54,49
E00091952,399,201,198
E00091953,165,76,89
E00091936,390,198,192
E00091939,223,124,99
E00091943,364,186,178
E00091944,350,183,167
E00091945,305,155,150
E00091947,285,159,126
E00091938,290,133,157
E00091941,203,110,93
E00091946,301,156,145
E00091948,254,120,134
E00091949,288,151,137
E00091950,303,149,154
E00092246,147,76,71
E00092247,300,147,153
E00092248,301,151,150
E00092249,332,174,158
E00092250,410,213,197
E00092251,246,132,114
E00092252,171,87,84
E00092253,363,189,174
E00092254,189,93,96
E00170791,238,131,107
E00170793,478,244,234
E00170794,310,166,144
E00170800,236,130,106
E00091954,561,286,275
E00170792,289,143,146
E00170799,301,150,151
E00170819,257,136,121
E00170801,369,180,189
E00170802,359,185,174
E00170820,334,187,147
E00170836,357,175,182
E00170805,327,182,145
E00170808,329,160,169
E00170816,338,170,168
E00170817,324,167,157
E00170807,398,200,198
E00170810,394,193,201
E00170811,326,159,167
E00170813,578,291,287
E00187680,326,167,159
E00187631,435,221,214
E00187735,335,171,164
E00187742,311,162,149
E00187747,522,274,248
E00187787,474,239,235
E00187844,378,188,190
E00092189,400,203,197
E00092193,476,252,224
E00170804,307,153,154
E00170837,328,160,168
E00092181,139,72,67
E00092182,358,181,177
E00092183,160,82,78
E00092184,259,124,135
E00092185,346,178,168
E00092186,325,162,163
E00092187,211,112,99
E00092188,279,139,140
E00092190,368,195,173
E00092194,419,218,201
E00170814,368,203,165
E00187674,161,70,91
E00187685,334,159,175
E00187730,179,84,95
E00187812,480,243,237
E00091957,341,172,169
E00091958,358,186,172
E00091960,317,159,158
E00170803,439,224,215
E00187670,622,318,304
E00187689,132,69,63
E00187815,493,257,236
E00187827,131,69,62
E00091962,159,77,82
E00091963,395,190,205
E00170806,327,157,170
E00170815,299,156,143
E00170818,322,175,147
E00091909,194,100,94
E00091910,262,130,132
E00091913,351,177,174
E00091914,217,110,107
E00091915,359,179,180
E00091918,237,114,123
E00091912,315,159,156
E00091916,267,136,131
E00091917,274,134,140
E00091920,246,134,112
E00091924,305,149,156
E00091911,298,146,152
E00091919,262,132,130
E00091921,279,142,137
E00091922,338,164,174
E00091923,216,105,111
E00091925,393,195,198
E00091926,161,85,76
E00091929,315,152,163
E00091930,273,144,129
E00091931,341,177,164
E00091932,338,160,178
E00091935,208,103,105
E00091927,280,152,128
E00091928,224,123,101
E00091933,257,139,118
E00091934,279,150,129
E00092050,395,202,193
E00170828,350,170,180
E00170829,324,159,165
E00187612,477,236,241
E00187748,433,221,212
E00187817,245,149,96
E00092048,308,159,149
E00092049,426,216,210
E00092051,374,189,185
E00092052,265,139,126
E00092056,253,124,129
E00092057,266,138,128
E00092058,271,141,130
E00107872,340,167,173
E00107873,291,145,146
E00107874,389,208,181
E00107908,346,166,180
E00107904,403,208,195
E00107905,354,171,183
E00107906,328,174,154
E00107907,279,149,130
E00107879,307,153,154
E00107883,360,193,167
E00107886,302,154,148
E00107888,283,144,139
E00107913,260,138,122
E00107935,325,164,161
E00107937,353,178,175
E00107942,309,166,143
E00107945,309,156,153
E00107912,317,162,155
E00107934,284,152,132
E00107936,357,182,175
E00107938,319,164,155
E00107939,299,149,150
E00107915,383,205,178
E00107920,286,152,134
E00107941,276,156,120
E00107944,246,115,131
E00107947,261,145,116
E00107924,245,150,95
E00107927,269,133,136
E00107930,316,157,159
E00107931,323,163,160
E00107933,299,160,139
E00107910,313,152,161
E00107911,265,143,122
E00107921,335,174,161
E00107923,316,172,144
E00107946,279,146,133
E00107917,315,158,157
E00107919,314,166,148
E00107925,351,173,178
E00107926,282,143,139
E00107928,287,152,135
E00107909,345,169,176
E00107914,185,113,72
E00107940,272,146,126
E00107943,290,146,144
E00107948,288,152,136
E00107875,376,187,189
E00107876,333,169,164
E00107877,327,159,168
E00107880,414,214,200
E00107878,312,162,150
E00107881,172,84,88
E00107885,356,171,185
E00107889,272,131,141
E00107893,332,172,160
E00107894,324,156,168
E00107884,321,170,151
E00107887,380,201,179
E00107895,287,136,151
E00107897,314,170,144
E00107902,412,233,179
E00107882,324,164,160
E00107890,344,168,176
E00107900,350,166,184
E00107901,333,170,163
E00107903,319,163,156
E00107916,210,115,95
E00107918,338,168,170
E00107922,310,154,156
E00107929,306,151,155
E00107932,335,165,170
E00107891,333,169,164
E00107892,279,145,134
E00107896,322,158,164
E00107898,356,170,186
E00107899,254,131,123
E00107957,354,178,176
E00107958,370,188,182
E00107959,336,160,176
E00107960,414,209,205
E00107961,295,153,142
E00107949,271,145,126
E00107952,304,173,131
E00107954,305,161,144
E00107962,308,165,143
E00107977,349,189,160
E00107950,303,160,143
E00107951,310,158,152
E00107953,289,140,149
E00107955,281,146,135
E00107956,318,164,154
E00107963,267,131,136
E00107966,356,195,161
E00107976,302,156,146
E00107979,227,132,95
E00107980,333,180,153
E00107981,228,125,103
E00108392,296,153,143
E00108393,432,235,197
E00108394,278,141,137
E00108396,331,166,165
E00108399,373,196,177
E00108366,294,166,128
E00108375,338,175,163
E00108378,366,200,166
E00108397,356,178,178
E00108398,339,169,170
E00108369,492,255,237
E00108388,315,170,145
E00108389,323,164,159
E00108390,368,185,183
E00182429,467,238,229
E00182446,168,85,83
E00108365,373,195,178
E00108370,302,161,141
E00108374,270,133,137
E00108400,242,138,104
E00108402,237,119,118
E00107987,315,154,161
E00107988,321,151,170
E00107995,465,238,227
E00107996,369,184,185
E00108342,455,219,236
E00108350,327,174,153
E00108351,223,121,102
E00108355,281,146,135
E00108359,216,118,98
E00108345,344,162,182
E00108347,273,136,137
E00108348,303,155,148
E00108349,414,210,204
E00108363,287,145,142
E00108346,288,147,141
E00108357,238,130,108
E00108358,300,163,137
E00108360,313,156,157
E00108364,286,142,144
E00108340,292,159,133
E00108341,328,173,155
E00108353,318,165,153
E00108354,318,166,152
E00108356,301,152,149
E00108368,381,194,187
E00108379,271,131,140
E00108384,394,203,191
E00108387,341,162,179
E00108376,347,174,173
E00108377,306,155,151
E00108391,259,130,129
E00108401,275,149,126
E00108403,309,164,145
E00108371,451,231,220
E00108372,298,144,154
E00108373,250,122,128
E00108380,420,209,211
E00108385,391,193,198
E00108367,391,196,195
E00108381,242,132,110
E00108382,299,157,142
E00108383,350,168,182
E00108386,391,197,194
E00108405,439,219,220
E00108424,433,209,224
E00108426,608,311,297
E00108428,294,147,147
E00108429,296,161,135
E00108343,375,192,183
E00108344,243,128,115
E00108361,320,161,159
E00108362,308,162,146
E00182419,177,79,98
E00182470,323,161,162
E00182504,137,74,63
E00108406,396,210,186
E00108420,312,151,161
E00108422,458,227,231
E00108427,297,163,134
E00108430,216,121,95
E00108407,301,146,155
E00108408,380,203,177
E00108409,210,118,92
E00108421,318,163,155
E00108423,265,132,133
E00108425,285,143,142
E00108410,333,169,164
E00108412,490,258,232
E00108413,326,162,164
E00108419,429,217,212
E00171451,395,212,183
E00171453,278,141,137
E00108404,321,151,170
E00108414,345,175,170
E00108415,316,165,151
E00108416,278,133,145
E00108417,386,212,174
E00108418,502,256,246
E00107972,332,168,164
E00107974,392,203,189
E00107975,360,182,178
E00107983,219,104,115
E00107984,199,98,101
E00107965,362,172,190
E00107971,347,180,167
E00107973,297,151,146
E00107978,320,157,163
E00107982,242,124,118
E00107964,335,185,150
E00107967,299,142,157
E00107968,333,176,157
E00107969,226,113,113
E00107970,359,173,186
E00107997,344,178,166
E00107998,280,143,137
E00107999,263,128,135
E00108000,331,164,167
E00108002,282,140,142
E00108003,321,165,156
E00107990,376,188,188
E00107992,426,217,209
E00107994,254,124,130
E00108006,341,167,174
E00108007,305,154,151
E00108001,241,126,115
E00108004,266,145,121
E00108005,211,115,96
E00108008,276,156,120
E00108009,253,133,120
E00108010,315,155,160
E00107985,370,201,169
E00107986,455,240,215
E00107989,382,195,187
E00107991,355,175,180
E00107993,322,169,153
E00108053,271,135,136
E00108056,444,228,216
E00108059,327,171,156
E00108060,327,161,166
E00108067,228,126,102
E00108069,323,188,135
E00108057,454,229,225
E00108058,307,164,143
E00108064,321,160,161
E00108071,325,176,149
E00108090,256,135,121
E00108208,273,145,128
E00108209,262,128,134
E00108214,320,167,153
E00108215,341,169,172
E00108216,348,177,171
E00108200,273,138,135
E00108204,306,149,157
E00108218,221,125,96
E00108219,344,185,159
E00108240,247,139,108
E00108202,241,123,118
E00108203,344,176,168
E00108234,417,227,190
E00108235,386,181,205
E00108199,303,157,146
E00108237,257,143,114
E00108238,335,165,170
E00108239,342,182,160
E00108201,307,152,155
E00108207,266,136,130
E00108211,300,154,146
E00108236,196,97,99
E00108241,285,155,130
E00108247,340,169,171
E00108248,312,157,155
E00108272,198,92,106
E00108273,444,214,230
E00108274,330,181,149
E00108039,298,157,141
E00108044,400,200,200
E00108046,300,149,151
E00108049,408,204,204
E00108050,382,190,192
E00108016,359,173,186
E00108019,429,217,212
E00108021,220,119,101
E00108023,345,174,171
E00108024,346,184,162
E00108026,298,166,132
E00108014,290,150,140
E00108017,419,214,205
E00108020,339,179,160
E00108022,370,187,183
E00182506,532,277,255
E00182516,184,93,91
E00108027,359,177,182
E00108037,483,257,226
E00108038,302,149,153
E00108042,344,168,176
E00182407,381,194,187
E00182462,357,199,158
E00108025,295,151,144
E00108028,332,174,158
E00108029,317,179,138
E00108035,346,181,165
E00108036,361,190,171
E00108011,366,201,165
E00108012,342,183,159
E00108015,281,167,114
E00108041,437,236,201
E00108048,443,235,208
E00108205,518,254,264
E00108206,191,98,93
E00108210,349,173,176
E00108212,381,204,177
E00108217,242,130,112
E00108213,297,150,147
E00108220,314,180,134
E00108222,269,139,130
E00108223,303,156,147
E00108224,266,136,130
E00108226,304,156,148
E00108229,262,134,128
E00108231,340,181,159
E00108232,235,117,118
E00108233,305,161,144
E00108221,279,133,146
E00108225,302,165,137
E00108227,295,155,140
E00108228,269,137,132
E00108230,318,165,153
E00108054,293,154,139
E00108055,359,197,162
E00108066,322,159,163
E00108070,312,165,147
E00108074,338,175,163
E00108075,288,151,137
E00108076,303,153,150
E00108077,339,170,169
E00108081,364,191,173
E00108082,343,194,149
E00108084,312,158,154
E00108078,363,191,172
E00108079,263,141,122
E00108083,302,146,156
E00108087,302,157,145
E00108089,286,147,139
E00108073,347,175,172
E00108080,250,131,119
E00108085,253,122,131
E00108086,288,151,137
E00108088,276,145,131
E00108063,332,183,149
E00182414,331,169,162
E00182447,246,127,119
E00182464,582,297,285
E00182479,189,96,93
E00182503,212,100,112
E00108062,519,282,237
E00108072,258,153,105
E00182405,339,172,167
E00182448,287,158,129
E00182478,273,141,132
E00108013,275,138,137
E00108040,326,170,156
E00108043,295,151,144
E00108045,295,154,141
E00108047,290,161,129
E00108051,308,158,150
E00108018,241,130,111
E00108030,481,271,210
E00108032,270,132,138
E00108033,424,240,184
E00108034,267,147,120
E00108287,355,174,181
E00108289,344,197,147
E00108290,466,248,218
E00108294,320,180,140
E00108309,393,206,187
E00182406,456,273,183
E00182424,112,57,55
E00182461,259,126,133
E00108283,356,184,172
E00108284,382,188,194
E00108286,295,150,145
E00108291,294,156,138
E00108300,403,199,204
E00108292,361,203,158
E00108296,306,157,149
E00108297,324,167,157
E00108301,410,218,192
E00108302,308,153,155
E00108140,389,189,200
E00108142,341,173,168
E00108149,357,192,165
E00108150,484,257,227
E00182415,427,178,249
E00182418,106,49,57
E00108148,309,178,131
E00108152,392,197,195
E00108154,519,281,238
E00108156,543,286,257
E00108121,301,156,145
E00108125,310,158,152
E00108128,342,178,164
E00108158,296,155,141
E00182436,497,257,240
E00182487,202,107,95
E00108126,372,199,173
E00108127,458,254,204
E00108132,332,178,154
E00108136,430,222,208
E00108159,289,139,150
E00108123,422,220,202
E00108124,316,157,159
E00108133,302,157,145
E00108135,141,60,81
E00108157,476,230,246
E00108160,535,283,252
E00108139,312,158,154
E00108143,340,177,163
E00108145,339,173,166
E00108151,302,156,146
E00108153,298,151,147
E00108122,369,195,174
E00108130,310,167,143
E00108137,295,142,153
E00108141,319,171,148
E00108144,440,225,215
E00108120,299,136,163
E00108129,230,119,111
E00108134,312,154,158
E00108138,272,145,127
E00108146,355,177,178
E00108147,379,194,185
E00108161,290,142,148
E00108174,297,156,141
E00108175,289,160,129
E00108184,401,206,195
E00108185,302,164,138
E00108285,293,139,154
E00108305,254,126,128
E00108306,269,140,129
E00108307,332,166,166
E00108308,311,159,152
E00182428,211,116,95
E00182494,570,290,280
E00182518,170,76,94
E00108246,338,174,164
E00108249,260,122,138
E00108253,273,134,139
E00108256,272,147,125
E00108275,322,166,156
E00108244,286,148,138
E00108276,320,173,147
E00108277,305,159,146
E00108278,235,127,108
E00108279,288,153,135
E00108245,397,207,190
E00108251,374,190,184
E00108252,359,177,182
E00108280,112,52,60
E00108281,317,166,151
E00108250,286,152,134
E00108257,262,139,123
E00108260,335,165,170
E00108261,338,174,164
E00108262,220,121,99
E00108282,281,141,140
E00108254,329,157,172
E00108255,334,161,173
E00108258,352,180,172
E00108259,268,159,109
E00108263,367,180,187
E00108288,365,177,188
E00108293,329,166,163
E00108298,309,154,155
E00108299,363,181,182
E00108304,261,133,128
E00108330,311,170,141
E00108331,449,230,219
E00108334,342,180,162
E00108335,330,177,153
E00108336,386,196,190
E00108312,319,174,145
E00108324,408,200,208
E00108326,411,210,201
E00108328,303,157,146
E00108332,346,176,170
E00108313,414,211,203
E00108314,303,155,148
E00108333,348,191,157
E00108337,252,130,122
E00108339,317,157,160
E00108310,395,198,197
E00108319,279,158,121
E00108320,255,132,123
E00108322,364,187,177
E00108325,448,231,217
E00108183,284,132,152
E00108186,304,154,150
E00108189,284,144,140
E00108194,536,284,252
E00108195,343,169,174
E00108169,334,176,158
E00108170,307,159,148
E00108173,384,194,190
E00108177,310,166,144
E00108181,330,179,151
E00108179,284,165,119
E00108180,278,132,146
E00108182,464,234,230
E00108191,263,137,126
E00182439,171,107,64
E00182471,599,302,297
E00182488,168,87,81
E00108166,238,115,123
E00108192,354,185,169
E00108193,317,168,149
E00108196,312,151,161
E00108197,326,165,161
E00182416,713,370,343
E00182456,252,120,132
E00182501,523,252,271
E00108171,296,161,135
E00108176,266,132,134
E00108178,265,127,138
E00108188,247,121,126
E00108190,293,150,143
E00182451,144,75,69
E00182491,130,71,59
E00108098,271,140,131
E00108116,276,143,133
E00108117,284,148,136
E00171449,231,117,114
E00171450,192,99,93
E00171452,220,111,109
E00108092,295,152,143
E00108096,326,161,165
E00108097,332,167,165
E00108118,387,218,169
E00108119,123,59,64
E00108094,365,190,175
E00108101,311,148,163
E00108105,262,133,129
E00108109,202,95,107
E00108110,416,202,214
E00108100,334,169,165
E00108102,379,197,182
E00108103,343,182,161
E00108107,269,143,126
E00108108,263,127,136
E00108091,371,188,183
E00108095,236,118,118
E00108099,370,186,184
E00108104,302,148,154
E00108106,265,131,134
E00108111,267,138,129
E00108112,256,137,119
E00108113,275,141,134
E00108114,310,157,153
E00108115,310,158,152
E00108162,235,115,120
E00108163,346,181,165
E00108164,232,112,120
E00108167,343,183,160
E00108168,294,161,133
E00108187,327,163,164
E00108198,359,192,167
E00108242,322,152,170
E00108243,229,108,121
E00108264,245,123,122
E00108265,288,137,151
E00108268,259,129,130
E00108266,339,183,156
E00108267,282,141,141
E00108269,325,158,167
E00108270,256,131,125
E00108271,209,95,114
E00108315,289,146,143
E00108316,411,217,194
E00108317,459,240,219
E00108318,336,167,169
E00108321,378,187,191
E00108311,300,144,156
E00108323,317,165,152
E00108327,340,176,164
E00108329,301,157,144
E00108338,286,144,142
E00108578,394,196,198
E00108580,342,167,175
E00108581,348,172,176
E00108579,373,196,177
E00108582,206,105,101
E00108583,311,159,152
E00108584,525,275,250
E00108784,354,178,176
E00108785,379,185,194
E00108786,285,147,138
E00108787,289,154,135
E00108788,421,211,210
E00108789,266,133,133
E00108790,224,106,118
E00108867,247,121,126
E00108868,278,133,145
E00108869,263,128,135
E00108870,239,123,116
E00108871,317,156,161
E00108872,481,235,246
E00108873,124,57,67
E00108874,355,184,171
E00108688,141,70,71
E00108689,397,192,205
E00108690,385,203,182
E00108691,257,131,126
E00108704,292,145,147
E00108736,168,83,85
E00108737,371,182,189
E00108738,336,164,172
E00108739,325,157,168
E00108740,321,158,163
E00108741,327,165,162
E00108742,243,126,117
E00108743,195,98,97
E00108744,225,114,111
E00108746,202,102,100
E00108748,215,115,100
E00108749,190,100,90
E00108750,188,95,93
E00108751,128,65,63
E00108752,327,153,174
E00108753,206,108,98
E00108754,154,81,73
E00173996,377,192,185
E00108611,290,150,140
E00108613,364,195,169
E00108614,293,146,147
E00188038,322,156,166
E00188061,345,182,163
E00188119,329,174,155
E00108696,240,117,123
E00108700,417,198,219
E00108701,403,211,192
E00108703,442,218,224
E00188033,321,165,156
E00188068,355,184,171
E00188157,279,135,144
E00108692,314,160,154
E00108695,355,178,177
E00108697,420,223,197
E00108699,322,157,165
E00108702,281,154,127
E00108684,230,117,113
E00108685,270,136,134
E00108686,277,144,133
E00108687,268,143,125
E00108693,351,182,169
E00108698,329,155,174
E00108632,403,212,191
E00108641,257,128,129
E00108642,236,111,125
E00108646,372,183,189
E00108650,282,152,130
E00108651,261,139,122
E00108653,310,164,146
E00108636,392,201,191
E00108637,375,206,169
E00108638,403,225,178
E00108640,258,131,127
E00108645,352,168,184
E00108655,338,177,161
E00108661,379,212,167
E00108663,307,143,164
E00108665,289,148,141
E00108666,364,198,166
E00108654,308,154,154
E00108660,251,125,126
E00108662,313,146,167
E00108667,269,147,122
E00108668,300,158,142
E00108669,293,145,148
E00108656,392,197,195
E00108657,321,168,153
E00108658,271,126,145
E00108659,283,150,133
E00108664,308,157,151
E00108722,190,96,94
E00108723,337,155,182
E00108724,311,151,160
E00108725,279,140,139
E00108726,266,131,135
E00108727,355,184,171
E00108728,427,213,214
E00108775,256,132,124
E00108776,252,133,119
E00108777,333,171,162
E00108778,248,131,117
E00108779,285,144,141
E00108771,423,212,211
E00108772,387,193,194
E00108773,338,162,176
E00108774,295,146,149
E00108780,322,163,159
E00108781,265,130,135
E00108782,354,178,176
E00108783,353,181,172
E00108634,463,234,229
E00108635,356,178,178
E00108639,245,125,120
E00108643,332,177,155
E00188045,284,146,138
E00188080,205,108,97
E00188096,280,134,146
E00108644,241,122,119
E00108647,270,135,135
E00108649,318,163,155
E00108652,398,205,193
E00188029,346,172,174
E00188130,286,149,137
E00108759,262,117,145
E00108761,302,163,139
E00108765,348,177,171
E00108766,377,203,174
E00108769,132,61,71
E00108770,369,192,177
E00108755,333,158,175
E00108756,297,151,146
E00108757,366,182,184
E00108767,347,161,186
E00108768,473,248,225
E00108758,365,189,176
E00108760,362,191,171
E00108762,517,282,235
E00108763,264,136,128
E00108764,356,191,165
E00108445,358,177,181
E00108456,284,135,149
E00108457,336,171,165
E00108458,434,210,224
E00108450,374,199,175
E00108459,409,210,199
E00173977,346,171,175
E00173979,332,169,163
E00173997,155,78,77
E00108446,427,222,205
E00108449,322,166,156
E00108455,153,86,67
E00108460,222,108,114
E00108463,433,235,198
E00108466,312,157,155
E00108468,375,201,174
E00108477,335,168,167
E00108478,292,141,151
E00173980,277,145,132
E00173988,452,253,199
E00108467,538,266,272
E00108469,270,144,126
E00108471,316,155,161
E00108472,370,172,198
E00108608,424,204,220
E00108609,220,109,111
E00108610,290,144,146
E00108612,291,163,128
E00108470,290,150,140
E00108474,285,149,136
E00108475,317,155,162
E00108476,372,190,182
E00108479,255,135,120
E00108480,245,129,116
E00108482,357,185,172
E00108485,327,180,147
E00108489,355,170,185
E00108486,369,185,184
E00108488,326,188,138
E00108490,196,108,88
E00173974,214,110,104
E00173975,276,143,133
E00173976,247,131,116
E00173987,586,298,288
E00173990,330,164,166
E00108481,336,165,171
E00108484,235,109,126
E00108491,321,171,150
E00108492,299,148,151
E00108493,316,164,152
E00108494,306,160,146
E00108495,292,140,152
E00108443,365,175,190
E00108447,501,269,232
E00108451,303,153,150
E00108461,336,170,166
E00108462,316,158,158
E00108444,364,190,174
E00108452,401,204,197
E00108453,362,197,165
E00108454,297,146,151
E00108464,184,88,96
E00108465,159,80,79
E00108521,320,154,166
E00108524,321,151,170
E00108525,256,128,128
E00108526,339,168,171
E00108527,270,136,134
E00108533,397,206,191
E00173972,305,153,152
E00173973,263,125,138
E00173953,281,144,137
E00173954,291,146,145
E00173955,244,111,133
E00173956,205,100,105
E00173991,133,66,67
E00188032,252,115,137
E00188118,230,121,109
E00108514,345,172,173
E00108516,378,200,178
E00108517,414,187,227
E00108532,311,161,150
E00173957,307,160,147
E00108515,301,149,152
E00108518,330,163,167
E00108520,335,177,158
E00108523,251,122,129
E00108530,473,231,242
E00108512,394,204,190
E00108513,298,149,149
E00108522,313,165,148
E00108528,352,172,180
E00108529,282,149,133
E00108616,563,290,273
E00108617,561,289,272
E00108623,507,252,255
E00173985,375,188,187
E00173986,254,134,120
E00108729,355,184,171
E00108730,191,98,93
E00108731,336,170,166
E00108732,456,240,216
E00108733,322,168,154
E00108734,363,177,186
E00108735,338,171,167
E00108539,260,134,126
E00108546,392,185,207
E00108549,324,162,162
E00108551,259,127,132
E00108552,337,167,170
E00108540,220,108,112
E00108542,244,121,123
E00108543,390,204,186
E00108545,188,97,91
E00108554,377,191,186
E00108555,307,157,150
E00108557,248,129,119
E00108559,264,132,132
E00108561,294,151,143
E00108576,310,153,157
E00108577,286,144,142
E00188041,341,175,166
E00188167,377,190,187
E00108556,259,141,118
E00108563,306,154,152
E00108564,259,136,123
E00108566,351,174,177
E00108567,351,182,169
E00108569,336,176,160
E00108573,312,162,150
E00188106,246,119,127
E00188109,242,124,118
E00188146,270,124,146
E00108571,292,143,149
E00108572,323,160,163
E00173967,228,119,109
E00173968,392,202,190
E00173969,247,120,127
E00108502,369,208,161
E00108503,388,196,192
E00108505,235,116,119
E00108509,324,175,149
E00108510,322,169,153
E00108511,255,133,122
E00108496,337,163,174
E00108497,218,105,113
E00108501,322,171,151
E00108504,264,136,128
E00188088,259,126,133
E00188125,225,116,109
E00188166,147,72,75
E00108537,444,240,204
E00108538,492,245,247
E00108548,316,175,141
E00108550,227,124,103
E00108536,392,199,193
E00108544,611,305,306
E00108547,334,171,163
E00108553,438,225,213
E00173978,350,163,187
E00173989,330,174,156
E00173992,368,189,179
E00108601,267,145,122
E00108602,299,144,155
E00108603,563,285,278
E00108604,286,144,142
E00108605,572,267,305
E00108606,342,183,159
E00108607,319,165,154
E00108432,362,186,176
E00108433,316,171,145
E00108434,327,165,162
E00108435,473,248,225
E00108436,291,151,140
E00173982,306,139,167
E00173983,276,142,134
E00173984,347,182,165
E00108560,422,223,199
E00108562,352,208,144
E00108568,302,154,148
E00108574,337,168,169
E00108575,283,155,128
E00108620,296,157,139
E00108624,370,176,194
E00108625,369,182,187
E00108631,244,125,119
E00173970,364,193,171
E00173971,404,210,194
E00173981,234,122,112
E00108619,493,257,236
E00108622,445,238,207
E00108629,333,180,153
E00108618,404,213,191
E00108621,405,196,209
E00108627,364,186,178
E00108628,418,225,193
E00108591,366,189,177
E00108593,305,160,145
E00108596,284,154,130
E00108599,322,156,166
E00108600,507,255,252
E00108585,271,148,123
E00108586,296,163,133
E00108594,259,140,119
E00108595,210,119,91
E00108597,259,129,130
E00108598,285,151,134
E00108587,529,264,265
E00108588,264,123,141
E00108589,300,156,144
E00108590,374,192,182
E00108592,336,159,177
E00108713,305,151,154
E00108714,333,167,166
E00108715,300,147,153
E00108716,321,171,150
E00108721,364,207,157
E00108711,364,181,183
E00108712,362,178,184
E00108717,317,154,163
E00108718,346,170,176
E00108719,339,163,176
E00108720,301,151,150
E00108705,281,151,130
E00108706,332,170,162
E00108707,287,141,146
E00108708,307,153,154
E00108709,139,69,70
E00108710,247,127,120
E00108498,311,167,144
E00108499,497,250,247
E00108506,471,238,233
E00108508,334,169,165
E00188070,339,170,169
E00188112,359,176,183
E00108799,331,160,171
E00108800,374,193,181
E00108801,292,152,140
E00108803,210,111,99
E00108805,329,168,161
E00108810,343,180,163
E00108811,300,158,142
E00108813,328,161,167
E00108815,260,129,131
E00108816,317,163,154
E00108812,236,121,115
E00108814,315,173,142
E00108817,280,139,141
E00108818,262,134,128
E00108819,258,133,125
E00108821,378,190,188
E00108856,226,121,105
E00108858,291,155,136
E00108861,345,175,170
E00108863,387,200,187
E00108847,266,129,137
E00108850,264,130,134
E00108852,312,160,152
E00108865,269,135,134
E00108866,286,156,130
E00108832,313,153,160
E00108837,348,189,159
E00108839,324,168,156
E00108841,316,167,149
E00108842,288,157,131
E00108857,278,150,128
E00108859,299,156,143
E00108860,258,133,125
E00108862,353,175,178
E00108864,296,155,141
E00108845,324,164,160
E00108846,385,199,186
E00108849,398,194,204
E00108851,235,124,111
E00108848,400,220,180
E00108853,260,129,131
E00108854,296,161,135
E00108855,365,193,172
E00108792,349,163,186
E00108793,240,119,121
E00108794,163,78,85
E00108796,338,179,159
E00108797,225,145,80
E00108798,249,138,111
E00108791,202,109,93
E00108795,350,176,174
E00108802,471,245,226
E00108804,412,206,206
E00108806,314,156,158
E00108807,183,79,104
E00108808,437,227,210
E00108809,325,154,171
E00108820,406,211,195
E00108822,247,123,124
E00108823,302,165,137
E00108827,318,166,152
E00108829,307,156,151
E00108831,303,159,144
E00108838,273,135,138
E00108840,271,131,140
E00108843,278,147,131
E00108828,253,133,120
E00173993,289,146,143
E00188036,284,149,135
E00188081,329,163,166
E00188097,342,176,166
E00188116,273,156,117
E00188151,311,156,155
E00173959,274,143,131
E00173960,268,133,135
E00173962,331,166,165
E00173963,361,186,175
E00173994,271,145,126
E00108836,367,191,176
E00173995,279,135,144
E00188019,388,202,186
E00108437,290,132,158
E00108438,121,53,68
E00108439,314,155,159
E00108440,330,172,158
E00108441,244,126,118
E00108442,288,152,136
E00108670,255,131,124
E00108671,270,128,142
E00108680,313,168,145
E00108681,283,140,143
E00108683,321,159,162
E00108672,290,142,148
E00108673,336,173,163
E00108674,290,148,142
E00108675,278,155,123
E00108682,293,152,141
E00108676,300,150,150
E00108677,377,185,192
E00108678,300,156,144
E00108679,394,211,183
E00108824,446,225,221
E00108825,318,178,140
E00108826,305,155,150
E00108834,314,165,149
E00173961,309,163,146
E00173966,277,139,138
E00173998,283,142,141
E00108932,504,256,248
E00108935,331,175,156
E00108936,349,181,168
E00108946,295,150,145
E00108933,326,164,162
E00108937,337,159,178
E00108938,325,168,157
E00108939,288,151,137
E00108940,327,181,146
E00108944,313,153,160
E00108945,289,155,134
E00182433,326,160,166
E00182525,322,196,126
E00108934,299,155,144
E00108941,318,159,159
E00108942,264,143,121
E00108943,138,73,65
E00108947,323,161,162
E00108948,366,191,175
E00109078,295,152,143
E00109079,460,238,222
E00109080,413,217,196
E00109081,313,162,151
E00109087,325,169,156
E00109088,415,209,206
E00109082,308,162,146
E00109083,337,172,165
E00109084,326,155,171
E00109085,337,173,164
E00109086,297,153,144
E00109013,295,149,146
E00109015,336,170,166
E00109016,251,123,128
E00109018,307,163,144
E00109021,334,166,168
E00109014,285,144,141
E00109017,344,183,161
E00109019,232,127,105
E00109020,264,134,130
E00109022,305,156,149
E00109024,284,155,129
E00109023,271,136,135
E00109025,325,166,159
E00109026,381,191,190
E00109028,308,167,141
E00109027,402,227,175
E00109029,254,124,130
E00109030,110,60,50
E00109031,270,150,120
E00109032,541,281,260
E00109033,261,127,134
E00108967,286,142,144
E00108969,359,177,182
E00108972,311,175,136
E00108973,291,149,142
E00108974,301,153,148
E00108978,309,160,149
E00108980,294,158,136
E00108982,410,210,200
E00108983,281,154,127
E00170068,379,179,200
E00108975,333,172,161
E00108976,338,194,144
E00108979,306,158,148
E00108984,319,157,162
E00108985,296,159,137
E00108986,394,181,213
E00108992,349,175,174
E00108994,273,152,121
E00108996,372,189,183
E00108998,284,151,133
E00109000,269,151,118
E00108988,244,137,107
E00108989,282,137,145
E00108990,340,177,163
E00108991,324,171,153
E00108995,292,148,144
E00108875,333,172,161
E00108884,279,150,129
E00108885,341,176,165
E00108886,389,204,185
E00108891,309,150,159
E00108877,262,138,124
E00108882,599,299,300
E00108887,468,260,208
E00108888,237,121,116
E00108889,298,158,140
E00108879,366,187,179
E00108883,311,162,149
E00108890,559,284,275
E00108894,414,208,206
E00109046,298,159,139
E00109048,324,172,152
E00109049,321,164,157
E00109050,225,108,117
E00109051,322,171,151
E00109036,330,160,170
E00109037,259,137,122
E00109038,303,153,150
E00109039,354,176,178
E00109052,337,188,149
E00108963,362,175,187
E00108964,380,197,183
E00108965,362,181,181
E00108966,363,202,161
E00108968,368,195,173
E00108970,332,173,159
E00108971,344,181,163
E00108987,326,164,162
E00108993,327,160,167
E00108997,312,158,154
E00108999,297,143,154
E00109009,347,168,179
E00109010,348,170,178
E00109011,345,178,167
E00109012,343,162,181
E00109059,333,169,164
E00109062,314,164,150
E00109063,183,97,86
E00109064,234,119,115
E00109065,333,176,157
E00109067,320,155,165
E00109070,215,118,97
E00109053,320,158,162
E00109054,386,203,183
E00109066,330,163,167
E00109068,363,194,169
E00109069,349,178,171
E00109055,234,117,117
E00109056,290,149,141
E00109057,340,171,169
E00109058,300,148,152
E00109060,367,168,199
E00109061,246,125,121
E00108914,381,197,184
E00108920,324,157,167
E00108921,478,242,236
E00108922,368,190,178
E00108926,346,178,168
E00108930,337,173,164
E00109041,322,173,149
E00109042,392,199,193
E00109043,336,172,164
E00109045,361,199,162
E00109034,310,169,141
E00109035,298,158,140
E00109040,344,176,168
E00109044,248,126,122
E00109047,407,201,206
E00109071,439,222,217
E00109072,279,146,133
E00109073,289,150,139
E00109074,293,144,149
E00109075,275,139,136
E00109076,309,165,144
E00109077,130,61,69
E00108876,461,241,220
E00108880,259,141,118
E00108881,299,153,146
E00108892,363,173,190
E00108893,187,105,82
E00182465,209,107,102
E00182481,225,130,95
E00182495,180,105,75
E00109089,326,161,165
E00109090,291,146,145
E00109100,294,137,157
E00109101,336,166,170
E00109103,308,151,157
E00108918,484,255,229
E00170060,368,189,179
E00170061,303,158,145
E00170062,296,158,138
E00108916,192,97,95
E00108917,216,109,107
E00108923,300,151,149
E00108924,353,189,164
E00170063,316,160,156
E00108901,471,227,244
E00108902,414,189,225
E00182453,299,140,159
E00108925,206,104,102
E00108927,554,294,260
E00108928,306,155,151
E00108929,349,172,177
E00108895,241,126,115
E00108906,526,278,248
E00108908,234,118,116
E00108910,285,139,146
E00182413,153,96,57
E00108931,293,153,140
E00170064,295,145,150
E00170065,230,116,114
E00170066,223,122,101
E00170067,123,59,64
E00108900,349,185,164
E00108904,349,189,160
E00108905,324,159,165
E00108907,300,151,149
E00108909,294,158,136
E00108913,265,136,129
E00108896,253,117,136
E00108897,357,189,168
E00108898,230,134,96
E00108899,328,171,157
E00108911,294,156,138
E00108912,318,163,155
E00109093,270,134,136
E00109094,220,119,101
E00109097,412,250,162
E00109098,249,124,125
E00182409,102,49,53
E00182457,332,151,181
E00182468,221,111,110
E00109091,357,178,179
E00109095,287,144,143
E00109096,509,253,256
E00109099,380,200,180
E00109102,259,146,113
E00109104,338,174,164
E00109105,320,166,154
E00109106,320,159,161
E00109107,292,149,143
E00108950,299,145,154
E00108951,346,189,157
E00108952,171,85,86
E00108953,135,65,70
E00108954,263,138,125
E00108955,308,149,159
E00108956,305,145,160
E00108957,333,160,173
E00108958,299,136,163
E00108959,382,195,187
E00108960,267,135,132
E00108961,355,178,177
E00108962,347,165,182
E00109004,329,170,159
E00109005,220,115,105
E00109007,335,196,139
E00109008,279,149,130
E00109001,374,196,178
E00109002,331,161,170
E00109003,241,126,115
E00109006,265,130,135
E00109290,323,169,154
E00109294,306,150,156
E00109295,329,170,159
E00109298,297,152,145
E00109299,349,182,167
E00109289,329,181,148
E00109292,370,202,168
E00109293,223,120,103
E00109302,300,160,140
E00109305,316,166,150
E00109288,364,179,185
E00109301,364,183,181
E00109303,293,150,143
E00109304,313,172,141
E00109349,396,195,201
E00109357,414,215,199
E00109359,253,133,120
E00109362,315,167,148
E00109368,287,131,156
E00109352,338,177,161
E00109353,343,166,177
E00109354,363,191,172
E00109358,311,166,145
E00109366,325,173,152
E00109281,341,168,173
E00109282,308,156,152
E00109283,248,131,117
E00109284,233,124,109
E00109286,283,140,143
E00109269,262,141,121
E00109270,345,192,153
E00109271,320,175,145
E00109285,256,141,115
E00109287,288,154,134
E00109272,182,98,84
E00109274,356,188,168
E00109275,622,325,297
E00180461,420,220,200
E00180554,414,206,208
E00109351,301,155,146
E00109355,359,199,160
E00109364,273,140,133
E00109365,335,173,162
E00109367,307,152,155
E00109375,367,186,181
E00109383,423,208,215
E00109385,348,181,167
E00109386,362,196,166
E00109113,293,143,150
E00109115,346,169,177
E00109125,325,171,154
E00109126,291,151,140
E00109127,332,169,163
E00109128,407,204,203
E00109110,355,171,184
E00109111,267,148,119
E00109119,295,152,143
E00109120,346,176,170
E00109124,248,126,122
E00109108,371,193,178
E00109109,326,155,171
E00109112,356,172,184
E00109114,377,193,184
E00109117,361,194,167
E00109291,320,158,162
E00109296,312,163,149
E00109297,304,153,151
E00109300,392,201,191
E00109116,311,150,161
E00109118,281,155,126
E00109121,287,159,128
E00109122,346,174,172
E00109123,312,147,165
E00109130,514,242,272
E00109131,325,166,159
E00109137,417,214,203
E00109138,388,197,191
E00109132,341,172,169
E00109139,338,175,163
E00109141,352,175,177
E00109142,371,193,178
E00109143,397,200,197
E00109273,267,130,137
E00109276,279,158,121
E00109277,314,169,145
E00109279,329,174,155
E00109280,332,169,163
E00109350,388,204,184
E00109356,338,176,162
E00109360,306,158,148
E00109361,300,161,139
E00109363,244,123,121
E00109309,269,145,124
E00109311,249,138,111
E00109313,252,142,110
E00109317,291,153,138
E00109324,304,167,137
E00109326,298,149,149
E00109314,285,144,141
E00109315,330,174,156
E00109316,288,151,137
E00109318,328,162,166
E00109322,304,155,149
E00109369,320,159,161
E00109374,293,150,143
E00109376,290,155,135
E00109377,265,140,125
E00109382,295,161,134
E00109370,290,145,145
E00109372,284,148,136
E00109379,261,137,124
E00109384,278,137,141
E00109387,273,145,128
E00109133,238,135,103
E00109134,267,127,140
E00109135,398,208,190
E00109136,281,148,133
E00109140,342,163,179
E00109310,486,265,221
E00109312,302,163,139
E00109321,354,188,166
E00109323,253,119,134
E00109325,315,167,148
E00109327,421,230,191
E00109306,315,170,145
E00109307,308,153,155
E00109308,309,153,156
E00109319,314,163,151
E00109320,287,153,134
E00109371,340,172,168
E00109373,224,117,107
E00109378,292,159,133
E00109380,310,161,149
E00109381,328,149,179
E00109129,392,193,199
E00109144,337,171,166
E00109145,344,169,175
E00109146,339,165,174
E00109147,338,171,167
E00109332,266,131,135
E00109343,253,123,130
E00109344,301,148,153
E00109345,266,138,128
E00109346,309,160,149
E00109331,297,153,144
E00109333,292,155,137
E00109338,275,144,131
E00109342,352,186,166
E00109347,313,160,153
E00109348,345,172,173
E00109329,250,138,112
E00109334,252,131,121
E00109335,294,148,146
E00109336,328,160,168
E00109340,281,145,136
E00109328,316,158,158
E00109330,297,153,144
E00109337,379,199,180
E00109339,365,196,169
E00109341,269,151,118
E00109148,331,169,162
E00109149,491,235,256
E00109168,304,155,149
E00109169,197,101,96
E00109191,265,137,128
E00109202,235,118,117
E00109204,294,154,140
E00109206,291,149,142
E00109209,340,171,169
E00109248,381,202,179
E00109255,407,193,214
E00109261,427,221,206
E00109262,286,157,129
E00109263,401,194,207
E00109264,287,151,136
E00109266,424,209,215
E00109267,319,169,150
E00109249,301,157,144
E00109250,394,202,192
E00109252,294,150,144
E00109260,305,148,157
E00109175,299,155,144
E00109183,287,144,143
E00109185,279,144,135
E00109186,238,122,116
E00109187,290,151,139
E00109188,254,126,128
E00109192,238,124,114
E00109199,281,145,136
E00109203,247,122,125
E00109205,262,130,132
E00109210,224,119,105
E00109211,261,130,131
E00109193,254,130,124
E00109195,362,198,164
E00109196,272,163,109
E00109208,290,148,142
E00173999,140,85,55
E00174000,203,116,87
E00174001,172,94,78
E00174002,170,99,71
E00174003,164,92,72
E00109197,316,156,160
E00109198,270,132,138
E00109200,248,131,117
E00109201,289,148,141
E00109207,332,165,167
E00109156,339,169,170
E00109157,251,125,126
E00109164,324,167,157
E00109165,315,163,152
E00109152,274,148,126
E00109158,464,262,202
E00109161,218,117,101
E00109163,372,190,182
E00109150,272,131,141
E00109151,389,232,157
E00109160,261,128,133
E00109166,260,132,128
E00109167,320,187,133
E00109235,325,170,155
E00109243,311,160,151
E00109244,269,131,138
E00109245,250,125,125
E00109246,305,167,138
E00109253,337,179,158
E00109257,371,184,187
E00109259,214,113,101
E00109265,306,163,143
E00109268,268,145,123
E00109251,387,182,205
E00109254,305,156,149
E00109256,346,181,165
E00109258,288,142,146
E00109153,315,166,149
E00109154,172,106,66
E00109155,296,155,141
E00109159,310,166,144
E00109162,258,143,115
E00109216,427,206,221
E00109218,304,154,150
E00109223,299,156,143
E00109224,319,169,150
E00109228,298,139,159
E00109212,322,161,161
E00109213,309,164,145
E00109221,309,155,154
E00109226,338,170,168
E00109231,303,158,145
E00109237,298,154,144
E00109238,299,154,145
E00109239,310,162,148
E00109241,313,160,153
E00109247,167,87,80
E00109234,440,233,207
E00109236,226,121,105
E00109240,264,133,131
E00109242,168,90,78
E00174004,248,130,118
E00174005,267,142,125
E00174006,176,87,89
E00174007,243,122,121
E00109174,313,164,149
E00109177,285,150,135
E00109179,214,113,101
E00109180,261,126,135
E00109181,319,155,164
E00109172,257,124,133
E00109173,364,191,173
E00109178,290,159,131
E00109184,213,106,107
E00109189,290,151,139
E00109170,273,139,134
E00109171,361,179,182
E00109176,363,196,167
E00109182,359,175,184
E00109190,306,156,150
E00109215,283,153,130
E00109217,342,180,162
E00109219,286,143,143
E00109220,296,147,149
E00109232,307,161,146
E00109214,291,158,133
E00109222,222,118,104
E00109225,326,154,172
E00109229,304,158,146
E00109230,386,184,202
E00180472,208,117,91
E00180479,246,134,112
E00180535,402,180,222
E00109417,324,159,165
E00109418,286,152,134
E00109419,378,183,195
E00170984,383,199,184
E00171009,419,221,198
E00171010,365,181,184
E00180517,494,252,242
E00180556,324,181,143
E00109437,347,169,178
E00109438,381,190,191
E00109439,327,169,158
E00109440,319,161,158
E00109434,306,157,149
E00109435,382,192,190
E00109436,269,138,131
E00109444,323,157,166
E00180463,340,189,151
E00180525,237,120,117
E00180552,339,162,177
E00109423,256,144,112
E00109441,327,172,155
E00109442,386,204,182
E00180475,360,185,175
E00180498,313,172,141
E00180473,507,262,245
E00180485,251,129,122
E00180495,450,240,210
E00180532,338,184,154
E00180543,138,61,77
E00109421,303,161,142
E00109425,261,135,126
E00109428,348,172,176
E00170985,326,177,149
E00170997,144,79,65
E00171008,195,102,93
E00180501,225,119,106
E00180546,602,303,299
E00109422,414,202,212
E00109426,416,223,193
E00109427,318,169,149
E00109430,335,176,159
E00109431,258,135,123
E00109664,338,181,157
E00109667,313,162,151
E00109669,272,142,130
E00109684,309,148,161
E00109688,233,120,113
E00109662,309,160,149
E00109679,295,142,153
E00109680,304,151,153
E00109683,212,108,104
E00109685,284,160,124
E00109666,327,174,153
E00109670,337,163,174
E00109671,305,158,147
E00109672,312,157,155
E00109673,333,168,165
E00109473,621,303,318
E00109474,370,185,185
E00109477,405,198,207
E00109480,389,205,184
E00109716,328,168,160
E00109722,243,124,119
E00109723,310,164,146
E00109725,363,197,166
E00109727,315,166,149
E00109707,230,126,104
E00109708,308,163,145
E00109709,342,181,161
E00109710,389,202,187
E00109711,343,183,160
E00109712,273,146,127
E00109715,285,144,141
E00109734,302,149,153
E00109735,279,139,140
E00109713,288,148,140
E00109714,329,178,151
E00109718,246,120,126
E00109719,319,163,156
E00109721,340,182,158
E00109805,517,278,239
E00109813,248,121,127
E00109814,261,135,126
E00109827,109,59,50
E00109832,182,99,83
E00109808,279,139,140
E00109816,332,168,164
E00109818,142,79,63
E00109828,350,166,184
E00109831,325,162,163
E00109806,345,174,171
E00109807,324,178,146
E00109811,288,144,144
E00109815,276,138,138
E00109821,233,98,135
E00109833,316,164,152
E00109834,323,153,170
E00109841,300,161,139
E00109842,301,156,145
E00109840,303,148,155
E00109843,311,160,151
E00109844,302,158,144
E00109846,310,168,142
E00180464,205,108,97
E00180470,211,120,91
E00180484,363,197,166
E00180504,319,174,145
E00180505,423,212,211
E00109810,329,169,160
E00109830,262,125,137
E00180500,349,175,174
E00180511,460,232,228
E00180514,405,216,189
E00109405,310,161,149
E00109410,320,166,154
E00109411,246,122,124
E00109413,327,167,160
E00109415,387,192,195
E00109406,409,209,200
E00109407,461,223,238
E00109408,399,206,193
E00109409,354,181,173
E00109412,410,214,196
E00109414,347,175,172
E00109580,302,154,148
E00109581,300,157,143
E00109582,344,177,167
E00109583,308,150,158
E00109584,342,172,170
E00109460,456,220,236
E00109461,261,141,120
E00170991,352,185,167
E00170992,376,191,185
E00171012,342,178,164
E00171014,359,182,177
E00171002,371,190,181
E00171003,374,194,180
E00171004,368,187,181
E00171005,318,165,153
E00171006,346,170,176
E00109591,453,245,208
E00109592,207,109,98
E00109593,415,228,187
E00109604,296,142,154
E00109606,342,182,160
E00109663,229,116,113
E00109677,358,178,180
E00109678,283,147,136
E00109681,267,144,123
E00109682,237,128,109
E00109665,312,161,151
E00109668,288,144,144
E00109686,349,170,179
E00109687,328,171,157
E00109689,300,156,144
E00109660,377,197,180
E00109661,213,118,95
E00109674,369,203,166
E00109675,234,123,111
E00109676,440,232,208
E00109717,333,168,165
E00109720,317,163,154
E00109724,274,130,144
E00109726,344,166,178
E00109728,342,205,137
E00109804,325,166,159
E00109812,280,149,131
E00109817,283,135,148
E00109819,296,155,141
E00109823,247,117,130
E00109809,256,124,132
E00109820,323,162,161
E00109822,387,186,201
E00109824,265,129,136
E00109825,349,166,183
E00109835,293,155,138
E00109836,269,137,132
E00109837,299,156,143
E00109839,365,172,193
E00109847,294,142,152
E00109838,279,143,136
E00109845,294,147,147
E00109848,310,157,153
E00109849,274,144,130
E00109850,289,152,137
E00109859,299,145,154
E00109860,425,205,220
E00109861,333,170,163
E00109866,440,235,205
E00109447,186,92,94
E00109459,335,164,171
E00109462,264,136,128
E00109466,234,115,119
E00109469,240,122,118
E00109446,491,247,244
E00109448,271,139,132
E00109463,258,127,131
E00109464,272,147,125
E00109467,277,141,136
E00109454,246,124,122
E00109471,185,103,82
E00109472,219,113,106
E00171007,200,92,108
E00171011,251,129,122
E00171013,305,152,153
E00109453,218,110,108
E00109457,286,137,149
E00109458,259,124,135
E00109465,276,144,132
E00109468,232,120,112
E00109470,191,97,94
E00109851,320,154,166
E00109857,358,178,180
E00109863,364,186,178
E00109868,452,234,218
E00109869,342,184,158
E00109853,513,267,246
E00109854,300,156,144
E00109855,346,168,178
E00109856,340,166,174
E00109858,319,166,153
E00109590,342,162,180
E00109594,404,207,197
E00109605,233,106,127
E00109607,369,179,190
E00109609,428,215,213
E00109595,522,285,237
E00109599,329,167,162
E00109600,227,117,110
E00109602,258,123,135
E00109603,360,161,199
E00109729,334,166,168
E00109730,445,213,232
E00109731,443,219,224
E00109732,256,133,123
E00109733,360,182,178
E00109871,295,151,144
E00109880,327,176,151
E00109882,378,215,163
E00109883,285,146,139
E00109884,356,193,163
E00109886,281,160,121
E00109870,290,135,155
E00109872,328,168,160
E00109878,253,119,134
E00170976,255,142,113
E00170978,348,173,175
E00109873,325,160,165
E00109876,371,182,189
E00170977,238,106,132
E00170979,366,190,176
E00170983,341,175,166
E00109475,312,160,152
E00109476,384,194,190
E00109478,329,163,166
E00109479,387,203,184
E00109874,298,146,152
E00109875,353,194,159
E00109877,268,132,136
E00109879,328,159,169
E00109881,319,160,159
E00109887,483,316,167
E00109888,277,145,132
E00109901,301,162,139
E00109902,275,136,139
E00109894,265,151,114
E00109896,244,132,112
E00109898,401,200,201
E00109903,268,137,131
E00109904,287,143,144
E00109889,546,294,252
E00109890,251,133,118
E00109891,206,108,98
E00109892,222,118,104
E00109893,160,97,63
E00109895,215,106,109
E00109897,339,182,157
E00109899,231,120,111
E00109900,353,192,161
E00109504,292,139,153
E00109505,315,148,167
E00109506,224,97,127
E00109508,254,140,114
E00109510,281,135,146
E00180491,461,244,217
E00180499,109,65,44
E00180524,215,105,110
E00109610,315,160,155
E00109613,224,120,104
E00109614,398,188,210
E00109618,276,161,115
E00109637,333,159,174
E00109616,333,173,160
E00109634,427,241,186
E00109638,301,152,149
E00109641,265,136,129
E00109642,476,227,249
E00109612,349,167,182
E00109615,353,170,183
E00109620,372,183,189
E00109621,393,200,193
E00109645,332,159,173
E00109649,347,162,185
E00109652,305,156,149
E00109654,272,138,134
E00109450,363,177,186
E00109452,247,130,117
E00109455,306,154,152
E00109456,316,145,171
E00109534,262,141,121
E00109537,304,153,151
E00109538,328,162,166
E00109541,255,138,117
E00109543,262,137,125
E00109545,289,157,132
E00109521,314,167,147
E00109539,354,186,168
E00109540,381,202,179
E00109542,301,158,143
E00109546,488,261,227
E00109529,301,145,156
E00109532,310,148,162
E00109533,277,143,134
E00109535,352,175,177
E00109536,286,151,135
E00109585,351,177,174
E00109586,324,159,165
E00109587,317,160,157
E00109588,249,126,123
E00109589,298,162,136
E00109519,269,143,126
E00109520,231,112,119
E00109522,342,167,175
E00109523,337,177,160
E00109524,281,145,136
E00109544,258,127,131
E00109525,271,130,141
E00109526,231,125,106
E00109527,273,130,143
E00109528,247,126,121
E00109530,289,145,144
E00109531,417,206,211
E00109549,344,176,168
E00109551,355,198,157
E00109552,281,160,121
E00109557,364,183,181
E00109559,307,159,148
E00109547,266,129,137
E00109555,315,172,143
E00109556,294,142,152
E00109558,491,253,238
E00109560,286,149,137
E00109562,320,164,156
E00109563,313,165,148
E00170973,258,124,134
E00170998,345,174,171
E00170999,365,179,186
E00109548,370,195,175
E00109550,527,275,252
E00109553,335,176,159
E00109554,305,155,150
E00109511,286,150,136
E00109512,337,158,179
E00109515,315,158,157
E00109516,324,153,171
E00109513,305,159,146
E00109514,238,121,117
E00109517,336,163,173
E00109518,296,148,148
E00109644,330,157,173
E00109647,277,147,130
E00109659,331,169,162
E00171000,351,184,167
E00171001,305,145,160
E00109646,352,181,171
E00109650,282,146,136
E00109651,303,147,156
E00109658,325,179,146
E00109648,297,154,143
E00109653,313,147,166
E00109655,276,139,137
E00109656,336,175,161
E00109657,316,160,156
E00109396,269,137,132
E00109397,309,147,162
E00109398,340,157,183
E00109399,321,166,155
E00109400,383,198,185
E00109401,340,178,162
E00109402,316,171,145
E00109388,314,162,152
E00109389,197,100,97
E00109390,362,181,181
E00109391,254,140,114
E00109403,321,159,162
E00109404,323,186,137
E00109564,341,187,154
E00109572,335,157,178
E00109573,444,226,218
E00109575,327,163,164
E00109577,296,149,147
E00109565,256,133,123
E00109568,324,171,153
E00109569,370,189,181
E00109570,284,152,132
E00109578,368,183,185
E00109579,337,181,156
E00109566,334,172,162
E00109567,297,161,136
E00109571,253,133,120
E00109574,328,170,158
E00109576,305,161,144
E00109482,343,173,170
E00109484,251,142,109
E00109489,294,153,141
E00109496,307,165,142
E00109497,343,179,164
E00109481,336,167,169
E00109483,235,123,112
E00109486,244,131,113
E00109498,273,137,136
E00109499,261,137,124
E00109485,237,129,108
E00109487,291,152,139
E00109488,272,139,133
E00109490,356,183,173
E00109491,252,129,123
E00109492,312,162,150
E00109493,294,154,140
E00109494,394,203,191
E00109495,369,179,190
E00109500,321,163,158
E00109501,282,146,136
E00109502,261,132,129
E00109503,160,75,85
E00109509,363,175,188
E00109736,228,117,111
E00109737,334,171,163
E00109738,326,152,174
E00109746,312,156,156
E00109747,249,133,116
E00109751,276,138,138
E00109739,381,190,191
E00109741,384,185,199
E00109742,357,181,176
E00109743,429,215,214
E00109744,338,176,162
E00109745,445,227,218
E00109393,179,92,87
E00109395,422,215,207
E00180536,325,167,158
E00180551,569,249,320
E00109740,359,177,182
E00109748,268,122,146
E00109749,343,164,179
E00109750,347,178,169
E00109752,359,178,181
E00109787,391,200,191
E00109788,328,158,170
E00109789,351,174,177
E00109793,336,165,171
E00109790,289,159,130
E00109794,288,157,131
E00109797,316,155,161
E00109798,292,147,145
E00109803,272,140,132
E00109779,308,152,156
E00109784,316,164,152
E00109785,273,141,132
E00109799,239,128,111
E00109802,295,154,141
E00170993,238,88,150
E00170994,197,107,90
E00109791,382,200,182
E00109792,355,184,171
E00109795,335,169,166
E00109796,321,169,152
E00109800,377,175,202
E00109780,304,164,140
E00109781,318,158,160
E00109783,358,184,174
E00109786,279,140,139
E00109801,262,136,126
E00109753,389,188,201
E00109758,249,123,126
E00109759,295,149,146
E00109773,242,120,122
E00109764,295,177,118
E00109774,347,169,178
E00109778,294,146,148
E00170989,412,213,199
E00170990,270,124,146
E00109757,292,145,147
E00109760,333,180,153
E00109767,336,183,153
E00109772,216,120,96
E00109777,289,145,144
E00109768,242,129,113
E00109769,268,134,134
E00109771,105,57,48
E00109775,262,139,123
E00109776,252,130,122
E00109754,511,253,258
E00109761,316,159,157
E00109762,263,127,136
E00109763,262,132,130
E00109756,346,182,164
E00109765,366,190,176
E00109766,295,150,145
E00109770,254,135,119
E00109696,345,186,159
E00109697,338,163,175
E00109698,299,157,142
E00109699,322,168,154
E00109706,324,149,175
E00109700,334,173,161
E00109701,308,147,161
E00109702,304,146,158
E00109703,279,143,136
E00109704,228,121,107
E00109705,383,191,192
E00109690,307,157,150
E00109694,286,148,138
E00180481,193,102,91
E00180533,179,92,87
E00180534,428,240,188
E00109693,253,132,121
E00180476,323,155,168
E00180526,161,78,83
E00180529,601,299,302
E00180540,313,155,158
E00109852,544,92,452
E00109862,264,132,132
E00109864,312,149,163
E00109865,282,136,146
E00109867,186,85,101
E00109630,367,181,186
E00109632,389,212,177
E00109633,250,124,126
E00170987,379,190,189
E00180460,223,110,113
E00180469,191,95,96
E00180482,252,130,122
E00109597,320,162,158
E00170980,570,326,244
E00170988,211,110,101
E00180471,180,91,89
E00180477,165,77,88
E00180494,251,132,119
E00180496,350,179,171
E00180527,259,129,130
E00109625,297,145,152
E00109626,361,201,160
E00170982,249,110,139
E00180483,105,58,47
E00180521,300,136,164
E00109611,383,185,198
E00109617,325,169,156
E00109619,197,105,92
E00109622,256,125,131
E00109631,312,153,159
E00109640,350,184,166
E00109623,306,158,148
E00109627,375,204,171
E00109629,232,101,131
E00109636,278,137,141
E00109639,345,179,166
E00180516,319,165,154
E00180548,236,105,131
E00109596,327,150,177
E00170974,374,181,193
E00170975,310,172,138
E00170986,257,132,125
E00180467,288,140,148
E00180487,156,77,79
E00180493,228,116,112
E00180506,247,137,110
E00180518,322,168,154
E00109998,337,176,161
E00110004,338,179,159
E00110005,252,126,126
E00110006,444,218,226
E00109997,304,165,139
E00109999,241,131,110
E00110000,297,147,150
E00110001,299,160,139
E00110002,271,144,127
E00110003,244,131,113
E00110015,357,180,177
E00110016,344,165,179
E00110017,326,163,163
E00110018,399,210,189
E00110023,466,231,235
E00110028,211,107,104
E00110022,446,214,232
E00110024,373,195,178
E00110025,608,308,300
E00110026,313,161,152
E00110027,279,143,136
E00110062,184,87,97
E00110063,255,131,124
E00110064,243,117,126
E00110068,149,56,93
E00110072,170,63,107
E00110073,297,152,145
E00110076,244,125,119
E00110071,394,206,188
E00110074,247,104,143
E00110077,125,65,60
E00176371,124,68,56
E00176372,342,182,160
E00176374,199,104,95
E00110075,235,130,105
E00110079,227,124,103
E00110083,266,143,123
E00176373,255,129,126
E00176375,286,153,133
E00176405,174,84,90
E00110080,169,82,87
E00110081,246,134,112
E00110082,133,65,68
E00110084,136,70,66
E00110085,167,94,73
E00176370,370,198,172
E00176404,227,127,100
E00110067,179,85,94
E00110069,295,148,147
E00110070,370,186,184
E00110078,211,121,90
E00176391,288,154,134
E00176406,394,200,194
E00176413,341,185,156
E00110086,381,199,182
E00176410,348,175,173
E00176411,329,165,164
E00176412,314,160,154
E00176414,373,188,185
E00110019,268,139,129
E00110020,263,144,119
E00110021,309,163,146
E00110029,195,99,96
E00110030,450,226,224
E00110366,315,160,155
E00110368,299,162,137
E00110372,134,70,64
E00110374,298,148,150
E00110375,250,118,132
E00110376,369,184,185
E00110365,231,117,114
E00110367,316,157,159
E00110369,237,115,122
E00110370,317,159,158
E00110371,235,129,106
E00110373,309,156,153
E00110360,356,176,180
E00110361,349,184,165
E00110362,390,194,196
E00110363,352,175,177
E00110364,323,164,159
E00109963,368,195,173
E00109965,341,181,160
E00176378,288,133,155
E00176379,245,144,101
E00176380,301,191,110
E00176383,289,132,157
E00176384,164,76,88
E00176385,124,54,70
E00109950,302,153,149
E00109952,230,122,108
E00109976,248,132,116
E00176425,186,105,81
E00176431,248,120,128
E00176454,400,194,206
E00188020,391,210,181
E00188093,312,166,146
E00109959,164,103,61
E00109961,321,165,156
E00109962,294,153,141
E00109968,257,129,128
E00176377,220,109,111
E00176381,335,172,163
E00176382,310,142,168
E00188050,234,121,113
E00188102,238,108,130
E00109969,201,107,94
E00109972,339,172,167
E00109973,336,166,170
E00109974,253,123,130
E00109975,422,217,205
E00176386,245,140,105
E00176424,235,122,113
E00176426,158,86,72
E00109949,238,130,108
E00109954,386,187,199
E00109956,279,126,153
E00109958,290,135,155
E00109964,200,102,98
E00109967,219,87,132
E00188121,231,104,127
E00188150,207,89,118
E00188168,259,146,113
E00110207,319,172,147
E00110210,271,137,134
E00110212,158,73,85
E00110215,333,177,156
E00110230,252,133,119
E00110231,219,124,95
E00110224,309,164,145
E00110225,299,154,145
E00110226,297,155,142
E00110228,337,172,165
E00110229,215,110,105
E00110232,267,140,127
E00110208,390,214,176
E00110209,370,180,190
E00110213,327,173,154
E00110216,461,227,234
E00110202,221,117,104
E00110203,337,166,171
E00110211,322,160,162
E00110214,356,180,176
E00110227,226,117,109
E00110204,285,149,136
E00110217,303,150,153
E00110219,309,169,140
E00110222,264,150,114
E00110223,231,119,112
E00176387,287,135,152
E00176421,271,127,144
E00176432,159,78,81
E00188078,267,122,145
E00188083,156,87,69
E00188084,174,86,88
E00188089,530,292,238
E00188159,197,93,104
E00110205,346,174,172
E00110206,328,166,162
E00110218,154,78,76
E00110220,386,175,211
E00176420,413,193,220
E00110091,236,124,112
E00110096,336,177,159
E00110101,247,128,119
E00110104,302,160,142
E00110105,325,175,150
E00110095,309,159,150
E00110098,391,214,177
E00110102,340,173,167
E00110103,367,201,166
E00110088,330,171,159
E00110092,369,192,177
E00110093,306,148,158
E00110099,338,177,161
E00110089,343,194,149
E00110090,307,160,147
E00110094,270,143,127
E00110097,352,187,165
E00110100,356,191,165
E00110033,219,113,106
E00110034,310,148,162
E00110037,293,153,140
E00110038,218,113,105
E00110039,393,189,204
E00110040,113,55,58
E00110031,260,133,127
E00110032,246,127,119
E00110035,314,157,157
E00110036,314,160,154
E00110108,140,63,77
E00110111,271,134,137
E00110112,219,104,115
E00110113,267,137,130
E00110114,318,164,154
E00110106,265,134,131
E00110107,299,143,156
E00110109,280,135,145
E00110110,237,111,126
E00110115,321,162,159
E00188025,313,166,147
E00188026,303,164,139
E00188031,334,168,166
E00188059,355,179,176
E00188072,317,165,152
E00188074,349,186,163
E00188100,369,189,180
E00188160,347,183,164
E00109991,454,219,235
E00109992,200,103,97
E00109993,374,201,173
E00109994,427,195,232
E00109995,267,146,121
E00110144,325,162,163
E00110145,454,223,231
E00110146,376,191,185
E00176390,441,211,230
E00176392,567,291,276
E00110140,372,193,179
E00110163,120,69,51
E00110165,306,160,146
E00110166,356,170,186
E00110167,368,191,177
E00110148,351,176,175
E00110149,328,172,156
E00110153,307,165,142
E00110156,269,140,129
E00110158,327,152,175
E00110159,260,125,135
E00110139,330,166,164
E00110160,241,124,117
E00110161,248,130,118
E00110162,281,148,133
E00188048,434,214,220
E00188066,244,130,114
E00110147,448,228,220
E00176437,217,103,114
E00176438,141,76,65
E00188030,444,247,197
E00188156,327,170,157
E00110152,276,154,122
E00110157,240,106,134
E00176442,196,99,97
E00188037,261,120,141
E00188144,331,167,164
E00110137,617,311,306
E00110150,512,247,265
E00110154,357,183,174
E00110142,282,145,137
E00176419,172,87,85
E00176446,325,186,139
E00188042,177,91,86
E00188064,752,418,334
E00110309,229,119,110
E00110310,347,184,163
E00110319,242,126,116
E00110332,269,135,134
E00110333,120,47,73
E00188024,302,155,147
E00188114,359,178,181
E00110311,262,134,128
E00110317,432,216,216
E00110318,224,120,104
E00110321,214,105,109
E00110334,243,131,112
E00110335,224,115,109
E00110312,426,240,186
E00110313,372,195,177
E00110314,196,110,86
E00110320,212,107,105
E00110322,167,95,72
E00110323,239,122,117
E00110327,322,162,160
E00110328,456,234,222
E00176395,266,144,122
E00176397,259,139,120
E00176401,403,210,193
E00176403,273,143,130
E00110324,265,139,126
E00110325,272,133,139
E00110326,220,125,95
E00188043,416,209,207
E00188060,330,164,166
E00188101,334,178,156
E00188136,314,158,156
E00188148,403,207,196
E00109979,228,122,106
E00109982,258,134,124
E00109984,261,133,128
E00109990,264,123,141
E00188049,258,110,148
E00188056,350,156,194
E00188111,246,118,128
E00188123,281,158,123
E00188128,297,143,154
E00109978,336,163,173
E00109980,330,168,162
E00109981,267,127,140
E00109983,337,162,175
E00109985,301,162,139
E00109986,333,174,159
E00109987,333,170,163
E00109988,321,161,160
E00109989,343,175,168
E00110280,334,166,168
E00110304,282,141,141
E00110307,297,150,147
E00176427,300,145,155
E00176436,344,170,174
E00188044,305,161,144
E00188047,305,145,160
E00188107,323,166,157
E00188164,249,126,123
E00110173,291,158,133
E00110176,308,161,147
E00110177,263,140,123
E00110180,328,174,154
E00110182,311,160,151
E00110168,323,164,159
E00110183,318,152,166
E00110184,348,182,166
E00110187,314,158,156
E00110172,357,178,179
E00110174,304,166,138
E00110178,302,160,142
E00110181,311,155,156
E00110192,285,155,130
E00110179,308,163,145
E00110185,290,154,136
E00110186,285,152,133
E00110188,254,149,105
E00110189,283,142,141
E00110169,254,136,118
E00110170,307,159,148
E00110171,277,144,133
E00110175,286,146,140
E00110190,257,136,121
E00110191,325,174,151
E00110286,246,125,121
E00110288,294,152,142
E00110289,271,130,141
E00110292,329,173,156
E00110293,277,155,122
E00110282,224,112,112
E00110283,350,186,164
E00110305,352,173,179
E00110306,365,182,183
E00110279,236,111,125
E00110300,405,209,196
E00110302,444,216,228
E00176428,382,189,193
E00176445,418,244,174
E00110278,348,188,160
E00110285,262,137,125
E00110287,278,152,126
E00110291,287,154,133
E00110295,330,168,162
E00110284,371,182,189
E00110290,579,279,300
E00110294,432,213,219
E00110299,388,222,166
E00188055,125,65,60
E00188095,502,127,375
E00110298,400,195,205
E00110301,548,316,232
E00110303,259,136,123
E00110009,288,162,126
E00110013,313,158,155
E00110014,380,202,178
E00176418,205,104,101
E00176433,195,107,88
E00188046,211,107,104
E00188085,255,131,124
E00188132,285,141,144
E00110007,238,122,116
E00110008,355,181,174
E00110010,237,131,106
E00110012,258,128,130
E00110049,286,146,140
E00110058,234,121,113
E00110059,332,181,151
E00110060,306,160,146
E00176434,337,171,166
E00176435,231,107,124
E00176447,240,122,118
E00110045,350,184,166
E00110046,206,117,89
E00110047,361,185,176
E00110051,266,141,125
E00110053,235,127,108
E00110042,310,156,154
E00110048,239,120,119
E00110050,209,99,110
E00110052,184,84,100
E00110055,353,189,164
E00110043,331,166,165
E00110044,327,182,145
E00110054,292,165,127
E00110056,319,170,149
E00110057,271,128,143
E00110404,529,265,264
E00110406,241,122,119
E00188018,1632,813,819
E00110405,216,105,111
E00110407,262,139,123
E00110409,141,73,68
E00110410,243,124,119
E00110411,290,149,141
E00110417,254,133,121
E00110420,229,120,109
E00110421,310,168,142
E00110423,345,177,168
E00110425,366,198,168
E00176448,294,159,135
E00176449,201,106,95
E00176450,182,97,85
E00110412,284,140,144
E00110416,281,147,134
E00110418,290,149,141
E00110419,330,169,161
E00110422,341,177,164
E00110413,245,135,110
E00110414,316,156,160
E00110415,235,120,115
E00110426,329,156,173
E00110427,282,146,136
E00110428,311,163,148
E00109906,297,156,141
E00109907,286,141,145
E00109910,303,157,146
E00109911,315,162,153
E00109914,268,133,135
E00109915,301,153,148
E00109917,331,162,169
E00188076,264,134,130
E00188098,295,162,133
E00188108,264,129,135
E00188162,301,151,150
E00109923,570,293,277
E00109925,308,153,155
E00109926,238,121,117
E00109927,326,154,172
E00176394,137,50,87
E00188054,378,207,171
E00188077,384,196,188
E00109916,326,173,153
E00109918,333,173,160
E00109920,291,154,137
E00109922,266,140,126
E00109905,290,146,144
E00109919,337,173,164
E00109921,333,176,157
E00109924,325,174,151
E00109928,243,125,118
E00109908,252,124,128
E00109929,325,171,154
E00109930,382,221,161
E00109931,367,185,182
E00176429,330,170,160
E00176430,238,130,108
E00176440,302,142,160
E00109936,285,137,148
E00109944,230,124,106
E00109945,400,197,203
E00176439,325,167,158
E00176443,253,125,128
E00176451,297,162,135
E00176452,345,176,169
E00176453,319,155,164
E00109932,293,150,143
E00109933,290,138,152
E00109934,298,133,165
E00109935,231,117,114
E00109939,132,66,66
E00109941,166,86,80
E00109946,327,162,165
E00109937,295,152,143
E00109938,281,152,129
E00109940,284,152,132
E00109942,312,151,161
E00109943,295,149,146
E00110194,293,135,158
E00110195,181,87,94
E00110197,248,126,122
E00110199,183,100,83
E00110200,334,168,166
E00110201,234,106,128
E00110193,448,233,215
E00110196,340,177,163
E00110198,383,188,195
E00110339,324,164,160
E00110341,464,239,225
E00110342,361,187,174
E00110345,471,227,244
E00110355,262,146,116
E00110338,348,180,168
E00110340,344,181,163
E00110343,313,168,145
E00110344,393,214,179
E00110346,273,137,136
E00110347,307,161,146
E00110348,331,167,164
E00110349,519,267,252
E00110350,327,169,158
E00110351,342,173,169
E00110352,272,151,121
E00110353,238,110,128
E00110354,328,160,168
E00110356,339,177,162
E00110336,433,222,211
E00110337,286,151,135
E00110357,255,141,114
E00110358,254,135,119
E00110359,302,151,151
E00110378,270,148,122
E00110383,312,160,152
E00110385,292,151,141
E00110389,249,134,115
E00110402,290,164,126
E00110377,272,142,130
E00110386,258,133,125
E00110393,284,143,141
E00110394,139,76,63
E00110397,277,143,134
E00110400,287,141,146
E00110381,270,139,131
E00110390,155,73,82
E00110392,283,142,141
E00110396,361,183,178
E00110398,495,255,240
E00110382,260,144,116
E00110391,284,148,136
E00110395,301,161,140
E00110399,244,126,118
E00110401,277,144,133
E00110379,277,150,127
E00110380,261,140,121
E00110384,288,142,146
E00110387,250,140,110
E00110388,284,146,138
E00110242,290,140,150
E00110247,328,164,164
E00110248,353,178,175
E00110252,370,189,181
E00110240,374,192,182
E00110244,294,156,138
E00110245,288,142,146
E00110249,389,209,180
E00110251,330,169,161
E00110253,326,153,173
E00110254,197,90,107
E00110256,346,173,173
E00110258,291,133,158
E00110233,257,110,147
E00110234,456,213,243
E00110238,286,147,139
E00110250,389,200,189
E00110255,262,128,134
E00110257,305,158,147
E00110235,239,117,122
E00110236,197,93,104
E00110259,395,222,173
E00110260,252,120,132
E00110261,280,142,138
E00110237,243,128,115
E00110239,248,134,114
E00110241,265,142,123
E00110243,300,155,145
E00110246,311,157,154
E00110264,322,169,153
E00110265,286,145,141
E00110266,328,161,167
E00110270,283,144,139
E00110276,219,103,116
E00110262,267,145,122
E00110263,269,134,135
E00110267,287,150,137
E00110268,356,190,166
E00110269,315,175,140
E00110272,301,158,143
E00110273,312,160,152
E00110274,315,161,154
E00110275,308,157,151
E00110277,296,143,153
E00188120,421,214,207
E00188131,363,187,176
E00176366,283,132,151
E00176367,375,201,174
E00176369,458,218,240
E00110125,608,312,296
E00176365,437,217,220
E00188073,346,176,170
E00188105,279,134,145
E00188022,358,169,189
E00188071,311,157,154
E00188086,376,175,201
E00188153,354,177,177
E00110123,508,271,237
E00176368,270,117,153
E00188075,348,167,181
E00188143,361,176,185
E00110128,437,207,230
E00188058,386,197,189
E00188141,294,136,158
E00110116,586,307,279
E00110126,394,203,191
E00176400,274,138,136
E00188113,343,163,180
E00188138,286,148,138
E00110124,287,152,135
E00110127,383,196,187
E00110129,303,160,143
E00188133,299,165,134
E00110130,404,202,202
E00176409,444,237,207
E00176415,304,148,156
E00176416,324,182,142
E00176376,159,80,79
E00176407,279,147,132
E00188057,370,186,184
E00188110,274,151,123
E00188129,279,136,143
E00188152,362,187,175
E00110132,304,164,140
E00110134,381,190,191
E00110136,387,181,206
E00176388,365,170,195
E00176423,272,143,129
E00110133,281,146,135
E00176396,234,116,118
E00176398,283,134,149
E00176399,296,155,141
E00176402,258,126,132
E00110571,322,154,168
E00110572,283,140,143
E00110573,127,59,68
E00110574,294,142,152
E00110575,366,189,177
E00110576,304,150,154
E00110577,303,149,154
E00110578,352,182,170
E00110709,324,169,155
E00110710,297,156,141
E00110712,370,175,195
E00110714,211,109,102
E00110715,321,161,160
E00110716,123,57,66
E00110717,160,70,90
E00170079,366,172,194
E00110726,357,171,186
E00110728,331,176,155
E00110729,369,175,194
E00110731,297,142,155
E00110730,298,161,137
E00110732,256,131,125
E00110733,285,151,134
E00110734,274,139,135
E00110735,435,229,206
E00110725,399,221,178
E00110727,359,185,174
E00110736,239,132,107
E00110737,353,168,185
E00110738,504,281,223
E00110429,506,251,255
E00110430,437,246,191
E00110431,267,131,136
E00110432,258,119,139
E00110433,388,186,202
E00110434,436,217,219
E00110700,374,186,188
E00110701,323,167,156
E00110702,319,164,155
E00110706,374,188,186
E00110696,370,177,193
E00110697,322,168,154
E00110703,288,146,142
E00110705,307,160,147
E00110708,375,187,188
E00110698,210,112,98
E00110699,355,177,178
E00110704,383,192,191
E00110707,281,142,139
E00110747,349,169,180
E00110748,324,164,160
E00110749,138,61,77
E00110750,220,111,109
E00110751,303,142,161
E00110752,336,166,170
E00110753,242,118,124
E00110754,334,170,164
E00110579,506,259,247
E00110580,321,157,164
E00110581,330,171,159
E00110582,338,170,168
E00110583,436,226,210
E00110584,268,127,141
E00110585,265,131,134
E00110718,340,174,166
E00110719,350,187,163
E00110720,445,228,217
E00110721,249,127,122
E00110722,341,177,164
E00110723,234,128,106
E00110724,431,218,213
E00110739,392,197,195
E00110740,460,236,224
E00110741,335,161,174
E00110742,406,208,198
E00110743,381,192,189
E00110744,171,72,99
E00110745,172,91,81
E00110746,203,90,113
E00110494,322,171,151
E00110498,169,86,83
E00110499,269,135,134
E00110500,347,186,161
E00110501,224,117,107
E00110502,308,164,144
E00110493,284,149,135
E00110503,380,192,188
E00110504,301,158,143
E00110505,260,135,125
E00110506,308,151,157
E00110495,291,154,137
E00110496,236,126,110
E00110497,398,211,187
E00110507,281,146,135
E00110755,503,267,236
E00110756,336,182,154
E00110758,432,222,210
E00110759,376,195,181
E00110760,320,176,144
E00182475,437,212,225
E00182508,354,189,165
E00110532,331,171,160
E00110533,320,167,153
E00110534,257,133,124
E00110537,305,150,155
E00110539,320,165,155
E00110538,254,130,124
E00110548,389,202,187
E00110549,299,162,137
E00110550,342,174,168
E00170074,494,274,220
E00170076,312,162,150
E00110536,264,141,123
E00110540,334,176,158
E00110541,287,161,126
E00110542,255,140,115
E00110544,360,179,181
E00110531,484,259,225
E00110543,350,187,163
E00110545,217,111,106
E00110546,391,198,193
E00110547,600,296,304
E00110514,172,88,84
E00110523,205,103,102
E00110524,240,123,117
E00110525,348,180,168
E00110526,274,135,139
E00110527,344,175,169
E00110508,408,204,204
E00110511,240,128,112
E00110516,221,110,111
E00110528,317,169,148
E00110529,320,157,163
E00110530,211,103,108
E00110509,339,170,169
E00110510,286,147,139
E00110512,166,87,79
E00110513,293,167,126
E00110515,272,144,128
E00110517,173,103,70
E00110518,336,171,165
E00110519,334,177,157
E00110520,274,143,131
E00110521,353,182,171
E00110522,291,159,132
E00110804,334,180,154
E00110805,276,148,128
E00110806,257,132,125
E00110807,254,128,126
E00110816,270,149,121
E00110809,378,190,188
E00110810,192,103,89
E00110811,301,153,148
E00110812,179,97,82
E00110813,358,176,182
E00110817,271,150,121
E00110828,280,134,146
E00110829,575,300,275
E00110830,325,169,156
E00110831,391,192,199
E00110818,272,142,130
E00110819,374,191,183
E00110820,356,181,175
E00110825,313,167,146
E00110827,296,146,150
E00110821,229,121,108
E00110822,291,142,149
E00110823,324,155,169
E00110824,327,166,161
E00110826,292,163,129
E00110783,305,149,156
E00110784,286,153,133
E00110785,321,158,163
E00110788,363,171,192
E00110792,273,136,137
E00110787,291,158,133
E00110798,314,158,156
E00110799,322,156,166
E00110801,319,170,149
E00110802,335,166,169
E00110786,257,129,128
E00110789,294,150,144
E00110790,215,125,90
E00110794,341,172,169
E00110796,311,164,147
E00110782,368,181,187
E00110791,405,213,192
E00110793,217,106,111
E00110795,271,138,133
E00110797,310,161,149
E00110800,265,148,117
E00110834,340,192,148
E00110835,331,155,176
E00110836,267,137,130
E00110837,433,230,203
E00110843,364,176,188
E00110844,304,150,154
E00170071,315,152,163
E00170073,338,164,174
E00110775,263,124,139
E00110776,272,134,138
E00110777,413,214,199
E00110778,187,95,92
E00110779,245,122,123
E00182402,470,254,216
E00182412,308,148,160
E00182514,183,102,81
E00182526,301,148,153
E00182528,130,69,61
E00110808,304,155,149
E00110814,156,79,77
E00110815,353,184,169
E00170072,110,58,52
E00170075,161,86,75
E00170077,171,80,91
E00110832,253,125,128
E00110838,468,230,238
E00110839,407,225,182
E00110840,341,175,166
E00110841,263,140,123
E00110842,310,157,153
E00110586,213,113,100
E00110587,268,139,129
E00110588,236,117,119
E00110589,251,133,118
E00110590,302,146,156
E00110591,402,190,212
E00110592,380,201,179
E00110769,338,162,176
E00110770,267,134,133
E00110772,356,180,176
E00110773,363,189,174
E00110761,275,134,141
E00110762,372,193,179
E00110767,302,161,141
E00110768,200,97,103
E00110771,333,182,151
E00110763,362,183,179
E00110764,327,166,161
E00110765,326,166,160
E00110766,364,186,178
E00110609,216,112,104
E00110610,375,194,181
E00110613,331,181,150
E00110622,326,156,170
E00110623,277,144,133
E00110611,256,145,111
E00110614,268,138,130
E00110615,461,253,208
E00110618,252,136,116
E00110624,398,200,198
E00110612,417,239,178
E00110616,196,111,85
E00110617,311,158,153
E00110619,180,91,89
E00110620,291,147,144
E00110621,363,205,158
E00110625,263,132,131
E00110626,283,145,138
E00110632,305,165,140
E00110633,313,166,147
E00110639,297,151,146
E00110628,305,148,157
E00110629,294,143,151
E00110630,373,188,185
E00110638,318,157,161
E00110640,246,130,116
E00110627,263,150,113
E00110631,332,169,163
E00110634,288,139,149
E00110635,206,112,94
E00110636,300,146,154
E00110637,215,114,101
E00110671,325,171,154
E00110673,185,86,99
E00110675,400,204,196
E00110676,371,196,175
E00110670,340,184,156
E00110672,282,136,146
E00110674,320,158,162
E00110677,327,150,177
E00110680,330,164,166
E00110678,368,190,178
E00110679,373,188,185
E00110681,263,140,123
E00110682,313,146,167
E00110683,297,165,132
E00110684,397,206,191
E00110690,360,188,172
E00110691,465,241,224
E00110694,378,193,185
E00110686,515,258,257
E00110692,431,221,210
E00170069,182,91,91
E00182400,446,267,179
E00182404,509,290,219
E00110687,308,160,148
E00110688,276,149,127
E00110689,401,196,205
E00110693,382,192,190
E00110695,319,167,152
E00110593,322,161,161
E00110594,290,146,144
E00110595,299,165,134
E00110596,261,129,132
E00110598,277,148,129
E00110608,296,160,136
E00110599,311,148,163
E00110600,290,143,147
E00110601,294,153,141
E00110605,314,164,150
E00110606,299,146,153
E00110597,310,157,153
E00110602,333,162,171
E00110603,326,169,157
E00110604,257,142,115
E00110607,332,157,175
E00110662,300,159,141
E00110663,324,163,161
E00110664,265,136,129
E00110665,335,184,151
E00110667,359,177,182
E00110656,343,177,166
E00110657,295,157,138
E00110666,256,135,121
E00110668,331,170,161
E00110669,309,163,146
E00110642,380,203,177
E00110644,322,159,163
E00110645,333,172,161
E00110653,350,173,177
E00110646,285,148,137
E00110647,323,159,164
E00110648,298,155,143
E00110649,314,172,142
E00110651,319,162,157
E00110641,295,146,149
E00110643,336,177,159
E00110650,323,173,150
E00110652,266,150,116
E00110654,189,98,91
E00110655,294,156,138
E00110658,308,162,146
E00110659,354,171,183
E00110660,379,199,180
E00110661,360,184,176
E00110439,318,167,151
E00110440,289,149,140
E00110441,346,172,174
E00110442,379,205,174
E00110443,418,209,209
E00110444,169,96,73
E00110445,300,156,144
E00110446,393,223,170
E00110447,164,88,76
E00110449,268,145,123
E00110435,346,185,161
E00110436,299,157,142
E00110437,397,196,201
E00110438,277,132,145
E00110448,366,182,184
E00110451,317,164,153
E00110455,324,173,151
E00110457,354,194,160
E00110461,373,194,179
E00110464,308,162,146
E00110450,310,163,147
E00110452,374,182,192
E00110453,317,159,158
E00110454,256,138,118
E00110459,222,106,116
E00110471,170,100,70
E00110472,268,155,113
E00110456,296,152,144
E00110458,306,152,154
E00110468,339,174,165
E00110469,363,185,178
E00110470,361,179,182
E00110460,237,124,113
E00110462,300,157,143
E00110463,302,147,155
E00110465,309,150,159
E00110466,285,151,134
E00110467,329,167,162
E00110473,449,232,217
E00110474,368,192,176
E00110475,387,199,188
E00110476,351,175,176
E00110477,236,115,121
E00110478,288,151,137
E00110479,273,139,134
E00110480,541,269,272
E00110481,370,184,186
E00110484,387,195,192
E00110491,408,196,212
E00110482,309,162,147
E00110483,318,163,155
E00110490,408,203,205
E00110492,377,181,196
E00110485,273,147,126
E00110486,362,197,165
E00110487,348,173,175
E00110488,305,157,148
E00110489,239,125,114
E00110559,303,175,128
E00110562,309,186,123
E00110564,343,173,170
E00110565,271,154,117
E00110567,307,154,153
E00110568,359,186,173
E00110552,466,246,220
E00110554,291,150,141
E00110558,343,182,161
E00110561,281,150,131
E00182477,240,130,110
E00182527,422,219,203
E00110557,424,208,216
E00110560,364,191,173
E00110563,455,234,221
E00110566,443,231,212
E00110553,386,203,183
E00110555,445,250,195
E00110556,410,197,213
E00110569,348,179,169
E00110570,389,204,185
E00111029,413,206,207
E00111030,325,168,157
E00111031,330,164,166
E00111032,324,169,155
E00182411,294,157,137
E00182505,212,100,112
E00182522,319,171,148
E00111020,270,145,125
E00111026,295,148,147
E00111033,311,162,149
E00111036,320,164,156
E00111037,352,188,164
E00111022,306,149,157
E00111024,312,170,142
E00111027,278,151,127
E00111034,380,212,168
E00111035,230,119,111
E00111018,316,160,156
E00182484,356,174,182
E00182502,234,114,120
E00182509,156,82,74
E00182524,450,236,214
E00111023,359,185,174
E00111025,300,156,144
E00170081,328,155,173
E00182408,283,139,144
E00182422,347,184,163
E00182486,132,72,60
E00182511,617,297,320
E00182513,599,318,281
E00170083,301,146,155
E00170087,394,197,197
E00182443,264,125,139
E00182455,356,164,192
E00182507,118,59,59
E00110983,338,174,164
E00110986,317,169,148
E00110988,348,180,168
E00110991,406,208,198
E00110981,252,132,120
E00110982,515,292,223
E00110984,239,129,110
E00110985,320,166,154
E00110990,315,172,143
E00110972,284,138,146
E00110975,323,159,164
E00110976,234,119,115
E00110977,312,155,157
E00110992,332,159,173
E00110969,287,164,123
E00110970,235,130,105
E00110971,290,154,136
E00110973,317,155,162
E00110974,345,184,161
E00110979,255,128,127
E00110980,288,145,143
E00110987,323,152,171
E00110989,355,169,186
E00182472,294,156,138
E00182489,323,158,165
E00182521,118,65,53
E00110993,309,154,155
E00110997,341,159,182
E00111000,348,183,165
E00111002,324,169,155
E00111004,367,194,173
E00110996,319,167,152
E00111009,304,155,149
E00111010,227,113,114
E00111012,287,151,136
E00111015,337,173,164
E00110994,356,167,189
E00110995,275,129,146
E00111008,262,133,129
E00111013,196,95,101
E00111016,331,179,152
E00111017,373,185,188
E00110998,279,140,139
E00110999,363,187,176
E00111001,320,161,159
E00111003,369,204,165
E00111005,328,178,150
E00111007,313,169,144
E00111011,306,157,149
E00111014,341,174,167
E00182441,191,102,89
E00182467,261,135,126
E00182520,388,173,215
E00110945,319,162,157
E00110946,376,205,171
E00110965,309,149,160
E00110968,277,145,132
E00182425,486,249,237
E00182476,258,140,118
E00110947,295,142,153
E00110949,238,128,110
E00110950,285,159,126
E00110953,303,162,141
E00110954,249,120,129
E00110956,504,288,216
E00110955,440,236,204
E00110958,328,174,154
E00110961,428,210,218
E00110963,361,180,181
E00110952,362,196,166
E00110957,348,186,162
E00110959,318,156,162
E00110960,322,179,143
E00110962,358,185,173
E00110948,283,136,147
E00110951,410,236,174
E00110967,271,141,130
E00170084,551,288,263
E00170085,542,274,268
E00182432,509,237,272
E00182482,334,183,151
E00110871,385,187,198
E00110874,397,204,193
E00110875,353,165,188
E00110881,317,165,152
E00110885,310,159,151
E00110886,334,164,170
E00110890,315,156,159
E00110891,283,153,130
E00110894,312,158,154
E00110895,380,206,174
E00110873,298,148,150
E00110879,245,115,130
E00110880,291,143,148
E00110884,359,191,168
E00110887,334,170,164
E00110872,231,127,104
E00110876,307,163,144
E00110877,316,156,160
E00110878,237,132,105
E00110882,314,157,157
E00110883,279,149,130
E00110888,241,125,116
E00110889,244,134,110
E00110892,332,175,157
E00110893,339,173,166
E00170086,345,159,186
E00170088,262,128,134
E00170089,278,151,127
E00170090,299,149,150
E00110850,361,177,184
E00110859,282,145,137
E00110860,330,166,164
E00110862,375,182,193
E00110868,325,162,163
E00110846,313,155,158
E00110858,288,146,142
E00110864,320,166,154
E00110865,295,167,128
E00110867,339,175,164
E00110845,298,162,136
E00110848,411,212,199
E00110853,257,136,121
E00110854,280,151,129
E00110856,431,219,212
E00110847,297,146,151
E00110851,271,137,134
E00110852,327,163,164
E00110855,346,162,184
E00110857,341,182,159
E00110869,288,160,128
E00111086,296,156,140
E00111089,279,136,143
E00111090,307,164,143
E00111091,277,146,131
E00111096,225,118,107
E00110897,295,162,133
E00110901,304,152,152
E00110902,235,118,117
E00110914,234,124,110
E00110915,333,156,177
E00111093,356,182,174
E00111094,345,180,165
E00111097,359,184,175
E00111099,280,145,135
E00111102,310,173,137
E00111098,336,173,163
E00111100,315,165,150
E00111101,369,183,186
E00111105,379,187,192
E00111092,209,121,88
E00111103,337,183,154
E00111104,326,171,155
E00111106,314,168,146
E00111107,322,159,163
E00182403,108,59,49
E00182442,255,131,124
E00182466,335,136,199
E00182490,460,227,233
E00111087,311,171,140
E00111088,385,197,188
E00111108,270,138,132
E00111109,384,193,191
E00111110,360,163,197
E00110849,357,181,176
E00110861,176,83,93
E00110863,269,141,128
E00110866,330,166,164
E00110870,300,162,138
E00110926,303,159,144
E00110929,289,162,127
E00110930,359,195,164
E00110931,340,177,163
E00110932,307,166,141
E00110933,319,144,175
E00110934,358,198,160
E00110936,225,113,112
E00110938,276,141,135
E00110939,324,159,165
E00110924,391,209,182
E00110925,302,156,146
E00110927,325,168,157
E00110928,297,143,154
E00110935,228,123,105
E00110919,316,162,154
E00110922,308,159,149
E00110937,333,171,162
E00110940,248,139,109
E00110941,330,174,156
E00110899,370,200,170
E00110900,280,141,139
E00110911,282,142,140
E00110916,244,133,111
E00110917,314,162,152
E00110898,318,158,160
E00110903,329,172,157
E00110913,300,142,158
E00110918,311,145,166
E00110906,326,164,162
E00110908,333,173,160
E00110910,250,123,127
E00110912,327,161,166
E00110904,311,166,145
E00110905,295,157,138
E00110907,317,166,151
E00110909,286,141,145
E00111062,376,184,192
E00111064,254,124,130
E00111076,288,157,131
E00111080,194,94,100
E00111081,280,157,123
E00110920,234,126,108
E00110921,305,157,148
E00110923,302,166,136
E00110942,336,177,159
E00110943,331,170,161
E00111038,341,175,166
E00111039,273,144,129
E00111042,409,218,191
E00111051,312,159,153
E00111054,316,164,152
E00111041,326,174,152
E00111043,288,142,146
E00111045,317,158,159
E00111046,352,176,176
E00111061,346,182,164
E00111047,350,185,165
E00111050,242,122,120
E00111052,327,178,149
E00111053,338,179,159
E00111058,343,169,174
E00111040,294,148,146
E00111044,535,301,234
E00111059,329,173,156
E00111060,298,159,139
E00111048,309,155,154
E00111049,331,177,154
E00111055,323,172,151
E00111056,353,191,162
E00111057,265,132,133
E00111065,375,191,184
E00111077,385,185,200
E00111079,311,151,160
E00111083,415,207,208
E00111084,279,126,153
E00111063,372,176,196
E00111078,327,154,173
E00111082,386,200,186
E00111085,453,222,231
E00111066,283,142,141
E00111068,243,125,118
E00111071,268,140,128
E00111073,282,139,143
E00111075,275,140,135
E00111067,362,195,167
E00111069,293,153,140
E00111070,247,138,109
E00111072,317,161,156
E00111074,274,133,141
E00111280,375,189,186
E00111281,425,201,224
E00111282,412,200,212
E00111283,227,109,118
E00111284,293,161,132
E00111285,355,178,177
E00111286,391,201,190
E00111287,361,192,169
E00111296,444,234,210
E00111297,284,151,133
E00111288,171,86,85
E00111289,551,283,268
E00111290,415,200,215
E00111291,490,246,244
E00111292,233,114,119
E00111293,334,165,169
E00111294,294,148,146
E00111295,435,227,208
E00111152,384,201,183
E00111155,280,152,128
E00111159,378,197,181
E00111160,335,172,163
E00111161,361,184,177
E00111162,424,203,221
E00111153,257,136,121
E00111154,355,181,174
E00111156,407,194,213
E00111157,335,169,166
E00111158,347,177,170
E00111299,175,95,80
E00111301,311,168,143
E00111302,162,73,89
E00111303,283,143,140
E00111304,356,191,165
E00111305,315,157,158
E00111306,193,101,92
E00111307,290,149,141
E00111298,207,103,104
E00111300,166,79,87
E00111308,332,166,166
E00111309,316,162,154
E00111310,294,155,139
E00111311,288,137,151
E00111166,235,114,121
E00111170,330,166,164
E00111171,303,142,161
E00111172,263,141,122
E00111173,265,136,129
E00111163,371,189,182
E00111164,396,208,188
E00111167,348,173,175
E00111165,305,151,154
E00111169,317,159,158
E00111174,318,157,161
E00180488,334,170,164
E00180555,313,155,158
E00111175,245,119,126
E00111176,401,219,182
E00111178,317,170,147
E00111179,574,312,262
E00111182,487,246,241
E00111183,318,176,142
E00111177,281,143,138
E00111180,410,221,189
E00111181,356,204,152
E00111185,407,225,182
E00111186,348,178,170
E00180519,387,209,178
E00180520,278,140,138
E00111187,287,145,142
E00111188,319,177,142
E00111189,358,171,187
E00111190,459,245,214
E00111191,186,105,81
E00111192,227,116,111
E00111193,346,170,176
E00111194,319,174,145
E00111198,277,146,131
E00111199,182,108,74
E00111203,308,144,164
E00111206,453,231,222
E00111207,310,163,147
E00111209,278,141,137
E00111195,230,121,109
E00111196,419,239,180
E00111197,352,183,169
E00111204,238,130,108
E00111205,279,144,135
E00111200,299,149,150
E00111201,255,134,121
E00111202,230,122,108
E00111208,301,168,133
E00111210,382,191,191
E00111211,382,188,194
E00111212,386,199,187
E00111219,310,159,151
E00111214,245,125,120
E00111215,300,161,139
E00111216,451,227,224
E00111217,230,117,113
E00111213,292,149,143
E00111218,296,152,144
E00111220,295,144,151
E00111221,271,141,130
E00111222,306,161,145
E00111225,327,166,161
E00111231,311,166,145
E00180462,223,110,113
E00180478,300,160,140
E00180510,368,191,177
E00111223,305,162,143
E00111224,266,136,130
E00111228,301,148,153
E00111229,211,106,105
E00111226,298,155,143
E00111227,289,149,140
E00111232,239,125,114
E00111233,282,154,128
E00111234,163,70,93
E00111243,362,182,180
E00111245,336,172,164
E00111246,486,238,248
E00170002,443,214,229
E00170003,298,151,147
E00111258,542,250,292
E00111261,275,131,144
E00111266,500,259,241
E00180528,267,138,129
E00180538,446,225,221
E00111262,355,167,188
E00111263,341,170,171
E00111264,292,150,142
E00111265,266,134,132
E00111259,347,172,175
E00111267,311,162,149
E00111268,338,169,169
E00111269,266,140,126
E00111270,283,147,136
E00111271,199,94,105
E00111272,292,145,147
E00111273,295,158,137
E00111274,305,156,149
E00111275,116,56,60
E00111276,264,137,127
E00111277,308,166,142
E00111278,158,80,78
E00111279,395,194,201
E00111119,325,170,155
E00111120,335,170,165
E00111121,395,190,205
E00111122,289,143,146
E00111116,373,184,189
E00111117,484,260,224
E00111118,281,149,132
E00111123,372,172,200
E00111111,494,253,241
E00111112,187,99,88
E00111113,404,196,208
E00111114,130,65,65
E00111115,270,134,136
E00111236,352,168,184
E00111239,357,178,179
E00111240,291,139,152
E00111241,399,197,202
E00111235,381,180,201
E00111237,414,212,202
E00111238,132,64,68
E00111242,205,98,107
E00111248,396,208,188
E00111249,399,202,197
E00111250,478,243,235
E00111251,390,211,179
E00111257,209,97,112
E00111247,364,188,176
E00111252,275,137,138
E00111253,275,137,138
E00111254,208,104,104
E00111255,271,141,130
E00111256,256,124,132
E00111125,246,134,112
E00111130,274,148,126
E00111132,285,141,144
E00111133,282,142,140
E00111134,278,148,130
E00111141,304,158,146
E00111145,327,171,156
E00111147,278,150,128
E00111149,270,143,127
E00111150,256,130,126
E00111137,313,162,151
E00111138,255,132,123
E00111139,278,145,133
E00111146,191,107,84
E00111148,296,146,150
E00111151,256,143,113
E00111140,312,157,155
E00111142,315,169,146
E00111143,240,128,112
E00111144,272,142,130
E00111127,619,330,289
E00111136,371,188,183
E00180489,598,293,305
E00180515,124,62,62
E00111124,275,146,129
E00111126,415,207,208
E00111128,362,179,183
E00111131,367,181,186
E00111135,186,79,107
E00111449,383,194,189
E00111450,322,165,157
E00111454,327,158,169
E00111455,200,112,88
E00111456,216,108,108
E00111462,203,111,92
E00111457,307,141,166
E00111458,124,74,50
E00111459,340,174,166
E00111460,264,145,119
E00111461,259,133,126
E00111464,370,195,175
E00111452,353,166,187
E00111453,345,160,185
E00111465,329,166,163
E00111467,300,154,146
E00111468,346,183,163
E00111451,298,160,138
E00111463,258,146,112
E00111466,343,167,176
E00111469,320,176,144
E00111470,382,205,177
E00111312,152,76,76
E00111313,224,115,109
E00111314,268,123,145
E00111315,352,171,181
E00111316,248,131,117
E00111317,382,186,196
E00111318,379,194,185
E00111378,345,169,176
E00111379,346,176,170
E00111386,273,146,127
E00111387,266,133,133
E00111377,315,170,145
E00111380,229,125,104
E00111381,293,147,146
E00111382,336,191,145
E00111383,325,163,162
E00111375,367,183,184
E00111376,496,244,252
E00111384,366,181,185
E00111385,370,196,174
E00111388,297,159,138
E00111392,279,144,135
E00111400,386,195,191
E00111401,205,101,104
E00111402,419,219,200
E00111321,443,215,228
E00111323,236,129,107
E00111324,165,80,85
E00180459,513,258,255
E00111319,389,186,203
E00111320,456,242,214
E00111322,370,188,182
E00111500,300,144,156
E00111501,250,133,117
E00111510,170,94,76
E00111512,302,159,143
E00111514,316,181,135
E00111497,348,183,165
E00111518,337,175,162
E00111520,264,131,133
E00111521,346,185,161
E00170007,135,68,67
E00170008,171,84,87
E00170009,143,72,71
E00111336,504,258,246
E00111339,268,137,131
E00111340,333,157,176
E00111341,379,201,178
E00111338,320,161,159
E00111342,371,196,175
E00111343,345,170,175
E00111344,306,162,144
E00111364,290,164,126
E00111365,331,179,152
E00111369,354,177,177
E00111370,378,189,189
E00111372,315,150,165
E00111536,333,174,159
E00111537,421,212,209
E00111538,343,174,169
E00111541,353,179,174
E00111543,306,160,146
E00111544,283,141,142
E00111539,301,159,142
E00111540,333,178,155
E00111542,355,204,151
E00111545,248,127,121
E00111546,353,178,175
E00111333,490,245,245
E00111334,454,228,226
E00111335,302,149,153
E00170004,300,143,157
E00170005,328,178,150
E00170006,320,160,160
E00111363,391,194,197
E00111366,330,154,176
E00111367,279,150,129
E00111368,317,167,150
E00111371,256,129,127
E00111373,283,145,138
E00111374,229,116,113
E00111523,567,297,270
E00111525,323,171,152
E00111530,311,168,143
E00111531,242,130,112
E00111532,270,142,128
E00111522,278,139,139
E00111524,313,152,161
E00111526,326,171,155
E00111529,312,170,142
E00111527,309,156,153
E00111528,325,175,150
E00111533,402,204,198
E00111534,283,160,123
E00111535,325,156,169
E00111390,171,70,101
E00111391,315,138,177
E00111396,307,166,141
E00111398,281,140,141
E00111399,246,128,118
E00111389,312,167,145
E00111393,317,168,149
E00111394,372,181,191
E00111395,279,150,129
E00111397,258,130,128
E00111499,276,144,132
E00111503,275,147,128
E00111513,292,157,135
E00111517,356,181,175
E00111519,273,154,119
E00111511,298,151,147
E00111515,351,189,162
E00111516,268,148,120
E00180509,162,94,68
E00180512,383,198,185
E00180523,530,277,253
E00180530,128,67,61
E00180539,388,208,180
E00180549,331,155,176
E00111505,299,156,143
E00111506,270,151,119
E00111507,316,156,160
E00111508,308,156,152
E00111509,290,144,146
E00111484,323,174,149
E00111487,262,140,122
E00111488,280,142,138
E00111493,262,139,123
E00111494,320,178,142
E00111491,320,167,153
E00111492,336,176,160
E00111495,344,176,168
E00111496,273,137,136
E00111547,317,183,134
E00111548,368,190,178
E00111549,277,154,123
E00111559,279,149,130
E00111552,319,164,155
E00111553,343,185,158
E00111554,344,173,171
E00111555,369,194,175
E00111550,320,165,155
E00111551,336,151,185
E00111556,267,142,125
E00111557,299,169,130
E00111558,390,199,191
E00111563,214,106,108
E00111564,323,162,161
E00111565,196,119,77
E00111566,371,190,181
E00111567,333,175,158
E00111569,313,169,144
E00111471,415,213,202
E00111476,341,181,160
E00111478,398,205,193
E00111479,332,157,175
E00111473,338,169,169
E00111474,296,156,140
E00111475,329,172,157
E00111477,269,148,121
E00111472,348,184,164
E00111480,310,162,148
E00111481,320,174,146
E00111482,304,157,147
E00111483,301,159,142
E00111485,243,133,110
E00111486,336,171,165
E00111489,247,133,114
E00111490,352,167,185
E00111560,328,166,162
E00111561,275,155,120
E00111562,355,181,174
E00111568,340,176,164
E00111570,410,206,204
E00111571,281,148,133
E00111572,354,195,159
E00111327,247,129,118
E00111328,342,163,179
E00111329,375,188,187
E00111330,325,164,161
E00111331,317,163,154
E00111332,129,74,55
E00111345,158,78,80
E00111349,340,184,156
E00111350,305,157,148
E00111360,286,146,140
E00111362,369,189,180
E00111346,363,191,172
E00111352,238,129,109
E00111354,401,193,208
E00111355,359,183,176
E00111356,211,112,99
E00111348,315,153,162
E00111353,359,180,179
E00111357,295,152,143
E00111361,357,179,178
E00111347,328,170,158
E00111351,242,124,118
E00111358,412,226,186
E00180497,267,144,123
E00180522,589,295,294
E00111421,293,158,135
E00111422,299,164,135
E00111423,310,170,140
E00111435,343,179,164
E00111436,275,140,135
E00111415,263,130,133
E00111416,258,132,126
E00111420,288,153,135
E00111424,253,137,116
E00111426,309,154,155
E00111428,309,168,141
E00111437,266,133,133
E00111438,325,167,158
E00111439,279,144,135
E00111440,524,267,257
E00111441,285,148,137
E00111442,316,152,164
E00111443,324,169,155
E00111444,331,166,165
E00111445,470,239,231
E00111446,354,186,168
E00111447,470,241,229
E00111448,368,189,179
E00111406,292,155,137
E00111410,326,169,157
E00180468,337,170,167
E00180537,301,153,148
E00180541,600,289,311
E00180547,145,76,69
E00111407,350,176,174
E00111408,313,157,156
E00111412,353,181,172
E00111413,351,179,172
E00111403,308,164,144
E00111404,327,166,161
E00111405,315,163,152
E00111414,358,172,186
E00111417,336,175,161
E00111425,198,117,81
E00111427,187,98,89
E00111430,297,148,149
E00111433,318,171,147
E00111434,324,156,168
E00111418,309,156,153
E00111419,416,201,215
E00111429,282,143,139
E00111431,256,139,117
E00111432,316,160,156
E00111741,192,88,104
E00111742,225,111,114
E00111743,236,106,130
E00111744,372,207,165
E00111745,301,143,158
E00111736,309,154,155
E00111737,348,194,154
E00111738,259,123,136
E00111739,284,157,127
E00111740,259,138,121
E00111746,325,154,171
E00111747,335,174,161
E00111759,330,155,175
E00111760,199,120,79
E00111761,265,156,109
E00111762,249,126,123
E00111749,271,143,128
E00111751,330,172,158
E00111752,284,143,141
E00111755,484,254,230
E00111756,305,141,164
E00111758,264,158,106
E00111748,298,148,150
E00111750,485,245,240
E00111753,261,138,123
E00111754,353,184,169
E00111757,251,135,116
E00111780,228,133,95
E00111781,284,157,127
E00111783,302,155,147
E00111792,354,182,172
E00111795,360,185,175
E00111796,263,148,115
E00111788,319,146,173
E00111789,543,286,257
E00111790,307,156,151
E00111791,349,174,175
E00111793,348,175,173
E00111764,253,124,129
E00111766,405,216,189
E00111769,143,76,67
E00111771,241,123,118
E00111773,285,148,137
E00111776,253,131,122
E00111912,336,171,165
E00111913,337,178,159
E00111914,301,149,152
E00111628,481,254,227
E00111629,439,219,220
E00111630,331,174,157
E00111631,254,121,133
E00111632,255,128,127
E00111633,296,150,146
E00111634,369,178,191
E00111830,319,165,154
E00111839,302,163,139
E00111841,256,133,123
E00111843,246,112,134
E00188103,247,131,116
E00188142,258,129,129
E00188161,280,146,134
E00111829,413,209,204
E00111837,239,122,117
E00111838,343,189,154
E00111840,222,110,112
E00111842,286,148,138
E00111831,277,154,123
E00111832,309,158,151
E00111833,255,127,128
E00111834,279,148,131
E00111835,255,137,118
E00111860,294,152,142
E00111867,332,193,139
E00111870,328,170,158
E00111874,406,201,205
E00111875,343,171,172
E00111861,184,103,81
E00111862,230,136,94
E00111863,219,111,108
E00111864,241,126,115
E00111873,264,142,122
E00169956,197,84,113
E00169957,206,112,94
E00169959,141,75,66
E00111865,276,143,133
E00111866,259,142,117
E00111868,314,154,160
E00111869,233,116,117
E00111871,407,220,187
E00111707,374,196,178
E00111708,334,162,172
E00111709,343,182,161
E00111710,246,130,116
E00111711,289,129,160
E00111712,306,153,153
E00111713,348,174,174
E00111772,467,234,233
E00111775,262,131,131
E00111777,226,119,107
E00111779,221,114,107
E00169958,305,144,161
E00169960,211,107,104
E00169961,256,132,124
E00111763,358,197,161
E00111765,290,160,130
E00111767,229,125,104
E00111770,352,186,166
E00111774,219,116,103
E00111778,289,152,137
E00111782,320,164,156
E00111784,323,158,165
E00111785,285,155,130
E00111786,290,144,146
E00111787,268,144,124
E00111794,316,162,154
E00111909,293,145,148
E00111910,242,122,120
E00111911,310,161,149
E00111915,281,152,129
E00111916,285,153,132
E00111598,357,181,176
E00111599,363,182,181
E00188028,339,164,175
E00188135,267,129,138
E00188158,314,154,160
E00111600,441,216,225
E00111601,357,173,184
E00111602,324,168,156
E00111604,255,120,135
E00112035,220,93,127
E00112040,213,113,100
E00112043,372,186,186
E00112044,430,207,223
E00112045,306,162,144
E00112034,259,130,129
E00112036,312,161,151
E00112037,454,218,236
E00112038,266,143,123
E00112039,264,150,114
E00111677,197,105,92
E00111678,203,104,99
E00111680,367,215,152
E00111681,250,155,95
E00111682,333,176,157
E00111671,229,116,113
E00111674,276,137,139
E00111675,271,140,131
E00111676,225,124,101
E00111685,274,153,121
E00111686,189,101,88
E00112051,241,133,108
E00112056,235,132,103
E00112057,267,143,124
E00112058,534,286,248
E00112059,289,147,142
E00112050,386,228,158
E00112053,234,126,108
E00112054,268,138,130
E00112061,270,139,131
E00112063,354,193,161
E00112049,452,239,213
E00112052,251,125,126
E00112055,238,127,111
E00112060,219,104,115
E00112062,291,145,146
E00112064,279,144,135
E00111607,317,167,150
E00111608,404,211,193
E00111609,261,138,123
E00111610,292,145,147
E00111605,341,177,164
E00111606,364,186,178
E00111611,285,143,142
E00111612,351,178,173
E00111848,283,151,132
E00111849,281,134,147
E00111850,369,185,184
E00111851,338,164,174
E00111852,274,144,130
E00111853,271,140,131
E00111844,328,161,167
E00111845,286,153,133
E00111846,282,142,140
E00111847,354,170,184
E00111855,455,241,214
E00111854,494,245,249
E00111856,399,205,194
E00111857,198,99,99
E00111858,278,142,136
E00111859,412,209,203
E00111672,293,160,133
E00111673,271,140,131
E00111679,189,114,75
E00111683,250,138,112
E00111684,303,157,146
E00111724,219,119,100
E00111725,210,117,93
E00111727,250,130,120
E00111732,278,140,138
E00111733,196,104,92
E00111722,306,160,146
E00111723,286,146,140
E00111726,274,142,132
E00111728,244,132,112
E00111729,241,134,107
E00111721,291,168,123
E00111730,261,139,122
E00111731,185,107,78
E00111734,312,148,164
E00111735,259,137,122
E00111806,302,155,147
E00111810,314,154,160
E00111811,306,158,148
E00111812,286,156,130
E00111813,316,164,152
E00111815,276,147,129
E00111816,485,248,237
E00111817,278,152,126
E00111818,294,156,138
E00111820,406,204,202
E00111805,295,143,152
E00111807,316,179,137
E00111808,242,131,111
E00111809,258,127,131
E00111814,502,253,249
E00111819,316,164,152
E00111821,241,129,112
E00111822,210,113,97
E00111823,259,135,124
E00111824,236,124,112
E00111825,231,134,97
E00111826,300,152,148
E00111827,253,131,122
E00111828,249,128,121
E00111573,355,175,180
E00111575,282,145,137
E00111576,338,169,169
E00111577,252,133,119
E00111578,315,164,151
E00111579,312,157,155
E00188023,308,160,148
E00188154,301,159,142
E00111635,296,148,148
E00111643,321,161,160
E00111660,257,128,129
E00111661,318,158,160
E00111662,284,134,150
E00111714,302,165,137
E00111715,419,210,209
E00111716,381,193,188
E00111717,473,241,232
E00111718,275,146,129
E00111719,315,154,161
E00111720,351,174,177
E00112041,256,126,130
E00112042,366,179,187
E00112046,504,250,254
E00112047,502,273,229
E00112048,423,215,208
E00111663,244,126,118
E00111664,245,120,125
E00111665,280,143,137
E00111666,278,140,138
E00111667,325,171,154
E00111668,264,136,128
E00111669,230,126,104
E00111670,310,155,155
E00111971,288,153,135
E00111972,318,159,159
E00111974,260,140,120
E00111976,189,107,82
E00111977,216,106,110
E00111978,236,131,105
E00111967,307,168,139
E00111968,405,219,186
E00111973,260,136,124
E00111975,274,136,138
E00111979,315,172,143
E00111980,218,121,97
E00111969,288,148,140
E00111970,260,144,116
E00111981,226,119,107
E00111982,254,140,114
E00111983,207,112,95
E00111984,279,152,127
E00111638,358,175,183
E00111640,278,148,130
E00111641,286,152,134
E00111642,277,144,133
E00111649,304,158,146
E00111636,362,176,186
E00111637,218,122,96
E00111644,332,170,162
E00111645,283,145,138
E00111646,247,129,118
E00111647,241,114,127
E00111639,578,305,273
E00111648,289,147,142
E00111650,255,130,125
E00111651,243,128,115
E00111652,305,169,136
E00111654,288,155,133
E00111653,296,147,149
E00111655,248,130,118
E00111656,454,230,224
E00111657,237,123,114
E00111658,291,152,139
E00188051,233,98,135
E00188062,300,142,158
E00112003,318,164,154
E00112006,374,193,181
E00112014,362,182,180
E00112016,314,157,157
E00112017,338,172,166
E00111797,278,149,129
E00111798,263,131,132
E00111799,246,139,107
E00111800,242,124,118
E00111801,252,136,116
E00111802,280,147,133
E00111803,241,130,111
E00111804,318,156,162
E00111935,257,136,121
E00111938,235,130,105
E00111948,249,130,119
E00111949,241,125,116
E00111950,257,131,126
E00111951,238,128,110
E00111942,288,161,127
E00111943,238,127,111
E00111944,272,153,119
E00111945,245,120,125
E00111946,255,133,122
E00111947,242,125,117
E00111934,255,135,120
E00111936,224,117,107
E00111937,236,121,115
E00111939,241,122,119
E00111940,262,134,128
E00111941,230,126,104
E00111613,238,138,100
E00111617,317,166,151
E00111618,303,153,150
E00111624,328,174,154
E00111625,351,196,155
E00111615,289,151,138
E00111616,315,164,151
E00111619,292,144,148
E00111626,314,161,153
E00111627,336,182,154
E00111614,246,137,109
E00111622,269,146,123
E00188053,339,190,149
E00188069,391,221,170
E00188079,375,188,187
E00188099,278,145,133
E00188124,366,185,181
E00188126,313,150,163
E00188163,224,119,105
E00111876,350,166,184
E00111880,269,128,141
E00111882,332,169,163
E00111888,295,143,152
E00111890,271,145,126
E00111991,265,135,130
E00111992,231,135,96
E00111993,316,160,156
E00111994,264,123,141
E00111995,246,135,111
E00111996,316,156,160
E00111987,171,95,76
E00111997,336,176,160
E00111998,250,133,117
E00112000,273,145,128
E00112001,213,99,114
E00112002,306,158,148
E00111985,300,152,148
E00111986,268,128,140
E00111988,348,167,181
E00111989,272,144,128
E00111990,352,188,164
E00111999,352,176,176
E00112019,266,135,131
E00112020,348,185,163
E00112024,352,193,159
E00112032,287,148,139
E00112033,240,128,112
E00112018,292,143,149
E00112023,307,160,147
E00112025,301,181,120
E00112028,340,173,167
E00112030,261,136,125
E00112021,300,164,136
E00112022,319,179,140
E00112026,290,146,144
E00112027,274,144,130
E00112029,244,141,103
E00112031,383,207,176
E00111877,296,154,142
E00111878,334,182,152
E00111879,310,154,156
E00111889,272,147,125
E00111891,252,129,123
E00111881,204,109,95
E00111883,328,164,164
E00111884,117,59,58
E00111885,275,139,136
E00111886,291,158,133
E00111887,300,149,151
E00111917,221,115,106
E00111924,265,146,119
E00111925,247,128,119
E00111926,275,146,129
E00111927,254,128,126
E00111930,310,159,151
E00111928,315,165,150
E00111929,267,137,130
E00111931,284,137,147
E00111932,275,155,120
E00111933,212,103,109
E00111918,266,148,118
E00111919,361,182,179
E00111920,279,146,133
E00111921,319,171,148
E00111922,360,182,178
E00111923,251,140,111
E00111585,292,156,136
E00111586,309,154,155
E00111587,291,149,142
E00111588,172,94,78
E00111589,231,129,102
E00111590,307,158,149
E00111596,228,112,116
E00111894,297,134,163
E00111895,399,199,200
E00111896,407,185,222
E00111897,212,95,117
E00111898,372,195,177
E00111899,300,181,119
E00111902,315,163,152
E00111903,361,193,168
E00111905,371,182,189
E00111906,275,139,136
E00111908,386,183,203
E00111892,290,148,142
E00111893,262,128,134
E00111900,326,170,156
E00111901,315,175,140
E00111904,268,143,125
E00111907,224,116,108
E00111580,248,127,121
E00111582,326,172,154
E00111583,282,149,133
E00111584,275,144,131
E00111592,376,196,180
E00111594,415,193,222
E00111581,271,145,126
E00111591,273,141,132
E00111593,296,141,155
E00111595,344,176,168
E00111597,298,148,150
E00111952,287,158,129
E00111953,218,123,95
E00111954,286,145,141
E00111955,172,88,84
E00111962,240,127,113
E00111958,302,165,137
E00111961,312,170,142
E00111964,264,148,116
E00111965,290,159,131
E00111966,218,109,109
E00111956,298,155,143
E00111957,321,174,147
E00111959,269,142,127
E00111960,233,123,110
E00111963,299,160,139
E00111690,235,117,118
E00111691,304,123,181
E00111692,368,199,169
E00111693,263,149,114
E00111694,253,125,128
E00111695,287,144,143
E00111696,280,135,145
E00111687,276,134,142
E00111697,243,109,134
E00111698,234,118,116
E00111699,238,125,113
E00111700,239,126,113
E00111702,226,122,104
E00111688,234,111,123
E00111689,205,111,94
E00111701,250,134,116
E00111703,242,121,121
E00111704,241,130,111
E00111705,261,136,125
E00111706,204,116,88
E00112007,167,83,84
E00112010,263,137,126
E00112013,371,191,180
E00112015,380,195,185
E00188087,264,122,142
E00188155,261,130,131
E00112005,379,197,182
E00112008,289,160,129
E00112009,285,140,145
E00112011,245,136,109
E00112012,249,136,113
E00112065,321,158,163
E00112066,243,135,108
E00112067,339,172,167
E00112068,318,152,166
E00112069,531,273,258
E00112166,271,147,124
E00112167,430,220,210
E00112168,348,181,167
E00112169,342,184,158
E00112170,442,248,194
E00112179,291,145,146
E00112181,400,207,193
E00112188,405,202,203
E00112190,298,160,138
E00188039,264,148,116
E00188065,177,90,87
E00188090,223,119,104
E00112262,347,172,175
E00112263,296,166,130
E00112264,257,132,125
E00112265,464,237,227
E00112266,412,207,205
E00112267,213,113,100
E00112161,351,173,178
E00112162,301,162,139
E00112163,358,199,159
E00112171,213,113,100
E00112172,263,137,126
E00112164,257,123,134
E00112165,197,114,83
E00112173,278,138,140
E00112174,221,126,95
E00112175,281,138,143
E00112176,247,123,124
E00112177,165,93,72
E00112178,378,189,189
E00112183,291,151,140
E00112189,302,159,143
E00112192,262,137,125
E00112193,276,141,135
E00112182,315,159,156
E00112184,283,151,132
E00112185,245,115,130
E00112186,306,160,146
E00112187,285,151,134
E00188115,270,147,123
E00188117,275,142,133
E00188145,184,99,85
E00112196,292,149,143
E00112202,263,130,133
E00112203,314,154,160
E00112204,345,177,168
E00112205,251,126,125
E00112197,324,174,150
E00112198,302,157,145
E00112206,319,174,145
E00112207,326,183,143
E00112209,494,251,243
E00169975,259,136,123
E00169988,359,174,185
E00169991,207,108,99
E00112194,452,244,208
E00112195,387,201,186
E00112199,465,247,218
E00112200,287,145,142
E00188137,327,158,169
E00188165,350,187,163
E00112089,270,137,133
E00112090,292,146,146
E00112091,389,197,192
E00112092,392,199,193
E00112093,232,116,116
E00112146,375,185,190
E00112147,264,134,130
E00112148,252,127,125
E00112149,352,165,187
E00112150,452,227,225
E00112152,387,191,196
E00112156,497,241,256
E00112158,302,152,150
E00112159,394,199,195
E00112160,496,250,246
E00112151,294,152,142
E00112153,313,152,161
E00112154,269,147,122
E00112155,296,153,143
E00188094,225,124,101
E00188134,332,174,158
E00188169,328,171,157
E00112285,234,122,112
E00112286,341,170,171
E00112287,285,140,145
E00112288,327,166,161
E00112289,376,193,183
E00112251,411,190,221
E00112252,256,122,134
E00112254,306,156,150
E00112257,291,129,162
E00112258,261,134,127
E00112260,330,167,163
E00112253,457,249,208
E00112255,606,298,308
E00112256,383,194,189
E00112259,310,162,148
E00112261,502,269,233
E00112279,319,165,154
E00112280,259,120,139
E00112281,431,203,228
E00112282,269,135,134
E00112283,351,179,172
E00112284,311,160,151
E00112290,467,235,232
E00112291,320,168,152
E00112293,463,235,228
E00112294,472,241,231
E00169989,288,118,170
E00169990,251,119,132
E00112094,155,78,77
E00112097,432,222,210
E00112100,525,264,261
E00112102,472,249,223
E00112103,267,135,132
E00112104,304,162,142
E00112105,325,160,165
E00112095,484,245,239
E00112098,332,153,179
E00112099,536,275,261
E00112101,459,251,208
E00188052,306,152,154
E00188092,345,180,165
E00112210,330,181,149
E00112213,279,134,145
E00112214,377,206,171
E00112218,346,180,166
E00112219,465,234,231
E00112211,435,231,204
E00112212,568,289,279
E00112215,343,160,183
E00112216,350,177,173
E00112217,308,157,151
E00112223,237,114,123
E00112224,430,211,219
E00112225,322,167,155
E00112227,299,161,138
E00112228,435,221,214
E00112076,305,143,162
E00112220,214,107,107
E00169962,442,209,233
E00169964,343,185,158
E00169976,310,153,157
E00188027,333,173,160
E00188034,400,201,199
E00188063,406,220,186
E00112235,473,239,234
E00112236,418,214,204
E00112237,346,179,167
E00112238,374,178,196
E00112221,301,151,150
E00112222,601,265,336
E00112226,478,239,239
E00112229,387,191,196
E00112268,275,134,141
E00112269,277,130,147
E00112270,263,133,130
E00112271,482,257,225
E00112272,432,222,210
E00112243,177,92,85
E00112244,348,177,171
E00112245,259,123,136
E00112246,570,291,279
E00112247,206,104,102
E00112248,354,181,173
E00188021,457,230,227
E00188067,421,212,209
E00188127,355,178,177
E00188139,138,73,65
E00112241,303,151,152
E00188035,322,164,158
E00188104,256,122,134
E00188140,325,171,154
E00169977,421,210,211
E00169978,581,301,280
E00169979,339,182,157
E00112239,476,244,232
E00112250,136,68,68
E00169966,354,183,171
E00169967,318,173,145
E00112125,396,209,187
E00112129,459,245,214
E00112131,264,156,108
E00112132,176,81,95
E00112133,226,121,105
E00112134,202,104,98
E00112139,200,97,103
E00112123,520,269,251
E00112127,368,201,167
E00112130,228,117,111
E00112135,242,132,110
E00188040,337,185,152
E00188082,304,154,150
E00169971,276,148,128
E00169972,410,206,204
E00169973,223,109,114
E00169974,323,164,159
E00112121,353,178,175
E00112122,549,285,264
E00188091,349,174,175
E00188122,362,193,169
E00188147,314,160,154
E00188149,360,188,172
E00112115,353,183,170
E00112117,391,198,193
E00112119,302,148,154
E00112120,539,282,257
E00112070,266,131,135
E00112071,366,177,189
E00112072,294,147,147
E00112073,380,204,176
E00112074,340,166,174
E00112106,447,227,220
E00112109,345,181,164
E00112110,399,198,201
E00112111,351,173,178
E00112112,377,189,188
E00112124,330,179,151
E00112126,365,205,160
E00112128,313,161,152
E00112137,307,156,151
E00112138,283,150,133
E00112230,259,131,128
E00112231,405,200,205
E00112232,317,157,160
E00112233,317,154,163
E00112234,427,213,214
E00112108,357,186,171
E00112113,230,116,114
E00169968,432,227,205
E00169969,257,132,125
E00169981,241,134,107
E00169987,417,212,205
E00169970,347,172,175
E00169982,366,204,162
E00169983,319,159,160
E00169984,283,137,146
E00169985,609,327,282
E00169986,287,151,136
E00112078,363,181,182
E00112080,273,141,132
E00112081,284,146,138
E00112082,347,177,170
E00112083,356,184,172
E00112079,411,202,209
E00112084,323,168,155
E00112085,388,204,184
E00112086,345,181,164
E00112087,380,185,195
E00112088,229,120,109
E00112140,261,144,117
E00112141,429,221,208
E00112142,435,217,218
E00112143,282,146,136
E00112144,215,104,111
E00112145,379,196,183
E00112273,257,119,138
E00112274,581,301,280
E00112275,390,196,194
E00112276,331,174,157
E00112277,215,102,113
E00112278,321,170,151
E00118453,366,179,187
E00118459,307,160,147
E00118461,366,177,189
E00118462,331,167,164
E00118460,312,160,152
E00118465,322,171,151
E00118468,333,167,166
E00118469,297,154,143
E00169715,512,259,253
E00169728,432,224,208
E00169729,479,265,214
E00118463,328,172,156
E00118466,291,153,138
E00118467,325,165,160
E00118470,356,182,174
E00118471,325,153,172
E00118454,346,177,169
E00118455,324,159,165
E00118456,268,145,123
E00118457,313,166,147
E00118458,307,152,155
E00118521,312,169,143
E00118522,289,158,131
E00118525,358,186,172
E00118526,399,201,198
E00118512,320,169,151
E00118513,327,160,167
E00118515,340,180,160
E00118517,393,191,202
E00118516,329,178,151
E00118518,320,171,149
E00118519,336,160,176
E00118523,332,169,163
E00118511,290,157,133
E00118514,280,156,124
E00118520,302,154,148
E00118524,348,177,171
E00118527,477,243,234
E00118509,316,168,148
E00118510,325,168,157
E00118528,360,189,171
E00118529,390,196,194
E00118530,312,150,162
E00118485,317,159,158
E00118488,308,151,157
E00118489,217,109,108
E00118491,256,131,125
E00118492,314,157,157
E00169716,232,127,105
E00169717,219,126,93
E00169718,371,194,177
E00118476,287,141,146
E00118477,277,136,141
E00118490,336,165,171
E00118493,168,100,68
E00118494,276,139,137
E00169727,282,132,150
E00169730,364,186,178
E00118473,570,291,279
E00118478,478,241,237
E00118479,259,112,147
E00118480,294,150,144
E00118482,348,188,160
E00118472,299,156,143
E00118474,254,119,135
E00118481,234,113,121
E00118483,315,162,153
E00118484,334,179,155
E00118486,292,154,138
E00118326,411,210,201
E00118331,443,224,219
E00118332,329,162,167
E00118334,377,197,180
E00118329,343,189,154
E00118330,384,182,202
E00118340,329,167,162
E00118341,363,183,180
E00118343,236,112,124
E00118327,301,149,152
E00118337,322,162,160
E00118338,278,152,126
E00118339,382,200,182
E00118342,325,167,158
E00118325,336,175,161
E00118328,253,134,119
E00118333,299,152,147
E00118335,376,194,182
E00118336,312,160,152
E00118578,317,167,150
E00118579,325,179,146
E00118580,298,150,148
E00118583,360,190,170
E00118585,227,119,108
E00118586,290,153,137
E00118581,184,91,93
E00118582,331,176,155
E00118584,285,143,142
E00118587,356,185,171
E00118588,330,175,155
E00118589,320,162,158
E00118576,413,224,189
E00118590,336,174,162
E00118592,350,192,158
E00118593,307,156,151
E00190244,405,213,192
E00190290,365,182,183
E00118598,233,121,112
E00118599,226,117,109
E00118600,318,174,144
E00118601,414,207,207
E00118602,240,122,118
E00118603,216,103,113
E00118591,356,179,177
E00169719,372,201,171
E00169720,355,194,161
E00169722,272,158,114
E00118577,300,158,142
E00118596,297,163,134
E00118597,277,156,121
E00169721,303,166,137
E00169723,382,196,186
E00118412,429,224,205
E00118415,391,199,192
E00118416,344,173,171
E00118417,349,182,167
E00118418,346,189,157
E00118419,282,133,149
E00118420,347,177,170
E00118421,355,180,175
E00118423,354,166,188
E00118413,319,160,159
E00118422,357,180,177
E00118424,313,154,159
E00118425,335,176,159
E00118426,331,165,166
E00118414,382,202,180
E00118427,370,189,181
E00118429,491,259,232
E00118430,324,176,148
E00169724,164,84,80
E00169725,361,194,167
E00190229,400,210,190
E00190329,377,204,173
E00118436,473,241,232
E00118440,367,184,183
E00118441,431,222,209
E00118445,293,162,131
E00118446,298,146,152
E00118434,485,237,248
E00118438,547,262,285
E00118450,279,139,140
E00118451,271,146,125
E00118437,312,164,148
E00118439,287,142,145
E00118443,356,179,177
E00118447,338,183,155
E00118452,338,178,160
E00118431,426,212,214
E00118432,404,200,204
E00118433,554,302,252
E00118449,396,199,197
E00118390,161,85,76
E00118391,376,199,177
E00118392,275,142,133
E00118395,326,164,162
E00118407,324,173,151
E00118389,263,130,133
E00118394,295,158,137
E00118396,332,160,172
E00118397,380,187,193
E00118411,292,150,142
E00118393,324,157,167
E00118405,304,150,154
E00118406,280,149,131
E00118409,370,189,181
E00118410,268,138,130
E00118388,295,161,134
E00118401,341,170,171
E00118404,417,205,212
E00118408,342,170,172
E00118398,298,156,142
E00118399,311,166,145
E00118400,267,125,142
E00118402,337,184,153
E00118403,273,139,134
E00118435,243,126,117
E00118442,605,317,288
E00118444,386,198,188
E00118448,367,180,187
E00118500,394,217,177
E00118502,336,176,160
E00118503,313,162,151
E00118505,286,158,128
E00118497,299,152,147
E00118498,284,147,137
E00118501,190,113,77
E00118504,330,173,157
E00118506,302,167,135
E00118495,390,201,189
E00118496,288,162,126
E00118499,326,178,148
E00118507,316,157,159
E00118508,280,145,135
E00118368,362,178,184
E00118370,295,143,152
E00118371,341,174,167
E00118387,370,186,184
E00118365,314,162,152
E00118367,354,182,172
E00118382,249,132,117
E00118383,349,193,156
E00118384,297,166,131
E00118364,356,177,179
E00118369,390,191,199
E00118373,308,159,149
E00118374,328,166,162
E00118375,338,185,153
E00118376,258,138,120
E00118377,369,198,171
E00118378,353,202,151
E00118379,372,204,168
E00118380,236,127,109
E00118366,412,217,195
E00118372,413,209,204
E00118381,404,202,202
E00118385,308,162,146
E00118386,291,155,136
E00118348,317,156,161
E00118356,284,141,143
E00118359,363,184,179
E00118360,381,193,188
E00118361,401,221,180
E00118345,287,167,120
E00118347,347,187,160
E00118350,308,165,143
E00118351,313,168,145
E00118353,411,198,213
E00118354,234,125,109
E00118344,377,200,177
E00118346,328,185,143
E00118349,302,167,135
E00118352,383,180,203
E00118355,515,266,249
E00118357,343,172,171
E00118358,390,216,174
E00118362,365,188,177
E00118363,336,187,149
E00118533,366,210,156
E00118540,457,236,221
E00118542,417,221,196
E00118544,545,284,261
E00118546,256,137,119
E00118547,341,172,169
E00118532,336,180,156
E00118534,385,186,199
E00118535,298,165,133
E00118536,389,209,180
E00118538,404,212,192
E00118541,319,161,158
E00118548,315,153,162
E00118549,329,170,159
E00118550,300,160,140
E00118551,465,262,203
E00118552,350,163,187
E00118531,419,214,205
E00118537,368,178,190
E00118539,308,160,148
E00118543,338,179,159
E00118545,372,193,179
E00118558,526,281,245
E00118569,333,166,167
E00118570,269,133,136
E00118571,380,186,194
E00118572,291,141,150
E00118573,343,189,154
E00118560,299,149,150
E00118564,359,169,190
E00118567,334,163,171
E00118575,352,173,179
E00190276,372,176,196
E00190318,289,152,137
E00118553,277,151,126
E00118555,280,150,130
E00118565,438,231,207
E00118566,297,165,132
E00118568,293,156,137
E00118554,257,123,134
E00118559,361,204,157
E00118574,188,88,100
E00190266,431,199,232
E00190334,287,152,135
E00118556,269,137,132
E00118563,419,203,216
E00190222,275,146,129
E00190239,237,110,127
E00190337,127,70,57
E00119016,331,165,166
E00119017,217,103,114
E00119018,314,160,154
E00119021,164,80,84
E00119030,240,123,117
E00119019,177,94,83
E00119020,195,96,99
E00119022,270,127,143
E00119023,377,173,204
E00119024,341,181,160
E00119027,411,205,206
E00119028,301,139,162
E00119029,331,156,175
E00119031,620,321,299
E00119025,252,129,123
E00119026,293,147,146
E00119032,348,169,179
E00119033,336,168,168
E00119034,283,140,143
E00118983,339,197,142
E00118987,357,191,166
E00118988,341,173,168
E00118995,435,218,217
E00118996,470,246,224
E00118997,298,154,144
E00118998,441,215,226
E00118999,341,174,167
E00118984,358,177,181
E00118985,367,201,166
E00118986,341,171,170
E00118992,316,145,171
E00118989,338,169,169
E00118990,506,313,193
E00118991,250,132,118
E00118993,265,147,118
E00118994,279,142,137
E00118966,289,140,149
E00118970,238,115,123
E00118971,360,188,172
E00118972,263,135,128
E00118973,301,159,142
E00118958,425,223,202
E00118963,437,224,213
E00118964,327,183,144
E00118965,265,138,127
E00118967,264,146,118
E00118969,326,168,158
E00118959,292,133,159
E00118960,349,179,170
E00118961,359,182,177
E00118962,219,118,101
E00118968,309,160,149
E00118638,307,156,151
E00118639,325,165,160
E00118640,292,161,131
E00118641,273,137,136
E00118642,302,148,154
E00118643,238,120,118
E00118644,540,276,264
E00118645,127,69,58
E00118975,373,198,175
E00118977,313,161,152
E00118979,339,172,167
E00118980,270,124,146
E00118982,284,139,145
E00118974,355,194,161
E00118976,201,102,99
E00118978,455,227,228
E00118981,321,166,155
E00119047,413,207,206
E00119049,371,179,192
E00119050,324,154,170
E00119051,274,146,128
E00119052,299,150,149
E00119035,289,148,141
E00119037,372,183,189
E00119038,224,98,126
E00119041,279,152,127
E00119053,313,157,156
E00119039,293,156,137
E00119040,302,160,142
E00119045,328,162,166
E00119046,315,153,162
E00119036,375,200,175
E00119042,232,104,128
E00119043,358,191,167
E00119044,224,126,98
E00119048,245,133,112
E00118661,126,63,63
E00118662,255,136,119
E00118663,367,200,167
E00118664,307,161,146
E00118665,167,86,81
E00118666,344,175,169
E00118656,304,165,139
E00118657,165,87,78
E00118658,170,85,85
E00118659,167,81,86
E00118660,327,172,155
E00118949,267,146,121
E00118951,424,216,208
E00118952,204,99,105
E00118955,351,177,174
E00118956,234,128,106
E00118948,283,145,138
E00118950,232,134,98
E00118953,198,89,109
E00118954,353,177,176
E00118957,290,162,128
E00118835,254,143,111
E00118841,228,94,134
E00118842,195,110,85
E00118847,419,200,219
E00118849,259,124,135
E00118851,319,162,157
E00118838,371,180,191
E00118853,377,189,188
E00118856,340,168,172
E00118858,353,180,173
E00118837,338,158,180
E00118850,330,163,167
E00118852,294,153,141
E00118854,316,149,167
E00118857,404,185,219
E00118839,346,173,173
E00118843,310,143,167
E00118846,227,121,106
E00118848,309,148,161
E00118855,402,205,197
E00118836,410,216,194
E00118840,363,190,173
E00118844,228,114,114
E00118845,395,209,186
E00118889,341,167,174
E00118891,428,208,220
E00118893,303,152,151
E00118894,315,170,145
E00118895,394,209,185
E00118879,337,181,156
E00118880,353,164,189
E00118881,318,165,153
E00118897,343,161,182
E00118898,373,194,179
E00118883,391,215,176
E00118886,257,124,133
E00118888,291,142,149
E00118892,315,159,156
E00118896,255,130,125
E00118876,355,186,169
E00118884,367,193,174
E00118885,340,163,177
E00118887,290,157,133
E00118877,270,144,126
E00118878,353,161,192
E00118882,331,165,166
E00118890,296,164,132
E00118899,319,177,142
E00118687,298,153,145
E00118688,422,214,208
E00118690,238,124,114
E00118692,265,129,136
E00118702,267,127,140
E00118704,172,86,86
E00118685,364,181,183
E00118689,459,226,233
E00118691,231,119,112
E00118703,308,152,156
E00169637,329,181,148
E00169638,148,101,47
E00118686,300,165,135
E00118694,304,160,144
E00118695,316,169,147
E00118696,343,183,160
E00118697,280,141,139
E00118698,312,162,150
E00118699,285,138,147
E00118700,408,198,210
E00118701,324,163,161
E00118819,329,175,154
E00118822,263,140,123
E00118825,334,174,160
E00118826,312,152,160
E00118828,295,149,146
E00118830,326,181,145
E00118834,261,128,133
E00118818,303,155,148
E00118820,418,214,204
E00118821,329,165,164
E00118823,325,173,152
E00118833,344,182,162
E00118865,224,113,111
E00118866,285,143,142
E00118867,220,106,114
E00118868,300,160,140
E00118869,372,180,192
E00118870,266,144,122
E00118824,278,142,136
E00118827,315,162,153
E00118829,344,184,160
E00118831,383,216,167
E00118832,335,189,146
E00119001,343,181,162
E00119009,335,180,155
E00119012,344,183,161
E00119013,465,255,210
E00119015,319,165,154
E00119000,303,145,158
E00119002,264,138,126
E00119008,337,169,168
E00119010,237,115,122
E00119011,316,164,152
E00119003,405,211,194
E00119004,222,115,107
E00119005,315,161,154
E00119006,307,160,147
E00119007,263,133,130
E00119014,338,183,155
E00118729,356,178,178
E00118731,286,149,137
E00118732,277,150,127
E00118735,259,141,118
E00118737,358,181,177
E00118722,312,154,158
E00118730,368,191,177
E00118733,461,247,214
E00189354,292,156,136
E00189394,253,138,115
E00118723,356,183,173
E00118736,367,184,183
E00118738,373,183,190
E00189365,376,200,176
E00189369,319,159,160
E00118724,340,176,164
E00118725,353,182,171
E00118726,384,206,178
E00118728,450,222,228
E00118605,321,177,144
E00118618,299,150,149
E00118621,373,190,183
E00189325,282,130,152
E00189326,299,170,129
E00189440,166,86,80
E00189441,242,128,114
E00118610,348,178,170
E00118611,293,153,140
E00118612,554,301,253
E00189371,348,197,151
E00189392,395,206,189
E00189435,448,237,211
E00189437,437,221,216
E00118604,497,289,208
E00118613,301,146,155
E00118614,340,163,177
E00118616,299,158,141
E00118607,195,106,89
E00118615,333,183,150
E00118619,357,174,183
E00118620,355,179,176
E00189438,171,87,84
E00189439,144,78,66
E00118715,354,165,189
E00118717,338,176,162
E00118718,279,151,128
E00118719,351,170,181
E00118705,369,196,173
E00118707,268,135,133
E00118709,285,159,126
E00118720,277,147,130
E00118721,348,178,170
E00118706,356,181,175
E00118708,351,179,172
E00118710,514,269,245
E00118711,350,180,170
E00118712,349,188,161
E00118713,350,187,163
E00118714,384,202,182
E00118716,353,184,169
E00118623,275,138,137
E00118625,406,209,197
E00118626,395,195,200
E00118630,316,161,155
E00118632,270,145,125
E00118637,238,132,106
E00118624,290,159,131
E00118627,407,223,184
E00118628,390,198,192
E00118629,401,196,205
E00118631,334,168,166
E00118622,307,161,146
E00118633,352,187,165
E00118634,360,175,185
E00118635,394,205,189
E00118636,294,148,146
E00118859,340,184,156
E00118871,365,194,171
E00118872,222,108,114
E00118873,177,95,82
E00118875,380,194,186
E00189355,300,153,147
E00189372,296,153,143
E00118861,358,182,176
E00118862,397,184,213
E00189321,258,120,138
E00189340,238,120,118
E00189379,273,138,135
E00118860,461,230,231
E00169644,228,106,122
E00189320,368,195,173
E00189373,329,175,154
E00169645,378,187,191
E00189334,221,112,109
E00189383,279,131,148
E00189423,147,65,82
E00189425,170,73,97
E00118785,285,142,143
E00118789,337,192,145
E00118793,324,179,145
E00118795,312,159,153
E00118798,223,114,109
E00118784,335,176,159
E00118792,330,181,149
E00118794,336,180,156
E00118796,386,196,190
E00118797,288,153,135
E00118799,285,144,141
E00118786,346,166,180
E00118787,246,140,106
E00118788,315,153,162
E00118790,318,159,159
E00118791,356,179,177
E00118929,319,158,161
E00118937,394,191,203
E00118938,309,162,147
E00118939,229,110,119
E00189324,339,177,162
E00189333,349,178,171
E00118918,331,178,153
E00118921,341,175,166
E00118924,329,166,163
E00118930,314,165,149
E00118919,311,161,150
E00118920,329,169,160
E00118922,344,185,159
E00118925,316,168,148
E00118928,288,153,135
E00118923,304,148,156
E00118926,318,156,162
E00118927,342,169,173
E00118931,292,148,144
E00118932,307,154,153
E00118933,311,152,159
E00118934,375,199,176
E00118935,331,180,151
E00118646,517,250,267
E00118650,338,172,166
E00118651,364,175,189
E00118653,368,191,177
E00189346,326,159,167
E00189347,261,131,130
E00189422,279,138,141
E00118767,349,174,175
E00118768,332,166,166
E00118781,338,174,164
E00118782,293,141,152
E00118783,313,159,154
E00118766,266,141,125
E00118770,300,158,142
E00118771,321,167,154
E00118774,283,154,129
E00118772,348,171,177
E00118773,337,173,164
E00118778,399,202,197
E00118779,284,151,133
E00118769,240,123,117
E00118775,267,137,130
E00118776,374,189,185
E00118777,354,187,167
E00118780,302,146,156
E00169631,221,91,130
E00169633,324,170,154
E00169634,295,149,146
E00169635,293,158,135
E00169636,264,143,121
E00118647,349,184,165
E00118654,515,267,248
E00118655,302,160,142
E00169632,335,158,177
E00189327,278,122,156
E00189414,327,164,163
E00118801,307,158,149
E00118806,460,215,245
E00118807,336,173,163
E00118810,363,192,171
E00118800,341,186,155
E00118804,288,145,143
E00118814,387,219,168
E00118817,342,174,168
E00118803,360,181,179
E00118805,318,165,153
E00118813,218,108,110
E00118815,289,138,151
E00118816,332,167,165
E00118802,327,169,158
E00118808,325,159,166
E00118809,348,179,169
E00118811,315,151,164
E00118812,341,164,177
E00118667,378,185,193
E00118670,285,153,132
E00118672,371,181,190
E00118683,334,159,175
E00118684,323,168,155
E00118668,400,198,202
E00118669,429,231,198
E00118671,409,207,202
E00118673,325,176,149
E00118674,343,169,174
E00118675,391,194,197
E00118677,350,194,156
E00118678,338,179,159
E00118680,428,227,201
E00118676,411,202,209
E00118679,424,224,200
E00118681,402,196,206
E00118682,321,152,169
E00118941,408,202,206
E00118946,347,163,184
E00118947,318,179,139
E00189390,332,159,173
E00189410,196,101,95
E00189413,260,135,125
E00189419,297,162,135
E00189426,208,103,105
E00118940,417,224,193
E00118943,339,175,164
E00118944,306,153,153
E00118945,349,190,159
E00118748,257,126,131
E00118749,291,143,148
E00189318,399,208,191
E00189335,115,69,46
E00189378,1091,58,1033
E00118745,296,153,143
E00118752,306,155,151
E00118754,277,154,123
E00118756,292,157,135
E00118761,222,113,109
E00118759,196,103,93
E00118760,323,156,167
E00118762,385,191,194
E00118763,323,163,160
E00118764,344,175,169
E00118750,285,152,133
E00118753,310,159,151
E00118755,356,181,175
E00118758,293,143,150
E00118744,339,173,166
E00118746,344,166,178
E00118757,361,179,182
E00118765,325,166,159
E00118739,397,189,208
E00118740,332,159,173
E00118741,332,179,153
E00118742,331,167,164
E00118743,380,192,188
E00118901,391,202,189
E00118906,271,135,136
E00118907,208,115,93
E00118909,309,162,147
E00118910,251,138,113
E00118911,259,146,113
E00118912,271,143,128
E00118902,352,181,171
E00118913,158,71,87
E00118914,326,179,147
E00118915,275,140,135
E00118916,357,183,174
E00118917,255,121,134
E00118900,338,166,172
E00118903,267,143,124
E00118904,331,171,160
E00118905,326,167,159
E00118908,346,179,167
E00119756,359,187,172
E00119757,292,153,139
E00119758,262,142,120
E00119759,344,164,180
E00119760,202,117,85
E00119747,318,164,154
E00119752,370,199,171
E00119753,341,189,152
E00119754,330,166,164
E00119755,341,187,154
E00119741,352,185,167
E00119742,302,149,153
E00119745,371,189,182
E00119750,334,177,157
E00119761,349,182,167
E00119743,347,178,169
E00119746,324,174,150
E00119749,287,148,139
E00190249,241,132,109
E00190299,237,130,107
E00119739,269,141,128
E00119740,357,183,174
E00119744,297,157,140
E00119751,483,258,225
E00119762,275,144,131
E00119699,367,192,175
E00119700,359,195,164
E00119701,325,175,150
E00119702,382,186,196
E00119703,308,157,151
E00119706,338,175,163
E00119704,371,198,173
E00119705,287,153,134
E00119707,311,160,151
E00119708,315,169,146
E00119712,270,146,124
E00119709,340,179,161
E00119710,298,162,136
E00119711,403,210,193
E00119713,325,159,166
E00119714,347,178,169
E00119694,339,184,155
E00119695,412,215,197
E00119696,188,98,90
E00119697,289,145,144
E00119698,234,113,121
E00119726,257,129,128
E00119727,342,199,143
E00119728,294,164,130
E00119729,367,199,168
E00119731,324,176,148
E00119725,344,171,173
E00119730,460,241,219
E00119732,234,121,113
E00119733,318,166,152
E00119734,261,136,125
E00119716,341,183,158
E00119719,310,180,130
E00119720,324,180,144
E00119723,337,191,146
E00119718,337,175,162
E00119735,373,190,183
E00119736,362,179,183
E00119737,275,137,138
E00119738,303,173,130
E00119715,323,167,156
E00119717,373,200,173
E00119721,349,186,163
E00119722,215,106,109
E00119724,326,167,159
E00119769,345,187,158
E00119775,266,143,123
E00119777,300,156,144
E00119778,383,195,188
E00119768,349,198,151
E00119772,344,167,177
E00119773,271,139,132
E00119774,361,196,165
E00119776,319,187,132
E00119770,110,64,46
E00119771,316,173,143
E00119779,313,163,150
E00119780,302,160,142
E00119781,349,189,160
E00119763,163,79,84
E00119764,217,105,112
E00119765,188,102,86
E00119766,304,153,151
E00119767,192,90,102
E00119476,393,207,186
E00119485,332,176,156
E00119486,324,148,176
E00119488,372,174,198
E00119489,324,154,170
E00119478,318,157,161
E00119480,368,198,170
E00119483,380,194,186
E00169766,379,194,185
E00119477,308,168,140
E00119481,387,189,198
E00119482,156,70,86
E00119487,368,168,200
E00119490,249,117,132
E00119491,301,160,141
E00119496,317,167,150
E00119497,381,182,199
E00119498,376,198,178
E00119500,350,179,171
E00119501,337,169,168
E00119492,373,203,170
E00119502,332,177,155
E00119503,284,154,130
E00119504,233,110,123
E00119505,248,143,105
E00119540,440,223,217
E00119541,369,186,183
E00119542,346,167,179
E00119543,393,206,187
E00119545,307,162,145
E00119538,479,268,211
E00119539,315,163,152
E00119547,374,197,177
E00119549,328,180,148
E00119551,306,159,147
E00119544,254,133,121
E00119546,315,154,161
E00119548,252,162,90
E00119550,250,124,126
E00119553,297,162,135
E00119554,275,146,129
E00119530,341,174,167
E00119531,396,195,201
E00119552,303,167,136
E00119555,430,221,209
E00190226,314,160,154
E00190234,363,176,187
E00190297,260,136,124
E00190306,373,187,186
E00119532,210,119,91
E00119533,302,142,160
E00119534,303,157,146
E00119535,378,198,180
E00119537,312,153,159
E00190245,225,126,99
E00190275,230,109,121
E00190289,171,77,94
E00119512,488,240,248
E00119513,381,201,180
E00119515,343,190,153
E00119518,322,160,162
E00119507,354,174,180
E00119520,262,153,109
E00119523,359,187,172
E00119524,324,161,163
E00119516,351,183,168
E00119517,341,172,169
E00119519,356,181,175
E00119522,265,139,126
E00169758,290,152,138
E00169765,399,219,180
E00119508,392,196,196
E00119525,373,198,175
E00119526,276,150,126
E00119527,279,137,142
E00119528,324,158,166
E00119506,305,165,140
E00119509,332,164,168
E00119510,354,175,179
E00119511,303,157,146
E00119514,355,177,178
E00119623,390,211,179
E00119626,369,186,183
E00119628,309,164,145
E00119630,329,184,145
E00119633,308,161,147
E00119624,347,175,172
E00119640,386,210,176
E00169768,559,283,276
E00190263,335,172,163
E00190324,459,222,237
E00119622,350,171,179
E00119635,452,243,209
E00119636,320,168,152
E00119637,339,193,146
E00119639,288,150,138
E00119621,301,156,145
E00119629,430,221,209
E00119631,327,176,151
E00119632,269,142,127
E00190260,326,163,163
E00190288,315,174,141
E00119581,269,142,127
E00119583,294,152,142
E00119586,265,136,129
E00119599,348,184,164
E00119584,217,96,121
E00119585,281,146,135
E00119587,279,152,127
E00119588,214,99,115
E00190255,245,124,121
E00190287,307,173,134
E00190305,265,119,146
E00119582,376,196,180
E00119590,450,246,204
E00119592,492,246,246
E00119593,335,176,159
E00119594,364,193,171
E00119591,424,208,216
E00119595,237,102,135
E00119596,431,210,221
E00119597,439,248,191
E00119598,339,174,165
E00119493,247,113,134
E00119494,252,129,123
E00119499,349,179,170
E00169756,321,169,152
E00169757,277,149,128
E00119685,427,201,226
E00119686,284,152,132
E00119687,380,201,179
E00119688,263,147,116
E00119689,386,187,199
E00119680,456,225,231
E00119681,321,166,155
E00119690,267,140,127
E00119691,427,224,203
E00119692,360,181,179
E00119682,422,226,196
E00119683,409,215,194
E00119684,338,164,174
E00119693,358,189,169
E00119565,372,192,180
E00119566,381,197,184
E00119569,415,206,209
E00119571,353,185,168
E00119573,332,170,162
E00119560,382,197,185
E00119562,328,164,164
E00119563,296,150,146
E00190267,378,188,190
E00190270,427,213,214
E00190273,337,167,170
E00190277,339,172,167
E00119557,403,195,208
E00119568,409,222,187
E00119570,387,194,193
E00119572,366,184,182
E00119576,387,202,185
E00119574,310,162,148
E00119575,418,213,205
E00119577,296,150,146
E00169767,399,221,178
E00119556,572,294,278
E00119559,333,171,162
E00119561,550,271,279
E00169763,260,128,132
E00169759,237,116,121
E00169760,268,139,129
E00169761,167,79,88
E00169762,609,324,285
E00169764,404,203,201
E00119642,285,143,142
E00119648,206,120,86
E00119649,316,163,153
E00119651,273,140,133
E00119652,445,246,199
E00119653,297,167,130
E00119658,341,180,161
E00119663,415,219,196
E00119674,396,198,198
E00119678,512,253,259
E00119657,284,162,122
E00119669,417,206,211
E00119673,545,291,254
E00119676,348,176,172
E00119677,334,179,155
E00119660,349,189,160
E00119662,365,189,176
E00119666,336,191,145
E00119667,311,163,148
E00119668,332,184,148
E00119671,361,186,175
E00119672,301,163,138
E00119675,351,170,181
E00190251,240,131,109
E00190272,224,108,116
E00190323,338,170,168
E00119659,346,171,175
E00119661,461,242,219
E00119664,313,168,145
E00119665,331,187,144
E00119679,402,220,182
E00119601,345,191,154
E00119602,344,188,156
E00119608,346,172,174
E00119613,411,217,194
E00119616,259,138,121
E00119617,341,164,177
E00119607,290,146,144
E00119609,276,154,122
E00119610,316,160,156
E00119612,293,157,136
E00119615,378,210,168
E00119618,192,113,79
E00119600,392,218,174
E00119603,379,189,190
E00119614,316,167,149
E00119619,332,174,158
E00119620,354,167,187
E00119604,378,214,164
E00119605,399,201,198
E00119606,414,207,207
E00119611,362,194,168
E00119644,602,322,280
E00119646,328,179,149
E00119650,318,165,153
E00119654,278,131,147
E00119655,372,196,176
E00119641,318,168,150
E00119643,287,143,144
E00119645,256,141,115
E00119647,285,153,132
E00119656,389,200,189
E00120158,301,143,158
E00120166,398,190,208
E00120167,329,165,164
E00120168,295,145,150
E00120169,311,158,153
E00120170,235,117,118
E00189360,208,82,126
E00189364,297,166,131
E00120157,326,162,164
E00120163,370,221,149
E00120164,344,170,174
E00120165,324,157,167
E00120155,372,178,194
E00120160,485,233,252
E00120161,266,134,132
E00120162,290,146,144
E00189331,342,170,172
E00189420,321,152,169
E00120125,249,121,128
E00120126,329,171,158
E00120129,268,133,135
E00120130,345,175,170
E00120131,374,199,175
E00120127,324,160,164
E00120128,313,163,150
E00120137,322,176,146
E00120138,410,218,192
E00189345,334,167,167
E00189363,341,175,166
E00120132,321,166,155
E00120134,610,315,295
E00120135,276,126,150
E00120139,379,184,195
E00120140,189,106,83
E00189385,311,183,128
E00189400,246,150,96
E00120142,362,174,188
E00120143,396,197,199
E00120146,388,193,195
E00120148,274,142,132
E00169668,289,141,148
E00169669,267,130,137
E00169670,261,135,126
E00169671,319,162,157
E00120141,331,154,177
E00120145,521,270,251
E00120147,334,175,159
E00120149,304,153,151
E00120150,303,150,153
E00120151,317,161,156
E00120152,307,151,156
E00120153,380,176,204
E00120154,340,169,171
E00120033,293,157,136
E00120034,334,164,170
E00120035,259,129,130
E00120051,312,153,159
E00120052,298,159,139
E00120032,284,164,120
E00120036,259,146,113
E00120038,286,139,147
E00120039,294,134,160
E00120046,436,215,221
E00120053,293,147,146
E00120031,220,118,102
E00120037,306,175,131
E00120040,286,152,134
E00120041,179,89,90
E00120042,281,152,129
E00120043,371,199,172
E00120049,181,95,86
E00120044,296,152,144
E00120045,350,189,161
E00120047,215,110,105
E00120048,399,213,186
E00120050,375,195,180
E00119793,249,126,123
E00119795,274,139,135
E00119797,261,132,129
E00119798,255,136,119
E00119791,468,242,226
E00119792,321,160,161
E00119794,258,137,121
E00119796,362,182,180
E00119802,290,150,140
E00119818,266,129,137
E00119819,304,148,156
E00119821,374,159,215
E00119822,242,131,111
E00119823,220,115,105
E00119799,358,181,177
E00119815,428,229,199
E00119816,303,145,158
E00119817,402,203,199
E00119820,307,161,146
E00119801,484,261,223
E00119803,318,171,147
E00119804,286,143,143
E00119805,343,174,169
E00119807,120,59,61
E00119800,335,181,154
E00119806,353,177,176
E00119810,331,180,151
E00119811,280,138,142
E00119824,336,177,159
E00119808,176,96,80
E00119809,331,180,151
E00119812,392,200,192
E00119813,288,153,135
E00119814,299,154,145
E00120009,500,260,240
E00120011,346,170,176
E00120012,344,169,175
E00189384,357,184,173
E00189431,309,150,159
E00120026,292,166,126
E00120027,471,244,227
E00120028,351,191,160
E00120029,335,177,158
E00120030,232,116,116
E00120013,377,204,173
E00120015,299,157,142
E00120016,350,178,172
E00120019,283,141,142
E00189332,343,183,160
E00189408,270,146,124
E00120008,199,99,100
E00120018,316,163,153
E00120021,343,181,162
E00120023,245,140,105
E00120025,224,105,119
E00120017,332,169,163
E00120020,283,146,137
E00120022,257,136,121
E00120024,414,204,210
E00120104,203,111,92
E00120105,182,77,105
E00120106,253,133,120
E00120110,335,166,169
E00120115,298,149,149
E00120103,396,201,195
E00120108,212,106,106
E00120109,276,140,136
E00120111,408,200,208
E00120116,336,189,147
E00120102,230,133,97
E00120107,313,150,163
E00120113,321,163,158
E00120114,369,177,192
E00120099,293,157,136
E00120100,354,197,157
E00120101,224,115,109
E00120112,236,126,110
E00120117,394,207,187
E00120081,284,148,136
E00120083,328,184,144
E00120086,346,172,174
E00120088,305,155,150
E00189367,225,82,143
E00189416,226,125,101
E00120078,321,172,149
E00120079,270,135,135
E00120084,446,223,223
E00120089,218,117,101
E00120094,307,171,136
E00120080,338,190,148
E00120082,402,215,187
E00120087,355,186,169
E00120093,385,205,180
E00120085,300,159,141
E00120090,287,150,137
E00120091,301,160,141
E00120095,309,161,148
E00120096,271,142,129
E00120076,276,140,136
E00120092,294,151,143
E00120097,264,143,121
E00120098,358,194,164
E00120055,268,135,133
E00120070,287,145,142
E00120072,386,195,191
E00120073,332,169,163
E00120058,275,159,116
E00120062,245,119,126
E00120063,172,88,84
E00120064,280,143,137
E00120067,278,156,122
E00120056,264,143,121
E00120059,322,169,153
E00120060,264,133,131
E00120061,277,144,133
E00120066,226,116,110
E00120065,306,152,154
E00120068,335,174,161
E00120069,294,142,152
E00120071,324,168,156
E00120054,311,168,143
E00120057,336,172,164
E00120074,350,177,173
E00120075,258,132,126
E00119864,254,135,119
E00119865,430,218,212
E00119882,253,144,109
E00119884,403,189,214
E00119885,235,119,116
E00169662,268,145,123
E00169663,190,91,99
E00169664,175,89,86
E00119862,315,164,151
E00119878,290,138,152
E00119879,375,190,185
E00119880,298,152,146
E00119883,284,140,144
E00119869,307,147,160
E00119872,352,175,177
E00119873,270,131,139
E00119877,314,159,155
E00119881,328,160,168
E00119866,351,176,175
E00119871,357,184,173
E00119875,352,177,175
E00119876,334,173,161
E00119861,239,124,115
E00119867,252,137,115
E00119868,333,177,156
E00119870,384,190,194
E00119874,219,95,124
E00119950,266,146,120
E00119953,304,158,146
E00119956,360,186,174
E00119962,350,179,171
E00119963,283,150,133
E00119951,325,172,153
E00119952,352,178,174
E00119954,306,159,147
E00119957,249,129,120
E00119958,511,259,252
E00119944,333,169,164
E00119955,228,110,118
E00119959,297,152,145
E00119966,313,155,158
E00189374,220,125,95
E00189427,307,154,153
E00119961,367,179,188
E00119964,220,123,97
E00119965,412,215,197
E00119967,358,184,174
E00119945,281,151,130
E00119946,307,152,155
E00119947,253,127,126
E00119948,224,115,109
E00119949,281,150,131
E00119915,351,188,163
E00119916,365,197,168
E00119917,260,142,118
E00119918,366,197,169
E00119922,319,170,149
E00119910,342,181,161
E00119911,378,203,175
E00119912,226,115,111
E00119913,225,117,108
E00119914,294,154,140
E00119921,365,189,176
E00119919,331,165,166
E00119920,176,95,81
E00119923,175,92,83
E00119924,236,122,114
E00119925,272,151,121
E00119926,429,229,200
E00119927,434,229,205
E00119936,361,178,183
E00119937,360,184,176
E00119941,239,129,110
E00119942,318,162,156
E00119943,353,168,185
E00119930,369,178,191
E00119931,429,235,194
E00119933,339,171,168
E00119935,287,149,138
E00119938,416,242,174
E00119928,300,158,142
E00119934,199,101,98
E00119939,429,209,220
E00119940,210,121,89
E00169665,396,202,194
E00169666,221,119,102
E00169667,123,45,78
E00189353,205,103,102
E00189389,177,93,84
E00189406,211,93,118
E00119887,429,218,211
E00119888,323,164,159
E00119893,347,187,160
E00119895,247,126,121
E00119906,405,216,189
E00119886,327,167,160
E00119889,292,149,143
E00119890,253,133,120
E00119903,294,152,142
E00119905,315,171,144
E00119891,308,158,150
E00119892,345,174,171
E00119894,335,174,161
E00119907,278,148,130
E00119909,342,172,170
E00119896,465,229,236
E00119898,297,170,127
E00119900,261,136,125
E00119902,324,161,163
E00119908,322,157,165
E00119897,320,162,158
E00119899,364,196,168
E00119901,281,144,137
E00119904,395,198,197
E00119825,425,220,205
E00119826,252,132,120
E00119827,310,149,161
E00119828,370,182,188
E00119829,388,209,179
E00119830,357,181,176
E00119831,259,131,128
E00119968,120,60,60
E00119969,276,142,134
E00119970,428,221,207
E00119971,342,185,157
E00119972,201,98,103
E00119973,314,166,148
E00119974,348,166,182
E00119975,362,186,176
E00119976,357,187,170
E00119977,123,60,63
E00119978,343,169,174
E00119981,384,193,191
E00119982,559,284,275
E00119979,361,177,184
E00119980,291,152,139
E00119983,425,234,191
E00120118,166,76,90
E00120119,583,296,287
E00120120,339,181,158
E00120121,351,180,171
E00120122,497,266,231
E00120123,281,144,137
E00120124,323,161,162
E00119832,337,174,163
E00119835,268,131,137
E00119836,265,154,111
E00119837,406,206,200
E00119840,264,129,135
E00119833,254,142,112
E00119834,351,177,174
E00119838,269,152,117
E00119839,270,135,135
E00119984,249,115,134
E00119985,462,224,238
E00119986,283,147,136
E00119987,291,155,136
E00119988,327,174,153
E00119989,299,152,147
E00119990,348,184,164
E00119991,375,195,180
E00119992,532,289,243
E00119995,289,151,138
E00119997,340,169,171
E00120007,347,167,180
E00119994,268,135,133
E00119996,363,180,183
E00119998,288,158,130
E00119999,343,176,167
E00120000,287,150,137
E00120001,302,152,150
E00119993,369,189,180
E00120002,209,114,95
E00120003,298,158,140
E00120004,244,123,121
E00120005,288,165,123
E00120006,304,152,152
E00119784,313,165,148
E00119788,289,134,155
E00119789,326,172,154
E00119790,234,118,116
E00119782,291,154,137
E00119783,345,182,163
E00119785,403,216,187
E00119786,324,170,154
E00119787,304,158,146
E00119841,407,215,192
E00119843,333,172,161
E00119844,369,198,171
E00119846,141,73,68
E00119842,440,220,220
E00119845,166,84,82
E00119847,343,175,168
E00119848,311,146,165
E00119849,154,84,70
E00119850,122,60,62
E00120171,155,82,73
E00120172,226,112,114
E00120173,245,121,124
E00120174,248,134,114
E00120175,137,71,66
E00120176,176,89,87
E00120177,270,131,139
E00120178,272,145,127
E00120179,337,177,160
E00119855,240,114,126
E00119857,308,163,145
E00119858,394,210,184
E00119859,301,151,150
E00119860,166,86,80
E00119853,513,249,264
E00169646,273,136,137
E00169648,402,200,202
E00169661,373,189,184
E00169647,358,179,179
E00169649,387,198,189
E00169650,281,147,134
E00169660,299,150,149
E00119854,257,132,125
E00169651,342,173,169
E00169655,367,183,184
E00169658,324,160,164
E00169659,319,162,157
E00169652,282,147,135
E00169653,270,131,139
E00169654,319,168,151
E00169656,282,140,142
E00169657,350,178,172
E00120866,277,159,118
E00120869,281,151,130
E00120872,270,140,130
E00120873,231,123,108
E00120874,326,165,161
E00120877,307,159,148
E00120870,280,151,129
E00120871,286,148,138
E00120875,298,145,153
E00120876,331,165,166
E00120879,351,176,175
E00120867,258,130,128
E00120868,279,146,133
E00120878,354,200,154
E00120880,210,120,90
E00120881,396,204,192
E00120894,371,183,188
E00120896,246,118,128
E00120897,286,143,143
E00120898,306,163,143
E00120901,368,195,173
E00120899,416,205,211
E00120900,357,176,181
E00120902,306,136,170
E00120903,154,85,69
E00169770,252,126,126
E00120895,396,173,223
E00169769,236,129,107
E00169771,365,186,179
E00169772,240,114,126
E00121002,362,182,180
E00121003,384,198,186
E00121004,257,137,120
E00121013,457,235,222
E00121015,341,174,167
E00121007,241,130,111
E00121008,278,151,127
E00121009,220,98,122
E00121011,245,131,114
E00121014,140,65,75
E00121016,317,156,161
E00121025,271,132,139
E00121026,439,220,219
E00121028,426,229,197
E00121030,344,179,165
E00190225,131,75,56
E00190338,494,239,255
E00121019,427,213,214
E00121023,343,174,169
E00121031,372,197,175
E00190238,379,184,195
E00190332,264,120,144
E00121018,305,147,158
E00121020,285,149,136
E00121027,393,205,188
E00121029,263,148,115
E00169775,398,199,199
E00169777,429,215,214
E00190233,372,196,176
E00190235,388,219,169
E00190280,443,229,214
E00190294,411,227,184
E00120968,557,290,267
E00120971,241,132,109
E00120973,221,120,101
E00120975,377,176,201
E00120976,242,135,107
E00120969,551,276,275
E00120970,327,179,148
E00120972,303,161,142
E00120974,303,157,146
E00120977,345,180,165
E00120978,360,193,167
E00121005,407,215,192
E00121010,409,201,208
E00121012,373,188,185
E00121017,330,176,154
E00169773,310,160,150
E00169774,271,117,154
E00121132,371,187,184
E00121133,278,140,138
E00121134,323,166,157
E00121135,305,148,157
E00121136,362,193,169
E00121137,292,155,137
E00120922,341,171,170
E00120927,391,205,186
E00120931,420,221,199
E00120933,399,220,179
E00120925,352,172,180
E00120926,457,238,219
E00120930,413,214,199
E00120932,395,206,189
E00120923,298,164,134
E00120924,255,131,124
E00120928,368,171,197
E00120929,155,90,65
E00121107,350,190,160
E00121118,491,302,189
E00190221,248,123,125
E00190228,226,111,115
E00190236,211,99,112
E00190262,240,134,106
E00190312,166,74,92
E00120935,372,188,184
E00120937,291,159,132
E00120942,301,140,161
E00120944,306,160,146
E00120945,309,162,147
E00120934,324,181,143
E00120939,370,189,181
E00120941,314,163,151
E00120943,276,159,117
E00120936,263,124,139
E00120938,354,185,169
E00120946,423,220,203
E00120949,354,180,174
E00120940,328,162,166
E00120947,332,179,153
E00120948,384,195,189
E00120950,406,213,193
E00120958,337,176,161
E00120959,351,175,176
E00120960,344,171,173
E00120962,278,136,142
E00120963,351,176,175
E00120951,316,160,156
E00120955,314,171,143
E00120956,394,203,191
E00120961,324,172,152
E00120952,295,151,144
E00120953,312,167,145
E00120954,318,174,144
E00120965,376,187,189
E00120957,350,181,169
E00120964,372,192,180
E00120966,358,186,172
E00120967,318,161,157
E00120979,296,147,149
E00120980,381,190,191
E00120981,337,172,165
E00120982,344,170,174
E00120987,320,163,157
E00120988,303,151,152
E00120989,376,194,182
E00120983,393,191,202
E00120984,460,232,228
E00120985,243,122,121
E00120986,546,283,263
E00121095,368,198,170
E00121096,312,168,144
E00121099,331,175,156
E00121100,271,140,131
E00121101,377,190,187
E00121102,234,121,113
E00121097,334,161,173
E00121098,345,169,176
E00121103,311,162,149
E00121104,320,174,146
E00121105,552,292,260
E00121106,413,189,224
E00121108,220,118,102
E00121109,298,148,150
E00121110,248,133,115
E00121111,229,112,117
E00121113,169,86,83
E00121121,251,117,134
E00121122,322,169,153
E00121123,341,172,169
E00121126,310,162,148
E00121128,294,145,149
E00121124,359,187,172
E00121125,342,180,162
E00121127,287,143,144
E00121129,392,196,196
E00121130,418,210,208
E00121131,375,184,191
E00120990,364,174,190
E00120991,313,155,158
E00120992,349,183,166
E00120994,278,139,139
E00120995,411,217,194
E00120997,341,170,171
E00121000,362,173,189
E00120993,261,142,119
E00120996,349,178,171
E00120998,412,206,206
E00120999,390,211,179
E00121001,269,145,124
E00121083,405,213,192
E00121084,296,141,155
E00121089,238,122,116
E00121090,214,116,98
E00121092,300,158,142
E00169778,396,200,196
E00121085,299,147,152
E00121087,343,179,164
E00121088,235,123,112
E00121093,344,173,171
E00121094,397,193,204
E00121034,237,126,111
E00121043,283,159,124
E00121044,295,156,139
E00121047,293,156,137
E00121048,302,161,141
E00121032,265,131,134
E00121045,255,128,127
E00121046,300,150,150
E00121049,331,172,159
E00121050,237,125,112
E00121036,227,114,113
E00121037,272,140,132
E00121040,354,179,175
E00121041,141,73,68
E00190248,320,162,158
E00190304,321,171,150
E00121033,425,214,211
E00121038,278,145,133
E00121039,337,173,164
E00121042,276,137,139
E00120882,420,221,199
E00120888,310,154,156
E00120889,376,205,171
E00120890,369,191,178
E00120891,289,141,148
E00120906,432,221,211
E00120911,278,150,128
E00120913,265,135,130
E00120915,302,157,145
E00120917,270,147,123
E00120918,301,161,140
E00120905,328,175,153
E00120910,311,160,151
E00120912,263,135,128
E00120914,323,164,159
E00120916,293,157,136
E00120921,312,166,146
E00120907,332,173,159
E00120908,318,161,157
E00120909,301,164,137
E00120919,246,119,127
E00120920,307,142,165
E00121051,403,212,191
E00121059,402,207,195
E00121060,356,178,178
E00121061,388,206,182
E00121063,366,184,182
E00121064,363,185,178
E00121052,392,209,183
E00121053,433,225,208
E00121062,576,211,365
E00121065,405,208,197
E00121054,351,171,180
E00121055,389,189,200
E00121056,363,192,171
E00121057,326,169,157
E00121058,333,167,166
E00121112,320,157,163
E00121114,277,145,132
E00121115,292,150,142
E00121116,263,131,132
E00121117,299,146,153
E00120883,394,202,192
E00120884,322,171,151
E00120885,307,167,140
E00120886,365,190,175
E00120887,358,191,167
E00120892,260,128,132
E00120893,302,148,154
E00121066,404,223,181
E00121067,335,178,157
E00121071,346,176,170
E00121073,330,186,144
E00121075,289,139,150
E00121072,291,146,145
E00121074,381,192,189
E00121076,494,258,236
E00121077,330,168,162
E00121078,298,148,150
E00121079,334,168,166
E00121068,207,91,116
E00121069,307,162,145
E00121070,222,112,110
E00121080,303,168,135
E00121081,404,216,188
E00121082,294,149,145
E00121376,317,158,159
E00121378,308,158,150
E00121379,454,248,206
E00121381,472,245,227
E00121382,265,144,121
E00121383,344,168,176
E00121377,294,145,149
E00121380,333,158,175
E00121384,512,279,233
E00121385,279,159,120
E00121387,263,138,125
E00121388,357,207,150
E00121386,410,201,209
E00121390,312,168,144
E00121392,263,128,135
E00121393,264,140,124
E00121394,316,175,141
E00121373,300,142,158
E00121374,284,155,129
E00121375,262,136,126
E00121389,311,161,150
E00121391,259,133,126
E00121395,519,262,257
E00121317,261,136,125
E00121321,255,122,133
E00121324,431,202,229
E00121325,385,203,182
E00121313,368,191,177
E00121314,337,165,172
E00121322,433,233,200
E00121323,365,189,176
E00121316,307,163,144
E00121319,360,198,162
E00121330,332,161,171
E00121333,337,177,160
E00121315,336,170,166
E00121318,357,185,172
E00121326,302,159,143
E00121327,296,144,152
E00121329,381,184,197
E00121320,364,180,184
E00121328,270,138,132
E00121331,404,190,214
E00121332,372,191,181
E00121230,402,201,201
E00121238,228,110,118
E00121241,348,193,155
E00121243,377,195,182
E00121231,283,140,143
E00121236,346,180,166
E00121245,392,206,186
E00121248,300,156,144
E00121232,388,193,195
E00121235,378,196,182
E00121237,329,172,157
E00121240,309,181,128
E00189329,246,119,127
E00189339,255,134,121
E00189429,300,157,143
E00121242,349,190,159
E00121244,354,184,170
E00121247,310,155,155
E00169710,355,200,155
E00169711,205,119,86
E00169714,223,121,102
E00121233,372,190,182
E00121234,358,183,175
E00121249,308,162,146
E00121250,366,187,179
E00121251,323,179,144
E00121211,301,155,146
E00121213,376,202,174
E00121217,462,251,211
E00121221,352,176,176
E00121229,400,201,199
E00121220,395,196,199
E00121222,406,195,211
E00121223,348,170,178
E00121224,338,174,164
E00121208,453,231,222
E00121210,352,183,169
E00121218,443,227,216
E00121219,479,244,235
E00121209,281,134,147
E00121225,268,144,124
E00121226,286,146,140
E00189349,294,151,143
E00189398,406,211,195
E00189432,310,155,155
E00121212,400,201,199
E00121214,347,174,173
E00121215,292,150,142
E00121216,326,176,150
E00121228,349,163,186
E00121342,436,219,217
E00121348,368,190,178
E00121349,291,146,145
E00121350,268,130,138
E00121351,317,165,152
E00121334,332,173,159
E00121336,249,123,126
E00121337,413,215,198
E00121338,308,157,151
E00121335,413,209,204
E00121339,331,160,171
E00121340,347,165,182
E00121341,192,93,99
E00121345,305,157,148
E00121343,418,210,208
E00121344,424,220,204
E00121346,350,181,169
E00121347,411,210,201
E00121141,399,194,205
E00121154,515,241,274
E00121155,350,171,179
E00121158,313,156,157
E00121159,358,176,182
E00121160,319,161,158
E00121139,462,219,243
E00121140,396,193,203
E00121149,381,189,192
E00121151,331,168,163
E00121152,377,198,179
E00121156,378,188,190
E00121157,290,148,142
E00121138,554,275,279
E00121143,395,180,215
E00121146,457,230,227
E00121147,430,214,216
E00121142,164,77,87
E00121144,184,92,92
E00121145,378,184,194
E00121148,341,172,169
E00121150,460,198,262
E00121153,469,234,235
E00121254,289,152,137
E00121267,358,184,174
E00121269,350,177,173
E00121270,301,151,150
E00121271,459,219,240
E00121272,375,200,175
E00121252,316,167,149
E00121257,300,142,158
E00121258,507,243,264
E00121260,340,183,157
E00121261,406,211,195
E00121262,369,187,182
E00121263,325,172,153
E00121264,378,212,166
E00121265,322,167,155
E00121266,300,148,152
E00121268,348,178,170
E00169707,204,106,98
E00169708,177,84,93
E00169713,231,120,111
E00189351,398,201,197
E00189380,419,224,195
E00121253,526,273,253
E00121255,351,180,171
E00121256,363,187,176
E00121259,356,168,188
E00121295,556,313,243
E00121296,412,201,211
E00169696,288,149,139
E00169697,321,168,153
E00169698,296,139,157
E00169699,348,179,169
E00169700,202,96,106
E00169701,247,113,134
E00169702,243,115,128
E00121299,346,182,164
E00121300,346,179,167
E00121301,372,193,179
E00121302,367,188,179
E00121303,361,183,178
E00121298,351,167,184
E00121309,460,246,214
E00121310,423,198,225
E00121312,448,209,239
E00121304,382,188,194
E00121305,387,215,172
E00121306,363,181,182
E00121307,372,190,182
E00121308,345,178,167
E00121163,367,180,187
E00121164,487,238,249
E00121168,298,143,155
E00121180,194,92,102
E00121181,367,187,180
E00121182,380,197,183
E00121174,440,224,216
E00121175,427,253,174
E00121176,440,236,204
E00121177,287,145,142
E00121178,419,218,201
E00189328,303,155,148
E00189361,348,176,172
E00169705,450,222,228
E00169706,256,123,133
E00189343,285,129,156
E00189402,305,146,159
E00121161,360,177,183
E00121162,470,201,269
E00121167,285,151,134
E00169703,198,101,97
E00121183,435,212,223
E00189370,287,150,137
E00189376,345,169,176
E00121166,435,212,223
E00121169,452,193,259
E00189323,269,133,136
E00189362,261,136,125
E00189401,250,120,130
E00121172,572,265,307
E00189397,285,134,151
E00189417,263,134,129
E00189418,191,91,100
E00121352,354,190,164
E00121359,460,234,226
E00121363,488,238,250
E00121367,460,230,230
E00121360,545,264,281
E00121361,407,187,220
E00121365,596,278,318
E00121366,348,173,175
E00121353,517,233,284
E00121362,359,179,180
E00121364,427,199,228
E00121370,387,190,197
E00121372,406,215,191
E00121354,403,193,210
E00121358,346,170,176
E00121369,328,173,155
E00189330,339,180,159
E00189352,331,169,162
E00121355,379,193,186
E00121356,421,207,214
E00121368,355,165,190
E00121371,514,277,237
E00121195,478,262,216
E00121196,394,191,203
E00121197,430,208,222
E00121198,261,129,132
E00121199,262,130,132
E00121190,302,163,139
E00121200,273,130,143
E00121201,408,223,185
E00121202,367,192,175
E00121207,384,189,195
E00121185,317,177,140
E00121187,476,235,241
E00121188,435,246,189
E00189356,400,213,187
E00189412,368,191,177
E00121189,315,173,142
E00121191,393,215,178
E00121203,283,157,126
E00121204,316,160,156
E00121205,361,191,170
E00121186,361,187,174
E00169694,409,203,206
E00169695,352,157,195
E00169709,527,285,242
E00189387,179,83,96
E00189322,449,245,204
E00189357,377,203,174
E00189382,410,195,215
E00121276,368,186,182
E00121283,351,179,172
E00121284,290,145,145
E00121286,321,168,153
E00121288,330,177,153
E00121274,496,264,232
E00121279,424,220,204
E00121280,249,114,135
E00121282,273,137,136
E00121285,344,180,164
E00121289,448,231,217
E00121290,307,146,161
E00121291,318,158,160
E00121292,315,161,154
E00121293,298,151,147
E00121294,276,153,123
E00121275,356,182,174
E00121277,312,161,151
E00121278,284,145,139
E00121281,355,184,171
E00121287,466,239,227
E00134321,332,167,165
E00134322,273,141,132
E00134323,263,136,127
E00134324,349,178,171
E00134325,310,152,158
E00134326,272,140,132
E00134327,274,143,131
E00134328,394,201,193
E00134468,263,132,131
E00134470,130,66,64
E00134472,477,268,209
E00134475,437,212,225
E00134476,300,152,148
E00134579,267,126,141
E00134580,288,144,144
E00134583,289,149,140
E00134584,272,152,120
E00134469,266,133,133
E00134473,408,143,265
E00134577,256,127,129
E00134578,327,175,152
E00134581,275,147,128
E00134582,336,174,162
E00169907,421,190,231
E00134352,325,168,157
E00134353,295,146,149
E00134354,157,72,85
E00134355,177,85,92
E00134356,371,185,186
E00134357,200,104,96
E00134358,154,77,77
E00134359,260,122,138
E00134360,205,112,93
E00134361,341,170,171
E00134362,248,130,118
E00134363,372,177,195
E00134364,148,71,77
E00134365,181,90,91
E00134366,153,79,74
E00134367,259,135,124
E00134368,314,159,155
E00134369,145,80,65
E00134378,338,177,161
E00134379,306,162,144
E00134380,423,216,207
E00134381,293,141,152
E00134382,110,46,64
E00134383,218,116,102
E00134384,383,193,190
E00134385,190,99,91
E00134386,257,131,126
E00134477,271,141,130
E00134478,480,266,214
E00134479,408,201,207
E00134480,278,146,132
E00134481,296,150,146
E00134482,307,153,154
E00134483,384,193,191
E00134277,334,170,164
E00134278,427,244,183
E00134280,433,212,221
E00134281,377,199,178
E00134282,267,136,131
E00134283,304,163,141
E00169876,287,144,143
E00169877,272,146,126
E00134287,288,146,142
E00134288,229,113,116
E00134294,218,119,99
E00134295,292,157,135
E00134296,203,116,87
E00134297,203,100,103
E00134284,311,153,158
E00134293,446,235,211
E00169894,349,171,178
E00169895,367,212,155
E00187891,330,173,157
E00187913,259,130,129
E00187982,286,146,140
E00134289,288,147,141
E00134290,258,142,116
E00134291,322,168,154
E00134292,302,152,150
E00134387,279,152,127
E00134388,223,110,113
E00134389,271,131,140
E00134390,301,163,138
E00134391,134,66,68
E00134392,380,202,178
E00134393,313,161,152
E00134394,246,126,120
E00134427,313,155,158
E00134428,222,115,107
E00134429,117,59,58
E00134430,112,56,56
E00134431,268,134,134
E00134437,380,196,184
E00134439,299,149,150
E00134426,443,219,224
E00134432,236,110,126
E00134435,253,121,132
E00134436,296,136,160
E00134442,323,162,161
E00134433,349,180,169
E00134434,304,161,143
E00134438,301,149,152
E00134440,345,184,161
E00134441,308,153,155
E00134258,408,213,195
E00134260,378,192,186
E00134262,296,151,145
E00134274,374,187,187
E00134275,316,164,152
E00134276,264,133,131
E00134267,289,139,150
E00134268,323,173,150
E00134269,341,168,173
E00134270,309,152,157
E00134271,404,189,215
E00134272,404,212,192
E00134273,251,136,115
E00134261,276,147,129
E00134263,346,168,178
E00134264,280,139,141
E00134265,245,128,117
E00134266,259,132,127
E00169897,301,156,145
E00169898,329,171,158
E00169899,443,220,223
E00134299,314,159,155
E00134300,240,117,123
E00134301,252,134,118
E00134302,264,131,133
E00134307,375,192,183
E00134303,292,144,148
E00134304,275,142,133
E00134308,277,153,124
E00134309,261,143,118
E00134313,286,151,135
E00134305,268,140,128
E00134306,280,152,128
E00134310,199,105,94
E00134311,259,129,130
E00134312,240,122,118
E00169896,263,141,122
E00169900,212,110,102
E00169901,211,105,106
E00134568,308,163,145
E00134569,299,149,150
E00134571,289,146,143
E00134573,241,121,120
E00134576,364,177,187
E00134567,265,133,132
E00134570,345,176,169
E00134572,289,147,142
E00134574,331,170,161
E00134575,374,186,188
E00134564,516,257,259
E00134565,366,187,179
E00134566,463,220,243
E00134587,387,195,192
E00134588,335,166,169
E00134590,399,203,196
E00134591,462,232,230
E00134585,468,233,235
E00134586,356,175,181
E00134589,390,192,198
E00134447,264,137,127
E00134450,277,149,128
E00134453,364,199,165
E00134455,289,146,143
E00134454,265,145,120
E00134458,249,130,119
E00134462,217,115,102
E00134463,354,187,167
E00134464,237,119,118
E00134456,205,98,107
E00134457,222,116,106
E00134459,280,155,125
E00134460,361,180,181
E00187953,162,78,84
E00188013,501,275,226
E00134443,286,145,141
E00134448,444,220,224
E00134465,286,139,147
E00134466,260,131,129
E00134467,259,138,121
E00134444,324,163,161
E00134446,269,154,115
E00134449,255,130,125
E00134451,250,140,110
E00187900,135,76,59
E00187885,134,59,75
E00187901,569,295,274
E00187907,252,127,125
E00187927,153,79,74
E00187941,445,236,209
E00134332,317,155,162
E00134333,383,194,189
E00134334,321,164,157
E00134335,230,118,112
E00134329,285,142,143
E00134330,410,204,206
E00134331,353,168,185
E00134419,347,184,163
E00134420,267,133,134
E00134421,335,175,160
E00134422,431,223,208
E00134423,411,207,204
E00134424,359,195,164
E00134425,310,159,151
E00134639,450,236,214
E00134641,262,136,126
E00134644,262,130,132
E00134645,263,135,128
E00134647,207,100,107
E00134640,224,112,112
E00134642,256,135,121
E00134643,316,165,151
E00134646,325,158,167
E00134610,309,153,156
E00134612,286,148,138
E00134613,397,215,182
E00134614,399,193,206
E00187972,478,244,234
E00187985,104,55,49
E00134598,303,155,148
E00134607,264,113,151
E00134608,305,162,143
E00187879,108,57,51
E00187898,429,216,213
E00187922,348,183,165
E00187930,168,78,90
E00188005,305,153,152
E00134592,266,126,140
E00134594,440,247,193
E00134595,296,162,134
E00134615,388,188,200
E00134593,307,144,163
E00134601,308,159,149
E00134603,246,126,120
E00134606,309,146,163
E00134611,300,151,149
E00134596,517,263,254
E00134597,276,143,133
E00134604,254,133,121
E00134609,248,127,121
E00187925,353,174,179
E00188014,253,137,116
E00134227,255,132,123
E00134228,406,204,202
E00134229,379,169,210
E00134230,254,123,131
E00134224,325,158,167
E00134225,414,216,198
E00134226,528,266,262
E00134484,271,142,129
E00134485,286,150,136
E00134488,480,237,243
E00134491,263,134,129
E00134616,311,159,152
E00134617,324,163,161
E00134618,117,63,54
E00134619,455,241,214
E00134620,337,165,172
E00134621,368,182,186
E00134622,396,197,199
E00169887,577,302,275
E00169888,592,289,303
E00169890,417,203,214
E00169902,1028,89,939
E00134487,292,138,154
E00169889,249,128,121
E00169891,137,75,62
E00187902,199,95,104
E00187951,138,71,67
E00187992,314,153,161
E00134237,192,94,98
E00134239,396,194,202
E00134243,402,210,192
E00134244,288,160,128
E00134245,293,150,143
E00134246,316,165,151
E00134397,515,251,264
E00134406,117,57,60
E00134407,266,140,126
E00134408,314,173,141
E00134409,271,142,129
E00134414,230,121,109
E00134401,172,80,92
E00169893,308,154,154
E00187856,369,185,184
E00187863,307,148,159
E00187864,228,119,109
E00187865,541,272,269
E00134398,263,126,137
E00134399,293,155,138
E00134400,354,184,170
E00134413,302,150,152
E00134416,393,189,204
E00187854,124,68,56
E00187855,140,77,63
E00187853,395,194,201
E00188011,198,104,94
E00188016,596,304,292
E00134238,298,150,148
E00134240,299,150,149
E00134242,390,200,190
E00134247,277,143,134
E00134248,256,131,125
E00134249,254,137,117
E00187934,232,133,99
E00134251,219,107,112
E00134253,282,151,131
E00134254,377,189,188
E00134255,344,175,169
E00134256,250,131,119
E00134257,311,158,153
E00169905,350,182,168
E00134370,353,179,174
E00134372,441,222,219
E00134373,400,206,194
E00134376,230,119,111
E00169903,439,217,222
E00169906,239,116,123
E00134628,335,166,169
E00134629,319,159,160
E00134630,285,147,138
E00134631,334,168,166
E00134623,339,170,169
E00134624,297,143,154
E00134625,123,62,61
E00134626,355,172,183
E00134627,252,126,126
E00134231,267,141,126
E00134232,221,119,102
E00134233,332,172,160
E00134234,464,223,241
E00134235,272,138,134
E00134236,237,123,114
E00134314,233,117,116
E00134315,321,153,168
E00134316,321,153,168
E00134317,249,118,131
E00134318,349,169,180
E00134319,505,261,244
E00134320,224,118,106
E00134402,280,139,141
E00134403,285,140,145
E00134417,466,220,246
E00134418,442,223,219
E00169884,367,183,184
E00187857,260,139,121
E00187862,380,184,196
E00134343,387,208,179
E00134344,357,176,181
E00134345,309,156,153
E00134346,366,171,195
E00134348,454,220,234
E00134336,256,135,121
E00134337,251,125,126
E00134338,373,185,188
E00134351,310,151,159
E00134339,253,124,129
E00134341,294,139,155
E00134347,367,187,180
E00134349,249,140,109
E00169904,443,229,214
E00134632,269,129,140
E00134633,262,139,123
E00134634,511,266,245
E00134635,255,118,137
E00134636,345,175,170
E00134637,329,161,168
E00134638,424,212,212
E00134492,295,150,145
E00134501,434,227,207
E00134502,247,127,120
E00134503,264,130,134
E00134505,320,165,155
E00134506,285,134,151
E00134493,312,149,163
E00134495,307,136,171
E00134507,209,111,98
E00134508,297,149,148
E00169885,398,176,222
E00169886,332,180,152
E00134494,399,220,179
E00134497,339,174,165
E00134498,328,189,139
E00134499,375,207,168
E00134500,401,193,208
E00134504,384,192,192
E00134509,332,162,170
E00134510,292,139,153
E00134511,237,129,108
E00134512,349,168,181
E00134513,359,186,173
E00134514,311,159,152
E00134515,257,141,116
E00134516,293,155,138
E00134520,200,107,93
E00134521,403,212,191
E00134534,317,165,152
E00134536,325,161,164
E00134538,404,195,209
E00134517,300,135,165
E00134519,300,147,153
E00134537,278,144,134
E00169875,259,122,137
E00169878,300,139,161
E00169879,508,250,258
E00169880,279,134,145
E00169881,283,137,146
E00169882,297,155,142
E00134522,298,141,157
E00134523,263,127,136
E00134524,318,168,150
E00134525,328,162,166
E00134526,340,166,174
E00134527,265,136,129
E00134533,256,119,137
E00134535,337,161,176
E00134518,290,146,144
E00134528,300,145,155
E00134529,256,124,132
E00134530,285,143,142
E00134531,267,132,135
E00134542,311,154,157
E00134543,282,145,137
E00134544,283,151,132
E00134545,354,173,181
E00187960,293,141,152
E00187993,376,189,187
E00188004,166,92,74
E00134540,293,141,152
E00134552,259,130,129
E00134553,370,201,169
E00134556,307,150,157
E00134560,319,164,155
E00134547,326,158,168
E00134548,335,168,167
E00134549,238,132,106
E00134550,356,187,169
E00134554,267,140,127
E00134541,290,156,134
E00134551,346,175,171
E00134555,481,261,220
E00134557,314,173,141
E00134558,411,220,191
E00134546,352,163,189
E00134559,304,155,149
E00134561,328,159,169
E00134562,330,164,166
E00134563,338,187,151
E00134659,255,127,128
E00134664,248,127,121
E00134669,187,100,87
E00134670,266,149,117
E00134673,254,124,130
E00134677,322,186,136
E00134661,321,169,152
E00134663,268,131,137
E00134671,258,134,124
E00134672,287,158,129
E00134676,479,250,229
E00134658,211,116,95
E00134662,297,143,154
E00134679,345,177,168
E00134680,156,79,77
E00134681,310,153,157
E00134682,277,149,128
E00134674,417,227,190
E00134678,111,53,58
E00134683,169,87,82
E00184650,155,88,67
E00184678,465,243,222
E00184685,382,197,185
E00184690,152,77,75
E00184697,211,111,100
E00134665,259,137,122
E00134666,259,140,119
E00134668,318,167,151
E00134675,236,123,113
E00184676,593,321,272
E00184694,236,125,111
E00184698,230,120,110
E00134772,371,176,195
E00134773,357,172,185
E00134774,300,164,136
E00134775,210,106,104
E00134777,210,111,99
E00134767,436,228,208
E00134768,356,177,179
E00134769,322,157,165
E00134770,243,117,126
E00134771,256,134,122
E00134776,213,103,110
E00134780,307,151,156
E00134781,235,117,118
E00134783,374,201,173
E00134784,236,115,121
E00134786,311,152,159
E00134778,257,119,138
E00134779,216,114,102
E00134782,365,179,186
E00134785,417,198,219
E00134894,262,122,140
E00134895,257,140,117
E00134897,341,168,173
E00134898,266,143,123
E00134901,245,132,113
E00134893,270,157,113
E00134896,485,252,233
E00134899,257,133,124
E00134900,270,136,134
E00134730,199,102,97
E00134731,288,139,149
E00134733,347,163,184
E00134734,371,183,188
E00134735,318,168,150
E00134732,318,168,150
E00134736,238,118,120
E00134737,425,217,208
E00134738,181,84,97
E00134740,229,106,123
E00134742,169,83,86
E00134743,318,172,146
E00134744,284,148,136
E00134745,206,103,103
E00134739,217,112,105
E00134741,229,124,105
E00134746,352,184,168
E00134747,419,220,199
E00134748,389,210,179
E00134826,411,214,197
E00134827,210,110,100
E00134828,416,217,199
E00134834,196,96,100
E00134829,272,126,146
E00134830,349,181,168
E00134831,347,167,180
E00134832,341,193,148
E00134833,361,174,187
E00134835,252,138,114
E00134836,148,70,78
E00134837,367,185,182
E00134840,294,138,156
E00134841,584,300,284
E00184663,555,295,260
E00184703,120,65,55
E00134842,270,135,135
E00134845,249,133,116
E00134847,295,150,145
E00134848,302,157,145
E00184651,108,55,53
E00184681,132,69,63
E00184719,542,266,276
E00134838,398,199,199
E00134839,490,242,248
E00134844,340,187,153
E00134846,258,130,128
E00134902,250,116,134
E00134905,237,113,124
E00134906,292,148,144
E00134907,276,136,140
E00134908,233,119,114
E00169818,501,248,253
E00134912,120,63,57
E00134913,362,188,174
E00134914,317,152,165
E00134915,284,143,141
E00134910,275,134,141
E00134911,281,141,140
E00134918,296,147,149
E00134919,279,141,138
E00134909,261,141,120
E00134916,267,136,131
E00134917,250,122,128
E00134920,274,144,130
E00134921,275,138,137
E00134968,361,186,175
E00134975,310,153,157
E00134978,268,140,128
E00134979,259,142,117
E00134966,546,280,266
E00134969,314,156,158
E00134970,237,117,120
E00134981,278,134,144
E00134967,498,249,249
E00134971,373,196,177
E00134973,319,174,145
E00134980,430,205,225
E00134972,244,120,124
E00134974,266,151,115
E00134976,196,92,104
E00134977,201,107,94
E00134982,180,92,88
E00134983,330,160,170
E00134986,274,152,122
E00134995,200,95,105
E00134997,344,178,166
E00134998,302,156,146
E00134985,242,146,96
E00134987,230,122,108
E00134988,280,151,129
E00134989,247,119,128
E00134990,265,139,126
E00134996,320,163,157
E00134984,304,154,150
E00134991,300,145,155
E00134992,294,156,138
E00134993,322,161,161
E00134994,304,162,142
E00134749,530,271,259
E00134750,424,214,210
E00134752,206,100,106
E00134758,175,90,85
E00134751,303,159,144
E00134753,364,178,186
E00134754,179,96,83
E00134755,201,105,96
E00134756,277,142,135
E00134757,326,159,167
E00134759,263,150,113
E00134760,241,120,121
E00134761,323,162,161
E00134762,272,143,129
E00134763,348,187,161
E00134764,356,198,158
E00134765,270,143,127
E00134766,334,177,157
E00134889,244,124,120
E00134890,387,198,189
E00134891,313,164,149
E00169826,383,184,199
E00184647,383,186,197
E00184649,275,139,136
E00184656,175,83,92
E00134885,435,207,228
E00134887,339,171,168
E00134888,268,144,124
E00134892,400,204,196
E00135048,545,289,256
E00135049,350,180,170
E00135050,540,270,270
E00135051,326,165,161
E00135052,386,197,189
E00135053,377,199,178
E00135054,350,177,173
E00135055,283,150,133
E00135056,419,208,211
E00135057,148,71,77
E00135058,138,65,73
E00135059,191,100,91
E00135060,220,113,107
E00135061,249,130,119
E00135062,253,127,126
E00135063,345,174,171
E00135064,434,221,213
E00134860,236,112,124
E00134864,288,140,148
E00134867,262,135,127
E00134868,304,159,145
E00134878,292,151,141
E00134862,344,187,157
E00134876,376,187,189
E00134879,192,109,83
E00134882,268,145,123
E00134883,274,134,140
E00169819,192,91,101
E00169820,219,111,108
E00169821,306,151,155
E00169822,317,152,165
E00134865,342,171,171
E00134866,321,157,164
E00134870,267,139,128
E00134880,244,131,113
E00134884,240,124,116
E00134859,275,138,137
E00134869,289,147,142
E00134871,289,150,139
E00134872,312,160,152
E00134873,301,149,152
E00134861,303,143,160
E00134863,545,269,276
E00134874,392,209,183
E00134875,260,131,129
E00134877,243,122,121
E00134789,242,133,109
E00134790,270,130,140
E00134791,273,138,135
E00134792,285,147,138
E00134793,262,132,130
E00134795,273,138,135
E00134796,271,146,125
E00134798,278,137,141
E00134800,257,141,116
E00134801,304,158,146
E00134794,258,143,115
E00134797,258,132,126
E00134799,309,169,140
E00134802,266,140,126
E00134804,302,160,142
E00134787,402,210,192
E00134788,239,125,114
E00134803,264,145,119
E00134805,234,126,108
E00134806,287,144,143
E00134807,148,77,71
E00134812,318,161,157
E00134814,398,194,204
E00134816,297,158,139
E00134817,282,136,146
E00134819,290,133,157
E00134824,256,128,128
E00134810,273,142,131
E00134815,322,166,156
E00134818,267,160,107
E00134820,327,149,178
E00134821,260,135,125
E00134822,441,212,229
E00134808,253,123,130
E00134809,282,151,131
E00134811,339,170,169
E00134813,316,169,147
E00134823,275,124,151
E00134825,248,130,118
E00134922,249,132,117
E00134926,321,176,145
E00134932,210,114,96
E00134938,213,112,101
E00134940,328,158,170
E00134933,337,175,162
E00134934,250,135,115
E00134935,226,113,113
E00134937,294,144,150
E00134923,304,150,154
E00134925,306,159,147
E00134929,304,163,141
E00134936,324,170,154
E00134939,264,139,125
E00134924,309,159,150
E00134927,272,144,128
E00134928,298,137,161
E00134930,241,131,110
E00134931,296,156,140
E00134942,301,149,152
E00134944,195,96,99
E00134946,226,116,110
E00134948,342,169,173
E00134964,262,128,134
E00134941,253,130,123
E00134947,260,131,129
E00134952,258,133,125
E00134960,247,128,119
E00184660,286,144,142
E00184666,263,144,119
E00184673,474,234,240
E00184708,116,61,55
E00184711,100,50,50
E00134954,334,170,164
E00134956,246,130,116
E00134957,242,115,127
E00134958,337,163,174
E00134959,287,155,132
E00134943,256,138,118
E00134949,248,134,114
E00134950,258,140,118
E00134953,254,125,129
E00134955,298,146,152
E00184702,323,162,161
E00184705,376,183,193
E00184709,290,147,143
E00184710,482,247,235
E00184720,227,106,121
E00134945,239,128,111
E00134962,268,127,141
E00134963,221,120,101
E00134965,223,120,103
E00184662,111,54,57
E00184664,134,72,62
E00184707,291,154,137
E00134697,416,213,203
E00134699,321,160,161
E00134700,363,188,175
E00134701,379,199,180
E00134684,210,98,112
E00134690,516,282,234
E00134695,160,88,72
E00134698,409,220,189
E00184653,254,138,116
E00184714,470,231,239
E00134691,303,160,143
E00134692,297,151,146
E00134693,322,158,164
E00134694,283,144,139
E00134696,224,113,111
E00134686,424,225,199
E00134687,371,200,171
E00134688,357,177,180
E00134689,280,143,137
E00134722,375,188,187
E00134725,326,165,161
E00134726,285,153,132
E00134727,299,156,143
E00134723,396,203,193
E00134724,336,161,175
E00134728,337,181,156
E00134729,340,165,175
E00135010,272,137,135
E00135011,279,143,136
E00135012,142,82,60
E00135013,252,119,133
E00135014,296,141,155
E00135015,206,113,93
E00134999,341,168,173
E00135016,265,137,128
E00135017,271,138,133
E00135019,237,127,110
E00135021,248,128,120
E00135024,284,148,136
E00135000,290,151,139
E00135018,313,152,161
E00135020,301,155,146
E00135023,361,181,180
E00135025,226,126,100
E00135003,297,156,141
E00135005,272,142,130
E00135006,238,123,115
E00135007,305,155,150
E00135008,281,150,131
E00135001,276,144,132
E00135002,276,151,125
E00135004,338,159,179
E00135009,248,128,120
E00135022,249,129,120
E00135027,266,136,130
E00135030,251,128,123
E00135031,307,155,152
E00135032,253,129,124
E00135034,301,164,137
E00135047,319,159,160
E00135033,213,104,109
E00135035,280,141,139
E00135037,298,153,145
E00135039,393,215,178
E00169823,223,112,111
E00169825,411,226,185
E00135026,285,153,132
E00135029,319,139,180
E00135043,253,130,123
E00135044,385,197,188
E00135045,251,133,118
E00135046,508,239,269
E00135028,339,164,175
E00135038,345,181,164
E00135040,293,152,141
E00135041,305,145,160
E00135042,359,177,182
E00134703,284,154,130
E00134704,315,162,153
E00134705,296,155,141
E00134710,288,144,144
E00134713,176,98,78
E00134702,300,156,144
E00134709,336,163,173
E00134714,263,140,123
E00134718,401,190,211
E00184665,264,139,125
E00184687,361,192,169
E00134706,501,263,238
E00134707,282,133,149
E00134708,392,209,183
E00134711,330,167,163
E00134719,256,133,123
E00134715,228,109,119
E00134716,241,116,125
E00134717,270,130,140
E00134720,230,123,107
E00134721,210,107,103
E00134648,307,163,144
E00134652,230,119,111
E00134653,342,178,164
E00134654,285,151,134
E00134657,299,158,141
E00134649,257,151,106
E00134650,278,157,121
E00134651,267,145,122
E00134655,234,125,109
E00134656,286,146,140
E00134851,427,220,207
E00134856,360,190,170
E00134857,350,177,173
E00134858,474,240,234
E00134850,420,217,203
E00134852,268,144,124
E00134853,358,175,183
E00134854,268,131,137
E00134855,317,164,153
E00135196,363,189,174
E00135198,292,148,144
E00135200,457,223,234
E00135201,379,195,184
E00135202,305,164,141
E00135205,244,126,118
E00135206,214,113,101
E00135207,233,117,116
E00135208,194,108,86
E00135209,300,144,156
E00135210,226,117,109
E00135195,307,149,158
E00135197,433,214,219
E00135199,293,158,135
E00135203,485,248,237
E00135204,254,133,121
E00135305,296,155,141
E00135308,334,165,169
E00135309,264,136,128
E00135311,243,125,118
E00135317,205,102,103
E00135307,380,191,189
E00135313,186,92,94
E00135315,343,169,174
E00135316,250,136,114
E00184677,235,123,112
E00184691,479,250,229
E00135306,356,194,162
E00135312,273,146,127
E00135314,318,156,162
E00135318,232,116,116
E00135319,312,146,166
E00135211,499,248,251
E00135212,394,188,206
E00135214,277,152,125
E00135215,325,168,157
E00135213,310,154,156
E00135216,176,90,86
E00135217,411,214,197
E00135218,304,151,153
E00135364,416,202,214
E00135365,278,139,139
E00135366,350,178,172
E00135367,310,161,149
E00135368,200,100,100
E00135353,298,142,156
E00135354,345,179,166
E00135355,133,64,69
E00135356,265,140,125
E00135361,265,134,131
E00184675,239,119,120
E00184688,193,90,103
E00184712,365,210,155
E00135357,288,142,146
E00135358,210,111,99
E00135359,468,258,210
E00135362,323,156,167
E00135363,378,178,200
E00135110,287,142,145
E00135112,232,114,118
E00135113,269,146,123
E00135114,302,150,152
E00135115,222,123,99
E00135109,310,165,145
E00135116,267,142,125
E00135117,192,90,102
E00135118,308,163,145
E00135119,282,150,132
E00135108,221,124,97
E00135111,213,110,103
E00135120,264,136,128
E00135121,248,129,119
E00135122,369,176,193
E00135123,335,167,168
E00135124,202,99,103
E00135127,238,122,116
E00135128,210,111,99
E00135129,224,109,115
E00135130,250,129,121
E00135131,211,115,96
E00135132,271,152,119
E00135133,252,130,122
E00135134,253,130,123
E00135135,363,185,178
E00135140,185,90,95
E00135125,244,116,128
E00135126,256,128,128
E00135136,239,121,118
E00135138,170,86,84
E00135139,316,166,150
E00184671,145,66,79
E00184721,451,238,213
E00135155,348,188,160
E00135156,352,180,172
E00135157,425,205,220
E00135160,306,147,159
E00135369,366,172,194
E00135372,300,154,146
E00135373,308,167,141
E00135374,307,163,144
E00135375,287,145,142
E00135370,308,166,142
E00135371,164,83,81
E00135376,214,106,108
E00135377,304,170,134
E00135379,269,147,122
E00135383,235,121,114
E00135378,318,170,148
E00135380,307,166,141
E00135381,243,123,120
E00135382,302,154,148
E00135384,239,111,128
E00135143,260,136,124
E00135148,326,170,156
E00135158,299,147,152
E00135162,295,144,151
E00135164,292,159,133
E00135165,285,161,124
E00135142,286,148,138
E00135159,356,185,171
E00135161,299,156,143
E00135163,291,141,150
E00135166,349,175,174
E00135141,292,137,155
E00135144,380,199,181
E00135145,285,134,151
E00135146,297,140,157
E00135152,281,132,149
E00135154,460,218,242
E00135147,453,217,236
E00135149,256,130,126
E00135150,388,177,211
E00135151,485,224,261
E00135153,295,152,143
E00135299,300,139,161
E00135301,368,185,183
E00135302,352,178,174
E00135303,316,161,155
E00135304,299,149,150
E00135281,402,195,207
E00135283,299,148,151
E00135284,361,183,178
E00135286,274,134,140
E00184689,128,54,74
E00184715,377,169,208
E00135278,221,101,120
E00135279,412,193,219
E00135280,415,203,212
E00135287,201,106,95
E00135288,321,149,172
E00135291,368,181,187
E00135285,321,152,169
E00135290,333,184,149
E00135292,318,167,151
E00135293,322,154,168
E00135295,303,162,141
E00135298,230,114,116
E00135294,558,258,300
E00135296,282,146,136
E00135297,307,160,147
E00135300,298,153,145
E00169827,234,113,121
E00169828,189,99,90
E00169829,228,108,120
E00135169,266,134,132
E00135170,283,156,127
E00135190,339,193,146
E00135191,240,123,117
E00135192,341,174,167
E00135341,390,175,215
E00135343,332,172,160
E00135344,329,143,186
E00135345,328,161,167
E00135346,383,204,179
E00135338,338,170,168
E00135340,308,154,154
E00135342,309,158,151
E00135350,327,163,164
E00135351,237,133,104
E00135337,353,204,149
E00135347,304,173,131
E00135348,279,139,140
E00135349,359,172,187
E00135352,354,162,192
E00169835,229,114,115
E00169836,340,163,177
E00169837,187,88,99
E00135065,364,178,186
E00135067,281,139,142
E00135068,229,116,113
E00135070,503,255,248
E00135073,303,143,160
E00135071,214,103,111
E00135084,242,129,113
E00135085,273,139,134
E00169842,336,163,173
E00169843,211,108,103
E00169844,380,194,186
E00169845,162,87,75
E00169846,190,107,83
E00135072,114,57,57
E00135074,212,110,102
E00135075,337,169,168
E00135076,208,118,90
E00135078,250,133,117
E00135081,202,96,106
E00135069,244,125,119
E00135077,141,65,76
E00135079,294,149,145
E00135080,202,107,95
E00135082,290,154,136
E00135083,294,153,141
E00135168,356,184,172
E00135171,260,135,125
E00135172,241,122,119
E00135193,284,146,138
E00135194,277,144,133
E00135167,268,134,134
E00135173,323,171,152
E00135174,291,147,144
E00135175,251,127,124
E00135176,246,138,108
E00135178,231,125,106
E00135177,302,164,138
E00135181,298,161,137
E00135182,254,139,115
E00135183,264,133,131
E00135184,275,139,136
E00135185,259,131,128
E00135179,268,134,134
E00135180,266,146,120
E00135186,278,145,133
E00135187,250,133,117
E00135188,272,134,138
E00135189,253,130,123
E00135326,279,157,122
E00135327,337,169,168
E00135328,245,133,112
E00135329,255,130,125
E00135330,167,94,73
E00135331,377,194,183
E00135219,266,150,116
E00135220,327,163,164
E00135221,262,119,143
E00135222,323,155,168
E00135223,319,160,159
E00135224,252,120,132
E00135225,312,164,148
E00135226,262,134,128
E00135227,240,129,111
E00135228,275,145,130
E00135229,261,132,129
E00135230,207,119,88
E00135232,306,161,145
E00135233,361,191,170
E00169833,365,183,182
E00169834,180,93,87
E00169840,354,189,165
E00169841,420,221,199
E00135320,272,138,134
E00135332,282,141,141
E00135333,295,161,134
E00135334,320,148,172
E00135335,418,223,195
E00135321,266,132,134
E00135322,269,150,119
E00135323,275,134,141
E00135324,299,151,148
E00135325,258,134,124
E00135336,263,132,131
E00135263,217,126,91
E00135264,289,158,131
E00135267,255,140,115
E00135269,289,139,150
E00135270,215,109,106
E00135258,311,156,155
E00135262,283,148,135
E00135266,402,212,190
E00135268,260,147,113
E00135271,275,156,119
E00135260,307,155,152
E00135261,263,150,113
E00135265,267,141,126
E00135272,255,136,119
E00135277,371,192,179
E00135253,281,146,135
E00135273,363,179,184
E00135274,211,130,81
E00135275,382,198,184
E00135276,347,170,177
E00135254,374,184,190
E00135255,263,145,118
E00135256,335,203,132
E00135257,241,118,123
E00135259,367,191,176
E00135236,249,132,117
E00135237,268,148,120
E00135240,230,121,109
E00135251,266,132,134
E00135252,252,127,125
E00135243,303,155,148
E00135246,140,78,62
E00135248,366,195,171
E00135250,275,149,126
E00169838,366,177,189
E00169839,316,157,159
E00135234,323,163,160
E00135235,306,146,160
E00135239,314,150,164
E00135242,145,57,88
E00135245,259,136,123
E00135238,288,151,137
E00135241,300,147,153
E00135244,241,121,120
E00135247,380,179,201
E00135089,261,135,126
E00135095,291,134,157
E00135099,358,179,179
E00184655,338,171,167
E00184657,360,170,190
E00184706,155,71,84
E00184716,568,278,290
E00184718,530,267,263
E00184723,115,59,56
E00135100,253,125,128
E00135101,242,126,116
E00135103,235,115,120
E00135104,213,111,102
E00135105,227,120,107
E00135106,372,192,180
E00135107,301,159,142
E00169830,234,112,122
E00169831,300,151,149
E00169832,196,101,95
E00135088,261,126,135
E00135090,237,123,114
E00135091,233,116,117
E00135092,213,114,99
E00135093,279,164,115
E00135094,182,96,86
E00135096,291,152,139
E00135097,183,108,75
E00135098,297,150,147
E00135603,232,134,98
E00135605,210,116,94
E00135606,339,190,149
E00135607,220,118,102
E00135609,190,106,84
E00135610,410,209,201
E00135599,203,107,96
E00135600,335,178,157
E00135611,173,84,89
E00135613,208,110,98
E00184646,290,151,139
E00135601,345,193,152
E00135612,145,77,68
E00135614,248,125,123
E00135615,161,87,74
E00135616,245,149,96
E00135602,258,129,129
E00135604,296,156,140
E00135608,190,100,90
E00135617,221,108,113
E00135618,310,160,150
E00135398,131,67,64
E00135399,207,105,102
E00135400,189,96,93
E00135401,170,91,79
E00135402,143,68,75
E00169868,290,150,140
E00135405,143,84,59
E00135406,134,72,62
E00135407,216,108,108
E00135408,231,124,107
E00135409,134,63,71
E00135410,163,78,85
E00135411,131,64,67
E00135412,326,166,160
E00135464,213,106,107
E00135465,221,103,118
E00135466,206,93,113
E00135467,267,132,135
E00135468,274,152,122
E00135469,337,180,157
E00135470,282,146,136
E00135675,289,138,151
E00135676,264,133,131
E00135677,333,166,167
E00135678,267,135,132
E00135679,256,128,128
E00135680,174,94,80
E00135681,260,134,126
E00135682,293,145,148
E00135576,332,170,162
E00135578,194,104,90
E00135581,228,120,108
E00135583,329,177,152
E00135587,246,140,106
E00135589,295,175,120
E00135573,254,132,122
E00135575,292,142,150
E00135580,238,125,113
E00135582,232,113,119
E00135585,217,114,103
E00135590,224,134,90
E00135574,194,102,92
E00135577,298,152,146
E00135579,200,104,96
E00135584,326,169,157
E00135586,238,124,114
E00135588,268,151,117
E00135711,241,124,117
E00135713,285,147,138
E00135716,487,253,234
E00135717,255,139,116
E00135721,406,225,181
E00135719,279,147,132
E00135720,282,161,121
E00135722,247,128,119
E00135723,260,147,113
E00135724,266,137,129
E00135712,315,157,158
E00135714,234,118,116
E00135715,333,159,174
E00135718,228,120,108
E00135452,350,189,161
E00135453,231,121,110
E00135456,281,167,114
E00135460,358,191,167
E00135461,288,146,142
E00135463,274,142,132
E00135447,314,160,154
E00135448,258,144,114
E00135449,275,156,119
E00135454,264,138,126
E00135457,221,117,104
E00135458,222,116,106
E00135450,293,151,142
E00135451,270,145,125
E00135455,317,170,147
E00135459,268,147,121
E00135462,271,144,127
E00135795,236,119,117
E00135796,260,135,125
E00135797,319,157,162
E00135798,262,132,130
E00135799,382,178,204
E00135800,404,199,205
E00135801,431,235,196
E00135654,536,272,264
E00135658,354,190,164
E00135659,303,156,147
E00135655,274,145,129
E00135656,284,149,135
E00135657,305,150,155
E00135660,278,145,133
E00135749,290,149,141
E00135754,443,234,209
E00135755,378,186,192
E00135759,267,138,129
E00135748,295,155,140
E00135756,307,168,139
E00135757,240,124,116
E00135758,295,144,151
E00169865,362,184,178
E00169866,425,224,201
E00135747,200,106,94
E00135750,315,159,156
E00135752,386,193,193
E00135753,297,151,146
E00135548,285,164,121
E00135550,326,172,154
E00135553,302,164,138
E00135560,483,243,240
E00135564,580,292,288
E00135551,274,149,125
E00135552,298,159,139
E00135557,338,178,160
E00135562,316,164,152
E00135563,392,201,191
E00135542,331,172,159
E00135543,320,171,149
E00135556,381,186,195
E00135561,321,168,153
E00135544,293,155,138
E00135545,324,172,152
E00135546,239,132,107
E00135549,342,164,178
E00135554,213,115,98
E00135541,343,177,166
E00135547,210,107,103
E00135555,336,167,169
E00135558,308,158,150
E00135559,220,113,107
E00135647,428,234,194
E00135648,255,127,128
E00135649,587,310,277
E00135651,341,176,165
E00135652,351,180,171
E00135639,598,311,287
E00135642,374,190,184
E00135643,376,193,183
E00135645,348,188,160
E00135635,365,175,190
E00135636,355,180,175
E00135637,262,139,123
E00135638,286,150,136
E00135653,254,114,140
E00135640,284,149,135
E00135641,329,158,171
E00135644,300,153,147
E00135646,429,226,203
E00135650,353,192,161
E00135413,366,187,179
E00135414,205,98,107
E00135415,326,158,168
E00135416,228,132,96
E00135417,291,150,141
E00135418,271,135,136
E00135419,283,144,139
E00135420,253,136,117
E00135761,311,150,161
E00135762,289,150,139
E00135770,335,173,162
E00135771,302,159,143
E00135772,323,175,148
E00135760,394,208,186
E00135763,362,181,181
E00135764,454,235,219
E00135765,417,221,196
E00135767,251,136,115
E00135766,417,209,208
E00135768,397,204,193
E00135769,319,162,157
E00135773,293,139,154
E00135774,268,137,131
E00135525,285,169,116
E00135530,392,211,181
E00135531,313,170,143
E00135532,341,179,162
E00135534,330,167,163
E00135536,340,177,163
E00135533,244,114,130
E00135535,316,156,160
E00135537,332,163,169
E00135538,283,159,124
E00135539,311,158,153
E00135526,366,181,185
E00135527,296,161,135
E00135528,298,141,157
E00135529,329,164,165
E00135540,350,168,182
E00135661,400,189,211
E00135662,302,160,142
E00135663,314,159,155
E00135664,345,171,174
E00135665,310,177,133
E00135666,562,281,281
E00135509,325,159,166
E00135510,412,205,207
E00135513,350,186,164
E00135514,375,195,180
E00169847,562,293,269
E00169848,370,194,176
E00169849,468,243,225
E00135500,340,180,160
E00135501,332,166,166
E00135502,170,86,84
E00135504,189,107,82
E00135508,366,181,185
E00135511,356,173,183
E00135498,303,153,150
E00135503,281,145,136
E00135505,300,157,143
E00135506,314,157,157
E00135507,270,137,133
E00135512,293,158,135
E00135515,457,229,228
E00135775,383,214,169
E00135776,426,231,195
E00135777,308,160,148
E00135778,291,154,137
E00135779,316,166,150
E00135780,533,294,239
E00135693,207,86,121
E00135699,283,140,143
E00135701,344,157,187
E00135702,103,57,46
E00135703,281,129,152
E00135704,201,113,88
E00135706,200,107,93
E00135692,289,147,142
E00135705,265,114,151
E00135707,239,123,116
E00135708,303,168,135
E00135709,305,145,160
E00135725,328,165,163
E00135726,323,164,159
E00135727,271,140,131
E00135729,251,133,118
E00184696,380,194,186
E00184700,313,169,144
E00135730,364,185,179
E00135731,312,160,152
E00135734,467,226,241
E00184679,370,185,185
E00184704,283,140,143
E00135733,271,136,135
E00135735,339,173,166
E00135736,273,127,146
E00135737,515,254,261
E00184668,421,215,206
E00184701,226,111,115
E00135695,283,145,138
E00135698,209,104,105
E00135700,207,107,100
E00135710,414,221,193
E00135694,238,148,90
E00135697,305,158,147
E00184659,98,52,46
E00184713,399,192,207
E00135516,210,101,109
E00135517,306,158,148
E00135518,234,112,122
E00135519,282,160,122
E00135520,404,206,198
E00135521,295,153,142
E00135522,116,55,61
E00135523,335,172,163
E00135524,281,154,127
E00135566,254,133,121
E00135569,234,123,111
E00135571,295,154,141
E00135572,341,174,167
E00135565,281,142,139
E00135567,309,156,153
E00135568,333,178,155
E00135570,314,165,149
E00135667,263,137,126
E00135668,311,160,151
E00135669,288,152,136
E00135670,252,128,124
E00135671,277,143,134
E00135672,324,169,155
E00135674,293,139,154
E00184717,499,268,231
E00184726,129,73,56
E00135622,410,200,210
E00135623,349,177,172
E00184669,497,251,246
E00184683,175,90,85
E00135624,334,168,166
E00135625,282,147,135
E00135626,229,120,109
E00135627,203,98,105
E00135628,192,94,98
E00135802,405,213,192
E00135803,376,197,179
E00135804,368,187,181
E00135805,438,217,221
E00135806,357,186,171
E00135807,562,287,275
E00135810,228,115,113
E00135811,341,175,166
E00135814,341,162,179
E00135815,484,242,242
E00135808,447,227,220
E00135809,350,186,164
E00135812,297,141,156
E00135813,387,184,203
E00135385,396,204,192
E00135386,372,189,183
E00135393,339,179,160
E00135394,314,180,134
E00135391,324,168,156
E00135392,302,154,148
E00135395,149,79,70
E00135396,202,109,93
E00135397,408,206,202
E00135390,337,162,175
E00169861,600,94,506
E00169862,288,144,144
E00169863,254,123,131
E00184645,359,178,181
E00135830,315,160,155
E00135831,223,113,110
E00135833,339,165,174
E00135835,365,190,175
E00135837,244,120,124
E00135838,190,94,96
E00135828,297,153,144
E00135829,302,147,155
E00135832,221,113,108
E00135834,303,160,143
E00135836,266,140,126
E00135839,468,243,225
E00135823,285,153,132
E00135824,294,162,132
E00135825,285,143,142
E00135826,325,164,161
E00135827,278,139,139
E00135683,300,147,153
E00135685,281,140,141
E00135688,299,156,143
E00135691,364,177,187
E00135684,159,86,73
E00135686,192,92,100
E00135687,237,117,120
E00135689,402,206,196
E00135690,363,185,178
E00135816,459,247,212
E00135817,359,179,180
E00135818,270,135,135
E00135819,350,187,163
E00135820,382,193,189
E00135821,444,218,226
E00135822,330,169,161
E00135840,273,135,138
E00135841,401,197,204
E00135842,380,183,197
E00135843,367,178,189
E00135844,383,179,204
E00135845,357,171,186
E00135493,247,130,117
E00135494,306,141,165
E00135495,247,117,130
E00135496,238,124,114
E00184658,532,273,259
E00184722,130,69,61
E00135483,330,171,159
E00135485,471,247,224
E00135486,294,153,141
E00135487,358,177,181
E00135488,326,162,164
E00135484,438,225,213
E00135489,260,132,128
E00135490,402,208,194
E00135492,354,186,168
E00135497,226,113,113
E00135785,348,173,175
E00135787,456,226,230
E00135789,430,224,206
E00135792,368,195,173
E00135786,352,172,180
E00135788,334,160,174
E00135790,401,218,183
E00135791,337,170,167
E00135793,291,143,148
E00135794,263,125,138
E00135781,305,141,164
E00135782,456,229,227
E00135783,477,241,236
E00135784,445,220,225
E00135479,335,170,165
E00169850,310,164,146
E00169859,369,182,187
E00184654,317,160,157
E00184725,297,146,151
E00135481,321,159,162
E00169856,308,143,165
E00169857,331,177,154
E00169858,397,203,194
E00169860,283,148,135
E00135476,322,171,151
E00184670,460,257,203
E00184682,108,47,61
E00184684,549,296,253
E00184686,210,115,95
E00184693,108,49,59
E00184699,368,191,177
E00135471,421,224,197
E00135472,281,148,133
E00135475,356,187,169
E00135629,242,131,111
E00135630,364,190,174
E00135633,306,164,142
E00135634,265,146,119
E00135631,472,254,218
E00169851,449,240,209
E00169855,183,105,78
E00169867,266,140,126
E00135740,352,186,166
E00135744,220,120,100
E00135745,183,95,88
E00169853,167,86,81
E00169854,191,107,84
E00135741,284,155,129
E00135742,367,195,172
E00135743,230,121,109
E00135746,219,106,113
E00169852,131,76,55
E00135591,238,116,122
E00135592,360,184,176
E00135593,314,148,166
E00135594,259,128,131
E00135595,359,180,179
E00135596,473,228,245
E00135597,255,131,124
E00135598,178,85,93
E00135846,205,102,103
E00135847,344,185,159
E00135848,272,133,139
E00135849,242,121,121
E00135850,378,184,194
E00135851,472,239,233
E00135852,364,189,175
E00135853,326,164,162
E00135854,233,118,115
E00135855,547,271,276
E00135856,321,149,172
E00135857,324,157,167
E00135858,350,173,177
E00135859,366,191,175
E00135860,418,204,214
E00135429,356,174,182
E00135430,320,156,164
E00135431,324,154,170
E00135432,333,171,162
E00135433,327,165,162
E00135421,411,214,197
E00135422,307,155,152
E00135424,391,191,200
E00135427,292,141,151
E00135428,394,191,203
E00135423,400,192,208
E00135425,368,190,178
E00135426,193,94,99
E00135434,305,150,155
E00135435,409,201,208
E00135436,311,159,152
E00135437,325,162,163
E00135438,372,182,190
E00135439,245,128,117
E00135440,245,125,120
E00135441,427,199,228
E00135442,247,121,126
E00135443,383,192,191
E00135444,178,86,92
E00135445,497,259,238
E00135446,377,187,190
E00136110,205,98,107
E00136111,202,109,93
E00136113,316,171,145
E00136114,235,126,109
E00136118,204,111,93
E00136119,277,125,152
E00136121,154,82,72
E00136123,159,78,81
E00136112,196,114,82
E00136115,235,117,118
E00136116,250,137,113
E00136117,272,140,132
E00136120,273,147,126
E00136122,286,137,149
E00136124,431,225,206
E00136125,222,121,101
E00136128,257,146,111
E00136130,239,130,109
E00136135,368,190,178
E00136136,256,125,131
E00136126,273,136,137
E00136127,290,153,137
E00136129,247,131,116
E00136131,312,177,135
E00136132,290,153,137
E00136133,329,175,154
E00136134,315,169,146
E00135928,220,113,107
E00135929,168,94,74
E00135930,128,65,63
E00135931,210,107,103
E00135932,178,94,84
E00135933,299,163,136
E00135934,220,122,98
E00135935,187,95,92
E00135936,195,96,99
E00135937,110,59,51
E00136071,218,101,117
E00136074,204,98,106
E00136076,216,113,103
E00136080,229,124,105
E00136082,198,108,90
E00136083,237,134,103
E00136075,128,66,62
E00136077,314,170,144
E00136078,179,104,75
E00136079,276,152,124
E00136081,212,116,96
E00136084,158,83,75
E00136069,319,168,151
E00136070,465,230,235
E00136072,355,187,168
E00136073,211,108,103
E00135898,231,105,126
E00135905,159,75,84
E00135907,237,113,124
E00135908,194,98,96
E00135910,211,98,113
E00135899,194,111,83
E00135900,230,110,120
E00135903,235,131,104
E00135904,286,144,142
E00135911,199,87,112
E00135897,299,166,133
E00135901,183,97,86
E00135902,293,150,143
E00135906,275,139,136
E00135909,243,120,123
E00136157,305,155,150
E00136158,203,107,96
E00136161,308,164,144
E00136163,325,169,156
E00136166,166,92,74
E00136159,271,154,117
E00136160,205,108,97
E00136164,283,130,153
E00169869,246,139,107
E00169870,214,117,97
E00169871,148,88,60
E00136154,181,97,84
E00136155,276,151,125
E00136156,394,191,203
E00136162,283,155,128
E00136165,267,145,122
E00135946,197,107,90
E00135947,204,103,101
E00135948,225,120,105
E00135949,266,150,116
E00135950,173,91,82
E00135951,155,85,70
E00135952,252,135,117
E00135953,263,136,127
E00135954,203,109,94
E00135964,216,118,98
E00135965,274,143,131
E00184652,279,140,139
E00184667,173,87,86
E00184692,211,122,89
E00184727,469,224,245
E00135956,205,118,87
E00135957,480,242,238
E00135958,204,114,90
E00135959,293,163,130
E00135960,291,151,140
E00135961,323,159,164
E00135963,220,114,106
E00135966,174,93,81
E00136085,201,96,105
E00136086,429,214,215
E00136087,168,78,90
E00136088,142,66,76
E00136089,253,127,126
E00136090,249,128,121
E00136091,349,169,180
E00136092,241,119,122
E00136093,322,164,158
E00136177,248,125,123
E00136178,241,116,125
E00136179,254,129,125
E00136180,276,140,136
E00136181,210,116,94
E00136182,255,135,120
E00136183,296,133,163
E00136184,233,122,111
E00136064,278,150,128
E00136065,188,98,90
E00136066,300,145,155
E00136067,217,110,107
E00136068,213,103,110
E00136060,428,219,209
E00136062,163,88,75
E00136063,233,123,110
E00184648,462,259,203
E00184661,102,51,51
E00135887,205,97,108
E00135888,479,257,222
E00135889,268,140,128
E00135890,251,133,118
E00135891,206,99,107
E00135892,436,226,210
E00135893,173,88,85
E00135894,121,66,55
E00135895,124,59,65
E00135896,125,58,67
E00135912,216,106,110
E00135913,334,170,164
E00135914,273,127,146
E00135915,232,117,115
E00135916,260,125,135
E00135917,412,200,212
E00135918,325,167,158
E00135919,159,77,82
E00135920,132,66,66
E00135878,245,124,121
E00135879,260,131,129
E00135880,233,132,101
E00135881,218,126,92
E00135882,451,226,225
E00135883,127,64,63
E00135884,190,95,95
E00135885,268,138,130
E00135886,265,138,127
E00135921,341,165,176
E00135922,460,227,233
E00135923,389,206,183
E00135924,289,140,149
E00135925,307,156,151
E00135926,288,148,140
E00135927,305,164,141
E00136006,291,133,158
E00136007,250,146,104
E00136010,335,174,161
E00136014,286,154,132
E00136015,191,98,93
E00136008,358,166,192
E00136009,275,146,129
E00136011,231,118,113
E00136012,257,133,124
E00136013,308,171,137
E00136002,250,128,122
E00136003,267,137,130
E00136004,384,191,193
E00136005,343,169,174
E00136016,263,128,135
E00135861,112,54,58
E00135862,283,146,137
E00135863,141,76,65
E00135864,335,177,158
E00135867,282,131,151
E00135868,332,175,157
E00135869,230,109,121
E00135870,211,105,106
E00169874,264,136,128
E00135871,297,162,135
E00135872,318,164,154
E00135873,383,198,185
E00135874,387,197,190
E00135875,566,283,283
E00135876,360,192,168
E00135877,237,116,121
E00136216,229,117,112
E00136217,193,97,96
E00136218,331,157,174
E00136219,305,156,149
E00136223,178,88,90
E00136167,111,52,59
E00136168,503,245,258
E00136169,302,153,149
E00136170,221,116,105
E00136171,242,133,109
E00136172,367,177,190
E00136173,229,116,113
E00136174,193,103,90
E00136175,335,164,171
E00136176,231,120,111
E00136185,230,122,108
E00136186,166,83,83
E00136187,155,73,82
E00136188,270,138,132
E00136189,291,147,144
E00136190,255,137,118
E00136191,186,89,97
E00136192,344,186,158
E00136193,213,101,112
E00136220,381,193,188
E00136221,337,172,165
E00136222,355,179,176
E00135975,406,204,202
E00135979,302,165,137
E00135982,290,143,147
E00135984,273,147,126
E00135985,296,159,137
E00135986,286,154,132
E00135976,269,133,136
E00135977,302,168,134
E00135978,327,161,166
E00135980,263,136,127
E00135981,274,134,140
E00135983,276,132,144
E00135990,287,156,131
E00135991,282,141,141
E00135997,258,129,129
E00135999,293,137,156
E00136000,206,111,95
E00135988,303,162,141
E00135989,237,128,109
E00135992,281,144,137
E00135995,352,176,176
E00135996,313,163,150
E00135987,283,149,134
E00135993,264,131,133
E00135994,287,147,140
E00135998,339,182,157
E00136001,460,259,201
E00135938,331,174,157
E00135939,270,124,146
E00135940,340,171,169
E00135941,341,166,175
E00135942,189,82,107
E00135943,252,135,117
E00135944,310,152,158
E00135945,330,156,174
E00136099,264,137,127
E00136100,244,129,115
E00136101,351,184,167
E00136102,363,172,191
E00136095,160,71,89
E00136096,319,163,156
E00136097,375,191,184
E00136098,259,125,134
E00169872,679,52,627
E00169873,116,64,52
E00136224,313,156,157
E00136225,204,108,96
E00136226,233,115,118
E00136227,141,72,69
E00136228,274,141,133
E00136229,214,118,96
E00136230,304,161,143
E00136231,327,174,153
E00136232,347,179,168
E00136140,493,255,238
E00136149,333,172,161
E00136150,187,89,98
E00136151,281,140,141
E00136152,409,207,202
E00136137,255,118,137
E00136138,319,169,150
E00136139,292,153,139
E00136144,244,131,113
E00136145,186,95,91
E00136141,424,227,197
E00136142,192,115,77
E00136143,184,100,84
E00136146,266,148,118
E00136148,309,162,147
E00184680,155,71,84
E00184724,253,87,166
E00136209,253,125,128
E00136210,342,157,185
E00136211,362,186,176
E00136212,277,135,142
E00136213,228,115,113
E00136214,167,75,92
E00136215,388,201,187
E00135967,172,83,89
E00135968,246,134,112
E00135969,201,94,107
E00135970,242,121,121
E00135971,312,172,140
E00135972,248,127,121
E00135973,588,302,286
E00135974,290,154,136
E00136103,445,240,205
E00136104,231,110,121
E00136105,238,120,118
E00136106,284,146,138
E00136107,314,155,159
E00136108,282,149,133
E00136109,265,149,116
E00136201,279,149,130
E00136203,234,125,109
E00136204,270,133,137
E00136205,259,135,124
E00136206,210,98,112
E00136207,319,152,167
E00136208,245,130,115
E00136195,273,129,144
E00136196,304,162,142
E00136200,206,105,101
E00136202,292,154,138
E00136194,406,203,203
E00136197,269,131,138
E00136198,348,183,165
E00136199,334,173,161
E00136024,116,61,55
E00136025,269,149,120
E00136026,237,123,114
E00136027,269,147,122
E00136029,319,159,160
E00136031,345,196,149
E00136017,247,141,106
E00136019,306,158,148
E00136028,220,111,109
E00136030,304,148,156
E00136032,279,147,132
E00136018,256,133,123
E00136020,264,131,133
E00136021,182,97,85
E00136022,252,142,110
E00136023,223,120,103
E00136033,392,223,169
E00136035,264,145,119
E00136038,368,202,166
E00136040,243,126,117
E00136036,335,181,154
E00136042,257,132,125
E00136043,287,138,149
E00136044,274,136,138
E00136046,310,174,136
E00136034,280,128,152
E00136037,314,170,144
E00136039,206,114,92
E00136041,244,131,113
E00136045,273,146,127
E00136052,422,211,211
E00136054,299,145,154
E00136056,353,186,167
E00136058,350,173,177
E00136051,333,166,167
E00136055,304,159,145
E00136057,509,275,234
E00184672,381,188,193
E00184674,288,152,136
E00184695,109,54,55
E00136047,352,178,174
E00136048,267,133,134
E00136049,345,190,155
E00136053,259,125,134
E00136059,305,155,150
E00136274,316,138,178
E00136276,393,202,191
E00136279,262,132,130
E00136280,247,99,148
E00136282,276,130,146
E00173832,367,186,181
E00173833,434,215,219
E00173834,385,184,201
E00136281,377,203,174
E00136283,264,134,130
E00136285,288,150,138
E00136286,329,154,175
E00136287,295,150,145
E00136266,348,167,181
E00136267,293,151,142
E00136277,353,185,168
E00136278,225,112,113
E00136284,346,182,164
E00136264,409,195,214
E00136268,239,111,128
E00136269,339,166,173
E00136289,293,149,144
E00136293,391,191,200
E00136295,466,226,240
E00136265,366,189,177
E00136271,337,175,162
E00136273,296,143,153
E00136288,296,149,147
E00136292,278,136,142
E00136270,212,114,98
E00136272,289,133,156
E00136290,324,151,173
E00136291,264,127,137
E00136294,284,146,138
E00136296,299,147,152
E00136437,337,169,168
E00136439,286,150,136
E00136441,320,170,150
E00136443,407,215,192
E00136446,342,178,164
E00136440,373,182,191
E00136442,253,124,129
E00136444,337,162,175
E00136445,358,189,169
E00173847,282,154,128
E00173848,304,146,158
E00173849,265,125,140
E00136438,228,125,103
E00136447,286,138,148
E00136449,241,114,127
E00136450,326,161,165
E00136467,288,159,129
E00136451,265,132,133
E00136452,245,118,127
E00136453,257,138,119
E00136454,251,104,147
E00136455,301,142,159
E00136457,370,178,192
E00136458,364,192,172
E00136460,375,184,191
E00136461,380,180,200
E00136436,309,135,174
E00136456,350,171,179
E00136459,296,165,131
E00136463,273,114,159
E00136464,337,180,157
E00136435,256,115,141
E00136462,323,177,146
E00136465,375,190,185
E00136466,266,138,128
E00136468,374,193,181
E00136504,210,102,108
E00136506,218,96,122
E00136507,236,116,120
E00136534,280,143,137
E00136536,250,129,121
E00136537,239,116,123
E00136511,345,172,173
E00136512,270,145,125
E00136513,267,142,125
E00136514,351,169,182
E00136518,198,89,109
E00136521,320,152,168
E00136508,308,160,148
E00136509,323,169,154
E00136510,201,100,101
E00136515,315,161,154
E00136516,230,120,110
E00136517,253,127,126
E00136519,280,131,149
E00136502,360,181,179
E00136503,248,125,123
E00136520,294,143,151
E00136524,286,160,126
E00136528,233,118,115
E00136530,445,199,246
E00136522,338,169,169
E00136523,269,126,143
E00136526,285,156,129
E00136527,248,126,122
E00136529,223,116,107
E00136533,216,105,111
E00136501,273,150,123
E00136505,278,141,137
E00136525,258,123,135
E00136531,306,147,159
E00136532,294,137,157
E00136535,406,208,198
E00136311,314,166,148
E00136313,264,132,132
E00136314,316,167,149
E00136316,295,167,128
E00136317,368,200,168
E00136315,329,178,151
E00136319,272,146,126
E00136321,298,138,160
E00136325,249,133,116
E00136327,384,186,198
E00136304,294,157,137
E00136305,294,146,148
E00136307,300,154,146
E00136309,355,191,164
E00136312,289,147,142
E00136320,307,147,160
E00136322,203,110,93
E00136323,292,143,149
E00187940,625,55,570
E00187969,142,73,69
E00136298,437,210,227
E00136299,302,159,143
E00136324,306,158,148
E00136328,289,146,143
E00136300,214,97,117
E00136301,396,193,203
E00136326,413,210,203
E00136329,279,124,155
E00136297,256,138,118
E00136302,247,119,128
E00136303,253,117,136
E00136306,239,117,122
E00136308,284,160,124
E00136310,226,119,107
E00136235,348,187,161
E00136247,297,164,133
E00136248,295,117,178
E00136249,291,150,141
E00136260,288,145,143
E00136238,290,154,136
E00136246,288,148,140
E00136250,291,163,128
E00136252,241,134,107
E00136262,283,156,127
E00136239,415,200,215
E00136253,379,187,192
E00136254,333,177,156
E00136257,393,201,192
E00136259,356,179,177
E00136233,378,209,169
E00136234,435,213,222
E00136255,282,133,149
E00136258,602,305,297
E00136261,345,185,160
E00136240,464,256,208
E00136241,410,203,207
E00136243,402,212,190
E00136245,457,252,205
E00136263,332,178,154
E00173835,355,188,167
E00173840,339,173,166
E00173841,310,162,148
E00173844,382,200,182
E00173845,385,161,224
E00173846,287,140,147
E00136242,377,189,188
E00136244,335,162,173
E00136251,259,131,128
E00136256,260,130,130
E00187874,538,291,247
E00187921,143,74,69
E00187945,165,107,58
E00136636,241,110,131
E00136638,355,164,191
E00136639,435,213,222
E00136661,240,120,120
E00173837,338,199,139
E00173838,369,197,172
E00136637,311,159,152
E00136649,379,183,196
E00136650,300,151,149
E00136651,244,127,117
E00136659,320,163,157
E00136641,493,259,234
E00136643,221,117,104
E00136644,615,324,291
E00136645,311,157,154
E00136666,404,198,206
E00136640,222,103,119
E00136654,354,186,168
E00136660,315,162,153
E00136663,237,110,127
E00136664,255,126,129
E00136667,299,143,156
E00136634,532,264,268
E00136658,373,203,170
E00136662,438,222,216
E00136665,337,170,167
E00136642,439,229,210
E00136646,439,227,212
E00136647,455,236,219
E00136648,452,240,212
E00136652,302,144,158
E00136653,292,144,148
E00136655,284,138,146
E00136656,320,168,152
E00136657,343,174,169
E00136494,369,192,177
E00136496,296,152,144
E00136497,278,138,140
E00136498,217,117,100
E00136499,350,168,182
E00136469,336,164,172
E00136491,306,159,147
E00136492,279,149,130
E00136493,260,133,127
E00136495,322,175,147
E00136485,323,162,161
E00136486,275,134,141
E00136487,178,104,74
E00136488,291,156,135
E00136489,128,64,64
E00136490,275,138,137
E00136470,309,152,157
E00136475,336,164,172
E00136477,291,147,144
E00136478,286,153,133
E00136479,312,154,158
E00136471,339,188,151
E00136473,308,148,160
E00136474,299,154,145
E00136476,316,162,154
E00136500,289,149,140
E00136472,261,142,119
E00136480,295,153,142
E00136481,257,142,115
E00136482,276,159,117
E00136483,232,121,111
E00136484,294,159,135
E00136613,253,140,113
E00136617,223,122,101
E00136626,207,106,101
E00136629,350,194,156
E00136632,346,196,150
E00136633,264,144,120
E00136614,439,237,202
E00136616,260,134,126
E00136625,577,321,256
E00136630,354,214,140
E00136612,313,169,144
E00136615,236,127,109
E00136624,396,217,179
E00173839,2966,1557,1409
E00173842,575,332,243
E00136618,445,218,227
E00136619,413,212,201
E00136620,395,202,193
E00136622,500,254,246
E00136621,356,186,170
E00136623,373,195,178
E00136627,366,190,176
E00136631,260,145,115
E00136574,278,144,134
E00136588,242,121,121
E00136591,347,197,150
E00136592,259,141,118
E00136593,197,111,86
E00136576,253,127,126
E00136579,286,145,141
E00136584,264,134,130
E00136585,247,111,136
E00136589,280,157,123
E00136590,368,196,172
E00136611,248,124,124
E00136577,225,116,109
E00136580,233,118,115
E00136582,246,139,107
E00136586,335,182,153
E00136606,369,189,180
E00136609,301,159,142
E00136600,279,157,122
E00136602,267,137,130
E00136603,181,94,87
E00136604,253,130,123
E00136605,278,153,125
E00136607,228,133,95
E00136610,298,154,144
E00136575,238,122,116
E00136578,247,134,113
E00136581,211,116,95
E00136583,279,152,127
E00136587,269,161,108
E00136608,298,175,123
E00173829,265,147,118
E00173830,183,98,85
E00173831,343,165,178
E00173843,354,157,197
E00136594,162,70,92
E00136595,261,120,141
E00136596,230,112,118
E00136597,269,141,128
E00136598,309,162,147
E00136599,253,113,140
E00136332,356,182,174
E00136333,257,135,122
E00136335,305,170,135
E00136338,308,156,152
E00136347,395,230,165
E00136336,270,149,121
E00136340,296,162,134
E00136342,244,135,109
E00136346,226,108,118
E00136348,277,143,134
E00136357,257,135,122
E00136339,337,178,159
E00136345,459,223,236
E00136349,261,129,132
E00136351,288,156,132
E00136352,269,132,137
E00136341,315,167,148
E00136343,277,144,133
E00136344,289,154,135
E00136350,231,118,113
E00136353,304,159,145
E00136330,331,175,156
E00136334,278,149,129
E00136354,355,204,151
E00136359,394,228,166
E00136360,292,143,149
E00136331,260,140,120
E00136337,317,176,141
E00136355,324,171,153
E00136356,289,154,135
E00136358,315,166,149
E00136372,293,135,158
E00136373,213,104,109
E00136374,254,162,92
E00136376,227,106,121
E00136377,280,145,135
E00136378,335,164,171
E00136383,277,140,137
E00136362,254,120,134
E00136375,251,121,130
E00136379,324,159,165
E00136381,274,136,138
E00136387,393,201,192
E00136364,332,174,158
E00136366,348,173,175
E00136382,302,162,140
E00136388,296,166,130
E00136391,311,154,157
E00136380,221,114,107
E00136384,283,151,132
E00136385,326,178,148
E00136386,297,138,159
E00136390,361,180,181
E00136363,326,169,157
E00136367,302,162,140
E00136389,308,154,154
E00136392,348,192,156
E00136393,299,157,142
E00136394,299,159,140
E00136361,304,172,132
E00136365,268,133,135
E00136368,256,146,110
E00136369,171,94,77
E00136370,253,130,123
E00136371,380,189,191
E00136547,156,100,56
E00136548,373,141,232
E00136550,164,85,79
E00136566,285,145,140
E00187884,323,160,163
E00187967,155,84,71
E00187971,127,66,61
E00188007,336,155,181
E00136554,314,133,181
E00173856,240,99,141
E00187858,294,156,138
E00187859,236,116,120
E00187860,261,118,143
E00187868,216,86,130
E00173853,191,95,96
E00173860,198,98,100
E00173861,204,92,112
E00187869,288,134,154
E00187872,169,82,87
E00187873,350,150,200
E00136553,285,134,151
E00187966,259,120,139
E00187974,217,94,123
E00187979,147,54,93
E00187989,103,31,72
E00136542,259,121,138
E00187916,189,85,104
E00187917,225,109,116
E00187935,101,49,52
E00187936,300,125,175
E00187994,145,73,72
E00136544,270,145,125
E00136545,243,125,118
E00136561,198,101,97
E00136562,222,105,117
E00136563,136,63,73
E00136564,314,151,163
E00136565,276,124,152
E00136567,207,94,113
E00136540,227,110,117
E00136541,308,130,178
E00136555,276,137,139
E00136556,265,133,132
E00136558,135,59,76
E00136559,287,131,156
E00136560,283,122,161
E00136538,325,158,167
E00136539,247,118,129
E00136568,243,122,121
E00136569,313,151,162
E00136570,253,119,134
E00136571,177,97,80
E00136573,364,171,193
E00136399,231,119,112
E00136418,268,140,128
E00136422,381,185,196
E00136425,182,91,91
E00136426,196,90,106
E00136428,349,182,167
E00136429,169,74,95
E00136397,198,98,100
E00136401,427,202,225
E00136402,350,165,185
E00136414,248,136,112
E00136419,207,105,102
E00136398,147,92,55
E00136405,325,150,175
E00136406,256,126,130
E00136407,213,108,105
E00136408,236,123,113
E00136409,254,125,129
E00136410,205,94,111
E00136403,184,93,91
E00136404,216,102,114
E00136411,239,122,117
E00136415,266,125,141
E00136416,257,130,127
E00136417,287,154,133
E00136420,169,97,72
E00136395,362,174,188
E00136412,346,166,180
E00136413,392,198,194
E00136423,387,148,239
E00136424,291,135,156
E00173827,380,167,213
E00136430,227,112,115
E00136431,507,224,283
E00136432,307,165,142
E00173828,1085,657,428
E00187895,139,73,66
E00187958,517,253,264
E00136400,364,167,197
E00136427,274,149,125
E00187991,127,68,59
E00187999,377,182,195
E00136725,344,177,167
E00136732,262,128,134
E00136733,225,108,117
E00187910,439,229,210
E00187938,181,101,80
E00187950,389,205,184
E00136723,264,133,131
E00136729,215,114,101
E00136734,279,141,138
E00136735,480,250,230
E00136736,291,155,136
E00187923,396,205,191
E00187946,270,137,133
E00136799,280,135,145
E00136800,292,154,138
E00136801,519,258,261
E00136802,345,177,168
E00136797,316,155,161
E00136798,199,102,97
E00136803,147,73,74
E00136804,380,197,183
E00136805,113,60,53
E00174639,312,164,148
E00174645,404,211,193
E00187937,614,320,294
E00187954,396,217,179
E00187978,160,96,64
E00136724,326,183,143
E00136727,327,172,155
E00136728,299,157,142
E00136731,494,246,248
E00136851,260,134,126
E00136861,170,96,74
E00136863,265,143,122
E00136866,116,57,59
E00136867,209,117,92
E00136860,257,140,117
E00136862,313,162,151
E00136865,296,145,151
E00136868,283,131,152
E00187893,274,135,139
E00187929,349,186,163
E00136854,303,165,138
E00136856,330,176,154
E00136859,356,195,161
E00136864,316,153,163
E00136869,603,332,271
E00136850,484,257,227
E00136852,249,121,128
E00136853,264,136,128
E00136855,264,133,131
E00187890,138,71,67
E00187939,620,314,306
E00187948,302,161,141
E00187984,182,87,95
E00136872,374,202,172
E00136873,325,171,154
E00136877,290,163,127
E00136878,239,116,123
E00136879,236,132,104
E00136870,293,134,159
E00136871,249,130,119
E00136874,239,127,112
E00136875,425,225,200
E00136876,415,215,200
E00137062,307,158,149
E00137063,359,184,175
E00137064,151,69,82
E00137066,433,243,190
E00137068,173,89,84
E00137067,264,135,129
E00137069,571,296,275
E00174646,272,140,132
E00187889,115,65,50
E00187963,678,328,350
E00136672,292,137,155
E00136673,292,150,142
E00136674,198,111,87
E00136675,282,134,148
E00136676,262,143,119
E00136677,210,113,97
E00136668,286,140,146
E00136669,227,114,113
E00136670,260,137,123
E00136671,233,122,111
E00136678,208,110,98
E00136930,205,97,108
E00136933,198,105,93
E00136937,131,58,73
E00136938,241,129,112
E00136939,264,132,132
E00136940,236,130,106
E00136931,293,146,147
E00136932,277,153,124
E00136934,200,112,88
E00136935,312,170,142
E00136936,355,186,169
E00136698,208,113,95
E00136700,320,171,149
E00136702,334,169,165
E00136703,244,114,130
E00136697,471,250,221
E00136699,332,170,162
E00136701,196,105,91
E00136704,147,74,73
E00136705,385,198,187
E00136958,363,188,175
E00136963,283,142,141
E00136964,291,142,149
E00136972,255,134,121
E00174647,279,151,128
E00174648,308,135,173
E00136962,442,232,210
E00136965,293,153,140
E00136967,464,236,228
E00187886,446,219,227
E00187892,256,141,115
E00137010,170,83,87
E00137011,507,278,229
E00137012,348,172,176
E00137014,390,202,188
E00137015,337,173,164
E00137008,191,98,93
E00137009,138,57,81
E00137013,339,182,157
E00137016,461,246,215
E00137017,422,223,199
E00136959,592,312,280
E00136960,154,71,83
E00136961,168,88,80
E00187962,303,159,144
E00187996,158,81,77
E00136969,580,299,281
E00187964,289,158,131
E00187986,301,162,139
E00188003,540,278,262
E00136737,367,204,163
E00136739,226,129,97
E00136741,324,168,156
E00187882,306,168,138
E00187903,321,162,159
E00187915,479,264,215
E00187975,388,190,198
E00188017,101,50,51
E00136740,551,280,271
E00136742,377,174,203
E00136743,414,211,203
E00136744,262,136,126
E00187880,390,195,195
E00187932,202,104,98
E00187956,589,304,285
E00187983,272,139,133
E00187905,294,145,149
E00187928,399,217,182
E00187955,166,96,70
E00187990,167,83,84
E00188009,478,238,240
E00136996,251,125,126
E00136997,279,142,137
E00136998,293,152,141
E00136999,211,112,99
E00136993,386,197,189
E00136995,270,138,132
E00174629,452,226,226
E00174641,349,185,164
E00137053,255,142,113
E00137054,500,263,237
E00137055,396,190,206
E00137057,305,153,152
E00137058,252,138,114
E00137059,261,133,128
E00137060,231,129,102
E00137061,391,209,182
E00174636,354,189,165
E00174642,316,159,157
E00136716,400,198,202
E00136717,357,178,179
E00136719,490,235,255
E00136714,284,148,136
E00136715,295,162,133
E00136718,298,159,139
E00136720,268,145,123
E00136721,297,149,148
E00136881,282,146,136
E00136884,340,177,163
E00136887,259,133,126
E00188001,267,148,119
E00188012,327,173,154
E00136880,257,122,135
E00136882,343,168,175
E00136883,154,73,81
E00136886,430,223,207
E00136888,258,134,124
E00136889,256,130,126
E00136973,309,154,155
E00136974,223,111,112
E00136975,152,75,77
E00136976,323,166,157
E00136977,194,100,94
E00136984,188,89,99
E00136978,137,71,66
E00136979,425,221,204
E00136980,284,134,150
E00136981,352,171,181
E00136982,220,95,125
E00136983,174,86,88
E00136890,477,242,235
E00136894,485,235,250
E00136897,324,149,175
E00136900,369,207,162
E00136891,341,174,167
E00136892,180,95,85
E00136902,308,170,138
E00136903,332,176,156
E00187959,455,227,228
E00187998,338,174,164
E00136893,310,157,153
E00136895,308,157,151
E00136899,285,143,142
E00136901,213,107,106
E00174628,280,145,135
E00174634,435,210,225
E00174635,217,109,108
E00136924,282,149,133
E00136925,502,281,221
E00136926,318,164,154
E00136927,392,195,197
E00136922,298,148,150
E00136923,316,162,154
E00136928,304,148,156
E00136929,278,144,134
E00137035,396,196,200
E00137036,307,152,155
E00137037,296,147,149
E00137038,242,126,116
E00137039,283,149,134
E00137040,272,131,141
E00137041,251,125,126
E00137042,297,150,147
E00136814,185,91,94
E00136815,176,92,84
E00136816,407,202,205
E00136817,383,199,184
E00136818,314,149,165
E00136813,241,120,121
E00136819,270,141,129
E00136820,255,127,128
E00136821,245,135,110
E00136822,254,130,124
E00136823,195,101,94
E00136824,150,84,66
E00137043,124,65,59
E00137044,282,138,144
E00137045,290,147,143
E00137046,350,169,181
E00137051,340,172,168
E00137052,125,59,66
E00137047,109,51,58
E00137048,308,142,166
E00137049,362,177,185
E00137050,475,240,235
E00136706,445,218,227
E00136708,272,136,136
E00136711,334,175,159
E00136713,513,276,237
E00136707,261,126,135
E00136709,467,246,221
E00136710,227,118,109
E00136712,276,137,139
E00136806,303,158,145
E00136808,130,71,59
E00136810,400,205,195
E00136811,391,184,207
E00136812,430,224,206
E00187878,363,183,180
E00187944,126,72,54
E00187981,421,201,220
E00188000,234,117,117
E00137018,335,176,159
E00137019,319,160,159
E00137025,333,173,160
E00137027,514,259,255
E00188006,385,194,191
E00188015,246,133,113
E00137020,337,169,168
E00137023,368,184,184
E00137024,188,93,95
E00137030,284,137,147
E00137033,207,109,98
E00137034,343,177,166
E00137021,260,139,121
E00137022,260,123,137
E00137026,263,135,128
E00137029,347,174,173
E00137031,210,110,100
E00187933,186,107,79
E00187968,571,285,286
E00136782,259,134,125
E00136783,304,154,150
E00136785,175,86,89
E00136787,295,147,148
E00136788,237,121,116
E00136780,137,70,67
E00136781,349,174,175
E00136784,513,259,254
E00136786,277,136,141
E00136789,409,199,210
E00136790,358,182,176
E00136791,337,184,153
E00136792,287,157,130
E00136793,311,164,147
E00136794,284,153,131
E00136795,274,140,134
E00136796,285,149,136
E00136843,291,148,143
E00136844,293,153,140
E00136846,319,149,170
E00136847,257,131,126
E00136841,201,104,97
E00136842,316,161,155
E00136845,338,176,162
E00136848,286,143,143
E00136849,227,122,105
E00136679,281,142,139
E00136680,244,132,112
E00136681,239,114,125
E00136682,297,151,146
E00136683,279,141,138
E00136684,307,152,155
E00136685,111,54,57
E00136686,209,106,103
E00136687,328,168,160
E00136825,260,133,127
E00136830,345,175,170
E00136831,440,224,216
E00136832,237,118,119
E00136833,213,110,103
E00136826,314,165,149
E00136834,178,80,98
E00136836,250,130,120
E00136837,281,150,131
E00136838,285,150,135
E00136827,329,180,149
E00136829,339,170,169
E00136835,295,148,147
E00136839,379,195,184
E00136840,377,187,190
E00187883,211,103,108
E00187897,393,208,185
E00187926,127,64,63
E00136688,258,131,127
E00136689,295,152,143
E00136690,319,157,162
E00136695,364,180,184
E00136691,249,126,123
E00136692,333,174,159
E00136693,212,107,105
E00136694,257,120,137
E00136696,493,251,242
E00136750,378,189,189
E00136751,380,194,186
E00136752,268,135,133
E00136753,297,158,139
E00136745,301,162,139
E00136746,309,153,156
E00136747,270,133,137
E00136748,434,225,209
E00136749,286,152,134
E00137003,260,124,136
E00137005,256,132,124
E00137006,277,141,136
E00137007,244,116,128
E00137000,493,251,242
E00137001,206,103,103
E00137002,313,153,160
E00137004,337,172,165
E00136757,341,168,173
E00136766,303,151,152
E00136767,310,163,147
E00136769,203,118,85
E00136772,275,151,124
E00136773,216,112,104
E00136760,254,128,126
E00136761,242,128,114
E00136762,238,116,122
E00136763,197,110,87
E00136764,240,123,117
E00136771,372,192,180
E00136758,294,148,146
E00136768,220,111,109
E00136770,299,146,153
E00136774,307,162,145
E00136775,288,139,149
E00136776,331,171,160
E00136985,257,134,123
E00136986,320,164,156
E00136989,207,107,100
E00136990,299,153,146
E00136987,359,176,183
E00136988,345,173,172
E00136991,389,210,179
E00136992,239,113,126
E00136765,559,304,255
E00136778,232,115,117
E00174638,306,154,152
E00174644,398,200,198
E00187876,350,178,172
E00187988,293,149,144
E00136754,312,159,153
E00136777,305,156,149
E00136779,282,138,144
E00188002,323,165,158
E00188010,216,110,106
E00136941,283,140,143
E00136942,269,147,122
E00136945,269,139,130
E00136952,475,230,245
E00136957,330,171,159
E00136943,310,155,155
E00136953,377,192,185
E00136954,273,137,136
E00136955,228,125,103
E00136956,334,173,161
E00187961,116,59,57
E00187965,598,299,299
E00187970,457,238,219
E00174631,370,179,191
E00187887,382,194,188
E00187894,321,161,160
E00187987,348,184,164
E00174627,443,229,214
E00174637,504,267,237
E00187909,132,68,64
E00187942,437,209,228
E00174622,471,232,239
E00187906,420,208,212
E00187908,409,212,197
E00188008,188,95,93
E00136906,327,158,169
E00136913,269,138,131
E00136914,323,165,158
E00136916,285,146,139
E00136919,272,144,128
E00136920,290,138,152
E00136921,267,136,131
E00136909,290,155,135
E00136911,293,147,146
E00136915,230,136,94
E00136917,296,151,145
E00136918,289,144,145
E00136904,287,148,139
E00136905,289,138,151
E00136907,263,125,138
E00136908,234,120,114
E00136910,289,146,143
E00136912,276,139,137
E00136946,192,102,90
E00136947,280,162,118
E00136949,198,90,108
E00136950,304,142,162
E00136951,226,109,117
E00174624,341,179,162
E00174632,387,200,187
E00174633,542,287,255
E00152238,320,164,156
E00152239,290,144,146
E00152240,486,251,235
E00152241,321,151,170
E00152242,346,176,170
E00152243,439,213,226
E00152354,362,189,173
E00152355,244,133,111
E00152356,259,130,129
E00152357,338,166,172
E00152358,215,113,102
E00152359,226,122,104
E00152360,281,155,126
E00152409,173,93,80
E00152410,211,107,104
E00152411,284,139,145
E00152412,342,167,175
E00152413,313,164,149
E00152414,289,160,129
E00152415,213,121,92
E00152416,195,94,101
E00152417,289,146,143
E00152265,194,98,96
E00152266,471,238,233
E00152267,329,171,158
E00152268,318,162,156
E00152269,344,196,148
E00152270,450,235,215
E00152283,282,142,140
E00152284,334,162,172
E00152285,465,244,221
E00152288,353,176,177
E00152289,272,132,140
E00152286,353,178,175
E00152287,350,182,168
E00152290,299,140,159
E00152291,388,194,194
E00152292,307,150,157
E00152293,290,143,147
E00152294,362,182,180
E00152367,286,144,142
E00152373,433,222,211
E00152376,326,170,156
E00152377,316,160,156
E00152378,219,116,103
E00152379,209,112,97
E00152368,498,246,252
E00152369,269,136,133
E00152370,258,136,122
E00152371,250,120,130
E00152372,149,68,81
E00152374,283,147,136
E00152375,334,178,156
E00152380,354,186,168
E00152460,424,214,210
E00152461,287,162,125
E00152464,286,134,152
E00152465,295,147,148
E00169915,302,158,144
E00169916,225,116,109
E00169917,182,105,77
E00152321,312,166,146
E00152322,269,149,120
E00152323,249,134,115
E00152325,252,134,118
E00152331,321,156,165
E00152332,227,123,104
E00152333,349,182,167
E00152335,251,137,114
E00152337,293,141,152
E00152338,254,138,116
E00152340,323,161,162
E00152336,272,144,128
E00152339,299,153,146
E00152341,330,169,161
E00152345,278,144,134
E00152334,310,174,136
E00152342,283,149,134
E00152343,283,148,135
E00152344,229,130,99
E00152346,190,113,77
E00152432,182,92,90
E00152433,184,97,87
E00152434,381,199,182
E00152435,255,141,114
E00152436,321,163,158
E00152437,413,217,196
E00152438,136,64,72
E00152439,390,197,193
E00152324,114,54,60
E00169911,431,213,218
E00169912,405,208,197
E00183399,529,276,253
E00183418,270,137,133
E00152327,318,171,147
E00152328,242,119,123
E00152330,254,137,117
E00169919,241,131,110
E00169922,261,145,116
E00169925,116,61,55
E00152245,220,109,111
E00152246,171,77,94
E00152247,379,194,185
E00152248,314,149,165
E00152255,289,135,154
E00152250,405,207,198
E00152251,309,162,147
E00152252,251,138,113
E00152253,243,116,127
E00152244,254,130,124
E00152249,269,137,132
E00152254,322,162,160
E00152256,288,144,144
E00152257,261,131,130
E00152258,292,142,150
E00152419,250,114,136
E00152430,279,143,136
E00152431,301,154,147
E00169920,276,136,140
E00169923,253,128,125
E00169924,248,128,120
E00152420,349,165,184
E00152423,228,123,105
E00152424,213,114,99
E00152425,295,147,148
E00152426,212,108,104
E00152428,263,135,128
E00152421,262,144,118
E00152422,297,150,147
E00152427,319,169,150
E00152429,319,165,154
E00152259,442,228,214
E00152260,247,119,128
E00152261,325,167,158
E00152262,311,150,161
E00152263,301,163,138
E00152264,248,121,127
E00152489,348,177,171
E00152490,271,135,136
E00152492,297,156,141
E00152494,318,162,156
E00152486,184,95,89
E00152488,235,120,115
E00152491,306,145,161
E00152493,489,261,228
E00152495,364,190,174
E00152482,280,149,131
E00152483,269,131,138
E00152484,274,134,140
E00152485,300,154,146
E00152487,308,160,148
E00152440,581,287,294
E00152448,334,177,157
E00152449,453,242,211
E00152452,285,149,136
E00152453,236,123,113
E00152441,313,166,147
E00152442,272,154,118
E00152450,247,126,121
E00152451,246,138,108
E00152443,493,258,235
E00152444,252,123,129
E00152445,235,116,119
E00152446,283,155,128
E00152447,318,148,170
E00152454,287,144,143
E00152455,312,160,152
E00152456,266,134,132
E00152457,338,202,136
E00152458,407,207,200
E00152462,313,166,147
E00152463,306,157,149
E00152466,318,170,148
E00152468,334,181,153
E00152469,325,168,157
E00152470,321,157,164
E00152474,140,50,90
E00152473,244,126,118
E00152475,448,226,222
E00152477,291,159,132
E00152479,253,120,133
E00152480,329,174,155
E00152467,328,169,159
E00152471,364,176,188
E00152472,268,147,121
E00152476,273,152,121
E00152478,362,215,147
E00152481,243,136,107
E00152296,298,148,150
E00152302,383,216,167
E00152306,322,170,152
E00152307,317,176,141
E00152295,260,137,123
E00152297,353,183,170
E00152298,261,143,118
E00152299,282,136,146
E00169908,321,163,158
E00169909,542,281,261
E00152301,335,176,159
E00152303,329,178,151
E00152304,296,157,139
E00152305,344,178,166
E00152316,286,157,129
E00152317,313,177,136
E00152318,425,220,205
E00152319,353,183,170
E00152310,352,181,171
E00152311,254,128,126
E00152320,322,165,157
E00183348,390,188,202
E00183410,421,208,213
E00152312,277,149,128
E00152313,285,147,138
E00152314,321,158,163
E00152315,220,121,99
E00169910,519,284,235
E00169913,231,114,117
E00169914,333,168,165
E00152230,406,213,193
E00152231,427,219,208
E00152232,327,167,160
E00152233,243,114,129
E00152234,375,197,178
E00152235,299,140,159
E00152236,188,89,99
E00152237,118,55,63
E00152361,514,256,258
E00152362,213,113,100
E00152363,261,136,125
E00152364,276,139,137
E00152365,298,149,149
E00152366,231,122,109
E00152381,180,84,96
E00152382,263,136,127
E00152383,318,153,165
E00152384,270,139,131
E00152385,285,151,134
E00152386,306,156,150
E00152387,272,131,141
E00152388,270,129,141
E00152403,369,195,174
E00152404,337,182,155
E00152405,203,97,106
E00152406,258,136,122
E00152407,275,142,133
E00152408,414,224,190
E00152203,327,170,157
E00152204,255,140,115
E00152205,319,167,152
E00152206,253,126,127
E00152200,275,137,138
E00152201,403,202,201
E00152202,252,128,124
E00152207,210,109,101
E00152208,313,156,157
E00152276,278,150,128
E00152277,291,152,139
E00152279,367,196,171
E00152280,290,150,140
E00152281,295,149,146
E00152271,282,132,150
E00152272,269,141,128
E00152273,278,138,140
E00152274,373,192,181
E00152275,292,140,152
E00152278,316,162,154
E00152282,221,112,109
E00152389,371,193,178
E00152391,306,153,153
E00152392,359,185,174
E00152394,116,49,67
E00152396,335,176,159
E00152390,499,255,244
E00152393,345,174,171
E00152395,280,143,137
E00152397,286,152,134
E00152398,210,123,87
E00152399,236,121,115
E00152400,406,204,202
E00152401,348,184,164
E00152402,185,98,87
E00152209,291,167,124
E00152210,236,129,107
E00152211,291,155,136
E00152212,266,133,133
E00152213,259,127,132
E00152214,123,58,65
E00152215,103,55,48
E00152216,235,130,105
E00152217,214,106,108
E00152218,233,125,108
E00152219,240,119,121
E00152220,123,57,66
E00152221,323,165,158
E00152225,291,148,143
E00152229,265,134,131
E00152222,270,148,122
E00152223,283,156,127
E00152224,288,142,146
E00152226,227,111,116
E00152227,302,160,142
E00152228,273,132,141
E00152347,314,154,160
E00152349,394,207,187
E00152350,214,114,100
E00152351,405,201,204
E00152352,310,172,138
E00152353,264,138,126
E00183319,551,281,270
E00153069,417,212,205
E00153071,266,139,127
E00153074,403,199,204
E00153076,432,214,218
E00153068,283,140,143
E00153073,313,161,152
E00153075,331,173,158
E00153077,270,137,133
E00153078,310,163,147
E00153060,259,140,119
E00153063,267,138,129
E00153080,302,161,141
E00153081,274,141,133
E00153084,338,180,158
E00153062,437,242,195
E00153067,359,182,177
E00153079,372,194,178
E00153082,366,182,184
E00153083,378,201,177
E00153061,295,154,141
E00153064,390,196,194
E00153065,362,187,175
E00153066,264,133,131
E00153070,193,96,97
E00153072,411,204,207
E00152763,277,142,135
E00152764,292,150,142
E00152771,315,159,156
E00152776,297,151,146
E00152778,291,140,151
E00152779,274,134,140
E00152780,333,155,178
E00152781,321,165,156
E00152782,389,209,180
E00152783,242,129,113
E00152761,400,205,195
E00152762,310,150,160
E00152765,294,154,140
E00152784,302,156,146
E00152766,290,154,136
E00152767,286,151,135
E00152769,303,144,159
E00152773,345,182,163
E00152775,339,165,174
E00152768,297,154,143
E00152770,300,156,144
E00152772,306,149,157
E00152774,333,151,182
E00152777,299,154,145
E00153039,218,107,111
E00153040,266,122,144
E00153041,256,136,120
E00153044,474,235,239
E00153045,274,122,152
E00183347,294,136,158
E00183385,295,148,147
E00153038,306,164,142
E00153043,364,188,176
E00153055,473,240,233
E00153058,280,137,143
E00153059,280,137,143
E00153036,356,170,186
E00153053,421,216,205
E00153054,262,135,127
E00153056,302,160,142
E00153057,303,168,135
E00153033,356,174,182
E00153034,296,153,143
E00153037,317,163,154
E00153042,331,169,162
E00170853,420,214,206
E00170854,201,93,108
E00170886,268,128,140
E00153048,374,183,191
E00153049,312,155,157
E00153050,188,98,90
E00153051,309,159,150
E00170838,304,154,150
E00152886,354,178,176
E00152888,181,100,81
E00152889,346,175,171
E00152890,342,165,177
E00152895,344,167,177
E00152878,268,143,125
E00152879,303,144,159
E00152882,324,163,161
E00152883,359,170,189
E00152885,354,191,163
E00152887,272,139,133
E00152877,354,176,178
E00152891,329,174,155
E00152893,320,165,155
E00152894,312,168,144
E00152898,307,154,153
E00152892,350,183,167
E00152896,353,182,171
E00152897,310,148,162
E00152899,283,153,130
E00152900,330,179,151
E00152880,364,185,179
E00152881,351,189,162
E00152884,566,293,273
E00152901,184,103,81
E00152902,321,160,161
E00152937,360,172,188
E00152940,309,163,146
E00152943,263,119,144
E00152944,330,184,146
E00183352,183,98,85
E00183368,378,174,204
E00183400,269,137,132
E00152930,366,198,168
E00152931,281,152,129
E00152932,347,174,173
E00152939,351,168,183
E00152929,196,111,85
E00152935,342,174,168
E00152936,273,139,134
E00152941,346,172,174
E00152942,254,120,134
E00152945,272,139,133
E00152946,304,153,151
E00152947,421,214,207
E00152948,270,138,132
E00152949,240,128,112
E00152950,287,143,144
E00152951,178,81,97
E00152933,422,208,214
E00152934,322,169,153
E00152952,363,176,187
E00152953,284,146,138
E00152954,174,98,76
E00153016,259,114,145
E00153017,297,139,158
E00153019,278,145,133
E00153020,322,144,178
E00153022,403,202,201
E00170855,316,159,157
E00170856,311,163,148
E00153010,437,210,227
E00153011,344,163,181
E00153021,321,170,151
E00153030,338,179,159
E00170857,347,189,158
E00170869,285,139,146
E00153006,334,153,181
E00153007,304,145,159
E00153023,218,95,123
E00153024,296,120,176
E00153025,282,133,149
E00153031,286,157,129
E00153032,294,135,159
E00153004,288,140,148
E00153005,283,136,147
E00153008,376,180,196
E00153009,371,173,198
E00153026,312,144,168
E00153027,295,132,163
E00153012,335,167,168
E00153013,353,181,172
E00153014,300,153,147
E00153015,309,171,138
E00183350,113,60,53
E00183351,589,307,282
E00152692,293,145,148
E00152697,272,140,132
E00152698,251,128,123
E00152702,304,160,144
E00152706,272,142,130
E00152694,570,297,273
E00152695,279,138,141
E00152696,239,126,113
E00152700,318,158,160
E00152703,193,91,102
E00152704,421,220,201
E00152690,343,163,180
E00152691,291,146,145
E00152693,318,157,161
E00152708,296,142,154
E00152710,277,147,130
E00152686,301,146,155
E00152688,303,150,153
E00152701,333,156,177
E00152705,336,159,177
E00152707,355,176,179
E00170844,159,46,113
E00170846,206,69,137
E00170848,170,73,97
E00183382,150,52,98
E00183395,181,88,93
E00183411,185,81,104
E00152685,343,149,194
E00170845,149,67,82
E00170849,181,87,94
E00170850,421,208,213
E00170870,311,153,158
E00152699,393,159,234
E00152709,381,168,213
E00170876,351,170,181
E00183325,339,163,176
E00183376,207,97,110
E00152903,196,89,107
E00152905,429,207,222
E00152906,369,175,194
E00152925,330,158,172
E00152926,326,159,167
E00152927,330,162,168
E00152904,361,185,176
E00152907,343,196,147
E00152911,349,191,158
E00152912,295,147,148
E00152928,424,211,213
E00152908,312,152,160
E00152909,320,164,156
E00152910,341,168,173
E00152914,282,141,141
E00152920,354,190,164
E00152922,452,246,206
E00152923,347,179,168
E00170878,295,147,148
E00170879,273,136,137
E00170880,305,162,143
E00183374,172,88,84
E00183380,142,70,72
E00183408,588,279,309
E00152913,174,90,84
E00152915,356,193,163
E00152916,344,165,179
E00152917,318,149,169
E00152918,315,152,163
E00152921,253,131,122
E00152713,314,159,155
E00152728,282,139,143
E00152729,333,171,162
E00152730,312,158,154
E00152735,377,188,189
E00152731,350,150,200
E00152732,355,178,177
E00152733,314,158,156
E00152734,374,192,182
E00152711,293,141,152
E00152712,284,140,144
E00152714,250,128,122
E00152715,308,163,145
E00152718,328,170,158
E00152719,278,137,141
E00152722,291,139,152
E00152723,383,204,179
E00152727,288,154,134
E00170877,407,164,243
E00152720,308,165,143
E00152721,232,123,109
E00152724,250,134,116
E00152725,273,150,123
E00152726,262,141,121
E00152812,348,182,166
E00152830,369,181,188
E00152831,276,146,130
E00152834,332,178,154
E00152835,333,157,176
E00152813,461,235,226
E00152815,342,149,193
E00152822,314,154,160
E00152833,276,135,141
E00170841,308,136,172
E00170842,205,108,97
E00170851,300,141,159
E00170852,305,146,159
E00152816,331,170,161
E00152817,417,210,207
E00152821,261,139,122
E00152823,204,99,105
E00152836,359,192,167
E00152818,292,145,147
E00152819,315,156,159
E00152820,329,179,150
E00152824,309,171,138
E00152837,308,161,147
E00152814,424,213,211
E00152826,252,127,125
E00152827,282,125,157
E00152828,319,139,180
E00152829,388,207,181
E00183329,240,109,131
E00183332,197,69,128
E00152844,277,133,144
E00152847,361,177,184
E00152848,309,160,149
E00152850,300,155,145
E00152851,296,142,154
E00152838,294,152,142
E00152839,291,137,154
E00152840,393,196,197
E00152841,302,150,152
E00152842,309,147,162
E00152853,365,189,176
E00152854,300,158,142
E00152855,300,154,146
E00152856,363,203,160
E00152843,351,166,185
E00152845,301,151,150
E00152849,349,177,172
E00152852,239,121,118
E00170843,246,127,119
E00170859,275,129,146
E00170858,308,153,155
E00170865,242,123,119
E00170872,257,117,140
E00170873,270,124,146
E00170874,601,344,257
E00170875,223,111,112
E00152744,281,139,142
E00152745,294,158,136
E00152746,339,171,168
E00152747,330,163,167
E00152748,337,164,173
E00152736,437,234,203
E00152752,483,268,215
E00152753,308,164,144
E00152760,315,158,157
E00152737,282,143,139
E00152749,368,195,173
E00152751,244,120,124
E00152755,276,141,135
E00170840,113,45,68
E00170884,238,112,126
E00170885,201,100,101
E00152754,329,171,158
E00152756,273,144,129
E00152757,269,134,135
E00152758,295,152,143
E00152759,380,202,178
E00170839,323,167,156
E00170871,331,180,151
E00170881,353,185,168
E00170882,228,118,110
E00183344,274,123,151
E00183358,234,118,116
E00183406,370,205,165
E00183415,196,100,96
E00152738,239,102,137
E00152739,323,150,173
E00152740,245,94,151
E00152741,330,153,177
E00152957,190,95,95
E00152959,208,107,101
E00152964,302,149,153
E00152965,220,109,111
E00152976,257,136,121
E00152956,329,175,154
E00152961,329,176,153
E00152973,243,118,125
E00152974,277,147,130
E00152975,351,185,166
E00152958,268,146,122
E00152960,329,176,153
E00152962,301,156,145
E00152977,286,147,139
E00152978,277,153,124
E00152955,386,198,188
E00152968,266,141,125
E00152971,311,157,154
E00152972,296,147,149
E00152963,281,135,146
E00152966,261,133,128
E00152967,266,143,123
E00152969,232,111,121
E00152970,315,158,157
E00152862,341,181,160
E00152865,330,168,162
E00152867,366,173,193
E00152869,317,166,151
E00152870,294,132,162
E00152857,284,148,136
E00152859,346,167,179
E00152873,360,186,174
E00152874,381,157,224
E00152875,313,152,161
E00152860,332,175,157
E00152861,381,196,185
E00152863,347,192,155
E00152864,343,181,162
E00152876,278,135,143
E00170860,332,184,148
E00170861,303,155,148
E00170862,336,170,166
E00170864,259,128,131
E00170866,455,238,217
E00170863,307,138,169
E00170867,319,166,153
E00170868,293,153,140
E00170883,252,129,123
E00152858,396,208,188
E00152866,587,298,289
E00152871,385,210,175
E00152872,416,218,198
E00152979,280,135,145
E00152982,271,143,128
E00152984,315,162,153
E00152997,235,117,118
E00153000,331,184,147
E00152993,309,164,145
E00152995,235,110,125
E00152996,312,164,148
E00152998,301,141,160
E00153001,392,216,176
E00152981,306,149,157
E00152983,197,106,91
E00152994,430,198,232
E00152999,287,148,139
E00153003,258,118,140
E00152980,304,165,139
E00152985,271,136,135
E00152986,267,138,129
E00152987,299,152,147
E00153002,244,126,118
E00152988,283,155,128
E00152989,247,124,123
E00152990,271,142,129
E00152991,253,132,121
E00152992,381,216,165
E00152799,285,131,154
E00152802,342,176,166
E00152803,325,163,162
E00152811,327,166,161
E00152786,389,210,179
E00152798,214,113,101
E00152804,366,172,194
E00152808,391,194,197
E00152810,272,143,129
E00152796,400,211,189
E00152805,351,178,173
E00152806,296,150,146
E00152807,217,117,100
E00152809,388,216,172
E00152790,307,164,143
E00152791,303,153,150
E00152793,279,141,138
E00152794,325,176,149
E00152787,344,182,162
E00152788,381,201,180
E00152789,379,192,187
E00152792,377,175,202
E00152785,324,164,160
E00152795,314,158,156
E00152797,337,169,168
E00152800,294,142,152
E00152801,320,167,153
E00153157,271,137,134
E00153158,288,157,131
E00153159,398,198,200
E00153160,335,182,153
E00153161,268,147,121
E00153162,361,211,150
E00153163,289,146,143
E00153194,186,101,85
E00153195,291,149,142
E00153196,274,143,131
E00153197,312,154,158
E00153198,266,138,128
E00153199,176,84,92
E00153200,190,98,92
E00153201,339,171,168
E00153232,562,275,287
E00153233,294,151,143
E00153234,304,165,139
E00153235,379,205,174
E00153236,209,95,114
E00153237,136,70,66
E00153238,596,305,291
E00153356,279,140,139
E00153357,228,116,112
E00153359,350,184,166
E00153360,375,200,175
E00153095,491,255,236
E00153096,347,173,174
E00153099,195,102,93
E00153100,378,184,194
E00153171,165,80,85
E00153173,455,232,223
E00153177,355,188,167
E00153178,459,224,235
E00153172,411,205,206
E00153174,305,140,165
E00153175,563,289,274
E00153176,203,99,104
E00153247,374,194,180
E00153248,332,161,171
E00153249,154,76,78
E00153250,306,157,149
E00153252,420,215,205
E00153253,425,227,198
E00153254,293,154,139
E00183365,329,181,148
E00183413,268,137,131
E00153256,385,200,185
E00153257,291,138,153
E00153258,340,176,164
E00153259,241,127,114
E00153260,500,250,250
E00153164,241,124,117
E00153165,289,142,147
E00153166,246,121,125
E00153167,312,170,142
E00153168,411,202,209
E00153169,381,196,185
E00153170,401,198,203
E00153371,208,101,107
E00153372,353,193,160
E00153373,387,197,190
E00153375,236,110,126
E00153376,175,85,90
E00153378,422,213,209
E00153379,417,206,211
E00173699,295,150,145
E00153330,430,216,214
E00153331,287,147,140
E00153332,418,225,193
E00153333,343,175,168
E00153334,275,135,140
E00153327,422,203,219
E00153328,321,159,162
E00153329,259,126,133
E00153093,440,234,206
E00153094,379,193,186
E00153097,195,96,99
E00153098,252,133,119
E00153147,256,112,144
E00153154,462,228,234
E00153156,510,270,240
E00183359,367,180,187
E00183414,278,140,138
E00153148,592,297,295
E00153150,383,197,186
E00153152,262,119,143
E00153153,317,168,149
E00183339,250,128,122
E00183362,165,85,80
E00183377,423,222,201
E00153347,304,157,147
E00153348,404,200,204
E00153349,324,168,156
E00153352,280,143,137
E00153353,411,206,205
E00153345,306,142,164
E00153346,256,136,120
E00153350,345,177,168
E00153351,338,168,170
E00153354,369,192,177
E00153090,379,190,189
E00153091,418,215,203
E00153092,421,206,215
E00153085,250,134,116
E00153086,292,147,145
E00153087,225,119,106
E00153088,232,119,113
E00153089,150,77,73
E00153202,230,116,114
E00153203,340,169,171
E00153204,232,121,111
E00153205,268,144,124
E00153206,518,260,258
E00153207,533,279,254
E00153208,305,158,147
E00153320,239,114,125
E00153321,397,207,190
E00153322,325,165,160
E00153324,353,186,167
E00153325,349,174,175
E00153326,290,146,144
E00183372,402,214,188
E00183379,228,117,111
E00153143,452,232,220
E00153144,263,124,139
E00153145,321,158,163
E00153146,441,239,202
E00153151,326,171,155
E00153179,335,168,167
E00153180,329,159,170
E00153181,274,150,124
E00153182,384,207,177
E00153183,324,172,152
E00153184,273,140,133
E00153185,279,139,140
E00153239,147,74,73
E00153240,442,222,220
E00153241,472,231,241
E00153242,129,67,62
E00153243,303,141,162
E00153244,321,161,160
E00153245,337,173,164
E00153342,349,177,172
E00153343,337,180,157
E00153344,515,267,248
E00153364,252,120,132
E00153365,302,160,142
E00153366,238,121,117
E00153367,253,120,133
E00153368,252,137,115
E00153369,344,166,178
E00153370,453,245,208
E00153135,268,134,134
E00153136,333,169,164
E00153137,441,232,209
E00153138,295,154,141
E00153139,343,176,167
E00153140,328,173,155
E00153141,288,156,132
E00153142,147,77,70
E00153186,385,182,203
E00153187,358,182,176
E00153188,268,139,129
E00153189,375,194,181
E00153190,331,160,171
E00153191,220,113,107
E00153192,162,78,84
E00153193,209,106,103
E00153335,335,164,171
E00153336,391,193,198
E00153337,341,173,168
E00153338,248,123,125
E00153339,292,146,146
E00153340,303,142,161
E00153341,370,181,189
E00153355,190,91,99
E00153358,296,149,147
E00153361,138,74,64
E00153362,347,164,183
E00153363,345,177,168
E00153271,266,131,135
E00153272,303,151,152
E00153275,227,113,114
E00153277,225,125,100
E00153278,264,137,127
E00153280,257,133,124
E00153289,364,178,186
E00153290,301,176,125
E00153294,267,156,111
E00153301,280,154,126
E00153303,281,156,125
E00153306,325,166,159
E00153307,323,180,143
E00153308,255,136,119
E00153309,342,185,157
E00153310,246,128,118
E00153312,323,159,164
E00153313,307,169,138
E00153314,344,167,177
E00153317,314,159,155
E00153318,350,171,179
E00153225,472,242,230
E00153226,347,180,167
E00153227,497,246,251
E00153228,227,115,112
E00153230,335,172,163
E00183343,392,209,183
E00183416,281,138,143
E00153261,475,229,246
E00153262,506,259,247
E00153263,474,236,238
E00153269,354,183,171
E00153270,339,165,174
E00153273,246,128,118
E00153274,354,179,175
E00153283,345,193,152
E00153287,294,146,148
E00153299,254,133,121
E00153300,509,251,258
E00153302,380,204,176
E00183361,511,258,253
E00183378,145,68,77
E00153217,326,155,171
E00153218,316,172,144
E00153219,256,137,119
E00153220,258,127,131
E00153221,385,209,176
E00153268,287,147,140
E00153276,252,122,130
E00153279,322,174,148
E00153281,316,168,148
E00153282,261,142,119
E00153288,264,135,129
E00153292,227,106,121
E00153296,313,148,165
E00153297,494,256,238
E00153298,324,161,163
E00153304,226,116,110
E00153305,279,149,130
E00153311,311,158,153
E00153315,254,123,131
E00153316,261,118,143
E00153319,269,132,137
E00173676,307,147,160
E00173683,322,158,164
E00173685,392,216,176
E00173693,283,140,143
E00183338,133,70,63
E00183354,595,292,303
E00153285,442,208,234
E00153293,295,149,146
E00153295,292,138,154
E00173679,406,189,217
E00173686,368,194,174
E00173680,378,185,193
E00173682,354,179,175
E00173690,348,187,161
E00173694,334,180,154
E00183345,339,166,173
E00183370,170,85,85
E00183397,517,250,267
E00183398,312,150,162
E00153101,571,283,288
E00153102,302,158,144
E00153103,392,196,196
E00153104,374,182,192
E00153105,331,163,168
E00153106,342,185,157
E00153116,293,150,143
E00153117,434,202,232
E00153118,369,188,181
E00183384,262,133,129
E00183390,306,156,150
E00183392,314,155,159
E00183409,160,78,82
E00183417,347,181,166
E00153211,232,129,103
E00153212,253,126,127
E00153213,264,143,121
E00153222,409,227,182
E00153223,225,105,120
E00153224,318,152,166
E00153209,408,204,204
E00153210,299,154,145
E00153214,278,145,133
E00153215,252,118,134
E00153216,236,113,123
E00153264,330,174,156
E00153266,356,173,183
E00153267,269,133,136
E00173696,736,163,573
E00173697,183,90,93
E00153107,353,179,174
E00153108,415,207,208
E00153110,257,131,126
E00153113,314,155,159
E00153115,116,55,61
E00153120,275,146,129
E00153109,494,240,254
E00153111,312,168,144
E00153112,259,142,117
E00153114,246,136,110
E00153125,413,205,208
E00153126,273,141,132
E00153129,512,262,250
E00153130,355,181,174
E00153134,175,96,79
E00153121,366,196,170
E00153124,491,250,241
E00153131,245,118,127
E00153132,413,207,206
E00153133,154,82,72
E00153122,373,189,184
E00153123,313,160,153
E00153127,304,161,143
E00153128,235,118,117
E00120303,385,218,167
E00120307,345,186,159
E00120309,311,159,152
E00120310,346,175,171
E00120312,353,171,182
E00120308,345,168,177
E00120311,338,169,169
E00120320,348,185,163
E00120322,446,221,225
E00120304,273,155,118
E00120305,296,151,145
E00120314,341,186,155
E00120315,340,176,164
E00120313,305,152,153
E00120318,294,145,149
E00120321,492,255,237
E00120323,427,211,216
E00120316,354,178,176
E00120317,361,181,180
E00120319,369,182,187
E00189336,194,100,94
E00189433,463,221,242
E00120285,328,169,159
E00120286,391,208,183
E00120288,358,179,179
E00120291,361,173,188
E00120293,297,146,151
E00120287,383,197,186
E00120289,411,202,209
E00120292,352,170,182
E00120294,447,238,209
E00120295,333,175,158
E00120296,304,153,151
E00120297,313,168,145
E00120298,258,129,129
E00120299,309,164,145
E00120280,221,98,123
E00120284,277,137,140
E00120300,391,200,191
E00120301,347,174,173
E00120302,305,160,145
E00120281,333,162,171
E00120282,449,228,221
E00120283,434,222,212
E00120290,277,120,157
E00120363,386,201,185
E00120364,303,151,152
E00120366,261,147,114
E00120367,316,161,155
E00120368,356,185,171
E00120347,351,184,167
E00120349,344,172,172
E00120355,337,165,172
E00120365,344,175,169
E00120346,374,200,174
E00120348,308,175,133
E00120352,274,129,145
E00120354,359,189,170
E00120360,368,201,167
E00120362,251,125,126
E00120350,416,217,199
E00120351,285,144,141
E00120353,248,130,118
E00120356,396,201,195
E00120357,310,160,150
E00120345,375,196,179
E00120358,343,177,166
E00120359,411,212,199
E00120361,386,186,200
E00120586,322,164,158
E00120590,352,201,151
E00120591,321,158,163
E00120592,305,171,134
E00120602,306,155,151
E00120584,363,187,176
E00120587,339,187,152
E00120589,349,181,168
E00120598,525,272,253
E00120601,237,138,99
E00120593,377,201,176
E00120594,407,202,205
E00120595,349,192,157
E00120600,266,127,139
E00120585,348,180,168
E00120588,493,267,226
E00120596,352,181,171
E00120597,320,155,165
E00120599,385,197,188
E00120328,355,170,185
E00120329,329,163,166
E00120330,331,168,163
E00120331,327,172,155
E00120333,320,161,159
E00120326,332,168,164
E00120338,343,174,169
E00120341,436,219,217
E00120342,348,173,175
E00120344,347,176,171
E00120324,287,136,151
E00120327,309,157,152
E00120332,352,188,164
E00120334,334,181,153
E00120335,268,129,139
E00120337,334,173,161
E00120325,315,152,163
E00120336,322,176,146
E00120339,297,152,145
E00120340,299,152,147
E00120343,289,145,144
E00120458,263,128,135
E00120471,333,175,158
E00120473,363,182,181
E00120474,253,129,124
E00120475,245,120,125
E00120459,386,197,189
E00120462,388,197,191
E00120464,301,154,147
E00120468,319,164,155
E00120470,349,183,166
E00120465,348,180,168
E00120466,297,173,124
E00120467,333,185,148
E00120469,402,223,179
E00120472,278,148,130
E00120457,454,229,225
E00120460,435,232,203
E00120461,329,177,152
E00120463,329,161,168
E00120420,533,283,250
E00120421,274,141,133
E00120422,387,206,181
E00120423,447,232,215
E00120424,417,219,198
E00120523,367,186,181
E00120525,373,173,200
E00120527,291,153,138
E00120528,332,160,172
E00120529,263,137,126
E00120522,331,165,166
E00120530,177,101,76
E00120531,239,120,119
E00120532,302,148,154
E00120533,281,151,130
E00120534,345,194,151
E00120524,319,167,152
E00120526,182,78,104
E00120535,359,199,160
E00120536,310,164,146
E00120537,285,155,130
E00120538,186,86,100
E00120396,322,172,150
E00120397,338,177,161
E00120399,264,144,120
E00120401,367,190,177
E00120412,285,153,132
E00120414,152,74,78
E00120394,426,209,217
E00120400,374,196,178
E00120404,452,226,226
E00120405,347,170,177
E00120395,354,185,169
E00120398,244,129,115
E00120403,338,169,169
E00120407,362,177,185
E00120413,338,163,175
E00120402,216,110,106
E00120406,309,148,161
E00120408,344,179,165
E00120410,246,125,121
E00120411,252,128,124
E00189342,332,159,173
E00189350,315,157,158
E00120205,446,264,182
E00120207,308,161,147
E00120208,370,184,186
E00120209,365,183,182
E00120210,290,152,138
E00120202,529,287,242
E00120203,354,183,171
E00120204,540,285,255
E00120211,282,144,138
E00120222,398,213,185
E00120212,312,174,138
E00120213,340,180,160
E00120214,293,167,126
E00120215,335,171,164
E00120216,330,171,159
E00120218,337,184,153
E00120206,527,277,250
E00120217,371,191,180
E00120219,367,196,171
E00120220,327,170,157
E00120221,324,170,154
E00120225,333,182,151
E00120229,367,185,182
E00120233,390,207,183
E00120240,351,174,177
E00120416,383,193,190
E00120425,387,193,194
E00120428,302,162,140
E00120431,372,186,186
E00120434,338,173,165
E00120418,410,203,207
E00120426,424,228,196
E00120427,391,192,199
E00120432,377,203,174
E00120415,376,199,177
E00120417,422,218,204
E00120419,322,175,147
E00120429,363,183,180
E00120430,296,148,148
E00120433,335,172,163
E00120192,465,237,228
E00120195,339,173,166
E00120198,330,156,174
E00120199,200,97,103
E00189393,277,140,137
E00189434,369,193,176
E00120231,344,173,171
E00120232,314,156,158
E00120234,450,240,210
E00120235,431,216,215
E00120237,345,179,166
E00120224,388,201,187
E00120228,385,194,191
E00120238,274,138,136
E00120239,335,164,171
E00120226,287,140,147
E00120227,332,170,162
E00120236,376,181,195
E00120241,311,158,153
E00189337,291,141,150
E00189348,292,148,144
E00189359,217,110,107
E00189403,183,86,97
E00189421,268,125,143
E00120488,323,163,160
E00120491,378,183,195
E00120492,326,155,171
E00120493,441,213,228
E00120494,285,145,140
E00120495,306,154,152
E00120477,223,115,108
E00120479,282,127,155
E00120481,340,176,164
E00120482,479,241,238
E00120483,302,154,148
E00120484,305,139,166
E00120497,259,132,127
E00120476,362,177,185
E00120478,357,173,184
E00120480,304,172,132
E00120498,371,192,179
E00120499,325,162,163
E00120500,255,132,123
E00120501,234,113,121
E00120485,163,76,87
E00120486,228,115,113
E00120490,385,191,194
E00189396,263,131,132
E00189436,278,139,139
E00120489,228,115,113
E00189377,215,98,117
E00189404,220,103,117
E00189405,213,117,96
E00189407,204,105,99
E00189411,193,99,94
E00120182,535,269,266
E00120184,355,181,174
E00120185,317,167,150
E00120187,349,185,164
E00120189,353,195,158
E00120183,474,237,237
E00120186,405,193,212
E00120188,546,289,257
E00120190,337,174,163
E00120193,369,195,174
E00120194,353,180,173
E00120196,375,198,177
E00120197,368,188,180
E00120180,359,168,191
E00120181,335,164,171
E00120200,367,191,176
E00120201,345,172,173
E00120569,317,148,169
E00120571,230,160,70
E00120574,322,161,161
E00120576,313,163,150
E00189358,302,159,143
E00189366,427,214,213
E00120563,271,136,135
E00120565,297,140,157
E00120566,249,128,121
E00120568,293,142,151
E00120575,261,122,139
E00189386,363,213,150
E00189409,282,146,136
E00120570,335,163,172
E00120577,296,147,149
E00120578,322,167,155
E00120579,340,165,175
E00120580,272,135,137
E00120562,360,179,181
E00120564,275,145,130
E00120567,363,191,172
E00120581,272,135,137
E00120582,257,133,124
E00120583,275,142,133
E00120262,353,171,182
E00120263,334,165,169
E00120265,305,163,142
E00120266,313,159,154
E00120273,274,134,140
E00120261,335,169,166
E00120264,357,183,174
E00120267,466,234,232
E00120268,230,112,118
E00120269,439,239,200
E00120260,340,180,160
E00120270,342,171,171
E00120271,307,166,141
E00120274,388,199,189
E00120275,333,173,160
E00120272,308,157,151
E00120276,320,175,145
E00120277,309,157,152
E00120278,311,152,159
E00120279,321,157,164
E00120540,276,150,126
E00120546,485,245,240
E00120548,269,133,136
E00120551,348,185,163
E00120550,304,160,144
E00120552,310,160,150
E00120553,359,188,171
E00120555,342,180,162
E00120558,349,172,177
E00120549,490,264,226
E00120554,398,198,200
E00120556,427,222,205
E00120557,280,161,119
E00120539,272,132,140
E00120545,370,180,190
E00120559,244,136,108
E00120560,273,133,140
E00120561,294,148,146
E00120541,298,148,150
E00120542,306,153,153
E00120543,364,191,173
E00120544,314,159,155
E00120547,338,179,159
E00120369,289,146,143
E00120370,246,131,115
E00120374,258,132,126
E00120380,216,113,103
E00120381,289,151,138
E00120382,250,133,117
E00120383,375,193,182
E00120384,415,218,197
E00120385,299,165,134
E00120386,332,168,164
E00120387,372,197,175
E00120371,298,162,136
E00120379,351,183,168
E00120389,380,204,176
E00120390,351,172,179
E00120393,287,148,139
E00120372,353,186,167
E00120373,249,123,126
E00120375,324,165,159
E00120376,375,193,182
E00120378,281,146,135
E00120388,340,173,167
E00120391,375,181,194
E00120392,405,192,213
E00169672,407,207,200
E00169673,469,248,221
E00169674,361,180,181
E00169676,259,139,120
E00169677,244,128,116
E00169678,359,185,174
E00120435,385,190,195
E00120437,404,208,196
E00120453,305,160,145
E00120454,349,172,177
E00120455,325,168,157
E00120438,224,120,104
E00120439,338,181,157
E00120441,357,197,160
E00120442,300,151,149
E00120440,320,160,160
E00120444,198,92,106
E00120456,256,134,122
E00169675,318,162,156
E00169679,333,181,152
E00189391,452,190,262
E00189428,177,88,89
E00120443,334,178,156
E00120445,406,203,203
E00120447,330,180,150
E00120448,327,163,164
E00120449,329,158,171
E00120450,220,123,97
E00120451,476,232,244
E00120452,329,164,165
E00120503,367,178,189
E00120504,353,179,174
E00120505,357,187,170
E00120508,358,186,172
E00120521,348,170,178
E00120506,376,192,184
E00120507,336,170,166
E00120509,333,161,172
E00120510,274,145,129
E00120511,242,115,127
E00120512,254,146,108
E00120513,324,168,156
E00120514,288,142,146
E00120515,327,176,151
E00120518,422,223,199
E00120516,280,155,125
E00120517,297,157,140
E00120519,345,176,169
E00120520,345,182,163
E00189338,319,167,152
E00189344,326,166,160
E00120242,295,137,158
E00120256,507,235,272
E00120257,477,266,211
E00120243,394,195,199
E00120244,223,110,113
E00120247,389,192,197
E00120248,257,134,123
E00120254,277,138,139
E00120259,392,211,181
E00120252,507,234,273
E00120253,329,165,164
E00120255,262,128,134
E00120258,383,188,195
E00120245,355,182,173
E00120249,299,155,144
E00120250,298,150,148
E00120251,266,137,129
E00189442,357,185,172
E00121690,310,154,156
E00121691,378,188,190
E00121692,372,181,191
E00121695,389,204,185
E00121689,328,173,155
E00121693,337,167,170
E00121694,340,175,165
E00121696,376,183,193
E00121697,323,174,149
E00121698,303,148,155
E00121699,406,214,192
E00121700,390,216,174
E00121701,309,150,159
E00121707,324,153,171
E00121708,334,175,159
E00121709,318,157,161
E00121718,304,157,147
E00121720,368,177,191
E00121710,283,146,137
E00121711,335,172,163
E00121712,431,220,211
E00121713,317,170,147
E00121714,278,157,121
E00121715,251,141,110
E00121716,328,160,168
E00121719,309,162,147
E00173259,284,140,144
E00121704,289,145,144
E00121706,339,175,164
E00121717,462,240,222
E00190241,254,142,112
E00190336,314,160,154
E00190339,325,164,161
E00121505,390,208,182
E00173231,281,133,148
E00173235,347,180,167
E00173245,468,209,259
E00173268,301,153,148
E00121520,222,115,107
E00173237,243,132,111
E00173248,369,198,171
E00173253,354,179,175
E00173254,360,185,175
E00121655,308,162,146
E00121656,295,157,138
E00121657,329,167,162
E00121661,105,51,54
E00121674,315,157,158
E00121660,287,154,133
E00121662,302,172,130
E00121663,328,165,163
E00121666,353,170,183
E00121672,376,180,196
E00121668,286,153,133
E00121669,267,127,140
E00121670,280,158,122
E00121671,323,178,145
E00121673,317,173,144
E00121658,332,158,174
E00121659,260,134,126
E00121664,277,156,121
E00121665,313,169,144
E00121667,324,162,162
E00121421,367,185,182
E00121424,251,124,127
E00121425,292,145,147
E00121428,330,169,161
E00121429,305,149,156
E00121422,261,136,125
E00121423,324,170,154
E00121426,210,102,108
E00121427,292,147,145
E00121430,235,128,107
E00121414,261,135,126
E00121418,283,142,141
E00121419,237,135,102
E00121420,307,162,145
E00121433,279,148,131
E00121434,305,162,143
E00121415,276,151,125
E00121416,352,192,160
E00121417,343,170,173
E00121431,298,146,152
E00121432,311,154,157
E00121612,437,231,206
E00121613,307,155,152
E00121614,342,168,174
E00121615,265,128,137
E00121632,242,116,126
E00121611,274,128,146
E00121616,236,113,123
E00121621,248,122,126
E00121629,260,126,134
E00121630,395,189,206
E00121631,290,151,139
E00121617,181,106,75
E00121618,255,134,121
E00121619,282,146,136
E00121620,151,82,69
E00121622,220,112,108
E00121624,257,132,125
E00121628,262,137,125
E00121610,316,156,160
E00121623,288,143,145
E00121625,297,150,147
E00121626,238,115,123
E00121627,244,126,118
E00121448,421,208,213
E00121450,353,188,165
E00121452,244,131,113
E00121453,286,154,132
E00121454,383,215,168
E00121435,259,142,117
E00121445,278,139,139
E00121446,279,157,122
E00121447,307,166,141
E00121449,350,166,184
E00121451,287,144,143
E00121439,368,183,185
E00121440,236,125,111
E00121441,284,150,134
E00121442,204,118,86
E00121443,255,129,126
E00121455,123,85,38
E00190227,112,54,58
E00190232,114,58,56
E00190322,166,95,71
E00121436,360,186,174
E00121438,314,168,146
E00121444,372,185,187
E00121456,281,146,135
E00121457,307,163,144
E00121644,435,229,206
E00121651,356,183,173
E00121653,295,163,132
E00121654,423,213,210
E00121633,343,173,170
E00121642,307,155,152
E00121647,342,174,168
E00121649,359,182,177
E00121640,304,164,140
E00121645,243,122,121
E00121648,374,193,181
E00121650,266,123,143
E00121652,266,126,140
E00121634,357,194,163
E00121635,385,203,182
E00121636,352,195,157
E00121638,396,212,184
E00190264,218,111,107
E00190271,191,96,95
E00190274,207,112,95
E00190319,322,171,151
E00190340,195,101,94
E00190345,143,71,72
E00121639,298,162,136
E00121643,265,135,130
E00121646,314,172,142
E00190254,202,92,110
E00190256,276,126,150
E00190313,356,170,186
E00121581,411,214,197
E00121583,273,136,137
E00121584,250,138,112
E00121585,344,188,156
E00121587,313,161,152
E00121579,377,192,185
E00121580,218,121,97
E00121582,354,171,183
E00121586,298,153,145
E00173226,288,134,154
E00173228,351,180,171
E00173256,330,176,154
E00121576,350,176,174
E00121588,343,175,168
E00121589,328,171,157
E00121590,345,172,173
E00121592,328,176,152
E00121575,332,158,174
E00121577,417,200,217
E00121591,331,163,168
E00173214,371,188,183
E00190325,456,226,230
E00190326,383,197,186
E00121558,287,151,136
E00121560,370,173,197
E00121562,335,175,160
E00121563,183,102,81
E00121559,280,142,138
E00121561,230,122,108
E00121564,336,175,161
E00121565,361,183,178
E00121566,611,330,281
E00121556,373,192,181
E00121567,380,203,177
E00121569,356,179,177
E00121571,336,175,161
E00121572,323,172,151
E00121555,303,163,140
E00121557,331,164,167
E00121570,309,153,156
E00173218,363,178,185
E00173221,158,82,76
E00173270,414,202,212
E00173217,321,158,163
E00173220,265,137,128
E00173223,306,151,155
E00173225,321,159,162
E00121507,379,188,191
E00121511,351,187,164
E00121512,371,180,191
E00121513,353,182,171
E00121518,328,175,153
E00121503,356,181,175
E00121510,363,176,187
E00121514,220,112,108
E00121515,335,170,165
E00121516,402,199,203
E00121551,379,182,197
E00121552,337,161,176
E00121553,272,143,129
E00190257,507,274,233
E00190265,134,70,64
E00190314,594,314,280
E00190321,166,91,75
E00173229,1166,574,592
E00173232,181,82,99
E00173239,342,177,165
E00173243,238,143,95
E00173249,167,81,86
E00173267,208,104,104
E00190269,185,99,86
E00190317,459,224,235
E00121504,264,133,131
E00121508,248,127,121
E00121517,342,183,159
E00121519,361,172,189
E00173234,297,146,151
E00173240,273,138,135
E00173242,248,107,141
E00173246,420,178,242
E00173251,219,106,113
E00173257,240,124,116
E00173260,305,155,150
E00173262,254,112,142
E00173263,285,134,151
E00121485,316,154,162
E00121487,348,156,192
E00121488,257,133,124
E00121489,423,197,226
E00121490,197,98,99
E00121502,244,96,148
E00121480,401,194,207
E00121481,262,128,134
E00121483,265,137,128
E00190295,250,127,123
E00190298,290,154,136
E00190320,280,148,132
E00121486,448,223,225
E00121493,301,156,145
E00121494,282,134,148
E00121495,258,128,130
E00121496,310,144,166
E00121500,286,144,142
E00121484,297,146,151
E00121497,283,144,139
E00121498,554,263,291
E00121499,339,173,166
E00121501,394,204,190
E00121458,253,119,134
E00121461,258,122,136
E00121475,245,130,115
E00121476,266,128,138
E00121477,306,162,144
E00121479,298,144,154
E00121459,549,256,293
E00121460,531,242,289
E00121462,343,156,187
E00121464,340,148,192
E00121474,341,181,160
E00121478,270,141,129
E00121463,380,175,205
E00121465,324,177,147
E00121466,367,182,185
E00121468,402,195,207
E00121470,431,216,215
E00121467,410,207,203
E00121469,443,213,230
E00121471,461,225,236
E00121472,472,229,243
E00121473,542,257,285
E00121523,379,180,199
E00121525,382,199,183
E00121526,316,166,150
E00121534,389,191,198
E00121535,418,215,203
E00121522,324,149,175
E00121527,302,137,165
E00121528,392,179,213
E00121532,356,167,189
E00121541,680,366,314
E00121550,323,171,152
E00121554,482,237,245
E00190230,608,315,293
E00190237,553,302,251
E00121536,341,172,169
E00121537,406,194,212
E00121538,382,187,195
E00121539,397,189,208
E00121542,362,207,155
E00121544,300,157,143
E00121545,363,174,189
E00121546,376,163,213
E00121547,315,145,170
E00190240,1120,587,533
E00190301,140,73,67
E00121401,321,160,161
E00121402,465,217,248
E00121405,315,165,150
E00121407,286,129,157
E00121410,328,168,160
E00121398,380,181,199
E00121403,246,171,75
E00121404,344,169,175
E00121408,354,188,166
E00121396,444,226,218
E00121397,294,148,146
E00121400,348,179,169
E00121406,336,165,171
E00121399,357,201,156
E00121409,310,169,141
E00121411,372,196,176
E00121412,326,167,159
E00121413,327,178,149
E00121597,326,165,161
E00121601,303,156,147
E00121603,340,166,174
E00121606,254,141,113
E00121607,225,123,102
E00121608,308,161,147
E00121596,356,177,179
E00121600,349,177,172
E00121602,355,184,171
E00121604,348,178,170
E00121605,376,193,183
E00121593,344,171,173
E00121594,331,166,165
E00121595,333,167,166
E00121598,396,203,193
E00121599,395,199,196
E00121609,303,156,147
E00121524,342,184,158
E00121529,250,123,127
E00121530,381,188,193
E00121531,344,181,163
E00121533,200,106,94
E00121675,357,174,183
E00121680,316,172,144
E00121681,293,152,141
E00121682,294,148,146
E00121683,326,170,156
E00121684,297,157,140
E00121685,274,122,152
E00121686,208,98,110
E00121676,307,160,147
E00121677,354,245,109
E00121678,266,132,134
E00121687,296,162,134
E00121688,252,121,131
E00190346,138,70,68
E00119166,306,150,156
E00119171,198,103,95
E00119172,421,216,205
E00119173,342,174,168
E00119174,120,58,62
E00119175,271,123,148
E00119180,331,170,161
E00119181,339,164,175
E00119182,540,279,261
E00119191,149,67,82
E00119176,263,130,133
E00119183,486,244,242
E00119185,307,155,152
E00119186,538,272,266
E00119187,243,127,116
E00119189,303,161,142
E00190243,323,173,150
E00190253,335,172,163
E00190292,364,187,177
E00190302,356,182,174
E00190315,375,199,176
E00119178,414,219,195
E00190282,305,161,144
E00190286,270,137,133
E00190293,302,152,150
E00119177,323,162,161
E00119188,470,225,245
E00119190,325,164,161
E00119126,331,174,157
E00119130,308,165,143
E00119131,348,178,170
E00119140,318,169,149
E00119127,392,200,192
E00119136,350,182,168
E00119137,446,228,218
E00190231,299,152,147
E00190283,266,131,135
E00190343,318,164,154
E00119134,314,155,159
E00119135,348,169,179
E00119138,305,159,146
E00190285,353,178,175
E00190303,314,153,161
E00190308,280,143,137
E00190316,314,165,149
E00119125,315,154,161
E00119128,374,188,186
E00119129,295,148,147
E00119139,380,201,179
E00119167,385,185,200
E00119168,344,173,171
E00119169,352,181,171
E00119170,270,140,130
E00119327,268,122,146
E00119328,330,161,169
E00119329,524,270,254
E00119330,324,165,159
E00119331,464,233,231
E00119332,408,187,221
E00119333,196,100,96
E00119117,345,169,176
E00119120,326,171,155
E00119122,342,169,173
E00119123,340,172,168
E00119124,468,226,242
E00119107,347,173,174
E00119108,457,237,220
E00119113,263,136,127
E00119115,322,166,156
E00119116,244,122,122
E00119118,340,179,161
E00119119,331,194,137
E00119106,323,169,154
E00119111,185,95,90
E00119114,126,57,69
E00190224,362,199,163
E00190278,319,172,147
E00190284,297,145,152
E00119109,187,107,80
E00119121,303,144,159
E00168897,258,121,137
E00168898,176,94,82
E00168900,208,99,109
E00119054,314,171,143
E00119057,331,178,153
E00119064,321,157,164
E00119066,275,133,142
E00119068,285,147,138
E00119058,355,179,176
E00119059,408,215,193
E00119065,340,152,188
E00119075,311,165,146
E00119060,287,147,140
E00119061,427,218,209
E00119062,351,173,178
E00119063,338,180,158
E00119067,334,177,157
E00119055,496,269,227
E00119056,380,204,176
E00119069,309,149,160
E00119071,337,169,168
E00119070,527,257,270
E00119073,611,318,293
E00119074,257,127,130
E00168901,253,143,110
E00169435,273,133,140
E00169737,333,175,158
E00119399,373,184,189
E00119400,354,181,173
E00119401,366,190,176
E00119402,480,249,231
E00119394,409,194,215
E00119395,248,135,113
E00119396,323,171,152
E00119397,404,201,203
E00119398,319,161,158
E00119353,453,236,217
E00190296,298,162,136
E00190330,329,167,162
E00119352,323,153,170
E00119354,279,147,132
E00119355,356,172,184
E00119356,341,166,175
E00119357,296,149,147
E00119358,298,150,148
E00119088,316,157,159
E00119090,301,153,148
E00119095,250,134,116
E00119096,275,155,120
E00119098,261,135,126
E00119077,329,156,173
E00119091,284,135,149
E00119092,354,172,182
E00119105,385,202,183
E00190247,259,121,138
E00190311,292,147,145
E00119079,474,239,235
E00119081,387,186,201
E00119094,301,162,139
E00119097,294,143,151
E00119099,278,153,125
E00119076,322,174,148
E00119082,288,155,133
E00119085,407,222,185
E00119087,310,172,138
E00119078,366,189,177
E00119080,354,181,173
E00119089,418,207,211
E00119093,332,171,161
E00119083,248,134,114
E00119100,361,195,166
E00119102,269,139,130
E00119104,380,206,174
E00190331,192,106,86
E00119084,458,221,237
E00119101,288,141,147
E00190246,155,86,69
E00190341,180,93,87
E00119148,226,116,110
E00119151,409,209,200
E00119153,341,167,174
E00119154,362,180,182
E00119149,275,141,134
E00119150,311,172,139
E00119155,272,134,138
E00119158,327,162,165
E00119160,289,149,140
E00119144,358,170,188
E00119147,380,184,196
E00119152,361,160,201
E00119157,281,144,137
E00119156,355,192,163
E00119159,318,160,158
E00119161,279,142,137
E00119164,338,180,158
E00119145,340,165,175
E00119162,297,144,153
E00119163,303,157,146
E00119165,604,297,307
E00119141,373,189,184
E00119142,436,218,218
E00119143,347,195,152
E00119146,402,196,206
E00119319,320,169,151
E00119323,383,190,193
E00119324,368,189,179
E00119326,287,153,134
E00119317,184,91,93
E00119320,204,103,101
E00119321,330,175,155
E00119322,340,176,164
E00119325,369,190,179
E00190300,357,166,191
E00190335,420,213,207
E00119343,501,247,254
E00119344,401,202,199
E00119347,514,262,252
E00119345,358,187,171
E00119346,357,180,177
E00119348,407,199,208
E00119349,354,177,177
E00119350,203,118,85
E00119282,353,173,180
E00119283,259,136,123
E00119284,257,134,123
E00119285,178,92,86
E00119286,286,150,136
E00119287,290,138,152
E00119288,304,149,155
E00119289,344,176,168
E00119290,478,239,239
E00119291,326,158,168
E00119292,363,177,186
E00119293,262,134,128
E00119294,266,143,123
E00119295,380,195,185
E00119296,234,118,116
E00119297,335,178,157
E00119469,302,158,144
E00119471,379,195,184
E00119472,336,156,180
E00119473,289,145,144
E00119474,326,169,157
E00119475,340,166,174
E00190242,337,171,166
E00190250,305,155,150
E00119371,318,162,156
E00119372,381,186,195
E00119373,344,183,161
E00119374,358,182,176
E00119376,354,176,178
E00119377,429,222,207
E00119359,317,164,153
E00119360,355,188,167
E00119367,328,168,160
E00119369,324,163,161
E00119370,344,165,179
E00119375,289,158,131
E00119379,338,174,164
E00119380,279,146,133
E00119381,331,172,159
E00119382,335,162,173
E00119361,282,145,137
E00119368,321,167,154
E00119378,256,132,124
E00119383,334,180,154
E00119384,233,118,115
E00119385,308,153,155
E00119362,315,149,166
E00119363,371,189,182
E00119364,302,143,159
E00119365,321,163,158
E00169436,130,62,68
E00169438,151,81,70
E00119422,311,173,138
E00119426,302,152,150
E00119427,535,283,252
E00119429,344,176,168
E00119430,326,179,147
E00119431,254,122,132
E00119420,282,137,145
E00119424,320,162,158
E00119432,291,152,139
E00119433,303,172,131
E00119436,310,150,160
E00119421,370,206,164
E00119423,476,284,192
E00119425,260,145,115
E00119428,407,198,209
E00119434,224,129,95
E00119435,392,207,185
E00119460,302,159,143
E00119461,289,143,146
E00119463,343,174,169
E00119467,366,182,184
E00169734,430,224,206
E00169735,293,167,126
E00169736,137,75,62
E00119459,259,126,133
E00119462,345,167,178
E00119464,404,221,183
E00119465,401,213,188
E00119466,339,172,167
E00119454,348,184,164
E00119455,235,105,130
E00119456,297,154,143
E00119457,394,189,205
E00119468,344,177,167
E00119412,455,248,207
E00119413,423,213,210
E00119416,383,198,185
E00119418,360,195,165
E00119415,178,105,73
E00119417,328,168,160
E00119419,245,130,115
E00169731,308,158,150
E00169732,356,173,183
E00169733,223,110,113
E00119441,246,122,124
E00119445,313,164,149
E00119449,350,171,179
E00119450,496,256,240
E00119452,265,128,137
E00119437,308,157,151
E00119438,276,141,135
E00119439,259,141,118
E00119440,191,98,93
E00119442,313,156,157
E00119443,269,139,130
E00119444,304,151,153
E00119446,242,125,117
E00119447,332,174,158
E00119448,320,153,167
E00119451,262,145,117
E00119453,384,192,192
E00119211,296,151,145
E00119212,287,155,132
E00119213,378,186,192
E00119229,263,138,125
E00119232,290,150,140
E00119233,263,155,108
E00119208,313,151,162
E00119209,345,178,167
E00119214,121,64,57
E00119226,314,167,147
E00119228,326,156,170
E00119218,269,125,144
E00119219,320,172,148
E00119220,235,121,114
E00119222,293,175,118
E00119223,250,131,119
E00119215,378,201,177
E00119216,438,221,217
E00119217,399,206,193
E00119221,256,131,125
E00119224,299,142,157
E00119210,335,177,158
E00119225,370,195,175
E00119227,250,132,118
E00119230,278,137,141
E00119231,331,154,177
E00119298,347,164,183
E00119299,293,154,139
E00119301,330,170,160
E00119303,314,167,147
E00119306,278,156,122
E00119300,308,155,153
E00119302,286,158,128
E00119305,320,157,163
E00119315,497,252,245
E00119316,271,141,130
E00119304,362,183,179
E00119308,313,162,151
E00119309,276,138,138
E00119312,249,128,121
E00119314,171,91,80
E00119307,346,179,167
E00119310,362,174,188
E00119311,284,147,137
E00119313,307,154,153
E00119268,597,295,302
E00119270,303,147,156
E00119271,282,145,137
E00119273,423,218,205
E00119274,317,168,149
E00119266,423,204,219
E00119269,311,173,138
E00119272,267,137,130
E00119275,379,179,200
E00119281,361,177,184
E00190223,310,157,153
E00190310,375,199,176
E00119267,219,114,105
E00119276,314,151,163
E00119277,545,273,272
E00119278,327,157,170
E00119279,224,119,105
E00119237,231,133,98
E00119238,331,170,161
E00119241,350,170,180
E00119242,226,127,99
E00119244,324,173,151
E00119236,328,165,163
E00119239,286,148,138
E00119240,296,145,151
E00190258,330,173,157
E00190328,164,81,83
E00190344,314,168,146
E00119246,342,187,155
E00119248,256,132,124
E00119252,304,146,158
E00119256,323,163,160
E00169427,182,94,88
E00169429,315,152,163
E00169430,277,145,132
E00169432,190,101,89
E00119234,330,173,157
E00119250,387,211,176
E00119254,342,168,174
E00119255,313,169,144
E00119257,224,111,113
E00190220,204,96,108
E00190252,263,130,133
E00190281,232,114,118
E00190307,231,119,112
E00190327,222,110,112
E00190333,214,95,119
E00119249,314,162,152
E00119253,381,205,176
E00190291,107,65,42
E00190309,300,140,160
E00190342,199,92,107
E00119200,328,167,161
E00119201,266,127,139
E00119203,350,172,178
E00119206,341,175,166
E00119202,385,211,174
E00119204,284,159,125
E00119205,269,147,122
E00119207,528,245,283
E00119259,324,171,153
E00119260,317,164,153
E00119263,303,163,140
E00119264,392,211,181
E00119265,328,172,156
E00119261,350,180,170
E00190219,816,394,422
E00190261,354,173,181
E00190279,357,188,169
E00119386,321,177,144
E00119387,547,271,276
E00119388,264,137,127
E00119391,303,166,137
E00119389,338,176,162
E00119390,273,131,142
E00119393,445,232,213
E00169439,184,97,87
E00169441,284,143,141
E00169443,136,69,67
E00119192,268,140,128
E00119193,310,157,153
E00119194,263,132,131
E00119195,280,140,140
E00119196,323,169,154
E00119197,294,141,153
E00119198,280,149,131
E00119199,334,169,165
E00119334,239,120,119
E00119335,236,126,110
E00119336,157,82,75
E00119342,290,148,142
E00190259,340,180,160
E00190268,367,195,172
E00119338,358,162,196
E00119339,314,151,163
E00119340,286,143,143
E00119341,368,178,190
E00119407,382,189,193
E00119409,237,130,107
E00119410,420,201,219
E00119411,328,168,160
E00119403,411,205,206
E00119404,325,166,159
E00119405,300,154,146
E00119406,279,133,146
E00190347,124,60,64
E00120794,458,243,215
E00120795,342,161,181
E00120797,361,173,188
E00120808,315,149,166
E00120793,333,173,160
E00120800,323,161,162
E00120802,348,164,184
E00120803,300,141,159
E00120809,303,156,147
E00120796,315,152,163
E00120798,334,180,154
E00120801,318,147,171
E00120804,379,195,184
E00120806,381,189,192
E00189341,216,110,106
E00189368,304,154,150
E00189395,412,217,195
E00189399,244,135,109
E00189430,340,178,162
E00120791,301,166,135
E00120792,363,178,185
E00120805,419,218,201
E00120807,375,184,191
E00189388,353,171,182
E00120729,317,167,150
E00120733,358,168,190
E00169682,297,149,148
E00169684,308,168,140
E00169690,424,211,213
E00169691,229,108,121
E00169692,269,137,132
E00189319,479,231,248
E00120732,246,120,126
E00120734,483,243,240
E00120739,353,187,166
E00120740,351,161,190
E00120742,388,190,198
E00120730,395,199,196
E00120735,376,203,173
E00120736,336,173,163
E00120737,400,213,187
E00120741,266,130,136
E00120851,343,186,157
E00120854,293,143,150
E00120860,377,189,188
E00120861,334,170,164
E00120852,323,171,152
E00120853,524,283,241
E00120855,297,148,149
E00120856,439,206,233
E00120865,595,322,273
E00120858,369,194,175
E00120859,556,271,285
E00120862,327,170,157
E00120863,278,138,140
E00120864,248,126,122
E00169683,319,150,169
E00169688,336,176,160
E00120710,274,139,135
E00120718,288,151,137
E00120719,407,219,188
E00120722,338,171,167
E00120726,308,151,157
E00120714,174,69,105
E00120715,336,166,170
E00120720,322,160,162
E00120721,291,148,143
E00120724,318,146,172
E00120728,342,174,168
E00120712,318,169,149
E00120717,342,171,171
E00120723,341,190,151
E00120725,340,176,164
E00120709,335,183,152
E00120711,289,140,149
E00120713,386,200,186
E00120716,394,188,206
E00120727,281,128,153
E00120830,291,155,136
E00120831,278,158,120
E00120847,362,188,174
E00120848,467,232,235
E00120850,264,147,117
E00120834,230,117,113
E00120835,289,155,134
E00120839,223,116,107
E00120841,206,109,97
E00120843,335,174,161
E00120845,249,127,122
E00120832,310,157,153
E00120833,250,128,122
E00120838,251,131,120
E00120840,187,99,88
E00120849,356,189,167
E00120836,272,131,141
E00120837,389,193,196
E00120842,267,131,136
E00120844,270,129,141
E00120846,332,163,169
E00120731,292,160,132
E00120738,193,97,96
E00120745,244,132,112
E00120747,392,186,206
E00120748,308,151,157
E00169685,468,219,249
E00169687,178,91,87
E00169689,228,115,113
E00120750,323,159,164
E00120751,338,180,158
E00120752,355,180,175
E00120754,310,147,163
E00120755,417,224,193
E00120756,209,110,99
E00120758,259,121,138
E00120760,329,152,177
E00120765,368,169,199
E00120766,275,137,138
E00120753,276,133,143
E00120757,391,200,191
E00120763,216,112,104
E00120767,351,190,161
E00120769,257,131,126
E00120770,424,238,186
E00120759,328,153,175
E00120761,236,126,110
E00120762,304,153,151
E00120764,250,123,127
E00120768,279,136,143
E00120654,290,148,142
E00120655,277,153,124
E00120659,325,173,152
E00120660,310,170,140
E00120662,302,167,135
E00120649,281,155,126
E00120650,335,169,166
E00120664,312,169,143
E00120667,371,200,171
E00120668,253,130,123
E00120661,313,159,154
E00120663,533,281,252
E00120665,355,173,182
E00120666,347,183,164
E00169680,296,151,145
E00169681,135,68,67
E00169693,198,102,96
E00120652,326,166,160
E00120653,311,158,153
E00120656,295,149,146
E00120657,286,139,147
E00120658,378,201,177
E00120625,391,180,211
E00120627,348,186,162
E00120628,325,172,153
E00120646,314,167,147
E00120648,321,164,157
E00120629,347,172,175
E00120630,336,168,168
E00120635,325,157,168
E00120641,317,155,162
E00120647,377,200,177
E00120631,350,189,161
E00120632,360,198,162
E00120636,283,147,136
E00120639,294,148,146
E00120642,322,169,153
E00120643,401,201,200
E00120634,207,108,99
E00120637,254,123,131
E00189375,208,119,89
E00189381,226,109,117
E00189415,199,89,110
E00189424,183,83,100
E00120626,252,147,105
E00120633,272,126,146
E00120638,294,135,159
E00120644,205,114,91
E00120645,342,151,191
E00120603,304,159,145
E00120614,291,166,125
E00120616,193,105,88
E00120620,114,51,63
E00120623,322,167,155
E00120618,283,151,132
E00120619,317,167,150
E00120621,295,145,150
E00120622,299,154,145
E00120606,372,191,181
E00120609,383,191,192
E00120611,345,180,165
E00120624,360,180,180
E00120604,261,120,141
E00120605,305,153,152
E00120607,550,275,275
E00120608,272,153,119
E00120612,289,142,147
E00120610,371,177,194
E00120613,369,193,176
E00120615,282,134,148
E00120617,302,153,149
E00120812,298,156,142
E00120813,343,169,174
E00120821,350,166,184
E00120825,337,157,180
E00120826,365,194,171
E00120810,343,189,154
E00120811,321,170,151
E00120815,314,147,167
E00120816,344,162,182
E00120829,328,176,152
E00120814,327,165,162
E00120817,277,147,130
E00120820,238,108,130
E00120822,337,177,160
E00120824,328,153,175
E00120818,355,172,183
E00120819,327,175,152
E00120823,298,155,143
E00120827,281,144,137
E00120828,363,185,178
E00120782,198,81,117
E00120783,349,175,174
E00120784,450,214,236
E00120785,333,167,166
E00120789,371,180,191
E00120772,329,174,155
E00120777,377,191,186
E00120786,381,191,190
E00120788,241,131,110
E00120790,272,142,130
E00120771,327,170,157
E00120773,361,180,181
E00120774,288,152,136
E00120775,537,284,253
E00120787,428,202,226
E00120776,473,226,247
E00120778,335,171,164
E00120779,325,168,157
E00120780,411,204,207
E00120781,340,172,168
E00120670,327,152,175
E00120672,325,165,160
E00120673,588,274,314
E00120676,299,147,152
E00120677,332,161,171
E00120678,190,99,91
E00120679,255,126,129
E00120680,272,139,133
E00120681,236,112,124
E00120682,339,174,165
E00120683,316,162,154
E00120684,300,153,147
E00120685,389,199,190
E00120686,251,131,120
E00120669,307,170,137
E00120671,320,156,164
E00120674,336,175,161
E00120675,299,155,144
E00120687,336,173,163
E00120694,275,140,135
E00120696,300,163,137
E00120697,298,156,142
E00120698,223,110,113
E00120699,414,197,217
E00120690,234,118,116
E00120692,321,158,163
E00120693,278,139,139
E00120695,333,170,163
E00120705,310,163,147
E00120708,278,134,144
E00120688,295,150,145
E00120689,281,149,132
E00120691,287,144,143
E00120706,340,167,173
E00120707,293,149,144
E00120700,257,126,131
E00120701,297,147,150
E00120703,342,160,182
E00120704,336,163,173
E00189443,437,217,220
E00154005,314,164,150
E00154006,221,107,114
E00154007,193,97,96
E00154008,124,62,62
E00154009,219,114,105
E00154010,306,151,155
E00154011,200,105,95
E00154012,264,129,135
E00187867,303,145,158
E00154107,336,169,167
E00154108,269,127,142
E00154109,199,90,109
E00154110,123,67,56
E00154111,224,123,101
E00154112,315,160,155
E00154113,316,156,160
E00154114,239,131,108
E00154130,393,199,194
E00154131,378,185,193
E00154132,124,66,58
E00154133,202,101,101
E00154134,218,117,101
E00154135,173,89,84
E00154136,422,223,199
E00154137,188,90,98
E00153738,268,142,126
E00153739,342,173,169
E00153740,207,111,96
E00153741,435,223,212
E00153742,385,193,192
E00153743,258,133,125
E00153744,147,74,73
E00153745,132,63,69
E00153845,404,204,200
E00153847,325,171,154
E00153848,277,152,125
E00153851,545,281,264
E00187957,114,59,55
E00187977,486,269,217
E00153843,296,154,142
E00153844,573,289,284
E00153846,345,203,142
E00153850,377,196,181
E00187924,389,199,190
E00187973,276,155,121
E00153838,248,127,121
E00153839,240,118,122
E00153840,280,135,145
E00153841,277,141,136
E00153852,356,191,165
E00153860,150,82,68
E00153861,158,81,77
E00153862,236,126,110
E00153863,376,192,184
E00153864,190,98,92
E00153865,237,127,110
E00153866,302,147,155
E00153867,229,117,112
E00153868,191,98,93
E00153916,281,147,134
E00153917,248,129,119
E00153918,265,134,131
E00153928,281,141,140
E00187896,309,162,147
E00187911,266,142,124
E00154046,255,132,123
E00154047,390,203,187
E00154048,363,186,177
E00154059,281,145,136
E00154054,261,130,131
E00154055,332,169,163
E00154056,236,125,111
E00154057,229,123,106
E00154058,271,133,138
E00187888,388,204,184
E00187912,105,57,48
E00187918,450,225,225
E00154050,259,146,113
E00154051,340,183,157
E00173885,285,168,117
E00173887,223,114,109
E00173888,472,241,231
E00173894,277,141,136
E00187920,310,168,142
E00187949,339,174,165
E00154068,274,138,136
E00154069,295,162,133
E00154070,119,64,55
E00154071,341,173,168
E00154072,331,174,157
E00154073,338,173,165
E00154074,103,52,51
E00154075,182,94,88
E00153723,171,102,69
E00153724,143,73,70
E00153726,221,132,89
E00153729,194,110,84
E00153730,288,156,132
E00153734,237,134,103
E00153735,215,117,98
E00153736,251,135,116
E00153737,323,165,158
E00153725,122,66,56
E00153727,149,80,69
E00153728,163,83,80
E00153731,152,89,63
E00153732,251,137,114
E00153733,331,164,167
E00153923,153,72,81
E00153925,310,158,152
E00153926,241,118,123
E00153929,267,139,128
E00153930,283,140,143
E00153932,353,191,162
E00153920,286,145,141
E00153922,237,112,125
E00153924,297,141,156
E00153927,215,110,105
E00153931,288,150,138
E00153936,365,184,181
E00153919,386,202,184
E00153921,268,149,119
E00153934,337,174,163
E00153935,247,134,113
E00153937,360,186,174
E00153959,242,115,127
E00153968,162,81,81
E00153969,423,213,210
E00153970,235,119,116
E00153971,358,175,183
E00187914,257,140,117
E00187980,381,192,189
E00153955,247,128,119
E00153956,270,145,125
E00153960,207,110,97
E00153961,308,155,153
E00153962,334,178,156
E00187881,177,81,96
E00187995,249,131,118
E00153957,312,165,147
E00153963,298,161,137
E00153964,337,174,163
E00153965,356,185,171
E00153967,280,148,132
E00154115,271,142,129
E00154116,258,130,128
E00154117,251,130,121
E00154118,311,162,149
E00154119,295,159,136
E00154120,298,161,137
E00154121,257,140,117
E00154122,292,159,133
E00153853,295,154,141
E00153854,426,227,199
E00153855,300,153,147
E00153856,229,110,119
E00153857,315,164,151
E00153858,382,203,179
E00153859,458,229,229
E00153995,315,156,159
E00153996,182,101,81
E00153997,332,173,159
E00153998,176,85,91
E00153999,118,60,58
E00154000,398,210,188
E00154001,326,162,164
E00154002,385,189,196
E00154123,248,123,125
E00154124,172,85,87
E00154125,354,187,167
E00154126,483,237,246
E00154127,301,165,136
E00154128,230,113,117
E00154129,359,181,178
E00153987,177,85,92
E00153989,144,71,73
E00153990,222,103,119
E00153991,223,114,109
E00153992,321,164,157
E00153994,263,144,119
E00187866,402,203,199
E00154078,326,159,167
E00154080,406,199,207
E00173863,229,107,122
E00173880,427,92,335
E00173896,198,106,92
E00154014,513,245,268
E00154017,383,211,172
E00173878,267,143,124
E00173881,324,157,167
E00173882,256,135,121
E00153869,143,70,73
E00153873,376,192,184
E00153875,301,147,154
E00153876,394,205,189
E00153877,256,136,120
E00173879,420,211,209
E00173886,862,88,774
E00173897,124,61,63
E00154076,482,240,242
E00154077,290,145,145
E00154079,175,86,89
E00154081,338,174,164
E00154013,460,233,227
E00154015,381,193,188
E00154016,327,171,156
E00187943,625,323,302
E00187997,113,52,61
E00153746,262,145,117
E00153747,255,135,120
E00153748,311,164,147
E00153749,303,152,151
E00153750,294,153,141
E00153751,238,112,126
E00153752,332,164,168
E00153909,258,135,123
E00153910,283,144,139
E00153911,305,172,133
E00153912,287,153,134
E00153913,260,128,132
E00153914,318,172,146
E00153915,284,142,142
E00154020,310,169,141
E00154021,243,138,105
E00154022,332,179,153
E00154023,251,126,125
E00154024,243,135,108
E00154025,316,164,152
E00154026,279,145,134
E00154060,306,161,145
E00154061,233,139,94
E00154062,234,129,105
E00154063,227,118,109
E00154064,264,150,114
E00154065,210,114,96
E00154066,200,121,79
E00154067,240,134,106
E00153881,292,155,137
E00153890,274,142,132
E00153891,265,139,126
E00153892,321,158,163
E00173872,343,185,158
E00173873,377,199,178
E00173877,496,260,236
E00173884,373,182,191
E00153880,365,189,176
E00153883,377,197,180
E00153887,341,168,173
E00153888,297,152,145
E00153896,283,144,139
E00153897,247,110,137
E00153898,283,148,135
E00153900,238,120,118
E00153904,253,125,128
E00153905,322,161,161
E00153908,272,145,127
E00153899,279,141,138
E00153901,247,135,112
E00153902,361,191,170
E00153903,302,159,143
E00153906,285,143,142
E00153907,224,121,103
E00154039,305,157,148
E00154040,299,158,141
E00154041,370,188,182
E00154043,327,163,164
E00154044,306,160,146
E00153878,439,228,211
E00153884,315,153,162
E00153886,366,183,183
E00173868,199,105,94
E00173869,272,142,130
E00173875,357,146,211
E00153938,266,129,137
E00153941,339,170,169
E00153942,260,135,125
E00165669,136,66,70
E00173865,234,123,111
E00173874,448,238,210
E00187899,351,175,176
E00187947,314,164,150
E00153939,227,107,120
E00153944,211,113,98
E00153946,269,140,129
E00153947,314,147,167
E00153948,241,131,110
E00153950,243,126,117
E00153949,303,153,150
E00153951,278,143,135
E00153952,267,147,120
E00153953,251,127,124
E00153954,263,131,132
E00153972,278,140,138
E00153973,276,138,138
E00153978,312,150,162
E00153985,205,107,98
E00153986,275,149,126
E00173862,204,97,107
E00173864,192,100,92
E00173866,237,123,114
E00173867,195,100,95
E00173870,245,125,120
E00173892,160,80,80
E00173893,156,84,72
E00173895,199,99,100
E00173871,243,117,126
E00173876,402,202,200
E00173883,209,108,101
E00173890,217,112,105
E00173891,265,132,133
E00173898,205,106,99
E00153879,330,174,156
E00153882,383,199,184
E00153885,259,135,124
E00153895,248,116,132
E00173889,239,131,108
E00153979,279,140,139
E00153980,205,103,102
E00153981,225,115,110
E00153982,541,282,259
E00153984,312,143,169
E00153974,220,106,114
E00153975,252,129,123
E00153976,459,246,213
E00153977,335,174,161
E00153983,547,288,259
E00154030,320,159,161
E00154032,317,160,157
E00154042,259,129,130
E00154045,383,197,186
E00187919,135,73,62
E00187952,488,243,245
E00154027,343,184,159
E00154029,330,165,165
E00154031,302,146,156
E00154033,316,150,166
E00154034,308,159,149
E00154035,381,188,193
E00154036,319,155,164
E00154037,317,147,170
E00154038,151,91,60
E00153819,301,154,147
E00153821,332,169,163
E00153822,284,144,140
E00153824,307,158,149
E00153825,301,150,151
E00153828,328,165,163
E00154095,310,154,156
E00154098,298,153,145
E00154100,323,170,153
E00154106,283,129,154
E00154093,209,92,117
E00154094,421,185,236
E00154097,284,145,139
E00154099,474,253,221
E00154105,285,147,138
E00154096,326,163,163
E00154101,314,155,159
E00154102,326,180,146
E00154103,279,149,130
E00154104,236,128,108
E00154083,188,90,98
E00154084,303,147,156
E00154085,334,168,166
E00154086,260,134,126
E00154087,347,175,172
E00154088,279,147,132
E00154089,184,102,82
E00154090,350,186,164
E00154091,303,156,147
E00154092,374,190,184
E00153755,109,55,54
E00153756,363,192,171
E00153757,260,136,124
E00153758,259,128,131
E00153760,230,120,110
E00153767,236,125,111
E00153768,368,182,186
E00153773,224,117,107
E00153776,289,152,137
E00153779,272,131,141
E00153782,328,155,173
E00153784,299,150,149
E00153785,290,155,135
E00153786,290,150,140
E00153787,335,196,139
E00153791,315,176,139
E00153807,263,141,122
E00153808,291,163,128
E00153809,353,182,171
E00153810,258,145,113
E00153812,289,146,143
E00153753,314,159,155
E00153754,308,164,144
E00153759,255,134,121
E00153761,260,140,120
E00153762,268,143,125
E00153763,251,134,117
E00153764,102,61,41
E00153765,262,141,121
E00153766,291,157,134
E00153769,215,118,97
E00153771,255,125,130
E00153772,128,83,45
E00153774,237,115,122
E00153775,257,135,122
E00153783,462,239,223
E00153770,273,133,140
E00153777,302,160,142
E00153778,567,288,279
E00153780,250,128,122
E00153781,296,144,152
E00153817,269,140,129
E00153820,253,131,122
E00153833,212,113,99
E00153834,412,217,195
E00153835,269,137,132
E00153815,226,111,115
E00153816,301,131,170
E00153818,273,126,147
E00153831,278,160,118
E00153832,271,131,140
E00153837,230,114,116
E00153823,217,111,106
E00153826,256,129,127
E00153827,269,145,124
E00153829,310,174,136
E00153830,361,184,177
E00153836,283,157,126
E00153788,307,169,138
E00153789,347,190,157
E00153790,219,107,112
E00153792,298,140,158
E00153793,312,150,162
E00153794,355,165,190
E00153795,310,171,139
E00153796,285,144,141
E00153797,444,235,209
E00153798,396,220,176
E00153799,259,133,126
E00153803,306,155,151
E00153804,297,156,141
E00153805,335,161,174
E00153806,266,143,123
E00153813,243,130,113
E00153800,304,157,147
E00153801,299,150,149
E00153802,230,127,103
E00153811,207,111,96
E00153814,286,153,133
E00154236,303,160,143
E00154237,211,110,101
E00154238,276,149,127
E00154240,240,131,109
E00154241,279,137,142
E00154242,262,128,134
E00154243,339,168,171
E00154247,265,143,122
E00154248,348,173,175
E00154249,250,132,118
E00154250,269,134,135
E00154235,321,165,156
E00154239,264,134,130
E00154244,258,140,118
E00154245,266,151,115
E00154246,288,149,139
E00154339,350,178,172
E00154341,302,145,157
E00154343,349,178,171
E00154344,145,72,73
E00154340,312,155,157
E00154345,205,107,98
E00154346,189,95,94
E00173915,118,55,63
E00173916,226,109,117
E00154349,311,157,154
E00154353,273,134,139
E00154354,281,149,132
E00154358,351,186,165
E00154359,293,157,136
E00154367,198,100,98
E00154368,209,114,95
E00154369,239,130,109
E00154370,293,155,138
E00154371,341,172,169
E00154434,314,149,165
E00154439,246,124,122
E00154440,326,172,154
E00154451,282,168,114
E00154435,355,188,167
E00154447,322,164,158
E00154448,246,135,111
E00154449,278,144,134
E00154450,216,102,114
E00154429,457,255,202
E00154430,332,167,165
E00154433,509,270,239
E00154446,291,154,137
E00173899,435,233,202
E00173900,293,143,150
E00173901,293,155,138
E00154378,337,173,164
E00154379,254,145,109
E00154383,500,264,236
E00154384,267,126,141
E00154385,264,132,132
E00154377,255,121,134
E00154380,395,202,193
E00154381,269,137,132
E00154382,252,132,120
E00187877,553,283,270
E00187904,295,158,137
E00187931,184,88,96
E00154386,288,146,142
E00154393,210,114,96
E00154394,215,113,102
E00154395,188,94,94
E00154396,287,148,139
E00154397,236,118,118
E00154431,376,198,178
E00154432,296,157,139
E00154437,315,169,146
E00154443,246,126,120
E00154445,305,166,139
E00154436,308,156,152
E00154438,256,130,126
E00154441,228,115,113
E00154442,306,152,154
E00154444,268,140,128
E00154274,330,165,165
E00154276,289,151,138
E00154277,260,135,125
E00154279,262,132,130
E00154293,273,135,138
E00154291,260,134,126
E00154292,417,221,196
E00154294,267,139,128
E00154295,365,209,156
E00154296,262,133,129
E00154268,310,160,150
E00154269,286,134,152
E00154278,302,150,152
E00154280,291,154,137
E00154281,328,182,146
E00154285,264,131,133
E00154270,258,121,137
E00154283,239,111,128
E00154284,403,202,201
E00154287,302,146,156
E00154288,267,132,135
E00154289,253,119,134
E00154290,309,117,192
E00154360,299,157,142
E00154361,320,164,156
E00154362,314,168,146
E00154364,280,146,134
E00154365,277,158,119
E00154350,314,173,141
E00154351,297,157,140
E00154352,287,132,155
E00154363,294,150,144
E00154366,247,125,122
E00154319,348,170,178
E00154321,272,128,144
E00154322,302,164,138
E00154323,354,177,177
E00154347,282,148,134
E00154348,307,158,149
E00154355,319,164,155
E00154356,331,166,165
E00154357,250,121,129
E00154388,324,172,152
E00154389,332,178,154
E00154391,235,114,121
E00154398,374,205,169
E00154400,299,151,148
E00154492,254,136,118
E00154493,284,141,143
E00154496,308,146,162
E00154499,365,184,181
E00154502,298,149,149
E00154490,230,122,108
E00154494,253,121,132
E00154497,176,97,79
E00154498,299,145,154
E00154500,258,135,123
E00154501,239,124,115
E00154203,315,160,155
E00154204,305,149,156
E00154205,261,140,121
E00154207,268,141,127
E00154213,318,164,154
E00154206,282,131,151
E00154208,317,163,154
E00154209,323,164,159
E00154210,292,145,147
E00154212,281,140,141
E00154372,324,171,153
E00154373,357,184,173
E00154374,330,165,165
E00154375,301,161,140
E00154387,302,143,159
E00154390,346,196,150
E00154392,164,78,86
E00154399,284,139,145
E00154401,264,142,122
E00154402,277,137,140
E00154503,257,141,116
E00154506,244,128,116
E00154507,335,179,156
E00154513,260,132,128
E00154515,320,162,158
E00154271,311,156,155
E00154272,401,201,200
E00154273,250,134,116
E00154275,294,166,128
E00154282,192,107,85
E00187875,328,138,190
E00187976,116,54,62
E00154324,214,115,99
E00154325,289,157,132
E00154328,297,153,144
E00154329,271,151,120
E00154330,339,183,156
E00154315,296,147,149
E00154333,301,152,149
E00154334,330,137,193
E00154335,267,126,141
E00154338,320,164,156
E00154314,247,102,145
E00154316,211,98,113
E00154317,261,120,141
E00154318,334,133,201
E00154320,290,135,155
E00154331,256,130,126
E00154419,252,119,133
E00154421,181,88,93
E00154423,291,156,135
E00154424,229,117,112
E00154426,266,149,117
E00154326,343,176,167
E00154327,286,148,138
E00154332,272,148,124
E00154336,308,173,135
E00154337,330,162,168
E00154404,229,110,119
E00154420,181,101,80
E00154422,209,133,76
E00154425,375,197,178
E00154428,207,114,93
E00154403,278,150,128
E00154416,279,143,136
E00154417,334,179,155
E00154418,262,142,120
E00154495,235,131,104
E00154509,400,215,185
E00154511,240,128,112
E00154512,281,156,125
E00154514,221,120,101
E00154491,271,150,121
E00154504,291,137,154
E00154505,345,183,162
E00154508,251,119,132
E00154510,315,154,161
E00154199,345,188,157
E00154200,344,183,161
E00154201,301,152,149
E00154202,280,146,134
E00154211,282,147,135
E00154217,347,182,165
E00154218,269,139,130
E00154227,234,120,114
E00154231,336,163,173
E00154232,253,134,119
E00154234,420,228,192
E00154220,292,150,142
E00154223,295,154,141
E00154233,213,99,114
E00173902,370,191,179
E00173905,316,156,160
E00173910,317,160,157
E00173911,299,163,136
E00173912,489,283,206
E00173914,321,164,157
E00154221,278,149,129
E00154222,239,130,109
E00154225,314,153,161
E00154226,349,175,174
E00154230,575,292,283
E00154139,284,148,136
E00154140,312,160,152
E00154145,369,196,173
E00154150,302,167,135
E00154151,255,133,122
E00154153,274,137,137
E00154146,219,111,108
E00154148,296,163,133
E00154149,265,148,117
E00154152,250,128,122
E00154154,277,138,139
E00154155,329,189,140
E00154138,277,136,141
E00154141,278,146,132
E00154142,232,127,105
E00154143,238,127,111
E00154144,282,165,117
E00154147,290,131,159
E00154159,350,196,154
E00154160,348,182,166
E00154161,271,143,128
E00154166,279,137,142
E00154167,236,115,121
E00154157,259,141,118
E00154158,258,137,121
E00154162,355,184,171
E00154163,286,156,130
E00154164,278,134,144
E00154172,260,135,125
E00154156,397,211,186
E00154165,273,130,143
E00154168,210,98,112
E00154169,293,157,136
E00154170,397,200,197
E00154171,285,147,138
E00154479,211,104,107
E00154480,187,96,91
E00154481,249,124,125
E00154482,216,107,109
E00154483,137,69,68
E00154484,330,176,154
E00154485,159,78,81
E00154486,136,73,63
E00154487,113,52,61
E00154488,219,110,109
E00154489,149,72,77
E00154519,301,146,155
E00154520,265,140,125
E00154521,281,148,133
E00154524,256,127,129
E00154526,334,171,163
E00154516,349,172,177
E00154517,125,70,55
E00154518,433,223,210
E00173906,200,103,97
E00173907,270,138,132
E00173913,288,153,135
E00154523,255,130,125
E00154525,216,109,107
E00154527,127,65,62
E00154528,269,146,123
E00154529,258,139,119
E00154530,301,145,156
E00154214,440,216,224
E00154216,260,135,125
E00154228,363,183,180
E00154229,273,148,125
E00173904,251,132,119
E00173908,326,155,171
E00154305,286,148,138
E00154306,225,111,114
E00154307,281,149,132
E00154308,236,117,119
E00154309,228,115,113
E00154311,233,114,119
E00154297,262,130,132
E00154299,334,178,156
E00154302,242,125,117
E00154304,249,125,124
E00173903,286,141,145
E00173909,331,176,155
E00154298,512,270,242
E00154301,217,116,101
E00154303,215,109,106
E00154310,357,187,170
E00154312,267,143,124
E00154313,252,127,125
E00154406,272,152,120
E00154407,272,150,122
E00154410,234,119,115
E00154411,286,150,136
E00154415,225,123,102
E00154427,258,135,123
E00154405,302,153,149
E00154408,195,103,92
E00154409,243,134,109
E00154412,248,138,110
E00154413,256,134,122
E00154414,213,112,101
E00154182,263,139,124
E00154183,244,138,106
E00154189,268,142,126
E00154191,212,119,93
E00154192,238,112,126
E00154194,266,124,142
E00154197,307,159,148
E00154184,273,134,139
E00154190,321,172,149
E00154195,319,175,144
E00154196,295,153,142
E00154198,319,166,153
E00154185,347,179,168
E00154186,360,180,180
E00154187,319,167,152
E00154188,303,137,166
E00154193,354,191,163
E00154469,280,108,172
E00154470,180,84,96
E00154471,299,150,149
E00154472,282,138,144
E00154473,183,90,93
E00154474,205,105,100
E00154475,182,91,91
E00154476,229,123,106
E00154477,163,86,77
E00154478,249,123,126
E00154453,301,153,148
E00154454,323,173,150
E00154455,323,182,141
E00154456,193,104,89
E00154460,178,91,87
E00154531,122,58,64
E00154532,437,205,232
E00154533,179,83,96
E00154534,431,209,222
E00154535,154,77,77
E00154536,149,72,77
E00154537,251,128,123
E00154538,306,157,149
E00154539,320,167,153
E00154457,257,142,115
E00154458,218,114,104
E00154459,352,190,162
E00154461,226,125,101
E00154462,176,95,81
E00154463,139,70,69
E00154464,123,63,60
E00154465,177,100,77
E00154466,187,104,83
E00154467,121,61,60
E00154468,203,107,96
E00154173,172,86,86
E00154174,330,178,152
E00154175,323,170,153
E00154176,205,111,94
E00154177,212,100,112
E00154178,270,136,134
E00154179,109,50,59
E00154180,173,97,76
E00154181,351,175,176
E00154259,327,161,166
E00154260,438,226,212
E00154262,257,128,129
E00154263,289,149,140
E00154264,206,111,95
E00154254,239,128,111
E00154255,245,129,116
E00154261,315,151,164
E00154265,360,188,172
E00154266,245,136,109
E00154267,401,229,172
E00154251,235,114,121
E00154252,245,127,118
E00154253,256,131,125
E00154256,224,125,99
E00154257,362,178,184
E00154258,283,139,144
E00152513,259,119,140
E00152514,274,139,135
E00152515,201,113,88
E00152521,235,123,112
E00152524,439,220,219
E00152526,258,146,112
E00152510,274,146,128
E00152511,286,134,152
E00152512,248,112,136
E00152516,383,201,182
E00152517,343,173,170
E00152518,319,166,153
E00152523,342,172,170
E00152525,231,107,124
E00152509,215,103,112
E00152519,424,206,218
E00152520,329,168,161
E00152522,418,208,210
E00152527,255,126,129
E00152528,211,110,101
E00152529,315,154,161
E00152534,247,131,116
E00152535,340,148,192
E00152537,245,127,118
E00152538,253,123,130
E00152539,325,165,160
E00152540,232,119,113
E00152541,195,90,105
E00152530,257,126,131
E00152531,330,160,170
E00152532,259,131,128
E00152533,392,196,196
E00152536,357,172,185
E00152595,434,216,218
E00152596,322,173,149
E00152604,277,142,135
E00152605,249,122,127
E00152606,294,139,155
E00152598,505,248,257
E00152599,309,167,142
E00152600,288,149,139
E00152601,315,154,161
E00152603,271,141,130
E00152597,304,151,153
E00152602,365,177,188
E00152607,415,192,223
E00152608,244,123,121
E00152609,279,135,144
E00183330,116,56,60
E00183341,150,70,80
E00183353,147,68,79
E00183356,191,93,98
E00183357,153,79,74
E00183401,964,249,715
E00183405,814,399,415
E00152550,300,138,162
E00183336,419,216,203
E00183375,462,224,238
E00183394,131,65,66
E00152610,338,170,168
E00152611,310,167,143
E00152613,363,185,178
E00152614,232,117,115
E00152615,443,221,222
E00183403,185,93,92
E00183412,465,222,243
E00152557,409,203,206
E00165736,538,265,273
E00183342,464,228,236
E00183355,625,172,453
E00183391,160,81,79
E00152558,280,139,141
E00152562,148,73,75
E00152564,387,192,195
E00165735,410,209,201
E00152552,442,206,236
E00152556,314,149,165
E00165733,545,270,275
E00183369,258,142,116
E00183383,334,151,183
E00165738,278,128,150
E00183321,270,127,143
E00183322,187,86,101
E00183420,169,58,111
E00183421,349,128,221
E00152563,373,192,181
E00183346,364,183,181
E00183363,326,165,161
E00183387,269,142,127
E00152576,298,150,148
E00152580,373,205,168
E00152581,353,181,172
E00152586,497,258,239
E00152575,302,150,152
E00152582,235,117,118
E00152583,283,137,146
E00152588,380,195,185
E00183327,207,73,134
E00183333,190,58,132
E00152577,307,166,141
E00152579,294,150,144
E00152584,274,138,136
E00152585,226,107,119
E00152587,222,130,92
E00152617,382,181,201
E00152621,249,120,129
E00152624,294,142,152
E00152626,310,163,147
E00152627,324,164,160
E00173920,286,131,155
E00173921,296,166,130
E00152616,293,147,146
E00152618,363,181,182
E00152619,332,168,164
E00152620,318,156,162
E00152623,260,134,126
E00152625,419,190,229
E00152628,268,139,129
E00152589,141,66,75
E00152590,406,215,191
E00152591,331,170,161
E00152592,154,77,77
E00152593,391,202,189
E00152594,420,205,215
E00152677,212,113,99
E00152679,200,101,99
E00152680,229,122,107
E00152681,250,131,119
E00183331,235,130,105
E00183340,505,256,249
E00183371,463,263,200
E00183404,157,84,73
E00152629,274,129,145
E00152631,268,137,131
E00152632,500,255,245
E00152635,225,111,114
E00173918,395,203,192
E00152634,238,120,118
E00173932,361,179,182
E00173933,310,143,167
E00183364,141,74,67
E00183388,159,76,83
E00183389,579,277,302
E00173930,388,187,201
E00173931,377,181,196
E00173934,294,148,146
E00173935,617,318,299
E00183381,292,159,133
E00183324,475,241,234
E00183326,237,110,127
E00183366,101,56,45
E00183367,312,173,139
E00152568,269,145,124
E00152569,280,133,147
E00152570,376,193,183
E00152571,258,128,130
E00152572,604,303,301
E00152573,276,147,129
E00152574,255,134,121
E00152657,356,175,181
E00152659,239,110,129
E00152664,259,135,124
E00152666,265,143,122
E00152676,235,114,121
E00152661,234,102,132
E00152662,226,111,115
E00152663,338,145,193
E00152667,244,118,126
E00152668,214,122,92
E00152670,493,255,238
E00152656,393,217,176
E00152658,515,254,261
E00152674,247,129,118
E00152675,293,137,156
E00152660,287,145,142
E00152665,308,150,158
E00152673,311,146,165
E00173922,296,154,142
E00152669,221,111,110
E00152672,395,202,193
E00173923,309,165,144
E00173924,334,208,126
E00153398,225,124,101
E00153399,528,278,250
E00153400,109,55,54
E00153403,363,190,173
E00153409,374,193,181
E00153410,248,124,124
E00153411,312,164,148
E00153412,254,134,120
E00153417,263,129,134
E00153408,374,199,175
E00153414,122,60,62
E00153416,239,120,119
E00183320,509,246,263
E00153686,291,145,146
E00153687,288,159,129
E00153689,301,153,148
E00153691,313,160,153
E00153692,233,124,109
E00153685,545,286,259
E00153688,341,176,165
E00153690,271,140,131
E00153693,330,166,164
E00153401,257,126,131
E00153402,327,172,155
E00153404,138,69,69
E00153405,159,79,80
E00153406,352,175,177
E00153407,181,97,84
E00153561,357,186,171
E00153562,341,167,174
E00153563,360,187,173
E00153564,270,145,125
E00153565,293,151,142
E00153566,324,187,137
E00153567,354,176,178
E00153623,303,158,145
E00153624,334,177,157
E00169937,234,113,121
E00169955,644,121,523
E00153616,215,105,110
E00153618,260,133,127
E00153619,309,162,147
E00153620,302,159,143
E00153621,175,76,99
E00153622,112,45,67
E00153608,334,169,165
E00153609,309,167,142
E00153611,337,172,165
E00153612,416,211,205
E00153610,342,180,162
E00153613,335,171,164
E00153614,241,139,102
E00153615,336,159,177
E00153658,224,118,106
E00153663,277,136,141
E00153665,344,166,178
E00153666,290,138,152
E00153668,221,115,106
E00153670,264,137,127
E00153659,317,156,161
E00153660,320,152,168
E00153667,286,154,132
E00153669,304,159,145
E00153656,171,79,92
E00153657,210,103,107
E00153661,356,193,163
E00153662,377,194,183
E00153664,387,196,191
E00153466,306,155,151
E00153467,354,197,157
E00153469,300,148,152
E00153470,228,123,105
E00153471,318,155,163
E00153472,339,175,164
E00183323,242,111,131
E00183328,482,249,233
E00153648,266,131,135
E00153649,319,163,156
E00153650,166,87,79
E00153651,413,213,200
E00153652,374,189,185
E00153653,329,159,170
E00153654,316,162,154
E00153655,268,138,130
E00153459,380,147,233
E00153462,309,173,136
E00153463,278,141,137
E00153464,368,194,174
E00153465,306,155,151
E00183316,187,100,87
E00183317,234,116,118
E00183318,223,110,113
E00183386,125,61,64
E00183396,582,307,275
E00183419,219,130,89
E00153595,214,111,103
E00153597,306,158,148
E00153598,268,132,136
E00153601,335,165,170
E00153591,340,167,173
E00153592,391,184,207
E00153596,295,151,144
E00153599,283,152,131
E00153603,293,158,135
E00153604,263,135,128
E00153605,240,121,119
E00153606,287,148,139
E00153607,238,127,111
E00169938,316,163,153
E00169940,350,174,176
E00169943,341,168,173
E00169944,395,189,206
E00169941,589,312,277
E00169942,362,162,200
E00169946,372,182,190
E00153594,565,276,289
E00153600,168,89,79
E00153602,478,237,241
E00153386,318,181,137
E00153387,265,139,126
E00153389,254,129,125
E00153394,366,180,186
E00153395,250,119,131
E00153396,383,182,201
E00153382,348,154,194
E00153383,276,136,140
E00153388,275,143,132
E00153390,250,140,110
E00153391,275,136,139
E00153392,192,90,102
E00153640,303,155,148
E00153641,351,174,177
E00153642,265,132,133
E00169926,152,78,74
E00169927,365,157,208
E00169939,167,96,71
E00153634,338,184,154
E00153645,222,116,106
E00169928,260,151,109
E00169929,165,85,80
E00169945,163,90,73
E00153635,239,101,138
E00153636,227,114,113
E00153644,354,154,200
E00153646,258,115,143
E00153633,320,157,163
E00153637,263,127,136
E00153638,271,146,125
E00153639,242,126,116
E00153380,266,131,135
E00153381,250,129,121
E00153384,309,174,135
E00153385,230,116,114
E00153393,181,92,89
E00153397,252,124,128
E00153579,301,154,147
E00153580,429,154,275
E00153581,362,168,194
E00153586,280,138,142
E00153588,281,148,133
E00153575,388,193,195
E00153577,238,133,105
E00153578,249,128,121
E00153585,233,116,117
E00153587,223,116,107
E00153590,266,137,129
E00153576,240,128,112
E00153582,277,129,148
E00153583,308,163,145
E00153584,292,154,138
E00153589,267,144,123
E00153698,335,168,167
E00153700,266,135,131
E00153702,283,149,134
E00153707,297,167,130
E00153694,283,144,139
E00153696,289,152,137
E00153704,275,145,130
E00153705,291,148,143
E00153706,313,150,163
E00153418,321,171,150
E00153419,414,206,208
E00153420,288,154,134
E00153421,576,298,278
E00153422,361,181,180
E00153423,161,87,74
E00153424,280,138,142
E00153425,189,103,86
E00153435,149,80,69
E00153436,404,204,200
E00153437,137,67,70
E00153438,291,146,145
E00153439,299,156,143
E00153440,317,165,152
E00153441,126,60,66
E00153442,477,239,238
E00153545,283,151,132
E00153546,275,138,137
E00153547,290,154,136
E00153548,269,143,126
E00153549,387,194,193
E00153550,375,200,175
E00153551,188,91,97
E00153552,145,85,60
E00153626,155,75,80
E00153627,190,100,90
E00153630,433,226,207
E00153631,457,237,220
E00153625,559,291,268
E00153628,483,241,242
E00153629,261,137,124
E00153632,190,92,98
E00153672,307,157,150
E00153673,303,162,141
E00153676,236,140,96
E00153678,406,216,190
E00153679,374,210,164
E00153671,332,169,163
E00153675,219,114,105
E00153680,306,151,155
E00153681,281,141,140
E00153684,271,141,130
E00153674,327,171,156
E00153677,348,192,156
E00153682,285,141,144
E00153683,308,162,146
E00153695,270,142,128
E00153697,286,146,140
E00153699,323,167,156
E00153701,265,135,130
E00153703,322,172,150
E00153450,413,234,179
E00153456,176,91,85
E00153458,246,130,116
E00183360,190,96,94
E00183393,390,216,174
E00153451,305,165,140
E00153452,164,88,76
E00153454,211,120,91
E00153455,231,128,103
E00153457,229,118,111
E00153426,313,159,154
E00153427,330,176,154
E00153428,150,71,79
E00153429,283,144,139
E00153430,239,120,119
E00153431,100,51,49
E00153432,119,59,60
E00153433,204,100,104
E00153434,217,102,115
E00153443,266,135,131
E00153444,324,179,145
E00153445,235,127,108
E00153446,387,240,147
E00153447,308,167,141
E00153448,482,244,238
E00153449,276,132,144
E00153708,214,102,112
E00153709,292,145,147
E00153710,295,131,164
E00153711,247,130,117
E00153712,305,156,149
E00153713,282,147,135
E00153714,327,171,156
E00153715,323,156,167
E00153568,148,67,81
E00153569,288,151,137
E00153570,486,257,229
E00153571,305,151,154
E00153572,308,157,151
E00153573,287,145,142
E00153574,392,214,178
E00153716,305,155,150
E00153717,406,208,198
E00153718,187,94,93
E00153719,194,100,94
E00153720,230,114,116
E00153721,422,201,221
E00183373,321,172,149
E00183402,326,163,163
E00183407,189,97,92
E00153554,256,119,137
E00153556,260,130,130
E00153559,490,249,241
E00169948,1344,49,1295
E00153553,301,157,144
E00153557,263,135,128
E00153558,239,127,112
E00153560,132,70,62
E00169947,174,87,87
E00153508,329,177,152
E00153509,276,150,126
E00153511,332,177,155
E00153512,328,182,146
E00153513,286,160,126
E00153514,270,133,137
E00153494,311,158,153
E00153504,253,130,123
E00153506,290,150,140
E00153507,237,123,114
E00169930,313,165,148
E00169935,331,166,165
E00169936,129,65,64
E00169949,321,168,153
E00169950,220,114,106
E00169954,355,188,167
E00153497,352,171,181
E00153498,314,163,151
E00153499,351,174,177
E00153500,318,168,150
E00153496,329,161,168
E00153501,386,200,186
E00153502,306,152,154
E00153503,556,282,274
E00153510,241,104,137
E00153516,332,176,156
E00153527,389,206,183
E00153528,426,205,221
E00153529,311,170,141
E00169933,314,158,156
E00169934,396,193,203
E00169953,137,65,72
E00153532,471,230,241
E00153533,334,169,165
E00153536,273,138,135
E00153538,483,231,252
E00169931,311,160,151
E00169951,370,192,178
E00153534,272,138,134
E00153537,303,144,159
E00153539,367,186,181
E00153543,246,119,127
E00153544,331,155,176
E00153530,275,140,135
E00153531,401,201,200
E00153535,228,110,118
E00153540,312,155,157
E00153542,263,139,124
E00153475,343,165,178
E00153476,333,167,166
E00153477,344,174,170
E00153483,301,154,147
E00183334,122,60,62
E00183335,341,147,194
E00153478,328,172,156
E00153479,408,217,191
E00153485,356,183,173
E00153488,343,183,160
E00153490,273,133,140
E00169932,326,176,150
E00169952,277,143,134
E00153480,327,167,160
E00153481,331,162,169
E00153484,298,150,148
E00153487,332,163,169
E00153489,301,143,158
E00153473,358,216,142
E00153474,351,166,185
E00153491,381,186,195
E00153492,399,195,204
E00153493,363,191,172
E00153517,380,186,194
E00153518,335,175,160
E00153519,322,165,157
E00153521,452,220,232
E00153525,315,154,161
E00153526,313,167,146
E00153520,408,204,204
E00153522,368,181,187
E00153523,378,188,190
E00153524,352,187,165
E00152496,271,136,135
E00152499,278,138,140
E00152503,283,137,146
E00152506,342,179,163
E00152507,290,128,162
E00183337,159,64,95
E00183349,231,65,166
E00152640,304,157,147
E00152642,305,171,134
E00152643,363,172,191
E00152653,259,135,124
E00152655,311,154,157
E00152636,302,166,136
E00152639,312,143,169
E00152648,276,137,139
E00152650,281,141,140
E00152652,269,146,123
E00152654,329,158,171
E00152637,242,112,130
E00152641,287,151,136
E00152647,269,138,131
E00152649,228,111,117
E00152651,316,169,147
E00152638,267,141,126
E00152644,247,130,117
E00152645,303,162,141
E00152646,404,226,178
E00152497,364,185,179
E00152498,186,93,93
E00152500,267,134,133
E00152502,224,117,107
E00152504,357,175,182
E00152508,263,130,133
E00165839,371,137,234
E00000001,176,75,101
E00000003,258,123,135
E00000005,112,52,60
E00000007,144,67,77
E00166756,280,128,152
E00190429,280,137,143
E00190433,227,106,121
E00000018,248,129,119
E00000019,371,143,228
E00000020,200,95,105
E00000021,348,144,204
E00190348,217,96,121
E00000010,178,71,107
E00000013,249,118,131
E00000022,220,113,107
E00000023,209,121,88
E00190349,252,113,139
E00190437,359,159,200
E00190445,142,60,82
E00000029,286,128,158
E00000030,309,151,158
E00000031,149,79,70
E00000032,356,187,169
E00000024,370,130,240
E00166755,345,133,212
E00166757,396,162,234
E00190449,257,109,148
E00190458,253,105,148
E00000025,332,157,175
E00000028,217,112,105
E00190405,199,88,111
E00190407,226,89,137
E00190426,182,87,95
E00190440,232,95,137
E00000138,423,232,191
E00000156,404,208,196
E00000157,368,190,178
E00000158,466,262,204
E00000160,424,226,198
E00000137,428,216,212
E00000161,404,222,182
E00000162,332,172,160
E00000164,469,272,197
E00000166,185,94,91
E00000140,406,193,213
E00000143,353,178,175
E00000144,313,159,154
E00000145,229,114,115
E00000147,351,177,174
E00000148,166,84,82
E00000139,433,231,202
E00000141,374,194,180
E00000142,371,195,176
E00000159,496,265,231
E00000163,554,307,247
E00000165,340,177,163
E00000136,369,183,186
E00000146,291,141,150
E00000149,335,182,153
E00000151,464,235,229
E00000152,308,160,148
E00000135,358,182,176
E00000150,428,212,216
E00000153,348,163,185
E00000154,360,185,175
E00000155,586,309,277
E00000560,370,183,187
E00000561,374,197,177
E00000562,491,244,247
E00000564,338,164,174
E00000545,343,181,162
E00000548,488,251,237
E00000551,324,180,144
E00000563,274,163,111
E00000565,339,174,165
E00000567,386,190,196
E00000549,285,152,133
E00000566,448,238,210
E00000569,394,189,205
E00000570,324,178,146
E00000573,520,246,274
E00000568,436,199,237
E00000571,438,214,224
E00000572,412,173,239
E00000574,309,162,147
E00000575,399,202,197
E00000170,396,205,191
E00000171,390,197,193
E00000187,332,168,164
E00000195,458,256,202
E00000181,429,193,236
E00000184,353,180,173
E00000185,318,165,153
E00000189,285,138,147
E00000191,311,160,151
E00000182,334,182,152
E00000183,304,151,153
E00000186,365,179,186
E00000188,328,173,155
E00000190,281,159,122
E00000192,350,176,174
E00000193,346,181,165
E00000194,364,189,175
E00000196,328,166,162
E00000197,364,176,188
E00000298,375,168,207
E00000302,344,166,178
E00000303,405,205,200
E00000306,338,166,172
E00000315,318,159,159
E00000493,392,203,189
E00000495,366,176,190
E00000497,359,185,174
E00000500,355,188,167
E00000506,470,278,192
E00000494,455,232,223
E00000496,340,172,168
E00000498,317,165,152
E00000501,256,134,122
E00000503,330,167,163
E00000547,430,194,236
E00000550,395,205,190
E00000552,414,221,193
E00000553,496,256,240
E00000557,332,169,163
E00000558,353,170,183
E00000556,435,249,186
E00185790,469,241,228
E00185822,499,246,253
E00185838,343,197,146
E00000554,395,208,187
E00000555,455,228,227
E00000559,389,192,197
E00185837,260,141,119
E00000168,514,259,255
E00000169,355,197,158
E00000172,435,217,218
E00000198,242,133,109
E00000299,354,177,177
E00000300,496,264,232
E00000301,437,236,201
E00000304,217,105,112
E00000308,346,185,161
E00000309,330,188,142
E00000305,485,279,206
E00000327,332,172,160
E00000328,495,270,225
E00000329,334,168,166
E00000330,278,150,128
E00000312,362,183,179
E00000313,481,251,230
E00000317,251,139,112
E00000319,306,164,142
E00000320,454,234,220
E00000322,360,182,178
E00000307,394,204,190
E00000310,497,267,230
E00000311,480,233,247
E00000314,475,257,218
E00000326,450,238,212
E00000316,411,209,202
E00000318,223,93,130
E00000321,332,177,155
E00000323,250,131,119
E00000324,395,203,192
E00000325,372,188,184
E00000390,430,233,197
E00000391,348,180,168
E00000392,358,191,167
E00000397,379,191,188
E00000402,386,201,185
E00000401,357,186,171
E00000405,451,228,223
E00000407,355,179,176
E00000408,313,154,159
E00000411,302,143,159
E00000398,370,185,185
E00000399,367,186,181
E00000400,400,210,190
E00000403,423,217,206
E00000404,420,215,205
E00000393,459,230,229
E00000396,334,172,162
E00000414,348,191,157
E00000415,344,185,159
E00000416,430,211,219
E00000394,397,208,189
E00000395,416,220,196
E00000417,359,189,170
E00000418,398,224,174
E00000419,348,196,152
E00000502,345,180,165
E00000505,405,218,187
E00000507,400,202,198
E00000508,332,172,160
E00000509,307,160,147
E00000112,356,182,174
E00000117,239,121,118
E00000118,371,196,175
E00000119,356,186,170
E00000121,371,171,200
E00000116,377,192,185
E00000120,395,203,192
E00000122,348,173,175
E00000124,357,194,163
E00000101,382,198,184
E00000102,396,191,205
E00000128,305,163,142
E00000130,402,194,208
E00000129,394,191,203
E00000131,343,167,176
E00000132,393,197,196
E00000133,341,175,166
E00000134,449,198,251
E00000364,340,170,170
E00000365,280,146,134
E00000366,326,160,166
E00000367,442,224,218
E00000369,334,172,162
E00000125,457,213,244
E00185682,543,294,249
E00185700,616,300,316
E00185721,407,226,181
E00185745,181,98,83
E00185752,357,190,167
E00185842,126,66,60
E00185673,353,196,157
E00185686,200,98,102
E00185698,350,190,160
E00185702,518,285,233
E00185750,463,243,220
E00000071,319,178,141
E00000080,585,334,251
E00000084,357,181,176
E00000091,617,312,305
E00000095,542,284,258
E00000070,392,201,191
E00000074,313,160,153
E00000076,364,201,163
E00000081,355,199,156
E00000100,427,220,207
E00000072,348,193,155
E00000073,328,169,159
E00000075,342,172,170
E00000077,371,194,177
E00000078,334,169,165
E00000079,382,199,183
E00000082,361,180,181
E00000083,336,175,161
E00000088,362,173,189
E00000089,335,180,155
E00000406,383,200,183
E00000409,349,176,173
E00000410,317,175,142
E00000412,328,167,161
E00000413,338,180,158
E00000167,352,179,173
E00000173,463,230,233
E00000175,439,233,206
E00000176,371,184,187
E00000177,235,112,123
E00000174,362,179,183
E00000178,409,214,195
E00000179,376,184,192
E00000180,325,171,154
E00000513,381,199,182
E00000514,331,162,169
E00000519,338,183,155
E00000527,415,202,213
E00000538,324,181,143
E00000539,343,167,176
E00000540,314,154,160
E00000541,355,186,169
E00000543,415,222,193
E00000544,488,266,222
E00000331,422,206,216
E00000341,515,270,245
E00000354,625,349,276
E00000356,436,224,212
E00000357,499,257,242
E00000332,520,269,251
E00000333,460,236,224
E00000335,440,228,212
E00000355,469,235,234
E00000358,344,167,177
E00000334,438,221,217
E00000336,530,258,272
E00000343,478,240,238
E00185718,440,178,262
E00185734,207,102,105
E00000337,353,186,167
E00000338,428,217,211
E00000340,367,187,180
E00000342,428,202,226
E00000345,496,236,260
E00000347,434,206,228
E00000348,525,266,259
E00000349,480,235,245
E00000351,501,246,255
E00185785,348,174,174
E00185806,316,169,147
E00000274,320,175,145
E00000287,379,208,171
E00000288,514,286,228
E00000290,338,167,171
E00000368,342,175,167
E00000370,399,207,192
E00000374,382,193,189
E00000382,366,189,177
E00000384,359,189,170
E00000371,307,166,141
E00000372,370,190,180
E00000375,323,173,150
E00000377,313,155,158
E00000380,448,229,219
E00000362,371,189,182
E00000376,408,203,205
E00000379,435,226,209
E00000386,415,199,216
E00000387,449,214,235
E00000360,350,174,176
E00000361,342,170,172
E00000363,378,221,157
E00000383,312,151,161
E00000388,387,213,174
E00000389,393,211,182
E00000090,372,184,188
E00000093,365,177,188
E00000094,429,229,200
E00000096,342,180,162
E00000097,363,201,162
E00000085,308,166,142
E00000086,356,187,169
E00000087,271,128,143
E00000092,385,189,196
E00000098,315,164,151
E00000099,114,59,55
E00000266,381,198,183
E00000268,372,195,177
E00000285,302,151,151
E00000289,319,167,152
E00000293,336,185,151
E00000439,302,164,138
E00000440,370,193,177
E00000441,391,188,203
E00000446,378,194,184
E00000442,298,151,147
E00000443,313,180,133
E00000445,410,212,198
E00000447,239,122,117
E00000449,386,201,185
E00000422,433,224,209
E00000423,339,174,165
E00000444,361,190,171
E00000448,317,171,146
E00000532,404,201,203
E00000534,364,184,180
E00000535,343,177,166
E00000536,250,133,117
E00000537,412,213,199
E00000518,290,160,130
E00000522,251,130,121
E00000523,398,191,207
E00000524,364,195,169
E00000530,300,159,141
E00000531,311,168,143
E00000511,478,240,238
E00000517,337,178,159
E00000520,498,266,232
E00000521,388,187,201
E00000528,316,164,152
E00000533,317,175,142
E00000512,328,178,150
E00000515,272,141,131
E00000516,296,164,132
E00000525,483,266,217
E00000526,422,202,220
E00000529,205,94,111
E00000542,198,103,95
E00000040,374,196,178
E00000046,350,171,179
E00000052,439,216,223
E00185749,493,236,257
E00185755,189,92,97
E00185770,426,205,221
E00185797,331,187,144
E00185825,306,158,148
E00000043,334,182,152
E00000048,497,267,230
E00000050,509,250,259
E00000056,457,248,209
E00000039,374,178,196
E00000045,316,171,145
E00000067,351,180,171
E00000069,480,252,228
E00185681,309,150,159
E00185694,517,263,254
E00000063,303,155,148
E00175102,213,107,106
E00175103,474,213,261
E00185821,271,132,139
E00000057,405,222,183
E00000061,277,142,135
E00175104,367,184,183
E00175105,558,254,304
E00185746,282,144,138
E00185791,368,190,178
E00000049,401,194,207
E00000053,457,231,226
E00000055,466,214,252
E00000059,253,132,121
E00000060,268,131,137
E00000037,311,136,175
E00000041,314,153,161
E00000042,214,102,112
E00000051,539,259,280
E00000054,425,204,221
E00000038,414,196,218
E00000064,336,150,186
E00000066,586,260,326
E00000068,364,182,182
E00000201,379,185,194
E00000220,360,191,169
E00000222,437,234,203
E00000228,432,221,211
E00000229,380,198,182
E00000344,470,234,236
E00000346,501,201,300
E00000350,372,179,193
E00000353,452,230,222
E00000200,372,188,184
E00000202,398,211,187
E00000203,415,205,210
E00000207,332,171,161
E00000209,327,162,165
E00000205,544,269,275
E00000206,312,160,152
E00000210,447,214,233
E00000211,400,210,190
E00000212,179,99,80
E00000199,441,231,210
E00000215,337,165,172
E00000217,268,145,123
E00000224,348,179,169
E00000226,329,169,160
E00000204,411,218,193
E00000208,389,199,190
E00000214,370,196,174
E00000219,383,196,187
E00000221,402,206,196
E00000373,365,176,189
E00000378,296,149,147
E00000381,393,197,196
E00000385,330,170,160
E00175118,301,152,149
E00175119,259,146,113
E00175120,206,120,86
E00000272,371,189,182
E00000286,353,187,166
E00000292,341,180,161
E00000294,431,222,209
E00000297,375,191,184
E00000267,325,165,160
E00000271,311,157,154
E00000273,342,171,171
E00000291,322,164,158
E00000296,405,204,201
E00000269,445,233,212
E00000270,386,213,173
E00000276,544,296,248
E00000295,327,175,152
E00000280,389,207,182
E00000282,328,166,162
E00000283,356,187,169
E00000284,365,198,167
E00175113,269,142,127
E00175114,429,210,219
E00000455,574,311,263
E00000463,562,262,300
E00000464,570,314,256
E00000469,545,268,277
E00000213,369,193,176
E00000216,375,191,184
E00000218,339,177,162
E00000223,376,188,188
E00000225,420,198,222
E00000227,359,184,175
E00000230,404,198,206
E00000231,369,176,193
E00000232,405,204,201
E00000246,336,177,159
E00000247,447,225,222
E00000249,337,164,173
E00000257,411,194,217
E00000260,311,163,148
E00000234,448,226,222
E00000237,491,266,225
E00000252,407,196,211
E00000255,400,203,197
E00000259,329,165,164
E00000261,293,149,144
E00000453,457,228,229
E00000466,335,169,166
E00000470,459,219,240
E00000478,408,200,208
E00175123,171,87,84
E00185765,313,162,151
E00185796,534,280,254
E00185808,557,287,270
E00185834,417,223,194
E00175115,311,161,150
E00185732,549,295,254
E00185778,293,169,124
E00185779,149,77,72
E00185813,283,136,147
E00185729,538,260,278
E00185748,451,222,229
E00185816,207,101,106
E00000265,294,162,132
E00000275,377,186,191
E00000277,367,197,170
E00000278,315,159,156
E00000279,264,122,142
E00000420,330,158,172
E00000425,418,215,203
E00000426,375,198,177
E00000431,511,268,243
E00000424,519,265,254
E00000427,350,179,171
E00000428,439,224,215
E00000430,334,168,166
E00000450,334,178,156
E00000429,351,179,172
E00000432,375,202,173
E00000433,331,170,161
E00000435,390,204,186
E00000436,376,192,184
E00000421,412,204,208
E00000434,415,207,208
E00000437,421,215,206
E00000438,459,241,218
E00000236,377,197,180
E00000238,417,221,196
E00000243,416,206,210
E00000244,376,212,164
E00000245,385,203,182
E00000251,567,286,281
E00000256,168,93,75
E00000258,263,132,131
E00185667,110,50,60
E00000240,424,199,225
E00000253,120,54,66
E00175108,249,135,114
E00185690,360,172,188
E00185716,296,155,141
E00185726,298,146,152
E00185773,525,289,236
E00185814,183,96,87
E00000263,591,299,292
E00175110,313,152,161
E00175121,124,58,66
E00175122,159,91,68
E00185665,303,161,142
E00185666,339,170,169
E00185671,376,186,190
E00000451,447,238,209
E00000456,425,208,217
E00000467,385,199,186
E00000471,474,252,222
E00000475,359,181,178
E00000454,305,154,151
E00000462,372,198,174
E00000465,424,214,210
E00000472,353,169,184
E00000480,357,188,169
E00000457,499,247,252
E00000468,386,214,172
E00000477,489,255,234
E00000479,425,214,211
E00185683,314,167,147
E00185706,348,196,152
E00000461,358,174,184
E00000476,367,223,144
E00185668,550,287,263
E00185669,383,201,182
E00000104,470,220,250
E00000108,352,189,163
E00000109,474,234,240
E00000115,362,177,185
E00000110,341,161,180
E00000111,433,226,207
E00000113,548,310,238
E00000114,409,203,206
E00000123,461,238,223
E00000482,397,197,200
E00000484,425,223,202
E00000485,441,222,219
E00000487,290,162,128
E00000510,378,198,180
E00000481,367,197,170
E00000483,405,201,204
E00000489,498,258,240
E00000491,375,201,174
E00000504,291,140,151
E00000488,408,216,192
E00000490,419,211,208
E00000492,364,194,170
E00000499,376,195,181
E00185789,477,251,226
E00185812,271,145,126
E00185832,463,246,217
E00000103,477,252,225
E00000106,389,197,192
E00000107,397,207,190
E00165805,285,135,150
E00001224,285,154,131
E00001228,371,195,176
E00001230,363,170,193
E00001233,385,202,183
E00001234,300,163,137
E00001217,315,180,135
E00001218,284,147,137
E00001221,315,164,151
E00001226,290,138,152
E00001237,409,200,209
E00001214,228,118,110
E00001220,552,284,268
E00001223,366,197,169
E00001229,319,179,140
E00001235,524,287,237
E00178773,238,118,120
E00178853,378,194,184
E00001209,336,171,165
E00001213,314,167,147
E00001215,277,146,131
E00001219,346,171,175
E00001222,328,152,176
E00001405,452,218,234
E00001425,294,153,141
E00001426,268,149,119
E00001431,238,111,127
E00001438,291,154,137
E00001424,335,178,157
E00001429,443,236,207
E00001430,313,171,142
E00001432,361,194,167
E00001434,319,167,152
E00000865,436,215,221
E00000867,335,176,159
E00000868,292,152,140
E00000869,326,170,156
E00001216,276,146,130
E00001236,293,155,138
E00001238,312,171,141
E00001241,298,156,142
E00001244,337,162,175
E00001210,316,151,165
E00001227,326,170,156
E00001231,218,116,102
E00001232,186,86,100
E00001240,312,166,146
E00001242,337,182,155
E00001212,286,156,130
E00001239,322,180,142
E00001246,233,110,123
E00001248,404,209,195
E00001251,367,193,174
E00178788,252,153,99
E00178822,399,221,178
E00001207,301,168,133
E00001243,369,183,186
E00001245,213,103,110
E00001247,301,177,124
E00001250,296,155,141
E00001252,237,119,118
E00000824,285,150,135
E00000826,259,124,135
E00000827,376,198,178
E00000864,386,196,190
E00000866,319,164,155
E00000832,311,158,153
E00000834,304,152,152
E00000835,279,147,132
E00000836,323,158,165
E00000839,300,157,143
E00000821,203,108,95
E00000822,228,116,112
E00000828,286,147,139
E00000829,349,183,166
E00000831,362,190,172
E00000837,205,109,96
E00000844,310,149,161
E00000847,323,164,159
E00000850,269,142,127
E00000854,347,178,169
E00000857,444,243,201
E00001404,314,172,142
E00001419,321,160,161
E00001437,272,141,131
E00001442,317,170,147
E00001445,289,157,132
E00001406,357,196,161
E00001412,302,166,136
E00001413,326,173,153
E00001415,310,170,140
E00001420,335,175,160
E00001397,362,186,176
E00001401,285,142,143
E00001410,340,156,184
E00001418,264,130,134
E00001443,298,168,130
E00001398,335,174,161
E00001403,483,247,236
E00001417,427,231,196
E00178726,340,192,148
E00001399,278,148,130
E00001407,516,270,246
E00001408,190,97,93
E00001411,261,117,144
E00001416,316,167,149
E00001396,438,228,210
E00001402,486,241,245
E00001427,329,167,162
E00001428,293,153,140
E00001433,266,147,119
E00001310,179,90,89
E00001343,338,186,152
E00001344,329,174,155
E00001345,354,175,179
E00001347,328,171,157
E00001303,334,164,170
E00001333,255,128,127
E00001334,272,147,125
E00001335,374,178,196
E00178770,225,131,94
E00178808,132,67,65
E00178835,483,241,242
E00001336,319,163,156
E00001337,345,187,158
E00001340,349,185,164
E00001346,372,184,188
E00001302,299,155,144
E00001304,323,162,161
E00001338,322,160,162
E00001339,331,161,170
E00001342,272,134,138
E00000823,384,211,173
E00000841,317,164,153
E00000842,369,200,169
E00000845,342,178,164
E00000846,494,248,246
E00000825,222,105,117
E00000830,595,299,296
E00000833,249,125,124
E00000838,270,149,121
E00000840,408,214,194
E00000843,544,279,265
E00000848,347,163,184
E00000849,355,191,164
E00000852,305,144,161
E00000856,343,183,160
E00000860,340,182,158
E00000819,331,170,161
E00000851,347,178,169
E00000853,331,163,168
E00000855,382,206,176
E00000858,366,192,174
E00000820,329,167,162
E00000859,210,116,94
E00000861,322,165,157
E00000863,316,162,154
E00178790,367,166,201
E00178884,486,204,282
E00001108,408,210,198
E00001117,291,158,133
E00001118,439,222,217
E00001122,300,164,136
E00001208,346,175,171
E00001249,334,176,158
E00001253,225,114,111
E00001254,410,222,188
E00178840,238,113,125
E00178856,426,207,219
E00001368,334,165,169
E00001370,320,166,154
E00001372,352,181,171
E00001380,358,191,167
E00001367,299,151,148
E00001369,341,178,163
E00001374,329,184,145
E00001375,368,187,181
E00001435,331,161,170
E00001436,373,190,183
E00001439,384,201,183
E00001440,274,146,128
E00001444,353,181,172
E00001400,327,173,154
E00001421,323,160,163
E00001422,239,109,130
E00001423,398,207,191
E00001441,335,164,171
E00001308,355,184,171
E00001309,363,200,163
E00001341,302,156,146
E00001348,347,179,168
E00001349,274,145,129
E00001305,490,277,213
E00001307,307,154,153
E00001311,365,184,181
E00001313,264,141,123
E00001306,428,234,194
E00001312,349,185,164
E00001314,356,197,159
E00001315,219,125,94
E00001318,314,172,142
E00001377,127,75,52
E00001378,317,172,145
E00001379,503,250,253
E00178772,332,175,157
E00178817,361,188,173
E00178875,142,68,74
E00001353,389,194,195
E00001371,370,195,175
E00001376,384,195,189
E00001382,316,152,164
E00001385,353,182,171
E00000610,334,177,157
E00000611,339,166,173
E00000613,377,188,189
E00000614,344,172,172
E00000584,337,184,153
E00000587,353,186,167
E00000612,360,185,175
E00000616,398,201,197
E00000618,296,153,143
E00000576,363,188,175
E00000578,399,194,205
E00000591,349,179,170
E00178795,255,129,126
E00178878,425,225,200
E00000580,364,177,187
E00000585,377,185,192
E00000588,380,198,182
E00000619,374,186,188
E00000593,370,193,177
E00000596,340,166,174
E00000598,428,207,221
E00000601,373,190,183
E00000581,445,240,205
E00000586,343,180,163
E00000589,329,163,166
E00000615,318,162,156
E00000617,301,159,142
E00000579,507,263,244
E00000583,462,251,211
E00000590,350,181,169
E00000594,338,175,163
E00000620,392,195,197
E00000592,376,193,183
E00000595,413,232,181
E00000597,336,173,163
E00000599,351,172,179
E00000600,358,180,178
E00000602,298,158,140
E00000603,327,182,145
E00000604,370,181,189
E00000605,410,196,214
E00000577,273,135,138
E00000606,338,177,161
E00000607,436,249,187
E00000608,353,182,171
E00000609,466,220,246
E00001324,354,181,173
E00001325,275,147,128
E00001327,337,182,155
E00001328,320,160,160
E00001329,390,210,180
E00001331,243,128,115
E00001320,348,173,175
E00001323,368,189,179
E00001326,351,178,173
E00001330,370,183,187
E00001316,290,151,139
E00001317,409,209,200
E00001319,378,186,192
E00001321,359,179,180
E00001322,499,271,228
E00001574,303,160,143
E00001575,345,196,149
E00001576,276,139,137
E00001578,384,196,188
E00178798,219,107,112
E00178868,408,218,190
E00001543,372,203,169
E00001580,272,150,122
E00001582,319,181,138
E00001586,283,149,134
E00001587,313,167,146
E00001588,300,164,136
E00001352,418,205,213
E00001355,361,183,178
E00001356,303,167,136
E00001383,307,172,135
E00001393,349,179,170
E00001351,204,100,104
E00001354,293,154,139
E00001357,224,112,112
E00001358,369,177,192
E00001359,248,141,107
E00001361,313,182,131
E00001381,336,163,173
E00001386,335,174,161
E00001389,341,174,167
E00001391,360,190,170
E00001350,272,131,141
E00001384,278,149,129
E00001387,332,172,160
E00001388,350,180,170
E00001390,251,136,115
E00001392,323,162,161
E00001571,341,149,192
E00001572,388,205,183
E00001577,477,255,222
E00001579,414,209,205
E00001581,341,179,162
E00000924,331,161,170
E00000961,499,232,267
E00000962,447,220,227
E00000963,390,213,177
E00000964,352,170,182
E00001119,293,161,132
E00001121,348,174,174
E00001126,352,172,180
E00001129,373,193,180
E00001133,304,152,152
E00001120,399,206,193
E00001124,435,230,205
E00001125,426,207,219
E00001132,321,160,161
E00001134,374,197,177
E00001123,340,189,151
E00001127,331,176,155
E00001128,429,236,193
E00001130,357,169,188
E00001131,330,170,160
E00001136,466,248,218
E00001137,387,194,193
E00001138,368,180,188
E00001139,382,188,194
E00001140,267,142,125
E00001141,355,181,174
E00001142,412,214,198
E00001150,429,230,199
E00001151,343,175,168
E00001153,399,206,193
E00000929,424,224,200
E00000930,418,211,207
E00000934,424,221,203
E00000936,508,260,248
E00000923,237,135,102
E00000927,348,179,169
E00000928,396,202,194
E00000931,461,225,236
E00000965,296,160,136
E00000922,378,197,181
E00000925,396,207,189
E00000926,342,168,174
E00000932,462,241,221
E00000937,462,253,209
E00000943,462,237,225
E00178725,292,152,140
E00178760,187,108,79
E00178843,583,317,266
E00178852,278,138,140
E00178859,204,101,103
E00000938,419,215,204
E00000944,468,237,231
E00000947,451,241,210
E00000948,392,197,195
E00000935,416,195,221
E00000939,449,220,229
E00000940,329,163,166
E00000945,356,184,172
E00000777,316,179,137
E00000806,335,159,176
E00000809,258,135,123
E00000810,281,150,131
E00000815,276,150,126
E00000807,289,155,134
E00000808,301,150,151
E00000811,376,200,176
E00000812,392,199,193
E00000817,429,203,226
E00000769,591,285,306
E00000813,388,186,202
E00000814,272,148,124
E00000816,347,174,173
E00174889,145,81,64
E00174897,212,111,101
E00000771,573,325,248
E00000776,380,187,193
E00000778,367,198,169
E00000779,395,208,187
E00000818,318,153,165
E00000780,325,162,163
E00000781,516,285,231
E00000782,385,204,181
E00000785,418,212,206
E00001545,455,228,227
E00001546,440,222,218
E00001583,267,152,115
E00001585,314,160,154
E00001589,355,180,175
E00001257,371,201,170
E00001277,493,271,222
E00001282,373,198,175
E00001283,416,227,189
E00001284,277,149,128
E00001261,316,158,158
E00001265,396,199,197
E00001268,378,185,193
E00001274,361,181,180
E00001275,441,223,218
E00001262,389,205,184
E00001298,402,195,207
E00001300,373,186,187
E00001301,360,186,174
E00001255,460,235,225
E00001259,316,165,151
E00001269,266,131,135
E00001270,452,225,227
E00001299,331,156,175
E00001256,351,177,174
E00001278,366,190,176
E00001280,279,145,134
E00178861,347,179,168
E00178873,357,187,170
E00001272,331,177,154
E00001279,348,187,161
E00001281,441,245,196
E00001286,332,170,162
E00178780,356,188,168
E00178839,283,140,143
E00001266,237,128,109
E00001267,285,145,140
E00001295,531,285,246
E00001296,325,170,155
E00001297,389,202,187
E00001271,604,308,296
E00001273,452,226,226
E00001276,347,180,167
E00174896,313,164,149
E00178842,163,73,90
E00174915,218,112,106
E00178735,306,159,147
E00178749,358,178,180
E00178797,342,177,165
E00178812,480,253,227
E00000941,425,225,200
E00000949,320,176,144
E00000950,356,188,168
E00000952,380,212,168
E00000953,516,236,280
E00000951,386,206,180
E00000954,372,187,185
E00000956,366,195,171
E00178750,362,201,161
E00178781,205,105,100
E00178804,255,113,142
E00000955,433,233,200
E00000958,563,297,266
E00000959,481,243,238
E00000960,428,226,202
E00001110,386,204,182
E00001112,359,199,160
E00001113,369,199,170
E00001115,343,170,173
E00001116,276,142,134
E00001145,440,230,210
E00001146,386,199,187
E00001147,365,179,186
E00001148,335,169,166
E00001154,344,163,181
E00001447,373,205,168
E00001468,388,201,187
E00001469,202,107,95
E00001479,268,154,114
E00174906,338,167,171
E00178860,354,146,208
E00178865,296,147,149
E00001467,317,174,143
E00001470,249,126,123
E00001471,388,197,191
E00001474,366,195,171
E00001475,348,182,166
E00001477,266,137,129
E00001478,468,227,241
E00001480,292,154,138
E00001482,260,131,129
E00001484,253,137,116
E00001485,259,133,126
E00001554,331,171,160
E00001558,297,164,133
E00001561,322,176,146
E00001563,316,164,152
E00001565,313,159,154
E00001550,387,201,186
E00001551,441,230,211
E00001556,291,146,145
E00001557,497,284,213
E00001560,305,157,148
E00001540,541,250,291
E00001544,326,168,158
E00001547,439,213,226
E00001549,409,175,234
E00001584,261,120,141
E00001590,388,187,201
E00001360,401,214,187
E00001362,426,213,213
E00001394,395,203,192
E00001395,314,165,149
E00001363,356,174,182
E00001364,373,186,187
E00001365,373,177,196
E00001366,374,193,181
E00001446,362,190,172
E00001472,353,178,175
E00001476,402,205,197
E00001488,380,198,182
E00001481,354,191,163
E00001483,371,188,183
E00001489,381,207,174
E00001490,395,206,189
E00001448,328,171,157
E00001450,292,161,131
E00001452,258,137,121
E00001487,354,177,177
E00001493,325,154,171
E00000648,366,189,177
E00000651,544,300,244
E00000654,338,182,156
E00000655,351,155,196
E00000656,338,164,174
E00000631,358,178,180
E00000633,431,231,200
E00000634,431,236,195
E00000637,397,206,191
E00000632,303,150,153
E00000635,308,168,140
E00000640,375,200,175
E00000641,319,166,153
E00000645,341,175,166
E00001135,386,198,188
E00001143,357,195,162
E00001144,356,177,179
E00001149,324,177,147
E00001152,358,191,167
E00001107,491,249,242
E00001109,413,218,195
E00001111,398,210,188
E00001114,560,281,279
E00000775,415,229,186
E00000799,346,184,162
E00000800,408,219,189
E00000804,468,228,240
E00000805,390,203,187
E00000793,353,183,170
E00000797,339,174,165
E00000798,318,163,155
E00000801,321,156,165
E00000803,251,130,121
E00000773,336,198,138
E00000774,317,164,153
E00000783,243,128,115
E00000789,230,119,111
E00000790,215,112,103
E00000792,353,199,154
E00000791,267,131,136
E00000794,399,187,212
E00000795,367,187,180
E00000796,359,197,162
E00000802,319,169,150
E00000770,475,246,229
E00000772,255,133,122
E00000786,468,254,214
E00000787,319,167,152
E00000788,293,160,133
E00001548,321,176,145
E00001552,198,111,87
E00001553,389,199,190
E00001555,415,208,207
E00001559,377,193,184
E00000968,480,242,238
E00000973,313,156,157
E00000992,393,211,182
E00000995,275,143,132
E00001004,394,216,178
E00001456,316,166,150
E00001457,334,173,161
E00001459,297,156,141
E00001461,298,159,139
E00001465,368,191,177
E00001449,349,180,169
E00001453,367,192,175
E00001455,404,219,185
E00001458,330,149,181
E00001486,335,180,155
E00001451,347,175,172
E00001454,223,121,102
E00001460,385,206,179
E00001491,353,180,173
E00001492,404,193,211
E00000638,384,208,176
E00000642,344,176,168
E00000650,410,218,192
E00000653,419,225,194
E00000628,431,202,229
E00000660,430,230,200
E00000661,419,207,212
E00000662,332,179,153
E00000667,435,221,214
E00000625,378,205,173
E00000627,349,178,171
E00000659,303,156,147
E00000663,254,134,120
E00000666,322,145,177
E00000624,317,169,148
E00000626,338,173,165
E00000629,393,192,201
E00000630,311,159,152
E00178833,294,149,145
E00178854,368,194,174
E00000636,399,206,193
E00000643,321,174,147
E00000644,333,183,150
E00000647,431,224,207
E00000649,337,156,181
E00000664,453,239,214
E00174904,377,195,182
E00174914,271,152,119
E00174920,428,226,202
E00000646,374,194,180
E00000652,235,115,120
E00000658,589,303,286
E00174917,615,296,319
E00000970,354,185,169
E00000997,610,318,292
E00001002,439,216,223
E00001003,355,201,154
E00001006,435,214,221
E00000972,367,175,192
E00000985,330,186,144
E00000993,356,186,170
E00000998,263,141,122
E00001001,263,153,110
E00000984,382,196,186
E00000986,370,208,162
E00000987,349,181,168
E00000988,324,173,151
E00000990,273,144,129
E00001285,346,183,163
E00001289,360,180,180
E00001291,584,299,285
E00001292,311,159,152
E00174898,313,183,130
E00174899,357,181,176
E00174903,375,197,178
E00001258,299,160,139
E00001288,558,288,270
E00001290,380,198,182
E00001293,398,220,178
E00001294,529,276,253
E00000622,261,126,135
E00000657,445,233,212
E00174908,407,227,180
E00174916,163,89,74
E00174919,372,196,176
E00178741,273,136,137
E00178814,353,194,159
E00000745,334,178,156
E00000747,316,149,167
E00000748,555,283,272
E00000749,199,99,100
E00000750,317,174,143
E00000737,301,178,123
E00000739,486,242,244
E00000742,356,195,161
E00000746,206,106,100
E00178784,106,53,53
E00178791,401,192,209
E00178876,317,157,160
E00178881,515,265,250
E00000723,316,176,140
E00000738,291,155,136
E00000740,272,142,130
E00000743,285,148,137
E00178792,164,92,72
E00178803,257,127,130
E00178809,345,176,169
E00000751,437,223,214
E00000752,333,183,150
E00000754,422,239,183
E00178733,385,188,197
E00178796,341,177,164
E00000880,304,153,151
E00000884,269,147,122
E00000890,421,147,274
E00000894,315,178,137
E00000897,198,106,92
E00000904,215,110,105
E00000883,316,162,154
E00000895,347,177,170
E00000898,375,200,175
E00000902,324,185,139
E00000907,311,163,148
E00000872,340,152,188
E00000878,413,221,192
E00000882,429,219,210
E00178736,416,217,199
E00178762,275,145,130
E00001462,348,189,159
E00001463,260,128,132
E00001464,399,201,198
E00001466,414,224,190
E00001541,349,178,171
E00001562,292,150,142
E00001564,334,172,162
E00001567,547,277,270
E00174907,456,220,236
E00174909,312,164,148
E00001542,405,196,209
E00001566,327,172,155
E00001568,357,184,173
E00001570,312,166,146
E00000991,354,167,187
E00000994,233,131,102
E00000996,367,180,187
E00001005,351,183,168
E00001009,328,175,153
E00178824,226,114,112
E00178834,264,134,130
E00000966,290,165,125
E00000969,331,183,148
E00000975,317,166,151
E00000999,377,199,178
E00001000,281,153,128
E00001008,381,212,169
E00000971,324,165,159
E00000979,367,179,188
E00000981,444,226,218
E00000982,404,205,199
E00000974,297,156,141
E00000978,291,142,149
E00001007,368,201,167
E00001010,338,169,169
E00001011,375,192,183
E00000967,319,177,142
E00000976,407,257,150
E00000977,457,226,231
E00000980,276,148,128
E00000983,387,199,188
E00000871,339,174,165
E00000892,375,197,178
E00000893,317,168,149
E00000899,357,181,176
E00000901,276,146,130
E00000870,259,147,112
E00000886,339,184,155
E00000888,241,123,118
E00000891,334,179,155
E00000900,315,161,154
E00000906,301,171,130
E00000874,228,112,116
E00000876,322,169,153
E00000903,210,116,94
E00000912,295,161,134
E00000917,204,112,92
E00000921,356,199,157
E00000905,319,159,160
E00000909,394,220,174
E00000910,344,176,168
E00000911,343,178,165
E00000916,286,149,137
E00000877,378,203,175
E00000915,298,154,144
E00000918,197,111,86
E00000919,374,185,189
E00000920,371,194,177
E00000881,357,187,170
E00000885,297,161,136
E00000887,276,150,126
E00000889,294,145,149
E00000896,249,126,123
E00001164,250,128,122
E00001180,263,122,141
E00001191,431,198,233
E00001203,199,101,98
E00001204,335,172,163
E00174912,317,152,165
E00174918,266,155,111
E00001178,435,216,219
E00001179,462,238,224
E00001181,460,246,214
E00001185,377,208,169
E00001182,315,162,153
E00001183,515,264,251
E00001184,367,175,192
E00001194,294,140,154
E00001197,293,131,162
E00001494,390,184,206
E00001521,273,149,124
E00001522,560,257,303
E00001524,358,192,166
E00001525,470,262,208
E00001157,385,201,184
E00001163,408,195,213
E00001167,338,165,173
E00001174,498,247,251
E00001177,471,243,228
E00001155,264,128,136
E00001156,194,108,86
E00001186,373,172,201
E00001193,478,233,245
E00001195,293,138,155
E00001160,519,267,252
E00001188,308,164,144
E00001192,311,153,158
E00001196,369,181,188
E00001198,305,170,135
E00001199,346,174,172
E00001161,413,203,210
E00001187,384,202,182
E00001189,436,220,216
E00001205,405,207,198
E00001159,349,137,212
E00001162,262,146,116
E00001165,401,219,182
E00001166,427,207,220
E00001170,287,155,132
E00001171,331,191,140
E00001495,448,244,204
E00001523,454,237,217
E00001534,402,205,197
E00001536,448,217,231
E00001539,415,217,198
E00000873,378,193,185
E00000875,248,125,123
E00000908,278,142,136
E00000913,376,232,144
E00000914,243,131,112
E00001014,413,216,197
E00001015,418,217,201
E00001017,279,147,132
E00001057,392,206,186
E00001034,255,143,112
E00001037,390,201,189
E00001043,363,199,164
E00001051,287,164,123
E00001052,282,145,137
E00001028,403,217,186
E00001030,315,168,147
E00001031,335,178,157
E00001035,279,164,115
E00001038,297,150,147
E00001018,277,146,131
E00001019,242,137,105
E00001024,337,176,161
E00001025,374,198,176
E00001027,315,155,160
E00001012,173,100,73
E00001046,403,200,203
E00001047,392,205,187
E00001049,385,193,192
E00001169,435,207,228
E00001172,425,225,200
E00001173,426,235,191
E00001175,343,176,167
E00001176,323,152,171
E00001158,469,251,218
E00001168,418,205,213
E00001200,397,186,211
E00001201,409,198,211
E00001202,402,216,186
E00001506,484,226,258
E00001512,443,227,216
E00178727,465,243,222
E00178895,106,40,66
E00178896,433,225,208
E00178897,261,118,143
E00001505,479,244,235
E00001526,359,191,168
E00001527,455,235,220
E00001531,480,248,232
E00001020,374,201,173
E00001022,295,165,130
E00001023,302,153,149
E00001032,301,164,137
E00001036,239,139,100
E00001029,257,140,117
E00001040,267,144,123
E00001041,139,92,47
E00001042,254,146,108
E00001044,276,148,128
E00001045,291,155,136
E00001021,444,237,207
E00001026,387,205,182
E00001033,249,130,119
E00001039,188,110,78
E00001048,455,241,214
E00001050,405,205,200
E00001053,345,187,158
E00001054,274,145,129
E00001055,366,186,180
E00001056,360,165,195
E00001063,457,245,212
E00001064,372,188,184
E00001067,449,242,207
E00001101,348,195,153
E00001105,352,181,171
E00001095,400,200,200
E00001098,496,250,246
E00001099,416,226,190
E00001103,475,252,223
E00178723,431,213,218
E00178724,618,311,307
E00178889,125,59,66
E00178890,203,98,105
E00178891,194,96,98
E00178892,101,45,56
E00178893,169,96,73
E00178894,413,217,196
E00001517,530,276,254
E00001520,304,155,149
E00178775,124,57,67
E00178827,140,66,74
E00178887,160,78,82
E00178888,362,175,187
E00001499,372,194,178
E00001500,365,176,189
E00001516,427,213,214
E00178847,437,212,225
E00178866,370,184,186
E00001503,307,158,149
E00001504,273,150,123
E00001507,174,113,61
E00001514,479,244,235
E00178751,329,176,153
E00178757,550,273,277
E00001498,404,194,210
E00001529,389,198,191
E00001530,355,187,168
E00001535,336,170,166
E00001538,283,149,134
E00001497,429,217,212
E00001508,368,183,185
E00001509,449,230,219
E00001528,327,176,151
E00001537,329,165,164
E00000689,413,196,217
E00000690,413,216,197
E00000692,391,213,178
E00000695,398,201,197
E00001097,556,281,275
E00001100,417,206,211
E00001102,318,157,161
E00001104,446,239,207
E00001106,408,207,201
E00001062,566,306,260
E00001065,404,209,195
E00001068,482,232,250
E00001071,394,201,193
E00001066,512,245,267
E00001072,504,232,272
E00001075,456,220,236
E00178740,536,263,273
E00178849,188,86,102
E00001069,543,278,265
E00001073,402,200,202
E00001074,506,229,277
E00001077,438,207,231
E00001092,511,255,256
E00001093,478,248,230
E00001094,538,270,268
E00001096,345,152,193
E00000697,382,197,185
E00000698,584,277,307
E00000706,331,169,162
E00000708,402,208,194
E00000700,325,172,153
E00000703,384,209,175
E00000705,370,202,168
E00000707,403,216,187
E00000687,292,155,137
E00000688,351,200,151
E00000691,311,169,142
E00000693,310,148,162
E00000694,397,161,236
E00000699,348,178,170
E00000701,335,169,166
E00000702,444,230,214
E00000704,263,143,120
E00178765,314,146,168
E00178811,168,84,84
E00001013,392,216,176
E00001016,288,131,157
E00001058,320,189,131
E00001059,423,212,211
E00001060,207,105,102
E00000668,284,152,132
E00000676,359,186,173
E00000677,241,118,123
E00000681,285,145,140
E00000685,415,210,205
E00000686,276,147,129
E00001061,472,255,217
E00001076,330,148,182
E00001078,309,175,134
E00001079,301,167,134
E00001083,338,173,165
E00001084,394,199,195
E00001090,290,148,142
E00178734,281,136,145
E00178806,177,100,77
E00178821,550,276,274
E00001496,456,233,223
E00001511,373,178,195
E00001518,403,206,197
E00001519,420,216,204
E00000670,383,203,180
E00000710,507,251,256
E00000712,361,182,179
E00000720,365,189,176
E00000679,406,202,204
E00000714,336,184,152
E00000715,381,204,177
E00000719,301,149,152
E00174894,206,106,100
E00174895,162,84,78
E00174901,215,104,111
E00174902,228,133,95
E00001081,426,217,209
E00001082,402,210,192
E00001085,445,252,193
E00178828,436,219,217
E00178871,331,170,161
E00001086,440,225,215
E00001087,372,194,178
E00001089,489,252,237
E00001091,391,201,190
E00000678,301,164,137
E00000709,350,201,149
E00000713,376,209,167
E00000717,304,172,132
E00000718,326,170,156
E00000669,373,183,190
E00000672,358,189,169
E00000674,395,195,200
E00000675,267,141,126
E00000671,320,170,150
E00000711,482,254,228
E00000716,446,231,215
E00000721,397,214,183
E00000722,311,156,155
E00000682,336,160,176
E00000683,324,168,156
E00000684,298,151,147
E00178752,150,79,71
E00178756,292,129,163
E00178816,276,133,143
E00178745,310,174,136
E00178758,237,88,149
E00178761,180,100,80
E00178830,439,235,204
E00178846,318,186,132
E00000724,193,86,107
E00000755,286,132,154
E00000756,284,155,129
E00000757,284,152,132
E00000758,231,121,110
E00000761,505,224,281
E00174913,448,219,229
E00174921,321,163,158
E00178767,443,215,228
E00178799,297,165,132
E00174910,340,159,181
E00178815,400,238,162
E00178845,307,156,151
E00178863,283,137,146
E00178869,224,125,99
E00178743,258,129,129
E00178783,336,179,157
E00178837,439,218,221
E00178844,280,150,130
E00178774,301,154,147
E00178786,108,52,56
E00178820,416,206,210
E00178829,190,94,96
E00178883,503,250,253
E00000726,469,229,240
E00000727,437,216,221
E00000728,504,246,258
E00000730,503,246,257
E00178782,155,77,78
E00178785,233,120,113
E00178787,231,122,109
E00178810,158,77,81
E00178825,404,226,178
E00178857,475,245,230
E00178769,325,170,155
E00178836,324,159,165
E00178838,210,107,103
E00178864,233,120,113
E00178885,258,122,136
E00178886,358,177,181
E00000768,348,152,196
E00178777,318,167,151
E00178826,487,259,228
E00178870,408,220,188
E00000763,275,142,133
E00000767,385,190,195
E00178754,166,84,82
E00178832,238,116,122
E00178882,481,243,238
E00000725,360,177,183
E00000732,471,208,263
E00178800,143,73,70
E00178823,190,102,88
E00178841,565,273,292
E00002275,399,209,190
E00002296,461,217,244
E00002297,328,169,159
E00002300,336,172,164
E00002302,191,86,105
E00002282,274,141,133
E00002283,335,190,145
E00002284,401,210,191
E00002287,312,162,150
E00002289,354,169,185
E00002285,395,195,200
E00002286,417,212,205
E00002288,450,238,212
E00002291,358,194,164
E00166763,304,155,149
E00166764,464,235,229
E00166765,219,108,111
E00166766,323,166,157
E00002279,393,208,185
E00002290,350,187,163
E00002292,293,159,134
E00002293,412,209,203
E00002294,287,146,141
E00002042,488,241,247
E00002043,390,192,198
E00002048,320,165,155
E00002070,431,225,206
E00002044,343,169,174
E00002045,306,151,155
E00002046,242,127,115
E00002047,340,169,171
E00002049,336,165,171
E00002072,380,198,182
E00002040,394,217,177
E00002068,271,127,144
E00002069,232,114,118
E00176913,441,249,192
E00002281,541,282,259
E00002304,401,218,183
E00002307,420,225,195
E00002309,156,63,93
E00002299,332,170,162
E00002301,263,135,128
E00002303,296,160,136
E00002305,221,128,93
E00002306,290,132,158
E00002308,288,156,132
E00002280,368,194,174
E00002298,473,243,230
E00176915,465,256,209
E00001629,305,151,154
E00001631,339,180,159
E00001657,250,132,118
E00001658,314,165,149
E00001659,385,193,192
E00001661,320,163,157
E00001633,347,185,162
E00001634,281,152,129
E00001635,405,214,191
E00001644,360,182,178
E00176920,467,245,222
E00176921,177,77,100
E00176930,242,118,124
E00176951,448,225,223
E00001636,249,128,121
E00001637,366,186,180
E00001638,445,219,226
E00001639,322,163,159
E00001641,258,143,115
E00001646,360,192,168
E00001628,328,169,159
E00001640,417,214,203
E00001645,374,181,193
E00001648,312,172,140
E00001650,306,152,154
E00001627,368,191,177
E00001642,369,183,186
E00001647,379,187,192
E00001649,371,181,190
E00001652,363,184,179
E00001980,348,180,168
E00002004,293,144,149
E00166769,426,239,187
E00176912,514,287,227
E00176982,432,224,208
E00176983,391,226,165
E00001972,478,260,218
E00001974,598,312,286
E00001997,366,193,173
E00002001,312,161,151
E00166768,267,152,115
E00166770,220,123,97
E00166771,182,93,89
E00001989,510,270,240
E00001991,382,204,178
E00001993,343,174,169
E00001994,344,178,166
E00001984,464,233,231
E00001985,367,195,172
E00001986,374,194,180
E00001987,339,163,176
E00001988,231,119,112
E00001625,216,131,85
E00001643,379,207,172
E00001651,344,173,171
E00001653,330,160,170
E00001655,320,170,150
E00001973,281,153,128
E00001975,319,179,140
E00001976,302,154,148
E00001990,300,144,156
E00001995,404,223,181
E00001996,270,133,137
E00001998,358,185,173
E00002000,400,206,194
E00002002,439,211,228
E00176938,282,154,128
E00176954,250,125,125
E00176980,148,79,69
E00001977,342,182,160
E00001982,271,133,138
E00001983,250,133,117
E00002005,316,167,149
E00176935,537,273,264
E00176970,153,74,79
E00001626,358,177,181
E00001630,371,196,175
E00001654,330,181,149
E00001656,282,155,127
E00001660,336,177,159
E00002038,368,186,182
E00002050,270,138,132
E00002052,321,180,141
E00002053,439,218,221
E00002054,343,177,166
E00002056,380,191,189
E00002057,280,143,137
E00002059,295,159,136
E00002060,262,141,121
E00002062,279,140,139
E00002039,314,175,139
E00002051,302,156,146
E00002055,322,173,149
E00002058,296,146,150
E00002063,292,162,130
E00002154,337,169,168
E00002155,263,137,126
E00002157,358,176,182
E00002159,316,167,149
E00002163,406,219,187
E00002160,330,174,156
E00002161,404,200,204
E00002162,324,170,154
E00002167,316,172,144
E00002156,302,156,146
E00002164,334,159,175
E00002166,335,175,160
E00002169,392,191,201
E00002171,325,172,153
E00002143,421,222,199
E00002158,325,168,157
E00002168,317,165,152
E00002174,361,185,176
E00002149,311,169,142
E00002150,359,177,182
E00002153,362,179,183
E00002172,353,181,172
E00002144,375,192,183
E00002145,373,197,176
E00002148,326,174,152
E00002151,390,200,190
E00002152,338,174,164
E00001821,246,119,127
E00001822,429,220,209
E00001826,153,78,75
E00001827,171,98,73
E00001828,325,180,145
E00002112,254,140,114
E00002114,265,135,130
E00002118,350,179,171
E00002139,245,128,117
E00002141,346,183,163
E00002142,233,130,103
E00002109,381,203,178
E00002111,362,182,180
E00002115,374,206,168
E00002117,399,214,185
E00002120,531,276,255
E00002108,424,228,196
E00002121,207,112,95
E00002140,270,139,131
E00176914,300,167,133
E00002126,482,245,237
E00002130,446,223,223
E00002131,405,195,210
E00002135,367,191,176
E00002138,257,134,123
E00002110,468,243,225
E00002123,233,145,88
E00002124,240,123,117
E00002125,317,175,142
E00002128,335,166,169
E00176928,488,263,225
E00176961,316,164,152
E00176962,447,234,213
E00176963,519,284,235
E00002127,387,203,184
E00002129,377,212,165
E00002132,232,131,101
E00176922,342,176,166
E00001729,350,187,163
E00001744,304,164,140
E00001753,309,160,149
E00001754,308,160,148
E00001760,297,147,150
E00001730,387,196,191
E00001735,321,160,161
E00001742,343,176,167
E00001752,353,191,162
E00001728,333,167,166
E00001733,309,157,152
E00001734,313,172,141
E00001736,308,154,154
E00002061,339,176,163
E00002064,232,124,108
E00002065,325,160,165
E00002066,416,215,201
E00002067,206,119,87
E00002224,382,207,175
E00002225,309,162,147
E00002226,348,169,179
E00002227,380,195,185
E00002228,382,186,196
E00002209,348,173,175
E00002229,355,173,182
E00002230,370,195,175
E00002231,309,153,156
E00002232,367,191,176
E00002210,310,158,152
E00002233,373,192,181
E00002234,340,179,161
E00002235,397,186,211
E00001799,344,176,168
E00001804,222,120,102
E00001824,384,200,184
E00001829,387,201,186
E00176944,434,222,212
E00176972,494,272,222
E00001802,353,196,157
E00001805,306,151,155
E00001808,346,181,165
E00001813,374,220,154
E00001814,303,174,129
E00001819,367,198,169
E00001820,331,176,155
E00001823,313,155,158
E00001825,328,166,162
E00001830,351,193,158
E00001831,255,129,126
E00001858,253,130,123
E00001859,230,112,118
E00001860,245,121,124
E00001861,258,126,132
E00176958,394,211,183
E00176981,101,53,48
E00002133,364,185,179
E00002134,411,224,187
E00002136,340,168,172
E00002137,374,204,170
E00001740,309,163,146
E00001741,348,173,175
E00001743,312,164,148
E00001747,302,162,140
E00001748,362,187,175
E00001732,325,160,165
E00001737,225,128,97
E00001738,335,175,160
E00001745,320,161,159
E00001750,285,167,118
E00001739,298,144,154
E00001746,287,146,141
E00001749,304,158,146
E00001751,289,149,140
E00001755,262,143,119
E00001731,365,197,168
E00001756,330,177,153
E00001757,227,121,106
E00001758,372,177,195
E00001759,363,185,178
E00002146,339,165,174
E00002147,322,162,160
E00002165,373,187,186
E00002170,371,202,169
E00002173,351,174,177
E00001957,403,231,172
E00001959,346,188,158
E00001962,283,143,140
E00001963,346,195,151
E00001965,437,238,199
E00002208,402,214,188
E00002214,341,172,169
E00002237,364,196,168
E00002239,373,189,184
E00002211,349,186,163
E00002212,271,139,132
E00002213,340,171,169
E00002236,263,135,128
E00002238,408,215,193
E00002215,312,165,147
E00002217,382,194,188
E00002220,364,180,184
E00002222,392,199,193
E00002223,341,169,172
E00002216,352,185,167
E00002218,364,201,163
E00002219,372,188,184
E00002221,336,180,156
E00001592,345,170,175
E00001601,325,160,165
E00001606,367,189,178
E00001610,337,174,163
E00001615,273,138,135
E00001604,328,159,169
E00001605,341,182,159
E00001607,363,186,177
E00001608,350,174,176
E00001796,345,173,172
E00001797,303,155,148
E00001800,328,179,149
E00001803,400,237,163
E00001807,351,172,179
E00001798,286,145,141
E00001806,331,170,161
E00001811,312,162,150
E00001815,352,172,180
E00001817,273,137,136
E00001809,338,181,157
E00001810,377,202,175
E00001812,299,158,141
E00001816,248,140,108
E00001818,357,173,184
E00001767,299,152,147
E00001768,399,222,177
E00001773,423,216,207
E00001776,478,246,232
E00001778,309,161,148
E00001774,424,207,217
E00001782,278,158,120
E00001783,285,151,134
E00001785,325,178,147
E00176925,243,126,117
E00176977,310,170,140
E00001765,389,220,169
E00001770,330,189,141
E00001771,273,149,124
E00001793,451,219,232
E00001795,285,162,123
E00001764,320,159,161
E00001766,329,174,155
E00001769,281,137,144
E00001772,373,179,194
E00001794,337,189,148
E00001905,326,187,139
E00001908,447,242,205
E00001932,245,124,121
E00001933,276,140,136
E00001936,336,175,161
E00001904,295,154,141
E00001911,338,175,163
E00001914,314,158,156
E00001915,222,117,105
E00001918,344,177,167
E00001907,570,288,282
E00001910,204,93,111
E00001929,433,237,196
E00001930,409,196,213
E00001935,341,195,146
E00002013,388,207,181
E00002018,358,188,170
E00002023,337,176,161
E00002025,320,164,156
E00002026,335,178,157
E00002007,371,188,183
E00002027,371,191,180
E00002028,331,159,172
E00002031,420,213,207
E00002009,406,185,221
E00002010,501,258,243
E00002014,330,172,158
E00002036,233,136,97
E00002037,426,206,220
E00002008,360,186,174
E00002011,348,176,172
E00002012,367,183,184
E00002015,391,190,201
E00001602,343,175,168
E00001603,355,188,167
E00001609,249,127,122
E00001611,370,192,178
E00001614,311,156,155
E00001595,266,136,130
E00001597,311,178,133
E00001613,372,172,200
E00001619,388,208,180
E00001624,300,159,141
E00001594,345,176,169
E00001596,465,247,218
E00001618,544,285,259
E00001622,342,174,168
E00001612,327,183,144
E00001616,321,181,140
E00001617,228,127,101
E00001620,295,164,131
E00001621,268,142,126
E00001623,217,122,95
E00001591,420,211,209
E00001593,250,132,118
E00001598,383,176,207
E00001599,301,155,146
E00001600,335,171,164
E00001685,367,183,184
E00001686,332,155,177
E00001687,312,161,151
E00001688,227,119,108
E00001692,343,180,163
E00001955,474,242,232
E00001969,318,155,163
E00001970,377,187,190
E00001971,361,178,183
E00001938,397,211,186
E00001939,344,160,184
E00001940,339,169,170
E00001941,372,172,200
E00002006,301,146,155
E00002017,401,196,205
E00002020,336,181,155
E00002021,348,183,165
E00002030,274,142,132
E00002016,381,199,182
E00002019,347,171,176
E00002022,273,140,133
E00002024,405,202,203
E00002029,359,183,176
E00002032,331,165,166
E00002033,343,170,173
E00002034,382,202,180
E00002035,294,154,140
E00001836,474,254,220
E00001862,395,212,183
E00001864,329,169,160
E00001865,381,194,187
E00001844,320,157,163
E00001851,279,143,136
E00001852,329,171,158
E00001856,325,174,151
E00176939,139,68,71
E00176955,195,107,88
E00176978,542,264,278
E00001832,316,158,158
E00001837,362,184,178
E00001838,382,198,184
E00001840,269,150,119
E00001866,285,150,135
E00001833,298,156,142
E00001835,275,138,137
E00001839,232,125,107
E00001841,383,191,192
E00001843,287,145,142
E00001834,473,238,235
E00001853,327,166,161
E00001854,298,156,142
E00001855,286,144,142
E00001857,329,165,164
E00001847,366,180,186
E00001849,270,136,134
E00176967,304,158,146
E00176976,441,247,194
E00001845,234,137,97
E00001846,298,155,143
E00166760,258,122,136
E00166761,254,130,124
E00166762,342,178,164
E00001700,348,177,171
E00001716,395,210,185
E00001719,357,178,179
E00001725,414,203,211
E00001695,413,210,203
E00001712,342,180,162
E00001713,277,146,131
E00001715,358,182,176
E00001726,335,175,160
E00001761,299,150,149
E00001775,350,182,168
E00001777,313,160,153
E00001779,337,188,149
E00001789,294,150,144
E00001780,286,148,138
E00001781,304,156,148
E00001784,283,146,137
E00001788,316,166,150
E00001790,370,195,175
E00001906,382,196,186
E00001912,522,254,268
E00001916,169,91,78
E00001917,314,158,156
E00001920,312,163,149
E00001922,312,168,144
E00001926,357,188,169
E00001927,352,182,170
E00001928,311,150,161
E00001909,353,181,172
E00001913,262,134,128
E00001931,362,183,179
E00001934,353,183,170
E00001937,365,183,182
E00001697,294,146,148
E00001708,277,145,132
E00001720,314,159,155
E00001724,381,200,181
E00001727,319,166,153
E00001696,320,168,152
E00001705,311,155,156
E00001710,193,100,93
E00001711,332,159,173
E00001722,365,203,162
E00001699,382,191,191
E00001701,363,177,186
E00001714,365,192,173
E00001723,379,206,173
E00001704,293,151,142
E00001706,301,170,131
E00001707,345,179,166
E00001709,361,201,160
E00001717,315,171,144
E00001919,348,183,165
E00001921,329,172,157
E00001923,355,185,170
E00001924,314,176,138
E00001925,403,216,187
E00001664,372,206,166
E00001665,326,175,151
E00001672,276,146,130
E00001690,243,127,116
E00001693,328,175,153
E00001666,353,189,164
E00001668,359,191,168
E00001669,339,172,167
E00001670,258,131,127
E00001671,216,114,102
E00001674,381,195,186
E00001689,347,175,172
E00001691,392,187,205
E00001694,389,199,190
E00001662,296,161,135
E00001673,340,175,165
E00001675,289,142,147
E00001678,416,224,192
E00002268,240,120,120
E00002269,348,175,173
E00002270,328,171,157
E00002273,344,166,178
E00001762,301,154,147
E00001763,373,183,190
E00001786,366,189,177
E00001791,259,128,131
E00001792,400,195,205
E00002176,345,180,165
E00002180,288,141,147
E00002196,360,189,171
E00002200,340,167,173
E00002203,309,167,142
E00002177,487,256,231
E00002185,404,198,206
E00002190,457,252,205
E00002204,304,150,154
E00002206,306,159,147
E00002179,334,172,162
E00002189,344,179,165
E00002191,375,189,186
E00002192,296,147,149
E00002178,347,175,172
E00002181,330,167,163
E00002183,169,96,73
E00002205,400,202,198
E00002207,316,162,154
E00001698,323,168,155
E00001702,264,141,123
E00001703,323,176,147
E00001718,381,200,181
E00001721,321,166,155
E00002193,359,167,192
E00002197,322,178,144
E00002198,281,148,133
E00002201,371,192,179
E00002175,275,139,136
E00002194,327,164,163
E00002195,416,216,200
E00002199,302,151,151
E00002202,345,177,168
E00002182,333,171,162
E00002184,297,155,142
E00002186,264,141,123
E00002187,315,165,150
E00002188,298,159,139
E00002246,348,176,172
E00002248,343,175,168
E00002249,284,125,159
E00002250,357,182,175
E00002271,302,147,155
E00001679,300,149,151
E00001681,350,179,171
E00001682,385,186,199
E00001683,327,166,161
E00001684,257,150,107
E00001663,301,147,154
E00001667,345,175,170
E00001676,363,186,177
E00001677,278,148,130
E00001680,308,169,139
E00002090,253,125,128
E00002093,259,130,129
E00002095,372,194,178
E00002099,360,181,179
E00002100,363,172,191
E00002076,441,243,198
E00002091,286,153,133
E00002092,324,168,156
E00002094,408,190,218
E00002097,342,165,177
E00002244,269,140,129
E00002245,363,185,178
E00002247,259,126,133
E00002274,360,175,185
E00002078,403,214,189
E00002083,318,174,144
E00002096,237,127,110
E00002098,310,147,163
E00002101,206,97,109
E00002104,251,135,116
E00002077,258,122,136
E00002081,192,106,86
E00002102,249,131,118
E00002103,357,170,187
E00002105,294,153,141
E00002106,324,158,166
E00002073,277,148,129
E00002079,172,99,73
E00002080,180,104,76
E00002082,355,189,166
E00002085,521,287,234
E00002087,260,135,125
E00002107,242,127,115
E00002240,418,226,192
E00002260,362,205,157
E00002262,239,130,109
E00002263,512,289,223
E00176923,217,119,98
E00176933,427,248,179
E00002242,305,160,145
E00002243,326,195,131
E00002251,334,167,167
E00002252,417,231,186
E00002257,220,125,95
E00002272,454,221,233
E00001880,325,167,158
E00001881,245,135,110
E00001883,334,176,158
E00001884,269,134,135
E00001903,397,193,204
E00001868,330,180,150
E00001873,320,178,142
E00001886,300,150,150
E00001887,173,102,71
E00001889,273,147,126
E00001891,321,167,154
E00001878,363,200,163
E00001899,325,160,165
E00001900,303,150,153
E00001901,306,160,146
E00001902,261,135,126
E00002075,222,119,103
E00002084,237,126,111
E00002086,291,164,127
E00002088,321,181,140
E00002089,301,159,142
E00176952,426,218,208
E00176957,104,59,45
E00002253,354,175,179
E00002254,244,130,114
E00002255,331,185,146
E00002256,349,178,171
E00002258,264,143,121
E00002241,351,191,160
E00002261,215,106,109
E00002264,280,152,128
E00002265,324,169,155
E00002266,432,217,215
E00002267,270,169,101
E00001870,320,170,150
E00001871,255,138,117
E00001876,338,160,178
E00001877,136,66,70
E00001879,323,183,140
E00001882,244,132,112
E00001869,320,160,160
E00001872,309,153,156
E00001885,364,192,172
E00001892,349,181,168
E00001894,252,137,115
E00001874,425,225,200
E00001890,308,178,130
E00001893,412,238,174
E00001895,405,215,190
E00001896,456,227,229
E00001867,372,209,163
E00001875,321,166,155
E00001888,365,208,157
E00001897,188,107,81
E00001898,292,162,130
E00001944,320,155,165
E00001945,373,191,182
E00001946,308,154,154
E00001951,249,129,120
E00001956,344,188,156
E00001952,264,122,142
E00001954,330,171,159
E00001961,332,171,161
E00001964,340,173,167
E00001968,303,167,136
E00001949,268,130,138
E00001958,363,191,172
E00001960,319,154,165
E00001966,344,172,172
E00001967,279,162,117
E00001943,233,129,104
E00001947,313,169,144
E00001948,294,152,142
E00001950,371,182,189
E00001953,389,209,180
E00165791,283,152,131
E00002857,335,163,172
E00002859,497,243,254
E00002865,432,208,224
E00002867,365,167,198
E00002869,501,237,264
E00002872,386,187,199
E00002878,358,175,183
E00174697,324,147,177
E00178954,435,217,218
E00178976,118,60,58
E00179051,423,212,211
E00002864,422,224,198
E00002868,409,198,211
E00002870,438,232,206
E00002873,411,209,202
E00002877,256,138,118
E00002851,438,223,215
E00002852,370,179,191
E00002856,405,205,200
E00178918,423,238,185
E00178968,194,91,103
E00002854,418,225,193
E00002855,421,193,228
E00002862,435,201,234
E00174685,421,223,198
E00174703,427,229,198
E00002858,399,198,201
E00002861,512,222,290
E00002863,440,220,220
E00002871,463,229,234
E00002499,415,207,208
E00002505,388,180,208
E00002509,423,210,213
E00002530,452,211,241
E00002502,456,223,233
E00002504,369,183,186
E00002506,300,145,155
E00002511,445,215,230
E00002496,423,223,200
E00002526,517,246,271
E00002529,493,231,262
E00178970,205,111,94
E00179000,375,181,194
E00179055,332,164,168
E00002497,393,201,192
E00002500,357,177,180
E00002501,337,178,159
E00002527,219,110,109
E00002528,369,181,188
E00178928,205,112,93
E00178991,521,287,234
E00179004,259,121,138
E00179035,359,170,189
E00002866,545,303,242
E00002874,452,212,240
E00002875,429,207,222
E00174698,259,147,112
E00179020,162,74,88
E00002498,436,214,222
E00002508,338,180,158
E00002510,366,180,186
E00002512,372,183,189
E00002513,363,198,165
E00002503,398,205,193
E00002507,424,211,213
E00002515,405,198,207
E00002518,395,203,192
E00002608,420,206,214
E00002634,343,171,172
E00002635,502,252,250
E00002636,366,188,178
E00002849,589,288,301
E00002876,448,193,255
E00002880,441,207,234
E00002881,325,162,163
E00002882,380,176,204
E00002610,477,211,266
E00002612,439,218,221
E00002617,361,181,180
E00002628,562,265,297
E00002629,586,281,305
E00002630,352,176,176
E00002633,378,195,183
E00002613,386,199,187
E00002632,386,189,197
E00002637,381,200,181
E00002638,409,207,202
E00002609,487,252,235
E00002611,397,199,198
E00002615,353,186,167
E00002620,383,188,195
E00002607,195,94,101
E00002614,456,220,236
E00002616,345,173,172
E00002621,340,177,163
E00002625,245,121,124
E00002619,337,170,167
E00002622,353,187,166
E00002623,452,233,219
E00002624,315,159,156
E00002618,229,116,113
E00002626,377,185,192
E00002627,413,218,195
E00002631,392,192,200
E00002514,413,234,179
E00002516,439,207,232
E00002517,369,162,207
E00178939,333,180,153
E00179036,361,182,179
E00002520,377,195,182
E00002521,388,209,179
E00002522,464,240,224
E00002523,420,198,222
E00002524,363,177,186
E00003003,437,226,211
E00003006,481,234,247
E00003008,496,249,247
E00003009,469,230,239
E00003002,290,157,133
E00003004,315,165,150
E00003005,341,171,170
E00003007,499,238,261
E00003038,298,154,144
E00003034,370,172,198
E00003035,397,199,198
E00003036,390,187,203
E00003037,330,169,161
E00003039,492,242,250
E00002361,411,209,202
E00002362,420,201,219
E00002365,410,204,206
E00002366,446,222,224
E00002345,296,144,152
E00002349,327,175,152
E00002378,610,329,281
E00002379,533,282,251
E00002346,434,235,199
E00002380,380,194,186
E00002381,416,206,210
E00002382,373,189,184
E00002347,413,205,208
E00002351,468,228,240
E00002352,400,205,195
E00002359,416,209,207
E00002348,389,194,195
E00002350,260,150,110
E00002356,384,193,191
E00002358,391,197,194
E00002364,562,294,268
E00002797,390,187,203
E00002798,360,182,178
E00002799,366,194,172
E00002800,378,194,184
E00002773,382,206,176
E00002801,411,197,214
E00002802,444,209,235
E00002803,436,211,225
E00002772,325,169,156
E00002778,362,181,181
E00002804,387,182,205
E00002805,582,225,357
E00002770,419,204,215
E00002776,325,122,203
E00002777,434,217,217
E00002781,517,231,286
E00002806,454,208,246
E00002769,361,185,176
E00002779,306,141,165
E00002790,462,233,229
E00174554,404,222,182
E00174704,422,225,197
E00178961,202,98,104
E00178977,427,245,182
E00002742,348,188,160
E00002753,355,182,173
E00002759,437,231,206
E00002760,362,184,178
E00002751,353,182,171
E00002757,369,175,194
E00002764,471,249,222
E00002766,394,199,195
E00002755,390,196,194
E00002758,394,196,198
E00002761,384,181,203
E00002768,382,186,196
E00002748,479,237,242
E00174557,603,335,268
E00174700,172,83,89
E00174730,143,94,49
E00178997,178,95,83
E00179062,644,378,266
E00002750,345,169,176
E00002752,375,190,185
E00002754,349,178,171
E00002756,388,195,193
E00002354,384,195,189
E00002357,389,204,185
E00002363,402,217,185
E00002367,584,298,286
E00002353,274,148,126
E00002355,315,152,163
E00002360,298,157,141
E00002368,309,169,140
E00002369,440,254,186
E00002373,356,189,167
E00002374,442,243,199
E00002375,258,148,110
E00002376,339,171,168
E00002377,457,220,237
E00003010,284,145,139
E00003011,241,136,105
E00003012,341,165,176
E00003013,353,177,176
E00003014,453,226,227
E00002370,554,288,266
E00002372,476,258,218
E00174733,328,176,152
E00174713,395,198,197
E00174731,417,226,191
E00174736,370,192,178
E00174738,479,254,225
E00002426,401,188,213
E00002427,426,202,224
E00002428,496,235,261
E00002430,360,197,163
E00003001,490,245,245
E00003015,303,161,142
E00003016,256,120,136
E00003017,483,210,273
E00003018,448,244,204
E00003019,305,156,149
E00003020,267,139,128
E00003021,304,160,144
E00003023,362,210,152
E00003026,308,171,137
E00002433,550,269,281
E00002435,441,219,222
E00002436,491,239,252
E00002432,483,213,270
E00002442,358,175,183
E00002444,382,179,203
E00002446,414,207,207
E00002431,365,181,184
E00002438,334,173,161
E00002448,317,161,156
E00002452,407,209,198
E00179008,482,240,242
E00179059,166,83,83
E00002429,361,201,160
E00002434,462,250,212
E00002439,388,201,187
E00178913,397,226,171
E00179056,288,158,130
E00002423,433,235,198
E00002424,562,288,274
E00002437,389,191,198
E00002441,352,195,157
E00002449,295,170,125
E00002440,360,202,158
E00002445,338,180,158
E00002454,378,182,196
E00179053,620,354,266
E00179054,186,84,102
E00002422,394,187,207
E00002450,263,126,137
E00002451,580,302,278
E00002453,399,191,208
E00002455,457,226,231
E00002771,376,184,192
E00002784,402,199,203
E00002792,389,193,196
E00002793,384,182,202
E00002791,446,234,212
E00002794,545,257,288
E00002795,450,232,218
E00002796,320,153,167
E00002775,503,218,285
E00002783,447,231,216
E00002789,285,147,138
E00178953,105,56,49
E00179047,534,274,260
E00002780,375,177,198
E00002786,512,233,279
E00002787,179,93,86
E00002788,419,220,199
E00178910,367,194,173
E00178941,368,189,179
E00178993,107,53,54
E00002739,446,222,224
E00002740,430,217,213
E00002763,383,182,201
E00002765,365,179,186
E00002738,372,188,184
E00002746,309,164,145
E00002762,443,217,226
E00002767,410,221,189
E00002937,492,230,262
E00002940,493,236,257
E00002962,388,188,200
E00002967,573,282,291
E00178942,243,97,146
E00178971,403,177,226
E00002935,461,206,255
E00002939,401,190,211
E00002955,409,204,205
E00002964,345,193,152
E00174690,313,174,139
E00174701,408,209,199
E00002931,321,152,169
E00002932,349,166,183
E00002951,610,327,283
E00002953,222,106,116
E00002954,253,138,115
E00002456,326,171,155
E00002457,339,174,165
E00002468,308,155,153
E00002471,260,140,120
E00002484,426,217,209
E00002488,250,119,131
E00002489,329,162,167
E00002490,460,214,246
E00002492,396,178,218
E00002458,403,208,195
E00002491,476,247,229
E00002493,399,198,201
E00002494,392,195,197
E00002459,573,298,275
E00002460,372,181,191
E00002461,426,219,207
E00002495,399,208,191
E00003022,364,217,147
E00003024,351,185,166
E00003025,436,210,226
E00003027,468,219,249
E00003030,427,218,209
E00003028,410,196,214
E00003029,315,150,165
E00003031,339,144,195
E00003032,378,195,183
E00003033,326,142,184
E00002731,496,226,270
E00002732,444,236,208
E00002734,344,173,171
E00002735,362,178,184
E00002737,395,217,178
E00002697,520,248,272
E00002728,240,131,109
E00002729,371,199,172
E00002730,427,225,202
E00002733,414,211,203
E00002692,390,202,188
E00002695,349,168,181
E00002699,431,227,204
E00002702,417,199,218
E00002693,369,185,184
E00002694,431,243,188
E00002700,436,250,186
E00002701,608,315,293
E00002703,246,116,130
E00002696,358,188,170
E00002698,279,142,137
E00002704,325,165,160
E00002736,479,238,241
E00178907,222,89,133
E00178957,201,64,137
E00002705,289,155,134
E00002708,320,160,160
E00002710,219,120,99
E00002711,290,169,121
E00002718,269,129,140
E00002741,342,173,169
E00002743,348,179,169
E00002744,408,202,206
E00002745,304,168,136
E00002957,261,132,129
E00002960,452,228,224
E00002963,358,177,181
E00002965,402,205,197
E00002966,400,195,205
E00002933,550,281,269
E00002938,343,165,178
E00002942,422,204,218
E00002958,403,201,202
E00002961,341,168,173
E00002941,510,255,255
E00002944,508,258,250
E00002945,380,184,196
E00002947,529,268,261
E00002464,374,199,175
E00002466,315,162,153
E00002474,426,214,212
E00002477,369,201,168
E00002478,315,166,149
E00002469,416,223,193
E00002479,396,197,199
E00002481,493,256,237
E00002482,372,191,181
E00002462,334,169,165
E00002463,389,186,203
E00002473,412,209,203
E00002480,482,255,227
E00002465,251,133,118
E00002467,531,242,289
E00002470,246,115,131
E00002472,332,160,172
E00002475,345,177,168
E00002707,267,144,123
E00002709,219,107,112
E00002712,204,113,91
E00002715,364,167,197
E00002717,324,174,150
E00002930,595,283,312
E00002936,376,178,198
E00002943,415,215,200
E00002956,346,170,176
E00002959,453,236,217
E00002946,533,281,252
E00002948,367,173,194
E00002949,488,229,259
E00002950,380,188,192
E00003047,528,282,246
E00003054,484,225,259
E00003057,491,238,253
E00003058,566,271,295
E00003051,615,303,312
E00003053,536,264,272
E00178922,232,113,119
E00178994,463,227,236
E00179003,596,275,321
E00179028,173,79,94
E00003048,559,246,313
E00003063,462,229,233
E00003064,445,225,220
E00003068,439,206,233
E00174684,368,178,190
E00174735,371,183,188
E00002973,315,148,167
E00002974,382,190,192
E00002976,558,274,284
E00178923,176,91,85
E00179001,507,244,263
E00002987,350,182,168
E00002990,364,187,177
E00002992,588,307,281
E00002994,447,214,233
E00002995,404,190,214
E00002996,431,218,213
E00002997,519,253,266
E00002998,459,225,234
E00003043,438,213,225
E00003046,546,257,289
E00003050,512,254,258
E00178924,259,139,120
E00179041,568,295,273
E00179060,278,139,139
E00003042,591,292,299
E00003065,492,235,257
E00174687,320,154,166
E00178905,449,172,277
E00178938,157,75,82
E00003041,541,271,270
E00174729,488,248,240
E00179005,612,305,307
E00002913,471,224,247
E00002914,403,217,186
E00002916,306,161,145
E00002918,351,194,157
E00002926,316,165,151
E00002899,188,101,87
E00002900,349,192,157
E00002901,324,167,157
E00002907,527,282,245
E00002887,392,189,203
E00002902,346,189,157
E00002904,339,180,159
E00002906,373,188,185
E00002888,309,185,124
E00002903,297,148,149
E00002905,267,141,126
E00002910,277,143,134
E00002911,295,167,128
E00002908,379,194,185
E00002909,440,241,199
E00002912,421,248,173
E00002917,497,257,240
E00002920,374,170,204
E00002923,475,246,229
E00002924,512,274,238
E00002925,399,209,190
E00002387,589,321,268
E00002397,340,180,160
E00002413,408,214,194
E00002418,306,167,139
E00003083,272,128,144
E00003084,344,172,172
E00003086,306,155,151
E00003093,293,148,145
E00003100,294,164,130
E00003087,316,179,137
E00003089,299,154,145
E00003092,307,168,139
E00003096,384,171,213
E00003099,406,200,206
E00003097,440,210,230
E00003101,300,133,167
E00003103,251,118,133
E00003104,398,208,190
E00003105,476,245,231
E00003106,349,182,167
E00003073,293,142,151
E00003075,340,175,165
E00003098,255,124,131
E00003108,399,213,186
E00178908,481,209,272
E00179006,144,86,58
E00002383,317,160,157
E00002393,478,265,213
E00002416,336,171,165
E00002420,247,144,103
E00002421,395,161,234
E00002392,475,232,243
E00002406,418,211,207
E00002412,225,115,110
E00002414,342,173,169
E00002415,305,174,131
E00002386,254,127,127
E00002407,276,133,143
E00002408,217,100,117
E00002409,234,116,118
E00002410,284,125,159
E00002411,325,155,170
E00002713,377,217,160
E00002714,216,117,99
E00002716,285,157,128
E00002720,138,61,77
E00002724,273,150,123
E00002725,273,142,131
E00002719,362,197,165
E00002721,317,157,160
E00002722,309,152,157
E00002723,374,182,192
E00002726,218,110,108
E00002727,358,156,202
E00003081,443,212,231
E00003082,336,177,159
E00003090,554,303,251
E00003091,351,187,164
E00003095,455,225,230
E00003071,459,254,205
E00003072,358,178,180
E00003088,394,197,197
E00003102,596,316,280
E00003107,410,212,198
E00003078,556,298,258
E00003079,338,169,169
E00003080,329,172,157
E00003085,390,204,186
E00003094,336,181,155
E00003069,297,156,141
E00003070,442,229,213
E00003076,443,244,199
E00003077,420,248,172
E00174688,240,139,101
E00174689,399,214,185
E00002476,564,295,269
E00002483,302,155,147
E00002486,378,194,184
E00002487,451,233,218
E00178965,614,370,244
E00179038,303,183,120
E00002534,382,200,182
E00002538,551,288,263
E00002544,335,196,139
E00002545,521,297,224
E00002546,488,238,250
E00002535,405,214,191
E00002537,388,210,178
E00002567,482,247,235
E00002570,127,76,51
E00179046,138,78,60
E00179048,508,280,228
E00002559,368,201,167
E00002560,347,198,149
E00002563,256,146,110
E00174694,213,124,89
E00174726,361,184,177
E00179034,390,205,185
E00179058,259,144,115
E00002533,430,233,197
E00002561,404,212,192
E00002564,374,198,176
E00002565,367,194,173
E00002568,304,159,145
E00002531,306,168,138
E00002536,419,216,203
E00002562,357,198,159
E00002566,267,135,132
E00002569,378,205,173
E00002321,413,193,220
E00002323,441,222,219
E00002324,432,216,216
E00002325,441,219,222
E00002329,618,309,309
E00002331,457,230,227
E00002333,536,271,265
E00178984,272,150,122
E00179037,392,192,200
E00002310,437,208,229
E00002312,431,214,217
E00178933,455,235,220
E00178943,265,137,128
E00178960,373,178,195
E00179043,235,113,122
E00002319,395,197,198
E00002337,423,201,222
E00002339,370,181,189
E00002341,440,219,221
E00179007,454,187,267
E00179039,294,130,164
E00003052,569,291,278
E00174682,465,233,232
E00174721,346,179,167
E00174727,373,189,184
E00174728,271,134,137
E00178988,224,109,115
E00179002,479,240,239
E00002891,508,292,216
E00002893,372,194,178
E00002915,446,264,182
E00002919,460,262,198
E00002897,391,209,182
E00178916,515,283,232
E00178946,130,70,60
E00178952,288,156,132
E00179030,439,223,216
E00179061,126,67,59
E00002892,622,315,307
E00002921,339,184,155
E00002922,270,156,114
E00002928,387,210,177
E00002929,307,163,144
E00178986,177,91,86
E00179014,524,264,260
E00002886,421,210,211
E00002894,403,190,213
E00002898,341,172,169
E00174691,265,120,145
E00178920,289,147,142
E00178921,203,111,92
E00179050,476,249,227
E00174715,333,159,174
E00178906,584,275,309
E00179012,598,294,304
E00179032,416,231,185
E00002639,358,209,149
E00002683,222,115,107
E00002684,257,149,108
E00002686,264,140,124
E00002687,490,234,256
E00002689,331,161,170
E00002640,205,119,86
E00002642,330,171,159
E00002685,317,167,150
E00002688,273,137,136
E00002690,230,127,103
E00002691,286,145,141
E00002643,254,125,129
E00002644,257,139,118
E00002645,270,148,122
E00002647,309,150,159
E00002648,280,153,127
E00002651,287,127,160
E00002646,194,104,90
E00002649,395,192,203
E00002650,297,152,145
E00002653,281,153,128
E00002654,283,155,128
E00174681,296,165,131
E00174686,234,126,108
E00002641,369,203,166
E00002652,323,190,133
E00002655,258,130,128
E00002657,295,155,140
E00002658,242,129,113
E00002662,326,163,163
E00002326,371,198,173
E00002327,269,146,123
E00002328,398,201,197
E00178936,181,94,87
E00178966,439,246,193
E00178978,369,173,196
E00178983,376,187,189
E00002311,374,178,196
E00002336,624,324,300
E00178914,549,286,263
E00178919,258,120,138
E00178930,193,85,108
E00179021,385,186,199
E00179064,318,162,156
E00002330,402,216,186
E00002334,463,219,244
E00002343,475,230,245
E00174723,434,213,221
E00174724,350,175,175
E00002314,534,263,271
E00002316,578,288,290
E00002340,504,249,255
E00178909,516,270,246
E00178989,396,193,203
E00003056,569,291,278
E00003061,608,287,321
E00003062,601,303,298
E00178927,170,78,92
E00179009,537,261,276
E00002391,294,147,147
E00002394,438,217,221
E00002395,396,181,215
E00002417,256,128,128
E00002419,343,182,161
E00002385,320,155,165
E00002388,399,209,190
E00002390,286,157,129
E00002398,432,222,210
E00178929,345,174,171
E00178955,100,56,44
E00179019,183,104,79
E00002389,317,152,165
E00002396,277,146,131
E00002399,359,187,172
E00002401,318,166,152
E00002400,342,179,163
E00002402,327,178,149
E00002403,387,202,185
E00002404,275,142,133
E00002405,267,150,117
E00002828,303,170,133
E00002829,295,155,140
E00002830,309,163,146
E00002832,292,148,144
E00002837,314,178,136
E00002540,353,185,168
E00002541,463,229,234
E00002542,519,280,239
E00174706,262,120,142
E00174707,178,95,83
E00178898,522,272,250
E00002547,251,131,120
E00002548,293,150,143
E00002549,403,215,188
E00002550,381,195,186
E00174708,297,147,150
E00174710,247,139,108
E00174712,277,155,122
E00174719,270,148,122
E00002552,336,199,137
E00002553,290,154,136
E00002554,324,160,164
E00002555,341,182,159
E00002556,561,287,274
E00002577,452,239,213
E00002579,402,207,195
E00002580,488,262,226
E00002581,336,171,165
E00002583,499,265,234
E00002586,455,254,201
E00002591,392,223,169
E00002596,420,219,201
E00002598,385,204,181
E00002604,401,205,196
E00002594,377,189,188
E00174711,210,105,105
E00174718,293,158,135
E00174720,264,140,124
E00002588,370,187,183
E00002589,418,212,206
E00002601,429,237,192
E00002603,421,228,193
E00002816,354,198,156
E00002818,317,177,140
E00002819,354,192,162
E00002821,325,174,151
E00002823,238,126,112
E00002824,564,297,267
E00002825,328,169,159
E00002826,375,198,177
E00002833,422,238,184
E00002834,396,206,190
E00002838,351,174,177
E00002844,340,190,150
E00002846,445,246,199
E00002847,394,210,184
E00002848,321,180,141
E00002807,403,217,186
E00002808,163,87,76
E00002827,242,135,107
E00002831,402,229,173
E00002839,357,191,166
E00002840,483,272,211
E00002810,216,106,110
E00002811,323,176,147
E00002815,425,217,208
E00002822,501,261,240
E00002845,329,175,154
E00178926,347,170,177
E00178945,239,123,116
E00002585,387,202,185
E00002587,356,196,160
E00002593,366,183,183
E00002600,290,151,139
E00002602,420,232,188
E00002572,325,147,178
E00002597,347,189,158
E00002599,334,198,136
E00002605,266,135,131
E00174714,109,51,58
E00174716,227,123,104
E00174717,191,118,73
E00002571,306,163,143
E00002573,428,265,163
E00002575,279,139,140
E00002576,279,141,138
E00002606,219,119,100
E00002578,386,203,183
E00002582,310,172,138
E00002584,302,148,154
E00002592,329,165,164
E00002595,420,206,214
E00002835,358,185,173
E00002836,268,137,131
E00002841,354,178,176
E00002842,316,175,141
E00002843,262,134,128
E00002809,334,180,154
E00002812,328,166,162
E00002813,269,155,114
E00002814,284,142,142
E00002817,287,171,116
E00002668,468,191,277
E00002678,305,148,157
E00002680,241,122,119
E00002681,360,198,162
E00002682,395,210,185
E00002659,295,154,141
E00002660,208,105,103
E00002661,395,196,199
E00002663,262,159,103
E00002664,362,165,197
E00002670,499,281,218
E00002665,380,209,171
E00002667,576,299,277
E00002669,203,86,117
E00002672,387,214,173
E00178969,263,134,129
E00178974,227,124,103
E00178982,315,178,137
E00179025,546,284,262
E00002676,492,269,223
E00002677,392,205,187
E00002679,327,151,176
E00178899,296,161,135
E00002970,399,188,211
E00002971,624,316,308
E00002972,467,217,250
E00003000,495,252,243
E00178937,528,299,229
E00178956,356,172,184
E00178958,753,404,349
E00178967,271,135,136
E00179044,442,220,222
E00174556,486,276,210
E00178904,134,55,79
E00179040,160,81,79
E00179069,558,295,263
E00179070,229,139,90
E00178925,718,423,295
E00178962,108,51,57
E00179065,114,56,58
E00179066,246,121,125
E00179067,295,145,150
E00179068,129,69,60
E00002999,395,180,215
E00178900,647,248,399
E00178915,577,295,282
E00178995,535,283,252
E00179010,172,80,92
E00179049,410,208,202
E00179071,454,233,221
E00002984,515,232,283
E00002985,514,262,252
E00002991,466,222,244
E00179072,294,149,145
E00179073,476,229,247
E00002969,290,147,143
E00002983,483,240,243
E00002989,448,223,225
E00002993,456,235,221
E00002980,379,197,182
E00002981,413,210,203
E00002986,528,265,263
E00002988,375,190,185
E00003814,279,149,130
E00003815,313,160,153
E00003837,277,144,133
E00003838,264,134,130
E00003839,267,134,133
E00003812,300,154,146
E00003813,348,178,170
E00003817,182,104,78
E00003818,378,200,178
E00003819,407,213,194
E00003809,265,152,113
E00003810,322,177,145
E00003811,316,169,147
E00003820,304,164,140
E00003821,364,188,176
E00003816,246,135,111
E00003823,311,153,158
E00003825,285,148,137
E00003827,319,162,157
E00003830,382,208,174
E00003822,337,182,155
E00003824,343,174,169
E00003826,290,151,139
E00003831,357,197,160
E00003832,297,163,134
E00003806,314,172,142
E00003807,310,167,143
E00003828,312,177,135
E00003833,299,169,130
E00003836,342,184,158
E00003338,451,159,292
E00003346,377,209,168
E00003347,300,152,148
E00003348,280,155,125
E00003363,229,109,120
E00003333,393,193,200
E00003335,338,176,162
E00003354,344,176,168
E00003357,313,163,150
E00003334,311,160,151
E00003349,308,161,147
E00003350,321,171,150
E00003352,332,170,162
E00003356,262,145,117
E00003336,389,212,177
E00003351,366,181,185
E00003359,318,170,148
E00003360,263,133,130
E00003364,334,171,163
E00003805,335,177,158
E00003808,326,172,154
E00003829,321,176,145
E00003834,311,159,152
E00003835,262,148,114
E00003889,309,151,158
E00003925,381,204,177
E00003926,422,219,203
E00003932,379,207,172
E00003940,314,164,150
E00003895,284,153,131
E00003902,289,147,142
E00003903,317,178,139
E00003906,362,193,169
E00003907,281,151,130
E00003909,315,177,138
E00003896,202,111,91
E00003898,309,156,153
E00003899,305,175,130
E00003900,302,157,145
E00003904,263,144,119
E00003947,228,118,110
E00003890,348,184,164
E00003897,285,140,145
E00003901,275,140,135
E00003915,305,170,135
E00003946,256,126,130
E00003892,353,171,182
E00003905,253,143,110
E00003908,207,120,87
E00003912,245,123,122
E00003917,299,157,142
E00003918,339,192,147
E00003617,311,149,162
E00003620,225,105,120
E00003622,271,140,131
E00003623,424,217,207
E00003624,298,161,137
E00003626,287,149,138
E00003600,289,147,142
E00003602,240,136,104
E00003606,452,246,206
E00003612,318,161,157
E00003615,325,167,158
E00003619,158,83,75
E00003621,339,182,157
E00003599,274,135,139
E00003637,259,115,144
E00003638,213,112,101
E00003639,225,129,96
E00003640,389,201,188
E00003641,295,157,138
E00003642,221,103,118
E00003601,313,161,152
E00003605,262,137,125
E00003611,400,191,209
E00003613,364,178,186
E00003616,342,179,163
E00003643,342,177,165
E00003603,234,137,97
E00003604,250,135,115
E00003607,246,126,120
E00003614,285,152,133
E00003618,293,155,138
E00003628,256,133,123
E00182562,308,165,143
E00182571,162,91,71
E00182606,322,200,122
E00182642,288,160,128
E00003378,307,152,155
E00003379,320,165,155
E00003380,280,144,136
E00003415,293,151,142
E00003422,168,83,85
E00003433,339,188,151
E00003434,199,107,92
E00003436,242,120,122
E00003461,250,138,112
E00003463,205,108,97
E00003466,201,97,104
E00182592,504,254,250
E00182621,131,70,61
E00182628,292,142,150
E00003432,205,108,97
E00003438,261,125,136
E00003439,222,111,111
E00003443,248,128,120
E00003465,258,127,131
E00003467,334,174,160
E00003469,214,113,101
E00003471,138,66,72
E00003447,326,180,146
E00003448,290,148,142
E00003474,321,183,138
E00003477,235,123,112
E00003480,509,265,244
E00166107,275,132,143
E00166109,216,105,111
E00003435,447,233,214
E00003460,212,110,102
E00003462,168,91,77
E00003487,172,90,82
E00003488,244,128,116
E00003489,183,97,86
E00003490,303,171,132
E00003491,167,86,81
E00003492,162,76,86
E00003117,365,182,183
E00003128,357,188,169
E00003131,365,189,176
E00003133,362,182,180
E00003119,323,168,155
E00003122,353,188,165
E00003143,418,220,198
E00003145,320,163,157
E00166105,292,157,135
E00166626,258,142,116
E00166627,106,52,54
E00003337,483,252,231
E00003362,371,196,175
E00003365,316,159,157
E00003368,438,228,210
E00182601,231,132,99
E00182637,459,233,226
E00003358,305,167,138
E00003361,277,143,134
E00003366,292,147,145
E00003370,268,129,139
E00003373,376,197,179
E00003340,283,155,128
E00003342,316,159,157
E00003367,389,201,188
E00003374,347,187,160
E00003376,301,148,153
E00003329,320,165,155
E00003341,309,158,151
E00003343,253,130,123
E00003371,321,164,157
E00003372,300,160,140
E00003375,281,152,129
E00003232,464,256,208
E00003246,322,162,160
E00003251,406,201,205
E00003282,318,150,168
E00003284,210,101,109
E00003245,302,162,140
E00003247,298,142,156
E00003249,311,164,147
E00003250,328,161,167
E00003255,443,222,221
E00003256,351,178,173
E00003996,227,109,118
E00004000,507,265,242
E00004025,214,107,107
E00004026,241,125,116
E00004027,291,162,129
E00004028,131,71,60
E00003997,282,140,142
E00003999,328,170,158
E00004029,370,200,170
E00004031,337,171,166
E00004032,316,157,159
E00003998,402,214,188
E00004001,377,199,178
E00004033,342,176,166
E00004035,311,161,150
E00004040,266,144,122
E00004030,320,178,142
E00004034,441,232,209
E00004036,248,131,117
E00004037,391,209,182
E00004002,369,198,171
E00004005,308,170,138
E00004038,380,200,180
E00004039,301,162,139
E00004041,305,163,142
E00003608,410,233,177
E00003625,273,145,128
E00003630,291,158,133
E00003631,274,134,140
E00003632,247,134,113
E00003634,371,193,178
E00003609,235,122,113
E00003610,310,159,151
E00003629,196,91,105
E00003633,271,150,121
E00003635,251,134,117
E00003636,299,184,115
E00003893,317,173,144
E00003924,293,166,127
E00003929,233,121,112
E00003931,468,262,206
E00003934,226,106,120
E00003894,376,186,190
E00003921,361,178,183
E00003923,233,111,122
E00003930,332,176,156
E00003937,225,123,102
E00003920,225,113,112
E00003928,400,216,184
E00003933,267,145,122
E00003936,207,116,91
E00003939,270,145,125
E00003942,298,156,142
E00003891,441,253,188
E00003910,241,129,112
E00003911,410,231,179
E00003913,247,131,116
E00003916,376,198,178
E00003330,398,227,171
E00003339,407,222,185
E00003353,325,170,155
E00003369,381,202,179
E00003331,309,159,150
E00003332,262,135,127
E00003344,284,143,141
E00003345,338,167,171
E00003550,337,173,164
E00003577,377,197,180
E00003579,357,181,176
E00003580,333,167,166
E00003585,232,123,109
E00003551,263,148,115
E00003553,280,144,136
E00003576,279,138,141
E00003578,278,146,132
E00003590,305,170,135
E00003241,233,130,103
E00003242,464,243,221
E00003243,597,327,270
E00003281,381,203,178
E00003244,283,149,134
E00003248,294,151,143
E00003252,233,107,126
E00003253,252,139,113
E00003280,314,160,154
E00003283,295,147,148
E00003452,315,167,148
E00003453,334,178,156
E00003455,269,153,116
E00003458,315,165,150
E00003483,277,141,136
E00003484,141,75,66
E00003456,282,147,135
E00003457,245,129,116
E00003459,299,156,143
E00003476,189,103,86
E00003478,244,138,106
E00003479,219,103,116
E00003486,227,125,102
E00004043,302,154,148
E00004044,211,100,111
E00004045,240,124,116
E00004046,322,177,145
E00004047,346,176,170
E00004070,280,155,125
E00003437,293,145,148
E00003442,361,187,174
E00003445,288,145,143
E00003446,298,152,146
E00003470,330,177,153
E00003472,225,119,106
E00003440,306,165,141
E00003441,408,196,212
E00003444,341,188,153
E00003450,365,198,167
E00003468,430,215,215
E00003449,230,125,105
E00003451,313,161,152
E00003454,245,131,114
E00003475,315,159,156
E00003481,172,95,77
E00003482,248,120,128
E00003485,236,135,101
E00003759,366,193,173
E00003765,202,100,102
E00003770,326,173,153
E00003778,249,142,107
E00003781,377,186,191
E00003766,318,165,153
E00003767,262,137,125
E00003771,358,208,150
E00003774,362,193,169
E00003775,280,154,126
E00003382,182,96,86
E00003383,261,138,123
E00003385,237,130,107
E00003388,277,149,128
E00003389,317,161,156
E00003427,245,129,116
E00003416,263,125,138
E00003417,219,109,110
E00003418,435,229,206
E00003420,240,123,117
E00003421,275,146,129
E00003381,328,181,147
E00003384,365,200,165
E00003419,472,254,218
E00003423,296,138,158
E00003430,267,125,142
E00003386,291,161,130
E00003391,305,152,153
E00003402,253,128,125
E00003413,265,133,132
E00003414,261,144,117
E00003914,272,140,132
E00003919,368,186,182
E00003922,324,168,156
E00003927,370,191,179
E00003935,319,159,160
E00003549,495,263,232
E00003575,312,162,150
E00003581,328,168,160
E00003584,333,171,162
E00003586,180,80,100
E00003587,309,170,139
E00003554,446,225,221
E00003555,339,176,163
E00003557,376,208,168
E00003595,291,156,135
E00003598,353,195,158
E00003547,269,136,133
E00003548,348,192,156
E00003571,301,139,162
E00003572,299,150,149
E00003573,332,180,152
E00003574,337,178,159
E00003582,385,212,173
E00003583,350,179,171
E00003591,286,147,139
E00003592,330,166,164
E00003552,244,141,103
E00003588,310,155,155
E00003589,310,166,144
E00003593,388,215,173
E00003594,426,232,194
E00003387,287,154,133
E00003392,322,173,149
E00003398,281,151,130
E00003424,321,160,161
E00003426,240,129,111
E00003399,213,110,103
E00003425,289,152,137
E00003428,327,164,163
E00003429,290,155,135
E00003431,321,165,156
E00003395,268,151,117
E00003400,232,127,105
E00003401,340,177,163
E00003406,267,151,116
E00003410,363,192,171
E00003393,305,160,145
E00003394,281,141,140
E00003397,254,129,125
E00003404,282,147,135
E00003408,234,130,104
E00003938,282,148,134
E00003941,272,144,128
E00003943,335,170,165
E00003944,301,145,156
E00003945,321,170,151
E00003118,385,210,175
E00003132,448,254,194
E00003134,428,230,198
E00003135,344,169,175
E00003137,221,114,107
E00003136,260,124,136
E00003138,307,156,151
E00003140,412,213,199
E00003141,386,215,171
E00003142,342,187,155
E00003120,340,177,163
E00003123,393,198,195
E00003139,439,231,208
E00003144,425,238,187
E00003147,293,162,131
E00003116,400,205,195
E00003126,291,158,133
E00003127,179,94,85
E00003129,307,161,146
E00003130,364,188,176
E00003233,329,166,163
E00003234,290,154,136
E00003235,412,221,191
E00003270,457,231,226
E00003271,364,179,185
E00003238,348,169,179
E00003239,385,201,184
E00003278,360,191,169
E00166615,285,142,143
E00166619,139,56,83
E00166621,219,118,101
E00166624,204,103,101
E00003257,343,179,164
E00003260,223,120,103
E00003261,258,132,126
E00003263,340,182,158
E00003265,393,198,195
E00003266,343,175,168
E00003710,293,156,137
E00003738,315,159,156
E00003739,263,146,117
E00003740,329,167,162
E00003741,224,115,109
E00003742,323,165,158
E00004049,319,158,161
E00004053,372,211,161
E00004056,346,179,167
E00004071,347,183,164
E00004074,384,179,205
E00003254,463,242,221
E00003258,338,175,163
E00003259,261,140,121
E00003262,259,134,125
E00182569,131,67,64
E00003236,244,122,122
E00182554,243,116,127
E00182600,445,216,229
E00182602,154,66,88
E00182639,168,82,86
E00003502,301,153,148
E00003504,347,170,177
E00003507,221,127,94
E00003508,550,310,240
E00003509,364,205,159
E00003543,332,166,166
E00003503,428,246,182
E00003505,309,177,132
E00003506,299,163,136
E00003513,427,236,191
E00003520,339,181,158
E00003512,364,206,158
E00003514,386,211,175
E00003516,328,164,164
E00166117,526,286,240
E00003493,333,186,147
E00003494,358,196,162
E00003517,328,182,146
E00003521,327,193,134
E00003523,327,160,167
E00003501,304,165,139
E00003540,289,146,143
E00003541,360,185,175
E00003542,331,184,147
E00003544,341,170,171
E00003110,254,134,120
E00003113,421,226,195
E00003148,364,193,171
E00003149,357,225,132
E00003150,287,147,140
E00003189,425,227,198
E00003190,392,201,191
E00003229,328,162,166
E00003230,379,196,183
E00182568,110,57,53
E00182596,258,137,121
E00182618,330,182,148
E00003191,502,262,240
E00003192,302,165,137
E00003195,367,186,181
E00003200,369,198,171
E00003231,196,101,95
E00003237,524,275,249
E00003240,295,150,145
E00003268,412,217,195
E00003275,264,128,136
E00003276,482,255,227
E00003279,293,155,138
E00003267,363,189,174
E00003269,319,166,153
E00003272,422,213,209
E00003273,346,182,164
E00003277,343,174,169
E00004051,337,178,159
E00004063,315,151,164
E00004066,338,167,171
E00004068,328,166,162
E00004069,316,151,165
E00004059,237,139,98
E00004060,309,149,160
E00004062,301,150,151
E00004064,291,152,139
E00004065,340,177,163
E00004067,303,164,139
E00004048,297,142,155
E00004054,339,175,164
E00004055,306,144,162
E00004057,298,157,141
E00004061,384,183,201
E00004042,277,131,146
E00004050,263,137,126
E00004052,368,192,176
E00004058,325,174,151
E00004072,222,108,114
E00004073,248,119,129
E00004077,387,196,191
E00004104,338,170,168
E00004105,375,190,185
E00004107,343,158,185
E00003111,346,172,174
E00003112,264,130,134
E00003114,250,132,118
E00003146,558,287,271
E00003154,387,202,185
E00003115,242,125,117
E00003124,295,153,142
E00003125,305,155,150
E00003151,275,149,126
E00003152,298,164,134
E00003153,297,152,145
E00003964,311,168,143
E00003965,353,180,173
E00003969,327,168,159
E00003973,274,140,134
E00003974,396,210,186
E00003949,380,195,185
E00003957,265,137,128
E00003970,391,190,201
E00003976,315,152,163
E00003984,191,116,75
E00003510,309,164,145
E00003518,346,176,170
E00003519,277,140,137
E00003522,445,235,210
E00003524,470,252,218
E00003495,245,120,125
E00003496,322,169,153
E00003526,353,175,178
E00003528,336,166,170
E00003529,326,175,151
E00003530,170,83,87
E00003556,396,210,186
E00003560,356,181,175
E00003596,305,166,139
E00003597,320,165,155
E00003545,306,157,149
E00003559,254,123,131
E00003561,334,181,153
E00003565,320,172,148
E00003566,301,160,141
E00003558,452,238,214
E00003562,387,198,189
E00003563,251,144,107
E00003564,261,125,136
E00003567,319,166,153
E00003762,350,184,166
E00003763,394,188,206
E00003764,286,137,149
E00003802,360,169,191
E00003772,173,105,68
E00003777,325,168,157
E00003783,350,183,167
E00003790,344,188,156
E00003791,393,197,196
E00003760,311,145,166
E00003761,323,157,166
E00003788,256,137,119
E00003795,360,181,179
E00166112,298,156,142
E00166114,372,192,180
E00166115,360,188,172
E00003792,432,211,221
E00003796,420,223,197
E00003797,346,180,166
E00003803,435,223,212
E00003758,376,199,177
E00003799,329,171,158
E00003800,325,182,143
E00003801,236,134,102
E00003804,363,185,178
E00003951,323,157,166
E00003982,322,162,160
E00003987,257,147,110
E00003988,339,174,165
E00003990,322,169,153
E00003972,343,172,171
E00003975,334,168,166
E00003977,278,141,137
E00003979,281,149,132
E00003980,306,163,143
E00003948,396,208,188
E00003950,316,165,151
E00003978,378,189,189
E00003983,278,138,140
E00003960,337,177,160
E00003963,331,173,158
E00003981,279,152,127
E00003985,338,180,158
E00003986,279,140,139
E00003955,292,149,143
E00003966,264,138,126
E00003967,371,186,185
E00003968,294,151,143
E00003971,287,148,139
E00003196,341,181,160
E00003206,326,177,149
E00003208,310,176,134
E00003212,322,169,153
E00182547,297,163,134
E00182549,444,237,207
E00182564,578,297,281
E00182620,101,53,48
E00182636,102,55,47
E00003194,358,176,182
E00003197,426,214,212
E00003198,385,197,188
E00003201,262,136,126
E00003202,372,197,175
E00003199,355,182,173
E00003203,300,164,136
E00003207,341,181,160
E00003209,304,165,139
E00003211,382,187,195
E00003204,408,208,200
E00003210,328,174,154
E00003213,307,151,156
E00003216,285,145,140
E00003218,335,166,169
E00003711,362,181,181
E00003712,382,198,184
E00003744,338,177,161
E00003747,394,208,186
E00003743,344,169,175
E00003745,329,166,163
E00003746,346,201,145
E00003748,385,186,199
E00003749,413,204,209
E00003713,368,193,175
E00003715,310,160,150
E00003750,433,218,215
E00003751,347,174,173
E00003756,359,185,174
E00003714,361,188,173
E00003752,336,174,162
E00003753,361,185,176
E00003754,278,147,131
E00003755,297,146,151
E00004108,337,174,163
E00004110,326,170,156
E00004111,361,185,176
E00004114,347,176,171
E00003497,248,123,125
E00003498,458,246,212
E00003500,273,141,132
E00003531,460,251,209
E00003535,252,142,110
E00003546,410,208,202
E00003568,353,184,169
E00003569,315,156,159
E00003570,310,156,154
E00003849,322,167,155
E00003850,314,165,149
E00003868,256,132,124
E00166616,326,175,151
E00166618,320,160,160
E00182572,262,140,122
E00182578,179,87,92
E00182597,179,89,90
E00182631,140,68,72
E00003952,347,168,179
E00003956,377,183,194
E00003958,326,171,155
E00003961,276,138,138
E00003989,306,158,148
E00003953,427,215,212
E00003954,362,182,180
E00003959,355,182,173
E00003962,378,172,206
E00003499,291,152,139
E00003534,248,126,122
E00003537,283,149,134
E00003538,198,108,90
E00003539,223,113,110
E00003525,255,135,120
E00003527,262,136,126
E00003532,236,127,109
E00003533,273,136,137
E00003536,276,139,137
E00003844,270,148,122
E00003845,283,140,143
E00003853,329,168,161
E00003855,359,201,158
E00003888,246,126,120
E00003847,282,149,133
E00003851,341,183,158
E00003859,367,182,185
E00003867,327,171,156
E00003870,300,150,150
E00003846,345,177,168
E00003854,311,153,158
E00003862,325,158,167
E00003866,288,147,141
E00003872,245,124,121
E00004085,328,152,176
E00004086,324,178,146
E00004106,309,145,164
E00004109,253,123,130
E00004112,358,172,186
E00004079,340,161,179
E00004080,428,212,216
E00004082,270,152,118
E00004087,315,166,149
E00004088,404,222,182
E00004113,330,169,161
E00004116,360,186,174
E00004117,367,181,186
E00004118,332,168,164
E00004078,412,201,211
E00004084,239,137,102
E00004094,288,139,149
E00004115,265,152,113
E00004119,361,175,186
E00004075,332,183,149
E00004083,441,240,201
E00004089,366,185,181
E00004092,291,161,130
E00004091,419,220,199
E00004096,334,167,167
E00004099,326,154,172
E00004100,309,155,154
E00004076,345,172,173
E00004097,142,102,40
E00004098,354,187,167
E00004101,373,191,182
E00004103,277,139,138
E00004081,380,196,184
E00004090,390,204,186
E00004093,330,167,163
E00004095,308,160,148
E00004102,292,144,148
E00003686,287,150,137
E00003693,333,167,166
E00003694,285,154,131
E00003700,328,179,149
E00003701,350,187,163
E00003706,352,172,180
E00003663,332,172,160
E00003666,252,132,120
E00003685,283,148,135
E00003687,315,158,157
E00003689,283,160,123
E00003690,305,159,146
E00003664,363,190,173
E00003688,289,151,138
E00003691,344,173,171
E00003692,287,157,130
E00003696,360,166,194
E00003672,280,132,148
E00003697,296,148,148
E00003698,351,179,172
E00003702,277,153,124
E00003705,370,175,195
E00003668,328,165,163
E00003671,268,151,117
E00003673,322,172,150
E00003699,314,159,155
E00003703,221,118,103
E00003841,300,159,141
E00003842,333,174,159
E00003871,290,153,137
E00003877,279,153,126
E00003881,256,129,127
E00003856,237,134,103
E00003857,414,214,200
E00003860,337,180,157
E00003861,437,233,204
E00003863,447,261,186
E00003848,287,152,135
E00003864,312,164,148
E00003865,274,146,128
E00003869,337,169,168
E00003875,299,148,151
E00003873,305,153,152
E00003874,290,146,144
E00003876,340,180,160
E00003878,301,155,146
E00003882,324,167,157
E00003843,351,191,160
E00003885,328,170,158
E00003886,393,212,181
E00003887,315,156,159
E00003214,254,131,123
E00003215,383,201,182
E00003217,300,159,141
E00003219,311,154,157
E00003220,281,138,143
E00003221,329,175,154
E00003186,281,142,139
E00003188,481,248,233
E00003223,288,151,137
E00003226,259,135,124
E00003227,264,131,133
E00003228,316,165,151
E00003185,371,189,182
E00003187,379,194,185
E00003222,313,155,158
E00003224,310,154,156
E00003225,288,152,136
E00003665,372,188,184
E00003667,365,188,177
E00003669,348,179,169
E00003695,291,161,130
E00003704,332,173,159
E00003709,393,199,194
E00003725,209,104,105
E00003731,353,172,181
E00003734,366,189,177
E00003736,325,168,157
E00003724,305,151,154
E00003727,279,148,131
E00003728,265,151,114
E00003730,342,164,178
E00003733,436,240,196
E00003726,340,169,171
E00003729,409,199,210
E00003732,219,110,109
E00003735,306,162,144
E00003737,272,139,133
E00003707,355,198,157
E00003716,335,163,172
E00003717,285,157,128
E00003718,438,222,216
E00003719,373,193,180
E00003708,277,144,133
E00003720,264,129,135
E00003721,264,140,124
E00003722,291,152,139
E00003723,407,199,208
E00003312,347,181,166
E00003313,314,162,152
E00003314,356,178,178
E00003315,358,187,171
E00003319,381,194,187
E00003322,309,161,148
E00003323,296,154,142
E00003325,339,169,170
E00003327,298,157,141
E00003328,364,184,180
E00003311,266,138,128
E00003316,467,252,215
E00003318,342,177,165
E00003320,322,161,161
E00003321,308,161,147
E00003294,271,140,131
E00003296,332,166,166
E00003297,338,170,168
E00003326,384,187,197
E00166110,393,192,201
E00166623,367,188,179
E00003840,332,174,158
E00003879,296,158,138
E00003880,268,134,134
E00003883,317,154,163
E00003884,329,180,149
E00003645,326,153,173
E00003647,199,112,87
E00003648,307,155,152
E00003657,414,206,208
E00003658,407,219,188
E00003660,226,137,89
E00003661,290,166,124
E00003674,380,209,171
E00003677,254,143,111
E00003681,303,161,142
E00003659,394,203,191
E00003670,572,303,269
E00003675,336,194,142
E00003676,597,327,270
E00003679,369,192,177
E00003662,266,152,114
E00003678,303,157,146
E00003680,295,150,145
E00003682,240,124,116
E00003683,307,165,142
E00003684,335,179,156
E00003291,303,154,149
E00003302,353,179,174
E00003308,341,175,166
E00003309,297,155,142
E00003310,345,179,166
E00003293,339,168,171
E00003295,330,165,165
E00003299,268,145,123
E00003300,354,196,158
E00003324,339,178,161
E00003285,285,152,133
E00003289,308,152,156
E00003290,394,199,195
E00003292,176,91,85
E00003298,326,164,162
E00003286,314,166,148
E00003304,266,139,127
E00003305,329,172,157
E00003306,318,168,150
E00003307,338,166,172
E00003287,379,192,187
E00003288,349,177,172
E00003301,330,166,164
E00003303,334,174,160
E00003174,309,158,151
E00003176,365,188,177
E00003177,318,159,159
E00003178,305,165,140
E00003172,329,163,166
E00003173,348,186,162
E00003179,311,170,141
E00003180,337,170,167
E00003160,290,144,146
E00003163,400,207,193
E00003181,416,218,198
E00003182,400,204,196
E00003155,356,180,176
E00003156,301,155,146
E00003157,364,194,170
E00003161,294,155,139
E00003162,257,143,114
E00003165,353,178,175
E00003166,396,198,198
E00003167,393,186,207
E00003171,322,144,178
E00004003,417,219,198
E00004007,311,158,153
E00004009,236,115,121
E00004010,250,142,108
E00004018,310,158,152
E00004006,324,166,158
E00004008,279,143,136
E00004011,351,190,161
E00004013,425,213,212
E00004014,305,156,149
E00003991,297,162,135
E00003993,257,139,118
E00004015,161,74,87
E00004017,544,285,259
E00004020,312,183,129
E00004022,280,145,135
E00003992,354,197,157
E00004004,300,165,135
E00004012,347,184,163
E00004016,276,151,125
E00165787,339,192,147
E00003994,320,176,144
E00003995,332,172,160
E00004023,274,145,129
E00004024,272,148,124
E00165788,252,135,117
E00003390,407,197,210
E00003396,394,204,190
E00003403,311,158,153
E00003405,397,207,190
E00003377,365,194,171
E00003407,331,168,163
E00003409,372,211,161
E00003411,308,153,155
E00003412,312,169,143
E00003768,318,159,159
E00003769,273,159,114
E00003773,399,172,227
E00003776,345,179,166
E00003779,332,166,166
E00003780,261,135,126
E00003782,274,130,144
E00003785,345,183,162
E00003786,337,164,173
E00003793,287,146,141
E00003784,410,231,179
E00003787,319,170,149
E00003789,264,142,122
E00003798,279,135,144
E00165793,254,144,110
E00003164,350,184,166
E00003169,298,155,143
E00003183,359,186,173
E00003184,324,169,155
E00003646,507,258,249
E00003649,287,140,147
E00003650,355,177,178
E00003653,219,112,107
E00166118,344,187,157
E00166613,316,168,148
E00003644,313,170,143
E00003651,382,186,196
E00003654,412,184,228
E00003655,314,156,158
E00003656,265,139,126
E00003158,504,270,234
E00003159,356,171,185
E00003168,336,177,159
E00003170,217,132,85
E00165795,321,162,159
E00004482,292,144,148
E00004497,235,120,115
E00004498,355,186,169
E00004502,259,143,116
E00004505,340,185,155
E00004481,333,170,163
E00004493,141,81,60
E00004500,143,85,58
E00004501,107,69,38
E00004503,239,146,93
E00004506,335,176,159
E00004507,222,122,100
E00004504,325,185,140
E00004508,301,161,140
E00004509,338,183,155
E00004510,294,152,142
E00004511,294,161,133
E00004486,303,150,153
E00004487,201,103,98
E00004489,267,160,107
E00004490,251,128,123
E00004491,297,157,140
E00004517,267,144,123
E00004492,332,176,156
E00004494,394,208,186
E00004495,217,110,107
E00004496,287,151,136
E00004499,376,201,175
E00004411,196,102,94
E00004412,250,130,120
E00004414,236,120,116
E00004416,243,129,114
E00004418,208,108,100
E00004423,246,135,111
E00004401,232,117,115
E00004404,261,133,128
E00004417,263,139,124
E00004421,281,143,138
E00004429,234,119,115
E00004409,276,137,139
E00004410,250,132,118
E00004415,253,126,127
E00004419,231,128,103
E00004422,143,74,69
E00004428,205,116,89
E00004430,195,101,94
E00004402,234,126,108
E00004420,205,111,94
E00004424,202,111,91
E00004425,289,158,131
E00004426,241,126,115
E00004427,267,142,125
E00004403,286,149,137
E00004405,271,131,140
E00004406,241,129,112
E00004407,296,156,140
E00004408,242,127,115
E00004413,225,113,112
E00004483,273,132,141
E00004485,269,142,127
E00004513,255,141,114
E00004514,259,134,125
E00004516,286,153,133
E00004484,293,150,143
E00004488,215,116,99
E00004512,243,132,111
E00004515,234,116,118
E00004518,230,120,110
E00004519,225,120,105
E00004575,315,172,143
E00004578,282,158,124
E00004580,310,156,154
E00004581,249,133,116
E00004582,262,138,124
E00004593,458,239,219
E00004587,238,127,111
E00004589,260,126,134
E00004590,221,115,106
E00004592,206,107,99
E00004595,296,166,130
E00004596,228,119,109
E00004576,317,173,144
E00004577,347,186,161
E00004579,237,137,100
E00004583,345,180,165
E00004584,466,252,214
E00004323,457,251,206
E00004328,243,136,107
E00004353,461,242,219
E00004354,216,114,102
E00004358,337,177,160
E00004324,254,137,117
E00004325,261,142,119
E00004330,298,157,141
E00004355,266,135,131
E00004361,221,121,100
E00004327,299,158,141
E00004329,322,169,153
E00004356,256,127,129
E00004357,285,149,136
E00004360,250,122,128
E00004322,303,158,145
E00004347,211,104,107
E00004348,359,186,173
E00004349,287,157,130
E00004352,311,156,155
E00004345,266,144,122
E00004346,245,138,107
E00004350,266,138,128
E00004351,224,119,105
E00004359,280,135,145
E00004295,455,242,213
E00004296,371,194,177
E00004298,277,134,143
E00004303,270,134,136
E00004311,282,152,130
E00004300,298,153,145
E00004301,450,208,242
E00004302,237,129,108
E00004314,281,153,128
E00004316,207,108,99
E00004319,269,139,130
E00004307,374,194,180
E00004308,270,148,122
E00004312,267,136,131
E00004317,395,221,174
E00004318,277,142,135
E00004305,324,167,157
E00004306,291,141,150
E00004310,328,169,159
E00004313,242,124,118
E00004315,297,154,143
E00004285,257,148,109
E00004297,294,146,148
E00004299,282,147,135
E00004304,343,183,160
E00004309,280,162,118
E00004381,252,147,105
E00004384,212,112,100
E00004385,196,97,99
E00004389,248,121,127
E00004392,237,119,118
E00004394,178,99,79
E00004365,259,150,109
E00004383,198,106,92
E00004387,179,93,86
E00004390,241,138,103
E00004393,232,127,105
E00004395,281,148,133
E00004382,263,137,126
E00004386,209,104,105
E00004388,198,96,102
E00004391,314,158,156
E00004396,266,132,134
E00004398,220,125,95
E00004367,476,279,197
E00004368,259,143,116
E00004372,292,159,133
E00004375,219,118,101
E00004378,296,156,140
E00004379,249,133,116
E00004441,257,145,112
E00004451,270,134,136
E00004452,306,163,143
E00004480,253,120,133
E00190353,328,174,154
E00004362,494,283,211
E00004370,229,121,108
E00004376,376,187,189
E00004397,282,153,129
E00004399,386,214,172
E00004363,397,213,184
E00004366,154,72,82
E00004369,255,149,106
E00004373,163,83,80
E00004400,349,180,169
E00004364,499,257,242
E00004371,201,109,92
E00004374,226,111,115
E00004377,233,119,114
E00004380,323,158,165
E00004444,422,219,203
E00004445,245,122,123
E00004454,509,247,262
E00004456,440,252,188
E00174669,360,206,154
E00004566,325,179,146
E00004568,354,181,173
E00004569,466,242,224
E00190412,577,327,250
E00190413,196,112,84
E00004570,289,162,127
E00004571,257,132,125
E00004572,356,200,156
E00004573,294,170,124
E00004574,339,175,164
E00004321,310,150,160
E00004326,222,111,111
E00004331,272,153,119
E00004336,323,166,157
E00004337,263,135,128
E00004320,267,139,128
E00004333,236,127,109
E00004335,255,126,129
E00004338,251,126,125
E00004341,204,109,95
E00004342,241,137,104
E00004332,206,104,102
E00004334,224,117,107
E00004339,352,188,164
E00004340,214,122,92
E00004343,241,127,114
E00004344,273,131,142
E00004431,242,133,109
E00004432,277,136,141
E00004433,299,155,144
E00004437,253,126,127
E00004439,252,132,120
E00004440,237,126,111
E00004435,230,118,112
E00004436,313,164,149
E00004438,209,110,99
E00174668,305,184,121
E00174670,204,122,82
E00174672,223,115,108
E00174673,100,63,37
E00004245,268,151,117
E00004247,388,227,161
E00004248,409,224,185
E00004254,257,137,120
E00004273,393,227,166
E00004276,235,137,98
E00004265,263,150,113
E00004266,320,169,151
E00004268,300,167,133
E00004269,221,120,101
E00004272,231,129,102
E00004274,264,133,131
E00004585,249,129,120
E00004586,243,135,108
E00004588,294,154,140
E00004594,226,125,101
E00004598,290,153,137
E00004599,267,134,133
E00004565,234,118,116
E00004591,254,133,121
E00004600,344,199,145
E00004601,292,150,142
E00004603,373,204,169
E00004562,256,151,105
E00004564,284,159,125
E00004567,425,240,185
E00004597,269,121,148
E00004602,239,132,107
E00004813,335,167,168
E00004820,251,121,130
E00004848,337,186,151
E00004849,265,140,125
E00004850,379,205,174
E00004853,262,133,129
E00004814,201,100,101
E00004818,203,96,107
E00004821,181,89,92
E00004824,202,106,96
E00004825,201,109,92
E00004826,229,118,111
E00004851,193,111,82
E00004816,217,97,120
E00004817,243,132,111
E00004819,276,139,137
E00004822,326,175,151
E00004852,260,142,118
E00004823,389,215,174
E00004827,316,155,161
E00004828,234,131,103
E00004829,226,128,98
E00004831,260,143,117
E00190415,188,97,91
E00190416,226,122,104
E00190422,120,54,66
E00004830,321,170,151
E00004835,529,277,252
E00004837,570,308,262
E00004840,218,115,103
E00004841,282,160,122
E00190403,302,153,149
E00190430,342,178,164
E00004120,280,138,142
E00004140,200,112,88
E00004141,203,119,84
E00004142,237,129,108
E00004145,272,137,135
E00004152,241,134,107
E00004121,243,123,120
E00004143,228,113,115
E00004150,250,123,127
E00004154,203,112,91
E00004155,266,144,122
E00004156,225,114,111
E00004162,221,119,102
E00004126,266,142,124
E00004128,306,152,154
E00004129,265,147,118
E00004131,250,135,115
E00004132,180,94,86
E00004137,219,111,108
E00004124,158,83,75
E00004125,236,121,115
E00004127,209,121,88
E00004130,224,128,96
E00004133,210,116,94
E00004135,128,73,55
E00004168,197,114,83
E00004448,312,171,141
E00004450,332,176,156
E00004453,410,229,181
E00004458,416,245,171
E00004462,215,123,92
E00004442,232,124,108
E00004446,316,164,152
E00004455,238,134,104
E00004460,282,156,126
E00004470,343,184,159
E00004465,351,183,168
E00004467,315,168,147
E00004474,317,167,150
E00004475,301,178,123
E00004476,331,168,163
E00004478,450,228,222
E00004459,296,155,141
E00004461,361,195,166
E00004463,330,187,143
E00004472,370,192,178
E00190354,518,290,228
E00004466,209,117,92
E00004469,235,119,116
E00004471,213,116,97
E00004473,246,126,120
E00004477,260,146,114
E00004479,281,150,131
E00004282,266,143,123
E00004284,250,122,128
E00004286,282,153,129
E00004287,255,137,118
E00004289,215,101,114
E00004290,303,145,158
E00004283,243,113,130
E00004288,252,138,114
E00004291,362,202,160
E00004292,354,187,167
E00004293,264,143,121
E00004294,453,220,233
E00004604,384,204,180
E00004605,285,164,121
E00004612,293,148,145
E00004613,302,172,130
E00004614,504,263,241
E00004621,293,163,130
E00004615,200,102,98
E00004616,253,139,114
E00004617,196,100,96
E00004618,239,126,113
E00004619,219,116,103
E00004620,272,149,123
E00004622,382,224,158
E00004833,285,147,138
E00004834,429,226,203
E00004836,267,137,130
E00004838,250,128,122
E00004839,359,189,170
E00004134,158,87,71
E00004136,195,98,97
E00004138,199,99,100
E00004146,227,119,108
E00004147,188,94,94
E00190350,226,123,103
E00004148,170,95,75
E00004149,362,187,175
E00004151,228,127,101
E00004153,231,134,97
E00004158,310,164,146
E00004161,202,103,99
E00004157,224,102,122
E00004159,428,222,206
E00004160,197,115,82
E00004164,355,194,161
E00004167,252,141,111
E00004122,225,120,105
E00004123,269,138,131
E00004163,376,203,173
E00004165,352,183,169
E00004166,377,198,179
E00004253,515,272,243
E00004256,312,166,146
E00004259,268,128,140
E00004261,294,148,146
E00004264,346,175,171
E00004244,270,133,137
E00004257,240,116,124
E00004260,394,190,204
E00004262,525,270,255
E00004263,316,164,152
E00004270,480,266,214
E00004271,299,148,151
E00004275,172,94,78
E00004277,201,109,92
E00004278,188,111,77
E00174656,192,102,90
E00174657,254,147,107
E00174658,161,92,69
E00004246,238,127,111
E00004249,224,126,98
E00004250,254,122,132
E00004251,235,136,99
E00004252,227,132,95
E00004255,298,158,140
E00004258,223,108,115
E00004279,255,130,125
E00004280,217,114,103
E00004281,274,144,130
E00004776,271,145,126
E00004798,252,131,121
E00004799,275,137,138
E00004801,265,131,134
E00004802,252,132,120
E00004804,227,123,104
E00004785,351,174,177
E00004787,338,180,158
E00004791,254,126,128
E00004792,275,143,132
E00004793,268,140,128
E00004795,245,119,126
E00004766,239,120,119
E00004767,330,183,147
E00004769,273,148,125
E00004774,234,129,105
E00004803,253,130,123
E00004812,390,221,169
E00004768,297,146,151
E00004770,210,101,109
E00004775,261,136,125
E00004806,234,128,106
E00004810,319,171,148
E00004811,293,151,142
E00004842,256,132,124
E00004843,231,124,107
E00004844,267,145,122
E00004845,215,116,99
E00004846,265,125,140
E00004847,235,129,106
E00004786,200,105,95
E00004788,230,128,102
E00004789,209,126,83
E00004790,267,134,133
E00004796,259,136,123
E00004797,422,230,192
E00004809,281,146,135
E00004777,297,166,131
E00004781,469,245,224
E00004794,513,271,242
E00004805,245,136,109
E00004807,265,150,115
E00004778,264,157,107
E00004779,288,160,128
E00004780,229,110,119
E00004782,241,126,115
E00004808,247,128,119
E00174677,373,197,176
E00174678,279,137,142
E00004771,289,162,127
E00004772,266,137,129
E00004773,256,133,123
E00004783,304,178,126
E00004784,426,222,204
E00004215,249,137,112
E00004218,312,164,148
E00004220,179,96,83
E00004221,201,106,95
E00004222,210,104,106
E00004226,241,129,112
E00004206,299,149,150
E00004208,334,161,173
E00004209,262,130,132
E00004213,474,247,227
E00190419,310,151,159
E00190457,252,124,128
E00004216,260,139,121
E00004217,269,136,133
E00004224,261,126,135
E00004228,167,91,76
E00004231,280,159,121
E00004233,226,124,102
E00004201,229,119,110
E00004202,156,72,84
E00004227,255,130,125
E00004232,158,79,79
E00004239,189,112,77
E00004242,131,74,57
E00004204,264,135,129
E00004229,321,159,162
E00004234,207,120,87
E00004238,376,191,185
E00004241,284,151,133
E00004243,233,123,110
E00004207,374,197,177
E00004210,300,154,146
E00004211,230,116,114
E00004212,296,154,142
E00004223,391,197,194
E00004219,343,162,181
E00004230,227,113,114
E00004236,262,121,141
E00004237,236,131,105
E00004240,298,142,156
E00004733,361,203,158
E00004736,196,90,106
E00004738,248,117,131
E00004739,237,128,109
E00190360,278,146,132
E00004741,316,174,142
E00004742,313,174,139
E00004750,539,283,256
E00174649,288,167,121
E00174666,138,69,69
E00174667,607,364,243
E00190410,456,243,213
E00190436,282,141,141
E00004743,379,185,194
E00004745,276,141,135
E00004746,323,170,153
E00004747,384,202,182
E00004748,334,155,179
E00004606,339,185,154
E00004608,384,213,171
E00004637,425,215,210
E00004642,328,167,161
E00004644,439,233,206
E00004607,198,115,83
E00004610,311,167,144
E00004611,197,115,82
E00004640,361,205,156
E00004643,354,178,176
E00004645,185,90,95
E00190452,330,178,152
E00190461,150,74,76
E00004623,313,179,134
E00004624,299,150,149
E00004629,217,114,103
E00004631,261,133,128
E00004634,273,154,119
E00004638,410,216,194
E00004625,364,195,169
E00004626,294,144,150
E00004627,216,113,103
E00004633,274,147,127
E00004641,366,206,160
E00004628,230,122,108
E00004630,277,153,124
E00004632,310,160,150
E00004635,303,154,149
E00004636,261,146,115
E00004639,213,128,85
E00004203,320,172,148
E00004205,357,191,166
E00004225,427,208,219
E00004235,372,168,204
E00004681,205,120,85
E00004687,191,98,93
E00004690,226,128,98
E00004699,397,229,168
E00004701,268,153,115
E00004714,262,110,152
E00004704,297,144,153
E00004706,358,186,172
E00004707,418,215,203
E00004709,342,187,155
E00004710,252,125,127
E00004702,238,118,120
E00004703,277,137,140
E00004705,294,151,143
E00004708,156,70,86
E00004711,321,168,153
E00004712,248,140,108
E00004749,552,296,256
E00004752,308,157,151
E00004753,303,160,143
E00004754,311,173,138
E00004755,215,107,108
E00004725,392,197,195
E00004756,238,141,97
E00004757,387,221,166
E00004758,221,122,99
E00004759,310,168,142
E00004760,206,116,90
E00004726,243,129,114
E00004729,240,120,120
E00004730,181,98,83
E00004761,168,91,77
E00004762,291,139,152
E00004764,224,110,114
E00004724,287,146,141
E00004727,294,149,145
E00004728,300,167,133
E00004731,625,320,305
E00190421,221,117,104
E00190425,441,245,196
E00190431,216,109,107
E00190439,312,175,137
E00190441,232,134,98
E00190444,121,70,51
E00190456,403,210,193
E00004723,298,150,148
E00004744,272,148,124
E00004751,214,99,115
E00004763,209,114,95
E00004765,217,104,113
E00190469,326,178,148
E00004691,242,125,117
E00004692,257,127,130
E00004693,318,163,155
E00004696,342,188,154
E00004700,302,154,148
E00004684,320,182,138
E00004713,169,91,78
E00004715,291,169,122
E00004717,290,159,131
E00004719,419,222,197
E00004720,112,57,55
E00004683,186,94,92
E00004685,285,149,136
E00004686,318,184,134
E00004688,420,213,207
E00004689,328,168,160
E00004682,192,108,84
E00004694,268,150,118
E00004695,300,169,131
E00004697,195,103,92
E00004721,288,148,140
E00174654,611,339,272
E00174680,236,120,116
E00190358,488,270,218
E00004172,188,78,110
E00004193,527,289,238
E00004195,268,125,143
E00004196,164,88,76
E00004199,274,121,153
E00004187,282,139,143
E00004194,177,73,104
E00004198,237,115,122
E00004200,180,91,89
E00174650,389,203,186
E00174651,217,129,88
E00004173,547,288,259
E00004174,152,78,74
E00004177,239,119,120
E00004184,202,104,98
E00004185,256,129,127
E00004188,109,60,49
E00004189,159,79,80
E00174652,110,51,59
E00174653,382,204,178
E00190351,277,159,118
E00004544,278,149,129
E00004548,236,104,132
E00004550,352,191,161
E00004552,349,180,169
E00004555,316,163,153
E00004534,231,116,115
E00004536,248,114,134
E00004539,268,142,126
E00004542,344,178,166
E00004547,379,197,182
E00004551,383,186,197
E00004520,241,125,116
E00004538,181,88,93
E00004541,214,96,118
E00004545,336,174,162
E00004549,237,126,111
E00004553,293,120,173
E00004557,150,79,71
E00004531,256,122,134
E00004532,269,128,141
E00004537,127,62,65
E00004540,319,169,150
E00004543,161,78,83
E00174671,151,64,87
E00174674,137,64,73
E00174675,205,106,99
E00004169,295,148,147
E00004190,316,161,155
E00004197,198,90,108
E00174659,239,106,133
E00190352,260,151,109
E00004521,206,107,99
E00004524,247,130,117
E00004535,170,87,83
E00004546,216,122,94
E00004554,309,139,170
E00004556,274,147,127
E00004525,259,130,129
E00004527,147,64,83
E00004528,191,94,97
E00004558,246,121,125
E00004559,548,292,256
E00004560,245,108,137
E00004561,156,72,84
E00004522,334,157,177
E00004523,255,127,128
E00004526,333,172,161
E00004529,288,129,159
E00004530,228,101,127
E00004175,271,118,153
E00004179,295,177,118
E00004180,193,112,81
E00004181,327,169,158
E00004182,148,75,73
E00004183,169,86,83
E00004678,394,197,197
E00190355,195,114,81
E00190356,532,282,250
E00004647,274,153,121
E00004659,330,173,157
E00004660,218,100,118
E00004661,243,117,126
E00004664,299,136,163
E00004658,550,293,257
E00004663,320,152,168
E00004669,296,147,149
E00004670,281,151,130
E00004646,232,116,116
E00004665,270,137,133
E00004673,273,140,133
E00004674,258,136,122
E00004679,163,87,76
E00004662,183,85,98
E00004666,386,197,189
E00004667,149,76,73
E00004672,171,91,80
E00004676,121,70,51
E00004649,189,75,114
E00004650,230,126,104
E00004652,217,113,104
E00004680,948,552,396
E00004651,131,71,60
E00004655,297,140,157
E00004668,159,92,67
E00004671,578,308,270
E00004675,170,86,84
E00174660,126,59,67
E00174661,411,223,188
E00190357,586,327,259
E00005656,296,163,133
E00005682,276,134,142
E00005683,265,146,119
E00005685,377,202,175
E00005686,195,96,99
E00005687,457,248,209
E00005689,264,161,103
E00005657,260,136,124
E00005658,310,154,156
E00005684,169,77,92
E00005688,233,119,114
E00005690,285,165,120
E00005691,257,141,116
E00005772,352,169,183
E00005778,362,181,181
E00005781,379,204,175
E00005784,341,188,153
E00005788,336,180,156
E00005767,235,131,104
E00005768,302,160,142
E00005771,348,190,158
E00005807,320,173,147
E00005809,388,238,150
E00005810,222,113,109
E00005769,254,133,121
E00005770,384,185,199
E00005774,365,168,197
E00005775,415,207,208
E00005776,281,139,142
E00005808,282,136,146
E00005419,431,220,211
E00005420,334,154,180
E00005421,343,185,158
E00005422,385,194,191
E00005424,436,224,212
E00005765,553,308,245
E00005780,281,150,131
E00005782,363,191,172
E00005785,375,183,192
E00005790,279,151,128
E00005773,364,196,168
E00005779,286,141,145
E00005783,392,201,191
E00005786,295,142,153
E00005806,305,160,145
E00005811,303,163,140
E00005764,407,225,182
E00005789,371,199,172
E00005791,423,223,200
E00005792,409,212,197
E00005798,338,164,174
E00005777,458,251,207
E00005802,340,177,163
E00005803,410,228,182
E00005804,299,154,145
E00005805,468,246,222
E00005396,396,204,192
E00005397,468,246,222
E00005423,384,185,199
E00005425,367,183,184
E00005399,349,182,167
E00005407,347,191,156
E00005410,350,181,169
E00005412,380,201,179
E00005415,304,153,151
E00005405,521,271,250
E00005426,179,87,92
E00005430,460,255,205
E00005433,533,293,240
E00174928,392,218,174
E00180952,234,108,126
E00180967,104,68,36
E00181036,402,229,173
E00005766,355,188,167
E00005793,372,188,184
E00005797,236,124,112
E00005800,331,169,162
E00005801,445,223,222
E00005427,357,178,179
E00005428,444,230,214
E00005429,282,150,132
E00005431,313,151,162
E00005432,314,146,168
E00005400,365,193,172
E00005406,367,208,159
E00005408,291,139,152
E00005411,335,175,160
E00005438,321,164,157
E00005402,344,199,145
E00005404,425,244,181
E00005435,422,222,200
E00005436,174,83,91
E00005437,421,218,203
E00005398,423,209,214
E00005401,361,201,160
E00005409,437,230,207
E00005439,342,179,163
E00174926,219,113,106
E00174929,229,116,113
E00174930,262,128,134
E00005413,356,176,180
E00005414,284,140,144
E00005416,289,145,144
E00005417,338,181,157
E00005418,303,168,135
E00005722,425,233,192
E00005755,266,146,120
E00005756,347,193,154
E00005758,377,213,164
E00005760,369,197,172
E00005718,294,169,125
E00005719,479,263,216
E00005721,362,193,169
E00005723,324,169,155
E00005754,300,173,127
E00005713,340,161,179
E00005727,400,212,188
E00005730,283,155,128
E00005732,391,220,171
E00005737,335,182,153
E00005714,431,235,196
E00005728,506,270,236
E00005729,379,195,184
E00005738,415,171,244
E00005739,332,159,173
E00005787,315,164,151
E00005794,338,175,163
E00005795,257,137,120
E00005796,271,134,137
E00005799,348,173,175
E00005724,349,183,166
E00005731,356,185,171
E00005751,266,133,133
E00005752,287,154,133
E00005762,270,141,129
E00005720,361,176,185
E00005725,401,213,188
E00005753,281,150,131
E00005757,311,167,144
E00005763,234,110,124
E00005733,285,136,149
E00005736,309,164,145
E00005740,392,197,195
E00005759,442,244,198
E00005761,278,149,129
E00005726,371,202,169
E00005734,315,162,153
E00005735,282,139,143
E00005741,324,179,145
E00005742,340,175,165
E00005715,410,216,194
E00005743,405,212,193
E00005745,328,182,146
E00005747,398,192,206
E00005749,420,220,200
E00005670,253,130,123
E00005671,291,165,126
E00005677,439,227,212
E00005678,282,145,137
E00005680,532,286,246
E00005681,242,125,117
E00005669,325,167,158
E00005699,293,144,149
E00005701,249,141,108
E00005708,313,161,152
E00005709,259,140,119
E00005710,261,140,121
E00005659,365,200,165
E00005692,248,127,121
E00005693,238,131,107
E00005694,178,82,96
E00005695,278,141,137
E00005696,323,175,148
E00005664,291,159,132
E00005700,286,148,138
E00005703,339,176,163
E00005704,336,186,150
E00180994,185,85,100
E00181025,485,264,221
E00005655,365,190,175
E00005665,317,179,138
E00005673,332,172,160
E00005675,414,225,189
E00005676,330,156,174
E00005660,276,142,134
E00005661,292,150,142
E00005697,197,105,92
E00005698,219,121,98
E00005702,288,155,133
E00005667,308,159,149
E00005668,272,128,144
E00005705,283,159,124
E00005706,468,256,212
E00005711,309,164,145
E00005712,292,148,144
E00005662,225,121,104
E00005663,384,212,172
E00005666,451,245,206
E00005672,236,122,114
E00005674,239,128,111
E00005679,291,168,123
E00005913,425,226,199
E00005942,518,293,225
E00005944,312,163,149
E00005945,184,84,100
E00005946,341,190,151
E00005947,292,157,135
E00005912,468,261,207
E00005940,254,153,101
E00005941,345,180,165
E00005943,299,152,147
E00005949,218,118,100
E00004962,295,152,143
E00004963,300,149,151
E00004975,385,210,175
E00004976,340,174,166
E00004978,267,144,123
E00004964,371,200,171
E00004979,354,183,171
E00004982,266,143,123
E00004986,335,159,176
E00004993,387,206,181
E00004980,372,187,185
E00004983,274,135,139
E00004985,339,186,153
E00004990,345,189,156
E00004989,322,167,155
E00004995,378,197,181
E00004999,322,163,159
E00005000,477,213,264
E00004992,394,213,181
E00004994,340,167,173
E00004996,285,150,135
E00004998,306,161,145
E00004959,390,208,182
E00004961,298,146,152
E00004966,395,194,201
E00004968,388,204,184
E00004977,278,150,128
E00004981,211,113,98
E00004984,249,121,128
E00004987,450,225,225
E00004988,305,153,152
E00004956,265,145,120
E00004958,314,152,162
E00005001,370,184,186
E00174952,391,189,202
E00004957,318,163,155
E00004965,279,147,132
E00004967,285,153,132
E00004971,382,230,152
E00005004,320,162,158
E00005534,490,238,252
E00005535,326,168,158
E00005536,307,160,147
E00005537,305,171,134
E00005538,322,161,161
E00005716,478,261,217
E00005744,382,214,168
E00005746,185,95,90
E00005748,307,157,150
E00174940,444,250,194
E00005889,281,139,142
E00005893,413,200,213
E00005894,338,166,172
E00005895,351,175,176
E00005896,310,164,146
E00005862,311,173,138
E00005865,353,175,178
E00005892,396,203,193
E00005898,318,137,181
E00005899,260,139,121
E00005861,426,225,201
E00005863,307,151,156
E00005864,410,213,197
E00005900,381,191,190
E00005903,319,156,163
E00005880,402,205,197
E00005881,321,168,153
E00005882,376,198,178
E00005883,258,134,124
E00005867,465,227,238
E00005887,324,151,173
E00005890,301,149,152
E00180972,500,289,211
E00181033,231,127,104
E00005884,394,209,185
E00005885,238,130,108
E00005886,333,175,158
E00005888,338,185,153
E00004960,397,198,199
E00005002,387,183,204
E00005003,319,163,156
E00005005,306,170,136
E00005521,402,216,186
E00005526,485,279,206
E00005533,258,138,120
E00005555,495,276,219
E00005560,465,246,219
E00005563,246,141,105
E00005525,267,135,132
E00005539,316,172,144
E00005541,218,113,105
E00005542,310,175,135
E00005543,598,322,276
E00005544,309,172,137
E00005540,265,133,132
E00005545,312,171,141
E00005547,447,214,233
E00005548,222,119,103
E00005551,362,187,175
E00005557,395,205,190
E00005546,247,105,142
E00005549,349,188,161
E00005550,301,142,159
E00005553,394,190,204
E00005554,220,104,116
E00005556,379,199,180
E00005558,282,159,123
E00005559,310,155,155
E00005561,248,137,111
E00005562,305,164,141
E00004920,198,104,94
E00004921,396,211,185
E00004922,346,180,166
E00004924,299,173,126
E00174953,404,197,207
E00174954,232,122,110
E00005911,219,112,107
E00005925,251,133,118
E00005929,280,145,135
E00005930,241,133,108
E00005931,372,188,184
E00005932,340,175,165
E00005917,341,180,161
E00005919,233,130,103
E00005921,155,64,91
E00005922,277,144,133
E00005923,215,111,104
E00005958,178,104,74
E00005961,286,143,143
E00005950,309,172,137
E00005952,411,221,190
E00005953,319,155,164
E00005955,271,144,127
E00005956,289,160,129
E00005959,359,188,171
E00005920,357,200,157
E00005962,387,192,195
E00005963,564,319,245
E00005965,374,213,161
E00004969,251,127,124
E00004970,282,151,131
E00004973,368,179,189
E00004974,370,188,182
E00174942,272,142,130
E00174943,235,123,112
E00174944,403,213,190
E00005520,445,248,197
E00005522,313,187,126
E00005552,313,167,146
E00005568,348,172,176
E00005572,401,207,194
E00005901,370,184,186
E00005902,414,215,199
E00005906,448,247,201
E00005909,395,187,208
E00005874,189,101,88
E00005877,361,184,177
E00005904,346,180,166
E00174931,393,209,184
E00174941,273,163,110
E00180953,318,183,135
E00180956,308,151,157
E00005519,394,183,211
E00005528,494,248,246
E00005566,610,316,294
E00005570,302,149,153
E00174923,412,216,196
E00174924,439,231,208
E00174925,394,222,172
E00005012,321,160,161
E00005021,356,182,174
E00005024,283,168,115
E00005047,336,161,175
E00005052,494,246,248
E00005039,373,190,183
E00005040,361,186,175
E00005042,415,214,201
E00005043,402,203,199
E00005044,432,211,221
E00005871,439,225,214
E00005872,407,217,190
E00005873,415,219,196
E00005897,388,192,196
E00005866,317,165,152
E00005869,359,181,178
E00005905,299,158,141
E00005907,346,187,159
E00005910,345,171,174
E00005875,454,227,227
E00005876,382,214,168
E00005878,457,236,221
E00005879,383,234,149
E00005908,307,161,146
E00004854,285,143,142
E00004863,276,145,131
E00004865,309,157,152
E00004866,399,209,190
E00004913,228,126,102
E00004862,288,148,140
E00004864,366,192,174
E00004867,249,139,110
E00004868,242,115,127
E00004871,349,176,173
E00004875,236,119,117
E00004855,305,156,149
E00004869,226,106,120
E00004870,248,128,120
E00004874,333,187,146
E00004877,299,150,149
E00004879,272,143,129
E00004856,255,145,110
E00004878,312,173,139
E00004882,319,162,157
E00004883,345,169,176
E00004884,587,303,284
E00005914,350,181,169
E00005926,275,138,137
E00005927,412,215,197
E00005928,310,173,137
E00005933,361,192,169
E00005934,283,139,144
E00004947,313,156,157
E00004948,340,175,165
E00004949,299,143,156
E00004951,371,192,179
E00004952,414,216,198
E00004923,337,159,178
E00004925,343,183,160
E00004927,341,179,162
E00004954,348,178,170
E00004955,368,187,181
E00005610,435,237,198
E00005611,344,190,154
E00005645,175,93,82
E00005646,312,164,148
E00005647,305,163,142
E00005615,320,157,163
E00005648,384,203,181
E00005649,350,191,159
E00005650,254,143,111
E00005651,311,155,156
E00005612,276,159,117
E00005613,255,141,114
E00005616,312,152,160
E00005623,272,139,133
E00005652,242,130,112
E00005654,254,127,127
E00005006,330,161,169
E00005045,365,180,185
E00005050,471,232,239
E00005053,313,155,158
E00005054,254,134,120
E00005013,374,197,177
E00005014,383,200,183
E00005017,298,148,150
E00005022,244,131,113
E00005051,370,184,186
E00005025,325,156,169
E00005041,581,307,274
E00005046,495,281,214
E00005048,314,159,155
E00005049,333,168,165
E00005009,423,204,219
E00005026,156,91,65
E00005029,366,201,165
E00180955,380,200,180
E00181017,374,214,160
E00005007,474,230,244
E00005008,367,190,177
E00005023,455,229,226
E00005027,323,182,141
E00181003,489,242,247
E00181022,204,107,97
E00005015,510,249,261
E00005016,394,200,194
E00005018,335,158,177
E00005019,399,213,186
E00005028,460,239,221
E00005030,240,122,118
E00005032,349,184,165
E00005033,321,181,140
E00005034,365,173,192
E00005035,301,136,165
E00180976,377,187,190
E00181041,240,106,134
E00005524,337,177,160
E00005530,473,263,210
E00005531,398,190,208
E00005532,298,171,127
E00180987,261,125,136
E00180990,380,205,175
E00005523,370,188,182
E00005529,343,193,150
E00005564,506,260,246
E00005565,231,114,117
E00005567,407,212,195
E00005571,299,155,144
E00005195,460,231,229
E00005196,292,153,139
E00181000,452,214,238
E00181011,216,92,124
E00005224,426,220,206
E00005225,486,222,264
E00005227,310,150,160
E00005228,259,124,135
E00180963,306,157,149
E00181028,207,104,103
E00181034,441,220,221
E00181035,354,175,179
E00004928,398,213,185
E00004937,412,204,208
E00004940,315,173,142
E00004941,329,174,155
E00004936,468,236,232
E00004938,372,196,176
E00004939,333,180,153
E00004942,292,144,148
E00004943,306,153,153
E00004914,335,169,166
E00004931,326,161,165
E00004932,363,181,182
E00004935,335,173,162
E00004926,335,164,171
E00004929,258,133,125
E00004930,343,176,167
E00004933,376,188,188
E00004934,341,167,174
E00004889,305,148,157
E00004902,339,180,159
E00004905,298,146,152
E00004910,262,127,135
E00004911,288,144,144
E00180973,456,235,221
E00180980,104,53,51
E00180995,293,162,131
E00004873,330,173,157
E00004876,302,155,147
E00004881,148,64,84
E00004885,439,221,218
E00004888,206,110,96
E00004892,447,225,222
E00004894,271,132,139
E00004886,317,177,140
E00004887,234,104,130
E00004891,250,126,124
E00004893,257,112,145
E00004897,294,142,152
E00004899,299,142,157
E00004904,289,152,137
E00004861,299,147,152
E00004895,223,115,108
E00004900,300,142,158
E00004901,302,144,158
E00004907,292,143,149
E00004912,317,162,155
E00004890,229,131,98
E00004896,290,134,156
E00004898,287,140,147
E00004906,293,141,152
E00004908,290,144,146
E00004909,371,184,187
E00004857,440,226,214
E00004858,333,174,159
E00004859,453,229,224
E00004860,162,86,76
E00004872,273,141,132
E00004880,244,132,112
E00005190,271,142,129
E00005192,313,147,166
E00005194,274,140,134
E00005205,342,184,158
E00005211,339,172,167
E00005218,294,146,148
E00005219,243,120,123
E00005187,270,124,146
E00005188,226,112,114
E00005200,224,115,109
E00005203,249,122,127
E00005236,380,203,177
E00005241,302,143,159
E00005242,275,135,140
E00005198,219,112,107
E00005212,333,167,166
E00005229,288,148,140
E00005230,234,123,111
E00005238,366,181,185
E00005199,265,142,123
E00005231,304,154,150
E00005232,213,116,97
E00005234,321,161,160
E00005235,159,93,66
E00005237,303,156,147
E00005239,152,94,58
E00005208,238,124,114
E00005209,348,184,164
E00005210,325,180,145
E00005243,362,172,190
E00005244,253,131,122
E00180968,238,134,104
E00180999,211,119,92
E00181007,200,101,99
E00005850,421,218,203
E00005852,427,215,212
E00005853,401,213,188
E00005856,286,138,148
E00005859,312,165,147
E00005825,401,198,203
E00005849,344,178,166
E00005851,402,207,195
E00005854,283,145,138
E00005858,241,117,124
E00005860,300,167,133
E00005812,358,178,180
E00005813,372,177,195
E00005821,395,190,205
E00005855,325,154,171
E00005857,369,182,187
E00005036,347,181,166
E00174932,355,167,188
E00180965,259,143,116
E00180966,390,200,190
E00005011,500,245,255
E00174934,375,188,187
E00180951,454,244,210
E00180979,388,216,172
E00180983,386,209,177
E00181018,464,241,223
E00181027,204,113,91
E00005629,282,147,135
E00005630,356,180,176
E00005632,352,171,181
E00005637,290,144,146
E00005642,346,183,163
E00005633,334,175,159
E00005635,325,181,144
E00005636,303,162,141
E00005639,302,181,121
E00005640,336,185,151
E00005609,328,188,140
E00005638,357,191,166
E00005641,318,174,144
E00005643,363,217,146
E00005644,398,223,175
E00005617,363,195,168
E00005619,357,183,174
E00005620,363,178,185
E00005624,266,147,119
E00005625,329,176,153
E00005278,305,183,122
E00005287,297,151,146
E00005288,288,154,134
E00005289,305,153,152
E00005296,315,153,162
E00005290,309,161,148
E00005291,326,170,156
E00005292,292,150,142
E00005293,277,151,126
E00005294,330,175,155
E00005295,323,163,160
E00005297,308,167,141
E00005298,374,180,194
E00005300,344,170,174
E00005301,254,136,118
E00005626,330,169,161
E00005628,365,190,175
E00005631,325,172,153
E00005634,372,190,182
E00005614,326,188,138
E00005618,215,119,96
E00005621,193,114,79
E00005622,332,169,163
E00005627,319,161,158
E00005653,203,110,93
E00005823,398,206,192
E00005824,363,196,167
E00005827,433,213,220
E00005833,294,141,153
E00174949,347,187,160
E00174950,227,106,121
E00174958,263,123,140
E00005819,325,177,148
E00005830,315,166,149
E00005835,386,208,178
E00005837,315,172,143
E00005840,488,260,228
E00005816,471,224,247
E00005817,396,210,186
E00005822,274,136,138
E00005828,298,181,117
E00005829,319,163,156
E00005818,361,201,160
E00005839,184,90,94
E00005841,307,167,140
E00005842,280,141,139
E00005843,414,222,192
E00180982,258,156,102
E00180991,398,206,192
E00005820,293,146,147
E00005844,549,287,262
E00005845,366,172,194
E00005846,311,169,142
E00005848,295,150,145
E00174947,368,200,168
E00174948,266,142,124
E00174951,291,161,130
E00005142,305,147,158
E00005143,271,137,134
E00005145,342,177,165
E00005154,395,196,199
E00005156,307,161,146
E00005135,312,172,140
E00005137,359,189,170
E00005148,298,156,142
E00005153,288,150,138
E00005155,281,139,142
E00005136,462,216,246
E00005149,289,155,134
E00005150,266,141,125
E00005151,335,167,168
E00005152,259,135,124
E00005158,295,165,130
E00005138,316,181,135
E00005161,229,119,110
E00005166,405,207,198
E00005170,299,152,147
E00005176,321,153,168
E00005157,334,187,147
E00005159,270,151,119
E00005162,320,162,158
E00005163,256,134,122
E00005165,316,155,161
E00005174,224,125,99
E00005269,380,210,170
E00005272,373,196,177
E00005273,395,206,189
E00005274,235,147,88
E00005275,220,123,97
E00005265,398,230,168
E00005266,376,199,177
E00005267,335,182,153
E00005268,358,205,153
E00005248,440,226,214
E00005250,329,181,148
E00005251,320,169,151
E00005264,365,200,165
E00005277,410,219,191
E00005247,350,203,147
E00005252,374,212,162
E00005253,390,212,178
E00005256,370,211,159
E00005257,329,175,154
E00005255,376,212,164
E00005258,382,205,177
E00005259,335,177,158
E00005261,324,177,147
E00005262,377,222,155
E00005132,390,191,199
E00005172,202,113,89
E00005177,275,147,128
E00005178,289,142,147
E00005181,277,135,142
E00005182,233,118,115
E00005133,469,245,224
E00005167,312,164,148
E00005175,268,141,127
E00005179,313,178,135
E00005184,252,134,118
E00005160,253,145,108
E00005164,268,135,133
E00005168,191,88,103
E00005169,278,133,145
E00005171,511,270,241
E00005173,226,122,104
E00005442,326,165,161
E00005450,318,163,155
E00005456,291,158,133
E00005461,230,118,112
E00005480,364,190,174
E00005440,369,193,176
E00005446,319,174,145
E00005447,289,152,137
E00005448,272,130,142
E00005449,262,140,122
E00005246,426,231,195
E00005254,412,224,188
E00005260,418,208,210
E00005263,344,181,163
E00005245,239,121,118
E00005249,348,184,164
E00005270,364,184,180
E00005271,289,158,131
E00005276,327,177,150
E00005367,365,182,183
E00005392,318,161,157
E00005393,296,156,140
E00005394,352,195,157
E00005368,334,182,152
E00005374,396,210,186
E00005376,308,156,152
E00005390,409,212,197
E00005366,383,220,163
E00005389,356,179,177
E00005391,453,244,209
E00005395,359,197,162
E00005588,328,168,160
E00005589,318,163,155
E00005604,334,169,165
E00005608,366,182,184
E00005594,393,198,195
E00005595,362,178,184
E00005596,357,173,184
E00005600,328,158,170
E00005593,285,142,143
E00005597,312,166,146
E00005598,315,156,159
E00005599,348,193,155
E00005602,356,187,169
E00005575,306,163,143
E00005581,327,166,161
E00005583,331,170,161
E00005584,270,152,118
E00005601,332,170,162
E00005582,293,140,153
E00005587,356,183,173
E00005603,309,152,157
E00005606,384,211,173
E00005607,304,156,148
E00005311,366,209,157
E00005315,336,179,157
E00005316,327,182,145
E00005321,327,177,150
E00005284,295,161,134
E00005317,285,141,144
E00005318,300,180,120
E00005319,296,163,133
E00005320,280,149,131
E00005280,347,180,167
E00005282,366,173,193
E00005283,295,161,134
E00005285,328,154,174
E00005286,282,145,137
E00005307,401,206,195
E00005308,353,189,164
E00005309,338,175,163
E00005312,264,143,121
E00005314,265,140,125
E00005299,302,162,140
E00005302,239,131,108
E00005303,172,88,84
E00005304,378,202,176
E00005310,234,125,109
E00005279,245,132,113
E00005281,333,177,156
E00005305,195,108,87
E00005306,336,192,144
E00005313,342,203,139
E00005576,334,170,164
E00005577,365,178,187
E00005578,391,199,192
E00005579,349,190,159
E00005573,322,179,143
E00005574,262,134,128
E00005585,283,151,132
E00005586,300,149,151
E00005605,251,132,119
E00005139,306,152,154
E00005180,449,244,205
E00005183,289,131,158
E00005185,247,126,121
E00005186,265,141,124
E00005488,349,183,166
E00005514,362,179,183
E00005515,383,187,196
E00005516,338,167,171
E00005485,364,192,172
E00005490,234,129,105
E00005510,275,157,118
E00005517,295,148,147
E00005518,343,171,172
E00005481,302,154,148
E00005506,260,126,134
E00005507,390,196,194
E00005508,363,181,182
E00005511,352,184,168
E00005482,377,187,190
E00005483,369,193,176
E00005509,379,186,193
E00005512,328,172,156
E00005513,333,166,167
E00005365,247,128,119
E00005369,381,193,188
E00005370,316,162,154
E00005378,371,191,180
E00005380,352,187,165
E00005372,284,141,143
E00005373,383,192,191
E00005375,309,173,136
E00005383,340,165,175
E00005384,299,169,130
E00005371,250,112,138
E00005377,322,180,142
E00005379,343,186,157
E00005382,231,133,98
E00005387,332,177,155
E00005381,373,177,196
E00005385,391,209,182
E00005386,330,174,156
E00005388,377,197,180
E00005322,256,125,131
E00005323,351,174,177
E00005333,255,160,95
E00005340,278,149,129
E00005341,298,158,140
E00005453,331,166,165
E00005455,513,268,245
E00005458,419,205,214
E00181010,225,111,114
E00181026,444,249,195
E00005444,457,242,215
E00005445,350,162,188
E00005451,376,182,194
E00005452,291,143,148
E00005465,318,167,151
E00005441,364,181,183
E00005459,371,184,187
E00005462,438,225,213
E00005463,306,152,154
E00005466,189,104,85
E00005473,300,156,144
E00005474,376,196,180
E00005475,275,154,121
E00174946,200,120,80
E00174955,147,76,71
E00174956,230,112,118
E00180969,226,126,100
E00180986,219,112,107
E00181031,228,120,108
E00005469,370,178,192
E00005470,406,194,212
E00005471,327,160,167
E00005472,365,181,184
E00005094,532,258,274
E00005119,343,172,171
E00005120,380,207,173
E00005123,404,204,200
E00005115,520,253,267
E00005116,382,198,184
E00005117,358,183,175
E00005118,460,244,216
E00005121,378,183,195
E00005122,364,197,167
E00005124,332,172,160
E00005125,385,209,176
E00005098,363,183,180
E00005126,321,165,156
E00005128,410,200,210
E00005129,363,179,184
E00005443,410,208,202
E00005454,390,205,185
E00005457,459,239,220
E00005467,387,201,186
E00005486,294,146,148
E00005487,311,164,147
E00005491,336,180,156
E00005496,330,174,156
E00005497,361,179,182
E00005492,326,182,144
E00005499,350,192,158
E00005501,354,183,171
E00005502,336,173,163
E00005503,371,195,176
E00005484,391,208,183
E00005500,420,215,205
E00005504,391,217,174
E00005505,297,154,143
E00005580,334,169,165
E00005590,335,178,157
E00005591,268,150,118
E00005592,386,196,190
E00005327,308,152,156
E00005351,319,161,158
E00005355,380,198,182
E00005359,363,198,165
E00005335,320,187,133
E00005336,419,211,208
E00005357,408,219,189
E00005361,318,160,158
E00005362,320,162,158
E00005324,325,161,164
E00005328,360,191,169
E00005343,308,157,151
E00005346,289,143,146
E00005347,348,178,170
E00005476,341,176,165
E00005477,453,211,242
E00005478,440,254,186
E00005479,346,185,161
E00005055,493,257,236
E00005066,367,201,166
E00005069,302,167,135
E00005072,330,174,156
E00005061,403,222,181
E00005063,342,168,174
E00005064,364,182,182
E00005065,337,183,154
E00005067,312,166,146
E00005099,467,224,243
E00005127,272,136,136
E00005130,277,149,128
E00005131,607,331,276
E00180974,197,107,90
E00181029,415,209,206
E00181039,363,188,175
E00005349,396,174,222
E00005350,311,142,169
E00005352,340,171,169
E00005354,289,153,136
E00005356,319,157,162
E00005325,304,157,147
E00005326,503,277,226
E00005342,285,151,134
E00005345,553,306,247
E00005348,304,147,157
E00005329,369,200,169
E00005330,357,173,184
E00005344,356,183,173
E00005353,453,250,203
E00005360,303,152,151
E00005337,322,170,152
E00005358,301,146,155
E00005363,280,144,136
E00005364,385,221,164
E00174957,293,145,148
E00174959,311,158,153
E00005331,375,182,193
E00005332,383,178,205
E00005334,360,186,174
E00005339,368,183,185
E00005489,286,159,127
E00005493,326,163,163
E00005494,331,176,155
E00005495,347,187,160
E00005498,385,196,189
E00005057,347,167,180
E00005059,310,163,147
E00005068,334,167,167
E00005070,293,152,141
E00005080,364,176,188
E00005095,363,171,192
E00005100,326,155,171
E00005104,331,174,157
E00005105,321,175,146
E00005101,368,191,177
E00005103,310,154,156
E00005106,331,162,169
E00005107,341,167,174
E00005108,503,269,234
E00005110,332,180,152
E00005111,363,190,173
E00005112,313,157,156
E00005113,370,179,191
E00005097,436,221,215
E00005109,423,201,222
E00005114,365,177,188
E00180962,603,321,282
E00180997,205,106,99
E00181009,543,283,260
E00181015,334,170,164
E00005058,320,167,153
E00005076,271,146,125
E00005079,324,166,158
E00005081,325,172,153
E00005083,409,208,201
E00005056,307,158,149
E00005071,221,118,103
E00005073,312,152,160
E00005074,331,163,168
E00005075,290,152,138
E00005078,347,167,180
E00005084,349,172,177
E00005085,255,143,112
E00005086,362,189,173
E00005088,342,199,143
E00005060,282,161,121
E00005062,337,192,145
E00005077,245,128,117
E00005082,239,133,106
E00005093,254,127,127
E00005087,325,166,159
E00005089,239,127,112
E00005090,287,146,141
E00005091,372,184,188
E00005092,260,137,123
E00004916,339,189,150
E00004917,377,204,173
E00004918,386,215,171
E00004950,337,177,160
E00005915,294,162,132
E00005916,202,111,91
E00005918,258,128,130
E00005924,467,252,215
E00005935,373,208,165
E00005936,289,150,139
E00005937,312,170,142
E00005938,284,145,139
E00005939,296,148,148
E00005948,334,184,150
E00005951,261,141,120
E00005954,290,157,133
E00005957,234,112,122
E00005960,218,110,108
E00005964,278,140,138
E00004944,346,191,155
E00004945,377,200,177
E00004946,317,175,142
E00004953,361,209,152
E00165794,390,228,162
E00180977,656,282,374
E00181013,465,237,228
E00180978,182,55,127
E00180984,292,144,148
E00181008,560,278,282
E00181012,594,283,311
E00005189,229,130,99
E00005191,342,170,172
E00005201,297,179,118
E00005233,314,147,167
E00180959,213,122,91
E00180989,198,120,78
E00180998,294,157,137
E00181021,226,125,101
E00174938,191,104,87
E00180970,241,108,133
E00180981,378,189,189
E00181005,231,110,121
E00181043,306,138,168
E00174939,346,178,168
E00174945,204,98,106
E00180988,371,176,195
E00180996,244,125,119
E00005134,315,171,144
E00005140,393,193,200
E00005141,281,140,141
E00005144,293,146,147
E00005146,288,151,137
E00005147,284,137,147
E00005193,225,111,114
E00005204,242,119,123
E00005217,231,116,115
E00005220,272,128,144
E00005221,235,111,124
E00005222,254,125,129
E00005223,273,133,140
E00005814,431,229,202
E00005826,214,115,99
E00005831,271,141,130
E00005832,249,116,133
E00005834,413,221,192
E00005838,363,188,175
E00005213,443,230,213
E00005214,576,297,279
E00005215,308,161,147
E00005216,300,147,153
E00006314,572,296,276
E00006343,392,194,198
E00006345,320,164,156
E00006348,572,289,283
E00006349,416,204,212
E00006315,379,193,186
E00006316,331,157,174
E00006344,383,200,183
E00006346,409,193,216
E00006350,415,204,211
E00006521,348,185,163
E00006522,319,160,159
E00006540,468,239,229
E00006542,330,164,166
E00006543,388,191,197
E00006541,401,224,177
E00006545,526,197,329
E00006546,501,252,249
E00006548,383,193,190
E00006549,331,175,156
E00006518,381,182,199
E00006550,437,222,215
E00006551,448,235,213
E00006554,415,192,223
E00179117,623,310,313
E00179214,217,111,106
E00006517,460,237,223
E00006530,345,167,178
E00006533,343,172,171
E00006535,357,183,174
E00006539,376,177,199
E00006531,308,156,152
E00006534,535,265,270
E00006536,335,156,179
E00006537,393,207,186
E00006538,370,188,182
E00006519,371,203,168
E00006523,413,215,198
E00006524,385,200,185
E00006544,364,184,180
E00006553,436,222,214
E00006525,399,194,205
E00006527,471,239,232
E00006529,383,206,177
E00006552,471,253,218
E00006526,418,214,204
E00006528,376,188,188
E00006532,329,175,154
E00006547,403,205,198
E00006563,394,197,197
E00006573,353,182,171
E00006574,363,173,190
E00006578,356,180,176
E00006561,325,156,169
E00006562,398,224,174
E00006564,331,193,138
E00006566,338,188,150
E00006568,332,171,161
E00006567,351,197,154
E00006569,391,219,172
E00006570,444,208,236
E00006572,400,204,196
E00006577,592,304,288
E00006565,509,277,232
E00006575,304,154,150
E00006576,396,209,187
E00006579,301,143,158
E00006580,438,231,207
E00006571,346,178,168
E00006585,351,189,162
E00006588,496,249,247
E00006590,425,227,198
E00006560,397,200,197
E00006593,329,160,169
E00006594,436,189,247
E00006595,435,216,219
E00179120,422,196,226
E00179129,244,137,107
E00006317,378,193,185
E00006318,346,177,169
E00006320,342,175,167
E00006347,364,186,178
E00006351,330,175,155
E00006581,369,186,183
E00006582,484,257,227
E00006586,296,150,146
E00006587,397,177,220
E00006558,346,179,167
E00006583,586,301,285
E00006589,313,151,162
E00006592,399,205,194
E00006596,427,221,206
E00006555,429,223,206
E00006556,443,233,210
E00006557,416,211,205
E00006559,325,175,150
E00006591,398,201,197
E00006690,421,191,230
E00006696,362,182,180
E00006699,562,282,280
E00006704,447,231,216
E00006673,400,200,200
E00006687,338,163,175
E00006689,410,195,215
E00006691,465,222,243
E00006697,283,136,147
E00006688,398,210,188
E00006692,304,166,138
E00006693,315,156,159
E00006698,422,197,225
E00006701,437,219,218
E00006708,459,216,243
E00006709,390,177,213
E00006712,471,243,228
E00006322,385,193,192
E00006324,326,153,173
E00006327,362,188,174
E00006328,354,178,176
E00006329,297,141,156
E00006319,437,202,235
E00006330,414,210,204
E00006333,514,255,259
E00006336,468,239,229
E00006313,279,154,125
E00006331,324,177,147
E00006332,287,152,135
E00006335,371,206,165
E00006339,415,214,201
E00006341,362,201,161
E00006321,307,147,160
E00006323,456,214,242
E00006325,540,264,276
E00006326,416,203,213
E00006675,405,208,197
E00006679,344,177,167
E00006683,356,177,179
E00006686,309,168,141
E00006694,313,160,153
E00006695,455,212,243
E00006702,375,179,196
E00006707,404,199,205
E00166857,512,266,246
E00166858,231,118,113
E00006677,380,210,170
E00006703,437,196,241
E00006705,346,170,176
E00006706,384,193,191
E00006710,411,204,207
E00006676,498,225,273
E00006678,432,192,240
E00006681,522,248,274
E00006684,519,222,297
E00006674,351,184,167
E00006680,284,116,168
E00006682,370,179,191
E00006685,231,116,115
E00006711,435,218,217
E00006282,369,196,173
E00006283,278,140,138
E00006286,439,228,211
E00006292,504,269,235
E00179131,217,109,108
E00179206,424,231,193
E00006598,332,165,167
E00006605,335,170,165
E00006606,328,164,164
E00006608,305,152,153
E00006609,362,184,178
E00006599,369,175,194
E00006600,514,290,224
E00006602,405,207,198
E00006603,335,161,174
E00006604,335,170,165
E00006597,431,238,193
E00006616,300,153,147
E00006631,353,202,151
E00006638,405,215,190
E00006639,369,185,184
E00006634,517,277,240
E00006636,410,228,182
E00006637,403,208,195
E00006640,264,141,123
E00006601,395,188,207
E00006618,466,237,229
E00006623,355,168,187
E00006624,376,183,193
E00006627,392,203,189
E00006607,348,174,174
E00006610,421,208,213
E00006614,331,169,162
E00006619,359,178,181
E00006625,431,206,225
E00006611,433,213,220
E00006612,389,194,195
E00006615,308,164,144
E00006617,338,178,160
E00006620,355,184,171
E00006613,310,158,152
E00006621,399,203,196
E00006622,412,204,208
E00006626,433,225,208
E00006630,411,210,201
E00006628,276,131,145
E00006629,423,205,218
E00006632,379,192,187
E00006633,378,217,161
E00006635,340,174,166
E00006279,378,191,187
E00006285,381,199,182
E00006290,395,213,182
E00006296,301,151,150
E00006301,419,191,228
E00006273,378,199,179
E00006275,375,192,183
E00006280,425,234,191
E00006289,441,238,203
E00006271,338,175,163
E00006272,362,176,186
E00006274,349,181,168
E00006276,333,170,163
E00006281,565,304,261
E00006277,383,193,190
E00006278,380,196,184
E00006284,387,194,193
E00006291,351,181,170
E00006312,319,168,151
E00166847,475,243,232
E00166848,563,285,278
E00166865,556,322,234
E00179167,173,95,78
E00179224,514,260,254
E00006270,442,229,213
E00006287,374,182,192
E00006288,311,152,159
E00006295,485,234,251
E00006368,366,176,190
E00006369,290,145,145
E00006370,414,197,217
E00006372,392,200,192
E00006373,312,151,161
E00006358,336,170,166
E00006371,258,136,122
E00006374,473,221,252
E00006375,492,235,257
E00006379,483,235,248
E00006353,324,149,175
E00006376,406,209,197
E00006383,337,167,170
E00006385,364,186,178
E00006386,265,136,129
E00006387,386,199,187
E00006354,280,149,131
E00006355,345,179,166
E00006382,287,147,140
E00006389,345,173,172
E00006390,255,124,131
E00006392,307,155,152
E00006058,472,245,227
E00006062,416,203,213
E00006064,381,193,188
E00006072,363,197,166
E00006073,429,257,172
E00006293,374,197,177
E00006298,421,206,215
E00006299,463,230,233
E00006302,363,179,184
E00006303,418,210,208
E00006300,418,206,212
E00006309,357,177,180
E00006310,359,189,170
E00006311,366,171,195
E00166861,346,157,189
E00166862,472,245,227
E00006334,438,232,206
E00006337,312,156,156
E00006338,402,201,201
E00006340,336,165,171
E00006342,476,245,231
E00006015,352,187,165
E00006041,288,148,140
E00006044,341,165,176
E00006045,352,172,180
E00006047,353,187,166
E00006013,357,174,183
E00006014,297,164,133
E00006019,408,210,198
E00006020,295,149,146
E00006055,376,203,173
E00006352,243,125,118
E00006378,304,140,164
E00006380,277,138,139
E00006381,344,173,171
E00006388,324,175,149
E00006377,299,160,139
E00006384,316,169,147
E00006391,322,169,153
E00006393,287,148,139
E00006394,347,178,169
E00006057,334,155,179
E00006059,391,196,195
E00006060,331,161,170
E00006061,395,202,193
E00006304,489,248,241
E00006305,398,191,207
E00006307,326,173,153
E00006308,386,188,198
E00006444,561,271,290
E00006465,394,195,199
E00006466,425,208,217
E00006467,384,183,201
E00006443,412,205,207
E00006447,425,233,192
E00006468,389,187,202
E00006469,449,215,234
E00006446,424,196,228
E00006450,576,338,238
E00006470,406,192,214
E00006473,422,196,226
E00005975,324,146,178
E00005978,321,186,135
E00005980,356,179,177
E00005981,247,139,108
E00005982,366,183,183
E00006195,285,155,130
E00006197,448,218,230
E00006201,363,196,167
E00006203,385,204,181
E00006190,364,188,176
E00006191,403,207,196
E00006192,488,233,255
E00179099,280,147,133
E00179136,290,123,167
E00006181,610,313,297
E00006194,366,193,173
E00006198,528,255,273
E00006199,425,225,200
E00006202,340,158,182
E00179109,960,521,439
E00179203,881,591,290
E00179250,669,296,373
E00006182,277,148,129
E00006183,319,158,161
E00006200,263,151,112
E00006205,467,235,232
E00006210,370,190,180
E00166867,135,67,68
E00179195,702,288,414
E00006016,228,118,110
E00006042,327,167,160
E00006043,213,111,102
E00006046,456,255,201
E00006048,342,193,149
E00006051,324,176,148
E00006401,320,172,148
E00006426,382,189,193
E00006429,353,167,186
E00006431,306,152,154
E00006437,258,142,116
E00006428,281,151,130
E00006430,247,124,123
E00006432,308,168,140
E00006434,366,196,170
E00006435,276,141,135
E00006436,303,154,149
E00006400,336,160,176
E00006402,315,172,143
E00006411,367,173,194
E00006440,403,220,183
E00006442,348,178,170
E00006406,265,147,118
E00006409,349,188,161
E00006412,328,171,157
E00006416,391,208,183
E00006439,334,170,164
E00006403,383,197,186
E00006405,408,212,196
E00006407,455,260,195
E00006408,374,204,170
E00006445,492,238,254
E00006449,549,274,275
E00006453,488,251,237
E00006471,500,261,239
E00006448,489,234,255
E00006451,398,198,200
E00006452,457,229,228
E00006472,452,234,218
E00006455,523,253,270
E00006456,476,220,256
E00006458,437,214,223
E00006454,444,225,219
E00006457,549,266,283
E00006459,387,180,207
E00006462,458,237,221
E00006460,492,248,244
E00006464,422,198,224
E00166859,222,107,115
E00166860,303,156,147
E00179180,313,146,167
E00179254,354,180,174
E00006022,315,170,145
E00006023,333,171,162
E00006028,322,174,148
E00006032,355,189,166
E00006033,284,134,150
E00006012,492,268,224
E00006030,291,153,138
E00006034,298,145,153
E00006035,304,168,136
E00006038,395,212,183
E00006018,167,85,82
E00006024,322,173,149
E00006027,371,208,163
E00006029,351,178,173
E00006031,367,194,173
E00006011,387,204,183
E00006036,257,134,123
E00006037,333,168,165
E00006039,363,188,175
E00006040,422,221,201
E00006017,366,201,165
E00006049,341,171,170
E00006050,308,164,144
E00006053,347,161,186
E00006021,445,206,239
E00006025,214,114,100
E00006026,262,132,130
E00006052,224,125,99
E00006054,359,190,169
E00006056,262,135,127
E00006097,339,173,166
E00006102,327,170,157
E00006106,257,124,133
E00006110,313,157,156
E00006111,326,167,159
E00006093,298,151,147
E00006094,358,176,182
E00006101,218,119,99
E00006107,300,136,164
E00006135,337,174,163
E00006109,308,162,146
E00006112,305,163,142
E00006114,282,154,128
E00006118,282,146,136
E00006119,344,154,190
E00006099,286,137,149
E00006115,424,215,209
E00006116,282,140,142
E00006120,235,122,113
E00006123,276,140,136
E00006125,327,161,166
E00006121,166,92,74
E00006128,201,101,100
E00006131,280,152,128
E00166845,262,119,143
E00166850,321,173,148
E00006130,467,244,223
E00006134,295,155,140
E00179177,413,209,204
E00179226,104,56,48
E00179259,247,134,113
E00005972,388,194,194
E00005973,376,187,189
E00005974,374,178,196
E00005976,346,167,179
E00005977,341,179,162
E00005966,410,202,208
E00005979,349,171,178
E00005986,339,162,177
E00005989,412,202,210
E00005992,343,166,177
E00005983,435,227,208
E00005984,416,222,194
E00005985,320,159,161
E00005990,391,198,193
E00005987,310,163,147
E00005988,304,166,138
E00005994,342,169,173
E00005996,420,224,196
E00006000,287,144,143
E00006404,329,156,173
E00006427,379,192,187
E00006433,392,188,204
E00006438,336,173,163
E00006441,285,135,150
E00006410,392,200,192
E00006413,358,180,178
E00006415,357,172,185
E00006418,369,193,176
E00006414,264,139,125
E00006417,327,169,158
E00006422,376,193,183
E00006425,372,188,184
E00006419,459,241,218
E00006420,363,174,189
E00006421,476,255,221
E00006423,373,202,171
E00006424,380,190,190
E00006075,505,231,274
E00006077,489,236,253
E00006082,490,227,263
E00006088,527,254,273
E00006067,459,231,228
E00006078,443,220,223
E00006079,431,211,220
E00006080,410,190,220
E00006081,580,287,293
E00006083,504,259,245
E00006086,498,241,257
E00006087,474,256,218
E00006084,482,228,254
E00006085,395,208,187
E00006089,471,255,216
E00006090,402,185,217
E00006762,389,194,195
E00006766,438,221,217
E00006768,600,310,290
E00179208,230,101,129
E00179229,618,258,360
E00006204,545,262,283
E00006206,454,217,237
E00006208,363,177,186
E00006211,464,224,240
E00006207,460,225,235
E00006209,457,222,235
E00006218,269,136,133
E00179087,429,213,216
E00179147,241,146,95
E00006212,449,233,216
E00006214,350,197,153
E00006217,356,181,175
E00006221,466,257,209
E00006213,248,110,138
E00006216,541,286,255
E00006219,339,175,164
E00006220,389,208,181
E00179145,340,169,171
E00179215,336,169,167
E00179261,194,103,91
E00006186,350,183,167
E00006225,447,244,203
E00166852,264,123,141
E00166853,165,87,78
E00166855,262,131,131
E00179085,432,243,189
E00179153,528,269,259
E00179238,136,72,64
E00179257,206,98,108
E00006185,362,208,154
E00006187,331,191,140
E00006188,277,161,116
E00006224,376,197,179
E00166866,145,87,58
E00179223,249,122,127
E00179230,430,245,185
E00005993,410,210,200
E00005995,258,114,144
E00006005,323,173,150
E00006006,336,166,170
E00006008,268,130,138
E00005991,307,160,147
E00005997,372,191,181
E00005998,261,146,115
E00005999,298,156,142
E00006003,355,189,166
E00005969,359,203,156
E00006001,404,212,192
E00006002,387,204,183
E00006004,532,267,265
E00179134,433,225,208
E00179149,254,139,115
E00179222,135,61,74
E00005967,242,118,124
E00005970,374,183,191
E00005971,240,124,116
E00006007,289,147,142
E00006009,258,135,123
E00006010,285,144,141
E00006743,452,224,228
E00006748,523,263,260
E00006751,341,189,152
E00006752,370,183,187
E00006757,288,148,140
E00006778,508,252,256
E00166844,441,220,221
E00179075,559,232,327
E00179277,217,100,117
E00179278,321,164,157
E00179279,417,193,224
E00006764,488,235,253
E00006783,474,227,247
E00006785,607,296,311
E00179125,244,114,130
E00179220,401,190,211
E00006769,508,240,268
E00006784,585,285,300
E00006787,452,217,235
E00179164,215,122,93
E00179172,418,205,213
E00179280,444,206,238
E00006772,523,245,278
E00006773,482,227,255
E00006776,471,239,232
E00006777,518,243,275
E00006771,331,169,162
E00006774,593,280,313
E00179079,504,284,220
E00179281,407,203,204
E00006761,460,213,247
E00006763,530,242,288
E00006767,509,243,266
E00006782,486,242,244
E00006786,592,272,320
E00006149,459,220,239
E00006155,375,181,194
E00006157,425,210,215
E00166851,506,203,303
E00166863,281,135,146
E00006164,291,145,146
E00006168,201,98,103
E00006170,284,147,137
E00006172,295,161,134
E00006175,299,160,139
E00006738,286,150,136
E00006739,321,163,158
E00006740,306,155,151
E00006741,241,126,115
E00006742,284,156,128
E00006744,341,170,171
E00006745,440,235,205
E00006746,306,165,141
E00006747,498,253,245
E00006716,316,150,166
E00006721,484,246,238
E00006749,318,141,177
E00006750,410,222,188
E00006753,530,284,246
E00006228,454,257,197
E00006230,450,233,217
E00006236,111,63,48
E00006237,282,136,146
E00006239,509,278,231
E00006240,231,128,103
E00006241,397,212,185
E00006231,429,213,216
E00006232,294,152,142
E00006233,214,118,96
E00006234,328,183,145
E00006235,305,155,150
E00006238,244,128,116
E00006269,365,215,150
E00006254,267,132,135
E00006255,330,173,157
E00006260,362,191,171
E00006262,309,149,160
E00006263,321,166,155
E00006869,347,175,172
E00006881,392,190,202
E00006882,324,165,159
E00006903,363,185,178
E00006906,329,155,174
E00006878,281,134,147
E00006891,240,128,112
E00006894,448,227,221
E00179081,475,243,232
E00006896,366,184,182
E00006897,482,203,279
E00006899,272,130,142
E00006901,393,206,187
E00006904,313,167,146
E00006063,461,240,221
E00006066,353,173,180
E00006068,363,166,197
E00006071,353,206,147
E00179106,453,228,225
E00179182,211,123,88
E00006065,332,169,163
E00006069,590,321,269
E00006074,182,84,98
E00006076,410,216,194
E00006651,520,267,253
E00006653,328,155,173
E00006655,486,247,239
E00006656,333,158,175
E00006643,407,207,200
E00006666,444,213,231
E00006667,343,180,163
E00179146,495,257,238
E00179154,291,144,147
E00179241,143,75,68
E00006647,442,237,205
E00006664,500,224,276
E00006665,388,200,188
E00006668,535,272,263
E00006648,431,223,208
E00006650,523,278,245
E00006654,504,254,250
E00179176,216,107,109
E00179192,511,282,229
E00006669,292,161,131
E00006670,570,227,343
E00006671,310,174,136
E00006672,394,203,191
E00006229,414,227,187
E00006242,342,183,159
E00006243,344,171,173
E00006244,376,208,168
E00006245,333,164,169
E00006227,304,163,141
E00006246,367,186,181
E00006249,581,294,287
E00006252,363,194,169
E00179156,426,225,201
E00179218,422,193,229
E00006251,360,173,187
E00006256,383,196,187
E00006258,346,179,167
E00006259,337,181,156
E00179107,397,207,190
E00179196,303,155,148
E00006226,400,198,202
E00006247,338,183,155
E00006248,295,156,139
E00006253,337,164,173
E00006257,376,205,171
E00006139,323,169,154
E00006141,340,185,155
E00006156,257,136,121
E00006158,284,143,141
E00006160,313,165,148
E00006143,251,124,127
E00006144,272,152,120
E00006147,273,157,116
E00006153,270,130,140
E00006180,304,153,151
E00006140,277,144,133
E00006145,373,206,167
E00006146,311,157,154
E00006148,291,146,145
E00006151,309,156,153
E00006142,319,173,146
E00006154,267,120,147
E00006159,252,137,115
E00006161,321,176,145
E00006162,289,156,133
E00006138,328,162,166
E00006150,350,189,161
E00006169,194,94,100
E00006176,365,168,197
E00006178,324,152,172
E00006870,269,131,138
E00006876,281,141,140
E00006885,312,157,155
E00006890,297,162,135
E00006907,335,163,172
E00006909,304,153,151
E00006478,440,252,188
E00006479,383,195,188
E00006482,343,191,152
E00006484,299,161,138
E00006513,261,147,114
E00006867,326,173,153
E00006874,304,162,142
E00006880,325,175,150
E00006886,323,165,158
E00006905,204,104,100
E00006875,358,187,171
E00006877,389,205,184
E00006879,315,163,152
E00006883,357,189,168
E00006908,330,161,169
E00006871,341,173,168
E00006872,365,194,171
E00006884,360,182,178
E00006887,333,167,166
E00006888,279,150,129
E00006868,344,172,172
E00006873,185,85,100
E00006889,299,143,156
E00006893,255,127,128
E00006895,214,111,103
E00006898,238,122,116
E00006723,229,124,105
E00006724,333,190,143
E00006725,315,154,161
E00006727,225,119,106
E00179074,316,165,151
E00006713,274,153,121
E00006717,354,182,172
E00006718,305,160,145
E00006719,304,142,162
E00006720,330,177,153
E00006756,389,186,203
E00006715,297,172,125
E00006722,359,172,187
E00006728,156,85,71
E00006754,142,74,68
E00006755,206,104,102
E00006759,338,178,160
E00006726,338,160,178
E00179097,414,221,193
E00179100,595,301,294
E00179114,375,205,170
E00179116,110,69,41
E00179181,361,184,177
E00179198,233,139,94
E00179204,323,171,152
E00006714,157,79,78
E00006731,200,89,111
E00006735,375,191,184
E00006737,484,235,249
E00179160,140,71,69
E00179169,121,67,54
E00179197,512,255,257
E00006829,253,134,119
E00006831,270,148,122
E00006833,282,150,132
E00006834,329,175,154
E00006840,283,147,136
E00006866,282,143,139
E00006820,285,158,127
E00006822,236,114,122
E00006841,285,152,133
E00006846,301,151,150
E00006851,229,122,107
E00006853,302,156,146
E00006835,295,162,133
E00006836,289,150,139
E00006838,256,128,128
E00006839,305,147,158
E00006842,326,183,143
E00006843,263,137,126
E00006823,359,196,163
E00006828,401,210,191
E00006861,410,212,198
E00006862,329,189,140
E00006863,378,200,178
E00006264,321,159,162
E00006265,314,165,149
E00006266,302,156,146
E00006267,280,141,139
E00006268,379,188,191
E00006474,322,165,157
E00006480,337,170,167
E00006481,341,175,166
E00006487,399,205,194
E00006515,358,197,161
E00006476,368,181,187
E00006508,301,152,149
E00006510,306,152,154
E00006511,407,199,208
E00006514,347,176,171
E00006477,436,232,204
E00006485,197,108,89
E00006491,224,108,116
E00006509,226,117,109
E00006512,278,146,132
E00006516,277,155,122
E00006644,517,253,264
E00006646,576,284,292
E00006652,515,260,255
E00179173,576,277,299
E00179260,282,138,144
E00006657,520,257,263
E00006658,497,253,244
E00006659,375,177,198
E00006660,407,198,209
E00006661,425,213,212
E00006662,337,166,171
E00006663,432,227,205
E00179102,469,221,248
E00179138,178,86,92
E00006790,559,275,284
E00006795,609,304,305
E00006817,461,229,232
E00006818,433,209,224
E00006483,308,156,152
E00006486,313,153,160
E00006489,409,201,208
E00006497,274,132,142
E00006499,311,158,153
E00006488,293,157,136
E00006492,267,132,135
E00006493,183,101,82
E00006496,310,166,144
E00006500,311,155,156
E00166869,524,266,258
E00006494,300,164,136
E00006498,444,230,214
E00006501,286,150,136
E00006502,288,140,148
E00006503,284,140,144
E00006475,296,151,145
E00006504,366,193,173
E00006505,256,128,128
E00006506,354,199,155
E00006507,386,210,176
E00006825,362,195,167
E00006832,346,185,161
E00006837,267,126,141
E00006844,249,114,135
E00006849,321,165,156
E00006858,402,183,219
E00006824,320,180,140
E00006826,364,194,170
E00006827,311,170,141
E00006830,232,125,107
E00006864,165,65,100
E00006865,315,171,144
E00006821,252,129,123
E00006848,315,181,134
E00006855,452,230,222
E00006856,315,167,148
E00006857,533,273,260
E00006860,439,223,216
E00006845,341,181,160
E00006847,311,158,153
E00006850,173,85,88
E00006852,255,129,126
E00006854,281,144,137
E00165797,250,144,106
E00006091,314,171,143
E00006095,290,146,144
E00006096,238,118,120
E00006104,305,161,144
E00006105,309,167,142
E00006092,411,202,209
E00006098,247,118,129
E00006103,256,137,119
E00006108,295,131,164
E00006113,320,171,149
E00006122,282,156,126
E00006357,381,196,185
E00006361,236,127,109
E00006365,292,151,141
E00006396,339,175,164
E00006397,424,197,227
E00006362,330,167,163
E00006363,265,124,141
E00006395,314,153,161
E00006398,454,234,220
E00006399,248,130,118
E00006356,282,149,133
E00006359,209,99,110
E00006360,296,157,139
E00006364,403,212,191
E00006366,302,150,152
E00006367,308,165,143
E00006136,353,184,169
E00006163,343,166,177
E00006165,280,146,134
E00006166,469,243,226
E00006171,329,169,160
E00006137,264,131,133
E00006167,281,139,142
E00006173,207,94,113
E00006174,197,107,90
E00006177,259,134,125
E00006179,267,140,127
E00006100,223,106,117
E00006124,324,169,155
E00006127,314,155,159
E00006132,195,105,90
E00006133,277,149,128
E00179151,191,94,97
E00179178,337,177,160
E00179113,458,232,226
E00179201,183,89,94
E00179219,525,248,277
E00179232,147,76,71
E00006811,413,194,219
E00179139,533,250,283
E00179150,549,228,321
E00179212,345,166,179
E00179233,193,99,94
E00179236,368,178,190
E00179246,307,145,162
E00006794,497,237,260
E00006801,519,256,263
E00006802,514,242,272
E00179124,625,280,345
E00179193,399,196,203
E00006804,589,297,292
E00006807,602,268,334
E00179166,436,205,231
E00179227,450,223,227
E00006806,447,227,220
E00006809,470,223,247
E00006810,590,277,313
E00006814,543,258,285
E00006791,535,261,274
E00006793,405,187,218
E00006812,581,268,313
E00006815,244,140,104
E00006796,570,282,288
E00006800,453,217,236
E00006813,501,254,247
E00179174,186,98,88
E00179253,462,237,225
E00006797,473,218,255
E00006819,450,209,241
E00179205,351,184,167
E00179207,166,81,85
E00179248,379,206,173
E00179276,490,237,253
E00007193,368,203,165
E00007194,410,229,181
E00007195,408,211,197
E00007196,340,180,160
E00007198,381,195,186
E00007197,337,184,153
E00007199,347,181,166
E00007202,312,155,157
E00007205,361,188,173
E00007206,501,260,241
E00007697,372,187,185
E00007699,392,206,186
E00007701,329,177,152
E00007702,352,195,157
E00007704,368,187,181
E00007687,421,236,185
E00007688,337,164,173
E00007692,343,172,171
E00007694,381,195,186
E00007696,463,227,236
E00007167,330,204,126
E00007172,438,239,199
E00007175,289,158,131
E00007180,321,179,142
E00007189,355,188,167
E00007668,405,226,179
E00007695,407,217,190
E00007698,387,198,189
E00007703,363,210,153
E00007705,323,167,156
E00007670,431,232,199
E00007673,508,262,246
E00007674,378,200,178
E00007676,398,199,199
E00007707,377,189,188
E00007669,305,164,141
E00007675,340,169,171
E00007677,395,202,193
E00007700,477,262,215
E00007706,408,238,170
E00007686,356,188,168
E00007689,390,211,179
E00007690,279,149,130
E00007691,376,197,179
E00007693,397,208,189
E00007177,469,253,216
E00007179,410,216,194
E00007182,305,163,142
E00007192,520,271,249
E00171149,271,152,119
E00178732,300,164,136
E00178748,311,169,142
E00178851,212,122,90
E00007168,335,174,161
E00007171,280,147,133
E00007200,372,196,176
E00007201,326,180,146
E00007203,355,193,162
E00007204,321,165,156
E00007174,382,207,175
E00007176,421,215,206
E00007184,381,209,172
E00007186,364,185,179
E00007207,433,232,201
E00007173,465,246,219
E00007183,370,186,184
E00007185,316,169,147
E00007191,492,242,250
E00007188,421,204,217
E00171170,300,175,125
E00171172,373,221,152
E00171183,367,193,174
E00178738,269,132,137
E00178855,488,237,251
E00007170,557,294,263
E00007181,425,252,173
E00007187,420,227,193
E00171177,288,155,133
E00007000,285,146,139
E00007008,311,175,136
E00007015,267,142,125
E00007020,328,175,153
E00007023,207,112,95
E00007024,273,147,126
E00007004,320,162,158
E00007005,334,178,156
E00007019,335,179,156
E00007022,354,178,176
E00007025,248,132,116
E00007027,312,178,134
E00007029,364,192,172
E00007030,296,149,147
E00007031,396,210,186
E00007032,258,133,125
E00007033,442,233,209
E00006991,343,192,151
E00006992,328,171,157
E00006994,332,166,166
E00006995,308,159,149
E00006998,322,165,157
E00007003,446,239,207
E00007006,191,110,81
E00007013,370,185,185
E00007014,386,202,184
E00007017,278,151,127
E00006993,304,156,148
E00006996,265,128,137
E00006999,360,183,177
E00007001,342,183,159
E00007007,322,172,150
E00007012,355,183,172
E00007016,568,319,249
E00007021,224,115,109
E00007028,292,149,143
E00171155,292,154,138
E00171156,302,166,136
E00006997,353,184,169
E00007002,318,168,150
E00007009,276,147,129
E00007010,303,181,122
E00007011,201,117,84
E00178759,130,76,54
E00178862,605,315,290
E00007510,554,261,293
E00007511,387,187,200
E00007514,434,242,192
E00007518,368,204,164
E00007520,381,197,184
E00007623,336,183,153
E00007624,353,190,163
E00007625,306,168,138
E00007666,369,197,172
E00007667,350,188,162
E00007129,291,160,131
E00007134,395,222,173
E00007135,361,176,185
E00007139,333,182,151
E00007159,394,229,165
E00007166,356,186,170
E00007151,255,129,126
E00007152,200,107,93
E00007153,422,219,203
E00007154,321,171,150
E00007157,450,238,212
E00007512,578,311,267
E00007513,438,244,194
E00007515,384,205,179
E00007516,265,138,127
E00007517,382,199,183
E00007671,255,153,102
E00007672,233,128,105
E00007678,386,217,169
E00007679,431,231,200
E00007680,548,304,244
E00007681,506,290,216
E00007682,465,244,221
E00007683,443,235,208
E00007684,472,252,220
E00007685,390,204,186
E00007128,428,222,206
E00007155,405,215,190
E00007156,589,322,267
E00007161,399,220,179
E00007126,436,227,209
E00007160,363,186,177
E00007164,370,197,173
E00007165,424,225,199
E00007125,363,192,171
E00007158,390,194,196
E00007162,351,185,166
E00007163,412,215,197
E00007130,433,223,210
E00007131,417,203,214
E00007132,334,164,170
E00007138,351,190,161
E00007140,400,205,195
E00007124,441,226,215
E00007133,461,246,215
E00007137,386,197,189
E00007143,387,200,187
E00007293,370,203,167
E00007298,321,160,161
E00007328,391,202,189
E00007331,389,208,181
E00007333,295,153,142
E00007637,283,135,148
E00007649,328,159,169
E00007653,339,177,162
E00007659,250,140,110
E00007661,202,100,102
E00007665,567,295,272
E00007628,461,244,217
E00007631,266,147,119
E00007635,505,234,271
E00007643,278,148,130
E00007648,394,190,204
E00007634,252,134,118
E00007636,247,130,117
E00007641,330,182,148
E00007642,330,180,150
E00007652,373,202,171
E00007639,312,172,140
E00007644,355,184,171
E00007646,343,192,151
E00007654,222,138,84
E00007656,333,172,161
E00007622,297,166,131
E00007627,351,186,165
E00007633,340,171,169
E00007638,345,173,172
E00007647,345,183,162
E00007626,340,190,150
E00007629,359,178,181
E00007630,304,162,142
E00007632,261,129,132
E00007640,394,203,191
E00007645,363,196,167
E00007650,317,164,153
E00007651,315,166,149
E00007655,345,172,173
E00007663,278,133,145
E00007657,365,189,176
E00007658,343,181,162
E00007660,293,154,139
E00007662,312,148,164
E00007664,383,199,184
E00007210,296,154,142
E00007211,452,258,194
E00007212,328,181,147
E00007213,290,161,129
E00007215,185,91,94
E00007217,261,146,115
E00007324,580,311,269
E00007325,238,118,120
E00007326,344,173,171
E00007327,254,140,114
E00007294,349,189,160
E00007295,284,151,133
E00007297,248,124,124
E00007301,190,124,66
E00007329,246,139,107
E00007330,245,136,109
E00007332,347,178,169
E00007296,222,119,103
E00007299,282,156,126
E00007304,361,209,152
E00007306,252,133,119
E00007308,237,130,107
E00007334,300,160,140
E00007300,279,137,142
E00007302,310,162,148
E00007305,290,158,132
E00007309,412,212,200
E00007311,272,142,130
E00007314,339,169,170
E00007058,274,154,120
E00007062,273,142,131
E00007064,197,104,93
E00007066,394,204,190
E00178739,253,130,123
E00178746,340,176,164
E00178753,321,159,162
E00007050,414,203,211
E00007054,416,202,214
E00007056,498,275,223
E00171166,221,111,110
E00171167,339,179,160
E00007038,335,188,147
E00007060,339,167,172
E00007061,432,229,203
E00007067,343,168,175
E00007068,291,153,138
E00007052,422,220,202
E00007053,374,202,172
E00007055,427,221,206
E00007057,453,228,225
E00007136,321,162,159
E00007141,352,181,171
E00007144,387,194,193
E00007146,263,145,118
E00007147,353,186,167
E00007460,359,182,177
E00007464,393,190,203
E00007469,610,295,315
E00178747,313,168,145
E00178789,463,248,215
E00007459,362,182,180
E00007461,421,219,202
E00007462,439,242,197
E00178737,190,96,94
E00178766,547,259,288
E00007475,214,119,95
E00007486,404,215,189
E00007489,279,155,124
E00178744,202,121,81
E00178779,489,267,222
E00178801,227,115,112
E00178831,229,130,99
E00178872,540,281,259
E00007476,433,236,197
E00007487,586,328,258
E00171158,398,199,199
E00171480,392,214,178
E00178764,267,137,130
E00178818,367,189,178
E00007499,557,317,240
E00007519,398,203,195
E00007521,386,202,184
E00007522,326,171,155
E00007523,316,178,138
E00007035,394,209,185
E00007039,314,156,158
E00007063,350,180,170
E00007069,323,165,158
E00007072,345,168,177
E00007303,323,164,159
E00007307,292,157,135
E00007310,321,164,157
E00007315,335,180,155
E00007316,378,191,187
E00007312,518,267,251
E00007313,327,165,162
E00007320,348,196,152
E00007322,401,214,187
E00007317,328,165,163
E00007318,363,175,188
E00007319,339,171,168
E00007321,365,185,180
E00007323,406,222,184
E00007127,474,253,221
E00007142,294,150,144
E00007148,328,165,163
E00007149,234,124,110
E00007150,247,138,109
E00171159,136,66,70
E00171163,225,116,109
E00171164,340,195,145
E00007472,393,199,194
E00007474,452,236,216
E00007478,366,188,178
E00007480,232,137,95
E00007482,330,163,167
E00007463,429,219,210
E00007473,451,247,204
E00007477,250,138,112
E00007479,461,252,209
E00178730,414,209,205
E00178867,157,85,72
E00178879,476,256,220
E00006978,350,188,162
E00006979,262,149,113
E00006982,282,153,129
E00006983,385,199,186
E00006987,305,158,147
E00006990,218,114,104
E00006980,330,168,162
E00006981,326,164,162
E00006984,326,179,147
E00006985,326,174,152
E00006986,351,189,162
E00007218,260,132,128
E00007220,327,184,143
E00007223,274,145,129
E00007226,311,163,148
E00007232,238,130,108
E00171152,500,275,225
E00171153,468,248,220
E00007527,256,133,123
E00007532,358,188,170
E00007534,325,164,161
E00007537,214,116,98
E00007538,377,200,177
E00178776,141,75,66
E00178819,476,255,221
E00178850,129,78,51
E00007502,349,178,171
E00007503,351,178,173
E00007507,587,283,304
E00007508,360,186,174
E00007509,400,222,178
E00006950,331,181,150
E00006951,291,133,158
E00006988,377,215,162
E00006989,390,185,205
E00007356,389,201,188
E00007358,395,199,196
E00007362,471,249,222
E00007365,403,220,183
E00007354,399,199,200
E00007355,365,190,175
E00007359,311,159,152
E00007363,338,190,148
E00007498,389,210,179
E00007530,281,154,127
E00007533,366,194,172
E00007535,450,232,218
E00007536,436,243,193
E00007500,386,204,182
E00007501,375,202,173
E00007504,325,179,146
E00007505,328,181,147
E00007506,352,187,165
E00007524,339,177,162
E00007525,382,199,183
E00007526,304,168,136
E00007529,308,161,147
E00007531,357,175,182
E00007216,275,138,137
E00007221,441,227,214
E00007222,355,177,178
E00007227,315,148,167
E00007233,276,135,141
E00007225,422,209,213
E00007231,347,171,176
E00007237,307,159,148
E00007247,298,154,144
E00007208,363,197,166
E00007219,289,146,143
E00007224,379,190,189
E00007228,379,195,184
E00007238,246,124,122
E00007229,262,143,119
E00007230,351,196,155
E00007234,388,192,196
E00007236,349,183,166
E00007240,350,189,161
E00007357,421,205,216
E00007360,292,165,127
E00007361,326,166,160
E00007364,350,191,159
E00007369,359,173,186
E00007339,433,223,210
E00007366,390,218,172
E00007368,327,173,154
E00007370,493,232,261
E00007371,340,172,168
E00007335,445,233,212
E00007342,445,231,214
E00007346,445,222,223
E00007375,460,241,219
E00007488,426,224,202
E00007492,408,210,198
E00007497,459,253,206
E00171161,274,140,134
E00171181,387,211,176
E00007484,343,180,163
E00007493,407,215,192
E00007494,388,214,174
E00007495,392,216,176
E00007496,360,188,172
E00007564,466,232,234
E00007565,271,139,132
E00007566,380,195,185
E00007569,369,202,167
E00007572,369,185,184
E00007540,329,185,144
E00007541,296,161,135
E00007542,380,210,170
E00007543,434,230,204
E00007544,374,198,176
E00007545,371,179,192
E00007546,185,114,71
E00007550,420,209,211
E00007551,315,165,150
E00007553,248,120,128
E00007562,308,166,142
E00007548,391,203,188
E00007549,333,170,163
E00007552,232,122,110
E00007555,348,181,167
E00007559,256,129,127
E00007547,300,156,144
E00007554,372,194,178
E00007557,276,144,132
E00007560,333,181,152
E00007561,324,157,167
E00007037,277,133,144
E00007040,362,193,169
E00007041,353,194,159
E00007059,297,148,149
E00007070,319,185,134
E00007071,360,182,178
E00007042,346,186,160
E00007043,408,215,193
E00007044,329,178,151
E00007045,398,217,181
E00007073,301,162,139
E00007034,258,127,131
E00007036,334,181,153
E00007047,416,225,191
E00007049,442,233,209
E00178728,223,110,113
E00007539,375,205,170
E00007556,336,170,166
E00007558,505,262,243
E00007563,329,166,163
E00007570,418,235,183
E00007568,349,183,166
E00007571,270,138,132
E00171178,315,166,149
E00171180,343,163,180
E00171481,377,199,178
E00007573,444,217,227
E00007575,390,198,192
E00007576,274,140,134
E00007577,191,90,101
E00006953,351,170,181
E00006954,332,168,164
E00006955,321,166,155
E00006956,334,171,163
E00006958,356,177,179
E00006962,298,151,147
E00006963,514,248,266
E00006966,313,162,151
E00006952,291,170,121
E00006957,327,158,169
E00006959,280,150,130
E00006960,294,158,136
E00006961,370,208,162
E00006964,340,181,159
E00006965,330,175,155
E00006968,495,256,239
E00006969,347,176,171
E00006970,338,164,174
E00006949,365,186,179
E00006967,178,90,88
E00006971,306,154,152
E00006972,365,187,178
E00006973,490,227,263
E00007209,347,166,181
E00007235,342,175,167
E00007239,222,119,103
E00007245,249,129,120
E00007246,296,149,147
E00007241,367,178,189
E00007242,333,169,164
E00007243,312,171,141
E00007244,386,185,201
E00007760,290,149,141
E00007763,323,166,157
E00007765,358,190,168
E00007766,378,195,183
E00007775,313,176,137
E00007788,277,140,137
E00007789,338,181,157
E00007790,354,178,176
E00007791,296,162,134
E00007792,276,143,133
E00007767,432,207,225
E00007769,389,191,198
E00007771,375,198,177
E00178807,175,81,94
E00178848,514,244,270
E00007754,380,186,194
E00007755,306,163,143
E00007757,310,162,148
E00007758,285,148,137
E00007759,274,141,133
E00007762,218,105,113
E00007340,341,165,176
E00007343,378,197,181
E00007349,293,159,134
E00007350,424,234,190
E00007373,358,183,175
E00007337,379,187,192
E00007338,380,201,179
E00007341,412,221,191
E00007345,340,178,162
E00007351,412,213,199
E00007383,443,240,203
E00007384,395,215,180
E00007390,305,158,147
E00007398,406,209,197
E00007400,391,215,176
E00007387,346,186,160
E00007392,432,222,210
E00007395,346,178,168
E00007397,424,219,205
E00007407,340,167,173
E00007391,384,209,175
E00007393,274,147,127
E00007396,365,199,166
E00007404,395,204,191
E00007408,531,266,265
E00007248,313,174,139
E00007281,327,166,161
E00007282,439,225,214
E00007283,268,143,125
E00007285,376,199,177
E00007250,356,193,163
E00007251,317,172,145
E00007252,300,151,149
E00007287,552,270,282
E00007288,589,288,301
E00007249,407,210,197
E00007286,330,186,144
E00007289,379,178,201
E00007290,339,168,171
E00007344,324,173,151
E00007367,357,198,159
E00007372,422,222,200
E00007374,481,252,229
E00007385,346,169,177
E00007386,439,246,193
E00007388,362,188,174
E00007389,406,215,191
E00007394,429,238,191
E00007336,183,95,88
E00007347,222,115,107
E00007348,395,202,193
E00007352,181,107,74
E00007353,205,122,83
E00007405,458,226,232
E00007410,379,197,182
E00007411,375,200,175
E00007413,367,202,165
E00007414,275,150,125
E00007376,308,167,141
E00007379,364,185,179
E00007381,351,200,151
E00007382,292,159,133
E00171135,257,139,118
E00171136,336,181,155
E00171138,240,129,111
E00007378,408,204,204
E00007406,438,220,218
E00007409,424,215,209
E00007412,469,254,215
E00007415,301,175,126
E00171128,296,156,140
E00171130,299,165,134
E00171131,326,181,145
E00171133,284,156,128
E00171139,330,202,128
E00007399,438,235,203
E00007401,298,170,128
E00007402,325,189,136
E00007403,390,201,189
E00006974,383,191,192
E00006975,345,174,171
E00006976,382,189,193
E00006977,370,194,176
E00007420,440,228,212
E00007452,217,119,98
E00007453,340,174,166
E00007454,220,95,125
E00007456,386,204,182
E00007457,305,145,160
E00007427,385,194,191
E00007435,327,156,171
E00007455,383,198,185
E00007458,386,210,176
E00007419,308,153,155
E00007428,417,181,236
E00007429,324,166,158
E00007431,325,156,169
E00007443,527,259,268
E00007761,386,191,195
E00007764,402,215,187
E00007768,393,209,184
E00007772,354,185,169
E00007773,363,184,179
E00007075,378,191,187
E00007092,231,118,113
E00007094,372,200,172
E00007100,397,207,190
E00007102,354,204,150
E00007076,533,295,238
E00007089,356,181,175
E00007106,351,198,153
E00007115,367,190,177
E00007121,415,236,179
E00007103,288,142,146
E00007108,430,232,198
E00007109,372,195,177
E00007110,405,206,199
E00007112,231,117,114
E00007254,222,122,100
E00007255,364,192,172
E00007284,322,162,160
E00007291,338,175,163
E00007292,330,171,159
E00007257,438,229,209
E00007259,430,210,220
E00007261,448,240,208
E00007567,361,189,172
E00007578,391,211,180
E00007579,380,191,189
E00007580,358,181,177
E00007581,386,198,188
E00007596,353,172,181
E00007597,369,191,178
E00007598,402,207,195
E00007601,311,168,143
E00007599,317,176,141
E00007600,309,163,146
E00007602,304,149,155
E00007604,394,189,205
E00007606,340,181,159
E00007603,535,271,264
E00007608,392,207,185
E00007610,366,189,177
E00007612,369,178,191
E00007614,354,196,158
E00007615,365,196,169
E00007618,344,172,172
E00007620,344,180,164
E00007417,347,175,172
E00007418,369,190,179
E00007421,464,233,231
E00007423,337,168,169
E00007433,329,164,165
E00007430,326,169,157
E00007432,500,260,240
E00007436,322,163,159
E00007437,373,187,186
E00007440,315,164,151
E00007770,291,153,138
E00007774,355,187,168
E00007776,375,196,179
E00007781,354,184,170
E00007782,361,193,168
E00007753,338,177,161
E00007777,303,160,143
E00007778,344,171,173
E00007779,330,183,147
E00007780,363,183,180
E00007783,289,137,152
E00007784,408,211,197
E00007785,368,182,186
E00007786,282,134,148
E00007787,434,235,199
E00007096,250,138,112
E00007099,424,240,184
E00007107,298,171,127
E00171142,254,147,107
E00007101,301,162,139
E00007111,473,263,210
E00007113,359,193,166
E00007117,346,177,169
E00007119,341,173,168
E00007074,405,216,189
E00007079,259,121,138
E00007085,407,190,217
E00007086,383,200,183
E00007087,289,150,139
E00007093,166,96,70
E00007098,260,148,112
E00007105,329,174,155
E00171175,369,203,166
E00178729,337,184,153
E00178778,399,218,181
E00178880,466,249,217
E00007077,528,265,263
E00007114,416,232,184
E00007116,361,202,159
E00007120,345,184,161
E00007123,363,187,176
E00007253,440,229,211
E00007256,393,205,188
E00007258,351,184,167
E00007263,376,201,175
E00007260,470,230,240
E00007262,386,192,194
E00007269,328,155,173
E00007270,378,183,195
E00007265,343,165,178
E00007266,551,340,211
E00007267,418,206,212
E00007271,376,210,166
E00007275,313,184,129
E00007264,367,191,176
E00007268,360,177,183
E00007272,470,228,242
E00007273,339,200,139
E00007276,463,248,215
E00007422,389,192,197
E00007424,388,202,186
E00007425,364,191,173
E00007426,315,168,147
E00007434,440,209,231
E00007438,415,210,205
E00007441,373,190,183
E00007445,312,171,141
E00006926,352,182,170
E00006933,373,191,182
E00006935,373,188,185
E00006938,371,191,180
E00006943,392,194,198
E00007587,570,304,266
E00007588,413,209,204
E00007594,269,153,116
E00178731,436,238,198
E00007585,332,168,164
E00007589,314,162,152
E00007616,546,228,318
E00007619,310,151,159
E00007621,288,149,139
E00007586,396,202,194
E00007590,625,336,289
E00007591,316,155,161
E00007595,389,198,191
E00007605,426,215,211
E00007607,518,244,274
E00007609,372,191,181
E00007613,371,181,190
E00007078,544,292,252
E00007082,229,124,105
E00007084,486,264,222
E00007118,249,130,119
E00007122,278,139,139
E00007080,302,156,146
E00007081,429,245,184
E00007083,409,190,219
E00007088,398,232,166
E00007090,330,182,148
E00007710,348,186,162
E00007718,370,179,191
E00007736,254,128,126
E00007742,484,245,239
E00178742,452,208,244
E00178755,325,165,160
E00007713,472,229,243
E00007719,410,199,211
E00007734,401,208,193
E00007746,432,211,221
E00007724,395,212,183
E00007729,459,248,211
E00007735,434,215,219
E00178794,465,180,285
E00178874,307,140,167
E00007728,352,178,174
E00007745,469,241,228
E00007751,398,207,191
E00171145,294,173,121
E00171147,364,202,162
E00171184,254,137,117
E00006927,451,228,223
E00006929,438,220,218
E00006939,219,117,102
E00006940,603,227,376
E00006944,285,154,131
E00006911,223,128,95
E00006912,396,220,176
E00006915,302,165,137
E00006928,381,210,171
E00006931,331,160,171
E00006920,438,226,212
E00006921,354,179,175
E00006924,350,180,170
E00006925,295,148,147
E00178763,353,174,179
E00178813,372,194,178
E00007444,324,159,165
E00007446,355,187,168
E00007448,356,186,170
E00007450,555,285,270
E00007708,351,189,162
E00007712,425,214,211
E00007739,446,229,217
E00007743,367,188,179
E00007715,379,198,181
E00007721,361,195,166
E00007722,400,206,194
E00007732,430,211,219
E00006922,333,185,148
E00006923,395,211,184
E00006932,329,172,157
E00006941,369,171,198
E00006946,391,197,194
E00006910,378,202,176
E00006914,279,142,137
E00006916,302,167,135
E00006936,331,174,157
E00006937,492,230,262
E00006917,338,169,169
E00006930,456,213,243
E00006934,408,206,202
E00006942,414,213,201
E00006947,355,183,172
E00006913,384,210,174
E00006918,374,192,182
E00006945,378,184,194
E00006948,325,167,158
E00007416,400,197,203
E00007439,315,160,155
E00007442,448,239,209
E00007447,375,192,183
E00007449,229,108,121
E00007451,456,233,223
E00007583,327,175,152
E00007584,337,174,163
E00007611,304,141,163
E00007617,315,166,149
E00178793,314,157,157
E00178802,187,85,102
E00178858,265,134,131
E00007274,337,164,173
E00007277,327,168,159
E00007278,380,210,170
E00007279,388,210,178
E00007280,357,197,160
E00007714,552,267,285
E00007717,335,177,158
E00007720,414,200,214
E00007750,452,238,214
E00007709,295,154,141
E00007716,342,187,155
E00007733,280,154,126
E00007738,239,124,115
E00007741,280,160,120
E00007747,366,202,164
E00007723,371,213,158
E00007730,218,127,91
E00007737,293,151,142
E00178768,317,191,126
E00178771,405,224,181
E00178805,333,182,151
E00178877,298,169,129
E00007711,355,187,168
E00007726,441,239,202
E00007727,504,280,224
E00007752,369,186,183
E00165799,402,216,186
E00008407,312,157,155
E00008433,284,156,128
E00008434,289,152,137
E00008439,304,130,174
E00008440,526,279,247
E00008408,370,184,186
E00008409,360,178,182
E00008436,240,123,117
E00008437,208,102,106
E00008441,294,148,146
E00008411,292,163,129
E00008412,346,199,147
E00008415,193,87,106
E00008416,474,232,242
E00008438,252,140,112
E00008414,334,184,150
E00008417,467,238,229
E00008419,314,149,165
E00008442,316,172,144
E00008443,314,166,148
E00008406,758,174,584
E00008425,324,164,160
E00008426,349,187,162
E00008427,226,123,103
E00008428,537,301,236
E00008430,166,85,81
E00008431,406,204,202
E00008432,270,146,124
E00008435,520,280,240
E00176552,525,255,270
E00176557,246,130,116
E00176526,234,119,115
E00176532,425,214,211
E00176536,349,186,163
E00176565,364,179,185
E00176570,357,193,164
E00008423,316,163,153
E00176527,284,146,138
E00176529,457,255,202
E00176531,368,184,184
E00176567,211,113,98
E00176528,367,192,175
E00176530,1104,115,989
E00176542,329,181,148
E00176543,307,164,143
E00176558,325,160,165
E00176575,266,136,130
E00176550,195,104,91
E00176559,325,178,147
E00176563,411,207,204
E00176574,236,134,102
E00176576,362,200,162
E00176587,412,215,197
E00008404,311,165,146
E00008413,355,185,170
E00008418,334,172,162
E00008421,360,178,182
E00176593,423,210,213
E00007821,493,246,247
E00007822,296,170,126
E00007823,350,183,167
E00007824,334,181,153
E00007826,342,183,159
E00007825,583,297,286
E00007828,364,196,168
E00007829,409,201,208
E00007832,291,152,139
E00007834,349,183,166
E00007799,343,173,170
E00007827,361,188,173
E00007830,392,193,199
E00007831,310,152,158
E00007833,322,159,163
E00007836,288,154,134
E00007800,347,166,181
E00007801,318,177,141
E00007802,353,174,179
E00007837,430,221,209
E00176571,374,190,184
E00176573,251,127,124
E00176586,231,107,124
E00007798,322,171,151
E00007803,425,215,210
E00007807,318,156,162
E00007835,364,187,177
E00007838,306,172,134
E00008516,282,145,137
E00008522,434,216,218
E00008524,251,124,127
E00008533,524,256,268
E00176562,513,268,245
E00176589,244,140,104
E00008494,284,158,126
E00008495,270,125,145
E00008531,243,129,114
E00008534,296,150,146
E00008535,256,137,119
E00008536,351,178,173
E00008493,311,170,141
E00008513,343,185,158
E00008525,349,168,181
E00008527,431,235,196
E00008530,325,168,157
E00008491,294,153,141
E00008520,392,205,187
E00008529,273,135,138
E00008532,356,189,167
E00182059,149,74,75
E00182060,392,215,177
E00008328,373,206,167
E00008331,337,171,166
E00008332,457,202,255
E00008333,474,238,236
E00008336,295,156,139
E00008330,190,101,89
E00008335,624,316,308
E00008340,335,165,170
E00008344,209,107,102
E00176533,436,227,209
E00176581,614,323,291
E00008318,404,208,196
E00008329,502,268,234
E00008334,372,191,181
E00008337,401,199,202
E00008342,516,269,247
E00008339,439,229,210
E00008343,402,191,211
E00008345,381,189,192
E00008346,473,214,259
E00182137,464,265,199
E00182172,209,117,92
E00008341,438,220,218
E00008347,378,190,188
E00008352,392,207,185
E00008354,308,161,147
E00182161,464,208,256
E00182234,184,80,104
E00008139,397,204,193
E00008140,476,228,248
E00008143,339,185,154
E00008144,254,127,127
E00182216,272,134,138
E00182355,370,169,201
E00008104,430,209,221
E00008107,414,193,221
E00008108,428,212,216
E00008117,375,180,195
E00176541,168,85,83
E00176546,222,115,107
E00008101,419,214,205
E00008102,355,188,167
E00008119,309,151,158
E00008123,311,161,150
E00008128,250,133,117
E00008114,297,153,144
E00008115,496,239,257
E00008116,276,139,137
E00008118,319,180,139
E00008122,295,149,146
E00008132,466,251,215
E00176548,273,123,150
E00176549,221,109,112
E00176569,120,53,67
E00176584,261,121,140
E00008133,551,300,251
E00008134,264,121,143
E00008135,303,153,150
E00176564,429,214,215
E00176577,256,133,123
E00007795,410,206,204
E00007805,366,177,189
E00007808,428,213,215
E00007809,317,167,150
E00007810,289,146,143
E00007793,347,158,189
E00007804,307,145,162
E00007806,317,158,159
E00007813,447,247,200
E00007814,315,163,152
E00007794,440,209,231
E00007796,449,238,211
E00007812,353,164,189
E00007817,335,169,166
E00007811,342,189,153
E00007815,203,99,104
E00007816,268,142,126
E00007818,326,186,140
E00007819,310,167,143
E00007820,478,220,258
E00008103,311,176,135
E00008138,235,118,117
E00008141,359,197,162
E00008142,325,169,156
E00176534,384,204,180
E00176572,197,118,79
E00176582,330,180,150
E00008109,316,165,151
E00008110,358,180,178
E00008112,165,81,84
E00008120,535,289,246
E00008125,360,187,173
E00008127,308,173,135
E00008105,429,226,203
E00008111,316,180,136
E00008121,368,199,169
E00008145,337,185,152
E00008146,286,139,147
E00008113,619,310,309
E00008124,269,134,135
E00008126,158,80,78
E00008129,402,213,189
E00008130,354,181,173
E00008452,237,130,107
E00008453,308,151,157
E00008456,199,86,113
E00008457,537,288,249
E00008460,266,140,126
E00008451,387,205,182
E00008463,455,263,192
E00182107,229,120,109
E00182140,380,197,183
E00182182,350,177,173
E00182189,138,72,66
E00182303,460,263,197
E00182323,175,80,95
E00008454,476,235,241
E00008464,425,203,222
E00008465,453,242,211
E00008466,623,330,293
E00182237,381,199,182
E00182241,286,154,132
E00008448,412,201,211
E00008468,288,131,157
E00008471,187,104,83
E00008476,550,283,267
E00176585,309,160,149
E00182263,150,76,74
E00182297,475,259,216
E00008467,330,188,142
E00008473,490,267,223
E00008479,474,251,223
E00008482,356,176,180
E00008485,428,236,192
E00008445,290,141,149
E00008469,360,186,174
E00008478,373,200,173
E00008484,292,148,144
E00008486,334,171,163
E00007890,310,157,153
E00007898,280,136,144
E00007900,378,197,181
E00007902,363,187,176
E00007903,361,189,172
E00007895,387,204,183
E00007928,335,184,151
E00007929,386,204,182
E00007930,364,189,175
E00007931,381,199,182
E00007891,459,215,244
E00007896,264,145,119
E00007897,276,136,140
E00007904,364,180,184
E00007908,341,173,168
E00007915,398,216,182
E00007919,533,280,253
E00007921,379,187,192
E00007923,363,198,165
E00007925,377,204,173
E00007927,573,315,258
E00007888,245,122,123
E00007892,289,149,140
E00007893,304,156,148
E00007894,304,162,142
E00007899,238,129,109
E00007905,323,158,165
E00007889,267,137,130
E00007901,230,119,111
E00007907,357,180,177
E00007909,441,212,229
E00007910,312,166,146
E00007912,325,176,149
E00007887,325,158,167
E00007914,345,168,177
E00007920,251,133,118
E00007922,244,126,118
E00007924,311,164,147
E00007926,321,168,153
E00007906,347,189,158
E00007913,195,90,105
E00007916,331,171,160
E00007917,384,193,191
E00007918,435,241,194
E00182205,136,53,83
E00182227,540,241,299
E00008444,476,248,228
E00008470,241,127,114
E00008474,375,209,166
E00008480,446,239,207
E00008489,374,179,195
E00008458,249,138,111
E00008459,279,136,143
E00008461,331,201,130
E00008472,419,218,201
E00008475,190,99,91
E00008446,445,230,215
E00008488,187,87,100
E00008490,238,117,121
E00182101,483,238,245
E00182150,232,117,115
E00182214,178,88,90
E00008477,433,225,208
E00008481,285,147,138
E00008483,389,209,180
E00008487,379,185,194
E00007839,235,127,108
E00007841,171,98,73
E00007843,284,153,131
E00007858,256,138,118
E00007867,213,117,96
E00007877,261,140,121
E00007880,158,83,75
E00007859,232,116,116
E00007861,202,105,97
E00007862,293,153,140
E00007865,272,136,136
E00007866,314,162,152
E00007869,215,113,102
E00007842,225,125,100
E00007860,277,158,119
E00007863,189,114,75
E00007870,259,142,117
E00007874,206,123,83
E00007876,270,134,136
E00007871,293,150,143
E00007872,297,143,154
E00007873,199,101,98
E00007875,221,107,114
E00176594,265,135,130
E00182058,195,102,93
E00182092,361,180,181
E00182364,153,55,98
E00008363,322,165,157
E00008380,335,183,152
E00008381,382,197,185
E00008390,385,213,172
E00008392,353,162,191
E00008368,298,163,135
E00008369,286,158,128
E00008370,377,185,192
E00008402,295,152,143
E00008403,295,147,148
E00008364,253,150,103
E00008371,258,134,124
E00008383,362,177,185
E00008386,272,139,133
E00008391,301,157,144
E00008361,245,119,126
E00008372,313,160,153
E00008374,329,187,142
E00008378,343,175,168
E00008385,331,169,162
E00008191,307,155,152
E00008215,321,187,134
E00008228,259,135,124
E00176485,372,200,172
E00176486,180,94,86
E00176487,212,102,110
E00176520,280,135,145
E00176537,282,160,122
E00176545,266,147,119
E00176578,342,194,148
E00008208,422,215,207
E00008209,341,165,176
E00008214,370,193,177
E00008216,309,160,149
E00008217,391,213,178
E00008210,316,160,156
E00008211,174,82,92
E00008212,360,195,165
E00008220,307,151,156
E00008221,418,213,205
E00008225,302,146,156
E00008213,298,154,144
E00008219,311,177,134
E00008222,182,96,86
E00008223,453,232,221
E00176496,461,226,235
E00008388,298,144,154
E00008395,350,184,166
E00008396,387,195,192
E00008400,315,168,147
E00008365,297,150,147
E00008366,275,150,125
E00008384,277,144,133
E00008393,339,157,182
E00008401,329,164,165
E00008367,283,147,136
E00008375,342,186,156
E00008376,497,206,291
E00008377,281,141,140
E00008394,332,173,159
E00008397,357,190,167
E00008398,251,142,109
E00008399,435,220,215
E00008362,308,153,155
E00008373,353,185,168
E00008379,294,139,155
E00008382,347,189,158
E00008387,251,140,111
E00008389,247,119,128
E00007840,257,124,133
E00007844,299,147,152
E00007878,346,177,169
E00007879,187,97,90
E00007882,257,130,127
E00007884,293,159,134
E00007849,271,143,128
E00007851,302,176,126
E00007853,434,232,202
E00007855,265,139,126
E00007856,260,137,123
E00007848,266,143,123
E00007850,240,115,125
E00007881,319,171,148
E00007883,236,121,115
E00007885,294,153,141
E00007886,214,102,112
E00007845,266,132,134
E00007846,228,111,117
E00007847,237,125,112
E00007852,316,172,144
E00007854,192,102,90
E00007857,263,141,122
E00008196,318,162,156
E00008197,292,148,144
E00008203,260,142,118
E00008230,312,160,152
E00008231,362,180,182
E00008232,309,149,160
E00008198,208,110,98
E00008200,286,144,142
E00008201,302,152,150
E00008226,362,192,170
E00008229,328,167,161
E00008192,361,184,177
E00008195,433,215,218
E00008199,399,192,207
E00008202,294,146,148
E00008204,237,129,108
E00008193,389,212,177
E00008194,309,158,151
E00008205,283,152,131
E00008206,313,157,156
E00008207,282,141,141
E00007975,282,152,130
E00007977,318,160,158
E00008000,325,167,158
E00008001,308,162,146
E00008005,288,146,142
E00008007,287,150,137
E00008008,364,192,172
E00008009,322,171,151
E00008013,324,168,156
E00008014,332,167,165
E00007994,292,162,130
E00007995,417,210,207
E00007996,292,150,142
E00007999,367,182,185
E00008004,394,208,186
E00007976,243,141,102
E00007993,387,184,203
E00007997,242,118,124
E00007998,283,154,129
E00008002,292,152,140
E00008010,322,155,167
E00008083,425,210,215
E00008084,339,182,157
E00008086,398,203,195
E00008089,420,214,206
E00008072,336,169,167
E00008085,268,133,135
E00008088,318,155,163
E00008090,220,109,111
E00008091,532,272,260
E00008068,348,180,168
E00008096,429,228,201
E00008100,395,212,183
E00182097,149,81,68
E00182384,486,260,226
E00008093,244,126,118
E00008094,342,184,158
E00008095,339,191,148
E00008097,385,173,212
E00008099,317,166,151
E00008064,411,211,200
E00008071,346,180,166
E00008074,409,220,189
E00008078,295,159,136
E00008082,322,163,159
E00007978,284,148,136
E00007979,325,166,159
E00007981,385,201,184
E00007982,290,160,130
E00007984,266,140,126
E00008003,269,150,119
E00008006,430,231,199
E00008011,229,129,100
E00008012,369,191,178
E00008015,313,163,150
E00007980,321,176,145
E00007983,365,176,189
E00007986,314,170,144
E00007989,229,116,113
E00007991,214,116,98
E00007974,196,79,117
E00007985,353,185,168
E00007987,364,179,185
E00007988,279,143,136
E00007990,228,121,107
E00007992,270,133,137
E00008021,378,192,186
E00008024,254,131,123
E00008033,309,159,150
E00008036,262,140,122
E00008051,302,165,137
E00008057,246,133,113
E00008050,293,142,151
E00008052,342,182,160
E00008053,287,142,145
E00008054,277,140,137
E00008055,298,148,150
E00008019,363,203,160
E00008020,317,153,164
E00008025,222,111,111
E00008027,206,98,108
E00008042,265,127,138
E00182123,181,89,92
E00182304,434,215,219
E00008030,299,156,143
E00008035,235,131,104
E00008043,324,179,145
E00008045,285,144,141
E00008046,218,110,108
E00008048,266,142,124
E00008245,277,136,141
E00008247,303,165,138
E00008250,313,170,143
E00008252,334,178,156
E00008255,362,189,173
E00008235,353,185,168
E00008238,350,186,164
E00008251,369,202,167
E00008253,291,174,117
E00008256,242,119,123
E00008236,277,126,151
E00008244,322,174,148
E00008254,271,139,132
E00008257,328,165,163
E00008258,378,198,180
E00008239,313,167,146
E00008242,350,187,163
E00008246,250,143,107
E00008248,335,173,162
E00008249,312,162,150
E00008234,365,181,184
E00008240,257,136,121
E00008241,344,186,158
E00008243,387,215,172
E00008276,311,173,138
E00008028,256,121,135
E00008037,393,207,186
E00008038,581,294,287
E00008039,370,209,161
E00008044,312,172,140
E00008016,382,223,159
E00008040,469,247,222
E00008041,324,173,151
E00008047,306,164,142
E00008049,484,254,230
E00008017,352,194,158
E00008022,380,220,160
E00008023,417,233,184
E00008026,240,133,107
E00008056,218,109,109
E00182081,872,494,378
E00007934,310,154,156
E00007935,330,172,158
E00007938,237,107,130
E00007939,302,152,150
E00007946,378,188,190
E00007936,356,173,183
E00007937,342,173,169
E00007942,356,181,175
E00007943,249,143,106
E00007948,303,143,160
E00007933,383,212,171
E00007952,281,143,138
E00007953,331,174,157
E00007956,379,195,184
E00007958,379,171,208
E00007969,373,194,179
E00007932,334,190,144
E00007965,269,135,134
E00007968,245,133,112
E00007970,321,170,151
E00007971,287,151,136
E00007972,300,160,140
E00007963,476,246,230
E00007964,269,143,126
E00007966,335,169,166
E00007967,356,183,173
E00007973,304,165,139
E00007941,323,165,158
E00007954,360,183,177
E00007955,322,170,152
E00007960,357,179,178
E00007961,315,158,157
E00007940,263,120,143
E00007944,301,165,136
E00007947,357,182,175
E00007949,312,155,157
E00007950,277,139,138
E00007945,297,136,161
E00007951,268,139,129
E00007957,368,174,194
E00007959,309,162,147
E00007962,266,128,138
E00008319,382,180,202
E00008322,369,214,155
E00008356,577,304,273
E00008357,517,263,254
E00182195,386,209,177
E00182335,264,151,113
E00008316,406,236,170
E00008320,280,158,122
E00008321,208,111,97
E00008324,265,143,122
E00008325,307,160,147
E00008359,206,113,93
E00008338,401,195,206
E00008348,494,242,252
E00008350,257,125,132
E00008353,357,179,178
E00008355,292,173,119
E00008323,272,134,138
E00008326,389,194,195
E00008327,345,180,165
E00008360,256,141,115
E00165792,330,169,161
E00008259,202,105,97
E00008260,253,126,127
E00008261,348,190,158
E00008263,248,135,113
E00008265,290,149,141
E00008262,209,110,99
E00008264,352,184,168
E00008267,379,206,173
E00008269,352,185,167
E00008270,276,145,131
E00008233,181,91,90
E00008266,308,177,131
E00008268,291,155,136
E00008271,255,132,123
E00008273,325,169,156
E00008277,295,149,146
E00008237,609,359,250
E00008272,321,152,169
E00008274,351,189,162
E00008275,336,170,166
E00182167,136,67,69
E00182288,213,123,90
E00182345,115,57,58
E00182374,560,274,286
E00182398,227,121,106
E00182180,207,110,97
E00182226,182,94,88
E00182257,238,118,120
E00182268,399,201,198
E00182281,277,131,146
E00008059,370,184,186
E00008079,594,330,264
E00008080,323,153,170
E00182197,419,237,182
E00182379,320,167,153
E00182185,294,155,139
E00182187,311,163,148
E00182245,279,146,133
E00182302,412,232,180
E00182363,305,173,132
E00008155,328,176,152
E00008158,313,171,142
E00008189,245,135,110
E00176488,302,150,152
E00176491,213,114,99
E00176497,187,94,93
E00182111,392,189,203
E00182238,606,363,243
E00182294,129,56,73
E00176489,287,152,135
E00176500,176,83,93
E00176547,177,100,77
E00176579,141,71,70
E00176590,198,89,109
E00182162,133,65,68
E00182178,321,139,182
E00182244,333,176,157
E00182141,306,169,137
E00182199,424,213,211
E00182218,110,56,54
E00182233,424,220,204
E00182250,428,254,174
E00008156,324,195,129
E00008188,290,151,139
E00176535,572,290,282
E00182362,239,116,123
E00176498,436,218,218
E00176540,284,161,123
E00176551,305,159,146
E00182261,272,160,112
E00176522,210,111,99
E00182124,451,223,228
E00182139,173,82,91
E00182276,553,295,258
E00182358,427,221,206
E00176494,127,74,53
E00176495,178,96,82
E00182120,264,133,131
E00182158,154,77,77
E00182222,251,132,119
E00182275,245,116,129
E00182305,178,85,93
E00008279,611,298,313
E00008299,423,206,217
E00008300,273,134,139
E00008301,118,48,70
E00008304,336,175,161
E00008305,315,155,160
E00008283,416,171,245
E00008294,338,162,176
E00008298,318,169,149
E00176523,218,94,124
E00176566,338,174,164
E00176591,264,143,121
E00008306,553,296,257
E00008314,331,158,173
E00176517,399,191,208
E00182083,577,306,271
E00008290,512,263,249
E00182240,351,164,187
E00182287,370,194,176
E00182359,292,165,127
E00182132,391,200,191
E00182219,178,92,86
E00182248,202,101,101
E00182368,518,271,247
E00008280,295,158,137
E00008297,499,246,253
E00008303,224,118,106
E00182377,188,92,96
E00008147,383,192,191
E00008148,373,204,169
E00008153,399,234,165
E00008186,262,142,120
E00008187,347,168,179
E00008149,390,186,204
E00008161,306,156,150
E00008164,264,135,129
E00008165,375,183,192
E00008166,208,114,94
E00008167,321,162,159
E00008159,202,108,94
E00008170,278,142,136
E00008173,222,110,112
E00008175,222,112,110
E00008176,329,175,154
E00008179,247,122,125
E00008181,233,118,115
E00008172,361,175,186
E00008177,333,155,178
E00008182,275,136,139
E00008183,288,166,122
E00008184,238,115,123
E00008185,356,189,167
E00176525,502,263,239
E00176556,276,143,133
E00008168,189,117,72
E00008169,249,129,120
E00008171,260,125,135
E00008174,292,145,147
E00008178,235,133,102
E00008180,245,120,125
E00176507,499,270,229
E00176514,424,203,221
E00176539,543,271,272
E00176511,237,101,136
E00176512,208,96,112
E00176544,197,100,97
E00176583,180,87,93
E00182148,383,197,186
E00182316,476,229,247
E00182346,182,81,101
E00182375,152,73,79
E00182376,228,101,127
E00182112,229,118,111
E00182128,441,211,230
E00182165,108,53,55
E00182289,382,196,186
E00182328,193,83,110
E00176521,542,286,256
E00182331,196,112,84
E00182334,400,205,195
E00182386,114,58,56
E00182129,353,175,178
E00182188,480,225,255
E00182311,461,237,224
E00182360,103,54,49
E00182130,152,75,77
E00182204,122,65,57
E00182252,451,234,217
E00182284,225,115,110
E00182338,319,155,164
E00008288,213,123,90
E00008291,329,179,150
E00008311,378,207,171
E00008312,269,140,129
E00182223,189,98,91
E00182224,311,165,146
E00182160,606,305,301
E00182228,316,154,162
E00182269,359,213,146
E00182333,365,169,196
E00008282,247,136,111
E00008284,266,148,118
E00008287,226,120,106
E00008296,295,157,138
E00008302,220,123,97
E00176505,286,144,142
E00182173,242,117,125
E00182215,184,85,99
E00182296,269,153,116
E00008285,570,292,278
E00008293,243,116,127
E00008307,290,155,135
E00008310,578,269,309
E00008313,303,139,164
E00176503,261,130,131
E00176519,280,137,143
E00176553,265,127,138
E00176595,261,121,140
E00182091,409,183,226
E00182154,148,72,76
E00182260,237,118,119
E00182322,349,183,166
E00182354,335,184,151
E00182169,241,116,125
E00182236,515,264,251
E00182300,407,211,196
E00182357,136,76,60
E00182201,529,296,233
E00182239,223,116,107
E00182309,112,50,62
E00182388,425,246,179
E00176504,231,106,125
E00176524,344,171,173
E00182157,262,132,130
E00182295,445,224,221
E00008492,290,154,136
E00008502,279,160,119
E00008505,274,136,138
E00008507,286,142,144
E00008508,359,176,183
E00176502,179,97,82
E00176555,304,140,164
E00176588,151,73,78
E00008514,246,119,127
E00182082,368,180,188
E00182170,173,91,82
E00182353,474,245,229
E00008509,300,160,140
E00008517,224,113,111
E00008518,366,189,177
E00008519,343,188,155
E00182134,176,86,90
E00182277,194,83,111
E00182349,334,179,155
E00008497,185,102,83
E00008498,241,119,122
E00008499,282,156,126
E00008500,230,105,125
E00008501,376,193,183
E00008503,302,155,147
E00008510,203,102,101
E00008521,142,79,63
E00008528,363,188,175
E00009023,240,114,126
E00009027,525,292,233
E00009033,463,238,225
E00009042,406,204,202
E00009012,326,154,172
E00009022,546,288,258
E00009030,476,249,227
E00009036,534,295,239
E00009034,418,213,205
E00009035,398,199,199
E00009039,236,111,125
E00176225,280,152,128
E00176296,367,169,198
E00009087,280,140,140
E00009089,295,143,152
E00009093,430,201,229
E00183868,328,170,158
E00184035,299,161,138
E00009086,334,172,162
E00009090,418,201,217
E00009091,362,178,184
E00009092,236,123,113
E00008537,267,92,175
E00008542,403,215,188
E00008543,467,244,223
E00008544,300,148,152
E00183771,255,118,137
E00183850,124,61,63
E00183993,230,127,103
E00009015,268,166,102
E00009018,161,101,60
E00009021,514,257,257
E00009037,464,266,198
E00009044,383,182,201
E00009016,471,257,214
E00009025,357,186,171
E00009029,510,306,204
E00183858,276,163,113
E00184002,341,161,180
E00008576,271,151,120
E00176228,528,273,255
E00183770,371,190,181
E00184037,124,70,54
E00184059,289,142,147
E00184097,309,151,158
E00008540,180,98,82
E00008577,308,174,134
E00008578,465,221,244
E00183749,329,176,153
E00183981,224,105,119
E00184090,205,104,101
E00009000,381,190,191
E00009003,322,165,157
E00009005,441,227,214
E00009006,362,185,177
E00008972,320,154,166
E00008974,502,278,224
E00008977,297,157,140
E00008981,260,137,123
E00008975,324,163,161
E00008978,457,248,209
E00008987,241,121,120
E00183796,222,120,102
E00184115,429,243,186
E00009031,333,166,167
E00009038,272,150,122
E00009040,478,231,247
E00009041,286,154,132
E00009043,439,235,204
E00009014,288,145,143
E00009017,350,172,178
E00009019,349,179,170
E00009024,370,176,194
E00009032,437,202,235
E00008585,280,142,138
E00008586,537,270,267
E00008587,495,248,247
E00008594,520,252,268
E00008588,246,134,112
E00008589,496,267,229
E00008591,331,195,136
E00008593,252,145,107
E00008973,447,231,216
E00009001,443,213,230
E00009002,358,185,173
E00009007,270,141,129
E00009008,232,121,111
E00009094,219,113,106
E00009096,533,269,264
E00009100,297,136,161
E00176252,243,133,110
E00176297,335,175,160
E00009085,214,105,109
E00009095,115,63,52
E00009097,424,224,200
E00009098,353,180,173
E00009099,467,238,229
E00008584,538,278,260
E00008600,482,246,236
E00008604,390,216,174
E00008605,557,270,287
E00008579,443,233,210
E00008598,386,205,181
E00008607,337,197,140
E00176256,514,268,246
E00183876,505,221,284
E00183903,187,107,80
E00184018,334,169,165
E00184053,193,88,105
E00008581,400,211,189
E00008590,537,273,264
E00008592,455,243,212
E00008596,594,289,305
E00008809,364,188,176
E00008810,468,236,232
E00008811,396,186,210
E00008813,332,174,158
E00008816,308,157,151
E00008812,325,175,150
E00008814,289,154,135
E00008817,312,173,139
E00008819,229,128,101
E00008820,367,208,159
E00008538,273,134,139
E00008545,266,132,134
E00008548,226,121,105
E00008549,328,155,173
E00008550,192,96,96
E00008539,217,116,101
E00008555,231,115,116
E00008561,234,128,106
E00176290,504,255,249
E00184032,151,79,72
E00184133,448,262,186
E00008552,261,136,125
E00008554,290,159,131
E00008557,283,155,128
E00008558,293,153,140
E00008560,329,153,176
E00008563,251,123,128
E00008565,378,199,179
E00008568,159,77,82
E00008570,310,145,165
E00008571,312,174,138
E00008572,446,221,225
E00008575,251,133,118
E00183735,397,222,175
E00183736,318,167,151
E00184139,229,118,111
E00008559,280,164,116
E00008562,252,132,120
E00008564,352,187,165
E00008566,235,136,99
E00008573,310,159,151
E00008574,277,144,133
E00008647,185,112,73
E00008652,246,136,110
E00008653,257,138,119
E00008657,173,91,82
E00008659,508,288,220
E00008662,383,224,159
E00008976,316,151,165
E00008979,431,214,217
E00008982,429,217,212
E00008985,309,167,142
E00008986,237,139,98
E00008984,437,199,238
E00008988,213,113,100
E00008989,311,166,145
E00008992,258,132,126
E00008996,205,111,94
E00008998,379,185,194
E00008983,280,143,137
E00008993,248,147,101
E00008995,290,164,126
E00008997,348,186,162
E00008999,305,177,128
E00008649,277,152,125
E00008650,332,171,161
E00008651,277,148,129
E00008654,297,163,134
E00008656,256,140,116
E00008980,361,182,179
E00008990,289,152,137
E00008991,290,136,154
E00008994,283,147,136
E00009117,366,200,166
E00009118,367,186,181
E00009144,387,215,172
E00009146,315,148,167
E00009147,321,170,151
E00009115,409,217,192
E00009116,287,138,149
E00009142,321,176,145
E00009143,436,208,228
E00009145,226,111,115
E00009119,403,212,191
E00009121,428,231,197
E00009123,379,198,181
E00009124,450,222,228
E00008801,372,185,187
E00008818,343,172,171
E00008821,314,155,159
E00008822,260,131,129
E00008824,463,233,230
E00008798,404,209,195
E00008802,261,126,135
E00008803,505,275,230
E00008827,205,78,127
E00176270,426,228,198
E00008792,460,253,207
E00008794,390,197,193
E00008808,377,209,168
E00008815,381,214,167
E00008793,348,204,144
E00008795,329,162,167
E00008799,411,230,181
E00008823,353,189,164
E00008825,275,151,124
E00008796,608,337,271
E00008807,316,174,142
E00176250,300,165,135
E00176332,183,101,82
E00008804,286,159,127
E00008806,374,204,170
E00183781,161,75,86
E00183921,249,130,119
E00183974,253,126,127
E00008967,283,152,131
E00008968,325,165,160
E00008970,287,136,151
E00008971,410,203,207
E00183945,399,205,194
E00183955,229,122,107
E00008942,486,273,213
E00008949,312,174,138
E00008952,417,248,169
E00008953,366,196,170
E00008943,562,297,265
E00008950,484,263,221
E00008951,373,198,175
E00008954,481,265,216
E00008944,534,280,254
E00008945,438,237,201
E00008956,336,182,154
E00008946,483,261,222
E00008955,340,165,175
E00008957,336,173,163
E00008958,316,169,147
E00008658,306,166,140
E00008663,295,162,133
E00008667,287,152,135
E00008670,281,153,128
E00008674,380,192,188
E00008655,278,138,140
E00008660,315,174,141
E00008661,490,235,255
E00008664,313,159,154
E00008668,371,200,171
E00008648,333,174,159
E00008665,302,153,149
E00008669,264,133,131
E00008671,318,174,144
E00008675,267,129,138
E00008677,255,128,127
E00008666,466,252,214
E00008672,315,169,146
E00008673,317,176,141
E00008678,250,130,120
E00008681,247,135,112
E00008682,385,196,189
E00008935,327,156,171
E00008936,222,119,103
E00008938,214,112,102
E00008940,212,108,104
E00183718,446,242,204
E00183857,253,135,118
E00183999,551,251,300
E00008908,414,227,187
E00008910,207,105,102
E00008911,428,238,190
E00008912,403,196,207
E00008914,155,76,79
E00008913,250,128,122
E00008916,255,136,119
E00008918,342,185,157
E00008919,295,163,132
E00008920,352,196,156
E00176229,539,287,252
E00183719,203,108,95
E00183845,327,166,161
E00184076,444,239,205
E00008676,253,134,119
E00008679,329,174,155
E00008680,331,195,136
E00008683,318,181,137
E00008684,316,156,160
E00008691,409,224,185
E00008692,446,226,220
E00008694,331,159,172
E00008695,444,252,192
E00176299,477,242,235
E00176313,223,115,108
E00009120,483,249,234
E00009122,314,177,137
E00009125,269,141,128
E00009126,245,136,109
E00009127,239,135,104
E00009130,329,178,151
E00009113,297,176,121
E00009129,342,177,165
E00009131,435,229,206
E00009132,402,201,201
E00009135,262,136,126
E00009136,377,199,178
E00009114,417,229,188
E00009128,292,171,121
E00009133,342,183,159
E00009137,317,176,141
E00176271,288,122,166
E00176298,333,181,152
E00009134,382,177,205
E00009138,339,172,167
E00009140,310,155,155
E00009141,202,113,89
E00008611,480,257,223
E00008634,349,179,170
E00008636,481,226,255
E00008641,260,138,122
E00008642,303,172,131
E00008906,299,155,144
E00008907,263,147,116
E00008930,238,137,101
E00008937,405,210,195
E00008939,388,215,173
E00008909,316,183,133
E00008915,275,160,115
E00008917,358,182,176
E00008922,321,175,146
E00008924,502,283,219
E00008921,391,204,187
E00008923,441,229,212
E00008926,349,179,170
E00008928,279,148,131
E00008712,302,154,148
E00008714,302,163,139
E00008717,469,268,201
E00008718,410,224,186
E00176258,541,271,270
E00176277,137,63,74
E00008713,454,244,210
E00008715,232,116,116
E00008716,257,143,114
E00008719,339,178,161
E00008720,404,209,195
E00008775,336,176,160
E00008776,339,171,168
E00008777,309,164,145
E00008780,273,139,134
E00008781,325,184,141
E00008778,263,139,124
E00008779,399,195,204
E00008783,468,260,208
E00008787,274,147,127
E00008791,489,231,258
E00183755,351,185,166
E00183816,368,174,194
E00008756,517,268,249
E00008757,325,172,153
E00008758,233,125,108
E00008782,214,98,116
E00008785,191,100,91
E00008786,166,92,74
E00008764,283,129,154
E00008765,467,250,217
E00008766,251,141,110
E00008789,297,139,158
E00183786,263,149,114
E00184010,255,151,104
E00008609,261,129,132
E00008621,315,165,150
E00008626,317,169,148
E00008627,288,163,125
E00008630,467,240,227
E00008633,325,174,151
E00176269,397,200,197
E00176274,295,154,141
E00008635,438,224,214
E00008637,305,153,152
E00008638,339,189,150
E00008639,386,214,172
E00008640,369,209,160
E00008760,381,205,176
E00008763,337,176,161
E00008788,386,200,186
E00008790,231,126,105
E00183894,256,143,113
E00184138,293,145,148
E00008762,341,186,155
E00008767,312,168,144
E00008768,403,216,187
E00008769,258,144,114
E00008770,358,197,161
E00009190,316,171,145
E00009195,329,176,153
E00009198,218,118,100
E00009202,147,73,74
E00009206,200,113,87
E00009191,346,176,170
E00009192,377,202,175
E00176326,609,304,305
E00009203,229,118,111
E00009205,388,151,237
E00009208,323,155,168
E00009209,338,172,166
E00009210,464,219,245
E00009217,230,117,113
E00009194,495,257,238
E00009197,441,241,200
E00009204,287,133,154
E00009207,351,177,174
E00176262,229,122,107
E00176314,394,202,192
E00176315,253,129,124
E00008612,329,168,161
E00008619,166,74,92
E00176316,249,136,113
E00176335,276,144,132
E00183715,965,535,430
E00008622,424,223,201
E00008623,319,165,154
E00008624,300,165,135
E00008646,293,145,148
E00183917,281,156,125
E00183962,393,212,181
E00184025,347,200,147
E00184033,261,130,131
E00184058,147,68,79
E00008625,370,212,158
E00008628,318,183,135
E00008629,302,166,136
E00008631,506,270,236
E00008632,407,207,200
E00008610,434,233,201
E00008613,361,202,159
E00008620,177,89,88
E00008643,279,152,127
E00008644,318,169,149
E00009179,332,192,140
E00009180,358,187,171
E00009181,370,184,186
E00009182,384,221,163
E00009183,371,197,174
E00009196,239,119,120
E00009212,272,159,113
E00009213,537,287,250
E00009214,240,127,113
E00009218,310,165,145
E00009219,245,129,116
E00008686,344,182,162
E00008704,200,97,103
E00008705,329,181,148
E00008706,228,119,109
E00008709,388,205,183
E00008771,132,75,57
E00008772,272,146,126
E00008773,236,143,93
E00008774,188,95,93
E00176300,234,129,105
E00176319,473,239,234
E00176328,235,134,101
E00009047,301,162,139
E00009049,342,188,154
E00009057,282,151,131
E00009058,265,152,113
E00009064,363,183,180
E00009051,198,96,102
E00009053,394,204,190
E00009054,309,150,159
E00009056,244,139,105
E00009067,443,224,219
E00008696,291,150,141
E00008700,240,124,116
E00008702,299,159,140
E00176272,207,114,93
E00176280,209,105,104
E00176323,148,78,70
E00176301,493,237,256
E00176324,286,150,136
E00183872,342,165,177
E00183918,308,158,150
E00009154,320,185,135
E00009155,300,158,142
E00009165,286,148,138
E00009174,251,132,119
E00009175,417,213,204
E00009176,281,147,134
E00009148,323,177,146
E00009160,330,169,161
E00009184,254,140,114
E00009185,264,147,117
E00009186,428,224,204
E00009157,261,139,122
E00009162,222,124,98
E00009163,229,122,107
E00009168,171,87,84
E00009187,201,104,97
E00009188,282,145,137
E00009199,305,169,136
E00009200,421,217,204
E00009216,381,192,189
E00009223,253,141,112
E00176268,129,72,57
E00183720,428,208,220
E00009201,222,125,97
E00009215,169,92,77
E00009221,213,109,104
E00009222,140,80,60
E00183765,188,102,86
E00183768,314,169,145
E00184081,337,167,170
E00009156,477,252,225
E00009171,212,129,83
E00009172,224,123,101
E00009177,291,145,146
E00009178,243,123,120
E00009149,329,200,129
E00009159,409,225,184
E00009164,401,205,196
E00176222,198,105,93
E00176223,410,201,209
E00183976,318,161,157
E00184120,290,140,150
E00009152,385,201,184
E00009161,227,106,121
E00009167,272,155,117
E00009170,314,185,129
E00009173,331,182,149
E00009151,425,233,192
E00009153,281,143,138
E00009158,271,150,121
E00009169,228,117,111
E00176251,443,219,224
E00176266,381,184,197
E00176304,246,111,135
E00176317,255,129,126
E00176331,239,128,111
E00183912,219,112,107
E00183916,258,120,138
E00183971,305,134,171
E00009069,270,139,131
E00009073,418,235,183
E00009076,445,219,226
E00176333,409,230,179
E00008830,220,109,111
E00008831,465,237,228
E00008838,411,199,212
E00183940,353,193,160
E00184103,339,170,169
E00008850,347,205,142
E00008851,292,146,146
E00008852,364,178,186
E00008860,402,211,191
E00176241,223,128,95
E00176242,359,176,183
E00008828,251,139,112
E00008840,362,228,134
E00008841,341,176,165
E00008844,342,182,160
E00008848,337,190,147
E00009052,377,187,190
E00009060,278,155,123
E00009066,414,235,179
E00009068,312,164,148
E00009071,389,182,207
E00009045,298,160,138
E00009070,214,113,101
E00009072,297,157,140
E00009075,329,165,164
E00009079,253,142,111
E00009046,292,155,137
E00009074,265,138,127
E00009077,481,282,199
E00009078,312,160,152
E00008729,303,169,134
E00008732,304,168,136
E00008734,264,125,139
E00008735,326,169,157
E00008737,339,176,163
E00008744,261,137,124
E00008745,420,208,212
E00008746,373,206,167
E00008747,277,143,134
E00008748,345,190,155
E00008832,397,176,221
E00008839,380,204,176
E00008842,432,207,225
E00008847,312,158,154
E00176248,277,147,130
E00176249,239,133,106
E00176306,445,206,239
E00008829,320,164,156
E00008833,339,187,152
E00008846,512,276,236
E00008849,237,124,113
E00008854,303,151,152
E00176239,464,210,254
E00176240,485,261,224
E00176253,266,136,130
E00184123,271,135,136
E00184131,356,184,172
E00008731,276,136,140
E00008739,476,235,241
E00176224,240,127,113
E00176235,457,219,238
E00176236,273,150,123
E00176234,433,220,213
E00183809,238,118,120
E00183891,265,136,129
E00184052,242,107,135
E00008740,140,83,57
E00008742,368,181,187
E00008743,392,227,165
E00176237,222,124,98
E00176238,184,83,101
E00008887,271,125,146
E00008893,205,105,100
E00008894,289,155,134
E00008895,289,139,150
E00008899,245,133,112
E00008901,304,172,132
E00008864,275,136,139
E00008875,342,170,172
E00008891,345,179,166
E00008896,252,130,122
E00183717,395,226,169
E00008885,229,118,111
E00008886,244,120,124
E00008889,562,294,268
E00008890,257,145,112
E00008892,247,137,110
E00183716,388,171,217
E00183815,263,144,119
E00183881,185,96,89
E00184084,281,143,138
E00008866,281,149,132
E00008871,361,189,172
E00183879,180,94,86
E00183929,226,107,119
E00183947,231,128,103
E00184026,256,143,113
E00008877,271,153,118
E00008879,336,162,174
E00183756,235,118,117
E00183907,271,131,140
E00184048,346,190,156
E00008941,612,338,274
E00008947,539,257,282
E00008948,424,218,206
E00008960,362,182,180
E00008963,390,208,182
E00009082,311,189,122
E00009083,464,260,204
E00009103,401,219,182
E00009106,549,299,250
E00009107,326,165,161
E00008959,496,248,248
E00176246,220,111,109
E00176292,483,253,230
E00176295,255,138,117
E00008962,425,225,200
E00008965,422,233,189
E00176254,302,154,148
E00176318,285,131,154
E00008961,509,260,249
E00176273,307,161,146
E00176294,312,161,151
E00008580,527,257,270
E00008583,422,216,206
E00008602,290,167,123
E00008606,327,174,153
E00183859,316,159,157
E00184030,205,97,108
E00184034,216,118,98
E00008597,555,277,278
E00008599,451,252,199
E00008601,483,257,226
E00008603,491,256,235
E00009084,376,218,158
E00009109,306,174,132
E00009110,309,172,137
E00009112,321,184,137
E00183757,222,124,98
E00184116,464,271,193
E00009101,294,169,125
E00009102,351,181,170
E00009104,348,179,169
E00009105,214,125,89
E00176284,216,106,110
E00176293,226,120,106
E00008721,332,181,151
E00008752,261,146,115
E00008754,345,181,164
E00176302,152,64,88
E00176303,293,153,140
E00176320,175,74,101
E00176321,161,76,85
E00176322,159,86,73
E00176330,157,70,87
E00008698,297,148,149
E00008699,370,185,185
E00176220,201,88,113
E00183952,274,129,145
E00183956,270,133,137
E00008708,333,171,162
E00176221,381,158,223
E00176287,366,164,202
E00183826,168,69,99
E00183831,306,168,138
E00183944,255,123,132
E00184027,274,142,132
E00184118,406,204,202
E00008685,331,191,140
E00008687,218,108,110
E00008689,271,149,122
E00008707,623,316,307
E00008710,284,141,143
E00008711,277,144,133
E00008723,262,135,127
E00008725,253,128,125
E00008728,238,126,112
E00183813,257,139,118
E00183996,234,124,110
E00183997,382,195,187
E00184031,284,149,135
E00184087,211,126,85
E00008722,332,165,167
E00008726,284,154,130
E00008727,269,130,139
E00008750,251,135,116
E00008753,342,172,170
E00009048,364,184,180
E00009050,291,171,120
E00009062,234,117,117
E00009063,276,147,129
E00176259,143,77,66
E00176265,166,96,70
E00176279,162,72,90
E00183733,373,200,173
E00008878,367,197,170
E00008880,304,165,139
E00008881,225,108,117
E00008882,354,171,183
E00008883,325,172,153
E00008884,237,121,116
E00008867,306,174,132
E00008868,184,88,96
E00008869,306,167,139
E00008870,331,170,161
E00008897,323,163,160
E00008898,321,173,148
E00008865,313,165,148
E00008900,544,274,270
E00008902,251,123,128
E00176263,210,88,122
E00176281,181,72,109
E00176283,199,104,95
E00176329,133,74,59
E00008872,290,153,137
E00008874,495,265,230
E00183758,238,109,129
E00184012,362,193,169
E00184080,527,300,227
E00008853,201,118,83
E00008856,317,178,139
E00008857,401,199,202
E00008858,305,165,140
E00008859,346,176,170
E00176309,205,93,112
E00176310,209,99,110
E00183774,323,156,167
E00183904,322,165,157
E00008861,429,236,193
E00176261,206,106,100
E00176278,234,113,121
E00176305,246,115,131
E00183734,332,153,179
E00008834,447,243,204
E00176260,204,88,116
E00176275,267,130,137
E00176276,129,51,78
E00176311,137,65,72
E00176312,166,61,105
E00183761,234,91,143
E00183853,289,143,146
E00009360,436,229,207
E00009376,389,211,178
E00009378,448,247,201
E00009380,336,177,159
E00009381,226,118,108
E00009363,336,174,162
E00009383,395,232,163
E00167291,204,136,68
E00167292,151,87,64
E00167294,120,67,53
E00167295,277,147,130
E00183098,891,191,700
E00009366,194,101,93
E00009368,325,175,150
E00009369,290,151,139
E00183165,277,145,132
E00183198,275,151,124
E00009361,363,202,161
E00009362,360,193,167
E00009373,346,181,165
E00009374,302,167,135
E00009377,248,136,112
E00009359,241,145,96
E00009367,260,149,111
E00009375,301,160,141
E00009384,216,129,87
E00183134,543,272,271
E00183160,136,67,69
E00009379,223,117,106
E00183142,267,135,132
E00183157,371,210,161
E00190143,240,116,124
E00009799,428,240,188
E00009801,329,172,157
E00009806,396,211,185
E00009812,320,171,149
E00183115,246,128,118
E00183216,388,199,189
E00009800,412,217,195
E00009808,273,143,130
E00009826,279,156,123
E00009829,320,158,162
E00009831,341,186,155
E00009797,345,201,144
E00009798,320,185,135
E00009827,386,197,189
E00009828,338,184,154
E00009830,336,186,150
E00009802,407,229,178
E00009805,396,226,170
E00009807,359,209,150
E00009811,412,226,186
E00009795,254,127,127
E00009814,363,193,170
E00009815,313,170,143
E00009820,270,148,122
E00009822,325,172,153
E00009794,361,212,149
E00009809,324,179,145
E00009816,293,146,147
E00009821,382,190,192
E00009825,215,104,111
E00009796,430,229,201
E00009803,492,263,229
E00009810,379,215,164
E00183184,385,218,167
E00183207,334,179,155
E00009813,309,167,142
E00009817,405,247,158
E00009818,313,179,134
E00009823,359,198,161
E00009824,408,225,183
E00009723,294,145,149
E00009736,217,103,114
E00009744,298,149,149
E00009749,204,114,90
E00167281,325,170,155
E00167282,274,145,129
E00183125,166,86,80
E00183168,331,201,130
E00183172,153,66,87
E00009738,272,144,128
E00009739,176,104,72
E00009740,290,142,148
E00009746,345,180,165
E00167283,328,167,161
E00167284,268,141,127
E00009732,355,190,165
E00009737,264,124,140
E00009741,327,172,155
E00009742,242,136,106
E00009743,256,153,103
E00009745,221,122,99
E00009733,288,131,157
E00009734,258,135,123
E00009735,213,106,107
E00009747,266,134,132
E00009751,199,117,82
E00183118,169,85,84
E00183215,484,250,234
E00009275,398,199,199
E00009279,244,121,123
E00009293,252,130,122
E00009294,253,128,125
E00009295,357,192,165
E00009309,254,131,123
E00009724,312,174,138
E00009725,297,170,127
E00009726,357,192,165
E00009727,259,134,125
E00009728,311,161,150
E00009718,354,175,179
E00009720,315,164,151
E00009722,373,186,187
E00009750,237,117,120
E00009753,288,145,143
E00009721,316,172,144
E00009748,281,143,138
E00009752,333,172,161
E00009754,250,127,123
E00009755,289,120,169
E00009756,372,204,168
E00009273,287,153,134
E00009285,234,119,115
E00009297,594,331,263
E00009298,303,160,143
E00009313,339,184,155
E00009271,261,138,123
E00009276,317,166,151
E00009280,238,120,118
E00009282,354,189,165
E00009284,210,119,91
E00009296,331,177,154
E00009274,243,124,119
E00009277,269,139,130
E00009278,356,181,175
E00009281,310,175,135
E00009283,227,118,109
E00009272,214,123,91
E00009287,296,146,150
E00009303,280,139,141
E00009306,275,146,129
E00009307,344,183,161
E00009286,325,162,163
E00009288,245,112,133
E00009289,274,141,133
E00009299,217,113,104
E00009300,218,108,110
E00009302,234,133,101
E00009229,244,128,116
E00009239,264,146,118
E00009243,134,72,62
E00009245,146,72,74
E00009258,238,132,106
E00009263,250,131,119
E00009268,143,70,73
E00009270,216,116,100
E00009230,389,209,180
E00009240,253,125,128
E00009247,256,137,119
E00009253,288,145,143
E00009269,313,171,142
E00009228,345,189,156
E00009234,280,148,132
E00009235,199,108,91
E00009236,182,100,82
E00009238,273,144,129
E00009266,252,135,117
E00009267,230,147,83
E00009227,298,163,135
E00009259,221,123,98
E00009260,236,122,114
E00009261,202,99,103
E00009262,211,105,106
E00009264,195,94,101
E00009265,181,76,105
E00009308,194,104,90
E00009310,261,139,122
E00009311,274,149,125
E00009312,311,193,118
E00009314,301,171,130
E00167285,498,265,233
E00167286,333,181,152
E00167287,215,117,98
E00167288,319,179,140
E00009291,322,166,156
E00009292,340,179,161
E00009301,295,164,131
E00009304,356,182,174
E00009305,273,143,130
E00009675,225,112,113
E00009676,333,178,155
E00009677,224,123,101
E00009678,299,154,145
E00009680,283,145,138
E00009645,364,199,165
E00009660,215,123,92
E00009664,234,118,116
E00009674,221,109,112
E00009681,159,78,81
E00167289,157,83,74
E00167290,237,117,120
E00167296,148,93,55
E00009459,239,127,112
E00009471,296,159,137
E00009472,294,150,144
E00009475,217,121,96
E00009478,193,103,90
E00009479,221,106,115
E00009468,368,180,188
E00009469,170,85,85
E00009470,264,135,129
E00009473,257,140,117
E00009474,157,81,76
E00009476,182,84,98
E00009460,245,131,114
E00009477,202,105,97
E00009480,333,183,150
E00009481,274,140,134
E00009484,246,135,111
E00009649,314,166,148
E00009655,266,135,131
E00009656,294,155,139
E00009657,205,108,97
E00009663,268,139,129
E00009232,201,103,98
E00009233,384,209,175
E00009237,274,142,132
E00009249,203,108,95
E00009250,190,108,82
E00009256,215,122,93
E00009231,212,119,93
E00009241,243,127,116
E00009244,386,206,180
E00009246,204,119,85
E00009251,290,148,142
E00009252,328,182,146
E00009242,272,150,122
E00009248,374,177,197
E00009254,374,194,180
E00009255,354,194,160
E00009257,271,141,130
E00009334,333,175,158
E00009337,261,122,139
E00009338,149,75,74
E00009339,243,135,108
E00009341,154,80,74
E00009343,211,105,106
E00009315,472,251,221
E00009320,313,168,145
E00009333,149,89,60
E00009335,250,133,117
E00009336,318,170,148
E00009646,253,140,113
E00009647,223,121,102
E00009648,471,237,234
E00009651,278,153,125
E00009659,210,108,102
E00009679,373,195,178
E00009652,198,96,102
E00009665,146,63,83
E00009666,178,94,84
E00009667,222,112,110
E00183148,358,182,176
E00183158,195,101,94
E00009644,408,204,204
E00009653,281,149,132
E00009661,225,124,101
E00009662,397,205,192
E00009669,285,154,131
E00009654,271,162,109
E00009668,300,143,157
E00009670,227,127,100
E00009671,309,160,149
E00009672,207,112,95
E00009673,181,91,90
E00009316,372,205,167
E00009342,234,129,105
E00009344,249,124,125
E00009345,171,88,83
E00009353,219,119,100
E00009355,259,143,116
E00009330,239,127,112
E00009354,623,330,293
E00167297,274,172,102
E00009321,263,126,137
E00009346,193,117,76
E00009348,237,139,98
E00009349,273,154,119
E00009351,296,159,137
E00009317,253,142,111
E00009324,300,163,137
E00009327,286,158,128
E00009328,285,162,123
E00009331,315,178,137
E00009350,248,111,137
E00009318,261,140,121
E00009325,239,131,108
E00009340,309,166,143
E00009352,212,92,120
E00009357,213,120,93
E00009358,281,145,136
E00009319,303,158,145
E00009322,216,101,115
E00009326,253,152,101
E00009329,189,99,90
E00009332,209,102,107
E00009356,192,110,82
E00009466,309,184,125
E00009467,417,195,222
E00009496,258,146,112
E00009497,264,137,127
E00009501,242,139,103
E00009465,187,105,82
E00009492,186,103,83
E00009495,213,113,100
E00009500,256,136,120
E00183126,242,135,107
E00183221,291,147,144
E00009482,222,112,110
E00009483,202,106,96
E00009485,205,104,101
E00009487,602,312,290
E00009488,151,80,71
E00183135,171,90,81
E00183143,351,183,168
E00183180,184,95,89
E00009486,464,253,211
E00009490,255,139,116
E00009491,428,218,210
E00009493,232,120,112
E00009494,220,123,97
E00009462,320,164,156
E00009463,582,317,265
E00009464,295,151,144
E00009498,169,86,83
E00009499,350,210,140
E00009435,241,131,110
E00009437,276,143,133
E00009439,391,187,204
E00009441,197,115,82
E00009443,284,146,138
E00009541,194,95,99
E00009543,173,96,77
E00009548,213,108,105
E00009551,139,67,72
E00009554,202,107,95
E00009555,246,128,118
E00009563,167,85,82
E00009545,250,121,129
E00009546,255,127,128
E00009567,250,136,114
E00009572,165,93,72
E00009578,236,124,112
E00009579,228,121,107
E00009540,177,87,90
E00009547,286,152,134
E00009549,216,94,122
E00009550,156,78,78
E00009552,257,134,123
E00009553,231,107,124
E00009557,181,102,79
E00009405,376,204,172
E00009410,191,107,84
E00009411,285,142,143
E00009414,157,81,76
E00009418,267,136,131
E00009542,203,103,100
E00009559,165,84,81
E00009562,281,134,147
E00009565,284,159,125
E00009568,215,118,97
E00009569,231,113,118
E00009538,222,116,106
E00009544,409,213,196
E00009570,318,170,148
E00009571,324,162,162
E00009575,256,136,120
E00009580,231,128,103
E00009558,347,203,144
E00009560,324,179,145
E00009564,263,133,130
E00009566,278,155,123
E00009573,274,165,109
E00009577,220,117,103
E00009539,289,151,138
E00009556,412,224,188
E00009561,157,83,74
E00009574,299,161,138
E00009576,298,168,130
E00009426,269,142,127
E00009427,370,200,170
E00009428,204,105,99
E00009431,297,157,140
E00009433,382,214,168
E00009423,329,163,166
E00009425,309,171,138
E00009434,261,144,117
E00009456,331,178,153
E00009458,228,120,108
E00009440,435,254,181
E00009444,338,152,186
E00009447,236,124,112
E00009451,315,157,158
E00009453,392,206,186
E00009436,250,143,107
E00009442,242,137,105
E00009446,254,132,122
E00009448,252,133,119
E00009450,332,165,167
E00009389,222,121,101
E00009394,186,89,97
E00009396,244,126,118
E00009407,295,157,138
E00009412,227,109,118
E00009417,295,155,140
E00009390,389,197,192
E00009392,440,232,208
E00009393,293,154,139
E00009419,457,234,223
E00009420,295,150,145
E00009391,347,203,144
E00009395,368,185,183
E00009397,329,178,151
E00009421,310,166,144
E00009422,288,152,136
E00009386,164,81,83
E00009398,363,189,174
E00009399,238,126,112
E00009402,261,129,132
E00009404,267,138,129
E00183140,160,86,74
E00183152,234,124,110
E00183185,182,108,74
E00009387,471,236,235
E00009400,320,163,157
E00009403,219,114,105
E00009406,334,167,167
E00009408,252,131,121
E00009409,203,101,102
E00009424,242,118,124
E00009429,299,143,156
E00009430,348,167,181
E00009432,344,171,173
E00009457,319,164,155
E00009445,268,160,108
E00009449,332,197,135
E00009452,295,160,135
E00009454,352,190,162
E00009455,321,172,149
E00183094,211,110,101
E00183113,264,135,129
E00183139,236,117,119
E00183220,265,136,129
E00009585,320,181,139
E00009586,294,157,137
E00009587,224,117,107
E00009588,206,90,116
E00009591,225,106,119
E00009592,226,103,123
E00009589,289,147,142
E00009590,324,190,134
E00009595,326,181,145
E00009598,295,165,130
E00009599,275,150,125
E00009593,228,122,106
E00009594,339,177,162
E00009596,292,159,133
E00009597,320,171,149
E00009604,365,187,178
E00009385,322,180,142
E00009388,245,129,116
E00009413,296,145,151
E00009415,328,168,160
E00009416,259,130,129
E00009526,353,194,159
E00009530,317,178,139
E00009531,378,196,182
E00009534,272,137,135
E00009536,332,181,151
E00009524,324,172,152
E00009527,298,163,135
E00009528,266,145,121
E00009532,194,114,80
E00009533,306,177,129
E00009535,268,152,116
E00009518,408,204,204
E00009520,396,214,182
E00009523,327,186,141
E00183101,305,150,155
E00009614,159,55,104
E00009615,275,139,136
E00009616,290,141,149
E00009618,246,129,117
E00009619,239,109,130
E00009620,240,106,134
E00009608,359,198,161
E00009617,280,135,145
E00009621,273,143,130
E00009622,273,144,129
E00009623,264,147,117
E00009626,277,146,131
E00009627,349,187,162
E00009632,341,187,154
E00009635,323,162,161
E00009641,335,170,165
E00009624,315,167,148
E00009625,350,184,166
E00009628,308,170,138
E00009629,322,172,150
E00009631,222,117,105
E00009630,306,162,144
E00009633,302,176,126
E00009634,283,143,140
E00009636,298,156,142
E00009638,357,192,165
E00009757,247,131,116
E00009768,317,174,143
E00009771,227,127,100
E00009773,272,143,129
E00009776,359,212,147
E00009780,260,136,124
E00009781,225,121,104
E00009783,342,175,167
E00009784,181,109,72
E00009786,206,118,88
E00167278,205,113,92
E00167279,242,125,117
E00167280,213,111,102
E00009770,189,108,81
E00009774,330,184,146
E00009775,264,142,122
E00009779,391,204,187
E00009782,302,165,137
E00009766,298,150,148
E00009767,313,176,137
E00009769,301,166,135
E00009777,309,175,134
E00009778,267,140,127
E00009758,284,159,125
E00009760,249,133,116
E00009787,247,139,108
E00009788,393,219,174
E00009789,342,192,150
E00009759,312,181,131
E00009763,380,213,167
E00009764,249,134,115
E00009765,266,141,125
E00009772,259,147,112
E00009504,291,143,148
E00009521,430,216,214
E00009522,296,161,135
E00009525,236,124,112
E00009529,365,196,169
E00009502,353,202,151
E00009503,371,224,147
E00009506,308,169,139
E00009509,380,206,174
E00009537,246,140,106
E00009505,251,149,102
E00009507,300,177,123
E00009508,267,139,128
E00009510,314,169,145
E00009512,323,192,131
E00009511,269,144,125
E00009513,221,117,104
E00009514,172,91,81
E00009515,288,160,128
E00009516,297,159,138
E00009684,289,152,137
E00009702,256,154,102
E00009705,273,156,117
E00009706,296,169,127
E00009708,218,124,94
E00009709,233,125,108
E00009711,270,158,112
E00009716,201,100,101
E00009685,270,157,113
E00009714,334,183,151
E00167267,288,165,123
E00183151,383,189,194
E00183187,309,176,133
E00167268,325,174,151
E00167269,287,161,126
E00167270,114,66,48
E00167271,276,136,140
E00167277,198,108,90
E00009686,219,121,98
E00009713,206,107,99
E00167272,323,197,126
E00167273,193,99,94
E00167274,186,94,92
E00009699,184,101,83
E00009700,498,258,240
E00183109,344,188,156
E00183144,284,146,138
E00183182,182,96,86
E00183211,276,149,127
E00009701,397,213,184
E00009703,281,144,137
E00009707,291,160,131
E00167276,366,191,175
E00183116,221,125,96
E00009600,225,129,96
E00009601,401,212,189
E00009602,311,166,145
E00009603,267,138,129
E00009605,245,127,118
E00009581,161,96,65
E00009582,182,99,83
E00009583,179,101,78
E00009584,129,68,61
E00009606,293,155,138
E00009607,280,156,124
E00009609,274,148,126
E00009610,266,150,116
E00009612,305,158,147
E00009613,245,136,109
E00009642,266,133,133
E00009761,335,193,142
E00009762,244,145,99
E00009790,275,124,151
E00009791,204,110,94
E00009792,300,176,124
E00009793,288,157,131
E00009611,276,143,133
E00009637,315,172,143
E00009639,301,158,143
E00009640,304,160,144
E00009643,380,195,185
E00009690,348,190,158
E00009692,332,174,158
E00009696,574,318,256
E00009698,354,190,164
E00009717,351,192,159
E00009683,261,130,131
E00009688,342,175,167
E00009689,271,150,121
E00009691,326,166,160
E00009710,266,150,116
E00009712,322,173,149
E00009687,287,152,135
E00009693,314,164,150
E00009694,435,241,194
E00009695,281,144,137
E00009697,258,135,123
E00009868,284,140,144
E00009869,369,192,177
E00009870,258,143,115
E00009879,267,146,121
E00009902,490,200,290
E00009903,299,158,141
E00009871,376,196,180
E00009874,261,138,123
E00009882,283,150,133
E00009884,407,194,213
E00009885,282,156,126
E00009888,297,161,136
E00009867,528,260,268
E00009876,429,222,207
E00009880,255,135,120
E00009892,282,153,129
E00009894,308,164,144
E00009901,408,219,189
E00009893,386,199,187
E00009895,318,162,156
E00009898,318,165,153
E00009899,308,157,151
E00009900,492,253,239
E00010216,376,198,178
E00010233,354,202,152
E00010248,433,228,205
E00010249,438,228,210
E00010250,265,134,131
E00010214,335,159,176
E00010217,424,215,209
E00010220,359,194,165
E00010221,322,176,146
E00010245,277,140,137
E00010223,341,191,150
E00010224,300,150,150
E00010228,282,145,137
E00010229,323,184,139
E00010231,427,215,212
E00010234,362,182,180
E00010237,517,250,267
E00010239,375,205,170
E00010240,338,191,147
E00010242,293,148,145
E00010243,380,191,189
E00009840,369,190,179
E00009843,372,190,182
E00009863,352,190,162
E00009864,357,184,173
E00009865,373,198,175
E00009872,348,192,156
E00009877,573,306,267
E00009878,278,155,123
E00009881,329,175,154
E00009905,378,206,172
E00009873,358,199,159
E00009883,318,157,161
E00009886,223,128,95
E00009887,302,159,143
E00009889,286,155,131
E00009890,225,104,121
E00009875,394,187,207
E00009896,464,260,204
E00009897,308,162,146
E00009904,377,193,184
E00170302,287,165,122
E00170303,415,216,199
E00170304,303,151,152
E00010511,553,298,255
E00010512,374,196,178
E00010515,461,242,219
E00010516,349,176,173
E00010519,338,181,157
E00010520,406,209,197
E00010521,386,197,189
E00010524,344,172,172
E00010527,367,188,179
E00010498,417,228,189
E00010526,479,248,231
E00010529,373,207,166
E00010530,421,217,204
E00010497,309,165,144
E00010504,348,176,172
E00010505,296,156,140
E00010507,350,196,154
E00010510,293,159,134
E00010513,357,203,154
E00010514,368,187,181
E00010517,321,182,139
E00010523,362,197,165
E00010525,435,222,213
E00010495,345,183,162
E00010501,341,185,156
E00010518,291,155,136
E00010522,403,222,181
E00010528,217,112,105
E00010496,355,193,162
E00010499,398,220,178
E00010500,336,181,155
E00010508,354,191,163
E00010494,315,172,143
E00010502,300,165,135
E00010503,334,167,167
E00010506,303,183,120
E00010509,336,195,141
E00010531,380,194,186
E00010560,254,134,120
E00010561,295,150,145
E00010565,273,137,136
E00010567,327,149,178
E00010536,333,165,168
E00010537,360,176,184
E00010538,422,229,193
E00010539,425,194,231
E00010540,441,222,219
E00010535,350,184,166
E00010541,491,300,191
E00010542,311,163,148
E00010543,403,221,182
E00010546,368,192,176
E00010532,313,144,169
E00010548,390,201,189
E00010549,375,183,192
E00010564,321,162,159
E00010566,322,167,155
E00010568,353,187,166
E00010550,408,218,190
E00010552,406,222,184
E00010554,318,167,151
E00010558,495,257,238
E00010563,394,199,195
E00010533,491,238,253
E00010551,406,222,184
E00010559,517,290,227
E00010562,371,176,195
E00010545,468,243,225
E00010547,450,216,234
E00010553,555,280,275
E00010555,379,201,178
E00010534,362,212,150
E00010544,411,200,211
E00010556,422,202,220
E00010557,257,133,124
E00009844,400,200,200
E00009846,375,199,176
E00009850,302,161,141
E00009855,372,192,180
E00009866,351,177,174
E00009835,382,194,188
E00009842,374,206,168
E00009845,322,163,159
E00009853,240,121,119
E00009856,310,165,145
E00009837,220,124,96
E00009838,373,190,183
E00009839,305,176,129
E00009841,369,189,180
E00009847,370,194,176
E00009849,339,174,165
E00009851,398,212,186
E00009852,327,155,172
E00009857,345,183,162
E00010182,343,192,151
E00010183,345,164,181
E00010185,354,175,179
E00010212,390,217,173
E00010184,354,165,189
E00010199,296,153,143
E00010201,354,191,163
E00010202,347,176,171
E00010210,310,180,130
E00010177,272,146,126
E00010196,420,200,220
E00010197,308,178,130
E00010198,289,142,147
E00010206,268,151,117
E00010207,288,164,124
E00010200,441,222,219
E00010205,371,201,170
E00010208,316,169,147
E00010209,318,171,147
E00010211,356,199,157
E00009932,403,195,208
E00009933,298,138,160
E00009934,378,188,190
E00009937,450,221,229
E00009942,338,180,158
E00009929,280,133,147
E00009930,338,183,155
E00009931,250,146,104
E00009935,293,145,148
E00009938,354,178,176
E00009907,403,219,184
E00009908,313,141,172
E00009927,483,255,228
E00009928,454,195,259
E00009936,274,135,139
E00009915,559,303,256
E00009924,377,210,167
E00009939,601,312,289
E00009940,415,223,192
E00009944,339,165,174
E00010423,368,195,173
E00010424,388,209,179
E00010426,255,130,125
E00010428,458,243,215
E00010429,521,261,260
E00010433,257,130,127
E00010436,548,280,268
E00010444,382,197,185
E00010446,293,157,136
E00010449,361,192,169
E00178935,276,137,139
E00178972,411,212,199
E00010438,559,324,235
E00010442,442,218,224
E00010443,388,208,180
E00010445,420,198,222
E00010451,282,159,123
E00010452,475,244,231
E00010453,325,175,150
E00010454,327,176,151
E00010455,517,295,222
E00010458,356,188,168
E00010465,327,181,146
E00010467,403,210,193
E00010469,331,185,146
E00010483,464,251,213
E00010485,340,178,162
E00010492,307,159,148
E00178903,386,194,192
E00010456,399,215,184
E00010464,412,199,213
E00010466,316,178,138
E00010471,296,149,147
E00010476,377,180,197
E00010468,324,156,168
E00010470,372,212,160
E00010472,219,123,96
E00010473,196,108,88
E00010475,231,129,102
E00009833,278,140,138
E00009854,327,167,160
E00009860,351,190,161
E00009861,234,122,112
E00009862,302,175,127
E00009832,285,147,138
E00009834,268,141,127
E00009836,244,123,121
E00009848,326,174,152
E00009858,225,115,110
E00009859,299,151,148
E00009992,388,184,204
E00010002,246,125,121
E00010023,227,116,111
E00010024,333,163,170
E00178901,297,164,133
E00009995,337,159,178
E00009997,313,166,147
E00009998,377,195,182
E00010001,270,154,116
E00010026,484,303,181
E00010422,311,167,144
E00010427,375,180,195
E00010430,377,193,184
E00010439,265,129,136
E00178931,123,65,58
E00179013,525,269,256
E00010431,323,182,141
E00010435,366,201,165
E00010437,374,189,185
E00010440,405,208,197
E00010441,389,193,196
E00010416,301,150,151
E00010417,327,174,153
E00010418,328,178,150
E00010419,352,191,161
E00010420,353,183,170
E00010421,412,214,198
E00010434,479,220,259
E00010448,412,212,200
E00178959,476,247,229
E00178981,285,129,156
E00179033,146,67,79
E00179045,380,178,202
E00179052,366,173,193
E00179057,449,193,256
E00010415,377,190,187
E00178911,318,168,150
E00178949,612,411,201
E00178992,317,167,150
E00179018,532,280,252
E00179023,237,120,117
E00179026,137,71,66
E00010176,298,144,154
E00010179,254,140,114
E00010181,290,142,148
E00010186,298,144,154
E00178964,298,157,141
E00179031,342,183,159
E00010178,299,140,159
E00010180,356,191,165
E00010204,581,311,270
E00178950,349,163,186
E00179027,524,241,283
E00010187,391,207,184
E00010189,338,178,160
E00010192,507,264,243
E00010193,328,160,168
E00010188,308,161,147
E00010190,331,175,156
E00010191,323,154,169
E00010194,584,285,299
E00010195,323,181,142
E00009996,250,135,115
E00009999,182,87,95
E00010000,266,151,115
E00010004,348,180,168
E00010005,349,199,150
E00010007,266,144,122
E00009991,262,127,135
E00009993,359,185,174
E00009994,380,198,182
E00010003,238,129,109
E00010009,242,123,119
E00010010,270,133,137
E00009990,252,124,128
E00010006,319,168,151
E00010008,417,209,208
E00010011,311,165,146
E00010012,371,192,179
E00009988,404,218,186
E00010019,338,187,151
E00010021,259,141,118
E00010022,373,195,178
E00170306,292,180,112
E00170309,332,175,157
E00170310,280,144,136
E00170311,407,212,195
E00009910,405,173,232
E00009914,317,140,177
E00009920,329,170,159
E00009941,342,178,164
E00009943,423,210,213
E00009909,582,306,276
E00009913,374,212,162
E00009922,422,216,206
E00009926,425,210,215
E00009906,356,178,178
E00009912,285,140,145
E00009919,406,203,203
E00009921,373,182,191
E00009923,380,187,193
E00009911,302,163,139
E00009916,386,192,194
E00009917,343,179,164
E00009918,305,155,150
E00009925,325,167,158
E00010457,278,158,120
E00010474,348,172,176
E00010480,363,184,179
E00010482,402,217,185
E00010461,412,235,177
E00010479,362,182,180
E00010481,334,181,153
E00010487,306,157,149
E00010488,350,187,163
E00010459,464,230,234
E00010484,369,184,185
E00010486,438,217,221
E00010490,301,155,146
E00010491,604,330,274
E00010460,431,217,214
E00010462,396,185,211
E00010463,443,245,198
E00010489,361,183,178
E00010493,282,133,149
E00010127,236,119,117
E00010128,413,199,214
E00010131,287,152,135
E00010132,309,164,145
E00010133,266,132,134
E00010134,223,105,118
E00010108,225,118,107
E00010135,252,124,128
E00010136,281,142,139
E00010137,302,165,137
E00010139,365,198,167
E00010114,238,119,119
E00010116,255,155,100
E00010117,285,170,115
E00010118,256,142,114
E00010123,341,176,165
E00010115,258,146,112
E00010119,322,181,141
E00010120,245,127,118
E00010124,365,207,158
E00170298,251,131,120
E00170312,318,152,166
E00170313,239,116,123
E00170322,376,195,181
E00179016,187,90,97
E00170314,362,167,195
E00170316,279,136,143
E00178944,180,102,78
E00178973,364,183,181
E00179063,173,87,86
E00010141,283,157,126
E00010145,229,113,116
E00010149,280,146,134
E00010153,242,119,123
E00010155,236,120,116
E00010173,278,141,137
E00010142,379,198,181
E00010150,396,207,189
E00010154,257,134,123
E00010165,309,135,174
E00010174,316,163,153
E00178987,231,145,86
E00179029,276,136,140
E00010140,337,169,168
E00010143,271,140,131
E00010146,255,155,100
E00010160,231,115,116
E00010161,272,137,135
E00010164,318,165,153
E00010166,270,133,137
E00010167,293,136,157
E00010168,268,130,138
E00010171,325,165,160
E00010121,263,149,114
E00010122,265,144,121
E00010125,303,171,132
E00010126,270,131,139
E00010130,261,132,129
E00010156,293,158,135
E00010157,310,155,155
E00010162,429,228,201
E00010163,336,176,160
E00010144,275,143,132
E00010147,282,142,140
E00010148,182,100,82
E00010152,339,165,174
E00010159,350,179,171
E00010158,381,207,174
E00010169,346,174,172
E00010170,204,107,97
E00010172,340,183,157
E00010032,309,164,145
E00010033,404,218,186
E00010035,416,203,213
E00010038,374,182,192
E00010041,431,222,209
E00010047,329,170,159
E00010049,510,266,244
E00010052,339,179,160
E00010055,593,289,304
E00178990,542,259,283
E00179042,123,57,66
E00010027,478,232,246
E00010036,344,160,184
E00010039,339,175,164
E00178948,330,165,165
E00178975,291,154,137
E00178996,483,239,244
E00178999,293,167,126
E00010037,391,198,193
E00010042,426,238,188
E00010043,317,160,157
E00010044,347,179,168
E00010045,334,156,178
E00010380,420,205,215
E00010406,352,183,169
E00010409,483,255,228
E00010410,245,112,133
E00010413,242,133,109
E00010374,432,216,216
E00010375,362,202,160
E00010382,310,162,148
E00010385,274,139,135
E00010386,402,204,198
E00010407,270,148,122
E00010389,370,189,181
E00010391,390,206,184
E00010399,390,185,205
E00178917,361,180,181
E00178932,140,71,69
E00178940,302,166,136
E00178980,279,155,124
E00179017,321,176,145
E00010390,340,172,168
E00010395,371,193,178
E00010396,273,134,139
E00010401,305,172,133
E00010402,356,179,177
E00010378,276,155,121
E00010383,432,236,196
E00010404,363,200,163
E00170305,331,181,150
E00170319,367,195,172
E00178951,533,200,333
E00179024,313,134,179
E00010373,305,171,134
E00010376,497,255,242
E00010377,452,242,210
E00010381,297,155,142
E00010412,381,182,199
E00010414,312,151,161
E00010379,293,169,124
E00010387,409,223,186
E00010388,504,266,238
E00010392,303,179,124
E00010393,275,143,132
E00010394,486,258,228
E00010397,287,144,143
E00010398,288,148,140
E00010400,399,227,172
E00010403,419,211,208
E00010258,286,142,144
E00010266,400,203,197
E00010269,339,168,171
E00010290,362,191,171
E00010292,419,218,201
E00010256,385,204,181
E00010257,306,165,141
E00010265,419,226,193
E00010267,285,151,134
E00170317,375,198,177
E00170318,363,180,183
E00010264,256,130,126
E00010273,273,139,134
E00010274,338,191,147
E00010275,314,160,154
E00010276,438,219,219
E00010254,462,226,236
E00010262,374,189,185
E00010263,417,207,210
E00010288,286,164,122
E00010291,360,189,171
E00010268,387,184,203
E00010270,403,198,205
E00010271,338,163,175
E00010279,439,225,214
E00010272,356,173,183
E00010277,251,142,109
E00010278,424,220,204
E00010280,370,194,176
E00010281,378,185,193
E00010282,364,184,180
E00010283,312,180,132
E00010284,313,167,146
E00010285,360,178,182
E00010286,307,162,145
E00010259,386,191,195
E00010260,311,154,157
E00010261,341,161,180
E00010287,437,215,222
E00010289,430,220,210
E00010104,427,239,188
E00010105,419,237,182
E00010106,478,253,225
E00010107,288,165,123
E00010109,303,178,125
E00010103,299,150,149
E00010110,394,184,210
E00010111,297,157,140
E00010112,263,138,125
E00010138,316,160,156
E00010339,321,178,143
E00010343,299,176,123
E00010344,272,156,116
E00010371,356,179,177
E00010372,313,171,142
E00010334,290,156,134
E00010338,401,237,164
E00010340,293,159,134
E00010341,386,212,174
E00010342,338,185,153
E00010301,506,250,256
E00010303,566,278,288
E00010330,499,265,234
E00010332,417,206,211
E00010296,412,207,205
E00010300,337,169,168
E00010304,407,193,214
E00010309,312,135,177
E00010331,402,200,202
E00010299,546,263,283
E00010320,596,285,311
E00010329,554,274,280
E00010333,511,261,250
E00010293,364,172,192
E00010317,490,242,248
E00010324,474,234,240
E00178934,319,156,163
E00179022,454,232,222
E00010013,333,167,166
E00010014,225,104,121
E00010015,257,141,116
E00010016,329,171,158
E00010017,306,157,149
E00010018,359,182,177
E00010064,384,196,188
E00010067,234,120,114
E00010078,243,131,112
E00010084,284,139,145
E00010089,198,117,81
E00010072,290,164,126
E00010073,227,129,98
E00010079,281,137,144
E00010093,287,150,137
E00010100,284,154,130
E00010102,225,137,88
E00010069,181,92,89
E00010070,378,196,182
E00010071,312,158,154
E00010077,271,145,126
E00010099,286,156,130
E00010101,323,166,157
E00010046,279,129,150
E00010048,320,152,168
E00010050,268,137,131
E00010051,248,128,120
E00010053,266,141,125
E00010054,376,186,190
E00010056,422,209,213
E00010057,292,158,134
E00010059,298,154,144
E00010061,283,157,126
E00010062,302,157,145
E00010029,274,134,140
E00010030,318,154,164
E00010058,299,137,162
E00010060,448,211,237
E00178902,352,155,197
E00010319,338,185,153
E00010326,488,240,248
E00010327,351,187,164
E00010328,400,217,183
E00010298,406,209,197
E00010313,380,194,186
E00010316,443,230,213
E00010321,373,199,174
E00010322,422,221,201
E00010295,359,193,166
E00010297,349,197,152
E00010302,304,163,141
E00010305,366,187,179
E00010306,317,168,149
E00010308,421,220,201
E00010312,449,232,217
E00010314,238,129,109
E00010315,329,162,167
E00010325,304,147,157
E00178947,472,220,252
E00178963,466,209,257
E00179011,243,124,119
E00010294,440,220,220
E00010310,450,215,235
E00010311,579,292,287
E00010318,323,166,157
E00009950,265,145,120
E00009973,208,103,105
E00009978,284,141,143
E00009979,218,121,97
E00009982,260,132,128
E00178979,100,54,46
E00178985,413,232,181
E00009952,311,165,146
E00009958,299,171,128
E00009959,252,134,118
E00009960,283,137,146
E00009965,260,133,127
E00009969,216,105,111
E00009948,266,126,140
E00009949,306,143,163
E00009955,216,107,109
E00009964,245,122,123
E00009968,216,101,115
E00009971,208,109,99
E00009974,249,126,123
E00009951,227,114,113
E00009954,373,207,166
E00009963,242,140,102
E00009983,247,119,128
E00009986,327,167,160
E00009987,302,165,137
E00009957,308,154,154
E00009961,249,133,116
E00009962,342,164,178
E00009970,328,160,168
E00009972,339,170,169
E00009946,328,172,156
E00009947,295,172,123
E00009967,268,141,127
E00009975,259,140,119
E00009976,266,147,119
E00009980,252,128,124
E00009945,293,142,151
E00009953,232,121,111
E00009956,303,175,128
E00009984,281,150,131
E00009985,296,156,140
E00170297,311,165,146
E00170320,234,119,115
E00010349,297,156,141
E00010350,324,165,159
E00010351,295,151,144
E00010355,236,122,114
E00010357,301,160,141
E00010358,287,147,140
E00010066,253,127,126
E00010074,248,128,120
E00010082,264,134,130
E00010086,213,119,94
E00010088,215,113,102
E00010092,264,142,122
E00010080,208,113,95
E00010083,254,128,126
E00010087,228,120,108
E00010091,265,129,136
E00010094,233,124,109
E00010095,348,183,165
E00010065,327,176,151
E00010075,249,135,114
E00010076,289,144,145
E00010081,196,107,89
E00170300,232,124,108
E00170321,143,83,60
E00010068,297,154,143
E00010085,322,159,163
E00010090,175,96,79
E00010096,272,133,139
E00010097,205,113,92
E00010098,142,76,66
E00010345,319,160,159
E00010346,309,146,163
E00010347,251,112,139
E00010348,229,123,106
E00010352,250,112,138
E00010354,188,92,96
E00010335,244,132,112
E00010353,238,137,101
E00010356,230,120,110
E00010359,261,134,127
E00010360,269,149,120
E00010363,258,144,114
E00010336,317,178,139
E00010361,334,173,161
E00010364,301,164,137
E00010365,272,146,126
E00010369,252,139,113
E00010337,273,141,132
E00010362,258,124,134
E00010366,243,137,106
E00010367,291,136,155
E00010368,273,129,144
E00010370,259,136,123
E00010213,290,171,119
E00010218,417,217,200
E00010222,281,154,127
E00010247,383,207,176
E00010253,300,156,144
E00178912,186,103,83
E00178998,203,120,83
E00179015,431,232,199
E00010219,378,191,187
E00010227,558,269,289
E00010235,335,180,155
E00010238,271,136,135
E00010244,253,127,126
E00010225,230,115,115
E00010230,337,179,158
E00010232,326,175,151
E00010236,504,242,262
E00010241,472,241,231
E00010226,399,219,180
E00010252,606,313,293
E00165800,437,246,191
E00170323,301,176,125
E00170324,391,202,189
E00010623,419,230,189
E00010624,288,145,143
E00010625,295,145,150
E00010629,355,184,171
E00171094,316,158,158
E00171096,321,167,154
E00010598,193,110,83
E00010600,366,197,169
E00010603,280,153,127
E00010611,290,159,131
E00010626,279,153,126
E00171093,451,234,217
E00171111,246,130,116
E00171116,124,64,60
E00011116,318,176,142
E00011126,598,342,256
E00011128,256,139,117
E00011129,303,169,134
E00011132,278,149,129
E00011127,395,206,189
E00011130,391,201,190
E00011131,339,183,156
E00011133,376,194,182
E00011136,259,154,105
E00171097,350,203,147
E00171099,237,119,118
E00171127,277,149,128
E00010601,350,183,167
E00010602,268,126,142
E00010609,342,175,167
E00010627,377,193,184
E00010628,224,113,111
E00010597,353,177,176
E00010599,401,198,203
E00010606,339,185,154
E00010607,371,183,188
E00010596,249,135,114
E00010604,331,178,153
E00010605,348,188,160
E00010608,317,155,162
E00010610,345,184,161
E00010613,375,174,201
E00010614,469,244,225
E00010615,297,155,142
E00010618,360,190,170
E00010619,380,184,196
E00010612,410,205,205
E00010616,409,225,184
E00010617,445,236,209
E00171089,333,162,171
E00184440,401,207,194
E00184402,250,135,115
E00184403,153,79,74
E00184407,181,92,89
E00184451,502,260,242
E00184501,268,141,127
E00011113,414,219,195
E00011134,368,192,176
E00011137,439,222,217
E00011142,329,187,142
E00184450,494,266,228
E00184506,226,132,94
E00011114,338,184,154
E00011117,335,168,167
E00171114,403,196,207
E00171119,407,203,204
E00184406,143,79,64
E00184470,625,348,277
E00011118,319,180,139
E00011122,206,107,99
E00011124,296,145,151
E00011139,334,177,157
E00011140,326,172,154
E00011141,345,186,159
E00011115,403,199,204
E00011119,336,171,165
E00011121,303,157,146
E00011123,395,202,193
E00011125,402,197,205
E00010730,389,196,193
E00010743,134,66,68
E00010744,374,190,184
E00010748,380,189,191
E00010751,346,169,177
E00010776,362,192,170
E00010778,356,191,165
E00010780,412,205,207
E00010784,329,180,149
E00010761,326,176,150
E00010777,364,190,174
E00010779,314,164,150
E00010781,352,184,168
E00010764,358,174,184
E00010786,306,151,155
E00010789,322,168,154
E00010790,332,173,159
E00010732,356,172,184
E00010739,391,193,198
E00010753,382,202,180
E00010758,301,161,140
E00010759,364,191,173
E00010727,406,207,199
E00010729,364,207,157
E00010733,333,170,163
E00010738,331,171,160
E00010755,361,186,175
E00010728,361,186,175
E00010736,425,211,214
E00010746,380,201,179
E00010749,402,191,211
E00010756,287,152,135
E00010734,419,213,206
E00010740,391,196,195
E00010741,427,220,207
E00010742,393,196,197
E00010731,304,164,140
E00010745,428,234,194
E00010747,279,141,138
E00010750,431,225,206
E00010752,242,131,111
E00010735,406,212,194
E00010737,293,158,135
E00010754,437,237,200
E00010757,368,201,167
E00010763,355,172,183
E00010768,435,214,221
E00010782,320,160,160
E00010783,356,184,172
E00010762,411,223,188
E00010765,256,135,121
E00010766,520,269,251
E00010770,351,181,170
E00010785,555,361,194
E00010788,307,177,130
E00010772,460,244,216
E00010773,378,213,165
E00010775,372,199,173
E00010787,356,183,173
E00010760,290,164,126
E00010767,257,145,112
E00010769,408,204,204
E00010771,319,169,150
E00010774,342,175,167
E00010647,591,300,291
E00010651,570,316,254
E00010656,412,196,216
E00184411,348,181,167
E00184446,369,175,194
E00184488,217,106,111
E00010649,238,144,94
E00010650,282,138,144
E00010653,401,197,204
E00010654,440,232,208
E00010632,471,233,238
E00010633,445,211,234
E00010638,395,191,204
E00010652,506,258,248
E00010635,511,252,259
E00010640,417,194,223
E00010655,492,258,234
E00010657,439,221,218
E00010630,469,233,236
E00010634,419,202,217
E00010636,424,203,221
E00010639,402,204,198
E00010569,384,192,192
E00010573,491,250,241
E00010576,296,149,147
E00010581,427,222,205
E00010584,428,219,209
E00010571,475,228,247
E00010577,422,218,204
E00010578,447,232,215
E00010589,498,258,240
E00010575,405,214,191
E00010590,391,199,192
E00010591,333,173,160
E00010592,388,204,184
E00010593,350,176,174
E00010574,386,196,190
E00010587,417,210,207
E00010594,401,206,195
E00010595,461,222,239
E00010570,341,181,160
E00010572,410,208,202
E00010579,511,252,259
E00010580,423,209,214
E00010582,515,242,273
E00010954,395,218,177
E00010955,446,229,217
E00010958,342,171,171
E00010960,270,141,129
E00010961,407,211,196
E00010931,345,170,175
E00010934,355,183,172
E00010935,257,130,127
E00010937,295,156,139
E00010938,348,177,171
E00010956,337,172,165
E00010940,326,179,147
E00010949,329,172,157
E00010950,336,175,161
E00010952,307,157,150
E00010953,355,194,161
E00010962,324,164,160
E00010932,336,184,152
E00010945,352,184,168
E00010946,354,179,175
E00010947,334,167,167
E00010948,331,171,160
E00010631,487,246,241
E00010637,440,227,213
E00010642,422,210,212
E00010643,441,225,216
E00010641,457,216,241
E00010644,437,215,222
E00010645,508,221,287
E00010646,567,278,289
E00011001,485,234,251
E00011005,414,202,212
E00011006,469,237,232
E00011012,447,224,223
E00010993,401,200,201
E00010997,411,193,218
E00011007,511,235,276
E00184522,476,182,294
E00184533,403,142,261
E00010996,529,248,281
E00010999,389,189,200
E00011018,353,180,173
E00011019,540,260,280
E00011150,519,265,254
E00011151,367,177,190
E00011153,444,228,216
E00011156,415,199,216
E00011171,411,205,206
E00011144,448,234,214
E00011148,431,210,221
E00011159,506,262,244
E00011165,605,302,303
E00011167,434,241,193
E00011158,405,206,199
E00011161,451,222,229
E00011163,476,224,252
E00184467,130,74,56
E00184536,500,280,220
E00011145,418,199,219
E00011146,333,196,137
E00011152,440,218,222
E00011154,416,200,216
E00011166,273,145,128
E00011164,374,200,174
E00011168,423,216,207
E00011169,514,256,258
E00184494,496,258,238
E00184532,520,276,244
E00010583,414,205,209
E00010585,504,256,248
E00010586,450,217,233
E00010588,452,227,225
E00010994,430,225,205
E00011008,508,257,251
E00011009,479,240,239
E00011013,475,237,238
E00011016,533,255,278
E00011017,560,289,271
E00010998,381,196,185
E00011002,396,197,199
E00011003,509,251,258
E00011011,427,204,223
E00011000,367,193,174
E00011004,549,258,291
E00011010,423,203,220
E00011014,491,242,249
E00011015,365,183,182
E00010902,394,198,196
E00010907,431,215,216
E00010930,403,221,182
E00184389,375,189,186
E00184426,447,217,230
E00184429,259,131,128
E00184469,327,178,149
E00010923,433,207,226
E00010925,526,292,234
E00010926,503,245,258
E00171113,289,142,147
E00171117,357,173,184
E00010903,322,160,162
E00010912,467,217,250
E00010922,276,137,139
E00010927,400,196,204
E00010928,461,229,232
E00011147,397,202,195
E00011149,418,204,214
E00011155,467,227,240
E00011157,367,183,184
E00011170,405,207,198
E00184432,373,187,186
E00184452,179,95,84
E00184490,495,226,269
E00184491,510,267,243
E00184529,248,104,144
E00010908,292,153,139
E00010909,571,329,242
E00184442,382,193,189
E00010793,412,217,195
E00010794,426,203,223
E00010817,343,176,167
E00010818,388,200,188
E00010819,410,207,203
E00010842,418,225,193
E00010844,349,180,169
E00010846,367,185,182
E00010847,383,189,194
E00010821,409,199,210
E00010825,421,200,221
E00010843,391,202,189
E00010845,431,214,217
E00010791,399,202,197
E00010809,306,155,151
E00010813,277,145,132
E00010814,506,264,242
E00010811,356,168,188
E00184431,354,178,176
E00184483,377,182,195
E00184492,476,232,244
E00010933,389,196,193
E00010939,289,161,128
E00010951,231,123,108
E00010957,393,207,186
E00010959,304,154,150
E00010936,335,174,161
E00010941,270,140,130
E00010942,325,170,155
E00010943,515,260,255
E00010944,290,152,138
E00010969,357,173,184
E00010970,366,190,176
E00010971,355,185,170
E00010972,357,183,174
E00010973,251,136,115
E00010974,416,218,198
E00010977,426,226,200
E00010978,363,174,189
E00010979,402,220,182
E00010981,434,224,210
E00010849,422,193,229
E00010851,421,202,219
E00010852,505,245,260
E00010854,412,203,209
E00010853,410,205,205
E00010859,476,247,229
E00010870,413,210,203
E00010871,412,202,210
E00010857,406,207,199
E00010861,482,251,231
E00010865,315,166,149
E00010868,405,188,217
E00010855,431,210,221
E00010856,298,161,137
E00010858,376,194,182
E00010866,444,222,222
E00010860,517,257,260
E00010867,324,175,149
E00010869,531,243,288
E00010873,294,149,145
E00010803,432,213,219
E00010805,370,187,183
E00010806,287,155,132
E00010807,364,172,192
E00010808,427,227,200
E00010792,254,138,116
E00010796,341,179,162
E00010810,362,199,163
E00010812,375,186,189
E00010815,394,204,190
E00010797,360,190,170
E00010801,485,241,244
E00010802,417,215,202
E00010804,436,219,217
E00010795,373,196,177
E00010798,329,170,159
E00010799,379,190,189
E00010800,326,156,170
E00010677,539,269,270
E00010681,479,254,225
E00010682,356,185,171
E00010687,359,188,171
E00010689,384,177,207
E00010671,451,221,230
E00010686,459,238,221
E00184391,203,103,100
E00184400,100,49,51
E00184420,197,101,96
E00184436,474,226,248
E00184480,405,186,219
E00184503,242,119,123
E00184508,380,196,184
E00010913,378,183,195
E00010914,392,211,181
E00010916,357,182,175
E00010921,303,167,136
E00184392,476,230,246
E00184397,320,162,158
E00184408,109,56,53
E00010915,404,189,215
E00010917,447,219,228
E00010918,424,214,210
E00010919,403,211,192
E00010920,463,217,246
E00010828,417,206,211
E00010831,356,193,163
E00010834,405,202,203
E00010835,350,173,177
E00010836,400,193,207
E00010837,436,220,216
E00010838,459,231,228
E00010839,361,178,183
E00010840,490,248,242
E00184428,134,69,65
E00184434,356,178,178
E00184514,239,115,124
E00010823,371,183,188
E00010826,481,264,217
E00010829,414,201,213
E00010832,364,177,187
E00010833,433,220,213
E00010820,356,180,176
E00010822,395,219,176
E00010824,418,205,213
E00010827,412,211,201
E00010830,344,169,175
E00010963,390,201,189
E00010964,421,219,202
E00010965,377,185,192
E00010967,482,248,234
E00010968,349,179,170
E00010975,384,207,177
E00010976,379,181,198
E00010980,394,199,195
E00010982,309,172,137
E00010984,371,182,189
E00010983,256,143,113
E00010986,312,164,148
E00010987,374,187,187
E00010991,331,169,162
E00010992,385,196,189
E00010966,333,179,154
E00010985,343,186,157
E00010988,421,213,208
E00010989,382,197,185
E00010990,345,176,169
E00010661,328,190,138
E00010662,367,177,190
E00010663,393,202,191
E00010678,426,212,214
E00010685,328,164,164
E00010658,281,138,143
E00010660,606,309,297
E00010668,344,175,169
E00010670,267,134,133
E00010690,347,167,180
E00184443,268,127,141
E00184447,486,248,238
E00184499,135,69,66
E00010673,265,144,121
E00010674,246,124,122
E00010675,456,236,220
E00010679,416,190,226
E00010684,332,161,171
E00010683,386,191,195
E00010688,345,173,172
E00184401,182,92,90
E00184437,498,248,250
E00171102,365,179,186
E00184418,227,128,99
E00184489,523,258,265
E00184493,165,98,67
E00010665,276,130,146
E00010666,504,263,241
E00184498,186,81,105
E00184509,350,167,183
E00184523,119,62,57
E00184427,384,189,195
E00184464,319,153,166
E00184482,265,141,124
E00184518,184,86,98
E00184520,116,66,50
E00011172,354,163,191
E00011181,395,186,209
E00011184,324,178,146
E00011186,336,170,166
E00184399,279,99,180
E00184430,425,162,263
E00011174,322,167,155
E00011175,391,192,199
E00011179,386,190,196
E00011180,372,192,180
E00011182,418,208,210
E00011188,386,193,193
E00011189,337,169,168
E00011190,495,278,217
E00011191,368,208,160
E00011192,370,177,193
E00011176,379,200,179
E00011177,321,168,153
E00011199,381,193,188
E00011200,432,227,205
E00011201,352,178,174
E00011020,341,182,159
E00011021,315,161,154
E00011025,342,172,170
E00011048,362,161,201
E00011022,401,206,195
E00011023,385,193,192
E00011026,430,207,223
E00184454,498,247,251
E00184512,147,80,67
E00011178,299,153,146
E00011183,301,157,144
E00011187,329,173,156
E00011193,391,194,197
E00184441,319,153,166
E00184513,294,133,161
E00011194,379,198,181
E00011197,408,206,202
E00011198,337,164,173
E00184390,235,116,119
E00184413,544,293,251
E00010706,306,158,148
E00010709,260,156,104
E00010711,319,176,143
E00010712,425,215,210
E00010715,354,194,160
E00010718,377,192,185
E00010692,385,189,196
E00010695,431,212,219
E00010696,560,274,286
E00010702,314,169,145
E00010726,342,170,172
E00010698,396,210,186
E00010699,406,208,198
E00010701,413,203,210
E00010704,395,206,189
E00011052,605,320,285
E00011055,430,210,220
E00011061,491,245,246
E00184537,147,77,70
E00171107,442,253,189
E00171108,453,234,219
E00184394,461,233,228
E00184460,221,111,110
E00184473,394,194,200
E00011049,304,148,156
E00011058,290,160,130
E00011059,443,219,224
E00011060,450,228,222
E00011050,417,222,195
E00011057,283,148,135
E00011065,366,194,172
E00011066,350,181,169
E00011069,471,242,229
E00011053,369,192,177
E00011056,505,251,254
E00011064,458,235,223
E00011067,400,188,212
E00011078,415,230,185
E00011079,426,240,186
E00011081,602,317,285
E00184472,389,196,193
E00184481,373,185,188
E00010691,481,227,254
E00010693,315,160,155
E00010700,399,224,175
E00010703,422,216,206
E00010707,252,125,127
E00010708,168,78,90
E00010710,261,109,152
E00010713,234,118,116
E00010714,292,150,142
E00010716,277,152,125
E00010719,424,209,215
E00010717,486,260,226
E00010720,465,247,218
E00010721,256,131,125
E00010722,469,232,237
E00010723,337,163,174
E00010694,262,136,126
E00010697,315,161,154
E00010705,838,76,762
E00010724,151,60,91
E00010725,181,95,86
E00011083,378,205,173
E00011091,297,142,155
E00011106,407,216,191
E00011107,374,195,179
E00011110,362,196,166
E00011105,358,179,179
E00011108,381,198,183
E00011109,429,220,209
E00011111,425,223,202
E00011112,335,163,172
E00011085,410,207,203
E00011089,373,180,193
E00011093,440,211,229
E00011096,407,201,206
E00011087,399,202,197
E00011098,429,218,211
E00011099,385,200,185
E00011101,392,189,203
E00011068,384,191,193
E00011071,409,198,211
E00011073,400,214,186
E00011076,237,130,107
E00011077,480,215,265
E00011063,387,189,198
E00011070,276,150,126
E00011072,326,172,154
E00011074,382,206,176
E00011075,365,190,175
E00011084,449,221,228
E00011086,438,213,225
E00011090,366,180,186
E00011097,390,193,197
E00011082,369,194,175
E00011088,316,158,158
E00011092,388,208,180
E00011094,363,188,175
E00011095,357,181,176
E00011100,389,206,183
E00011102,322,158,164
E00011103,524,265,259
E00011104,387,205,182
E00011031,330,153,177
E00011034,356,174,182
E00011039,351,175,176
E00011040,463,227,236
E00011042,380,193,187
E00011029,296,145,151
E00011030,392,184,208
E00011035,322,160,162
E00011041,378,186,192
E00011044,357,175,182
E00011045,438,204,234
E00011046,589,284,305
E00011047,388,192,196
E00011027,378,192,186
E00011028,360,183,177
E00011032,401,206,195
E00011033,409,213,196
E00011036,388,195,193
E00011038,465,242,223
E00011043,440,221,219
E00165801,382,176,206
E00010862,409,216,193
E00010863,462,238,224
E00010864,498,257,241
E00010848,396,202,194
E00010850,547,255,292
E00010872,333,175,158
E00010874,428,214,214
E00010875,362,181,181
E00010892,428,216,212
E00010896,467,232,235
E00010900,359,175,184
E00010880,458,229,229
E00010893,454,222,232
E00010897,533,276,257
E00010899,465,229,236
E00010877,379,187,192
E00010890,374,195,179
E00010895,390,199,191
E00010898,425,214,211
E00010878,406,204,202
E00010879,501,245,256
E00010881,514,252,262
E00010876,327,174,153
E00010882,464,233,231
E00010883,418,220,198
E00010901,486,261,225
E00010884,369,183,186
E00010885,344,180,164
E00010886,462,215,247
E00010888,303,154,149
E00010887,398,202,196
E00010889,436,211,225
E00010891,417,206,211
E00010894,388,211,177
E00011366,140,78,62
E00011367,336,182,154
E00011368,389,211,178
E00011369,520,279,241
E00011371,368,189,179
E00011372,321,170,151
E00011370,429,225,204
E00011374,281,132,149
E00011376,381,191,190
E00011377,345,181,164
E00011378,291,168,123
E00011550,187,101,86
E00011551,264,143,121
E00011552,396,208,188
E00011553,449,228,221
E00011555,401,204,197
E00011554,373,198,175
E00011556,228,112,116
E00011558,381,210,171
E00011560,349,190,159
E00176941,306,152,154
E00176945,323,170,153
E00176946,297,151,146
E00011362,334,178,156
E00011389,353,178,175
E00011397,272,135,137
E00011399,234,132,102
E00011401,431,215,216
E00011373,376,190,186
E00011375,355,175,180
E00011384,388,192,196
E00011385,333,167,166
E00011393,294,158,136
E00011363,500,268,232
E00011382,316,190,126
E00011387,228,105,123
E00011390,342,174,168
E00011395,214,106,108
E00176956,228,120,108
E00176960,460,223,237
E00176968,174,82,92
E00011365,338,171,167
E00011404,327,178,149
E00011406,374,173,201
E00011409,350,169,181
E00011410,307,151,156
E00011462,294,148,146
E00011464,325,169,156
E00011469,345,175,170
E00011477,532,277,255
E00011478,320,178,142
E00011510,292,144,148
E00011516,367,182,185
E00011517,332,171,161
E00011519,339,192,147
E00011527,306,153,153
E00011522,273,157,116
E00011524,269,142,127
E00011529,406,203,203
E00011530,427,233,194
E00166792,234,130,104
E00166793,385,194,191
E00166794,155,81,74
E00011495,379,200,179
E00011497,415,206,209
E00011511,408,212,196
E00011531,340,164,176
E00011494,363,202,161
E00011506,360,178,182
E00011509,376,200,176
E00011513,339,186,153
E00011515,400,215,185
E00011500,378,201,177
E00011501,417,230,187
E00011502,375,193,182
E00011504,398,205,193
E00011507,332,155,177
E00011361,375,197,178
E00011379,391,202,189
E00011380,270,152,118
E00011381,343,176,167
E00011386,252,128,124
E00011388,230,125,105
E00011391,386,192,194
E00011392,331,180,151
E00011394,427,214,213
E00011396,274,156,118
E00011400,309,167,142
E00011403,236,111,125
E00011364,298,159,139
E00011398,385,193,192
E00011402,474,251,223
E00011405,365,191,174
E00011407,244,111,133
E00011408,304,164,140
E00011465,262,135,127
E00011468,327,168,159
E00011470,251,130,121
E00011471,310,150,160
E00011473,491,237,254
E00011532,267,139,128
E00011533,406,223,183
E00011561,408,218,190
E00011562,344,175,169
E00011565,431,240,191
E00011534,431,237,194
E00011536,289,148,141
E00011541,335,170,165
E00011566,363,200,163
E00011569,305,150,155
E00011571,349,186,163
E00011518,340,172,168
E00011520,274,153,121
E00011523,337,183,154
E00011525,309,172,137
E00011526,462,238,224
E00011493,360,201,159
E00011496,335,173,162
E00011498,345,176,169
E00011499,358,191,167
E00011503,315,165,150
E00011505,372,185,187
E00011508,515,278,237
E00011512,251,127,124
E00011521,372,199,173
E00011528,344,196,148
E00011613,348,186,162
E00011622,352,185,167
E00011626,311,166,145
E00011627,339,174,165
E00011630,345,176,169
E00011615,278,144,134
E00011616,312,170,142
E00011617,369,192,177
E00011619,371,187,184
E00011621,331,179,152
E00011535,334,182,152
E00011538,391,180,211
E00011540,288,154,134
E00011545,414,208,206
E00011570,358,190,168
E00011537,446,228,218
E00011543,364,202,162
E00011544,351,191,160
E00011546,385,195,190
E00011549,329,166,163
E00011539,377,212,165
E00011542,422,212,210
E00011547,434,218,216
E00011548,344,182,162
E00011559,319,172,147
E00011563,426,227,199
E00011564,303,152,151
E00011567,333,172,161
E00011568,325,157,168
E00011572,340,172,168
E00011451,355,170,185
E00011454,232,122,110
E00011458,304,153,151
E00011487,327,157,170
E00011492,324,166,158
E00011452,251,133,118
E00011461,303,157,146
E00011463,300,167,133
E00011466,289,153,136
E00011467,308,166,142
E00011476,244,126,118
E00011472,286,148,138
E00011474,381,199,182
E00011475,319,157,162
E00011482,337,181,156
E00011483,282,146,136
E00011450,523,263,260
E00011480,271,143,128
E00011481,338,182,156
E00011484,232,121,111
E00011485,260,131,129
E00011486,377,188,189
E00011455,271,135,136
E00011479,232,123,109
E00011488,236,125,111
E00011490,245,112,133
E00176950,577,304,273
E00176927,123,65,58
E00176937,481,246,235
E00176948,347,169,178
E00176953,183,87,96
E00176959,247,116,131
E00011652,267,130,137
E00011682,438,231,207
E00011685,327,172,155
E00011687,297,157,140
E00011657,350,178,172
E00011660,339,165,174
E00011669,345,172,173
E00011688,318,161,157
E00011689,378,193,185
E00011653,299,151,148
E00011655,373,189,184
E00011666,344,182,162
E00011686,290,154,136
E00011691,331,173,158
E00011670,322,147,175
E00011672,298,154,144
E00011673,362,180,182
E00011675,324,162,162
E00011678,343,185,158
E00011680,318,163,155
E00011681,417,210,207
E00011683,392,203,189
E00011684,351,178,173
E00011612,291,151,140
E00011629,327,179,148
E00011631,325,179,146
E00011633,283,159,124
E00011635,330,166,164
E00011614,309,161,148
E00011638,302,163,139
E00011639,388,196,192
E00011640,403,206,197
E00011641,396,201,195
E00011618,331,164,167
E00011620,340,180,160
E00011623,326,162,164
E00011624,431,220,211
E00011628,326,177,149
E00011654,317,169,148
E00011658,342,171,171
E00011661,201,109,92
E00011662,330,176,154
E00011690,292,148,144
E00011663,417,214,203
E00011665,327,156,171
E00011667,357,180,177
E00011671,314,143,171
E00011674,340,171,169
E00011676,384,198,186
E00011677,392,203,189
E00011679,361,170,191
E00011343,392,206,186
E00011344,371,189,182
E00011345,407,208,199
E00011346,317,162,155
E00011347,449,217,232
E00011350,349,176,173
E00011351,312,158,154
E00011352,402,213,189
E00011356,342,171,171
E00011453,403,220,183
E00011456,292,154,138
E00011459,322,171,151
E00011460,288,159,129
E00176949,285,145,140
E00176979,413,221,192
E00011865,407,219,188
E00011867,344,167,177
E00011869,317,165,152
E00011878,321,175,146
E00011899,386,201,185
E00011862,331,177,154
E00011868,308,154,154
E00011873,387,201,186
E00011875,355,182,173
E00011880,325,169,156
E00011893,394,198,196
E00011894,327,157,170
E00011896,351,169,182
E00011897,308,158,150
E00011898,288,145,143
E00011217,308,163,145
E00011224,295,152,143
E00011225,312,164,148
E00011226,301,148,153
E00166778,361,192,169
E00166791,238,117,121
E00011214,361,182,179
E00011218,274,150,124
E00011220,316,178,138
E00011221,356,182,174
E00011222,340,184,156
E00011625,393,227,166
E00011632,406,214,192
E00011634,366,211,155
E00011636,364,182,182
E00011637,302,181,121
E00011643,309,164,145
E00011642,312,161,151
E00011645,356,177,179
E00011647,380,189,191
E00011649,364,185,179
E00011651,320,167,153
E00011611,316,152,164
E00011644,325,164,161
E00011646,514,259,255
E00011648,403,221,182
E00011650,287,151,136
E00011656,348,177,171
E00011659,327,160,167
E00011664,209,129,80
E00011668,436,212,224
E00011735,278,139,139
E00011737,158,102,56
E00011739,301,159,142
E00011740,363,191,172
E00011741,287,153,134
E00011864,322,162,160
E00011866,352,174,178
E00011895,394,197,197
E00011900,386,200,186
E00011870,337,164,173
E00011871,293,159,134
E00011876,323,171,152
E00011883,291,160,131
E00011886,355,192,163
E00011874,261,142,119
E00011879,385,184,201
E00011882,313,156,157
E00166773,318,146,172
E00166775,285,138,147
E00166796,239,135,104
E00176936,249,141,108
E00176964,105,55,50
E00176966,131,62,69
E00011863,341,178,163
E00011881,323,182,141
E00011884,227,115,112
E00011887,334,188,146
E00011888,336,173,163
E00011215,496,265,231
E00011216,360,205,155
E00011219,554,278,276
E00011223,414,197,217
E00011228,147,73,74
E00011732,309,156,153
E00011734,352,173,179
E00011736,454,225,229
E00011743,402,200,202
E00166776,178,90,88
E00166777,232,113,119
E00166779,119,64,55
E00011764,308,154,154
E00011765,416,220,196
E00166786,310,158,152
E00176916,465,259,206
E00176940,466,224,242
E00176965,143,73,70
E00011753,451,227,224
E00166782,162,91,71
E00176917,421,204,217
E00176918,140,75,65
E00176984,296,154,142
E00011746,339,177,162
E00011749,289,141,148
E00011750,231,135,96
E00011756,276,135,141
E00176919,204,110,94
E00176934,426,225,201
E00011329,314,169,145
E00011354,396,210,186
E00011358,314,155,159
E00011359,337,172,165
E00011327,293,147,146
E00011328,275,142,133
E00011330,331,162,169
E00011331,409,209,200
E00011334,357,184,173
E00011575,407,222,185
E00011602,309,166,143
E00011603,435,219,216
E00011606,394,193,201
E00011578,331,163,168
E00011581,306,160,146
E00011582,373,188,185
E00011604,281,156,125
E00011605,362,191,171
E00011744,313,159,154
E00011745,340,168,172
E00011747,276,138,138
E00011748,266,131,135
E00011751,298,161,137
E00011885,318,159,159
E00011889,558,291,267
E00011890,275,133,142
E00011891,344,189,155
E00011892,321,167,154
E00011332,239,132,107
E00011333,463,230,233
E00011349,281,145,136
E00011353,347,175,172
E00011355,407,201,206
E00011326,374,192,182
E00011348,371,198,173
E00011357,395,198,197
E00011360,450,239,211
E00011335,299,155,144
E00011337,362,183,179
E00011338,326,154,172
E00011341,354,175,179
E00011336,346,172,174
E00011339,346,181,165
E00011340,315,159,156
E00011342,309,149,160
E00011577,389,215,174
E00011580,379,217,162
E00011584,363,192,171
E00011586,408,220,188
E00011607,330,180,150
E00011733,203,105,98
E00011766,540,271,269
E00011769,293,160,133
E00011772,328,173,155
E00011773,358,176,182
E00011731,391,212,179
E00011770,313,163,150
E00011774,328,153,175
E00011775,349,193,156
E00011776,389,198,191
E00011754,308,160,148
E00011755,283,134,149
E00011757,498,251,247
E00011759,322,160,162
E00011767,302,162,140
E00011771,279,153,126
E00011730,417,216,201
E00011758,457,240,217
E00011761,423,225,198
E00011762,474,255,219
E00011768,339,186,153
E00011229,340,183,157
E00011231,334,173,161
E00011233,370,199,171
E00011240,393,204,189
E00011241,404,218,186
E00011230,610,344,266
E00011232,604,326,278
E00011234,338,179,159
E00011235,535,274,261
E00011237,399,203,196
E00011203,326,161,165
E00011208,364,194,170
E00011210,370,191,179
E00011239,256,143,113
E00011243,439,225,214
E00011202,434,236,198
E00011204,326,167,159
E00011238,343,177,166
E00011242,364,175,189
E00011244,367,193,174
E00011209,502,256,246
E00011211,333,175,158
E00011212,342,173,169
E00011213,417,213,204
E00166790,263,134,129
E00176973,544,270,274
E00176974,506,258,248
E00176924,337,182,155
E00176943,267,142,125
E00176947,248,126,122
E00176971,608,349,259
E00011205,375,178,197
E00011206,568,290,278
E00011207,408,204,204
E00166789,209,116,93
E00011255,341,174,167
E00011267,306,164,142
E00011270,349,185,164
E00011281,281,144,137
E00011285,314,163,151
E00011247,318,164,154
E00011248,330,170,160
E00011249,268,139,129
E00011258,270,142,128
E00011259,336,188,148
E00011245,306,155,151
E00011271,361,192,169
E00011275,268,155,113
E00011279,227,124,103
E00011282,330,171,159
E00011284,349,184,165
E00011266,291,160,131
E00011269,411,225,186
E00011272,266,131,135
E00011276,304,159,145
E00011278,276,145,131
E00011911,449,250,199
E00011931,359,179,180
E00011932,335,173,162
E00011934,261,137,124
E00011937,336,163,173
E00011265,292,147,145
E00011268,308,155,153
E00011273,332,171,161
E00011274,316,169,147
E00011277,332,167,165
E00011250,361,186,175
E00011251,308,160,148
E00011261,338,172,166
E00011262,335,171,164
E00011280,288,149,139
E00011246,384,200,184
E00011252,340,185,155
E00011253,414,211,203
E00011254,428,215,213
E00011260,169,98,71
E00011933,303,161,142
E00011935,325,168,157
E00011938,315,165,150
E00011939,333,164,169
E00011940,360,174,186
E00011789,349,166,183
E00011791,211,116,95
E00011792,396,200,196
E00011793,356,184,172
E00011778,288,166,122
E00011779,240,134,106
E00011795,234,116,118
E00011798,248,130,118
E00011802,244,132,112
E00011803,230,126,104
E00011777,359,196,163
E00011796,261,134,127
E00011800,278,161,117
E00011801,254,131,123
E00011805,463,226,237
E00011807,367,190,177
E00011804,299,173,126
E00011808,333,165,168
E00011812,338,171,167
E00011816,297,152,145
E00011817,215,104,111
E00011786,284,142,142
E00011787,500,271,229
E00011788,327,160,167
E00011790,315,159,156
E00011794,317,159,158
E00011576,367,196,171
E00011579,422,217,205
E00011608,292,145,147
E00011609,420,225,195
E00011573,377,191,186
E00011583,368,193,175
E00011585,339,157,182
E00011587,335,172,163
E00011610,376,191,185
E00011597,284,142,142
E00011598,313,162,151
E00011599,334,170,164
E00011601,381,198,183
E00166774,281,139,142
E00166780,336,174,162
E00011588,351,176,175
E00011589,359,185,174
E00011590,358,181,177
E00011591,318,170,148
E00011595,342,178,164
E00011574,185,99,86
E00011592,317,163,154
E00011593,331,173,158
E00011594,350,157,193
E00011596,357,192,165
E00011256,308,163,145
E00011257,329,164,165
E00011263,329,167,162
E00011264,307,160,147
E00011283,269,158,111
E00011413,381,190,191
E00011414,332,168,164
E00011416,293,156,137
E00011417,325,167,158
E00011425,333,184,149
E00011421,347,182,165
E00011423,295,159,136
E00011424,301,151,150
E00011429,334,181,153
E00011433,428,214,214
E00011797,300,153,147
E00011799,269,141,128
E00011806,321,162,159
E00011809,277,146,131
E00011810,337,165,172
E00011901,299,153,146
E00011906,349,179,170
E00011907,278,148,130
E00011908,309,172,137
E00011914,429,211,218
E00011936,391,190,201
E00011436,330,173,157
E00011440,308,165,143
E00011442,282,152,130
E00011443,404,200,204
E00011447,273,142,131
E00011415,255,119,136
E00011418,311,151,160
E00011420,295,153,142
E00011426,241,130,111
E00011431,166,77,89
E00011432,245,126,119
E00011811,345,190,155
E00011813,295,157,138
E00011814,347,178,169
E00011815,369,212,157
E00011783,334,171,163
E00011784,307,163,144
E00011785,374,172,202
E00011819,328,157,171
E00011780,387,207,180
E00011781,367,184,183
E00011782,368,171,197
E00011818,424,202,222
E00011905,370,209,161
E00011913,343,180,163
E00011924,268,127,141
E00011926,316,157,159
E00011928,278,139,139
E00011902,360,193,167
E00011909,296,146,150
E00011910,378,199,179
E00011912,307,162,145
E00011915,266,141,125
E00011904,322,184,138
E00011919,336,180,156
E00011922,356,190,166
E00011923,323,168,155
E00011929,311,166,145
E00011916,312,156,156
E00011917,325,169,156
E00011925,306,152,154
E00011927,388,199,189
E00011930,261,142,119
E00011903,377,193,184
E00011918,368,188,180
E00011920,374,196,178
E00011921,369,193,176
E00011289,256,126,130
E00011307,297,147,150
E00011308,325,163,162
E00011311,329,177,152
E00011317,299,161,138
E00011435,400,218,182
E00011439,299,152,147
E00011441,358,179,179
E00011445,308,159,149
E00011411,287,147,140
E00011434,324,157,167
E00011437,311,158,153
E00011438,318,156,162
E00011446,376,203,173
E00011412,372,187,185
E00011444,430,233,197
E00011448,430,209,221
E00011449,368,195,173
E00011419,333,166,167
E00011422,232,123,109
E00011427,330,171,159
E00011428,272,142,130
E00011430,324,157,167
E00011294,346,180,166
E00011296,388,194,194
E00011300,418,221,197
E00176929,365,191,174
E00176931,288,144,144
E00011287,438,211,227
E00011293,329,175,154
E00011295,273,143,130
E00011297,408,208,200
E00011299,338,173,165
E00011288,345,173,172
E00011301,326,169,157
E00011302,347,182,165
E00011303,378,212,166
E00011304,361,193,168
E00011286,332,172,160
E00011290,367,180,187
E00011324,344,173,171
E00011325,567,289,278
E00011305,374,197,177
E00011309,337,191,146
E00011310,184,95,89
E00011313,305,168,137
E00011316,351,183,168
E00011320,118,74,44
E00011306,327,170,157
E00011312,264,141,123
E00011315,269,135,134
E00011318,346,187,159
E00011319,335,172,163
E00011291,361,182,179
E00011292,269,149,120
E00011314,349,184,165
E00011321,263,146,117
E00011322,334,172,162
E00011323,225,132,93
E00011822,304,163,141
E00011824,326,162,164
E00011825,328,157,171
E00011826,332,162,170
E00011833,405,197,208
E00011820,315,170,145
E00011823,311,159,152
E00011832,349,187,162
E00011838,408,187,221
E00011842,321,160,161
E00011829,194,109,85
E00011831,358,179,179
E00011834,390,202,188
E00011835,364,186,178
E00011847,428,205,223
E00011839,406,208,198
E00011840,378,203,175
E00011846,388,197,191
E00011850,201,105,96
E00011851,314,157,157
E00176926,261,126,135
E00176942,190,101,89
E00176969,350,184,166
E00011844,417,199,218
E00011848,365,189,176
E00011853,403,217,186
E00011859,349,175,174
E00011860,511,273,238
E00011849,524,263,261
E00011856,335,174,161
E00011857,369,184,185
E00011858,348,179,169
E00011861,128,64,64
E00176932,567,298,269
E00176975,197,110,87
E00011841,340,185,155
E00011843,363,187,176
E00011845,337,171,166
E00011854,319,167,152
E00011855,349,169,180
E00011827,403,212,191
E00011828,344,177,167
E00011830,407,203,204
E00011836,344,159,185
E00011837,433,227,206
E00011702,293,142,151
E00011707,436,219,217
E00011708,372,191,181
E00011710,356,185,171
E00011711,299,159,140
E00011695,284,147,137
E00011712,566,306,260
E00011713,428,229,199
E00011721,344,171,173
E00011723,349,175,174
E00011697,297,155,142
E00011698,278,144,134
E00011703,326,171,155
E00011704,321,161,160
E00011706,340,171,169
E00011696,294,156,138
E00011699,287,140,147
E00011700,314,172,142
E00011701,353,180,173
E00011705,296,147,149
E00011693,337,182,155
E00011714,341,168,173
E00011715,338,172,166
E00011716,364,195,169
E00011719,343,175,168
E00011692,428,215,213
E00011709,260,164,96
E00011717,415,226,189
E00011724,401,207,194
E00011726,453,238,215
E00011718,363,192,171
E00011720,428,211,217
E00011722,347,189,158
E00011727,414,210,204
E00011694,376,197,179
E00011725,312,159,153
E00011728,483,250,233
E00011729,335,167,168
E00012311,291,144,147
E00012315,421,221,200
E00012328,201,103,98
E00012329,380,202,178
E00012332,392,198,194
E00012313,294,160,134
E00012317,360,191,169
E00012336,303,174,129
E00012337,235,127,108
E00012343,288,151,137
E00012344,156,87,69
E00012335,306,153,153
E00012338,328,170,158
E00012339,299,153,146
E00012340,342,197,145
E00012342,355,177,178
E00012314,376,193,183
E00012316,345,188,157
E00012341,328,178,150
E00012345,302,165,137
E00012361,293,153,140
E00012362,353,178,175
E00012363,390,208,182
E00012364,335,179,156
E00012367,290,159,131
E00012318,234,132,102
E00012319,299,157,142
E00012321,237,126,111
E00012325,266,147,119
E00012330,258,132,126
E00012346,380,199,181
E00012312,390,207,183
E00012326,336,174,162
E00012331,271,140,131
E00012333,352,179,173
E00012334,389,190,199
E00012320,327,178,149
E00012322,284,145,139
E00012323,258,136,122
E00012324,402,208,194
E00012327,326,166,160
E00012371,396,204,192
E00012373,313,165,148
E00012374,406,207,199
E00012375,469,240,229
E00012379,362,189,173
E00012365,298,153,145
E00012366,336,182,154
E00012368,286,152,134
E00012369,196,103,93
E00012370,313,166,147
E00012347,420,221,199
E00012372,252,136,116
E00012376,342,181,161
E00012377,345,175,170
E00012378,314,164,150
E00012381,359,170,189
E00012152,481,254,227
E00012166,275,138,137
E00012167,376,182,194
E00012169,309,166,143
E00012149,323,156,167
E00012153,298,155,143
E00012156,409,207,202
E00012168,215,114,101
E00012172,302,151,151
E00012150,298,149,149
E00012154,312,162,150
E00012170,303,165,138
E00012171,360,187,173
E00012173,311,157,154
E00012151,468,224,244
E00012155,164,76,88
E00012157,210,105,105
E00012158,255,137,118
E00012159,234,121,113
E00012161,270,136,134
E00012160,327,175,152
E00012162,328,169,159
E00012163,330,162,168
E00012164,346,176,170
E00012165,295,157,138
E00012135,267,142,125
E00012141,286,163,123
E00012146,372,209,163
E00176474,344,180,164
E00176482,350,187,163
E00176483,175,74,101
E00184496,547,288,259
E00184535,154,83,71
E00012133,298,156,142
E00012134,333,174,159
E00012139,372,193,179
E00012142,324,165,159
E00012144,352,174,178
E00012350,457,244,213
E00012357,294,159,135
E00012380,319,158,161
E00012382,387,195,192
E00012383,387,190,197
E00012348,338,171,167
E00012349,303,156,147
E00012352,263,133,130
E00012354,331,170,161
E00012355,339,169,170
E00012358,283,152,131
E00012351,325,162,163
E00012353,345,181,164
E00012356,332,169,163
E00012359,317,167,150
E00012360,324,170,154
E00012610,258,132,126
E00012624,317,159,158
E00012627,277,148,129
E00012628,245,142,103
E00012630,359,190,169
E00012604,295,154,141
E00012632,340,177,163
E00012633,283,153,130
E00012634,259,136,123
E00012635,346,170,176
E00012607,343,172,171
E00012608,300,155,145
E00012609,240,118,122
E00012621,237,129,108
E00012622,251,136,115
E00012623,317,167,150
E00012611,323,157,166
E00012625,354,176,178
E00012626,320,168,152
E00012629,338,186,152
E00012631,374,205,169
E00012046,377,192,185
E00012067,340,175,165
E00012069,371,183,188
E00012071,334,172,162
E00012073,353,177,176
E00012066,361,189,172
E00012068,316,164,152
E00012070,271,146,125
E00012072,368,177,191
E00012076,372,191,181
E00012114,328,165,163
E00012116,319,160,159
E00012119,342,174,168
E00012130,349,174,175
E00012115,301,154,147
E00012120,255,137,118
E00012121,363,201,162
E00012126,372,177,195
E00012148,211,122,89
E00012132,298,148,150
E00012136,277,129,148
E00012137,215,110,105
E00012138,298,158,140
E00012143,328,171,157
E00012117,324,161,163
E00012122,306,156,150
E00012140,354,175,179
E00012145,407,211,196
E00012124,325,175,150
E00012127,283,151,132
E00012129,371,198,173
E00012147,352,184,168
E00012118,334,162,172
E00012123,370,199,171
E00012128,372,197,175
E00012131,457,251,206
E00012280,398,202,196
E00012281,336,181,155
E00012282,488,227,261
E00012285,308,155,153
E00012286,304,153,151
E00012605,488,254,234
E00012636,331,172,159
E00012637,335,154,181
E00012638,422,211,211
E00184422,140,79,61
E00184530,317,168,149
E00184538,152,78,74
E00012053,365,181,184
E00012056,322,169,153
E00012057,335,176,159
E00012060,363,189,174
E00012061,357,180,177
E00012044,302,157,145
E00012045,333,170,163
E00012063,486,246,240
E00012064,323,162,161
E00012065,336,185,151
E00012049,285,171,114
E00012074,284,159,125
E00012075,402,199,203
E00012077,279,149,130
E00012078,366,200,166
E00012047,326,167,159
E00012048,330,164,166
E00012050,396,219,177
E00012052,321,158,163
E00012054,330,168,162
E00012278,306,164,142
E00012279,308,159,149
E00012283,314,156,158
E00012284,335,173,162
E00012288,369,191,178
E00012277,372,190,182
E00012297,331,189,142
E00012300,430,232,198
E00012305,285,150,135
E00012307,300,151,149
E00012287,256,145,111
E00012291,311,166,145
E00012294,324,163,161
E00012299,372,195,177
E00012306,343,168,175
E00012420,307,167,140
E00012423,355,172,183
E00012425,332,173,159
E00012449,429,210,219
E00012454,379,184,195
E00012613,244,127,117
E00012614,316,154,162
E00012615,272,133,139
E00012617,243,122,121
E00012619,253,138,115
E00012606,536,278,258
E00012618,404,202,202
E00184415,230,119,111
E00184416,588,280,308
E00184459,378,184,194
E00184487,191,122,69
E00184534,154,90,64
E00012051,322,168,154
E00012055,297,162,135
E00012058,348,178,170
E00012059,378,189,189
E00012062,366,179,187
E00012276,297,139,158
E00012301,324,170,154
E00012308,391,200,191
E00012309,336,164,172
E00012310,377,185,192
E00012289,324,168,156
E00012292,358,189,169
E00012293,294,160,134
E00012302,369,178,191
E00012304,373,190,183
E00012290,324,159,165
E00012295,303,157,146
E00012296,306,156,150
E00012298,362,186,176
E00012303,361,178,183
E00012428,443,232,211
E00012431,424,226,198
E00012450,361,188,173
E00176478,137,71,66
E00176479,316,154,162
E00176480,201,112,89
E00012247,343,169,174
E00012251,370,195,175
E00012253,369,188,181
E00012257,354,181,173
E00012245,330,168,162
E00012246,359,180,179
E00012248,316,173,143
E00012249,319,164,155
E00012250,344,180,164
E00012254,218,104,114
E00012256,276,141,135
E00012258,326,172,154
E00012260,270,156,114
E00012266,332,175,157
E00012255,389,185,204
E00012259,368,176,192
E00012262,339,179,160
E00012263,403,194,209
E00012264,317,150,167
E00012265,333,171,162
E00012269,314,174,140
E00012271,338,166,172
E00012272,315,163,152
E00012252,384,195,189
E00012261,425,223,202
E00012267,408,199,209
E00012268,295,136,159
E00012270,371,191,180
E00012273,355,174,181
E00012274,375,187,188
E00012275,387,197,190
E00012494,345,179,166
E00012504,399,188,211
E00012508,360,175,185
E00012514,301,142,159
E00184409,380,190,190
E00184521,271,141,130
E00012505,459,231,228
E00012511,390,207,183
E00012513,248,143,105
E00012517,343,184,159
E00012491,296,139,157
E00012518,374,199,175
E00012519,420,206,214
E00012524,378,194,184
E00012211,401,192,209
E00012234,363,178,185
E00012238,329,159,170
E00012243,404,208,196
E00012213,400,197,203
E00012241,292,160,132
E00012242,401,209,192
E00012244,411,205,206
E00012235,418,202,216
E00012236,363,177,186
E00012239,392,187,205
E00012240,365,182,183
E00012209,382,192,190
E00012215,328,181,147
E00012217,412,214,198
E00012218,373,204,169
E00012219,289,148,141
E00012210,423,248,175
E00012212,381,183,198
E00012214,371,187,184
E00012216,338,190,148
E00012237,406,196,210
E00012012,337,166,171
E00012042,349,176,173
E00012043,227,113,114
E00176456,1598,683,915
E00176459,189,121,68
E00012506,299,141,158
E00012507,292,147,145
E00012509,334,175,159
E00012516,439,222,217
E00176455,298,140,158
E00176481,303,181,122
E00012515,351,190,161
E00012520,418,234,184
E00184404,522,266,256
E00184445,161,78,83
E00012521,396,205,191
E00184466,160,87,73
E00184516,341,167,174
E00184531,501,272,229
E00012492,405,211,194
E00184393,457,228,229
E00184395,117,57,60
E00184439,401,200,201
E00012548,272,144,128
E00012551,233,103,130
E00012552,343,186,157
E00012557,320,167,153
E00012558,255,141,114
E00012526,323,164,159
E00184424,305,144,161
E00184462,290,150,140
E00184484,519,274,245
E00184519,201,102,99
E00012527,461,233,228
E00012528,420,210,210
E00012550,501,237,264
E00012556,314,146,168
E00012559,340,163,177
E00012542,353,188,165
E00012543,315,159,156
E00012544,308,159,149
E00012545,271,131,140
E00012546,218,112,106
E00176476,226,103,123
E00176477,367,199,168
E00012547,400,202,198
E00012553,314,146,168
E00012554,430,212,218
E00012555,414,191,223
E00012529,423,185,238
E00012560,374,198,176
E00012561,275,136,139
E00012564,1533,720,813
E00012531,455,222,233
E00012532,428,211,217
E00012549,427,200,227
E00012562,323,156,167
E00012565,663,344,319
E00012013,260,134,126
E00012015,308,155,153
E00012017,381,187,194
E00012018,550,280,270
E00012019,438,211,227
E00012021,381,178,203
E00012026,374,195,179
E00012027,342,173,169
E00176460,327,177,150
E00176461,279,139,140
E00176462,333,168,165
E00176475,288,162,126
E00012220,358,190,168
E00012221,355,189,166
E00012222,341,175,166
E00012224,329,167,162
E00012225,351,188,163
E00012495,354,183,171
E00012496,377,194,183
E00012498,386,201,185
E00012525,380,190,190
E00012497,370,177,193
E00012499,331,188,143
E00012501,326,179,147
E00012502,331,178,153
E00012503,269,140,129
E00012082,366,199,167
E00012083,357,186,171
E00012085,435,218,217
E00012088,403,199,204
E00012084,551,278,273
E00012091,401,187,214
E00012092,462,233,229
E00012093,405,195,210
E00012080,446,233,213
E00012086,373,188,185
E00012087,466,235,231
E00012109,411,212,199
E00012081,385,191,194
E00012103,234,115,119
E00012110,352,177,175
E00012111,405,194,211
E00012112,315,166,149
E00012095,373,189,184
E00012096,375,190,185
E00012097,410,205,205
E00012099,438,246,192
E00012101,324,168,156
E00012105,396,181,215
E00012107,425,212,213
E00012108,419,210,209
E00012020,318,160,158
E00012024,432,219,213
E00012025,264,132,132
E00012031,289,155,134
E00012032,348,162,186
E00012011,421,207,214
E00012028,340,175,165
E00012029,439,234,205
E00012034,470,245,225
E00012035,336,171,165
E00012090,304,149,155
E00012102,359,164,195
E00012104,405,205,200
E00012106,503,247,256
E00012229,343,175,168
E00012230,368,181,187
E00012231,428,221,207
E00012232,449,240,209
E00012233,395,206,189
E00012223,439,228,211
E00012226,349,187,162
E00012227,356,172,184
E00012228,463,242,221
E00011961,365,184,181
E00011962,431,224,207
E00011963,322,165,157
E00011966,346,168,178
E00011972,296,158,138
E00011964,441,199,242
E00011965,416,221,195
E00011967,430,221,209
E00011968,494,248,246
E00011969,351,174,177
E00012640,523,262,261
E00012654,353,176,177
E00012656,346,173,173
E00012662,326,173,153
E00012664,275,137,138
E00012659,499,269,230
E00012661,393,207,186
E00012663,434,214,220
E00012665,408,199,209
E00012669,387,203,184
E00012639,413,208,205
E00012657,389,214,175
E00012666,352,177,175
E00012667,388,200,188
E00012670,379,212,167
E00011946,409,201,208
E00011951,472,222,250
E00011970,438,220,218
E00011973,427,216,211
E00011941,463,212,251
E00011943,483,239,244
E00011949,439,215,224
E00011944,501,202,299
E00011945,500,223,277
E00011950,502,237,265
E00011971,455,214,241
E00011942,548,257,291
E00011947,371,180,191
E00011948,458,223,235
E00011956,479,226,253
E00011952,405,208,197
E00011953,433,226,207
E00011955,420,214,206
E00011958,419,220,199
E00012079,460,230,230
E00012089,395,197,198
E00012094,368,193,175
E00012098,425,215,210
E00012100,407,207,200
E00012016,442,209,233
E00012023,612,267,345
E00012030,335,169,166
E00012033,341,164,177
E00012036,399,188,211
E00012037,339,158,181
E00012038,351,184,167
E00012039,343,173,170
E00012040,298,160,138
E00012041,301,151,150
E00012533,405,206,199
E00012534,331,176,155
E00012535,252,112,140
E00012563,331,164,167
E00012530,238,108,130
E00012537,380,186,194
E00012538,334,174,160
E00012539,215,108,107
E00012540,283,151,132
E00184526,400,192,208
E00184539,131,68,63
E00012677,239,112,127
E00012679,223,100,123
E00012684,256,134,122
E00012685,279,147,132
E00012709,183,85,98
E00012710,335,189,146
E00012711,330,166,164
E00012688,553,266,287
E00012698,503,245,258
E00176463,281,133,148
E00176464,330,163,167
E00176465,536,291,245
E00184485,205,102,103
E00012692,616,306,310
E00012695,428,208,220
E00184504,492,249,243
E00184510,154,80,74
E00184517,285,137,148
E00012641,371,197,174
E00012660,300,147,153
E00012668,321,157,164
E00012671,289,142,147
E00176457,301,149,152
E00176458,420,229,191
E00012644,386,184,202
E00012646,413,203,210
E00012658,360,177,183
E00012673,314,150,164
E00012674,219,97,122
E00012643,365,216,149
E00012650,443,214,229
E00012672,346,192,154
E00012675,340,194,146
E00012642,496,241,255
E00012645,385,193,192
E00012648,407,190,217
E00012649,448,217,231
E00012647,402,202,200
E00012651,516,257,259
E00012652,356,179,177
E00012653,444,218,226
E00011984,500,254,246
E00011989,396,192,204
E00011990,385,191,194
E00011992,409,203,206
E00012000,306,164,142
E00011986,371,202,169
E00011987,385,186,199
E00011991,463,243,220
E00011995,484,263,221
E00184500,155,78,77
E00184515,479,219,260
E00011988,273,137,136
E00011993,544,261,283
E00011997,419,212,207
E00011998,403,207,196
E00011994,444,224,220
E00011996,496,236,260
E00012003,485,250,235
E00184449,570,292,278
E00184455,343,187,156
E00184461,136,72,64
E00011975,450,234,216
E00011999,373,196,177
E00012001,381,193,188
E00012004,339,177,162
E00012006,475,237,238
E00012696,388,213,175
E00012697,442,212,230
E00012700,384,196,188
E00012703,212,108,104
E00184456,479,306,173
E00184474,214,125,89
E00012680,317,152,165
E00012681,337,174,163
E00012683,544,294,250
E00012705,343,179,164
E00012708,329,164,165
E00012682,401,207,194
E00012704,472,245,227
E00012706,430,224,206
E00012707,487,240,247
E00012712,346,197,149
E00012687,405,211,194
E00012690,392,214,178
E00012691,538,270,268
E00012693,413,212,201
E00012676,259,135,124
E00012678,416,210,206
E00012686,397,206,191
E00012689,314,168,146
E00012694,373,194,179
E00011954,484,249,235
E00011957,483,238,245
E00011959,490,248,242
E00011960,378,195,183
E00012459,510,259,251
E00012460,390,186,204
E00012462,447,215,232
E00012465,396,178,218
E00012458,478,247,231
E00012463,447,229,218
E00012487,572,287,285
E00012490,509,283,226
E00012455,432,215,217
E00012467,363,177,186
E00012468,371,196,175
E00012469,344,184,160
E00012489,274,142,132
E00012481,547,272,275
E00012482,493,255,238
E00012483,434,210,224
E00012485,462,229,233
E00012486,254,121,133
E00011979,362,171,191
E00012005,438,206,232
E00012007,299,155,144
E00012008,462,223,239
E00012009,398,205,193
E00012456,478,233,245
E00012457,492,245,247
E00012466,512,246,266
E00012470,448,222,226
E00012471,393,200,193
E00012475,596,286,310
E00012476,385,196,189
E00012478,401,211,190
E00012479,302,153,149
E00012472,361,170,191
E00012474,453,235,218
E00012477,499,238,261
E00184448,500,245,255
E00184525,158,89,69
E00012480,601,308,293
E00184475,576,306,270
E00184486,592,314,278
E00012461,396,205,191
E00012488,467,253,214
E00184435,181,96,85
E00184527,233,115,118
E00011977,429,201,228
E00011978,542,254,288
E00011980,534,263,271
E00012010,439,227,212
E00184398,132,56,76
E00184497,354,162,192
E00184502,370,180,190
E00184528,280,118,162
E00012388,584,305,279
E00012389,453,219,234
E00012394,403,193,210
E00012395,416,208,208
E00012399,391,193,198
E00012390,370,189,181
E00012391,436,229,207
E00012392,181,86,95
E00012393,465,228,237
E00012397,473,225,248
E00012567,417,205,212
E00012601,530,292,238
E00012602,420,222,198
E00176471,395,183,212
E00184396,330,150,180
E00184405,345,165,180
E00184419,287,144,143
E00184423,238,137,101
E00012572,430,221,209
E00012573,498,257,241
E00012575,460,246,214
E00012603,498,257,241
E00012585,289,159,130
E00012597,359,176,183
E00184412,163,81,82
E00184425,211,106,105
E00184458,596,304,292
E00184524,390,204,186
E00012591,355,191,164
E00012593,334,168,166
E00184388,373,179,194
E00184463,195,93,102
E00184465,300,163,137
E00184507,607,307,300
E00012174,334,164,170
E00012203,424,218,206
E00012204,295,148,147
E00012207,421,214,207
E00012208,292,163,129
E00012568,264,126,138
E00012569,380,193,187
E00012574,446,224,222
E00012592,343,175,168
E00012599,369,186,183
E00012590,491,245,246
E00012594,364,190,174
E00012595,379,203,176
E00176472,339,177,162
E00176473,325,162,163
E00184444,527,258,269
E00184479,110,54,56
E00012576,366,172,194
E00012577,375,196,179
E00012578,366,190,176
E00012579,304,156,148
E00012580,378,187,191
E00012582,312,154,158
E00012583,374,183,191
E00012584,377,179,198
E00012587,310,153,157
E00012596,309,145,164
E00012396,416,197,219
E00012398,399,197,202
E00012401,497,253,244
E00012404,455,233,222
E00012386,482,231,251
E00012400,490,235,255
E00012402,484,231,253
E00012406,478,213,265
E00012403,431,211,220
E00012407,349,173,176
E00012410,430,219,211
E00012411,525,255,270
E00012415,404,202,202
E00012405,445,204,241
E00012408,456,211,245
E00012414,396,198,198
E00012416,407,215,192
E00184421,117,57,60
E00184433,555,267,288
E00184438,284,128,156
E00184471,145,67,78
E00184511,396,181,215
E00011974,505,253,252
E00011982,442,224,218
E00184417,442,198,244
E00184468,143,68,75
E00184477,306,174,132
E00184478,304,154,150
E00184495,192,98,94
E00012179,284,85,199
E00012184,362,172,190
E00012185,347,173,174
E00012188,536,253,283
E00012202,365,165,200
E00012175,352,183,169
E00012181,452,241,211
E00012183,429,209,220
E00012205,329,161,168
E00012206,403,186,217
E00012177,484,234,250
E00012190,386,190,196
E00012191,456,217,239
E00012194,387,182,205
E00012198,358,172,186
E00012566,366,198,168
E00012570,353,166,187
E00012571,438,219,219
E00012581,148,76,72
E00012600,298,146,152
E00012196,470,233,237
E00012200,417,201,216
E00012201,428,207,221
E00184410,567,282,285
E00184476,157,71,86
E00012176,228,115,113
E00012178,332,169,163
E00012180,351,194,157
E00012182,411,196,215
E00012186,460,236,224
E00012189,371,169,202
E00012187,482,227,255
E00012192,436,221,215
E00012195,349,150,199
E00012197,482,250,232
E00012199,396,194,202
E00012387,429,222,207
E00012409,467,226,241
E00012413,393,195,198
E00012417,433,212,221
E00012384,389,200,189
E00012385,421,230,191
E00012412,354,190,164
E00012418,431,220,211
E00012419,405,205,200
E00012422,294,154,140
E00012424,300,147,153
E00012434,246,132,114
E00012448,393,192,201
E00012451,376,182,194
E00012452,350,168,182
E00012427,297,161,136
E00012432,380,196,184
E00012433,342,181,161
E00012435,360,176,184
E00012437,388,184,204
E00184453,568,288,280
E00184505,147,83,64
E00012421,338,170,168
E00012426,310,169,141
E00012446,353,173,180
E00012453,413,199,214
E00012436,462,225,237
E00012438,381,194,187
E00012439,313,152,161
E00012441,260,134,126
E00184414,261,137,124
E00184457,377,107,270
E00012443,425,218,207
E00012444,326,172,154
E00012445,405,214,191
E00012447,318,177,141
E00165802,310,155,155
E00012783,493,260,233
E00012784,260,132,128
E00012785,256,131,125
E00012788,507,269,238
E00012814,311,159,152
E00012816,293,149,144
E00012808,247,129,118
E00012809,281,140,141
E00012811,484,239,245
E00012813,292,152,140
E00012817,316,169,147
E00012797,334,167,167
E00012798,233,125,108
E00012801,377,187,190
E00012803,322,155,167
E00012806,282,152,130
E00012799,285,144,141
E00012800,363,198,165
E00012802,347,185,162
E00012804,493,264,229
E00012805,246,127,119
E00012807,291,154,137
E00012810,326,173,153
E00012812,339,162,177
E00012815,346,179,167
E00012818,315,167,148
E00013032,328,179,149
E00013035,421,208,213
E00013040,362,190,172
E00179202,331,171,160
E00179245,438,229,209
E00179269,386,174,212
E00179273,489,253,236
E00013074,426,225,201
E00013079,461,219,242
E00013081,445,219,226
E00013082,380,189,191
E00013055,457,228,229
E00013056,348,169,179
E00013080,382,193,189
E00013083,436,226,210
E00013057,375,193,182
E00013058,307,171,136
E00013059,380,197,183
E00013060,349,173,176
E00013084,377,188,189
E00013075,245,121,124
E00013076,495,240,255
E00013078,357,194,163
E00179103,510,254,256
E00179209,230,126,104
E00013089,342,183,159
E00013090,551,267,284
E00013091,452,230,222
E00013101,525,267,258
E00013112,357,195,162
E00013096,459,236,223
E00013097,458,240,218
E00013098,399,206,193
E00013102,451,245,206
E00013109,515,223,292
E00013110,438,222,216
E00013111,596,309,287
E00013114,356,177,179
E00013086,366,199,167
E00013087,361,182,179
E00013092,531,267,264
E00013113,583,298,285
E00013115,370,196,174
E00012759,307,158,149
E00012777,312,166,146
E00012778,302,154,148
E00012779,350,176,174
E00179086,308,166,142
E00179115,187,104,83
E00179211,144,79,65
E00012755,263,133,130
E00012757,325,179,146
E00012766,310,165,145
E00166023,205,110,95
E00166024,304,159,145
E00168192,197,106,91
E00168198,106,58,48
E00179089,166,83,83
E00179239,401,202,199
E00179255,232,112,120
E00012746,292,144,148
E00012767,267,129,138
E00012769,288,143,145
E00012770,285,139,146
E00012772,376,154,222
E00012773,315,168,147
E00013314,372,194,178
E00013328,388,200,188
E00013330,345,189,156
E00013331,380,188,192
E00013336,290,138,152
E00013321,423,220,203
E00013323,435,219,216
E00168880,359,228,131
E00179108,210,112,98
E00179262,386,202,184
E00013332,293,158,135
E00166039,317,155,162
E00168878,245,114,131
E00179083,272,135,137
E00179084,247,119,128
E00179221,379,179,200
E00012786,277,127,150
E00012787,232,110,122
E00012789,337,166,171
E00012790,258,127,131
E00012791,180,84,96
E00012792,305,163,142
E00012793,335,176,159
E00012794,297,156,141
E00012795,288,148,140
E00012796,317,162,155
E00012823,443,170,273
E00012831,306,155,151
E00012836,313,159,154
E00012837,297,155,142
E00012838,303,153,150
E00012820,201,107,94
E00012842,360,197,163
E00012844,351,179,172
E00012847,306,159,147
E00012850,330,177,153
E00013354,243,131,112
E00013359,226,123,103
E00013366,272,152,120
E00013367,288,150,138
E00013372,257,132,125
E00013373,272,145,127
E00013362,354,179,175
E00013365,235,127,108
E00013368,318,166,152
E00013369,231,112,119
E00013370,249,134,115
E00012826,260,126,134
E00012839,244,130,114
E00012840,446,227,219
E00012841,287,140,147
E00012843,201,100,101
E00012846,243,130,113
E00012821,226,118,108
E00012822,384,197,187
E00012849,291,143,148
E00012851,250,125,125
E00012852,320,159,161
E00012853,254,143,111
E00012824,302,165,137
E00012825,301,156,145
E00012854,215,124,91
E00012855,362,178,184
E00012856,271,127,144
E00012827,303,160,143
E00012828,393,197,196
E00012829,242,124,118
E00012830,268,139,129
E00012834,355,187,168
E00012857,324,154,170
E00012819,186,96,90
E00012832,329,189,140
E00012833,257,128,129
E00012835,318,160,158
E00012845,300,158,142
E00012848,272,151,121
E00013279,418,216,202
E00013288,481,255,226
E00013296,339,181,158
E00166026,385,202,183
E00179126,617,312,305
E00179199,335,193,142
E00013303,390,176,214
E00013304,374,182,192
E00013306,368,192,176
E00013307,323,154,169
E00179110,191,90,101
E00179148,406,191,215
E00013278,466,235,231
E00013281,309,155,154
E00013283,334,158,176
E00013287,332,172,160
E00013308,413,206,207
E00013285,391,202,189
E00013286,425,206,219
E00013292,380,180,200
E00013293,370,196,174
E00013297,510,258,252
E00013036,437,206,231
E00013038,290,142,148
E00013039,440,213,227
E00013043,436,211,225
E00013047,489,232,257
E00013024,503,252,251
E00013026,509,258,251
E00013044,439,201,238
E00013051,468,248,220
E00013088,578,303,275
E00013093,421,223,198
E00013094,469,225,244
E00013095,452,229,223
E00013099,555,280,275
E00013106,456,236,220
E00013107,505,246,259
E00013108,485,230,255
E00013085,401,206,195
E00013100,436,226,210
E00013103,462,199,263
E00013104,418,205,213
E00013105,405,194,211
E00013037,415,212,203
E00013041,595,312,283
E00013048,404,209,195
E00179158,203,100,103
E00179256,444,217,227
E00013025,564,271,293
E00013028,428,216,212
E00013045,596,286,310
E00013052,420,221,199
E00013027,441,226,215
E00013046,367,200,167
E00013049,624,288,336
E00013050,493,254,239
E00013061,465,229,236
E00013062,434,227,207
E00013064,438,260,178
E00013065,450,226,224
E00013068,381,196,185
E00013054,413,216,197
E00013063,500,248,252
E00013066,434,217,217
E00013071,576,273,303
E00179130,364,185,179
E00179159,140,74,66
E00179200,255,128,127
E00013067,501,251,250
E00013070,516,256,260
E00013072,395,201,194
E00179111,232,81,151
E00179183,427,152,275
E00013118,503,248,255
E00013119,421,200,221
E00013121,399,201,198
E00013123,460,239,221
E00013127,487,223,264
E00013131,469,233,236
E00013133,602,290,312
E00179093,383,121,262
E00179135,318,127,191
E00013282,555,303,252
E00013290,366,168,198
E00013294,329,168,161
E00013295,385,195,190
E00013298,454,223,231
E00013284,398,199,199
E00013289,396,197,199
E00013309,401,206,195
E00013310,454,226,228
E00012880,426,226,200
E00012881,498,247,251
E00012883,409,192,217
E00012888,477,241,236
E00012879,495,254,241
E00012884,499,236,263
E00012885,601,272,329
E00012886,530,260,270
E00012865,383,182,201
E00012868,482,244,238
E00012882,475,223,252
E00012887,491,239,252
E00012858,477,235,242
E00012860,451,220,231
E00012862,400,195,205
E00012864,510,239,271
E00012869,328,167,161
E00012876,562,282,280
E00012877,624,308,316
E00012878,277,121,156
E00179121,494,255,239
E00179155,224,120,104
E00013246,333,177,156
E00013264,244,120,124
E00013266,458,245,213
E00013267,413,232,181
E00013268,267,154,113
E00013276,570,301,269
E00013242,276,146,130
E00013269,421,216,205
E00013270,483,257,226
E00013271,341,185,156
E00013273,395,225,170
E00013312,461,229,232
E00013316,371,206,165
E00013342,321,163,158
E00013343,392,185,207
E00168196,566,310,256
E00168197,325,173,152
E00013311,422,204,218
E00013337,396,209,187
E00013338,354,181,173
E00013341,317,161,156
E00168881,177,89,88
E00179187,509,282,227
E00179252,160,73,87
E00168867,463,248,215
E00168869,387,204,183
E00179191,147,83,64
E00179234,396,199,197
E00179251,279,139,140
E00013313,348,182,166
E00013315,319,162,157
E00013317,269,138,131
E00013318,325,167,158
E00013320,319,170,149
E00013122,290,149,141
E00013125,468,241,227
E00013142,277,147,130
E00168859,184,111,73
E00168864,430,216,214
E00168895,152,76,76
E00179092,549,273,276
E00179188,384,206,178
E00013116,445,224,221
E00013140,414,203,211
E00013144,444,206,238
E00013146,252,132,120
E00013147,364,161,203
E00013148,339,154,185
E00013208,344,183,161
E00013209,327,166,161
E00013210,334,174,160
E00013212,341,163,178
E00013280,331,176,155
E00013299,287,150,137
E00013300,286,139,147
E00013302,408,208,200
E00179194,144,69,75
E00179249,619,326,293
E00179128,180,91,89
E00179175,353,177,176
E00179189,441,232,209
E00179247,531,250,281
E00179265,350,167,183
E00013130,556,269,287
E00013141,434,228,206
E00179105,278,149,129
E00179118,196,101,95
E00179161,390,201,189
E00012861,415,200,215
E00012863,484,238,246
E00012866,507,244,263
E00012867,377,185,192
E00012872,603,305,298
E00012859,516,245,271
E00012870,312,167,145
E00012871,350,185,165
E00012873,455,206,249
E00012875,394,212,182
E00013215,549,267,282
E00013223,488,236,252
E00013234,539,257,282
E00013238,512,241,271
E00013232,592,313,279
E00013237,486,222,264
E00179101,354,161,193
E00179143,282,130,152
E00179165,393,185,208
E00179242,268,104,164
E00013214,387,192,195
E00013225,476,230,246
E00013226,517,247,270
E00013227,365,185,180
E00013029,473,217,256
E00013030,340,165,175
E00013031,474,232,242
E00013053,491,256,235
E00013164,404,195,209
E00013170,314,163,151
E00013172,441,214,227
E00013174,339,175,164
E00179168,503,242,261
E00179231,322,152,170
E00013233,392,184,208
E00013235,578,284,294
E00013236,536,250,286
E00166036,341,163,178
E00166037,189,85,104
E00179171,321,156,165
E00179190,149,72,77
E00013217,583,291,292
E00013221,314,173,141
E00013222,585,290,295
E00013239,412,205,207
E00013241,264,141,123
E00179095,487,233,254
E00179122,409,218,191
E00179132,387,176,211
E00179179,141,69,72
E00179228,378,189,189
E00013228,624,288,336
E00179088,475,233,242
E00179137,269,147,122
E00179217,366,167,199
E00013124,467,225,242
E00013126,315,162,153
E00013129,426,206,220
E00013136,601,287,314
E00179091,386,191,195
E00179144,149,81,68
E00179162,347,187,160
E00013159,408,200,208
E00013168,327,163,164
E00013175,528,273,255
E00013178,509,245,264
E00013182,275,135,140
E00013197,405,192,213
E00013200,330,169,161
E00013202,421,205,216
E00013203,398,196,202
E00013206,376,175,201
E00013138,582,277,305
E00168875,930,466,464
E00179163,541,283,258
E00179258,162,32,130
E00013117,413,212,201
E00013149,343,165,178
E00168886,496,233,263
E00179267,382,191,191
E00179275,343,203,140
E00013171,591,295,296
E00168852,429,209,220
E00179090,316,153,163
E00179272,322,151,171
E00013179,504,248,256
E00013181,514,236,278
E00168850,458,229,229
E00013188,437,212,225
E00013189,484,239,245
E00013191,560,286,274
E00013192,420,206,214
E00013183,287,158,129
E00013190,539,247,292
E00013194,312,167,145
E00013199,381,194,187
E00013201,393,193,200
E00013184,382,188,194
E00013193,395,184,211
E00013195,315,171,144
E00013196,407,198,209
E00013198,369,179,190
E00013185,448,225,223
E00013204,263,138,125
E00013205,368,170,198
E00013207,340,179,161
E00013186,416,201,215
E00013187,458,223,235
E00013211,196,95,101
E00013213,393,202,191
E00013263,435,223,212
E00013265,289,151,138
E00013272,307,160,147
E00013274,415,218,197
E00179112,107,63,44
E00179133,407,202,205
E00179157,234,118,116
E00013243,291,155,136
E00013244,438,246,192
E00013248,331,176,155
E00013251,351,174,177
E00013277,538,275,263
E00013245,323,172,151
E00013247,331,177,154
E00013249,411,231,180
E00013250,390,221,169
E00013252,392,194,198
E00013254,263,135,128
E00013256,335,179,156
E00013260,281,146,135
E00013261,233,118,115
E00013262,478,252,226
E00013253,383,214,169
E00013255,331,183,148
E00013257,275,138,137
E00013258,257,147,110
E00013259,412,223,189
E00013150,367,180,187
E00013153,411,207,204
E00013155,278,152,126
E00013160,397,197,200
E00013161,398,204,194
E00013177,361,186,175
E00013152,440,215,225
E00013162,394,212,182
E00013180,580,279,301
E00168199,414,217,197
E00168853,399,209,190
E00168855,298,150,148
E00013154,532,273,259
E00013157,392,191,201
E00013158,433,206,227
E00013163,554,274,280
E00013156,408,187,221
E00013166,445,219,226
E00013167,614,273,341
E00013169,450,206,244
E00013224,500,238,262
E00179094,173,80,93
E00179098,131,64,67
E00179104,545,185,360
E00179244,513,261,252
E00012726,376,191,185
E00012727,396,213,183
E00012728,426,198,228
E00012729,474,216,258
E00012731,394,191,203
E00012713,364,181,183
E00012714,466,236,230
E00012715,417,216,201
E00012730,307,182,125
E00012734,303,157,146
E00012889,390,196,194
E00012898,438,201,237
E00012900,348,169,179
E00012919,387,195,192
E00179142,251,138,113
E00179240,587,291,296
E00179270,264,116,148
E00012891,487,210,277
E00012903,307,154,153
E00012904,285,147,138
E00012906,404,209,195
E00012909,331,186,145
E00012912,336,191,145
E00012892,603,282,321
E00012910,497,254,243
E00012911,386,194,192
E00012914,344,187,157
E00012916,429,228,201
E00012732,463,233,230
E00012736,560,317,243
E00012739,478,246,232
E00012744,179,93,86
E00012745,399,213,186
E00012733,507,268,239
E00012735,361,177,184
E00012738,356,184,172
E00012740,321,167,154
E00168873,382,196,186
E00168894,271,143,128
E00012720,454,249,205
E00012721,461,234,227
E00012742,494,243,251
E00166034,368,185,183
E00168182,385,218,167
E00168863,414,217,197
E00012716,443,229,214
E00012719,444,231,213
E00012722,443,226,217
E00012741,336,160,176
E00012743,345,182,163
E00012717,521,225,296
E00012723,432,243,189
E00012724,366,181,185
E00012725,398,219,179
E00012890,372,200,172
E00012894,386,196,190
E00012896,353,185,168
E00012897,388,193,195
E00012918,405,200,205
E00012899,406,215,191
E00012902,510,276,234
E00012908,452,216,236
E00012913,433,206,227
E00012915,466,231,235
E00012893,574,291,283
E00012895,387,179,208
E00012905,436,214,222
E00012907,452,218,234
E00012917,464,238,226
E00013007,397,191,206
E00013009,395,184,211
E00013010,318,156,162
E00013013,499,240,259
E00013015,416,219,197
E00013008,308,153,155
E00013011,405,195,210
E00013014,374,176,198
E00013017,377,206,171
E00179210,474,240,234
E00179271,165,78,87
E00012990,488,228,260
E00013016,384,197,187
E00013019,348,173,175
E00013020,354,166,188
E00013022,353,169,184
E00012939,511,249,262
E00012943,450,231,219
E00012949,204,101,103
E00012953,366,184,182
E00012954,397,190,207
E00012934,256,142,114
E00012936,362,189,173
E00012940,311,162,149
E00012942,310,157,153
E00012945,340,161,179
E00012946,413,212,201
E00012948,381,197,184
E00012951,393,197,196
E00012952,469,226,243
E00012929,366,188,178
E00012930,553,295,258
E00012931,316,158,158
E00166040,332,168,164
E00168889,379,188,191
E00012932,267,125,142
E00012933,303,164,139
E00166032,359,185,174
E00166042,281,152,129
E00168884,278,159,119
E00168892,268,147,121
E00166044,635,315,320
E00168183,216,115,101
E00168866,362,180,182
E00168870,218,118,100
E00168887,258,118,140
E00168891,164,77,87
E00012965,459,242,217
E00012966,356,190,166
E00012967,442,231,211
E00012971,379,181,198
E00012972,345,187,158
E00012975,392,197,195
E00012976,404,221,183
E00012980,262,137,125
E00012984,227,115,112
E00179185,359,154,205
E00179266,364,173,191
E00012974,357,187,170
E00012977,267,133,134
E00012981,387,207,180
E00012982,351,178,173
E00012983,324,161,163
E00012963,367,185,182
E00012964,544,259,285
E00012969,423,216,207
E00012973,480,236,244
E00179096,473,192,281
E00179127,160,72,88
E00012992,271,149,122
E00012993,321,165,156
E00013003,238,120,118
E00013021,302,165,137
E00013023,492,247,245
E00012937,340,197,143
E00012941,286,141,145
E00012944,329,160,169
E00012947,247,123,124
E00168181,302,167,135
E00179152,516,131,385
E00179235,123,61,62
E00012920,452,217,235
E00012923,385,190,195
E00166029,368,181,187
E00166031,327,171,156
E00168180,343,172,171
E00012925,361,171,190
E00012926,373,189,184
E00012927,448,223,225
E00012928,313,163,150
E00012994,347,174,173
E00012995,381,166,215
E00012999,353,171,182
E00013001,316,153,163
E00179141,114,60,54
E00179184,609,305,304
E00012991,509,262,247
E00012996,394,202,192
E00012998,373,181,192
E00013002,347,165,182
E00012957,366,189,177
E00012958,437,226,211
E00012978,480,244,236
E00012979,319,167,152
E00012987,298,145,153
E00012956,359,172,187
E00012985,325,157,168
E00012986,315,155,160
E00012988,419,226,193
E00012989,403,195,208
E00012955,322,156,166
E00012959,307,149,158
E00012960,395,200,195
E00012961,466,248,218
E00012962,270,148,122
E00012997,256,125,131
E00013000,371,189,182
E00013004,317,146,171
E00013005,346,178,168
E00013006,342,161,181
E00013344,319,156,163
E00013345,344,156,188
E00013363,257,138,119
E00013364,237,122,115
E00013371,285,141,144
E00013374,229,115,114
E00013375,325,152,173
E00013376,455,204,251
E00013378,301,146,155
E00013379,285,133,152
E00013383,266,139,127
E00013350,284,149,135
E00013351,269,144,125
E00013357,313,153,160
E00013358,325,166,159
E00013361,295,169,126
E00179140,237,127,110
E00179225,187,98,89
E00179264,194,107,87
E00013348,232,117,115
E00013349,233,104,129
E00013352,271,146,125
E00013353,356,167,189
E00013380,356,185,171
E00013381,343,192,151
E00013346,292,150,142
E00013347,274,134,140
E00013355,195,87,108
E00013356,336,177,159
E00013360,162,83,79
E00013384,182,91,91
E00165798,361,175,186
E00012761,361,175,186
E00012774,389,188,201
E00012775,371,183,188
E00012780,363,194,169
E00012762,458,253,205
E00012764,536,295,241
E00179082,262,166,96
E00168185,343,179,164
E00168194,337,172,165
E00179119,363,190,173
E00179213,246,124,122
E00179263,153,83,70
E00168858,533,286,247
E00179170,434,205,229
E00179216,103,52,51
E00179268,160,74,86
E00012750,372,177,195
E00012753,399,200,199
E00012754,310,162,148
E00012776,301,178,123
E00012781,266,142,124
E00012782,246,135,111
E00013327,366,184,182
E00168187,491,231,260
E00168188,247,129,118
E00168190,229,125,104
E00168877,263,126,137
E00013324,161,84,77
E00013333,252,138,114
E00013334,280,139,141
E00013335,233,130,103
E00168189,217,105,112
E00168191,115,53,62
E00179123,595,326,269
E00179186,277,139,138
E00179237,256,124,132
E00179243,412,205,207
E00179274,254,116,138
E00012747,433,239,194
E00012749,389,209,180
E00012768,275,142,133
E00012771,361,201,160
E00168186,192,104,88
E00168193,300,129,171
E00013708,292,158,134
E00013733,280,152,128
E00013734,239,130,109
E00013736,254,122,132
E00013740,257,139,118
E00013710,259,128,131
E00013730,224,107,117
E00013731,278,148,130
E00013735,294,161,133
E00013739,259,132,127
E00013714,295,159,136
E00013724,464,249,215
E00013732,198,106,92
E00013737,264,148,116
E00013741,317,180,137
E00013742,197,114,83
E00014000,284,146,138
E00014001,262,140,122
E00014010,363,200,163
E00014013,285,166,119
E00014018,346,190,156
E00013996,293,156,137
E00014021,311,171,140
E00014022,287,129,158
E00014026,333,198,135
E00014027,225,118,107
E00014030,254,140,114
E00014003,278,154,124
E00014004,204,111,93
E00014005,340,166,174
E00014006,266,135,131
E00014007,293,140,153
E00014009,362,187,175
E00013706,383,200,183
E00013723,211,113,98
E00013726,226,130,96
E00013728,319,173,146
E00013729,307,165,142
E00013712,260,136,124
E00013713,353,182,171
E00013715,301,160,141
E00013722,309,172,137
E00013727,326,185,141
E00013707,449,247,202
E00013711,456,243,213
E00013738,224,114,110
E00013743,321,169,152
E00013709,346,213,133
E00013716,315,170,145
E00013717,319,155,164
E00013719,239,133,106
E00013725,282,153,129
E00013704,257,143,114
E00013705,413,213,200
E00013718,306,178,128
E00013720,388,221,167
E00013721,374,198,176
E00013790,346,172,174
E00013808,242,142,100
E00013809,350,181,169
E00013811,244,138,106
E00013812,277,123,154
E00013818,424,195,229
E00013600,287,154,133
E00013601,254,147,107
E00013602,280,148,132
E00013603,245,127,118
E00013604,586,307,279
E00183772,212,114,98
E00183823,585,351,234
E00183898,234,107,127
E00183909,272,155,117
E00013999,266,136,130
E00014008,193,108,85
E00014011,295,147,148
E00014012,183,87,96
E00014016,279,156,123
E00014020,217,106,111
E00014002,367,197,170
E00014014,328,186,142
E00014015,311,162,149
E00014017,307,170,137
E00014019,335,178,157
E00013997,445,232,213
E00014023,266,123,143
E00014024,307,166,141
E00014025,340,190,150
E00014032,283,156,127
E00014037,273,154,119
E00014028,291,165,126
E00014029,314,171,143
E00014031,272,152,120
E00014033,380,197,183
E00014035,227,115,112
E00014036,211,111,100
E00013998,309,177,132
E00014034,350,185,165
E00014038,209,118,91
E00014039,275,149,126
E00014040,313,162,151
E00014041,292,144,148
E00013786,246,130,116
E00013787,228,130,98
E00013799,303,155,148
E00013800,221,141,80
E00013803,217,124,93
E00013804,203,108,95
E00013805,194,101,93
E00013788,285,148,137
E00013789,321,173,148
E00013806,289,152,137
E00013807,394,219,175
E00183941,161,71,90
E00184078,225,122,103
E00184096,165,85,80
E00013785,358,204,154
E00013794,346,185,161
E00013797,258,151,107
E00013817,263,144,119
E00013827,317,175,142
E00013810,302,156,146
E00013814,296,156,140
E00013816,322,118,204
E00013819,220,127,93
E00013820,188,102,86
E00013822,148,74,74
E00013823,167,88,79
E00013791,372,206,166
E00013792,368,201,167
E00013815,276,146,130
E00013821,304,173,131
E00013824,303,165,138
E00013825,257,133,124
E00013826,259,144,115
E00013580,283,130,153
E00013584,309,168,141
E00013588,310,156,154
E00013598,317,180,137
E00174767,232,110,122
E00174815,357,173,184
E00013606,469,247,222
E00013612,352,191,161
E00013614,331,187,144
E00013615,412,224,188
E00174769,550,302,248
E00174817,253,136,117
E00013605,258,137,121
E00013609,347,185,162
E00013611,283,146,137
E00013616,294,151,143
E00013617,296,166,130
E00013582,375,196,179
E00013608,208,106,102
E00013610,330,174,156
E00013613,366,180,186
E00013619,269,141,128
E00013620,398,209,189
E00013668,297,158,139
E00013671,270,146,124
E00013673,204,103,101
E00013675,441,232,209
E00013679,292,159,133
E00013680,333,178,155
E00013627,347,173,174
E00013632,314,152,162
E00013638,349,179,170
E00013639,352,169,183
E00183967,429,261,168
E00184122,208,135,73
E00013663,312,174,138
E00013664,312,161,151
E00013665,375,195,180
E00013693,249,131,118
E00013700,310,152,158
E00013694,321,168,153
E00013695,429,214,215
E00013696,253,129,124
E00013697,297,150,147
E00013699,354,204,150
E00013667,536,288,248
E00013701,316,159,157
E00013702,345,187,158
E00013703,327,181,146
E00174820,387,180,207
E00174822,479,232,247
E00174828,447,215,232
E00013669,362,194,168
E00013670,355,186,169
E00013676,267,136,131
E00013698,295,159,136
E00174831,258,118,140
E00013581,278,125,153
E00013587,317,162,155
E00013589,299,164,135
E00013593,306,147,159
E00013595,243,129,114
E00013599,308,157,151
E00013583,454,232,222
E00013585,316,157,159
E00013586,236,118,118
E00013591,252,121,131
E00013622,187,95,92
E00013763,205,105,100
E00013764,341,181,160
E00013765,213,114,99
E00013768,227,117,110
E00013771,314,155,159
E00013592,286,150,136
E00174787,327,154,173
E00174814,357,181,176
E00183949,269,142,127
E00184049,336,188,148
E00013596,281,137,144
E00013597,409,210,199
E00174789,309,148,161
E00174791,283,150,133
E00013793,223,112,111
E00013795,393,194,199
E00013796,265,146,119
E00013798,216,106,110
E00013802,353,178,175
E00183723,407,212,195
E00013886,390,187,203
E00013887,420,229,191
E00013888,415,215,200
E00013889,291,143,148
E00013890,344,173,171
E00013872,265,136,129
E00013873,258,132,126
E00013876,329,162,167
E00013893,304,157,147
E00013895,221,114,107
E00013896,198,99,99
E00013901,245,130,115
E00013898,280,148,132
E00013900,317,176,141
E00013902,317,157,160
E00013903,280,142,138
E00013905,401,220,181
E00013906,254,137,117
E00013650,265,137,128
E00013651,283,150,133
E00013652,365,191,174
E00013656,483,243,240
E00013658,262,142,120
E00013660,215,119,96
E00013628,353,169,184
E00013633,283,139,144
E00013635,225,124,101
E00013636,340,182,158
E00013637,332,182,150
E00013629,301,162,139
E00013640,392,202,190
E00013641,239,130,109
E00013642,375,191,184
E00013644,218,105,113
E00013643,240,109,131
E00013645,226,114,112
E00013646,255,131,124
E00013647,229,118,111
E00013648,157,74,83
E00013649,205,108,97
E00013672,277,148,129
E00013677,368,195,173
E00013678,442,223,219
E00013683,266,156,110
E00013684,266,139,127
E00013749,282,146,136
E00013774,312,158,154
E00013777,260,127,133
E00013781,312,168,144
E00013782,346,200,146
E00013784,302,174,128
E00013877,464,231,233
E00013881,297,149,148
E00013882,256,143,113
E00013883,287,147,140
E00013884,259,124,135
E00013885,137,70,67
E00013878,270,130,140
E00013880,275,137,138
E00013908,456,242,214
E00013909,215,117,98
E00013910,248,127,121
E00013912,291,141,150
E00013874,192,109,83
E00013891,312,169,143
E00013894,319,168,151
E00013897,226,100,126
E00013899,224,116,108
E00183760,280,152,128
E00183798,192,116,76
E00184006,193,109,84
E00013875,414,207,207
E00013879,305,146,159
E00013904,258,139,119
E00013907,231,110,121
E00013911,261,148,113
E00013745,370,171,199
E00013746,278,154,124
E00013747,308,142,166
E00013776,350,180,170
E00013778,291,152,139
E00013780,279,158,121
E00013744,349,198,151
E00013766,274,149,125
E00013767,316,179,137
E00013769,250,130,120
E00013770,318,169,149
E00013772,429,219,210
E00013773,213,132,81
E00013748,260,132,128
E00013783,452,222,230
E00174745,323,185,138
E00174759,335,167,168
E00174794,359,185,174
E00183886,179,92,87
E00183924,327,162,165
E00013752,339,166,173
E00013760,417,211,206
E00174755,267,152,115
E00174756,623,377,246
E00013674,333,161,172
E00013682,387,178,209
E00013691,369,189,180
E00174792,225,102,123
E00174826,387,181,206
E00174837,233,120,113
E00183775,279,142,137
E00183801,282,133,149
E00183802,217,94,123
E00183870,233,120,113
E00183963,409,199,210
E00174845,177,94,83
E00183763,294,168,126
E00183884,268,146,122
E00183899,158,87,71
E00183983,266,131,135
E00013830,287,148,139
E00013831,322,177,145
E00013844,310,162,148
E00013852,237,126,111
E00013854,212,117,95
E00013867,307,162,145
E00013829,289,163,126
E00013835,565,297,268
E00013857,535,242,293
E00013869,282,164,118
E00013871,269,138,131
E00013838,327,180,147
E00013840,302,157,145
E00013841,308,153,155
E00013842,217,111,106
E00013843,181,104,77
E00013859,415,214,201
E00013839,243,130,113
E00013845,283,146,137
E00013856,523,240,283
E00013858,378,217,161
E00013860,314,168,146
E00013846,290,147,143
E00013847,298,161,137
E00013848,280,146,134
E00013849,320,190,130
E00013850,245,125,120
E00013624,181,89,92
E00013626,359,202,157
E00013653,349,189,160
E00013654,197,101,96
E00013655,469,249,220
E00013657,284,144,140
E00013625,298,167,131
E00013630,218,117,101
E00013631,517,316,201
E00013659,311,150,161
E00013662,305,152,153
E00183827,143,77,66
E00183846,247,127,120
E00183938,219,124,95
E00013681,125,68,57
E00013685,233,118,115
E00013687,296,152,144
E00013688,273,138,135
E00013689,192,105,87
E00013690,294,159,135
E00013933,362,188,174
E00013934,321,189,132
E00013935,228,120,108
E00013939,279,151,128
E00013941,240,134,106
E00174742,226,119,107
E00174752,281,139,142
E00013936,335,165,170
E00013938,356,180,176
E00013940,175,84,91
E00013943,243,113,130
E00013525,286,165,121
E00013526,489,266,223
E00013527,390,212,178
E00013528,289,155,134
E00013531,311,164,147
E00174833,201,117,84
E00174842,291,162,129
E00013512,310,148,162
E00013532,308,161,147
E00013535,255,133,122
E00013536,235,115,120
E00013539,239,118,121
E00013542,226,124,102
E00013508,306,177,129
E00013509,227,129,98
E00013510,205,104,101
E00013514,281,149,132
E00013517,212,122,90
E00013520,403,205,198
E00013828,282,159,123
E00013836,241,118,123
E00013866,339,180,159
E00013868,290,149,141
E00013870,258,147,111
E00013832,254,147,107
E00013833,231,130,101
E00013834,316,169,147
E00013837,336,182,154
E00013861,292,160,132
E00013865,434,232,202
E00013851,287,151,136
E00013853,314,157,157
E00013855,312,157,155
E00013862,199,104,95
E00013863,247,129,118
E00013864,340,188,152
E00013467,341,179,162
E00013497,268,153,115
E00013501,451,254,197
E00183722,364,183,181
E00183852,201,109,92
E00183906,214,108,106
E00184113,277,161,116
E00013468,262,141,121
E00013495,220,111,109
E00013496,281,149,132
E00174795,248,140,108
E00174797,368,212,156
E00013466,309,160,149
E00013490,222,109,113
E00013492,304,136,168
E00013493,318,176,142
E00013494,790,128,662
E00183803,286,162,124
E00183873,290,138,152
E00184109,290,169,121
E00013754,364,190,174
E00013755,280,140,140
E00013757,175,88,87
E00174741,563,295,268
E00174744,152,76,76
E00174747,543,295,248
E00174749,110,56,54
E00183861,135,75,60
E00183930,533,309,224
E00013751,501,271,230
E00013756,419,230,189
E00013758,422,210,212
E00013762,209,100,109
E00184093,360,182,178
E00184137,269,140,129
E00013521,313,170,143
E00013522,274,143,131
E00013524,279,154,125
E00013533,341,168,173
E00013507,172,88,84
E00013511,218,122,96
E00013515,264,132,132
E00013523,290,152,138
E00013529,288,142,146
E00013538,260,128,132
E00013506,306,176,130
E00013530,444,249,195
E00013534,446,240,206
E00013540,291,170,121
E00174823,126,76,50
E00174829,313,171,142
E00174840,195,109,86
E00013945,186,93,93
E00013946,191,101,90
E00013947,311,156,155
E00013948,276,147,129
E00013952,208,98,110
E00013953,241,125,116
E00013917,225,128,97
E00013920,273,162,111
E00013942,312,163,149
E00013944,518,282,236
E00013949,281,148,133
E00013950,249,137,112
E00013914,311,163,148
E00013919,223,117,106
E00013922,296,178,118
E00013923,180,88,92
E00013927,254,131,123
E00013928,276,141,135
E00013930,309,177,132
E00013397,457,230,227
E00013398,288,147,141
E00013399,424,218,206
E00013400,187,91,96
E00013401,240,126,114
E00174836,254,122,132
E00174847,188,90,98
E00013386,256,123,133
E00013387,216,121,95
E00013402,216,113,103
E00013403,242,120,122
E00013405,263,130,133
E00013406,291,135,156
E00013404,296,126,170
E00013407,226,117,109
E00013408,317,154,163
E00013410,246,130,116
E00013412,291,148,143
E00013469,230,122,108
E00013474,406,206,200
E00013479,289,138,151
E00013500,314,170,144
E00013504,300,140,160
E00013913,234,121,113
E00013915,265,145,120
E00013918,350,192,158
E00013921,303,163,140
E00013924,238,132,106
E00013925,209,107,102
E00013951,251,130,121
E00013513,269,143,126
E00013516,297,150,147
E00013518,259,138,121
E00013519,171,84,87
E00013541,448,255,193
E00013954,315,160,155
E00013962,322,173,149
E00013969,356,191,165
E00013970,254,134,120
E00013971,258,128,130
E00013972,320,169,151
E00013975,297,152,145
E00013978,257,141,116
E00013981,210,101,109
E00013982,297,137,160
E00013983,325,145,180
E00013984,264,136,128
E00013991,325,146,179
E00013973,300,167,133
E00013974,252,132,120
E00013977,253,143,110
E00013979,320,171,149
E00013980,267,131,136
E00174801,211,97,114
E00174806,142,84,58
E00174812,162,78,84
E00013957,330,156,174
E00013989,469,236,233
E00013994,369,170,199
E00183792,369,202,167
E00183969,233,118,115
E00013411,315,146,169
E00013414,407,226,181
E00013415,330,183,147
E00013416,329,201,128
E00013418,287,165,122
E00013391,210,117,93
E00013392,531,295,236
E00013393,236,123,113
E00013395,204,101,103
E00013417,317,176,141
E00174805,320,172,148
E00174843,148,88,60
E00013470,554,317,237
E00013471,263,132,131
E00013475,158,90,68
E00013478,318,171,147
E00013481,390,210,180
E00013464,325,183,142
E00013480,305,171,134
E00013482,371,196,175
E00013483,282,159,123
E00013485,318,195,123
E00013472,275,160,115
E00013473,429,228,201
E00013477,313,172,141
E00013502,358,186,172
E00013503,310,177,133
E00013388,266,142,124
E00013389,215,107,108
E00013409,352,187,165
E00013413,210,108,102
E00013419,338,181,157
E00013420,366,181,185
E00013916,322,177,145
E00013926,541,289,252
E00013929,357,186,171
E00013932,364,183,181
E00174753,256,144,112
E00174839,198,91,107
E00013958,229,112,117
E00013985,247,115,132
E00013986,238,122,116
E00013988,254,135,119
E00013990,220,112,108
E00013995,272,152,120
E00013956,284,155,129
E00013960,349,196,153
E00013963,296,167,129
E00013965,299,137,162
E00013992,370,181,189
E00013993,257,123,134
E00013959,382,210,172
E00013961,462,220,242
E00013964,225,116,109
E00013966,240,111,129
E00013967,235,125,110
E00174808,186,91,95
E00174811,359,179,180
E00183914,178,94,84
E00183920,214,120,94
E00183927,306,171,135
E00183990,231,109,122
E00184098,197,89,108
E00013385,313,165,148
E00013390,342,139,203
E00013421,363,196,167
E00013422,251,122,129
E00013423,209,118,91
E00013465,200,99,101
E00013484,195,96,99
E00013486,336,176,160
E00013487,391,197,194
E00013488,588,326,262
E00013489,318,170,148
E00013551,235,124,111
E00013552,268,143,125
E00013556,269,144,125
E00013557,331,164,167
E00013559,175,89,86
E00013562,236,127,109
E00013543,278,147,131
E00013553,281,135,146
E00013554,435,248,187
E00013555,324,184,140
E00013544,344,166,178
E00013558,347,227,120
E00013560,261,135,126
E00013564,289,150,139
E00013567,256,121,135
E00013435,369,168,201
E00013437,220,111,109
E00013439,171,89,82
E00013441,241,131,110
E00174761,271,112,159
E00174763,219,105,114
E00174764,331,169,162
E00013561,283,130,153
E00013563,208,103,105
E00013566,304,156,148
E00013570,237,149,88
E00013574,368,194,174
E00013576,240,120,120
E00013545,214,121,93
E00013546,243,122,121
E00013547,374,187,187
E00013548,342,185,157
E00013549,318,139,179
E00013550,432,209,223
E00013569,334,153,181
E00013571,352,188,164
E00013577,408,219,189
E00013579,265,139,126
E00013565,408,239,169
E00013568,274,164,110
E00013572,325,151,174
E00013573,214,119,95
E00013575,255,132,123
E00013578,237,130,107
E00013431,167,64,103
E00174773,199,92,107
E00174781,250,128,122
E00174783,229,98,131
E00174784,226,103,123
E00174786,389,190,199
E00013430,136,49,87
E00013434,222,114,108
E00013447,321,158,163
E00174775,271,131,140
E00183732,452,267,185
E00013442,369,183,186
E00013445,217,113,104
E00013446,234,112,122
E00013448,230,122,108
E00013450,140,70,70
E00013452,282,149,133
E00013425,407,210,197
E00013443,432,232,200
E00013449,231,135,96
E00183910,264,147,117
E00183988,269,142,127
E00184023,260,152,108
E00184029,377,192,185
E00184105,229,113,116
E00013444,340,181,159
E00013457,230,115,115
E00174766,215,103,112
E00183721,548,289,259
E00183839,274,139,135
E00183877,289,156,133
E00183937,257,122,135
E00183977,187,84,103
E00013428,329,146,183
E00013429,220,119,101
E00013455,288,142,146
E00013461,473,264,209
E00013462,223,116,107
E00013463,248,139,109
E00174770,152,59,93
E00174772,418,201,217
E00013424,293,157,136
E00013426,200,86,114
E00013432,356,203,153
E00013454,360,209,151
E00013458,468,241,227
E00013460,360,175,185
E00014303,190,95,95
E00014311,201,109,92
E00014312,383,210,173
E00175095,312,181,131
E00190370,497,276,221
E00190417,292,146,146
E00190443,339,175,164
E00014316,195,99,96
E00190371,390,187,203
E00190447,275,138,137
E00190448,281,117,164
E00190451,285,127,158
E00014309,505,276,229
E00014314,250,138,112
E00014315,106,58,48
E00014321,242,146,96
E00014300,329,184,145
E00014301,409,219,190
E00014323,332,160,172
E00014324,301,164,137
E00014327,221,108,113
E00014304,238,118,120
E00014305,540,264,276
E00014310,220,99,121
E00190372,377,174,203
E00014615,344,183,161
E00014620,352,181,171
E00014624,239,125,114
E00014629,202,101,101
E00014630,158,91,67
E00014621,537,264,273
E00014623,277,149,128
E00014626,300,163,137
E00014628,310,175,135
E00014634,247,113,134
E00014616,274,141,133
E00014622,466,243,223
E00014625,279,156,123
E00014633,296,154,142
E00014636,437,238,199
E00014619,298,175,123
E00014627,252,147,105
E00014631,312,169,143
E00014632,303,166,137
E00014641,120,62,58
E00014450,232,126,106
E00014451,237,129,108
E00014452,613,380,233
E00014453,180,90,90
E00014456,308,167,141
E00014458,262,146,116
E00014446,306,149,157
E00014460,336,182,154
E00014462,337,184,153
E00014465,269,135,134
E00190406,476,277,199
E00190424,462,250,212
E00014454,250,122,128
E00014455,293,164,129
E00014457,239,112,127
E00014459,213,109,104
E00014463,174,88,86
E00014464,275,133,142
E00014635,253,139,114
E00014637,378,189,189
E00014638,213,113,100
E00014640,300,162,138
E00014643,250,122,128
E00014614,305,151,154
E00014617,294,157,137
E00014618,273,153,120
E00014639,326,170,156
E00014642,552,297,255
E00014644,381,195,186
E00014163,265,131,134
E00014168,222,113,109
E00014170,250,135,115
E00014171,208,99,109
E00014173,153,77,76
E00014175,293,145,148
E00014150,263,131,132
E00014151,500,246,254
E00014162,333,172,161
E00014164,214,100,114
E00014165,220,120,100
E00014167,195,97,98
E00014153,213,106,107
E00014166,169,88,81
E00014169,288,138,150
E00014172,244,101,143
E00014174,265,136,129
E00014177,307,180,127
E00014178,232,134,98
E00014152,296,174,122
E00014154,300,169,131
E00014157,413,240,173
E00014176,271,152,119
E00014179,168,97,71
E00014181,183,95,88
E00014302,187,102,85
E00014322,197,101,96
E00014325,248,141,107
E00014326,203,110,93
E00014328,344,191,153
E00014329,253,135,118
E00014412,417,198,219
E00014415,386,200,186
E00014419,359,184,175
E00014438,225,105,120
E00014439,206,113,93
E00014413,188,104,84
E00014414,244,132,112
E00014418,192,97,95
E00014422,244,125,119
E00014423,245,142,103
E00014425,238,129,109
E00014440,523,210,313
E00014442,213,117,96
E00014461,524,247,277
E00014468,324,189,135
E00014470,359,227,132
E00014466,335,175,160
E00014469,297,157,140
E00190375,512,241,271
E00014441,410,210,200
E00014447,366,197,169
E00014448,301,166,135
E00014449,282,133,149
E00014477,120,68,52
E00014490,156,90,66
E00014492,131,63,68
E00014494,197,139,58
E00014497,176,91,85
E00014498,120,70,50
E00014502,148,80,68
E00014473,201,106,95
E00014481,217,116,101
E00014484,166,92,74
E00014485,261,143,118
E00014486,257,146,111
E00014501,190,98,92
E00014506,177,93,84
E00014475,169,90,79
E00014482,202,103,99
E00014483,172,92,80
E00014495,191,118,73
E00014500,117,65,52
E00175087,533,357,176
E00014474,260,135,125
E00014476,169,81,88
E00014478,204,119,85
E00014479,143,77,66
E00014480,178,91,87
E00014496,171,97,74
E00014505,192,111,81
E00014471,136,66,70
E00014487,232,131,101
E00014488,159,77,82
E00014489,157,81,76
E00014491,255,129,126
E00014493,229,120,109
E00014499,152,87,65
E00014155,156,83,73
E00014156,126,65,61
E00014158,139,75,64
E00014159,172,80,92
E00014160,175,110,65
E00014161,201,114,87
E00014180,244,124,120
E00014408,199,104,95
E00014409,288,151,137
E00014410,236,114,122
E00014421,223,119,104
E00014426,272,153,119
E00014428,245,129,116
E00014407,330,152,178
E00014424,263,135,128
E00014427,245,121,124
E00014429,313,177,136
E00014430,213,110,103
E00014431,220,115,105
E00014432,228,131,97
E00014433,245,132,113
E00014434,223,129,94
E00014435,217,112,105
E00014411,186,102,84
E00014416,264,141,123
E00014417,210,119,91
E00014420,197,119,78
E00014436,219,119,100
E00014437,187,101,86
E00014120,213,118,95
E00014121,144,72,72
E00014125,258,136,122
E00014127,201,110,91
E00014130,230,127,103
E00014132,183,83,100
E00014122,158,79,79
E00014123,314,147,167
E00014124,535,295,240
E00014126,260,140,120
E00014129,102,54,48
E00014135,417,225,192
E00014118,204,107,97
E00014128,188,97,91
E00014131,138,83,55
E00014133,184,99,85
E00014134,181,99,82
E00014136,145,79,66
E00014137,214,114,100
E00014117,255,138,117
E00014138,296,135,161
E00014139,155,97,58
E00014142,231,123,108
E00014144,222,116,106
E00014145,163,85,78
E00014147,185,97,88
E00014148,206,109,97
E00014119,276,144,132
E00014140,201,106,95
E00014141,196,108,88
E00014143,161,77,84
E00014146,205,100,105
E00014149,149,65,84
E00014377,334,185,149
E00014384,271,152,119
E00014390,381,190,191
E00014392,215,120,95
E00014393,279,151,128
E00014378,287,146,141
E00014381,182,101,81
E00014386,320,165,155
E00014387,267,146,121
E00014388,195,104,91
E00014394,580,334,246
E00014375,392,232,160
E00014376,261,151,110
E00014395,177,89,88
E00014396,258,147,111
E00014397,329,186,143
E00014398,266,160,106
E00014380,269,133,136
E00014382,434,230,204
E00014383,253,135,118
E00014399,124,71,53
E00014400,137,70,67
E00014401,138,75,63
E00014372,197,105,92
E00014373,175,94,81
E00014402,463,287,176
E00014403,190,106,84
E00014404,214,120,94
E00014405,154,88,66
E00014406,344,181,163
E00014508,181,87,94
E00014509,166,86,80
E00014510,141,73,68
E00014511,151,97,54
E00014514,206,110,96
E00014535,198,103,95
E00014518,175,87,88
E00014520,222,126,96
E00014526,127,64,63
E00014530,180,97,83
E00014531,130,63,67
E00190404,220,123,97
E00190463,504,297,207
E00014523,282,156,126
E00014524,224,123,101
E00014532,166,96,70
E00014537,283,151,132
E00014538,222,119,103
E00014539,222,115,107
E00014507,240,132,108
E00014521,194,94,100
E00014522,154,83,71
E00014525,245,128,117
E00014528,234,123,111
E00014529,118,62,56
E00014512,208,114,94
E00014527,161,83,78
E00014533,205,99,106
E00014534,155,78,77
E00014536,173,84,89
E00014540,174,86,88
E00014541,214,110,104
E00014044,237,123,114
E00014045,229,123,106
E00014047,229,113,116
E00014049,255,138,117
E00014067,278,160,118
E00014070,256,130,126
E00014052,219,114,105
E00014053,138,80,58
E00014054,174,93,81
E00014055,225,132,93
E00014057,164,77,87
E00014077,241,144,97
E00014043,205,109,96
E00014061,204,109,95
E00014063,172,107,65
E00014064,249,142,107
E00014066,226,121,105
E00014056,205,108,97
E00014062,205,108,97
E00014065,236,141,95
E00014068,221,122,99
E00014072,270,141,129
E00014076,207,107,100
E00014374,399,211,188
E00014379,284,139,145
E00014385,248,128,120
E00014389,185,92,93
E00014391,333,170,163
E00014083,137,52,85
E00014084,150,90,60
E00014085,169,63,106
E00014086,287,155,132
E00014087,174,94,80
E00014092,123,66,57
E00014095,164,93,71
E00014096,183,92,91
E00014088,164,85,79
E00014089,168,88,80
E00014090,156,76,80
E00014091,143,75,68
E00014093,164,85,79
E00014097,136,73,63
E00014098,157,93,64
E00014339,159,94,65
E00014342,175,97,78
E00014347,201,104,97
E00014363,184,100,84
E00014367,161,84,77
E00014368,181,93,88
E00014371,182,100,82
E00014338,147,78,69
E00014358,135,65,70
E00014361,121,64,57
E00014362,235,121,114
E00014365,195,107,88
E00014366,152,80,72
E00014370,162,86,76
E00014330,188,106,82
E00014331,192,102,90
E00014332,172,91,81
E00014356,115,59,56
E00014357,127,69,58
E00014359,148,78,70
E00014360,174,93,81
E00014048,189,102,87
E00014050,155,69,86
E00014069,260,134,126
E00014071,243,120,123
E00014073,195,96,99
E00014074,230,121,109
E00014075,225,116,109
E00014183,190,91,99
E00014189,175,95,80
E00014199,174,90,84
E00014200,144,78,66
E00014202,207,123,84
E00014206,101,57,44
E00014207,254,136,118
E00014184,238,102,136
E00014185,200,109,91
E00014186,182,94,88
E00014187,210,107,103
E00014188,197,95,102
E00014195,135,67,68
E00014219,112,64,48
E00014220,267,139,128
E00014282,326,177,149
E00014284,133,66,67
E00014286,305,136,169
E00014290,191,96,95
E00014292,218,101,117
E00190368,235,66,169
E00014513,166,78,88
E00014516,239,130,109
E00014542,205,120,85
E00014543,187,98,89
E00014544,167,94,73
E00190396,114,52,62
E00190464,486,238,248
E00014078,173,99,74
E00014079,178,97,81
E00014094,162,80,82
E00014099,158,82,76
E00014100,232,135,97
E00014102,180,85,95
E00014108,240,125,115
E00014109,149,83,66
E00014110,222,124,98
E00014112,353,183,170
E00190364,260,147,113
E00014348,225,131,94
E00014364,178,99,79
E00190373,170,95,75
E00190428,271,157,114
E00190462,477,265,212
E00014334,128,67,61
E00014336,188,102,86
E00014337,120,62,58
E00014345,148,79,69
E00014351,146,73,73
E00014353,127,66,61
E00014354,398,232,166
E00014335,233,132,101
E00014341,185,107,78
E00014344,397,233,164
E00190374,272,176,96
E00014051,186,84,102
E00014058,165,83,82
E00190362,456,246,210
E00190363,147,72,75
E00190466,602,325,277
E00190467,411,215,196
E00190468,264,136,128
E00014263,223,122,101
E00014264,225,122,103
E00014267,250,109,141
E00014268,210,114,96
E00014293,249,121,128
E00014299,235,122,113
E00014261,184,99,85
E00014262,181,100,81
E00014265,153,78,75
E00014266,200,114,86
E00014296,209,112,97
E00014297,171,94,77
E00014298,153,82,71
E00014260,177,84,93
E00014287,113,59,54
E00014289,203,125,78
E00014291,148,75,73
E00014294,159,93,66
E00014295,224,136,88
E00190369,315,166,149
E00014190,163,86,77
E00014191,269,144,125
E00014192,262,144,118
E00014193,145,74,71
E00014217,272,127,145
E00014218,300,156,144
E00014194,140,74,66
E00014197,190,99,91
E00014198,166,86,80
E00014201,192,88,104
E00014203,176,104,72
E00014204,235,124,111
E00014210,213,113,100
E00014196,153,86,67
E00014205,178,91,87
E00014208,122,60,62
E00014209,178,90,88
E00014213,175,98,77
E00014214,240,127,113
E00014080,151,82,69
E00014081,193,90,103
E00014082,137,70,67
E00014101,216,100,116
E00014103,146,80,66
E00014104,213,110,103
E00014105,223,118,105
E00014107,159,89,70
E00014111,181,94,87
E00014116,181,94,87
E00175090,199,103,96
E00014270,147,77,70
E00014271,247,130,117
E00014274,204,116,88
E00014276,207,114,93
E00014277,198,108,90
E00014279,159,78,81
E00014280,127,67,60
E00014258,287,134,153
E00014269,179,93,86
E00014272,270,114,156
E00014273,183,85,98
E00014275,246,130,116
E00014278,153,80,73
E00014285,227,125,102
E00014545,226,118,108
E00014561,189,98,91
E00014563,195,100,95
E00014564,233,121,112
E00014567,322,144,178
E00014568,185,96,89
E00014569,228,114,114
E00014551,208,101,107
E00014554,239,114,125
E00014555,174,89,85
E00014556,190,96,94
E00014557,244,112,132
E00014577,265,139,126
E00014550,538,279,259
E00014553,178,86,92
E00014575,236,118,118
E00014576,193,128,65
E00014579,268,137,131
E00014580,252,133,119
E00014581,221,126,95
E00014600,259,154,105
E00014602,182,92,90
E00014604,201,115,86
E00014605,186,96,90
E00190376,199,107,92
E00014603,198,106,92
E00014607,267,149,118
E00014609,193,101,92
E00014611,186,99,87
E00014612,111,58,53
E00190414,586,548,38
E00190432,147,117,30
E00014594,169,86,83
E00014596,430,99,331
E00014601,175,96,79
E00014606,122,76,46
E00175091,145,70,75
E00014582,155,85,70
E00014583,142,75,67
E00014584,213,119,94
E00014585,165,83,82
E00014586,133,74,59
E00014587,142,72,70
E00014588,117,59,58
E00014589,160,87,73
E00014590,271,138,133
E00014591,197,112,85
E00014592,188,99,89
E00014593,226,119,107
E00014598,197,119,78
E00014599,199,110,89
E00014223,194,107,87
E00014224,188,101,87
E00014225,158,84,74
E00014226,192,98,94
E00014228,127,67,60
E00014229,139,78,61
E00014232,149,86,63
E00014227,300,162,138
E00014230,177,93,84
E00014231,199,98,101
E00014233,133,70,63
E00014234,175,106,69
E00014236,185,90,95
E00014651,160,86,74
E00014652,380,247,133
E00014654,162,92,70
E00014655,211,128,83
E00014656,165,104,61
E00014658,293,163,130
E00014657,181,112,69
E00014659,211,119,92
E00014660,231,133,98
E00014662,252,140,112
E00014668,206,111,95
E00014669,205,102,103
E00014646,285,163,122
E00014647,157,90,67
E00014648,260,149,111
E00014649,205,100,105
E00014650,129,74,55
E00014653,157,102,55
E00014547,316,163,153
E00014548,212,104,108
E00014552,431,222,209
E00014559,202,100,102
E00014565,175,90,85
E00014566,251,124,127
E00014549,207,101,106
E00014570,243,121,122
E00014571,265,142,123
E00014572,192,83,109
E00014573,197,116,81
E00014574,392,215,177
E00014664,357,218,139
E00014665,184,91,93
E00014666,361,195,166
E00014667,310,175,135
E00190377,268,146,122
E00014211,191,101,90
E00014212,142,75,67
E00014215,161,81,80
E00014546,230,127,103
E00014558,239,117,122
E00014560,239,126,113
E00014562,204,107,97
E00014578,231,124,107
E00175097,185,72,113
E00190365,235,117,118
E00014237,116,62,54
E00014239,186,104,82
E00014241,159,80,79
E00014244,183,103,80
E00014250,173,106,67
E00190366,231,128,103
E00014221,255,140,115
E00014251,132,66,66
E00014252,191,98,93
E00014254,144,74,70
E00014255,152,82,70
E00014256,169,94,75
E00014257,174,100,74
E00014247,157,86,71
E00014249,482,277,205
E00190367,376,206,170
E00014222,150,78,72
E00014240,484,282,202
E00014242,259,154,105
E00014248,181,100,81
E00175101,224,106,118
E00014645,222,118,104
E00014670,199,103,96
E00014671,174,83,91
E00014672,176,94,82
E00014673,209,116,93
E00175088,291,165,126
E00175089,179,88,91
E00175092,312,172,140
E00015138,241,130,111
E00015141,286,155,131
E00015144,350,174,176
E00015146,361,187,174
E00015164,285,153,132
E00015140,425,214,211
E00015142,364,191,173
E00015145,449,223,226
E00015165,388,198,190
E00015147,338,176,162
E00015151,358,197,161
E00015152,365,193,172
E00015153,386,200,186
E00015143,305,152,153
E00015148,327,172,155
E00015150,385,197,188
E00015154,283,142,141
E00015155,345,182,163
E00015157,408,202,206
E00015139,359,186,173
E00015149,381,196,185
E00015156,317,164,153
E00015159,382,194,188
E00014859,349,185,164
E00014876,273,136,137
E00014877,419,237,182
E00014888,353,179,174
E00014861,504,285,219
E00014866,395,210,185
E00014881,434,234,200
E00014862,401,209,192
E00014869,371,200,171
E00014870,405,204,201
E00014872,324,165,159
E00014863,313,157,156
E00014871,329,176,153
E00014874,325,170,155
E00174866,186,102,84
E00174867,238,122,116
E00014893,353,179,174
E00014900,337,180,157
E00014901,338,171,167
E00014902,360,181,179
E00014768,322,168,154
E00014770,294,159,135
E00014771,355,185,170
E00014772,315,160,155
E00014795,284,142,142
E00014797,330,180,150
E00014769,324,164,160
E00014778,317,165,152
E00014779,358,172,186
E00014782,269,145,124
E00014784,312,155,157
E00014785,421,205,216
E00014879,289,141,148
E00014882,271,144,127
E00014884,310,156,154
E00014885,332,184,148
E00014887,300,164,136
E00014860,291,154,137
E00014865,279,152,127
E00014867,261,147,114
E00014868,265,142,123
E00014886,276,154,122
E00014873,302,179,123
E00014875,289,169,120
E00014878,321,172,149
E00014880,318,166,152
E00014883,355,189,166
E00014775,419,220,199
E00014788,332,164,168
E00014789,344,190,154
E00014790,276,138,138
E00014794,326,161,165
E00014799,342,185,157
E00014780,403,209,194
E00014781,392,195,197
E00014783,377,197,180
E00014786,370,196,174
E00014787,352,187,165
E00014773,345,173,172
E00014774,325,170,155
E00014776,394,205,189
E00014791,382,193,189
E00014796,380,197,183
E00015158,354,187,167
E00015160,335,168,167
E00015161,327,182,145
E00015162,343,176,167
E00015163,331,168,163
E00014777,294,151,143
E00014792,378,186,192
E00014798,407,196,211
E00174874,504,246,258
E00174878,234,121,113
E00174879,293,141,152
E00184353,417,203,214
E00184356,207,109,98
E00184370,113,61,52
E00184379,224,109,115
E00174871,513,270,243
E00174873,164,85,79
E00184339,373,211,162
E00184347,219,98,121
E00184368,105,49,56
E00014920,463,237,226
E00014921,465,260,205
E00014923,349,192,157
E00014928,329,165,164
E00014929,521,289,232
E00014933,385,210,175
E00014962,456,258,198
E00014968,264,136,128
E00014969,293,161,132
E00014970,411,211,200
E00014972,281,149,132
E00014974,186,100,86
E00014951,243,115,128
E00014960,341,177,164
E00014975,464,249,215
E00014976,362,176,186
E00014977,390,209,181
E00014955,303,171,132
E00014957,315,168,147
E00014958,561,302,259
E00014964,436,216,220
E00014966,431,249,182
E00014956,319,163,156
E00014959,413,213,200
E00014961,362,183,179
E00014963,315,157,158
E00184352,277,156,121
E00184385,371,207,164
E00014738,327,167,160
E00014741,324,176,148
E00014759,375,186,189
E00014767,325,173,152
E00184346,492,294,198
E00184355,203,112,91
E00014903,319,170,149
E00014906,218,113,105
E00014908,347,172,175
E00014909,345,184,161
E00014913,361,171,190
E00014889,437,228,209
E00014891,391,204,187
E00014904,380,194,186
E00014916,403,215,188
E00014950,355,173,182
E00014965,349,168,181
E00014967,390,204,186
E00014971,405,209,196
E00014979,309,157,152
E00014952,383,199,184
E00014953,336,177,159
E00014973,437,224,213
E00014978,423,239,184
E00014752,313,170,143
E00014753,365,187,178
E00014754,324,154,170
E00014756,333,170,163
E00014758,358,180,178
E00014744,589,322,267
E00014746,371,202,169
E00014755,348,161,187
E00014761,372,200,172
E00014763,293,152,141
E00014739,509,274,235
E00014740,399,197,202
E00014757,400,207,193
E00014760,338,184,154
E00014762,368,192,176
E00014890,263,139,124
E00014894,336,185,151
E00014895,302,163,139
E00014897,319,165,154
E00014898,281,142,139
E00014915,346,172,174
E00015010,346,183,163
E00015020,390,201,189
E00015021,362,194,168
E00015024,268,153,115
E00015027,354,189,165
E00014743,309,153,156
E00014747,342,170,172
E00014748,364,189,175
E00014750,291,163,128
E00014765,373,197,176
E00014742,454,227,227
E00014745,337,187,150
E00014749,344,201,143
E00014751,430,225,205
E00014764,380,195,185
E00014892,336,174,162
E00014896,314,166,148
E00014899,393,195,198
E00014914,314,163,151
E00014917,380,194,186
E00014905,364,196,168
E00014907,378,185,193
E00014910,320,156,164
E00014911,369,198,171
E00014912,324,164,160
E00015023,314,167,147
E00015025,315,158,157
E00015028,379,185,194
E00015031,361,189,172
E00014919,370,193,177
E00014922,220,115,105
E00014930,462,238,224
E00014932,337,169,168
E00014939,315,166,149
E00014940,253,132,121
E00184358,301,167,134
E00184366,265,146,119
E00014941,227,120,107
E00014942,363,207,156
E00014943,233,109,124
E00014944,252,138,114
E00014945,262,136,126
E00014946,236,121,115
E00014947,286,130,156
E00014924,405,205,200
E00014926,330,173,157
E00014927,349,184,165
E00014948,402,236,166
E00174868,217,108,109
E00174869,443,215,228
E00184371,421,240,181
E00184382,340,182,158
E00015039,214,94,120
E00015041,242,125,117
E00015046,257,128,129
E00015050,259,131,128
E00015051,255,147,108
E00015052,245,127,118
E00015053,239,121,118
E00015038,298,146,152
E00015043,205,102,103
E00015044,287,147,140
E00015047,240,120,120
E00015049,289,154,135
E00015069,246,126,120
E00014706,290,145,145
E00014720,308,158,150
E00014722,348,168,180
E00014723,212,101,111
E00014725,233,129,104
E00014731,247,128,119
E00014708,325,159,166
E00014717,302,146,156
E00014718,292,149,143
E00014719,331,163,168
E00014721,355,180,175
E00014918,220,117,103
E00014931,316,161,155
E00014934,453,227,226
E00014935,289,136,153
E00014936,334,175,159
E00014937,369,195,174
E00015037,342,197,145
E00015048,259,128,131
E00174870,203,119,84
E00174876,130,75,55
E00184349,120,65,55
E00184383,513,325,188
E00014702,285,126,159
E00014704,249,134,115
E00014709,196,99,97
E00014724,231,131,100
E00014726,329,152,177
E00014727,218,104,114
E00014728,219,110,109
E00015055,262,124,138
E00015056,274,137,137
E00015057,217,115,102
E00015058,260,133,127
E00015060,198,106,92
E00015062,257,137,120
E00015067,428,201,227
E00015035,196,103,93
E00015036,351,182,169
E00015068,331,177,154
E00174872,178,92,86
E00174877,617,314,303
E00015042,265,140,125
E00015054,320,164,156
E00015059,289,149,140
E00015061,198,89,109
E00015063,249,128,121
E00015065,157,82,75
E00015066,422,217,205
E00014991,415,204,211
E00014992,338,164,174
E00014995,331,158,173
E00014997,405,216,189
E00014982,383,187,196
E00014996,313,153,160
E00014999,326,173,153
E00015002,339,176,163
E00015003,335,173,162
E00014980,295,143,152
E00014989,333,169,164
E00014990,383,190,193
E00014993,396,196,200
E00015013,447,232,215
E00015016,393,204,189
E00015030,370,195,175
E00015033,396,190,206
E00015011,261,136,125
E00015019,221,105,116
E00015022,296,162,134
E00015026,349,174,175
E00015029,305,158,147
E00014710,325,177,148
E00014711,186,95,91
E00014730,445,232,213
E00014732,271,137,134
E00014733,238,121,117
E00014735,206,89,117
E00014705,230,117,113
E00014707,393,208,185
E00014712,216,103,113
E00014714,148,78,70
E00014715,212,113,99
E00014716,214,110,104
E00014737,158,77,81
E00015074,367,180,187
E00015078,169,96,73
E00015079,189,94,95
E00015082,217,119,98
E00015104,278,142,136
E00015106,190,100,90
E00015107,166,90,76
E00015073,320,166,154
E00015075,307,161,146
E00015076,243,128,115
E00015081,427,223,204
E00015083,300,153,147
E00015072,288,140,148
E00015077,321,182,139
E00015101,200,109,91
E00015102,246,123,123
E00015103,267,145,122
E00015105,212,110,102
E00014677,399,210,189
E00014679,383,196,187
E00014682,308,150,158
E00014699,302,159,143
E00014675,378,196,182
E00014680,384,203,181
E00014681,352,185,167
E00014701,364,184,180
E00014678,363,179,184
E00014697,383,193,190
E00014698,345,174,171
E00014700,338,171,167
E00014692,342,172,170
E00014693,324,163,161
E00014694,292,155,137
E00014695,313,172,141
E00014696,322,163,159
E00014703,301,156,145
E00014713,231,115,116
E00014729,331,156,175
E00014734,348,179,169
E00014736,337,170,167
E00014988,315,163,152
E00014994,363,179,184
E00015000,338,189,149
E00015001,330,164,166
E00015004,366,182,184
E00014981,578,305,273
E00014983,346,171,175
E00014986,258,133,125
E00015005,322,174,148
E00015007,351,186,165
E00014984,332,162,170
E00014985,314,156,158
E00014987,359,188,171
E00014998,215,117,98
E00015006,308,162,146
E00015008,447,259,188
E00015012,375,195,180
E00015015,339,171,168
E00015032,324,161,163
E00015009,356,170,186
E00015014,374,194,180
E00015017,291,144,147
E00015018,340,174,166
E00015034,308,152,156
E00015071,247,127,120
E00015085,274,153,121
E00015090,264,145,119
E00015091,404,219,185
E00015099,318,165,153
E00015084,287,148,139
E00015087,379,189,190
E00015089,277,148,129
E00015093,246,120,126
E00015094,356,188,168
E00015080,299,153,146
E00015086,295,148,147
E00015088,297,149,148
E00015092,320,160,160
E00015095,314,147,167
E00015070,366,193,173
E00015096,324,195,129
E00015097,275,131,144
E00015098,347,176,171
E00015100,301,161,140
E00015108,299,163,136
E00015122,302,163,139
E00015124,313,159,154
E00015129,308,163,145
E00015130,361,183,178
E00015132,324,170,154
E00014676,345,182,163
E00014683,349,176,173
E00014684,323,160,163
E00014687,396,200,196
E00014688,375,198,177
E00014686,359,172,187
E00014689,434,207,227
E00014690,256,143,113
E00014691,358,188,170
E00184369,468,244,224
E00184372,115,68,47
E00015116,311,161,150
E00015125,324,181,143
E00015127,266,131,135
E00015131,320,153,167
E00184360,320,157,163
E00184386,331,169,162
E00015118,398,206,192
E00015123,387,191,196
E00015126,409,201,208
E00015128,335,176,159
E00015135,386,201,185
E00015117,490,246,244
E00015119,375,193,182
E00015120,440,223,217
E00015121,422,216,206
E00014803,322,167,155
E00014804,383,192,191
E00014810,302,156,146
E00014813,311,167,144
E00014817,328,166,162
E00014811,381,200,181
E00014814,375,200,175
E00014816,351,178,173
E00014819,187,106,81
E00014821,355,178,177
E00014812,298,158,140
E00014818,387,180,207
E00014820,360,184,176
E00014825,356,179,177
E00015110,319,174,145
E00015112,257,135,122
E00015133,333,178,155
E00015136,354,176,178
E00015137,381,198,183
E00015109,332,173,159
E00015111,337,172,165
E00015113,279,146,133
E00015114,291,148,143
E00015115,302,166,136
E00014801,299,147,152
E00014805,374,195,179
E00014823,331,169,162
E00014827,330,173,157
E00014834,323,151,172
E00014835,250,133,117
E00014837,327,170,157
E00014847,324,160,164
E00014849,350,188,162
E00014830,260,136,124
E00014838,302,156,146
E00014844,306,156,150
E00014846,312,157,155
E00014852,330,175,155
E00014829,349,183,166
E00014836,319,156,163
E00014839,325,168,157
E00014842,332,160,172
E00014851,320,164,156
E00014808,324,183,141
E00014809,320,171,149
E00014822,305,155,150
E00014824,331,175,156
E00014826,395,190,205
E00014802,431,212,219
E00014806,302,158,144
E00014807,399,215,184
E00014815,346,168,178
E00014840,316,172,144
E00014850,464,257,207
E00014856,436,233,203
E00014857,565,289,276
E00014858,430,204,226
E00014828,343,180,163
E00014831,374,181,193
E00014841,300,153,147
E00014843,300,149,151
E00014845,530,273,257
E00014832,275,148,127
E00014833,358,187,171
E00014848,298,167,131
E00014853,210,117,93
E00014854,224,123,101
E00014855,287,150,137
E00015169,252,137,115
E00015189,420,228,192
E00015190,360,175,185
E00015191,175,90,85
E00015192,258,147,111
E00015193,99,56,43
E00015194,155,89,66
E00015668,219,109,110
E00015688,208,90,118
E00015689,253,138,115
E00015695,309,176,133
E00015700,309,151,158
E00015702,258,131,127
E00015679,271,130,141
E00015680,331,170,161
E00015684,339,154,185
E00015686,209,115,94
E00171543,195,87,108
E00171546,372,176,196
E00171549,328,167,161
E00015690,418,198,220
E00015691,262,143,119
E00015692,569,316,253
E00015697,431,245,186
E00015699,299,163,136
E00015681,200,91,109
E00015682,457,240,217
E00015683,197,91,106
E00015687,375,174,201
E00015693,327,163,164
E00015701,240,120,120
E00015629,282,149,133
E00015660,265,128,137
E00015661,305,144,161
E00015662,318,180,138
E00015663,260,133,127
E00015667,270,136,134
E00015698,261,135,126
E00015704,374,187,187
E00015708,381,209,172
E00177484,421,203,218
E00015664,301,152,149
E00015670,228,117,111
E00015694,223,109,114
E00015696,301,157,144
E00015706,464,238,226
E00177518,243,130,113
E00177563,373,165,208
E00015665,265,145,120
E00015672,392,188,204
E00015673,236,107,129
E00015674,200,76,124
E00015677,363,181,182
E00015678,397,151,246
E00171542,336,160,176
E00171545,205,88,117
E00177547,329,163,166
E00177577,323,164,159
E00177587,202,95,107
E00015669,229,118,111
E00015671,237,110,127
E00015675,386,195,191
E00015676,320,160,160
E00015707,155,68,87
E00015623,398,173,225
E00015624,268,131,137
E00015628,399,174,225
E00015630,369,194,175
E00177690,146,55,91
E00177691,125,65,60
E00015621,218,107,111
E00015637,276,124,152
E00015640,182,82,100
E00015642,501,299,202
E00015647,240,121,119
E00015655,315,135,180
E00015788,476,235,241
E00015793,231,118,113
E00015795,232,100,132
E00177485,461,225,236
E00177522,107,58,49
E00177582,399,182,217
E00015789,432,190,242
E00015790,316,171,145
E00015791,375,202,173
E00015792,365,188,177
E00015796,309,142,167
E00171540,253,125,128
E00177502,148,62,86
E00177503,263,132,131
E00177504,213,89,124
E00177505,258,146,112
E00177688,289,135,154
E00177689,287,155,132
E00015620,301,155,146
E00015632,234,122,112
E00015636,308,152,156
E00015639,189,98,91
E00015627,469,249,220
E00177511,361,181,180
E00177572,327,147,180
E00177619,163,80,83
E00177692,200,82,118
E00177514,206,91,115
E00177555,329,165,164
E00177612,112,58,54
E00177634,287,145,142
E00177655,185,93,92
E00015641,293,140,153
E00015643,318,180,138
E00015648,331,160,171
E00015650,309,155,154
E00015654,235,115,120
E00015625,327,166,161
E00015631,318,149,169
E00015634,414,209,205
E00015635,330,139,191
E00015638,311,142,169
E00015633,334,160,174
E00015644,275,119,156
E00015645,287,120,167
E00015652,432,170,262
E00015653,329,155,174
E00015657,353,180,173
E00016077,237,123,114
E00016083,359,183,176
E00016086,275,131,144
E00016091,383,204,179
E00016094,345,192,153
E00016071,286,150,136
E00016072,315,162,153
E00016075,334,170,164
E00016076,409,218,191
E00016078,261,127,134
E00015646,222,105,117
E00015649,353,167,186
E00015651,288,143,145
E00015656,212,98,114
E00015658,224,109,115
E00015659,258,126,132
E00015757,255,132,123
E00015758,348,193,155
E00015761,305,172,133
E00015767,291,157,134
E00015798,370,198,172
E00015755,255,125,130
E00015766,242,126,116
E00015769,346,151,195
E00015772,241,110,131
E00015776,297,145,152
E00015799,216,101,115
E00015763,314,160,154
E00015764,289,144,145
E00015765,218,115,103
E00015768,262,124,138
E00015771,270,152,118
E00015754,404,217,187
E00015759,319,176,143
E00015760,313,175,138
E00015770,400,225,175
E00015794,348,174,174
E00016073,238,134,104
E00016074,426,230,196
E00016079,297,157,140
E00016080,289,149,140
E00016089,272,146,126
E00016098,317,161,156
E00016102,499,233,266
E00177486,605,308,297
E00016084,597,300,297
E00016088,212,109,103
E00016090,321,165,156
E00016092,247,119,128
E00016093,291,143,148
E00016101,260,114,146
E00016097,338,150,188
E00016100,344,172,172
E00016106,238,126,112
E00016108,225,112,113
E00016109,420,199,221
E00177541,242,105,137
E00177627,179,65,114
E00177631,124,49,75
E00177657,332,178,154
E00016066,287,135,152
E00016067,329,161,168
E00016087,217,108,109
E00016096,424,208,216
E00177509,143,72,71
E00177628,551,299,252
E00177654,362,182,180
E00015584,356,196,160
E00015585,371,178,193
E00015586,265,145,120
E00015587,568,275,293
E00015589,375,183,192
E00015594,316,161,155
E00015595,417,203,214
E00015600,341,161,180
E00015601,334,174,160
E00015603,304,165,139
E00015588,608,300,308
E00015591,476,261,215
E00015592,412,215,197
E00015596,300,144,156
E00177621,365,180,185
E00177673,190,98,92
E00015756,296,138,158
E00015773,428,203,225
E00015774,346,175,171
E00015777,238,126,112
E00015779,359,188,171
E00015778,286,151,135
E00015781,418,194,224
E00015783,239,130,109
E00015784,469,249,220
E00015785,230,128,102
E00015354,347,188,159
E00015355,300,151,149
E00015356,230,72,158
E00015360,322,175,147
E00015362,478,255,223
E00015359,558,309,249
E00015361,412,194,218
E00015366,315,184,131
E00015368,340,171,169
E00015371,289,156,133
E00015494,332,189,143
E00015496,298,167,131
E00015497,295,172,123
E00015499,347,193,154
E00015502,443,236,207
E00016068,426,235,191
E00016069,398,189,209
E00016103,290,151,139
E00016104,365,181,184
E00016105,309,163,146
E00016070,261,134,127
E00016107,343,174,169
E00016110,349,195,154
E00016111,315,166,149
E00015574,305,154,151
E00015578,333,168,165
E00015579,354,184,170
E00015581,315,153,162
E00015583,278,145,133
E00015593,384,203,181
E00015597,357,198,159
E00015598,432,235,197
E00177482,466,269,197
E00177525,265,156,109
E00177534,393,212,181
E00015605,273,164,109
E00015606,293,163,130
E00015609,287,154,133
E00015612,285,148,137
E00015614,344,169,175
E00015575,327,171,156
E00015577,375,208,167
E00015580,328,156,172
E00015611,552,293,259
E00015613,295,151,144
E00015617,218,107,111
E00015775,335,152,183
E00015782,299,155,144
E00015786,267,139,128
E00015787,404,193,211
E00177530,442,246,196
E00177564,345,195,150
E00015357,371,210,161
E00015358,283,139,144
E00171531,413,197,216
E00171532,272,145,127
E00177650,474,247,227
E00177682,176,91,85
E00015363,397,214,183
E00015372,327,163,164
E00015374,304,165,139
E00015375,300,157,143
E00015382,462,225,237
E00015341,268,133,135
E00015364,341,173,168
E00015367,349,190,159
E00015369,359,203,156
E00015373,451,245,206
E00015398,459,222,237
E00015401,470,223,247
E00015403,268,126,142
E00015404,481,231,250
E00177557,118,48,70
E00177596,417,199,218
E00015400,443,235,208
E00015402,385,211,174
E00015405,332,169,163
E00015406,258,147,111
E00015407,281,153,128
E00015408,354,172,182
E00015409,305,164,141
E00015413,270,121,149
E00015414,399,202,197
E00015332,390,201,189
E00015333,240,108,132
E00015334,336,184,152
E00015335,424,210,214
E00015337,251,140,111
E00015301,243,149,94
E00015309,316,163,153
E00015311,360,187,173
E00015316,338,162,176
E00015321,428,198,230
E00015293,414,241,173
E00015297,285,147,138
E00015300,257,106,151
E00015303,226,103,123
E00015305,338,154,184
E00015306,239,114,125
E00015582,294,145,149
E00015615,316,159,157
E00015616,402,199,203
E00015618,390,203,187
E00015619,312,171,141
E00171519,321,162,159
E00171551,352,153,199
E00015576,456,249,207
E00015602,295,146,149
E00015604,285,132,153
E00015607,314,165,149
E00015608,291,142,149
E00015298,313,158,155
E00015302,196,91,105
E00015336,310,175,135
E00015339,331,162,169
E00015340,289,156,133
E00015295,268,128,140
E00015296,285,144,141
E00015299,262,141,121
E00015304,381,191,190
E00015313,198,94,104
E00015338,308,174,134
E00015307,255,121,134
E00015315,262,137,125
E00015317,318,167,151
E00015319,290,156,134
E00015324,370,185,185
E00171520,279,134,145
E00171550,270,127,143
E00015294,251,135,116
E00015308,259,144,115
E00015312,233,117,116
E00015318,282,136,146
E00015325,221,114,107
E00015314,277,144,133
E00015322,240,139,101
E00015323,240,137,103
E00015326,223,121,102
E00015329,127,55,72
E00015487,237,137,100
E00015514,306,155,151
E00015517,423,220,203
E00015519,337,175,162
E00015522,433,224,209
E00015485,376,186,190
E00015486,263,135,128
E00015515,278,150,128
E00015516,289,161,128
E00015518,389,199,190
E00015495,356,167,189
E00015498,325,162,163
E00015501,290,146,144
E00015505,360,177,183
E00015506,326,172,154
E00177585,444,241,203
E00177638,599,302,297
E00015484,399,206,193
E00015503,295,159,136
E00015504,302,166,136
E00015508,497,253,244
E00015510,366,194,172
E00015507,344,166,178
E00015509,333,178,155
E00015511,340,160,180
E00015512,282,167,115
E00015513,332,178,154
E00015209,374,196,178
E00015210,299,153,146
E00015212,233,143,90
E00015217,303,158,145
E00015219,453,208,245
E00015221,373,183,190
E00015390,340,173,167
E00015410,372,191,181
E00015411,297,148,149
E00015412,379,197,182
E00015419,288,139,149
E00015416,363,194,169
E00015418,288,154,134
E00015428,338,175,163
E00177529,311,165,146
E00177552,319,184,135
E00177611,193,81,112
E00177641,245,102,143
E00177668,130,69,61
E00015423,350,153,197
E00015425,395,195,200
E00015426,349,190,159
E00015427,287,156,131
E00015429,326,168,158
E00015394,453,213,240
E00015397,522,290,232
E00015430,331,174,157
E00015431,264,147,117
E00015434,408,197,211
E00015207,515,286,229
E00015208,381,202,179
E00015211,263,137,126
E00015213,321,181,140
E00015214,341,175,166
E00015343,242,126,116
E00015345,346,182,164
E00015384,420,208,212
E00015386,254,139,115
E00015387,323,167,156
E00015378,422,220,202
E00015381,389,199,190
E00015383,273,114,159
E00015388,433,238,195
E00177533,180,97,83
E00177629,527,296,231
E00015391,353,164,189
E00015417,291,144,147
E00015421,267,147,120
E00015422,192,89,103
E00015424,209,89,120
E00015432,288,149,139
E00016043,137,73,64
E00016044,254,139,115
E00016045,447,236,211
E00016046,519,277,242
E00016047,314,171,143
E00016048,260,139,121
E00015250,361,186,175
E00015266,183,100,83
E00015283,421,196,225
E00015285,272,130,142
E00015288,296,160,136
E00015291,295,156,139
E00015280,238,121,117
E00015281,359,192,167
E00015282,286,158,128
E00015284,188,95,93
E00015286,276,156,120
E00015287,374,183,191
E00015320,254,154,100
E00015327,237,128,109
E00015328,331,181,150
E00015330,346,194,152
E00015331,351,206,145
E00015392,285,142,143
E00015393,395,193,202
E00015395,315,167,148
E00015396,314,185,129
E00015433,396,224,172
E00015346,299,168,131
E00015347,367,195,172
E00015348,316,154,162
E00015349,289,150,139
E00015351,345,188,157
E00015344,335,177,158
E00015350,454,266,188
E00015352,153,81,72
E00015385,173,86,87
E00015389,294,150,144
E00015370,222,120,102
E00015376,390,193,197
E00015379,288,151,137
E00015380,289,139,150
E00177536,390,184,206
E00177609,288,144,144
E00177663,233,108,125
E00015489,421,219,202
E00015520,489,286,203
E00015523,401,201,200
E00015524,380,197,183
E00171524,357,177,180
E00171525,277,152,125
E00015488,409,216,193
E00015490,420,224,196
E00015491,403,204,199
E00015492,243,113,130
E00015493,423,231,192
E00015525,460,195,265
E00015251,247,129,118
E00015252,244,140,104
E00015259,315,158,157
E00015262,254,149,105
E00015263,136,69,67
E00015267,300,163,137
E00015253,318,164,154
E00015261,344,174,170
E00015289,377,198,179
E00015292,355,181,174
E00015260,345,162,183
E00015264,256,135,121
E00015270,272,141,131
E00015272,323,164,159
E00015273,286,147,139
E00015257,417,198,219
E00015265,292,145,147
E00015268,299,157,142
E00015269,384,195,189
E00015274,335,186,149
E00015254,324,159,165
E00015255,311,153,158
E00015256,239,121,118
E00015258,367,193,174
E00015290,378,205,173
E00015215,323,173,150
E00015216,179,96,83
E00015218,251,150,101
E00015220,263,125,138
E00015222,282,136,146
E00015223,249,120,129
E00015228,473,243,230
E00016025,160,81,79
E00016027,320,158,162
E00016059,337,173,164
E00016060,264,112,152
E00016062,233,124,109
E00016063,332,180,152
E00016023,304,161,143
E00016026,283,150,133
E00016029,344,191,153
E00016030,303,175,128
E00016032,399,227,172
E00016021,266,133,133
E00016049,308,169,139
E00016050,388,215,173
E00016052,291,145,146
E00016053,350,186,164
E00016022,287,152,135
E00016051,303,153,150
E00016054,336,167,169
E00016055,309,148,161
E00016056,267,148,119
E00015203,400,215,185
E00015224,242,130,112
E00015225,228,104,124
E00015227,386,209,177
E00177601,725,52,673
E00177620,172,89,83
E00015226,285,148,137
E00015229,174,104,70
E00015230,217,109,108
E00015231,283,128,155
E00015234,296,149,147
E00015235,364,186,178
E00015237,271,150,121
E00015239,363,203,160
E00015240,282,145,137
E00015241,521,267,254
E00015244,518,294,224
E00177516,528,294,234
E00177608,113,62,51
E00015232,427,233,194
E00015236,259,131,128
E00015238,270,153,117
E00015242,339,181,158
E00015245,276,150,126
E00015247,270,135,135
E00015204,389,209,180
E00015205,306,160,146
E00015206,365,199,166
E00015243,251,138,113
E00015246,354,188,166
E00015249,381,206,175
E00015825,273,140,133
E00015826,369,172,197
E00015828,278,151,127
E00015831,310,157,153
E00015832,198,113,85
E00015835,233,124,109
E00015827,239,123,116
E00015829,291,148,143
E00015830,356,181,175
E00015833,169,84,85
E00015834,245,123,122
E00015842,281,149,132
E00015939,368,166,202
E00015940,332,172,160
E00015941,472,239,233
E00015943,300,152,148
E00015948,302,151,151
E00015942,220,103,117
E00015945,269,145,124
E00015947,451,215,236
E00015949,273,152,121
E00015950,235,114,121
E00015951,223,108,115
E00015952,324,172,152
E00015956,385,213,172
E00015957,273,140,133
E00015963,342,168,174
E00015964,310,151,159
E00015271,278,158,120
E00015275,280,149,131
E00015276,313,162,151
E00015277,192,113,79
E00015278,279,164,115
E00015279,234,117,117
E00015959,284,149,135
E00015961,245,129,116
E00015965,358,187,171
E00015968,232,123,109
E00015970,263,133,130
E00015977,215,114,101
E00015958,344,195,149
E00015969,276,148,128
E00015972,354,180,174
E00015976,324,172,152
E00015978,286,149,137
E00015937,264,143,121
E00015938,240,125,115
E00015973,269,147,122
E00015974,222,124,98
E00015975,177,100,77
E00015979,208,95,113
E00015980,246,130,116
E00015944,248,128,120
E00015946,229,133,96
E00015953,306,158,148
E00015954,259,135,124
E00015960,276,156,120
E00015955,332,155,177
E00015962,265,145,120
E00015966,345,178,167
E00015967,326,187,139
E00015971,331,177,154
E00015800,556,296,260
E00015802,290,155,135
E00015841,324,191,133
E00015844,282,157,125
E00016028,285,166,119
E00016031,392,204,188
E00016033,339,187,152
E00016036,319,159,160
E00171530,293,153,140
E00171541,318,164,154
E00016038,432,249,183
E00016039,371,181,190
E00016040,479,246,233
E00016041,511,287,224
E00016042,246,137,109
E00016020,452,281,171
E00016034,361,205,156
E00016035,422,236,186
E00016037,342,183,159
E00016057,339,196,143
E00016058,340,168,172
E00016061,277,148,129
E00016064,330,181,149
E00016065,337,180,157
E00015981,246,136,110
E00016011,461,232,229
E00016015,411,228,183
E00016016,416,225,191
E00016017,413,201,212
E00016018,301,158,143
E00015982,338,172,166
E00015989,415,221,194
E00015991,374,187,187
E00015993,261,143,118
E00016019,257,131,126
E00016000,266,140,126
E00016001,256,148,108
E00016002,438,238,200
E00016004,405,213,192
E00016009,297,161,136
E00015984,527,259,268
E00015999,239,119,120
E00016006,471,238,233
E00016008,424,218,206
E00016012,311,172,139
E00016013,381,198,183
E00015998,416,223,193
E00016003,255,128,127
E00016005,352,178,174
E00016007,362,188,174
E00016010,225,125,100
E00016014,297,161,136
E00015804,429,212,217
E00015810,306,153,153
E00015812,318,162,156
E00015836,293,141,152
E00015838,288,154,134
E00015845,234,127,107
E00015805,245,115,130
E00015814,312,158,154
E00015843,334,171,163
E00015847,336,181,155
E00177556,168,85,83
E00177573,299,149,150
E00177626,217,115,102
E00177671,240,120,120
E00015803,352,202,150
E00015817,318,184,134
E00015821,354,167,187
E00015824,272,148,124
E00177562,219,98,121
E00177646,413,169,244
E00015809,265,132,133
E00015813,232,118,114
E00015837,245,126,119
E00015839,261,139,122
E00015840,186,92,94
E00015846,288,153,135
E00015890,328,175,153
E00015909,301,152,149
E00015912,369,192,177
E00015915,364,187,177
E00015919,273,146,127
E00015920,316,155,161
E00015551,318,170,148
E00015552,440,234,206
E00015553,319,166,153
E00015554,325,162,163
E00015555,279,147,132
E00015556,305,153,152
E00015557,322,172,150
E00015558,442,234,208
E00015559,295,155,140
E00015560,317,175,142
E00015807,348,187,161
E00015808,350,183,167
E00015811,308,163,145
E00015818,304,152,152
E00015819,346,180,166
E00015806,326,161,165
E00015815,333,180,153
E00015816,389,199,190
E00015820,294,158,136
E00015822,254,136,118
E00015911,342,179,163
E00015914,296,161,135
E00015917,274,144,130
E00015918,377,191,186
E00015922,365,189,176
E00015928,251,132,119
E00015443,301,157,144
E00015475,285,167,118
E00015476,325,169,156
E00015477,245,134,111
E00015478,306,154,152
E00015436,283,141,142
E00015438,301,160,141
E00015440,300,160,140
E00015447,371,202,169
E00015451,245,129,116
E00015479,385,212,173
E00015527,273,136,137
E00015528,299,147,152
E00015562,284,144,140
E00015563,333,155,178
E00015565,234,116,118
E00015567,433,230,203
E00015983,321,159,162
E00015985,334,176,158
E00015987,470,294,176
E00015990,565,305,260
E00015992,359,189,170
E00015997,520,264,256
E00015986,383,185,198
E00015988,348,179,169
E00015994,319,162,157
E00015995,343,176,167
E00015996,366,210,156
E00015712,284,155,129
E00015713,317,172,145
E00015732,292,159,133
E00015734,604,291,313
E00015738,288,149,139
E00015733,269,157,112
E00015735,363,185,178
E00015736,206,111,95
E00015737,463,259,204
E00015739,234,125,109
E00015740,319,153,166
E00015741,304,169,135
E00015742,418,220,198
E00015743,320,157,163
E00015744,262,136,126
E00015745,557,301,256
E00015910,316,185,131
E00015913,318,161,157
E00015916,294,167,127
E00015924,369,195,174
E00015929,272,137,135
E00177515,417,224,193
E00177684,188,95,93
E00015921,339,173,166
E00015923,307,161,146
E00015927,305,149,156
E00015931,324,151,173
E00015932,300,147,153
E00015934,253,130,123
E00015526,379,198,181
E00015561,316,169,147
E00015566,245,119,126
E00015568,307,160,147
E00015572,294,142,152
E00015529,272,148,124
E00015564,308,184,124
E00015569,305,162,143
E00015570,301,158,143
E00015573,319,164,155
E00015530,388,204,184
E00015536,294,160,134
E00015537,370,199,171
E00015540,221,123,98
E00015542,315,155,160
E00015571,203,108,95
E00015894,249,136,113
E00015895,338,163,175
E00015898,406,191,215
E00015902,341,172,169
E00015935,424,222,202
E00015891,312,154,158
E00015892,311,171,140
E00015897,446,238,208
E00015925,241,128,113
E00015926,408,213,195
E00015930,274,133,141
E00015437,459,259,200
E00015444,228,129,99
E00015481,335,182,153
E00015482,459,258,201
E00015483,192,114,78
E00015439,319,176,143
E00015446,299,159,140
E00015448,250,126,124
E00015450,188,104,84
E00015452,277,148,129
E00015454,243,116,127
E00015531,222,120,102
E00015532,228,123,105
E00015533,202,117,85
E00015534,236,133,103
E00015538,206,106,100
E00015541,280,150,130
E00015535,253,142,111
E00015539,280,149,131
E00015543,244,133,111
E00015544,312,170,142
E00015549,469,252,217
E00015545,402,214,188
E00015546,269,151,118
E00015547,283,161,122
E00015548,347,194,153
E00015550,341,188,153
E00015714,235,136,99
E00015715,234,122,112
E00015719,344,186,158
E00015720,323,160,163
E00015721,310,161,149
E00015722,347,192,155
E00015710,252,127,125
E00015711,313,147,166
E00015723,499,205,294
E00015724,359,174,185
E00015726,263,137,126
E00177569,322,169,153
E00177592,254,137,117
E00177667,164,82,82
E00015709,414,205,209
E00015717,303,154,149
E00015746,366,185,181
E00015748,251,137,114
E00015749,319,161,158
E00015751,414,215,199
E00015716,286,148,138
E00015747,500,245,255
E00015750,265,131,134
E00015752,338,151,187
E00015753,392,188,204
E00177648,274,144,130
E00177660,210,106,104
E00177675,143,49,94
E00015893,302,162,140
E00015896,293,149,144
E00015899,324,172,152
E00015900,360,189,171
E00015933,256,140,116
E00015936,302,158,144
E00015901,348,170,178
E00015903,319,171,148
E00015904,305,159,146
E00015905,281,153,128
E00015906,384,204,180
E00015907,308,169,139
E00015465,361,204,157
E00015466,243,135,108
E00015468,271,144,127
E00015469,348,181,167
E00015470,276,148,128
E00015472,336,166,170
E00015463,295,164,131
E00015464,256,121,135
E00015467,224,126,98
E00015471,223,121,102
E00015473,190,101,89
E00015474,173,91,82
E00015435,273,147,126
E00015445,315,169,146
E00015449,424,204,220
E00015453,237,114,123
E00015480,309,168,141
E00015441,261,136,125
E00015442,279,154,125
E00015458,226,115,111
E00015460,276,156,120
E00015462,325,178,147
E00015455,309,140,169
E00015456,315,174,141
E00015457,370,200,170
E00015459,272,146,126
E00015461,282,148,134
E00015727,304,164,140
E00015728,300,154,146
E00015729,331,169,162
E00015730,313,163,150
E00015731,371,219,152
E00015860,341,158,183
E00015865,396,209,187
E00015877,423,227,196
E00015878,291,143,148
E00015886,394,215,179
E00015849,364,183,181
E00015850,386,176,210
E00015864,422,202,220
E00015866,376,189,187
E00015852,383,207,176
E00015862,402,204,198
E00015868,283,147,136
E00015871,253,125,128
E00015872,333,168,165
E00015851,314,179,135
E00015869,226,115,111
E00015875,472,247,225
E00015881,585,302,283
E00015882,475,259,216
E00015870,293,143,150
E00015876,320,157,163
E00015880,325,169,156
E00015884,277,139,138
E00015885,312,154,158
E00015848,377,193,184
E00015858,374,195,179
E00015861,408,211,197
E00015883,348,179,169
E00015856,334,177,157
E00015857,340,168,172
E00015859,359,174,185
E00015889,342,177,165
E00015854,212,126,86
E00015855,278,137,141
E00015879,326,175,151
E00015887,327,168,159
E00015888,357,180,177
E00015853,442,236,206
E00015863,342,189,153
E00015867,226,113,113
E00015873,296,145,151
E00015874,345,172,173
E00015176,226,103,123
E00015181,190,78,112
E00015184,243,122,121
E00171534,125,61,64
E00171535,227,119,108
E00177565,226,106,120
E00177591,711,432,279
E00015168,382,168,214
E00015182,188,95,93
E00015183,172,98,74
E00015185,269,146,123
E00015186,118,65,53
E00015187,271,144,127
E00015188,106,56,50
E00015195,411,216,195
E00015196,142,76,66
E00171533,650,365,285
E00015171,212,102,110
E00015172,122,51,71
E00015197,247,132,115
E00015198,200,98,102
E00015199,365,180,185
E00015201,373,151,222
E00015202,116,66,50
E00015167,500,237,263
E00015173,178,95,83
E00015175,249,129,120
E00015178,180,90,90
E00015179,208,117,91
E00165807,143,74,69
E00177599,370,200,170
E00177615,168,74,94
E00177649,129,65,64
E00177676,158,83,75
E00016403,378,206,172
E00016437,510,273,237
E00016442,381,194,187
E00182593,265,126,139
E00182632,367,166,201
E00016399,550,298,252
E00016401,601,339,262
E00016406,354,200,154
E00016435,486,263,223
E00016404,355,182,173
E00016405,333,165,168
E00016408,317,155,162
E00016410,306,151,155
E00016438,265,133,132
E00182573,258,137,121
E00182590,270,136,134
E00016398,265,134,131
E00016431,538,248,290
E00016432,427,233,194
E00173943,368,197,171
E00182538,459,254,205
E00182563,292,137,155
E00182623,294,146,148
E00182627,443,208,235
E00182629,229,117,112
E00182633,346,161,185
E00182552,209,109,100
E00182556,165,83,82
E00182595,188,98,90
E00182598,243,137,106
E00182624,473,245,228
E00016436,442,224,218
E00016440,273,139,134
E00016441,404,178,226
E00182551,354,182,172
E00182558,195,80,115
E00016412,480,256,224
E00016414,351,178,173
E00016422,510,281,229
E00182577,265,138,127
E00182581,248,127,121
E00182619,288,138,150
E00182625,268,127,141
E00016402,315,166,149
E00016407,259,129,130
E00016409,382,201,181
E00016411,363,186,177
E00016413,322,176,146
E00016415,334,168,166
E00016416,267,162,105
E00016419,385,203,182
E00016420,373,206,167
E00173947,219,122,97
E00173948,156,77,79
E00016417,347,181,166
E00016421,281,151,130
E00016423,323,189,134
E00016424,322,177,145
E00016427,307,164,143
E00016396,239,125,114
E00016426,306,163,143
E00016428,362,191,171
E00016429,245,130,115
E00016430,271,141,130
E00016680,275,150,125
E00016716,323,159,164
E00016717,217,106,111
E00016719,342,179,163
E00016720,327,149,178
E00016725,221,99,122
E00016706,300,139,161
E00016708,363,180,183
E00016709,440,230,210
E00016714,370,179,191
E00016715,317,166,151
E00016675,248,140,108
E00016683,327,182,145
E00016697,332,169,163
E00173940,403,260,143
E00173949,465,244,221
E00182599,499,307,192
E00182644,166,84,82
E00182645,191,102,89
E00016684,213,106,107
E00016687,194,96,98
E00016718,264,142,122
E00016721,294,160,134
E00016723,259,135,124
E00182579,500,273,227
E00182584,144,64,80
E00016679,243,123,120
E00016689,298,166,132
E00016693,495,236,259
E00016701,444,244,200
E00182546,187,96,91
E00182555,625,311,314
E00016210,459,248,211
E00016239,382,231,151
E00016241,230,123,107
E00016245,474,247,227
E00182582,100,45,55
E00182585,191,99,92
E00182587,498,221,277
E00016211,280,157,123
E00016213,376,215,161
E00016244,321,163,158
E00016250,281,148,133
E00174011,108,56,52
E00182537,531,311,220
E00016216,347,192,155
E00016246,177,85,92
E00016248,330,175,155
E00016252,333,184,149
E00182561,223,124,99
E00182588,191,102,89
E00182626,171,83,88
E00016214,379,196,183
E00016215,348,187,161
E00016217,369,198,171
E00016237,297,140,157
E00016247,320,168,152
E00016253,298,145,153
E00016209,463,259,204
E00016235,311,172,139
E00016238,403,215,188
E00173941,476,275,201
E00173942,237,137,100
E00016881,396,212,184
E00016915,285,133,152
E00016916,374,207,167
E00016920,324,178,146
E00173950,332,176,156
E00173951,317,173,144
E00016921,282,134,148
E00016922,272,133,139
E00016923,355,177,178
E00016925,407,211,196
E00016926,376,212,164
E00016917,468,230,238
E00016918,529,306,223
E00016919,350,171,179
E00016924,436,220,216
E00016927,288,136,152
E00016879,421,216,205
E00016884,324,174,150
E00016886,331,176,155
E00016893,312,171,141
E00016885,319,176,143
E00016887,246,125,121
E00016889,293,156,137
E00016890,299,160,139
E00016895,292,162,130
E00016159,389,208,181
E00016173,285,155,130
E00016176,316,168,148
E00016184,239,136,103
E00016186,459,225,234
E00016188,282,146,136
E00016164,320,166,154
E00016170,398,225,173
E00016175,330,169,161
E00016181,295,151,144
E00016182,339,182,157
E00016162,250,134,116
E00016198,412,224,188
E00016202,448,248,200
E00016205,231,112,119
E00016208,272,148,124
E00016200,365,190,175
E00182536,487,262,225
E00182566,348,172,176
E00182634,193,102,91
E00016163,279,120,159
E00016165,256,123,133
E00016168,142,72,70
E00016169,260,131,129
E00016172,218,112,106
E00016177,250,135,115
E00016219,312,149,163
E00016220,237,124,113
E00016221,320,174,146
E00016223,212,99,113
E00016225,255,131,124
E00016255,223,117,106
E00016218,233,116,117
E00016222,372,197,175
E00016224,299,161,138
E00016226,340,201,139
E00016227,411,227,184
E00016228,308,169,139
E00016229,414,200,214
E00016230,370,202,168
E00016231,325,185,140
E00016232,329,181,148
E00016233,347,193,154
E00016212,322,173,149
E00016249,236,114,122
E00016254,283,143,140
E00173952,234,130,104
E00174016,259,139,120
E00174022,202,109,93
E00174008,268,138,130
E00174010,211,103,108
E00174013,219,104,115
E00174015,284,152,132
E00174025,214,108,106
E00174027,172,80,92
E00016178,260,150,110
E00016179,334,178,156
E00016180,261,135,126
E00016187,322,171,151
E00016189,322,166,156
E00016166,164,98,66
E00016167,253,127,126
E00016171,257,116,141
E00016174,276,136,140
E00016204,263,134,129
E00016206,264,132,132
E00016160,279,158,121
E00016183,216,127,89
E00016185,225,130,95
E00016191,261,143,118
E00016195,258,140,118
E00016197,317,177,140
E00016161,329,179,150
E00016190,241,119,122
E00016192,356,187,169
E00016193,289,136,153
E00016194,301,169,132
E00016196,445,234,211
E00016905,288,156,132
E00016907,347,168,179
E00016908,242,132,110
E00016910,363,194,169
E00016912,292,160,132
E00016909,373,198,175
E00016911,394,221,173
E00016913,410,210,200
E00016914,256,140,116
E00016896,291,164,127
E00016898,276,143,133
E00016900,370,193,177
E00016901,245,131,114
E00016904,237,128,109
E00016906,276,142,134
E00016883,360,178,182
E00016888,314,187,127
E00016891,357,197,160
E00016892,305,152,153
E00016894,338,177,161
E00016880,533,279,254
E00016897,534,268,266
E00016899,226,108,118
E00016902,328,176,152
E00016903,340,186,154
E00016564,350,187,163
E00016567,192,105,87
E00016569,307,157,150
E00016571,311,165,146
E00173700,161,87,74
E00173702,186,99,87
E00016566,295,165,130
E00016572,300,161,139
E00016575,242,126,116
E00182532,174,92,82
E00182533,126,71,55
E00182540,537,299,238
E00016557,224,120,104
E00016559,331,150,181
E00016560,358,200,158
E00016562,340,184,156
E00016563,522,289,233
E00016565,308,167,141
E00016544,325,181,144
E00016574,302,166,136
E00016576,286,140,146
E00016577,367,197,170
E00016578,252,125,127
E00016584,595,307,288
E00016596,346,183,163
E00016598,563,315,248
E00016623,325,173,152
E00174036,230,118,112
E00174038,357,200,157
E00016585,319,171,148
E00016593,474,231,243
E00016600,382,189,193
E00016602,336,166,170
E00016624,278,141,137
E00016625,337,176,161
E00016587,449,237,212
E00016594,351,192,159
E00016605,511,269,242
E00016608,208,106,102
E00016626,359,169,190
E00016589,298,157,141
E00016595,295,143,152
E00016597,281,152,129
E00016599,312,154,158
E00016601,340,182,158
E00016607,210,113,97
E00016573,345,187,158
E00016580,373,196,177
E00182529,261,153,108
E00182530,233,120,113
E00182531,210,115,95
E00182539,573,301,272
E00016546,305,160,145
E00016547,365,183,182
E00016548,340,196,144
E00016550,314,173,141
E00016583,263,138,125
E00016542,385,205,180
E00016552,314,180,134
E00016554,295,154,141
E00016555,370,214,156
E00016556,334,183,151
E00016543,334,174,160
E00016545,382,193,189
E00016549,390,210,180
E00016551,438,228,210
E00016553,364,197,167
E00016335,220,113,107
E00016336,357,172,185
E00016339,341,168,173
E00016340,338,184,154
E00016341,339,171,168
E00016309,282,155,127
E00016323,255,135,120
E00016324,392,215,177
E00016325,300,164,136
E00016327,324,169,155
E00016326,312,170,142
E00016329,372,183,189
E00016332,415,222,193
E00016333,269,141,128
E00016337,339,185,154
E00016311,331,166,165
E00016328,292,153,139
E00016330,277,153,124
E00016331,387,202,185
E00016334,545,299,246
E00016613,417,213,204
E00016614,375,194,181
E00016615,358,193,165
E00016618,250,140,110
E00016621,247,132,115
E00016609,268,138,130
E00016617,350,176,174
E00016619,303,157,146
E00016620,296,149,147
E00016622,279,156,123
E00016588,352,189,163
E00016592,420,230,190
E00016604,257,121,136
E00016611,207,115,92
E00016612,234,126,108
E00016616,281,154,127
E00016590,370,179,191
E00016591,311,160,151
E00016603,490,248,242
E00016606,449,231,218
E00016610,349,179,170
E00016653,294,158,136
E00016655,342,162,180
E00016656,448,221,227
E00016662,316,170,146
E00016664,389,205,184
E00016631,361,174,187
E00016658,224,120,104
E00016659,257,139,118
E00016660,377,201,176
E00016663,347,179,168
E00016632,530,289,241
E00016666,308,156,152
E00016667,373,192,181
E00016669,232,109,123
E00016673,340,187,153
E00016668,223,108,115
E00016670,304,169,135
E00016671,139,69,70
E00016672,354,184,170
E00173708,173,80,93
E00173710,378,191,187
E00016661,296,155,141
E00173936,262,152,110
E00173937,190,99,91
E00173938,318,149,169
E00174035,191,94,97
E00016796,478,266,212
E00016799,338,166,172
E00016804,367,198,169
E00016805,367,184,183
E00016806,244,125,119
E00016781,302,171,131
E00016793,228,135,93
E00016794,220,112,108
E00016801,336,158,178
E00016803,251,139,112
E00016808,245,131,114
E00016813,317,167,150
E00016814,295,155,140
E00016815,314,158,156
E00016818,324,173,151
E00016819,260,126,134
E00016778,308,162,146
E00016788,282,159,123
E00016791,307,155,152
E00016800,310,153,157
E00016820,315,167,148
E00016823,294,161,133
E00016300,374,167,207
E00016310,256,125,131
E00016312,368,198,170
E00016343,367,198,169
E00016344,475,271,204
E00016301,403,222,181
E00016302,294,154,140
E00016316,307,153,154
E00016338,359,182,177
E00016342,275,136,139
E00016303,397,209,188
E00016304,328,180,148
E00016313,261,139,122
E00016318,312,164,148
E00016345,280,145,135
E00016307,381,208,173
E00016314,279,143,136
E00016319,246,135,111
E00016321,343,183,160
E00016322,440,237,203
E00016305,277,153,124
E00016306,316,166,150
E00016308,372,194,178
E00016315,408,213,195
E00016317,329,171,158
E00016320,296,152,144
E00016780,481,256,225
E00016782,581,279,302
E00016790,232,130,102
E00016792,508,268,240
E00016795,273,147,126
E00016783,312,170,142
E00016802,393,199,194
E00016807,377,202,175
E00016809,312,154,158
E00016810,354,175,179
E00016784,315,161,154
E00016811,358,182,176
E00016812,332,172,160
E00016816,268,140,128
E00016817,360,186,174
E00016785,258,130,128
E00016786,252,132,120
E00016787,534,274,260
E00016822,372,213,159
E00016824,270,143,127
E00016779,227,114,113
E00182559,320,162,158
E00182560,365,172,193
E00182575,275,155,120
E00182630,318,153,165
E00016789,398,202,196
E00016797,371,180,191
E00182574,293,154,139
E00182580,174,88,86
E00182608,211,100,111
E00182638,178,82,96
E00016445,321,163,158
E00016448,336,168,168
E00016452,294,146,148
E00016454,255,139,116
E00016455,234,130,104
E00016446,354,186,168
E00016453,202,112,90
E00016456,286,157,129
E00016457,306,148,158
E00016462,306,161,145
E00173944,243,131,112
E00173945,293,151,142
E00016444,346,184,162
E00016484,364,178,186
E00016485,288,138,150
E00016488,324,160,164
E00016489,339,180,159
E00016443,306,155,151
E00016483,276,145,131
E00016486,427,228,199
E00016487,273,154,119
E00016491,241,126,115
E00016449,293,162,131
E00016450,253,119,134
E00016451,322,170,152
E00016490,381,186,195
E00016492,278,143,135
E00016281,443,234,209
E00016290,369,184,185
E00016292,333,180,153
E00016293,409,217,192
E00016295,376,195,181
E00016258,403,207,196
E00016259,321,170,151
E00016298,437,228,209
E00016299,389,212,177
E00016274,379,184,195
E00016276,388,184,204
E00016277,328,177,151
E00016278,305,170,135
E00016285,266,123,143
E00016256,277,137,140
E00016284,302,148,154
E00016286,380,192,188
E00016296,282,146,136
E00016297,331,184,147
E00016275,437,234,203
E00016279,315,161,154
E00016280,285,141,144
E00016283,355,186,169
E00016287,340,188,152
E00016513,339,174,165
E00016514,298,154,144
E00016515,346,181,165
E00016516,308,163,145
E00016519,251,128,123
E00016521,258,147,111
E00016493,375,199,176
E00016499,478,259,219
E00016502,248,127,121
E00016503,198,98,100
E00016507,239,127,112
E00016540,316,155,161
E00016498,564,272,292
E00016500,336,168,168
E00016505,341,187,154
E00016541,362,191,171
E00016494,348,184,164
E00016495,203,105,98
E00016501,400,213,187
E00016508,338,175,163
E00016511,354,183,171
E00016504,294,141,153
E00016506,336,176,160
E00016509,430,224,206
E00016510,259,133,126
E00016512,303,148,155
E00016750,270,136,134
E00016752,385,209,176
E00016753,311,169,142
E00016758,315,176,139
E00016763,318,159,159
E00016738,423,232,191
E00016739,312,175,137
E00016740,310,176,134
E00016749,297,154,143
E00016755,450,269,181
E00016745,407,217,190
E00016746,362,199,163
E00016751,300,153,147
E00016754,284,147,137
E00016757,293,156,137
E00016732,316,174,142
E00016735,369,190,179
E00016741,268,144,124
E00016742,351,177,174
E00016733,313,173,140
E00016734,289,158,131
E00016743,269,154,115
E00016744,349,183,166
E00016747,258,142,116
E00016261,340,172,168
E00016282,354,167,187
E00016288,369,205,164
E00016289,312,148,164
E00016294,297,140,157
E00016260,350,197,153
E00016262,289,152,137
E00016266,412,233,179
E00016267,296,168,128
E00016271,377,213,164
E00016257,390,203,187
E00016263,242,130,112
E00016265,526,279,247
E00016268,465,227,238
E00016291,537,289,248
E00016264,306,160,146
E00016269,348,187,161
E00016270,293,149,144
E00016272,333,169,164
E00016273,377,197,180
E00016930,610,325,285
E00016946,446,229,217
E00016952,259,124,135
E00016964,358,191,167
E00016929,289,141,148
E00016931,278,158,120
E00016932,319,155,164
E00016954,291,164,127
E00016961,368,194,174
E00016933,566,282,284
E00016953,269,148,121
E00016957,353,196,157
E00016960,273,148,125
E00016966,229,112,117
E00016940,277,147,130
E00016941,413,213,200
E00016942,337,186,151
E00016943,290,173,117
E00016944,343,179,164
E00016945,397,243,154
E00016728,267,128,139
E00016764,274,134,140
E00016766,379,207,172
E00016768,332,158,174
E00016772,369,207,162
E00016737,276,151,125
E00016748,285,157,128
E00016756,308,181,127
E00016760,246,132,114
E00173705,118,59,59
E00182542,356,198,158
E00016729,275,142,133
E00016730,333,169,164
E00016759,320,167,153
E00016761,320,168,152
E00016762,350,179,171
E00016765,243,125,118
E00016767,251,137,114
E00016770,147,64,83
E00016771,379,195,184
E00016774,377,180,197
E00016777,359,187,172
E00016731,335,176,159
E00016769,387,215,172
E00016773,255,146,109
E00016775,275,157,118
E00016776,317,162,155
E00016460,380,199,181
E00016467,316,168,148
E00016469,354,174,180
E00016471,252,125,127
E00016472,266,136,130
E00182550,302,163,139
E00182603,265,140,125
E00016447,278,146,132
E00016458,276,144,132
E00016459,269,139,130
E00016464,277,152,125
E00016465,235,119,116
E00016466,264,140,124
E00016475,237,129,108
E00016476,332,185,147
E00016478,190,93,97
E00016479,246,131,115
E00016480,274,151,123
E00016482,271,142,129
E00016468,250,135,115
E00016470,273,153,120
E00016473,318,174,144
E00016474,275,140,135
E00016477,256,125,131
E00016481,380,212,168
E00016126,383,211,172
E00016127,424,225,199
E00016131,414,225,189
E00016134,277,168,109
E00016140,300,163,137
E00016118,356,190,166
E00016154,296,157,139
E00016155,411,225,186
E00016156,335,186,149
E00016157,369,193,176
E00016112,303,162,141
E00016119,328,167,161
E00016121,259,144,115
E00016123,292,157,135
E00016158,305,161,144
E00016113,377,185,192
E00016120,300,140,160
E00016122,354,182,172
E00016124,349,190,159
E00016125,384,196,188
E00016114,292,156,136
E00016128,352,179,173
E00016130,335,174,161
E00016133,359,168,191
E00016135,320,161,159
E00016948,392,226,166
E00016949,390,213,177
E00016951,315,186,129
E00016955,366,197,169
E00016956,288,161,127
E00016950,312,166,146
E00016967,394,211,183
E00016968,315,165,150
E00016969,411,230,181
E00016971,360,181,179
E00016928,440,238,202
E00016947,165,84,81
E00016958,357,186,171
E00016963,361,183,178
E00016937,459,237,222
E00016959,311,157,154
E00016962,470,270,200
E00016965,383,185,198
E00182553,351,180,171
E00182570,315,158,157
E00016934,379,200,179
E00016935,417,211,206
E00016936,359,179,180
E00016938,307,151,156
E00016939,323,177,146
E00016496,279,149,130
E00016517,213,128,85
E00016518,345,160,185
E00016523,219,109,110
E00016524,363,189,174
E00016525,225,120,105
E00016497,289,153,136
E00016527,238,122,116
E00016528,246,127,119
E00016531,369,198,171
E00016532,234,125,109
E00016535,268,136,132
E00016520,304,161,143
E00016522,283,148,135
E00016526,273,144,129
E00016529,259,150,109
E00016530,292,161,131
E00016533,312,154,158
E00016534,370,192,178
E00016536,331,174,157
E00016537,300,163,137
E00016538,353,172,181
E00016539,403,214,189
E00016830,348,176,172
E00016839,283,157,126
E00016845,321,176,145
E00016872,345,187,158
E00016873,345,199,146
E00016838,247,145,102
E00016840,348,179,169
E00016847,233,127,106
E00016852,220,117,103
E00016858,234,141,93
E00016874,308,173,135
E00016826,390,234,156
E00016831,266,146,120
E00016832,247,139,108
E00016833,371,183,188
E00016875,249,136,113
E00016828,255,143,112
E00016850,247,125,122
E00016854,277,138,139
E00016855,215,118,97
E00016857,303,167,136
E00016878,296,155,141
E00016827,324,168,156
E00016834,434,233,201
E00016842,232,118,114
E00016856,357,169,188
E00016876,216,120,96
E00016877,224,116,108
E00016115,328,168,160
E00016136,336,179,157
E00016137,420,213,207
E00016138,288,156,132
E00016139,395,194,201
E00016116,360,200,160
E00016129,336,178,158
E00016144,323,184,139
E00016145,291,160,131
E00016150,362,205,157
E00182544,345,195,150
E00182646,302,177,125
E00016117,323,170,153
E00016132,310,151,159
E00016143,420,235,185
E00016147,348,181,167
E00016153,265,138,127
E00016141,328,152,176
E00016146,325,174,151
E00016148,309,154,155
E00016149,301,151,150
E00016151,270,151,119
E00016152,253,116,137
E00016843,339,183,156
E00016863,502,292,210
E00016868,284,144,140
E00016870,336,185,151
E00016871,349,173,176
E00016848,240,123,117
E00016859,324,171,153
E00016861,416,213,203
E00016862,311,164,147
E00016866,339,192,147
E00016829,270,151,119
E00016851,339,188,151
E00016860,350,184,166
E00016864,314,188,126
E00016867,261,140,121
E00016869,241,114,127
E00016835,314,173,141
E00016837,282,148,134
E00016846,295,157,138
E00016849,288,162,126
E00016865,356,197,159
E00016825,184,99,85
E00016836,284,144,140
E00016841,352,195,157
E00016844,239,122,117
E00016853,455,235,220
E00016350,344,187,157
E00016369,330,186,144
E00016370,437,244,193
E00016371,315,175,140
E00016374,264,154,110
E00016352,301,152,149
E00016373,370,198,172
E00016378,329,182,147
E00016381,398,203,195
E00016382,296,147,149
E00016348,221,123,98
E00016372,317,174,143
E00016375,307,153,154
E00016377,294,161,133
E00016379,338,171,167
E00016349,373,202,171
E00016351,518,259,259
E00016376,343,185,158
E00016383,379,195,184
E00016356,365,210,155
E00016387,347,199,148
E00016393,318,195,123
E00165790,274,154,120
E00016361,273,139,134
E00016363,399,212,187
E00016366,267,141,126
E00016367,193,99,94
E00016368,291,140,151
E00016353,331,177,154
E00016360,468,240,228
E00016380,298,142,156
E00016389,339,177,162
E00016390,225,118,107
E00016392,339,166,173
E00016359,321,171,150
E00016384,311,170,141
E00016385,411,213,198
E00016386,222,120,102
E00016388,322,172,150
E00016346,294,162,132
E00016354,232,114,118
E00016357,352,190,162
E00016358,295,151,144
E00016391,333,183,150
E00016362,350,181,169
E00016364,309,163,146
E00016365,225,124,101
E00016394,330,173,157
E00165789,235,111,124
E00016678,296,164,132
E00016722,390,212,178
E00016724,282,147,135
E00016727,311,172,139
E00016676,287,147,140
E00016685,336,180,156
E00016690,312,154,158
E00016691,333,163,170
E00016726,219,98,121
E00016688,317,156,161
E00016695,259,136,123
E00016705,393,200,193
E00016710,413,217,196
E00016712,336,157,179
E00016682,186,87,99
E00016686,364,185,179
E00016699,272,137,135
E00016711,457,230,227
E00182548,150,65,85
E00182594,285,139,146
E00182614,293,146,147
E00182617,242,110,132
E00016696,258,133,125
E00016703,314,180,134
E00016713,392,200,192
E00182557,305,129,176
E00182576,303,166,137
E00182591,220,104,116
E00182609,362,194,168
E00016633,294,165,129
E00016674,583,301,282
E00174019,298,172,126
E00182541,553,305,248
E00182567,231,117,114
E00182611,213,102,111
E00182635,314,142,172
E00182641,334,189,145
E00182583,329,156,173
E00182610,417,202,215
E00182613,140,71,69
E00182640,365,180,185
E00182565,184,109,75
E00182589,307,150,157
E00182604,356,177,179
E00182615,352,204,148
E00182643,496,281,215
E00016640,370,207,163
E00016641,397,232,165
E00016642,478,256,222
E00016643,285,145,140
E00182605,152,75,77
E00182616,135,68,67
E00182622,341,181,160
E00016630,346,175,171
E00016647,380,187,193
E00016648,322,164,158
E00016649,300,157,143
E00016651,563,273,290
E00016629,444,227,217
E00016650,312,142,170
E00016652,316,176,140
E00016654,231,120,111
E00016657,241,128,113
E00016628,395,197,198
E00174024,590,268,322
E00174029,273,119,154
E00174030,217,104,113
E00182534,367,170,197
E00182535,365,196,169
E00016645,336,167,169
E00016646,366,202,164
E00182586,101,61,40
E00182607,261,139,122
E00182612,260,130,130
E00017596,300,163,137
E00017597,341,182,159
E00017598,404,205,199
E00017599,306,164,142
E00017572,375,201,174
E00017600,336,174,162
E00017601,424,218,206
E00017602,338,174,164
E00017574,298,159,139
E00017579,351,173,178
E00017580,330,172,158
E00017582,377,202,175
E00017591,326,164,162
E00017592,436,228,208
E00017593,413,216,197
E00017594,356,186,170
E00017595,378,197,181
E00017575,295,141,154
E00017581,321,167,154
E00017583,471,268,203
E00017578,280,143,137
E00166830,227,117,110
E00166831,221,119,102
E00166832,137,68,69
E00184336,326,180,146
E00184337,121,62,59
E00184342,354,176,178
E00184380,208,113,95
E00017516,240,130,110
E00017518,205,110,95
E00017519,214,119,95
E00017536,224,116,108
E00017537,288,140,148
E00017540,234,132,102
E00017512,220,113,107
E00017513,261,132,129
E00017515,309,163,146
E00017517,315,155,160
E00017522,316,169,147
E00017525,355,192,163
E00017526,281,152,129
E00017527,288,159,129
E00017529,276,149,127
E00017530,194,107,87
E00017528,287,144,143
E00017531,361,187,174
E00017532,323,165,158
E00017533,341,185,156
E00017196,218,114,104
E00017214,311,169,142
E00017215,235,120,115
E00017216,206,108,98
E00017219,209,93,116
E00017220,283,149,134
E00017483,302,169,133
E00017498,362,182,180
E00017500,232,117,115
E00017501,184,103,81
E00017504,284,152,132
E00017479,275,143,132
E00017480,246,127,119
E00017489,354,195,159
E00017493,289,148,141
E00017495,436,212,224
E00017576,359,194,165
E00017584,311,162,149
E00017585,334,163,171
E00017588,330,166,164
E00017573,286,145,141
E00017586,372,185,187
E00017587,371,175,196
E00017589,313,160,153
E00017590,254,138,116
E00017213,216,119,97
E00017217,114,83,31
E00017218,291,141,150
E00017221,227,122,105
E00017224,277,147,130
E00017225,285,143,142
E00017197,246,124,122
E00017222,257,131,126
E00017223,236,129,107
E00017226,223,117,106
E00017227,226,113,113
E00017231,300,161,139
E00017198,200,106,94
E00017202,235,122,113
E00017203,359,208,151
E00017228,249,135,114
E00017229,240,115,125
E00017230,196,101,95
E00017199,308,150,158
E00017200,237,134,103
E00017201,197,105,92
E00017204,231,122,109
E00017205,287,145,142
E00017206,255,120,135
E00017207,317,175,142
E00017514,211,107,104
E00017534,236,137,99
E00017535,328,169,159
E00017538,259,141,118
E00017539,199,103,96
E00017541,216,114,102
E00017036,313,151,162
E00017045,278,153,125
E00017046,227,120,107
E00017049,262,133,129
E00017050,264,130,134
E00017052,300,160,140
E00017047,438,225,213
E00017048,363,187,176
E00017051,533,270,263
E00017055,310,171,139
E00017056,350,182,168
E00017037,423,222,201
E00017040,306,161,145
E00017053,298,141,157
E00017054,252,128,124
E00017061,272,126,146
E00017478,353,183,170
E00017482,314,153,161
E00017499,319,173,146
E00017502,202,107,95
E00017508,231,117,114
E00017510,252,130,122
E00017043,309,161,148
E00017057,242,118,124
E00166838,124,60,64
E00184374,524,255,269
E00184387,283,146,137
E00017041,242,127,115
E00017062,312,175,137
E00166835,506,270,236
E00166836,193,90,103
E00166837,265,143,122
E00016973,241,127,114
E00016974,325,171,154
E00016983,297,169,128
E00016984,369,192,177
E00016990,214,110,104
E00017007,301,160,141
E00016977,288,140,148
E00016978,295,153,142
E00016986,278,138,140
E00016987,313,158,155
E00017004,316,173,143
E00017006,300,156,144
E00017487,219,109,110
E00017490,272,135,137
E00017505,284,141,143
E00017506,266,137,129
E00017509,282,134,148
E00017511,304,146,158
E00017481,260,131,129
E00017485,234,122,112
E00017486,278,136,142
E00017492,319,158,161
E00017503,354,181,173
E00017507,310,164,146
E00017484,238,122,116
E00017488,300,162,138
E00017491,204,117,87
E00017494,409,217,192
E00017497,229,123,106
E00166833,283,147,136
E00166834,276,157,119
E00166839,243,121,122
E00017170,408,186,222
E00017173,471,227,244
E00017176,435,211,224
E00017178,398,183,215
E00017182,351,188,163
E00017171,481,233,248
E00017180,348,165,183
E00017181,336,165,171
E00017183,472,216,256
E00017184,359,187,172
E00017185,368,195,173
E00017186,368,191,177
E00017193,414,229,185
E00017169,325,165,160
E00017175,302,151,151
E00017187,284,152,132
E00017188,278,138,140
E00017191,332,167,165
E00017168,416,197,219
E00017174,351,190,161
E00017177,391,202,189
E00017179,368,170,198
E00017189,385,190,195
E00017044,304,153,151
E00017064,362,178,184
E00017065,318,148,170
E00017066,415,209,206
E00017067,275,136,139
E00017038,352,183,169
E00017039,276,147,129
E00017058,398,182,216
E00017059,345,194,151
E00017063,331,175,156
E00017172,368,193,175
E00017190,340,166,174
E00017192,254,126,128
E00017194,328,166,162
E00017195,331,168,163
E00017237,438,207,231
E00017242,190,102,88
E00017243,389,195,194
E00017244,329,186,143
E00017246,342,171,171
E00017232,330,166,164
E00017234,398,203,195
E00017245,239,118,121
E00017247,206,100,106
E00017252,343,167,176
E00017261,427,216,211
E00016972,189,94,95
E00016979,218,118,100
E00016981,345,165,180
E00016988,355,163,192
E00016991,273,124,149
E00016995,391,200,191
E00016989,254,116,138
E00016994,296,139,157
E00016999,327,166,161
E00017000,279,146,133
E00017001,360,176,184
E00017002,321,161,160
E00016975,212,106,106
E00016976,331,166,165
E00016980,290,149,141
E00016982,280,143,137
E00017003,361,175,186
E00017005,318,172,146
E00017117,283,137,146
E00017118,198,97,101
E00017119,315,147,168
E00017120,366,187,179
E00017121,258,136,122
E00017122,227,122,105
E00017102,407,210,197
E00017103,347,178,169
E00017124,348,186,162
E00017125,285,146,139
E00017127,296,159,137
E00017414,432,218,214
E00017418,329,172,157
E00017444,334,183,151
E00017445,224,116,108
E00017446,361,205,156
E00017417,358,185,173
E00017420,286,154,132
E00017424,277,138,139
E00017427,372,194,178
E00017430,340,184,156
E00017416,301,150,151
E00017419,249,144,105
E00017422,294,150,144
E00017426,260,137,123
E00017429,207,110,97
E00017434,300,164,136
E00017415,285,156,129
E00017423,308,165,143
E00017425,273,136,137
E00017431,300,150,150
E00017433,285,150,135
E00017438,355,185,170
E00017520,458,254,204
E00017521,351,176,175
E00017523,328,168,160
E00017524,371,192,179
E00017109,265,139,126
E00017111,355,174,181
E00017116,282,144,138
E00017130,253,119,134
E00017132,353,183,170
E00017134,239,128,111
E00017104,297,149,148
E00017105,244,120,124
E00017108,308,153,155
E00017112,346,181,165
E00017133,341,184,157
E00017135,249,132,117
E00017123,314,151,163
E00017126,300,163,137
E00017128,376,181,195
E00017129,339,167,172
E00017131,308,148,160
E00017208,226,123,103
E00017209,279,145,134
E00017210,317,161,156
E00017211,287,144,143
E00017212,296,150,146
E00017345,391,192,199
E00017346,346,193,153
E00017348,340,178,162
E00017349,253,123,130
E00017350,311,151,160
E00016985,316,170,146
E00016992,298,157,141
E00016993,370,198,172
E00016996,266,145,121
E00016997,358,205,153
E00016998,256,135,121
E00017069,334,171,163
E00017074,379,210,169
E00017076,293,153,140
E00017077,228,125,103
E00017080,337,167,170
E00017078,327,170,157
E00017079,373,194,179
E00017083,325,165,160
E00017086,332,171,161
E00017093,287,147,140
E00017233,368,179,189
E00017238,326,171,155
E00017239,321,160,161
E00017248,341,178,163
E00017251,254,119,135
E00017258,333,183,150
E00017236,359,165,194
E00017256,377,204,173
E00017259,302,152,150
E00017262,258,128,130
E00017264,338,170,168
E00017145,319,153,166
E00017146,420,213,207
E00017150,431,215,216
E00166840,183,96,87
E00166841,342,153,189
E00166842,287,165,122
E00166843,291,156,135
E00017147,384,201,183
E00017148,240,127,113
E00017152,285,150,135
E00017157,290,158,132
E00017164,528,292,236
E00017141,320,156,164
E00017162,385,190,195
E00017163,344,173,171
E00017166,379,178,201
E00017167,370,185,185
E00017140,420,209,211
E00017142,366,182,184
E00017143,324,174,150
E00017144,306,154,152
E00017241,314,176,138
E00017249,329,167,162
E00017250,391,196,195
E00017253,392,193,199
E00017254,373,184,189
E00017137,334,164,170
E00017153,337,193,144
E00017161,280,147,133
E00017165,479,250,229
E00184345,315,175,140
E00184351,343,183,160
E00017138,345,168,177
E00017151,261,132,129
E00017159,364,186,178
E00017160,353,172,181
E00017273,331,174,157
E00017274,401,210,191
E00017275,358,184,174
E00017276,322,184,138
E00017277,288,148,140
E00017282,333,192,141
E00017265,370,196,174
E00017266,267,147,120
E00017269,446,233,213
E00017271,187,100,87
E00017280,485,233,252
E00017356,363,170,193
E00017370,353,184,169
E00017375,331,172,159
E00184344,405,188,217
E00184350,247,137,110
E00184361,427,238,189
E00017018,371,195,176
E00017022,329,172,157
E00017023,343,180,163
E00017024,370,185,185
E00017026,259,132,127
E00017322,384,185,199
E00017323,281,141,140
E00017328,289,141,148
E00017343,253,129,124
E00017347,326,159,167
E00017330,381,186,195
E00017331,364,185,179
E00017335,392,199,193
E00017351,351,189,162
E00017326,376,177,199
E00017327,315,167,148
E00017332,353,178,175
E00017333,350,173,177
E00017334,363,185,178
E00017325,286,145,141
E00017329,318,168,150
E00017341,286,157,129
E00017342,352,183,169
E00017344,273,131,142
E00017016,432,216,216
E00017017,389,193,196
E00017019,235,115,120
E00017020,333,166,167
E00017021,347,173,174
E00017106,220,114,106
E00017107,325,178,147
E00017110,217,108,109
E00017113,284,147,137
E00017114,257,135,122
E00017115,268,155,113
E00017421,288,144,144
E00017428,287,153,134
E00017432,261,143,118
E00017435,179,97,82
E00017436,381,195,186
E00184343,118,63,55
E00184377,451,232,219
E00017413,297,153,144
E00017439,336,174,162
E00017440,196,107,89
E00017441,313,176,137
E00017442,289,154,135
E00017443,176,102,74
E00017545,333,170,163
E00017567,397,188,209
E00017568,390,190,200
E00017569,414,227,187
E00017570,191,101,90
E00017267,599,297,302
E00017272,463,238,225
E00017278,480,253,227
E00017279,306,143,163
E00017281,233,137,96
E00017284,331,160,171
E00017285,352,179,173
E00017286,324,160,164
E00017287,356,190,166
E00017293,361,183,178
E00017283,328,165,163
E00017288,323,165,158
E00017289,369,200,169
E00017290,392,210,182
E00184341,253,125,128
E00184365,350,171,179
E00184376,375,203,172
E00017268,405,196,209
E00017270,434,218,216
E00017291,378,174,204
E00017294,369,174,195
E00017361,328,158,170
E00017374,385,203,182
E00017377,432,211,221
E00017380,400,194,206
E00017071,437,219,218
E00017087,390,219,171
E00017094,346,173,173
E00017095,378,202,176
E00017068,444,215,229
E00017072,593,317,276
E00017073,380,200,180
E00017082,510,276,234
E00017091,313,152,161
E00017070,381,194,187
E00017081,324,173,151
E00017084,350,187,163
E00017085,444,233,211
E00017088,309,164,145
E00017090,216,126,90
E00017149,392,203,189
E00017158,354,186,168
E00184338,374,194,180
E00184359,525,278,247
E00184373,142,78,64
E00017235,211,119,92
E00017255,545,299,246
E00017257,364,183,181
E00017260,263,131,132
E00017263,400,201,199
E00184340,131,67,64
E00184375,515,251,264
E00017360,394,194,200
E00017362,469,240,229
E00017364,384,197,187
E00017367,382,191,191
E00017358,361,174,187
E00017371,289,142,147
E00017372,277,142,135
E00017379,402,207,195
E00017381,346,184,162
E00017352,387,200,187
E00017353,611,333,278
E00017363,335,181,154
E00017365,368,200,168
E00017354,365,189,176
E00017355,506,269,237
E00017359,426,224,202
E00017366,408,230,178
E00017368,328,173,155
E00017369,307,160,147
E00017373,354,170,184
E00017376,281,138,143
E00017378,323,149,174
E00017546,377,196,181
E00017547,308,155,153
E00017554,299,158,141
E00017556,413,219,194
E00017571,313,164,149
E00017543,300,145,155
E00017544,280,135,145
E00017548,366,180,186
E00017551,334,170,164
E00017559,486,246,240
E00017553,334,163,171
E00017558,326,181,145
E00017560,363,183,180
E00017563,373,188,185
E00017566,362,183,179
E00017549,356,193,163
E00017552,317,164,153
E00017555,303,144,159
E00017561,360,172,188
E00017565,316,181,135
E00017542,476,238,238
E00017550,452,225,227
E00017557,342,172,170
E00017562,373,198,175
E00017564,357,181,176
E00017008,349,180,169
E00017025,332,169,163
E00017028,329,177,152
E00017030,372,191,181
E00017009,321,162,159
E00017010,294,136,158
E00017011,373,178,195
E00017012,397,189,208
E00017032,316,164,152
E00017013,369,191,178
E00017014,380,196,184
E00017015,392,202,190
E00017034,379,196,183
E00017035,297,161,136
E00017027,381,194,187
E00017029,402,201,201
E00017031,329,177,152
E00017033,372,189,183
E00017313,318,167,151
E00017314,236,122,114
E00017315,410,213,197
E00017316,361,181,180
E00017318,270,130,140
E00017089,488,262,226
E00017092,452,232,220
E00017096,443,231,212
E00017099,430,221,209
E00017075,409,186,223
E00017097,337,173,164
E00017098,387,197,190
E00017100,243,133,110
E00017101,403,204,199
E00017386,331,172,159
E00017405,389,202,187
E00017407,355,196,159
E00017409,325,171,154
E00017410,317,156,161
E00017411,313,148,165
E00017393,291,151,140
E00017397,385,215,170
E00017398,375,192,183
E00017400,324,164,160
E00017401,293,164,129
E00017383,336,171,165
E00017402,342,165,177
E00017403,528,282,246
E00017404,328,169,159
E00017406,365,174,191
E00017324,292,137,155
E00017336,309,154,155
E00017337,341,168,173
E00017338,339,175,164
E00017339,355,186,169
E00017340,341,165,176
E00017384,346,183,163
E00017387,262,142,120
E00017388,424,202,222
E00017408,391,200,191
E00017412,319,162,157
E00017382,365,195,170
E00017394,257,118,139
E00017395,325,152,173
E00017396,326,172,154
E00017399,314,163,151
E00017449,353,195,158
E00017456,418,211,207
E00017458,337,189,148
E00017477,491,251,240
E00184362,299,152,147
E00184364,405,209,196
E00017448,458,224,234
E00017473,276,135,141
E00017474,399,211,188
E00017475,352,177,175
E00017476,351,184,167
E00017385,428,213,215
E00017389,340,178,162
E00017390,352,180,172
E00017391,391,202,189
E00017392,316,163,153
E00017450,336,165,171
E00017452,412,213,199
E00017453,344,168,176
E00017454,370,193,177
E00017455,411,204,207
E00017459,371,190,181
E00017460,363,176,187
E00017463,323,159,164
E00017465,360,177,183
E00017466,381,207,174
E00017447,368,196,172
E00017462,528,252,276
E00017464,381,201,180
E00017467,320,153,167
E00017471,346,176,170
E00017457,473,238,235
E00017461,464,240,224
E00017468,329,160,169
E00017469,409,210,199
E00017470,268,136,132
E00017472,283,142,141
E00017300,315,166,149
E00017301,323,159,164
E00017306,361,179,182
E00017309,287,150,137
E00017319,308,170,138
E00017296,373,188,185
E00017299,352,184,168
E00017307,335,169,166
E00017308,382,188,194
E00017295,356,173,183
E00017298,340,170,170
E00017302,279,134,145
E00017303,281,145,136
E00017304,568,291,277
E00017305,344,187,157
E00017310,421,210,211
E00017311,364,185,179
E00017312,354,192,162
E00017297,429,230,199
E00017317,347,176,171
E00017320,401,203,198
E00017321,287,157,130
E00017907,325,174,151
E00017908,336,169,167
E00017909,304,147,157
E00017917,394,194,200
E00174982,374,181,193
E00174983,298,144,154
E00174984,303,157,146
E00017901,347,168,179
E00017915,358,195,163
E00017921,433,216,217
E00017923,402,204,198
E00017930,271,123,148
E00017910,351,183,168
E00017913,429,235,194
E00017914,276,151,125
E00017920,320,164,156
E00017926,414,232,182
E00017899,371,196,175
E00017903,460,237,223
E00017904,248,125,123
E00017905,357,167,190
E00017911,346,177,169
E00018053,347,194,153
E00018054,398,201,197
E00018055,197,102,95
E00018057,427,217,210
E00018067,434,233,201
E00018062,459,230,229
E00018064,489,251,238
E00018071,398,198,200
E00018072,457,228,229
E00018068,403,201,202
E00018070,418,226,192
E00018073,369,191,178
E00018074,408,215,193
E00018076,446,229,217
E00018078,434,226,208
E00018082,584,268,316
E00182159,200,92,108
E00182262,429,224,205
E00018058,528,259,269
E00018061,373,173,200
E00018063,616,311,305
E00018066,477,223,254
E00018089,233,118,115
E00018094,377,179,198
E00018097,429,216,213
E00018098,495,246,249
E00018101,380,187,193
E00018106,578,256,322
E00018107,369,158,211
E00018108,378,179,199
E00018109,509,229,280
E00018083,422,232,190
E00018084,342,183,159
E00018088,403,215,188
E00018092,441,239,202
E00018069,338,158,180
E00018075,591,329,262
E00018077,591,287,304
E00018081,464,229,235
E00018093,503,239,264
E00018100,521,260,261
E00175019,276,138,138
E00175061,329,150,179
E00018102,614,303,311
E00018104,352,172,180
E00018105,377,207,170
E00018112,360,181,179
E00175056,542,279,263
E00175083,243,120,123
E00018090,450,225,225
E00018091,456,218,238
E00018095,483,241,242
E00018096,442,222,220
E00018099,425,201,224
E00017833,534,272,262
E00017835,441,242,199
E00017857,383,215,168
E00018045,477,225,252
E00018047,543,268,275
E00018051,254,116,138
E00018052,385,193,192
E00018046,464,256,208
E00018056,447,236,211
E00018059,428,229,199
E00018060,601,318,283
E00018065,447,219,228
E00018044,493,265,228
E00018048,299,149,150
E00018049,453,228,225
E00018050,398,209,189
E00018080,359,185,174
E00017900,349,193,156
E00017931,398,199,199
E00017935,433,219,214
E00182071,575,300,275
E00017918,353,188,165
E00017924,273,135,138
E00017927,433,219,214
E00017928,290,146,144
E00017934,438,217,221
E00017937,462,228,234
E00017898,340,174,166
E00017933,458,237,221
E00017936,375,180,195
E00017938,243,139,104
E00174986,355,164,191
E00175027,344,174,170
E00017940,490,241,249
E00017948,265,122,143
E00017953,390,189,201
E00017954,333,174,159
E00017955,480,244,236
E00017906,317,157,160
E00017912,407,197,210
E00017916,348,165,183
E00017919,405,177,228
E00017922,476,239,237
E00017946,415,205,210
E00017979,353,172,181
E00017980,417,204,213
E00182202,345,178,167
E00182246,356,190,166
E00017984,415,212,203
E00017987,390,184,206
E00017990,501,257,244
E00018010,408,202,206
E00017981,434,228,206
E00017986,445,219,226
E00018012,379,185,194
E00182121,408,194,214
E00182343,266,130,136
E00017939,231,106,125
E00017947,424,217,207
E00017949,187,93,94
E00017952,490,257,233
E00174979,433,196,237
E00174981,205,99,106
E00017957,486,245,241
E00017962,274,140,134
E00017967,421,212,209
E00017973,534,265,269
E00018013,485,242,243
E00018017,536,269,267
E00018042,340,164,176
E00018043,548,263,285
E00018018,584,262,322
E00018019,501,231,270
E00018021,543,267,276
E00182207,170,100,70
E00182282,480,233,247
E00018020,449,212,237
E00018022,475,226,249
E00018024,338,174,164
E00018025,412,210,202
E00017941,419,220,199
E00017943,389,199,190
E00017965,365,182,183
E00017970,278,139,139
E00017974,376,201,175
E00017942,514,236,278
E00017958,408,219,189
E00017961,355,173,182
E00017963,446,235,211
E00017968,296,158,138
E00017945,392,175,217
E00017972,372,195,177
E00017975,389,206,183
E00017977,405,205,200
E00017978,340,162,178
E00017956,378,183,195
E00017959,556,293,263
E00175040,230,110,120
E00175070,144,73,71
E00175079,131,63,68
E00175080,214,108,106
E00182052,147,82,65
E00182053,183,89,94
E00182054,237,113,124
E00182055,165,85,80
E00017834,279,124,155
E00017841,396,183,213
E00175069,548,259,289
E00175082,437,211,226
E00182307,337,160,177
E00182367,420,190,230
E00017836,538,264,274
E00017837,523,253,270
E00017842,439,214,225
E00017848,393,199,194
E00017840,583,280,303
E00017843,416,196,220
E00017846,444,219,225
E00182122,342,164,178
E00182192,469,232,237
E00017839,500,241,259
E00017844,571,301,270
E00017845,578,244,334
E00182090,364,139,225
E00182320,295,126,169
E00017854,318,152,166
E00017855,531,255,276
E00017856,585,264,321
E00175059,534,265,269
E00175064,356,182,174
E00017847,409,194,215
E00017849,476,228,248
E00182099,445,218,227
E00182113,365,169,196
E00182265,284,130,154
E00182394,338,153,185
E00017985,417,219,198
E00017988,382,184,198
E00017989,453,228,225
E00017992,424,199,225
E00017994,441,207,234
E00017996,428,213,215
E00175052,407,200,207
E00175065,318,154,164
E00182133,569,310,259
E00182213,461,264,197
E00018111,415,196,219
E00018113,435,227,208
E00018115,328,162,166
E00018116,383,188,195
E00018085,376,183,193
E00018086,508,256,252
E00018087,477,232,245
E00018114,495,238,257
E00018222,278,141,137
E00018223,356,161,195
E00018224,348,169,179
E00018257,475,210,265
E00018259,389,215,174
E00018218,322,144,178
E00018231,304,155,149
E00018233,515,243,272
E00018235,335,149,186
E00018236,229,104,125
E00018238,339,174,165
E00018242,224,106,118
E00018230,296,144,152
E00018237,282,151,131
E00018239,354,170,184
E00018240,434,241,193
E00018241,317,172,145
E00175020,313,154,159
E00175021,244,124,120
E00175023,244,122,122
E00018225,263,142,121
E00018226,403,223,180
E00018227,347,171,176
E00182050,384,211,173
E00182076,148,77,71
E00182077,274,158,116
E00174989,411,192,219
E00175060,242,119,123
E00182051,107,43,64
E00182086,332,166,166
E00182102,107,46,61
E00182229,370,170,200
E00017982,589,291,298
E00017991,440,195,245
E00017995,528,258,270
E00017997,543,273,270
E00017999,595,291,304
E00018001,536,258,278
E00174980,367,183,184
E00175036,238,121,117
E00182278,372,198,174
E00182339,263,129,134
E00017983,592,286,306
E00018003,384,189,195
E00018004,484,229,255
E00182152,247,131,116
E00182212,384,218,166
E00018005,414,192,222
E00018006,552,283,269
E00018009,359,180,179
E00182206,455,197,258
E00182317,181,91,90
E00018262,358,187,171
E00018282,358,177,181
E00018283,262,142,120
E00018284,322,150,172
E00018286,383,200,183
E00018263,561,265,296
E00018285,353,175,178
E00175041,520,239,281
E00175075,250,115,135
E00018287,438,194,244
E00018288,387,185,202
E00018291,407,206,201
E00018294,293,146,147
E00018267,333,150,183
E00018289,384,194,190
E00018293,460,215,245
E00018295,514,247,267
E00018264,431,214,217
E00018269,512,261,251
E00018292,302,153,149
E00182181,238,120,118
E00182255,465,235,230
E00017944,415,217,198
E00017969,355,171,184
E00017971,511,256,255
E00017976,316,161,155
E00018130,340,176,164
E00018131,366,192,174
E00018133,348,181,167
E00018134,234,119,115
E00018135,427,225,202
E00018132,366,170,196
E00018138,412,195,217
E00182105,397,180,217
E00182270,325,133,192
E00182372,338,160,178
E00182380,351,173,178
E00018297,442,190,252
E00018298,338,159,179
E00018300,302,165,137
E00018325,335,168,167
E00018328,408,212,196
E00018036,594,218,376
E00018038,482,226,256
E00018040,359,172,187
E00018041,404,191,213
E00182211,317,145,172
E00182230,425,208,217
E00018016,440,208,232
E00018033,402,195,207
E00018034,483,246,237
E00182087,494,168,326
E00182088,344,140,204
E00182254,302,126,176
E00018023,561,268,293
E00018026,411,208,203
E00018028,542,255,287
E00182198,218,96,122
E00182351,596,263,333
E00018015,446,228,218
E00018027,233,120,113
E00018030,587,280,307
E00018031,504,234,270
E00018032,517,255,262
E00018035,264,126,138
E00017825,414,204,210
E00017826,613,301,312
E00017827,524,265,259
E00017830,430,220,210
E00017804,557,274,283
E00017805,495,226,269
E00017828,524,245,279
E00174997,446,213,233
E00174998,150,76,74
E00017798,425,214,211
E00017799,450,220,230
E00017801,466,228,238
E00017829,511,253,258
E00017806,423,208,215
E00017814,464,225,239
E00017818,555,315,240
E00174996,434,211,223
E00175047,199,99,100
E00017811,384,199,185
E00017812,297,150,147
E00017816,595,302,293
E00175004,458,209,249
E00175048,146,88,58
E00017644,407,213,194
E00017645,341,179,162
E00017650,565,301,264
E00017673,351,184,167
E00017674,320,155,165
E00017665,354,161,193
E00182155,320,149,171
E00182164,225,115,110
E00182209,330,186,144
E00182210,414,233,181
E00182259,473,243,230
E00182273,145,73,72
E00182285,492,245,247
E00182383,243,113,130
E00017646,409,207,202
E00017647,491,236,255
E00017663,357,158,199
E00017664,316,156,160
E00017672,420,203,217
E00017802,515,248,267
E00017808,543,280,263
E00017810,443,219,224
E00175002,303,141,162
E00175005,129,64,65
E00018296,313,168,145
E00018318,265,132,133
E00018320,497,260,237
E00018322,251,130,121
E00018323,235,116,119
E00018324,307,144,163
E00018314,340,182,158
E00018315,623,307,316
E00018316,524,257,267
E00018317,537,273,264
E00018321,402,187,215
E00018302,437,229,208
E00018305,212,109,103
E00018309,352,174,178
E00018311,219,107,112
E00018312,327,178,149
E00018319,312,162,150
E00018306,345,182,163
E00018329,377,203,174
E00018330,412,214,198
E00018331,378,175,203
E00018333,239,117,122
E00018299,360,180,180
E00018326,294,158,136
E00018327,357,181,176
E00018336,453,244,209
E00182096,240,116,124
E00182177,496,237,259
E00018121,575,300,275
E00018139,280,146,134
E00018140,362,186,176
E00018141,374,180,194
E00018143,301,160,141
E00018124,412,211,201
E00018126,420,212,208
E00018145,356,179,177
E00018148,152,68,84
E00018149,288,144,144
E00018304,375,193,182
E00018307,378,195,183
E00018308,359,180,179
E00018310,397,199,198
E00018313,379,200,179
E00018303,536,249,287
E00018332,364,166,198
E00018334,436,217,219
E00018335,553,251,302
E00017649,578,284,294
E00017666,245,103,142
E00017668,155,94,61
E00017669,518,271,247
E00017671,483,232,251
E00018123,315,154,161
E00018142,423,213,210
E00018147,247,109,138
E00018151,364,182,182
E00018153,539,279,260
E00018122,434,205,229
E00018125,484,246,238
E00018144,284,149,135
E00018146,451,213,238
E00018168,416,216,200
E00182291,457,247,210
E00182336,574,286,288
E00018171,528,282,246
E00018173,471,225,246
E00182145,325,170,155
E00182387,322,170,152
E00017858,385,195,190
E00017862,421,209,212
E00017872,344,176,168
E00017876,253,138,115
E00017877,285,149,136
E00017878,168,99,69
E00017863,562,278,284
E00017865,392,203,189
E00174971,379,200,179
E00174972,377,187,190
E00174973,409,195,214
E00018273,412,202,210
E00018274,519,262,257
E00018275,282,131,151
E00018276,437,214,223
E00018268,246,125,121
E00018270,257,131,126
E00018271,258,136,122
E00018272,543,248,295
E00018278,517,250,267
E00018277,478,224,254
E00018279,394,192,202
E00175007,481,240,241
E00175008,404,199,205
E00017803,498,241,257
E00017807,415,219,196
E00017817,426,215,211
E00017819,620,415,205
E00017820,505,254,251
E00017821,413,203,210
E00017822,424,227,197
E00017823,545,282,263
E00017824,442,223,219
E00017866,332,176,156
E00017875,584,285,299
E00017879,321,143,178
E00017880,514,264,250
E00017881,195,100,95
E00017883,215,108,107
E00017860,462,235,227
E00017861,406,207,199
E00017873,290,146,144
E00017874,367,191,176
E00175038,362,184,178
E00175062,349,184,165
E00018280,341,175,166
E00175009,447,228,219
E00175010,460,244,216
E00175011,444,223,221
E00017678,513,235,278
E00017679,524,264,260
E00017680,363,172,191
E00182266,355,187,168
E00182318,277,135,142
E00017655,366,185,181
E00017657,434,219,215
E00017660,568,290,278
E00175049,373,184,189
E00175050,375,195,180
E00017656,398,182,216
E00017658,394,190,204
E00017659,411,212,199
E00017661,405,214,191
E00017662,468,250,218
E00182125,552,245,307
E00182175,209,88,121
E00182221,453,208,245
E00182313,146,64,82
E00017654,473,233,240
E00017676,527,256,271
E00017677,327,158,169
E00182235,321,157,164
E00182392,345,166,179
E00018119,353,172,181
E00018120,617,331,286
E00018152,274,129,145
E00018156,310,152,158
E00018157,275,134,141
E00018117,333,170,163
E00018118,262,137,125
E00018155,287,143,144
E00175032,261,137,124
E00175071,454,256,198
E00175076,219,117,102
E00018182,485,249,236
E00018184,503,247,256
E00018193,566,285,281
E00182151,323,158,165
E00182326,310,156,154
E00018159,371,205,166
E00018160,476,252,224
E00018175,392,216,176
E00182190,536,264,272
E00182299,120,66,54
E00017685,291,168,123
E00017687,243,136,107
E00017718,280,144,136
E00017720,234,114,120
E00017721,295,170,125
E00017686,327,172,155
E00017690,376,177,199
E00017693,459,214,245
E00017694,338,178,160
E00017719,368,187,181
E00017691,475,238,237
E00017697,451,229,222
E00017698,507,269,238
E00017699,224,110,114
E00017701,390,205,185
E00018127,402,211,191
E00018129,481,251,230
E00018150,252,143,109
E00018154,374,199,175
E00018163,304,160,144
E00018191,436,222,214
E00018194,409,214,195
E00018195,414,223,191
E00182231,442,229,213
E00182373,195,101,94
E00018178,487,245,242
E00018179,381,204,177
E00018181,339,185,154
E00018188,376,194,182
E00018190,359,195,164
E00018161,441,219,222
E00018162,404,204,200
E00018170,337,178,159
E00018172,409,210,199
E00018174,474,224,250
E00018180,479,228,251
E00018183,486,244,242
E00018185,454,231,223
E00018186,306,160,146
E00018187,306,150,156
E00017867,362,178,184
E00017882,400,219,181
E00017884,407,212,195
E00017885,267,136,131
E00017887,311,153,158
E00017889,387,197,190
E00017886,407,212,195
E00174995,311,155,156
E00175006,384,183,201
E00175014,388,204,184
E00175055,493,239,254
E00182069,533,277,256
E00017870,371,191,180
E00017871,528,272,256
E00017888,283,147,136
E00017890,363,199,164
E00017893,487,209,278
E00017891,333,171,162
E00017892,414,195,219
E00017894,303,147,156
E00017895,319,168,151
E00017896,330,161,169
E00017897,324,159,165
E00017688,247,129,118
E00017689,408,207,201
E00017692,488,262,226
E00017695,323,161,162
E00017696,334,176,158
E00017702,568,295,273
E00017703,336,161,175
E00017705,537,287,250
E00017707,338,162,176
E00017708,513,268,245
E00182109,321,172,149
E00182256,309,161,148
E00017682,621,320,301
E00017683,395,193,202
E00017711,523,246,277
E00017712,260,137,123
E00182194,622,308,314
E00182332,250,127,123
E00017684,197,93,104
E00017710,317,163,154
E00017713,419,209,210
E00175057,269,136,133
E00182089,543,238,305
E00182106,109,49,60
E00182171,222,103,119
E00182200,181,97,84
E00182208,385,193,192
E00182271,244,116,128
E00017739,376,191,185
E00017740,217,122,95
E00017741,537,269,268
E00017744,448,228,220
E00182094,229,109,120
E00182315,453,235,218
E00017728,567,281,286
E00017742,405,209,196
E00017746,444,230,214
E00182196,113,55,58
E00182344,222,111,111
E00182381,485,257,228
E00182393,327,175,152
E00017722,602,293,309
E00017743,289,157,132
E00017745,282,157,125
E00017747,502,257,245
E00017748,389,214,175
E00018158,468,247,221
E00018164,391,196,195
E00018165,463,246,217
E00018166,472,249,223
E00018167,497,264,233
E00017628,486,246,240
E00017629,316,159,157
E00017630,383,201,182
E00017631,467,238,229
E00017614,286,154,132
E00017632,310,177,133
E00017634,409,191,218
E00182104,617,320,297
E00182144,176,96,80
E00017760,311,161,150
E00017761,302,149,153
E00017770,316,142,174
E00017772,338,177,161
E00017778,228,117,111
E00017781,395,208,187
E00017762,305,161,144
E00017763,377,180,197
E00017771,365,193,172
E00017773,277,152,125
E00017780,316,157,159
E00017776,465,233,232
E00017777,522,255,267
E00017782,321,159,162
E00017784,313,159,154
E00017607,426,208,218
E00017609,327,183,144
E00017623,326,167,159
E00182061,933,500,433
E00017604,298,157,141
E00017612,301,157,144
E00017618,338,192,146
E00017637,269,134,135
E00017639,217,117,100
E00017641,275,143,132
E00017642,195,98,97
E00174978,477,247,230
E00175085,189,117,72
E00017611,525,284,241
E00017627,344,170,174
E00017633,243,116,127
E00017635,246,133,113
E00017638,195,102,93
E00182324,410,222,188
E00182327,112,53,59
E00182337,346,186,160
E00182341,362,194,168
E00182356,534,260,274
E00174977,230,116,114
E00182056,363,185,178
E00182057,477,234,243
E00182063,252,135,117
E00182293,213,96,117
E00017700,272,141,131
E00017704,357,178,179
E00017706,354,169,185
E00017709,316,155,161
E00017715,348,173,175
E00017733,310,151,159
E00017734,201,107,94
E00017735,297,153,144
E00017736,308,167,141
E00017738,309,165,144
E00017729,287,143,144
E00175045,277,146,131
E00175072,176,95,81
E00175084,436,219,217
E00182046,346,180,166
E00182047,180,90,90
E00017725,325,165,160
E00017758,575,303,272
E00182045,348,169,179
E00182080,529,251,278
E00182174,166,82,84
E00017759,465,244,221
E00182116,265,140,125
E00182283,265,121,144
E00182330,486,250,236
E00174967,173,81,92
E00174970,180,79,101
E00175028,116,45,71
E00182078,468,228,240
E00182098,285,146,139
E00182314,150,72,78
E00182371,165,84,81
E00182048,181,79,102
E00182118,274,132,142
E00182142,435,198,237
E00182264,268,119,149
E00182319,280,134,146
E00174960,288,135,153
E00174961,157,80,77
E00174962,186,91,95
E00175016,158,79,79
E00175017,208,101,107
E00175018,312,156,156
E00182153,460,219,241
E00182258,158,78,80
E00017603,293,154,139
E00017617,283,143,140
E00017619,313,166,147
E00017621,326,166,160
E00017624,332,178,154
E00017608,333,155,178
E00017610,460,243,217
E00017620,384,187,197
E00017625,298,145,153
E00017605,442,240,202
E00017616,142,79,63
E00017636,224,109,115
E00017640,197,94,103
E00182166,251,134,117
E00182279,431,220,211
E00017764,335,184,151
E00017775,326,173,153
E00017779,190,101,89
E00017793,313,152,161
E00017797,399,198,201
E00017751,542,265,277
E00017754,421,220,201
E00182065,538,291,247
E00182066,420,213,207
E00017785,506,261,245
E00017786,394,198,196
E00017787,363,198,165
E00017789,335,176,159
E00017795,382,180,202
E00017766,434,214,220
E00017783,420,217,203
E00017792,380,190,190
E00017794,427,220,207
E00017767,254,131,123
E00017768,352,171,181
E00017769,507,267,240
E00017791,585,308,277
E00017796,410,205,205
E00017765,439,244,195
E00017774,517,278,239
E00017788,480,263,217
E00017790,447,238,209
E00182100,599,324,275
E00182103,285,147,138
E00182127,175,84,91
E00182267,559,263,296
E00182306,170,80,90
E00182126,348,146,202
E00182253,278,134,144
E00182286,245,115,130
E00182301,165,80,85
E00182312,527,254,273
E00182251,483,222,261
E00182298,192,96,96
E00182361,552,279,273
E00182366,308,147,161
E00182115,251,119,132
E00182168,500,256,244
E00182176,538,267,271
E00182395,412,210,202
E00182146,361,159,202
E00182191,576,309,267
E00182193,165,70,95
E00182249,604,294,310
E00182280,156,78,78
E00182390,183,80,103
E00018221,485,237,248
E00018251,276,139,137
E00018252,337,170,167
E00018254,265,127,138
E00018260,341,182,159
E00018253,408,200,208
E00018255,366,186,180
E00182049,343,166,177
E00182179,189,91,98
E00182220,401,187,214
E00182329,115,55,60
E00182242,565,268,297
E00182342,113,59,54
E00182348,545,282,263
E00182352,178,85,93
E00182399,483,289,194
E00182117,336,153,183
E00182136,372,163,209
E00182184,297,137,160
E00182272,230,124,106
E00018246,132,59,73
E00175024,144,66,78
E00175025,235,104,131
E00175034,537,252,285
E00182084,477,253,224
E00182085,257,146,111
E00174990,362,178,184
E00175037,249,138,111
E00182079,342,176,166
E00182110,100,51,49
E00182232,236,110,126
E00182292,133,69,64
E00182308,463,234,229
E00018220,388,182,206
E00018250,354,172,182
E00175053,155,79,76
E00182203,278,139,139
E00182217,376,170,206
E00182225,201,77,124
E00182391,351,170,181
E00175074,234,114,120
E00182108,318,172,146
E00182370,244,114,130
E00182396,146,54,92
E00182397,585,251,334
E00174987,203,105,98
E00175068,375,183,192
E00175078,221,115,106
E00182147,289,139,150
E00182389,287,123,164
E00018210,305,165,140
E00018213,363,185,178
E00018215,292,154,138
E00174963,391,215,176
E00174969,210,119,91
E00182075,405,226,179
E00018208,291,143,148
E00018209,389,196,193
E00018211,356,180,176
E00018212,384,201,183
E00018214,189,103,86
E00174999,316,172,144
E00175000,309,145,164
E00175001,320,163,157
E00175003,328,166,162
E00175029,247,128,119
E00175030,244,131,113
E00018206,355,190,165
E00175031,495,253,242
E00182074,404,216,188
E00182347,499,256,243
E00018197,450,211,239
E00018198,383,172,211
E00018204,311,142,169
E00174993,268,127,141
E00018201,426,220,206
E00175058,266,125,141
E00182290,549,277,272
E00182382,264,149,115
E00182156,319,161,158
E00182325,582,297,285
E00182378,512,231,281
E00182095,557,307,250
E00182114,307,174,133
E00182143,130,65,65
E00182183,137,68,69
E00182385,447,254,193
E00174968,311,157,154
E00182131,297,147,150
E00182135,209,105,104
E00182274,316,139,177
E00182310,216,107,109
E00174994,407,216,191
E00182093,436,239,197
E00182138,187,96,91
E00182321,202,96,106
E00182369,177,83,94
E00182163,217,112,105
E00182247,168,66,102
E00182340,316,157,159
E00182350,311,154,157
E00182365,225,111,114
E00174992,123,60,63
E00182119,406,201,205
E00182149,415,201,214
E00182186,214,107,107
E00182243,185,88,97
E00018828,331,166,165
E00018829,252,131,121
E00018830,310,155,155
E00018831,256,127,129
E00018833,303,162,141
E00018832,385,198,187
E00018836,342,173,169
E00018839,343,168,175
E00018840,342,176,166
E00018834,393,199,194
E00018835,407,215,192
E00018838,272,140,132
E00018841,272,144,128
E00018845,274,138,136
E00018837,342,170,172
E00018842,401,213,188
E00018843,309,157,152
E00018844,310,161,149
E00018846,373,190,183
E00018847,399,205,194
E00018848,413,212,201
E00018849,452,234,218
E00018824,325,161,164
E00018826,379,188,191
E00018852,304,156,148
E00018853,411,207,204
E00018854,347,175,172
E00018822,303,158,145
E00018823,301,157,144
E00018825,382,188,194
E00018827,313,147,166
E00018850,313,164,149
E00018851,300,140,160
E00018736,358,187,171
E00018741,290,149,141
E00018742,292,149,143
E00018743,367,187,180
E00018745,346,183,163
E00018746,269,143,126
E00018712,429,214,215
E00018725,387,195,192
E00018749,456,245,211
E00018750,388,201,187
E00185719,296,144,152
E00185757,467,245,222
E00018716,410,228,182
E00018719,409,209,200
E00018727,324,174,150
E00018732,386,224,162
E00018748,385,201,184
E00018718,392,197,195
E00018723,242,118,124
E00018724,315,164,151
E00018730,308,158,150
E00185731,363,196,167
E00185736,143,71,72
E00185769,557,277,280
E00185792,210,111,99
E00018738,381,211,170
E00018739,500,267,233
E00018740,369,187,182
E00018744,328,157,171
E00018747,315,160,155
E00018714,437,204,233
E00018717,285,152,133
E00018720,401,214,187
E00018729,360,177,183
E00018711,468,288,180
E00018721,301,153,148
E00018726,359,176,183
E00018734,378,208,170
E00018737,257,134,123
E00018722,368,178,190
E00018728,348,183,165
E00018731,282,131,151
E00018733,350,179,171
E00018735,435,241,194
E00018408,360,193,167
E00018432,360,181,179
E00018437,290,141,149
E00018438,395,205,190
E00018440,297,151,146
E00018405,336,175,161
E00018419,330,169,161
E00018422,257,133,124
E00018423,295,137,158
E00018429,353,182,171
E00018426,389,203,186
E00018427,261,136,125
E00018430,336,168,168
E00018433,391,200,191
E00018434,345,179,166
E00018413,349,181,168
E00018414,407,200,207
E00018415,363,183,180
E00018416,285,147,138
E00018417,371,173,198
E00018418,322,174,148
E00018420,277,147,130
E00018421,272,144,128
E00018424,339,175,164
E00018425,349,170,179
E00018406,366,184,182
E00018410,287,166,121
E00018411,315,163,152
E00018428,297,158,139
E00018431,333,177,156
E00018435,335,161,174
E00018436,240,129,111
E00018407,399,213,186
E00018409,320,157,163
E00018412,384,196,188
E00018439,328,168,160
E00018441,328,173,155
E00018608,381,182,199
E00018616,322,163,159
E00018621,352,185,167
E00018622,472,236,236
E00018606,317,148,169
E00018611,299,148,151
E00018613,312,167,145
E00018625,284,144,140
E00018638,343,174,169
E00018626,450,230,220
E00018628,353,174,179
E00018629,466,246,220
E00018630,469,235,234
E00175162,223,126,97
E00175176,292,129,163
E00175178,269,139,130
E00018631,404,215,189
E00018632,405,211,194
E00018633,456,247,209
E00018634,362,188,174
E00018635,428,216,212
E00018607,273,139,134
E00018612,379,196,183
E00018614,266,138,128
E00018617,465,245,220
E00018618,547,290,257
E00018640,326,181,145
E00018610,359,193,166
E00018636,357,178,179
E00018637,266,159,107
E00018639,400,210,190
E00175159,305,161,144
E00175160,291,156,135
E00175161,305,165,140
E00175163,369,192,177
E00018615,297,149,148
E00018619,446,225,221
E00018620,390,193,197
E00018623,523,270,253
E00018624,376,193,183
E00018481,298,153,145
E00018482,319,158,161
E00018497,483,242,241
E00018498,295,150,145
E00018499,323,150,173
E00018477,574,285,289
E00018486,323,162,161
E00018490,261,131,130
E00018504,389,195,194
E00018500,164,84,80
E00018501,268,138,130
E00018505,421,222,199
E00018507,338,180,158
E00018509,340,172,168
E00018485,359,191,168
E00018502,272,137,135
E00018503,327,175,152
E00018506,306,154,152
E00018508,287,136,151
E00018483,284,147,137
E00018484,247,114,133
E00018491,355,191,164
E00175124,164,90,74
E00175125,191,118,73
E00175126,455,245,210
E00018480,419,233,186
E00018488,288,145,143
E00018489,336,189,147
E00018494,259,140,119
E00175149,223,109,114
E00175167,186,99,87
E00175177,207,111,96
E00018478,385,209,176
E00018492,335,159,176
E00018495,279,135,144
E00018496,365,191,174
E00175145,246,141,105
E00175146,284,138,146
E00175147,237,110,127
E00175148,295,108,187
E00018644,452,216,236
E00018654,363,171,192
E00018656,324,165,159
E00018675,390,202,188
E00018651,444,219,225
E00018669,316,193,123
E00018670,351,195,156
E00018672,235,130,105
E00185754,329,167,162
E00185799,388,213,175
E00018648,333,168,165
E00018649,345,172,173
E00018650,346,178,168
E00018655,355,180,175
E00018659,388,192,196
E00018641,457,236,221
E00018643,364,177,187
E00018658,426,216,210
E00018660,274,144,130
E00018924,423,221,202
E00018925,367,186,181
E00018926,434,218,216
E00018927,363,185,178
E00018895,506,264,242
E00018898,383,185,198
E00018901,326,167,159
E00018905,365,197,168
E00018906,318,150,168
E00018894,219,88,131
E00018896,161,70,91
E00018897,240,132,108
E00018899,316,172,144
E00018902,416,225,191
E00018903,472,261,211
E00018892,423,200,223
E00018900,358,179,179
E00018904,333,179,154
E00018907,290,149,141
E00018908,329,161,168
E00018909,390,197,193
E00018910,435,211,224
E00018912,336,172,164
E00018914,435,216,219
E00018918,415,225,190
E00018893,365,195,170
E00018919,325,169,156
E00018920,372,202,170
E00018921,398,208,190
E00018922,322,170,152
E00018923,322,173,149
E00018911,346,188,158
E00018913,343,188,155
E00018915,302,141,161
E00018916,607,334,273
E00018917,343,178,165
E00018646,400,204,196
E00018652,508,269,239
E00018661,494,245,249
E00018673,260,140,120
E00175164,525,271,254
E00175165,234,128,106
E00018647,350,178,172
E00018671,324,179,145
E00018674,355,181,174
E00018676,333,161,172
E00018677,338,187,151
E00018653,381,191,190
E00018657,357,173,184
E00018662,432,243,189
E00018664,437,238,199
E00018667,304,162,142
E00018642,315,165,150
E00018663,377,185,192
E00018665,379,208,171
E00018666,426,207,219
E00018372,433,216,217
E00018377,487,248,239
E00018387,480,240,240
E00018389,516,238,278
E00018392,316,157,159
E00018395,310,172,138
E00018396,415,212,203
E00018397,470,232,238
E00018393,396,210,186
E00018394,528,259,269
E00018398,388,196,192
E00018400,364,181,183
E00018374,444,203,241
E00018378,221,123,98
E00018382,410,214,196
E00018404,441,229,212
E00018337,558,284,274
E00018341,416,221,195
E00018347,396,198,198
E00018352,374,194,180
E00018371,512,242,270
E00018339,471,249,222
E00018342,361,182,179
E00018343,310,165,145
E00018350,476,252,224
E00018353,338,166,172
E00018351,401,204,197
E00018360,470,234,236
E00018364,430,221,209
E00185677,254,101,153
E00185738,478,218,260
E00018348,402,218,184
E00018354,436,229,207
E00018358,456,225,231
E00018362,473,241,232
E00018963,469,244,225
E00018964,415,236,179
E00018983,175,89,86
E00018985,367,183,184
E00018988,238,124,114
E00018992,270,135,135
E00018962,355,185,170
E00018971,215,111,104
E00018980,211,116,95
E00018982,335,177,158
E00018984,299,154,145
E00018989,244,135,109
E00018986,260,152,108
E00018987,232,142,90
E00018990,247,121,126
E00018991,219,126,93
E00018994,331,170,161
E00018995,270,145,125
E00018999,175,110,65
E00018965,331,175,156
E00018966,293,164,129
E00018967,327,180,147
E00018968,354,187,167
E00018993,308,168,140
E00018997,212,110,102
E00018969,346,167,179
E00018975,286,169,117
E00018996,366,185,181
E00018998,302,161,141
E00019000,304,159,145
E00019002,344,180,164
E00018970,333,179,154
E00018972,363,188,175
E00018973,220,123,97
E00018974,257,122,135
E00019001,169,87,82
E00019003,307,156,151
E00018976,317,156,161
E00018977,312,157,155
E00018978,311,159,152
E00018979,273,143,130
E00018981,350,178,172
E00018385,341,177,164
E00018386,442,221,221
E00018390,432,229,203
E00185723,412,210,202
E00185810,343,180,163
E00018373,342,180,162
E00018376,183,96,87
E00018379,473,219,254
E00018399,409,207,202
E00018401,372,197,175
E00018375,436,222,214
E00018380,357,171,186
E00018402,453,205,248
E00018403,369,192,177
E00018381,579,241,338
E00018383,570,272,298
E00018384,343,165,178
E00185823,220,108,112
E00185841,451,253,198
E00018340,411,205,206
E00018344,370,186,184
E00018345,396,200,196
E00185687,361,186,175
E00185775,368,190,178
E00018349,378,194,184
E00018355,480,270,210
E00018356,431,217,214
E00018357,551,261,290
E00018359,436,225,211
E00018361,413,214,199
E00018366,452,224,228
E00018367,393,194,199
E00018370,400,205,195
E00018363,450,233,217
E00018365,394,203,191
E00018368,435,225,210
E00175128,419,216,203
E00175155,347,166,181
E00175172,378,175,203
E00175175,362,179,183
E00019070,286,152,134
E00019073,181,94,87
E00019074,366,177,189
E00019075,327,172,155
E00019076,264,147,117
E00019040,230,112,118
E00019041,351,173,178
E00019042,349,186,163
E00019062,371,205,166
E00019063,248,122,126
E00019043,422,207,215
E00019064,143,67,76
E00019065,332,169,163
E00019066,338,171,167
E00019067,279,140,139
E00019068,293,151,142
E00019069,311,179,132
E00019071,330,155,175
E00019072,367,186,181
E00018878,406,211,195
E00018879,518,261,257
E00018880,440,222,218
E00018881,472,236,236
E00018884,440,221,219
E00018857,287,147,140
E00018859,411,199,212
E00018861,345,165,180
E00018885,520,256,264
E00018887,424,210,214
E00018860,361,182,179
E00018862,430,221,209
E00018864,510,257,253
E00018891,422,211,211
E00018866,401,209,192
E00018868,444,233,211
E00018869,511,260,251
E00018872,395,191,204
E00018873,391,177,214
E00018928,402,213,189
E00018929,411,191,220
E00018936,486,239,247
E00018939,578,285,293
E00018943,467,236,231
E00175129,434,224,210
E00175130,368,202,166
E00175143,444,220,224
E00175166,475,226,249
E00175168,316,179,137
E00175169,384,188,196
E00018944,323,163,160
E00018950,397,197,200
E00018952,421,215,206
E00018953,395,193,202
E00018954,255,122,133
E00018930,377,198,179
E00018948,311,156,155
E00018949,442,225,217
E00018956,371,188,183
E00018958,324,179,145
E00018855,449,230,219
E00018883,451,221,230
E00018886,455,228,227
E00018889,386,210,176
E00175173,621,335,286
E00175174,411,198,213
E00018888,540,256,284
E00018890,455,221,234
E00185676,249,127,122
E00185777,305,128,177
E00185811,493,227,266
E00185835,368,186,182
E00018865,399,198,201
E00018867,437,198,239
E00018871,539,259,280
E00018874,445,220,225
E00185786,215,130,85
E00185836,458,245,213
E00175135,397,220,177
E00175136,546,269,277
E00175139,403,214,189
E00018876,383,193,190
E00018877,476,270,206
E00185753,435,239,196
E00185768,412,225,187
E00018959,490,247,243
E00018960,481,231,250
E00018961,552,262,290
E00185776,381,176,205
E00185839,271,133,138
E00018932,446,198,248
E00018933,505,238,267
E00018937,507,237,270
E00185763,161,77,84
E00185793,577,285,292
E00018931,379,189,190
E00018934,568,272,296
E00018935,546,243,303
E00018951,428,217,211
E00018945,441,217,224
E00018946,409,207,202
E00018947,426,208,218
E00018955,539,275,264
E00019007,313,154,159
E00019013,348,180,168
E00019031,362,181,181
E00019034,371,190,181
E00185692,210,105,105
E00185787,416,198,218
E00019009,448,207,241
E00019010,376,185,191
E00019016,447,215,232
E00019039,469,232,237
E00019026,432,221,211
E00019027,418,210,208
E00019028,444,223,221
E00019029,341,170,171
E00019032,419,200,219
E00019033,390,193,197
E00019035,383,160,223
E00019037,453,197,256
E00019047,417,230,187
E00019049,353,172,181
E00019050,313,161,152
E00019054,415,215,200
E00019044,297,151,146
E00019046,465,230,235
E00019052,426,219,207
E00019056,314,153,161
E00019055,360,177,183
E00019058,336,178,158
E00019059,403,200,203
E00019061,321,154,167
E00019045,172,84,88
E00019048,226,114,112
E00019051,362,193,169
E00019053,226,123,103
E00019057,344,190,154
E00019060,254,134,120
E00019006,514,255,259
E00019018,361,183,178
E00019022,418,212,206
E00019025,499,232,267
E00175156,287,161,126
E00175171,451,223,228
E00019005,576,295,281
E00019015,378,199,179
E00019017,486,232,254
E00019024,567,285,282
E00019004,411,209,202
E00019014,383,196,187
E00019019,503,257,246
E00019020,448,224,224
E00019023,306,157,149
E00019008,311,165,146
E00019012,353,170,183
E00019030,335,154,181
E00019036,369,186,183
E00019038,466,243,223
E00018805,445,213,232
E00018808,454,219,235
E00018811,526,251,275
E00018820,392,197,195
E00185708,611,278,333
E00185758,545,241,304
E00018790,504,256,248
E00018791,439,220,219
E00018795,498,266,232
E00018797,447,230,217
E00018798,490,245,245
E00018792,500,248,252
E00018803,412,204,208
E00175131,339,175,164
E00175150,478,246,232
E00185697,474,270,204
E00185764,195,98,97
E00018789,509,262,247
E00018793,426,212,214
E00018812,382,193,189
E00018814,404,200,204
E00018819,504,243,261
E00018799,461,236,225
E00018800,360,171,189
E00018801,496,281,215
E00018802,471,240,231
E00018804,258,145,113
E00018806,521,215,306
E00018807,493,247,246
E00018809,485,220,265
E00018810,429,212,217
E00018816,444,221,223
E00018813,401,193,208
E00018817,557,296,261
E00018818,486,251,235
E00018821,458,215,243
E00018753,529,267,262
E00018755,401,195,206
E00018762,560,282,278
E00018785,282,152,130
E00018754,513,236,277
E00018761,472,217,255
E00018787,332,169,163
E00018788,524,265,259
E00018752,522,276,246
E00018766,370,182,188
E00018770,373,162,211
E00018771,257,145,112
E00018780,309,174,135
E00018758,351,173,178
E00018759,451,240,211
E00018763,556,270,286
E00018765,477,234,243
E00185740,348,164,184
E00185830,543,290,253
E00185831,193,104,89
E00185737,326,185,141
E00185780,328,172,156
E00185781,402,209,193
E00185824,360,192,168
E00018784,457,202,255
E00018786,541,262,279
E00175144,506,272,234
E00175158,201,111,90
E00018756,476,231,245
E00018757,151,75,76
E00018760,316,165,151
E00018764,470,233,237
E00018767,502,251,251
E00018769,401,197,204
E00018775,500,235,265
E00018777,431,218,213
E00018768,372,204,168
E00018773,301,177,124
E00018774,238,123,115
E00018776,265,133,132
E00175151,255,130,125
E00175152,310,155,155
E00175153,366,183,183
E00018751,490,248,242
E00018779,456,204,252
E00018781,419,210,209
E00185693,273,94,179
E00185715,398,161,237
E00018686,428,213,215
E00018689,461,232,229
E00018693,527,266,261
E00018695,468,232,236
E00018684,524,252,272
E00018688,527,291,236
E00018690,507,244,263
E00018691,411,188,223
E00018694,454,210,244
E00018683,463,198,265
E00018692,460,221,239
E00018696,387,185,202
E00018709,439,218,221
E00018710,467,215,252
E00018680,444,209,235
E00018685,424,201,223
E00018698,517,239,278
E00018699,435,212,223
E00018679,333,175,158
E00018703,366,181,185
E00018704,345,187,158
E00018705,440,228,212
E00018708,520,260,260
E00018681,439,227,212
E00018697,416,198,218
E00018706,459,215,244
E00018707,446,220,226
E00185771,452,234,218
E00185805,189,95,94
E00018678,396,213,183
E00018700,451,223,228
E00018701,371,200,171
E00018702,398,216,182
E00165806,313,158,155
E00018578,385,194,191
E00018598,397,204,193
E00175127,503,242,261
E00175138,201,95,106
E00185733,301,142,159
E00185756,371,203,168
E00018585,448,231,217
E00018586,385,200,185
E00018590,413,185,228
E00018591,361,185,176
E00018574,390,203,187
E00018577,395,208,187
E00018581,408,212,196
E00018603,450,237,213
E00018576,424,221,203
E00018580,426,226,200
E00018604,428,230,198
E00018605,424,204,220
E00018573,403,196,207
E00018575,438,221,217
E00018579,397,197,200
E00018584,228,117,111
E00018582,302,150,152
E00018583,301,127,174
E00018587,283,136,147
E00018588,345,159,186
E00018589,288,149,139
E00018594,480,236,244
E00018595,374,190,184
E00018597,453,243,210
E00018600,475,233,242
E00018596,363,177,186
E00018599,500,253,247
E00018601,477,247,230
E00018602,389,193,196
E00018510,437,213,224
E00018537,403,208,195
E00018538,505,240,265
E00018540,376,190,186
E00018511,476,242,234
E00018539,507,253,254
E00018541,368,176,192
E00018542,589,303,286
E00018526,448,208,240
E00018530,392,196,196
E00018534,480,226,254
E00018536,490,224,266
E00018518,346,182,164
E00018519,413,210,203
E00018520,483,252,231
E00018521,398,193,205
E00018512,455,232,223
E00018513,420,206,214
E00018514,421,206,215
E00018517,464,216,248
E00018516,457,231,226
E00018522,423,208,215
E00018523,383,198,185
E00018524,406,205,201
E00018515,363,213,150
E00018525,332,177,155
E00018527,440,221,219
E00018528,369,186,183
E00018532,521,262,259
E00018529,477,230,247
E00018531,422,208,214
E00018533,467,230,237
E00018535,492,242,250
E00018448,472,249,223
E00018450,325,181,144
E00018451,351,182,169
E00018452,469,231,238
E00018456,347,179,168
E00018453,395,187,208
E00018454,416,224,192
E00018455,288,139,149
E00018457,395,202,193
E00018460,419,218,201
E00018458,435,213,222
E00018459,452,233,219
E00018465,396,193,203
E00018468,430,220,210
E00175141,418,220,198
E00175142,420,219,201
E00175170,143,75,68
E00175179,271,149,122
E00018449,538,265,273
E00018463,455,231,224
E00018464,576,300,276
E00018466,416,204,212
E00018470,577,286,291
E00018471,570,291,279
E00018473,497,229,268
E00018474,579,286,293
E00018443,407,205,202
E00018444,284,143,141
E00018445,232,120,112
E00018446,368,183,185
E00018475,369,186,183
E00018476,484,239,245
E00018447,398,212,186
E00018467,271,147,124
E00018469,280,133,147
E00018472,529,276,253
E00185722,322,165,157
E00185761,230,105,125
E00185804,507,257,250
E00185817,366,211,155
E00018554,415,198,217
E00018558,508,240,268
E00018560,428,212,216
E00185703,589,275,314
E00185704,293,143,150
E00175132,248,125,123
E00175133,448,239,209
E00175134,498,263,235
E00175137,412,185,227
E00175140,348,174,174
E00018546,606,259,347
E00185685,299,150,149
E00185688,448,229,219
E00185739,358,185,173
E00185744,386,196,190
E00185762,400,213,187
E00185840,474,248,226
E00018557,404,198,206
E00018561,447,216,231
E00018564,409,208,201
E00018565,438,216,222
E00018567,488,230,258
E00018566,458,229,229
E00018568,424,216,208
E00018570,494,233,261
E00018571,493,259,234
E00018559,449,231,218
E00018562,609,254,355
E00018563,394,190,204
E00018569,473,229,244
E00018548,526,264,262
E00018551,467,241,226
E00018553,550,269,281
E00018555,477,235,242
E00018549,440,204,236
E00018550,595,299,296
E00018552,429,202,227
E00018556,377,185,192
E00019096,431,245,186
E00019097,349,183,166
E00019099,299,169,130
E00019100,346,176,170
E00019093,177,83,94
E00019098,373,181,192
E00019102,292,160,132
E00019103,298,163,135
E00019105,268,133,135
E00019092,195,109,86
E00019101,355,175,180
E00019104,312,162,150
E00019106,366,187,179
E00019107,346,172,174
E00019087,325,179,146
E00019088,304,163,141
E00019090,289,179,110
E00019094,284,150,134
E00019095,300,172,128
E00019078,418,211,207
E00019081,219,114,105
E00019108,349,153,196
E00019109,297,162,135
E00019079,271,140,131
E00019083,345,169,176
E00019084,254,126,128
E00019089,293,148,145
E00019091,221,105,116
E00019077,366,190,176
E00019080,205,107,98
E00019082,339,178,161
E00019085,301,167,134
E00019086,343,187,156
E00019342,350,182,168
E00019344,297,158,139
E00019346,339,189,150
E00019349,389,194,195
E00019354,334,176,158
E00019343,229,128,101
E00019345,331,176,155
E00019348,216,113,103
E00019350,169,91,78
E00019352,216,107,109
E00019365,293,144,149
E00019369,240,123,117
E00019351,312,176,136
E00019353,276,147,129
E00019355,303,159,144
E00019358,342,168,174
E00019360,296,168,128
E00019340,273,143,130
E00019341,252,133,119
E00019364,247,133,114
E00019366,317,167,150
E00019367,263,148,115
E00019368,246,126,120
E00019417,250,123,127
E00019420,310,157,153
E00019423,305,159,146
E00019425,275,133,142
E00019432,312,150,162
E00019435,265,132,133
E00019413,258,135,123
E00019416,312,159,153
E00019441,262,140,122
E00019442,300,152,148
E00019443,335,175,160
E00019392,255,133,122
E00019396,235,106,129
E00019397,237,126,111
E00019398,287,148,139
E00019404,348,163,185
E00019372,321,185,136
E00019374,299,166,133
E00019387,274,141,133
E00019391,248,147,101
E00019400,294,159,135
E00019399,272,134,138
E00019401,273,149,124
E00019402,326,177,149
E00019403,228,124,104
E00019406,317,170,147
E00019376,234,123,111
E00019381,220,123,97
E00019384,384,205,179
E00019385,354,193,161
E00019388,363,184,179
E00019407,377,203,174
E00019378,286,160,126
E00019379,231,121,110
E00019380,288,158,130
E00019382,324,166,158
E00019383,345,183,162
E00019390,213,113,100
E00019370,290,148,142
E00019377,361,193,168
E00019389,287,147,140
E00019393,260,134,126
E00019394,331,174,157
E00019405,354,194,160
E00019371,356,193,163
E00019373,341,176,165
E00019375,359,182,177
E00019386,290,156,134
E00019395,312,172,140
E00019337,418,236,182
E00019338,316,168,148
E00019339,306,161,145
E00019359,297,148,149
E00019362,311,164,147
E00019363,256,134,122
E00019408,419,213,206
E00019410,271,148,123
E00019415,442,222,220
E00019422,290,152,138
E00019427,275,140,135
E00019433,258,130,128
E00019418,359,190,169
E00019419,464,246,218
E00019426,561,304,257
E00019434,274,133,141
E00019438,272,145,127
E00019409,409,216,193
E00019436,359,187,172
E00019437,223,131,92
E00019439,180,87,93
E00019440,279,148,131
E00019411,284,151,133
E00019412,490,244,246
E00019414,368,190,178
E00019421,303,165,138
E00174880,263,142,121
E00174881,249,129,120
E00174882,399,215,184
E00174883,280,132,148
E00174886,395,197,198
E00174888,319,163,156
E00019336,305,143,162
E00019347,197,98,99
E00019356,365,198,167
E00019361,351,181,170
E00174887,278,143,135
E00019111,345,174,171
E00019129,253,130,123
E00019130,326,173,153
E00019131,353,173,180
E00019132,273,137,136
E00019133,351,190,161
E00019113,298,153,145
E00019115,264,160,104
E00019116,350,188,162
E00019119,289,141,148
E00019125,318,163,155
E00019126,448,226,222
E00019114,340,188,152
E00019117,319,176,143
E00019118,361,198,163
E00019120,290,159,131
E00019121,308,164,144
E00019122,272,143,129
E00019110,336,165,171
E00019123,326,163,163
E00019124,349,175,174
E00019127,361,191,170
E00019128,338,172,166
E00019424,284,141,143
E00019428,293,150,143
E00019429,366,176,190
E00019430,397,195,202
E00019431,284,149,135
E00019479,214,124,90
E00019484,276,131,145
E00019505,283,148,135
E00019507,263,132,131
E00019512,168,92,76
E00019514,228,106,122
E00019516,199,108,91
E00019478,256,139,117
E00019483,263,139,124
E00019486,268,148,120
E00019509,283,154,129
E00019510,226,107,119
E00019513,234,130,104
E00019504,294,152,142
E00019506,353,178,175
E00019511,277,139,138
E00019515,320,166,154
E00019518,431,222,209
E00019480,422,236,186
E00019493,237,132,105
E00019495,310,170,140
E00019502,203,105,98
E00019503,296,160,136
E00019446,283,149,134
E00019449,407,208,199
E00019452,388,203,185
E00019457,306,159,147
E00019458,311,154,157
E00019459,334,174,160
E00019461,295,160,135
E00019462,312,162,150
E00019463,316,162,154
E00019468,311,159,152
E00019444,416,212,204
E00019475,414,211,203
E00019477,317,163,154
E00184367,300,168,132
E00184384,308,168,140
E00019450,263,136,127
E00019451,277,147,130
E00019453,328,166,162
E00019454,312,160,152
E00019476,388,188,200
E00019175,253,140,113
E00019176,317,165,152
E00019193,281,136,145
E00019194,244,118,126
E00019195,355,166,189
E00019196,243,128,115
E00019485,309,157,152
E00019488,269,140,129
E00019489,205,105,100
E00019492,391,212,179
E00019494,222,102,120
E00019508,271,141,130
E00019517,197,106,91
E00019481,254,142,112
E00019487,254,132,122
E00019490,172,89,83
E00019491,304,160,144
E00019496,232,113,119
E00019497,283,148,135
E00019482,292,172,120
E00019498,235,129,106
E00019499,308,155,153
E00019500,350,170,180
E00019501,231,117,114
E00019588,255,129,126
E00019589,313,170,143
E00019592,271,134,137
E00019609,281,140,141
E00019614,302,154,148
E00019616,260,134,126
E00019617,412,222,190
E00019586,306,151,155
E00019608,305,150,155
E00019610,237,123,114
E00019612,300,152,148
E00019613,241,121,120
E00019615,234,117,117
E00019587,295,149,146
E00019591,315,152,163
E00019611,286,151,135
E00019618,238,133,105
E00019619,254,130,124
E00019621,276,144,132
E00019590,289,147,142
E00019593,302,169,133
E00019594,335,178,157
E00019595,281,157,124
E00019596,242,129,113
E00019620,325,168,157
E00019660,343,181,162
E00019662,265,127,138
E00019677,353,172,181
E00019684,320,163,157
E00019656,357,177,180
E00019659,307,146,161
E00019678,293,142,151
E00019681,388,183,205
E00019683,357,180,177
E00019658,311,156,155
E00019661,323,155,168
E00019664,395,211,184
E00019671,360,173,187
E00019672,285,138,147
E00019657,318,165,153
E00019673,351,181,170
E00019679,376,179,197
E00019680,376,196,180
E00019682,394,191,203
E00019665,314,153,161
E00019669,325,145,180
E00019670,378,203,175
E00019674,304,154,150
E00019676,313,160,153
E00019447,353,178,175
E00019455,371,182,189
E00019464,285,131,154
E00019466,238,119,119
E00019467,348,169,179
E00019445,398,204,194
E00019456,372,187,185
E00019460,325,163,162
E00019465,307,168,139
E00019472,261,141,120
E00019448,557,289,268
E00019469,346,186,160
E00019470,463,240,223
E00019471,339,159,180
E00019473,396,207,189
E00019663,292,151,141
E00019666,409,198,211
E00019667,302,158,144
E00019668,275,141,134
E00019675,379,187,192
E00019135,380,192,188
E00019137,325,166,159
E00019138,307,156,151
E00019139,400,197,203
E00019140,314,168,146
E00019112,410,212,198
E00019134,352,169,183
E00019136,392,198,194
E00019141,320,165,155
E00019197,378,195,183
E00019198,312,167,145
E00019199,372,196,176
E00019202,318,160,158
E00019205,359,174,185
E00019178,320,160,160
E00019181,271,154,117
E00019183,233,129,104
E00019186,385,219,166
E00019187,270,135,135
E00019192,508,261,247
E00019314,292,149,143
E00019315,394,194,200
E00019316,380,206,174
E00019317,367,187,180
E00019318,390,206,184
E00019313,383,203,180
E00019319,124,60,64
E00019320,457,211,246
E00019321,454,220,234
E00019323,342,179,163
E00019325,403,206,197
E00019307,312,161,151
E00019308,328,158,170
E00019324,351,188,163
E00019327,355,176,179
E00019332,371,183,188
E00019322,403,206,197
E00019331,372,193,179
E00019333,370,200,170
E00019334,415,205,210
E00184354,516,266,250
E00184381,137,84,53
E00019306,363,196,167
E00019326,343,165,178
E00019328,379,196,183
E00019330,377,198,179
E00019309,302,164,138
E00019310,342,161,181
E00019311,343,174,169
E00019312,389,198,191
E00019335,331,171,160
E00019521,361,187,174
E00019526,337,176,161
E00019527,319,159,160
E00019529,294,149,145
E00019531,271,141,130
E00019532,420,216,204
E00019519,236,114,122
E00019520,395,206,189
E00019524,368,203,165
E00019525,280,147,133
E00019528,431,218,213
E00019533,314,160,154
E00019597,370,182,188
E00019598,316,161,155
E00019599,278,146,132
E00019602,297,164,133
E00019604,441,220,221
E00019607,179,90,89
E00019585,369,177,192
E00019600,232,116,116
E00019601,369,192,177
E00019603,273,136,137
E00019605,349,175,174
E00019606,369,192,177
E00019623,300,161,139
E00019625,378,205,173
E00019626,353,178,175
E00019629,335,162,173
E00019654,323,170,153
E00019627,302,167,135
E00019628,283,154,129
E00019630,245,128,117
E00019632,334,185,149
E00019636,323,182,141
E00019624,310,169,141
E00019637,371,204,167
E00019640,346,188,158
E00019641,289,146,143
E00019645,371,188,183
E00019646,406,203,203
E00019650,345,181,164
E00019651,336,181,155
E00019653,303,152,151
E00019655,393,203,190
E00019631,334,171,163
E00019634,323,175,148
E00019635,330,172,158
E00019638,387,205,182
E00019633,356,188,168
E00019639,352,172,180
E00019642,345,176,169
E00019643,288,169,119
E00019644,314,162,152
E00019622,386,208,178
E00019647,328,175,153
E00019648,267,148,119
E00019649,290,167,123
E00019652,355,191,164
E00019522,281,134,147
E00019534,326,173,153
E00019536,298,145,153
E00019538,335,181,154
E00019542,324,150,174
E00019547,247,128,119
E00019548,408,190,218
E00019549,297,155,142
E00174884,689,363,326
E00174885,128,69,59
E00019530,400,205,195
E00019535,369,209,160
E00019539,298,155,143
E00019540,320,177,143
E00019543,346,191,155
E00019523,299,153,146
E00019537,396,201,195
E00019544,209,114,95
E00019545,302,157,145
E00019546,337,193,144
E00019180,362,173,189
E00019182,349,195,154
E00019184,322,168,154
E00019203,254,133,121
E00019206,321,168,153
E00019177,322,165,157
E00019200,305,169,136
E00019201,307,150,157
E00019204,321,164,157
E00019207,283,160,123
E00019208,235,120,115
E00019179,354,188,166
E00019185,354,182,172
E00019188,303,158,145
E00019189,350,175,175
E00019190,298,158,140
E00019191,368,193,175
E00019145,456,226,230
E00019146,335,180,155
E00019151,298,144,154
E00019165,389,207,182
E00019173,363,201,162
E00019144,308,153,155
E00019164,274,145,129
E00019166,324,176,148
E00019167,322,170,152
E00019169,319,174,145
E00019171,308,146,162
E00019571,336,176,160
E00019572,359,192,167
E00019573,316,171,145
E00019575,311,166,145
E00019582,345,201,144
E00019554,318,174,144
E00019570,320,165,155
E00019574,289,153,136
E00019576,205,107,98
E00019578,287,157,130
E00019579,327,175,152
E00019142,295,145,150
E00019143,343,166,177
E00019156,354,178,176
E00019168,345,177,168
E00019172,292,143,149
E00019148,318,161,157
E00019149,329,175,154
E00019152,294,152,142
E00019170,334,167,167
E00019174,343,168,175
E00019147,357,181,176
E00019153,419,243,176
E00019154,274,134,140
E00019155,224,115,109
E00019157,271,151,120
E00019161,239,126,113
E00019150,293,163,130
E00019158,233,122,111
E00019159,284,151,133
E00019160,357,183,174
E00019162,341,188,153
E00019163,479,251,228
E00019261,253,134,119
E00019264,285,151,134
E00019265,306,156,150
E00019270,329,179,150
E00019271,356,176,180
E00019241,329,174,155
E00019243,373,196,177
E00019246,256,132,124
E00019247,369,207,162
E00019248,363,192,171
E00019249,314,166,148
E00019251,278,149,129
E00019256,306,155,151
E00019257,298,148,150
E00019262,340,164,176
E00019263,323,181,142
E00019244,326,161,165
E00019245,323,172,151
E00019250,358,191,167
E00019252,295,155,140
E00019272,380,199,181
E00019242,252,127,125
E00019253,229,118,111
E00019255,330,159,171
E00019258,235,119,116
E00019266,210,118,92
E00019267,232,111,121
E00019254,269,144,125
E00019259,360,192,168
E00019260,217,112,105
E00019268,319,175,144
E00019269,306,155,151
E00019558,322,164,158
E00019577,340,181,159
E00019580,326,168,158
E00019583,338,172,166
E00019584,319,175,144
E00019550,324,156,168
E00019551,358,195,163
E00019552,309,167,142
E00019559,264,146,118
E00019560,249,132,117
E00019564,293,147,146
E00019555,281,162,119
E00019556,334,178,156
E00019557,314,169,145
E00019561,391,245,146
E00019563,190,99,91
E00019566,245,139,106
E00019581,293,146,147
E00019553,346,183,163
E00019562,273,140,133
E00019565,336,169,167
E00019567,235,121,114
E00019568,223,107,116
E00019569,248,129,119
E00019273,319,165,154
E00019276,361,179,182
E00019277,387,198,189
E00019303,254,129,125
E00019305,278,139,139
E00019278,329,166,163
E00019282,268,138,130
E00019283,302,148,154
E00019288,343,174,169
E00019291,402,199,203
E00019281,273,137,136
E00019285,197,108,89
E00019286,296,140,156
E00019287,281,145,136
E00019293,335,178,157
E00019279,263,137,126
E00019280,224,104,120
E00019284,302,154,148
E00019297,249,131,118
E00019298,321,151,170
E00184357,145,68,77
E00184378,551,273,278
E00019289,359,185,174
E00019290,296,148,148
E00019294,329,164,165
E00019295,242,123,119
E00019296,564,289,275
E00019274,234,115,119
E00019275,271,151,120
E00019299,284,149,135
E00019300,305,162,143
E00019301,128,61,67
E00019304,327,177,150
E00184348,452,254,198
E00184363,282,147,135
E00019213,326,173,153
E00019223,434,231,203
E00019226,336,174,162
E00019240,381,195,186
E00019211,305,157,148
E00019221,316,160,156
E00019231,270,151,119
E00019237,258,144,114
E00019238,247,132,115
E00019239,306,152,154
E00019210,333,160,173
E00019216,324,160,164
E00019217,309,161,148
E00019220,348,181,167
E00019222,315,149,166
E00019214,384,193,191
E00019215,353,168,185
E00019218,397,189,208
E00019219,346,174,172
E00019224,294,158,136
E00019209,243,132,111
E00019228,307,160,147
E00019229,305,149,156
E00019230,312,164,148
E00019232,332,171,161
E00019233,282,161,121
E00019212,318,156,162
E00019225,293,149,144
E00019227,320,161,159
E00019234,353,181,172
E00019235,350,182,168
E00019236,301,160,141
E00020301,286,168,118
E00020305,264,134,130
E00020330,370,188,182
E00020331,338,159,179
E00177568,278,138,140
E00177606,243,125,118
E00177607,217,106,111
E00020298,293,140,153
E00020299,222,107,115
E00020303,296,128,168
E00020307,516,249,267
E00020310,170,92,78
E00020419,478,247,231
E00020420,311,146,165
E00020434,215,94,121
E00020436,179,80,99
E00020438,224,104,120
E00020441,465,210,255
E00020416,281,134,147
E00020417,285,132,153
E00020435,337,170,167
E00020437,294,142,152
E00020440,331,158,173
E00020418,270,144,126
E00020421,361,175,186
E00020439,381,212,169
E00020442,315,159,156
E00019779,339,139,200
E00019783,265,133,132
E00019789,291,138,153
E00019791,391,187,204
E00167494,277,133,144
E00167496,110,49,61
E00167497,326,156,170
E00019773,394,179,215
E00019774,408,187,221
E00019778,126,51,75
E00019781,380,199,181
E00019785,222,110,112
E00177579,120,66,54
E00177597,304,131,173
E00019780,330,179,151
E00019782,230,130,100
E00166632,504,242,262
E00167481,222,114,108
E00019842,228,117,111
E00019847,352,186,166
E00019848,152,66,86
E00177487,327,160,167
E00177488,450,231,219
E00177535,259,104,155
E00177605,209,104,105
E00019784,470,241,229
E00019794,247,126,121
E00019797,398,255,143
E00166638,266,142,124
E00166640,168,79,89
E00166633,474,290,184
E00166635,157,66,91
E00177506,248,129,119
E00177588,405,181,224
E00177656,126,71,55
E00020045,326,164,162
E00020047,296,158,138
E00020049,334,170,164
E00020050,285,153,132
E00020052,537,282,255
E00020257,334,157,177
E00020273,270,129,141
E00020276,298,139,159
E00020277,251,125,126
E00020287,216,91,125
E00020289,279,133,146
E00020274,371,200,171
E00020281,320,165,155
E00020282,263,138,125
E00177497,338,180,158
E00177498,291,157,134
E00177517,493,263,230
E00177549,146,65,81
E00177578,196,115,81
E00020280,301,154,147
E00167993,196,96,100
E00168006,292,154,138
E00177543,493,283,210
E00177647,189,101,88
E00177526,277,124,153
E00177546,257,123,134
E00177571,223,116,107
E00177589,256,142,114
E00177624,120,54,66
E00177632,335,185,150
E00177639,304,151,153
E00020250,416,212,204
E00020286,323,156,167
E00020290,291,136,155
E00168007,483,261,222
E00020013,409,192,217
E00020017,535,264,271
E00020028,359,154,205
E00019811,261,127,134
E00019841,561,337,224
E00019844,204,101,103
E00019845,228,131,97
E00167766,293,159,134
E00167989,283,148,135
E00019815,226,112,114
E00019816,260,145,115
E00019817,442,235,207
E00019820,322,178,144
E00019826,341,179,162
E00019818,291,153,138
E00019822,445,220,225
E00167755,237,125,112
E00167995,442,189,253
E00177540,183,103,80
E00177575,389,195,194
E00019814,301,158,143
E00019825,399,232,167
E00019828,573,309,264
E00019830,319,160,159
E00019833,294,146,148
E00020014,513,250,263
E00020015,316,173,143
E00020018,240,110,130
E00020021,382,181,201
E00020024,326,169,157
E00020027,212,112,100
E00020008,405,224,181
E00020009,338,169,169
E00020036,230,128,102
E00020039,193,106,87
E00020040,344,178,166
E00020292,307,144,163
E00020293,336,152,184
E00020300,269,139,130
E00020304,307,154,153
E00020332,270,149,121
E00020295,363,174,189
E00020296,299,139,160
E00020314,279,150,129
E00020318,444,240,204
E00167487,287,143,144
E00167758,237,120,117
E00177510,577,248,329
E00177630,118,55,63
E00020302,257,125,132
E00020312,262,133,129
E00020313,287,146,141
E00020315,340,176,164
E00177532,475,247,228
E00177548,129,61,68
E00177561,233,123,110
E00177644,435,240,195
E00020294,360,198,162
E00020309,336,161,175
E00020311,306,162,144
E00020317,315,187,128
E00020319,287,155,132
E00020321,320,167,153
E00020323,517,258,259
E00020325,386,203,183
E00020327,304,176,128
E00020328,287,164,123
E00020329,301,150,151
E00020443,453,214,239
E00020444,489,244,245
E00020445,367,192,175
E00020447,386,197,189
E00020448,351,187,164
E00020449,269,117,152
E00020422,257,135,122
E00020423,273,149,124
E00020451,327,162,165
E00020455,313,164,149
E00177519,370,180,190
E00177570,162,67,95
E00177617,164,89,75
E00177653,374,186,188
E00020415,329,150,179
E00020426,249,110,139
E00020427,387,175,212
E00020428,250,124,126
E00020452,195,117,78
E00020453,285,134,151
E00020424,218,104,114
E00020425,357,166,191
E00020429,293,129,164
E00020454,223,107,116
E00177580,610,316,294
E00177600,266,112,154
E00177661,102,38,64
E00020430,350,180,170
E00020431,262,142,120
E00020432,316,171,145
E00020433,301,171,130
E00167488,477,221,256
E00167489,265,117,148
E00019812,266,132,134
E00019823,279,153,126
E00019843,425,202,223
E00166630,526,324,202
E00168080,165,82,83
E00019810,245,117,128
E00019813,394,200,194
E00019819,277,141,136
E00177481,619,289,330
E00019824,484,258,226
E00019827,273,139,134
E00019829,282,138,144
E00019831,155,71,84
E00019838,300,148,152
E00019834,299,153,146
E00019836,460,231,229
E00167999,192,91,101
E00168082,131,70,61
E00177680,257,146,111
E00177693,431,217,214
E00177512,176,82,94
E00177566,132,60,72
E00177622,402,233,169
E00177665,437,257,180
E00020016,373,210,163
E00020019,285,148,137
E00020020,417,213,204
E00020022,202,99,103
E00020025,252,113,139
E00020026,344,188,156
E00020335,450,222,228
E00020339,471,234,237
E00020342,247,121,126
E00020345,288,145,143
E00020348,236,120,116
E00020374,332,176,156
E00020338,399,207,192
E00020344,365,223,142
E00020355,279,156,123
E00167502,163,85,78
E00167516,244,120,124
E00167517,245,134,111
E00177594,390,189,201
E00177610,208,116,92
E00177637,106,52,54
E00020333,370,206,164
E00020340,353,188,165
E00020361,299,157,142
E00020365,575,289,286
E00020370,359,182,177
E00020334,319,153,166
E00020363,210,102,108
E00020364,258,127,131
E00020366,319,169,150
E00020367,250,113,137
E00020059,451,231,220
E00020087,308,144,164
E00020088,304,157,147
E00020089,263,137,126
E00020090,263,134,129
E00020057,311,170,141
E00020091,197,108,89
E00020092,249,117,132
E00020093,210,112,98
E00167984,404,206,198
E00168003,220,119,101
E00168004,252,135,117
E00020249,364,210,154
E00020251,406,190,216
E00020252,383,195,188
E00020253,392,206,186
E00020254,284,152,132
E00020291,139,71,68
E00020320,380,162,218
E00020324,343,185,158
E00020326,358,190,168
E00177499,345,177,168
E00019924,219,123,96
E00019937,249,129,120
E00019942,213,115,98
E00019943,222,110,112
E00019945,308,164,144
E00177672,307,153,154
E00177686,259,131,128
E00019947,317,158,159
E00019949,286,162,124
E00019950,431,233,198
E00019953,347,180,167
E00019955,223,112,111
E00019957,464,230,234
E00020102,202,97,105
E00020110,258,146,112
E00020113,398,185,213
E00020115,316,168,148
E00177507,171,68,103
E00177508,121,47,74
E00177670,363,163,200
E00019938,422,214,208
E00019944,304,169,135
E00177537,135,61,74
E00177683,459,238,221
E00177531,241,107,134
E00177602,155,66,89
E00177616,211,97,114
E00177618,151,73,78
E00177662,490,238,252
E00019948,279,148,131
E00019960,505,261,244
E00177544,187,76,111
E00177666,334,162,172
E00177679,239,112,127
E00020023,261,137,124
E00020029,269,142,127
E00020030,285,147,138
E00020031,328,153,175
E00020032,217,103,114
E00177581,329,145,184
E00177674,312,188,124
E00020336,357,187,170
E00020337,273,127,146
E00020347,311,163,148
E00020351,306,158,148
E00020369,292,138,154
E00020352,401,212,189
E00020353,563,305,258
E00020354,312,166,146
E00020357,348,183,165
E00020358,262,147,115
E00020341,215,106,109
E00020346,289,143,146
E00020349,225,101,124
E00020350,257,126,131
E00020359,299,163,136
E00020360,344,176,168
E00020362,252,128,124
E00020368,394,212,182
E00020371,194,92,102
E00020372,293,154,139
E00020373,307,151,156
E00020095,352,200,152
E00020124,493,273,220
E00020128,250,136,114
E00020129,237,108,129
E00020130,252,145,107
E00020103,114,56,58
E00020104,157,73,84
E00020105,199,98,101
E00020108,199,95,104
E00020109,269,143,126
E00020138,279,144,135
E00020139,157,67,90
E00020107,284,139,145
E00020111,283,153,130
E00020112,206,97,109
E00020114,343,161,182
E00020117,309,152,157
E00020116,255,141,114
E00020118,230,113,117
E00020121,311,151,160
E00020122,261,143,118
E00020127,440,231,209
E00020100,357,177,180
E00167478,496,310,186
E00167479,181,80,101
E00167480,312,130,182
E00167491,408,184,224
E00167492,162,77,85
E00020137,245,126,119
E00177500,373,189,184
E00177521,542,236,306
E00177645,284,147,137
E00019928,316,166,150
E00019931,424,213,211
E00019956,417,209,208
E00019959,305,174,131
E00019963,392,186,206
E00019965,283,164,119
E00020001,311,154,157
E00020002,492,267,225
E00177492,623,353,270
E00019926,317,161,156
E00019930,402,214,188
E00019933,390,225,165
E00019971,218,125,93
E00019973,270,146,124
E00019976,368,172,196
E00019977,134,84,50
E00019982,371,195,176
E00019984,372,201,171
E00019988,330,175,155
E00019990,310,185,125
E00020007,181,96,85
E00019934,334,176,158
E00019935,519,241,278
E00177528,567,275,292
E00177553,452,211,241
E00177687,266,124,142
E00019927,366,200,166
E00019929,277,138,139
E00019958,472,244,228
E00019961,361,195,166
E00019962,240,130,110
E00019972,140,71,69
E00019975,147,81,66
E00019998,328,156,172
E00019999,240,135,105
E00020000,335,188,147
E00020006,278,150,128
E00019968,251,133,118
E00019974,246,132,114
E00019979,199,98,101
E00020003,299,139,160
E00020004,293,163,130
E00020005,364,174,190
E00019980,269,133,136
E00019981,313,179,134
E00019985,383,219,164
E00019987,280,141,139
E00019989,155,83,72
E00177490,128,56,72
E00177491,356,185,171
E00019722,268,133,135
E00019752,424,222,202
E00019753,216,105,111
E00019754,492,253,239
E00019755,233,125,108
E00019978,308,153,155
E00019983,297,156,141
E00019992,421,228,193
E00019995,166,84,82
E00019997,334,187,147
E00177651,197,88,109
E00177658,469,237,232
E00177677,266,151,115
E00020094,268,141,127
E00020096,207,110,97
E00020099,274,138,136
E00020125,254,132,122
E00020131,268,132,136
E00020097,318,178,140
E00020098,424,224,200
E00020132,331,171,160
E00020133,346,184,162
E00020134,603,332,271
E00020119,230,111,119
E00020120,318,164,154
E00020123,383,202,181
E00020126,365,197,168
E00020065,423,246,177
E00020070,382,199,183
E00020075,238,121,117
E00020077,422,225,197
E00020081,407,217,190
E00020053,286,153,133
E00020054,478,254,224
E00020064,393,199,194
E00020072,257,119,138
E00020074,376,197,179
E00020079,233,123,110
E00020060,583,286,297
E00020061,451,222,229
E00020063,495,265,230
E00020068,353,182,171
E00020073,376,202,174
E00020062,454,242,212
E00020066,343,207,136
E00020067,339,191,148
E00020069,295,165,130
E00020071,528,242,286
E00020080,347,183,164
E00020180,356,201,155
E00020182,336,175,161
E00020184,480,248,232
E00020188,270,162,108
E00019710,434,226,208
E00019713,575,325,250
E00019714,257,145,112
E00177545,399,226,173
E00177613,145,77,68
E00177614,141,81,60
E00020181,367,215,152
E00020196,270,158,112
E00167510,194,113,81
E00167511,305,164,141
E00167752,237,141,96
E00177586,471,231,240
E00177590,268,158,110
E00020204,452,245,207
E00020206,201,113,88
E00167505,263,121,142
E00167506,217,112,105
E00167508,227,123,104
E00167513,253,121,132
E00167754,197,105,92
E00168017,266,134,132
E00168018,270,144,126
E00020193,324,169,155
E00020195,276,142,134
E00020199,572,308,264
E00020202,511,267,244
E00020203,467,206,261
E00020207,473,248,225
E00020208,288,141,147
E00177523,368,188,180
E00177542,226,122,104
E00177636,307,175,132
E00019716,477,244,233
E00019717,530,338,192
E00019719,445,232,213
E00019720,309,168,141
E00019721,327,183,144
E00019690,337,175,162
E00019705,458,211,247
E00019706,525,282,243
E00019709,325,172,153
E00167975,505,245,260
E00168013,262,109,153
E00019691,460,235,225
E00019692,355,179,176
E00019707,308,167,141
E00019711,245,130,115
E00019712,248,130,118
E00019718,269,148,121
E00019730,200,107,93
E00019732,399,208,191
E00019733,240,128,112
E00019736,370,175,195
E00019737,256,123,133
E00019728,333,172,161
E00019758,364,164,200
E00019763,454,244,210
E00019764,540,263,277
E00019765,335,193,142
E00019724,207,107,100
E00019739,371,193,178
E00019743,385,200,185
E00177554,172,78,94
E00177625,248,124,124
E00177685,179,97,82
E00019725,456,235,221
E00019727,433,232,201
E00019729,347,197,150
E00019731,331,176,155
E00019734,540,269,271
E00019741,320,162,158
E00019742,196,102,94
E00019745,372,195,177
E00019746,187,101,86
E00177635,420,200,220
E00177642,303,135,168
E00177669,116,67,49
E00019744,364,185,179
E00019747,297,178,119
E00019748,373,209,164
E00019749,339,176,163
E00019750,561,314,247
E00019751,301,160,141
E00019726,273,117,156
E00019735,487,229,258
E00019756,484,248,236
E00019757,344,183,161
E00019760,503,248,255
E00019723,282,152,130
E00019759,442,229,213
E00019761,372,212,160
E00019762,304,132,172
E00020176,312,156,156
E00020186,373,195,178
E00020194,581,305,276
E00020197,315,160,155
E00020201,507,261,246
E00020177,309,165,144
E00020190,267,138,129
E00020192,328,149,179
E00177598,391,214,177
E00177603,211,109,102
E00020474,448,236,212
E00020476,342,195,147
E00020480,308,162,146
E00167684,292,147,145
E00167685,271,133,138
E00177574,296,155,141
E00177584,257,132,125
E00020179,277,163,114
E00020183,331,171,160
E00020185,441,231,210
E00020209,356,166,190
E00020056,283,163,120
E00020083,279,154,125
E00020200,321,161,160
E00177513,157,92,65
E00177527,269,168,101
E00177652,289,147,142
E00020055,349,181,168
E00020076,425,218,207
E00020078,421,214,207
E00020082,516,279,237
E00020084,577,303,274
E00020141,323,183,140
E00020153,345,186,159
E00020154,465,251,214
E00020155,327,164,163
E00020156,366,201,165
E00020142,326,173,153
E00020157,352,177,175
E00167765,296,167,129
E00177493,317,155,162
E00177551,391,220,171
E00177567,222,114,108
E00177595,308,172,136
E00177664,410,223,187
E00020158,427,214,213
E00020161,259,119,140
E00020167,347,205,142
E00168009,352,183,169
E00168024,298,181,117
E00177524,390,207,183
E00177559,249,130,119
E00020144,350,176,174
E00020145,402,207,195
E00020165,382,213,169
E00020166,270,161,109
E00020168,454,238,216
E00019687,329,159,170
E00019694,519,269,250
E00019695,488,242,246
E00019698,357,183,174
E00019703,351,166,185
E00019685,435,221,214
E00019686,395,199,196
E00019689,385,181,204
E00019700,359,188,171
E00019701,278,142,136
E00019688,306,161,145
E00019696,270,135,135
E00019697,311,151,160
E00019699,232,123,109
E00019702,363,168,195
E00019704,368,191,177
E00020379,234,125,109
E00020380,217,106,111
E00020381,352,177,175
E00020382,323,178,145
E00020385,263,131,132
E00020377,308,147,161
E00020384,349,174,175
E00020388,227,127,100
E00020390,331,159,172
E00020408,530,273,257
E00020458,377,198,179
E00020483,300,153,147
E00020485,379,194,185
E00020490,331,168,163
E00020491,271,146,125
E00020460,318,185,133
E00020469,290,152,138
E00020497,235,121,114
E00167682,284,153,131
E00167990,314,167,147
E00177538,204,113,91
E00177604,234,121,113
E00177623,332,165,167
E00020457,338,171,167
E00020484,344,196,148
E00020493,386,194,192
E00020494,270,147,123
E00020495,258,144,114
E00020496,287,151,136
E00020461,355,190,165
E00020462,289,148,141
E00020464,308,169,139
E00020470,261,134,127
E00020471,295,157,138
E00020473,566,314,252
E00020475,284,142,142
E00020478,424,228,196
E00020479,412,193,219
E00020481,404,207,197
E00020164,353,184,169
E00020169,254,124,130
E00020170,360,181,179
E00020171,372,209,163
E00020173,290,143,147
E00020174,319,178,141
E00020140,344,186,158
E00020146,312,174,138
E00020148,573,326,247
E00020172,310,156,154
E00020175,229,124,105
E00020210,496,239,257
E00020234,342,158,184
E00020236,367,173,194
E00020238,422,215,207
E00167976,353,185,168
E00167978,147,78,69
E00020463,425,231,194
E00020465,295,161,134
E00020466,312,169,143
E00020468,298,157,141
E00020472,341,191,150
E00020488,271,123,148
E00020459,433,242,191
E00020482,455,245,210
E00020487,400,198,202
E00020489,353,203,150
E00020492,269,152,117
E00020391,343,192,151
E00020395,256,122,134
E00020398,339,176,163
E00020400,327,174,153
E00020404,323,171,152
E00020401,344,191,153
E00020405,287,163,124
E00020410,440,229,211
E00020411,242,141,101
E00020412,330,177,153
E00020375,326,187,139
E00020376,387,214,173
E00020406,291,156,135
E00020409,310,183,127
E00020413,317,170,147
E00020394,408,198,210
E00020399,268,143,125
E00020403,373,180,193
E00167514,186,96,90
E00168020,110,55,55
E00020383,217,116,101
E00020386,286,148,138
E00020387,199,92,107
E00020389,319,168,151
E00020396,264,143,121
E00019898,347,181,166
E00019900,307,167,140
E00019901,363,176,187
E00019904,293,139,154
E00019906,272,147,125
E00167687,328,161,167
E00168021,106,71,35
E00019908,327,172,155
E00019911,288,153,135
E00019912,439,218,221
E00019914,300,166,134
E00019915,158,82,76
E00019917,379,187,192
E00020212,246,131,115
E00020217,368,221,147
E00020220,586,415,171
E00020221,288,138,150
E00020226,316,168,148
E00020216,335,184,151
E00020239,299,155,144
E00020240,283,141,142
E00020241,577,315,262
E00020243,372,201,171
E00020247,250,132,118
E00020392,301,153,148
E00020393,280,142,138
E00020397,365,185,180
E00020402,277,152,125
E00020407,338,175,163
E00020147,350,188,162
E00020149,423,213,210
E00020150,313,162,151
E00020151,219,105,114
E00020152,399,202,197
E00020211,346,179,167
E00020213,346,196,150
E00020214,322,182,140
E00020215,326,170,156
E00020218,357,184,173
E00020219,386,225,161
E00020246,507,283,224
E00020222,284,148,136
E00020224,386,201,185
E00020227,255,138,117
E00020229,423,217,206
E00020233,292,160,132
E00020235,314,180,134
E00020242,359,190,169
E00020244,377,210,167
E00020245,395,205,190
E00020248,296,159,137
E00019888,253,117,136
E00019902,397,189,208
E00019903,394,203,191
E00019905,256,137,119
E00019913,352,194,158
E00019907,314,161,153
E00019909,348,183,165
E00019910,306,164,142
E00019916,305,160,145
E00019920,321,158,163
E00019886,500,245,255
E00019889,352,184,168
E00019890,343,192,151
E00019891,324,165,159
E00019918,329,165,164
E00020504,308,167,141
E00020506,422,210,212
E00020508,257,139,118
E00020509,269,142,127
E00020511,270,140,130
E00020512,292,155,137
E00020521,326,160,166
E00020522,345,179,166
E00020526,361,178,183
E00020527,349,170,179
E00020498,296,152,144
E00020499,294,154,140
E00020501,366,187,179
E00020503,336,170,166
E00020505,482,238,244
E00020507,407,214,193
E00020516,330,183,147
E00020517,414,199,215
E00020519,318,162,156
E00020510,326,171,155
E00020513,393,191,202
E00020514,397,214,183
E00020515,361,194,167
E00020520,417,219,198
E00020518,459,233,226
E00020523,341,203,138
E00020524,518,255,263
E00020529,388,196,192
E00020500,297,161,136
E00020502,342,171,171
E00020525,313,164,149
E00020528,392,202,190
E00020530,366,187,179
E00019849,324,168,156
E00019850,355,179,176
E00019851,324,187,137
E00019866,335,174,161
E00167762,289,166,123
E00167996,253,123,130
E00019864,304,154,150
E00019865,445,218,227
E00019867,500,249,251
E00019869,253,139,114
E00019870,489,281,208
E00019887,328,172,156
E00019893,415,225,190
E00019919,321,170,151
E00019921,286,148,138
E00019922,442,230,212
E00019892,380,197,183
E00019894,410,206,204
E00019895,387,193,194
E00019896,356,182,174
E00019897,403,215,188
E00020223,353,188,165
E00020225,299,166,133
E00020228,349,184,165
E00020230,266,142,124
E00020231,287,150,137
E00020232,348,181,167
E00019852,304,167,137
E00019853,277,142,135
E00019854,329,164,165
E00019872,440,248,192
E00019878,387,209,178
E00019855,354,200,154
E00019856,270,128,142
E00019857,264,140,124
E00019876,409,182,227
E00019879,352,179,173
E00019885,254,133,121
E00019880,322,169,153
E00019881,214,118,96
E00019882,481,262,219
E00019883,273,148,125
E00019884,319,162,157
E00019858,328,164,164
E00019859,265,138,127
E00019860,271,139,132
E00019861,201,104,97
E00019862,401,222,179
E00019863,283,142,141
E00019871,294,146,148
E00019873,366,120,246
E00019874,238,112,126
E00019875,251,130,121
E00019877,339,169,170
E00019796,218,119,99
E00019807,267,133,134
E00167482,551,270,281
E00167503,140,82,58
E00177550,540,287,253
E00177633,153,81,72
E00177640,100,53,47
E00019767,311,163,148
E00019769,308,160,148
E00019770,234,115,119
E00019801,396,179,217
E00019806,290,158,132
E00019766,285,145,140
E00019768,241,113,128
E00019772,324,164,160
E00167998,1025,517,508
E00177593,144,82,62
E00177659,352,151,201
E00019787,385,180,205
E00019788,323,157,166
E00019793,232,99,133
E00165809,384,203,181
E00177560,442,219,223
E00177678,285,158,127
E00019800,257,134,123
E00019802,263,138,125
E00019804,264,142,122
E00019805,273,108,165
E00165808,293,145,148
E00020267,172,86,86
E00166629,284,151,133
E00167477,188,89,99
E00167483,275,134,141
E00167681,126,58,68
E00020268,156,78,78
E00020269,405,178,227
E00166641,203,94,109
E00167519,185,83,102
E00167678,154,73,81
E00020260,212,96,116
E00020262,178,76,102
E00167485,170,75,95
E00167679,188,83,105
E00167688,126,59,67
E00167751,162,77,85
E00020259,248,119,129
E00020261,266,122,144
E00020270,329,165,164
E00020271,180,76,104
E00020263,233,95,138
E00177520,108,48,60
E00177539,405,190,215
E00177558,167,75,92
E00177681,189,89,100
E00020011,318,159,159
E00020037,405,227,178
E00020043,259,140,119
E00020046,350,200,150
E00020048,302,174,128
E00177576,107,52,55
E00177583,197,83,114
E00177643,458,232,226
E00020034,249,129,120
E00020035,282,151,131
E00167490,344,180,164
E00167982,182,72,110
E00168026,176,84,92
E00168029,282,142,140
E00020010,303,138,165
E00020041,279,150,129
E00167987,451,226,225
E00168023,265,128,137
E00168027,209,98,111
E00020264,353,173,180
E00020266,340,175,165
E00020275,339,178,161
E00020278,298,143,155
E00020754,415,227,188
E00020757,510,257,253
E00020767,358,179,179
E00020786,325,169,156
E00021076,344,175,169
E00021088,378,192,186
E00021089,411,216,195
E00021090,319,185,134
E00021091,325,174,151
E00021074,366,185,181
E00021075,354,193,161
E00021081,357,184,173
E00021083,375,186,189
E00021096,252,150,102
E00021071,315,159,156
E00021092,247,130,117
E00021095,262,147,115
E00180957,298,153,145
E00180975,222,112,110
E00180992,428,218,210
E00181004,170,90,80
E00181042,177,90,87
E00021080,524,274,250
E00021082,343,181,162
E00021084,368,192,176
E00021085,342,176,166
E00021086,214,109,105
E00021087,324,165,159
E00020753,385,204,181
E00020759,266,139,127
E00020760,244,116,128
E00020765,306,155,151
E00020785,432,233,199
E00166819,471,254,217
E00166826,174,85,89
E00020755,346,180,166
E00020761,350,186,164
E00020781,515,262,253
E00020783,447,230,217
E00020784,349,185,164
E00020756,363,198,165
E00020758,533,300,233
E00020764,301,162,139
E00020766,369,194,175
E00020769,228,120,108
E00020772,397,213,184
E00020773,291,159,132
E00020774,275,141,134
E00020775,258,133,125
E00020768,321,174,147
E00020778,429,221,208
E00020779,303,171,132
E00020780,454,233,221
E00020782,382,199,183
E00020790,345,171,174
E00020795,412,210,202
E00020801,373,190,183
E00020810,276,145,131
E00020812,361,180,181
E00020811,392,216,176
E00020813,412,206,206
E00020814,410,207,203
E00020815,263,148,115
E00020817,415,216,199
E00020797,244,128,116
E00020799,362,175,187
E00020802,359,197,162
E00020803,264,129,135
E00020808,381,205,176
E00020798,343,176,167
E00020800,333,168,165
E00020804,380,202,178
E00020807,397,214,183
E00020787,401,191,210
E00020805,402,201,201
E00020806,393,203,190
E00020809,365,181,184
E00020971,251,127,124
E00020974,227,118,109
E00020976,358,176,182
E00020981,360,173,187
E00020986,247,135,112
E00020967,294,165,129
E00020977,310,162,148
E00020984,322,169,153
E00020989,344,189,155
E00020994,292,145,147
E00020997,304,164,140
E00020998,323,166,157
E00021000,295,153,142
E00180985,470,240,230
E00181040,417,234,183
E00021073,434,213,221
E00021078,370,194,176
E00021094,331,168,163
E00021099,362,186,176
E00021101,222,106,116
E00021079,275,143,132
E00021103,249,116,133
E00021107,487,254,233
E00181023,391,208,183
E00021106,344,183,161
E00180958,114,59,55
E00180964,276,139,137
E00180993,309,155,154
E00181030,492,256,236
E00020763,460,251,209
E00020770,320,163,157
E00020771,365,186,179
E00020776,343,180,163
E00020777,353,185,168
E00020969,297,153,144
E00020970,388,210,178
E00020972,359,189,170
E00020975,357,176,181
E00020999,327,164,163
E00020982,478,257,221
E00020985,418,216,202
E00020987,267,143,124
E00020990,302,158,144
E00020993,310,157,153
E00020973,457,264,193
E00020979,474,230,244
E00020980,363,197,166
E00020983,339,176,163
E00021077,324,157,167
E00021097,242,106,136
E00021098,264,137,127
E00021100,323,150,173
E00021102,228,117,111
E00021105,292,140,152
E00020734,341,176,165
E00020738,354,179,175
E00020739,376,182,194
E00020749,360,186,174
E00020723,342,171,171
E00020724,279,146,133
E00020726,309,156,153
E00020730,311,154,157
E00020752,344,172,172
E00021122,501,258,243
E00021123,456,246,210
E00021129,357,189,168
E00021132,210,115,95
E00021134,338,187,151
E00021110,253,138,115
E00021130,288,153,135
E00021131,284,147,137
E00021140,361,189,172
E00166816,452,250,202
E00166817,613,294,319
E00166818,592,304,288
E00021109,310,152,158
E00021127,296,151,145
E00021128,354,191,163
E00021135,376,190,186
E00021139,357,190,167
E00020858,334,162,172
E00020860,394,195,199
E00020865,321,165,156
E00020871,338,167,171
E00020874,381,191,190
E00020866,401,211,190
E00020867,406,220,186
E00020868,312,165,147
E00020869,471,247,224
E00020872,323,159,164
E00020873,366,196,170
E00020861,335,168,167
E00020878,404,212,192
E00020879,394,207,187
E00020883,508,260,248
E00020887,341,180,161
E00020859,322,173,149
E00020870,289,163,126
E00020875,285,157,128
E00020876,359,183,176
E00020881,326,158,168
E00020722,383,195,188
E00020733,279,143,136
E00020735,317,171,146
E00020744,230,129,101
E00020745,377,191,186
E00020728,245,112,133
E00020729,392,201,191
E00020731,380,188,192
E00020732,372,200,172
E00021111,349,170,179
E00021115,395,189,206
E00021116,287,147,140
E00021138,354,173,181
E00021117,343,181,162
E00021118,382,188,194
E00021119,329,163,166
E00021120,498,260,238
E00021121,333,160,173
E00021124,323,168,155
E00021125,270,133,137
E00021126,347,173,174
E00021133,262,146,116
E00021137,394,208,186
E00021112,504,257,247
E00021113,319,163,156
E00021114,353,186,167
E00021136,398,208,190
E00020692,362,182,180
E00020708,400,204,196
E00020709,317,159,158
E00020710,376,195,181
E00020711,382,192,190
E00020740,416,213,203
E00020741,273,137,136
E00020742,462,238,224
E00020746,360,193,167
E00020747,301,152,149
E00020727,359,184,175
E00020736,362,188,174
E00020737,347,179,168
E00020743,372,176,196
E00020791,413,206,207
E00020793,348,176,172
E00020796,413,211,202
E00020816,310,161,149
E00020788,400,211,189
E00020789,373,189,184
E00020792,348,169,179
E00020794,442,215,227
E00021008,390,201,189
E00021012,320,152,168
E00021013,253,128,125
E00021033,367,206,161
E00021034,276,129,147
E00021014,326,154,172
E00021017,241,125,116
E00021018,263,131,132
E00021020,459,248,211
E00021024,318,169,149
E00021025,337,174,163
E00021016,281,155,126
E00021019,338,172,166
E00021022,355,180,175
E00021027,393,213,180
E00021006,360,187,173
E00021007,460,240,220
E00021030,283,143,140
E00021031,331,172,159
E00021032,302,152,150
E00021009,349,180,169
E00021015,330,166,164
E00021021,289,158,131
E00021023,317,153,164
E00021035,239,119,120
E00020535,426,213,213
E00020536,332,162,170
E00020544,278,142,136
E00020547,289,155,134
E00020548,301,162,139
E00020541,367,183,184
E00020546,312,151,161
E00020549,305,152,153
E00020551,353,176,177
E00020554,289,147,142
E00020537,396,206,190
E00020538,391,192,199
E00020539,306,159,147
E00020540,375,199,176
E00020543,296,152,144
E00020534,327,172,155
E00020550,360,172,188
E00020552,341,173,168
E00020556,362,176,186
E00020542,346,177,169
E00020545,365,178,187
E00020553,339,185,154
E00020555,345,181,164
E00020531,383,204,179
E00020533,308,159,149
E00020559,231,134,97
E00020561,431,214,217
E00020562,291,151,140
E00020532,340,175,165
E00020557,377,196,181
E00020558,356,176,180
E00020560,316,164,152
E00020823,383,203,180
E00020849,289,157,132
E00020855,202,100,102
E00020856,257,132,125
E00020857,361,194,167
E00180954,501,243,258
E00180961,207,99,108
E00181001,357,185,172
E00020831,209,110,99
E00020835,288,143,145
E00020836,218,114,104
E00020837,415,195,220
E00020841,361,185,176
E00020845,391,198,193
E00020819,293,152,141
E00020832,259,141,118
E00020833,326,157,169
E00020839,229,143,86
E00020840,252,119,133
E00020847,464,255,209
E00020862,315,170,145
E00020877,384,187,197
E00020882,268,131,137
E00020885,275,145,130
E00020888,286,143,143
E00020889,333,180,153
E00020821,277,138,139
E00020838,298,161,137
E00020848,491,252,239
E00020850,292,170,122
E00181006,463,242,221
E00181019,229,121,108
E00166823,228,126,102
E00166824,317,158,159
E00166825,220,112,108
E00181014,193,105,88
E00181016,449,226,223
E00020634,357,187,170
E00020656,310,167,143
E00020658,429,222,207
E00020661,313,169,144
E00020636,280,159,121
E00020639,452,242,210
E00020640,296,148,148
E00020641,288,151,137
E00020642,223,128,95
E00020645,237,119,118
E00020820,304,148,156
E00020826,327,170,157
E00020834,228,117,111
E00020842,282,145,137
E00020846,310,162,148
E00020854,358,180,178
E00020818,275,148,127
E00020822,380,181,199
E00020825,275,137,138
E00020828,314,153,161
E00020830,299,167,132
E00020978,390,203,187
E00020988,296,153,143
E00020991,325,168,157
E00020992,272,145,127
E00020995,327,158,169
E00020824,298,159,139
E00020844,292,149,143
E00020851,295,150,145
E00020852,328,178,150
E00020853,320,164,156
E00020863,357,173,184
E00020864,307,159,148
E00020880,341,166,175
E00020884,474,242,232
E00020886,341,174,167
E00020929,345,165,180
E00020944,299,149,150
E00020945,305,164,141
E00020946,328,170,158
E00020947,372,189,183
E00020949,329,178,151
E00020950,363,173,190
E00020951,331,180,151
E00020954,288,146,142
E00020959,340,177,163
E00020930,281,152,129
E00020931,386,200,186
E00020948,303,168,135
E00020955,260,145,115
E00020957,289,150,139
E00020647,279,151,128
E00020648,429,220,209
E00020652,330,169,161
E00020653,345,169,176
E00020654,274,148,126
E00020649,365,185,180
E00020650,278,147,131
E00020651,311,161,150
E00020655,344,169,175
E00020632,194,112,82
E00020633,244,137,107
E00020635,313,166,147
E00020657,270,134,136
E00020659,332,177,155
E00020663,267,143,124
E00020638,326,164,162
E00020646,455,244,211
E00020660,369,190,179
E00020662,377,174,203
E00020631,320,151,169
E00020637,367,195,172
E00020643,403,211,192
E00020644,426,222,204
E00020694,373,189,184
E00020716,405,218,187
E00020718,398,199,199
E00020720,350,192,158
E00181002,237,133,104
E00181024,276,127,149
E00020712,373,181,192
E00020713,351,188,163
E00020714,347,180,167
E00020715,371,195,176
E00020719,249,149,100
E00020693,332,167,165
E00020695,363,189,174
E00020696,326,166,160
E00020699,328,176,152
E00020721,316,171,145
E00020725,363,183,180
E00020748,330,172,158
E00020750,406,211,195
E00020751,414,206,208
E00020936,322,170,152
E00020938,321,169,152
E00020963,309,153,156
E00020965,344,179,165
E00020572,396,201,195
E00020576,440,203,237
E00020583,327,170,157
E00020586,399,203,196
E00021003,299,155,144
E00021005,419,226,193
E00021010,343,174,169
E00021026,296,162,134
E00181020,144,61,83
E00181032,145,67,78
E00181037,150,73,77
E00181038,411,206,205
E00021001,416,208,208
E00021002,283,135,148
E00021011,302,140,162
E00021028,298,147,151
E00021029,273,144,129
E00021042,427,205,222
E00021046,283,150,133
E00021049,250,131,119
E00021065,312,164,148
E00021066,390,193,197
E00021068,262,133,129
E00021070,442,229,213
E00021037,304,153,151
E00021044,300,156,144
E00021051,378,189,189
E00021054,257,137,120
E00021055,378,179,199
E00020903,258,133,125
E00020906,305,160,145
E00020908,250,145,105
E00020909,269,142,127
E00020911,215,113,102
E00020912,226,118,108
E00020917,252,141,111
E00020893,263,141,122
E00020894,277,155,122
E00020915,222,110,112
E00020918,269,140,129
E00020922,314,171,143
E00020923,254,123,131
E00020925,305,162,143
E00020932,197,94,103
E00020933,358,194,164
E00020934,392,216,176
E00020937,243,123,120
E00020939,257,124,133
E00020961,283,144,139
E00020964,287,146,141
E00020935,272,146,126
E00020940,198,95,103
E00020941,280,135,145
E00020942,264,142,122
E00020943,293,167,126
E00020966,297,158,139
E00020952,276,152,124
E00020953,302,150,152
E00020956,241,125,116
E00020958,282,131,151
E00020960,279,151,128
E00020962,318,171,147
E00020567,122,61,61
E00020579,504,263,241
E00020581,337,171,166
E00020582,244,137,107
E00020584,293,158,135
E00020569,410,203,207
E00020594,511,256,255
E00020595,369,190,179
E00180960,445,231,214
E00180971,278,137,141
E00020565,475,254,221
E00020571,304,153,151
E00020575,332,168,164
E00020577,400,225,175
E00020580,428,227,201
E00020566,235,129,106
E00020570,178,84,94
E00020573,357,183,174
E00020574,275,144,131
E00020578,306,176,130
E00021062,428,211,217
E00021063,334,171,163
E00021064,356,200,156
E00021067,321,178,143
E00021069,327,157,170
E00020672,366,187,179
E00020673,301,153,148
E00020674,375,192,183
E00020675,244,132,112
E00020676,282,145,137
E00020678,275,154,121
E00020680,368,201,167
E00020681,346,178,168
E00020684,354,187,167
E00020687,280,141,139
E00021036,233,129,104
E00021039,322,166,156
E00021045,257,153,104
E00021047,260,146,114
E00021048,213,130,83
E00021050,294,174,120
E00021052,224,126,98
E00021041,409,204,205
E00021043,379,198,181
E00021053,369,181,188
E00021056,297,149,148
E00021058,308,163,145
E00021038,405,215,190
E00021040,274,135,139
E00021057,249,146,103
E00021059,211,113,98
E00021060,325,164,161
E00021061,269,147,122
E00020614,311,171,140
E00020615,384,198,186
E00020617,355,182,173
E00020620,293,162,131
E00020601,158,80,78
E00020603,265,131,134
E00020606,325,163,162
E00020607,268,133,135
E00020608,270,138,132
E00020610,275,136,139
E00020891,249,139,110
E00020895,431,246,185
E00020898,167,79,88
E00020899,220,109,111
E00020902,286,147,139
E00020904,352,183,169
E00020905,280,129,151
E00020896,432,216,216
E00020897,249,127,122
E00020901,352,173,179
E00020907,309,143,166
E00020927,349,181,168
E00020928,273,148,125
E00020892,357,185,172
E00020914,335,159,176
E00020919,294,151,143
E00020920,249,119,130
E00020921,221,105,116
E00020924,271,139,132
E00020926,198,102,96
E00020622,324,154,170
E00020625,273,138,135
E00020626,354,183,171
E00020629,330,177,153
E00020599,238,114,124
E00020604,346,177,169
E00020609,294,142,152
E00020618,308,165,143
E00020621,322,163,159
E00020677,392,197,195
E00020679,381,189,192
E00020682,382,188,194
E00020685,350,179,171
E00020690,373,198,175
E00020665,361,182,179
E00020666,517,274,243
E00020683,383,192,191
E00020688,364,188,176
E00020890,320,159,161
E00020900,273,127,146
E00020910,288,140,148
E00020913,305,146,159
E00020916,296,147,149
E00020563,259,129,130
E00020589,322,169,153
E00020591,308,168,140
E00020592,306,150,156
E00020593,253,133,120
E00020568,261,140,121
E00020585,318,163,155
E00020587,357,186,171
E00020588,349,177,172
E00020590,321,155,166
E00020667,365,173,192
E00020686,322,166,156
E00020689,354,175,179
E00166820,355,176,179
E00166821,568,280,288
E00020664,338,162,176
E00020668,405,197,208
E00020669,347,175,172
E00020670,328,169,159
E00020671,297,168,129
E00020596,414,218,196
E00020611,365,192,173
E00020612,400,202,198
E00020613,214,114,100
E00020616,322,159,163
E00020597,404,214,190
E00020619,223,122,101
E00020623,262,137,125
E00020624,431,225,206
E00020627,228,116,112
E00020628,318,157,161
E00020598,312,163,149
E00020600,348,166,182
E00020602,275,144,131
E00020605,214,100,114
E00020630,410,196,214
E00020703,363,179,184
E00020704,395,212,183
E00020705,293,151,142
E00020706,343,163,180
E00020707,383,211,172
E00020697,434,230,204
E00020698,306,159,147
E00020700,323,170,153
E00020702,385,192,193
E00165852,350,179,171
E00021260,356,200,156
E00021273,325,177,148
E00021274,568,303,265
E00021279,448,216,232
E00021280,439,245,194
E00167202,247,114,133
E00167246,210,111,99
E00167247,137,71,66
E00021266,235,112,123
E00021267,340,166,174
E00021268,329,179,150
E00021271,426,220,206
E00021275,307,151,156
E00167197,239,128,111
E00167201,335,179,156
E00021262,309,171,138
E00021286,224,103,121
E00021289,380,183,197
E00021290,353,166,187
E00183835,267,150,117
E00183887,365,176,189
E00184060,229,106,123
E00184065,283,156,127
E00167200,330,156,174
E00183762,225,120,105
E00183766,261,121,140
E00183911,234,111,123
E00183777,255,131,124
E00183901,194,88,106
E00184004,271,129,142
E00184005,342,176,166
E00184040,226,114,112
E00021272,233,123,110
E00021277,262,158,104
E00021278,183,113,70
E00021282,378,191,187
E00167198,520,276,244
E00021141,326,181,145
E00021148,288,146,142
E00021150,298,159,139
E00021156,259,137,122
E00021162,319,156,163
E00021149,305,157,148
E00021151,379,186,193
E00021157,307,162,145
E00021158,313,158,155
E00021165,389,202,187
E00021143,396,224,172
E00021147,212,113,99
E00021172,268,124,144
E00021173,436,235,201
E00021175,375,205,170
E00021170,462,244,218
E00167244,352,161,191
E00183787,311,156,155
E00183966,316,154,162
E00021145,259,147,112
E00021176,440,231,209
E00167172,226,97,129
E00184003,429,237,192
E00184099,289,187,102
E00021297,395,205,190
E00021298,418,211,207
E00021318,405,199,206
E00021320,314,169,145
E00021327,410,207,203
E00021304,377,201,176
E00021319,330,199,131
E00021321,343,182,161
E00021322,367,179,188
E00021324,367,205,162
E00021325,362,204,158
E00021300,524,262,262
E00021305,233,108,125
E00021307,452,204,248
E00021308,581,324,257
E00021294,588,280,308
E00021309,499,265,234
E00021310,276,143,133
E00021311,347,171,176
E00021315,189,62,127
E00021316,303,165,138
E00021295,364,175,189
E00021296,395,191,204
E00021312,320,170,150
E00021313,459,222,237
E00021317,369,175,194
E00183953,193,82,111
E00183954,462,185,277
E00021299,411,201,210
E00021303,331,173,158
E00021306,259,130,129
E00021326,419,226,193
E00021301,462,242,220
E00021302,400,203,197
E00021323,366,186,180
E00021328,418,208,210
E00167088,220,105,115
E00167089,302,165,137
E00167090,584,296,288
E00167184,231,124,107
E00167185,472,235,237
E00184070,290,127,163
E00184073,262,124,138
E00167092,435,222,213
E00167189,283,150,133
E00167190,214,121,93
E00167193,298,157,141
E00167194,284,146,138
E00167196,241,125,116
E00021261,276,148,128
E00021292,301,151,150
E00167187,521,284,237
E00167191,220,106,114
E00167192,217,110,107
E00167263,170,88,82
E00021288,236,123,113
E00167195,251,123,128
E00183724,259,113,146
E00183960,365,176,189
E00021263,334,171,163
E00167091,203,102,101
E00167186,418,220,198
E00184110,378,202,176
E00021146,453,216,237
E00021153,285,152,133
E00021154,474,244,230
E00021155,289,146,143
E00021169,456,247,209
E00021174,206,103,103
E00021177,418,224,194
E00167245,262,130,132
E00184054,273,139,134
E00184112,403,200,203
E00021160,288,141,147
E00021161,425,203,222
E00021166,395,208,187
E00021167,360,191,169
E00021168,340,169,171
E00021152,389,201,188
E00021159,610,317,293
E00021163,474,243,231
E00021164,396,184,212
E00021699,379,197,182
E00021703,594,293,301
E00021728,250,143,107
E00021729,401,213,188
E00021730,221,120,101
E00021700,455,222,233
E00021708,388,210,178
E00021710,284,147,137
E00021712,240,131,109
E00021714,212,98,114
E00021697,371,180,191
E00021698,276,139,137
E00021722,282,136,146
E00021723,370,187,183
E00021724,231,113,118
E00021725,209,105,104
E00021726,251,127,124
E00021727,290,145,145
E00021732,229,119,110
E00021458,293,143,150
E00021459,256,137,119
E00021460,390,177,213
E00021461,226,115,111
E00021464,291,153,138
E00021468,299,154,145
E00021462,310,155,155
E00021463,353,175,178
E00021465,394,204,190
E00167206,398,202,196
E00167207,330,170,160
E00021442,309,148,161
E00021443,260,130,130
E00021469,471,234,237
E00021471,345,180,165
E00021441,321,166,155
E00021449,326,168,158
E00021450,158,81,77
E00021453,300,150,150
E00021454,348,191,157
E00021349,432,195,237
E00021351,350,168,182
E00021352,257,126,131
E00021353,273,135,138
E00021350,359,174,185
E00021354,492,237,255
E00021357,326,168,158
E00021360,385,188,197
E00021331,103,52,51
E00021355,313,158,155
E00021361,612,325,287
E00167264,501,248,253
E00021334,401,216,185
E00021335,546,285,261
E00021337,303,159,144
E00021359,521,295,226
E00183769,303,147,156
E00183776,325,170,155
E00183807,210,104,106
E00183837,309,159,150
E00183942,157,81,76
E00184051,124,57,67
E00021340,455,214,241
E00167217,263,118,145
E00183784,337,174,163
E00183897,140,62,78
E00184042,448,238,210
E00184107,273,136,137
E00167213,393,201,192
E00167214,376,214,162
E00167218,395,198,197
E00183789,466,251,215
E00184044,364,182,182
E00021706,281,140,141
E00021707,416,217,199
E00021709,292,159,133
E00021713,265,147,118
E00021716,270,121,149
E00021702,373,200,173
E00021704,419,210,209
E00021705,407,216,191
E00021711,470,217,253
E00021731,454,226,228
E00021715,298,150,148
E00021717,239,120,119
E00021718,354,146,208
E00021719,148,77,71
E00021695,396,180,216
E00021701,506,254,252
E00183730,472,222,250
E00183889,409,202,207
E00184091,287,140,147
E00167178,326,163,163
E00167179,194,100,94
E00183804,230,106,124
E00183862,317,158,159
E00184020,316,156,160
E00021439,243,120,123
E00021440,433,218,215
E00021446,368,187,181
E00021474,397,186,211
E00167204,215,103,112
E00167205,344,169,175
E00167210,131,61,70
E00183842,320,151,169
E00183892,363,174,189
E00183922,382,207,175
E00183933,306,140,166
E00184134,458,249,209
E00021447,255,127,128
E00021448,357,174,183
E00021451,406,225,181
E00021452,235,111,124
E00021455,363,190,173
E00021444,296,150,146
E00021445,366,189,177
E00021467,366,187,179
E00021470,293,157,136
E00021473,386,205,181
E00021475,551,278,273
E00183729,937,519,418
E00184017,599,339,260
E00184102,486,284,202
E00021185,324,171,153
E00021188,257,131,126
E00021208,313,153,160
E00021214,535,255,280
E00021187,332,177,155
E00021195,348,190,158
E00021199,250,123,127
E00021206,228,115,113
E00021209,231,107,124
E00021184,146,69,77
E00021200,328,155,173
E00021203,395,200,195
E00183968,246,128,118
E00183979,469,250,219
E00184106,310,164,146
E00184132,336,171,165
E00021196,373,194,179
E00021198,374,175,199
E00021201,312,157,155
E00021202,304,153,151
E00021205,215,100,115
E00021210,265,130,135
E00021211,351,178,173
E00021212,259,129,130
E00021332,479,241,238
E00021333,330,171,159
E00021336,275,150,125
E00021339,324,165,159
E00021342,274,139,135
E00021329,476,243,233
E00021344,504,273,231
E00021345,335,178,157
E00021346,357,185,172
E00021477,410,204,206
E00021480,272,120,152
E00021500,296,136,160
E00021502,395,208,187
E00183788,362,189,173
E00183843,195,88,107
E00184128,269,132,137
E00021501,378,171,207
E00021503,346,167,179
E00021504,390,177,213
E00021505,270,137,133
E00021507,383,195,188
E00183849,335,157,178
E00183985,275,137,138
E00184014,243,116,127
E00184022,322,157,165
E00184088,203,96,107
E00184114,291,150,141
E00184126,494,257,237
E00021330,466,231,235
E00021347,405,207,198
E00167212,596,300,296
E00167216,374,185,189
E00183902,391,194,197
E00183923,282,152,130
E00183951,439,232,207
E00183800,370,189,181
E00183854,283,148,135
E00183885,235,112,123
E00183982,242,118,124
E00021180,461,216,245
E00021194,536,255,281
E00021213,396,193,203
E00167171,358,170,188
E00167173,452,218,234
E00021186,457,211,246
E00021189,367,185,182
E00021192,343,172,171
E00021216,298,137,161
E00021179,299,136,163
E00021190,534,245,289
E00021191,350,156,194
E00021193,325,136,189
E00021215,471,206,265
E00021181,245,124,121
E00021182,416,209,207
E00021183,257,125,132
E00021204,500,248,252
E00021207,210,102,108
E00021476,459,222,237
E00021479,427,197,230
E00021482,467,233,234
E00021484,433,194,239
E00183905,348,173,175
E00183935,287,142,145
E00021485,521,258,263
E00021486,624,303,321
E00021489,331,147,184
E00021490,300,149,151
E00183864,231,119,112
E00183992,306,143,163
E00184057,152,75,77
E00021488,490,229,261
E00021492,500,251,249
E00021493,481,268,213
E00021497,484,240,244
E00183790,222,111,111
E00183821,490,234,256
E00021506,483,235,248
E00183714,326,175,151
E00183767,260,115,145
E00184015,323,167,156
E00021481,603,292,311
E00021508,575,263,312
E00021509,604,282,322
E00021496,311,158,153
E00021498,465,245,220
E00183908,356,172,184
E00184063,436,212,224
E00183814,469,245,224
E00183830,327,170,157
E00183833,248,126,122
E00183874,273,133,140
E00184007,200,93,107
E00021672,412,204,208
E00021680,561,311,250
E00021687,394,203,191
E00021694,473,234,239
E00021676,185,94,91
E00021681,239,112,127
E00021686,296,141,155
E00021692,322,127,195
E00021693,420,174,246
E00183799,538,273,265
E00183926,333,186,147
E00021677,317,155,162
E00021678,541,266,275
E00021679,364,163,201
E00021682,217,106,111
E00021675,482,249,233
E00021683,454,235,219
E00021685,525,271,254
E00167095,288,122,166
E00167169,291,147,144
E00183838,232,110,122
E00183913,178,90,88
E00184136,345,172,173
E00021673,285,137,148
E00021674,368,174,194
E00021688,438,182,256
E00021690,536,243,293
E00021691,394,185,209
E00021562,356,182,174
E00021572,394,194,200
E00021574,262,124,138
E00021577,273,154,119
E00167241,450,222,228
E00167260,447,230,217
E00021586,481,246,235
E00021588,395,196,199
E00021590,398,197,201
E00021593,220,103,117
E00167252,364,179,185
E00167261,392,187,205
E00021564,340,178,162
E00021566,364,189,175
E00021583,556,267,289
E00021592,286,145,141
E00021594,389,189,200
E00021561,246,128,118
E00021567,356,175,181
E00021569,584,276,308
E00183808,299,151,148
E00183822,490,229,261
E00021753,264,137,127
E00021754,251,128,123
E00021756,200,93,107
E00021757,294,124,170
E00021761,392,208,184
E00021737,288,137,151
E00021758,356,169,187
E00021763,435,222,213
E00021764,548,256,292
E00021736,451,212,239
E00021755,405,180,225
E00021759,398,213,185
E00021760,349,170,179
E00021740,378,194,184
E00021745,257,129,128
E00021762,373,198,175
E00021767,309,164,145
E00183810,284,150,134
E00183855,287,153,134
E00021371,255,124,131
E00183752,296,132,164
E00183759,374,196,178
E00183794,321,150,171
E00183825,359,169,190
E00183978,279,144,135
E00184039,553,273,280
E00184066,150,73,77
E00184072,378,188,190
E00021382,471,263,208
E00021383,471,258,213
E00183880,387,198,189
E00183932,561,301,260
E00021365,296,132,164
E00021386,496,206,290
E00021388,403,199,204
E00021393,501,263,238
E00167128,276,136,140
E00167234,466,239,227
E00021364,538,282,256
E00021384,241,115,126
E00183791,346,176,170
E00183841,211,100,111
E00183900,254,131,123
E00184028,347,188,159
E00021372,608,298,310
E00021392,364,170,194
E00183795,287,137,150
E00183869,342,178,164
E00021559,328,163,165
E00021563,384,194,190
E00021565,279,137,142
E00021582,353,184,169
E00167105,431,211,220
E00167238,302,161,141
E00167239,395,212,183
E00021560,597,330,267
E00021584,308,155,153
E00021587,431,225,206
E00021591,516,258,258
E00167253,332,161,171
E00167256,277,148,129
E00167257,472,240,232
E00183998,325,160,165
E00184024,448,223,225
E00167258,544,264,280
E00183829,171,87,84
E00183883,285,150,135
E00184001,416,210,206
E00184068,122,67,55
E00184108,467,238,229
E00183919,249,118,131
E00183946,422,216,206
E00183950,228,106,122
E00184019,457,241,216
E00184121,130,64,66
E00021585,473,238,235
E00183817,322,182,140
E00184021,397,240,157
E00184036,232,122,110
E00184047,407,212,195
E00021377,544,276,268
E00183725,355,181,174
E00183989,502,220,282
E00184125,152,75,77
E00021367,366,216,150
E00021375,254,125,129
E00021379,301,141,160
E00021380,537,192,345
E00021397,589,312,277
E00021363,398,216,182
E00167136,325,151,174
E00167161,325,168,157
E00167231,264,120,144
E00183751,356,176,180
E00183851,291,135,156
E00184077,368,195,173
E00184079,315,140,175
E00167228,210,111,99
E00183928,348,163,185
E00183975,588,300,288
E00184013,421,212,209
E00021394,394,216,178
E00021395,310,154,156
E00021396,374,192,182
E00167229,398,216,182
E00021748,573,273,300
E00021752,401,209,192
E00183819,347,172,175
E00183828,521,251,270
E00183964,277,140,137
E00184129,389,189,200
E00021738,318,160,158
E00021743,360,169,191
E00183811,216,102,114
E00183994,164,78,86
E00184069,337,169,168
E00184124,306,163,143
E00184135,443,228,215
E00167098,104,49,55
E00167099,258,105,153
E00167100,338,129,209
E00167101,264,110,154
E00183893,289,116,173
E00184056,315,136,179
E00021742,467,226,241
E00021766,423,196,227
E00167166,292,158,134
E00167168,330,161,169
E00021741,178,76,102
E00167094,276,115,161
E00183782,288,132,156
E00183783,437,224,213
E00183820,210,97,113
E00184064,359,198,161
E00183743,210,91,119
E00183744,549,300,249
E00183745,360,194,166
E00183747,258,118,140
E00183748,292,139,153
E00021746,212,99,113
E00167102,589,303,286
E00183746,308,159,149
E00190014,511,231,280
E00021641,418,199,219
E00021646,535,281,254
E00021661,424,218,206
E00021663,230,108,122
E00021640,375,194,181
E00021643,268,134,134
E00021644,424,219,205
E00021654,385,195,190
E00021637,534,276,258
E00021639,304,139,165
E00021659,437,217,220
E00021660,301,142,159
E00021669,560,263,297
E00021662,546,274,272
E00021665,483,244,239
E00021668,428,210,218
E00021670,406,213,193
E00021430,361,171,190
E00021431,348,161,187
E00021432,529,276,253
E00021434,506,238,268
E00183836,208,104,104
E00183840,283,139,144
E00183915,345,158,187
E00021408,360,158,202
E00021413,395,209,186
E00021421,422,181,241
E00021423,409,206,203
E00021399,336,158,178
E00021411,378,183,195
E00021420,260,119,141
E00021425,258,108,150
E00021427,239,106,133
E00021404,452,214,238
E00167087,353,151,202
E00183863,325,148,177
E00183987,197,105,92
E00184062,301,133,168
E00184095,401,215,186
E00021409,238,95,143
E00021418,217,102,115
E00021424,174,64,110
E00167154,589,204,385
E00183896,402,200,202
E00183986,304,133,171
E00021398,480,245,235
E00021414,362,176,186
E00021416,370,170,200
E00021417,287,141,146
E00021422,190,89,101
E00021400,484,221,263
E00021410,543,284,259
E00021415,381,199,182
E00021419,471,235,236
E00021426,356,184,172
E00167230,203,86,117
E00167233,271,145,126
E00183710,103,46,57
E00183711,362,195,167
E00183712,379,192,187
E00183713,146,82,64
E00183727,447,230,217
E00183805,383,200,183
E00183865,118,60,58
E00184104,288,141,147
E00184119,316,162,154
E00021437,362,197,165
E00167085,452,233,219
E00167219,539,267,272
E00167227,288,141,147
E00183726,571,241,330
E00021402,290,158,132
E00021407,449,213,236
E00021412,404,208,196
E00183728,502,240,262
E00021649,332,160,172
E00021650,250,114,136
E00021655,513,238,275
E00021671,325,170,155
E00021653,235,103,132
E00021667,510,237,273
E00167222,321,151,170
E00167225,389,213,176
E00167226,216,100,116
E00021642,345,156,189
E00021648,215,90,125
E00021652,258,103,155
E00021656,600,331,269
E00167221,503,232,271
E00167224,219,111,108
E00183779,459,242,217
E00183806,273,138,135
E00021658,179,82,97
E00167103,216,116,100
E00167106,314,142,172
E00167107,248,128,120
E00167236,184,96,88
E00167237,180,73,107
E00021651,229,110,119
E00021657,173,83,90
E00167104,197,91,106
E00183936,428,211,217
E00183973,308,156,152
E00021598,209,104,105
E00021599,362,166,196
E00021600,324,153,171
E00021602,308,151,157
E00021622,219,107,112
E00021632,250,118,132
E00021616,593,298,295
E00021618,312,153,159
E00021621,367,178,189
E00183812,347,174,173
E00184094,384,198,186
E00021597,361,179,182
E00021607,239,120,119
E00021636,296,163,133
E00183793,208,96,112
E00183972,254,116,138
E00184016,240,108,132
E00184089,281,120,161
E00184111,326,136,190
E00184127,227,102,125
E00021617,221,104,117
E00183737,217,97,120
E00183738,183,89,94
E00183739,299,138,161
E00183741,267,121,146
E00021595,647,329,318
E00021624,350,165,185
E00183740,247,112,135
E00183742,203,101,102
E00190013,228,113,115
E00021604,338,172,166
E00021606,271,132,139
E00021610,337,166,171
E00021612,322,136,186
E00021613,183,78,105
E00021614,253,115,138
E00021615,207,99,108
E00021605,296,142,154
E00021608,214,111,103
E00021611,379,180,199
E00021626,274,139,135
E00021628,182,87,95
E00021635,214,104,110
E00167174,210,99,111
E00167175,221,101,120
E00021596,377,189,188
E00021601,192,83,109
E00021603,181,84,97
E00021629,221,115,106
E00021631,270,132,138
E00021633,216,102,114
E00021634,462,255,207
E00021244,346,178,168
E00021247,391,211,180
E00021248,374,212,162
E00021249,190,91,99
E00021253,319,163,156
E00021225,380,183,197
E00021252,264,122,142
E00021254,232,115,117
E00021255,243,112,131
E00021256,229,106,123
E00021258,440,227,213
E00021219,303,163,140
E00021220,391,198,193
E00021227,294,150,144
E00021228,406,203,203
E00021229,452,241,211
E00021231,231,119,112
E00021218,533,292,241
E00021230,287,138,149
E00021257,230,119,111
E00021259,508,262,246
E00167081,255,132,123
E00167262,114,53,61
E00021522,455,236,219
E00021524,572,296,276
E00021532,288,143,145
E00184038,330,164,166
E00184067,309,175,134
E00021519,555,273,282
E00021521,228,118,110
E00021528,241,126,115
E00167079,237,126,111
E00167080,399,213,186
E00183925,362,179,183
E00183984,490,254,236
E00021533,236,114,122
E00021534,201,95,106
E00021536,270,142,128
E00021537,350,162,188
E00021539,285,141,144
E00183778,227,111,116
E00183995,233,109,124
E00184101,253,133,120
E00021517,471,253,218
E00021520,233,117,116
E00021525,299,148,151
E00021527,317,159,158
E00021556,280,135,145
E00021557,391,201,190
E00167118,250,127,123
E00167119,316,146,170
E00167134,248,113,135
E00167162,373,167,206
E00021516,260,129,131
E00021518,320,169,151
E00021526,300,148,152
E00021529,165,87,78
E00167163,264,127,137
E00021552,251,125,126
E00021553,389,198,191
E00021554,264,138,126
E00021555,429,210,219
E00167133,183,96,87
E00167135,303,139,164
E00167183,133,65,68
E00167131,128,61,67
E00167164,122,71,51
E00183860,335,181,154
E00183878,200,101,99
E00183882,195,93,102
E00183957,310,136,174
E00183958,335,164,171
E00183965,213,114,99
E00184000,289,160,129
E00021547,341,174,167
E00167114,414,208,206
E00183890,364,197,167
E00183931,454,224,230
E00183934,377,205,172
E00184008,457,281,176
E00021550,546,290,256
E00167116,310,168,142
E00184043,169,81,88
E00184074,305,153,152
E00184082,474,200,274
E00183832,368,204,164
E00183848,634,332,302
E00183780,224,115,109
E00183867,363,182,181
E00183895,427,229,198
E00183959,315,161,154
E00184092,393,220,173
E00021510,201,96,105
E00021511,186,91,95
E00021541,212,95,117
E00021542,167,72,95
E00021543,269,119,150
E00167158,278,121,157
E00167159,279,151,128
E00167113,469,242,227
E00167121,436,213,223
E00167122,234,110,124
E00167152,403,176,227
E00021544,192,88,104
E00021546,175,80,95
E00021549,366,182,184
E00167157,283,137,146
E00167165,250,118,132
E00167220,424,205,219
E00167182,182,105,77
E00167248,512,214,298
E00167249,377,175,202
E00167250,289,135,154
E00183773,342,158,184
E00183939,283,140,143
E00184117,262,112,150
E00167146,361,170,191
E00167148,180,82,98
E00183797,201,92,109
E00183818,428,214,214
E00184045,251,119,132
E00184071,416,183,233
E00184130,230,114,116
E00183753,317,143,174
E00184050,277,114,163
E00184075,252,124,128
E00184086,309,148,161
E00183764,280,115,165
E00183785,256,114,142
E00183961,216,94,122
E00183980,159,77,82
E00184061,265,127,138
E00167126,329,156,173
E00183731,241,116,125
E00183943,250,124,126
E00184009,469,260,209
E00184046,208,90,118
E00021235,168,88,80
E00021236,499,252,247
E00167143,324,155,169
E00167144,143,78,65
E00167181,144,69,75
E00183754,279,144,135
E00183856,118,58,60
E00183866,270,120,150
E00183875,218,113,105
E00184083,560,296,264
E00167123,300,153,147
E00167124,275,136,139
E00167125,164,82,82
E00183750,217,106,111
E00184041,322,161,161
E00167137,219,107,112
E00167147,395,189,206
E00167149,420,185,235
E00167151,372,176,196
E00021239,502,229,273
E00167142,531,264,267
E00167145,163,75,88
E00183847,223,86,137
E00183871,304,155,149
E00183888,178,79,99
E00184055,156,50,106
E00021223,479,217,262
E00021240,387,176,211
E00021241,262,128,134
E00021243,404,196,208
E00021246,443,227,216
E00183844,632,313,319
E00183991,346,182,164
E00184085,129,66,63
E00167111,282,113,169
E00183948,253,139,114
E00183970,654,361,293
E00184011,558,295,263
E00021224,488,235,253
E00021245,272,129,143
E00021251,305,154,151
E00184100,382,203,179
E00167110,500,258,242
E00167170,170,72,98
E00183824,286,128,158
E00183834,337,163,174
E00021875,313,167,146
E00021898,435,219,216
E00021900,370,190,180
E00021902,430,214,216
E00021878,413,199,214
E00021885,267,132,135
E00021887,193,102,91
E00021904,213,123,90
E00021905,385,191,194
E00021906,230,120,110
E00021907,201,98,103
E00021876,266,139,127
E00021882,368,193,175
E00021883,342,171,171
E00021901,337,170,167
E00021903,330,165,165
E00021909,319,160,159
E00021917,345,178,167
E00021920,372,179,193
E00021925,286,148,138
E00021930,374,200,174
E00021911,576,288,288
E00021914,365,191,174
E00021939,321,152,169
E00021940,319,178,141
E00021884,280,143,137
E00021886,368,194,174
E00021890,378,187,191
E00021899,179,88,91
E00171497,466,238,228
E00171498,215,113,102
E00021879,253,137,116
E00021881,324,163,161
E00021888,234,117,117
E00021892,223,122,101
E00021895,271,141,130
E00021896,244,128,116
E00021897,263,151,112
E00021880,467,239,228
E00021889,451,249,202
E00021891,396,193,203
E00021893,386,191,195
E00021894,266,143,123
E00021908,616,295,321
E00021912,187,96,91
E00021913,321,176,145
E00021918,246,130,116
E00021921,313,161,152
E00021923,265,146,119
E00021915,341,191,150
E00021916,302,144,158
E00021919,351,183,168
E00021922,363,200,163
E00021927,356,172,184
E00022053,539,289,250
E00022063,397,214,183
E00022065,426,235,191
E00022068,330,180,150
E00022069,309,166,143
E00022045,332,199,133
E00022046,453,239,214
E00022055,244,133,111
E00022057,235,133,102
E00022073,271,150,121
E00022054,344,182,162
E00022070,338,178,160
E00022071,380,195,185
E00022072,379,178,201
E00022074,257,130,127
E00022049,380,199,181
E00022050,321,158,163
E00022051,365,198,167
E00022060,260,139,121
E00022061,407,215,192
E00022052,328,172,156
E00022062,359,183,176
E00022064,292,152,140
E00022066,289,159,130
E00022067,333,175,158
E00021910,383,200,183
E00021926,301,155,146
E00021929,353,183,170
E00021932,314,170,144
E00021935,339,172,167
E00021928,316,157,159
E00021931,373,181,192
E00021933,337,163,174
E00021938,306,159,147
E00022196,249,136,113
E00022198,289,134,155
E00022201,278,154,124
E00022205,371,184,187
E00022225,357,197,160
E00022200,326,163,163
E00022202,296,156,140
E00022207,416,202,214
E00022223,305,169,136
E00022224,275,133,142
E00022193,324,155,169
E00022204,370,191,179
E00022208,360,168,192
E00022212,470,241,229
E00022215,302,151,151
E00021924,336,180,156
E00021934,364,175,189
E00021936,295,138,157
E00021937,388,201,187
E00022197,404,207,197
E00022203,292,150,142
E00022206,344,175,169
E00022226,396,208,188
E00022227,377,210,167
E00022199,491,242,249
E00022209,347,181,166
E00022210,336,180,156
E00022211,369,191,178
E00022213,343,169,174
E00022378,353,167,186
E00022379,404,197,207
E00022407,297,172,125
E00022408,380,210,170
E00022409,408,216,192
E00022381,396,210,186
E00022382,316,149,167
E00022383,430,213,217
E00022387,303,156,147
E00022391,439,225,214
E00022380,383,188,195
E00022384,305,166,139
E00022385,291,142,149
E00022386,370,183,187
E00022388,360,172,188
E00022389,334,168,166
E00022390,275,142,133
E00022392,394,196,198
E00022394,375,188,187
E00022399,441,210,231
E00022376,532,289,243
E00022393,320,172,148
E00022396,372,185,187
E00022397,400,199,201
E00022401,348,175,173
E00022398,476,231,245
E00022400,375,186,189
E00022403,426,218,208
E00022405,159,88,71
E00022406,357,181,176
E00022377,429,229,200
E00022395,371,191,180
E00022402,442,249,193
E00022404,443,217,226
E00022015,363,195,168
E00022019,361,194,167
E00022036,341,164,177
E00185705,339,169,170
E00185712,280,154,126
E00185815,243,115,128
E00022016,266,135,131
E00022020,302,154,148
E00022023,309,173,136
E00022039,378,192,186
E00022040,541,248,293
E00022017,345,178,167
E00022024,378,186,192
E00022025,348,174,174
E00022028,406,199,207
E00022037,507,251,256
E00022012,450,248,202
E00022026,410,206,204
E00022027,446,224,222
E00022030,384,194,190
E00022043,358,183,175
E00022044,339,183,156
E00022075,387,201,186
E00022076,354,176,178
E00022047,271,142,129
E00022048,309,143,166
E00022056,374,193,181
E00022058,384,194,190
E00022059,321,173,148
E00021840,390,206,184
E00021842,434,223,211
E00021851,315,168,147
E00021854,392,197,195
E00021855,340,169,171
E00021841,407,203,204
E00021852,418,210,208
E00021853,401,210,191
E00021857,279,154,125
E00021859,400,200,200
E00022018,391,208,183
E00022021,349,184,165
E00022041,386,203,183
E00185788,403,225,178
E00185833,224,127,97
E00022194,345,182,163
E00022214,260,142,118
E00022216,360,182,178
E00022218,369,212,157
E00022219,445,225,220
E00022195,482,243,239
E00022217,275,129,146
E00022220,308,161,147
E00022222,383,189,194
E00185727,368,178,190
E00185798,424,225,199
E00185818,416,199,217
E00022119,434,227,207
E00022133,416,206,210
E00022134,321,158,163
E00022137,416,228,188
E00022139,442,227,215
E00022127,462,258,204
E00022130,320,172,148
E00022131,394,207,187
E00022132,351,172,179
E00022135,364,189,175
E00022122,353,179,174
E00022128,445,229,216
E00022138,400,213,187
E00022140,363,184,179
E00022142,338,174,164
E00022123,366,181,185
E00022141,374,197,177
E00022145,392,207,185
E00022148,383,206,177
E00022149,357,189,168
E00022118,373,211,162
E00022120,388,195,193
E00022136,313,154,159
E00022143,322,173,149
E00185696,309,158,151
E00185711,239,117,122
E00185725,218,123,95
E00185784,425,221,204
E00021843,355,181,174
E00021856,431,216,215
E00021863,395,196,199
E00021868,336,179,157
E00021871,276,139,137
E00021845,401,168,233
E00021846,297,146,151
E00021849,396,195,201
E00021867,291,142,149
E00021874,470,245,225
E00171500,527,308,219
E00171512,319,154,165
E00171514,247,121,126
E00022022,420,208,212
E00022029,459,241,218
E00022031,574,296,278
E00022032,384,189,195
E00022013,376,180,196
E00022014,408,202,206
E00022033,475,263,212
E00022034,291,155,136
E00022035,299,142,157
E00021844,608,331,277
E00021847,386,198,188
E00021848,348,172,176
E00021850,384,190,194
E00021873,365,195,170
E00021858,402,207,195
E00021860,454,247,207
E00021861,533,267,266
E00021862,407,218,189
E00021839,419,219,200
E00021864,298,166,132
E00021865,360,169,191
E00021866,288,149,139
E00021869,388,201,187
E00021870,430,214,216
E00022419,248,142,106
E00022423,464,203,261
E00022424,461,236,225
E00022430,502,253,249
E00022432,372,187,185
E00022413,489,255,234
E00022443,380,199,181
E00022444,572,290,282
E00022445,551,285,266
E00022446,363,195,168
E00022099,394,178,216
E00022100,420,204,216
E00022101,425,216,209
E00022102,387,199,188
E00022103,371,199,172
E00022427,289,158,131
E00022428,225,124,101
E00022429,306,155,151
E00022433,394,199,195
E00022436,414,200,214
E00022437,281,146,135
E00022412,487,262,225
E00022431,396,200,196
E00022434,282,142,140
E00022439,476,232,244
E00022441,398,211,187
E00022420,384,218,166
E00022421,485,254,231
E00022422,386,209,177
E00022426,408,219,189
E00022414,614,323,291
E00022415,301,161,140
E00022416,250,136,114
E00022417,281,143,138
E00022418,257,148,109
E00022425,344,197,147
E00022174,336,175,161
E00171719,396,188,208
E00171722,235,110,125
E00185679,513,279,234
E00185742,150,83,67
E00022159,285,141,144
E00022160,302,163,139
E00022178,437,227,210
E00022182,375,196,179
E00022188,228,119,109
E00022190,218,107,111
E00022452,365,203,162
E00022454,379,200,179
E00022467,579,325,254
E00022472,269,123,146
E00022473,141,66,75
E00022457,209,107,102
E00022458,316,174,142
E00022459,410,198,212
E00022460,513,287,226
E00022464,476,263,213
E00022449,385,197,188
E00022462,325,169,156
E00022463,272,134,138
E00022466,500,239,261
E00022470,191,91,100
E00022450,387,199,188
E00022451,427,203,224
E00022461,306,147,159
E00022468,326,171,155
E00022469,328,175,153
E00022083,406,227,179
E00022085,328,206,122
E00022086,487,271,216
E00022090,364,188,176
E00022113,360,193,167
E00022115,382,215,167
E00022084,209,106,103
E00022109,311,172,139
E00022111,246,122,124
E00022116,285,153,132
E00171727,97,50,47
E00171732,119,56,63
E00185670,423,210,213
E00022121,438,205,233
E00022144,341,174,167
E00022146,322,169,153
E00022147,349,175,174
E00185674,126,67,59
E00185691,278,150,128
E00185767,267,125,142
E00185800,247,117,130
E00022117,357,196,161
E00022125,217,110,107
E00022150,288,150,138
E00022151,304,163,141
E00022152,269,141,128
E00171721,349,183,166
E00185707,455,221,234
E00185826,613,337,276
E00022410,311,156,155
E00022411,289,142,147
E00022435,345,163,182
E00022440,354,178,176
E00022442,259,131,128
E00185843,457,227,230
E00185699,362,176,186
E00185747,151,77,74
E00185772,793,428,365
E00185802,115,57,58
E00185819,230,115,115
E00022154,524,266,258
E00022161,275,156,119
E00022163,302,152,150
E00022165,363,192,171
E00022191,323,173,150
E00022477,383,196,187
E00022478,462,227,235
E00022479,377,208,169
E00022482,382,175,207
E00022448,246,132,114
E00022455,299,168,131
E00022481,339,175,164
E00022483,505,259,246
E00022485,330,181,149
E00022447,388,208,180
E00022456,285,146,139
E00022476,399,206,193
E00022480,390,210,180
E00022484,392,206,186
E00022486,499,258,241
E00022453,387,191,196
E00022465,341,191,150
E00022471,350,166,184
E00022474,445,223,222
E00022475,259,130,129
E00022155,405,207,198
E00022166,445,215,230
E00022167,229,117,112
E00022169,354,171,183
E00022170,415,195,220
E00022172,320,171,149
E00022173,443,236,207
E00022175,253,128,125
E00022176,375,187,188
E00022177,343,178,165
E00022158,370,216,154
E00022181,236,132,104
E00022183,257,138,119
E00022184,339,173,166
E00022185,369,185,184
E00022186,201,103,98
E00022153,373,188,185
E00022162,315,162,153
E00022187,348,180,168
E00022189,581,301,280
E00022192,364,172,192
E00022352,439,196,243
E00022354,531,266,265
E00022357,513,252,261
E00185759,515,260,255
E00185760,239,122,117
E00022348,398,202,196
E00022360,409,203,206
E00022364,377,187,190
E00022369,377,186,191
E00022372,300,154,146
E00022079,278,142,136
E00022080,433,216,217
E00022087,414,212,202
E00022108,313,152,161
E00022114,375,185,190
E00171483,461,232,229
E00171730,293,151,142
E00022082,364,180,184
E00022089,393,204,189
E00022091,287,143,144
E00022092,338,162,176
E00022093,303,163,140
E00022095,319,176,143
E00022078,333,168,165
E00022106,405,211,194
E00022107,391,187,204
E00022110,333,172,161
E00022112,587,307,280
E00185717,265,136,129
E00185766,165,78,87
E00185783,425,203,222
E00022351,202,105,97
E00022356,594,297,297
E00022358,409,214,195
E00022359,411,221,190
E00022368,527,266,261
E00185684,222,107,115
E00185807,358,173,185
E00185820,100,45,55
E00022346,460,230,230
E00022347,430,219,211
E00022361,434,225,209
E00022363,344,188,156
E00185678,372,213,159
E00185743,334,182,152
E00185794,296,150,146
E00022077,354,177,177
E00022094,356,184,172
E00022096,306,159,147
E00022097,314,163,151
E00022098,372,186,186
E00022228,336,174,162
E00022234,513,244,269
E00022264,547,270,277
E00022265,415,191,224
E00022267,322,151,171
E00022345,332,158,174
E00022353,321,163,158
E00022366,522,260,262
E00022367,351,170,181
E00022370,560,297,263
E00022341,443,205,238
E00022349,407,212,195
E00022362,453,235,218
E00022371,385,194,191
E00022375,245,134,111
E00022342,397,230,167
E00022343,386,191,195
E00022344,453,240,213
E00022373,383,189,194
E00022374,273,146,127
E00021944,448,211,237
E00021945,392,209,183
E00021965,366,172,194
E00021969,460,240,220
E00021949,467,229,238
E00021954,492,247,245
E00021966,360,176,184
E00021970,305,156,149
E00021972,359,203,156
E00021952,420,221,199
E00021953,338,178,160
E00021955,462,209,253
E00021956,434,219,215
E00021964,282,133,149
E00021957,362,164,198
E00021958,394,186,208
E00021959,460,228,232
E00021961,392,185,207
E00021942,374,183,191
E00021960,491,252,239
E00021962,302,157,145
E00021963,415,205,210
E00185714,387,186,201
E00185728,479,226,253
E00021946,543,263,280
E00021971,431,210,221
E00171484,538,232,306
E00171486,438,225,213
E00171488,279,159,120
E00171724,313,166,147
E00022156,453,234,219
E00022164,422,208,214
E00022168,404,200,204
E00022171,435,217,218
E00022258,384,208,176
E00022259,437,217,220
E00022260,315,144,171
E00022261,601,287,314
E00022262,521,218,303
E00022230,464,232,232
E00022236,402,195,207
E00022244,370,169,201
E00022263,408,209,199
E00022266,458,228,230
E00022281,415,231,184
E00185672,464,239,225
E00185710,376,206,170
E00022287,617,329,288
E00022288,376,196,180
E00022290,448,228,220
E00171494,487,243,244
E00021941,343,169,174
E00021947,311,158,153
E00021950,340,162,178
E00021951,328,169,159
E00021967,288,153,135
E00022317,311,173,138
E00022331,254,130,124
E00022332,328,170,158
E00022337,359,180,179
E00022340,277,153,124
E00022313,326,161,165
E00022314,339,167,172
E00022316,365,188,177
E00022318,392,194,198
E00022319,370,192,178
E00022308,323,154,169
E00022321,275,142,133
E00022323,331,171,160
E00022325,348,188,160
E00022327,359,202,157
E00022333,269,133,136
E00022334,316,165,151
E00022335,325,155,170
E00022338,368,171,197
E00022339,264,141,123
E00022239,460,229,231
E00022248,441,203,238
E00022250,382,178,204
E00185675,507,250,257
E00185701,236,117,119
E00185709,314,181,133
E00185724,308,151,157
E00022229,544,240,304
E00022247,361,164,197
E00022251,198,88,110
E00022254,380,215,165
E00185782,488,276,212
E00185829,146,80,66
E00022235,400,209,191
E00022238,337,164,173
E00022240,574,292,282
E00022242,332,172,160
E00022243,345,187,158
E00022237,399,208,191
E00022241,334,157,177
E00022246,364,182,182
E00022252,328,169,159
E00022253,409,225,184
E00022232,397,196,201
E00022233,347,169,178
E00022249,332,181,151
E00022255,352,176,176
E00022256,326,150,176
E00022257,222,115,107
E00021989,314,165,149
E00021993,368,192,176
E00021996,323,163,160
E00021997,347,182,165
E00022000,406,212,194
E00021977,365,185,180
E00021991,288,147,141
E00021992,281,149,132
E00021995,449,250,199
E00185689,466,243,223
E00185720,257,132,125
E00021973,323,157,166
E00021974,404,213,191
E00021994,294,156,138
E00022001,342,166,176
E00022004,282,148,134
E00022280,441,234,207
E00022289,445,219,226
E00022292,387,205,182
E00022293,304,152,152
E00022294,356,175,181
E00022268,398,209,189
E00022269,611,302,309
E00022295,379,180,199
E00022297,333,160,173
E00022300,427,217,210
E00021789,501,260,241
E00021790,442,211,231
E00021791,324,168,156
E00021792,426,207,219
E00021793,280,160,120
E00021794,222,117,105
E00021795,331,178,153
E00021797,353,174,179
E00185713,445,112,333
E00185741,261,72,189
E00022322,373,177,196
E00022324,308,160,148
E00022326,350,171,179
E00022336,384,193,191
E00171489,255,130,125
E00171491,182,95,87
E00171725,290,152,138
E00022310,510,262,248
E00022312,321,161,160
E00022320,351,178,173
E00022330,170,83,87
E00171492,356,188,168
E00171503,131,73,58
E00171506,224,106,118
E00022307,526,263,263
E00022309,428,213,215
E00022311,333,162,171
E00022329,240,120,120
E00021978,384,191,193
E00021979,420,213,207
E00021998,477,245,232
E00022002,367,185,182
E00021999,319,167,152
E00022003,481,222,259
E00022005,410,190,220
E00022006,294,144,150
E00022009,297,152,145
E00021975,424,216,208
E00021980,360,194,166
E00021984,370,182,188
E00022007,434,214,220
E00022008,380,200,180
E00021976,388,190,198
E00021981,501,258,243
E00021982,329,183,146
E00022010,385,212,173
E00022011,330,160,170
E00021983,379,201,178
E00021985,283,121,162
E00021986,430,221,209
E00021987,303,141,162
E00021988,499,235,264
E00021808,366,185,181
E00021821,342,168,174
E00021823,285,115,170
E00021825,275,140,135
E00021828,287,126,161
E00022270,343,196,147
E00022272,533,277,256
E00022298,413,222,191
E00022299,418,231,187
E00022301,388,207,181
E00022271,492,257,235
E00022303,258,152,106
E00022304,299,148,151
E00022305,451,217,234
E00022306,332,179,153
E00022273,529,255,274
E00022278,392,180,212
E00022279,351,169,182
E00185680,141,73,68
E00185730,374,183,191
E00185774,240,120,120
E00185801,278,137,141
E00185809,224,119,105
E00185828,145,76,69
E00022274,453,225,228
E00022275,469,238,231
E00022291,484,244,240
E00022296,417,202,215
E00022302,323,187,136
E00021826,162,79,83
E00021827,426,226,200
E00021830,308,160,148
E00021833,376,219,157
E00021836,468,254,214
E00021829,326,162,164
E00021831,242,126,116
E00021832,296,153,143
E00021834,289,151,138
E00021835,286,151,135
E00021837,302,145,157
E00021807,360,171,189
E00021824,492,248,244
E00171505,514,228,286
E00185735,412,194,218
E00185795,241,106,135
E00021809,337,172,165
E00021811,406,193,213
E00021812,417,197,220
E00021813,388,196,192
E00021838,335,170,165
E00021814,417,215,202
E00021815,251,142,109
E00021817,458,218,240
E00021819,494,266,228
E00021822,261,143,118
E00021805,264,128,136
E00021816,161,74,87
E00021818,406,199,207
E00021820,359,199,160
E00185751,438,202,236
E00185803,306,128,178
E00021796,349,196,153
E00021800,275,136,139
E00021802,195,93,102
E00185695,281,157,124
E00185827,406,238,168
E00021769,438,218,220
E00021770,369,182,187
E00021776,401,187,214
E00021783,394,199,195
E00021801,268,134,134
E00021773,324,152,172
E00021774,352,177,175
E00021775,384,196,188
E00021777,336,175,161
E00021779,413,208,205
E00021768,488,256,232
E00021803,259,129,130
E00171508,347,176,171
E00171509,275,148,127
E00171511,307,162,145
E00021772,236,114,122
E00021778,352,168,184
E00021780,201,88,113
E00021781,268,149,119
E00021784,319,168,151
E00021804,279,147,132
E00021782,458,230,228
E00021785,210,106,104
E00021786,391,186,205
E00021787,471,229,242
E00021788,414,162,252
E00022952,209,114,95
E00022958,234,107,127
E00022959,352,180,172
E00022992,281,146,135
E00022995,408,213,195
E00022998,228,121,107
E00022999,222,119,103
E00022977,259,136,123
E00022978,251,133,118
E00022979,214,121,93
E00022983,341,149,192
E00022984,365,205,160
E00022987,248,134,114
E00023052,262,143,119
E00023055,332,147,185
E00023057,466,219,247
E00023060,421,228,193
E00023068,319,179,140
E00170942,191,100,91
E00171061,212,108,104
E00023047,193,107,86
E00023053,226,116,110
E00023054,294,152,142
E00023056,417,246,171
E00023059,257,141,116
E00023061,325,189,136
E00022812,405,213,192
E00022844,276,142,134
E00022846,244,138,106
E00022847,259,139,120
E00022848,352,189,163
E00022852,258,130,128
E00022855,295,149,146
E00022845,235,127,108
E00022849,423,229,194
E00022850,377,187,190
E00022851,337,170,167
E00022853,390,193,197
E00022854,265,147,118
E00022856,207,112,95
E00023044,216,126,90
E00023048,241,124,117
E00023065,354,195,159
E00023066,409,209,200
E00023074,366,186,180
E00023076,266,146,120
E00023058,410,238,172
E00023062,278,138,140
E00023064,315,178,137
E00023069,401,225,176
E00023070,322,174,148
E00023073,335,178,157
E00023075,497,239,258
E00023081,190,107,83
E00023083,276,150,126
E00023086,229,112,117
E00023089,349,168,181
E00023045,338,182,156
E00023079,359,205,154
E00023080,252,131,121
E00023082,310,173,137
E00023087,281,160,121
E00023088,250,123,127
E00023091,323,184,139
E00023063,291,156,135
E00023067,336,186,150
E00023071,370,223,147
E00023072,292,159,133
E00023077,231,119,112
E00023084,264,143,121
E00023046,257,137,120
E00171079,205,105,100
E00183156,297,142,155
E00183159,169,99,70
E00183169,369,223,146
E00183183,395,207,188
E00183186,194,94,100
E00023085,264,153,111
E00171069,225,104,121
E00171072,198,84,114
E00171074,232,106,126
E00171075,275,124,151
E00171071,277,147,130
E00171085,346,166,180
E00183150,278,147,131
E00183176,296,142,154
E00190144,265,126,139
E00183122,155,82,73
E00183123,190,102,88
E00183133,232,119,113
E00183174,232,113,119
E00183195,305,156,149
E00183222,213,97,116
E00022961,294,150,144
E00022965,291,153,138
E00022967,267,146,121
E00022968,279,157,122
E00022969,260,132,128
E00022970,270,145,125
E00023092,307,166,141
E00023112,318,164,154
E00023113,338,162,176
E00023114,264,142,122
E00023117,294,145,149
E00023118,331,152,179
E00023124,401,205,196
E00023127,279,154,125
E00023128,277,146,131
E00023130,267,140,127
E00023131,410,226,184
E00023134,267,136,131
E00023093,294,163,131
E00023115,328,176,152
E00023119,267,132,135
E00023120,252,145,107
E00023121,272,141,131
E00023123,272,148,124
E00023191,345,179,166
E00023218,242,125,117
E00023220,299,165,134
E00023222,300,164,136
E00023232,377,182,195
E00023209,295,152,143
E00023210,237,121,116
E00023211,285,154,131
E00023213,373,204,169
E00023216,334,171,163
E00023219,296,164,132
E00023212,260,131,129
E00023214,245,120,125
E00023215,295,142,153
E00023217,273,149,124
E00023221,304,168,136
E00023228,296,151,145
E00023190,308,178,130
E00023192,256,128,128
E00023197,286,163,123
E00023227,280,149,131
E00023231,242,136,106
E00023233,257,127,130
E00023189,354,195,159
E00023223,268,132,136
E00023224,293,157,136
E00023225,262,133,129
E00023226,204,116,88
E00023229,290,149,141
E00022824,339,182,157
E00022826,353,189,164
E00022827,356,208,148
E00022830,392,198,194
E00022833,421,243,178
E00022831,235,126,109
E00022834,338,190,148
E00022835,249,133,116
E00022836,483,261,222
E00022838,473,251,222
E00022840,293,145,148
E00022839,415,230,185
E00022841,277,135,142
E00022843,435,235,200
E00170948,282,150,132
E00171077,249,126,123
E00183191,255,116,139
E00183208,247,128,119
E00183219,319,160,159
E00022815,370,203,167
E00022816,259,144,115
E00022817,353,189,164
E00022818,284,148,136
E00022820,191,108,83
E00022822,239,133,106
E00022813,405,210,195
E00022814,335,189,146
E00022819,381,220,161
E00022857,437,232,205
E00022858,362,200,162
E00022821,475,294,181
E00022823,370,188,182
E00022825,321,184,137
E00022828,326,161,165
E00022829,535,244,291
E00022832,323,164,159
E00022914,478,238,240
E00022916,325,169,156
E00022919,318,162,156
E00022921,220,111,109
E00022922,326,179,147
E00022924,305,153,152
E00023116,255,147,108
E00023122,342,195,147
E00023125,304,166,138
E00023126,360,179,181
E00023129,287,163,124
E00023132,278,162,116
E00023096,415,196,219
E00023098,277,125,152
E00023100,377,208,169
E00023107,264,136,128
E00023110,334,186,148
E00023133,349,176,173
E00022920,296,138,158
E00022925,209,98,111
E00022928,427,209,218
E00022929,317,176,141
E00022932,407,206,201
E00022931,422,215,207
E00022933,426,224,202
E00022936,400,197,203
E00022938,398,208,190
E00023094,334,186,148
E00023101,369,185,184
E00023106,343,185,158
E00023108,266,134,132
E00023111,334,174,160
E00023138,249,128,121
E00023097,290,158,132
E00023103,262,142,120
E00023104,348,165,183
E00023109,273,143,130
E00023136,348,170,178
E00023137,303,147,156
E00023095,422,221,201
E00023099,298,162,136
E00023102,290,147,143
E00023105,300,149,151
E00023135,487,227,260
E00022680,260,134,126
E00022688,255,140,115
E00022693,257,134,123
E00022696,265,148,117
E00022698,255,136,119
E00022723,297,155,142
E00023193,281,141,140
E00023198,329,169,160
E00023200,260,140,120
E00023201,373,192,181
E00023206,403,203,200
E00023196,327,160,167
E00023199,272,150,122
E00023202,365,195,170
E00023203,318,176,142
E00023205,299,159,140
E00170900,328,184,144
E00171086,226,119,107
E00023204,380,197,183
E00023207,429,229,200
E00023208,379,194,185
E00170901,266,130,136
E00171060,209,106,103
E00183141,219,104,115
E00183147,425,218,207
E00183181,248,138,110
E00183203,205,100,105
E00183206,133,67,66
E00022710,287,142,145
E00171051,173,89,84
E00171058,410,214,196
E00183102,370,196,174
E00170902,244,126,118
E00183111,220,113,107
E00183120,310,150,160
E00183145,179,87,92
E00183173,202,102,100
E00183189,222,103,119
E00190145,309,156,153
E00022681,188,103,85
E00022686,207,114,93
E00022692,402,215,187
E00183112,243,108,135
E00183130,211,110,101
E00183153,209,126,83
E00183200,192,96,96
E00022626,285,157,128
E00022631,378,196,182
E00022667,468,247,221
E00022668,304,170,134
E00022669,352,178,174
E00022674,431,222,209
E00023370,316,170,146
E00023371,381,211,170
E00023373,307,161,146
E00023378,372,190,182
E00023375,310,168,142
E00023395,168,96,72
E00023397,295,150,145
E00023398,306,162,144
E00023400,323,157,166
E00023409,308,160,148
E00023368,282,145,137
E00023401,229,120,109
E00023403,285,153,132
E00023404,319,176,143
E00023405,287,147,140
E00023410,278,138,140
E00023396,291,153,138
E00023399,277,166,111
E00023402,275,144,131
E00023406,357,201,156
E00023407,387,215,172
E00023408,301,165,136
E00022679,304,152,152
E00022712,330,165,165
E00022713,293,146,147
E00022714,423,225,198
E00022718,293,148,145
E00022722,359,177,182
E00022685,280,144,136
E00022690,297,158,139
E00022694,251,119,132
E00022717,202,99,103
E00022720,518,269,249
E00022721,295,167,128
E00022684,323,173,150
E00022689,295,152,143
E00022691,288,145,143
E00022695,320,167,153
E00022709,270,139,131
E00022719,323,157,166
E00022678,337,181,156
E00022711,406,219,187
E00022716,309,174,135
E00170951,161,96,65
E00170953,200,103,97
E00171049,272,161,111
E00022910,389,211,178
E00022911,274,147,127
E00022912,143,76,67
E00171055,306,158,148
E00183105,456,248,208
E00023008,421,213,208
E00023009,382,201,181
E00170903,731,510,221
E00170904,230,125,105
E00023004,358,182,176
E00023038,550,329,221
E00023039,397,230,167
E00023040,416,240,176
E00023041,397,221,176
E00023032,525,256,269
E00023033,386,211,175
E00023034,355,199,156
E00023035,284,132,152
E00023036,338,160,178
E00023002,339,181,158
E00023003,263,127,136
E00023037,358,195,163
E00023042,384,186,198
E00023043,261,142,119
E00022630,175,90,85
E00022634,343,181,162
E00022642,304,165,139
E00022644,271,134,137
E00022653,269,140,129
E00183138,205,106,99
E00183146,160,86,74
E00183196,200,108,92
E00022629,281,165,116
E00022636,260,136,124
E00022639,389,222,167
E00022672,305,182,123
E00022675,301,162,139
E00022632,237,121,116
E00022645,226,130,96
E00022648,277,143,134
E00022651,316,168,148
E00022652,339,188,151
E00022654,305,167,138
E00022657,301,175,126
E00022658,285,149,136
E00022660,271,145,126
E00022661,237,127,110
E00022665,279,145,134
E00022666,244,130,114
E00022627,272,138,134
E00022633,204,108,96
E00022638,263,138,125
E00022676,236,114,122
E00022677,469,257,212
E00183177,263,140,123
E00183193,257,139,118
E00183194,349,189,160
E00183204,272,142,130
E00022915,215,113,102
E00022917,308,152,156
E00022923,271,146,125
E00022926,309,151,158
E00022927,368,204,164
E00022935,290,160,130
E00022939,327,176,151
E00022940,418,210,208
E00022944,363,195,168
E00022945,285,137,148
E00022946,332,194,138
E00022937,408,216,192
E00022942,408,208,200
E00022947,297,162,135
E00022948,373,174,199
E00022949,360,190,170
E00022907,326,196,130
E00022909,308,168,140
E00022950,448,230,218
E00022951,387,205,182
E00023278,307,152,155
E00023280,321,168,153
E00023286,401,213,188
E00023294,326,178,148
E00023011,367,197,170
E00023014,409,213,196
E00023017,277,139,138
E00023021,278,133,145
E00023026,351,191,160
E00023369,338,181,157
E00023372,301,159,142
E00023374,359,190,169
E00023376,324,189,135
E00023377,431,218,213
E00023411,356,184,172
E00023384,271,139,132
E00023386,287,152,135
E00023387,490,262,228
E00023388,405,237,168
E00023390,579,304,275
E00023392,317,180,137
E00023379,282,153,129
E00023380,251,132,119
E00023381,358,198,160
E00023394,417,223,194
E00170907,226,121,105
E00170908,386,201,185
E00170909,585,309,276
E00023382,319,152,167
E00023383,464,250,214
E00023385,330,175,155
E00023389,360,191,169
E00023391,336,184,152
E00023393,305,161,144
E00022487,398,191,207
E00022508,440,233,207
E00022509,338,162,176
E00022513,160,83,77
E00022516,321,169,152
E00022507,348,191,157
E00022510,432,215,217
E00022511,412,200,212
E00022514,373,192,181
E00022491,344,180,164
E00022518,273,127,146
E00022524,243,123,120
E00022525,363,185,178
E00022527,289,152,137
E00022898,341,171,170
E00022900,237,114,123
E00022901,228,124,104
E00022902,177,115,62
E00183104,378,204,174
E00022908,345,163,182
E00022930,302,173,129
E00022934,384,196,188
E00022941,359,176,183
E00022943,333,165,168
E00022581,361,184,177
E00022612,413,211,202
E00022613,295,159,136
E00022614,305,158,147
E00022615,412,209,203
E00022699,279,134,145
E00022700,326,167,159
E00022704,269,154,115
E00022706,313,155,158
E00022707,379,200,179
E00022708,368,190,178
E00023155,242,136,106
E00023156,259,134,125
E00023157,223,128,95
E00023158,474,237,237
E00170920,285,144,141
E00170921,282,143,139
E00183132,431,212,219
E00183217,267,139,128
E00170918,217,112,105
E00183110,248,123,125
E00183129,199,110,89
E00183171,220,105,115
E00183192,175,108,67
E00183199,245,127,118
E00183209,256,135,121
E00190146,240,124,116
E00023149,299,148,151
E00023151,234,129,105
E00023152,390,211,179
E00023153,421,198,223
E00022616,328,185,143
E00022618,261,145,116
E00022619,461,291,170
E00022620,321,167,154
E00022621,303,150,153
E00170914,138,80,58
E00170915,135,77,58
E00022697,295,143,152
E00022701,308,154,154
E00022702,251,138,113
E00022703,305,160,145
E00022705,292,150,142
E00023284,277,141,136
E00023313,239,124,115
E00023315,244,124,120
E00023317,250,125,125
E00023318,321,155,166
E00023319,365,184,181
E00023283,364,192,172
E00023288,410,194,216
E00023305,351,197,154
E00023314,304,151,153
E00023316,291,157,134
E00023279,362,205,157
E00023281,353,192,161
E00023282,306,152,154
E00023287,315,162,153
E00023291,437,225,212
E00023306,285,158,127
E00023307,357,184,173
E00023309,334,169,165
E00023310,321,172,149
E00023311,290,160,130
E00022635,212,112,100
E00022637,229,121,108
E00022640,312,161,151
E00022641,314,175,139
E00022647,240,129,111
E00022673,304,161,143
E00022643,334,174,160
E00022646,325,174,151
E00022655,344,170,174
E00022656,324,169,155
E00022659,313,166,147
E00022628,294,152,142
E00022650,384,172,212
E00022662,309,154,155
E00022663,261,125,136
E00022664,276,127,149
E00023161,342,175,167
E00023163,279,166,113
E00023166,327,181,146
E00023169,318,157,161
E00023170,434,239,195
E00023173,361,190,171
E00023174,329,178,151
E00023178,346,184,162
E00023180,290,147,143
E00023181,294,143,151
E00023338,402,197,205
E00023344,540,276,264
E00023355,317,175,142
E00023356,336,182,154
E00022488,450,243,207
E00022492,237,120,117
E00022493,338,173,165
E00022522,313,153,160
E00022529,444,238,206
E00022495,349,177,172
E00022499,398,211,187
E00022500,354,190,164
E00022502,397,214,183
E00183117,255,136,119
E00183124,265,144,121
E00022512,305,154,151
E00022515,215,123,92
E00022517,490,252,238
E00022519,256,130,126
E00022521,245,131,114
E00022530,302,175,127
E00022863,341,173,168
E00022867,297,155,142
E00022868,336,176,160
E00022903,251,132,119
E00022905,347,181,166
E00022862,328,183,145
E00022864,318,173,145
E00022865,370,204,166
E00022866,214,110,104
E00022904,307,167,140
E00023324,594,288,306
E00023337,440,218,222
E00170910,469,218,251
E00170911,362,177,185
E00170912,262,134,128
E00170913,214,107,107
E00023339,411,245,166
E00023340,307,165,142
E00023342,345,198,147
E00023343,400,206,194
E00023347,294,163,131
E00023341,573,295,278
E00023349,302,165,137
E00023350,452,232,220
E00023351,304,171,133
E00023358,253,142,111
E00023345,347,180,167
E00023346,314,186,128
E00023348,369,208,161
E00023352,285,160,125
E00023353,337,163,174
E00023005,623,335,288
E00023007,331,179,152
E00023010,390,197,193
E00023013,393,207,186
E00170905,260,131,129
E00170906,388,227,161
E00023015,421,221,200
E00023019,454,240,214
E00023020,327,177,150
E00023022,281,144,137
E00023025,447,241,206
E00023016,321,171,150
E00023018,486,251,235
E00023023,383,188,195
E00023024,301,156,145
E00023028,351,187,164
E00023001,468,256,212
E00023027,229,108,121
E00023029,264,133,131
E00023030,303,147,156
E00023031,417,215,202
E00022583,573,305,268
E00022622,447,250,197
E00022624,247,134,113
E00022625,318,168,150
E00022586,250,135,115
E00022587,235,131,104
E00022588,199,106,93
E00022589,409,211,198
E00022623,378,201,177
E00170916,243,129,114
E00170923,221,116,105
E00022582,400,203,197
E00022585,391,209,182
E00022591,305,166,139
E00022592,403,207,196
E00023285,249,132,117
E00023308,307,166,141
E00023312,223,118,105
E00183128,952,98,854
E00183190,118,62,56
E00023290,349,188,161
E00023292,306,170,136
E00023298,321,159,162
E00023300,291,150,141
E00023301,306,155,151
E00023140,311,163,148
E00023159,222,113,109
E00023160,353,178,175
E00023162,405,221,184
E00023164,334,171,163
E00023165,309,176,133
E00023141,361,191,170
E00023167,304,168,136
E00023168,230,131,99
E00023171,399,215,184
E00023172,267,147,120
E00023176,239,132,107
E00023175,279,155,124
E00023177,321,176,145
E00023179,316,164,152
E00023184,371,202,169
E00023185,258,143,115
E00023188,346,177,169
E00023142,306,168,138
E00023145,247,113,134
E00023147,341,183,158
E00023183,321,166,155
E00023186,236,117,119
E00183119,202,106,96
E00183161,316,146,170
E00183202,175,109,66
E00023143,278,140,138
E00023144,352,191,161
E00023146,312,166,146
E00023148,271,146,125
E00023187,353,182,171
E00022490,323,180,143
E00022494,372,212,160
E00022497,440,213,227
E00022498,353,183,170
E00022501,285,139,146
E00022489,287,143,144
E00022503,317,167,150
E00022504,298,147,151
E00022505,321,160,161
E00022506,291,144,147
E00022520,361,193,168
E00022523,351,199,152
E00022526,414,208,206
E00022528,325,163,162
E00022531,272,153,119
E00022536,278,141,137
E00022537,322,167,155
E00022577,312,170,142
E00022579,493,283,210
E00170956,271,148,123
E00170963,244,127,117
E00170965,180,102,78
E00022538,280,157,123
E00022539,316,167,149
E00022543,347,182,165
E00022545,237,121,116
E00022549,315,168,147
E00022550,267,126,141
E00022551,146,74,72
E00022553,250,127,123
E00022556,282,152,130
E00022561,215,101,114
E00022562,265,142,123
E00022871,432,229,203
E00022872,355,176,179
E00022873,274,148,126
E00022874,153,77,76
E00022875,349,181,168
E00022906,180,103,77
E00022869,399,205,194
E00022876,205,108,97
E00022881,282,166,116
E00170971,162,90,72
E00171037,168,84,84
E00171040,175,106,69
E00183127,155,82,73
E00183179,391,202,189
E00022878,184,105,79
E00022879,250,133,117
E00022880,254,147,107
E00022885,292,159,133
E00022887,298,144,154
E00022888,223,120,103
E00022889,265,136,129
E00022890,385,205,180
E00022892,258,141,117
E00022893,338,178,160
E00022896,416,218,198
E00023293,347,181,166
E00023295,330,176,154
E00023297,323,163,160
E00023299,315,169,146
E00023277,292,149,143
E00023296,337,183,154
E00023302,409,214,195
E00023303,265,142,123
E00023304,542,276,266
E00023320,289,150,139
E00023327,292,157,135
E00023329,312,169,143
E00023359,298,156,142
E00023361,324,173,151
E00023321,235,124,111
E00023331,334,187,147
E00023360,278,142,136
E00023362,301,167,134
E00023365,332,188,144
E00023354,374,190,184
E00023357,343,188,155
E00023363,360,186,174
E00023364,273,138,135
E00023366,312,154,158
E00023323,293,158,135
E00023325,321,164,157
E00023328,256,141,115
E00023332,358,182,176
E00023333,235,120,115
E00023322,284,148,136
E00023326,253,116,137
E00023330,295,160,135
E00023334,343,176,167
E00023335,290,162,128
E00022563,281,160,121
E00022568,281,140,141
E00022569,297,165,132
E00022570,263,140,123
E00022571,284,161,123
E00022572,233,145,88
E00022533,255,132,123
E00022552,355,199,156
E00022557,181,91,90
E00022558,270,140,130
E00022559,267,152,115
E00022877,354,193,161
E00022882,277,137,140
E00022884,223,129,94
E00022886,315,167,148
E00022891,255,134,121
E00022894,442,225,217
E00022895,210,107,103
E00022897,187,97,90
E00170957,194,92,102
E00170959,259,141,118
E00170967,251,130,121
E00171038,190,113,77
E00171065,305,146,159
E00022532,220,132,88
E00022573,203,108,95
E00022574,370,207,163
E00022575,430,220,210
E00022576,334,173,161
E00022540,256,139,117
E00022541,537,310,227
E00022542,328,163,165
E00022546,345,178,167
E00022547,266,136,130
E00022534,231,127,104
E00022535,266,136,130
E00022544,320,164,156
E00022548,239,121,118
E00022554,215,102,113
E00022555,220,119,101
E00022560,294,152,142
E00022564,264,132,132
E00022565,230,140,90
E00022566,269,145,124
E00022567,310,165,145
E00022599,331,178,153
E00022601,257,141,116
E00022603,345,175,170
E00022604,354,189,165
E00022605,277,144,133
E00022598,314,167,147
E00022606,356,184,172
E00022611,325,184,141
E00170926,193,114,79
E00170928,137,83,54
E00170929,285,174,111
E00183121,179,102,77
E00183167,499,322,177
E00183213,223,115,108
E00022580,369,196,173
E00022597,260,151,109
E00022607,244,140,104
E00022608,235,132,103
E00022609,314,166,148
E00022610,316,167,149
E00022590,224,108,116
E00022593,346,184,162
E00022594,331,175,156
E00022595,245,137,108
E00022596,274,145,129
E00022600,268,140,128
E00022773,299,175,124
E00022774,272,139,133
E00022803,309,168,141
E00022804,244,132,112
E00022806,316,179,137
E00023236,381,190,191
E00023258,378,212,166
E00023262,417,227,190
E00023267,371,209,162
E00023235,318,163,155
E00023237,387,223,164
E00023260,468,232,236
E00023264,428,215,213
E00023254,393,212,181
E00023255,330,181,149
E00023256,405,215,190
E00023257,383,204,179
E00022800,260,150,110
E00022801,248,131,117
E00022802,235,137,98
E00170931,417,226,191
E00170932,457,239,218
E00170934,146,87,59
E00022777,310,175,135
E00022778,276,159,117
E00022783,219,124,95
E00022807,296,143,153
E00022809,348,191,157
E00023240,489,236,253
E00023261,424,209,215
E00023269,528,288,240
E00023270,543,291,252
E00023238,456,234,222
E00023263,400,189,211
E00023268,277,157,120
E00023271,253,128,125
E00023275,308,154,154
E00023234,288,150,138
E00023239,405,212,193
E00023245,386,220,166
E00023272,343,171,172
E00023274,276,152,124
E00023276,276,156,120
E00023241,255,145,110
E00023246,269,140,129
E00023259,262,133,129
E00023265,306,175,131
E00023266,238,136,102
E00023273,314,176,138
E00023243,347,191,156
E00023244,433,230,203
E00023247,401,222,179
E00023249,393,221,172
E00023250,322,195,127
E00023242,465,247,218
E00023248,333,163,170
E00023251,333,181,152
E00023252,447,235,212
E00023253,332,196,136
E00022779,515,236,279
E00022784,306,156,150
E00022787,338,188,150
E00022805,363,194,169
E00022808,405,220,185
E00022768,311,164,147
E00022780,492,265,227
E00022781,408,200,208
E00022786,197,102,95
E00022789,366,194,172
E00022776,334,167,167
E00022782,249,147,102
E00022785,303,162,141
E00022810,378,224,154
E00022811,393,198,195
E00022775,515,252,263
E00022788,274,147,127
E00022790,347,190,157
E00022791,518,277,241
E00022769,253,115,138
E00022770,290,171,119
E00022771,342,171,171
E00022796,270,143,127
E00022799,302,167,135
E00170935,389,217,172
E00170937,258,151,107
E00022793,298,149,149
E00022794,335,162,173
E00022797,281,140,141
E00022798,312,151,161
E00170939,259,126,133
E00170940,262,125,137
E00022745,390,189,201
E00022747,380,184,196
E00022750,577,321,256
E00022752,402,211,191
E00022753,330,163,167
E00022755,327,155,172
E00022757,358,186,172
E00022761,414,221,193
E00022764,304,160,144
E00022727,317,165,152
E00022730,483,270,213
E00022744,367,177,190
E00022756,341,175,166
E00022758,249,142,107
E00022724,269,152,117
E00022759,469,252,217
E00022766,337,184,153
E00022767,327,170,157
E00022734,183,94,89
E00022735,185,101,84
E00022738,271,127,144
E00022741,306,158,148
E00022742,355,188,167
E00022754,335,170,165
E00022748,370,180,190
E00022749,349,165,184
E00022751,425,218,207
E00022760,600,315,285
E00022762,516,253,263
E00022728,456,255,201
E00022729,357,180,177
E00022765,411,220,191
E00170962,324,168,156
E00170970,267,145,122
E00171088,224,114,110
E00022726,366,189,177
E00022731,281,144,137
E00022732,349,170,179
E00022733,442,227,215
E00022763,289,152,137
E00022736,287,153,134
E00022737,341,183,158
E00022739,311,176,135
E00022740,185,97,88
E00022743,350,189,161
E00022746,367,217,150
E00170943,172,89,83
E00171043,196,100,96
E00171044,133,68,65
E00171080,118,61,57
E00183097,349,176,173
E00183170,125,73,52
E00183178,301,145,156
E00183212,314,158,156
E00022981,272,152,120
E00170968,161,86,75
E00171041,281,151,130
E00183096,241,118,123
E00183210,672,318,354
E00183218,411,205,206
E00183137,374,147,227
E00183149,260,132,128
E00183166,326,179,147
E00183188,295,137,158
E00183131,247,119,128
E00183136,244,134,110
E00183154,460,280,180
E00183163,226,126,100
E00183164,317,148,169
E00183114,349,174,175
E00183175,198,97,101
E00183197,236,114,122
E00183201,182,92,90
E00183214,250,123,127
E00022953,378,201,177
E00023000,411,209,202
E00170960,245,138,107
E00171063,295,148,147
E00183095,384,205,179
E00183106,465,228,237
E00022956,372,197,175
E00022960,286,154,132
E00022962,284,154,130
E00022963,254,141,113
E00022964,309,161,148
E00022966,366,188,178
E00022976,426,222,204
E00022980,380,184,196
E00022985,311,178,133
E00022988,227,116,111
E00022993,309,171,138
E00171046,260,143,117
E00171066,196,101,95
E00171068,257,140,117
E00022982,347,206,141
E00022989,223,114,109
E00022994,258,138,120
E00183107,254,127,127
E00183155,237,122,115
E00183162,285,152,133
E00183205,263,126,137
E00022954,323,161,162
E00022990,329,180,149
E00022991,324,180,144
E00022996,255,136,119
E00022997,373,225,148
E00023418,230,123,107
E00023436,278,154,124
E00023440,243,139,104
E00023442,203,108,95
E00023443,206,115,91
E00023446,232,126,106
E00023412,266,148,118
E00023432,220,112,108
E00023433,246,135,111
E00023437,119,67,52
E00023444,281,158,123
E00023449,276,147,129
E00023881,305,158,147
E00023886,308,161,147
E00023889,318,163,155
E00023890,263,120,143
E00023893,367,183,184
E00023894,334,168,166
E00023880,195,117,78
E00023885,226,129,97
E00023888,308,175,133
E00023922,207,104,103
E00023923,158,84,74
E00023924,155,84,71
E00023925,207,113,94
E00023434,418,226,192
E00023435,353,186,167
E00023438,293,150,143
E00023441,307,163,144
E00023445,351,171,180
E00023413,389,219,170
E00023415,357,182,175
E00023429,365,176,189
E00023439,422,224,198
E00023447,355,181,174
E00023448,433,225,208
E00023419,352,186,166
E00023422,381,205,176
E00023426,323,171,152
E00023427,206,106,100
E00023430,211,115,96
E00023431,344,175,169
E00023774,338,170,168
E00023787,270,147,123
E00023790,342,186,156
E00023791,608,284,324
E00023793,395,202,193
E00023788,214,132,82
E00023789,421,249,172
E00023792,464,188,276
E00023794,266,152,114
E00023795,396,223,173
E00023796,242,125,117
E00023414,119,69,50
E00023416,315,167,148
E00023421,230,130,100
E00023423,256,135,121
E00023424,220,113,107
E00023425,189,97,92
E00023428,259,135,124
E00175242,192,98,94
E00023883,303,172,131
E00023892,239,136,103
E00023899,187,95,92
E00023902,193,101,92
E00023903,158,90,68
E00190383,213,114,99
E00023887,206,101,105
E00023891,326,187,139
E00023895,193,105,88
E00023896,172,85,87
E00023897,227,110,117
E00023898,287,148,139
E00023905,281,165,116
E00023907,242,133,109
E00023910,261,146,115
E00023912,252,143,109
E00023914,251,126,125
E00023917,244,124,120
E00023918,205,102,103
E00023901,273,145,128
E00023906,197,103,94
E00023908,207,111,96
E00023909,175,98,77
E00023911,170,92,78
E00023913,466,243,223
E00023849,428,228,200
E00023856,370,222,148
E00023858,289,156,133
E00023862,414,217,197
E00023864,359,184,175
E00023852,382,213,169
E00023857,297,164,133
E00023873,361,188,173
E00023876,432,234,198
E00023879,354,190,164
E00023854,414,224,190
E00023855,414,225,189
E00023874,324,156,168
E00023875,351,188,163
E00190411,380,193,187
E00190442,384,209,175
E00023860,266,149,117
E00023861,296,159,137
E00023863,322,169,153
E00023865,377,194,183
E00023866,298,145,153
E00023867,324,190,134
E00023851,354,180,174
E00023853,328,164,164
E00023872,552,272,280
E00023878,557,276,281
E00175260,263,140,123
E00175261,315,153,162
E00175262,316,165,151
E00023585,378,219,159
E00023586,432,228,204
E00023597,258,139,119
E00023598,405,210,195
E00023601,431,211,220
E00023599,226,121,105
E00023603,427,241,186
E00023604,475,240,235
E00023610,265,129,136
E00023612,455,247,208
E00175237,220,102,118
E00175238,283,141,142
E00023587,334,196,138
E00023588,365,215,150
E00023591,318,197,121
E00023615,324,167,157
E00023616,377,203,174
E00023589,277,151,126
E00023590,330,172,158
E00023592,402,208,194
E00023593,394,189,205
E00023595,561,295,266
E00023596,323,150,173
E00023606,479,270,209
E00023611,265,142,123
E00023613,258,144,114
E00175232,323,180,143
E00175234,204,112,92
E00175236,123,70,53
E00023859,283,141,142
E00023869,351,210,141
E00023870,543,299,244
E00023871,374,200,174
E00175233,272,131,141
E00175235,410,225,185
E00023600,228,111,117
E00023602,183,98,85
E00023605,251,134,117
E00023608,229,128,101
E00023609,281,148,133
E00023614,325,159,166
E00023777,292,145,147
E00023779,310,173,137
E00023784,186,99,87
E00023806,242,131,111
E00023807,213,114,99
E00023808,231,132,99
E00023781,267,135,132
E00023782,277,132,145
E00023785,204,102,102
E00023803,256,122,134
E00023805,272,150,122
E00023809,327,158,169
E00023810,240,114,126
E00023780,210,113,97
E00023783,224,116,108
E00023786,274,119,155
E00023797,300,170,130
E00023802,268,152,116
E00023804,260,143,117
E00024087,259,121,138
E00024088,240,126,114
E00024090,141,72,69
E00024093,278,146,132
E00024094,328,167,161
E00024095,271,148,123
E00023765,413,224,189
E00023766,214,97,117
E00175244,259,130,129
E00175246,227,125,102
E00175259,197,114,83
E00175264,229,112,117
E00023745,281,153,128
E00023746,469,251,218
E00023747,260,130,130
E00023755,291,155,136
E00023758,160,82,78
E00023759,160,91,69
E00023761,373,198,175
E00023750,264,125,139
E00023751,147,67,80
E00023767,204,104,100
E00023769,221,100,121
E00023770,111,50,61
E00023771,153,80,73
E00023773,148,74,74
E00023775,165,88,77
E00023776,192,108,84
E00023778,152,81,71
E00023798,276,150,126
E00023799,221,112,109
E00023800,198,97,101
E00023801,487,243,244
E00023744,262,135,127
E00023748,317,168,149
E00023749,420,201,219
E00023752,206,93,113
E00023753,286,148,138
E00023768,130,63,67
E00023772,709,381,328
E00175243,145,79,66
E00175245,177,89,88
E00175247,128,63,65
E00023511,159,83,76
E00023512,194,98,96
E00023513,118,61,57
E00023514,227,125,102
E00023517,391,183,208
E00023518,245,139,106
E00023519,295,151,144
E00023516,193,95,98
E00023520,240,122,118
E00023521,229,129,100
E00023522,363,197,166
E00023524,133,74,59
E00023526,271,151,120
E00023813,274,139,135
E00023815,235,115,120
E00023822,209,114,95
E00023828,245,123,122
E00023830,222,105,117
E00023836,262,126,136
E00023884,154,90,64
E00023904,176,103,73
E00023916,150,73,77
E00023919,291,157,134
E00023920,159,90,69
E00023921,178,91,87
E00175210,210,107,103
E00175211,227,108,119
E00023564,528,279,249
E00023580,327,169,158
E00023581,458,257,201
E00175221,338,179,159
E00175263,344,188,156
E00175268,388,214,174
E00175274,327,180,147
E00023754,461,231,230
E00023756,360,197,163
E00023757,130,84,46
E00023760,376,215,161
E00023762,556,300,256
E00023763,423,236,187
E00023764,503,255,248
E00175220,374,214,160
E00175265,368,216,152
E00175271,223,121,102
E00175272,403,225,178
E00023567,341,168,173
E00023573,297,157,140
E00175266,467,263,204
E00190435,255,111,144
E00190438,618,256,362
E00023569,352,212,140
E00023571,404,209,195
E00175269,217,132,85
E00175270,316,158,158
E00175273,235,139,96
E00023570,332,158,174
E00023577,459,228,231
E00023578,474,261,213
E00023572,316,144,172
E00023575,420,208,212
E00023579,445,203,242
E00023565,475,255,220
E00023566,462,242,220
E00023574,452,235,217
E00023576,251,113,138
E00024091,361,181,180
E00024097,361,193,168
E00024099,294,155,139
E00024100,385,195,190
E00024103,477,296,181
E00024089,352,176,176
E00024096,292,151,141
E00024098,293,140,153
E00175200,390,223,167
E00175275,274,146,128
E00175276,209,107,102
E00190402,327,153,174
E00190460,317,154,163
E00024075,383,207,176
E00024076,366,199,167
E00024104,389,193,196
E00024105,218,123,95
E00024106,302,173,129
E00024073,383,207,176
E00024079,228,130,98
E00024080,359,188,171
E00024101,332,169,163
E00024107,297,170,127
E00175201,206,104,102
E00175277,305,161,144
E00175279,276,152,124
E00024072,379,201,178
E00024074,319,174,145
E00024078,270,155,115
E00024081,270,136,134
E00023819,287,146,141
E00023820,138,70,68
E00023826,202,107,95
E00023827,190,93,97
E00023829,125,56,69
E00023837,149,77,72
E00023842,231,95,136
E00023834,426,228,198
E00023839,266,131,135
E00023840,113,70,43
E00023841,224,111,113
E00023843,209,93,116
E00023844,163,83,80
E00023845,261,129,132
E00023811,208,111,97
E00023816,137,74,63
E00023817,247,123,124
E00023821,160,92,68
E00023847,102,49,53
E00023848,185,89,96
E00023823,196,113,83
E00023825,127,65,62
E00023831,127,77,50
E00023832,182,92,90
E00023833,200,95,105
E00023835,143,84,59
E00023838,286,160,126
E00024117,190,101,89
E00024118,162,73,89
E00024135,217,117,100
E00024137,173,93,80
E00024140,257,127,130
E00175207,180,88,92
E00175218,244,95,149
E00175219,121,52,69
E00023488,287,129,158
E00023495,234,106,128
E00023503,113,51,62
E00023505,179,86,93
E00023506,217,104,113
E00023510,188,78,110
E00023500,305,172,133
E00023501,335,157,178
E00023504,172,84,88
E00023507,251,92,159
E00023508,184,89,95
E00023509,278,119,159
E00023487,200,99,101
E00023489,346,159,187
E00023490,582,309,273
E00023493,251,137,114
E00023494,364,197,167
E00023529,255,124,131
E00023486,193,93,100
E00023496,158,74,84
E00023515,162,78,84
E00023523,140,63,77
E00023525,178,92,86
E00023527,309,148,161
E00023528,183,87,96
E00023491,262,129,133
E00023492,149,75,74
E00023497,178,82,96
E00023498,243,113,130
E00023499,265,128,137
E00023502,321,165,156
E00023812,122,55,67
E00023814,534,255,279
E00023818,618,339,279
E00023824,254,119,135
E00023846,277,118,159
E00024121,310,154,156
E00024128,241,121,120
E00024133,235,95,140
E00024138,210,98,112
E00175193,242,102,140
E00175194,297,166,131
E00190423,270,131,139
E00190427,211,111,100
E00024122,262,130,132
E00024123,183,83,100
E00024124,372,182,190
E00024125,164,65,99
E00024126,197,96,101
E00024129,204,89,115
E00190450,219,124,95
E00190455,269,165,104
E00024108,388,234,154
E00024112,139,62,77
E00024134,325,122,203
E00024136,326,138,188
E00175192,218,113,105
E00175196,100,46,54
E00190391,219,111,108
E00190392,200,89,111
E00190393,274,120,154
E00023468,230,131,99
E00023470,252,131,121
E00023471,203,96,107
E00023472,478,147,331
E00023475,207,90,117
E00023478,389,207,182
E00023481,199,104,95
E00023456,231,137,94
E00023465,196,101,95
E00023466,308,156,152
E00023476,455,227,228
E00023477,335,188,147
E00023479,339,169,170
E00023480,212,122,90
E00023482,370,173,197
E00023454,252,107,145
E00023458,212,119,93
E00023459,245,137,108
E00023462,237,98,139
E00023464,193,94,99
E00023483,337,180,157
E00023485,107,65,42
E00175185,228,112,116
E00175188,154,78,76
E00024077,238,126,112
E00024083,267,132,135
E00024084,243,116,127
E00024085,594,297,297
E00024086,345,200,145
E00023450,315,182,133
E00023451,375,210,165
E00023455,234,121,113
E00023460,156,87,69
E00023461,289,161,128
E00023467,298,172,126
E00023484,228,120,108
E00023623,183,95,88
E00023624,163,85,78
E00023629,307,144,163
E00023632,181,89,92
E00023634,247,136,111
E00023639,162,99,63
E00023622,259,135,124
E00023628,222,121,101
E00023631,223,110,113
E00023637,262,153,109
E00023640,338,135,203
E00023641,188,90,98
E00023644,157,68,89
E00023647,462,208,254
E00023648,237,123,114
E00023650,177,97,80
E00023651,306,152,154
E00023617,675,311,364
E00023625,192,92,100
E00023627,180,86,94
E00023652,144,62,82
E00023656,208,112,96
E00190397,328,159,169
E00190398,177,88,89
E00190399,246,134,112
E00190400,362,180,182
E00190401,320,165,155
E00190465,298,152,146
E00023633,212,101,111
E00023646,179,96,83
E00023649,194,90,104
E00175186,247,151,96
E00175187,380,167,213
E00175215,290,214,76
E00023621,237,117,120
E00023626,225,114,111
E00023635,278,142,136
E00023643,218,97,121
E00023653,278,139,139
E00023655,190,87,103
E00175181,300,157,143
E00175182,114,61,53
E00023618,235,113,122
E00023620,384,176,208
E00023630,199,95,104
E00023636,282,126,156
E00023638,178,87,91
E00023699,152,82,70
E00023702,178,98,80
E00023725,354,169,185
E00023728,266,132,134
E00023733,263,133,130
E00023734,261,134,127
E00023708,172,87,85
E00023711,189,94,95
E00023712,205,118,87
E00023713,225,108,117
E00023717,176,110,66
E00023718,189,95,94
E00023719,187,86,101
E00023694,193,103,90
E00023695,328,165,163
E00023696,218,113,105
E00023726,202,101,101
E00023729,251,126,125
E00190382,291,146,145
E00023452,406,190,216
E00023453,205,111,94
E00023463,229,119,110
E00023469,343,196,147
E00023473,235,125,110
E00023474,196,111,85
E00023691,119,59,60
E00023704,173,91,82
E00023738,234,116,118
E00023739,250,129,121
E00023740,273,149,124
E00023741,162,70,92
E00023698,180,99,81
E00023700,201,103,98
E00023701,246,128,118
E00023703,213,113,100
E00023737,231,128,103
E00023692,203,100,103
E00023705,158,77,81
E00023706,234,132,102
E00023707,209,112,97
E00023709,238,139,99
E00023710,190,96,94
E00023715,221,130,91
E00023697,328,169,159
E00023720,261,130,131
E00023724,160,82,78
E00023730,227,111,116
E00175198,360,164,196
E00023714,250,120,130
E00023721,281,137,144
E00023723,205,111,94
E00023727,196,89,107
E00023731,230,132,98
E00023732,233,115,118
E00175197,116,59,57
E00175199,243,118,125
E00023928,261,123,138
E00023929,281,107,174
E00023931,248,113,135
E00023933,244,115,129
E00023934,224,91,133
E00023959,208,106,102
E00023960,225,87,138
E00023932,317,152,165
E00023955,236,104,132
E00023956,244,144,100
E00023957,170,86,84
E00023958,267,132,135
E00190420,193,104,89
E00190453,173,82,91
E00190454,197,91,106
E00190459,227,146,81
E00023935,183,73,110
E00023936,356,210,146
E00023937,204,94,110
E00023938,512,140,372
E00023939,211,91,120
E00024109,268,134,134
E00024113,201,95,106
E00024115,156,67,89
E00024116,173,83,90
E00190389,219,111,108
E00190390,188,92,96
E00023658,132,78,54
E00023659,122,70,52
E00023660,124,60,64
E00023663,125,72,53
E00023664,341,202,139
E00023665,163,90,73
E00023666,310,171,139
E00023661,169,89,80
E00023662,163,94,69
E00023670,214,118,96
E00023682,158,85,73
E00023688,119,63,56
E00023689,243,138,105
E00023668,114,62,52
E00023669,406,238,168
E00023671,138,76,62
E00023674,143,80,63
E00023690,126,67,59
E00190381,226,121,105
E00023672,205,110,95
E00023675,171,90,81
E00023676,181,81,100
E00023678,139,70,69
E00023679,164,93,71
E00023680,165,92,73
E00023681,401,210,191
E00023685,169,86,83
E00023686,173,82,91
E00175206,525,223,302
E00190379,329,166,163
E00190380,969,492,477
E00023941,221,109,112
E00023942,142,73,69
E00023943,305,165,140
E00023946,540,273,267
E00023948,390,180,210
E00175226,155,69,86
E00190384,249,135,114
E00023926,220,122,98
E00023944,193,111,82
E00023947,277,120,157
E00023949,209,115,94
E00023950,164,91,73
E00023951,241,110,131
E00023927,555,295,260
E00023945,496,199,297
E00023953,147,78,69
E00023954,235,122,113
E00175227,341,160,181
E00175228,141,76,65
E00175229,184,96,88
E00024004,274,141,133
E00024005,298,153,145
E00024008,276,181,95
E00024013,216,117,99
E00024014,201,101,100
E00024034,191,100,91
E00024006,331,168,163
E00024007,268,109,159
E00024031,247,170,77
E00024032,228,123,105
E00024033,146,67,79
E00023985,218,110,108
E00023986,154,77,77
E00023987,159,65,94
E00023988,169,85,84
E00023989,223,106,117
E00023990,251,130,121
E00023992,129,76,53
E00024010,302,150,152
E00024011,365,190,175
E00024016,191,106,85
E00024019,181,87,94
E00175253,288,166,122
E00175254,173,78,95
E00024009,138,90,48
E00024012,239,141,98
E00024017,201,105,96
E00024018,149,78,71
E00024020,259,134,125
E00024021,262,134,128
E00024002,464,232,232
E00024022,267,133,134
E00024023,339,179,160
E00024025,232,120,112
E00024028,243,123,120
E00190408,166,75,91
E00190409,470,220,250
E00024024,491,244,247
E00024026,229,125,104
E00175252,137,67,70
E00175257,416,211,205
E00024029,205,104,101
E00024030,394,198,196
E00175251,241,127,114
E00175255,174,81,93
E00175256,205,129,76
E00023967,156,78,78
E00023968,136,71,65
E00023969,129,70,59
E00023991,140,75,65
E00023996,178,90,88
E00175222,269,122,147
E00190387,249,115,134
E00024052,256,104,152
E00024055,179,95,84
E00024057,210,111,99
E00024058,408,214,194
E00024059,155,76,79
E00024060,194,102,92
E00175180,357,194,163
E00175239,140,62,78
E00175240,132,72,60
E00175241,154,75,79
E00024053,245,133,112
E00024056,230,113,117
E00024063,183,81,102
E00024065,170,88,82
E00024067,258,143,115
E00024068,443,111,332
E00024071,183,88,95
E00024036,167,82,85
E00024037,126,60,66
E00024039,242,131,111
E00024045,213,107,106
E00024062,156,88,68
E00024064,186,106,80
E00024066,122,66,56
E00024069,149,82,67
E00024038,185,90,95
E00024040,185,96,89
E00024041,257,99,158
E00024042,196,98,98
E00024043,261,131,130
E00024044,174,82,92
E00024046,227,96,131
E00024047,269,143,126
E00023537,249,130,119
E00023545,261,144,117
E00023547,256,117,139
E00023548,343,188,155
E00023550,310,161,149
E00024048,171,102,69
E00024050,141,95,46
E00024054,203,102,101
E00024061,199,105,94
E00024070,347,166,181
E00175278,274,157,117
E00190388,249,124,125
E00023541,191,95,96
E00023546,220,109,111
E00175217,286,150,136
E00175231,309,157,152
E00023539,377,217,160
E00190394,564,329,235
E00190395,360,210,150
E00023532,284,155,129
E00023533,207,109,98
E00023557,155,93,62
E00023558,201,111,90
E00023559,202,108,94
E00023560,163,88,75
E00023561,130,51,79
E00023562,204,130,74
E00190378,166,104,62
E00190418,278,150,128
E00190434,193,113,80
E00190446,143,82,61
E00023543,307,147,160
E00023549,297,162,135
E00023551,335,181,154
E00023554,263,132,131
E00023556,250,127,123
E00023538,344,174,170
E00023540,342,193,149
E00023542,226,113,113
E00023544,291,148,143
E00023552,237,132,105
E00023555,280,151,129
E00023972,233,112,121
E00023974,256,145,111
E00023978,112,56,56
E00023980,113,60,53
E00023982,277,164,113
E00190385,226,113,113
E00023963,120,55,65
E00023966,170,83,87
E00023971,141,82,59
E00023993,366,188,178
E00023994,156,80,76
E00023995,114,50,64
E00023999,221,99,122
E00023964,265,121,144
E00023965,276,152,124
E00023975,287,166,121
E00023977,133,71,62
E00023979,125,65,60
E00023981,152,81,71
E00175202,148,83,65
E00175203,136,80,56
E00175258,158,81,77
E00190386,335,183,152
E00081235,224,121,103
E00081236,400,198,202
E00081237,444,218,226
E00081238,273,135,138
E00081239,342,179,163
E00081269,309,138,171
E00081270,348,178,170
E00081271,342,189,153
E00081272,360,191,169
E00081273,371,194,177
E00081274,243,124,119
E00081275,389,212,177
E00081276,279,154,125
E00081277,412,206,206
E00081247,345,172,173
E00081253,442,225,217
E00081266,319,165,154
E00081268,186,101,85
E00189622,276,158,118
E00189755,212,111,101
E00189792,255,124,131
E00081599,349,171,178
E00081600,305,147,158
E00081601,346,172,174
E00081602,340,177,163
E00081591,294,154,140
E00081594,322,153,169
E00081603,381,190,191
E00081604,315,139,176
E00081619,165,80,85
E00081592,355,194,161
E00081593,339,173,166
E00081605,387,194,193
E00081606,298,157,141
E00081595,403,197,206
E00081596,390,193,197
E00081597,354,171,183
E00081598,379,195,184
E00081240,219,107,112
E00081241,200,106,94
E00081242,445,228,217
E00081243,287,137,150
E00081244,330,171,159
E00081245,386,196,190
E00081246,374,189,185
E00081250,263,130,133
E00081254,515,259,256
E00081256,259,137,122
E00081257,338,180,158
E00081258,354,185,169
E00081259,236,123,113
E00081261,289,160,129
E00081262,281,140,141
E00081264,259,130,129
E00081265,240,137,103
E00081267,292,163,129
E00081626,546,308,238
E00081628,378,194,184
E00167397,537,284,253
E00167398,307,159,148
E00189665,262,128,134
E00189687,351,173,178
E00189688,312,147,165
E00189693,301,166,135
E00081252,334,172,162
E00167395,397,203,194
E00189635,343,175,168
E00189643,327,157,170
E00189746,341,176,165
E00081260,266,144,122
E00081263,265,142,123
E00167396,551,278,273
E00189706,383,196,187
E00189758,377,210,167
E00081609,322,164,158
E00081611,305,158,147
E00081615,346,168,178
E00081616,380,193,187
E00081617,321,164,157
E00081618,281,156,125
E00081607,438,221,217
E00081608,571,291,280
E00081610,540,277,263
E00081613,340,174,166
E00081623,298,151,147
E00081622,299,169,130
E00167402,538,271,267
E00167406,572,311,261
E00081612,197,102,95
E00081614,264,136,128
E00081625,294,157,137
E00189645,252,108,144
E00189656,343,172,171
E00189678,177,98,79
E00081559,370,186,184
E00081564,314,167,147
E00081571,326,164,162
E00081572,378,192,186
E00081553,325,166,159
E00081560,329,175,154
E00081561,379,198,181
E00081562,371,190,181
E00081550,340,173,167
E00081576,243,133,110
E00081579,290,151,139
E00081580,330,158,172
E00081589,291,153,138
E00081551,323,168,155
E00081558,360,164,196
E00081578,331,163,168
E00081585,329,163,166
E00081588,337,177,160
E00081565,275,149,126
E00081568,307,157,150
E00081569,374,193,181
E00081573,296,152,144
E00081577,360,191,169
E00081552,403,213,190
E00081567,387,188,199
E00081570,267,140,127
E00081574,347,179,168
E00081586,311,174,137
E00081554,336,179,157
E00081563,312,157,155
E00081575,321,173,148
E00081581,305,163,142
E00081582,319,157,162
E00081557,471,245,226
E00081566,371,191,180
E00081584,373,171,202
E00081590,309,160,149
E00081549,422,210,212
E00081555,323,163,160
E00081556,328,164,164
E00081583,367,187,180
E00081587,359,174,185
E00081049,591,297,294
E00081066,314,171,143
E00081074,352,179,173
E00081079,322,159,163
E00081081,383,185,198
E00167404,333,162,171
E00167408,282,134,148
E00189636,342,180,162
E00189674,391,198,193
E00189703,250,125,125
E00189780,241,116,125
E00081432,408,217,191
E00081434,484,251,233
E00167399,317,153,164
E00167403,359,189,170
E00189760,263,133,130
E00081437,384,186,198
E00189630,923,275,648
E00189658,252,101,151
E00189734,412,196,216
E00189783,155,66,89
E00081438,225,117,108
E00081439,279,135,144
E00081440,327,162,165
E00081442,423,211,212
E00167409,137,78,59
E00189661,111,50,61
E00189763,141,63,78
E00081666,374,189,185
E00081669,365,193,172
E00081670,319,167,152
E00081671,341,164,177
E00081673,302,160,142
E00081633,230,119,111
E00081634,369,191,178
E00081640,329,177,152
E00081663,318,145,173
E00081665,318,160,158
E00081630,295,168,127
E00081632,306,163,143
E00081638,395,214,181
E00081668,272,129,143
E00081674,294,158,136
E00081641,408,205,203
E00081644,359,200,159
E00081664,253,140,113
E00081667,328,170,158
E00081672,319,160,159
E00081072,288,152,136
E00081073,402,204,198
E00081075,331,163,168
E00081076,258,124,134
E00081067,301,161,140
E00081069,371,184,187
E00081078,333,163,170
E00081082,387,186,201
E00081084,325,143,182
E00081039,351,172,179
E00081040,315,161,154
E00081042,359,180,179
E00081046,351,186,165
E00081059,317,156,161
E00189640,191,94,97
E00189642,162,71,91
E00189659,149,62,87
E00189669,210,95,115
E00189685,175,80,95
E00189696,831,399,432
E00081068,327,165,162
E00081071,318,151,167
E00081077,331,161,170
E00081080,329,169,160
E00167386,324,167,157
E00081052,399,214,185
E00081061,336,168,168
E00081065,318,183,135
E00167394,260,137,123
E00167416,277,150,127
E00167417,296,154,142
E00081048,367,200,167
E00081056,333,189,144
E00081058,381,201,180
E00081062,270,141,129
E00081038,574,291,283
E00081044,459,227,232
E00081083,475,245,230
E00081085,334,163,171
E00167391,203,106,97
E00167392,262,129,133
E00167393,233,121,112
E00081047,334,169,165
E00081050,223,114,109
E00081051,417,211,206
E00081055,308,162,146
E00081060,327,160,167
E00081631,376,192,184
E00081637,372,207,165
E00081639,358,188,170
E00081645,378,207,171
E00081646,319,176,143
E00081635,328,154,174
E00081636,340,167,173
E00081643,447,218,229
E00081647,309,156,153
E00081649,309,156,153
E00081642,349,174,175
E00081650,319,156,163
E00081652,358,178,180
E00081655,363,193,170
E00081657,318,167,151
E00081651,334,160,174
E00081653,326,172,154
E00081660,266,140,126
E00167411,201,105,96
E00167412,303,141,162
E00167415,325,171,154
E00189720,335,170,165
E00189786,327,162,165
E00081654,328,173,155
E00081656,340,179,161
E00081658,379,185,194
E00081662,303,156,147
E00167410,287,149,138
E00167413,369,201,168
E00167414,408,213,195
E00081041,200,99,101
E00081043,374,193,181
E00081053,220,116,104
E00081054,282,146,136
E00081057,294,151,143
E00081063,429,230,199
E00081086,329,167,162
E00081090,405,197,208
E00081099,368,189,179
E00081101,317,168,149
E00081105,352,178,174
E00081103,373,194,179
E00081106,350,183,167
E00081112,352,166,186
E00081116,305,156,149
E00081119,309,157,152
E00081088,353,181,172
E00081095,385,213,172
E00081097,291,139,152
E00081098,336,159,177
E00081100,408,209,199
E00081107,337,168,169
E00081089,505,267,238
E00081091,347,165,182
E00081092,362,178,184
E00081093,314,166,148
E00081102,294,148,146
E00081094,342,167,175
E00081096,402,204,198
E00081104,382,207,175
E00081108,346,181,165
E00081109,354,175,179
E00081113,340,172,168
E00081114,336,176,160
E00081118,425,212,213
E00081750,304,159,145
E00081753,299,154,145
E00081771,345,181,164
E00081772,376,183,193
E00081773,211,105,106
E00081749,475,246,229
E00081751,361,194,167
E00081752,331,166,165
E00081757,314,155,159
E00081444,298,143,155
E00081448,186,100,86
E00081472,476,237,239
E00081473,369,198,171
E00081474,255,136,119
E00081475,368,187,181
E00081516,378,188,190
E00081518,247,120,127
E00081520,377,186,191
E00081523,324,178,146
E00081526,364,208,156
E00081546,288,150,138
E00081540,207,105,102
E00081541,426,195,231
E00081542,331,184,147
E00081543,314,147,167
E00081544,296,146,150
E00081545,252,129,123
E00081517,308,158,150
E00081519,265,135,130
E00081522,302,158,144
E00081525,263,142,121
E00081547,295,167,128
E00081548,263,135,128
E00080977,336,173,163
E00080987,268,146,122
E00081015,326,180,146
E00081016,341,172,169
E00081020,239,114,125
E00080982,319,155,164
E00081011,349,166,183
E00081012,288,118,170
E00081013,258,124,134
E00081014,328,166,162
E00081018,158,71,87
E00080976,333,174,159
E00080981,393,187,206
E00080983,518,260,258
E00081017,329,163,166
E00081019,296,140,156
E00081427,387,196,191
E00081428,281,145,136
E00081429,368,193,175
E00081430,384,144,240
E00081443,346,173,173
E00081424,453,281,172
E00081426,231,108,123
E00189651,246,118,128
E00189716,258,135,123
E00189724,203,114,89
E00189787,193,98,95
E00167382,233,115,118
E00167383,314,164,150
E00167385,406,202,204
E00189771,288,146,142
E00189772,258,121,137
E00081111,350,183,167
E00081115,339,175,164
E00081117,319,152,167
E00081120,398,197,201
E00081123,367,192,175
E00081087,291,133,158
E00081110,332,169,163
E00081121,352,177,175
E00081128,325,153,172
E00081131,311,169,142
E00081125,294,167,127
E00081126,334,165,169
E00081127,367,177,190
E00081129,380,208,172
E00081134,398,202,196
E00081122,339,176,163
E00081124,415,209,206
E00081130,349,185,164
E00081132,261,127,134
E00081133,353,191,162
E00081453,262,131,131
E00081455,324,171,153
E00081458,276,141,135
E00081463,306,157,149
E00081464,323,153,170
E00081445,275,140,135
E00081446,220,110,110
E00081449,341,190,151
E00081452,349,178,171
E00081476,369,184,185
E00081457,402,210,192
E00081461,348,188,160
E00081462,275,145,130
E00081465,276,128,148
E00167389,314,175,139
E00167390,372,195,177
E00081447,294,146,148
E00081450,282,141,141
E00081451,306,175,131
E00081454,236,121,115
E00081456,289,144,145
E00081459,344,159,185
E00081677,333,183,150
E00081678,294,148,146
E00081679,260,144,116
E00081681,277,145,132
E00081686,371,192,179
E00081687,268,139,129
E00081691,270,145,125
E00081694,297,159,138
E00081699,258,135,123
E00081704,227,126,101
E00081710,277,147,130
E00081683,334,168,166
E00081690,318,164,154
E00081698,324,167,157
E00081701,345,178,167
E00081707,327,164,163
E00081680,358,180,178
E00081685,311,157,154
E00081689,325,160,165
E00081696,338,163,175
E00081684,347,173,174
E00081692,278,157,121
E00081693,310,164,146
E00081695,329,173,156
E00081702,215,118,97
E00081703,324,162,162
E00081705,299,155,144
E00081709,356,172,184
E00081714,287,154,133
E00081675,316,169,147
E00081676,443,244,199
E00081682,340,185,155
E00081688,412,219,193
E00081755,497,280,217
E00081759,346,175,171
E00081760,326,153,173
E00081761,320,172,148
E00081762,474,245,229
E00081764,529,269,260
E00081765,326,168,158
E00081767,321,161,160
E00081768,311,174,137
E00081754,327,159,168
E00081756,322,167,155
E00081758,317,165,152
E00081763,362,183,179
E00081189,360,182,178
E00081195,311,170,141
E00081196,363,176,187
E00081201,343,193,150
E00081230,319,150,169
E00081193,268,128,140
E00081194,152,79,73
E00081197,300,159,141
E00081231,228,111,117
E00081233,361,180,181
E00081234,330,166,164
E00081190,287,151,136
E00081199,351,158,193
E00081202,481,239,242
E00081205,276,150,126
E00081208,316,159,157
E00081226,370,179,191
E00081227,384,202,182
E00081228,317,158,159
E00081229,426,211,215
E00081232,265,118,147
E00080979,384,195,189
E00080984,298,155,143
E00080985,305,163,142
E00080988,300,148,152
E00080972,336,173,163
E00080973,374,198,176
E00080993,331,167,164
E00080999,289,145,144
E00081002,333,154,179
E00080975,371,177,194
E00080986,339,174,165
E00080992,423,213,210
E00080995,338,173,165
E00081477,346,174,172
E00081506,370,184,186
E00081507,348,161,187
E00081509,376,183,193
E00081512,357,169,188
E00080978,304,153,151
E00080990,300,155,145
E00080991,297,152,145
E00080994,369,185,184
E00167388,364,175,189
E00167419,327,176,151
E00080997,295,157,138
E00081001,342,183,159
E00081004,454,253,201
E00081005,434,235,199
E00081006,275,143,132
E00080989,461,243,218
E00080996,391,211,180
E00080998,359,175,184
E00081000,334,169,165
E00081003,508,267,241
E00081198,347,196,151
E00081200,333,161,172
E00081203,203,104,99
E00081204,423,206,217
E00081206,313,159,154
E00081350,287,149,138
E00081351,428,208,220
E00081356,264,140,124
E00081358,423,223,200
E00081362,409,211,198
E00081359,299,156,143
E00081360,269,139,130
E00081361,269,138,131
E00081365,377,190,187
E00081366,321,164,157
E00081697,312,148,164
E00081700,280,154,126
E00081706,264,136,128
E00081708,404,210,194
E00081712,303,154,149
E00081711,294,158,136
E00081713,287,149,138
E00081715,276,122,154
E00081716,288,149,139
E00081717,299,158,141
E00081466,317,161,156
E00081467,375,206,169
E00081468,322,168,154
E00081469,310,175,135
E00081470,316,169,147
E00081471,273,127,146
E00081521,385,201,184
E00081527,340,173,167
E00081528,286,139,147
E00081529,252,136,116
E00081530,246,122,124
E00081536,270,132,138
E00081537,234,133,101
E00081538,348,197,151
E00081539,292,160,132
E00167407,110,56,54
E00167420,974,153,821
E00081524,349,170,179
E00081531,358,194,164
E00081532,356,181,175
E00081534,328,151,177
E00081535,371,195,176
E00081352,387,200,187
E00081353,332,169,163
E00081354,309,158,151
E00081355,296,164,132
E00081357,253,138,115
E00081348,409,207,202
E00081364,320,165,155
E00081368,287,145,142
E00081370,322,170,152
E00081367,342,172,170
E00081371,308,160,148
E00081374,227,109,118
E00081375,349,185,164
E00081376,252,131,121
E00081349,284,166,118
E00081363,298,152,146
E00081369,295,153,142
E00081372,249,138,111
E00081373,341,182,159
E00081378,291,158,133
E00081379,207,111,96
E00081389,264,141,123
E00081390,343,181,162
E00081391,335,172,163
E00081479,523,284,239
E00081481,297,147,150
E00081485,329,165,164
E00081489,361,183,178
E00081482,309,149,160
E00081486,277,152,125
E00081487,260,136,124
E00081488,249,108,141
E00081490,354,193,161
E00081504,371,191,180
E00081505,319,169,150
E00081508,356,191,165
E00081511,359,179,180
E00081513,380,188,192
E00081480,360,177,183
E00081483,353,184,169
E00081510,329,170,159
E00081514,290,143,147
E00081515,368,192,176
E00080974,362,189,173
E00081007,337,164,173
E00081008,326,170,156
E00081009,331,173,158
E00081010,269,163,106
E00081191,352,182,170
E00081209,173,89,84
E00081210,297,143,154
E00081211,333,161,172
E00081212,220,118,102
E00081207,475,249,226
E00081213,295,150,145
E00081214,256,122,134
E00081215,298,151,147
E00081219,370,191,179
E00081216,374,189,185
E00081220,302,168,134
E00081222,364,181,183
E00081224,333,173,160
E00081225,258,119,139
E00081192,429,228,201
E00081217,352,173,179
E00081218,363,182,181
E00081221,284,174,110
E00081223,338,165,173
E00081029,317,168,149
E00081032,356,172,184
E00081034,281,134,147
E00081035,354,190,164
E00081021,499,249,250
E00081023,373,180,193
E00081024,274,148,126
E00081028,358,180,178
E00081022,309,159,150
E00081025,283,151,132
E00081026,267,136,131
E00081027,263,138,125
E00081037,411,192,219
E00081030,346,166,180
E00081033,355,179,176
E00081036,293,159,134
E00189648,352,192,160
E00189681,293,152,141
E00189725,281,144,137
E00189789,338,174,164
E00081318,358,175,183
E00081319,296,148,148
E00081344,351,169,182
E00081346,326,160,166
E00081347,451,227,224
E00081311,282,142,140
E00081314,314,178,136
E00081316,301,160,141
E00081320,377,191,186
E00081321,295,145,150
E00081310,357,174,183
E00081312,310,168,142
E00081313,339,161,178
E00081315,222,112,110
E00081324,318,164,154
E00081322,358,189,169
E00081325,319,161,158
E00081327,254,126,128
E00081329,330,170,160
E00081331,265,137,128
E00081336,334,172,162
E00081337,346,176,170
E00081340,360,180,180
E00081341,272,141,131
E00081342,319,166,153
E00081309,343,175,168
E00081317,357,180,177
E00081343,300,166,134
E00081345,317,160,157
E00081323,324,160,164
E00081326,273,131,142
E00081330,300,155,145
E00081332,255,138,117
E00081333,363,176,187
E00081747,327,164,163
E00081748,345,179,166
E00081766,266,134,132
E00081769,301,150,151
E00081770,268,129,139
E00081168,360,190,170
E00081169,271,139,132
E00081170,276,145,131
E00081173,257,126,131
E00081176,270,134,136
E00081171,312,177,135
E00081172,385,199,186
E00081174,320,163,157
E00081175,276,128,148
E00081294,248,122,126
E00081299,333,181,152
E00081300,380,182,198
E00081303,336,175,161
E00081285,254,128,126
E00081286,352,185,167
E00081287,258,136,122
E00081288,437,219,218
E00081289,363,172,191
E00081290,366,196,170
E00081291,355,191,164
E00081292,393,211,182
E00081382,263,139,124
E00081384,254,143,111
E00081414,269,149,120
E00081416,345,177,168
E00081420,311,163,148
E00081386,316,164,152
E00081392,411,212,199
E00081393,586,308,278
E00081397,306,155,151
E00081398,285,151,134
E00081380,347,182,165
E00081394,359,184,175
E00081395,357,182,175
E00081396,354,180,174
E00081404,248,121,127
E00081408,327,167,160
E00081409,288,140,148
E00081411,323,166,157
E00081417,305,167,138
E00081497,247,126,121
E00081500,299,149,150
E00081501,307,163,144
E00081502,314,157,157
E00081503,318,168,150
E00081478,345,168,177
E00081491,393,206,187
E00081493,247,123,124
E00081494,265,137,128
E00189668,378,192,186
E00189741,403,210,193
E00189743,322,160,162
E00081492,264,145,119
E00081495,305,151,154
E00081496,402,204,198
E00081498,288,146,142
E00081499,272,130,142
E00081727,378,200,178
E00081728,417,211,206
E00081729,332,173,159
E00081732,338,177,161
E00081734,253,120,133
E00081278,289,150,139
E00081293,287,148,139
E00081295,274,154,120
E00081298,303,151,152
E00081301,342,171,171
E00081296,182,106,76
E00081297,300,169,131
E00081302,332,162,170
E00081304,270,135,135
E00081305,362,186,176
E00081279,435,218,217
E00081306,412,197,215
E00081307,324,156,168
E00081308,461,231,230
E00081280,330,170,160
E00081281,310,150,160
E00081282,331,159,172
E00081283,281,141,140
E00081284,276,131,145
E00081136,272,136,136
E00081139,247,134,113
E00081141,305,157,148
E00081156,339,175,164
E00081158,272,146,126
E00081159,239,114,125
E00081135,546,283,263
E00081137,409,216,193
E00081142,306,158,148
E00081150,300,152,148
E00081144,325,165,160
E00081145,308,158,150
E00081148,326,160,166
E00081151,314,161,153
E00081152,394,203,191
E00081140,388,208,180
E00081143,356,179,177
E00081146,318,163,155
E00081147,216,120,96
E00081149,302,153,149
E00081138,282,145,137
E00081153,298,153,145
E00081154,299,147,152
E00081155,473,236,237
E00081157,262,132,130
E00081328,280,140,140
E00081334,374,188,186
E00081335,267,141,126
E00081338,307,159,148
E00081339,272,143,129
E00081383,323,167,156
E00081410,286,143,143
E00081413,311,179,132
E00081418,339,168,171
E00081419,275,151,124
E00081377,342,179,163
E00081385,254,130,124
E00081387,282,154,128
E00081388,321,169,152
E00081415,337,177,160
E00081399,296,148,148
E00081400,303,166,137
E00081401,260,125,135
E00081402,259,132,127
E00081406,277,133,144
E00081381,321,161,160
E00081403,257,139,118
E00081405,308,152,156
E00081407,243,131,112
E00081412,291,151,140
E00081733,266,134,132
E00081736,388,194,194
E00081741,324,164,160
E00081743,319,177,142
E00081745,366,188,178
E00081719,349,170,179
E00081720,348,170,178
E00081731,289,151,138
E00081738,331,173,158
E00081740,342,177,165
E00081730,313,157,156
E00081735,396,206,190
E00081737,291,163,128
E00081739,380,191,189
E00081742,299,154,145
E00081718,344,166,178
E00081722,398,211,187
E00081724,351,173,178
E00081726,368,183,185
E00081160,320,167,153
E00081163,302,143,159
E00081180,260,131,129
E00081183,318,162,156
E00081186,331,179,152
E00081161,287,142,145
E00081162,299,171,128
E00081182,311,146,165
E00081185,325,170,155
E00081188,243,132,111
E00081164,385,190,195
E00081165,341,177,164
E00081166,346,182,164
E00081167,297,152,145
E00081187,352,181,171
E00081177,305,157,148
E00081178,323,172,151
E00081179,345,186,159
E00081181,331,173,158
E00081184,298,150,148
E00081721,326,164,162
E00081723,342,165,177
E00081725,317,168,149
E00081744,327,164,163
E00081746,287,162,125
E00082111,310,162,148
E00082113,286,152,134
E00082114,372,188,184
E00082115,193,103,90
E00082118,330,165,165
E00082112,404,211,193
E00082120,361,187,174
E00082121,290,153,137
E00082122,349,175,174
E00082116,311,156,155
E00082117,151,85,66
E00082119,349,183,166
E00166653,249,120,129
E00082078,320,164,156
E00082079,325,159,166
E00166662,228,135,93
E00166663,231,125,106
E00166664,231,124,107
E00166675,168,95,73
E00166678,313,159,154
E00081795,381,187,194
E00081804,374,187,187
E00081808,233,118,115
E00188334,456,240,216
E00081790,301,151,150
E00081791,416,215,201
E00081798,309,158,151
E00081799,315,164,151
E00081812,302,155,147
E00081792,343,171,172
E00081793,396,206,190
E00081802,304,148,156
E00081803,238,124,114
E00188408,242,138,104
E00188459,400,205,195
E00081797,446,236,210
E00081810,274,136,138
E00081811,297,150,147
E00081815,511,261,250
E00188396,281,147,134
E00188363,306,157,149
E00188428,165,88,77
E00188450,319,160,159
E00188470,294,142,152
E00188512,276,137,139
E00081801,386,201,185
E00188368,334,161,173
E00188382,335,162,173
E00188538,272,134,138
E00081796,243,117,126
E00081806,288,150,138
E00081807,254,124,130
E00081809,316,154,162
E00166658,158,74,84
E00188376,311,161,150
E00188462,429,213,216
E00188492,337,160,177
E00188537,253,120,133
E00081816,273,130,143
E00081818,329,152,177
E00081823,316,179,137
E00081831,329,169,160
E00081832,354,189,165
E00082044,313,150,163
E00082045,361,166,195
E00082051,319,167,152
E00188484,233,107,126
E00188506,159,94,65
E00188515,238,118,120
E00082067,238,120,118
E00082071,232,124,108
E00082075,265,135,130
E00082080,331,158,173
E00082081,326,157,169
E00082066,334,171,163
E00082072,318,149,169
E00082074,306,162,144
E00082076,296,159,137
E00082077,312,160,152
E00166654,239,130,109
E00166656,257,138,119
E00166657,264,131,133
E00082070,328,165,163
E00082073,350,194,156
E00082082,293,147,146
E00082089,238,131,107
E00082090,345,173,172
E00082068,365,202,163
E00082069,298,142,156
E00082083,247,130,117
E00082084,295,150,145
E00082086,265,138,127
E00082087,301,174,127
E00082042,308,150,158
E00082043,322,168,154
E00082056,276,138,138
E00082057,323,172,151
E00082058,329,167,162
E00082046,374,185,189
E00082054,287,152,135
E00082059,398,204,194
E00082060,337,168,169
E00082062,271,147,124
E00082041,344,172,172
E00082048,304,152,152
E00082061,313,160,153
E00082063,296,160,136
E00082065,393,195,198
E00082049,355,171,184
E00082052,228,120,108
E00082053,391,196,195
E00082055,274,145,129
E00082064,235,103,132
E00188343,256,131,125
E00188444,339,178,161
E00081783,320,165,155
E00081784,311,168,143
E00081788,342,175,167
E00081789,314,164,150
E00081774,435,221,214
E00081778,404,215,189
E00081781,288,161,127
E00188344,166,85,81
E00188478,476,327,149
E00081775,316,163,153
E00081776,418,211,207
E00081777,331,176,155
E00081779,428,225,203
E00081780,423,211,212
E00081785,304,158,146
E00081786,298,165,133
E00081787,341,184,157
E00081986,370,186,184
E00081987,263,131,132
E00081988,299,147,152
E00081990,311,156,155
E00081817,352,185,167
E00081819,342,173,169
E00081821,361,195,166
E00081824,279,136,143
E00081828,346,172,174
E00081972,303,139,164
E00081982,298,157,141
E00081991,268,134,134
E00188336,383,191,192
E00081968,344,177,167
E00081971,277,138,139
E00081975,344,188,156
E00081984,253,125,128
E00188463,344,174,170
E00188487,249,126,123
E00188511,356,168,188
E00081969,257,124,133
E00081970,294,149,145
E00081977,281,148,133
E00081979,375,192,183
E00081989,264,138,126
E00081820,224,120,104
E00081825,199,96,103
E00166644,245,133,112
E00166655,337,158,179
E00188362,412,217,195
E00188388,313,157,156
E00081822,359,178,181
E00081826,504,247,257
E00081830,323,166,157
E00188385,252,120,132
E00188422,188,95,93
E00188443,262,125,137
E00082012,285,141,144
E00082013,326,173,153
E00082021,319,156,163
E00082022,161,68,93
E00166650,241,114,127
E00166651,339,175,164
E00166673,298,149,149
E00188442,222,126,96
E00188488,415,214,201
E00082093,343,179,164
E00082104,293,133,160
E00082106,301,153,148
E00082107,309,165,144
E00082108,290,146,144
E00082096,299,144,155
E00082100,290,157,133
E00082101,265,135,130
E00082102,254,132,122
E00082103,319,165,154
E00082105,357,179,178
E00082094,181,79,102
E00188372,322,152,170
E00188491,321,163,158
E00188532,236,103,133
E00188541,227,113,114
E00082097,411,221,190
E00082099,280,131,149
E00188352,209,98,111
E00188401,366,179,187
E00188464,126,61,65
E00188467,139,53,86
E00166643,224,114,110
E00166665,157,81,76
E00166666,313,176,137
E00188357,418,217,201
E00188384,352,170,182
E00188505,325,166,159
E00081973,192,100,92
E00081974,409,208,201
E00188345,355,170,185
E00188524,381,197,184
E00081866,276,138,138
E00081885,302,154,148
E00081886,272,141,131
E00081892,209,97,112
E00081893,281,148,133
E00081879,312,170,142
E00081880,292,140,152
E00081884,280,139,141
E00081887,253,121,132
E00081890,147,74,73
E00081881,295,144,151
E00081882,240,115,125
E00081883,190,81,109
E00081888,235,126,109
E00081889,254,128,126
E00081869,228,127,101
E00081873,351,180,171
E00081876,300,156,144
E00081877,232,113,119
E00081891,186,96,90
E00081867,305,156,149
E00081868,342,175,167
E00081870,225,125,100
E00081872,316,166,150
E00081911,333,167,166
E00081912,277,136,141
E00081915,269,133,136
E00081917,312,160,152
E00081921,297,146,151
E00081909,316,155,161
E00081910,251,131,120
E00081916,336,166,170
E00081920,400,204,196
E00081922,349,179,170
E00081923,350,172,178
E00081925,103,49,54
E00081932,294,144,150
E00081924,192,91,101
E00081935,385,188,197
E00081936,245,118,127
E00081937,249,126,123
E00081938,246,117,129
E00081926,291,148,143
E00081928,291,164,127
E00081929,273,139,134
E00081930,374,189,185
E00081914,345,175,170
E00081918,358,175,183
E00081919,451,232,219
E00166649,591,321,270
E00166667,343,168,175
E00166668,388,205,183
E00166669,230,118,112
E00166670,314,157,157
E00188466,337,166,171
E00188377,364,205,159
E00188391,399,202,197
E00188468,361,186,175
E00188501,373,188,185
E00188526,332,164,168
E00081871,330,181,149
E00081874,327,166,161
E00081875,327,161,166
E00081878,304,161,143
E00081941,273,133,140
E00081948,271,151,120
E00081957,285,149,136
E00081958,260,139,121
E00081960,291,152,139
E00081940,270,135,135
E00081959,292,151,141
E00081961,270,136,134
E00081962,329,175,154
E00081965,227,115,112
E00082008,277,148,129
E00082014,350,172,178
E00082015,333,182,151
E00082016,250,117,133
E00166652,225,110,115
E00166671,272,132,140
E00166672,247,122,125
E00082010,273,139,134
E00082017,344,178,166
E00082018,302,144,158
E00082019,293,149,144
E00082020,220,113,107
E00081927,367,183,184
E00081931,340,169,171
E00081933,330,174,156
E00081934,302,154,148
E00081942,338,166,172
E00081954,344,171,173
E00081955,356,170,186
E00081956,308,162,146
E00081945,333,168,165
E00081951,256,135,121
E00081963,203,118,85
E00081966,257,134,123
E00081967,277,145,132
E00081944,200,102,98
E00081946,346,182,164
E00081947,278,128,150
E00081953,292,153,139
E00081964,307,160,147
E00081939,302,156,146
E00081943,245,121,124
E00081949,247,132,115
E00081950,305,157,148
E00081952,185,89,96
E00081901,493,248,245
E00081902,363,194,169
E00081903,350,181,169
E00081904,336,176,160
E00081905,395,211,184
E00081894,491,242,249
E00081896,357,182,175
E00081897,339,197,142
E00081900,284,149,135
E00081906,295,148,147
E00081907,346,173,173
E00081995,327,163,164
E00082001,283,143,140
E00082002,299,157,142
E00082006,226,123,103
E00081993,284,168,116
E00081994,216,107,109
E00082000,161,80,81
E00166660,1085,496,589
E00166676,168,85,83
E00081895,351,179,172
E00081898,308,151,157
E00081908,353,174,179
E00188365,261,124,137
E00188392,217,117,100
E00188406,514,171,343
E00082024,256,131,125
E00082026,277,142,135
E00082027,307,149,158
E00082037,266,132,134
E00082025,282,144,138
E00082031,335,172,163
E00082034,300,155,145
E00082036,323,159,164
E00082032,266,145,121
E00082033,333,176,157
E00082035,343,180,163
E00082039,253,131,122
E00082040,327,170,157
E00082028,265,141,124
E00082029,326,178,148
E00082030,264,134,130
E00082038,290,147,143
E00081834,236,99,137
E00081837,238,116,122
E00081838,263,128,135
E00081847,314,153,161
E00081849,328,152,176
E00081833,271,138,133
E00081836,296,146,150
E00081839,367,185,182
E00081846,309,156,153
E00081840,341,172,169
E00081841,266,141,125
E00081843,343,170,173
E00081844,240,127,113
E00081996,371,199,172
E00081997,357,185,172
E00081998,345,173,172
E00081999,259,136,123
E00082003,342,171,171
E00082004,317,157,160
E00082005,432,231,201
E00188378,191,99,92
E00188407,222,126,96
E00188494,291,142,149
E00081835,322,177,145
E00081842,294,153,141
E00081845,323,162,161
E00081848,332,163,169
E00081855,368,179,189
E00081858,335,170,165
E00081860,359,184,175
E00166674,125,70,55
E00188335,930,210,720
E00081851,392,209,183
E00081852,350,164,186
E00081853,376,194,182
E00081854,299,162,137
E00081850,311,157,154
E00081856,305,150,155
E00081857,223,118,105
E00081859,325,170,155
E00081862,256,142,114
E00081863,330,162,168
E00081864,323,164,159
E00081865,257,130,127
E00082229,319,161,158
E00082231,571,250,321
E00082232,187,96,91
E00082233,513,266,247
E00082263,476,252,224
E00082264,430,222,208
E00082265,400,208,192
E00082266,486,246,240
E00082272,363,172,191
E00082273,497,255,242
E00082276,104,55,49
E00082277,132,73,59
E00082280,331,159,172
E00082271,461,241,220
E00082274,305,160,145
E00082275,294,152,142
E00082278,372,193,179
E00082279,300,158,142
E00082351,271,143,128
E00082352,253,131,122
E00082353,322,155,167
E00082354,310,157,153
E00082355,317,156,161
E00082356,270,131,139
E00082360,289,148,141
E00082362,322,175,147
E00082365,350,182,168
E00082368,376,187,189
E00082358,325,168,157
E00082359,415,220,195
E00082361,230,113,117
E00082363,284,156,128
E00082357,360,181,179
E00082364,298,149,149
E00082366,341,175,166
E00082367,359,177,182
E00082132,426,207,219
E00082133,317,158,159
E00082134,328,168,160
E00082135,324,159,165
E00082136,376,184,192
E00082131,285,141,144
E00082137,320,168,152
E00082138,353,170,183
E00082139,150,70,80
E00082140,246,134,112
E00082406,278,152,126
E00082409,322,168,154
E00082411,399,202,197
E00082413,396,210,186
E00082414,292,147,145
E00082407,346,164,182
E00082408,470,203,267
E00082410,450,224,226
E00082412,324,166,158
E00082427,265,139,126
E00082428,220,116,104
E00082429,408,210,198
E00082430,148,69,79
E00082433,286,153,133
E00082434,292,150,142
E00082415,370,191,179
E00082416,283,148,135
E00082417,348,173,175
E00082426,330,166,164
E00172660,394,202,192
E00172662,354,188,166
E00082420,389,209,180
E00082421,329,176,153
E00082424,453,225,228
E00082425,373,188,185
E00082419,339,175,164
E00082422,284,141,143
E00082423,324,169,155
E00082431,272,144,128
E00082432,272,152,120
E00082145,249,116,133
E00082163,320,149,171
E00172655,297,142,155
E00172657,276,146,130
E00172659,270,141,129
E00172699,142,69,73
E00082151,331,160,171
E00082152,261,126,135
E00082153,204,102,102
E00082154,373,198,175
E00082155,273,143,130
E00082156,187,102,85
E00082583,315,164,151
E00082584,328,174,154
E00082585,276,141,135
E00082589,351,175,176
E00082581,294,140,154
E00082582,347,178,169
E00082586,304,161,143
E00082587,291,154,137
E00082588,259,143,116
E00082141,400,198,202
E00082142,351,181,170
E00082143,254,123,131
E00082147,221,117,104
E00082162,308,167,141
E00082146,318,156,162
E00082148,416,204,212
E00082149,340,174,166
E00082150,297,148,149
E00082164,311,152,159
E00082157,259,127,132
E00082158,242,128,114
E00082159,274,141,133
E00082160,269,138,131
E00082161,322,163,159
E00082204,376,181,195
E00082209,299,151,148
E00082216,266,137,129
E00082219,302,136,166
E00082227,294,148,146
E00082201,380,187,193
E00082202,236,117,119
E00082203,399,209,190
E00082205,340,176,164
E00082206,375,200,175
E00082176,324,157,167
E00082177,294,146,148
E00082178,262,139,123
E00082179,487,253,234
E00082180,327,153,174
E00172693,370,195,175
E00172694,350,178,172
E00082254,317,168,149
E00082256,377,192,185
E00082258,370,191,179
E00082259,311,148,163
E00082262,370,196,174
E00082267,291,146,145
E00082268,352,170,182
E00082269,236,112,124
E00082270,355,178,177
E00082230,353,181,172
E00082234,460,176,284
E00082235,410,203,207
E00082255,353,179,174
E00082257,469,237,232
E00082261,331,165,166
E00172691,155,75,80
E00177238,734,609,125
E00082208,434,221,213
E00082213,274,149,125
E00082215,352,175,177
E00082217,138,60,78
E00082218,274,142,132
E00082207,469,224,245
E00082212,394,206,188
E00082214,279,145,134
E00082226,311,176,135
E00082220,309,154,155
E00082221,216,117,99
E00082222,306,148,158
E00082223,338,164,174
E00082225,292,157,135
E00082210,396,189,207
E00082211,417,206,211
E00082224,279,140,139
E00082228,386,193,193
E00082473,329,159,170
E00082474,254,129,125
E00082475,177,90,87
E00082476,197,108,89
E00082477,261,135,126
E00082478,269,147,122
E00082479,305,160,145
E00082480,317,161,156
E00082482,364,192,172
E00177312,173,85,88
E00177367,493,249,244
E00082555,305,169,136
E00082556,240,111,129
E00082557,272,146,126
E00082558,260,127,133
E00082559,172,69,103
E00082563,321,170,151
E00082554,327,159,168
E00082560,350,181,169
E00082561,418,206,212
E00082562,384,191,193
E00082315,209,110,99
E00082317,254,133,121
E00082320,223,116,107
E00082321,327,184,143
E00082323,275,126,149
E00082334,266,151,115
E00082316,301,155,146
E00082324,313,156,157
E00082325,295,159,136
E00082326,350,173,177
E00082327,378,186,192
E00082328,364,186,178
E00082329,281,162,119
E00082330,320,166,154
E00082331,222,111,111
E00082318,307,160,147
E00082319,240,125,115
E00082322,295,165,130
E00082332,394,210,184
E00082333,255,131,124
E00082123,237,133,104
E00082124,469,225,244
E00082125,415,217,198
E00082130,362,190,172
E00082126,332,170,162
E00082127,274,132,142
E00082128,313,161,152
E00082129,554,248,306
E00082168,291,157,134
E00082169,283,139,144
E00082182,217,108,109
E00177237,926,405,521
E00082171,551,295,256
E00082172,266,128,138
E00082174,485,246,239
E00082175,251,129,122
E00082166,372,190,182
E00082167,336,162,174
E00082170,281,140,141
E00082173,340,172,168
E00082520,314,155,159
E00082527,460,240,220
E00082530,275,132,143
E00177240,228,120,108
E00177272,243,123,120
E00177276,428,216,212
E00177284,297,105,192
E00177300,356,192,164
E00177307,256,130,126
E00082388,420,239,181
E00082394,390,180,210
E00082397,174,79,95
E00082405,407,204,203
E00172696,333,163,170
E00172697,248,126,122
E00082389,213,106,107
E00082390,212,96,116
E00082391,208,116,92
E00082395,249,135,114
E00082396,363,185,178
E00082398,247,130,117
E00082402,188,91,97
E00082456,271,140,131
E00082461,289,139,150
E00082464,261,134,127
E00082465,293,148,145
E00082468,275,134,141
E00082455,314,162,152
E00082457,320,165,155
E00082458,261,140,121
E00082459,214,98,116
E00082460,289,133,156
E00082466,294,153,141
E00082467,333,172,161
E00082469,248,125,123
E00082471,299,158,141
E00082472,391,211,180
E00082239,499,250,249
E00082240,301,151,150
E00082245,495,235,260
E00082252,350,178,172
E00177266,400,201,199
E00177321,171,87,84
E00082241,384,197,187
E00082242,292,146,146
E00082243,457,244,213
E00082244,418,215,203
E00082253,301,158,143
E00082237,334,170,164
E00082238,355,185,170
E00082247,384,179,205
E00082248,358,182,176
E00082236,615,317,298
E00082249,290,139,151
E00082250,287,146,141
E00082251,288,138,150
E00082495,308,163,145
E00082496,267,136,131
E00082499,252,121,131
E00082500,320,163,157
E00082502,257,129,128
E00082542,350,175,175
E00082549,328,169,159
E00082550,515,262,253
E00082551,298,153,145
E00082553,469,224,245
E00082537,371,186,185
E00082538,339,162,177
E00082539,298,150,148
E00082540,346,163,183
E00082535,324,160,164
E00082536,400,198,202
E00082541,304,143,161
E00082552,403,196,207
E00177322,181,89,92
E00177354,412,210,202
E00082544,204,97,107
E00082545,288,145,143
E00082546,307,152,155
E00082547,328,160,168
E00082548,278,150,128
E00082183,386,189,197
E00082190,385,205,180
E00082191,361,190,171
E00082192,349,169,180
E00082185,444,236,208
E00082188,294,147,147
E00082189,294,147,147
E00082198,355,203,152
E00082200,348,167,181
E00082187,286,151,135
E00082193,196,92,104
E00082194,208,105,103
E00082195,377,190,187
E00082199,363,176,187
E00082184,453,216,237
E00082186,358,177,181
E00082196,368,174,194
E00082197,288,160,128
E00082485,318,165,153
E00082493,282,139,143
E00082497,228,122,106
E00082498,312,160,152
E00082501,254,129,125
E00082483,373,199,174
E00082486,317,157,160
E00082487,242,130,112
E00082488,306,148,158
E00082489,294,157,137
E00082484,312,156,156
E00082490,366,198,168
E00082491,337,177,160
E00082492,317,168,149
E00082494,225,120,105
E00082507,338,178,160
E00082510,336,176,160
E00082517,447,230,217
E00172676,300,138,162
E00172677,297,141,156
E00082505,377,215,162
E00082506,379,177,202
E00082508,295,156,139
E00082518,290,144,146
E00082509,255,129,126
E00082512,377,193,184
E00082515,363,183,180
E00082516,267,135,132
E00082503,441,224,217
E00082511,310,153,157
E00082513,286,151,135
E00082514,465,232,233
E00082521,317,169,148
E00082524,539,273,266
E00082525,321,164,157
E00082533,316,158,158
E00172669,264,134,130
E00172671,333,177,156
E00172673,295,144,151
E00082519,325,163,162
E00082522,306,161,145
E00082523,312,147,165
E00082526,266,134,132
E00082529,282,147,135
E00082534,278,137,141
E00082340,319,162,157
E00082342,245,129,116
E00082343,284,145,139
E00082346,294,145,149
E00082347,314,159,155
E00082337,275,126,149
E00082338,276,142,134
E00082339,289,152,137
E00082341,548,287,261
E00082348,270,132,138
E00082349,252,124,128
E00082350,133,67,66
E00082336,267,134,133
E00082344,280,146,134
E00082345,317,156,161
E00172685,343,171,172
E00172687,379,195,184
E00082453,310,152,158
E00082454,184,93,91
E00082462,365,188,177
E00082463,320,167,153
E00082470,213,103,110
E00082566,310,143,167
E00082567,259,130,129
E00082568,267,138,129
E00082569,354,173,181
E00082571,296,132,164
E00082565,443,219,224
E00082576,372,173,199
E00082577,286,138,148
E00082579,357,181,176
E00082580,293,149,144
E00177290,118,56,62
E00177335,536,260,276
E00172679,235,110,125
E00172680,402,201,201
E00177255,339,163,176
E00177261,241,124,117
E00177310,184,82,102
E00177358,184,85,99
E00082303,529,274,255
E00172652,276,137,139
E00172682,585,296,289
E00172683,375,204,171
E00177262,444,215,229
E00177265,436,225,211
E00177317,149,72,77
E00177329,105,46,59
E00177337,175,90,85
E00177355,220,112,108
E00177360,136,69,67
E00082564,307,157,150
E00082573,152,84,68
E00082575,192,94,98
E00177246,307,143,164
E00177340,213,106,107
E00082578,234,113,121
E00177267,382,175,207
E00177309,282,144,138
E00177327,103,58,45
E00177342,105,49,56
E00082302,306,159,147
E00082306,322,151,171
E00082307,309,154,155
E00082309,280,137,143
E00082310,303,142,161
E00082308,311,173,138
E00082311,345,173,172
E00082312,222,98,124
E00082313,305,161,144
E00082314,300,145,155
E00082392,317,157,160
E00082399,339,183,156
E00082400,282,137,145
E00082401,270,137,133
E00082403,397,190,207
E00082404,424,216,208
E00082449,455,230,225
E00082450,286,154,132
E00082451,364,176,188
E00082452,319,150,169
E00177282,119,63,56
E00177326,170,99,71
E00177361,126,79,47
E00082435,281,133,148
E00082438,306,153,153
E00082440,303,151,152
E00082441,219,110,109
E00082442,332,176,156
E00082281,334,170,164
E00082282,352,177,175
E00082294,341,176,165
E00082296,395,196,199
E00082283,302,162,140
E00082286,311,160,151
E00082292,347,189,158
E00082293,307,150,157
E00082295,293,160,133
E00082287,374,194,180
E00082289,385,203,182
E00082297,487,258,229
E00082298,349,173,176
E00082299,309,166,143
E00082284,314,153,161
E00082285,345,178,167
E00082288,285,135,150
E00082290,411,212,199
E00082291,272,132,140
E00082436,331,161,170
E00082447,302,155,147
E00082448,389,196,193
E00177315,441,190,251
E00177364,172,93,79
E00082439,357,184,173
E00082444,317,162,155
E00082445,404,192,212
E00082446,366,186,180
E00082373,342,165,177
E00082374,298,150,148
E00082378,275,149,126
E00082381,278,144,134
E00082382,255,129,126
E00082383,246,123,123
E00082369,307,158,149
E00082375,443,235,208
E00082376,340,179,161
E00082377,109,51,58
E00082379,450,231,219
E00082384,280,139,141
E00082371,164,87,77
E00082372,276,132,144
E00082380,339,174,165
E00082386,343,151,192
E00172654,409,204,205
E00172666,527,253,274
E00172668,358,171,187
E00082892,318,164,154
E00082893,369,186,183
E00082896,353,184,169
E00082899,241,132,109
E00082905,289,150,139
E00082878,340,169,171
E00082880,322,163,159
E00082883,340,172,168
E00082902,303,147,156
E00082903,135,75,60
E00082884,428,227,201
E00082885,329,170,159
E00082886,403,212,191
E00177343,273,130,143
E00177363,366,184,182
E00082888,341,159,182
E00082889,322,165,157
E00082890,290,148,142
E00082891,338,160,178
E00082894,360,190,170
E00082877,347,179,168
E00082895,285,136,149
E00082897,288,137,151
E00082898,289,140,149
E00082900,322,169,153
E00082774,316,156,160
E00082775,290,147,143
E00082776,333,173,160
E00082777,279,142,137
E00082778,299,144,155
E00082772,333,166,167
E00082773,337,168,169
E00082779,283,155,128
E00082780,294,149,145
E00082781,329,161,168
E00082978,416,207,209
E00082981,299,144,155
E00082982,299,155,144
E00082984,305,149,156
E00082985,435,206,229
E00082968,360,181,179
E00082972,374,197,177
E00082989,353,182,171
E00082990,367,190,177
E00082976,423,220,203
E00082977,432,223,209
E00082979,335,169,166
E00082980,266,146,120
E00082662,275,143,132
E00082663,237,119,118
E00082664,278,143,135
E00082667,305,155,150
E00082668,341,167,174
E00082879,417,217,200
E00082881,358,183,175
E00082882,449,255,194
E00082901,265,141,124
E00082904,376,197,179
E00082965,421,270,151
E00082966,337,176,161
E00082973,213,121,92
E00082987,362,191,171
E00082988,364,193,171
E00082964,415,204,211
E00082969,406,208,198
E00082970,360,176,184
E00082983,377,215,162
E00082986,363,190,173
E00082967,320,177,143
E00082971,327,179,148
E00082974,360,192,168
E00082975,331,168,163
E00082991,332,177,155
E00082671,353,168,185
E00082674,281,152,129
E00082675,317,166,151
E00082676,382,175,207
E00082681,256,137,119
E00082685,217,112,105
E00082657,556,277,279
E00082670,343,179,164
E00082686,299,163,136
E00174526,293,146,147
E00174528,290,137,153
E00174545,167,88,79
E00082656,341,163,178
E00082661,277,133,144
E00082673,261,132,129
E00082683,294,147,147
E00082684,243,118,125
E00082687,283,125,158
E00082659,362,179,183
E00082666,269,134,135
E00082669,389,190,199
E00082672,280,134,146
E00082678,293,160,133
E00082658,288,142,146
E00082665,299,153,146
E00082677,320,176,144
E00082679,251,133,118
E00082680,259,131,128
E00082682,242,122,120
E00082754,320,167,153
E00082757,389,189,200
E00082759,344,176,168
E00082761,361,173,188
E00082767,328,174,154
E00082743,373,192,181
E00082744,329,174,155
E00082760,302,160,142
E00082769,244,132,112
E00082770,324,182,142
E00082745,319,157,162
E00082746,333,162,171
E00082747,304,152,152
E00082748,298,150,148
E00082771,419,203,216
E00082997,338,196,142
E00083014,336,181,155
E00083015,363,180,183
E00083017,329,169,160
E00083018,318,170,148
E00082995,218,126,92
E00082998,383,201,182
E00083002,229,128,101
E00083016,334,166,168
E00083020,329,173,156
E00082758,407,188,219
E00082762,352,184,168
E00082765,424,224,200
E00082768,356,183,173
E00082751,338,162,176
E00082755,471,244,227
E00082763,336,166,170
E00082764,349,167,182
E00082766,441,224,217
E00082749,333,169,164
E00082750,295,152,143
E00082752,391,201,190
E00082753,359,178,181
E00082756,323,166,157
E00082832,199,101,98
E00082833,343,172,171
E00082845,416,216,200
E00177289,413,217,196
E00177304,124,65,59
E00177357,189,110,79
E00082816,405,184,221
E00082830,342,182,160
E00082831,427,224,203
E00082834,313,169,144
E00082843,310,158,152
E00082600,309,146,163
E00082601,247,117,130
E00082602,408,202,206
E00082603,298,126,172
E00082604,326,152,174
E00082606,310,150,160
E00082625,298,143,155
E00082626,409,191,218
E00082630,295,156,139
E00082638,317,177,140
E00082643,289,121,168
E00082644,301,150,151
E00082624,430,209,221
E00082651,394,207,187
E00082652,365,191,174
E00082654,404,208,196
E00174501,415,201,214
E00177241,596,300,296
E00177293,201,100,101
E00082632,436,222,214
E00082635,409,194,215
E00082636,408,189,219
E00082655,370,184,186
E00174500,465,213,252
E00174503,203,110,93
E00174506,257,139,118
E00082634,407,201,206
E00082637,378,191,187
E00082639,269,142,127
E00082640,376,183,193
E00082641,334,161,173
E00082645,344,173,171
E00082628,321,160,161
E00082629,237,115,122
E00082631,330,167,163
E00082646,368,182,186
E00082649,369,182,187
E00082627,428,207,221
E00082642,247,122,125
E00082647,362,168,194
E00082648,365,167,198
E00082650,398,174,224
E00082821,345,180,165
E00082828,293,149,144
E00082848,272,148,124
E00174537,253,124,129
E00174539,107,48,59
E00174540,153,78,75
E00082818,182,87,95
E00082835,267,112,155
E00082837,361,186,175
E00082846,328,160,168
E00174481,215,95,120
E00174542,226,122,104
E00174543,194,101,93
E00082819,346,157,189
E00082820,314,157,157
E00082839,235,127,108
E00082841,314,157,157
E00082847,297,139,158
E00082836,311,133,178
E00082838,273,133,140
E00082840,386,192,194
E00082842,411,217,194
E00082844,323,152,171
E00082823,268,138,130
E00082824,289,161,128
E00082825,276,155,121
E00082826,312,166,146
E00082827,386,208,178
E00082996,234,104,130
E00083000,322,166,156
E00083001,283,153,130
E00083019,365,202,163
E00083021,271,138,133
E00082993,464,248,216
E00082999,360,178,182
E00083004,359,188,171
E00083006,482,276,206
E00083008,417,217,200
E00082992,331,176,155
E00083003,388,199,189
E00083007,261,135,126
E00083010,359,186,173
E00083013,201,99,102
E00082994,324,177,147
E00083005,318,153,165
E00083009,349,179,170
E00083011,300,156,144
E00083012,305,167,138
E00082857,441,217,224
E00082858,387,195,192
E00082860,350,150,200
E00082862,362,188,174
E00082863,346,162,184
E00082867,426,231,195
E00082868,319,156,163
E00082873,402,201,201
E00082876,376,189,187
E00174525,367,171,196
E00174548,305,169,136
E00082869,367,178,189
E00082870,535,255,280
E00082871,470,224,246
E00082872,347,171,176
E00082874,465,235,230
E00082850,353,157,196
E00082853,474,231,243
E00082855,309,152,157
E00082875,469,220,249
E00082593,248,122,126
E00082594,247,120,127
E00082598,301,145,156
E00174489,209,103,106
E00174523,208,104,104
E00082610,564,286,278
E00082616,439,218,221
E00082617,454,225,229
E00174498,212,88,124
E00177270,359,177,182
E00177305,120,67,53
E00177320,303,150,153
E00082851,307,157,150
E00082854,283,126,157
E00082856,419,198,221
E00082859,430,226,204
E00082849,339,168,171
E00082864,334,163,171
E00082865,437,222,215
E00082866,288,167,121
E00177287,332,184,148
E00177334,409,201,208
E00082916,359,168,191
E00082917,311,160,151
E00082918,436,235,201
E00082919,370,193,177
E00082922,547,237,310
E00082909,328,157,171
E00082920,288,142,146
E00082923,409,247,162
E00082924,281,139,142
E00082926,459,256,203
E00082910,351,175,176
E00082927,297,147,150
E00082928,424,209,215
E00082929,268,136,132
E00082930,267,132,135
E00082797,359,159,200
E00082801,231,129,102
E00082803,277,138,139
E00082804,306,153,153
E00082806,301,159,142
E00082782,489,248,241
E00082802,323,152,171
E00082805,307,158,149
E00082807,308,147,161
E00082808,425,232,193
E00082783,241,122,119
E00082784,201,95,106
E00082785,339,153,186
E00082788,256,125,131
E00082789,342,170,172
E00082813,230,104,126
E00082787,356,158,198
E00082792,384,195,189
E00082809,292,140,152
E00082810,371,189,182
E00082811,274,135,139
E00082812,253,128,125
E00082814,336,157,179
E00082786,382,193,189
E00082795,398,206,192
E00082799,436,227,209
E00082800,383,210,173
E00082815,365,167,198
E00082717,405,196,209
E00082722,398,198,200
E00082724,366,166,200
E00082729,306,134,172
E00082734,302,128,174
E00082714,367,199,168
E00082731,327,167,160
E00082733,317,150,167
E00082735,274,143,131
E00082715,297,143,154
E00082732,275,134,141
E00082736,367,167,200
E00082738,401,188,213
E00082740,536,263,273
E00082726,344,164,180
E00082727,370,194,176
E00082728,414,176,238
E00082730,370,173,197
E00177245,215,92,123
E00177306,303,133,170
E00177339,135,68,67
E00082906,327,173,154
E00082932,265,140,125
E00082934,327,173,154
E00174476,404,180,224
E00174480,464,253,211
E00082908,353,160,193
E00082915,427,206,221
E00082921,355,149,206
E00082925,302,155,147
E00082933,390,203,187
E00082937,332,174,158
E00082947,421,224,197
E00082959,455,235,220
E00082960,266,140,126
E00082962,294,151,143
E00082963,339,188,151
E00082935,335,174,161
E00082941,332,184,148
E00082944,308,155,153
E00082945,273,147,126
E00082948,315,150,165
E00082940,318,171,147
E00082950,317,168,149
E00082954,312,169,143
E00082958,350,174,176
E00082938,309,157,152
E00082942,290,163,127
E00082943,190,109,81
E00082946,283,136,147
E00082961,336,166,170
E00082936,302,159,143
E00082953,332,175,157
E00082955,309,152,157
E00082956,324,169,155
E00082957,315,169,146
E00082939,443,214,229
E00082949,321,165,156
E00082951,336,162,174
E00082952,325,169,156
E00082704,363,180,183
E00082708,419,215,204
E00174473,1155,619,536
E00174478,836,433,403
E00177239,777,424,353
E00082702,300,160,140
E00082703,393,197,196
E00082709,348,184,164
E00082712,361,178,183
E00082713,305,143,162
E00082689,474,238,236
E00082692,416,203,213
E00082693,383,213,170
E00082694,381,194,187
E00082907,428,210,218
E00082911,339,176,163
E00082912,305,135,170
E00082913,353,175,178
E00082914,304,148,156
E00082691,308,168,140
E00082695,428,223,205
E00082697,456,225,231
E00082711,393,187,206
E00082705,344,164,180
E00082706,316,161,155
E00082707,370,188,182
E00082710,377,191,186
E00082718,327,159,168
E00082737,396,212,184
E00082739,316,147,169
E00082741,460,215,245
E00082742,289,145,144
E00083047,399,202,197
E00083048,350,179,171
E00083050,411,205,206
E00083051,268,133,135
E00083043,292,152,140
E00083044,336,169,167
E00083045,347,178,169
E00083046,317,153,164
E00083049,343,189,154
E00083039,355,169,186
E00083040,333,163,170
E00083041,310,155,155
E00083042,394,198,196
E00174529,369,197,172
E00174536,377,190,187
E00177242,169,82,87
E00177279,236,103,133
E00177308,329,156,173
E00177323,231,111,120
E00177350,274,133,141
E00177353,460,221,239
E00174534,256,115,141
E00174550,207,92,115
E00177264,200,95,105
E00177301,440,212,228
E00177302,284,128,156
E00082690,346,163,183
E00082696,415,215,200
E00082698,291,144,147
E00082699,343,173,170
E00082700,373,193,180
E00083025,381,201,180
E00083026,309,140,169
E00083028,337,165,172
E00083052,405,202,203
E00083027,436,221,215
E00083033,425,199,226
E00083034,322,156,166
E00177256,249,132,117
E00177356,556,281,275
E00083022,498,246,252
E00083029,372,182,190
E00083031,336,175,161
E00083032,328,164,164
E00083023,258,132,126
E00083035,277,133,144
E00083036,301,141,160
E00083037,325,166,159
E00083038,369,192,177
E00082590,358,166,192
E00082608,351,167,184
E00082612,390,190,200
E00082613,339,158,181
E00082620,338,166,172
E00082623,318,154,164
E00082605,253,111,142
E00174483,346,165,181
E00174484,554,238,316
E00174486,386,194,192
E00174487,420,194,226
E00174512,211,96,115
E00174490,357,167,190
E00174492,159,69,90
E00174494,200,101,99
E00174495,372,161,211
E00174520,343,170,173
E00082592,251,129,122
E00082595,232,99,133
E00082615,242,109,133
E00082619,468,215,253
E00174508,186,94,92
E00082790,386,196,190
E00082791,168,79,89
E00082793,300,145,155
E00082794,439,235,204
E00082796,268,147,121
E00082798,541,274,267
E00082596,322,158,164
E00082597,289,140,149
E00174497,324,155,169
E00174518,190,80,110
E00174522,160,78,82
E00082599,248,111,137
E00082621,314,149,165
E00174509,364,183,181
E00174511,389,199,190
E00174514,488,262,226
E00082721,263,119,144
E00174515,480,223,257
E00177269,617,322,295
E00082719,521,226,295
E00174517,296,147,149
E00177247,173,79,94
E00177330,598,294,304
E00177348,101,37,64
E00083082,362,187,175
E00083083,268,145,123
E00083084,327,184,143
E00083087,308,159,149
E00083106,354,180,174
E00083094,401,202,199
E00083095,337,187,150
E00083096,351,185,166
E00083099,403,175,228
E00083101,365,204,161
E00083089,354,174,180
E00083091,467,244,223
E00083092,396,200,196
E00083103,383,193,190
E00083105,359,192,167
E00083079,391,200,191
E00083080,327,170,157
E00083085,383,190,193
E00083097,300,159,141
E00083098,310,168,142
E00083088,353,177,176
E00083090,409,209,200
E00083093,305,142,163
E00083100,313,167,146
E00083102,278,153,125
E00083078,469,241,228
E00083086,415,210,205
E00083104,330,176,154
E00188416,415,205,210
E00188520,479,243,236
E00083247,548,244,304
E00083248,460,218,242
E00083251,585,295,290
E00083252,521,265,256
E00083236,555,271,284
E00083237,363,196,167
E00083246,553,269,284
E00083249,361,181,180
E00083234,332,184,148
E00083238,537,272,265
E00083244,535,245,290
E00083245,486,251,235
E00083240,305,167,138
E00083241,448,230,218
E00083242,304,172,132
E00083243,340,175,165
E00083250,298,140,158
E00083253,540,249,291
E00083254,414,199,215
E00083255,504,234,270
E00083256,369,188,181
E00083232,334,171,163
E00083233,415,204,211
E00083235,445,221,224
E00083239,403,192,211
E00083257,338,171,167
E00083285,342,187,155
E00083287,260,132,128
E00083308,389,202,187
E00083311,261,139,122
E00083280,555,278,277
E00083284,377,183,194
E00083303,304,158,146
E00083304,219,111,108
E00083310,451,225,226
E00083283,338,175,163
E00083286,216,97,119
E00083305,288,149,139
E00083307,312,152,160
E00083309,316,157,159
E00083282,209,105,104
E00083288,312,171,141
E00083294,285,151,134
E00083301,262,142,120
E00083306,306,172,134
E00083289,344,178,166
E00083297,316,168,148
E00083300,368,187,181
E00083302,396,184,212
E00083290,283,138,145
E00083291,322,165,157
E00083292,340,171,169
E00083296,371,194,177
E00083299,345,159,186
E00083281,309,166,143
E00083293,403,213,190
E00083295,211,110,101
E00083298,442,239,203
E00083068,517,274,243
E00083070,488,254,234
E00083071,361,179,182
E00083073,388,191,197
E00083053,476,241,235
E00083058,538,275,263
E00083074,404,222,182
E00083075,513,233,280
E00083056,469,229,240
E00083057,412,219,193
E00083076,437,229,208
E00083077,419,219,200
E00083054,465,232,233
E00083060,450,216,234
E00083062,538,269,269
E00083063,429,220,209
E00083059,440,219,221
E00083061,436,218,218
E00166679,425,205,220
E00166681,321,174,147
E00166685,259,123,136
E00166686,245,133,112
E00166687,328,153,175
E00083065,426,219,207
E00083066,497,238,259
E00083067,443,241,202
E00083069,467,232,235
E00188367,437,226,211
E00188485,212,108,104
E00083387,423,220,203
E00083388,568,297,271
E00083389,470,225,245
E00083400,499,251,248
E00083396,559,277,282
E00083398,535,248,287
E00083399,416,208,208
E00083403,217,111,106
E00083390,516,237,279
E00083391,315,148,167
E00083392,363,190,173
E00083393,291,150,141
E00083397,442,217,225
E00083406,395,206,189
E00083407,466,227,239
E00083408,433,225,208
E00083411,307,165,142
E00166683,126,78,48
E00166684,167,83,84
E00166709,528,285,243
E00166718,559,300,259
E00083394,496,266,230
E00083395,410,208,202
E00083404,385,193,192
E00083412,491,254,237
E00083401,535,259,276
E00083402,362,187,175
E00083409,350,182,168
E00083410,565,272,293
E00083413,310,169,141
E00083163,287,146,141
E00083169,328,181,147
E00083170,424,212,212
E00083173,527,270,257
E00083164,368,179,189
E00083165,370,181,189
E00083178,385,183,202
E00166716,334,165,169
E00166717,539,283,256
E00083168,448,212,236
E00083171,286,151,135
E00083172,412,203,209
E00083174,354,182,172
E00083175,321,157,164
E00083162,368,184,184
E00083166,347,161,186
E00083176,328,167,161
E00083177,455,232,223
E00083182,280,137,143
E00083159,342,189,153
E00083167,390,196,194
E00083179,373,190,183
E00083180,367,192,175
E00083156,301,155,146
E00083157,420,206,214
E00083158,331,174,157
E00083160,376,195,181
E00083181,350,169,181
E00083183,341,178,163
E00083184,229,121,108
E00083185,333,169,164
E00188431,468,241,227
E00188432,210,109,101
E00188441,497,261,236
E00188496,413,203,210
E00188499,230,109,121
E00083187,495,237,258
E00083193,308,162,146
E00083198,241,119,122
E00083199,380,197,183
E00083202,322,171,151
E00083204,422,215,207
E00083194,442,228,214
E00083195,479,241,238
E00083203,589,305,284
E00166699,323,153,170
E00166711,410,204,206
E00083186,417,199,218
E00083188,399,208,191
E00083196,356,184,172
E00083197,343,178,165
E00083200,290,159,131
E00083192,302,147,155
E00083205,354,179,175
E00083207,281,136,145
E00083209,353,169,184
E00083210,256,130,126
E00166712,293,150,143
E00166714,236,129,107
E00188452,433,223,210
E00188453,337,171,166
E00083189,445,227,218
E00083208,296,147,149
E00083211,385,201,184
E00083212,308,158,150
E00083213,537,269,268
E00083145,533,207,326
E00083148,460,221,239
E00083151,427,218,209
E00166692,425,216,209
E00166695,382,191,191
E00166696,350,177,173
E00083146,593,291,302
E00083150,361,170,191
E00083153,442,225,217
E00166694,191,100,91
E00166697,445,216,229
E00083139,475,223,252
E00083141,463,215,248
E00083142,614,302,312
E00188414,310,161,149
E00188421,382,205,177
E00083134,564,284,280
E00083154,334,170,164
E00083155,382,185,197
E00166691,434,221,213
E00166693,276,141,135
E00166700,208,108,100
E00166710,290,143,147
E00166715,421,200,221
E00166688,482,247,235
E00188339,523,260,263
E00188373,198,103,95
E00188480,355,184,171
E00188495,244,119,125
E00083144,371,197,174
E00166690,503,246,257
E00188340,502,260,242
E00188546,577,268,309
E00083345,366,185,181
E00083353,465,239,226
E00083354,287,141,146
E00083358,388,185,203
E00083359,360,185,175
E00083339,212,103,109
E00083352,308,160,148
E00083356,387,184,203
E00083360,353,178,175
E00188456,454,234,220
E00188528,192,104,88
E00083347,364,192,172
E00083349,348,184,164
E00188359,499,241,258
E00188380,345,175,170
E00188514,340,175,165
E00188522,351,163,188
E00083340,306,154,152
E00083342,291,159,132
E00083343,352,182,170
E00083344,291,148,143
E00083350,425,225,200
E00083348,505,252,253
E00083351,370,184,186
E00083357,410,220,190
E00188356,421,198,223
E00188460,429,226,203
E00083363,392,180,212
E00083364,279,149,130
E00083371,318,168,150
E00083375,340,162,178
E00188398,170,84,86
E00188423,266,127,139
E00188435,237,116,121
E00188457,380,161,219
E00083362,417,225,192
E00083372,424,211,213
E00083374,348,187,161
E00083376,197,101,96
E00083378,368,185,183
E00083380,293,157,136
E00083373,413,202,211
E00083379,388,191,197
E00083383,436,221,215
E00166706,261,132,129
E00166708,348,178,170
E00166720,249,140,109
E00188375,296,155,141
E00188410,346,188,158
E00188413,280,132,148
E00188471,296,147,149
E00188504,255,125,130
E00083367,518,274,244
E00083368,342,175,167
E00083369,463,227,236
E00083370,310,152,158
E00083381,312,154,158
E00083382,407,207,200
E00083384,421,221,200
E00188348,187,91,96
E00083386,416,208,208
E00188409,364,180,184
E00188454,558,296,262
E00188510,511,245,266
E00083331,347,174,173
E00083333,496,253,243
E00083335,380,185,195
E00166705,417,206,211
E00166719,309,157,152
E00083312,397,201,196
E00083322,314,166,148
E00083324,372,199,173
E00083326,374,197,177
E00083328,337,171,166
E00083315,421,215,206
E00083317,358,185,173
E00083321,376,193,183
E00083323,435,228,207
E00083316,372,187,185
E00083330,415,200,215
E00083332,325,168,157
E00083334,253,120,133
E00083337,301,154,147
E00083313,475,233,242
E00083319,301,155,146
E00083329,486,258,228
E00083338,237,118,119
E00083314,418,214,204
E00083318,373,182,191
E00083320,380,201,179
E00083325,325,166,159
E00083327,321,174,147
E00083270,237,128,109
E00083273,303,164,139
E00083275,361,194,167
E00083276,563,278,285
E00083278,198,101,97
E00083279,387,200,187
E00083258,366,179,187
E00083259,379,192,187
E00083261,396,198,198
E00083262,354,177,177
E00083266,327,166,161
E00083263,374,182,192
E00083264,362,192,170
E00083265,294,156,138
E00083267,366,184,182
E00083269,408,202,206
E00166701,364,184,180
E00166702,374,198,176
E00166703,384,198,186
E00166704,420,223,197
E00083260,436,224,212
E00083268,359,186,173
E00083271,339,172,167
E00083272,360,182,178
E00083274,279,147,132
E00083214,409,218,191
E00083217,363,184,179
E00083218,517,259,258
E00083231,403,195,208
E00083219,369,196,173
E00083220,418,214,204
E00083222,306,170,136
E00083223,386,206,180
E00083215,255,117,138
E00083216,405,199,206
E00083221,262,132,130
E00083224,245,114,131
E00083226,348,167,181
E00083225,374,197,177
E00083227,433,204,229
E00083228,263,125,138
E00083229,314,153,161
E00083230,352,180,172
E00083112,452,201,251
E00083129,472,259,213
E00083130,407,204,203
E00083132,528,263,265
E00083108,557,276,281
E00083115,558,287,271
E00188358,311,156,155
E00188361,388,207,181
E00188439,348,174,174
E00188543,153,73,80
E00083113,412,208,204
E00083114,335,181,154
E00083117,572,283,289
E00188353,338,156,182
E00188429,258,116,142
E00188535,563,287,276
E00188542,369,198,171
E00083123,258,116,142
E00083124,560,250,310
E00083125,400,197,203
E00083127,398,199,199
E00083128,596,305,291
E00083120,465,224,241
E00083121,595,295,300
E00083122,380,196,184
E00188411,339,166,173
E00188489,307,151,156
E00083109,493,237,256
E00083110,453,232,221
E00188483,287,127,160
E00188509,399,189,210
E00188544,237,121,116
E00188545,210,107,103
E00083116,462,239,223
E00166680,617,284,333
E00166682,622,304,318
E00083658,300,166,134
E00083660,356,193,163
E00083673,386,193,193
E00083674,274,154,120
E00083676,247,126,121
E00083662,411,214,197
E00083668,385,199,186
E00083677,281,136,145
E00083679,285,154,131
E00083718,437,217,220
E00083719,428,235,193
E00083720,373,193,180
E00083726,396,204,192
E00083809,173,94,79
E00083810,294,152,142
E00083811,352,178,174
E00083817,295,159,136
E00083460,333,172,161
E00083462,245,136,109
E00083466,426,221,205
E00083468,258,143,115
E00083469,342,179,163
E00083454,258,129,129
E00083455,316,168,148
E00083456,333,167,166
E00083457,163,81,82
E00083467,350,169,181
E00083458,418,217,201
E00083459,129,64,65
E00083463,281,145,136
E00083464,345,168,177
E00083471,366,184,182
E00083474,383,206,177
E00083461,341,170,171
E00083465,342,178,164
E00083470,196,102,94
E00083472,333,173,160
E00083473,356,179,177
E00083475,327,164,163
E00083702,167,83,84
E00083707,415,209,206
E00083708,470,238,232
E00083709,390,203,187
E00083715,306,148,158
E00083695,235,131,104
E00083696,231,112,119
E00083698,357,180,177
E00083699,333,167,166
E00083700,372,195,177
E00083701,277,144,133
E00083697,207,98,109
E00083703,437,216,221
E00083704,262,126,136
E00083705,302,153,149
E00083706,241,125,116
E00083661,414,194,220
E00083671,392,186,206
E00083675,360,190,170
E00188427,324,183,141
E00188513,330,167,163
E00083659,382,200,182
E00083666,425,228,197
E00083667,371,182,189
E00083678,326,177,149
E00083663,305,155,150
E00083664,327,169,158
E00083665,308,156,152
E00083670,356,186,170
E00083672,297,143,154
E00083797,346,190,156
E00083813,301,158,143
E00083814,292,144,148
E00083815,388,192,196
E00083816,340,179,161
E00083725,337,168,169
E00083727,307,166,141
E00083728,326,162,164
E00083731,306,160,146
E00188354,319,170,149
E00188433,307,154,153
E00083716,245,115,130
E00083717,334,173,161
E00083732,261,127,134
E00083735,288,142,146
E00083736,326,171,155
E00083737,241,122,119
E00083721,381,208,173
E00083722,366,186,180
E00083723,311,152,159
E00083724,281,138,143
E00083756,324,164,160
E00083758,500,251,249
E00083769,353,174,179
E00083774,349,171,178
E00188436,333,169,164
E00188458,252,128,124
E00188507,215,115,100
E00083762,360,192,168
E00083763,471,247,224
E00083764,412,204,208
E00083775,310,161,149
E00188403,193,104,89
E00188446,302,154,148
E00083430,363,171,192
E00083434,410,208,202
E00083435,424,228,196
E00083450,312,158,154
E00083452,286,150,136
E00083443,309,158,151
E00083444,390,191,199
E00083445,302,150,152
E00083446,343,172,171
E00083447,355,180,175
E00083432,378,193,185
E00083441,547,284,263
E00083442,506,249,257
E00083449,396,218,178
E00083453,336,163,173
E00083476,225,126,99
E00083488,216,97,119
E00083489,295,147,148
E00083490,338,155,183
E00083491,482,236,246
E00083496,373,186,187
E00083729,430,205,225
E00083730,358,173,185
E00083738,254,141,113
E00083739,364,189,175
E00188518,324,157,167
E00188534,357,167,190
E00188539,261,129,132
E00166729,410,211,199
E00166730,256,134,122
E00166731,280,134,146
E00166732,124,83,41
E00166733,264,132,132
E00083772,339,175,164
E00083773,493,225,268
E00083776,376,199,177
E00188418,209,105,104
E00188438,180,88,92
E00188521,201,83,118
E00083429,437,237,200
E00083433,363,170,193
E00083438,316,160,156
E00083448,379,197,182
E00083451,324,175,149
E00083431,308,165,143
E00083436,336,168,168
E00083437,283,151,132
E00083439,375,211,164
E00083440,310,158,152
E00083478,397,197,200
E00083480,348,189,159
E00083484,288,139,149
E00083485,314,165,149
E00083487,290,150,140
E00083799,308,163,145
E00083806,339,184,155
E00083807,351,191,160
E00083808,430,241,189
E00083798,322,167,155
E00083802,264,130,134
E00083804,372,192,180
E00083812,377,196,181
E00083818,313,174,139
E00083800,427,227,200
E00083801,266,143,123
E00083803,366,195,171
E00083805,293,150,143
E00083819,305,158,147
E00083481,394,197,197
E00083483,359,177,182
E00083486,366,194,172
E00083497,229,130,99
E00083482,475,248,227
E00083492,388,197,191
E00166727,555,279,276
E00166728,402,192,210
E00083477,282,141,141
E00083493,361,180,181
E00083494,306,144,162
E00083495,363,173,190
E00083498,291,148,143
E00083760,430,204,226
E00083761,383,195,188
E00083765,348,178,170
E00083777,232,110,122
E00083779,431,226,205
E00083757,534,295,239
E00083766,358,183,175
E00083778,357,175,182
E00083780,338,179,159
E00083617,325,169,156
E00083618,460,237,223
E00083620,355,175,180
E00083626,351,178,173
E00083605,264,132,132
E00083611,327,159,168
E00083612,360,180,180
E00083622,313,156,157
E00083624,297,167,130
E00083609,473,239,234
E00083610,409,214,195
E00083616,291,140,151
E00083621,309,159,150
E00083623,333,156,177
E00083606,339,175,164
E00083613,347,168,179
E00083619,332,163,169
E00083625,357,186,171
E00083607,305,150,155
E00083608,327,163,164
E00083614,328,172,156
E00083615,411,214,197
E00083710,368,187,181
E00083711,315,157,158
E00083712,250,138,112
E00083713,323,165,158
E00083714,298,155,143
E00083502,241,119,122
E00083503,368,164,204
E00083504,405,201,204
E00083512,371,181,190
E00083522,226,122,104
E00083500,280,148,132
E00083506,481,243,238
E00083513,255,136,119
E00083516,338,176,162
E00083518,261,135,126
E00083505,406,214,192
E00083507,331,161,170
E00083508,313,143,170
E00083515,295,159,136
E00083509,332,166,166
E00083511,239,120,119
E00083514,348,168,180
E00083519,305,158,147
E00083499,361,192,169
E00083501,133,61,72
E00083510,361,173,188
E00083517,280,152,128
E00083520,290,140,150
E00083521,523,282,241
E00083524,279,134,145
E00083525,295,140,155
E00083526,255,137,118
E00083533,564,160,404
E00083535,271,136,135
E00083547,339,178,161
E00083643,263,115,148
E00083644,133,66,67
E00083645,165,89,76
E00083647,293,142,151
E00083648,317,159,158
E00166726,1706,220,1486
E00188337,296,160,136
E00083652,299,154,145
E00083653,337,178,159
E00083654,350,175,175
E00083657,298,156,142
E00083650,251,126,125
E00083651,276,149,127
E00083655,222,119,103
E00083656,313,162,151
E00083629,320,160,160
E00083630,391,203,188
E00083632,383,196,187
E00083633,349,180,169
E00083636,321,179,142
E00083627,341,184,157
E00083631,309,160,149
E00083637,288,147,141
E00083638,353,186,167
E00083642,386,191,195
E00083628,271,140,131
E00083634,332,177,155
E00083635,289,136,153
E00083639,219,120,99
E00083640,262,130,132
E00083641,325,168,157
E00083680,356,169,187
E00083681,476,232,244
E00083682,371,197,174
E00083690,246,134,112
E00083692,419,208,211
E00083523,282,143,139
E00083528,249,147,102
E00083530,379,194,185
E00083531,173,89,84
E00083532,350,200,150
E00083534,374,204,170
E00083538,310,151,159
E00083527,287,153,134
E00083529,311,153,158
E00083543,300,158,142
E00083544,309,163,146
E00083545,261,148,113
E00083546,286,150,136
E00083550,324,174,150
E00083554,339,171,168
E00083555,396,138,258
E00083556,424,220,204
E00083563,393,222,171
E00083573,416,235,181
E00083581,300,155,145
E00083582,320,157,163
E00083583,317,160,157
E00083564,305,161,144
E00083566,303,150,153
E00083568,302,137,165
E00083576,371,193,178
E00083584,300,157,143
E00083565,328,168,160
E00083570,285,146,139
E00083579,326,175,151
E00083586,212,110,102
E00083587,350,191,159
E00083588,291,144,147
E00083589,228,117,111
E00083593,255,137,118
E00083596,251,142,109
E00083597,269,131,138
E00083598,295,149,146
E00083600,355,194,161
E00083591,315,180,135
E00083599,345,185,160
E00083603,374,185,189
E00083604,413,193,220
E00083549,485,227,258
E00083553,304,155,149
E00083557,252,126,126
E00083561,304,158,146
E00083562,554,273,281
E00083548,529,267,262
E00083551,322,170,152
E00083552,283,147,136
E00083558,357,187,170
E00083559,247,155,92
E00083560,275,140,135
E00083567,358,182,176
E00083569,318,178,140
E00083575,348,179,169
E00083578,446,244,202
E00083585,306,171,135
E00083571,366,171,195
E00083572,373,192,181
E00083574,283,155,128
E00083577,240,124,116
E00083580,371,192,179
E00083590,326,163,163
E00083592,296,156,140
E00083594,252,132,120
E00083595,393,205,188
E00083601,266,131,135
E00083602,332,175,157
E00083536,278,150,128
E00083537,280,151,129
E00083539,267,149,118
E00083540,260,127,133
E00083541,241,120,121
E00083542,298,152,146
E00083782,374,190,184
E00083784,405,229,176
E00083788,355,175,180
E00083792,370,191,179
E00083794,330,172,158
E00083785,426,202,224
E00083786,278,145,133
E00083787,342,183,159
E00083791,381,191,190
E00083793,229,112,117
E00083795,307,160,147
E00083781,301,146,155
E00083783,387,197,190
E00083789,304,159,145
E00083790,392,214,178
E00083796,339,158,181
E00083683,430,220,210
E00083685,406,197,209
E00083686,440,219,221
E00083691,300,152,148
E00083694,324,157,167
E00083684,268,141,127
E00083687,375,187,188
E00083688,445,224,221
E00083689,390,196,194
E00083693,333,174,159
E00083740,349,192,157
E00083741,322,154,168
E00083743,303,152,151
E00083744,466,236,230
E00083755,315,151,164
E00083742,345,175,170
E00083749,442,213,229
E00083751,349,174,175
E00083752,250,125,125
E00083753,184,95,89
E00083754,260,135,125
E00083745,338,159,179
E00083746,329,160,169
E00083747,377,180,197
E00083748,337,177,160
E00083750,357,190,167
E00083416,414,211,203
E00083417,448,228,220
E00083418,288,150,138
E00083421,251,134,117
E00083426,469,231,238
E00083419,431,226,205
E00083420,377,199,178
E00083422,449,260,189
E00083427,312,169,143
E00083414,302,163,139
E00083415,439,197,242
E00083423,170,85,85
E00083424,329,172,157
E00083425,330,176,154
E00166723,325,168,157
E00166724,225,103,122
E00083840,343,175,168
E00083842,298,156,142
E00083844,309,159,150
E00083845,334,172,162
E00083854,305,160,145
E00083855,276,153,123
E00083820,289,149,140
E00083822,311,159,152
E00083824,303,181,122
E00083832,385,203,182
E00083833,299,153,146
E00083834,195,105,90
E00083823,497,243,254
E00083830,431,251,180
E00083835,411,184,227
E00083836,383,203,180
E00166734,521,271,250
E00083821,285,145,140
E00083827,325,169,156
E00083828,380,194,186
E00083829,288,159,129
E00083831,333,170,163
E00083839,363,200,163
E00083846,309,170,139
E00083848,347,175,172
E00083850,343,190,153
E00083857,305,156,149
E00083837,442,220,222
E00083851,343,167,176
E00083856,320,172,148
E00166721,538,466,72
E00166722,329,169,160
E00083838,330,166,164
E00083841,329,163,166
E00083843,289,155,134
E00083847,275,159,116
E00083852,358,180,178
E00083853,372,195,177
E00084168,253,133,120
E00084170,385,203,182
E00084174,282,141,141
E00084175,351,174,177
E00084179,306,159,147
E00084162,360,176,184
E00084163,249,137,112
E00084164,201,97,104
E00084165,306,162,144
E00084169,324,155,169
E00084160,216,115,101
E00084161,259,127,132
E00084166,353,183,170
E00084167,126,70,56
E00084171,280,142,138
E00084172,304,144,160
E00084173,227,121,106
E00084176,211,111,100
E00084177,209,119,90
E00084178,321,169,152
E00083902,415,200,215
E00083903,575,280,295
E00083905,266,125,141
E00083906,379,199,180
E00083901,337,171,166
E00083904,255,123,132
E00083907,388,191,197
E00083908,275,139,136
E00083909,273,129,144
E00084239,363,184,179
E00084242,252,129,123
E00084243,325,163,162
E00084254,331,166,165
E00084256,291,167,124
E00084240,320,163,157
E00084244,286,145,141
E00084245,280,150,130
E00084246,176,92,84
E00084247,313,157,156
E00084252,454,227,227
E00084253,369,198,171
E00084255,206,100,106
E00084257,309,169,140
E00084258,248,114,134
E00084241,439,226,213
E00084248,281,138,143
E00084249,313,150,163
E00084250,307,161,146
E00084251,255,123,132
E00083910,280,150,130
E00083911,311,150,161
E00083912,326,160,166
E00083915,348,171,177
E00083924,281,144,137
E00083919,286,155,131
E00083920,346,184,162
E00083921,302,155,147
E00083922,292,145,147
E00083923,297,149,148
E00083913,327,169,158
E00083917,351,185,166
E00083918,373,180,193
E00083927,347,176,171
E00084209,364,179,185
E00084210,486,245,241
E00084211,340,175,165
E00084212,395,186,209
E00084204,431,233,198
E00084205,251,133,118
E00084206,297,154,143
E00084207,323,157,166
E00084208,313,146,167
E00083914,297,133,164
E00083916,323,164,159
E00083925,250,132,118
E00083926,294,145,149
E00084070,324,157,167
E00084072,301,153,148
E00084075,279,146,133
E00084076,359,182,177
E00084077,199,99,100
E00084082,406,184,222
E00084083,330,159,171
E00084089,257,136,121
E00188426,365,190,175
E00188445,307,160,147
E00188451,386,201,185
E00188479,359,184,175
E00188508,343,173,170
E00084084,470,238,232
E00084091,297,159,138
E00084092,253,137,116
E00084093,391,218,173
E00084085,316,157,159
E00084094,299,160,139
E00084095,304,160,144
E00084096,467,240,227
E00084097,320,164,156
E00083890,237,121,116
E00083891,348,175,173
E00083892,376,190,186
E00083893,278,139,139
E00083899,283,155,128
E00083894,291,145,146
E00083895,231,126,105
E00083896,357,173,184
E00083897,341,172,169
E00083898,423,201,222
E00083887,330,167,163
E00083889,309,163,146
E00083900,306,160,146
E00188425,346,176,170
E00188437,360,189,171
E00188475,416,208,208
E00084079,379,187,192
E00084101,211,118,93
E00084102,237,129,108
E00084103,295,145,150
E00084104,306,159,147
E00084105,330,161,169
E00083875,407,209,198
E00083877,396,190,206
E00083880,372,183,189
E00083886,352,175,177
E00083876,421,203,218
E00083878,375,184,191
E00083879,387,188,199
E00083881,358,182,176
E00083882,364,174,190
E00083883,131,61,70
E00083884,408,205,203
E00083885,422,207,215
E00084113,328,172,156
E00084129,300,148,152
E00084130,363,186,177
E00084131,328,171,157
E00084111,423,210,213
E00084119,298,145,153
E00084121,400,208,192
E00084123,238,117,121
E00084126,351,173,178
E00084120,424,219,205
E00084122,429,227,202
E00084124,436,210,226
E00084125,357,175,182
E00084127,319,159,160
E00084078,380,195,185
E00084081,329,161,168
E00084098,318,147,171
E00084099,274,134,140
E00084080,314,157,157
E00084086,286,156,130
E00084087,367,182,185
E00084088,299,154,145
E00084100,340,179,161
E00084215,308,155,153
E00084216,301,165,136
E00084223,195,102,93
E00084224,337,155,182
E00084213,337,173,164
E00084214,340,170,170
E00084225,259,143,116
E00084227,294,155,139
E00084221,282,139,143
E00084222,329,160,169
E00084228,263,136,127
E00188393,510,252,258
E00188394,311,161,150
E00188523,425,208,217
E00084217,267,141,126
E00084218,329,169,160
E00084219,257,133,124
E00084226,237,129,108
E00084229,284,143,141
E00084044,336,171,165
E00084047,240,117,123
E00084061,311,143,168
E00084063,343,161,182
E00084049,436,220,216
E00084062,316,159,157
E00084065,340,173,167
E00084066,305,139,166
E00084106,319,159,160
E00084109,395,210,185
E00084110,320,153,167
E00084112,301,155,146
E00084115,244,116,128
E00084107,345,175,170
E00084108,364,173,191
E00084116,379,188,191
E00084128,320,158,162
E00084042,315,155,160
E00084056,275,152,123
E00084118,346,182,164
E00188402,1709,1008,701
E00188477,120,63,57
E00084043,337,175,162
E00084057,341,177,164
E00084060,345,173,172
E00084114,409,193,216
E00084012,335,169,166
E00084015,380,194,186
E00084025,404,208,196
E00167046,355,189,166
E00167047,359,186,173
E00084277,382,192,190
E00084281,332,168,164
E00084286,316,165,151
E00084299,513,263,250
E00084300,468,234,234
E00084278,327,156,171
E00084279,343,155,188
E00084282,445,233,212
E00084283,279,152,127
E00084284,444,227,217
E00084295,506,249,257
E00084296,372,193,179
E00084298,399,217,182
E00167042,373,191,182
E00188389,338,172,166
E00188474,348,185,163
E00188476,380,198,182
E00084280,259,155,104
E00084288,524,275,249
E00084292,319,165,154
E00084293,283,155,128
E00188386,348,175,173
E00188415,303,164,139
E00188497,283,147,136
E00083931,504,253,251
E00083933,331,169,162
E00083934,553,291,262
E00083935,356,176,180
E00083951,329,163,166
E00083932,286,143,143
E00083936,572,294,278
E00083940,302,159,143
E00083942,343,177,166
E00188350,358,186,172
E00188387,372,195,177
E00188540,352,170,182
E00084069,387,193,194
E00084071,329,161,168
E00084073,384,202,182
E00084074,374,183,191
E00084285,404,199,205
E00084289,343,181,162
E00084291,391,197,194
E00084294,402,206,196
E00084297,446,225,221
E00084020,311,161,150
E00084023,217,114,103
E00084024,278,142,136
E00084026,324,170,154
E00084029,324,158,166
E00084013,243,117,126
E00084018,270,139,131
E00084021,319,159,160
E00084022,247,126,121
E00084027,190,77,113
E00084028,265,131,134
E00084014,316,154,162
E00084017,368,171,197
E00084037,304,158,146
E00084038,299,146,153
E00084039,326,175,151
E00084016,390,194,196
E00084031,163,81,82
E00084032,247,128,119
E00084033,287,142,145
E00084036,378,188,190
E00084019,313,156,157
E00084034,326,163,163
E00084035,245,118,127
E00084040,268,135,133
E00084041,279,143,136
E00084045,271,135,136
E00084048,368,170,198
E00084058,289,146,143
E00084059,351,165,186
E00084064,191,90,101
E00084046,286,150,136
E00084050,261,134,127
E00084053,295,149,146
E00084067,307,154,153
E00084068,231,125,106
E00084051,320,147,173
E00084052,372,189,183
E00084054,315,162,153
E00084055,285,127,158
E00084184,385,192,193
E00084185,351,175,176
E00084186,358,185,173
E00167039,213,113,100
E00167040,347,171,176
E00167044,281,129,152
E00167045,330,161,169
E00084180,314,141,173
E00084181,334,165,169
E00084183,377,191,186
E00084187,340,152,188
E00084198,296,153,143
E00084201,444,224,220
E00167030,427,230,197
E00188349,404,199,205
E00188536,422,200,222
E00084203,351,200,151
E00167029,158,76,82
E00167033,421,208,213
E00167034,458,222,236
E00188417,322,171,151
E00167035,307,159,148
E00188381,364,188,176
E00188390,331,172,159
E00188430,369,188,181
E00188486,345,180,165
E00083947,333,182,151
E00083948,372,216,156
E00083949,379,196,183
E00083950,349,178,171
E00188341,227,125,102
E00188405,203,92,111
E00188472,266,139,127
E00084135,405,240,165
E00084136,271,153,118
E00084143,517,265,252
E00084144,370,183,187
E00084145,138,106,32
E00084148,405,223,182
E00084132,260,115,145
E00084134,269,148,121
E00084146,311,154,157
E00084151,311,176,135
E00084153,334,178,156
E00084155,339,184,155
E00084139,306,149,157
E00084141,333,173,160
E00084142,241,133,108
E00084158,307,173,134
E00188490,345,181,164
E00188500,319,168,151
E00084262,261,146,115
E00084264,420,211,209
E00084267,291,146,145
E00084269,249,128,121
E00084270,309,167,142
E00084272,278,147,131
E00084133,315,155,160
E00084138,264,147,117
E00084147,279,150,129
E00084149,293,156,137
E00188366,291,149,142
E00188420,273,147,126
E00188440,304,161,143
E00188473,262,138,124
E00188517,242,120,122
E00188529,271,133,138
E00084137,448,226,222
E00084152,311,140,171
E00084154,320,163,157
E00084156,325,170,155
E00188371,301,161,140
E00188379,354,179,175
E00188383,325,179,146
E00188419,354,187,167
E00188342,289,149,140
E00188360,323,156,167
E00188370,252,128,124
E00188400,377,175,202
E00188447,335,178,157
E00188530,357,174,183
E00084259,357,182,175
E00084263,324,164,160
E00084266,384,191,193
E00084268,277,138,139
E00084274,319,164,155
E00084275,364,181,183
E00083865,260,141,119
E00083866,270,139,131
E00083867,274,148,126
E00083868,269,141,128
E00083870,425,220,205
E00083871,508,243,265
E00188448,347,184,163
E00188531,331,168,163
E00083937,351,175,176
E00083938,395,214,181
E00083941,333,184,149
E00083944,304,162,142
E00083952,410,200,210
E00083957,421,206,215
E00083976,308,142,166
E00083977,356,178,178
E00083956,387,195,192
E00083971,351,182,169
E00083972,457,235,222
E00083973,222,101,121
E00083929,341,176,165
E00083930,361,182,179
E00083943,394,203,191
E00083945,355,175,180
E00083946,311,164,147
E00083958,332,175,157
E00083959,348,189,159
E00083974,367,194,173
E00083975,296,176,120
E00083953,285,147,138
E00083954,328,163,165
E00083960,364,190,174
E00083961,262,140,122
E00188434,296,151,145
E00188469,347,192,155
E00083963,296,155,141
E00083965,222,109,113
E00083966,274,153,121
E00083967,341,153,188
E00188455,186,98,88
E00188519,281,146,135
E00188527,238,118,120
E00188533,180,79,101
E00084260,284,146,138
E00084261,300,165,135
E00084271,445,215,230
E00084273,376,196,180
E00084276,342,179,163
E00084233,340,169,171
E00084234,306,149,157
E00084236,202,105,97
E00167036,206,100,106
E00167037,266,129,137
E00167038,158,72,86
E00188481,371,188,183
E00188516,378,200,178
E00084232,350,190,160
E00084235,363,182,181
E00084237,264,144,120
E00084238,316,153,163
E00188351,289,141,148
E00188364,319,165,154
E00188395,346,164,182
E00188412,335,180,155
E00188502,312,162,150
E00084199,286,155,131
E00084200,195,93,102
E00188346,391,196,195
E00188399,338,183,155
E00188404,312,153,159
E00188498,324,166,158
E00084191,603,308,295
E00188369,370,189,181
E00188397,343,180,163
E00188449,357,183,174
E00188482,333,161,172
E00084189,328,171,157
E00084195,319,169,150
E00084196,360,189,171
E00084197,300,155,145
E00188493,357,181,176
E00083864,284,149,135
E00083869,233,121,112
E00083872,386,210,176
E00188374,281,141,140
E00188424,410,194,216
E00188461,340,177,163
E00083858,351,193,158
E00083860,412,203,209
E00167043,333,173,160
E00188338,498,246,252
E00167048,465,242,223
E00167049,294,155,139
E00188355,255,126,129
E00188525,406,205,201
E00083996,340,175,165
E00083998,187,95,92
E00083999,306,150,156
E00084000,207,105,102
E00084002,317,157,160
E00084004,384,201,183
E00084005,232,112,120
E00084008,397,197,200
E00188347,305,160,145
E00188465,324,158,166
E00188503,324,162,162
E00083955,368,182,186
E00083968,344,178,166
E00083969,357,183,174
E00083970,302,157,145
E00083981,336,172,164
E00083985,404,200,204
E00083987,339,180,159
E00083992,398,193,205
E00083982,383,183,200
E00083989,371,185,186
E00083990,375,182,193
E00083980,339,178,161
E00083984,273,140,133
E00083986,307,158,149
E00083988,359,177,182
E00083978,341,174,167
E00083979,252,126,126
E00083983,329,177,152
E00083991,316,163,153
E00083993,345,168,177
E00083997,322,164,158
E00084003,296,156,140
E00084006,338,167,171
E00084007,323,172,151
E00084009,299,151,148
E00083994,359,181,178
E00083995,450,222,228
E00084010,308,149,159
E00084011,270,150,120
E00084304,321,152,169
E00084314,556,185,371
E00084316,486,220,266
E00084317,281,150,131
E00084305,302,155,147
E00084306,321,164,157
E00084308,330,178,152
E00084315,452,221,231
E00084320,299,156,143
E00084311,264,129,135
E00084318,484,260,224
E00084319,384,183,201
E00084321,314,161,153
E00084324,360,172,188
E00084301,264,141,123
E00084302,293,144,149
E00084303,439,209,230
E00084307,354,167,187
E00084310,261,138,123
E00084309,348,167,181
E00084312,338,177,161
E00084313,326,168,158
E00084322,321,156,165
E00084323,327,168,159
E00084749,414,214,200
E00084757,359,187,172
E00084759,319,157,162
E00084760,294,160,134
E00084762,317,170,147
E00084738,148,79,69
E00084748,382,204,178
E00084750,260,139,121
E00084754,345,176,169
E00084755,339,178,161
E00084761,260,135,125
E00084745,309,161,148
E00084746,261,134,127
E00084751,290,149,141
E00084753,423,220,203
E00084758,318,153,165
E00084763,271,138,133
E00084747,320,166,154
E00084752,312,151,161
E00084756,565,293,272
E00084764,242,125,117
E00084765,238,125,113
E00084766,230,116,114
E00084739,460,239,221
E00084740,296,144,152
E00084742,307,147,160
E00084744,321,163,158
E00175406,409,211,198
E00084570,270,139,131
E00084571,144,78,66
E00084573,316,152,164
E00084575,273,133,140
E00183451,263,148,115
E00183452,368,187,181
E00084572,314,166,148
E00084576,299,155,144
E00084577,328,166,162
E00084578,561,288,273
E00084769,303,150,153
E00084777,291,152,139
E00084779,306,154,152
E00175405,413,201,212
E00084771,127,56,71
E00084772,143,85,58
E00084778,388,196,192
E00084780,321,164,157
E00084781,245,131,114
E00084782,225,120,105
E00084767,302,157,145
E00084773,338,163,175
E00084774,229,119,110
E00084775,228,112,116
E00084776,266,131,135
E00175463,342,173,169
E00175465,502,247,255
E00183672,205,107,98
E00183673,506,269,237
E00084568,310,171,139
E00084569,388,202,186
E00084579,282,144,138
E00084580,299,154,145
E00175455,520,266,254
E00183671,502,238,264
E00183674,114,58,56
E00183675,447,219,228
E00084701,306,159,147
E00084703,273,145,128
E00084705,303,154,149
E00084706,266,150,116
E00084707,297,152,145
E00084692,298,158,140
E00084698,367,208,159
E00084704,398,216,182
E00084708,301,147,154
E00084709,318,170,148
E00084693,290,152,138
E00084694,258,134,124
E00084710,323,160,163
E00084711,320,165,155
E00084712,373,180,193
E00084696,326,172,154
E00084697,341,166,175
E00084702,319,164,155
E00084713,354,180,174
E00084691,386,209,177
E00084695,309,158,151
E00084699,409,230,179
E00084700,343,170,173
E00084716,223,124,99
E00084720,331,173,158
E00084721,290,153,137
E00084723,280,136,144
E00084724,334,171,163
E00084722,327,179,148
E00084725,295,157,138
E00084726,306,159,147
E00084727,307,155,152
E00084715,220,108,112
E00084730,331,165,166
E00084736,320,160,160
E00084737,358,168,190
E00175410,249,126,123
E00175411,206,106,100
E00175412,456,251,205
E00084719,353,178,175
E00084728,235,111,124
E00084729,283,149,134
E00084731,338,180,158
E00084732,500,248,252
E00084717,303,145,158
E00084718,293,152,141
E00084733,327,176,151
E00084734,327,170,157
E00084735,316,164,152
E00084593,299,162,137
E00084597,303,155,148
E00084600,322,162,160
E00084605,403,211,192
E00084590,264,115,149
E00084594,314,162,152
E00084601,304,155,149
E00084604,306,151,155
E00084606,250,121,129
E00084584,320,163,157
E00084587,355,185,170
E00084588,340,174,166
E00084607,364,177,187
E00084589,317,161,156
E00084591,345,168,177
E00084592,293,149,144
E00084595,342,179,163
E00084609,338,175,163
E00084610,354,177,177
E00084612,382,184,198
E00084626,295,160,135
E00084793,320,171,149
E00084794,365,190,175
E00084795,392,200,192
E00084797,515,258,257
E00084799,419,222,197
E00084801,453,236,217
E00084805,416,197,219
E00084807,337,175,162
E00084808,311,150,161
E00084809,287,146,141
E00084788,339,152,187
E00084789,365,189,176
E00084790,365,192,173
E00084791,335,163,172
E00084932,361,175,186
E00084937,276,149,127
E00084938,468,245,223
E00084939,414,206,208
E00084941,331,171,160
E00084582,288,154,134
E00084585,295,145,150
E00084586,232,125,107
E00084598,245,127,118
E00084602,265,143,122
E00084630,290,153,137
E00084631,298,139,159
E00084632,273,135,138
E00084633,263,129,134
E00084635,206,111,95
E00084615,285,155,130
E00084617,356,169,187
E00084627,238,118,120
E00084628,291,147,144
E00084629,371,186,185
E00084616,287,135,152
E00084619,375,176,199
E00084622,326,168,158
E00175374,283,147,136
E00183627,323,164,159
E00183708,282,187,95
E00084955,363,180,183
E00084959,419,203,216
E00084960,311,164,147
E00084963,290,139,151
E00084964,324,158,166
E00084954,462,219,243
E00084957,319,164,155
E00084958,385,184,201
E00084961,361,178,183
E00084962,422,203,219
E00084942,268,143,125
E00084945,329,156,173
E00084948,367,191,176
E00084965,357,181,176
E00084966,353,187,166
E00084933,281,144,137
E00084934,323,169,154
E00084935,275,135,140
E00084936,334,156,178
E00084940,446,222,224
E00175461,318,178,140
E00183669,372,174,198
E00183670,109,49,60
E00084393,303,159,144
E00084395,284,148,136
E00084399,286,144,142
E00084401,418,166,252
E00084402,436,206,230
E00084583,453,244,209
E00084596,342,186,156
E00084599,222,117,105
E00084603,303,167,136
E00084608,313,157,156
E00084611,362,181,181
E00084613,325,160,165
E00084618,336,171,165
E00084621,343,202,141
E00084792,307,159,148
E00084796,216,109,107
E00084798,390,208,182
E00084800,348,172,176
E00084802,286,155,131
E00084803,315,154,161
E00084838,345,168,177
E00084842,271,144,127
E00084857,271,140,131
E00084859,371,189,182
E00084860,304,150,154
E00084847,309,160,149
E00084851,375,211,164
E00084853,276,146,130
E00084854,311,155,156
E00084855,273,145,128
E00084848,289,177,112
E00084849,270,140,130
E00084850,237,136,101
E00084852,361,183,178
E00084856,265,123,142
E00084858,370,197,173
E00084946,264,132,132
E00084947,365,191,174
E00084967,291,146,145
E00175404,439,244,195
E00175462,175,93,82
E00175464,287,134,153
E00175466,227,104,123
E00175459,208,100,108
E00175460,234,115,119
E00183676,220,101,119
E00183677,241,128,113
E00183678,317,170,147
E00183679,459,245,214
E00084372,271,136,135
E00084384,282,143,139
E00084386,344,181,163
E00084387,291,150,141
E00084388,247,127,120
E00084366,330,177,153
E00084369,326,150,176
E00084370,288,144,144
E00084375,305,161,144
E00084391,346,171,175
E00084785,281,137,144
E00084787,297,143,154
E00084804,232,118,114
E00084806,257,124,133
E00084810,213,112,101
E00084783,382,180,202
E00084784,378,198,180
E00084786,306,151,155
E00084811,351,178,173
E00084813,290,147,143
E00084814,336,180,156
E00084815,162,65,97
E00084816,405,220,185
E00084817,341,197,144
E00084840,396,208,188
E00084843,378,189,189
E00084845,405,222,183
E00084846,382,203,179
E00084831,186,95,91
E00084832,366,193,173
E00084833,308,157,151
E00084834,395,209,186
E00084944,328,153,175
E00084949,347,170,177
E00084950,401,201,200
E00084951,338,167,171
E00084952,434,227,207
E00084364,385,196,189
E00084380,312,161,151
E00084381,354,167,187
E00084382,283,140,143
E00084383,334,168,166
E00084365,388,194,194
E00084368,314,148,166
E00084385,229,136,93
E00084389,253,139,114
E00084390,402,217,185
E00084363,329,157,172
E00084367,332,163,169
E00084373,331,175,156
E00084379,250,125,125
E00084392,340,166,174
E00084371,474,216,258
E00084374,289,130,159
E00084376,361,173,188
E00084377,284,148,136
E00084378,383,202,181
E00084394,403,178,225
E00084396,434,198,236
E00084397,377,185,192
E00084398,328,140,188
E00084400,361,173,188
E00084406,444,206,238
E00084427,528,245,283
E00084430,460,219,241
E00084434,509,239,270
E00084436,349,158,191
E00084620,313,149,164
E00084623,247,130,117
E00084624,378,188,190
E00084625,298,155,143
E00175371,249,103,146
E00175372,223,99,124
E00175373,244,120,124
E00183625,228,109,119
E00183626,306,136,170
E00084439,163,75,88
E00084443,233,87,146
E00084444,218,83,135
E00175391,422,206,216
E00175393,394,170,224
E00183439,287,127,160
E00183440,123,55,68
E00183441,216,104,112
E00175392,283,129,154
E00175394,249,109,140
E00175395,178,81,97
E00175396,304,113,191
E00175397,288,124,164
E00175398,165,77,88
E00084637,402,196,206
E00084639,335,172,163
E00084641,345,166,179
E00084652,309,144,165
E00084819,363,178,185
E00084820,295,142,153
E00084821,217,98,119
E00084822,240,116,124
E00084823,271,136,135
E00084812,338,162,176
E00084826,260,137,123
E00084828,388,183,205
E00084830,316,151,165
E00084818,252,130,122
E00084824,286,141,145
E00084825,324,158,166
E00084827,347,163,184
E00084829,321,170,151
E00084419,271,131,140
E00084420,351,179,172
E00084422,312,145,167
E00084423,273,137,136
E00084426,394,184,210
E00084421,322,169,153
E00084425,355,181,174
E00084428,365,172,193
E00084429,356,178,178
E00084679,314,156,158
E00084680,487,231,256
E00084681,301,152,149
E00084682,251,127,124
E00084683,416,190,226
E00175407,352,158,194
E00175422,347,173,174
E00175423,328,181,147
E00175425,472,248,224
E00175437,347,171,176
E00175445,319,180,139
E00084678,316,161,155
E00175415,338,175,163
E00175424,337,166,171
E00175436,373,184,189
E00175446,338,162,176
E00175447,379,180,199
E00084405,499,210,289
E00084407,428,206,222
E00084435,352,184,168
E00084437,547,285,262
E00084424,294,141,153
E00084431,556,249,307
E00084432,445,206,239
E00084433,500,235,265
E00084974,507,244,263
E00084984,380,211,169
E00084994,310,152,158
E00175390,231,123,108
E00175402,238,135,103
E00175403,193,93,100
E00084972,411,207,204
E00084997,325,176,149
E00084998,369,178,191
E00084999,249,137,112
E00085000,302,150,152
E00084970,394,193,201
E00084971,277,136,141
E00084973,341,156,185
E00084976,357,172,185
E00084978,278,145,133
E00084636,584,284,300
E00084638,310,153,157
E00084640,323,163,160
E00084647,235,138,97
E00084653,320,168,152
E00084646,396,196,200
E00084648,400,215,185
E00084649,314,173,141
E00084668,331,183,148
E00084669,267,141,126
E00084642,221,117,104
E00084643,338,169,169
E00084644,351,172,179
E00084650,371,188,183
E00084651,337,167,170
E00084645,347,178,169
E00084656,414,212,202
E00084659,372,176,196
E00084660,327,181,146
E00084661,279,154,125
E00084408,380,202,178
E00084411,423,202,221
E00084414,407,193,214
E00084438,433,206,227
E00084404,405,210,195
E00084409,311,165,146
E00084410,353,178,175
E00084413,327,170,157
E00084415,367,198,169
E00084403,512,242,270
E00084412,365,181,184
E00084416,399,192,207
E00084417,411,212,199
E00084418,421,197,224
E00084968,603,314,289
E00084969,288,162,126
E00084975,272,143,129
E00084979,368,190,178
E00175399,192,103,89
E00175400,216,118,98
E00175401,228,117,111
E00084865,300,158,142
E00084872,260,138,122
E00084873,320,166,154
E00084880,337,157,180
E00084881,341,182,159
E00084877,369,189,180
E00084882,372,186,186
E00084887,270,126,144
E00084889,352,198,154
E00084892,280,131,149
E00084883,271,139,132
E00084885,301,150,151
E00084886,247,123,124
E00084888,316,159,157
E00084893,361,189,172
E00084863,371,187,184
E00084868,352,173,179
E00084870,407,201,206
E00084894,298,147,151
E00084895,300,153,147
E00084864,447,231,216
E00084866,302,157,145
E00084867,304,155,149
E00084871,382,179,203
E00084896,293,144,149
E00084982,385,210,175
E00084983,152,64,88
E00084986,400,217,183
E00084987,265,151,114
E00084988,336,171,165
E00084981,421,216,205
E00084985,388,193,195
E00084990,409,210,199
E00084993,457,233,224
E00084980,333,174,159
E00084991,298,147,151
E00084992,338,168,170
E00084995,320,175,145
E00084996,375,189,186
E00084331,174,87,87
E00084347,331,172,159
E00175383,268,128,140
E00175389,163,82,81
E00183641,172,85,87
E00183642,429,221,208
E00084326,329,121,208
E00084328,261,132,129
E00175385,412,218,194
E00175387,197,100,97
E00183643,261,136,125
E00183644,501,276,225
E00084445,363,187,176
E00084446,271,134,137
E00084447,449,230,219
E00183442,319,169,150
E00183443,314,160,154
E00084451,295,165,130
E00084454,360,184,176
E00084456,187,106,81
E00084457,290,153,137
E00084458,290,163,127
E00084862,364,178,186
E00084869,391,204,187
E00084884,338,172,166
E00084891,335,174,161
E00084450,271,128,143
E00183424,240,126,114
E00183703,156,73,83
E00183704,351,173,178
E00183705,211,99,112
E00183706,418,228,190
E00183707,282,138,144
E00084453,361,187,174
E00175414,434,215,219
E00175444,194,99,95
E00175511,235,112,123
E00183444,165,84,81
E00183445,492,259,233
E00183446,372,196,176
E00084532,343,180,163
E00084533,349,172,177
E00084534,384,212,172
E00084536,296,158,138
E00084537,326,162,164
E00084518,312,157,155
E00084519,291,154,137
E00084538,245,126,119
E00175467,239,130,109
E00175468,254,134,120
E00175469,395,195,200
E00175475,111,52,59
E00175477,370,188,182
E00084541,587,298,289
E00084542,270,131,139
E00084547,326,162,164
E00084566,335,179,156
E00084567,318,153,165
E00175470,394,198,196
E00175471,297,143,154
E00175480,328,163,165
E00175487,352,172,180
E00175492,399,199,200
E00084508,439,225,214
E00084535,479,252,227
E00175472,474,239,235
E00183447,275,136,139
E00183448,428,212,216
E00175473,360,181,179
E00175486,322,160,162
E00175491,322,158,164
E00175493,258,138,120
E00175494,339,175,164
E00084544,283,150,133
E00084559,231,120,111
E00084562,264,137,127
E00084563,250,131,119
E00084564,335,164,171
E00084565,303,162,141
E00084546,342,188,154
E00084548,533,289,244
E00084551,254,130,124
E00084556,249,127,122
E00084557,264,131,133
E00175478,369,180,189
E00175485,256,141,115
E00084550,318,167,151
E00084553,262,123,139
E00084555,337,168,169
E00084558,296,152,144
E00084560,314,173,141
E00084543,374,192,182
E00084549,388,197,191
E00084552,327,172,155
E00084554,301,166,135
E00084561,305,162,143
E00084459,393,207,186
E00084467,581,304,277
E00084478,286,137,149
E00084481,458,233,225
E00084460,292,155,137
E00084464,357,204,153
E00084465,330,178,152
E00084466,545,291,254
E00084468,443,235,208
E00084461,324,160,164
E00084470,271,140,131
E00084473,311,158,153
E00084475,364,195,169
E00084477,218,118,100
E00084469,275,144,131
E00084472,271,129,142
E00084474,299,163,136
E00084476,311,149,162
E00084480,272,137,135
E00084462,384,198,186
E00084463,260,142,118
E00084471,324,160,164
E00084479,327,167,160
E00084482,369,195,174
E00084509,353,195,158
E00084513,336,161,175
E00084539,418,199,219
E00084540,319,172,147
E00183449,359,191,168
E00183450,346,186,160
E00084510,376,198,178
E00084517,296,156,140
E00084522,391,195,196
E00084523,281,141,140
E00084524,277,138,139
E00084511,368,185,183
E00084525,295,157,138
E00084526,342,171,171
E00084527,309,150,159
E00084529,321,166,155
E00084530,301,151,150
E00084531,336,167,169
E00175474,330,163,167
E00175476,404,213,191
E00175479,573,290,283
E00183684,303,163,140
E00183685,441,230,211
E00183686,269,142,127
E00084520,508,257,251
E00084528,293,154,139
E00175481,309,152,157
E00175488,407,210,197
E00175490,335,169,166
E00084907,338,194,144
E00084917,295,170,125
E00084918,316,158,158
E00084919,385,200,185
E00084920,371,193,178
E00084911,288,145,143
E00084913,368,189,179
E00084927,297,158,139
E00084929,297,149,148
E00084930,311,168,143
E00084910,298,142,156
E00084926,306,163,143
E00084928,319,167,152
E00084931,303,146,157
E00084915,294,149,145
E00084921,320,166,154
E00084922,294,150,144
E00084923,336,168,168
E00084905,373,189,184
E00084906,349,166,183
E00084912,286,150,136
E00084914,294,153,141
E00084916,348,182,166
E00084334,339,180,159
E00084337,261,143,118
E00084340,380,197,183
E00084341,375,191,184
E00084344,344,185,159
E00084345,298,164,134
E00084336,516,269,247
E00084338,305,154,151
E00084339,520,251,269
E00084342,485,256,229
E00084343,425,214,211
E00084325,289,143,146
E00084329,347,168,179
E00084330,519,257,262
E00084332,394,186,208
E00084333,359,170,189
E00183437,441,226,215
E00183438,211,100,111
E00084483,316,155,161
E00084487,318,168,150
E00084488,367,193,174
E00084490,305,152,153
E00084493,357,180,177
E00084355,293,150,143
E00084356,279,143,136
E00084357,288,152,136
E00084358,317,159,158
E00175377,461,233,228
E00175379,364,186,178
E00175380,347,174,173
E00183628,115,58,57
E00183629,446,247,199
E00084353,432,216,216
E00084359,311,153,158
E00084360,291,150,141
E00084361,338,173,165
E00084362,356,183,173
E00084348,316,173,143
E00084349,410,212,198
E00084350,382,193,189
E00084351,319,178,141
E00084352,338,166,172
E00084908,315,183,132
E00084909,310,149,161
E00084924,294,139,155
E00084925,309,161,148
E00084485,372,196,176
E00084497,369,188,181
E00084499,376,181,195
E00084500,483,266,217
E00084501,417,221,196
E00084495,381,207,174
E00084498,352,179,173
E00084502,449,223,226
E00084504,623,328,295
E00084484,342,172,170
E00084489,385,226,159
E00084491,393,188,205
E00084492,328,174,154
E00084496,366,199,167
E00175382,231,117,114
E00183632,333,165,168
E00183635,305,154,151
E00183636,363,183,180
E00183637,550,273,277
E00183638,137,68,69
E00084486,372,186,186
E00084503,373,198,175
E00084505,420,218,202
E00084506,441,220,221
E00175384,301,152,149
E00183630,193,110,83
E00183631,270,136,134
E00183633,133,67,66
E00183634,383,196,187
E00183639,506,259,247
E00183640,257,139,118
E00175413,401,203,198
E00175416,381,175,206
E00175433,177,92,85
E00175442,475,251,224
E00175450,276,129,147
E00183645,380,180,200
E00183646,367,185,182
E00183647,194,101,93
E00175426,115,55,60
E00175427,277,142,135
E00175428,225,107,118
E00175430,387,195,192
E00175441,131,59,72
E00175448,191,94,97
E00175452,166,76,90
E00175454,133,68,65
E00175495,136,69,67
E00084674,340,168,172
E00175429,145,70,75
E00183453,246,116,130
E00183454,406,205,201
E00183460,299,145,154
E00183461,361,179,182
E00183455,346,180,166
E00183456,232,122,110
E00183457,516,273,243
E00183458,260,125,135
E00183459,123,61,62
E00183462,593,300,293
E00175417,180,92,88
E00175418,241,111,130
E00175431,259,138,121
E00175439,355,185,170
E00175440,191,95,96
E00175443,318,169,149
E00175451,273,136,137
E00175509,366,189,177
E00183667,132,64,68
E00183668,498,258,240
E00183654,583,289,294
E00183656,299,147,152
E00183658,208,99,109
E00183659,448,222,226
E00183662,315,163,152
E00183652,202,104,98
E00183653,329,157,172
E00183655,515,262,253
E00183657,276,133,143
E00183660,282,145,137
E00183663,291,131,160
E00183661,198,95,103
E00183664,251,138,113
E00183665,422,199,223
E00183687,311,154,157
E00183689,590,277,313
E00175419,136,69,67
E00175420,291,151,140
E00175421,210,105,105
E00175434,402,211,191
E00175449,151,69,82
E00183666,325,158,167
E00183688,265,133,132
E00084684,426,216,210
E00084686,391,193,198
E00084687,355,183,172
E00084688,344,196,148
E00084690,395,204,191
E00084861,303,153,150
E00084898,239,106,133
E00084900,300,156,144
E00084904,348,177,171
E00183472,200,113,87
E00183473,582,285,297
E00084897,522,309,213
E00084899,280,152,128
E00084901,374,195,179
E00084902,371,193,178
E00084874,292,145,147
E00084875,307,144,163
E00084876,283,142,141
E00084878,255,129,126
E00084879,274,139,135
E00084903,277,143,134
E00175496,284,160,124
E00175504,377,195,182
E00175505,299,147,152
E00175508,220,118,102
E00183690,229,116,113
E00183709,487,249,238
E00175497,257,128,129
E00175499,284,134,150
E00175500,307,174,133
E00175506,362,182,180
E00175507,279,142,137
E00084836,272,151,121
E00084837,276,146,130
E00084839,277,147,130
E00084841,280,146,134
E00084844,309,150,159
E00183464,256,135,121
E00183466,341,180,161
E00183467,364,184,180
E00183470,500,260,240
E00183471,126,59,67
E00183463,186,94,92
E00183465,581,285,296
E00183468,353,176,177
E00183469,290,150,140
E00175483,270,137,133
E00183680,301,161,140
E00183681,595,304,291
E00183682,353,180,173
E00183683,340,173,167
E00084664,291,154,137
E00084666,333,166,167
E00084667,330,159,171
E00183430,339,166,173
E00183431,401,202,199
E00084654,356,179,177
E00084655,401,196,205
E00084670,354,175,179
E00084671,360,182,178
E00183691,595,298,297
E00183692,431,220,211
E00183693,365,186,179
E00183694,277,153,124
E00183695,448,225,223
E00183696,131,67,64
E00183698,384,199,185
E00084657,312,150,162
E00084658,317,168,149
E00084662,309,184,125
E00175502,385,195,190
E00183422,425,203,222
E00183697,346,185,161
E00175498,253,126,127
E00183648,573,38,535
E00183649,142,65,77
E00183650,233,159,74
E00183651,117,79,38
E00085438,298,157,141
E00085442,284,156,128
E00085444,309,172,137
E00085448,310,169,141
E00085451,243,132,111
E00085418,361,184,177
E00085424,387,205,182
E00085427,329,177,152
E00085446,140,57,83
E00085450,369,204,165
E00085417,308,165,143
E00085447,375,191,184
E00085449,331,177,154
E00085452,234,117,117
E00085453,339,161,178
E00085410,321,156,165
E00085419,361,174,187
E00085420,307,155,152
E00085428,261,130,131
E00085429,298,148,150
E00085416,333,181,152
E00085437,304,160,144
E00085439,318,149,169
E00085441,352,180,172
E00085443,319,157,162
E00085295,479,248,231
E00085323,436,225,211
E00085324,327,160,167
E00085326,318,155,163
E00172916,657,356,301
E00172918,110,67,43
E00085296,310,153,157
E00085325,363,169,194
E00184764,160,77,83
E00184795,3328,1811,1517
E00085340,283,142,141
E00085342,390,206,184
E00085346,345,189,156
E00172912,170,86,84
E00184730,956,581,375
E00085341,313,159,154
E00085343,442,228,214
E00085344,389,212,177
E00085345,333,163,170
E00085412,376,188,188
E00085426,341,179,162
E00085431,258,124,134
E00085432,336,168,168
E00085433,280,169,111
E00085422,303,166,137
E00085430,335,180,155
E00085440,353,180,173
E00085445,259,137,122
E00085454,403,211,192
E00085844,323,164,159
E00085845,302,156,146
E00085863,297,147,150
E00085864,303,164,139
E00085865,289,149,140
E00085846,319,175,144
E00085866,320,166,154
E00085867,282,142,140
E00085869,277,141,136
E00085870,294,153,141
E00085847,308,144,164
E00085868,296,158,138
E00085871,338,163,175
E00085872,223,111,112
E00085874,244,128,116
E00085878,400,206,194
E00085409,283,153,130
E00085414,325,176,149
E00085421,354,179,175
E00085423,281,145,136
E00085425,311,164,147
E00085411,345,178,167
E00085413,322,166,156
E00085415,354,191,163
E00085434,342,190,152
E00085435,283,144,139
E00085436,270,149,121
E00085848,278,137,141
E00085849,383,199,184
E00085850,270,138,132
E00085875,329,159,170
E00085876,290,156,134
E00085851,316,154,162
E00085852,277,137,140
E00085877,353,179,174
E00085881,345,182,163
E00085885,327,174,153
E00085381,353,192,161
E00085386,238,117,121
E00085390,205,109,96
E00085405,270,145,125
E00085408,371,191,180
E00085378,305,168,137
E00085379,271,136,135
E00085388,285,139,146
E00085406,255,135,120
E00085407,305,152,153
E00085380,367,191,176
E00085389,201,100,101
E00085391,297,152,145
E00085392,284,171,113
E00085396,269,138,131
E00085387,177,90,87
E00085395,304,161,143
E00085397,327,180,147
E00085399,259,152,107
E00085401,250,140,110
E00085383,352,196,156
E00085384,277,151,126
E00085385,409,207,202
E00085393,319,168,151
E00085394,200,103,97
E00085196,285,142,143
E00085225,379,206,173
E00085226,297,162,135
E00085230,300,157,143
E00085232,280,158,122
E00085195,274,136,138
E00085197,306,164,142
E00085198,299,153,146
E00085224,279,144,135
E00085238,358,185,173
E00085205,306,151,155
E00085211,312,166,146
E00085234,363,187,176
E00085237,357,175,182
E00085241,351,175,176
E00085223,301,154,147
E00085227,317,172,145
E00085229,252,141,111
E00085231,187,105,82
E00085235,361,181,180
E00085199,368,181,187
E00085200,221,110,111
E00085203,268,135,133
E00085228,405,204,201
E00085239,329,159,170
E00085746,350,172,178
E00085750,398,203,195
E00085752,337,169,168
E00184812,458,231,227
E00184819,130,76,54
E00085761,384,188,196
E00085764,297,151,146
E00085766,308,152,156
E00085767,332,181,151
E00085741,380,185,195
E00085742,357,196,161
E00085760,379,195,184
E00085762,379,186,193
E00085744,323,164,159
E00085765,291,146,145
E00085769,311,162,149
E00085771,284,138,146
E00085772,310,156,154
E00085745,364,184,180
E00085747,215,116,99
E00085763,386,190,196
E00085768,323,157,166
E00085770,292,145,147
E00085303,325,185,140
E00085304,395,208,187
E00085308,323,164,159
E00085328,176,69,107
E00085329,242,125,117
E00085330,166,90,76
E00085298,290,150,140
E00085301,341,157,184
E00085306,328,164,164
E00085307,350,199,151
E00085327,281,147,134
E00085292,303,153,150
E00085293,288,157,131
E00085312,297,156,141
E00085318,413,221,192
E00085320,577,301,276
E00085294,262,123,139
E00085314,383,197,186
E00085315,302,161,141
E00085316,310,178,132
E00085317,265,142,123
E00085319,188,54,134
E00085353,181,95,86
E00085358,374,192,182
E00085359,432,219,213
E00085362,425,219,206
E00085366,322,170,152
E00085333,386,207,179
E00085351,338,177,161
E00085357,364,194,170
E00085364,207,111,96
E00085365,360,198,162
E00085332,359,187,172
E00085354,316,168,148
E00085355,411,195,216
E00085356,368,164,204
E00085360,315,149,166
E00085347,331,168,163
E00085348,397,185,212
E00085349,280,140,140
E00085350,230,124,106
E00085352,304,155,149
E00085336,297,156,141
E00085338,379,198,181
E00085339,319,182,137
E00085363,393,182,211
E00085331,338,175,163
E00085334,404,209,195
E00085335,402,186,216
E00085361,351,183,168
E00085300,424,235,189
E00085302,427,216,211
E00085305,402,210,192
E00085309,451,220,231
E00085291,288,152,136
E00085299,353,172,181
E00085310,378,193,185
E00085311,531,279,252
E00085313,316,178,138
E00085464,280,151,129
E00085465,250,135,115
E00085477,307,156,151
E00085479,257,131,126
E00085484,227,122,105
E00085469,174,85,89
E00085470,282,145,137
E00085471,276,135,141
E00085473,286,162,124
E00085475,261,121,140
E00085476,318,183,135
E00085463,203,96,107
E00085472,258,128,130
E00085474,300,162,138
E00085478,267,139,128
E00085480,308,158,150
E00085482,246,132,114
E00085748,354,183,171
E00085749,408,199,209
E00085751,284,159,125
E00085754,275,141,134
E00085755,333,167,166
E00085853,394,193,201
E00085859,222,113,109
E00085873,237,123,114
E00085879,263,121,142
E00085880,279,135,144
E00085882,298,158,140
E00085839,233,124,109
E00085840,290,155,135
E00085857,356,172,184
E00085883,298,160,138
E00085884,279,148,131
E00085887,240,116,124
E00085842,292,150,142
E00085856,427,217,210
E00085860,275,132,143
E00085861,343,179,164
E00085886,374,197,177
E00085841,291,153,138
E00085843,327,150,177
E00085854,262,136,126
E00085855,284,144,140
E00085858,242,133,109
E00085862,234,106,128
E00085376,273,150,123
E00085402,354,185,169
E00085404,345,182,163
E00172908,330,188,142
E00172909,357,180,177
E00085377,377,181,196
E00085398,293,164,129
E00085400,310,156,154
E00085403,337,178,159
E00085716,255,124,131
E00085730,353,179,174
E00085732,281,154,127
E00085734,313,161,152
E00085738,321,169,152
E00085713,336,182,154
E00085722,228,124,104
E00085723,367,178,189
E00085724,389,213,176
E00085727,268,131,137
E00085710,282,139,143
E00085715,242,105,137
E00085717,278,134,144
E00085729,245,129,116
E00085733,353,164,189
E00085736,296,153,143
E00085209,458,250,208
E00085213,406,217,189
E00085214,378,191,187
E00085215,295,154,141
E00085201,408,203,205
E00085202,357,192,165
E00085216,315,161,154
E00085217,307,166,141
E00085212,331,161,170
E00085219,292,145,147
E00085220,330,167,163
E00085221,272,129,143
E00085222,327,164,163
E00085204,240,131,109
E00085208,314,168,146
E00085233,347,184,163
E00085236,261,137,124
E00085240,312,153,159
E00085206,366,206,160
E00085207,354,187,167
E00085210,398,207,191
E00085218,410,220,190
E00085714,329,168,161
E00085725,285,149,136
E00085726,335,164,171
E00085728,312,164,148
E00085731,344,179,165
E00085467,317,161,156
E00085468,550,270,280
E00085483,312,170,142
E00085486,169,79,90
E00085490,246,137,109
E00085466,563,292,271
E00085485,287,146,141
E00085489,274,145,129
E00085499,282,138,144
E00085458,375,193,182
E00085481,123,67,56
E00085487,336,172,164
E00085488,183,89,94
E00085492,276,140,136
E00085496,311,163,148
E00085457,340,176,164
E00085461,318,156,162
E00085491,494,231,263
E00085497,362,193,169
E00085502,300,149,151
E00085455,349,187,162
E00085456,414,193,221
E00085493,337,184,153
E00085494,303,160,143
E00085498,422,202,220
E00085500,314,151,163
E00085244,339,191,148
E00085245,256,136,120
E00085266,508,263,245
E00085267,344,176,168
E00085268,250,117,133
E00085271,207,94,113
E00085656,215,102,113
E00085658,311,165,146
E00085669,259,138,121
E00085671,317,183,134
E00085673,169,83,86
E00085676,199,103,96
E00085677,262,115,147
E00085654,344,180,164
E00085670,268,149,119
E00085699,337,183,154
E00085701,313,163,150
E00085702,355,178,177
E00085655,321,145,176
E00085672,288,145,143
E00085700,250,114,136
E00085704,332,177,155
E00085705,258,130,128
E00085708,507,288,219
E00085657,394,211,183
E00085674,231,119,112
E00085703,263,131,132
E00085706,303,157,146
E00085707,342,170,172
E00085709,227,108,119
E00085753,420,206,214
E00085756,409,202,207
E00085757,326,170,156
E00085758,283,138,145
E00085759,403,189,214
E00085782,296,143,153
E00085783,315,173,142
E00085785,212,116,96
E00085786,259,145,114
E00085787,308,152,156
E00085788,300,148,152
E00085773,339,167,172
E00085784,254,129,125
E00085789,324,174,150
E00085790,314,167,147
E00085791,240,139,101
E00085796,269,143,126
E00085808,409,209,200
E00085811,353,174,179
E00085812,310,169,141
E00085815,398,198,200
E00085825,430,221,209
E00085891,310,162,148
E00085892,330,168,162
E00085900,295,149,146
E00085917,371,189,182
E00085918,289,147,142
E00085897,266,138,128
E00085899,354,199,155
E00085901,383,203,180
E00085905,396,212,184
E00085906,324,160,164
E00085894,261,147,114
E00085895,397,207,190
E00085907,278,141,137
E00085909,242,126,116
E00085910,328,165,163
E00085898,320,166,154
E00085902,286,146,140
E00085903,266,146,120
E00085908,284,144,140
E00085911,319,152,167
E00085913,308,157,151
E00085890,480,255,225
E00085893,311,168,143
E00085904,292,150,142
E00085912,293,147,146
E00085888,273,139,134
E00085889,366,189,177
E00085896,292,142,150
E00085914,261,137,124
E00085915,302,149,153
E00085916,294,157,137
E00085249,379,197,182
E00085276,405,219,186
E00085278,271,149,122
E00085280,343,172,171
E00085281,280,147,133
E00085252,294,147,147
E00085253,331,166,165
E00085257,340,175,165
E00085258,304,160,144
E00085287,289,146,143
E00085288,287,174,113
E00085369,562,288,274
E00085370,394,206,188
E00085371,449,247,202
E00085373,273,154,119
E00085374,257,132,125
E00085337,432,221,211
E00085367,364,180,184
E00085368,577,277,300
E00085372,374,189,185
E00085506,584,300,284
E00085553,207,100,107
E00085555,280,141,139
E00085556,191,99,92
E00085561,238,130,108
E00085067,215,108,107
E00085068,241,119,122
E00085069,296,143,153
E00085070,228,117,111
E00085072,355,180,175
E00085076,349,191,158
E00085146,279,140,139
E00085155,222,100,122
E00085171,105,54,51
E00085175,273,140,133
E00085180,246,121,125
E00085182,211,102,109
E00085185,203,101,102
E00085186,227,101,126
E00085143,375,194,181
E00085168,232,122,110
E00085169,360,188,172
E00085176,309,173,136
E00085178,292,170,122
E00085179,221,108,113
E00085142,189,91,98
E00085148,311,167,144
E00085152,204,108,96
E00085154,254,131,123
E00085157,302,147,155
E00085160,326,180,146
E00085165,214,120,94
E00085139,284,154,130
E00085140,216,139,77
E00085149,308,142,166
E00085150,356,175,181
E00085151,396,197,199
E00085194,290,145,145
E00085141,383,204,179
E00085153,313,154,159
E00085156,418,215,203
E00085161,218,118,100
E00085163,277,147,130
E00085144,206,107,99
E00085159,164,80,84
E00085172,218,112,106
E00085177,198,94,104
E00085184,209,94,115
E00085187,161,90,71
E00085189,284,143,141
E00184769,276,149,127
E00184772,185,96,89
E00085158,215,118,97
E00085162,266,134,132
E00085164,213,107,106
E00085166,275,137,138
E00085167,275,140,135
E00085173,296,141,155
E00085136,261,135,126
E00085138,364,182,182
E00085147,212,111,101
E00085170,215,110,105
E00085174,184,94,90
E00085181,318,158,160
E00085183,241,135,106
E00085137,333,172,161
E00085188,272,147,125
E00085190,256,124,132
E00085191,210,113,97
E00085192,419,218,201
E00085193,313,156,157
E00085712,409,219,190
E00085720,345,191,154
E00085721,350,179,171
E00085735,358,185,173
E00085737,389,197,192
E00085711,310,173,137
E00085718,373,191,182
E00085719,272,138,134
E00085739,376,190,186
E00085740,304,160,144
E00085829,328,166,162
E00085831,364,179,185
E00085832,439,235,204
E00085833,325,173,152
E00085837,311,168,143
E00085809,304,171,133
E00085827,357,197,160
E00085828,438,216,222
E00085830,297,163,134
E00085836,330,166,164
E00085814,241,133,108
E00085818,318,179,139
E00085819,340,179,161
E00085820,421,207,214
E00085823,350,183,167
E00085270,285,161,124
E00085272,432,223,209
E00085273,321,172,149
E00085274,356,192,164
E00085277,377,207,170
E00085246,274,126,148
E00085247,276,147,129
E00085248,362,186,176
E00085269,339,171,168
E00085275,374,228,146
E00085279,253,139,114
E00085243,517,288,229
E00085250,497,245,252
E00085283,255,135,120
E00085285,245,151,94
E00085289,399,217,182
E00085242,313,158,155
E00085251,275,142,133
E00085255,228,131,97
E00085261,320,172,148
E00085284,289,134,155
E00085290,258,141,117
E00085259,402,215,187
E00085262,321,161,160
E00085263,334,178,156
E00085264,352,195,157
E00085265,297,149,148
E00085774,290,163,127
E00085779,254,132,122
E00085792,321,173,148
E00085794,292,140,152
E00085795,260,147,113
E00085801,309,180,129
E00085781,266,143,123
E00085799,291,148,143
E00085803,363,193,170
E00085804,298,143,155
E00085806,268,147,121
E00085813,303,159,144
E00085816,153,89,64
E00085817,265,151,114
E00085821,245,135,110
E00085824,326,175,151
E00085826,263,140,123
E00085810,314,159,155
E00085822,440,221,219
E00085834,318,160,158
E00085835,313,173,140
E00085838,337,171,166
E00085459,248,123,125
E00085460,344,168,176
E00085495,303,156,147
E00085501,250,130,120
E00085503,265,148,117
E00184745,155,70,85
E00184814,130,64,66
E00184818,249,111,138
E00085588,225,107,118
E00085589,138,66,72
E00085590,234,122,112
E00085592,149,79,70
E00085593,228,116,112
E00085594,192,90,102
E00085595,281,132,149
E00085597,124,62,62
E00085598,193,88,105
E00085587,221,117,104
E00085596,278,118,160
E00085599,254,125,129
E00184751,337,177,160
E00184810,174,77,97
E00184816,297,130,167
E00085660,227,111,116
E00085661,228,108,120
E00085662,263,135,128
E00085680,254,104,150
E00085682,269,124,145
E00085683,305,164,141
E00085684,233,110,123
E00085664,174,91,83
E00085687,229,106,123
E00085688,223,105,118
E00085689,240,125,115
E00085690,190,89,101
E00085692,210,97,113
E00085693,147,68,79
E00085090,250,128,122
E00085092,508,260,248
E00085114,242,105,137
E00085115,242,124,118
E00085120,250,144,106
E00085089,348,203,145
E00085091,341,181,160
E00085116,221,123,98
E00085117,349,185,164
E00085118,257,136,121
E00085093,349,186,163
E00085122,332,171,161
E00085123,317,175,142
E00085124,255,130,125
E00085129,246,120,126
E00085094,165,68,97
E00085119,276,138,138
E00085121,291,143,148
E00085125,297,151,146
E00085126,314,167,147
E00085095,348,183,165
E00085097,296,154,142
E00085127,182,93,89
E00085128,190,110,80
E00085130,241,117,124
E00085132,348,187,161
E00085254,247,144,103
E00085256,339,166,173
E00085260,275,142,133
E00085282,292,155,137
E00085286,481,242,239
E00085009,145,77,68
E00085013,228,109,119
E00085018,244,116,128
E00085021,265,135,130
E00085023,194,89,105
E00085041,214,96,118
E00085043,235,106,129
E00085001,239,118,121
E00085002,326,181,145
E00085007,345,177,168
E00085008,261,135,126
E00085012,210,100,110
E00085038,195,102,93
E00085006,261,137,124
E00085010,271,131,140
E00085030,191,107,84
E00085031,244,130,114
E00085032,302,154,148
E00085033,173,96,77
E00085034,213,114,99
E00085036,215,108,107
E00085048,189,88,101
E00085071,193,112,81
E00085073,175,82,93
E00085074,189,104,85
E00085079,241,144,97
E00085082,204,105,99
E00172906,263,142,121
E00172907,123,74,49
E00085047,358,167,191
E00085050,274,130,144
E00085075,248,109,139
E00085077,327,149,178
E00085080,211,100,111
E00085081,215,128,87
E00085571,277,136,141
E00085575,343,175,168
E00085578,156,65,91
E00085586,488,207,281
E00184774,414,185,229
E00184805,105,48,57
E00085568,232,117,115
E00085569,198,100,98
E00085576,198,100,98
E00085577,298,154,144
E00085600,212,112,100
E00085601,196,97,99
E00085602,213,105,108
E00085659,245,121,124
E00085666,300,147,153
E00085675,254,95,159
E00085678,485,236,249
E00085679,441,233,208
E00085686,153,62,91
E00184750,337,151,186
E00184753,206,99,107
E00085653,302,149,153
E00085668,317,140,177
E00085694,278,150,128
E00085696,286,137,149
E00085697,325,150,175
E00085698,335,170,165
E00085665,431,215,216
E00085667,365,171,194
E00085695,372,183,189
E00172900,112,63,49
E00085685,258,125,133
E00085691,287,128,159
E00172899,173,71,102
E00172901,162,86,76
E00172902,520,251,269
E00172903,222,110,112
E00172904,243,112,131
E00085054,273,145,128
E00085058,269,122,147
E00085059,221,125,96
E00085061,153,69,84
E00085062,175,95,80
E00085063,225,115,110
E00085078,258,141,117
E00085044,188,109,79
E00085046,223,129,94
E00085052,129,57,72
E00085055,237,126,111
E00085056,228,121,107
E00085057,190,99,91
E00085083,267,124,143
E00085049,251,115,136
E00085051,190,91,99
E00085053,197,97,100
E00085060,197,109,88
E00085064,215,115,100
E00085065,160,79,81
E00085066,179,88,91
E00085776,231,126,105
E00085777,233,134,99
E00085780,262,141,121
E00085802,220,117,103
E00085805,376,182,194
E00085807,309,156,153
E00085775,304,156,148
E00085778,324,168,156
E00085793,272,137,135
E00085797,138,71,67
E00085798,282,159,123
E00085800,197,101,96
E00085003,297,123,174
E00085005,266,135,131
E00085022,264,129,135
E00085024,104,60,44
E00085025,254,123,131
E00085026,222,111,111
E00085029,208,105,103
E00085014,268,126,142
E00085016,224,105,119
E00085019,187,90,97
E00085020,304,150,154
E00085027,139,73,66
E00085028,146,66,80
E00184782,144,72,72
E00184800,313,135,178
E00085011,231,107,124
E00085015,166,80,86
E00085017,228,121,107
E00085035,262,125,137
E00085037,186,104,82
E00085039,192,99,93
E00085040,176,96,80
E00085042,159,73,86
E00085563,414,194,220
E00085572,336,167,169
E00085573,191,90,101
E00085574,159,78,81
E00085580,144,71,73
E00085581,186,91,95
E00085582,244,112,132
E00085564,294,120,174
E00085565,193,84,109
E00085570,316,154,162
E00085579,281,123,158
E00085583,188,94,94
E00085584,197,94,103
E00085585,155,69,86
E00085507,339,167,172
E00085510,228,104,124
E00085530,424,176,248
E00085531,278,111,167
E00085532,300,144,156
E00085540,148,59,89
E00085543,233,91,142
E00085508,202,100,102
E00085533,245,111,134
E00085537,188,91,97
E00085541,239,120,119
E00085542,229,94,135
E00085544,249,116,133
E00085547,217,92,125
E00085512,332,167,165
E00085514,286,147,139
E00085516,598,354,244
E00085552,196,106,90
E00085554,214,105,109
E00085558,245,122,123
E00085560,254,117,137
E00085511,220,107,113
E00085513,239,127,112
E00085518,241,118,123
E00085520,272,136,136
E00085557,267,130,137
E00085559,208,106,102
E00085562,343,183,160
E00085522,161,61,100
E00085524,147,58,89
E00085525,313,160,153
E00085526,257,131,126
E00085527,364,187,177
E00085529,260,140,120
E00085535,233,104,129
E00085086,237,117,120
E00085088,188,82,106
E00085106,260,121,139
E00085109,224,102,122
E00085110,197,84,113
E00085111,214,114,100
E00085113,234,108,126
E00085085,287,133,154
E00085099,263,110,153
E00085103,308,143,165
E00085108,223,108,115
E00085112,204,95,109
E00085131,262,131,131
E00085509,273,144,129
E00085528,492,257,235
E00085534,183,100,83
E00085536,261,118,143
E00085538,229,91,138
E00085539,220,98,122
E00085546,237,109,128
E00085515,298,131,167
E00085517,270,140,130
E00085519,209,109,100
E00085521,392,202,190
E00085523,302,147,155
E00085504,280,124,156
E00085505,252,105,147
E00085545,273,127,146
E00085548,225,89,136
E00085549,144,60,84
E00085550,210,110,100
E00085551,228,86,142
E00085087,250,120,130
E00085101,201,104,97
E00085104,257,107,150
E00085107,227,101,126
E00085133,305,153,152
E00085134,216,102,114
E00085135,287,136,151
E00085084,423,219,204
E00085096,302,174,128
E00085098,283,147,136
E00085100,341,167,174
E00085102,285,153,132
E00085105,295,141,154
E00085612,499,364,135
E00085619,194,89,105
E00085620,403,170,233
E00085622,223,104,119
E00085625,244,117,127
E00085627,187,65,122
E00184787,238,92,146
E00184817,214,84,130
E00085605,281,137,144
E00085606,327,161,166
E00085607,294,145,149
E00085608,323,158,165
E00085615,231,117,114
E00085616,257,116,141
E00085617,219,108,111
E00085610,388,194,194
E00085621,236,121,115
E00085623,307,154,153
E00085624,197,110,87
E00085628,264,138,126
E00085630,152,85,67
E00085611,252,144,108
E00085614,276,133,143
E00085626,295,144,151
E00085631,275,154,121
E00085632,206,110,96
E00085633,266,130,136
E00085634,242,125,117
E00085635,272,137,135
E00085636,275,134,141
E00085642,349,188,161
E00085644,301,159,142
E00085646,274,136,138
E00085643,353,185,168
E00085645,279,150,129
E00085647,247,127,120
E00085648,238,119,119
E00085651,299,155,144
E00085652,301,152,149
E00085603,402,213,189
E00085637,294,149,145
E00085639,334,175,159
E00085640,255,133,122
E00172910,265,130,135
E00172911,424,200,224
E00085604,445,247,198
E00085609,417,218,199
E00085613,127,60,67
E00085641,122,61,61
E00085649,249,139,110
E00085650,286,164,122
E00086416,412,208,204
E00086417,373,209,164
E00086443,396,196,200
E00086450,270,131,139
E00086452,406,213,193
E00086420,305,150,155
E00086431,367,188,179
E00086435,310,167,143
E00086438,403,224,179
E00086425,379,192,187
E00086426,270,138,132
E00086429,296,149,147
E00086430,318,173,145
E00086436,264,135,129
E00086415,326,166,160
E00086423,288,141,147
E00086427,365,199,166
E00086428,324,172,152
E00086441,379,189,190
E00086414,407,201,206
E00086440,304,160,144
E00086442,289,142,147
E00086446,390,211,179
E00086449,276,142,134
E00086110,419,228,191
E00086125,326,178,148
E00086143,279,151,128
E00086144,278,141,137
E00174428,214,105,109
E00174430,288,148,140
E00174431,352,189,163
E00086108,379,205,174
E00086111,403,216,187
E00086119,290,153,137
E00086120,408,211,197
E00086112,347,176,171
E00086113,369,192,177
E00086117,348,203,145
E00086118,235,122,113
E00086422,388,202,186
E00086433,297,157,140
E00086434,303,151,152
E00086439,291,161,130
E00086448,226,116,110
E00086109,223,113,110
E00086114,514,267,247
E00086115,344,157,187
E00086121,367,202,165
E00086122,274,142,132
E00086146,398,202,196
E00086158,334,162,172
E00086162,288,146,142
E00086164,350,175,175
E00086170,326,160,166
E00086145,264,145,119
E00086161,305,152,153
E00086165,373,191,182
E00086168,274,149,125
E00086172,344,187,157
E00086148,342,178,164
E00086163,343,178,165
E00086174,458,261,197
E00086177,397,196,201
E00086179,315,166,149
E00086103,317,161,156
E00086104,315,169,146
E00086106,264,133,131
E00086130,294,150,144
E00086140,232,109,123
E00086432,278,133,145
E00086445,304,153,151
E00086447,358,187,171
E00086453,377,196,181
E00086454,346,183,163
E00086418,266,121,145
E00086419,276,134,142
E00086451,318,166,152
E00086455,302,150,152
E00086456,305,139,166
E00086413,379,199,180
E00086421,326,179,147
E00086424,337,178,159
E00086437,291,145,146
E00086444,496,248,248
E00086105,374,189,185
E00086107,288,155,133
E00086116,260,140,120
E00086124,300,174,126
E00086129,380,202,178
E00086123,347,180,167
E00086127,309,160,149
E00086128,384,185,199
E00086131,316,161,155
E00086132,294,157,137
E00086133,264,140,124
E00086134,360,180,180
E00086136,269,126,143
E00086137,315,159,156
E00086135,330,175,155
E00086138,282,151,131
E00086139,329,177,152
E00086142,303,145,158
E00179939,264,137,127
E00179974,402,222,180
E00086151,336,182,154
E00086152,355,188,167
E00086153,341,175,166
E00086155,321,158,163
E00086157,609,334,275
E00086310,301,148,153
E00086317,413,195,218
E00086319,331,168,163
E00086320,296,150,146
E00086291,351,170,181
E00086294,357,183,174
E00086298,297,166,131
E00086300,597,317,280
E00086280,239,121,118
E00086292,417,212,205
E00086293,484,249,235
E00086295,332,179,153
E00086297,308,160,148
E00086278,466,232,234
E00086296,290,157,133
E00086299,213,106,107
E00086301,323,182,141
E00086303,356,190,166
E00086304,262,132,130
E00086305,311,156,155
E00086308,292,141,151
E00086311,352,181,171
E00086313,282,133,149
E00085932,306,156,150
E00085933,304,159,145
E00085934,307,163,144
E00085935,313,145,168
E00085938,313,157,156
E00086064,215,102,113
E00086066,276,138,138
E00086067,224,118,106
E00086100,317,163,154
E00086101,297,141,156
E00086102,289,138,151
E00086068,299,148,151
E00086072,292,139,153
E00086076,337,176,161
E00086077,393,201,192
E00086082,337,180,157
E00086061,335,174,161
E00086065,310,151,159
E00086069,257,128,129
E00086070,317,158,159
E00086071,282,141,141
E00086302,283,154,129
E00086306,295,156,139
E00086307,279,148,131
E00086309,203,108,95
E00086312,343,170,173
E00086281,328,167,161
E00086314,288,135,153
E00086315,303,165,138
E00086316,309,155,154
E00086318,203,97,106
E00086282,319,150,169
E00086283,304,146,158
E00086284,221,117,104
E00086285,276,145,131
E00086286,296,151,145
E00086279,298,140,158
E00086287,323,166,157
E00086288,440,206,234
E00086289,375,202,173
E00086290,376,198,178
E00086377,301,167,134
E00086379,341,167,174
E00086381,312,149,163
E00086386,267,135,132
E00086389,356,176,180
E00086383,306,160,146
E00086385,320,173,147
E00086391,390,197,193
E00086392,295,149,146
E00086397,324,161,163
E00086364,323,175,148
E00086376,327,160,167
E00086380,294,144,150
E00086382,280,141,139
E00086378,325,169,156
E00086384,355,190,165
E00086387,325,174,151
E00086388,261,145,116
E00086390,253,137,116
E00086396,261,137,124
E00086399,233,104,129
E00086400,291,146,145
E00086403,241,124,117
E00086404,366,188,178
E00086405,199,106,93
E00086365,267,132,135
E00086393,268,141,127
E00086394,275,141,134
E00086395,345,188,157
E00086398,298,147,151
E00086079,367,188,179
E00086081,345,178,167
E00086083,372,192,180
E00086086,344,173,171
E00086085,308,153,155
E00086087,357,175,182
E00086088,333,169,164
E00086089,344,167,177
E00086084,248,125,123
E00086090,268,136,132
E00086091,290,142,148
E00086092,316,171,145
E00086093,366,185,181
E00086073,326,166,160
E00086074,308,153,155
E00086075,326,161,165
E00086078,300,138,162
E00086080,275,147,128
E00086401,299,149,150
E00086402,252,128,124
E00086407,272,130,142
E00086408,355,173,182
E00086409,298,148,150
E00086367,270,139,131
E00086406,396,204,192
E00086410,291,155,136
E00086411,383,176,207
E00086412,294,140,154
E00085936,441,228,213
E00085937,358,178,180
E00085939,295,161,134
E00085940,400,204,196
E00085941,299,154,145
E00086094,410,213,197
E00086095,340,183,157
E00086097,354,168,186
E00086099,369,187,182
E00086062,395,194,201
E00086063,282,138,144
E00086096,298,146,152
E00086098,291,137,154
E00086230,433,228,205
E00086237,410,204,206
E00086276,334,186,148
E00086277,426,209,217
E00086266,384,181,203
E00086267,380,182,198
E00086271,329,174,155
E00086274,348,168,180
E00086275,344,176,168
E00086238,306,154,152
E00086268,284,138,146
E00086269,268,134,134
E00086270,304,157,147
E00086272,287,141,146
E00086273,296,142,154
E00086023,398,195,203
E00086024,318,178,140
E00086025,508,258,250
E00086030,321,166,155
E00086027,358,194,164
E00086028,313,171,142
E00086029,270,148,122
E00086031,365,195,170
E00086035,360,194,166
E00086026,227,118,109
E00086032,279,149,130
E00086034,280,157,123
E00086036,297,131,166
E00086038,217,129,88
E00086044,470,228,242
E00086366,396,208,188
E00086368,343,175,168
E00086369,308,153,155
E00086370,420,223,197
E00086371,265,135,130
E00086372,312,178,134
E00086373,356,189,167
E00086374,244,141,103
E00086375,386,194,192
E00085919,314,155,159
E00085946,363,187,176
E00085947,301,153,148
E00085948,302,150,152
E00085959,195,103,92
E00085942,248,122,126
E00085943,280,152,128
E00085944,381,188,193
E00085945,281,151,130
E00085949,397,201,196
E00085954,334,161,173
E00085955,296,147,149
E00085958,451,220,231
E00085960,371,190,181
E00085920,334,166,168
E00085950,264,141,123
E00085951,345,176,169
E00085953,370,200,170
E00085957,279,137,142
E00085921,347,177,170
E00085924,473,236,237
E00085952,385,199,186
E00085956,295,151,144
E00085961,281,139,142
E00085922,465,250,215
E00085923,459,227,232
E00085925,441,219,222
E00085926,310,158,152
E00085962,414,212,202
E00085963,283,149,134
E00086231,340,166,174
E00086234,276,144,132
E00086247,370,182,188
E00086250,251,128,123
E00086252,240,131,109
E00086258,253,132,121
E00086233,389,195,194
E00086240,296,145,151
E00086242,351,167,184
E00086244,235,130,105
E00086246,310,157,153
E00086251,202,93,109
E00086232,331,173,158
E00086239,317,167,150
E00086241,312,161,151
E00086243,348,175,173
E00086245,260,127,133
E00086235,374,177,197
E00086236,354,178,176
E00086248,237,124,113
E00086249,304,147,157
E00086253,296,144,152
E00086255,261,123,138
E00086256,437,197,240
E00086260,293,140,153
E00086263,318,151,167
E00086264,277,125,152
E00086265,467,218,249
E00086254,357,182,175
E00086257,282,140,142
E00086259,255,136,119
E00086261,388,184,204
E00086262,368,180,188
E00085927,233,128,105
E00085928,258,144,114
E00085929,465,251,214
E00085930,259,144,115
E00085931,201,109,92
E00086322,406,217,189
E00086327,259,142,117
E00086350,205,110,95
E00174427,114,57,57
E00174472,131,63,68
E00086324,284,149,135
E00086325,303,157,146
E00086326,239,128,111
E00086333,312,160,152
E00086363,248,126,122
E00086354,188,110,78
E00086355,451,238,213
E00086361,287,146,141
E00179929,556,271,285
E00179937,140,65,75
E00179952,310,144,166
E00179959,298,147,151
E00179972,401,212,189
E00086323,314,155,159
E00086351,407,201,206
E00086356,311,150,161
E00086358,337,174,163
E00086352,301,149,152
E00086353,350,177,173
E00086357,249,134,115
E00086359,280,127,153
E00086362,326,169,157
E00086016,394,218,176
E00086018,155,95,60
E00086020,572,305,267
E00086021,364,172,192
E00086060,268,124,144
E00086503,351,159,192
E00086505,334,165,169
E00086531,206,101,105
E00086532,518,246,272
E00086537,305,137,168
E00086510,492,235,257
E00086511,393,180,213
E00086518,349,166,183
E00086524,362,146,216
E00086526,312,152,160
E00086509,623,330,293
E00086514,318,168,150
E00086517,223,121,102
E00086520,246,134,112
E00086525,430,235,195
E00086527,440,228,212
E00086521,336,167,169
E00086522,425,241,184
E00086529,275,128,147
E00086533,184,104,80
E00179913,401,201,200
E00086504,231,107,124
E00086523,281,138,143
E00086528,169,94,75
E00086530,353,189,164
E00086535,211,108,103
E00086538,201,119,82
E00086539,214,101,113
E00085966,326,163,163
E00085989,336,153,183
E00085999,360,181,179
E00086000,290,148,142
E00086003,324,172,152
E00085985,301,148,153
E00085992,266,141,125
E00085994,306,146,160
E00085995,447,195,252
E00085998,273,139,134
E00086005,390,181,209
E00085969,282,142,140
E00085971,319,141,178
E00085972,320,158,162
E00086004,340,155,185
E00086006,238,118,120
E00086009,230,133,97
E00085976,147,67,80
E00085978,319,172,147
E00085981,307,158,149
E00085982,284,146,138
E00085984,281,142,139
E00085986,323,160,163
E00085965,431,207,224
E00085975,379,169,210
E00085979,348,155,193
E00085983,384,195,189
E00085990,287,152,135
E00085967,146,83,63
E00085974,338,153,185
E00085991,403,192,211
E00085997,236,117,119
E00086002,265,118,147
E00085988,331,161,170
E00085993,314,161,153
E00085996,372,180,192
E00086001,423,180,243
E00086007,443,205,238
E00085968,365,182,183
E00085970,292,141,151
E00086008,393,170,223
E00086010,300,146,154
E00086011,342,175,167
E00085964,439,208,231
E00085977,393,190,203
E00085980,361,147,214
E00085987,370,186,184
E00179941,441,198,243
E00179956,186,108,78
E00086460,352,147,205
E00086479,274,143,131
E00086480,221,120,101
E00086481,264,134,130
E00086482,315,172,143
E00086483,199,93,106
E00086328,288,139,149
E00086329,292,149,143
E00086334,338,157,181
E00086336,323,153,170
E00086337,241,124,117
E00086332,290,159,131
E00086335,255,134,121
E00086338,322,180,142
E00086340,320,172,148
E00174433,192,90,102
E00174434,156,81,75
E00174436,266,140,126
E00086321,337,172,165
E00086339,275,156,119
E00086341,255,139,116
E00086342,301,146,155
E00086344,398,202,196
E00086343,214,99,115
E00086345,348,172,176
E00086346,369,198,171
E00086347,281,158,123
E00086348,260,139,121
E00086466,288,141,147
E00086469,218,105,113
E00086486,271,123,148
E00086493,388,185,203
E00086498,202,109,93
E00086499,316,144,172
E00086478,294,134,160
E00086484,338,171,167
E00086485,205,121,84
E00086487,140,69,71
E00086494,195,107,88
E00086495,465,208,257
E00086462,321,167,154
E00086488,249,120,129
E00086489,223,94,129
E00086490,258,122,136
E00086491,285,124,161
E00086496,217,105,112
E00086497,261,101,160
E00086542,321,145,176
E00086543,199,101,98
E00086544,263,133,130
E00086545,341,169,172
E00086547,241,132,109
E00086548,248,120,128
E00086189,309,158,151
E00086191,247,129,118
E00086208,305,156,149
E00086209,323,156,167
E00086210,251,131,120
E00086187,208,114,94
E00086190,272,134,138
E00086192,250,123,127
E00086194,277,140,137
E00086196,209,107,102
E00086197,231,116,115
E00086198,246,124,122
E00086193,278,147,131
E00086195,298,165,133
E00086199,270,137,133
E00086202,336,169,167
E00086203,328,170,158
E00086200,236,116,120
E00086201,298,151,147
E00086204,220,102,118
E00086215,261,126,135
E00086216,295,155,140
E00086221,164,85,79
E00086185,402,189,213
E00086186,475,248,227
E00086188,237,135,102
E00086205,182,88,94
E00086206,281,139,142
E00086207,238,107,131
E00086223,260,126,134
E00086225,298,146,152
E00086227,236,119,117
E00086228,207,105,102
E00086229,316,157,159
E00179949,119,73,46
E00179970,380,176,204
E00086457,266,127,139
E00086458,223,115,108
E00086465,214,106,108
E00086467,217,103,114
E00086468,242,115,127
E00086471,303,132,171
E00086473,213,99,114
E00086477,273,127,146
E00086506,200,117,83
E00086508,247,119,128
E00086541,316,161,155
E00086546,484,185,299
E00179918,415,208,207
E00179945,176,95,81
E00174439,105,51,54
E00174448,152,70,82
E00174450,180,90,90
E00174452,120,59,61
E00174455,178,74,104
E00174456,179,69,110
E00174458,230,100,130
E00086502,259,130,129
E00086507,276,134,142
E00086519,199,94,105
E00086534,179,68,111
E00086536,212,102,110
E00086540,213,102,111
E00086212,183,75,108
E00086213,367,163,204
E00086214,299,148,151
E00086217,312,156,156
E00086218,261,126,135
E00086211,400,228,172
E00086219,283,140,143
E00086220,170,85,85
E00086222,248,131,117
E00086224,312,146,166
E00086459,303,135,168
E00086470,284,153,131
E00086472,268,135,133
E00086474,230,126,104
E00086475,267,129,138
E00086476,274,121,153
E00086461,283,134,149
E00086463,271,137,134
E00086464,265,133,132
E00086492,287,125,162
E00086500,356,187,169
E00086501,244,131,113
E00086149,330,175,155
E00086150,344,173,171
E00086156,285,144,141
E00086181,330,181,149
E00086182,307,169,138
E00086159,379,189,190
E00086160,379,195,184
E00086166,309,148,161
E00086167,367,174,193
E00086171,233,121,112
E00086147,294,152,142
E00086154,383,195,188
E00086180,347,177,170
E00086183,348,186,162
E00086184,505,253,252
E00086173,309,143,166
E00086175,341,171,170
E00086176,324,170,154
E00086178,251,123,128
E00165832,295,149,146
E00086017,330,157,173
E00086045,274,139,135
E00174453,182,80,102
E00174470,245,118,127
E00179944,3354,1593,1761
E00179963,529,219,310
E00086014,236,113,123
E00086047,486,224,262
E00086054,271,141,130
E00174461,490,208,282
E00179961,930,497,433
E00179966,179,87,92
E00174441,282,130,152
E00174442,221,110,111
E00174444,145,63,82
E00174447,268,112,156
E00174462,562,272,290
E00086013,241,136,105
E00086015,236,126,110
E00086057,404,195,209
E00086058,259,124,135
E00174466,151,76,75
E00086046,290,163,127
E00086048,398,189,209
E00086051,299,164,135
E00086055,326,151,175
E00086056,123,56,67
E00174464,241,100,141
E00174467,281,146,135
E00086012,333,189,144
E00086033,429,217,212
E00086037,356,164,192
E00086039,307,147,160
E00086041,432,229,203
E00086022,240,131,109
E00086042,349,181,168
E00086043,273,144,129
E00086049,300,164,136
E00086052,336,182,154
E00086588,394,201,193
E00086597,264,124,140
E00086611,417,203,214
E00086591,443,223,220
E00086593,295,159,136
E00086594,209,107,102
E00086599,265,138,127
E00086627,321,165,156
E00086596,475,246,229
E00086598,310,152,158
E00086601,550,244,306
E00086608,297,139,158
E00166950,525,259,266
E00166951,567,289,278
E00086587,422,216,206
E00086592,310,166,144
E00190525,994,513,481
E00086604,372,158,214
E00086606,395,189,206
E00086607,347,162,185
E00086612,323,164,159
E00086765,366,179,187
E00086766,418,210,208
E00086768,318,163,155
E00086780,331,171,160
E00086774,168,87,81
E00086775,349,192,157
E00086777,313,155,158
E00086806,274,133,141
E00086807,290,158,132
E00086767,302,157,145
E00086771,305,156,149
E00086772,215,115,100
E00086776,271,128,143
E00086779,347,178,169
E00086808,193,93,100
E00086781,274,141,133
E00086783,330,169,161
E00086788,238,121,117
E00086789,307,151,156
E00086792,281,152,129
E00086800,299,148,151
E00086769,384,197,187
E00086790,385,192,193
E00086791,256,127,129
E00086793,261,147,114
E00086803,403,214,189
E00087197,235,100,135
E00087210,231,113,118
E00177501,136,72,64
E00184157,248,125,123
E00186087,834,330,504
E00190557,741,303,438
E00087196,311,161,150
E00087202,312,157,155
E00087205,304,163,141
E00087211,203,107,96
E00087223,278,140,138
E00087230,199,95,104
E00087194,262,130,132
E00087224,402,192,210
E00087225,290,142,148
E00087226,146,68,78
E00087227,242,121,121
E00087199,299,133,166
E00087222,264,137,127
E00087228,264,137,127
E00087231,286,151,135
E00086782,223,118,105
E00086784,179,98,81
E00086785,381,192,189
E00086796,236,123,113
E00190526,349,188,161
E00086773,306,152,154
E00086778,248,136,112
E00086786,287,140,147
E00086795,292,153,139
E00086801,273,146,127
E00086762,419,208,211
E00086770,434,207,227
E00086794,278,149,129
E00086798,248,113,135
E00086799,329,164,165
E00086763,346,185,161
E00086764,344,173,171
E00086802,325,165,160
E00086804,300,152,148
E00086805,337,180,157
E00087201,402,209,193
E00087204,373,188,185
E00087206,297,123,174
E00087208,370,169,201
E00087207,336,151,185
E00087212,434,185,249
E00087215,275,126,149
E00087216,250,133,117
E00087195,356,176,180
E00087198,356,188,168
E00087200,401,218,183
E00087229,318,150,168
E00087213,279,127,152
E00087214,463,206,257
E00087220,375,161,214
E00087221,489,227,262
E00190564,163,88,75
E00087218,376,181,195
E00087219,438,200,238
E00183434,525,241,284
E00086590,277,151,126
E00086609,271,134,137
E00086615,338,174,164
E00086617,244,126,118
E00086620,254,137,117
E00086589,312,137,175
E00086602,389,191,198
E00086605,256,126,130
E00086614,214,113,101
E00086616,369,188,181
E00086603,199,98,101
E00086610,305,158,147
E00086613,242,132,110
E00086618,241,135,106
E00086622,261,131,130
E00086623,341,179,162
E00086619,316,175,141
E00086621,368,183,185
E00086624,259,133,126
E00086625,285,147,138
E00086626,332,177,155
E00087073,236,132,104
E00087074,280,142,138
E00087075,363,182,181
E00087081,318,154,164
E00179080,240,122,118
E00190545,328,177,151
E00190551,290,161,129
E00087056,396,211,185
E00087059,132,49,83
E00087095,382,193,189
E00087097,165,80,85
E00087101,389,212,177
E00087057,488,253,235
E00087060,221,117,104
E00087061,401,205,196
E00087062,286,147,139
E00087067,299,160,139
E00087096,314,164,150
E00087055,334,165,169
E00087063,398,198,200
E00087098,404,201,203
E00087099,278,125,153
E00087100,299,142,157
E00087058,414,223,191
E00087064,328,163,165
E00087065,341,161,180
E00087066,382,191,191
E00086721,355,185,170
E00086733,418,213,205
E00086736,326,167,159
E00086738,325,168,157
E00086734,345,169,176
E00086735,249,131,118
E00086739,338,159,179
E00086741,318,157,161
E00086744,253,124,129
E00086740,301,147,154
E00086743,341,170,171
E00086748,305,143,162
E00086750,295,142,153
E00086758,330,175,155
E00086737,278,148,130
E00086742,244,129,115
E00086745,222,117,105
E00086753,247,129,118
E00086755,262,134,128
E00087009,242,127,115
E00087012,329,164,165
E00087020,219,117,102
E00087041,320,167,153
E00087045,270,136,134
E00087050,228,102,126
E00087026,536,261,275
E00087027,253,129,124
E00087030,382,177,205
E00087032,361,166,195
E00087037,197,91,106
E00087028,242,118,124
E00087031,283,131,152
E00087034,243,142,101
E00087036,281,135,146
E00087039,204,105,99
E00087007,247,116,131
E00087008,300,143,157
E00087023,240,114,126
E00087024,327,148,179
E00087025,248,128,120
E00087033,366,185,181
E00087035,300,150,150
E00087044,182,92,90
E00087117,367,191,176
E00087120,267,140,127
E00087122,547,281,266
E00087124,399,208,191
E00087129,278,130,148
E00087131,324,160,164
E00087125,273,145,128
E00087132,202,99,103
E00087133,224,120,104
E00087135,137,70,67
E00087136,412,227,185
E00087140,402,212,190
E00087104,287,146,141
E00087107,397,215,182
E00087115,358,174,184
E00087145,211,108,103
E00087147,372,208,164
E00087105,371,185,186
E00087108,334,174,160
E00087111,457,222,235
E00087114,305,153,152
E00087116,320,156,164
E00087102,356,181,175
E00087138,310,163,147
E00087139,323,175,148
E00087143,300,156,144
E00087144,360,185,175
E00087106,338,177,161
E00087126,309,160,149
E00087127,358,178,180
E00087134,320,160,160
E00087137,240,128,112
E00087103,319,170,149
E00087128,354,170,184
E00087141,340,174,166
E00087142,309,157,152
E00087110,316,174,142
E00087112,312,155,157
E00087113,321,150,171
E00087119,307,159,148
E00087146,314,167,147
E00087109,503,249,254
E00087118,260,130,130
E00087121,330,157,173
E00087123,322,169,153
E00087130,318,167,151
E00087076,188,89,99
E00087078,303,162,141
E00087079,343,172,171
E00087082,308,155,153
E00087089,294,152,142
E00087052,373,177,196
E00087080,310,157,153
E00087084,292,165,127
E00087085,315,160,155
E00087088,306,152,154
E00087053,337,173,164
E00087054,233,111,122
E00087092,331,162,169
E00087093,234,117,117
E00087094,363,208,155
E00087083,411,215,196
E00087086,301,152,149
E00087087,158,60,98
E00087090,238,124,114
E00087091,260,136,124
E00087069,323,167,156
E00087070,366,197,169
E00087071,333,169,164
E00087072,277,150,127
E00087077,271,142,129
E00087006,355,175,180
E00087015,148,67,81
E00087017,284,143,141
E00087021,390,185,205
E00087004,245,122,123
E00087010,314,147,167
E00087016,322,150,172
E00087018,312,154,158
E00087019,284,142,142
E00087011,310,158,152
E00087013,250,117,133
E00087029,436,226,210
E00087047,292,142,150
E00087051,325,163,162
E00087038,306,138,168
E00087040,245,122,123
E00087042,281,144,137
E00087046,390,180,210
E00183433,314,149,165
E00190539,594,331,263
E00087005,256,114,142
E00087014,269,139,130
E00087022,320,145,175
E00087048,214,94,120
E00087049,470,225,245
E00086717,327,152,175
E00086719,441,214,227
E00086720,251,109,142
E00086723,318,163,155
E00086727,189,91,98
E00086730,336,181,155
E00086725,224,105,119
E00086726,298,155,143
E00086728,291,141,150
E00086732,339,174,165
E00166964,247,134,113
E00166973,224,102,122
E00167028,229,116,113
E00086718,324,169,155
E00086724,273,136,137
E00086731,313,143,170
E00086746,296,147,149
E00086759,312,171,141
E00086716,298,146,152
E00086722,223,114,109
E00086749,307,151,156
E00086754,262,153,109
E00086757,269,154,115
E00086760,222,98,124
E00086747,288,151,137
E00086751,323,157,166
E00086752,307,158,149
E00086756,289,152,137
E00086761,300,147,153
E00086911,336,181,155
E00086955,331,166,165
E00086956,301,153,148
E00086957,320,161,159
E00086958,391,203,188
E00086914,305,167,138
E00086916,306,144,162
E00086917,275,145,130
E00086918,254,137,117
E00086920,269,135,134
E00086922,345,167,178
E00086934,188,100,88
E00086935,242,115,127
E00086941,123,59,64
E00166944,286,141,145
E00166945,138,75,63
E00166948,360,215,145
E00086909,384,188,196
E00086913,338,173,165
E00086929,323,161,162
E00086936,408,204,204
E00086910,385,182,203
E00086937,286,144,142
E00086938,406,207,199
E00086942,370,171,199
E00086943,346,177,169
E00086874,298,158,140
E00086875,281,145,136
E00086879,240,144,96
E00086888,242,125,117
E00086892,294,148,146
E00086893,490,250,240
E00086896,270,135,135
E00086897,314,188,126
E00086899,241,124,117
E00190527,445,247,198
E00086865,331,182,149
E00086872,260,143,117
E00086876,260,142,118
E00086900,367,193,174
E00086901,229,122,107
E00086902,292,152,140
E00086861,308,162,146
E00086863,308,153,155
E00086869,334,161,173
E00086871,343,176,167
E00086880,378,191,187
E00086862,308,152,156
E00086898,346,185,161
E00086903,288,148,140
E00086905,305,146,159
E00086908,317,169,148
E00086628,253,120,133
E00086660,386,163,223
E00086661,560,251,309
E00086664,459,234,225
E00086630,398,191,207
E00086662,260,126,134
E00086666,377,177,200
E00086667,453,192,261
E00184147,351,169,182
E00190589,276,122,154
E00086629,405,184,221
E00086663,342,153,189
E00086665,421,183,238
E00086668,316,140,176
E00086631,238,114,124
E00086634,321,149,172
E00086636,276,142,134
E00086637,284,138,146
E00086669,385,184,201
E00086864,330,186,144
E00086870,260,141,119
E00086878,353,174,179
E00086883,277,139,138
E00086891,257,135,122
E00086882,265,138,127
E00086884,255,138,117
E00086886,264,136,128
E00086887,362,191,171
E00086889,258,153,105
E00086890,199,102,97
E00086867,343,169,174
E00086877,424,219,205
E00086885,290,151,139
E00086906,336,171,165
E00086907,251,128,123
E00086866,316,164,152
E00086868,348,178,170
E00086873,372,181,191
E00086881,324,171,153
E00086904,313,164,149
E00086912,315,164,151
E00086915,300,163,137
E00086919,282,144,138
E00086925,296,165,131
E00086926,318,155,163
E00086921,287,136,151
E00086923,573,311,262
E00086931,272,150,122
E00086932,329,163,166
E00086933,351,187,164
E00086939,354,179,175
E00086947,403,176,227
E00086948,411,206,205
E00086951,356,184,172
E00086930,361,183,178
E00086940,322,148,174
E00086944,385,196,189
E00086945,443,229,214
E00086953,295,140,155
E00086946,314,160,154
E00086949,357,171,186
E00086950,278,140,138
E00086952,241,112,129
E00086954,222,109,113
E00086809,293,141,152
E00086812,279,147,132
E00086824,158,70,88
E00086828,318,120,198
E00086850,223,105,118
E00086856,195,87,108
E00086810,338,163,175
E00086848,263,126,137
E00086849,368,183,185
E00086852,397,207,190
E00086857,229,106,123
E00086819,252,116,136
E00086822,314,160,154
E00086823,412,201,211
E00086825,258,112,146
E00086855,250,124,126
E00086858,217,85,132
E00086816,325,165,160
E00086818,385,167,218
E00086842,330,171,159
E00086844,235,129,106
E00086845,275,132,143
E00183429,320,154,166
E00190554,226,110,116
E00086817,197,95,102
E00086841,344,167,177
E00086843,303,149,154
E00086846,256,122,134
E00086847,307,150,157
E00086811,296,147,149
E00086851,307,155,152
E00086853,317,151,166
E00086854,370,163,207
E00086859,318,161,157
E00086860,434,214,220
E00086813,237,113,124
E00086814,326,164,162
E00086820,247,124,123
E00086821,326,159,167
E00086826,371,184,187
E00086827,247,104,143
E00086829,379,168,211
E00086832,317,152,165
E00086833,326,157,169
E00086836,353,164,189
E00086837,449,209,240
E00086839,251,110,141
E00086815,328,168,160
E00086830,382,197,185
E00086831,297,143,154
E00086834,294,136,158
E00086835,279,137,142
E00086838,364,184,180
E00086653,447,203,244
E00086656,567,286,281
E00086657,564,260,304
E00086658,295,123,172
E00086648,300,142,158
E00086649,308,153,155
E00086650,336,149,187
E00086651,468,223,245
E00086654,444,203,241
E00181835,426,212,214
E00190576,275,131,144
E00086632,536,226,310
E00086642,376,169,207
E00086643,416,213,203
E00086646,496,219,277
E00086647,504,228,276
E00086652,461,212,249
E00086655,434,192,242
E00086659,429,198,231
E00086638,222,113,109
E00166959,594,297,297
E00166962,221,97,124
E00167020,280,128,152
E00182070,269,132,137
E00190532,364,167,197
E00086633,282,116,166
E00086639,208,95,113
E00086641,427,174,253
E00190531,654,310,344
E00086549,252,121,131
E00086575,214,108,106
E00086579,404,161,243
E00086581,252,125,127
E00177756,234,119,115
E00190533,604,342,262
E00086572,355,156,199
E00086576,384,178,206
E00086577,369,159,210
E00166958,235,94,141
E00167009,138,76,62
E00086550,445,202,243
E00086570,290,129,161
E00086571,358,161,197
E00166953,267,121,146
E00166954,136,75,61
E00166956,268,133,135
E00167010,189,80,109
E00167012,212,119,93
E00086557,428,215,213
E00177494,136,70,66
E00190537,498,269,229
E00190552,492,248,244
E00086559,176,83,93
E00086578,182,74,108
E00086582,345,176,169
E00181838,490,245,245
E00190534,611,303,308
E00086961,264,133,131
E00086991,384,196,188
E00086992,288,150,138
E00086993,382,187,195
E00086998,278,138,140
E00086966,431,208,223
E00086981,364,177,187
E00086983,331,154,177
E00086984,295,144,151
E00086985,243,119,124
E00086967,380,194,186
E00086982,331,167,164
E00086987,327,166,161
E00086988,326,177,149
E00086968,290,153,137
E00086986,352,193,159
E00086989,322,163,159
E00086990,286,132,154
E00086995,298,149,149
E00086687,227,134,93
E00086688,309,149,160
E00086691,238,122,116
E00086693,263,134,129
E00086698,383,200,183
E00086697,325,173,152
E00086699,316,180,136
E00086707,343,167,176
E00086709,294,162,132
E00086710,275,147,128
E00086689,317,174,143
E00086690,278,137,141
E00086692,299,149,150
E00086695,331,172,159
E00086700,363,177,186
E00086685,226,106,120
E00086686,308,152,156
E00086694,363,199,164
E00086702,323,178,145
E00086704,333,177,156
E00086696,347,190,157
E00086701,337,173,164
E00086703,387,203,184
E00086705,289,153,136
E00086708,400,218,182
E00087151,420,215,205
E00087152,418,208,210
E00087164,270,135,135
E00087193,342,186,156
E00166970,303,150,153
E00166972,335,170,165
E00087153,240,129,111
E00087154,302,157,145
E00087160,211,100,111
E00087161,317,148,169
E00087166,145,44,101
E00087168,358,172,186
E00087155,245,124,121
E00087157,281,148,133
E00087167,309,146,163
E00087170,258,138,120
E00087174,266,128,138
E00087148,316,151,165
E00087171,217,101,116
E00087176,303,162,141
E00087178,201,102,99
E00087185,309,160,149
E00087180,310,159,151
E00087186,283,152,131
E00087187,339,168,171
E00087189,365,180,185
E00086670,333,169,164
E00086675,414,216,198
E00086676,349,165,184
E00086711,272,147,125
E00086712,288,148,140
E00086671,260,141,119
E00086681,285,148,137
E00086706,307,163,144
E00086713,316,160,156
E00086714,253,136,117
E00086715,271,136,135
E00086672,340,182,158
E00086677,228,114,114
E00086678,385,222,163
E00086679,264,143,121
E00086680,374,195,179
E00086673,295,145,150
E00086674,242,125,117
E00086682,413,224,189
E00086683,291,145,146
E00086684,352,173,179
E00086959,352,178,174
E00086960,343,175,168
E00086994,344,171,173
E00086997,303,145,158
E00086962,307,161,146
E00086963,380,178,202
E00086969,189,102,87
E00086976,299,158,141
E00086978,401,206,195
E00086996,287,154,133
E00086964,300,154,146
E00086972,250,122,128
E00086974,308,158,150
E00086980,311,158,153
E00087001,257,137,120
E00087002,381,194,187
E00086970,351,177,174
E00086971,354,189,165
E00086999,362,190,172
E00087000,294,136,158
E00087003,290,153,137
E00086965,311,151,160
E00086973,292,142,150
E00086975,280,145,135
E00086977,329,159,170
E00086979,249,124,125
E00087159,366,193,173
E00087162,359,174,185
E00087163,318,159,159
E00087165,336,171,165
E00087172,227,118,109
E00087156,283,146,137
E00087158,305,147,158
E00087169,307,152,155
E00087175,265,138,127
E00087177,351,166,185
E00087149,289,145,144
E00087173,268,132,136
E00087179,246,131,115
E00087181,265,131,134
E00087182,270,136,134
E00087183,330,158,172
E00087150,312,159,153
E00087184,225,110,115
E00087188,426,212,214
E00087190,252,134,118
E00087191,338,168,170
E00087255,270,133,137
E00087256,240,100,140
E00087257,475,249,226
E00087263,251,131,120
E00087264,300,154,146
E00087237,262,137,125
E00087253,301,141,160
E00087259,301,157,144
E00087262,244,128,116
E00087269,331,172,159
E00087273,260,140,120
E00087236,420,223,197
E00087252,337,160,177
E00087258,282,136,146
E00087261,286,151,135
E00182068,263,120,143
E00190573,296,142,154
E00087238,315,172,143
E00087265,331,182,149
E00087274,356,187,169
E00087276,372,188,184
E00087278,259,131,128
E00186088,315,185,130
E00186324,272,135,137
E00189201,191,96,95
E00189202,217,103,114
E00190541,241,118,123
E00087266,276,139,137
E00087268,269,140,129
E00087270,285,154,131
E00087275,304,154,150
E00178644,139,66,73
E00186090,324,169,155
E00087234,273,155,118
E00087235,417,212,205
E00087241,283,150,133
E00087244,256,154,102
E00087271,245,119,126
E00087232,339,173,166
E00087233,387,201,186
E00087240,260,138,122
E00087260,291,157,134
E00087272,224,109,115
E00087239,263,133,130
E00087242,221,110,111
E00087243,424,212,212
E00087248,413,209,204
E00087277,368,193,175
E00087245,244,119,125
E00087246,410,208,202
E00087247,181,91,90
E00087249,212,102,110
E00087250,292,138,154
E00087251,198,98,100
E00086553,250,93,157
E00086584,364,185,179
E00166947,309,146,163
E00166961,308,135,173
E00166986,258,135,123
E00166989,466,201,265
E00167014,598,296,302
E00167015,275,134,141
E00166965,274,138,136
E00166996,575,267,308
E00167023,235,107,128
E00167024,150,59,91
E00181588,458,248,210
E00184158,485,211,274
E00190559,554,282,272
E00190594,238,81,157
E00086561,416,200,216
E00086563,280,134,146
E00086565,281,142,139
E00166995,98,44,54
E00181834,181,89,92
E00181836,264,126,138
E00190571,279,119,160
E00086551,297,122,175
E00086552,468,245,223
E00086583,376,153,223
E00166968,286,124,162
E00166981,212,108,104
E00166982,201,81,120
E00166992,291,149,142
E00166998,147,70,77
E00167017,151,66,85
E00086564,434,206,228
E00166975,266,119,147
E00167021,173,72,101
E00167026,202,78,124
E00177495,140,50,90
E00183436,208,100,108
E00190543,261,114,147
E00190544,214,93,121
E00167000,224,110,114
E00167007,142,68,74
E00167018,241,99,142
E00184545,207,91,116
E00190538,224,94,130
E00086568,185,84,101
E00166967,142,68,74
E00167004,305,141,164
E00177489,241,109,132
E00184148,206,98,108
E00087370,203,102,101
E00087371,340,184,156
E00087372,167,84,83
E00087373,188,103,85
E00087374,187,106,81
E00087375,163,81,82
E00087376,176,77,99
E00087377,236,127,109
E00087378,271,135,136
E00087379,220,107,113
E00087389,309,163,146
E00087390,334,174,160
E00087394,278,143,135
E00087395,267,141,126
E00087396,395,209,186
E00087397,224,113,111
E00087398,326,162,164
E00087399,355,202,153
E00087404,224,106,118
E00087400,374,203,171
E00087401,343,185,158
E00087402,262,134,128
E00087403,389,199,190
E00087413,341,181,160
E00087414,289,160,129
E00087415,304,160,144
E00087416,298,149,149
E00087418,336,166,170
E00087380,289,151,138
E00087381,269,141,128
E00087383,266,136,130
E00087384,251,136,115
E00087382,298,147,151
E00087385,356,190,166
E00087387,288,153,135
E00172707,229,132,97
E00172708,245,135,110
E00172711,341,177,164
E00087388,415,231,184
E00087391,253,131,122
E00087392,366,198,168
E00087393,353,182,171
E00087449,330,165,165
E00087450,283,139,144
E00087452,175,87,88
E00087453,267,141,126
E00087454,272,141,131
E00087455,232,119,113
E00180407,257,128,129
E00180417,272,139,133
E00087512,252,133,119
E00087513,362,201,161
E00087514,293,152,141
E00087515,298,149,149
E00087516,343,175,168
E00087517,294,154,140
E00087518,437,217,220
E00087405,310,154,156
E00087406,476,248,228
E00087408,248,131,117
E00087409,392,211,181
E00087410,386,194,192
E00180416,241,125,116
E00180424,300,164,136
E00087411,412,225,187
E00087412,350,166,184
E00087417,418,219,199
E00087419,224,111,113
E00087420,334,167,167
E00087519,387,181,206
E00087520,290,147,143
E00087521,173,93,80
E00172710,302,159,143
E00180425,384,200,184
E00180440,321,162,159
E00087522,364,193,171
E00087523,249,133,116
E00087524,423,213,210
E00180427,136,72,64
E00180431,266,129,137
E00180436,324,170,154
E00087545,310,152,158
E00087546,272,128,144
E00087547,255,116,139
E00087548,246,131,115
E00087552,239,121,118
E00087555,197,100,97
E00087544,300,132,168
E00087549,278,142,136
E00087550,204,104,100
E00087551,355,165,190
E00087553,220,115,105
E00087554,255,118,137
E00087556,244,113,131
E00087559,199,102,97
E00087561,295,140,155
E00087562,252,128,124
E00087563,254,129,125
E00087564,365,209,156
E00087599,269,140,129
E00087603,299,164,135
E00087604,258,123,135
E00087605,221,111,110
E00087606,335,158,177
E00087304,322,169,153
E00087305,276,136,140
E00087306,352,169,183
E00087307,386,196,190
E00087313,255,129,126
E00087308,346,189,157
E00087309,270,144,126
E00087310,271,145,126
E00087311,271,138,133
E00087312,238,126,112
E00087314,222,128,94
E00087713,291,146,145
E00087714,275,150,125
E00087715,240,127,113
E00087716,237,130,107
E00087717,285,154,131
E00087718,285,148,137
E00087719,261,140,121
E00087711,243,133,110
E00087712,299,145,154
E00087720,244,127,117
E00087721,243,141,102
E00087722,254,133,121
E00087723,232,127,105
E00087283,265,142,123
E00087284,305,158,147
E00087285,251,134,117
E00087287,258,129,129
E00087288,302,149,153
E00087279,448,249,199
E00087280,311,154,157
E00087281,269,131,138
E00087282,297,151,146
E00087286,340,173,167
E00087557,325,168,157
E00087558,254,138,116
E00087560,267,144,123
E00087565,288,146,142
E00087566,263,137,126
E00087579,396,209,187
E00087582,244,128,116
E00087584,267,122,145
E00087585,402,220,182
E00087586,314,180,134
E00087578,303,163,140
E00087580,372,204,168
E00087581,419,210,209
E00087583,285,160,125
E00087587,251,142,109
E00087571,323,163,160
E00087573,329,181,148
E00087574,346,174,172
E00087575,327,164,163
E00087576,485,264,221
E00087567,356,190,166
E00087568,351,178,173
E00087569,320,171,149
E00087570,279,153,126
E00087572,228,125,103
E00087577,274,157,117
E00087588,329,166,163
E00087590,346,177,169
E00087592,294,140,154
E00087596,384,197,187
E00087589,509,259,250
E00087591,355,182,173
E00087593,237,117,120
E00087594,302,158,144
E00087595,291,158,133
E00087597,359,191,168
E00087600,351,187,164
E00087601,281,144,137
E00087602,342,180,162
E00172701,271,141,130
E00172702,297,142,155
E00087421,333,191,142
E00087422,393,191,202
E00087423,408,207,201
E00087427,361,189,172
E00087424,382,191,191
E00087425,302,157,145
E00087426,284,139,145
E00087428,270,141,129
E00087429,310,161,149
E00087526,383,185,198
E00087530,293,149,144
E00087532,298,141,157
E00087534,236,125,111
E00180411,403,207,196
E00180412,498,254,244
E00180439,161,86,75
E00087527,298,152,146
E00087528,318,156,162
E00087531,301,161,140
E00180410,185,101,84
E00180438,271,148,123
E00180446,239,124,115
E00180457,356,189,167
E00087538,317,152,165
E00087539,291,144,147
E00087541,287,145,142
E00172713,932,87,845
E00172725,154,78,76
E00087345,376,202,174
E00087346,350,190,160
E00087347,325,177,148
E00087348,307,163,144
E00087495,311,156,155
E00087497,279,148,131
E00087498,262,134,128
E00087499,222,112,110
E00087500,183,104,79
E00087492,318,151,167
E00087493,405,212,193
E00087494,388,192,196
E00087496,152,79,73
E00087501,346,169,177
E00087506,293,153,140
E00087507,320,149,171
E00087508,260,131,129
E00087509,314,154,160
E00087510,232,127,105
E00087535,358,172,186
E00087537,347,180,167
E00087543,366,183,183
E00172722,115,59,56
E00180402,581,285,296
E00087289,206,110,96
E00087290,269,157,112
E00087291,234,121,113
E00087292,224,115,109
E00087293,247,142,105
E00087294,200,101,99
E00087295,198,105,93
E00087296,227,115,112
E00087297,222,111,111
E00087298,214,115,99
E00087299,194,97,97
E00087300,292,158,134
E00087301,278,146,132
E00087302,251,133,118
E00087303,305,164,141
E00087322,303,141,162
E00087323,298,152,146
E00087324,218,110,108
E00087325,227,129,98
E00087326,196,103,93
E00087629,157,76,81
E00087634,329,158,171
E00087635,228,119,109
E00087636,470,238,232
E00087637,114,58,56
E00087638,118,65,53
E00087628,229,115,114
E00087630,222,118,104
E00087631,169,89,80
E00087632,251,131,120
E00087633,235,133,102
E00087337,323,168,155
E00087340,317,161,156
E00087343,307,151,156
E00180443,205,117,88
E00180450,483,255,228
E00180452,153,75,78
E00087336,336,165,171
E00087338,295,161,134
E00087339,315,157,158
E00172715,309,152,157
E00172716,369,194,175
E00172718,324,166,158
E00087353,316,159,157
E00087354,338,189,149
E00087355,383,195,188
E00087357,276,138,138
E00087474,304,162,142
E00087476,523,276,247
E00087479,250,137,113
E00087482,334,165,169
E00087475,306,163,143
E00087477,314,172,142
E00087478,201,102,99
E00087480,320,155,165
E00087481,293,152,141
E00087502,262,128,134
E00087503,262,127,135
E00087504,440,223,217
E00087505,305,153,152
E00087511,259,140,119
E00087431,290,166,124
E00087435,369,197,172
E00087436,369,190,179
E00087437,402,216,186
E00087438,372,209,163
E00087441,239,132,107
E00087443,348,175,173
E00087444,412,212,200
E00087446,335,185,150
E00087447,194,95,99
E00087639,367,185,182
E00087644,244,132,112
E00087645,228,121,107
E00087646,254,131,123
E00087678,356,176,180
E00087682,262,135,127
E00087683,252,132,120
E00087686,355,203,152
E00087687,224,119,105
E00087679,299,156,143
E00087680,291,147,144
E00087681,280,146,134
E00087684,312,158,154
E00087685,329,165,164
E00087430,265,139,126
E00087432,237,130,107
E00087433,272,140,132
E00087434,247,132,115
E00087439,250,133,117
E00087440,292,155,137
E00087442,236,114,122
E00087445,265,139,126
E00087448,252,129,123
E00087327,252,123,129
E00087329,157,81,76
E00087333,280,147,133
E00087334,280,140,140
E00087335,259,122,137
E00087328,348,195,153
E00087330,293,157,136
E00087331,245,131,114
E00087332,289,166,123
E00087344,259,128,131
E00087349,323,172,151
E00087350,344,172,172
E00087351,345,185,160
E00087352,322,162,160
E00087640,309,146,163
E00087641,371,191,180
E00087642,290,147,143
E00087643,290,151,139
E00087315,330,169,161
E00087316,313,159,154
E00087317,307,160,147
E00087318,349,187,162
E00087319,261,132,129
E00087320,297,154,143
E00087321,310,159,151
E00087607,387,202,185
E00087608,305,165,140
E00087609,219,123,96
E00087610,286,145,141
E00087611,336,182,154
E00087616,232,120,112
E00087612,381,204,177
E00087613,427,236,191
E00087614,268,124,144
E00087615,342,190,152
E00087617,357,186,171
E00087623,344,173,171
E00087624,394,190,204
E00087625,298,153,145
E00087626,299,146,153
E00087627,414,214,200
E00087618,264,133,131
E00087619,355,182,173
E00087620,318,168,150
E00087621,523,292,231
E00087622,376,189,187
E00087456,284,143,141
E00087458,258,129,129
E00087461,279,138,141
E00087463,300,161,139
E00087464,331,179,152
E00087466,225,129,96
E00087467,266,142,124
E00087469,288,153,135
E00087473,299,149,150
E00087483,403,205,198
E00087484,256,129,127
E00087485,268,136,132
E00087491,241,120,121
E00087486,276,141,135
E00087487,234,125,109
E00087488,304,155,149
E00087489,324,172,152
E00087490,329,160,169
E00087648,452,229,223
E00087649,288,142,146
E00087651,343,178,165
E00087652,221,120,101
E00087656,261,136,125
E00087657,271,135,136
E00087659,255,140,115
E00087662,288,152,136
E00087663,236,131,105
E00087666,245,131,114
E00087457,264,148,116
E00087459,261,138,123
E00087460,287,153,134
E00087462,360,186,174
E00087465,263,142,121
E00087468,251,133,118
E00087470,210,125,85
E00087471,359,194,165
E00087472,195,101,94
E00087647,296,158,138
E00087650,314,164,150
E00087653,361,188,173
E00087654,250,129,121
E00087655,318,169,149
E00087658,308,158,150
E00087660,292,155,137
E00087661,330,155,175
E00087664,249,130,119
E00087665,291,142,149
E00087671,328,179,149
E00087672,237,123,114
E00087674,343,175,168
E00087675,279,141,138
E00087677,321,167,154
E00087667,317,159,158
E00087668,224,117,107
E00087669,357,168,189
E00087670,261,140,121
E00087673,213,108,105
E00087676,374,188,186
E00087356,426,226,200
E00087358,331,161,170
E00087359,254,128,126
E00087360,436,225,211
E00087363,295,151,144
E00087364,360,183,177
E00087365,300,155,145
E00087366,303,156,147
E00087368,272,148,124
E00087361,321,157,164
E00087362,299,152,147
E00087367,337,179,158
E00087369,287,145,142
E00087724,253,132,121
E00087725,451,237,214
E00087726,226,118,108
E00087727,307,151,156
E00087728,249,129,120
E00087690,216,114,102
E00087693,243,125,118
E00087695,197,100,97
E00087696,262,131,131
E00087697,255,127,128
E00087698,235,128,107
E00087688,206,102,104
E00087689,264,150,114
E00087691,243,122,121
E00087692,205,98,107
E00087694,224,129,95
E00087699,191,89,102
E00087700,267,136,131
E00087705,215,109,106
E00087706,192,110,82
E00087707,243,116,127
E00087708,223,109,114
E00087709,234,117,117
E00087701,296,155,141
E00087702,294,154,140
E00087703,267,142,125
E00087704,239,118,121
E00087710,356,189,167
E00087729,289,156,133
E00087730,271,145,126
E00087731,309,161,148
E00087732,276,145,131
E00087733,283,144,139
E00087734,281,146,135
E00089080,359,182,177
E00089081,353,173,180
E00089084,303,158,145
E00089087,272,136,136
E00089088,356,177,179
E00089078,429,229,200
E00089082,327,188,139
E00089090,258,126,132
E00089091,203,111,92
E00089092,481,229,252
E00178379,469,252,217
E00178386,336,169,167
E00089259,272,130,142
E00089263,132,61,71
E00169157,874,391,483
E00178323,323,159,164
E00089260,156,81,75
E00089261,195,104,91
E00089264,251,147,104
E00089265,278,140,138
E00089266,335,164,171
E00089269,200,123,77
E00178339,329,166,163
E00178398,618,322,296
E00178410,148,78,70
E00178432,589,305,284
E00089079,335,170,165
E00089085,296,138,158
E00169106,355,176,179
E00169145,251,130,121
E00178445,317,159,158
E00178452,163,88,75
E00089057,311,170,141
E00089058,306,159,147
E00089059,273,134,139
E00089063,291,139,152
E00089073,284,146,138
E00089062,207,116,91
E00089064,201,99,102
E00089075,348,173,175
E00089076,354,181,173
E00089077,323,161,162
E00089061,282,148,134
E00089066,272,147,125
E00089069,253,129,124
E00089072,285,156,129
E00089074,308,152,156
E00178347,335,167,168
E00178355,337,178,159
E00178388,250,127,123
E00089060,346,191,155
E00089067,336,181,155
E00089068,342,167,175
E00089070,243,129,114
E00089071,270,141,129
E00089199,443,220,223
E00089200,393,194,199
E00089201,252,123,129
E00089202,520,281,239
E00089195,375,178,197
E00089196,414,217,197
E00089197,313,155,158
E00089198,479,246,233
E00089306,288,144,144
E00089309,318,158,160
E00089310,307,165,142
E00089311,300,171,129
E00089304,326,160,166
E00089305,396,205,191
E00089307,336,177,159
E00089308,327,168,159
E00089297,280,134,146
E00089298,336,170,166
E00089299,369,172,197
E00089300,135,62,73
E00089296,199,96,103
E00089301,294,152,142
E00089302,258,133,125
E00089303,287,156,131
E00169143,440,219,221
E00169144,359,188,171
E00178361,121,68,53
E00178373,512,268,244
E00089383,270,143,127
E00089385,261,141,120
E00089386,282,145,137
E00089387,296,140,156
E00089388,314,143,171
E00089380,405,199,206
E00089381,159,77,82
E00089382,326,174,152
E00089384,603,313,290
E00089389,177,96,81
E00089400,128,65,63
E00089405,399,212,187
E00089407,347,175,172
E00089408,198,106,92
E00089410,481,240,241
E00178319,221,113,108
E00089399,164,84,80
E00089401,354,176,178
E00089402,552,287,265
E00089403,255,134,121
E00089406,581,293,288
E00089487,152,70,82
E00089488,365,185,180
E00089489,447,238,209
E00089490,441,224,217
E00089494,342,178,164
E00089496,389,206,183
E00089497,212,121,91
E00089498,266,151,115
E00089504,315,157,158
E00089492,288,147,141
E00089495,239,130,109
E00089499,298,151,147
E00089501,200,104,96
E00089505,266,143,123
E00089491,332,176,156
E00089500,300,155,145
E00089502,316,159,157
E00089503,293,146,147
E00178362,111,57,54
E00178372,490,258,232
E00178394,376,187,189
E00178458,203,103,100
E00089185,328,167,161
E00089186,338,175,163
E00089187,314,158,156
E00089188,314,164,150
E00178340,596,305,291
E00178370,303,161,142
E00178450,375,206,169
E00089189,231,110,121
E00089190,506,253,253
E00089191,309,162,147
E00089192,431,231,200
E00089193,349,175,174
E00089390,325,159,166
E00089391,253,124,129
E00089392,209,102,107
E00089398,419,225,194
E00089393,321,162,159
E00089394,320,158,162
E00089395,404,207,197
E00089396,375,180,195
E00089397,448,226,222
E00089470,486,255,231
E00089471,236,122,114
E00089472,318,167,151
E00089477,296,161,135
E00089473,340,190,150
E00089474,246,120,126
E00089475,325,168,157
E00089476,434,227,207
E00089478,299,153,146
E00089479,426,214,212
E00089480,351,172,179
E00089483,396,206,190
E00089486,138,69,69
E00089481,424,213,211
E00089482,442,216,226
E00089484,268,142,126
E00089485,392,194,198
E00089043,446,223,223
E00089044,379,197,182
E00178358,422,191,231
E00178383,192,107,85
E00089042,311,166,145
E00089045,230,116,114
E00089047,331,166,165
E00178329,162,87,75
E00178433,622,316,306
E00178393,328,167,161
E00178409,374,208,166
E00178426,395,195,200
E00089342,295,160,135
E00089343,411,205,206
E00089344,318,159,159
E00089345,287,149,138
E00089339,429,223,206
E00089340,342,172,170
E00089341,534,268,266
E00089415,343,170,173
E00089418,236,126,110
E00089419,365,176,189
E00089420,299,153,146
E00089411,262,134,128
E00089412,144,79,65
E00089416,288,138,150
E00089417,327,175,152
E00169156,282,145,137
E00089440,298,150,148
E00089442,315,153,162
E00089443,329,169,160
E00089444,316,160,156
E00169138,264,135,129
E00169151,580,297,283
E00178375,524,271,253
E00178408,318,162,156
E00178446,167,85,82
E00169139,383,216,167
E00169152,439,246,193
E00178345,439,234,205
E00178371,254,128,126
E00089093,342,173,169
E00089094,199,104,95
E00089098,282,157,125
E00089100,402,201,201
E00089101,360,180,180
E00089095,237,129,108
E00089096,253,134,119
E00089097,124,65,59
E00089099,457,222,235
E00089102,303,146,157
E00089103,308,149,159
E00089127,260,142,118
E00089128,441,227,214
E00089131,185,94,91
E00089133,314,147,167
E00089134,376,184,192
E00089126,358,183,175
E00089129,520,248,272
E00089130,232,119,113
E00089132,259,131,128
E00089135,268,131,137
E00089329,210,106,104
E00089336,366,187,179
E00089337,363,187,176
E00169108,444,225,219
E00169153,340,193,147
E00169155,325,161,164
E00178376,466,235,231
E00178392,300,148,152
E00089330,243,129,114
E00089331,278,136,142
E00089333,337,162,175
E00089334,402,217,185
E00089335,247,129,118
E00089048,134,65,69
E00089049,265,135,130
E00089050,277,146,131
E00089051,301,155,146
E00089052,315,166,149
E00089053,296,141,155
E00089054,359,182,177
E00089055,446,227,219
E00089056,323,162,161
E00089204,256,122,134
E00089205,418,217,201
E00089207,309,149,160
E00089209,399,201,198
E00089203,154,78,76
E00089208,156,81,75
E00089210,455,216,239
E00089211,132,64,68
E00169124,380,172,208
E00169125,520,62,458
E00089142,371,178,193
E00089147,289,145,144
E00089153,325,164,161
E00089155,309,160,149
E00089157,351,178,173
E00089137,222,114,108
E00089143,249,128,121
E00089154,241,114,127
E00089159,299,155,144
E00089163,272,140,132
E00089164,288,151,137
E00089136,228,112,116
E00089141,375,202,173
E00089144,387,205,182
E00089146,313,147,166
E00089156,302,154,148
E00089158,361,188,173
E00089160,201,104,97
E00089161,284,143,141
E00089162,270,135,135
E00089165,283,127,156
E00089349,331,164,167
E00089353,337,167,170
E00089358,422,244,178
E00089361,374,205,169
E00089352,368,194,174
E00089354,336,162,174
E00089355,298,150,148
E00089356,347,186,161
E00089346,339,163,176
E00089348,327,169,158
E00089350,365,187,178
E00089359,305,161,144
E00089362,269,122,147
E00178326,250,125,125
E00178369,514,256,258
E00178389,216,114,102
E00178440,303,155,148
E00178454,460,244,216
E00178328,293,150,143
E00178344,594,295,299
E00178359,450,229,221
E00178430,402,203,199
E00178348,435,222,213
E00178384,315,162,153
E00178403,520,285,235
E00178444,385,208,177
E00178330,550,274,276
E00178350,345,176,169
E00178363,304,155,149
E00178368,391,190,201
E00178391,109,51,58
E00178407,555,283,272
E00178420,142,70,72
E00178427,580,308,272
E00178435,125,63,62
E00089347,263,128,135
E00089357,296,141,155
E00089360,293,157,136
E00178352,328,177,151
E00178459,269,128,141
E00089167,306,160,146
E00089171,352,188,164
E00089173,263,144,119
E00089175,304,155,149
E00178377,135,68,67
E00178396,256,122,134
E00178397,457,229,228
E00178428,242,124,118
E00178431,409,213,196
E00089174,519,273,246
E00089176,441,218,223
E00089178,390,180,210
E00089179,335,186,149
E00178334,548,281,267
E00178336,112,54,58
E00089166,352,198,154
E00089172,385,166,219
E00089182,311,157,154
E00089184,418,216,202
E00089168,427,222,205
E00089169,309,156,153
E00089170,269,135,134
E00089181,297,142,155
E00089183,284,143,141
E00089312,248,126,122
E00089323,256,126,130
E00089324,233,115,118
E00089325,294,143,151
E00089326,311,160,151
E00089314,389,188,201
E00089315,341,178,163
E00089316,309,147,162
E00089319,363,174,189
E00089318,307,144,163
E00089320,255,139,116
E00169122,554,297,257
E00178390,333,62,271
E00178402,355,170,185
E00089313,385,194,191
E00089317,295,146,149
E00089321,324,162,162
E00089322,324,164,160
E00089328,308,159,149
E00089007,348,178,170
E00089009,392,194,198
E00089011,323,167,156
E00169114,397,201,196
E00169123,166,77,89
E00089139,393,199,194
E00089145,387,203,184
E00089150,369,181,188
E00089152,311,151,160
E00089138,324,157,167
E00089140,371,175,196
E00089148,278,130,148
E00089149,333,163,170
E00089151,396,199,197
E00089006,393,199,194
E00089013,216,110,106
E00178321,277,147,130
E00178367,391,195,196
E00178447,107,56,51
E00089005,308,161,147
E00089008,269,143,126
E00178337,138,61,77
E00178354,163,71,92
E00178387,347,181,166
E00178436,202,89,113
E00089104,286,149,137
E00089115,350,160,190
E00089117,280,142,138
E00089118,231,116,115
E00089121,318,161,157
E00089105,341,166,175
E00089112,334,154,180
E00089113,413,190,223
E00089114,172,85,87
E00089116,469,237,232
E00089106,280,148,132
E00089107,241,121,120
E00089108,462,244,218
E00089109,298,146,152
E00089110,306,160,146
E00089111,245,135,110
E00169132,326,176,150
E00169137,263,138,125
E00169141,270,137,133
E00169148,255,124,131
E00169149,285,139,146
E00169150,221,106,115
E00169134,228,123,105
E00169135,280,140,140
E00169136,168,87,81
E00169146,184,90,94
E00178322,429,224,205
E00089119,341,175,166
E00089120,258,133,125
E00089122,261,134,127
E00089124,271,136,135
E00089125,330,171,159
E00089015,313,173,140
E00089020,179,75,104
E00089023,361,202,159
E00089038,313,151,162
E00089039,353,175,178
E00089016,337,170,167
E00089018,313,167,146
E00089022,310,147,163
E00089040,281,140,141
E00089041,308,162,146
E00089017,315,148,167
E00089029,301,164,137
E00089030,381,191,190
E00089031,263,133,130
E00089019,329,168,161
E00089025,328,163,165
E00089026,327,168,159
E00089027,287,147,140
E00089014,288,150,138
E00089021,305,155,150
E00089024,274,140,134
E00089028,319,164,155
E00089032,324,170,154
E00089033,340,177,163
E00089034,248,131,117
E00089035,326,169,157
E00089036,406,211,195
E00089037,344,175,169
E00089370,530,263,267
E00089372,436,204,232
E00089373,457,235,222
E00089374,291,149,142
E00089376,396,189,207
E00089377,397,198,199
E00089378,428,208,220
E00089379,387,194,193
E00089363,407,191,216
E00089364,359,180,179
E00089369,278,131,147
E00089371,338,155,183
E00089375,317,174,143
E00089365,424,208,216
E00089367,412,200,212
E00089368,483,241,242
E00169109,449,239,210
E00169112,267,128,139
E00169119,355,183,172
E00089284,277,143,134
E00089291,312,153,159
E00169111,412,209,203
E00169117,407,221,186
E00169131,110,49,61
E00178318,257,129,128
E00178356,374,191,183
E00178442,473,256,217
E00089278,309,151,158
E00089283,290,147,143
E00089285,277,143,134
E00089286,285,146,139
E00089276,311,166,145
E00089287,313,157,156
E00089288,353,189,164
E00089294,346,178,168
E00089270,352,172,180
E00089273,295,164,131
E00089289,249,139,110
E00089293,271,131,140
E00089271,329,167,162
E00089272,383,200,183
E00089274,384,194,190
E00089275,243,120,123
E00089277,291,141,150
E00089279,413,197,216
E00089280,330,174,156
E00089281,202,98,104
E00089282,320,161,159
E00089423,217,106,111
E00089424,269,151,118
E00089425,328,171,157
E00089427,231,121,110
E00089430,283,140,143
E00089439,357,184,173
E00089421,255,136,119
E00089422,338,166,172
E00089426,231,122,109
E00089432,319,161,158
E00089433,314,155,159
E00089428,359,173,186
E00089434,279,143,136
E00089435,365,194,171
E00089436,334,175,159
E00089429,405,195,210
E00089431,339,169,170
E00089437,383,198,185
E00089438,360,193,167
E00088976,378,190,188
E00088977,327,175,152
E00088981,150,77,73
E00088982,274,132,142
E00178374,541,291,250
E00178416,115,60,55
E00088989,349,174,175
E00088997,312,154,158
E00088999,257,132,125
E00169129,229,114,115
E00178381,331,179,152
E00178406,302,156,146
E00088978,329,165,164
E00088979,495,274,221
E00088986,383,197,186
E00088987,359,177,182
E00088988,142,69,73
E00088995,311,156,155
E00088996,367,191,176
E00088998,329,170,159
E00089000,276,137,139
E00089001,294,149,145
E00088991,380,210,170
E00088992,319,173,146
E00088993,320,164,156
E00088994,270,131,139
E00178417,420,216,204
E00178421,218,101,117
E00178424,517,262,255
E00088983,458,230,228
E00088984,346,174,172
E00178335,337,177,160
E00178382,379,195,184
E00088985,546,274,272
E00178327,620,323,297
E00178357,237,125,112
E00178418,242,122,120
E00089225,211,111,100
E00089226,262,131,131
E00089227,269,135,134
E00089229,302,160,142
E00178378,486,264,222
E00178453,246,125,121
E00089212,262,137,125
E00089214,245,137,108
E00089219,312,161,151
E00089222,334,178,156
E00089231,119,59,60
E00089232,188,100,88
E00089215,546,286,260
E00089217,574,297,277
E00089224,305,158,147
E00089228,236,121,115
E00089230,304,155,149
E00089233,422,217,205
E00089234,324,162,162
E00089236,372,194,178
E00089238,313,164,149
E00089213,311,157,154
E00089235,441,227,214
E00089237,317,163,154
E00089239,527,274,253
E00089216,468,236,232
E00089220,245,127,118
E00089221,165,86,79
E00089223,341,180,161
E00089247,131,68,63
E00089248,413,229,184
E00089251,280,156,124
E00089253,281,142,139
E00089254,258,136,122
E00089246,279,144,135
E00089249,342,163,179
E00089250,328,176,152
E00089252,313,158,155
E00089244,358,182,176
E00089245,320,153,167
E00089255,538,282,256
E00089256,336,174,162
E00089257,247,127,120
E00089240,270,136,134
E00089241,274,147,127
E00089242,312,169,143
E00089243,280,145,135
E00089449,447,212,235
E00089462,204,123,81
E00089468,253,136,117
E00089469,262,143,119
E00089455,373,191,182
E00089456,459,171,288
E00089463,311,163,148
E00089464,337,179,158
E00089466,345,177,168
E00089447,143,74,69
E00089448,305,155,150
E00089450,289,144,145
E00089451,295,148,147
E00089454,303,149,154
E00089458,296,155,141
E00089453,262,132,130
E00089457,334,168,166
E00089459,182,91,91
E00089461,301,163,138
E00089465,204,108,96
E00089467,307,163,144
E00089446,202,91,111
E00089460,445,225,220
E00178351,222,110,112
E00178437,277,131,146
E00178441,793,208,585
E00169128,551,289,262
E00169130,371,193,178
E00178364,465,237,228
E00178449,112,54,58
E00089560,327,159,168
E00089561,365,189,176
E00089562,298,156,142
E00089563,276,141,135
E00089564,373,182,191
E00089565,243,125,118
E00089566,167,83,84
E00089567,207,107,100
E00089574,313,157,156
E00089575,403,204,199
E00089576,184,90,94
E00089577,117,56,61
E00089578,220,127,93
E00089579,412,196,216
E00089580,298,160,138
E00089581,316,153,163
E00089643,331,165,166
E00089644,337,166,171
E00089645,281,146,135
E00089646,327,163,164
E00089647,341,170,171
E00089648,356,182,174
E00089649,334,165,169
E00089710,276,141,135
E00089711,407,229,178
E00089712,310,167,143
E00089713,329,160,169
E00089546,393,198,195
E00089547,346,185,161
E00089557,337,178,159
E00089558,443,231,212
E00089549,368,188,180
E00089550,380,199,181
E00089555,262,142,120
E00089556,326,177,149
E00089559,539,291,248
E00089548,409,214,195
E00089551,344,169,175
E00089552,298,146,152
E00089553,344,167,177
E00089554,448,224,224
E00089762,365,185,180
E00089763,307,162,145
E00089764,289,152,137
E00089765,381,197,184
E00089758,338,168,170
E00089759,475,232,243
E00089760,356,188,168
E00089761,374,198,176
E00089789,381,183,198
E00089790,347,172,175
E00089791,356,181,175
E00089792,399,209,190
E00089793,440,235,205
E00089794,363,162,201
E00089667,318,164,154
E00089668,274,139,135
E00089669,374,179,195
E00089676,344,173,171
E00089677,315,159,156
E00089665,256,137,119
E00089672,329,177,152
E00089673,289,153,136
E00089674,312,160,152
E00089675,299,146,153
E00089715,310,155,155
E00089716,343,167,176
E00089717,357,182,175
E00089718,430,209,221
E00089719,493,260,233
E00089720,349,170,179
E00089721,425,208,217
E00089666,345,177,168
E00089670,290,147,143
E00089671,326,166,160
E00089678,403,210,193
E00089679,330,165,165
E00089767,321,163,158
E00089774,393,207,186
E00089778,234,110,124
E00089779,289,158,131
E00089780,272,141,131
E00089769,306,155,151
E00089770,274,141,133
E00089772,392,203,189
E00089773,361,194,167
E00089776,276,147,129
E00178332,260,136,124
E00178343,205,115,90
E00178434,152,74,78
E00089766,331,184,147
E00089768,240,124,116
E00089775,225,114,111
E00089777,312,161,151
E00089781,326,169,157
E00089657,230,117,113
E00089658,372,193,179
E00089659,357,181,176
E00089660,322,154,168
E00089661,270,155,115
E00089662,282,146,136
E00089663,242,115,127
E00089664,252,117,135
E00089708,376,171,205
E00089709,385,200,185
E00089714,353,187,166
E00089738,335,163,172
E00089745,286,142,144
E00089750,300,143,157
E00089751,249,132,117
E00089752,422,221,201
E00089737,312,165,147
E00089742,322,169,153
E00089746,311,161,150
E00089753,323,176,147
E00089757,272,143,129
E00089739,305,164,141
E00089743,362,176,186
E00089754,303,149,154
E00089755,324,160,164
E00089756,292,147,145
E00089740,308,154,154
E00089741,187,104,83
E00089744,287,135,152
E00089747,291,173,118
E00089748,279,154,125
E00089749,317,168,149
E00089515,363,169,194
E00089517,256,122,134
E00089518,335,193,142
E00089522,347,173,174
E00089523,389,198,191
E00089516,388,190,198
E00089521,481,233,248
E00089525,323,177,146
E00089526,364,184,180
E00089528,200,109,91
E00089514,395,196,199
E00089519,418,224,194
E00089520,342,186,156
E00089524,336,182,154
E00089527,461,235,226
E00089630,501,246,255
E00089631,357,190,167
E00089632,375,192,183
E00089633,267,158,109
E00089635,287,145,142
E00089636,297,158,139
E00089637,334,164,170
E00089640,379,191,188
E00089641,337,169,168
E00089642,328,166,162
E00089628,344,164,180
E00089629,363,172,191
E00089634,325,157,168
E00089638,312,164,148
E00089639,364,174,190
E00089506,313,158,155
E00089508,320,160,160
E00089509,306,151,155
E00089512,332,171,161
E00089507,437,219,218
E00089510,296,162,134
E00089511,319,166,153
E00089513,427,209,218
E00089531,331,175,156
E00089532,262,134,128
E00089533,333,170,163
E00089534,309,149,160
E00089535,281,145,136
E00089529,265,141,124
E00089530,159,79,80
E00089536,267,136,131
E00089537,282,151,131
E00089539,245,132,113
E00089542,196,104,92
E00089545,298,153,145
E00089538,320,164,156
E00089540,352,181,171
E00089541,347,178,169
E00089543,297,145,152
E00089544,282,147,135
E00089619,414,203,211
E00089620,373,192,181
E00089621,372,191,181
E00089622,244,120,124
E00089698,334,175,159
E00089700,336,179,157
E00089701,313,164,149
E00089705,309,162,147
E00089706,391,218,173
E00089693,343,172,171
E00089697,315,165,150
E00089699,314,179,135
E00089707,340,172,168
E00178401,196,107,89
E00178405,220,110,110
E00178448,544,298,246
E00089694,355,171,184
E00089696,361,190,171
E00089702,348,185,163
E00089703,338,177,161
E00089704,402,217,185
E00089607,280,154,126
E00089608,325,165,160
E00089611,303,157,146
E00089614,315,164,151
E00089615,287,157,130
E00089618,333,176,157
E00089606,342,167,175
E00089623,408,209,199
E00089624,254,142,112
E00089625,369,194,175
E00089626,328,160,168
E00089609,338,178,160
E00089610,344,179,165
E00089612,310,150,160
E00089613,266,141,125
E00089616,294,156,138
E00089617,285,149,136
E00089627,303,159,144
E00089782,358,177,181
E00089783,288,159,129
E00089784,358,176,182
E00089785,260,140,120
E00089786,400,203,197
E00089787,329,172,157
E00089788,330,172,158
E00089584,376,178,198
E00089592,342,178,164
E00089593,374,200,174
E00089594,439,234,205
E00089585,333,183,150
E00089588,342,188,154
E00089590,290,148,142
E00089591,341,170,171
E00178331,222,122,100
E00178425,209,112,97
E00178455,252,145,107
E00089595,387,191,196
E00089596,351,176,175
E00089600,372,195,177
E00089605,388,206,182
E00089598,379,186,193
E00089599,259,150,109
E00089601,377,193,184
E00089602,168,81,87
E00089597,410,207,203
E00089603,490,241,249
E00089604,459,255,204
E00089568,349,185,164
E00089569,339,162,177
E00089570,396,215,181
E00089571,309,162,147
E00089572,367,189,178
E00089573,381,197,184
E00089582,361,199,162
E00089583,228,126,102
E00089586,342,175,167
E00089587,369,186,183
E00089650,346,178,168
E00089651,348,177,171
E00089652,361,197,164
E00089653,301,160,141
E00089654,328,177,151
E00089655,323,171,152
E00089656,373,196,177
E00089797,347,176,171
E00089801,317,161,156
E00089803,416,217,199
E00089804,311,164,147
E00089806,439,242,197
E00089798,321,169,152
E00089800,381,201,180
E00089802,338,164,174
E00089805,338,186,152
E00089795,369,198,171
E00089796,429,229,200
E00089799,242,139,103
E00089807,472,231,241
E00089808,309,156,153
E00089810,422,231,191
E00089811,470,240,230
E00089815,404,201,203
E00089816,270,145,125
E00089817,614,335,279
E00089809,316,167,149
E00089812,276,136,140
E00089813,346,172,174
E00089814,516,275,241
E00089818,255,127,128
E00089821,389,205,184
E00089823,398,206,192
E00089825,434,221,213
E00089827,458,242,216
E00089819,306,169,137
E00089820,378,201,177
E00089822,318,155,163
E00089824,358,180,178
E00089826,282,141,141
E00089904,320,158,162
E00089905,388,195,193
E00089906,354,202,152
E00089907,354,172,182
E00089908,338,171,167
E00089909,333,172,161
E00089910,439,222,217
E00089911,419,214,205
E00089917,406,199,207
E00089918,409,197,212
E00089912,316,165,151
E00089913,279,153,126
E00089914,379,204,175
E00089915,516,268,248
E00089916,293,159,134
E00089919,431,217,214
E00089920,241,133,108
E00089921,406,204,202
E00089922,532,269,263
E00089923,405,206,199
E00089924,411,208,203
E00089925,426,225,201
E00089926,407,195,212
E00089927,460,251,209
E00089864,273,145,128
E00089865,331,172,159
E00089867,285,153,132
E00089869,329,184,145
E00089872,328,176,152
E00178360,175,87,88
E00178429,307,185,122
E00178439,290,161,129
E00089866,306,160,146
E00089868,297,157,140
E00089870,308,170,138
E00089871,315,179,136
E00089873,415,213,202
E00089874,496,264,232
E00089878,301,150,151
E00089879,301,152,149
E00089881,402,205,197
E00089875,296,145,151
E00089876,333,172,161
E00089877,282,143,139
E00089880,475,231,244
E00089882,324,162,162
E00089883,303,150,153
E00089891,462,232,230
E00089892,399,205,194
E00089893,329,187,142
E00089895,350,175,175
E00089896,386,210,176
E00089889,302,161,141
E00089894,378,209,169
E00089898,452,237,215
E00089899,286,161,125
E00089900,329,166,163
E00089890,378,186,192
E00089897,295,159,136
E00089901,421,231,190
E00089902,550,229,321
E00089903,526,250,276
E00089928,289,151,138
E00089929,256,140,116
E00089930,246,128,118
E00089931,336,177,159
E00089932,327,172,155
E00089965,345,174,171
E00089968,381,202,179
E00089969,283,140,143
E00089973,283,166,117
E00089974,366,188,178
E00089977,324,178,146
E00089967,343,182,161
E00089970,358,183,175
E00089971,298,158,140
E00089972,352,178,174
E00089976,370,191,179
E00089964,508,262,246
E00089966,531,274,257
E00089975,357,187,170
E00089978,475,257,218
E00089985,307,151,156
E00089990,324,153,171
E00089992,245,138,107
E00089993,384,182,202
E00089994,400,196,204
E00089987,210,121,89
E00089988,348,188,160
E00089989,321,161,160
E00089991,226,137,89
E00169158,221,108,113
E00169159,333,173,160
E00089828,387,196,191
E00089829,291,149,142
E00089830,364,186,178
E00089831,350,183,167
E00089835,382,206,176
E00089842,341,160,181
E00089843,311,160,151
E00089844,390,210,180
E00089845,317,165,152
E00089884,363,187,176
E00089885,221,115,106
E00089886,356,183,173
E00089887,269,135,134
E00089888,484,249,235
E00089979,519,271,248
E00089980,534,278,256
E00089982,249,118,131
E00089983,364,198,166
E00089984,217,107,110
E00178349,107,47,60
E00178411,399,204,195
E00089833,355,193,162
E00089837,303,161,142
E00089838,320,162,158
E00089839,418,218,200
E00089841,238,125,113
E00089832,256,136,120
E00089834,342,179,163
E00089836,310,174,136
E00089840,318,163,155
E00089846,371,205,166
E00089847,333,180,153
E00089849,279,141,138
E00089852,392,211,181
E00089857,270,129,141
E00089861,321,163,158
E00089862,323,164,159
E00089848,271,137,134
E00089850,325,169,156
E00089851,328,173,155
E00089859,267,136,131
E00089860,454,246,208
E00089853,322,155,167
E00089854,374,204,170
E00089855,350,177,173
E00089856,325,170,155
E00089858,274,138,136
E00089938,180,87,93
E00089939,277,142,135
E00089940,352,159,193
E00089941,315,164,151
E00089942,196,117,79
E00089946,384,192,192
E00089933,325,163,162
E00089935,347,178,169
E00089936,296,144,152
E00089937,460,225,235
E00089943,295,147,148
E00089934,243,118,125
E00089944,287,153,134
E00089945,337,181,156
E00089947,440,219,221
E00089948,296,171,125
E00089950,582,305,277
E00089954,411,202,209
E00089955,312,150,162
E00089957,420,221,199
E00089963,326,167,159
E00089949,284,148,136
E00089951,310,160,150
E00089952,319,166,153
E00089953,344,181,163
E00089962,283,150,133
E00089956,508,250,258
E00089958,395,200,195
E00089959,438,213,225
E00089960,447,220,227
E00089961,405,199,206
E00090439,261,137,124
E00090445,139,84,55
E00090461,118,72,46
E00090463,274,143,131
E00090464,242,136,106
E00090465,345,185,160
E00090466,348,173,175
E00090442,263,137,126
E00090443,288,154,134
E00090444,295,145,150
E00090449,421,212,209
E00090451,262,135,127
E00090453,328,167,161
E00090446,245,120,125
E00090447,324,160,164
E00090448,301,151,150
E00090450,373,199,174
E00090467,243,128,115
E00090440,258,132,126
E00090441,401,198,203
E00090452,103,51,52
E00090454,330,173,157
E00090455,268,145,123
E00090456,245,140,105
E00090438,331,187,144
E00090457,253,140,113
E00090458,330,185,145
E00090459,395,222,173
E00090460,309,168,141
E00090462,261,128,133
E00090233,383,189,194
E00090236,517,259,258
E00090238,234,130,104
E00090239,161,88,73
E00090240,205,109,96
E00178443,309,156,153
E00178457,335,177,158
E00090230,240,122,118
E00090231,279,138,141
E00090232,280,144,136
E00090234,339,173,166
E00090235,361,193,168
E00090245,306,155,151
E00090247,283,138,145
E00090248,270,134,136
E00090249,274,143,131
E00090241,276,134,142
E00090242,301,152,149
E00090243,297,152,145
E00090244,243,123,120
E00090246,416,224,192
E00090154,316,152,164
E00090156,353,168,185
E00090162,278,138,140
E00090173,351,173,178
E00090155,292,146,146
E00090160,302,148,154
E00090167,297,154,143
E00090170,279,142,137
E00090153,301,154,147
E00090157,308,156,152
E00090159,282,148,134
E00090165,311,156,155
E00090176,307,157,150
E00090161,323,159,164
E00090163,404,214,190
E00090166,283,146,137
E00090168,261,137,124
E00090174,287,139,148
E00090164,372,192,180
E00090169,374,188,186
E00090171,285,146,139
E00090172,338,181,157
E00090152,375,192,183
E00090158,281,148,133
E00090175,346,155,191
E00090177,370,182,188
E00090377,323,168,155
E00090382,313,155,158
E00090383,324,144,180
E00090386,483,258,225
E00090374,204,97,107
E00090375,320,164,156
E00090376,185,103,82
E00090388,261,130,131
E00090389,213,100,113
E00090378,484,256,228
E00090379,375,189,186
E00090380,391,197,194
E00090381,432,215,217
E00090384,364,185,179
E00090385,273,149,124
E00090387,330,172,158
E00090390,298,153,145
E00090391,282,150,132
E00090094,367,179,188
E00090096,114,45,69
E00090097,298,148,150
E00090100,395,208,187
E00090108,310,156,154
E00090095,615,316,299
E00090099,213,96,117
E00090102,378,188,190
E00090103,239,132,107
E00178395,285,182,103
E00178419,627,308,319
E00178451,118,63,55
E00090104,329,158,171
E00090109,360,180,180
E00090111,393,200,193
E00178346,511,264,247
E00178456,126,68,58
E00090098,414,203,211
E00090105,326,169,157
E00090106,384,182,202
E00090107,337,162,175
E00090112,354,169,185
E00090116,291,145,146
E00090119,263,137,126
E00090120,288,145,143
E00090127,369,211,158
E00090121,166,84,82
E00090122,409,215,194
E00090123,111,50,61
E00090124,468,244,224
E00090125,339,178,161
E00090126,353,177,176
E00090113,291,146,145
E00090114,394,209,185
E00090115,350,175,175
E00090117,372,180,192
E00090118,347,172,175
E00090090,364,186,178
E00090091,182,90,92
E00090092,317,166,151
E00090093,488,251,237
E00090085,267,133,134
E00090086,328,164,164
E00090088,286,133,153
E00090089,293,153,140
E00090193,224,119,105
E00090194,267,133,134
E00090195,227,123,104
E00090196,270,135,135
E00090197,315,160,155
E00090198,253,128,125
E00090199,225,107,118
E00090200,348,185,163
E00090201,277,144,133
E00090019,225,115,110
E00090021,338,176,162
E00090024,376,190,186
E00090025,354,185,169
E00178333,250,125,125
E00090020,395,197,198
E00090023,409,210,199
E00090027,534,189,345
E00178338,374,195,179
E00090396,371,168,203
E00090399,309,159,150
E00090401,348,177,171
E00090418,483,240,243
E00090394,286,127,159
E00090395,331,152,179
E00090400,339,173,166
E00090404,329,160,169
E00090406,470,247,223
E00090397,289,141,148
E00090398,401,218,183
E00090402,384,203,181
E00090403,297,124,173
E00178399,370,181,189
E00178412,359,174,185
E00178422,305,160,145
E00090407,353,179,174
E00090409,302,132,170
E00090410,363,173,190
E00090412,308,146,162
E00090414,356,177,179
E00090393,406,212,194
E00090405,530,286,244
E00090408,303,161,142
E00090411,368,180,188
E00090494,335,179,156
E00090498,368,180,188
E00090499,367,185,182
E00090500,367,185,182
E00090485,289,151,138
E00090492,336,174,162
E00090495,268,128,140
E00090497,399,196,203
E00090501,269,121,148
E00090502,381,194,187
E00090504,286,143,143
E00090505,337,174,163
E00090507,334,165,169
E00090487,339,173,166
E00090490,274,136,138
E00090491,271,136,135
E00090493,324,171,153
E00090496,264,144,120
E00090062,355,183,172
E00090071,301,157,144
E00090072,298,147,151
E00090074,486,253,233
E00090063,211,102,109
E00090064,380,193,187
E00090073,354,176,178
E00090075,324,167,157
E00090076,458,226,232
E00090065,480,237,243
E00090066,445,221,224
E00090067,450,214,236
E00090068,438,213,225
E00090069,455,227,228
E00090070,316,149,167
E00090392,357,184,173
E00090413,337,176,161
E00090415,174,91,83
E00090416,265,122,143
E00090417,225,114,111
E00090420,504,259,245
E00090432,333,176,157
E00090434,473,251,222
E00172612,301,159,142
E00172613,194,93,101
E00172617,293,141,152
E00090427,346,192,154
E00090429,327,160,167
E00090431,445,231,214
E00090433,335,179,156
E00090421,332,174,158
E00090423,338,175,163
E00090426,315,150,165
E00090436,403,207,196
E00090437,349,179,170
E00090422,262,123,139
E00090424,305,156,149
E00090425,340,168,172
E00090428,273,147,126
E00090430,294,144,150
E00090357,343,173,170
E00090364,342,168,174
E00090366,312,171,141
E00090368,362,183,179
E00090369,348,170,178
E00090358,405,209,196
E00090359,366,170,196
E00090362,321,173,148
E00090363,415,216,199
E00090360,340,166,174
E00090370,369,199,170
E00090371,325,150,175
E00090372,393,192,201
E00178353,449,238,211
E00178438,256,118,138
E00090356,325,160,165
E00090361,348,177,171
E00090365,331,171,160
E00090367,397,199,198
E00090326,404,203,201
E00090330,410,189,221
E00090331,600,298,302
E00090335,339,162,177
E00090316,447,220,227
E00090317,430,214,216
E00090323,565,271,294
E00090325,531,258,273
E00090318,497,239,258
E00090320,287,127,160
E00090321,263,135,128
E00090322,348,175,173
E00090324,463,229,234
E00090327,440,212,228
E00090319,585,296,289
E00090328,390,180,210
E00090329,423,210,213
E00090332,542,277,265
E00090333,400,198,202
E00090334,312,172,140
E00090336,546,283,263
E00090337,244,94,150
E00090338,314,152,162
E00090299,448,234,214
E00090305,331,185,146
E00090306,367,186,181
E00090308,197,108,89
E00090309,397,201,196
E00090301,324,161,163
E00090307,260,136,124
E00090310,275,138,137
E00090311,328,148,180
E00090302,270,136,134
E00090312,320,168,152
E00090313,345,178,167
E00090315,282,141,141
E00090298,345,176,169
E00090300,237,130,107
E00090303,313,165,148
E00090304,369,183,186
E00090314,355,193,162
E00089998,479,232,247
E00090001,338,174,164
E00090013,482,240,242
E00090018,432,219,213
E00089997,336,167,169
E00089999,439,212,227
E00090016,457,230,227
E00172601,400,209,191
E00178324,617,301,316
E00178380,206,111,95
E00178414,99,46,53
E00090002,463,225,238
E00090014,380,191,189
E00090015,399,191,208
E00090017,409,195,214
E00090000,462,232,230
E00172607,307,139,168
E00178320,982,748,234
E00178385,305,150,155
E00178404,301,154,147
E00090004,380,187,193
E00090005,253,120,133
E00090007,386,199,187
E00090009,478,244,234
E00090010,512,247,265
E00089996,292,146,146
E00090006,414,210,204
E00178365,257,138,119
E00178400,614,337,277
E00178413,401,216,185
E00178415,206,109,97
E00178423,430,218,212
E00090339,296,141,155
E00090342,370,184,186
E00090343,267,131,136
E00090344,224,119,105
E00090351,418,226,192
E00172602,177,93,84
E00172603,210,98,112
E00172604,224,107,117
E00172605,361,171,190
E00090488,316,152,164
E00090506,265,140,125
E00090508,400,211,189
E00090509,126,54,72
E00090510,306,164,142
E00090348,333,158,175
E00172618,235,124,111
E00178325,173,86,87
E00178341,278,146,132
E00178342,491,279,212
E00178366,271,139,132
E00090340,305,159,146
E00090341,310,145,165
E00172614,284,145,139
E00172615,348,184,164
E00090346,379,204,175
E00090347,520,254,266
E00090349,477,240,237
E00090353,532,265,267
E00090354,346,172,174
E00090355,503,251,252
E00090030,323,162,161
E00090031,281,142,139
E00090032,273,146,127
E00090033,333,174,159
E00090041,365,194,171
E00090028,326,171,155
E00090034,303,167,136
E00090035,449,230,219
E00090038,440,228,212
E00090042,250,131,119
E00090029,214,115,99
E00090036,355,172,183
E00090037,342,158,184
E00090039,424,232,192
E00090040,307,163,144
E00090077,314,158,156
E00090081,370,207,163
E00090083,383,209,174
E00090084,289,152,137
E00090087,264,138,126
E00090078,391,202,189
E00090079,374,190,184
E00090080,359,191,168
E00090082,409,207,202
E00090132,319,159,160
E00090134,341,177,164
E00090135,299,154,145
E00090136,328,170,158
E00090130,257,143,114
E00090133,295,152,143
E00090137,358,193,165
E00090138,310,159,151
E00090139,290,136,154
E00090128,305,160,145
E00090140,334,165,169
E00090141,281,148,133
E00090143,300,146,154
E00090144,317,159,158
E00090129,325,181,144
E00090131,293,157,136
E00090142,318,170,148
E00090145,316,179,137
E00090146,318,159,159
E00090470,323,168,155
E00090476,232,107,125
E00090477,439,230,209
E00090478,349,168,181
E00090479,270,141,129
E00090481,234,115,119
E00090468,253,125,128
E00090471,263,142,121
E00090480,543,291,252
E00090482,314,168,146
E00090483,301,155,146
E00090484,348,192,156
E00090469,325,171,154
E00090472,229,125,104
E00090473,288,149,139
E00090474,315,163,152
E00090475,323,150,173
E00090486,365,199,166
E00090489,381,183,198
E00090503,366,184,182
E00090511,295,145,150
E00090147,289,147,142
E00090148,273,141,132
E00090149,312,163,149
E00090150,288,145,143
E00090151,299,145,154
E00090178,349,179,170
E00090179,327,164,163
E00090191,224,110,114
E00172609,250,127,123
E00172610,338,158,180
E00090180,291,149,142
E00090181,339,165,174
E00090185,414,208,206
E00090186,340,176,164
E00090187,306,156,150
E00090189,360,181,179
E00090182,286,159,127
E00090183,342,174,168
E00090184,332,169,163
E00090188,284,147,137
E00090190,332,165,167
E00090053,317,144,173
E00090054,295,144,151
E00090056,318,178,140
E00090057,212,124,88
E00090060,388,207,181
E00090045,257,144,113
E00090046,328,165,163
E00090047,368,203,165
E00090048,358,188,170
E00090061,352,178,174
E00090050,343,175,168
E00090051,288,145,143
E00090052,312,148,164
E00090055,323,169,154
E00090043,385,195,190
E00090044,283,147,136
E00090049,249,135,114
E00090058,234,124,110
E00090059,317,152,165
E00090252,329,173,156
E00090269,346,182,164
E00090272,397,208,189
E00090275,406,213,193
E00090270,327,164,163
E00090271,340,164,176
E00090273,352,179,173
E00090274,298,153,145
E00090253,287,154,133
E00090257,269,145,124
E00090259,266,131,135
E00090276,300,157,143
E00090277,308,166,142
E00090258,318,157,161
E00090263,346,183,163
E00090266,314,164,150
E00090267,251,130,121
E00090268,304,154,150
E00090254,236,123,113
E00090255,296,160,136
E00090256,285,146,139
E00090260,298,177,121
E00090264,345,188,157
E00090278,298,158,140
E00090250,374,201,173
E00090251,253,139,114
E00090261,377,210,167
E00090262,312,167,145
E00090265,280,150,130
E00090279,231,127,104
E00090286,302,150,152
E00090291,317,161,156
E00090292,263,139,124
E00090293,202,104,98
E00090287,289,153,136
E00090294,295,151,144
E00090295,251,133,118
E00090296,309,155,154
E00090297,261,129,132
E00090281,449,255,194
E00090282,298,144,154
E00090285,320,164,156
E00090289,311,164,147
E00090290,324,160,164
E00090280,327,179,148
E00090283,323,169,154
E00090284,265,136,129
E00090288,321,165,156
E00089680,282,140,142
E00089682,330,167,163
E00089683,326,159,167
E00089685,292,147,145
E00089688,298,156,142
E00089681,307,157,150
E00089684,331,156,175
E00089686,333,184,149
E00089687,344,173,171
E00089728,414,229,185
E00089730,347,176,171
E00089731,398,210,188
E00089732,383,196,187
E00089722,151,77,74
E00089723,132,70,62
E00089724,285,141,144
E00089733,327,172,155
E00089734,332,171,161
E00089735,331,168,163
E00089725,241,131,110
E00089726,334,172,162
E00089727,375,205,170
E00089729,404,212,192
E00089736,317,165,152
E00089689,308,180,128
E00089691,378,188,190
E00165834,320,163,157
E00165835,320,169,151
E00090204,353,185,168
E00090209,373,185,188
E00090210,336,181,155
E00090211,335,173,162
E00090202,380,188,192
E00090203,378,187,191
E00090205,326,166,160
E00090206,429,220,209
E00090215,414,232,182
E00090218,314,167,147
E00090221,343,187,156
E00090226,311,155,156
E00090227,346,182,164
E00090229,288,144,144
E00090216,376,191,185
E00090223,331,166,165
E00090228,318,163,155
E00172599,337,171,166
E00172619,268,133,135
E00090219,243,129,114
E00090220,340,169,171
E00090222,181,113,68
E00090224,312,168,144
E00090225,316,168,148
E00090208,321,158,163
E00090213,343,164,179
E00090214,350,186,164
E00165836,265,139,126
E00165837,310,161,149
E00106218,568,296,272
E00106221,154,73,81
E00106224,363,174,189
E00106226,301,154,147
E00106217,404,200,204
E00106220,280,156,124
E00106236,167,90,77
E00167663,270,131,139
E00167664,157,72,85
E00167665,289,149,140
E00106225,331,166,165
E00106230,228,123,105
E00106235,256,139,117
E00167661,329,190,139
E00167662,266,143,123
E00106232,278,150,128
E00106234,199,97,102
E00106237,286,150,136
E00106239,156,84,72
E00106240,244,123,121
E00106242,233,126,107
E00106244,238,123,115
E00106213,410,209,201
E00106214,418,205,213
E00106222,229,120,109
E00106223,340,175,165
E00106198,253,132,121
E00106199,241,125,116
E00106201,299,162,137
E00106204,356,181,175
E00106206,303,168,135
E00106200,306,144,162
E00106202,363,195,168
E00106203,361,185,176
E00106205,353,180,173
E00106210,278,141,137
E00106179,327,168,159
E00106182,275,147,128
E00106183,340,172,168
E00106184,281,139,142
E00106209,360,199,161
E00106177,429,227,202
E00106178,358,172,186
E00106196,226,116,110
E00106197,387,222,165
E00106323,294,137,157
E00106324,258,146,112
E00106325,394,211,183
E00106332,275,149,126
E00106334,367,194,173
E00106219,305,155,150
E00106227,212,111,101
E00106228,258,132,126
E00106229,231,128,103
E00106231,188,107,81
E00106233,274,150,124
E00106212,546,300,246
E00106238,223,105,118
E00106241,290,159,131
E00106243,244,126,118
E00106245,295,175,120
E00106246,169,75,94
E00106376,375,206,169
E00106378,218,104,114
E00106379,351,184,167
E00106380,342,182,160
E00106381,341,178,163
E00106358,323,173,150
E00106360,278,140,138
E00106361,300,152,148
E00106373,229,128,101
E00106374,278,145,133
E00106375,197,108,89
E00106377,273,163,110
E00106382,216,106,110
E00106383,385,206,179
E00106384,348,187,161
E00106385,353,196,157
E00106181,324,181,143
E00106185,168,82,86
E00106194,225,124,101
E00106207,308,158,150
E00106208,221,124,97
E00106211,263,140,123
E00106180,198,95,103
E00106188,321,169,152
E00106189,307,164,143
E00106191,225,118,107
E00106192,396,223,173
E00106186,208,110,98
E00106187,299,164,135
E00106190,265,141,124
E00106193,341,189,152
E00106195,318,167,151
E00106340,306,155,151
E00106341,242,127,115
E00106346,292,156,136
E00106348,350,174,176
E00106351,316,170,146
E00106353,319,175,144
E00106335,234,121,113
E00106336,302,167,135
E00106337,293,150,143
E00106338,269,139,130
E00106339,245,125,120
E00106345,194,108,86
E00106289,382,192,190
E00106292,299,163,136
E00106316,295,157,138
E00106318,321,172,149
E00106319,330,168,162
E00106288,304,168,136
E00106317,359,182,177
E00106320,361,191,170
E00106321,352,177,175
E00106322,384,206,178
E00106290,269,147,122
E00106296,300,157,143
E00106297,322,175,147
E00106310,335,180,155
E00106315,313,159,154
E00106333,278,132,146
E00106342,361,194,167
E00106343,266,137,129
E00106344,250,126,124
E00106347,290,156,134
E00106349,248,134,114
E00106328,288,163,125
E00106350,276,150,126
E00106352,315,158,157
E00106354,309,173,136
E00106355,175,98,77
E00106357,216,114,102
E00106133,303,171,132
E00106135,296,166,130
E00106171,317,154,163
E00106172,343,190,153
E00106174,390,204,186
E00106176,309,159,150
E00106134,196,109,87
E00106166,372,189,183
E00106168,221,135,86
E00106170,280,144,136
E00106173,288,144,144
E00106175,346,176,170
E00106362,279,148,131
E00106363,315,161,154
E00106364,330,163,167
E00106365,302,154,148
E00106372,371,214,157
E00106389,291,153,138
E00106366,285,156,129
E00106386,277,153,124
E00106390,328,157,171
E00106393,314,148,166
E00106394,321,166,155
E00106367,324,165,159
E00106368,255,139,116
E00106369,425,232,193
E00106370,382,194,188
E00106371,370,197,173
E00106326,127,68,59
E00106327,151,79,72
E00106329,242,131,111
E00106330,313,164,149
E00106331,256,137,119
E00106356,342,186,156
E00106421,266,136,130
E00106453,391,199,192
E00106454,343,169,174
E00106455,296,149,147
E00181205,279,146,133
E00181240,419,217,202
E00106426,301,153,148
E00106429,334,172,162
E00106435,313,161,152
E00106436,211,106,105
E00106437,198,101,97
E00106439,236,114,122
E00106442,221,112,109
E00106423,289,129,160
E00106424,369,186,183
E00106428,354,192,162
E00106431,173,82,91
E00106458,337,154,183
E00106459,202,110,92
E00106291,377,205,172
E00106293,340,188,152
E00106298,342,190,152
E00106305,304,173,131
E00106308,237,124,113
E00106294,360,192,168
E00106295,304,161,143
E00106299,323,173,150
E00106300,300,163,137
E00106301,283,154,129
E00106287,285,152,133
E00106302,224,106,118
E00106303,249,137,112
E00106304,193,108,85
E00106306,316,177,139
E00106307,302,158,144
E00106427,180,91,89
E00106430,237,122,115
E00106434,215,114,101
E00106438,195,111,84
E00106445,205,106,99
E00106446,306,158,148
E00106448,256,143,113
E00106425,350,192,158
E00106432,226,119,107
E00106440,157,82,75
E00106444,301,158,143
E00106447,267,153,114
E00106456,372,195,177
E00106457,188,84,104
E00106136,309,157,152
E00106137,347,173,174
E00106139,275,137,138
E00106141,199,120,79
E00106142,455,210,245
E00106145,439,229,210
E00106132,366,181,185
E00106151,320,158,162
E00106152,369,187,182
E00106153,327,151,176
E00106156,274,142,132
E00106158,297,134,163
E00106159,391,193,198
E00106147,215,113,102
E00106148,259,119,140
E00106149,330,150,180
E00106154,441,196,245
E00106155,230,94,136
E00106157,259,133,126
E00181220,170,79,91
E00181237,119,52,67
E00181249,197,99,98
E00106138,351,186,165
E00106140,282,156,126
E00106143,313,162,151
E00106144,290,154,136
E00106146,293,148,145
E00106150,320,172,148
E00106247,273,139,134
E00106259,319,150,169
E00106260,246,117,129
E00106261,368,201,167
E00106265,196,100,96
E00106267,464,247,217
E00106270,222,95,127
E00106248,214,101,113
E00106254,318,169,149
E00106263,184,117,67
E00106264,292,155,137
E00106266,251,129,122
E00106268,172,103,69
E00106271,185,100,85
E00106250,299,162,137
E00106273,320,175,145
E00106276,325,160,165
E00106280,259,139,120
E00181212,288,141,147
E00181248,501,240,261
E00106422,211,125,86
E00106433,264,135,129
E00106441,413,221,192
E00106443,275,125,150
E00106449,311,161,150
E00106450,236,130,106
E00106451,237,121,116
E00106277,244,135,109
E00106278,195,97,98
E00106282,215,107,108
E00106283,221,122,99
E00106286,238,127,111
E00167671,344,162,182
E00167672,235,156,79
E00106249,159,92,67
E00106262,178,96,82
E00106269,144,85,59
E00106272,195,114,81
E00106274,203,121,82
E00106281,186,98,88
E00106284,234,119,115
E00106309,292,158,134
E00106311,304,175,129
E00106312,334,167,167
E00106313,273,136,137
E00106314,301,161,140
E00106251,320,160,160
E00106252,304,163,141
E00106253,298,153,145
E00106255,238,129,109
E00106256,210,111,99
E00106257,308,166,142
E00106258,356,196,160
E00106285,218,126,92
E00106162,197,110,87
E00106163,254,133,121
E00106164,220,117,103
E00106165,315,171,144
E00106167,292,163,129
E00106169,280,149,131
E00167641,548,290,258
E00167642,255,147,108
E00106359,319,176,143
E00106387,384,197,187
E00106388,203,100,103
E00106391,284,147,137
E00106392,393,205,188
E00106399,312,165,147
E00106401,321,172,149
E00106402,294,155,139
E00106405,275,157,118
E00106406,299,149,150
E00106395,342,185,157
E00106407,279,144,135
E00106408,260,140,120
E00106409,290,149,141
E00106410,289,149,140
E00106396,288,153,135
E00106412,267,144,123
E00106413,236,114,122
E00106414,241,118,123
E00106415,223,116,107
E00167639,280,147,133
E00167640,281,129,152
E00167648,264,137,127
E00106398,273,134,139
E00106403,363,193,170
E00106404,326,177,149
E00167649,290,151,139
E00167666,266,128,138
E00167667,246,125,121
E00167668,275,139,136
E00167669,219,116,103
E00167670,189,96,93
E00106416,583,293,290
E00167643,108,52,56
E00167644,146,77,69
E00167645,198,101,97
E00167646,220,111,109
E00167653,206,109,97
E00167654,127,65,62
E00106397,339,186,153
E00106418,294,155,139
E00106419,268,152,116
E00167647,206,104,102
E00167655,234,120,114
E00167659,152,77,75
E00167650,154,79,75
E00167651,183,101,82
E00167652,230,109,121
E00167656,182,87,95
E00167657,189,103,86
E00167658,176,85,91
E00167660,186,94,92
E00106462,379,177,202
E00106463,278,153,125
E00106470,309,159,150
E00106471,195,93,102
E00106472,360,182,178
E00106464,576,300,276
E00106465,435,232,203
E00106474,534,270,264
E00106475,549,284,265
E00172124,220,107,113
E00172126,418,211,207
E00106461,537,274,263
E00106466,302,131,171
E00106467,237,108,129
E00106468,315,169,146
E00106469,327,165,162
E00106473,441,224,217
E00106567,401,205,196
E00106568,288,153,135
E00106573,267,141,126
E00106574,255,122,133
E00106575,337,170,167
E00106578,330,179,151
E00106478,290,153,137
E00106479,325,172,153
E00106481,541,286,255
E00106482,266,138,128
E00106484,299,152,147
E00106566,270,142,128
E00106570,305,156,149
E00106571,263,137,126
E00106572,410,223,187
E00106576,324,162,162
E00106569,274,146,128
E00106577,233,120,113
E00106579,218,117,101
E00106580,261,138,123
E00106581,275,146,129
E00106582,372,190,182
E00106679,204,114,90
E00106681,397,218,179
E00106682,439,227,212
E00106683,363,182,181
E00106685,203,111,92
E00106686,286,153,133
E00106690,338,173,165
E00106692,425,216,209
E00106693,206,117,89
E00172115,311,183,128
E00106680,332,162,170
E00106684,236,128,108
E00106687,270,141,129
E00106688,261,143,118
E00106689,277,144,133
E00106691,301,163,138
E00106694,276,143,133
E00106611,312,167,145
E00106618,295,163,132
E00106619,204,104,100
E00106622,314,161,153
E00106623,327,172,155
E00106610,422,217,205
E00106612,309,146,163
E00106613,270,134,136
E00106614,281,156,125
E00106616,335,179,156
E00106606,265,150,115
E00106607,305,150,155
E00106615,309,149,160
E00106617,304,166,138
E00106620,236,118,118
E00106605,549,285,264
E00106609,364,180,184
E00106621,301,144,157
E00181225,459,250,209
E00181265,279,157,122
E00106746,189,101,88
E00106755,322,174,148
E00106756,212,111,101
E00106757,109,53,56
E00106760,372,186,186
E00106761,195,102,93
E00106763,271,138,133
E00106662,346,169,177
E00106664,312,156,156
E00106665,317,167,150
E00106673,259,142,117
E00106676,343,175,168
E00106678,272,153,119
E00106663,358,208,150
E00106672,405,214,191
E00106674,404,226,178
E00106675,287,165,122
E00106677,280,143,137
E00106666,271,140,131
E00106667,292,159,133
E00106668,279,148,131
E00106669,320,176,144
E00106670,370,199,171
E00106671,202,99,103
E00106722,340,180,160
E00106723,396,201,195
E00106724,316,165,151
E00106725,492,266,226
E00106726,277,145,132
E00106476,255,136,119
E00106477,386,213,173
E00106483,254,134,120
E00106485,350,179,171
E00106486,319,175,144
E00106490,325,170,155
E00106480,405,205,200
E00106487,300,161,139
E00106488,326,173,153
E00106489,295,151,144
E00106491,269,139,130
E00106492,287,157,130
E00106499,295,157,138
E00106500,279,136,143
E00106501,216,104,112
E00106502,222,119,103
E00106503,350,163,187
E00106504,213,109,104
E00106713,222,125,97
E00106714,274,148,126
E00106715,289,159,130
E00106727,339,186,153
E00106728,350,191,159
E00106729,324,175,149
E00106697,320,161,159
E00106703,272,143,129
E00106704,316,157,159
E00106705,309,152,157
E00106708,317,180,137
E00106706,303,159,144
E00106707,285,146,139
E00106709,344,166,178
E00106710,340,176,164
E00106711,349,166,183
E00106698,274,147,127
E00106699,357,164,193
E00106700,291,147,144
E00106701,190,95,95
E00106702,317,154,163
E00106712,302,152,150
E00106747,366,203,163
E00106748,382,198,184
E00106749,323,165,158
E00106758,332,178,154
E00106759,311,155,156
E00106762,295,141,154
E00106750,318,162,156
E00106751,338,166,172
E00106753,369,187,182
E00106754,301,154,147
E00172122,232,120,112
E00172123,139,75,64
E00172125,198,93,105
E00106642,336,174,162
E00106646,347,188,159
E00106656,287,152,135
E00106659,180,98,82
E00106660,299,152,147
E00106641,285,138,147
E00106654,363,200,163
E00106655,358,190,168
E00106657,205,113,92
E00106647,273,132,141
E00106648,347,181,166
E00106649,228,126,102
E00106658,218,118,100
E00106661,338,178,160
E00106643,135,59,76
E00106644,208,111,97
E00106645,255,140,115
E00106650,171,85,86
E00106651,176,86,90
E00106652,195,93,102
E00106653,295,132,163
E00106716,330,170,160
E00106717,307,162,145
E00106718,267,143,124
E00106719,301,154,147
E00106720,306,173,133
E00106721,291,160,131
E00106493,262,142,120
E00106494,263,135,128
E00106495,233,140,93
E00106496,267,133,134
E00106498,329,171,158
E00106505,304,154,150
E00106497,246,119,127
E00106506,364,180,184
E00106507,282,149,133
E00106508,288,140,148
E00106509,213,120,93
E00106510,283,138,145
E00106511,191,97,94
E00106597,356,177,179
E00106598,246,119,127
E00106599,380,193,187
E00106601,357,181,176
E00106603,308,170,138
E00106587,247,119,128
E00106588,228,109,119
E00106592,294,155,139
E00106593,246,122,124
E00106600,324,150,174
E00106586,414,184,230
E00106590,288,151,137
E00106591,252,129,123
E00106594,282,136,146
E00106602,407,210,197
E00106604,210,102,108
E00106515,314,170,144
E00106517,307,150,157
E00106519,250,128,122
E00106520,336,163,173
E00106524,262,131,131
E00106525,222,115,107
E00106533,289,149,140
E00106518,257,120,137
E00106521,241,97,144
E00106522,321,162,159
E00106523,251,104,147
E00106526,431,212,219
E00106527,274,129,145
E00106537,143,63,80
E00106514,311,154,157
E00106516,356,173,183
E00106528,124,77,47
E00106529,256,139,117
E00106535,222,116,106
E00106536,255,136,119
E00106512,226,119,107
E00106513,269,122,147
E00106530,253,130,123
E00106531,269,135,134
E00106532,248,128,120
E00106534,186,89,97
E00106627,260,129,131
E00106631,366,205,161
E00106633,284,142,142
E00106634,332,163,169
E00106637,393,206,187
E00106624,325,170,155
E00106625,401,213,188
E00106628,431,226,205
E00106632,236,107,129
E00106635,222,113,109
E00106636,262,137,125
E00106626,262,154,108
E00106629,337,188,149
E00106630,257,132,125
E00106638,347,181,166
E00106639,288,136,152
E00106640,394,216,178
E00106731,293,155,138
E00106733,339,187,152
E00106734,240,121,119
E00106735,377,186,191
E00106738,327,169,158
E00106739,256,134,122
E00106732,286,152,134
E00106736,349,164,185
E00106737,358,186,172
E00106740,314,163,151
E00106741,274,130,144
E00106730,382,186,196
E00106742,589,304,285
E00106743,323,160,163
E00106744,273,146,127
E00106745,331,175,156
E00106546,244,116,128
E00106547,213,108,105
E00106548,202,93,109
E00106549,177,82,95
E00106550,227,104,123
E00106559,274,147,127
E00106562,180,82,98
E00106563,150,70,80
E00106561,220,110,110
E00106564,165,85,80
E00106565,207,113,94
E00172118,268,132,136
E00172120,149,80,69
E00181226,206,103,103
E00181250,279,139,140
E00106539,126,67,59
E00106541,196,100,96
E00106552,266,136,130
E00106554,231,114,117
E00106560,162,76,86
E00172116,213,119,94
E00172117,224,104,120
E00172119,139,74,65
E00172121,306,142,164
E00106538,193,94,99
E00106545,223,108,115
E00106551,192,92,100
E00106553,258,134,124
E00106555,183,91,92
E00106556,232,108,124
E00106557,204,117,87
E00106558,106,49,57
E00106583,253,128,125
E00106584,184,97,87
E00106585,335,178,157
E00106589,234,121,113
E00106595,245,120,125
E00106596,356,189,167
E00106764,319,164,155
E00106765,369,184,185
E00106766,385,195,190
E00106767,418,210,208
E00106768,397,195,202
E00106769,337,176,161
E00106771,295,156,139
E00106774,276,135,141
E00106775,264,139,125
E00106776,269,134,135
E00106770,482,231,251
E00106772,426,207,219
E00106773,432,205,227
E00106777,531,271,260
E00106917,309,165,144
E00106918,251,132,119
E00106923,366,193,173
E00106924,292,150,142
E00106919,350,183,167
E00106920,326,173,153
E00106921,184,96,88
E00106922,367,192,175
E00106778,597,306,291
E00106780,267,133,134
E00106781,363,184,179
E00106782,441,222,219
E00106783,571,292,279
E00181204,404,206,198
E00181267,317,150,167
E00106785,348,171,177
E00106786,265,142,123
E00106787,251,134,117
E00106788,351,179,172
E00106789,259,133,126
E00106790,290,148,142
E00181211,382,238,144
E00181246,409,292,117
E00106816,250,132,118
E00106817,177,86,91
E00106818,240,127,113
E00106819,300,151,149
E00106820,276,141,135
E00106821,234,121,113
E00106822,239,130,109
E00106823,190,96,94
E00106996,210,121,89
E00106997,276,144,132
E00106998,311,157,154
E00106999,262,133,129
E00106993,345,166,179
E00106994,113,64,49
E00106995,186,87,99
E00107000,354,179,175
E00107001,164,85,79
E00106829,292,152,140
E00106830,258,135,123
E00106832,416,219,197
E00106833,314,159,155
E00106834,283,143,140
E00106835,244,129,115
E00106824,318,170,148
E00106827,264,131,133
E00106828,326,173,153
E00106831,350,170,180
E00106825,275,147,128
E00106826,213,106,107
E00106836,385,203,182
E00106837,267,149,118
E00106838,274,150,124
E00106839,356,185,171
E00106842,346,182,164
E00106849,321,160,161
E00106852,294,143,151
E00106853,285,147,138
E00106854,171,86,85
E00106845,279,140,139
E00106847,295,151,144
E00106848,359,190,169
E00106850,287,156,131
E00106851,289,144,145
E00106840,328,169,159
E00106841,268,144,124
E00106843,244,140,104
E00106844,259,136,123
E00106846,189,103,86
E00106855,332,176,156
E00106927,194,98,96
E00106929,261,144,117
E00106932,317,161,156
E00106933,351,169,182
E00106937,338,185,153
E00106934,394,199,195
E00106935,222,127,95
E00106936,308,156,152
E00106939,314,152,162
E00106940,260,144,116
E00106942,248,138,110
E00106928,293,160,133
E00106930,331,167,164
E00106931,284,138,146
E00106938,494,270,224
E00106941,350,189,161
E00106925,273,147,126
E00106926,267,140,127
E00106943,262,141,121
E00106944,269,120,149
E00106945,227,118,109
E00106946,257,144,113
E00106861,282,155,127
E00106863,290,160,130
E00106864,259,142,117
E00106866,244,130,114
E00106868,256,139,117
E00106857,608,152,456
E00106859,321,162,159
E00106867,338,190,148
E00106871,241,120,121
E00106872,249,132,117
E00106860,335,182,153
E00106862,380,195,185
E00106865,321,163,158
E00106869,191,108,83
E00106870,273,146,127
E00106873,331,180,151
E00106874,306,158,148
E00106875,323,167,156
E00106876,273,145,128
E00106856,312,169,143
E00106858,299,167,132
E00106877,281,147,134
E00106878,312,161,151
E00106879,317,161,156
E00106791,318,162,156
E00106798,331,163,168
E00106799,251,133,118
E00106812,298,154,144
E00106813,298,159,139
E00106794,252,126,126
E00106795,479,251,228
E00106797,306,153,153
E00106801,239,118,121
E00106815,241,129,112
E00106800,295,158,137
E00106803,302,149,153
E00106805,319,153,166
E00106808,388,201,187
E00106814,265,140,125
E00106792,268,130,138
E00106793,402,206,196
E00106796,275,167,108
E00106804,309,165,144
E00106802,141,75,66
E00106806,300,152,148
E00106807,320,157,163
E00106809,349,184,165
E00106810,273,138,135
E00106811,173,85,88
E00106964,308,159,149
E00106968,341,169,172
E00106970,298,159,139
E00106973,311,144,167
E00106975,260,130,130
E00106962,399,202,197
E00106963,323,164,159
E00106966,377,197,180
E00106967,294,156,138
E00106969,288,153,135
E00106977,328,179,149
E00106981,266,138,128
E00106982,295,145,150
E00106985,277,140,137
E00106986,313,168,145
E00106991,294,164,130
E00106979,233,132,101
E00106980,273,141,132
E00106983,176,98,78
E00106984,266,140,126
E00106992,215,112,103
E00106978,305,169,136
E00106987,308,164,144
E00106988,334,174,160
E00106989,312,163,149
E00106990,269,139,130
E00106884,289,153,136
E00106888,277,147,130
E00106893,444,208,236
E00106894,383,207,176
E00181203,123,66,57
E00181206,270,126,144
E00181254,141,66,75
E00106895,266,138,128
E00106896,292,150,142
E00106897,290,153,137
E00106900,314,160,154
E00106902,342,172,170
E00106880,323,157,166
E00106898,283,146,137
E00106899,263,135,128
E00106901,315,152,163
E00106903,322,164,158
E00106881,266,143,123
E00106883,322,167,155
E00106885,271,138,133
E00106886,295,152,143
E00181218,292,139,153
E00181227,99,53,46
E00181242,137,68,69
E00106889,502,257,245
E00106890,414,222,192
E00106891,449,248,201
E00167673,443,217,226
E00167674,321,172,149
E00106906,319,161,158
E00106908,330,170,160
E00106913,276,132,144
E00106915,316,172,144
E00106916,221,113,108
E00106904,335,160,175
E00106905,354,174,180
E00106907,281,140,141
E00106909,358,173,185
E00106910,291,155,136
E00106911,301,163,138
E00106912,262,130,132
E00106914,301,151,150
E00106947,364,177,187
E00106948,317,162,155
E00106958,571,312,259
E00106959,406,217,189
E00106961,324,169,155
E00106952,315,158,157
E00106953,302,158,144
E00106954,322,164,158
E00106955,474,248,226
E00106956,340,166,174
E00106949,304,162,142
E00106950,292,151,141
E00106957,234,117,117
E00181207,432,225,207
E00181243,309,154,155
E00181259,435,209,226
E00181261,318,165,153
E00106965,278,145,133
E00106971,503,248,255
E00106972,289,145,144
E00106974,372,197,175
E00106976,278,133,145
E00107003,316,159,157
E00107004,309,171,138
E00107005,301,155,146
E00107018,326,171,155
E00107019,291,147,144
E00107037,333,174,159
E00107043,243,137,106
E00107050,352,186,166
E00107051,282,161,121
E00167675,299,154,145
E00167676,325,170,155
E00107041,260,136,124
E00107044,279,138,141
E00107046,346,177,169
E00107047,315,158,157
E00107049,292,148,144
E00107075,261,126,135
E00107076,261,130,131
E00107077,272,143,129
E00107078,314,173,141
E00107080,182,93,89
E00107081,283,148,135
E00107069,264,132,132
E00107071,253,128,125
E00107072,251,130,121
E00107079,326,172,154
E00107082,282,158,124
E00107083,235,125,110
E00107068,279,144,135
E00107070,375,198,177
E00107073,318,165,153
E00107074,318,161,157
E00107024,277,142,135
E00107025,284,154,130
E00107026,228,128,100
E00107027,264,145,119
E00107028,235,130,105
E00107029,282,148,134
E00107023,285,146,139
E00107031,292,153,139
E00107032,249,137,112
E00107035,282,141,141
E00107036,341,171,170
E00107020,333,174,159
E00107021,293,165,128
E00107022,255,135,120
E00107030,262,143,119
E00107033,305,146,159
E00107034,310,170,140
E00107038,368,200,168
E00107039,308,165,143
E00107040,355,185,170
E00107042,316,174,142
E00107045,262,122,140
E00107052,268,142,126
E00107053,256,142,114
E00107055,334,171,163
E00107058,437,237,200
E00107060,351,189,162
E00107006,281,154,127
E00107007,154,80,74
E00107008,266,145,121
E00107009,202,98,104
E00107010,265,131,134
E00107011,453,245,208
E00107002,198,110,88
E00107012,370,187,183
E00107013,340,182,158
E00107014,266,147,119
E00107015,266,130,136
E00107016,215,120,95
E00107017,202,105,97
E00107054,254,141,113
E00107056,222,107,115
E00107059,214,109,105
E00107061,220,119,101
E00107062,281,154,127
E00107063,317,179,138
E00107057,381,206,175
E00107064,273,143,130
E00107065,337,175,162
E00107066,325,188,137
E00107067,188,93,95
E00107357,293,148,145
E00107358,581,292,289
E00107359,343,172,171
E00107364,300,153,147
E00107351,395,203,192
E00107360,366,176,190
E00107361,244,131,113
E00107362,296,153,143
E00107363,303,155,148
E00107352,260,128,132
E00107353,286,153,133
E00107354,374,180,194
E00107355,318,161,157
E00107356,259,125,134
E00107385,323,169,154
E00107388,324,167,157
E00107389,471,243,228
E00107391,310,168,142
E00107386,276,152,124
E00107387,360,203,157
E00107390,314,168,146
E00107393,364,181,183
E00107395,437,220,217
E00107383,420,206,214
E00107384,437,215,222
E00107392,311,151,160
E00107394,323,159,164
E00107180,214,120,94
E00107183,151,78,73
E00107184,271,138,133
E00107195,247,128,119
E00107196,230,118,112
E00107197,174,88,86
E00107198,151,70,81
E00107253,356,177,179
E00107255,378,184,194
E00107257,310,158,152
E00107259,245,135,110
E00107262,469,252,217
E00107254,386,203,183
E00107256,357,174,183
E00107258,259,133,126
E00107260,274,139,135
E00107261,321,165,156
E00107263,458,221,237
E00107264,200,112,88
E00107265,242,136,106
E00107266,134,62,72
E00107267,201,108,93
E00107268,321,184,137
E00107169,429,221,208
E00107170,288,156,132
E00107171,358,184,174
E00107172,369,191,178
E00107173,320,165,155
E00107167,357,175,182
E00107168,433,213,220
E00107174,378,190,188
E00107175,226,108,118
E00107176,313,155,158
E00107164,280,145,135
E00107165,206,108,98
E00107166,326,166,160
E00107177,280,146,134
E00107178,266,138,128
E00107179,333,150,183
E00107199,395,192,203
E00107200,430,225,205
E00107201,433,223,210
E00107203,241,115,126
E00107202,357,171,186
E00107204,253,137,116
E00107205,328,177,151
E00107206,312,157,155
E00107188,285,148,137
E00107189,217,118,99
E00107190,246,132,114
E00107191,260,145,115
E00107192,310,146,164
E00107193,348,172,176
E00107181,311,162,149
E00107182,183,93,90
E00107185,314,159,155
E00107186,209,109,100
E00107187,207,105,102
E00107194,248,127,121
E00107269,332,185,147
E00107271,249,126,123
E00107277,286,144,142
E00107278,223,119,104
E00107279,232,129,103
E00107284,222,118,104
E00107273,288,142,146
E00107280,204,117,87
E00107281,270,141,129
E00107282,216,107,109
E00107283,207,98,109
E00181256,345,179,166
E00181258,283,150,133
E00107270,309,164,145
E00107272,291,163,128
E00107275,265,146,119
E00107276,258,139,119
E00107106,231,124,107
E00107107,354,180,174
E00107108,293,158,135
E00107109,358,189,169
E00107114,360,192,168
E00107115,323,174,149
E00107101,376,191,185
E00107102,377,195,182
E00107103,234,120,114
E00107104,256,127,129
E00107105,368,182,186
E00107110,312,161,151
E00107111,280,151,129
E00107112,280,145,135
E00107113,397,212,185
E00107116,315,162,153
E00107230,131,68,63
E00107232,256,127,129
E00107233,346,187,159
E00107234,374,189,185
E00107235,288,146,142
E00181197,430,204,226
E00107225,291,155,136
E00107226,293,148,145
E00107227,237,125,112
E00107228,290,138,152
E00107229,209,108,101
E00107231,246,136,110
E00171579,251,127,124
E00171582,197,109,88
E00171583,285,143,142
E00107084,304,155,149
E00107087,228,124,104
E00107093,251,144,107
E00107095,175,102,73
E00107096,175,106,69
E00107097,394,202,192
E00107099,384,204,180
E00107088,414,220,194
E00107089,349,175,174
E00107091,302,166,136
E00107098,335,170,165
E00107100,291,146,145
E00107085,362,194,168
E00107086,441,240,201
E00107090,268,141,127
E00107092,322,180,142
E00107094,420,235,185
E00107155,452,238,214
E00107158,286,153,133
E00107159,277,143,134
E00107160,287,146,141
E00107156,308,158,150
E00107157,229,112,117
E00107161,318,169,149
E00107162,195,99,96
E00107163,373,187,186
E00107245,275,146,129
E00107248,283,181,102
E00107250,296,150,146
E00107251,227,140,87
E00107239,318,171,147
E00107240,296,161,135
E00107241,259,137,122
E00107243,265,137,128
E00107252,564,298,266
E00107336,383,198,185
E00107338,369,183,186
E00107339,260,127,133
E00107340,261,145,116
E00107341,290,163,127
E00107365,527,278,249
E00107368,419,219,200
E00107369,419,223,196
E00107379,238,127,111
E00107382,344,185,159
E00107367,340,197,143
E00107372,395,211,184
E00107375,318,166,152
E00107376,302,163,139
E00107366,285,155,130
E00107373,492,270,222
E00107378,342,184,158
E00107380,294,165,129
E00107381,256,131,125
E00107242,387,218,169
E00107244,261,142,119
E00107246,272,151,121
E00107247,228,122,106
E00107249,243,127,116
E00107285,246,139,107
E00107288,197,127,70
E00107294,251,127,124
E00107296,223,125,98
E00107298,190,113,77
E00107299,438,226,212
E00107321,352,200,152
E00107327,262,138,124
E00107328,336,197,139
E00107329,275,129,146
E00107330,356,176,180
E00107320,291,159,132
E00107322,423,242,181
E00107324,308,174,134
E00107326,261,141,120
E00107335,316,166,150
E00107323,488,270,218
E00107325,250,121,129
E00107331,293,138,155
E00107332,380,200,180
E00107333,258,130,128
E00107334,265,147,118
E00107140,244,129,115
E00107142,299,151,148
E00107145,347,173,174
E00107146,304,159,145
E00107151,238,129,109
E00107147,220,119,101
E00107148,247,138,109
E00107149,254,137,117
E00107152,262,134,128
E00107153,282,148,134
E00107303,196,110,86
E00107308,136,65,71
E00107309,316,169,147
E00107311,292,144,148
E00107313,275,148,127
E00107314,322,170,152
E00107304,314,159,155
E00107315,262,144,118
E00107316,252,134,118
E00107317,265,136,129
E00107318,265,148,117
E00181215,122,73,49
E00181236,565,284,281
E00181262,101,54,47
E00107305,229,122,107
E00107306,281,148,133
E00107307,175,93,82
E00107312,344,201,143
E00107319,253,126,127
E00107337,265,142,123
E00107343,289,150,139
E00107347,280,157,123
E00107348,250,135,115
E00171580,327,169,158
E00171581,310,164,146
E00107370,298,146,152
E00107371,254,125,129
E00107374,294,154,140
E00107377,301,161,140
E00107139,246,135,111
E00107141,228,151,77
E00107143,161,77,84
E00107144,333,177,156
E00107150,216,124,92
E00107154,299,156,143
E00107212,242,128,114
E00107213,186,106,80
E00107214,272,148,124
E00107217,291,147,144
E00107219,224,115,109
E00107220,232,131,101
E00107222,268,142,126
E00107208,261,131,130
E00107209,264,139,125
E00107210,245,128,117
E00107215,219,113,106
E00107221,288,147,141
E00107223,255,132,123
E00107207,286,151,135
E00107211,286,154,132
E00107216,247,146,101
E00107218,345,182,163
E00107224,328,179,149
E00107342,311,155,156
E00107344,346,182,164
E00107346,237,120,117
E00107349,256,125,131
E00107350,343,190,153
E00107118,184,107,77
E00107123,318,168,150
E00107126,315,157,158
E00107129,296,152,144
E00107130,248,124,124
E00107133,327,164,163
E00107120,267,136,131
E00107131,271,145,126
E00107132,286,141,145
E00107134,239,115,124
E00107135,243,129,114
E00107136,276,149,127
E00107137,285,147,138
E00107138,185,90,95
E00107117,382,212,170
E00107119,365,189,176
E00107121,228,112,116
E00107122,247,130,117
E00107124,305,164,141
E00107125,191,118,73
E00107127,121,73,48
E00107128,294,173,121
E00107286,283,155,128
E00107287,254,137,117
E00107289,352,203,149
E00107293,209,119,90
E00107295,219,119,100
E00107297,262,148,114
E00107290,208,113,95
E00107291,215,130,85
E00107292,230,123,107
E00107300,310,154,156
E00107301,299,161,138
E00107302,245,128,117
E00107531,274,143,131
E00107532,380,215,165
E00107534,411,208,203
E00107537,308,171,137
E00107538,328,180,148
E00107539,292,166,126
E00107544,306,178,128
E00107530,343,183,160
E00107533,331,166,165
E00107536,337,174,163
E00107540,312,170,142
E00107541,332,170,162
E00107535,259,133,126
E00107542,397,208,189
E00107543,254,133,121
E00107545,332,170,162
E00107625,349,174,175
E00107626,270,145,125
E00107627,253,128,125
E00107629,365,189,176
E00107554,313,163,150
E00107555,386,193,193
E00107556,551,282,269
E00107557,389,193,196
E00107558,388,195,193
E00107560,274,140,134
E00107561,289,150,139
E00107565,367,186,181
E00107566,252,130,122
E00107567,268,139,129
E00107568,284,144,140
E00107559,437,225,212
E00107562,398,204,194
E00107563,335,165,170
E00107564,302,158,144
E00107777,339,167,172
E00107778,286,143,143
E00107779,288,159,129
E00107782,265,130,135
E00107471,353,182,171
E00107472,374,202,172
E00107473,442,227,215
E00107476,303,177,126
E00107479,451,238,213
E00107466,366,189,177
E00107469,385,191,194
E00107470,443,225,218
E00107480,299,160,139
E00107481,303,159,144
E00107467,318,164,154
E00107468,476,241,235
E00107474,485,245,240
E00107475,338,169,169
E00107477,340,176,164
E00107478,354,170,184
E00107482,316,152,164
E00107483,342,172,170
E00107484,311,161,150
E00107485,349,178,171
E00107486,362,187,175
E00107487,318,174,144
E00107488,342,168,174
E00107491,288,154,134
E00107492,303,154,149
E00107495,307,155,152
E00107502,298,164,134
E00107503,215,105,110
E00107504,290,170,120
E00107490,354,179,175
E00107494,297,158,139
E00107496,350,180,170
E00107497,278,145,133
E00107498,361,179,182
E00107489,255,120,135
E00107493,299,152,147
E00107499,378,196,182
E00107500,330,174,156
E00107501,347,191,156
E00107701,285,151,134
E00107704,360,250,110
E00107708,310,174,136
E00107709,272,135,137
E00107702,321,165,156
E00107703,326,158,168
E00107705,251,132,119
E00107706,296,158,138
E00107707,380,186,194
E00107827,394,195,199
E00107829,287,140,147
E00107830,384,208,176
E00107834,442,226,216
E00107842,325,178,147
E00107828,300,158,142
E00107837,457,234,223
E00107838,333,178,155
E00107839,325,164,161
E00107840,324,173,151
E00107831,262,135,127
E00107832,393,189,204
E00107833,265,137,128
E00107835,272,137,135
E00107836,236,131,105
E00107841,301,159,142
E00107441,388,192,196
E00107442,332,161,171
E00107444,334,164,170
E00107445,394,198,196
E00107456,409,207,202
E00107443,286,144,142
E00107446,382,182,200
E00107447,312,167,145
E00181222,621,311,310
E00181244,232,120,112
E00107449,190,107,83
E00107450,217,107,110
E00107451,327,153,174
E00107452,214,102,112
E00107453,352,181,171
E00107454,344,175,169
E00107455,351,182,169
E00107457,271,136,135
E00107460,389,203,186
E00107463,286,146,140
E00107464,248,126,122
E00107465,267,138,129
E00107458,284,143,141
E00107459,336,169,167
E00107461,323,169,154
E00107462,279,149,130
E00107506,379,205,174
E00107507,250,134,116
E00107508,321,165,156
E00107509,304,156,148
E00107517,308,161,147
E00107518,215,102,113
E00107521,313,163,150
E00107505,355,176,179
E00107510,227,120,107
E00107512,286,140,146
E00107513,371,201,170
E00107519,202,94,108
E00107520,393,209,184
E00107624,331,169,162
E00107628,348,170,178
E00107630,374,193,181
E00107631,342,166,176
E00107407,296,144,152
E00107409,301,151,150
E00107410,376,184,192
E00107412,312,158,154
E00107416,427,217,210
E00107406,491,245,246
E00107408,329,170,159
E00107413,200,98,102
E00107414,436,228,208
E00107415,401,185,216
E00107417,373,195,178
E00107546,297,147,150
E00107547,372,196,176
E00107548,309,171,138
E00107549,392,186,206
E00107550,334,163,171
E00107551,322,165,157
E00107552,483,260,223
E00107553,256,127,129
E00107775,275,148,127
E00107776,349,170,179
E00107780,360,191,169
E00107781,299,152,147
E00107785,307,154,153
E00107788,376,195,181
E00107789,326,179,147
E00107791,304,156,148
E00107783,255,147,108
E00107784,280,159,121
E00107786,305,167,138
E00107787,360,190,170
E00107790,411,212,199
E00107801,307,164,143
E00107806,272,139,133
E00107810,155,84,71
E00107811,356,184,172
E00107802,332,174,158
E00107808,286,151,135
E00107814,289,149,140
E00107817,278,158,120
E00107818,350,181,169
E00107804,304,160,144
E00107812,349,175,174
E00107813,340,180,160
E00107815,336,197,139
E00107816,300,149,151
E00107803,410,216,194
E00107805,303,150,153
E00107807,317,171,146
E00107809,301,145,156
E00107433,276,141,135
E00107434,409,214,195
E00107435,504,267,237
E00107436,256,133,123
E00107644,308,167,141
E00107645,358,169,189
E00107646,352,203,149
E00107647,181,92,89
E00107648,251,137,114
E00107649,167,76,91
E00107643,313,156,157
E00107652,368,187,181
E00107656,294,148,146
E00107659,281,148,133
E00107660,266,145,121
E00107641,289,155,134
E00107650,184,94,90
E00107653,370,196,174
E00107655,319,166,153
E00107658,347,168,179
E00107661,279,142,137
E00107640,397,192,205
E00107642,277,153,124
E00107651,315,162,153
E00107654,419,215,204
E00107657,299,162,137
E00107431,370,193,177
E00107432,184,99,85
E00107439,225,124,101
E00107440,282,147,135
E00170897,347,169,178
E00107632,296,142,154
E00107633,310,156,154
E00107634,441,225,216
E00107635,295,150,145
E00107662,103,56,47
E00107663,322,158,164
E00107664,270,137,133
E00107665,287,144,143
E00107666,253,124,129
E00107667,220,107,113
E00107695,291,150,141
E00107699,240,125,115
E00107700,259,124,135
E00181260,477,258,219
E00181268,161,75,86
E00107694,368,197,171
E00107696,451,244,207
E00107697,513,263,250
E00107698,361,185,176
E00107796,329,163,166
E00107797,311,172,139
E00107799,332,154,178
E00107800,321,169,152
E00107792,313,158,155
E00107793,317,164,153
E00107794,242,138,104
E00107795,319,154,165
E00107798,303,157,146
E00107823,320,166,154
E00107824,433,217,216
E00107825,377,197,180
E00170892,550,288,262
E00170899,368,190,178
E00107820,498,262,236
E00107821,442,225,217
E00107822,444,242,202
E00107826,305,144,161
E00107418,571,311,260
E00107419,139,70,69
E00107420,332,168,164
E00107421,463,235,228
E00181213,473,266,207
E00181266,277,152,125
E00107422,306,136,170
E00107423,395,193,202
E00107424,341,174,167
E00107426,329,167,162
E00107430,286,141,145
E00107425,433,220,213
E00107427,411,213,198
E00107428,358,174,184
E00107429,304,145,159
E00107511,388,187,201
E00107514,309,155,154
E00107515,366,188,178
E00107516,220,109,111
E00107636,343,176,167
E00107637,346,170,176
E00107638,273,142,131
E00107639,167,84,83
E00107684,551,278,273
E00107685,327,165,162
E00107686,390,202,188
E00107687,343,191,152
E00107688,243,122,121
E00107689,233,118,115
E00107690,307,152,155
E00107691,316,157,159
E00107692,215,109,106
E00107711,337,172,165
E00107712,304,165,139
E00107714,305,152,153
E00107715,250,127,123
E00107710,436,217,219
E00107713,347,186,161
E00107716,437,215,222
E00107579,276,135,141
E00107583,343,172,171
E00107584,341,186,155
E00107587,325,169,156
E00181200,508,261,247
E00181238,146,75,71
E00181251,154,78,76
E00107572,210,118,92
E00107581,331,167,164
E00107582,334,168,166
E00107585,280,135,145
E00107586,285,145,140
E00107569,252,145,107
E00107570,409,237,172
E00107571,278,148,130
E00107573,222,132,90
E00107574,360,185,175
E00107575,269,145,124
E00107576,251,133,118
E00107577,324,177,147
E00181210,296,163,133
E00181216,327,166,161
E00107597,406,218,188
E00107598,297,146,151
E00107600,294,163,131
E00107604,457,245,212
E00107605,575,304,271
E00107606,282,142,140
E00107608,283,148,135
E00107609,324,169,155
E00107599,374,195,179
E00107607,439,234,205
E00107610,277,134,143
E00107612,274,134,140
E00107615,204,112,92
E00107611,364,190,174
E00107613,298,155,143
E00107614,315,180,135
E00107620,325,170,155
E00107588,378,196,182
E00107593,365,192,173
E00181223,133,75,58
E00181230,511,275,236
E00181257,249,133,116
E00107589,541,269,272
E00107590,333,181,152
E00107591,247,140,107
E00107592,281,152,129
E00107594,281,147,134
E00107602,282,149,133
E00107603,447,224,223
E00107617,215,112,103
E00107618,273,139,134
E00107623,329,180,149
E00107601,362,182,180
E00107616,185,107,78
E00107619,285,144,141
E00107621,351,181,170
E00107622,284,143,141
E00107403,228,119,109
E00107404,108,53,55
E00107405,172,89,83
E00181198,166,95,71
E00181202,104,53,51
E00181232,339,187,152
E00107397,285,179,106
E00107398,229,130,99
E00107399,248,131,117
E00170893,421,206,215
E00107522,183,92,91
E00107523,252,138,114
E00107524,244,144,100
E00107525,251,126,125
E00107526,288,136,152
E00107527,295,159,136
E00107528,269,148,121
E00107529,429,220,209
E00107671,415,221,194
E00107674,367,189,178
E00107675,311,165,146
E00107676,371,196,175
E00107677,325,177,148
E00107678,288,153,135
E00107673,277,147,130
E00107679,287,149,138
E00107680,360,182,178
E00181229,264,137,127
E00181255,262,130,132
E00181199,469,246,223
E00181233,225,114,111
E00181234,511,285,226
E00181264,395,208,187
E00181219,256,138,118
E00181224,125,60,65
E00181228,373,196,177
E00181239,427,219,208
E00107670,279,155,124
E00181214,130,62,68
E00181217,293,144,149
E00181221,361,188,173
E00181241,397,195,202
E00181245,372,187,185
E00107668,235,105,130
E00107669,600,288,312
E00107683,453,229,224
E00107748,275,140,135
E00107749,363,185,178
E00107751,357,179,178
E00107753,322,179,143
E00107761,288,151,137
E00107762,243,128,115
E00107754,235,121,114
E00107755,326,174,152
E00107758,416,208,208
E00107759,227,114,113
E00107763,260,148,112
E00107765,294,164,130
E00107767,158,88,70
E00107768,282,135,147
E00107769,251,134,117
E00107770,359,201,158
E00107774,288,148,140
E00107766,219,115,104
E00107771,401,210,191
E00107772,300,162,138
E00107773,213,113,100
E00107750,220,115,105
E00107752,251,132,119
E00107757,393,202,191
E00107760,265,139,126
E00107764,225,115,110
E00107756,374,198,176
E00181208,341,170,171
E00181209,326,164,162
E00181247,460,235,225
E00181253,407,200,207
E00107720,309,160,149
E00107733,326,175,151
E00107740,324,165,159
E00107742,316,171,145
E00107743,256,144,112
E00107717,306,162,144
E00107718,259,133,126
E00107719,225,111,114
E00107727,296,156,140
E00107728,301,155,146
E00107738,393,204,189
E00107744,383,194,189
E00107746,335,179,156
E00181201,418,211,207
E00181231,292,150,142
E00181235,495,260,235
E00181252,196,104,92
E00181263,150,78,72
E00107735,331,171,160
E00107737,295,164,131
E00107741,264,136,128
E00107745,425,208,217
E00181269,498,256,242
E00181270,569,299,270
E00107729,398,203,195
E00107730,394,201,193
E00107731,366,182,184
E00107732,486,236,250
E00107721,225,109,116
E00107722,244,129,115
E00107723,271,135,136
E00107724,249,136,113
E00107725,274,153,121
E00107726,237,125,112
E00107850,255,124,131
E00107853,271,145,126
E00107855,237,135,102
E00107858,247,132,115
E00107860,259,143,116
E00107861,199,107,92
E00107863,234,134,100
E00107847,324,168,156
E00107857,272,145,127
E00107859,286,156,130
E00107869,322,170,152
E00107870,315,167,148
E00107849,267,145,122
E00107851,193,108,85
E00107852,296,160,136
E00107854,266,141,125
E00107856,264,141,123
E00107868,153,83,70
E00107862,285,146,139
E00107864,292,155,137
E00107865,228,115,113
E00107866,288,157,131
E00107867,242,127,115
E00107843,273,143,130
E00107844,244,129,115
E00107845,210,119,91
E00107846,251,133,118
E00107848,265,138,127
E00107871,323,157,166
E00114658,300,152,148
E00114659,272,137,135
E00114661,257,145,112
E00114669,252,136,116
E00114674,339,176,163
E00114656,438,216,222
E00114667,359,176,183
E00114672,333,172,161
E00114673,309,152,157
E00114675,351,184,167
E00114657,256,128,128
E00114660,294,137,157
E00114668,268,137,131
E00114670,367,184,183
E00114671,261,139,122
E00114662,289,149,140
E00114663,371,179,192
E00114665,405,215,190
E00114666,167,79,88
E00184896,135,66,69
E00184982,527,262,265
E00114677,285,150,135
E00114686,325,166,159
E00114687,301,150,151
E00114688,263,127,136
E00114359,159,84,75
E00114360,261,136,125
E00114366,320,170,150
E00114367,156,71,85
E00114368,272,139,133
E00114369,196,112,84
E00114578,374,178,196
E00114581,271,152,119
E00114582,282,148,134
E00114583,430,214,216
E00114576,292,155,137
E00114577,362,188,174
E00114579,316,167,149
E00114580,303,152,151
E00114680,285,135,150
E00114681,302,142,160
E00114682,360,186,174
E00114683,280,137,143
E00114693,275,130,145
E00114679,247,121,126
E00114684,206,111,95
E00114689,239,124,115
E00114690,262,122,140
E00114692,288,149,139
E00114676,297,162,135
E00114678,293,141,152
E00114685,310,148,162
E00114691,348,182,166
E00114346,334,160,174
E00114347,593,297,296
E00114348,337,171,166
E00114349,150,72,78
E00114342,269,134,135
E00114343,312,160,152
E00114344,338,171,167
E00114345,259,135,124
E00114350,349,149,200
E00114394,512,255,257
E00114398,338,173,165
E00114399,301,154,147
E00114401,471,244,227
E00114395,464,253,211
E00114396,239,130,109
E00114397,452,234,218
E00114400,215,108,107
E00114461,378,190,188
E00114462,301,156,145
E00114463,152,74,78
E00114464,334,168,166
E00114465,177,90,87
E00114466,291,150,141
E00114267,444,234,210
E00114268,250,129,121
E00114269,261,120,141
E00114273,291,146,145
E00114266,305,149,156
E00114270,285,146,139
E00114271,334,169,165
E00114272,292,144,148
E00114502,235,118,117
E00114504,198,111,87
E00114505,223,118,105
E00114506,324,168,156
E00114507,283,144,139
E00167905,495,248,247
E00114498,274,143,131
E00114499,283,140,143
E00114500,270,140,130
E00114501,255,133,122
E00114508,254,139,115
E00114509,234,114,120
E00114495,307,154,153
E00114496,405,195,210
E00114503,293,146,147
E00184883,611,302,309
E00184897,170,89,81
E00114351,324,159,165
E00114352,336,177,159
E00114353,577,321,256
E00114364,253,120,133
E00114365,337,180,157
E00114354,374,178,196
E00114355,335,165,170
E00114357,326,165,161
E00167898,611,316,295
E00167899,407,204,203
E00114358,230,119,111
E00114361,443,221,222
E00114362,181,78,103
E00114363,353,178,175
E00114370,285,143,142
E00114621,261,127,134
E00114622,107,56,51
E00114623,287,146,141
E00114625,336,170,166
E00114626,328,169,159
E00114627,302,155,147
E00114628,147,79,68
E00114620,343,168,175
E00184905,277,139,138
E00184960,486,238,248
E00184977,214,113,101
E00184853,399,215,184
E00184886,156,80,76
E00184939,257,126,131
E00184943,341,171,170
E00184993,123,76,47
E00184870,434,238,196
E00184914,420,215,205
E00185006,523,270,253
E00114374,328,166,162
E00114377,273,125,148
E00114380,329,161,168
E00114382,269,137,132
E00114393,245,129,116
E00114371,213,101,112
E00114373,286,137,149
E00114385,285,137,148
E00114389,319,158,161
E00114392,228,114,114
E00114375,336,161,175
E00114376,395,203,192
E00114379,280,140,140
E00114390,219,117,102
E00114391,281,139,142
E00167893,600,307,293
E00167894,422,216,206
E00167897,316,158,158
E00184994,305,169,136
E00114388,395,188,207
E00167895,240,114,126
E00167896,182,99,83
E00167902,364,186,178
E00184842,178,88,90
E00184846,559,290,269
E00114584,375,191,184
E00114585,209,103,106
E00114586,282,154,128
E00114591,385,196,189
E00114587,351,191,160
E00114597,391,197,194
E00114599,392,205,187
E00167879,379,190,189
E00167884,267,138,129
E00184872,144,75,69
E00184885,275,138,137
E00184930,341,163,178
E00114600,250,127,123
E00114601,315,157,158
E00114604,352,187,165
E00114610,318,159,159
E00114602,380,175,205
E00114605,355,183,172
E00114609,267,151,116
E00167852,268,123,145
E00167854,190,96,94
E00167859,180,86,94
E00167841,261,128,133
E00167842,234,106,128
E00167843,312,171,141
E00167844,309,159,150
E00167845,583,318,265
E00167864,262,131,131
E00114606,364,194,170
E00114611,305,154,151
E00167863,215,108,107
E00167903,420,220,200
E00184861,120,55,65
E00184882,222,100,122
E00184904,557,282,275
E00184922,324,158,166
E00184949,414,207,207
E00114588,326,159,167
E00114589,291,147,144
E00184828,352,176,176
E00184829,539,277,262
E00114593,355,181,174
E00114594,326,168,158
E00114598,290,150,140
E00184833,572,311,261
E00184854,309,173,136
E00114244,254,132,122
E00114249,436,211,225
E00114250,339,164,175
E00114251,329,173,156
E00114253,241,118,123
E00114254,243,126,117
E00114245,330,174,156
E00114255,249,125,124
E00114256,264,126,138
E00114258,317,151,166
E00114259,306,152,154
E00114372,356,180,176
E00114381,301,153,148
E00114383,327,173,154
E00114384,397,192,205
E00167877,290,141,149
E00167878,251,115,136
E00167880,278,150,128
E00167885,258,128,130
E00114511,358,183,175
E00114517,522,256,266
E00114518,352,184,168
E00114523,375,193,182
E00114525,377,192,185
E00114528,585,279,306
E00114514,385,173,212
E00114519,313,156,157
E00114520,369,190,179
E00114521,463,246,217
E00114536,380,185,195
E00114513,345,170,175
E00114516,349,177,172
E00114524,363,196,167
E00114529,301,149,152
E00114537,295,149,146
E00114512,322,176,146
E00114527,306,153,153
E00114531,302,153,149
E00114532,259,130,129
E00114533,229,107,122
E00114534,194,115,79
E00114522,395,187,208
E00114526,307,154,153
E00114530,333,154,179
E00184868,529,277,252
E00184924,115,49,66
E00184891,163,76,87
E00184916,247,130,117
E00184938,340,148,192
E00184942,204,92,112
E00184945,349,176,173
E00114723,315,149,166
E00114724,296,152,144
E00114730,336,180,156
E00114741,307,159,148
E00114725,361,187,174
E00114726,355,181,174
E00114727,299,155,144
E00114743,308,160,148
E00114728,231,117,114
E00114729,307,167,140
E00114731,286,144,142
E00114732,260,132,128
E00114736,278,138,140
E00114738,368,188,180
E00114739,272,141,131
E00114740,319,161,158
E00114742,263,138,125
E00114744,297,149,148
E00114616,210,105,105
E00114617,194,86,108
E00167834,290,145,145
E00167837,385,194,191
E00167889,397,206,191
E00184893,133,73,60
E00184918,440,225,215
E00184948,323,152,171
E00185020,280,141,139
E00184966,265,139,126
E00185000,295,162,133
E00185002,177,105,72
E00185021,326,165,161
E00167833,388,187,201
E00167835,307,156,151
E00167836,400,185,215
E00184830,465,242,223
E00184888,331,186,145
E00184981,303,147,156
E00114410,331,162,169
E00114412,362,179,183
E00114414,325,170,155
E00114416,289,149,140
E00114417,282,138,144
E00114423,220,116,104
E00114424,271,135,136
E00114425,206,98,108
E00114431,293,135,158
E00114432,329,164,165
E00114418,342,164,178
E00114426,216,97,119
E00114428,274,128,146
E00114430,320,161,159
E00114433,392,195,197
E00167840,145,70,75
E00167857,524,234,290
E00167858,201,93,108
E00184844,181,72,109
E00184894,337,145,192
E00114409,321,160,161
E00114411,161,71,90
E00114413,326,162,164
E00114415,201,98,103
E00184911,175,82,93
E00184983,400,162,238
E00185003,271,154,117
E00185010,199,80,119
E00114315,522,251,271
E00114316,403,207,196
E00114317,273,140,133
E00114318,452,233,219
E00114319,332,156,176
E00114309,238,139,99
E00114310,362,198,164
E00114311,212,117,95
E00114312,192,101,91
E00114313,342,160,182
E00114314,303,146,157
E00114403,380,176,204
E00114404,297,143,154
E00114406,301,136,165
E00114407,255,127,128
E00184910,179,84,95
E00184913,329,173,156
E00114322,292,138,154
E00114323,337,177,160
E00114324,302,152,150
E00114325,333,157,176
E00167847,209,105,104
E00167848,301,168,133
E00167849,272,124,148
E00167850,453,223,230
E00167856,245,122,123
E00167860,318,150,168
E00167861,203,93,110
E00167862,198,96,102
E00114326,287,145,142
E00114330,380,191,189
E00114334,401,210,191
E00114338,364,192,172
E00114333,309,154,155
E00114335,265,146,119
E00114337,346,171,175
E00114339,285,155,130
E00114331,308,154,154
E00114340,456,243,213
E00114341,310,152,158
E00167851,322,174,148
E00167887,416,211,205
E00167890,110,57,53
E00167892,297,143,154
E00114327,288,143,145
E00114328,362,171,191
E00114329,360,172,188
E00114336,326,175,151
E00114733,508,264,244
E00114734,318,161,157
E00114735,303,146,157
E00114737,368,180,188
E00114637,233,130,103
E00114642,338,158,180
E00114643,277,148,129
E00114644,289,141,148
E00114646,259,131,128
E00114629,254,131,123
E00114635,334,173,161
E00114638,260,133,127
E00114641,292,147,145
E00114645,290,150,140
E00114654,209,103,106
E00114630,291,149,142
E00114631,267,135,132
E00114632,266,130,136
E00114639,271,137,134
E00114640,316,175,141
E00114652,325,162,163
E00114633,320,165,155
E00114647,335,173,162
E00114648,296,137,159
E00114651,283,144,139
E00114653,260,122,138
E00114634,320,169,151
E00114636,340,182,158
E00114649,338,167,171
E00114650,326,161,165
E00114655,257,119,138
E00114542,280,137,143
E00114556,326,166,160
E00114557,319,165,154
E00114559,342,180,162
E00114544,328,171,157
E00114546,317,157,160
E00114550,235,136,99
E00114552,314,155,159
E00114553,228,131,97
E00114558,146,75,71
E00114543,314,167,147
E00114548,295,153,142
E00114549,343,176,167
E00114551,487,255,232
E00114545,291,149,142
E00114547,276,143,133
E00114554,327,164,163
E00114555,331,169,162
E00114560,189,88,101
E00114275,221,105,116
E00114277,219,108,111
E00114283,366,177,189
E00114287,272,145,127
E00114288,342,171,171
E00114289,224,105,119
E00114274,432,202,230
E00114276,317,160,157
E00114279,317,163,154
E00114280,334,174,160
E00114281,324,165,159
E00114296,279,145,134
E00114304,328,171,157
E00114307,364,192,172
E00114308,365,186,179
E00114427,349,181,168
E00114429,302,151,151
E00114436,329,162,167
E00167867,321,169,152
E00167868,370,186,184
E00114420,366,188,178
E00114421,307,159,148
E00114422,314,152,162
E00114434,420,207,213
E00114435,343,160,183
E00114252,302,158,144
E00114257,366,184,182
E00114261,330,168,162
E00114263,320,159,161
E00114265,298,153,145
E00114240,180,92,88
E00114241,154,83,71
E00114242,262,158,104
E00114262,351,184,167
E00114264,313,154,159
E00167882,307,154,153
E00167883,306,151,155
E00114243,336,171,165
E00114246,300,146,154
E00114247,387,193,194
E00114248,307,163,144
E00114260,222,127,95
E00114694,245,123,122
E00114697,270,135,135
E00114698,265,143,122
E00114699,191,96,95
E00114700,304,157,147
E00114701,207,108,99
E00114695,280,131,149
E00114696,239,129,110
E00114702,253,132,121
E00114703,141,72,69
E00114704,159,75,84
E00114705,357,186,171
E00114481,268,139,129
E00114482,248,127,121
E00114483,255,141,114
E00114485,251,134,117
E00114486,283,136,147
E00114475,352,183,169
E00114480,342,172,170
E00114484,240,119,121
E00114487,336,169,167
E00114489,234,121,113
E00114471,313,159,154
E00114476,286,149,137
E00114488,337,156,181
E00114491,303,163,140
E00114473,308,150,158
E00114477,339,165,174
E00114478,316,163,153
E00114479,384,187,197
E00167888,331,172,159
E00167901,246,125,121
E00114472,342,172,170
E00114490,326,163,163
E00114492,285,147,138
E00114493,307,158,149
E00114278,336,186,150
E00114282,318,160,158
E00114284,308,152,156
E00114285,271,126,145
E00184867,326,180,146
E00184875,189,105,84
E00114293,204,96,108
E00114295,282,132,150
E00114297,346,169,177
E00114298,265,125,140
E00114299,280,138,142
E00114290,266,138,128
E00114292,249,126,123
E00114301,309,162,147
E00114302,352,179,173
E00114303,282,141,141
E00114291,286,149,137
E00114294,285,146,139
E00114300,334,160,174
E00114305,290,165,125
E00114306,276,134,142
E00114437,280,141,139
E00114454,321,160,161
E00114455,236,111,125
E00114456,305,160,145
E00114457,254,125,129
E00114460,222,108,114
E00114467,334,168,166
E00114468,391,210,181
E00114469,331,167,164
E00114470,359,179,180
E00114707,359,179,180
E00114710,287,139,148
E00114711,285,140,145
E00114712,278,154,124
E00114713,403,200,203
E00114720,233,122,111
E00114706,380,182,198
E00114714,172,92,80
E00114716,314,163,151
E00114717,279,139,140
E00114718,265,143,122
E00184895,283,149,134
E00185019,457,219,238
E00114709,296,152,144
E00114715,235,118,117
E00114721,357,186,171
E00114722,342,169,173
E00184855,487,239,248
E00184859,190,94,96
E00114442,343,169,174
E00114443,292,152,140
E00114444,251,125,126
E00114445,365,172,193
E00114451,341,174,167
E00114439,257,131,126
E00114440,289,141,148
E00114441,328,167,161
E00114458,339,159,180
E00114446,349,176,173
E00114450,305,148,157
E00114452,381,190,191
E00114453,291,145,146
E00167865,285,150,135
E00167866,423,215,208
E00167873,302,155,147
E00167876,350,187,163
E00167900,330,162,168
E00167869,320,162,158
E00167870,386,187,199
E00167871,285,141,144
E00167874,305,151,154
E00167875,236,123,113
E00114438,269,126,143
E00114447,231,121,110
E00114448,320,163,157
E00114449,328,164,164
E00167872,250,126,124
E00114539,291,144,147
E00114540,275,136,139
E00114541,284,140,144
E00184862,344,179,165
E00184929,297,144,153
E00184941,440,211,229
E00184990,121,64,57
E00185005,245,122,123
E00114561,388,184,204
E00114562,472,249,223
E00114565,343,175,168
E00114570,314,157,157
E00114575,195,95,100
E00114563,252,135,117
E00114567,248,126,122
E00114571,314,166,148
E00114574,420,212,208
E00184843,159,82,77
E00184975,533,264,269
E00114564,212,112,100
E00114566,374,185,189
E00114568,265,133,132
E00114569,347,182,165
E00114572,411,212,199
E00114795,522,277,245
E00114796,356,183,173
E00114797,526,289,237
E00114800,435,211,224
E00114798,401,207,194
E00114799,339,177,162
E00114801,362,190,172
E00114802,389,201,188
E00114917,482,259,223
E00114918,303,155,148
E00114919,171,97,74
E00114920,438,231,207
E00114914,451,233,218
E00114915,471,244,227
E00114916,381,190,191
E00184848,167,91,76
E00184871,392,202,190
E00185014,248,126,122
E00114762,267,136,131
E00114763,273,133,140
E00114764,573,308,265
E00114767,197,120,77
E00114769,249,115,134
E00114761,479,248,231
E00114765,366,189,177
E00114766,324,166,158
E00114768,399,199,200
E00114770,392,193,199
E00114772,196,103,93
E00114773,242,141,101
E00114774,285,142,143
E00184849,151,83,68
E00184933,280,138,142
E00114789,312,147,165
E00114790,236,124,112
E00184845,489,261,228
E00184878,302,162,140
E00184940,344,187,157
E00184976,246,114,132
E00114746,269,141,128
E00114747,285,141,144
E00114751,299,155,144
E00114752,251,126,125
E00114745,363,189,174
E00114748,232,123,109
E00114749,325,160,165
E00114750,241,126,115
E00114753,352,183,169
E00114754,234,115,119
E00114755,269,138,131
E00114756,245,125,120
E00114757,284,140,144
E00114758,305,148,157
E00114759,360,169,191
E00114760,311,153,158
E00114771,291,159,132
E00114776,329,177,152
E00114777,318,180,138
E00114778,258,140,118
E00114779,254,140,114
E00114791,313,151,162
E00114792,284,148,136
E00114793,331,164,167
E00114794,280,145,135
E00114780,369,190,179
E00114781,411,202,209
E00114783,316,163,153
E00184873,339,164,175
E00184900,305,146,159
E00114784,498,260,238
E00114785,307,165,142
E00172141,264,142,122
E00172142,432,232,200
E00172143,189,101,88
E00114897,337,161,176
E00114898,317,170,147
E00114904,468,233,235
E00114907,288,151,137
E00115066,325,168,157
E00115069,315,152,163
E00115072,194,104,90
E00115074,294,142,152
E00115091,420,204,216
E00115092,560,293,267
E00115095,106,59,47
E00115096,261,126,135
E00115097,294,140,154
E00115094,286,138,148
E00115098,284,152,132
E00184841,515,271,244
E00184852,233,105,128
E00184887,173,87,86
E00184917,372,199,173
E00184978,356,174,182
E00185007,506,249,257
E00114963,312,150,162
E00114964,395,198,197
E00114966,301,155,146
E00114967,268,127,141
E00114968,319,172,147
E00114969,282,143,139
E00172138,254,140,114
E00172139,297,146,151
E00172146,312,160,152
E00115067,243,133,110
E00115068,247,122,125
E00115070,284,134,150
E00115071,250,128,122
E00115073,243,124,119
E00115075,339,172,167
E00115077,336,163,173
E00115079,375,186,189
E00115080,390,211,179
E00115076,420,204,216
E00115078,364,177,187
E00115081,234,113,121
E00115082,298,153,145
E00115102,289,148,141
E00115104,385,195,190
E00115105,315,155,160
E00115106,266,137,129
E00114845,513,258,255
E00114846,545,274,271
E00114847,288,146,142
E00114848,376,206,170
E00114849,237,117,120
E00114850,141,60,81
E00114851,318,154,164
E00114852,138,70,68
E00114861,336,174,162
E00114862,408,197,211
E00114864,283,147,136
E00114866,395,204,191
E00114863,220,121,99
E00114867,310,156,154
E00114869,292,151,141
E00114870,308,161,147
E00184876,191,106,85
E00184928,177,93,84
E00184999,456,253,203
E00114859,343,176,167
E00114865,361,187,174
E00172140,356,179,177
E00172144,234,121,113
E00172145,248,124,124
E00184935,231,119,112
E00184947,400,212,188
E00185029,309,166,143
E00114871,329,158,171
E00114872,194,97,97
E00114875,331,171,160
E00114876,259,137,122
E00184881,126,55,71
E00184920,207,117,90
E00184926,438,221,217
E00115033,186,89,97
E00115034,209,107,102
E00115035,198,105,93
E00115036,314,163,151
E00115037,400,208,192
E00115038,411,203,208
E00115039,395,195,200
E00115040,200,107,93
E00115050,294,149,145
E00115051,319,159,160
E00115052,310,150,160
E00115053,289,157,132
E00115054,279,143,136
E00115055,265,127,138
E00115056,127,68,59
E00115057,345,173,172
E00115100,347,178,169
E00115101,368,194,174
E00115103,320,172,148
E00115083,113,55,58
E00115084,405,198,207
E00115086,295,158,137
E00115087,343,179,164
E00115088,335,157,178
E00115089,341,176,165
E00115090,396,191,205
E00184954,388,188,200
E00185024,322,159,163
E00114817,338,169,169
E00114819,384,196,188
E00114822,347,184,163
E00114823,458,235,223
E00114824,306,171,135
E00114804,396,215,181
E00114814,280,150,130
E00114818,261,136,125
E00114820,406,198,208
E00114821,487,263,224
E00114807,464,267,197
E00114809,341,167,174
E00114811,450,242,208
E00114815,352,173,179
E00114825,294,144,150
E00114806,312,156,156
E00114816,410,202,208
E00114826,351,179,172
E00114827,353,185,168
E00184903,350,179,171
E00184927,315,165,150
E00114805,461,246,215
E00114808,376,208,168
E00114810,304,165,139
E00114812,361,194,167
E00114813,606,322,284
E00114976,300,152,148
E00114977,223,108,115
E00114978,258,131,127
E00114979,317,175,142
E00114982,282,162,120
E00114983,309,165,144
E00114972,405,216,189
E00114973,325,164,161
E00114975,374,189,185
E00114981,322,177,145
E00114984,296,147,149
E00114970,300,162,138
E00114971,124,65,59
E00114974,304,162,142
E00114980,406,213,193
E00114985,346,181,165
E00114986,322,151,171
E00115058,381,197,184
E00115059,456,222,234
E00115060,134,65,69
E00115061,297,154,143
E00115062,291,149,142
E00115063,290,136,154
E00115064,286,147,139
E00115065,270,149,121
E00114853,254,131,123
E00114854,537,279,258
E00114855,435,217,218
E00114856,391,192,199
E00114857,348,191,157
E00114858,294,155,139
E00114877,139,70,69
E00114878,303,150,153
E00114879,267,145,122
E00114880,359,180,179
E00114881,496,255,241
E00114882,301,162,139
E00114883,436,221,215
E00114884,127,68,59
E00114885,474,235,239
E00114987,277,136,141
E00114989,228,113,115
E00114993,401,217,184
E00114994,299,152,147
E00115010,320,160,160
E00115011,245,124,121
E00115012,325,168,157
E00115013,328,165,163
E00115014,332,170,162
E00115015,364,191,173
E00115016,310,153,157
E00115017,355,176,179
E00115018,326,163,163
E00115019,321,171,150
E00115021,347,187,160
E00115022,321,178,143
E00172135,288,152,136
E00172136,305,159,146
E00172137,349,183,166
E00114988,241,122,119
E00114990,313,176,137
E00114991,301,152,149
E00114992,343,179,164
E00114997,609,327,282
E00114998,372,203,169
E00115000,292,144,148
E00115002,165,101,64
E00114996,443,235,208
E00115001,302,165,137
E00184832,471,241,230
E00184847,427,221,206
E00184907,167,87,80
E00184925,295,149,146
E00185030,197,105,92
E00115003,332,177,155
E00115004,285,154,131
E00115005,367,200,167
E00115006,283,166,117
E00115007,355,190,165
E00115008,346,179,167
E00115009,287,147,140
E00115024,189,89,100
E00115027,237,120,117
E00115029,246,117,129
E00115031,225,136,89
E00115032,211,120,91
E00115023,204,114,90
E00115025,350,183,167
E00115026,227,123,104
E00115028,221,120,101
E00115030,322,152,170
E00114833,292,146,146
E00114839,381,191,190
E00114840,318,160,158
E00114841,340,167,173
E00184838,383,190,193
E00184850,268,150,118
E00184909,404,206,198
E00185009,271,145,126
E00114828,276,137,139
E00114830,284,156,128
E00114831,237,136,101
E00114842,177,87,90
E00114843,111,55,56
E00114844,221,115,106
E00184879,263,136,127
E00184890,487,239,248
E00114832,221,115,106
E00114834,307,165,142
E00114835,266,132,134
E00114837,436,226,210
E00114838,293,144,149
E00114929,289,145,144
E00114931,335,177,158
E00114935,274,142,132
E00114936,280,153,127
E00114930,341,169,172
E00114932,335,175,160
E00114933,351,189,162
E00114934,303,156,147
E00114921,236,115,121
E00114922,326,166,160
E00114923,418,210,208
E00114924,235,114,121
E00114925,280,140,140
E00114926,382,189,193
E00114927,322,160,162
E00114928,265,142,123
E00114945,180,96,84
E00114946,300,153,147
E00114947,316,161,155
E00114951,305,158,147
E00114952,415,208,207
E00114955,388,202,186
E00114956,293,157,136
E00114957,359,179,180
E00114958,414,206,208
E00114959,295,156,139
E00114960,247,139,108
E00114961,251,126,125
E00114962,322,162,160
E00114937,397,209,188
E00114941,346,178,168
E00114943,476,234,242
E00184997,188,98,90
E00185012,453,241,212
E00115041,247,126,121
E00115042,496,253,243
E00115048,315,160,155
E00115049,383,205,178
E00115043,296,147,149
E00115044,275,137,138
E00115045,246,130,116
E00115046,248,134,114
E00115047,466,259,207
E00114938,291,146,145
E00114944,272,134,138
E00165842,253,133,120
E00165843,234,123,111
E00114949,307,151,156
E00114950,274,146,128
E00114953,306,146,160
E00114954,314,161,153
E00165844,319,168,151
E00114887,239,119,120
E00114888,319,176,143
E00114890,272,139,133
E00114891,258,140,118
E00114892,269,128,141
E00114899,346,181,165
E00114902,318,158,160
E00114905,301,153,148
E00114908,248,133,115
E00114912,263,133,130
E00114895,299,156,143
E00114896,310,164,146
E00114903,175,90,85
E00114906,314,153,161
E00114909,265,138,127
E00114900,308,157,151
E00114901,340,168,172
E00114910,361,184,177
E00114911,320,168,152
E00114889,410,214,196
E00114893,350,169,181
E00114894,293,150,143
E00165854,364,187,177
E00115401,356,189,167
E00115403,364,187,177
E00115411,338,177,161
E00115412,257,135,122
E00115415,320,170,150
E00115407,366,188,178
E00115408,377,194,183
E00115409,319,158,161
E00115410,305,160,145
E00115416,324,170,154
E00115419,311,159,152
E00115420,350,181,169
E00115421,351,173,178
E00115430,334,166,168
E00168044,292,137,155
E00168050,302,143,159
E00115417,322,179,143
E00115424,309,160,149
E00115426,346,174,172
E00115427,274,140,134
E00115428,301,163,138
E00115429,216,104,112
E00115422,331,178,153
E00115423,382,197,185
E00115425,408,191,217
E00115431,311,157,154
E00115432,297,150,147
E00115184,263,143,120
E00115192,340,174,166
E00115193,315,156,159
E00115194,269,129,140
E00115195,340,172,168
E00115185,351,183,168
E00115188,306,166,140
E00115189,301,147,154
E00115190,170,90,80
E00115191,339,174,165
E00115246,286,147,139
E00115247,307,152,155
E00115255,236,124,112
E00115257,268,131,137
E00115262,235,118,117
E00115251,508,265,243
E00115252,276,153,123
E00115253,297,145,152
E00115254,378,195,183
E00115256,400,199,201
E00115402,362,181,181
E00115404,272,140,132
E00115405,294,156,138
E00115406,297,154,143
E00115413,346,167,179
E00115414,276,150,126
E00115186,217,116,101
E00115187,355,183,172
E00115196,272,150,122
E00115197,252,141,111
E00115198,309,163,146
E00115199,277,145,132
E00115200,334,170,164
E00115213,289,153,136
E00115215,325,153,172
E00115217,407,218,189
E00115202,357,178,179
E00115203,343,173,170
E00115214,531,266,265
E00115216,364,180,184
E00115201,335,171,164
E00115204,341,182,159
E00115206,225,117,108
E00115207,287,151,136
E00115208,332,166,166
E00115205,252,137,115
E00115209,141,75,66
E00115210,328,175,153
E00115211,383,200,183
E00115212,260,140,120
E00115125,319,174,145
E00115132,254,124,130
E00115133,238,115,123
E00115136,160,76,84
E00182072,172,114,58
E00190540,236,121,115
E00190583,281,140,141
E00115235,578,300,278
E00115237,424,202,222
E00115243,410,199,211
E00189210,383,193,190
E00190550,323,160,163
E00115248,554,256,298
E00115258,374,184,190
E00115260,299,163,136
E00115263,264,134,130
E00115250,557,283,274
E00115259,416,199,217
E00115266,379,188,191
E00115267,315,153,162
E00168032,121,58,63
E00168033,315,151,164
E00168034,168,76,92
E00115245,261,136,125
E00115249,342,158,184
E00115261,444,237,207
E00115264,259,147,112
E00115265,192,103,89
E00115113,272,138,134
E00115114,340,173,167
E00115115,310,154,156
E00115116,388,200,188
E00115122,223,116,107
E00115117,281,150,131
E00115120,323,168,155
E00115123,309,152,157
E00115124,305,158,147
E00115107,295,159,136
E00115108,297,147,150
E00115109,324,172,152
E00115110,323,173,150
E00115112,246,113,133
E00115129,311,151,160
E00115131,264,137,127
E00115140,611,306,305
E00115141,320,161,159
E00115142,273,130,143
E00115127,308,157,151
E00115134,295,151,144
E00115135,282,146,136
E00168030,361,177,184
E00168035,289,161,128
E00115128,353,178,175
E00115137,317,150,167
E00115138,307,149,158
E00115139,226,102,124
E00115271,538,303,235
E00115274,370,183,187
E00115275,271,128,143
E00115277,352,166,186
E00115279,470,228,242
E00115288,303,156,147
E00115289,342,166,176
E00115290,251,126,125
E00115291,353,190,163
E00115292,214,103,111
E00115294,266,134,132
E00115269,337,169,168
E00115270,306,147,159
E00115272,385,202,183
E00115273,356,173,183
E00115293,426,226,200
E00168038,239,126,113
E00168039,318,163,155
E00168041,240,120,120
E00168047,217,104,113
E00181940,380,204,176
E00115224,348,178,170
E00115225,265,136,129
E00115226,330,167,163
E00168042,257,125,132
E00181573,282,145,137
E00190553,444,221,223
E00115276,199,117,82
E00115278,330,157,173
E00115282,284,139,145
E00115283,346,180,166
E00186326,292,139,153
E00190535,332,168,164
E00190536,288,147,141
E00190558,358,188,170
E00168055,585,306,279
E00168056,354,193,161
E00183428,335,178,157
E00187861,428,232,196
E00115221,288,145,143
E00115241,317,145,172
E00115242,388,218,170
E00115244,444,201,243
E00168031,244,138,106
E00168045,171,91,80
E00168046,197,101,96
E00115219,298,159,139
E00115227,331,166,165
E00115231,377,189,188
E00168040,278,142,136
E00168048,249,125,124
E00168049,243,118,125
E00115223,254,128,126
E00115229,313,160,153
E00115230,285,129,156
E00115232,352,191,161
E00115233,274,149,125
E00115218,262,120,142
E00115234,432,212,220
E00115236,317,161,156
E00115238,292,146,146
E00115239,145,66,79
E00115280,285,140,145
E00115281,355,174,181
E00115284,369,191,178
E00115286,356,166,190
E00115287,576,304,272
E00115111,305,164,141
E00115118,288,150,138
E00115119,246,125,121
E00115121,272,137,135
E00115298,309,150,159
E00115300,308,151,157
E00115307,327,168,159
E00115310,442,236,206
E00115312,507,271,236
E00115295,393,202,191
E00115296,582,297,285
E00115321,270,140,130
E00187871,339,165,174
E00190569,369,199,170
E00190574,348,183,165
E00115301,359,180,179
E00115308,277,139,138
E00115309,266,125,141
E00115313,266,129,137
E00115322,228,115,113
E00115299,370,202,168
E00115311,225,108,117
E00115314,187,107,80
E00115315,131,65,66
E00115317,209,93,116
E00115305,366,183,183
E00115316,380,193,187
E00178642,225,120,105
E00178652,278,141,137
E00186086,346,174,172
E00186519,143,73,70
E00190542,292,138,154
E00115302,275,130,145
E00115303,228,119,109
E00115304,495,232,263
E00115306,324,160,164
E00115319,355,178,177
E00115453,263,139,124
E00115456,312,158,154
E00115460,525,273,252
E00115463,496,278,218
E00115465,453,229,224
E00115451,241,120,121
E00115458,269,133,136
E00115459,264,145,119
E00115462,201,107,94
E00115464,282,140,142
E00115467,347,172,175
E00115452,289,157,132
E00115454,489,257,232
E00115455,218,103,115
E00115457,196,115,81
E00115461,553,289,264
E00115466,202,106,96
E00115469,213,117,96
E00115474,257,140,117
E00115475,167,77,90
E00115476,249,131,118
E00115477,266,131,135
E00115487,301,162,139
E00115468,288,147,141
E00115478,322,160,162
E00115479,342,171,171
E00115484,212,109,103
E00115470,367,181,186
E00115471,348,170,178
E00115480,247,132,115
E00115481,239,122,117
E00115485,336,167,169
E00115472,287,155,132
E00115473,281,136,145
E00115482,469,241,228
E00115483,197,100,97
E00115486,330,166,164
E00115341,380,202,178
E00115353,229,121,108
E00115354,327,177,150
E00115355,336,165,171
E00115356,232,124,108
E00115342,506,262,244
E00115343,300,166,134
E00115357,326,155,171
E00115358,322,163,159
E00115347,272,151,121
E00115348,259,123,136
E00115349,365,195,170
E00168059,216,103,113
E00168060,356,185,171
E00168061,275,139,136
E00177483,366,190,176
E00177763,370,210,160
E00181846,378,190,188
E00182543,377,185,192
E00186325,346,183,163
E00190567,294,156,138
E00115344,318,167,151
E00115346,255,122,133
E00115351,175,91,84
E00115352,344,170,174
E00168053,374,182,192
E00179285,517,273,244
E00168051,281,143,138
E00168058,339,166,173
E00189448,342,178,164
E00190568,319,161,158
E00190580,206,104,102
E00115143,307,168,139
E00115150,257,133,124
E00115157,294,142,152
E00115158,290,146,144
E00188551,331,174,157
E00115144,301,148,153
E00115147,338,171,167
E00115148,256,130,126
E00115149,338,165,173
E00115152,250,139,111
E00115159,276,142,134
E00115363,317,169,148
E00115369,164,77,87
E00115370,334,178,156
E00115371,304,156,148
E00115372,123,68,55
E00115384,230,120,110
E00115385,302,170,132
E00115390,298,154,144
E00115391,355,185,170
E00115397,349,190,159
E00115386,379,199,180
E00115393,348,171,177
E00115395,333,184,149
E00115387,279,137,142
E00115388,342,167,175
E00115389,352,180,172
E00115399,214,111,103
E00115400,228,120,108
E00115145,275,146,129
E00115151,299,157,142
E00115153,306,145,161
E00115154,292,150,142
E00115155,285,147,138
E00115156,306,161,145
E00115361,261,143,118
E00115362,283,141,142
E00115375,307,153,154
E00115377,295,155,140
E00115379,351,182,169
E00115364,313,159,154
E00115373,364,210,154
E00115376,289,153,136
E00115380,268,133,135
E00115382,353,182,171
E00115365,313,141,172
E00115368,175,86,89
E00115374,366,197,169
E00115383,387,194,193
E00179076,401,202,199
E00179077,342,181,161
E00115359,267,141,126
E00115360,333,175,158
E00115366,288,136,152
E00115378,532,284,248
E00115381,321,176,145
E00115392,424,227,197
E00115394,325,163,162
E00115396,204,108,96
E00115398,334,174,160
E00115164,301,140,161
E00115173,219,117,102
E00115174,258,130,128
E00115176,272,131,141
E00115177,264,130,134
E00115166,275,141,134
E00115167,309,160,149
E00115168,248,130,118
E00115169,340,173,167
E00115178,302,143,159
E00115181,382,194,188
E00115182,392,198,194
E00115183,308,160,148
E00177759,298,144,154
E00182064,339,169,170
E00183108,359,177,182
E00186092,364,182,182
E00115162,227,119,108
E00115170,276,138,138
E00115171,222,110,112
E00181847,294,141,153
E00184548,323,165,158
E00186667,109,59,50
E00188550,279,144,135
E00189203,302,151,151
E00190563,109,55,54
E00190577,347,187,160
E00190584,253,132,121
E00115160,337,166,171
E00115163,437,226,211
E00115172,259,125,134
E00115175,295,148,147
E00115179,372,192,180
E00115433,250,123,127
E00115436,262,130,132
E00115437,309,154,155
E00115438,261,157,104
E00115446,382,193,189
E00115448,281,142,139
E00115449,326,168,158
E00115440,244,124,120
E00115442,290,153,137
E00115443,300,149,151
E00115444,322,159,163
E00115445,320,167,153
E00115447,301,161,140
E00115434,301,163,138
E00115435,261,134,127
E00115439,305,156,149
E00115441,284,141,143
E00115450,444,228,216
E00115323,306,152,154
E00115328,253,126,127
E00115329,251,129,122
E00115333,273,146,127
E00115335,258,127,131
E00115337,284,144,140
E00168036,225,108,117
E00168037,358,190,168
E00115334,257,137,120
E00115336,267,140,127
E00115338,349,178,171
E00115340,296,155,141
E00186662,216,113,103
E00187870,255,134,121
E00190591,304,165,139
E00115325,319,161,158
E00115326,262,125,137
E00115327,316,164,152
E00115330,420,225,195
E00115331,275,139,136
E00115332,291,148,143
E00115667,316,161,155
E00115668,326,166,160
E00115669,378,199,179
E00179951,511,251,260
E00179954,286,160,126
E00179976,401,202,199
E00115734,349,167,182
E00115735,383,197,186
E00115746,320,165,155
E00115749,332,167,165
E00115751,314,163,151
E00115743,349,176,173
E00115744,254,128,126
E00115747,351,176,175
E00115750,373,176,197
E00168116,316,152,164
E00168118,275,133,142
E00168119,616,317,299
E00115732,329,169,160
E00115738,357,189,168
E00115739,333,168,165
E00115741,419,215,204
E00115748,274,141,133
E00115733,359,185,174
E00115736,530,270,260
E00115737,384,200,184
E00115742,501,264,237
E00115745,324,158,166
E00115633,362,189,173
E00115634,354,185,169
E00115649,268,133,135
E00115650,327,171,156
E00115632,314,167,147
E00115644,281,152,129
E00115645,319,159,160
E00115647,233,134,99
E00115671,568,288,280
E00115672,297,152,145
E00168117,188,106,82
E00179914,477,240,237
E00179958,615,320,295
E00179978,142,83,59
E00115782,598,316,282
E00115783,433,210,223
E00179921,442,225,217
E00179932,266,130,136
E00115797,395,207,188
E00115798,397,191,206
E00115809,339,168,171
E00115810,234,128,106
E00115805,358,174,184
E00115811,265,138,127
E00115812,307,161,146
E00115813,320,170,150
E00115548,324,158,166
E00115550,269,138,131
E00115552,228,132,96
E00115553,328,163,165
E00115555,341,184,157
E00115544,363,184,179
E00115545,262,136,126
E00115546,325,178,147
E00115549,311,153,158
E00115542,280,143,137
E00115543,267,127,140
E00115547,269,151,118
E00115554,310,160,150
E00115556,327,172,155
E00115539,365,189,176
E00115541,432,218,214
E00115551,218,117,101
E00115557,238,120,118
E00115558,390,199,191
E00115536,441,214,227
E00115537,327,174,153
E00115538,287,142,145
E00115540,340,181,159
E00115490,262,119,143
E00115509,156,82,74
E00115510,416,203,213
E00115511,339,177,162
E00115512,319,167,152
E00115526,335,174,161
E00115530,347,179,168
E00115532,295,151,144
E00115533,315,150,165
E00115525,240,138,102
E00115527,317,159,158
E00115528,301,160,141
E00115529,318,159,159
E00115531,252,128,124
E00115514,281,149,132
E00115515,296,160,136
E00115520,318,152,166
E00115534,313,172,141
E00115535,303,157,146
E00115521,290,153,137
E00115522,341,171,170
E00115523,246,133,113
E00115524,277,132,145
E00115585,278,151,127
E00115587,354,185,169
E00115588,294,157,137
E00115599,342,166,176
E00115601,251,123,128
E00115604,280,137,143
E00115630,341,175,166
E00115637,327,172,155
E00115639,210,115,95
E00115646,291,147,144
E00115648,240,130,110
E00115631,300,157,143
E00115635,187,87,100
E00115638,281,152,129
E00115640,337,177,160
E00115642,429,228,201
E00115629,326,160,166
E00115636,337,175,162
E00115641,343,180,163
E00115643,358,170,188
E00115652,240,124,116
E00115653,234,123,111
E00115665,289,142,147
E00115666,279,141,138
E00168112,274,146,128
E00168115,279,137,142
E00115821,350,181,169
E00115823,297,145,152
E00115824,337,165,172
E00115834,362,178,184
E00115836,333,168,165
E00115655,290,154,136
E00115656,348,187,161
E00115658,444,228,216
E00115659,245,121,124
E00115661,344,189,155
E00115657,364,189,175
E00115662,297,149,148
E00115664,348,181,167
E00179920,168,89,79
E00179931,135,76,59
E00179971,458,228,230
E00115819,389,199,190
E00115820,309,169,140
E00115826,247,144,103
E00115828,335,173,162
E00115830,308,163,145
E00115837,272,136,136
E00115825,442,225,217
E00115827,427,217,210
E00115829,330,156,174
E00115831,273,137,136
E00115838,125,63,62
E00115822,411,208,203
E00115832,571,314,257
E00115833,315,156,159
E00115835,326,173,153
E00115839,318,169,149
E00115778,238,124,114
E00115779,360,181,179
E00115780,225,112,113
E00115781,335,171,164
E00115785,207,108,99
E00115776,261,141,120
E00115786,394,211,183
E00115787,335,185,150
E00115788,359,176,183
E00115793,224,116,108
E00115800,310,161,149
E00115802,274,134,140
E00115803,222,117,105
E00115808,284,135,149
E00115818,332,168,164
E00115801,332,171,161
E00115804,287,145,142
E00115806,299,158,141
E00168114,377,201,176
E00179917,448,223,225
E00179947,228,123,105
E00179975,189,100,89
E00115799,323,165,158
E00115814,265,125,140
E00115815,271,134,137
E00115816,418,221,197
E00115817,223,110,113
E00115488,339,176,163
E00115489,284,150,134
E00115492,285,151,134
E00115494,331,173,158
E00115498,312,164,148
E00115491,326,167,159
E00115493,395,212,183
E00115495,357,181,176
E00115496,279,160,119
E00115497,259,141,118
E00115499,260,138,122
E00115500,466,235,231
E00115501,242,121,121
E00115502,302,149,153
E00115503,239,132,107
E00115504,284,155,129
E00115505,282,131,151
E00115506,237,134,103
E00115507,317,154,163
E00115508,256,130,126
E00115559,325,164,161
E00115574,272,137,135
E00115576,322,168,154
E00115578,295,141,154
E00115579,329,165,164
E00115710,258,128,130
E00115718,296,148,148
E00115725,329,167,162
E00115728,350,178,172
E00115711,353,162,191
E00115715,263,129,134
E00115717,252,125,127
E00115730,416,228,188
E00115590,256,128,128
E00115592,209,106,103
E00115594,289,149,140
E00115596,236,114,122
E00115597,265,143,122
E00115598,315,160,155
E00115589,340,181,159
E00115591,506,261,245
E00115593,315,169,146
E00115595,319,158,161
E00115582,236,120,116
E00115583,241,129,112
E00115584,251,126,125
E00115586,263,135,128
E00115600,224,111,113
E00115602,230,117,113
E00115603,217,114,103
E00115789,284,151,133
E00115790,301,160,141
E00115791,281,149,132
E00115792,292,154,138
E00115794,263,137,126
E00115775,343,178,165
E00115777,300,162,138
E00115795,365,172,193
E00115796,346,176,170
E00115697,360,181,179
E00115702,324,156,168
E00115706,325,159,166
E00115708,253,143,110
E00115709,303,149,154
E00115685,260,134,126
E00115686,284,142,142
E00115687,457,226,231
E00115688,258,136,122
E00115689,250,131,119
E00115694,276,145,131
E00115695,325,158,167
E00115696,300,147,153
E00115698,320,149,171
E00115703,252,147,105
E00115704,280,150,130
E00115722,231,114,117
E00115723,240,121,119
E00115726,299,154,145
E00115729,263,137,126
E00115731,313,151,162
E00115713,402,202,200
E00115714,364,199,165
E00115719,473,234,239
E00115720,316,154,162
E00115721,380,199,181
E00115513,323,167,156
E00115516,233,116,117
E00115517,304,146,158
E00115518,399,227,172
E00115519,387,202,185
E00115560,386,183,203
E00115572,468,234,234
E00115573,532,269,263
E00115575,385,190,195
E00115564,376,186,190
E00115567,302,147,155
E00115568,281,138,143
E00115571,281,143,138
E00115581,333,166,167
E00115561,235,119,116
E00115565,281,148,133
E00115569,263,143,120
E00115570,239,123,116
E00115562,316,158,158
E00115563,370,191,179
E00115566,287,152,135
E00115577,265,153,112
E00115580,332,174,158
E00115677,313,167,146
E00115679,302,155,147
E00115680,355,181,174
E00115705,285,145,140
E00115707,274,125,149
E00115674,307,156,151
E00115676,207,111,96
E00115681,279,151,128
E00115683,303,165,138
E00115684,327,162,165
E00115673,301,152,149
E00115675,261,144,117
E00115678,289,154,135
E00115682,281,146,135
E00115701,323,172,151
E00115690,275,138,137
E00115691,232,117,115
E00115692,280,140,140
E00115693,284,140,144
E00115699,223,127,96
E00115700,228,120,108
E00115712,320,161,159
E00115716,362,180,182
E00115724,293,148,145
E00115727,305,153,152
E00115761,300,166,134
E00115763,284,142,142
E00115764,264,142,122
E00115767,338,169,169
E00115768,307,154,153
E00115753,229,123,106
E00115765,270,146,124
E00115766,309,169,140
E00115769,376,204,172
E00115770,202,109,93
E00115771,183,102,81
E00115752,349,198,151
E00115754,290,147,143
E00115755,258,145,113
E00115756,263,140,123
E00115774,239,130,109
E00115758,262,136,126
E00115759,386,205,181
E00115760,297,152,145
E00115762,299,162,137
E00115772,272,157,115
E00115773,267,139,128
E00179955,126,68,58
E00179977,852,191,661
E00115617,346,172,174
E00115622,322,169,153
E00115623,327,167,160
E00115625,295,151,144
E00115609,312,159,153
E00115613,294,149,145
E00115614,336,174,162
E00115618,293,139,154
E00115620,305,158,147
E00115615,286,145,141
E00115616,278,150,128
E00115619,320,170,150
E00115621,332,171,161
E00115624,484,240,244
E00115607,284,151,133
E00115626,242,135,107
E00115627,291,150,141
E00168121,374,211,163
E00115606,294,151,143
E00115608,265,140,125
E00115610,274,142,132
E00115611,254,143,111
E00115612,289,163,126
E00115868,310,153,157
E00115869,348,176,172
E00115874,323,164,159
E00115876,291,150,141
E00115880,283,137,146
E00115867,304,152,152
E00115872,247,130,117
E00115873,452,244,208
E00115875,229,123,106
E00115881,219,115,104
E00115870,352,168,184
E00115871,263,141,122
E00115877,299,148,151
E00115878,319,157,162
E00115879,273,144,129
E00115888,304,152,152
E00115889,207,109,98
E00115890,386,197,189
E00115891,328,150,178
E00115893,353,168,185
E00116031,264,139,125
E00116033,332,179,153
E00116034,246,135,111
E00116040,296,152,144
E00116042,264,144,120
E00115882,380,200,180
E00115892,397,204,193
E00115894,353,170,183
E00115895,171,92,79
E00115896,265,138,127
E00115883,240,134,106
E00115884,304,169,135
E00115885,281,147,134
E00115886,287,153,134
E00115887,295,148,147
E00116035,238,125,113
E00116036,320,163,157
E00116037,224,116,108
E00116038,221,130,91
E00116039,243,115,128
E00116032,321,168,153
E00116041,248,126,122
E00116043,229,124,105
E00116044,245,126,119
E00116045,303,151,152
E00116061,312,157,155
E00116064,243,112,131
E00116072,336,170,166
E00116073,320,163,157
E00116074,280,135,145
E00115936,364,179,185
E00115938,284,138,146
E00115939,332,165,167
E00115940,377,196,181
E00115928,303,161,142
E00115929,292,139,153
E00115930,287,145,142
E00115933,298,154,144
E00115941,251,129,122
E00115942,207,124,83
E00115931,291,148,143
E00115932,296,150,146
E00115934,296,149,147
E00115935,306,163,143
E00115937,313,155,158
E00115976,293,147,146
E00115983,326,161,165
E00115985,266,140,126
E00115987,295,144,151
E00115988,314,157,157
E00115979,387,209,178
E00115980,340,171,169
E00115982,280,137,143
E00115984,316,168,148
E00115958,339,172,167
E00115968,337,178,159
E00115969,365,195,170
E00115970,272,145,127
E00115973,290,151,139
E00115961,417,224,193
E00115967,478,251,227
E00115971,315,159,156
E00115972,491,238,253
E00116060,275,135,140
E00116062,293,137,156
E00116063,232,115,117
E00116065,326,171,155
E00116068,392,210,182
E00116066,324,160,164
E00116067,316,147,169
E00116069,257,131,126
E00116070,395,191,204
E00116071,352,167,185
E00115963,363,192,171
E00115964,459,218,241
E00115965,349,182,167
E00115974,386,190,196
E00115975,290,151,139
E00168152,342,179,163
E00179915,410,220,190
E00179927,106,56,50
E00179928,102,55,47
E00179942,543,284,259
E00115904,271,154,117
E00115908,271,135,136
E00115909,325,166,159
E00115910,242,119,123
E00115911,288,151,137
E00115947,326,168,158
E00115948,298,148,150
E00115950,257,123,134
E00115951,296,150,146
E00115955,176,80,96
E00115943,315,158,157
E00115946,308,148,160
E00115949,300,159,141
E00115954,441,204,237
E00115956,375,188,187
E00115944,297,144,153
E00115945,285,141,144
E00115952,324,168,156
E00115953,255,133,122
E00115957,294,161,133
E00115977,363,178,185
E00115986,317,150,167
E00168126,207,101,106
E00168128,270,137,133
E00168149,240,116,124
E00168131,236,108,128
E00168147,369,192,177
E00168148,310,156,154
E00168150,257,137,120
E00115989,426,212,214
E00115990,265,130,135
E00115991,235,125,110
E00115993,279,154,125
E00115995,270,140,130
E00116002,155,80,75
E00116004,238,116,122
E00116006,336,184,152
E00116007,247,143,104
E00116008,286,151,135
E00116000,615,333,282
E00116003,280,140,140
E00116005,222,112,110
E00168142,356,190,166
E00179922,245,135,110
E00179933,102,51,51
E00179953,532,250,282
E00179969,238,122,116
E00116009,279,149,130
E00116010,255,132,123
E00116011,271,144,127
E00116012,250,123,127
E00116013,287,148,139
E00168135,339,168,171
E00168136,359,185,174
E00168137,317,158,159
E00168145,385,197,188
E00168138,275,144,131
E00168139,303,154,149
E00168140,345,181,164
E00168141,375,188,187
E00168144,404,202,202
E00115992,259,138,121
E00115994,261,135,126
E00115996,165,90,75
E00115997,270,140,130
E00115998,384,207,177
E00115901,311,170,141
E00115902,249,118,131
E00115903,263,133,130
E00115906,293,138,155
E00115907,232,126,106
E00116016,329,152,177
E00116023,303,156,147
E00116027,346,168,178
E00116028,309,148,161
E00116030,334,179,155
E00116048,233,114,119
E00116049,257,127,130
E00116053,229,111,118
E00116054,238,132,106
E00116057,311,144,167
E00115897,287,147,140
E00115898,260,134,126
E00115899,268,143,125
E00115900,247,133,114
E00115905,286,138,148
E00115912,240,131,109
E00115913,223,118,105
E00115914,202,98,104
E00115918,304,146,158
E00115919,262,137,125
E00115921,234,125,109
E00115925,333,181,152
E00115926,338,173,165
E00116015,375,197,178
E00116021,330,168,162
E00116022,338,170,168
E00116024,253,135,118
E00116025,152,81,71
E00116026,281,135,146
E00116079,233,111,122
E00116081,180,108,72
E00116082,323,160,163
E00116084,244,132,112
E00116086,217,107,110
E00116087,303,170,133
E00116077,302,148,154
E00168124,194,90,104
E00168125,181,90,91
E00168127,179,84,95
E00168129,180,71,109
E00116076,296,156,140
E00116078,178,97,81
E00116080,254,110,144
E00168130,297,165,132
E00168134,189,91,98
E00115916,309,158,151
E00115922,350,165,185
E00168123,245,124,121
E00168133,187,96,91
E00168146,289,162,127
E00115924,355,195,160
E00168122,228,105,123
E00179943,194,96,98
E00179946,286,144,142
E00115843,241,133,108
E00115844,301,163,138
E00115845,384,207,177
E00115846,272,138,134
E00115854,293,140,153
E00115841,318,160,158
E00115842,277,146,131
E00115847,244,123,121
E00115850,260,127,133
E00115851,231,117,114
E00115853,240,125,115
E00115840,363,185,178
E00115848,303,176,127
E00115849,352,183,169
E00115852,302,156,146
E00116052,259,134,125
E00116055,309,158,151
E00116056,289,154,135
E00116058,382,196,186
E00116059,291,158,133
E00116046,298,159,139
E00116047,315,165,150
E00116050,368,192,176
E00116051,289,163,126
E00115855,437,221,216
E00115856,378,195,183
E00115858,301,142,159
E00115857,264,137,127
E00115863,250,120,130
E00115866,292,140,152
E00179968,102,50,52
E00179973,554,180,374
E00115859,257,153,104
E00115860,267,137,130
E00115861,269,123,146
E00115862,271,142,129
E00115864,338,177,161
E00115915,317,151,166
E00115917,268,139,129
E00115920,302,152,150
E00115927,306,167,139
E00116017,207,112,95
E00116018,291,154,137
E00116019,226,115,111
E00116020,321,162,159
E00116029,277,142,135
E00116083,302,158,144
E00116085,286,154,132
E00116088,252,138,114
E00116089,278,143,135
E00116090,235,125,110
E00116309,365,179,186
E00116310,215,118,97
E00116315,310,159,151
E00116319,306,142,164
E00116324,272,138,134
E00116312,357,180,177
E00116314,310,158,152
E00116316,360,183,177
E00116317,325,178,147
E00116322,500,285,215
E00116311,315,157,158
E00116313,330,151,179
E00116318,334,178,156
E00116320,287,147,140
E00116321,288,163,125
E00116323,329,164,165
E00116328,546,277,269
E00116335,278,155,123
E00116336,390,199,191
E00116337,289,145,144
E00116340,315,173,142
E00116327,264,129,135
E00116330,247,135,112
E00116334,328,177,151
E00116338,296,158,138
E00116339,282,151,131
E00116151,287,141,146
E00116152,291,141,150
E00116153,380,197,183
E00116154,442,223,219
E00116155,306,146,160
E00116325,287,142,145
E00116326,286,148,138
E00116329,286,159,127
E00116331,234,126,108
E00116332,264,137,127
E00116333,309,157,152
E00116342,317,155,162
E00116343,293,145,148
E00116347,303,157,146
E00116353,322,159,163
E00116355,271,134,137
E00116341,374,192,182
E00116346,320,171,149
E00116348,255,120,135
E00116349,323,160,163
E00116352,337,168,169
E00116344,360,177,183
E00116345,173,82,91
E00116350,294,149,145
E00116351,319,174,145
E00116354,320,140,180
E00116102,301,156,145
E00116104,282,142,140
E00184955,570,298,272
E00184964,207,108,99
E00184996,154,75,79
E00185031,1041,171,870
E00116092,347,164,183
E00116100,448,229,219
E00116101,309,153,156
E00116103,318,160,158
E00116105,369,186,183
E00116094,287,141,146
E00116096,286,131,155
E00116097,366,187,179
E00116098,261,131,130
E00116099,320,163,157
E00116237,325,174,151
E00116238,318,164,154
E00116242,393,187,206
E00116243,268,138,130
E00116233,336,183,153
E00116234,369,183,186
E00116235,375,189,186
E00116239,329,168,161
E00116236,283,148,135
E00116240,349,171,178
E00116241,567,286,281
E00116244,314,164,150
E00116230,343,178,165
E00116231,307,157,150
E00116232,385,187,198
E00116245,388,176,212
E00116150,173,86,87
E00116156,485,249,236
E00116157,299,138,161
E00116158,286,137,149
E00116255,188,89,99
E00116256,313,161,152
E00116257,260,154,106
E00116258,324,168,156
E00116259,297,164,133
E00116262,278,151,127
E00116246,340,168,172
E00116247,290,152,138
E00116253,463,236,227
E00116254,537,295,242
E00116260,255,150,105
E00116261,245,144,101
E00116248,318,176,142
E00116249,279,147,132
E00116250,270,141,129
E00116251,293,159,134
E00184858,110,59,51
E00184864,103,59,44
E00184892,576,298,278
E00184986,184,93,91
E00116159,339,170,169
E00116165,413,202,211
E00116166,336,178,158
E00116167,268,153,115
E00116168,315,179,136
E00116169,340,213,127
E00116160,336,185,151
E00116161,333,150,183
E00116163,359,173,186
E00116171,289,129,160
E00116172,341,157,184
E00184919,105,62,43
E00184937,237,134,103
E00185001,239,104,135
E00116191,353,175,178
E00116197,457,229,228
E00116198,249,124,125
E00116199,285,142,143
E00116200,255,122,133
E00167906,411,218,193
E00167909,327,163,164
E00167910,317,159,158
E00167911,330,160,170
E00167912,340,176,164
E00167907,445,228,217
E00167908,394,200,194
E00167913,337,165,172
E00167917,342,177,165
E00167918,343,171,172
E00167914,341,180,161
E00167915,343,174,169
E00167916,344,170,174
E00167919,328,178,150
E00167920,318,168,150
E00116192,387,186,201
E00116194,298,142,156
E00116195,375,183,192
E00116278,336,176,160
E00116279,325,162,163
E00116280,463,233,230
E00116282,296,143,153
E00116283,200,111,89
E00167921,256,124,132
E00167923,231,113,118
E00167924,325,161,164
E00167928,316,162,154
E00116265,299,154,145
E00116285,279,139,140
E00116286,315,145,170
E00184946,610,307,303
E00184970,233,119,114
E00184973,131,67,64
E00184985,107,53,54
E00185022,551,281,270
E00116264,295,143,152
E00116269,359,180,179
E00116274,380,193,187
E00116276,359,182,177
E00116266,281,163,118
E00116267,366,177,189
E00116272,247,125,122
E00116277,365,174,191
E00116281,309,157,152
E00116263,336,161,175
E00116268,468,236,232
E00116270,316,151,165
E00116273,300,154,146
E00116162,314,163,151
E00116164,313,148,165
E00116173,351,178,173
E00116174,334,173,161
E00116175,320,154,166
E00116177,290,148,142
E00116183,383,187,196
E00116186,296,153,143
E00116188,298,158,140
E00116189,298,159,139
E00116176,372,194,178
E00116178,321,156,165
E00116182,329,163,166
E00116184,292,147,145
E00116190,320,160,160
E00116205,349,168,181
E00116206,309,149,160
E00116208,350,171,179
E00116209,354,184,170
E00116210,314,158,156
E00116201,365,208,157
E00116202,364,174,190
E00116203,352,177,175
E00116204,305,158,147
E00116179,283,147,136
E00116180,312,154,158
E00116181,319,169,150
E00116185,295,148,147
E00116187,232,114,118
E00116215,247,133,114
E00116216,330,180,150
E00116227,320,175,145
E00116228,341,160,181
E00116229,111,49,62
E00116217,341,167,174
E00116218,334,181,153
E00116219,347,178,169
E00116223,375,192,183
E00116226,379,181,198
E00116295,326,163,163
E00116296,508,249,259
E00116307,400,183,217
E00116308,305,160,145
E00116220,410,212,198
E00116221,301,171,130
E00116222,331,163,168
E00116224,315,161,154
E00184898,329,169,160
E00184936,147,75,72
E00184959,370,187,183
E00184969,231,124,107
E00184989,616,312,304
E00116106,411,209,202
E00116109,338,169,169
E00116114,327,167,160
E00116118,319,171,148
E00116119,305,159,146
E00116108,345,181,164
E00116110,263,128,135
E00116111,312,149,163
E00116115,235,127,108
E00116120,330,179,151
E00116107,313,175,138
E00116112,367,191,176
E00116113,302,149,153
E00116116,304,148,156
E00116117,361,197,164
E00116121,321,157,164
E00116122,343,170,173
E00116124,450,234,216
E00116126,313,163,150
E00116127,119,66,53
E00116132,314,163,151
E00116207,317,161,156
E00116211,223,112,111
E00116212,326,173,153
E00116213,340,174,166
E00116214,325,165,160
E00116123,314,156,158
E00116129,312,156,156
E00116134,316,168,148
E00116135,246,121,125
E00116136,256,135,121
E00116137,353,175,178
E00116125,309,146,163
E00116128,356,185,171
E00116130,325,170,155
E00116131,328,164,164
E00116133,288,148,140
E00116140,330,168,162
E00116141,281,138,143
E00116144,279,151,128
E00116145,329,177,152
E00116142,299,153,146
E00116143,583,302,281
E00116148,389,209,180
E00116149,383,200,183
E00184834,256,131,125
E00184835,285,137,148
E00184863,480,238,242
E00184961,555,274,281
E00184963,272,140,132
E00184988,292,167,125
E00116138,353,201,152
E00116139,448,219,229
E00184831,600,337,263
E00184880,270,141,129
E00184934,292,156,136
E00184980,343,172,171
E00116297,500,259,241
E00116301,368,205,163
E00116304,232,118,114
E00116305,317,166,151
E00184866,151,79,72
E00184972,578,315,263
E00116298,350,178,172
E00116299,324,158,166
E00116300,310,162,148
E00116303,220,136,84
E00116306,322,164,158
E00116287,243,130,113
E00116292,180,92,88
E00116293,163,78,85
E00116294,280,149,131
E00167922,333,176,157
E00116291,355,167,188
E00167925,233,115,118
E00167926,257,119,138
E00167927,122,65,57
E00184889,171,83,88
E00184921,511,108,403
E00116527,340,180,160
E00116530,244,132,112
E00116531,231,114,117
E00116532,375,197,178
E00116533,260,130,130
E00116536,260,137,123
E00116528,240,128,112
E00116529,304,149,155
E00116534,347,166,181
E00116535,348,187,161
E00116537,347,177,170
E00116510,350,181,169
E00116523,333,154,179
E00116524,329,170,159
E00116525,230,123,107
E00116526,230,115,115
E00116711,289,153,136
E00116713,390,201,189
E00116737,252,131,121
E00116739,265,139,126
E00179923,206,103,103
E00179950,582,293,289
E00116710,254,126,128
E00116712,324,160,164
E00116714,375,190,185
E00116738,193,107,86
E00116741,272,148,124
E00116458,271,138,133
E00116459,313,161,152
E00116460,327,174,153
E00116461,232,121,111
E00116462,307,151,156
E00116716,294,155,139
E00116719,272,136,136
E00116722,207,100,107
E00116724,214,103,111
E00116725,232,111,121
E00116728,220,107,113
E00116715,419,220,199
E00116717,310,159,151
E00116718,341,172,169
E00116721,304,155,149
E00116729,450,241,209
E00116726,267,134,133
E00116730,302,160,142
E00116731,274,145,129
E00116732,221,111,110
E00116733,269,139,130
E00116674,371,191,180
E00116679,387,212,175
E00116681,386,210,176
E00116684,306,167,139
E00116660,282,142,140
E00116669,240,136,104
E00116685,344,179,165
E00116687,299,157,142
E00179916,245,123,122
E00179919,367,188,179
E00179940,370,183,187
E00116661,397,190,207
E00116667,303,166,137
E00116672,327,174,153
E00116677,366,193,173
E00116720,360,176,184
E00116723,237,132,105
E00116727,322,179,143
E00116734,519,257,262
E00116735,290,153,137
E00116736,401,193,208
E00116367,357,190,167
E00116369,332,178,154
E00116370,344,163,181
E00179925,430,225,205
E00179930,146,71,75
E00179965,209,107,102
E00116357,349,179,170
E00116358,432,222,210
E00116359,335,167,168
E00116372,396,200,196
E00116702,337,180,157
E00116703,397,230,167
E00116704,338,181,157
E00116706,282,146,136
E00116690,209,105,104
E00116705,379,203,176
E00116707,260,129,131
E00116708,286,152,134
E00116659,332,166,166
E00116680,359,202,157
E00116683,353,174,179
E00116688,262,129,133
E00116662,348,181,167
E00116663,291,155,136
E00116686,304,150,154
E00116689,345,190,155
E00116664,188,92,96
E00116665,293,143,150
E00116670,328,172,156
E00116676,308,164,144
E00116682,304,161,143
E00116666,232,116,116
E00116668,207,107,100
E00116671,190,97,93
E00116673,434,229,205
E00116678,298,167,131
E00116381,332,168,164
E00116382,332,170,162
E00116384,340,168,172
E00116387,359,187,172
E00116388,376,201,175
E00116374,371,197,174
E00116377,255,137,118
E00116378,249,132,117
E00116379,261,137,124
E00116380,304,152,152
E00116693,331,173,158
E00116694,385,194,191
E00116697,347,174,173
E00116709,323,177,146
E00116691,333,167,166
E00116692,444,238,206
E00116695,418,234,184
E00179926,437,217,220
E00179957,187,100,87
E00116433,306,162,144
E00116435,309,157,152
E00116436,350,194,156
E00116437,327,178,149
E00116426,322,168,154
E00116438,376,190,186
E00116439,269,131,138
E00116440,321,163,158
E00116427,303,147,156
E00116428,317,164,153
E00116441,300,153,147
E00116442,306,159,147
E00116444,280,140,140
E00116425,307,168,139
E00116430,324,160,164
E00116431,337,179,158
E00116432,284,139,145
E00116434,347,177,170
E00116429,270,149,121
E00116443,311,154,157
E00116445,309,162,147
E00116446,271,133,138
E00116356,308,170,138
E00116361,254,127,127
E00116362,318,170,148
E00116365,242,124,118
E00116371,324,174,150
E00116373,317,151,166
E00116375,474,243,231
E00116376,290,147,143
E00116390,405,204,201
E00116393,337,166,171
E00116394,269,137,132
E00116395,325,177,148
E00116383,327,168,159
E00116385,333,176,157
E00116386,321,179,142
E00116389,216,111,105
E00116391,205,105,100
E00116392,338,177,161
E00116398,315,163,152
E00116410,269,133,136
E00116414,361,190,171
E00116415,251,135,116
E00116417,281,147,134
E00116699,452,236,216
E00116700,383,196,187
E00116701,350,184,166
E00168153,429,223,206
E00168154,270,159,111
E00116601,359,183,176
E00116606,314,158,156
E00116609,274,142,132
E00116611,351,164,187
E00116615,340,170,170
E00116612,277,132,145
E00116613,355,184,171
E00116614,348,178,170
E00116618,313,151,162
E00116623,352,175,177
E00116602,253,131,122
E00116605,225,105,120
E00116608,265,134,131
E00116610,252,141,111
E00116625,235,115,120
E00116629,250,132,118
E00116616,562,274,288
E00116617,330,166,164
E00116619,252,141,111
E00116620,297,149,148
E00116621,326,173,153
E00116604,382,213,169
E00116607,305,161,144
E00116627,369,189,180
E00116628,317,164,153
E00116600,305,156,149
E00116603,283,144,139
E00116622,265,130,135
E00116624,274,139,135
E00116626,305,171,134
E00116478,372,192,180
E00116497,311,159,152
E00116501,251,125,126
E00116503,283,143,140
E00116504,301,164,137
E00116492,484,235,249
E00116494,389,216,173
E00116495,302,149,153
E00116496,324,171,153
E00179924,464,245,219
E00179936,224,118,106
E00116477,296,146,150
E00116498,281,136,145
E00116500,280,152,128
E00116502,312,165,147
E00179935,188,93,95
E00179964,418,221,197
E00116481,328,174,154
E00116484,242,115,127
E00116486,286,162,124
E00116506,283,153,130
E00116507,224,118,106
E00116509,268,146,122
E00116479,284,141,143
E00116482,243,136,107
E00116483,286,147,139
E00116485,309,167,142
E00116487,284,151,133
E00116488,294,155,139
E00116480,194,112,82
E00116489,225,120,105
E00116490,273,148,125
E00116491,227,123,104
E00116505,264,139,125
E00116508,276,146,130
E00116631,342,170,172
E00116632,260,132,128
E00116635,342,170,172
E00116637,302,165,137
E00116656,306,163,143
E00116630,285,152,133
E00116648,472,266,206
E00116649,345,178,167
E00116653,250,134,116
E00116657,240,118,122
E00116638,303,156,147
E00116639,290,144,146
E00116640,294,148,146
E00116642,260,139,121
E00116633,388,202,186
E00116634,325,168,157
E00116643,256,138,118
E00116646,340,170,170
E00116644,508,266,242
E00116645,279,141,138
E00116647,564,285,279
E00116654,270,136,134
E00179934,277,143,134
E00179967,409,204,205
E00116651,392,210,182
E00179938,184,97,87
E00179948,435,227,208
E00116650,386,193,193
E00116652,234,132,102
E00116658,259,152,107
E00179960,287,148,139
E00179962,235,111,124
E00116548,206,106,100
E00116549,144,76,68
E00116550,413,223,190
E00116551,338,160,178
E00116570,200,108,92
E00116574,302,158,144
E00116579,284,147,137
E00116585,257,141,116
E00116588,269,140,129
E00116590,255,130,125
E00116572,320,163,157
E00116576,326,159,167
E00116577,304,165,139
E00116578,319,153,166
E00116573,476,254,222
E00116580,268,134,134
E00116581,280,149,131
E00116583,290,154,136
E00116584,298,157,141
E00116586,397,207,190
E00116542,300,164,136
E00116543,458,226,232
E00116557,314,168,146
E00116563,271,142,129
E00116566,206,112,94
E00116589,266,135,131
E00116595,241,136,105
E00116596,258,142,116
E00116597,210,107,103
E00116598,295,147,148
E00116599,193,99,94
E00116571,308,154,154
E00116575,278,143,135
E00116582,327,167,160
E00116587,262,145,117
E00116591,304,170,134
E00116592,260,130,130
E00116593,267,138,129
E00116594,237,134,103
E00116544,291,153,138
E00116546,292,151,141
E00116547,290,139,151
E00116567,311,155,156
E00116568,293,142,151
E00116552,316,164,152
E00116553,414,225,189
E00116554,258,131,127
E00116555,483,259,224
E00116556,255,151,104
E00116541,453,237,216
E00116558,236,119,117
E00116560,216,119,97
E00116561,323,177,146
E00116562,304,142,162
E00116545,305,163,142
E00116559,300,154,146
E00116564,312,158,154
E00116565,264,139,125
E00116569,266,138,128
E00116360,302,144,158
E00116363,335,169,166
E00116364,341,180,161
E00116366,395,185,210
E00116396,401,188,213
E00116411,250,127,123
E00116412,334,183,151
E00116413,265,143,122
E00116416,279,147,132
E00116399,315,162,153
E00116402,535,268,267
E00116407,304,170,134
E00116420,294,147,147
E00116422,316,158,158
E00116400,351,173,178
E00116403,284,153,131
E00116406,336,168,168
E00116421,264,138,126
E00116424,232,116,116
E00116397,310,153,157
E00116401,339,170,169
E00116404,267,137,130
E00116419,318,151,167
E00116423,274,139,135
E00116405,449,241,208
E00116408,347,172,175
E00116418,532,279,253
E00165833,333,153,180
E00116463,361,182,179
E00116467,404,198,206
E00116468,265,138,127
E00116470,318,150,168
E00116474,218,109,109
E00116513,334,179,155
E00116516,299,162,137
E00116517,333,166,167
E00116518,333,179,154
E00116522,256,128,128
E00116512,427,244,183
E00116514,587,322,265
E00116519,243,116,127
E00116520,281,141,140
E00116521,293,145,148
E00116511,349,182,167
E00116515,389,220,169
E00116538,303,145,158
E00116539,401,196,205
E00165847,276,133,143
E00116448,310,164,146
E00116451,232,131,101
E00116452,340,185,155
E00116472,302,144,158
E00116475,314,159,155
E00116449,290,148,142
E00116450,318,164,154
E00116469,360,183,177
E00116473,308,158,150
E00116476,328,165,163
E00116453,289,157,132
E00116454,317,163,154
E00116455,286,144,142
E00116456,288,143,145
E00116457,310,167,143
E00116447,335,176,159
E00116464,296,153,143
E00116465,357,183,174
E00165845,322,160,162
E00165846,281,138,143
E00116923,228,116,112
E00116924,342,173,169
E00116927,412,215,197
E00116928,142,78,64
E00116929,157,77,80
E00116930,219,115,104
E00116922,381,195,186
E00116925,239,123,116
E00116926,265,134,131
E00116931,176,85,91
E00116932,278,149,129
E00116974,287,157,130
E00116977,369,181,188
E00116982,287,148,139
E00116993,223,115,108
E00116994,382,188,194
E00116975,294,161,133
E00116976,337,186,151
E00116978,397,213,184
E00116979,270,132,138
E00116980,289,154,135
E00116992,239,126,113
E00116984,286,144,142
E00116985,321,163,158
E00116986,269,141,128
E00116987,254,122,132
E00116989,310,157,153
E00116991,241,132,109
E00116973,314,167,147
E00116981,548,278,270
E00116983,286,144,142
E00116988,298,153,145
E00116990,283,148,135
E00117000,304,156,148
E00117001,271,148,123
E00117002,300,154,146
E00117003,252,128,124
E00117004,179,97,82
E00117256,267,139,128
E00117257,331,167,164
E00117258,254,137,117
E00117259,289,153,136
E00117263,276,141,135
E00117278,273,150,123
E00117279,253,122,131
E00117281,305,158,147
E00117285,321,173,148
E00117291,250,124,126
E00117277,266,122,144
E00117282,308,163,145
E00117289,329,177,152
E00117290,306,167,139
E00117292,270,144,126
E00117319,289,152,137
E00117320,336,175,161
E00117321,280,144,136
E00117323,328,182,146
E00117326,350,171,179
E00117239,258,131,127
E00117250,321,162,159
E00117252,317,162,155
E00117253,365,186,179
E00117283,444,236,208
E00117284,309,149,160
E00117286,334,182,152
E00117288,355,172,183
E00117275,260,140,120
E00117280,472,234,238
E00117287,549,275,274
E00171462,374,195,179
E00171463,367,197,170
E00117317,227,126,101
E00117324,273,145,128
E00117325,257,134,123
E00117327,257,134,123
E00117328,265,141,124
E00117329,199,102,97
E00117313,320,163,157
E00117314,327,171,156
E00117315,290,146,144
E00117316,303,140,163
E00117318,273,143,130
E00117322,289,147,142
E00117240,336,182,154
E00117241,359,179,180
E00117242,310,178,132
E00117244,342,188,154
E00117265,429,205,224
E00117267,261,139,122
E00117268,316,148,168
E00117269,396,207,189
E00117270,332,172,160
E00117260,297,143,154
E00117261,335,182,153
E00117262,214,110,104
E00117264,291,145,146
E00117266,305,154,151
E00117255,306,150,156
E00117271,356,183,173
E00117272,298,154,144
E00117273,297,150,147
E00117274,488,237,251
E00117296,298,160,138
E00117299,343,180,163
E00117300,255,135,120
E00117304,263,133,130
E00117308,307,155,152
E00117248,322,167,155
E00117249,280,143,137
E00117251,351,181,170
E00117254,303,155,148
E00117243,165,97,68
E00117245,385,185,200
E00117246,499,246,253
E00117247,305,164,141
E00117303,312,158,154
E00117305,323,161,162
E00117306,303,153,150
E00117307,293,146,147
E00117312,247,140,107
E00117295,310,154,156
E00117298,305,162,143
E00117302,272,136,136
E00117309,347,178,169
E00117311,309,154,155
E00117293,294,149,145
E00117294,253,131,122
E00117297,282,141,141
E00117301,308,157,151
E00117310,269,129,140
E00116742,329,164,165
E00116743,297,155,142
E00116744,304,157,147
E00116746,236,124,112
E00116748,293,150,143
E00116750,360,183,177
E00116751,317,164,153
E00116752,293,147,146
E00116753,309,161,148
E00116756,307,159,148
E00116749,282,135,147
E00116754,444,235,209
E00116758,106,56,50
E00116759,294,148,146
E00116745,367,181,186
E00116747,249,127,122
E00116755,325,153,172
E00116757,148,76,72
E00116760,387,186,201
E00116825,297,146,151
E00116826,310,159,151
E00116827,346,176,170
E00116828,203,100,103
E00116823,330,175,155
E00116824,299,155,144
E00116829,302,153,149
E00116830,388,175,213
E00117098,337,176,161
E00117102,273,145,128
E00117103,302,152,150
E00117106,226,117,109
E00117108,214,116,98
E00117109,212,118,94
E00117099,230,123,107
E00117100,219,115,104
E00117101,304,168,136
E00117107,142,69,73
E00117110,233,115,118
E00183035,330,167,163
E00116901,340,178,162
E00116916,213,104,109
E00116917,116,64,52
E00171455,419,213,206
E00116902,396,198,198
E00116908,282,141,141
E00116910,160,84,76
E00116911,218,122,96
E00116912,326,185,141
E00117112,342,169,173
E00117115,301,144,157
E00117120,350,181,169
E00117126,262,128,134
E00117113,386,200,186
E00117114,288,148,140
E00117116,340,177,163
E00117119,292,163,129
E00117111,258,128,130
E00117118,350,178,172
E00117124,479,251,228
E00117125,378,197,181
E00117117,462,231,231
E00117121,286,135,151
E00117122,605,309,296
E00117123,395,202,193
E00116905,264,143,121
E00116909,142,91,51
E00116918,268,126,142
E00116919,230,125,105
E00116920,239,133,106
E00116921,432,227,205
E00116903,285,148,137
E00116904,290,147,143
E00116913,329,160,169
E00116914,215,113,102
E00116915,326,172,154
E00117057,308,161,147
E00117067,278,152,126
E00117069,315,169,146
E00117072,258,137,121
E00117075,233,124,109
E00117056,256,125,131
E00117060,253,144,109
E00117062,291,149,142
E00117063,284,148,136
E00117071,326,165,161
E00117058,282,141,141
E00117066,287,143,144
E00117070,321,158,163
E00117073,313,164,149
E00117074,244,122,122
E00116995,116,61,55
E00116996,289,147,142
E00116997,209,105,104
E00116998,282,137,145
E00116999,270,144,126
E00117189,278,144,134
E00117191,328,160,168
E00117192,317,155,162
E00117194,331,161,170
E00117195,231,116,115
E00117200,318,160,158
E00117208,311,162,149
E00117210,382,205,177
E00117212,350,181,169
E00117199,425,207,218
E00117201,301,152,149
E00117206,351,176,175
E00117207,329,155,174
E00117211,305,147,158
E00117205,320,158,162
E00117214,312,176,136
E00117215,214,110,104
E00117216,315,165,150
E00117217,339,168,171
E00116881,287,151,136
E00116882,318,154,164
E00116887,370,197,173
E00116889,239,123,116
E00116892,216,117,99
E00116893,290,153,137
E00116883,303,160,143
E00116884,543,275,268
E00116885,341,173,168
E00116895,343,166,177
E00116896,288,152,136
E00116886,314,169,145
E00116888,239,117,122
E00116890,275,137,138
E00116891,260,133,127
E00116894,374,195,179
E00116897,313,167,146
E00116898,299,157,142
E00116899,329,167,162
E00116900,429,226,203
E00117009,389,200,189
E00117010,354,175,179
E00117011,334,166,168
E00117012,348,191,157
E00117013,296,151,145
E00117014,340,179,161
E00117059,248,132,116
E00117061,270,141,129
E00117064,334,176,158
E00117065,248,137,111
E00117068,301,156,145
E00171456,228,124,104
E00171457,241,134,107
E00171458,132,68,64
E00117202,353,175,178
E00117203,348,180,168
E00117204,345,178,167
E00117209,207,104,103
E00117213,361,180,181
E00117219,313,157,156
E00117220,362,194,168
E00117224,251,132,119
E00117236,351,182,169
E00117221,322,175,147
E00117227,284,152,132
E00117229,355,180,175
E00117237,328,174,154
E00183084,311,171,140
E00183088,319,165,154
E00117222,179,109,70
E00117223,292,170,122
E00117225,215,121,94
E00117226,237,128,109
E00117228,406,225,181
E00117231,201,113,88
E00117238,293,164,129
E00117218,299,152,147
E00117232,264,145,119
E00117233,409,214,195
E00117234,271,131,140
E00117235,237,132,105
E00117017,578,298,280
E00117020,180,105,75
E00117021,358,167,191
E00117022,307,173,134
E00117023,258,134,124
E00117019,360,179,181
E00117026,249,136,113
E00117028,313,160,153
E00117034,342,163,179
E00117027,305,147,158
E00117029,394,200,194
E00117031,315,169,146
E00117035,301,161,140
E00117015,317,155,162
E00117016,275,145,130
E00117032,412,207,205
E00117033,289,142,147
E00116934,260,129,131
E00116936,301,162,139
E00116940,274,140,134
E00116941,288,148,140
E00116949,289,146,143
E00116939,372,182,190
E00116943,284,147,137
E00116945,275,138,137
E00116951,313,170,143
E00116952,415,209,206
E00116933,340,161,179
E00116935,326,159,167
E00116937,301,154,147
E00116948,214,120,94
E00116950,242,120,122
E00116938,252,123,129
E00116942,270,137,133
E00116944,268,133,135
E00116946,274,135,139
E00116947,292,148,144
E00117005,319,153,166
E00117006,456,253,203
E00117007,334,172,162
E00117008,310,150,160
E00117018,302,144,158
E00117024,254,131,123
E00117025,303,155,148
E00117030,334,158,176
E00116813,365,202,163
E00116814,528,289,239
E00116815,384,199,185
E00116820,247,128,119
E00116821,268,141,127
E00116806,429,207,222
E00116812,305,157,148
E00116816,354,204,150
E00116817,216,115,101
E00116818,254,120,134
E00116819,219,111,108
E00116822,336,166,170
E00116853,339,183,156
E00116855,315,167,148
E00116859,433,217,216
E00116861,370,188,182
E00116863,280,138,142
E00116854,234,128,106
E00116856,297,168,129
E00116857,293,160,133
E00116858,354,181,173
E00116860,269,136,133
E00116862,304,151,153
E00116834,235,122,113
E00116837,280,148,132
E00116838,318,170,148
E00116839,324,169,155
E00116840,354,174,180
E00116831,334,183,151
E00116832,269,131,138
E00116833,246,137,109
E00116836,271,139,132
E00116844,291,147,144
E00116835,219,110,109
E00116841,328,158,170
E00116842,312,156,156
E00116843,329,170,159
E00116845,375,203,172
E00116846,215,120,95
E00116847,236,131,105
E00116848,221,113,108
E00116849,254,131,123
E00117190,317,158,159
E00117193,137,76,61
E00117196,287,158,129
E00117197,305,152,153
E00117198,436,228,208
E00116807,325,160,165
E00116808,318,158,160
E00116809,310,167,143
E00116810,359,170,189
E00116811,234,124,110
E00116850,250,127,123
E00116851,274,134,140
E00116852,234,115,119
E00116864,317,147,170
E00116865,290,151,139
E00116866,217,109,108
E00116867,341,173,168
E00116868,159,78,81
E00117079,269,125,144
E00117080,259,134,125
E00117086,241,130,111
E00117088,287,145,142
E00117089,238,125,113
E00117092,298,145,153
E00117081,239,131,108
E00117082,160,97,63
E00117087,181,106,75
E00117094,327,182,145
E00117096,382,201,181
E00117097,338,197,141
E00117076,225,130,95
E00117078,300,163,137
E00117083,267,150,117
E00117084,223,121,102
E00117085,243,128,115
E00117095,406,208,198
E00116781,377,198,179
E00116782,198,103,95
E00116783,288,144,144
E00116784,287,163,124
E00116787,307,156,151
E00116785,250,138,112
E00116786,345,172,173
E00116788,301,160,141
E00116789,287,146,141
E00116956,275,137,138
E00116957,293,158,135
E00116964,282,145,137
E00116965,289,146,143
E00116966,277,143,134
E00117039,293,148,145
E00117046,297,161,136
E00117047,383,206,177
E00117048,109,64,45
E00117053,349,185,164
E00117054,370,193,177
E00117036,370,190,180
E00117037,324,171,153
E00117038,247,123,124
E00117045,244,124,120
E00117049,263,134,129
E00117050,329,187,142
E00117040,361,194,167
E00117041,234,121,113
E00117042,336,162,174
E00117043,271,140,131
E00117044,243,139,104
E00117051,404,216,188
E00117052,149,71,78
E00116869,242,134,108
E00116870,301,156,145
E00116871,472,257,215
E00116874,349,179,170
E00116877,394,193,201
E00116879,275,150,125
E00116872,303,155,148
E00116873,348,175,173
E00116875,411,235,176
E00116876,204,106,98
E00116878,115,50,65
E00116880,297,156,141
E00117168,325,169,156
E00117181,290,149,141
E00117182,286,149,137
E00117184,238,120,118
E00117186,299,160,139
E00117170,204,97,107
E00117171,287,150,137
E00117172,234,121,113
E00117173,465,247,218
E00117176,352,174,178
E00117174,285,146,139
E00117175,276,146,130
E00117177,264,145,119
E00117178,255,127,128
E00117180,353,176,177
E00116967,355,188,167
E00116968,248,132,116
E00116970,288,151,137
E00116971,375,184,191
E00171459,276,147,129
E00171460,275,145,130
E00171461,134,72,62
E00116953,304,157,147
E00116959,343,178,165
E00116960,325,165,160
E00116962,177,97,80
E00116972,323,165,158
E00116954,262,128,134
E00116955,303,161,142
E00116958,227,124,103
E00116961,310,160,150
E00116963,294,151,143
E00117148,345,177,168
E00117160,294,145,149
E00117164,304,172,132
E00117165,388,192,196
E00116790,338,168,170
E00116791,269,145,124
E00116794,271,154,117
E00116799,316,158,158
E00116800,247,134,113
E00116793,254,132,122
E00116795,239,124,115
E00116796,381,200,181
E00116797,270,125,145
E00116798,309,164,145
E00117146,302,152,150
E00117149,265,142,123
E00117152,309,159,150
E00117159,330,181,149
E00117161,268,132,136
E00117167,329,162,167
E00117150,241,149,92
E00117151,260,138,122
E00117153,258,139,119
E00117154,220,132,88
E00117162,217,127,90
E00117166,305,176,129
E00117147,353,191,162
E00117155,289,161,128
E00117156,264,142,122
E00117157,279,151,128
E00117158,224,134,90
E00117163,332,174,158
E00116761,263,139,124
E00116764,261,137,124
E00116766,286,151,135
E00116768,264,142,122
E00116769,234,123,111
E00116771,277,139,138
E00116780,300,163,137
E00116767,276,148,128
E00116770,263,143,120
E00116772,282,143,139
E00116776,247,132,115
E00116777,223,125,98
E00116778,265,150,115
E00116779,343,179,164
E00116762,251,136,115
E00116763,267,141,126
E00116765,109,58,51
E00116773,314,159,155
E00116774,362,201,161
E00116775,297,164,133
E00116792,390,217,173
E00116801,336,174,162
E00116802,285,152,133
E00116803,300,173,127
E00116804,300,162,138
E00116805,404,237,167
E00117077,339,176,163
E00117090,265,141,124
E00117091,229,120,109
E00117093,265,143,122
E00117127,170,94,76
E00117128,367,190,177
E00117129,226,126,100
E00117130,304,158,146
E00117138,197,104,93
E00117139,225,115,110
E00117133,270,149,121
E00117134,214,120,94
E00117135,354,192,162
E00117136,225,122,103
E00117137,219,116,103
E00117141,236,127,109
E00117143,202,113,89
E00117131,315,167,148
E00117132,231,122,109
E00117140,264,147,117
E00117142,282,144,138
E00117144,292,152,140
E00117145,308,157,151
E00117169,313,175,138
E00117179,300,161,139
E00117183,290,152,138
E00117185,234,131,103
E00117187,303,150,153
E00117188,287,154,133
E00117373,302,157,145
E00117377,355,191,164
E00117379,323,162,161
E00117380,287,141,146
E00117381,373,195,178
E00117390,360,190,170
E00117395,303,153,150
E00117401,373,185,188
E00117404,329,169,160
E00117405,286,153,133
E00117396,199,100,99
E00117397,261,130,131
E00117398,244,127,117
E00117399,352,179,173
E00117400,418,216,202
E00117470,318,170,148
E00117479,337,172,165
E00117480,339,179,160
E00117481,408,218,190
E00117482,274,150,124
E00117484,305,137,168
E00117389,377,192,185
E00117403,375,190,185
E00117406,306,165,141
E00117407,296,157,139
E00117408,258,144,114
E00117467,393,202,191
E00117468,294,160,134
E00117469,249,127,122
E00117483,333,173,160
E00117474,287,151,136
E00117475,429,205,224
E00117476,326,166,160
E00117478,331,167,164
E00117485,371,184,187
E00117471,366,175,191
E00117472,403,210,193
E00117473,399,209,190
E00117477,322,160,162
E00117608,339,169,170
E00117610,328,162,166
E00117611,373,195,178
E00117612,336,178,158
E00117378,320,157,163
E00117385,326,166,160
E00117387,363,168,195
E00117388,200,94,106
E00117371,431,206,225
E00117382,277,137,140
E00117383,251,131,120
E00117384,282,143,139
E00117372,179,87,92
E00117374,266,140,126
E00117375,448,232,216
E00117376,230,116,114
E00117386,301,153,148
E00117532,321,155,166
E00117533,251,119,132
E00117534,331,170,161
E00117536,289,151,138
E00117547,285,144,141
E00117548,255,128,127
E00117595,330,162,168
E00117596,305,147,158
E00117600,307,160,147
E00117607,298,148,150
E00117609,300,160,140
E00117357,302,145,157
E00117362,349,176,173
E00117366,234,123,111
E00117368,341,170,171
E00167939,389,180,209
E00167940,274,134,140
E00167941,454,221,233
E00117352,280,139,141
E00117353,282,137,145
E00117354,339,167,172
E00117355,254,129,125
E00117358,376,198,178
E00117391,329,162,167
E00117392,316,154,162
E00117393,299,156,143
E00117394,291,153,138
E00117402,333,172,161
E00117430,130,65,65
E00117442,352,200,152
E00117443,300,153,147
E00117444,296,150,146
E00167937,314,161,153
E00167944,446,207,239
E00117439,232,119,113
E00117440,256,127,129
E00117441,264,130,134
E00117445,247,126,121
E00117446,292,136,156
E00117331,295,154,141
E00117333,283,135,148
E00117335,322,159,163
E00117345,254,121,133
E00117348,252,123,129
E00117332,256,132,124
E00117339,234,116,118
E00117341,335,170,165
E00117344,226,107,119
E00117347,244,117,127
E00117537,317,168,149
E00117539,302,152,150
E00117540,339,163,176
E00117541,322,165,157
E00117542,270,145,125
E00117528,323,155,168
E00117530,227,105,122
E00117531,255,118,137
E00117535,267,131,136
E00117546,231,123,108
E00117543,230,123,107
E00117545,275,138,137
E00167929,268,131,137
E00167946,324,174,150
E00167947,252,122,130
E00167948,251,122,129
E00167949,276,144,132
E00167950,239,126,113
E00167951,260,138,122
E00167952,102,60,42
E00117334,311,156,155
E00117342,257,132,125
E00117343,404,222,182
E00117346,390,218,172
E00117349,460,242,218
E00117330,274,133,141
E00117336,244,121,123
E00117337,191,94,97
E00117338,269,137,132
E00117340,347,191,156
E00117350,326,164,162
E00117351,298,149,149
E00117369,432,225,207
E00117370,339,175,164
E00184951,189,96,93
E00184987,337,179,158
E00117359,328,173,155
E00117360,329,161,168
E00117361,268,148,120
E00117363,335,166,169
E00117364,269,139,130
E00117365,182,98,84
E00117594,272,127,145
E00117597,268,128,140
E00117598,219,108,111
E00117602,258,129,129
E00117603,304,155,149
E00117599,255,125,130
E00117601,284,134,150
E00117604,273,136,137
E00117605,297,145,152
E00117606,252,129,123
E00117431,335,160,175
E00117432,270,150,120
E00117436,262,131,131
E00117438,315,165,150
E00184912,275,121,154
E00185008,322,148,174
E00185028,106,58,48
E00117429,538,259,279
E00117433,297,152,145
E00117434,305,149,156
E00117435,313,159,154
E00117549,259,130,129
E00117553,249,123,126
E00184839,311,154,157
E00184840,196,100,96
E00184856,492,158,334
E00184899,385,197,188
E00184944,149,78,71
E00184956,210,97,113
E00184957,151,74,77
E00185027,376,183,193
E00117555,274,138,136
E00117558,407,196,211
E00117566,350,173,177
E00117569,343,188,155
E00117563,254,114,140
E00117564,287,153,134
E00117567,387,201,186
E00117568,257,121,136
E00117570,258,127,131
E00117552,233,119,114
E00117554,359,188,171
E00117560,314,150,164
E00117565,332,172,160
E00117551,483,240,243
E00117559,369,185,184
E00117562,470,163,307
E00184877,465,93,372
E00184971,170,77,93
E00117589,411,191,220
E00117590,330,161,169
E00117591,554,251,303
E00167936,524,118,406
E00167954,354,171,183
E00117571,343,174,169
E00117572,447,231,216
E00117573,324,154,170
E00117580,388,211,177
E00117582,408,199,209
E00167935,362,185,177
E00184837,289,139,150
E00184851,366,176,190
E00184902,410,198,212
E00184965,399,207,192
E00185025,393,207,186
E00167938,367,179,188
E00184968,457,235,222
E00185013,324,161,163
E00185026,551,271,280
E00117574,472,240,232
E00117587,502,253,249
E00117592,473,247,226
E00117575,284,140,144
E00167934,462,235,227
E00167942,295,152,143
E00167943,179,93,86
E00167945,247,128,119
E00117459,326,149,177
E00117460,388,198,190
E00117461,553,279,274
E00117463,325,157,168
E00117466,289,137,152
E00117486,403,204,199
E00117491,266,129,137
E00117493,334,171,163
E00117506,314,158,156
E00117496,294,153,141
E00117497,291,143,148
E00167930,236,111,125
E00167931,190,98,92
E00167932,320,166,154
E00167933,283,143,140
E00167955,323,162,161
E00167956,351,167,184
E00167957,107,54,53
E00117487,272,135,137
E00117498,397,211,186
E00117499,395,224,171
E00117500,124,69,55
E00117501,178,96,82
E00117503,284,144,140
E00117504,283,138,145
E00117505,304,159,145
E00117507,254,126,128
E00117513,274,153,121
E00117514,258,132,126
E00117517,296,153,143
E00117518,263,141,122
E00117521,298,153,145
E00117509,259,124,135
E00117515,314,150,164
E00117516,330,150,180
E00117519,259,120,139
E00117520,266,129,137
E00117510,286,137,149
E00117523,283,146,137
E00117524,293,142,151
E00117525,240,114,126
E00117527,301,154,147
E00117508,279,141,138
E00117511,290,157,133
E00117512,286,143,143
E00117522,283,138,145
E00117526,343,171,172
E00117577,287,150,137
E00117579,258,116,142
E00117581,273,135,138
E00117583,265,142,123
E00184836,305,160,145
E00184884,343,180,163
E00184967,217,99,118
E00185016,327,153,174
E00117415,376,187,189
E00117417,371,185,186
E00117418,271,139,132
E00117419,256,131,125
E00117421,301,144,157
E00117448,404,199,205
E00117453,414,207,207
E00117456,347,158,189
E00117458,289,152,137
E00117449,360,187,173
E00117450,423,205,218
E00117462,350,175,175
E00117464,340,160,180
E00117465,462,226,236
E00117451,343,183,160
E00117452,571,286,285
E00117454,314,151,163
E00117455,258,127,131
E00117457,279,142,137
E00117409,263,141,122
E00117411,234,126,108
E00117425,316,164,152
E00117427,243,135,108
E00117428,429,216,213
E00117410,331,180,151
E00117412,195,98,97
E00117413,432,227,205
E00117414,244,122,122
E00117426,337,189,148
E00117416,515,254,261
E00117420,210,104,106
E00117422,299,166,133
E00117423,521,270,251
E00117424,303,160,143
E00117488,323,161,162
E00117489,331,167,164
E00117490,297,151,146
E00117492,344,168,176
E00117494,290,142,148
E00117695,126,67,59
E00117696,212,106,106
E00117697,349,170,179
E00117698,304,151,153
E00117699,296,161,135
E00117700,276,144,132
E00117701,250,130,120
E00117702,290,140,150
E00117720,269,133,136
E00117721,285,139,146
E00117722,294,157,137
E00117723,223,126,97
E00117724,250,125,125
E00117725,494,266,228
E00117726,308,162,146
E00117781,321,163,158
E00117794,369,190,179
E00117795,342,176,166
E00117797,280,142,138
E00117796,408,205,203
E00117798,479,243,236
E00117799,312,153,159
E00117800,306,150,156
E00117636,331,178,153
E00117639,265,134,131
E00117641,211,93,118
E00117645,293,137,156
E00117646,232,117,115
E00117650,399,202,197
E00117630,371,186,185
E00117632,311,170,141
E00117634,283,163,120
E00117635,321,175,146
E00117637,322,164,158
E00117640,302,159,143
E00117642,363,176,187
E00117647,414,219,195
E00117648,318,162,156
E00117638,315,160,155
E00117643,346,173,173
E00117644,314,153,161
E00117649,364,192,172
E00117899,334,175,159
E00117900,339,166,173
E00117901,306,163,143
E00117902,318,153,165
E00117783,304,162,142
E00117785,314,162,152
E00117787,522,262,260
E00117789,326,159,167
E00117793,380,184,196
E00117784,429,227,202
E00117786,317,178,139
E00117801,321,159,162
E00117802,343,177,166
E00117812,248,125,123
E00117817,368,192,176
E00117818,368,185,183
E00117821,224,115,109
E00117885,274,135,139
E00117886,302,151,151
E00117891,242,141,101
E00117906,266,139,127
E00117907,338,178,160
E00117890,263,134,129
E00117894,414,195,219
E00117903,370,187,183
E00117904,203,107,96
E00117908,354,184,170
E00117782,274,146,128
E00117788,260,141,119
E00117790,280,155,125
E00117791,546,283,263
E00117792,287,137,150
E00117810,436,223,213
E00117823,373,173,200
E00117825,329,163,166
E00117826,325,171,154
E00117827,189,96,93
E00117814,282,141,141
E00117815,270,136,134
E00117816,259,124,135
E00117819,371,184,187
E00190549,594,190,404
E00190586,146,64,82
E00117857,239,121,118
E00117858,231,116,115
E00117862,174,82,92
E00117863,297,154,143
E00117864,323,154,169
E00117865,397,210,187
E00117669,301,157,144
E00117670,286,143,143
E00168062,315,161,154
E00168063,285,142,143
E00168064,369,187,182
E00168077,320,171,149
E00117668,270,140,130
E00117675,284,144,140
E00117676,302,152,150
E00117677,270,133,137
E00168076,358,181,177
E00117813,439,211,228
E00117820,484,239,245
E00117822,318,163,155
E00117824,307,153,154
E00117828,307,157,150
E00117829,320,152,168
E00117830,310,162,148
E00117831,323,165,158
E00117954,387,182,205
E00117956,343,169,174
E00117959,471,256,215
E00117960,355,174,181
E00117970,347,182,165
E00117963,340,176,164
E00117964,316,171,145
E00117965,343,170,173
E00117968,264,130,134
E00117969,322,168,154
E00117949,302,146,156
E00117962,281,141,140
E00117967,260,119,141
E00117971,354,176,178
E00117972,305,168,137
E00117660,313,156,157
E00117661,335,182,153
E00117662,327,164,163
E00117663,270,132,138
E00117664,270,130,140
E00117665,386,192,194
E00117666,270,143,127
E00117667,170,94,76
E00117853,391,198,193
E00117855,402,206,196
E00117856,339,172,167
E00168073,256,123,133
E00168074,426,168,258
E00168075,252,123,129
E00117866,302,150,152
E00117867,275,150,125
E00117868,327,154,173
E00117869,233,118,115
E00117870,306,160,146
E00117859,429,221,208
E00117871,321,165,156
E00117872,311,163,148
E00168078,379,183,196
E00117672,275,143,132
E00117673,288,142,146
E00117674,180,100,80
E00117678,341,169,172
E00117679,425,219,206
E00117706,241,126,115
E00117707,329,178,151
E00117708,281,151,130
E00117709,156,81,75
E00117712,114,55,59
E00117719,306,153,153
E00117772,131,77,54
E00117773,143,69,74
E00117774,316,151,165
E00117775,397,197,200
E00117776,141,73,68
E00117777,344,168,176
E00117778,380,186,194
E00117779,226,109,117
E00117780,214,111,103
E00117703,401,200,201
E00117704,226,114,112
E00117705,464,237,227
E00117710,372,179,193
E00117711,120,64,56
E00117713,287,149,138
E00117714,180,87,93
E00117715,230,114,116
E00117716,247,135,112
E00117717,339,172,167
E00117718,273,152,121
E00117764,201,104,97
E00117765,200,97,103
E00117766,326,179,147
E00117767,291,154,137
E00117768,271,130,141
E00117769,335,171,164
E00117770,311,152,159
E00117771,319,150,169
E00117806,526,268,258
E00117808,431,214,217
E00117809,464,229,235
E00117803,293,152,141
E00117804,235,125,110
E00117805,380,185,195
E00117807,298,149,149
E00117749,320,161,159
E00117750,327,152,175
E00117755,281,151,130
E00117756,238,124,114
E00117757,241,121,120
E00117759,250,124,126
E00117751,421,226,195
E00117758,269,144,125
E00117760,292,147,145
E00117761,273,144,129
E00117763,268,150,118
E00117747,284,135,149
E00117748,346,196,150
E00117752,231,128,103
E00117753,244,126,118
E00117754,198,117,81
E00117762,241,126,115
E00117909,313,161,152
E00117910,319,162,157
E00117912,393,206,187
E00117913,307,161,146
E00117922,236,126,110
E00117911,248,135,113
E00117914,290,143,147
E00117915,247,129,118
E00117918,305,163,142
E00117916,320,173,147
E00117917,265,129,136
E00117919,330,175,155
E00117920,360,182,178
E00117616,342,197,145
E00117619,231,130,101
E00117620,286,154,132
E00117626,420,229,191
E00117628,404,215,189
E00117614,204,118,86
E00117617,278,140,138
E00117621,230,124,106
E00117623,366,199,167
E00117624,303,167,136
E00117613,286,162,124
E00117615,322,171,151
E00117618,223,122,101
E00117622,257,166,91
E00117625,295,153,142
E00117627,271,146,125
E00117921,340,158,182
E00117923,255,139,116
E00117924,233,124,109
E00117925,308,172,136
E00117653,225,116,109
E00117654,351,185,166
E00117655,355,177,178
E00117656,385,192,193
E00117657,422,212,210
E00117658,296,150,146
E00117659,358,171,187
E00117837,258,138,120
E00117848,476,250,226
E00117850,290,149,141
E00117851,261,136,125
E00168071,353,177,176
E00168072,187,98,89
E00117833,307,155,152
E00117834,247,134,113
E00117847,229,127,102
E00117849,259,135,124
E00117852,174,92,82
E00168069,318,153,165
E00168070,353,167,186
E00117838,535,271,264
E00117840,251,132,119
E00117841,423,224,199
E00117842,341,172,169
E00117846,307,148,159
E00117835,269,135,134
E00117836,303,155,148
E00117839,303,157,146
E00117843,266,141,125
E00117845,285,141,144
E00117873,324,166,158
E00117874,338,179,159
E00117878,227,126,101
E00117879,276,139,137
E00117882,344,176,168
E00117680,383,200,183
E00117681,382,199,183
E00117683,306,156,150
E00117684,399,209,190
E00117691,384,190,194
E00117685,262,132,130
E00117686,364,179,185
E00117689,373,185,188
E00117690,285,142,143
E00117692,340,166,174
E00117682,327,164,163
E00117687,355,183,172
E00117688,255,130,125
E00117693,327,181,146
E00117694,294,153,141
E00117877,311,162,149
E00182073,350,192,158
E00190565,237,123,114
E00190575,354,182,172
E00190588,355,175,180
E00184732,348,176,172
E00190546,360,197,163
E00190555,363,195,168
E00190561,237,131,106
E00190579,280,147,133
E00117880,490,243,247
E00117881,373,197,176
E00179078,298,148,150
E00190581,370,197,173
E00117930,401,207,194
E00117935,413,206,207
E00117946,341,167,174
E00117947,333,170,163
E00117931,397,189,208
E00117933,500,256,244
E00117936,387,194,193
E00117937,307,165,142
E00117939,310,154,156
E00117932,340,169,171
E00117934,277,155,122
E00117938,236,122,114
E00117941,261,139,122
E00117942,292,152,140
E00117940,335,176,159
E00117943,306,160,146
E00117944,297,160,137
E00117945,346,173,173
E00117926,273,141,132
E00117927,215,103,112
E00117928,314,157,157
E00117929,480,246,234
E00117733,255,134,121
E00117734,609,314,295
E00117736,343,169,174
E00117742,213,110,103
E00117746,339,189,150
E00178641,245,129,116
E00186517,296,155,141
E00190578,236,123,113
E00117727,113,59,54
E00117728,278,139,139
E00117729,460,235,225
E00117730,433,214,219
E00117731,537,278,259
E00117735,363,177,186
E00117739,326,169,157
E00117740,225,106,119
E00117741,303,150,153
E00117745,255,132,123
E00117732,427,216,211
E00117737,356,183,173
E00117743,329,169,160
E00117744,302,157,145
E00189211,149,74,75
E00189212,321,156,165
E00189629,300,140,160
E00190529,286,146,140
E00190582,365,180,185
E00117651,287,132,155
E00190359,297,148,149
E00190361,508,255,253
E00190528,325,153,172
E00168067,357,185,172
E00177496,292,153,139
E00183100,372,190,182
E00189209,350,173,177
E00190592,339,168,171
E00183099,321,155,166
E00189222,350,173,177
E00189625,365,197,168
E00190560,319,162,157
E00190572,303,144,159
E00182062,286,148,138
E00186097,252,127,125
E00189208,327,166,161
E00190548,292,161,131
E00190566,308,154,154
E00177752,303,169,134
E00177758,373,189,184
E00181837,353,185,168
E00189221,307,154,153
E00190593,317,156,161
E00177757,314,161,153
E00182067,356,182,174
E00184150,361,185,176
E00190556,316,154,162
E00190587,296,151,145
E00117888,316,163,153
E00117889,277,133,144
E00117898,309,143,166
E00185844,274,149,125
E00190530,168,85,83
E00181585,295,149,146
E00183103,318,153,165
E00188554,346,178,168
E00190570,304,156,148
E00178639,285,149,136
E00178643,340,172,168
E00183435,302,151,151
E00190585,344,187,157
E00190590,304,169,135
E00117887,192,96,96
E00117892,218,103,115
E00117893,282,153,129
E00117895,249,124,125
E00117897,290,157,133
E00117905,263,126,137
E00190547,252,115,137
E00190562,218,100,118
E00117948,275,133,142
E00117957,329,167,162
E00117958,431,228,203
E00117961,394,199,195
E00117966,284,155,129
E00117950,223,114,109
E00117951,288,140,148
E00117952,317,158,159
E00117953,253,138,115
E00117955,317,168,149
E00118321,544,285,259
E00118322,339,175,164
E00118323,226,112,114
E00118324,405,209,196
E00118313,387,199,188
E00118314,358,184,174
E00118315,413,205,208
E00118316,358,182,176
E00118317,371,197,174
E00118318,323,168,155
E00118319,291,139,152
E00118320,461,225,236
E00118309,291,142,149
E00118310,320,164,156
E00118311,385,184,201
E00118312,448,233,215
E00118062,221,115,106
E00118063,322,162,160
E00118064,360,163,197
E00118065,351,179,172
E00118066,275,145,130
E00118067,244,126,118
E00118068,246,114,132
E00118073,320,164,156
E00118074,296,167,129
E00118077,304,161,143
E00118078,547,287,260
E00118071,387,200,187
E00118072,366,189,177
E00118075,311,160,151
E00184874,255,128,127
E00184953,474,189,285
E00118069,345,173,172
E00118070,375,191,184
E00118079,291,150,141
E00118080,315,169,146
E00118081,337,177,160
E00118083,295,157,138
E00118084,293,153,140
E00118085,312,160,152
E00118086,319,173,146
E00118087,353,183,170
E00118088,285,156,129
E00118089,343,187,156
E00118082,284,150,134
E00118090,295,153,142
E00118092,367,189,178
E00184869,557,60,497
E00184923,341,187,154
E00118126,447,230,217
E00118127,342,172,170
E00118128,259,135,124
E00118130,318,174,144
E00118131,368,191,177
E00118142,440,238,202
E00118146,354,181,173
E00118156,592,328,264
E00118157,385,198,187
E00118158,268,138,130
E00118244,129,63,66
E00118245,317,165,152
E00118246,392,234,158
E00118248,229,112,117
E00118249,203,104,99
E00118250,154,79,75
E00118251,281,158,123
E00184995,126,58,68
E00184998,480,230,250
E00185015,356,192,164
E00117999,414,211,203
E00118000,308,155,153
E00118001,269,136,133
E00118002,394,202,192
E00118003,359,186,173
E00118004,245,128,117
E00118005,234,129,105
E00118266,294,153,141
E00118270,332,181,151
E00118271,315,178,137
E00118272,279,133,146
E00118277,300,155,145
E00118267,295,145,150
E00118268,294,151,143
E00118273,236,125,111
E00118279,303,160,143
E00118280,308,152,156
E00118265,312,155,157
E00118275,315,156,159
E00118278,328,169,159
E00118284,323,172,151
E00118285,279,146,133
E00118269,374,201,173
E00118274,271,141,130
E00118276,213,127,86
E00118281,299,183,116
E00118282,267,160,107
E00118283,316,168,148
E00118124,307,166,141
E00118125,356,184,172
E00118129,436,213,223
E00118132,285,151,134
E00118133,203,111,92
E00118118,417,208,209
E00118119,245,135,110
E00118120,354,200,154
E00118122,333,160,173
E00118121,348,186,162
E00118123,512,279,233
E00118134,330,172,158
E00118135,404,195,209
E00118136,298,161,137
E00118218,332,181,151
E00118221,302,147,155
E00118222,310,159,151
E00118224,277,133,144
E00118220,448,233,215
E00118227,308,165,143
E00167958,751,447,304
E00167959,218,114,104
E00167960,366,206,160
E00167961,414,220,194
E00118225,344,173,171
E00118226,260,139,121
E00118228,278,142,136
E00184857,523,114,409
E00184950,123,69,54
E00118147,185,108,77
E00118151,291,160,131
E00118152,201,124,77
E00118154,367,213,154
E00118155,176,87,89
E00118165,267,132,135
E00118166,268,143,125
E00118168,231,127,104
E00118169,216,112,104
E00118178,434,281,153
E00118179,276,149,127
E00118161,389,196,193
E00118163,322,163,159
E00118164,330,173,157
E00118167,234,117,117
E00118177,274,145,129
E00118159,328,162,166
E00118171,306,167,139
E00118172,206,104,102
E00118174,263,133,130
E00118175,266,133,133
E00118176,241,117,124
E00118160,377,186,191
E00118162,521,328,193
E00118170,293,159,134
E00118173,380,195,185
E00118139,262,140,122
E00118140,312,171,141
E00118141,364,176,188
E00118149,318,164,154
E00118150,249,134,115
E00118153,315,155,160
E00118137,242,121,121
E00118138,332,161,171
E00118143,529,284,245
E00118144,192,86,106
E00118145,253,124,129
E00118148,261,135,126
E00118200,321,151,170
E00118202,250,134,116
E00118207,425,141,284
E00184901,506,325,181
E00184915,144,77,67
E00184974,400,205,195
E00118197,285,116,169
E00118199,214,126,88
E00118205,277,124,153
E00118215,294,151,143
E00167973,558,103,455
E00167974,144,49,95
E00118208,315,153,162
E00118210,281,142,139
E00118211,294,154,140
E00118212,278,151,127
E00118213,256,135,121
E00118214,416,209,207
E00118216,410,226,184
E00118217,267,147,120
E00118223,463,243,220
E00118229,269,132,137
E00118180,291,152,139
E00118183,406,214,192
E00118184,268,144,124
E00118196,343,212,131
E00118182,406,230,176
E00118186,245,133,112
E00118188,366,218,148
E00118189,237,120,117
E00118190,379,198,181
E00118191,389,219,170
E00118192,425,230,195
E00118193,360,185,175
E00118194,389,204,185
E00118198,321,160,161
E00118206,583,335,248
E00118209,293,137,156
E00184991,555,375,180
E00184992,509,235,274
E00118024,417,210,207
E00118027,416,212,204
E00118028,283,142,141
E00118029,197,97,100
E00118030,451,219,232
E00118033,325,174,151
E00118094,323,168,155
E00118099,275,142,133
E00118100,315,162,153
E00118101,305,152,153
E00118093,280,153,127
E00118095,190,112,78
E00118096,268,142,126
E00118097,279,143,136
E00118098,228,124,104
E00118102,290,144,146
E00118103,360,180,180
E00118104,287,147,140
E00118105,319,168,151
E00118106,333,162,171
E00118181,405,205,200
E00118187,441,243,198
E00118195,386,196,190
E00184908,517,282,235
E00184932,230,118,112
E00184979,112,51,61
E00118019,483,249,234
E00118020,364,202,162
E00118021,277,148,129
E00118022,359,184,175
E00118023,208,110,98
E00118009,461,229,232
E00118010,194,82,112
E00118012,265,142,123
E00118013,427,215,212
E00118014,286,147,139
E00118017,391,211,180
E00118007,289,150,139
E00118008,308,155,153
E00118011,284,155,129
E00118015,217,116,101
E00118018,316,174,142
E00185004,448,227,221
E00185032,420,206,214
E00118025,382,206,176
E00118026,508,256,252
E00118031,326,176,150
E00118032,283,149,134
E00118034,312,165,147
E00118035,315,161,154
E00118114,523,252,271
E00118115,333,158,175
E00118116,437,221,216
E00118117,335,155,180
E00118056,339,175,164
E00118057,346,177,169
E00118058,325,157,168
E00118059,246,127,119
E00118060,460,241,219
E00118061,390,199,191
E00118256,444,240,204
E00118260,131,62,69
E00118261,209,110,99
E00118262,360,182,178
E00118263,550,277,273
E00118257,415,213,202
E00118258,533,281,252
E00118259,450,237,213
E00118264,362,187,175
E00118252,290,140,150
E00118253,304,170,134
E00118254,345,168,177
E00118255,319,162,157
E00118286,172,82,90
E00118287,491,251,240
E00118288,217,105,112
E00118289,239,116,123
E00118290,216,112,104
E00118291,393,204,189
E00118292,417,212,205
E00117976,226,110,116
E00117977,346,177,169
E00117982,304,159,145
E00117986,277,144,133
E00117988,249,123,126
E00117991,269,140,129
E00117993,315,153,162
E00117979,351,181,170
E00117981,474,253,221
E00117984,293,170,123
E00117989,227,122,105
E00117990,196,116,80
E00117992,321,165,156
E00117974,470,248,222
E00117975,363,202,161
E00117978,359,201,158
E00117987,376,201,175
E00117973,438,221,217
E00117980,347,182,165
E00117983,264,138,126
E00117985,490,253,237
E00118232,443,229,214
E00118235,440,226,214
E00118242,289,150,139
E00118243,424,215,209
E00118233,432,226,206
E00118234,468,231,237
E00118236,334,170,164
E00118238,418,210,208
E00118108,485,240,245
E00118109,337,178,159
E00118110,145,72,73
E00118111,318,156,162
E00118112,331,160,171
E00118113,373,189,184
E00184860,339,181,158
E00184958,387,181,206
E00118237,332,173,159
E00118239,331,162,169
E00118240,360,182,178
E00118241,247,134,113
E00118302,335,165,170
E00118304,374,196,178
E00118305,311,167,144
E00118306,297,167,130
E00118308,291,149,142
E00118293,481,245,236
E00118294,331,152,179
E00118298,343,181,162
E00118299,280,138,142
E00167963,313,159,154
E00118295,258,125,133
E00118296,320,162,158
E00167964,375,186,189
E00167965,238,111,127
E00167970,197,95,102
E00167972,182,82,100
E00167962,362,184,178
E00167966,383,183,200
E00167967,239,107,132
E00167969,228,116,112
E00167971,274,134,140
E00118300,279,152,127
E00118301,320,158,162
E00118307,301,161,140
E00167968,447,216,231
E00118040,431,219,212
E00118043,221,113,108
E00118044,320,164,156
E00118045,324,161,163
E00118047,554,301,253
E00118041,330,168,162
E00118048,411,200,211
E00118049,405,196,209
E00118053,360,173,187
E00184952,226,126,100
E00184984,620,317,303
E00185011,215,99,116
E00185018,296,141,155
E00118038,277,148,129
E00118046,443,236,207
E00118050,409,221,188
E00118052,314,165,149
E00118055,376,183,193
E00118036,333,171,162
E00118037,337,174,163
E00118039,383,199,184
E00118051,237,120,117
E00118054,261,138,123
E00117994,548,252,296
E00117995,292,151,141
E00117997,471,198,273
E00117998,234,120,114
E00184865,290,144,146
E00184906,334,177,157
E00184931,445,226,219
E00184962,455,238,217
E00185017,117,60,57
E00185023,270,141,129
E00121789,310,165,145
E00121791,370,201,169
E00121792,327,164,163
E00121788,312,159,153
E00121790,453,238,215
E00121793,201,103,98
E00121794,362,188,174
E00121795,243,122,121
E00122056,235,122,113
E00122057,424,237,187
E00122059,389,204,185
E00122060,268,140,128
E00122058,308,160,148
E00122061,230,138,92
E00122062,209,110,99
E00122063,421,212,209
E00121764,360,192,168
E00121765,330,168,162
E00167558,318,176,142
E00167561,288,160,128
E00167562,290,153,137
E00121766,477,231,246
E00121767,498,258,240
E00167563,290,147,143
E00186665,513,256,257
E00121782,289,149,140
E00121784,311,164,147
E00121785,334,176,158
E00121786,232,122,110
E00121780,331,184,147
E00121781,317,163,154
E00121783,607,318,289
E00121787,291,149,142
E00121796,409,207,202
E00121797,314,152,162
E00121798,366,192,174
E00121803,245,120,125
E00121799,242,130,112
E00121800,304,154,150
E00121801,271,136,135
E00121802,157,80,77
E00121804,305,153,152
E00122013,330,167,163
E00122014,152,88,64
E00122021,260,130,130
E00122022,400,205,195
E00122023,352,183,169
E00122024,329,162,167
E00122031,267,142,125
E00122032,231,125,106
E00122033,266,141,125
E00122034,284,148,136
E00121771,375,192,183
E00121773,267,141,126
E00121774,299,142,157
E00121777,293,167,126
E00121779,251,137,114
E00121840,363,184,179
E00121841,350,174,176
E00121842,287,148,139
E00121843,363,190,173
E00121844,330,172,158
E00121845,283,153,130
E00121846,301,149,152
E00121848,340,169,171
E00121852,479,248,231
E00167559,219,108,111
E00167560,558,281,277
E00121849,334,179,155
E00121850,305,168,137
E00121851,592,306,286
E00167603,215,109,106
E00121721,287,151,136
E00121725,311,168,143
E00186705,411,229,182
E00186718,284,139,145
E00186736,287,148,139
E00186741,221,111,110
E00186749,542,286,256
E00186828,162,86,76
E00186833,298,157,141
E00121854,386,185,201
E00121855,301,146,155
E00121856,407,202,205
E00121857,373,169,204
E00121949,399,204,195
E00121957,286,147,139
E00121958,439,231,208
E00121959,312,173,139
E00121960,317,164,153
E00121961,350,174,176
E00121962,165,74,91
E00121963,368,191,177
E00121983,333,170,163
E00121992,241,119,122
E00121993,390,198,192
E00121994,516,256,260
E00121996,376,188,188
E00121997,284,142,142
E00121998,378,184,194
E00121986,471,215,256
E00121999,327,170,157
E00186720,259,131,128
E00186737,330,151,179
E00121985,385,181,204
E00186764,192,84,108
E00186776,295,145,150
E00186838,429,204,225
E00121723,374,202,172
E00121724,313,169,144
E00121726,326,170,156
E00121727,424,210,214
E00121823,317,157,160
E00121824,298,148,150
E00121827,270,134,136
E00121829,292,138,154
E00121825,329,166,163
E00121826,305,147,158
E00121828,343,175,168
E00121830,296,153,143
E00121866,260,134,126
E00121867,309,156,153
E00121868,330,172,158
E00121870,373,188,185
E00121876,270,141,129
E00121877,299,166,133
E00121862,389,188,201
E00121863,277,141,136
E00121865,324,176,148
E00121874,534,287,247
E00186786,292,154,138
E00186812,437,221,216
E00121864,302,148,154
E00121869,313,156,157
E00121871,286,153,133
E00121872,325,160,165
E00121873,361,197,164
E00121737,290,148,142
E00121738,369,184,185
E00121739,349,172,177
E00121742,465,227,238
E00121731,381,202,179
E00121736,363,186,177
E00121740,318,159,159
E00121743,346,182,164
E00186689,371,184,187
E00186710,396,192,204
E00121730,354,178,176
E00121733,452,253,199
E00121744,291,154,137
E00121746,334,171,163
E00121924,259,130,129
E00121925,300,149,151
E00121926,216,105,111
E00121927,290,160,130
E00121928,280,148,132
E00121930,230,119,111
E00121931,227,122,105
E00121932,426,209,217
E00167575,454,233,221
E00167576,365,184,181
E00167577,203,104,99
E00121984,282,150,132
E00121987,253,138,115
E00121988,309,164,145
E00121990,310,169,141
E00121991,272,145,127
E00121995,287,151,136
E00121732,238,122,116
E00121734,463,230,233
E00121735,380,195,185
E00121745,389,199,190
E00121747,351,177,174
E00121943,399,189,210
E00121944,367,178,189
E00121947,506,264,242
E00121948,459,242,217
E00121940,383,206,177
E00121941,447,228,219
E00121942,495,270,225
E00121945,388,197,191
E00121946,333,181,152
E00122004,318,175,143
E00167569,340,172,168
E00167570,583,297,286
E00167571,415,207,208
E00167600,374,185,189
E00122001,358,189,169
E00122002,336,162,174
E00122005,317,160,157
E00122006,256,146,110
E00122007,360,180,180
E00121853,326,180,146
E00121858,234,120,114
E00121859,379,193,186
E00121860,351,184,167
E00121861,302,150,152
E00121878,418,220,198
E00121880,364,180,184
E00121888,484,242,242
E00121881,365,187,178
E00121882,518,268,250
E00121885,274,141,133
E00167587,401,216,185
E00167588,455,229,226
E00121933,361,186,175
E00167568,336,170,166
E00167573,339,174,165
E00121939,498,238,260
E00167572,330,172,158
E00167574,352,161,191
E00121883,381,176,205
E00121884,398,202,196
E00167581,284,138,146
E00167589,462,240,222
E00167582,220,111,109
E00167583,317,164,153
E00167586,138,76,62
E00167590,236,114,122
E00167591,418,219,199
E00167592,426,218,208
E00121934,400,193,207
E00121935,308,136,172
E00121936,281,146,135
E00121937,448,231,217
E00121909,507,272,235
E00121910,237,128,109
E00121913,202,101,101
E00121916,339,173,166
E00121921,318,165,153
E00121923,311,147,164
E00121907,536,263,273
E00121911,302,140,162
E00121919,313,161,152
E00121920,454,236,218
E00167604,293,146,147
E00121914,447,237,210
E00121915,319,164,155
E00121917,329,162,167
E00121918,215,102,113
E00121922,302,151,151
E00186730,199,100,99
E00186774,383,188,195
E00186801,589,306,283
E00186819,309,157,152
E00186832,124,68,56
E00122029,462,228,234
E00186688,342,173,169
E00186752,308,157,151
E00186792,555,271,284
E00122025,432,209,223
E00122027,239,117,122
E00167584,428,215,213
E00186760,343,175,168
E00186771,259,119,140
E00121749,194,102,92
E00121750,393,197,196
E00121751,347,166,181
E00121752,380,187,193
E00121748,306,159,147
E00121753,325,172,153
E00121754,419,219,200
E00121755,295,163,132
E00122015,447,236,211
E00122016,288,146,142
E00122017,386,196,190
E00122018,350,183,167
E00122019,187,84,103
E00122020,437,249,188
E00122035,329,168,161
E00122036,432,221,211
E00122037,359,173,186
E00122038,334,180,154
E00122008,373,171,202
E00122009,286,160,126
E00122010,345,169,176
E00122011,347,173,174
E00122012,314,165,149
E00122050,291,146,145
E00122051,293,146,147
E00122052,574,301,273
E00122053,289,155,134
E00122054,351,202,149
E00122055,264,130,134
E00122039,278,147,131
E00122044,446,218,228
E00122045,285,148,137
E00122046,415,210,205
E00122047,207,99,108
E00167564,308,151,157
E00167565,251,144,107
E00167566,293,143,150
E00167578,351,182,169
E00167579,368,188,180
E00167580,335,178,157
E00121817,329,154,175
E00121819,340,162,178
E00121820,257,130,127
E00121821,348,174,174
E00121822,288,141,147
E00167567,538,276,262
E00121892,399,208,191
E00121895,110,62,48
E00121896,306,159,147
E00121897,430,228,202
E00121898,138,73,65
E00121889,224,111,113
E00121890,237,129,108
E00121891,257,132,125
E00121893,378,199,179
E00121894,320,172,148
E00121899,326,167,159
E00121900,344,173,171
E00121902,307,154,153
E00121904,311,156,155
E00121901,272,139,133
E00121903,269,135,134
E00121905,260,145,115
E00121906,295,161,134
E00121967,250,142,108
E00121968,287,166,121
E00121969,355,181,174
E00121970,248,138,110
E00121971,267,138,129
E00121972,259,148,111
E00121973,294,157,137
E00121974,258,131,127
E00121977,284,158,126
E00121980,420,234,186
E00121981,183,126,57
E00186739,303,168,135
E00186777,167,95,72
E00121831,345,170,175
E00121832,249,127,122
E00121833,238,123,115
E00121834,283,150,133
E00121835,438,216,222
E00121836,276,143,133
E00121837,343,177,166
E00121838,283,152,131
E00121839,271,135,136
E00121975,322,170,152
E00121976,320,165,155
E00121978,318,174,144
E00121982,283,158,125
E00122040,554,269,285
E00122041,254,141,113
E00122042,444,237,207
E00122043,341,177,164
E00122048,249,127,122
E00122049,146,72,74
E00121758,302,151,151
E00121759,270,147,123
E00121761,325,175,150
E00121762,220,117,103
E00121756,542,290,252
E00121757,307,162,145
E00121760,373,185,188
E00121763,357,196,161
E00121772,342,179,163
E00121775,340,185,155
E00121776,311,166,145
E00121778,295,154,141
E00121950,302,168,134
E00121954,342,159,183
E00121955,292,129,163
E00121956,259,116,143
E00121964,285,139,146
E00121951,341,177,164
E00121952,331,175,156
E00121953,292,156,136
E00121965,290,141,149
E00121966,309,151,158
E00121807,385,203,182
E00121809,588,301,287
E00121810,540,291,249
E00121815,328,176,152
E00121805,428,208,220
E00121808,329,185,144
E00121811,366,190,176
E00121816,344,182,162
E00167594,257,134,123
E00167597,310,164,146
E00167599,290,148,142
E00186694,393,200,193
E00186701,322,168,154
E00186712,163,83,80
E00186734,324,183,141
E00186744,472,239,233
E00121814,394,200,194
E00167601,327,160,167
E00186659,310,155,155
E00186660,133,67,66
E00186661,273,133,140
E00186666,348,166,182
E00186719,166,82,84
E00186733,405,203,202
E00186758,130,71,59
E00186787,517,271,246
E00122245,317,161,156
E00122255,230,142,88
E00122258,276,130,146
E00122261,297,158,139
E00122263,470,238,232
E00122264,220,115,105
E00122257,377,229,148
E00122259,238,112,126
E00122260,253,137,116
E00122268,213,107,106
E00122271,260,131,129
E00122262,319,159,160
E00122265,146,90,56
E00122266,339,167,172
E00122270,298,162,136
E00122272,273,142,131
E00122273,170,98,72
E00122246,317,156,161
E00122253,293,156,137
E00122254,281,153,128
E00122269,269,137,132
E00122275,262,145,117
E00122325,281,145,136
E00122326,220,109,111
E00122336,325,160,165
E00122338,293,146,147
E00122340,356,184,172
E00122324,276,133,143
E00122329,335,165,170
E00122332,369,182,187
E00122346,341,177,164
E00122348,268,141,127
E00167548,304,165,139
E00167550,382,201,181
E00167551,384,211,173
E00122327,330,185,145
E00122328,299,164,135
E00122333,567,288,279
E00122337,263,144,119
E00122347,251,132,119
E00122330,292,158,134
E00122331,341,192,149
E00122334,105,61,44
E00122335,305,171,134
E00122339,271,151,120
E00122342,268,142,126
E00122323,361,184,177
E00122341,302,147,155
E00122343,302,163,139
E00122344,286,155,131
E00122345,285,151,134
E00122176,288,150,138
E00122184,293,151,142
E00122191,457,229,228
E00167543,390,204,186
E00167544,413,218,195
E00167545,119,57,62
E00167546,173,82,91
E00167553,472,243,229
E00122179,404,197,207
E00122182,343,177,166
E00122185,344,173,171
E00122186,238,127,111
E00122189,256,132,124
E00122247,312,167,145
E00122250,442,238,204
E00122251,265,149,116
E00122252,288,150,138
E00122274,271,139,132
E00122248,315,160,155
E00122249,260,146,114
E00122256,197,99,98
E00122267,315,173,142
E00122276,313,157,156
E00122438,303,161,142
E00122445,276,153,123
E00122448,348,178,170
E00122454,259,133,126
E00122458,293,152,141
E00122459,309,145,164
E00122137,291,151,140
E00122139,242,122,120
E00122140,155,75,80
E00122141,320,165,155
E00122142,188,97,91
E00122143,254,138,116
E00122177,304,172,132
E00122178,311,165,146
E00122180,401,200,201
E00122181,325,167,158
E00122183,303,169,134
E00122188,386,182,204
E00122446,346,175,171
E00122447,324,166,158
E00122450,271,147,124
E00122452,273,143,130
E00122453,306,158,148
E00122441,340,179,161
E00122449,255,142,113
E00122451,327,177,150
E00122455,320,154,166
E00122457,333,158,175
E00122439,236,127,109
E00122440,261,129,132
E00122442,313,167,146
E00122443,234,129,105
E00122444,292,151,141
E00122456,304,147,157
E00122147,349,171,178
E00122148,332,176,156
E00122149,270,135,135
E00122150,229,121,108
E00122155,312,167,145
E00122156,413,218,195
E00122138,271,132,139
E00122144,289,150,139
E00122145,286,148,138
E00122151,282,142,140
E00122153,357,186,171
E00122154,290,154,136
E00122132,347,194,153
E00122133,280,139,141
E00122134,410,207,203
E00122146,277,146,131
E00122152,288,154,134
E00122424,242,128,114
E00122426,296,153,143
E00122427,250,132,118
E00122428,335,178,157
E00122432,282,153,129
E00122437,329,174,155
E00122422,264,130,134
E00122425,276,145,131
E00122433,339,192,147
E00122434,266,156,110
E00122436,270,146,124
E00122225,602,312,290
E00122229,353,177,176
E00122230,319,171,148
E00122234,318,173,145
E00190179,209,112,97
E00190185,454,241,213
E00190188,324,164,160
E00122228,416,197,219
E00122232,325,170,155
E00122235,379,193,186
E00122238,334,179,155
E00122237,226,122,104
E00122239,322,170,152
E00122240,383,201,182
E00122241,331,163,168
E00122242,329,167,162
E00122222,289,144,145
E00122227,533,276,257
E00122231,255,130,125
E00122233,451,217,234
E00122236,299,167,132
E00122224,362,181,181
E00122243,331,164,167
E00122244,359,174,185
E00190159,331,166,165
E00190201,377,196,181
E00190212,435,214,221
E00122129,335,165,170
E00122130,344,179,165
E00122131,283,151,132
E00122135,300,146,154
E00122136,317,168,149
E00122159,214,118,96
E00122160,242,132,110
E00122166,317,173,144
E00122167,346,175,171
E00122171,362,198,164
E00122157,342,180,162
E00122164,363,183,180
E00122173,309,163,146
E00122174,295,149,146
E00122175,292,155,137
E00122210,290,151,139
E00122211,369,209,160
E00122217,340,165,175
E00122218,315,169,146
E00122221,356,190,166
E00122423,261,128,133
E00122429,356,191,165
E00122430,311,150,161
E00122431,262,139,123
E00122435,297,162,135
E00122158,288,156,132
E00122161,338,172,166
E00122162,292,163,129
E00122163,319,158,161
E00122165,266,137,129
E00122202,237,120,117
E00122204,323,171,152
E00122206,201,109,92
E00122215,196,103,93
E00122220,265,140,125
E00122201,150,69,81
E00122203,165,89,76
E00122205,259,138,121
E00122207,279,159,120
E00122208,184,94,90
E00122219,212,115,97
E00122209,242,121,121
E00122212,243,131,112
E00122213,192,101,91
E00122214,231,115,116
E00122216,185,91,94
E00122383,304,154,150
E00122387,270,134,136
E00122388,335,172,163
E00122401,301,168,133
E00122402,361,206,155
E00122169,314,161,153
E00122170,393,183,210
E00122172,365,199,166
E00190165,321,172,149
E00190167,292,159,133
E00190215,272,140,132
E00190218,231,115,116
E00122379,283,153,130
E00122382,289,152,137
E00122384,293,152,141
E00122389,328,169,159
E00122396,334,174,160
E00122390,302,168,134
E00122394,438,231,207
E00122395,322,159,163
E00122398,392,195,197
E00122380,312,167,145
E00122381,257,138,119
E00122385,295,145,150
E00122386,334,177,157
E00122391,277,139,138
E00122392,266,134,132
E00122397,251,136,115
E00122399,449,211,238
E00122400,193,100,93
E00167520,350,175,175
E00167521,331,161,170
E00167522,246,125,121
E00122277,347,190,157
E00122280,350,198,152
E00122281,350,178,172
E00122283,249,133,116
E00122278,449,238,211
E00122279,333,192,141
E00122282,321,154,167
E00122284,263,131,132
E00122285,277,151,126
E00122289,362,181,181
E00122290,189,96,93
E00122291,360,174,186
E00122293,328,161,167
E00167547,375,196,179
E00167549,305,152,153
E00167552,327,168,159
E00122286,321,155,166
E00122287,310,160,150
E00122288,313,144,169
E00122294,404,226,178
E00122306,362,194,168
E00122318,335,160,175
E00122319,355,197,158
E00122320,352,184,168
E00122403,424,207,217
E00122404,305,154,151
E00122410,272,141,131
E00190154,209,97,112
E00190207,322,162,160
E00122406,296,156,140
E00122407,315,162,153
E00122409,286,155,131
E00122411,292,159,133
E00122412,368,200,168
E00122414,362,177,185
E00122417,329,183,146
E00122418,308,163,145
E00122419,294,161,133
E00122420,300,158,142
E00122413,372,193,179
E00122415,509,264,245
E00122416,248,136,112
E00122421,310,168,142
E00122192,167,83,84
E00122193,345,170,175
E00122195,429,222,207
E00122199,275,148,127
E00122194,308,168,140
E00122196,466,229,237
E00122197,246,136,110
E00122198,311,163,148
E00122200,270,135,135
E00122460,332,169,163
E00122463,316,161,155
E00122465,329,163,166
E00122466,311,169,142
E00122472,315,173,142
E00122105,324,177,147
E00122107,375,199,176
E00122110,195,95,100
E00122111,271,145,126
E00122102,268,135,133
E00122103,322,163,159
E00122106,356,183,173
E00167557,4502,2304,2198
E00122353,470,250,220
E00122362,350,195,155
E00122366,325,160,165
E00122367,300,138,162
E00122363,293,146,147
E00122364,441,229,212
E00122365,405,214,191
E00122372,368,177,191
E00122350,276,143,133
E00122361,314,150,164
E00122368,360,185,175
E00122369,292,152,140
E00122371,506,212,294
E00122356,316,168,148
E00122370,320,170,150
E00122373,373,170,203
E00122374,364,165,199
E00122375,398,194,204
E00122357,288,148,140
E00122358,316,168,148
E00122376,325,179,146
E00122377,420,233,187
E00122378,243,126,117
E00122075,405,205,200
E00122098,378,206,172
E00122100,399,222,177
E00190178,244,120,124
E00190200,452,245,207
E00190210,207,99,108
E00122083,367,184,183
E00122084,325,155,170
E00122086,336,185,151
E00167524,225,120,105
E00167555,118,58,60
E00122307,302,151,151
E00122308,331,153,178
E00122321,320,168,152
E00122322,324,166,158
E00190161,280,123,157
E00190164,565,334,231
E00190166,596,325,271
E00190194,150,70,80
E00122305,356,188,168
E00122310,220,109,111
E00122311,371,191,180
E00122312,269,138,131
E00122313,333,181,152
E00122314,183,89,94
E00122315,120,80,40
E00122316,260,135,125
E00122317,460,235,225
E00190169,321,180,141
E00190192,279,148,131
E00190217,232,118,114
E00122080,308,168,140
E00122085,604,332,272
E00122087,327,170,157
E00122088,306,143,163
E00122089,276,150,126
E00190174,479,244,235
E00190177,195,117,78
E00122078,306,157,149
E00122090,283,142,141
E00122091,323,171,152
E00122093,305,159,146
E00122097,418,213,205
E00122074,441,231,210
E00122092,462,249,213
E00122094,279,140,139
E00122095,415,216,199
E00122096,299,157,142
E00122077,319,174,145
E00122099,356,208,148
E00122101,460,288,172
E00167525,175,100,75
E00167533,171,107,64
E00122489,298,153,145
E00122491,309,169,140
E00122497,329,163,166
E00122505,352,190,162
E00190156,251,145,106
E00190205,855,548,307
E00122115,334,171,163
E00122116,349,207,142
E00122117,339,180,159
E00122122,304,159,145
E00167529,352,170,182
E00167530,377,209,168
E00167535,383,195,188
E00122112,357,179,178
E00122114,365,191,174
E00122118,334,170,164
E00122119,161,71,90
E00122120,259,140,119
E00122121,331,168,163
E00122123,307,163,144
E00122124,301,158,143
E00122125,338,173,165
E00122126,348,183,165
E00122127,380,196,184
E00122128,443,229,214
E00122507,296,150,146
E00122508,304,167,137
E00122511,338,169,169
E00122513,418,205,213
E00122514,366,189,177
E00122064,318,166,152
E00122065,339,175,164
E00122068,182,98,84
E00122069,268,121,147
E00122073,341,173,168
E00122066,312,173,139
E00122067,293,158,135
E00122070,266,133,133
E00122071,247,131,116
E00122072,227,114,113
E00122296,343,190,153
E00122297,306,168,138
E00122301,313,177,136
E00122302,306,165,141
E00122303,317,167,150
E00122295,300,159,141
E00122298,241,130,111
E00122299,315,164,151
E00122300,287,147,140
E00122496,308,144,164
E00122504,379,179,200
E00122509,309,156,153
E00122510,280,152,128
E00122512,447,235,212
E00122490,346,165,181
E00122499,371,175,196
E00122500,383,184,199
E00122502,359,181,178
E00122506,290,162,128
E00122494,307,159,148
E00122495,248,132,116
E00122503,258,143,115
E00167523,427,218,209
E00167532,325,155,170
E00122493,467,232,235
E00167531,273,143,130
E00190193,321,170,151
E00190198,308,159,149
E00122351,331,157,174
E00122352,438,225,213
E00122354,411,210,201
E00122355,260,138,122
E00122359,365,195,170
E00122360,291,137,154
E00122464,277,140,137
E00122468,364,208,156
E00122470,308,163,145
E00122474,396,220,176
E00122476,345,181,164
E00122467,299,161,138
E00122469,305,152,153
E00122471,293,158,135
E00122479,309,153,156
E00122482,264,142,122
E00122477,234,111,123
E00122478,317,153,164
E00167554,427,181,246
E00190147,315,173,142
E00122484,383,196,187
E00122485,411,205,206
E00122486,391,187,204
E00122488,289,157,132
E00122462,405,217,188
E00122483,318,173,145
E00122487,250,120,130
E00167526,147,75,72
E00167528,158,82,76
E00167540,175,91,84
E00122461,288,142,146
E00167527,267,130,137
E00167534,431,209,222
E00167537,251,132,119
E00167538,180,95,85
E00167539,248,123,125
E00122622,353,176,177
E00122632,337,168,169
E00122633,326,170,156
E00122634,331,180,151
E00122629,303,142,161
E00122630,283,146,137
E00122631,291,156,135
E00189666,419,240,179
E00189715,317,161,156
E00189761,441,236,205
E00189778,466,239,227
E00189647,305,150,155
E00189683,277,145,132
E00189705,327,187,140
E00189750,374,180,194
E00189777,335,167,168
E00167456,621,310,311
E00189709,374,188,186
E00189774,359,166,193
E00189785,334,172,162
E00122593,332,171,161
E00122595,561,278,283
E00122597,314,147,167
E00167428,372,185,187
E00122596,550,296,254
E00122598,277,154,123
E00122600,410,211,199
E00122590,346,160,186
E00122599,249,129,120
E00122601,181,88,93
E00122602,234,129,105
E00122603,258,144,114
E00189617,176,88,88
E00189618,251,136,115
E00189619,310,144,166
E00189731,372,174,198
E00189794,373,191,182
E00189616,181,104,77
E00189675,312,160,152
E00189684,354,188,166
E00189747,381,192,189
E00189770,398,203,195
E00122562,266,131,135
E00122571,304,150,154
E00167439,190,94,96
E00167441,273,140,133
E00167443,261,130,131
E00167444,267,143,124
E00167446,337,173,164
E00189722,213,104,109
E00189739,318,167,151
E00189793,219,119,100
E00122739,262,128,134
E00122742,354,184,170
E00122755,332,177,155
E00167431,340,169,171
E00167432,222,106,116
E00167433,294,155,139
E00167459,298,155,143
E00189621,445,207,238
E00189626,305,139,166
E00122553,316,151,165
E00122554,292,160,132
E00122555,297,139,158
E00122556,265,131,134
E00167429,268,127,141
E00167430,310,155,155
E00122558,421,211,210
E00122560,369,211,158
E00122570,327,168,159
E00189620,255,123,132
E00189624,353,171,182
E00167435,273,143,130
E00167436,518,260,258
E00167438,303,153,150
E00189639,372,194,178
E00189691,301,160,141
E00189781,273,140,133
E00189634,339,178,161
E00189676,353,192,161
E00189686,237,114,123
E00189692,336,170,166
E00189726,376,181,195
E00189759,352,170,182
E00189653,333,164,169
E00189702,280,142,138
E00189708,377,204,173
E00189719,342,171,171
E00189764,285,150,135
E00189773,295,148,147
E00122756,298,149,149
E00122757,527,268,259
E00122768,279,143,136
E00189670,188,92,96
E00189714,137,70,67
E00189721,146,79,67
E00189729,272,130,142
E00189751,424,226,198
E00189788,144,76,68
E00122758,362,190,172
E00122760,368,169,199
E00122769,366,185,181
E00189615,303,150,153
E00189673,238,125,113
E00189707,111,51,60
E00189718,327,162,165
E00122759,271,127,144
E00122766,274,143,131
E00189627,459,218,241
E00189628,246,128,118
E00189699,299,159,140
E00189775,263,123,140
E00122772,348,182,166
E00122776,377,187,190
E00122777,333,169,164
E00122778,380,204,176
E00122771,326,168,158
E00122785,331,164,167
E00167424,315,166,149
E00167425,426,225,201
E00167426,265,134,131
E00167427,242,118,124
E00167458,247,119,128
E00122779,324,183,141
E00122780,313,160,153
E00122781,321,163,158
E00122783,398,213,185
E00167421,318,169,149
E00167422,371,190,181
E00167423,264,142,122
E00122735,377,191,186
E00122745,321,158,163
E00122746,303,141,162
E00122748,311,168,143
E00122750,301,154,147
E00122753,234,129,105
E00122736,320,175,145
E00122740,249,131,118
E00122749,333,180,153
E00122751,293,144,149
E00122752,316,178,138
E00122734,379,189,190
E00122737,287,143,144
E00122743,348,164,184
E00122744,334,174,160
E00122747,323,158,165
E00167437,285,143,142
E00167440,248,129,119
E00167447,353,195,158
E00167448,218,110,108
E00189663,193,93,100
E00189790,271,121,150
E00122564,280,135,145
E00122566,236,127,109
E00122567,424,212,212
E00122568,313,150,163
E00167442,287,135,152
E00122623,268,140,128
E00122624,219,106,113
E00122625,239,122,117
E00122626,215,92,123
E00122635,407,209,198
E00122636,330,158,172
E00122664,339,177,162
E00122669,333,179,154
E00122670,309,148,161
E00122672,361,172,189
E00122673,355,188,167
E00122674,363,180,183
E00122656,229,123,106
E00122657,270,132,138
E00122660,308,166,142
E00122662,179,76,103
E00122665,196,86,110
E00189672,387,170,217
E00189711,226,109,117
E00189749,310,166,144
E00122658,408,209,199
E00122659,341,174,167
E00122675,347,175,172
E00122676,452,224,228
E00122678,357,174,183
E00122661,302,144,158
E00122663,452,228,224
E00122666,315,161,154
E00122667,278,135,143
E00122668,310,161,149
E00122671,323,153,170
E00122701,413,217,196
E00122709,287,148,139
E00122711,313,179,134
E00122712,265,135,130
E00189680,252,144,108
E00189689,365,189,176
E00189744,396,201,195
E00122706,275,144,131
E00122707,247,125,122
E00122708,382,205,177
E00122710,345,177,168
E00122716,327,160,167
E00122700,377,192,185
E00122702,338,163,175
E00122703,247,117,130
E00122704,332,184,148
E00122720,253,116,137
E00122699,443,227,216
E00122713,303,157,146
E00122714,464,241,223
E00122715,267,148,119
E00122717,203,103,100
E00122718,178,87,91
E00122719,334,159,175
E00122581,391,201,190
E00122582,359,178,181
E00122584,406,197,209
E00122585,340,173,167
E00122573,380,185,195
E00122576,399,196,203
E00122577,284,148,136
E00122586,274,147,127
E00122587,319,157,162
E00122574,375,184,191
E00122575,346,182,164
E00122588,363,181,182
E00122589,357,185,172
E00122572,381,190,191
E00122578,323,175,148
E00122579,404,200,204
E00122580,354,183,171
E00122583,306,149,157
E00122773,358,186,172
E00122774,298,149,149
E00122784,331,172,159
E00122786,379,187,192
E00122521,315,160,155
E00122530,337,167,170
E00122531,442,230,212
E00122532,274,146,128
E00122535,365,194,171
E00122538,344,174,170
E00122541,179,76,103
E00122548,311,153,158
E00122549,323,162,161
E00122534,454,230,224
E00122539,330,159,171
E00122542,390,194,196
E00189646,399,203,196
E00189765,342,180,162
E00122533,306,160,146
E00122540,270,148,122
E00122545,356,183,173
E00122551,201,120,81
E00167449,419,219,200
E00167450,361,191,170
E00122536,293,150,143
E00122543,314,162,152
E00122546,290,155,135
E00122547,324,166,158
E00122550,325,164,161
E00122552,275,142,133
E00122688,315,162,153
E00122689,344,186,158
E00122690,288,147,141
E00122691,355,185,170
E00122692,391,200,191
E00122680,351,181,170
E00122681,421,219,202
E00122683,416,207,209
E00122693,274,144,130
E00122695,255,154,101
E00122679,282,150,132
E00122682,372,188,184
E00122687,242,129,113
E00122694,381,196,185
E00122696,415,199,216
E00122698,385,205,180
E00122684,406,202,204
E00122685,231,132,99
E00122686,294,144,150
E00122697,319,156,163
E00122615,289,142,147
E00122618,415,207,208
E00122619,270,140,130
E00122620,277,145,132
E00122621,254,141,113
E00122606,292,157,135
E00122608,337,167,170
E00122609,307,163,144
E00122610,214,118,96
E00122614,302,151,151
E00122604,464,211,253
E00122611,336,167,169
E00122613,306,168,138
E00167451,390,217,173
E00167452,228,124,104
E00167453,308,168,140
E00167454,362,185,177
E00167455,336,180,156
E00122605,361,179,182
E00122607,334,170,164
E00122616,358,178,180
E00122617,347,189,158
E00122722,327,161,166
E00122723,275,140,135
E00122724,444,232,212
E00122727,340,174,166
E00122728,424,226,198
E00122792,359,179,180
E00122795,337,171,166
E00122797,480,266,214
E00122793,430,226,204
E00122794,361,182,179
E00122796,363,184,179
E00122798,315,170,145
E00122787,261,140,121
E00122788,277,131,146
E00122789,336,173,163
E00122790,291,157,134
E00122791,378,199,179
E00122523,299,151,148
E00122524,333,169,164
E00122525,372,186,186
E00122529,315,163,152
E00122515,289,150,139
E00122517,459,232,227
E00122518,297,158,139
E00122519,271,139,132
E00189623,317,162,155
E00122522,513,263,250
E00122526,333,175,158
E00122527,300,156,144
E00122528,317,164,153
E00122721,361,189,172
E00122726,216,104,112
E00122729,297,154,143
E00122730,282,129,153
E00122725,385,195,190
E00122731,343,170,173
E00122732,288,154,134
E00122733,282,145,137
E00122646,332,169,163
E00122652,401,211,190
E00122653,287,155,132
E00122654,469,242,227
E00122655,311,171,140
E00122640,316,164,152
E00122641,313,161,152
E00122647,469,235,234
E00122650,236,126,110
E00189664,355,180,175
E00189710,346,198,148
E00122637,371,187,184
E00122638,331,171,160
E00122639,323,148,175
E00122649,254,127,127
E00122651,298,157,141
E00122642,340,177,163
E00122643,353,180,173
E00122644,369,189,180
E00122648,355,172,183
E00122885,433,208,225
E00122886,361,190,171
E00122894,587,299,288
E00122895,334,175,159
E00122898,291,142,149
E00122888,349,182,167
E00122891,555,277,278
E00122893,392,205,187
E00122896,321,172,149
E00122897,228,108,120
E00122884,374,190,184
E00122887,313,159,154
E00122889,262,146,116
E00122890,241,133,108
E00122892,452,231,221
E00122899,339,178,161
E00122900,278,130,148
E00122901,287,136,151
E00122902,407,207,200
E00122903,443,213,230
E00122853,328,172,156
E00122855,286,144,142
E00122856,380,189,191
E00122858,327,177,150
E00122859,219,117,102
E00122860,284,145,139
E00123071,219,106,113
E00123072,268,138,130
E00123080,251,132,119
E00123086,355,179,176
E00123087,305,149,156
E00123088,346,175,171
E00123067,319,162,157
E00123073,245,129,116
E00123075,267,141,126
E00123076,304,162,142
E00123077,270,146,124
E00123078,314,167,147
E00123064,228,115,113
E00123065,372,172,200
E00123066,207,108,99
E00123068,190,98,92
E00123069,206,108,98
E00123070,254,138,116
E00123074,234,120,114
E00123079,286,157,129
E00123081,161,81,80
E00123082,256,127,129
E00123083,366,180,186
E00123084,464,243,221
E00123085,409,205,204
E00122936,339,176,163
E00122937,349,192,157
E00122955,304,148,156
E00122956,322,173,149
E00122943,309,163,146
E00122944,290,152,138
E00122946,305,180,125
E00122947,357,194,163
E00122951,297,162,135
E00122938,280,149,131
E00122942,270,140,130
E00122948,306,161,145
E00122952,324,171,153
E00122953,304,167,137
E00122989,386,211,175
E00123003,259,137,122
E00123004,297,158,139
E00123005,250,121,129
E00123007,201,104,97
E00122982,213,114,99
E00122984,302,166,136
E00122985,244,136,108
E00122988,220,124,96
E00122990,183,95,88
E00123006,218,104,114
E00122992,127,59,68
E00122995,190,98,92
E00122996,249,105,144
E00122997,243,128,115
E00122999,185,93,92
E00123000,221,101,120
E00122983,404,217,187
E00122986,153,83,70
E00122987,179,89,90
E00122991,135,68,67
E00122993,152,75,77
E00122994,241,136,105
E00122998,258,120,138
E00123001,166,77,89
E00123002,192,94,98
E00123008,216,116,100
E00123009,227,123,104
E00123010,236,129,107
E00123119,215,111,104
E00123132,432,235,197
E00123133,179,86,93
E00123135,364,194,170
E00123137,224,102,122
E00123138,343,184,159
E00190153,230,121,109
E00190197,295,143,152
E00122861,364,184,180
E00122862,360,179,181
E00122867,367,194,173
E00122868,373,189,184
E00122959,315,157,158
E00122969,346,186,160
E00122971,305,159,146
E00122980,352,177,175
E00122981,234,117,117
E00122957,337,177,160
E00122963,322,163,159
E00122964,326,162,164
E00122967,333,162,171
E00122968,334,168,166
E00122960,301,155,146
E00122962,322,166,156
E00122976,335,167,168
E00122977,336,184,152
E00122978,237,124,113
E00122950,366,174,192
E00190150,287,153,134
E00190176,268,142,126
E00190203,234,109,125
E00190206,270,139,131
E00190209,323,165,158
E00122934,547,293,254
E00122945,491,262,229
E00122949,367,188,179
E00122799,351,183,168
E00122807,256,135,121
E00122811,580,300,280
E00122812,340,172,168
E00122802,314,169,145
E00122803,439,228,211
E00122804,429,229,200
E00122805,333,176,157
E00122806,414,220,194
E00122870,317,167,150
E00122872,306,169,137
E00122877,395,208,187
E00122878,350,178,172
E00122880,268,142,126
E00190157,409,214,195
E00190163,308,157,151
E00190175,343,173,170
E00190183,332,173,159
E00190189,367,183,184
E00190211,354,192,162
E00122801,368,186,182
E00122808,356,176,180
E00122809,322,175,147
E00122810,352,181,171
E00190170,364,183,181
E00122939,296,157,139
E00122940,355,196,159
E00122941,409,221,188
E00122954,312,162,150
E00122961,245,130,115
E00122965,427,225,202
E00122966,301,163,138
E00122970,335,173,162
E00122979,291,148,143
E00122958,297,153,144
E00122972,253,127,126
E00122973,341,192,149
E00122974,343,179,164
E00122975,298,164,134
E00123114,334,182,152
E00123116,279,150,129
E00123117,315,166,149
E00123118,220,112,108
E00123122,166,93,73
E00123136,330,168,162
E00123120,310,161,149
E00123123,253,140,113
E00123124,253,128,125
E00123125,276,150,126
E00123126,272,153,119
E00123127,207,119,88
E00122854,347,169,178
E00122857,213,107,106
E00122863,258,125,133
E00122864,228,117,111
E00122865,258,127,131
E00122866,369,194,175
E00122869,378,191,187
E00122879,219,101,118
E00122881,342,173,169
E00122882,353,187,166
E00122883,309,154,155
E00122871,364,185,179
E00122873,339,180,159
E00122874,297,157,140
E00122875,285,141,144
E00122876,260,138,122
E00123148,384,196,188
E00123149,318,160,158
E00123150,319,161,158
E00123151,446,232,214
E00123152,305,166,139
E00123011,262,141,121
E00123012,287,154,133
E00123013,311,172,139
E00123014,275,127,148
E00123015,273,143,130
E00123016,222,112,110
E00123017,335,172,163
E00123036,325,156,169
E00123037,350,179,171
E00123040,379,203,176
E00123044,367,183,184
E00123045,313,150,163
E00123038,243,121,122
E00123039,292,139,153
E00123041,226,120,106
E00123042,294,156,138
E00123043,244,126,118
E00123046,269,131,138
E00123115,223,109,114
E00123121,234,125,109
E00123128,255,146,109
E00123129,356,203,153
E00123130,318,167,151
E00123131,280,136,144
E00123020,336,168,168
E00123021,332,171,161
E00123023,312,163,149
E00123025,288,143,145
E00123029,306,156,150
E00123022,301,151,150
E00123026,329,170,159
E00123028,294,162,132
E00123030,265,136,129
E00123031,364,180,184
E00123141,432,214,218
E00123145,320,160,160
E00123147,325,155,170
E00171554,257,131,126
E00171555,221,118,103
E00171556,428,225,203
E00171558,378,178,200
E00123139,293,158,135
E00123142,306,160,146
E00123143,299,156,143
E00123144,227,130,97
E00190158,303,152,151
E00190190,335,167,168
E00122904,350,179,171
E00122905,337,170,167
E00122906,321,169,152
E00122907,321,162,159
E00122908,333,176,157
E00122909,357,166,191
E00122910,434,219,215
E00122816,319,170,149
E00122830,324,159,165
E00122832,266,153,113
E00122833,372,183,189
E00122836,264,127,137
E00122813,251,117,134
E00122818,279,134,145
E00122819,337,173,164
E00122820,345,177,168
E00122835,276,143,133
E00122815,305,158,147
E00122817,348,181,167
E00122824,375,184,191
E00122827,428,210,218
E00122821,307,167,140
E00122822,305,169,136
E00122823,287,151,136
E00122825,231,136,95
E00122826,370,187,183
E00122814,283,140,143
E00122828,286,153,133
E00122829,351,173,178
E00122831,348,177,171
E00122834,301,173,128
E00123047,279,139,140
E00123060,333,168,165
E00123061,366,192,174
E00123062,537,267,270
E00123063,305,155,150
E00123048,461,225,236
E00123049,330,169,161
E00123050,309,157,152
E00123051,313,165,148
E00123053,342,174,168
E00123056,413,217,196
E00123090,279,124,155
E00123094,363,185,178
E00123096,530,271,259
E00123097,285,151,134
E00123099,308,168,140
E00123101,291,152,139
E00123033,478,229,249
E00123034,397,199,198
E00123035,288,144,144
E00190148,808,376,432
E00123052,290,157,133
E00123054,292,155,137
E00123055,313,168,145
E00123057,390,196,194
E00123058,307,158,149
E00123059,225,119,106
E00123089,321,156,165
E00123092,227,116,111
E00123098,391,192,199
E00123103,407,200,207
E00123104,361,153,208
E00123105,362,165,197
E00122845,444,184,260
E00122847,178,102,76
E00122848,253,121,132
E00122849,257,123,134
E00122844,210,113,97
E00122850,164,86,78
E00122851,210,112,98
E00122852,263,136,127
E00190151,250,116,134
E00190173,268,117,151
E00122913,432,215,217
E00122916,346,170,176
E00122921,332,162,170
E00122922,330,165,165
E00122933,300,152,148
E00122917,341,176,165
E00122924,336,173,163
E00122931,457,217,240
E00122932,509,245,264
E00122918,264,139,125
E00122919,321,159,162
E00122920,302,148,154
E00122923,363,177,186
E00122925,289,154,135
E00123091,353,176,177
E00123093,294,152,142
E00123095,432,203,229
E00123100,289,159,130
E00123102,395,189,206
E00123106,439,221,218
E00123107,288,145,143
E00123108,365,170,195
E00123109,341,174,167
E00123110,265,143,122
E00123111,339,167,172
E00123112,199,109,90
E00123113,238,123,115
E00122837,299,153,146
E00122838,242,127,115
E00122840,283,144,139
E00122841,279,144,135
E00122842,299,147,152
E00122843,499,261,238
E00190199,327,156,171
E00190216,230,107,123
E00122926,308,152,156
E00122927,262,133,129
E00122928,228,115,113
E00122929,305,162,143
E00122930,340,162,178
E00122911,393,206,187
E00122912,317,153,164
E00122914,340,178,162
E00122915,336,164,172
E00123018,322,167,155
E00123019,386,194,192
E00123024,343,169,174
E00123027,347,176,171
E00123256,322,170,152
E00123260,371,187,184
E00123262,584,304,280
E00167466,274,136,138
E00167467,233,112,121
E00167469,317,154,163
E00167470,231,121,110
E00167473,323,152,171
E00123249,296,151,145
E00123251,418,218,200
E00123253,288,147,141
E00123258,385,187,198
E00123261,303,163,140
E00123269,343,181,162
E00123254,276,140,136
E00123263,256,129,127
E00123264,372,200,172
E00123265,328,186,142
E00123266,315,172,143
E00123267,221,116,105
E00123268,287,145,142
E00123250,328,176,152
E00123252,346,180,166
E00123255,337,178,159
E00123257,363,177,186
E00123270,274,138,136
E00123164,462,235,227
E00123166,237,105,132
E00123167,369,179,190
E00123168,409,201,208
E00123170,150,56,94
E00123172,295,147,148
E00123318,550,286,264
E00123319,487,256,231
E00123321,331,160,171
E00123323,349,165,184
E00123312,422,206,216
E00123320,324,159,165
E00123324,459,216,243
E00123327,285,133,152
E00167475,341,190,151
E00123332,307,140,167
E00123336,338,170,168
E00123337,253,114,139
E00123338,244,133,111
E00123341,284,148,136
E00189695,226,103,123
E00189698,191,90,101
E00189736,196,92,104
E00123311,460,210,250
E00123315,418,210,208
E00123316,174,88,86
E00167461,388,184,204
E00123317,244,133,111
E00123329,310,131,179
E00123331,445,215,230
E00167464,216,104,112
E00123154,352,169,183
E00123157,573,294,279
E00123165,379,168,211
E00123169,343,173,170
E00123174,302,149,153
E00123175,307,156,151
E00123176,283,143,140
E00123177,208,111,97
E00123178,270,139,131
E00123179,282,146,136
E00123180,293,147,146
E00123181,255,139,116
E00123334,447,216,231
E00123346,382,204,178
E00123351,373,178,195
E00123352,309,162,147
E00123353,313,158,155
E00123335,332,167,165
E00123347,390,205,185
E00123349,520,262,258
E00123350,367,187,180
E00167463,497,262,235
E00189694,265,148,117
E00189700,293,147,146
E00189754,291,148,143
E00123333,424,231,193
E00123342,361,182,179
E00123343,275,129,146
E00123344,266,136,130
E00123345,425,236,189
E00167460,369,174,195
E00167465,541,281,260
E00167472,291,146,145
E00123182,265,136,129
E00123183,414,223,191
E00123184,278,144,134
E00123195,292,161,131
E00123196,252,137,115
E00123197,274,142,132
E00123185,323,169,154
E00123186,339,183,156
E00123188,322,177,145
E00123190,329,191,138
E00123191,302,152,150
E00123284,399,192,207
E00123286,542,266,276
E00123289,353,184,169
E00123290,373,188,185
E00123274,322,163,159
E00123287,319,162,157
E00123288,364,183,181
E00123291,301,155,146
E00123271,353,171,182
E00123272,321,174,147
E00123273,319,167,152
E00123275,281,135,146
E00123276,369,191,178
E00123160,372,196,176
E00123162,327,157,170
E00123163,337,168,169
E00123171,299,142,157
E00123173,215,98,117
E00123153,316,155,161
E00123155,371,197,174
E00123156,315,167,148
E00123158,220,111,109
E00123159,279,141,138
E00123161,236,112,124
E00123314,482,239,243
E00123325,318,159,159
E00123326,389,184,205
E00123328,399,200,199
E00123430,323,169,154
E00123431,304,160,144
E00123436,319,169,150
E00123437,293,159,134
E00123440,324,157,167
E00123442,393,188,205
E00123443,294,149,145
E00123444,262,145,117
E00123445,349,172,177
E00123459,345,172,173
E00123446,368,190,178
E00123447,299,161,138
E00123448,294,138,156
E00123449,325,170,155
E00123450,275,145,130
E00123278,367,191,176
E00123279,356,191,165
E00123283,347,177,170
E00123285,378,194,184
E00123292,321,162,159
E00123296,315,162,153
E00123297,453,237,216
E00123302,274,134,140
E00123300,312,163,149
E00123301,243,122,121
E00123306,224,116,108
E00123307,211,104,107
E00123309,293,155,138
E00123310,180,103,77
E00123295,357,208,149
E00123299,271,142,129
E00123305,349,183,166
E00123308,357,173,184
E00167471,397,182,215
E00189631,356,188,168
E00189660,388,194,194
E00189712,317,169,148
E00123277,255,140,115
E00123280,352,183,169
E00123282,368,197,171
E00167474,187,90,97
E00189690,282,154,128
E00189782,130,65,65
E00123409,309,155,154
E00123415,379,189,190
E00123420,195,117,78
E00123421,347,176,171
E00123425,293,161,132
E00123408,301,160,141
E00123410,355,180,175
E00123411,272,143,129
E00123412,341,174,167
E00123416,315,167,148
E00123405,349,183,166
E00123406,382,212,170
E00123418,372,194,178
E00123419,315,160,155
E00123429,369,185,184
E00123435,293,147,146
E00123438,297,153,144
E00123439,328,149,179
E00123427,310,155,155
E00123428,411,208,203
E00123432,318,152,166
E00123433,256,133,123
E00123434,390,194,196
E00123355,321,162,159
E00123359,309,167,142
E00123362,321,160,161
E00123365,315,156,159
E00123366,268,125,143
E00123356,386,191,195
E00123357,361,185,176
E00123360,339,170,169
E00123361,300,155,145
E00123354,437,221,216
E00123358,330,163,167
E00123363,368,179,189
E00123364,278,150,128
E00123413,352,184,168
E00123414,346,180,166
E00123424,341,174,167
E00123426,343,187,156
E00123407,361,188,173
E00123417,352,177,175
E00123422,297,155,142
E00123423,364,184,180
E00123187,354,177,177
E00123189,253,132,121
E00123192,400,222,178
E00123193,339,171,168
E00123194,359,187,172
E00123293,268,138,130
E00123294,324,168,156
E00123298,281,143,138
E00123303,271,135,136
E00123304,376,184,192
E00123441,280,139,141
E00123452,551,278,273
E00123456,435,226,209
E00123457,528,262,266
E00189766,363,186,177
E00189768,338,168,170
E00123451,412,211,201
E00123453,369,187,182
E00123454,431,238,193
E00123455,391,209,182
E00123198,345,175,170
E00123199,281,153,128
E00123202,363,168,195
E00123208,305,157,148
E00123200,347,176,171
E00123201,321,171,150
E00123209,204,113,91
E00123210,273,146,127
E00123203,241,127,114
E00123204,351,174,177
E00123205,333,166,167
E00123206,291,149,142
E00123207,277,138,139
E00123375,502,253,249
E00123378,289,141,148
E00123379,264,139,125
E00123380,348,185,163
E00123368,192,120,72
E00123373,238,134,104
E00123374,303,143,160
E00123376,274,144,130
E00123377,221,119,102
E00123393,305,174,131
E00123396,355,178,177
E00123397,329,187,142
E00123400,251,135,116
E00123402,302,170,132
E00123395,344,177,167
E00123398,296,150,146
E00123399,389,226,163
E00123401,301,158,143
E00123403,346,189,157
E00123382,376,202,174
E00123383,340,166,174
E00123384,285,140,145
E00123387,511,262,249
E00123404,206,104,102
E00123388,389,214,175
E00123389,480,250,230
E00123391,278,142,136
E00189632,263,140,123
E00189644,286,149,137
E00189682,126,67,59
E00123381,285,150,135
E00123385,371,186,185
E00123386,306,146,160
E00123392,301,159,142
E00123394,294,149,145
E00123212,302,154,148
E00123213,305,158,147
E00123214,285,145,140
E00123216,317,155,162
E00123219,341,175,166
E00123211,344,173,171
E00123215,356,179,177
E00123217,260,127,133
E00123218,297,150,147
E00123220,300,150,150
E00123221,294,150,144
E00123226,269,141,128
E00123229,298,159,139
E00123230,263,134,129
E00123231,302,158,144
E00123232,326,164,162
E00123223,418,221,197
E00123224,251,133,118
E00123228,473,246,227
E00123233,279,148,131
E00123222,344,180,164
E00123225,262,140,122
E00123227,295,149,146
E00123234,312,168,144
E00123235,257,138,119
E00123237,533,250,283
E00123238,406,204,202
E00123239,309,149,160
E00123240,371,189,182
E00123236,358,191,167
E00123241,255,119,136
E00123242,214,106,108
E00123245,314,161,153
E00123248,286,156,130
E00123243,377,189,188
E00123244,307,159,148
E00123246,398,199,199
E00123247,323,169,154
E00123367,343,167,176
E00123369,291,163,128
E00123370,322,163,159
E00123371,322,165,157
E00123372,204,102,102
E00123535,382,188,194
E00123536,318,166,152
E00123539,304,150,154
E00123540,311,157,154
E00123538,403,203,200
E00123542,423,212,211
E00123543,433,209,224
E00123548,437,221,216
E00123592,164,86,78
E00123593,221,113,108
E00123594,168,82,86
E00123595,352,163,189
E00123596,379,193,186
E00123598,571,272,299
E00123530,328,159,169
E00123531,323,160,163
E00123532,369,184,185
E00123533,320,167,153
E00123534,364,182,182
E00123537,301,151,150
E00123541,309,162,147
E00123618,551,277,274
E00123619,356,180,176
E00123620,341,173,168
E00123621,370,191,179
E00123626,444,216,228
E00123617,246,129,117
E00123622,267,135,132
E00123625,307,165,142
E00123628,296,153,143
E00123630,320,171,149
E00123611,391,204,187
E00123623,340,183,157
E00123624,315,142,173
E00123627,357,170,187
E00123629,306,144,162
E00123633,293,148,145
E00123779,325,159,166
E00123791,324,171,153
E00123792,340,168,172
E00123793,332,160,172
E00123794,354,180,174
E00123781,529,266,263
E00123783,500,244,256
E00123784,299,145,154
E00123797,258,134,124
E00123798,327,170,157
E00123460,313,160,153
E00123480,259,141,118
E00123482,294,161,133
E00186698,263,138,125
E00186732,266,135,131
E00186763,354,172,182
E00123469,297,163,134
E00123474,269,138,131
E00123476,236,130,106
E00123478,256,137,119
E00170335,345,177,168
E00170376,293,150,143
E00123472,207,122,85
E00123475,334,172,162
E00123477,347,167,180
E00123479,315,157,158
E00123464,417,209,208
E00123465,273,137,136
E00123466,619,319,300
E00123468,242,128,114
E00123473,287,140,147
E00123461,363,181,182
E00123462,284,145,139
E00123463,301,150,151
E00123467,245,123,122
E00123471,226,131,95
E00123558,505,263,242
E00123559,326,170,156
E00123560,422,229,193
E00123562,257,132,125
E00123563,343,185,158
E00123610,322,142,180
E00123613,486,234,252
E00123615,282,136,146
E00123616,231,138,93
E00123631,305,150,155
E00123632,247,144,103
E00123780,442,209,233
E00123785,342,172,170
E00123787,332,155,177
E00186663,879,171,708
E00123786,238,125,113
E00123789,239,101,138
E00170359,610,153,457
E00170360,337,155,182
E00170361,170,81,89
E00186684,361,170,191
E00186690,219,52,167
E00186704,243,131,112
E00186781,351,157,194
E00123777,245,128,117
E00123782,360,175,185
E00123790,261,128,133
E00123795,501,246,255
E00123796,311,161,150
E00123799,263,126,137
E00123723,215,95,120
E00123724,329,156,173
E00123726,348,169,179
E00186727,226,93,133
E00186768,368,181,187
E00170362,162,71,91
E00186696,116,62,54
E00186700,284,146,138
E00186721,196,99,97
E00186815,395,164,231
E00123721,281,163,118
E00123722,407,215,192
E00170356,390,207,183
E00123491,287,146,141
E00123494,344,174,170
E00123495,322,168,154
E00123496,331,172,159
E00123515,351,177,174
E00123526,287,151,136
E00123528,347,174,173
E00123544,449,219,230
E00123547,237,128,109
E00186813,513,266,247
E00186818,120,63,57
E00123524,328,174,154
E00123525,242,129,113
E00123529,280,140,140
E00123545,337,167,170
E00123546,271,144,127
E00123589,305,158,147
E00123590,383,192,191
E00123591,424,203,221
E00123597,284,150,134
E00123609,333,163,170
E00123612,314,164,150
E00123614,242,138,104
E00123634,332,166,166
E00123635,376,198,178
E00123550,463,224,239
E00123551,444,228,216
E00123552,336,164,172
E00123554,311,155,156
E00123555,375,166,209
E00123564,343,144,199
E00123553,410,224,186
E00123556,360,181,179
E00123557,349,173,176
E00170337,270,126,144
E00170338,186,83,103
E00170347,152,71,81
E00170348,239,102,137
E00186756,188,92,96
E00186831,430,211,219
E00123646,387,195,192
E00123650,348,171,177
E00123654,377,164,213
E00123655,351,180,171
E00123657,330,156,174
E00123714,339,159,180
E00123729,401,201,200
E00123732,372,189,183
E00123736,390,198,192
E00186755,614,303,311
E00186793,167,79,88
E00170334,467,238,229
E00170336,394,179,215
E00170346,310,149,161
E00170368,355,171,184
E00170369,228,112,116
E00123637,293,144,149
E00123645,414,183,231
E00123647,350,174,176
E00123648,281,143,138
E00123649,334,172,162
E00123500,312,157,155
E00123501,362,183,179
E00123504,348,167,181
E00123505,318,165,153
E00123508,283,161,122
E00123509,230,129,101
E00123490,383,194,189
E00123507,310,161,149
E00123511,271,150,121
E00123512,293,157,136
E00123514,370,194,176
E00123492,327,169,158
E00123493,312,157,155
E00123497,363,208,155
E00123498,317,177,140
E00123499,365,194,171
E00123502,308,162,146
E00123503,281,140,141
E00123506,344,164,180
E00123510,309,160,149
E00123513,312,157,155
E00123599,250,122,128
E00123600,223,119,104
E00123601,328,158,170
E00123604,299,142,157
E00123606,215,112,103
E00123636,418,206,212
E00123652,292,145,147
E00123653,362,176,186
E00123658,303,160,143
E00123660,335,173,162
E00123640,319,158,161
E00123643,342,184,158
E00123644,289,154,135
E00123656,253,132,121
E00123659,423,213,210
E00123661,286,153,133
E00123697,315,154,161
E00123701,417,225,192
E00123702,450,216,234
E00123704,557,269,288
E00123699,302,159,143
E00123707,312,156,156
E00123708,306,147,159
E00123709,318,160,158
E00123710,309,158,151
E00170339,309,160,149
E00170340,308,168,140
E00170343,277,132,145
E00170344,379,187,192
E00186740,170,93,77
E00186767,607,318,289
E00186835,280,145,135
E00123698,457,244,213
E00123703,197,112,85
E00123706,444,223,221
E00170342,360,177,183
E00170345,364,192,172
E00123638,337,169,168
E00123639,316,153,163
E00123641,219,115,104
E00123642,361,203,158
E00123662,325,171,154
E00123713,375,185,190
E00123715,511,253,258
E00123733,306,160,146
E00123734,306,143,163
E00186678,309,129,180
E00186817,264,127,137
E00186834,149,66,83
E00123711,500,262,238
E00123717,414,226,188
E00123718,495,264,231
E00123719,506,249,257
E00123883,283,144,139
E00123888,565,293,272
E00123889,275,150,125
E00123890,293,148,145
E00123893,549,288,261
E00123884,290,136,154
E00123885,271,142,129
E00123892,289,148,141
E00170349,127,67,60
E00170350,460,245,215
E00170364,140,72,68
E00186724,371,181,190
E00186751,410,199,211
E00123716,307,142,165
E00123727,411,197,214
E00123730,334,150,184
E00123731,418,209,209
E00123735,308,156,152
E00123824,335,185,150
E00123827,330,172,158
E00123829,294,148,146
E00123830,347,181,166
E00123831,384,202,182
E00123834,369,192,177
E00123835,363,194,169
E00123837,514,283,231
E00123845,399,205,194
E00123838,315,149,166
E00123839,392,186,206
E00123840,370,182,188
E00123842,340,167,173
E00123841,364,192,172
E00123843,341,183,158
E00123844,257,128,129
E00123846,275,143,132
E00123847,336,168,168
E00123670,285,143,142
E00123671,311,161,150
E00123672,282,151,131
E00123673,282,147,135
E00123676,297,149,148
E00123677,289,146,143
E00123669,349,188,161
E00123674,286,168,118
E00123675,410,199,211
E00123678,308,154,154
E00123679,304,153,151
E00123680,238,118,120
E00123800,168,84,84
E00123801,313,163,150
E00123802,465,233,232
E00123803,246,117,129
E00123804,176,87,89
E00123805,152,78,74
E00123806,442,215,227
E00123807,403,192,211
E00123808,116,59,57
E00123809,196,99,97
E00123663,522,259,263
E00123664,312,156,156
E00186709,156,75,81
E00186770,192,97,95
E00186811,385,199,186
E00123665,471,228,243
E00123667,583,299,284
E00186670,119,58,61
E00186676,489,270,219
E00186783,213,107,106
E00123516,462,242,220
E00123518,373,194,179
E00123519,341,168,173
E00123520,470,239,231
E00123828,388,194,194
E00123832,321,160,161
E00123833,428,219,209
E00123836,327,164,163
E00123869,334,167,167
E00123871,282,150,132
E00123873,261,131,130
E00123874,391,202,189
E00123887,267,136,131
E00123870,332,168,164
E00123872,357,182,175
E00123875,289,149,140
E00123876,296,148,148
E00123882,387,188,199
E00123878,428,214,214
E00123880,237,119,118
E00123881,486,244,242
E00170363,470,257,213
E00170365,145,75,70
E00170366,261,145,116
E00186679,337,167,170
E00186702,171,86,85
E00186722,209,104,105
E00123815,338,190,148
E00123816,302,152,150
E00123817,272,163,109
E00186731,375,196,179
E00186762,539,276,263
E00123825,368,195,173
E00123826,347,178,169
E00123848,332,163,169
E00123849,393,203,190
E00123852,267,144,123
E00123857,301,152,149
E00123858,268,137,131
E00123859,230,113,117
E00123861,354,184,170
E00123853,338,175,163
E00123854,330,164,166
E00123856,307,152,155
E00123866,441,225,216
E00123868,307,160,147
E00123850,288,151,137
E00123851,341,184,157
E00123860,201,112,89
E00123864,166,86,80
E00123867,334,174,160
E00123855,311,142,169
E00123862,304,148,156
E00123863,296,149,147
E00123865,511,289,222
E00123819,432,229,203
E00186674,201,104,97
E00186706,597,309,288
E00186753,300,152,148
E00123810,455,261,194
E00123812,314,159,155
E00123821,426,234,192
E00123822,285,165,120
E00123483,331,169,162
E00123484,446,230,216
E00123485,366,186,180
E00123486,313,171,142
E00123487,297,156,141
E00123488,334,173,161
E00123489,302,158,144
E00123578,278,140,138
E00123579,209,115,94
E00123581,311,157,154
E00123588,533,262,271
E00123763,256,124,132
E00123764,371,192,179
E00123765,284,151,133
E00123767,263,127,136
E00123769,529,275,254
E00123766,387,190,197
E00123770,303,140,163
E00123771,529,276,253
E00123772,330,169,161
E00123517,342,175,167
E00123521,276,130,146
E00123522,440,201,239
E00123523,205,112,93
E00123602,276,135,141
E00123603,302,145,157
E00123605,305,149,156
E00123608,267,130,137
E00186772,419,212,207
E00186795,480,247,233
E00123737,317,169,148
E00123738,231,107,124
E00123739,315,160,155
E00123740,453,235,218
E00123741,285,140,145
E00123742,447,234,213
E00123743,369,199,170
E00123912,258,130,128
E00123913,313,151,162
E00123914,285,132,153
E00123915,395,206,189
E00123916,426,223,203
E00170351,325,159,166
E00170353,356,178,178
E00170367,178,90,88
E00170374,298,153,145
E00170375,354,191,163
E00123813,249,140,109
E00123814,303,151,152
E00170352,388,215,173
E00170354,353,169,184
E00186780,150,72,78
E00186697,521,266,255
E00186714,353,176,177
E00186778,199,107,92
E00186797,539,282,257
E00123565,323,174,149
E00123567,210,103,107
E00123573,300,150,150
E00123577,303,153,150
E00170370,304,164,140
E00186687,229,114,115
E00186692,569,290,279
E00123572,404,210,194
E00123574,319,160,159
E00123580,290,145,145
E00123582,348,172,176
E00123569,272,131,141
E00123570,472,225,247
E00123571,428,221,207
E00123575,242,125,117
E00123576,263,141,122
E00123744,469,244,225
E00123745,319,167,152
E00123746,287,145,142
E00123747,547,271,276
E00123748,306,154,152
E00123749,312,172,140
E00123750,333,166,167
E00123684,582,306,276
E00123685,402,202,200
E00123687,266,138,128
E00123689,202,107,95
E00123693,282,157,125
E00123683,475,257,218
E00123686,435,231,204
E00123690,289,154,135
E00123691,412,209,203
E00123692,310,168,142
E00186682,402,208,194
E00186750,226,113,113
E00123681,482,235,247
E00123682,383,222,161
E00123694,297,158,139
E00123695,309,149,160
E00123696,323,153,170
E00123917,285,146,139
E00123918,362,179,183
E00170372,388,200,188
E00170373,402,201,201
E00123568,293,152,141
E00123583,326,163,163
E00123584,344,169,175
E00123585,125,57,68
E00123586,441,222,219
E00123587,111,55,56
E00123751,391,194,197
E00123761,240,116,124
E00123762,428,214,214
E00123768,327,168,159
E00123774,449,229,220
E00123752,273,141,132
E00123753,305,156,149
E00123758,480,235,245
E00123773,437,208,229
E00186779,182,104,78
E00186825,189,105,84
E00186837,472,250,222
E00123755,464,248,216
E00123756,530,259,271
E00123757,284,145,139
E00123759,492,240,252
E00123760,297,154,143
E00123895,548,284,264
E00123896,387,204,183
E00123897,376,186,190
E00123908,515,254,261
E00123894,324,163,161
E00123899,612,330,282
E00123903,334,165,169
E00123911,560,279,281
E00123898,319,158,161
E00123900,297,145,152
E00123901,264,153,111
E00123905,407,212,195
E00123906,281,155,126
E00123902,313,153,160
E00123904,347,190,157
E00123907,275,140,135
E00123909,255,131,124
E00123910,279,148,131
E00124086,524,270,254
E00124088,459,252,207
E00124093,368,201,167
E00124089,282,151,131
E00124090,417,215,202
E00124094,277,140,137
E00124095,153,80,73
E00124096,292,164,128
E00124087,359,194,165
E00124091,264,137,127
E00124092,160,92,68
E00124097,334,164,170
E00124098,205,107,98
E00124221,446,226,220
E00124222,339,172,167
E00124223,346,174,172
E00124224,359,178,181
E00124246,466,248,218
E00124251,266,144,122
E00124259,224,120,104
E00124260,256,134,122
E00124262,340,172,168
E00124236,407,200,207
E00124237,288,143,145
E00124238,460,243,217
E00124239,255,136,119
E00124244,346,182,164
E00124234,359,188,171
E00124240,325,166,159
E00124241,306,149,157
E00124242,331,181,150
E00124243,236,122,114
E00124231,471,223,248
E00124232,348,181,167
E00124233,355,189,166
E00124235,368,202,166
E00124247,344,192,152
E00124248,242,115,127
E00124258,305,172,133
E00124261,191,95,96
E00124263,296,162,134
E00124264,152,98,54
E00124265,310,154,156
E00124245,400,215,185
E00124249,397,212,185
E00124253,288,161,127
E00124254,242,123,119
E00124266,305,171,134
E00124250,310,159,151
E00124252,441,229,212
E00124255,295,164,131
E00124256,248,145,103
E00124257,294,145,149
E00123966,344,176,168
E00123967,330,173,157
E00123968,391,204,187
E00123969,172,93,79
E00123970,137,68,69
E00123971,333,179,154
E00123972,284,142,142
E00124213,342,163,179
E00124214,297,151,146
E00124226,293,159,134
E00124227,327,167,160
E00124229,342,185,157
E00124217,305,152,153
E00124219,342,176,166
E00124230,300,151,149
E00186672,541,282,259
E00186824,174,89,85
E00124215,361,188,173
E00124216,334,169,165
E00124220,293,149,144
E00124225,345,180,165
E00124228,272,151,121
E00124070,332,162,170
E00124071,335,162,173
E00124072,277,140,137
E00124080,316,160,156
E00124083,299,148,151
E00124068,522,262,260
E00124073,328,159,169
E00124074,393,197,196
E00124082,306,157,149
E00124069,284,148,136
E00124075,283,180,103
E00124077,291,158,133
E00124084,372,202,170
E00124085,292,161,131
E00124076,337,182,155
E00124078,376,211,165
E00124079,312,170,142
E00124081,278,147,131
E00124015,284,156,128
E00124016,248,129,119
E00124017,316,165,151
E00124018,291,146,145
E00124019,219,120,99
E00124020,188,95,93
E00124021,317,157,160
E00124027,301,164,137
E00124028,260,142,118
E00124029,313,161,152
E00124030,274,135,139
E00124031,357,175,182
E00124022,293,155,138
E00124023,335,175,160
E00124024,309,150,159
E00124025,178,89,89
E00124026,340,177,163
E00124032,269,162,107
E00124033,390,200,190
E00124035,279,156,123
E00124036,308,156,152
E00172099,199,89,110
E00172100,299,154,145
E00172101,197,93,104
E00124040,516,253,263
E00124043,314,159,155
E00124044,450,229,221
E00124050,352,175,177
E00124042,234,121,113
E00124047,371,194,177
E00124049,288,155,133
E00124051,248,127,121
E00124052,341,178,163
E00124037,326,148,178
E00124038,128,61,67
E00124039,104,57,47
E00124046,350,181,169
E00124048,257,122,135
E00124053,307,167,140
E00124041,299,153,146
E00124045,253,130,123
E00124054,293,155,138
E00124055,306,150,156
E00124056,285,153,132
E00123979,166,82,84
E00123980,315,154,161
E00123981,279,153,126
E00123982,284,150,134
E00123983,358,190,168
E00123985,309,149,160
E00124057,460,248,212
E00124059,312,161,151
E00124061,210,110,100
E00124066,326,157,169
E00124067,356,184,172
E00124058,324,172,152
E00124060,378,188,190
E00124062,333,169,164
E00124063,438,217,221
E00124064,287,147,140
E00124065,175,88,87
E00124125,301,159,142
E00124129,268,141,127
E00124130,341,170,171
E00124131,272,140,132
E00124132,300,146,154
E00123974,184,90,94
E00123976,323,164,159
E00123977,377,196,181
E00186681,338,160,178
E00186745,363,200,163
E00123973,486,253,233
E00123975,595,312,283
E00186761,159,89,70
E00186822,117,54,63
E00124104,352,194,158
E00124105,369,181,188
E00124106,281,145,136
E00124110,307,161,146
E00124099,383,202,181
E00124102,381,190,191
E00124103,374,202,172
E00124109,323,171,152
E00124100,325,177,148
E00124101,207,110,97
E00124107,355,177,178
E00124108,358,186,172
E00124111,311,159,152
E00124119,276,137,139
E00124122,344,168,176
E00124126,362,180,182
E00124127,348,175,173
E00124128,345,171,174
E00124118,339,176,163
E00124120,338,186,152
E00124121,289,147,142
E00124123,304,144,160
E00124124,296,157,139
E00124141,382,218,164
E00124145,351,186,165
E00124146,313,169,144
E00124147,258,136,122
E00124157,232,114,118
E00124158,339,164,175
E00124159,393,215,178
E00124160,411,210,201
E00124161,346,182,164
E00124153,317,173,144
E00124154,378,190,188
E00124155,247,126,121
E00124156,237,114,123
E00124162,363,200,163
E00124163,317,143,174
E00124164,299,144,155
E00124165,281,147,134
E00124185,250,121,129
E00124186,311,160,151
E00124187,330,174,156
E00124188,281,142,139
E00124191,250,121,129
E00124184,389,194,195
E00124189,363,191,172
E00124190,286,156,130
E00124192,350,180,170
E00124194,361,184,177
E00124195,259,131,128
E00124196,278,148,130
E00124197,347,174,173
E00124212,333,166,167
E00123944,448,236,212
E00123947,336,175,161
E00123948,349,173,176
E00123950,348,180,168
E00123951,232,103,129
E00123945,425,210,215
E00123946,367,181,186
E00123949,337,167,170
E00123952,316,161,155
E00123984,367,180,187
E00123986,330,167,163
E00123987,352,181,171
E00123988,354,183,171
E00124168,458,244,214
E00124169,366,186,180
E00124170,395,196,199
E00124171,385,199,186
E00124172,434,222,212
E00124173,389,192,197
E00124174,439,228,211
E00124175,432,226,206
E00124179,354,178,176
E00124180,380,200,180
E00124181,345,180,165
E00124182,342,181,161
E00124183,359,179,180
E00124142,370,186,184
E00124143,319,166,153
E00124144,310,158,152
E00124148,417,211,206
E00124140,334,169,165
E00124149,246,137,109
E00124150,269,142,127
E00124151,433,212,221
E00124152,287,144,143
E00124166,409,195,214
E00124167,375,181,194
E00124176,282,153,129
E00124177,235,126,109
E00124178,360,184,176
E00124193,360,183,177
E00124202,515,254,261
E00124204,394,203,191
E00124205,246,110,136
E00124206,267,136,131
E00124198,275,151,124
E00124199,361,199,162
E00124200,346,169,177
E00124201,397,203,194
E00124203,289,153,136
E00124208,267,145,122
E00124209,223,135,88
E00124211,465,286,179
E00172105,561,286,275
E00186664,497,264,233
E00123941,443,232,211
E00123953,250,133,117
E00123954,292,144,148
E00123955,355,176,179
E00123956,297,152,145
E00123940,305,150,155
E00123942,472,247,225
E00123943,300,155,145
E00123957,400,207,193
E00123958,353,184,169
E00124268,338,173,165
E00124269,312,159,153
E00124273,271,132,139
E00124276,312,148,164
E00124280,318,158,160
E00124270,292,152,140
E00124271,269,139,130
E00124272,277,143,134
E00124274,371,184,187
E00124267,423,228,195
E00124275,361,191,170
E00124277,302,172,130
E00124278,342,177,165
E00124279,310,169,141
E00123989,281,141,140
E00124000,291,144,147
E00124001,394,212,182
E00172103,506,273,233
E00186816,267,138,129
E00186826,403,206,197
E00123990,258,130,128
E00123991,307,159,148
E00123992,412,209,203
E00123993,368,187,181
E00186747,498,273,225
E00186802,184,91,93
E00123996,333,173,160
E00123997,389,201,188
E00123998,368,192,176
E00123999,285,152,133
E00124004,406,218,188
E00124005,321,154,167
E00124006,292,154,138
E00124007,308,164,144
E00124002,250,138,112
E00124003,327,188,139
E00124008,335,170,165
E00124009,434,234,200
E00124010,323,173,150
E00124011,269,130,139
E00124012,280,127,153
E00124013,342,178,164
E00124014,452,240,212
E00123959,311,153,158
E00123960,326,163,163
E00123961,222,116,106
E00123962,366,190,176
E00123963,281,140,141
E00123964,339,176,163
E00123965,251,120,131
E00124112,459,241,218
E00124113,310,155,155
E00124114,382,196,186
E00124115,353,188,165
E00124117,226,112,114
E00186668,402,203,199
E00186707,371,201,170
E00124133,404,208,196
E00124134,383,188,195
E00124139,413,216,197
E00124135,248,125,123
E00124136,348,169,179
E00124137,357,189,168
E00124138,322,156,166
E00123921,182,106,76
E00123935,315,152,163
E00123936,343,183,160
E00123937,296,152,144
E00123938,261,140,121
E00123939,212,115,97
E00123922,268,135,133
E00123923,347,185,162
E00123924,338,177,161
E00123925,340,178,162
E00123927,309,163,146
E00123920,319,162,157
E00123926,314,153,161
E00123928,312,167,145
E00123933,361,185,176
E00123929,290,158,132
E00123930,303,158,145
E00123931,336,171,165
E00123934,306,160,146
E00165848,318,164,154
E00124303,294,154,140
E00124304,291,146,145
E00124305,302,152,150
E00124306,259,132,127
E00124307,279,146,133
E00124308,262,125,137
E00124309,290,149,141
E00124566,185,95,90
E00124582,287,148,139
E00124583,297,152,145
E00124584,318,170,148
E00124585,282,144,138
E00124586,312,162,150
E00124587,320,163,157
E00124592,175,88,87
E00124593,277,142,135
E00124599,341,175,166
E00124588,201,96,105
E00124589,347,182,165
E00124590,222,122,100
E00124591,278,157,121
E00124594,271,156,115
E00124310,262,131,131
E00124311,377,190,187
E00124313,345,189,156
E00124314,351,189,162
E00124317,251,127,124
E00124567,465,234,231
E00124573,530,271,259
E00124578,262,122,140
E00124580,344,180,164
E00171566,308,148,160
E00171567,331,168,163
E00171571,293,144,149
E00124571,366,193,173
E00124574,334,170,164
E00124576,295,152,143
E00124581,358,183,175
E00171573,255,130,125
E00171574,321,173,148
E00171563,138,66,72
E00171564,345,176,169
E00171565,342,179,163
E00171568,531,278,253
E00171569,308,158,150
E00171575,318,172,146
E00124568,293,153,140
E00124572,564,297,267
E00171570,435,206,229
E00171572,326,164,162
E00171577,435,232,203
E00124333,337,178,159
E00124344,231,126,105
E00124345,343,168,175
E00124346,313,175,138
E00124347,252,126,126
E00124336,282,151,131
E00124337,332,177,155
E00124339,389,221,168
E00124341,352,180,172
E00124343,244,117,127
E00124334,277,145,132
E00124335,397,218,179
E00124338,338,177,161
E00124340,255,130,125
E00124342,348,175,173
E00124366,322,174,148
E00124371,305,157,148
E00124372,229,115,114
E00124373,244,125,119
E00124374,300,157,143
E00124377,275,144,131
E00124434,327,162,165
E00124435,367,193,174
E00124436,286,143,143
E00124438,380,198,182
E00124439,269,136,133
E00124348,293,145,148
E00124349,308,155,153
E00124352,321,171,150
E00124355,372,194,178
E00124365,355,175,180
E00124350,347,179,168
E00124351,201,108,93
E00124359,362,181,181
E00124361,343,191,152
E00124353,296,156,140
E00124354,254,133,121
E00124356,328,166,162
E00124357,308,165,143
E00124358,291,139,152
E00124360,396,206,190
E00124362,351,174,177
E00124363,308,166,142
E00124364,376,185,191
E00124370,266,136,130
E00124375,279,141,138
E00124376,345,176,169
E00124378,362,189,173
E00124381,333,171,162
E00124382,259,126,133
E00124318,328,175,153
E00124321,388,205,183
E00124324,346,184,162
E00124326,414,207,207
E00124312,276,150,126
E00124315,526,297,229
E00124316,329,162,167
E00124319,399,198,201
E00124320,402,213,189
E00124322,306,163,143
E00124323,223,119,104
E00124325,550,288,262
E00124327,475,240,235
E00124328,396,189,207
E00124329,365,179,186
E00124330,385,199,186
E00124332,454,230,224
E00190172,359,176,183
E00190180,328,177,151
E00124452,513,275,238
E00124455,362,187,175
E00124456,424,208,216
E00124458,203,107,96
E00124489,268,138,130
E00124493,382,218,164
E00124500,274,139,135
E00124501,327,161,166
E00124410,332,173,159
E00124411,365,189,176
E00124415,437,215,222
E00190162,339,191,148
E00190171,329,164,165
E00124419,476,228,248
E00124420,350,185,165
E00124423,284,152,132
E00124429,312,170,142
E00124431,304,164,140
E00124422,315,159,156
E00124427,317,157,160
E00124428,373,199,174
E00124430,278,144,134
E00124432,357,188,169
E00124421,328,176,152
E00124424,336,164,172
E00124425,347,184,163
E00124426,303,149,154
E00124441,278,146,132
E00124442,263,151,112
E00124443,281,147,134
E00124445,412,212,200
E00124446,588,300,288
E00124433,355,172,183
E00124437,305,168,137
E00124440,353,183,170
E00124444,359,180,179
E00124453,422,203,219
E00124454,265,129,136
E00124465,229,112,117
E00190181,271,157,114
E00190182,617,96,521
E00124459,323,175,148
E00124460,215,118,97
E00124461,321,157,164
E00124462,288,151,137
E00124463,291,154,137
E00124464,183,99,84
E00124473,337,177,160
E00124474,312,164,148
E00124475,308,156,152
E00124476,326,174,152
E00124477,276,147,129
E00124491,266,137,129
E00124492,284,162,122
E00124495,312,161,151
E00124496,348,196,152
E00124499,254,130,124
E00124488,415,231,184
E00124490,316,186,130
E00124494,337,167,170
E00124497,214,112,102
E00124498,346,195,151
E00124609,318,160,158
E00124610,304,156,148
E00124611,136,65,71
E00124612,224,105,119
E00124613,200,106,94
E00124614,291,149,142
E00124615,300,163,137
E00124616,268,141,127
E00124283,319,167,152
E00124284,254,135,119
E00124285,260,138,122
E00124286,281,143,138
E00124292,228,121,107
E00124293,240,135,105
E00124509,234,126,108
E00124510,346,166,180
E00124512,281,140,141
E00124513,280,149,131
E00190191,389,200,189
E00190204,358,168,190
E00124536,111,52,59
E00124537,220,115,105
E00124538,301,146,155
E00124539,269,136,133
E00124540,294,144,150
E00124541,288,144,144
E00124542,406,196,210
E00124595,347,187,160
E00124596,582,299,283
E00124597,400,197,203
E00124598,419,207,212
E00124468,249,143,106
E00124470,297,159,138
E00124471,348,188,160
E00124472,218,116,102
E00124486,254,135,119
E00124467,314,153,161
E00124469,255,127,128
E00124478,164,93,71
E00124479,230,120,110
E00124481,264,153,111
E00124485,208,107,101
E00124466,291,156,135
E00124480,272,150,122
E00124482,308,166,142
E00124483,323,180,143
E00124484,177,95,82
E00124487,165,94,71
E00124505,250,132,118
E00124506,307,145,162
E00124507,263,134,129
E00124508,229,125,104
E00124511,385,199,186
E00124503,266,139,127
E00124504,285,149,136
E00124514,283,144,139
E00124515,280,139,141
E00124516,287,154,133
E00124281,296,147,149
E00124282,392,200,192
E00124287,247,131,116
E00124288,209,106,103
E00124289,308,159,149
E00124290,230,120,110
E00124291,272,142,130
E00124294,283,148,135
E00124295,387,205,182
E00124296,309,161,148
E00124302,306,163,143
E00124297,237,126,111
E00124298,249,132,117
E00124299,220,118,102
E00124300,231,123,108
E00124301,305,158,147
E00124600,440,226,214
E00124601,137,62,75
E00124602,343,170,173
E00124604,254,126,128
E00124608,126,59,67
E00124603,347,169,178
E00124605,326,167,159
E00124606,230,113,117
E00124607,371,186,185
E00124543,265,139,126
E00124544,312,147,165
E00124546,315,156,159
E00124547,288,146,142
E00124552,188,86,102
E00124553,260,127,133
E00124545,426,220,206
E00124548,373,197,176
E00124549,380,186,194
E00124550,267,149,118
E00124551,307,158,149
E00124554,282,150,132
E00124557,221,109,112
E00124558,326,175,151
E00124559,422,236,186
E00124560,298,165,133
E00124561,254,140,114
E00124565,276,141,135
E00124555,351,180,171
E00124556,273,136,137
E00124562,296,151,145
E00124563,324,164,160
E00124564,547,285,262
E00124520,353,177,176
E00124521,316,167,149
E00124523,320,151,169
E00124525,303,156,147
E00124519,208,103,105
E00124530,329,162,167
E00124531,265,129,136
E00124532,336,167,169
E00124517,276,138,138
E00124528,287,145,142
E00124533,358,188,170
E00124534,315,143,172
E00124535,263,147,116
E00124518,535,266,269
E00124522,462,221,241
E00124524,351,164,187
E00124526,324,153,171
E00124527,396,210,186
E00124529,345,172,173
E00124367,303,141,162
E00124368,272,136,136
E00124369,391,178,213
E00124379,266,139,127
E00124380,312,150,162
E00124383,347,171,176
E00124390,317,158,159
E00124391,290,137,153
E00124392,224,115,109
E00124393,339,167,172
E00124397,287,129,158
E00124398,458,192,266
E00124400,260,122,138
E00171559,154,73,81
E00171560,215,100,115
E00171561,316,163,153
E00171562,157,87,70
E00171576,210,91,119
E00171578,188,104,84
E00124386,337,171,166
E00124389,300,168,132
E00124394,158,76,82
E00190160,203,101,102
E00190214,243,120,123
E00124384,395,215,180
E00124387,235,132,103
E00124388,282,134,148
E00124396,297,152,145
E00124399,255,116,139
E00124401,336,157,179
E00124403,181,95,86
E00124404,250,129,121
E00124405,323,185,138
E00124407,371,198,173
E00124416,339,162,177
E00124418,176,116,60
E00124406,216,116,100
E00124408,279,148,131
E00124412,272,133,139
E00124413,247,124,123
E00124414,287,140,147
E00124417,219,105,114
E00124447,310,149,161
E00124448,339,157,182
E00124449,363,154,209
E00124450,380,194,186
E00124451,294,134,160
E00124896,415,209,206
E00124898,345,157,188
E00124899,334,177,157
E00124902,341,175,166
E00124897,470,236,234
E00124900,350,182,168
E00124901,289,146,143
E00124903,278,139,139
E00124911,436,223,213
E00124905,316,166,150
E00124906,348,175,173
E00124907,375,188,187
E00124908,321,158,163
E00124910,401,205,196
E00124895,322,167,155
E00124904,255,133,122
E00124909,414,211,203
E00124912,304,150,154
E00124913,393,187,206
E00124915,377,195,182
E00124917,394,189,205
E00124920,301,159,142
E00124922,345,183,162
E00124933,233,122,111
E00124914,253,143,110
E00124916,350,200,150
E00124918,330,178,152
E00124919,318,158,160
E00124921,365,192,173
E00124924,369,187,182
E00124928,250,114,136
E00124930,276,152,124
E00124931,272,131,141
E00124932,326,173,153
E00124923,317,161,156
E00124925,338,165,173
E00124926,393,215,178
E00124927,339,172,167
E00124929,396,216,180
E00124784,355,177,178
E00124788,324,157,167
E00124794,263,128,135
E00124795,162,76,86
E00124797,297,168,129
E00124800,339,168,171
E00124802,333,163,170
E00124803,299,150,149
E00189662,337,168,169
E00189677,227,127,100
E00189679,339,163,176
E00124782,311,162,149
E00124783,564,276,288
E00124799,404,217,187
E00124801,396,191,205
E00124785,362,185,177
E00124786,362,176,186
E00124787,288,144,144
E00124792,339,177,162
E00124796,281,144,137
E00124821,314,168,146
E00124827,286,144,142
E00124829,315,161,154
E00124830,326,169,157
E00124831,345,189,156
E00124823,334,159,175
E00124824,366,188,178
E00124825,418,222,196
E00124826,276,136,140
E00124828,291,148,143
E00124942,245,126,119
E00124943,262,133,129
E00124948,338,161,177
E00124950,289,149,140
E00124952,294,148,146
E00124939,313,159,154
E00124941,452,240,212
E00124947,327,171,156
E00124953,308,162,146
E00124944,243,126,117
E00124951,288,152,136
E00124955,269,142,127
E00124957,242,125,117
E00166804,219,102,117
E00166805,268,148,120
E00189637,275,142,133
E00189697,214,109,105
E00189713,319,164,155
E00189732,347,182,165
E00189762,343,164,179
E00166807,312,152,160
E00166808,273,138,135
E00166810,286,151,135
E00166811,358,180,178
E00166814,292,147,145
E00166870,206,114,92
E00124822,254,117,137
E00124832,245,130,115
E00124833,245,126,119
E00124834,325,164,161
E00124835,379,177,202
E00124836,348,190,158
E00124837,395,196,199
E00124843,256,129,127
E00124844,315,166,149
E00124845,380,188,192
E00124838,269,138,131
E00124840,334,186,148
E00124841,296,155,141
E00124842,314,154,160
E00189748,285,135,150
E00189784,347,188,159
E00124940,291,146,145
E00124945,171,81,90
E00124946,260,120,140
E00124949,335,175,160
E00124956,529,280,249
E00124755,387,205,182
E00124756,226,107,119
E00124757,287,153,134
E00124758,285,147,138
E00124759,418,196,222
E00124764,409,211,198
E00124760,367,172,195
E00124761,381,186,195
E00124762,337,173,164
E00124763,324,156,168
E00124781,352,182,170
E00124789,302,158,144
E00124790,306,144,162
E00124793,318,154,164
E00124798,361,196,165
E00124935,404,222,182
E00124937,1631,107,1524
E00189704,253,128,125
E00189791,144,61,83
E00124934,412,202,210
E00166802,531,248,283
E00189650,932,84,848
E00189652,266,119,147
E00124737,329,163,166
E00124740,320,167,153
E00124743,430,222,208
E00124746,259,135,124
E00124747,304,157,147
E00124739,370,188,182
E00124745,305,149,156
E00124750,382,196,186
E00124753,296,149,147
E00124741,314,160,154
E00124742,360,176,184
E00124744,322,165,157
E00124748,316,150,166
E00124749,339,184,155
E00124766,328,178,150
E00124767,273,149,124
E00124768,414,199,215
E00124771,429,250,179
E00124774,325,155,170
E00166872,625,331,294
E00166875,363,185,178
E00166878,283,138,145
E00166881,358,176,182
E00166883,311,155,156
E00166874,355,176,179
E00166880,376,179,197
E00189641,205,107,98
E00189728,332,168,164
E00189735,299,149,150
E00189742,397,189,208
E00189752,361,187,174
E00189757,268,133,135
E00166884,410,198,212
E00166886,438,211,227
E00166888,449,228,221
E00166891,281,141,140
E00124738,338,184,154
E00124754,305,149,156
E00166889,255,107,148
E00166892,308,157,151
E00166894,306,152,154
E00124711,363,189,174
E00124712,453,226,227
E00124714,344,194,150
E00124717,364,190,174
E00124718,345,182,163
E00124713,343,177,166
E00124716,417,231,186
E00124719,387,209,178
E00124720,258,138,120
E00189657,307,143,164
E00189737,336,178,158
E00124723,343,166,177
E00124724,608,313,295
E00166797,410,207,203
E00124721,282,149,133
E00124722,299,152,147
E00124725,226,115,111
E00124727,274,143,131
E00124729,235,123,112
E00124733,320,160,160
E00124734,323,163,160
E00124735,297,144,153
E00124736,271,139,132
E00124634,274,146,128
E00124635,254,132,122
E00124636,612,332,280
E00124637,362,192,170
E00124638,330,166,164
E00124639,360,161,199
E00124640,165,81,84
E00124641,239,112,127
E00124671,284,127,157
E00124672,336,162,174
E00124674,344,171,173
E00189730,282,150,132
E00189733,321,149,172
E00189745,278,134,144
E00124772,323,157,166
E00124776,265,137,128
E00124777,320,155,165
E00124778,350,187,163
E00124780,295,158,137
E00124705,220,112,108
E00124706,480,235,245
E00166897,327,173,154
E00166898,423,208,215
E00189667,402,207,195
E00166895,424,223,201
E00166902,443,231,212
E00166903,377,184,193
E00166905,200,92,108
E00166906,314,158,156
E00124707,300,161,139
E00124709,315,166,149
E00166900,356,179,177
E00189671,314,172,142
E00189753,441,226,215
E00124697,338,176,162
E00124699,257,127,130
E00124701,381,212,169
E00124710,448,228,220
E00124661,251,118,133
E00124663,228,132,96
E00124664,295,143,152
E00124665,286,148,138
E00124666,350,188,162
E00124765,299,152,147
E00124769,240,140,100
E00124770,318,165,153
E00124773,216,112,104
E00124775,325,172,153
E00124779,356,167,189
E00124804,297,159,138
E00124805,408,210,198
E00124810,289,146,143
E00124814,179,90,89
E00124816,385,190,195
E00124846,300,161,139
E00124847,431,236,195
E00124848,309,170,139
E00124849,342,185,157
E00124850,344,166,178
E00124862,309,165,144
E00124882,325,152,173
E00124883,482,240,242
E00124884,399,205,194
E00124886,408,200,208
E00124888,452,263,189
E00124813,356,186,170
E00124815,350,174,176
E00124817,367,183,184
E00166908,453,227,226
E00166909,343,174,169
E00189638,384,187,197
E00189769,273,138,135
E00189776,194,101,93
E00124806,354,172,182
E00124818,262,127,135
E00124819,315,164,151
E00124820,345,168,177
E00124808,372,199,173
E00124809,370,179,191
E00124811,350,185,165
E00124812,301,158,143
E00124852,287,144,143
E00124853,205,111,94
E00124854,323,162,161
E00124860,336,165,171
E00124861,310,159,151
E00124851,275,129,146
E00124855,262,135,127
E00124856,323,177,146
E00124857,244,122,122
E00124858,268,144,124
E00124859,332,160,172
E00124667,358,186,172
E00124668,402,205,197
E00124669,319,157,162
E00124670,336,169,167
E00124660,603,316,287
E00124662,349,173,176
E00124675,359,177,182
E00124676,394,198,196
E00124698,401,217,184
E00124700,262,139,123
E00124702,335,178,157
E00124703,536,258,278
E00124704,330,162,168
E00125002,264,140,124
E00125008,307,161,146
E00125009,297,150,147
E00125011,340,174,166
E00125012,214,112,102
E00125013,260,132,128
E00125004,276,148,128
E00125005,288,152,136
E00125006,331,175,156
E00125007,317,156,161
E00125010,288,148,140
E00124885,331,178,153
E00124887,317,170,147
E00124889,411,204,207
E00124892,295,154,141
E00124994,447,220,227
E00124995,235,122,113
E00124996,284,143,141
E00124997,187,102,85
E00124998,225,105,120
E00124999,163,78,85
E00124991,354,168,186
E00124992,479,234,245
E00124993,320,163,157
E00125000,383,197,186
E00125001,378,186,192
E00125003,266,143,123
E00125014,215,106,109
E00125015,254,137,117
E00125016,169,89,80
E00124881,586,298,288
E00124891,277,143,134
E00166911,421,234,187
E00166914,348,189,159
E00124893,285,150,135
E00124894,488,237,251
E00166912,364,195,169
E00166916,402,206,196
E00124678,303,163,140
E00124683,314,151,163
E00189649,319,176,143
E00189738,291,140,151
E00124870,280,141,139
E00124871,330,163,167
E00124875,321,172,149
E00124876,306,152,154
E00124877,333,181,152
E00124878,307,176,131
E00124879,309,151,158
E00124880,264,133,131
E00124863,256,130,126
E00124864,258,133,125
E00124865,191,106,85
E00124866,310,159,151
E00124868,269,144,125
E00124975,321,169,152
E00124978,283,150,133
E00124979,289,154,135
E00124982,452,250,202
E00189701,354,163,191
E00189723,351,201,150
E00124976,218,115,103
E00124981,324,152,172
E00124987,456,238,218
E00124988,288,149,139
E00124989,326,180,146
E00124990,344,173,171
E00124617,289,150,139
E00124619,292,157,135
E00124622,329,176,153
E00124623,249,141,108
E00124625,325,175,150
E00166917,212,107,105
E00166919,247,112,135
E00166920,252,140,112
E00124620,279,139,140
E00124621,343,179,164
E00124629,485,264,221
E00124631,331,188,143
E00189654,321,166,155
E00189717,272,143,129
E00189767,275,137,138
E00124618,303,165,138
E00124624,238,127,111
E00124627,351,184,167
E00124630,300,155,145
E00124632,435,233,202
E00124633,352,186,166
E00124677,379,191,188
E00124680,372,187,185
E00124681,315,151,164
E00124682,261,129,132
E00124684,346,179,167
E00124867,294,160,134
E00124869,320,166,154
E00124872,188,98,90
E00124873,328,172,156
E00124874,280,147,133
E00124977,278,140,138
E00124980,392,210,182
E00124984,599,301,298
E00124985,286,156,130
E00124986,346,168,178
E00124685,121,62,59
E00124689,117,61,56
E00124691,348,165,183
E00124692,380,185,195
E00124694,280,138,142
E00124686,303,138,165
E00124687,283,140,143
E00124688,361,188,173
E00124690,362,183,179
E00124693,203,100,103
E00124962,498,244,254
E00124963,269,133,136
E00124964,236,129,107
E00124972,384,190,194
E00124973,365,180,185
E00124966,261,129,132
E00124967,377,192,185
E00124968,365,178,187
E00124969,393,206,187
E00124970,427,222,205
E00124971,284,154,130
E00124959,216,106,110
E00124960,272,143,129
E00124965,419,216,203
E00189633,335,160,175
E00189655,329,158,171
E00189727,316,164,152
E00189740,338,158,180
E00189756,349,175,174
E00189779,328,169,159
E00124656,355,183,172
E00124657,509,251,258
E00124658,208,112,96
E00124659,277,147,130
E00124652,261,127,134
E00124653,238,123,115
E00124654,393,195,198
E00124655,330,166,164
E00124642,245,134,111
E00124643,291,154,137
E00124645,289,153,136
E00124646,324,178,146
E00124647,348,187,161
E00124644,428,221,207
E00124648,388,193,195
E00124649,388,188,200
E00124650,230,109,121
E00124651,298,154,144
E00125166,528,264,264
E00125167,323,177,146
E00125174,509,269,240
E00166930,385,199,186
E00166934,272,132,140
E00166936,218,107,111
E00166937,276,125,151
E00125152,303,153,150
E00125156,390,201,189
E00125162,132,90,42
E00125169,280,134,146
E00125172,332,170,162
E00166926,412,195,217
E00166928,426,246,180
E00125154,415,209,206
E00125158,263,136,127
E00125159,403,198,205
E00125160,295,147,148
E00125161,340,184,156
E00125157,600,305,295
E00125164,435,231,204
E00125170,394,214,180
E00125171,435,219,216
E00125263,432,219,213
E00125264,223,122,101
E00125266,179,96,83
E00125267,276,128,148
E00125254,355,187,168
E00125268,231,114,117
E00190195,291,154,137
E00190196,280,145,135
E00125135,208,123,85
E00125136,303,151,152
E00125137,267,135,132
E00125139,257,137,120
E00125140,358,176,182
E00125145,282,142,140
E00125129,308,150,158
E00125142,219,130,89
E00125144,256,138,118
E00125147,277,142,135
E00125149,256,142,114
E00125151,266,128,138
E00125138,227,129,98
E00125141,333,185,148
E00125146,296,155,141
E00125148,259,139,120
E00125150,398,215,183
E00125130,232,127,105
E00125131,259,145,114
E00125132,280,139,141
E00125133,279,149,130
E00125134,298,143,155
E00125143,323,172,151
E00125245,430,241,189
E00125246,308,166,142
E00125247,290,150,140
E00125248,336,182,154
E00125249,492,254,238
E00125250,341,171,170
E00125251,469,222,247
E00125253,197,83,114
E00125255,497,226,271
E00125260,369,187,182
E00125262,337,180,157
E00125269,289,132,157
E00125252,310,162,148
E00125256,222,119,103
E00125257,308,174,134
E00125258,350,191,159
E00125259,254,139,115
E00125261,368,193,175
E00125350,309,152,157
E00125357,363,190,173
E00125361,388,200,188
E00125362,264,145,119
E00125353,324,168,156
E00125354,333,180,153
E00125355,230,130,100
E00125356,317,158,159
E00125435,204,111,93
E00125436,322,156,166
E00125438,355,174,181
E00190186,185,86,99
E00190187,208,104,104
E00190202,225,110,115
E00125153,315,165,150
E00125155,472,236,236
E00125173,439,205,234
E00125175,335,193,142
E00125176,330,168,162
E00125180,333,180,153
E00125184,324,167,157
E00125200,247,130,117
E00125201,356,177,179
E00125177,299,158,141
E00125196,336,180,156
E00125197,325,174,151
E00125198,278,131,147
E00125199,301,172,129
E00125358,377,197,180
E00125359,277,133,144
E00125360,294,171,123
E00125363,305,153,152
E00166931,118,56,62
E00166933,279,130,149
E00125347,489,252,237
E00125349,344,180,164
E00125351,346,187,159
E00125352,359,177,182
E00125232,331,179,152
E00125235,290,144,146
E00125237,325,168,157
E00125238,264,144,120
E00125243,274,152,122
E00125229,339,174,165
E00125230,288,144,144
E00125233,247,136,111
E00125234,361,189,172
E00125236,323,172,151
E00125244,311,158,153
E00125231,305,149,156
E00125239,355,186,169
E00125240,293,140,153
E00125241,350,183,167
E00125242,335,162,173
E00125427,399,206,193
E00125429,362,183,179
E00125430,337,185,152
E00125439,346,168,178
E00125428,339,179,160
E00125431,355,186,169
E00125432,289,158,131
E00125433,347,176,171
E00125434,283,144,139
E00125020,287,139,148
E00125023,304,171,133
E00125025,287,148,139
E00125026,368,197,171
E00125028,387,190,197
E00125019,399,218,181
E00125021,315,159,156
E00125024,355,186,169
E00125030,302,153,149
E00125178,207,121,86
E00125183,304,159,145
E00125187,173,93,80
E00125189,477,263,214
E00125190,376,195,181
E00125182,297,156,141
E00125192,340,183,157
E00125193,335,195,140
E00125194,363,192,171
E00125195,235,134,101
E00125179,207,93,114
E00125181,298,158,140
E00125185,305,167,138
E00125186,245,130,115
E00125188,243,123,120
E00125191,311,158,153
E00125046,253,135,118
E00125048,195,120,75
E00125053,263,140,123
E00125058,323,168,155
E00125059,251,124,127
E00125064,244,124,120
E00125440,499,263,236
E00125444,341,183,158
E00125451,282,151,131
E00125452,338,163,175
E00125453,385,216,169
E00125443,342,179,163
E00125446,290,146,144
E00125454,271,162,109
E00125459,223,123,100
E00125460,250,123,127
E00125461,302,154,148
E00125441,403,210,193
E00125442,228,119,109
E00125455,308,160,148
E00125456,314,163,151
E00125457,279,131,148
E00125458,367,191,176
E00125445,359,191,168
E00125447,312,175,137
E00125448,359,184,175
E00125449,351,184,167
E00125450,321,152,169
E00125462,390,221,169
E00125031,288,152,136
E00125035,253,139,114
E00125036,310,167,143
E00125039,256,137,119
E00125041,222,123,99
E00125042,264,140,124
E00125043,271,134,137
E00125044,255,140,115
E00125032,305,153,152
E00125033,288,161,127
E00125034,319,160,159
E00125037,304,170,134
E00125038,289,144,145
E00125040,259,135,124
E00125049,284,149,135
E00125051,345,176,169
E00125054,238,127,111
E00125065,210,114,96
E00125066,292,164,128
E00125067,311,173,138
E00125047,349,182,167
E00125050,289,144,145
E00125052,292,157,135
E00125056,192,107,85
E00125060,285,154,131
E00125068,237,127,110
E00125045,273,150,123
E00125055,260,143,117
E00125057,251,130,121
E00125061,330,172,158
E00125062,264,137,127
E00125063,278,140,138
E00125017,400,199,201
E00125018,282,156,126
E00125022,284,143,141
E00125027,385,195,190
E00125029,326,167,159
E00125069,236,122,114
E00125071,215,123,92
E00125072,241,126,115
E00125073,204,97,107
E00125082,270,136,134
E00125083,247,128,119
E00125074,298,144,154
E00125075,229,121,108
E00125076,249,132,117
E00125081,330,174,156
E00125084,252,135,117
E00125328,321,173,148
E00125330,371,212,159
E00125332,337,184,153
E00125334,183,103,80
E00125336,216,114,102
E00125337,294,159,135
E00125324,304,164,140
E00125329,289,154,135
E00125335,255,142,113
E00125338,286,154,132
E00125339,249,112,137
E00125070,170,83,87
E00125077,322,155,167
E00125078,265,134,131
E00125079,194,111,83
E00125080,223,111,112
E00125402,203,105,98
E00125405,245,115,130
E00125409,212,111,101
E00125423,251,119,132
E00125425,173,87,86
E00125408,323,171,152
E00125420,302,155,147
E00125421,277,147,130
E00125422,271,144,127
E00125426,247,132,115
E00125404,299,153,146
E00125407,253,126,127
E00125410,231,121,110
E00125411,307,166,141
E00125424,296,149,147
E00125413,577,290,287
E00125416,486,237,249
E00125417,271,142,129
E00125418,397,205,192
E00125419,265,138,127
E00125302,249,130,119
E00125304,278,143,135
E00125306,274,138,136
E00125307,340,170,170
E00125310,297,143,154
E00125320,222,117,105
E00125301,275,142,133
E00125303,248,136,112
E00125305,326,165,161
E00125319,272,149,123
E00125321,253,127,126
E00125322,348,169,179
E00125325,342,179,163
E00125333,239,126,113
E00125340,304,167,137
E00125342,340,178,162
E00125341,311,160,151
E00125343,304,172,132
E00125344,340,173,167
E00125345,188,101,87
E00125346,292,152,140
E00125323,333,170,163
E00125326,338,165,173
E00125327,269,133,136
E00125331,313,156,157
E00125215,373,196,177
E00125217,298,168,130
E00125218,330,171,159
E00125222,426,236,190
E00125224,317,170,147
E00125373,254,142,112
E00125374,294,154,140
E00125375,332,166,166
E00125376,266,128,138
E00125377,290,148,142
E00125364,322,170,152
E00125365,373,178,195
E00125366,269,136,133
E00125367,264,142,122
E00125378,397,211,186
E00125379,241,124,117
E00125368,410,212,198
E00125369,432,223,209
E00125370,323,172,151
E00125371,314,163,151
E00125372,301,168,133
E00125403,298,151,147
E00125406,274,144,130
E00125412,306,168,138
E00125414,253,133,120
E00125415,251,131,120
E00125289,316,167,149
E00125292,331,164,167
E00125293,463,249,214
E00125295,423,223,200
E00190152,374,205,169
E00190155,353,184,169
E00125288,274,144,130
E00125290,378,196,182
E00125291,311,162,149
E00125294,385,195,190
E00125296,359,187,172
E00125285,324,169,155
E00125286,320,176,144
E00125287,350,195,155
E00125298,344,151,193
E00125299,404,204,200
E00125308,263,144,119
E00125309,350,171,179
E00125312,301,150,151
E00125315,265,142,123
E00125316,280,143,137
E00125318,323,163,160
E00125300,377,191,186
E00125311,123,38,85
E00125313,353,182,171
E00125314,257,132,125
E00125317,326,170,156
E00125384,304,162,142
E00125386,309,162,147
E00125388,215,119,96
E00125393,293,146,147
E00125394,236,128,108
E00125395,364,182,182
E00125396,388,207,181
E00125397,270,135,135
E00125398,150,73,77
E00125399,325,169,156
E00125400,136,68,68
E00125401,221,109,112
E00125383,278,134,144
E00125385,462,249,213
E00125387,442,238,204
E00125391,291,144,147
E00125392,325,152,173
E00166922,192,90,102
E00166925,172,82,90
E00166940,295,143,152
E00190149,291,153,138
E00190208,306,150,156
E00190213,273,140,133
E00125381,315,155,160
E00125389,269,137,132
E00125390,492,255,237
E00166939,318,163,155
E00166942,131,69,62
E00125087,360,176,184
E00125088,333,179,154
E00125089,296,144,152
E00125090,260,134,126
E00125091,336,182,154
E00125095,296,155,141
E00125097,301,152,149
E00125101,281,137,144
E00125102,314,162,152
E00125104,365,195,170
E00125212,332,179,153
E00125213,530,272,258
E00125216,247,126,121
E00125220,261,133,128
E00125207,394,198,196
E00125214,285,151,134
E00125219,325,158,167
E00125221,334,176,158
E00125223,389,230,159
E00125272,340,178,162
E00125274,419,221,198
E00125276,359,189,170
E00125277,416,216,200
E00125278,366,185,181
E00125093,287,139,148
E00125094,344,167,177
E00125105,266,129,137
E00125106,247,126,121
E00125107,338,181,157
E00190168,220,103,117
E00190184,235,115,120
E00125085,323,158,165
E00125092,137,82,55
E00125096,304,148,156
E00125099,203,91,112
E00125100,294,159,135
E00125103,247,122,125
E00125086,302,150,152
E00125108,387,204,183
E00125109,234,134,100
E00125110,274,122,152
E00125111,379,177,202
E00125112,235,106,129
E00125202,266,142,124
E00125203,219,114,105
E00125204,196,114,82
E00125206,211,106,105
E00125210,326,166,160
E00125211,342,174,168
E00125228,234,120,114
E00125205,135,80,55
E00125208,240,119,121
E00125209,233,114,119
E00125225,301,155,146
E00125226,510,281,229
E00125227,235,122,113
E00125116,301,161,140
E00125118,344,179,165
E00125122,271,144,127
E00125126,270,136,134
E00125128,308,154,154
E00125114,360,192,168
E00125117,293,141,152
E00125119,417,222,195
E00125123,231,115,116
E00125127,196,99,97
E00125113,353,179,174
E00125115,346,183,163
E00125120,292,152,140
E00125121,292,165,127
E00125124,291,150,141
E00125125,314,159,155
E00125273,240,128,112
E00125279,260,131,129
E00125280,257,132,125
E00125282,268,143,125
E00125284,237,128,109
E00125270,283,139,144
E00125271,264,140,124
E00125275,323,159,164
E00125281,474,259,215
E00125283,321,166,155
E00125465,506,266,240
E00125466,334,170,164
E00125467,228,122,106
E00125470,336,158,178
E00186754,313,150,163
E00186766,215,112,103
E00186800,345,161,184
E00125478,256,137,119
E00125480,252,135,117
E00125482,287,144,143
E00125490,252,130,122
E00125491,286,148,138
E00125481,304,155,149
E00125484,310,144,166
E00125486,153,79,74
E00125488,243,126,117
E00125489,336,149,187
E00125477,305,149,156
E00125479,282,146,136
E00125483,306,162,144
E00125485,217,128,89
E00125487,262,140,122
E00125514,337,169,168
E00125516,356,181,175
E00125518,370,193,177
E00125519,379,192,187
E00125520,315,168,147
E00125523,532,263,269
E00125524,282,141,141
E00167619,386,225,161
E00186788,216,115,101
E00186699,210,122,88
E00186738,390,204,186
E00186782,389,193,196
E00186814,369,195,174
E00125515,303,163,140
E00125517,340,167,173
E00125521,300,164,136
E00125522,298,148,150
E00125720,257,133,124
E00125721,609,307,302
E00125722,304,150,154
E00125723,374,201,173
E00125724,398,195,203
E00125734,307,165,142
E00125740,281,150,131
E00125741,369,180,189
E00125742,337,169,168
E00125743,361,187,174
E00125733,330,180,150
E00125735,283,150,133
E00125737,277,146,131
E00125738,282,146,136
E00125739,303,152,151
E00125746,239,116,123
E00125725,330,168,162
E00125726,265,135,130
E00125727,239,120,119
E00125728,248,122,126
E00125729,422,237,185
E00125730,244,126,118
E00125731,342,181,161
E00125732,371,174,197
E00125745,300,155,145
E00125748,229,117,112
E00125749,310,156,154
E00167623,406,202,204
E00167606,336,171,165
E00167607,199,99,100
E00186799,250,127,123
E00186803,107,53,54
E00186810,437,226,211
E00125736,297,150,147
E00186725,222,126,96
E00186735,346,164,182
E00186785,614,325,289
E00125584,435,224,211
E00125585,390,209,181
E00125586,308,156,152
E00125587,463,246,217
E00125684,257,136,121
E00125686,298,158,140
E00125687,280,137,143
E00125691,308,164,144
E00167621,328,164,164
E00167622,292,160,132
E00167625,374,182,192
E00125688,282,142,140
E00125690,460,228,232
E00125692,276,151,125
E00125693,300,150,150
E00125694,273,146,127
E00186759,328,165,163
E00186836,318,159,159
E00125697,331,164,167
E00125700,353,183,170
E00125704,331,164,167
E00125705,352,182,170
E00125695,324,157,167
E00125701,288,154,134
E00125703,409,219,190
E00125706,308,153,155
E00125696,307,152,155
E00125698,371,176,195
E00125699,299,152,147
E00125702,339,178,161
E00125787,344,176,168
E00125789,311,152,159
E00125792,278,147,131
E00125794,289,151,138
E00125788,218,114,104
E00125790,297,154,143
E00125791,397,208,189
E00125793,352,182,170
E00125796,258,145,113
E00125463,247,139,108
E00125469,333,180,153
E00125475,260,119,141
E00186675,318,169,149
E00186686,287,157,130
E00186716,345,176,169
E00186784,305,158,147
E00186790,196,108,88
E00125471,333,153,180
E00125472,315,156,159
E00125474,342,174,168
E00125476,356,185,171
E00125557,339,163,176
E00125558,315,149,166
E00125559,276,136,140
E00125564,302,161,141
E00125567,287,146,141
E00125554,242,118,124
E00125555,294,146,148
E00125556,292,154,138
E00125560,327,171,156
E00186796,349,180,169
E00186798,298,145,153
E00125553,311,167,144
E00125562,338,178,160
E00125565,339,181,158
E00125566,285,145,140
E00167620,307,168,139
E00167624,540,301,239
E00167626,364,181,183
E00125509,401,194,207
E00125510,242,122,120
E00125511,490,233,257
E00125512,313,155,158
E00125513,176,89,87
E00125496,300,160,140
E00125504,361,189,172
E00125505,545,259,286
E00125506,283,150,133
E00125507,307,162,145
E00125508,298,151,147
E00125493,342,184,158
E00125495,297,150,147
E00125498,420,224,196
E00125499,301,155,146
E00186693,213,111,102
E00186820,578,293,285
E00125492,268,142,126
E00125494,375,199,176
E00125497,218,122,96
E00125501,311,162,149
E00125502,356,186,170
E00125503,358,198,160
E00125653,334,167,167
E00125654,301,154,147
E00125655,372,184,188
E00125656,142,73,69
E00125659,163,87,76
E00125660,310,175,135
E00167638,414,209,205
E00125805,132,74,58
E00125806,268,144,124
E00125807,557,282,275
E00125808,291,149,142
E00125809,390,194,196
E00125810,322,172,150
E00125616,375,190,185
E00125617,347,174,173
E00125618,346,173,173
E00125676,372,190,182
E00125678,353,174,179
E00125680,336,169,167
E00125681,430,205,225
E00125779,150,71,79
E00125780,117,58,59
E00125781,253,129,124
E00125782,350,181,169
E00125783,309,152,157
E00125784,248,133,115
E00125785,341,177,164
E00125786,208,111,97
E00167612,341,164,177
E00167614,264,128,136
E00167615,434,223,211
E00186691,301,141,160
E00186708,442,234,208
E00186728,511,262,249
E00186789,307,168,139
E00186807,382,200,182
E00167610,366,184,182
E00167611,363,189,174
E00167616,376,174,202
E00167617,298,145,153
E00167618,329,156,173
E00167627,457,226,231
E00167628,370,203,167
E00167629,556,288,268
E00167630,383,208,175
E00167637,369,180,189
E00125677,394,208,186
E00125682,325,170,155
E00125683,453,235,218
E00125592,331,163,168
E00125593,289,152,137
E00125596,290,131,159
E00125598,238,118,120
E00125599,380,199,181
E00125602,341,182,159
E00125594,299,146,153
E00125595,310,166,144
E00125597,311,157,154
E00125600,124,61,63
E00125601,369,180,189
E00125603,314,148,166
E00125604,238,120,118
E00125605,216,106,110
E00125606,277,147,130
E00125607,324,162,162
E00125608,321,161,160
E00125609,375,215,160
E00125610,331,170,161
E00125611,396,204,192
E00125612,291,154,137
E00125613,282,147,135
E00125614,362,187,175
E00125615,207,97,110
E00125526,278,152,126
E00125530,353,166,187
E00125531,402,213,189
E00125532,332,172,160
E00125527,313,162,151
E00125528,370,198,172
E00125529,153,92,61
E00125538,303,157,146
E00125750,377,209,168
E00125751,371,198,173
E00125752,408,213,195
E00125753,174,87,87
E00125754,349,183,166
E00125755,362,191,171
E00125756,363,191,172
E00125759,304,154,150
E00125760,358,185,173
E00125757,314,152,162
E00125758,287,152,135
E00125761,269,140,129
E00125762,294,150,144
E00125539,316,164,152
E00125541,338,173,165
E00125542,214,110,104
E00125543,352,177,175
E00125545,419,237,182
E00125643,360,187,173
E00125645,317,163,154
E00125646,340,181,159
E00125647,317,153,164
E00125649,328,167,161
E00125640,385,173,212
E00125642,363,189,174
E00125644,288,142,146
E00125648,335,161,174
E00125652,206,105,101
E00125638,325,161,164
E00125639,346,179,167
E00125641,299,154,145
E00125650,472,242,230
E00125651,297,153,144
E00125533,514,268,246
E00125534,252,147,105
E00125535,200,109,91
E00125536,382,200,182
E00125537,350,186,164
E00125627,401,203,198
E00125628,334,174,160
E00125629,288,148,140
E00125633,344,171,173
E00125621,303,156,147
E00125622,300,156,144
E00125626,345,183,162
E00125636,341,182,159
E00125637,332,164,168
E00125623,313,160,153
E00125624,321,183,138
E00125630,308,174,134
E00125631,259,133,126
E00125634,325,175,150
E00125619,342,178,164
E00125620,276,137,139
E00125625,305,158,147
E00125632,285,154,131
E00125635,300,148,152
E00125551,301,153,148
E00125552,356,186,170
E00167631,145,73,72
E00167633,534,74,460
E00167636,179,98,81
E00186711,147,79,68
E00186805,406,200,206
E00125544,357,189,168
E00125546,354,192,162
E00125547,392,205,187
E00125548,339,174,165
E00125550,346,178,168
E00125661,310,150,160
E00125662,333,172,161
E00125663,266,140,126
E00125674,275,143,132
E00125675,350,196,154
E00125711,406,221,185
E00125717,330,173,157
E00186680,373,191,182
E00186713,117,61,56
E00186723,371,190,181
E00186765,131,89,42
E00186804,355,193,162
E00125709,390,201,189
E00125719,459,215,244
E00186685,186,101,85
E00186743,301,158,143
E00186757,222,100,122
E00186830,259,133,126
E00167632,326,178,148
E00186669,379,197,182
E00186806,375,181,194
E00186808,272,141,131
E00186823,165,72,93
E00125712,365,180,185
E00125714,323,168,155
E00125715,282,139,143
E00125718,340,175,165
E00186717,212,110,102
E00186748,170,91,79
E00125664,447,229,218
E00125666,314,152,162
E00125667,287,149,138
E00125668,268,150,118
E00125669,330,166,164
E00125665,349,172,177
E00125670,446,225,221
E00125671,284,144,140
E00125672,308,155,153
E00125673,308,155,153
E00125763,299,159,140
E00125764,499,253,246
E00125765,309,158,151
E00125768,261,136,125
E00125778,478,248,230
E00125769,294,157,137
E00125773,377,188,189
E00125774,197,100,97
E00125775,389,199,190
E00125776,294,148,146
E00125777,291,154,137
E00125766,336,169,167
E00125767,291,146,145
E00125770,360,197,163
E00125771,242,125,117
E00125772,345,184,161
E00125579,505,266,239
E00125580,454,223,231
E00125581,336,169,167
E00125582,344,169,175
E00125588,344,164,180
E00125578,457,246,211
E00125583,326,174,152
E00125589,324,175,149
E00125590,354,198,156
E00125591,378,194,184
E00125797,332,183,149
E00125798,298,177,121
E00125800,257,129,128
E00125802,326,180,146
E00125804,372,199,173
E00125568,547,277,270
E00125569,249,122,127
E00125571,461,247,214
E00125572,279,146,133
E00125576,262,129,133
E00165849,525,280,245
E00125570,464,232,232
E00125574,331,164,167
E00125577,252,123,129
E00186673,160,80,80
E00186715,542,267,275
E00186683,571,293,278
E00186726,412,227,185
E00186773,292,153,139
E00186829,174,82,92
E00125799,321,177,144
E00125801,332,179,153
E00125803,316,163,153
E00186746,253,134,119
E00186821,253,137,116
E00125864,302,159,143
E00125865,328,171,157
E00125866,443,219,224
E00125867,290,140,150
E00125868,361,188,173
E00125869,302,147,155
E00125870,326,164,162
E00125938,296,149,147
E00125941,305,150,155
E00125942,316,158,158
E00125945,274,145,129
E00125936,294,152,142
E00125943,288,147,141
E00125944,259,140,119
E00125946,548,280,268
E00125937,230,123,107
E00125939,287,150,137
E00125940,228,114,114
E00125947,392,197,195
E00125948,232,128,104
E00125949,239,118,121
E00125954,373,183,190
E00125955,285,147,138
E00125956,283,142,141
E00125957,322,160,162
E00125950,315,166,149
E00125951,311,169,142
E00125958,284,160,124
E00125959,288,150,138
E00125952,580,271,309
E00125953,304,170,134
E00125960,345,168,177
E00125961,281,154,127
E00126060,393,192,201
E00126067,346,170,176
E00126068,457,225,232
E00126072,370,188,182
E00126079,291,148,143
E00126103,296,156,140
E00126105,368,189,179
E00126107,304,163,141
E00126108,295,145,150
E00126124,322,158,164
E00126102,355,171,184
E00126111,336,185,151
E00126113,339,174,165
E00126114,327,164,163
E00126117,296,146,150
E00126131,305,146,159
E00126133,139,70,69
E00126135,312,168,144
E00126137,344,183,161
E00126138,267,143,124
E00126139,255,123,132
E00126127,420,235,185
E00126128,336,174,162
E00126129,291,160,131
E00126130,314,164,150
E00126061,390,190,200
E00126062,398,205,193
E00126063,317,162,155
E00126064,297,141,156
E00126066,334,169,165
E00126086,233,113,120
E00126087,289,147,142
E00126088,280,137,143
E00126090,337,170,167
E00186671,291,147,144
E00186695,210,105,105
E00186729,540,279,261
E00186742,114,64,50
E00186769,140,72,68
E00186827,456,235,221
E00126110,373,179,194
E00126112,326,166,160
E00126115,342,174,168
E00126118,317,151,166
E00126109,343,179,164
E00126116,321,164,157
E00126119,297,159,138
E00126121,355,181,174
E00126123,274,152,122
E00126125,341,187,154
E00126126,348,172,176
E00126132,201,101,100
E00126134,293,150,143
E00126136,172,102,70
E00125835,468,254,214
E00125836,247,131,116
E00125837,363,184,179
E00125839,323,163,160
E00125841,332,166,166
E00126010,341,186,155
E00126013,418,219,199
E00126016,302,155,147
E00126022,275,147,128
E00126008,222,110,112
E00126021,315,154,161
E00126023,323,176,147
E00126024,250,124,126
E00126025,270,140,130
E00126015,317,161,156
E00126017,268,139,129
E00126018,306,158,148
E00126019,312,161,151
E00126020,299,166,133
E00126007,382,196,186
E00126009,289,146,143
E00126011,315,174,141
E00126012,280,154,126
E00126014,300,154,146
E00126080,404,207,197
E00126085,423,220,203
E00126089,403,214,189
E00126091,316,142,174
E00126092,309,162,147
E00126093,440,218,222
E00126094,284,152,132
E00126095,236,119,117
E00126096,350,183,167
E00126097,328,163,165
E00126098,342,174,168
E00126081,398,194,204
E00126082,288,160,128
E00126099,327,174,153
E00126100,303,163,140
E00126101,312,162,150
E00126104,321,167,154
E00126106,287,155,132
E00126120,369,178,191
E00126122,467,248,219
E00126028,292,152,140
E00126030,270,131,139
E00126033,392,198,194
E00126036,338,170,168
E00126037,335,174,161
E00126149,340,167,173
E00126151,365,187,178
E00126152,296,159,137
E00126153,238,123,115
E00126155,440,230,210
E00126146,323,170,153
E00126148,376,194,182
E00126150,361,168,193
E00126154,313,158,155
E00126144,275,151,124
E00126145,297,148,149
E00126147,196,103,93
E00126157,291,146,145
E00126159,299,163,136
E00126140,385,196,189
E00126141,401,193,208
E00126142,128,65,63
E00126143,170,90,80
E00126156,354,184,170
E00126158,185,97,88
E00125874,274,141,133
E00125881,272,135,137
E00125887,430,225,205
E00125890,334,174,160
E00125894,325,194,131
E00186794,305,147,158
E00186809,188,98,90
E00125877,294,152,142
E00125879,282,136,146
E00125882,317,161,156
E00125885,374,195,179
E00125888,354,181,173
E00126065,310,166,144
E00126069,349,173,176
E00126071,336,170,166
E00126074,350,172,178
E00126075,356,191,165
E00126076,362,179,183
E00126059,396,198,198
E00126070,343,174,169
E00126073,375,199,176
E00126077,342,174,168
E00126078,309,164,145
E00125875,252,136,116
E00125878,286,140,146
E00125880,246,117,129
E00125883,193,92,101
E00125884,246,108,138
E00125886,331,168,163
E00125895,270,125,145
E00125984,313,157,156
E00125986,436,197,239
E00125990,229,125,104
E00126001,333,179,154
E00126002,297,154,143
E00126003,251,117,134
E00126042,474,246,228
E00126046,412,229,183
E00126052,432,218,214
E00126053,297,149,148
E00126056,201,104,97
E00126057,234,111,123
E00172110,251,127,124
E00172112,263,137,126
E00125889,264,110,154
E00172107,372,184,188
E00186677,283,139,144
E00186791,288,134,154
E00125872,278,143,135
E00125891,249,120,129
E00125892,339,167,172
E00125893,248,121,127
E00186703,244,123,121
E00186775,290,143,147
E00125987,257,134,123
E00125988,307,171,136
E00125989,384,186,198
E00125992,116,80,36
E00126004,381,217,164
E00126005,315,164,151
E00126006,311,148,163
E00125983,406,183,223
E00125996,336,184,152
E00125997,288,156,132
E00125998,373,198,175
E00125999,449,240,209
E00126000,377,191,186
E00125985,298,165,133
E00125991,363,200,163
E00125993,369,190,179
E00125994,312,150,162
E00125995,354,181,173
E00126047,392,203,189
E00126050,324,172,152
E00126051,341,180,161
E00126054,309,161,148
E00126055,268,141,127
E00126043,363,182,181
E00126048,351,178,173
E00126049,343,181,162
E00126058,343,174,169
E00172108,302,151,151
E00172109,284,157,127
E00172111,229,117,112
E00125851,340,187,153
E00125852,307,161,146
E00125854,352,175,177
E00125855,317,169,148
E00125859,258,122,136
E00125850,309,146,163
E00125853,213,99,114
E00125856,291,141,150
E00125857,264,135,129
E00125863,308,161,147
E00126027,364,208,156
E00126029,353,192,161
E00126031,264,136,128
E00126038,209,109,100
E00126039,303,155,148
E00126041,403,231,172
E00126026,292,158,134
E00126032,202,107,95
E00126034,258,147,111
E00126035,345,185,160
E00126040,254,133,121
E00125834,423,222,201
E00125838,350,172,178
E00125840,381,198,183
E00125844,391,191,200
E00125848,311,163,148
E00125842,299,151,148
E00125843,329,159,170
E00125845,428,200,228
E00125846,310,160,150
E00125847,332,185,147
E00125905,346,169,177
E00125906,349,174,175
E00125910,269,132,137
E00125911,445,237,208
E00125913,421,211,210
E00125914,280,145,135
E00125915,318,151,167
E00125916,355,175,180
E00125917,267,136,131
E00125904,302,160,142
E00125907,424,227,197
E00125908,402,183,219
E00125909,253,122,131
E00125912,281,131,150
E00125849,252,115,137
E00125858,492,250,242
E00125860,286,146,140
E00125861,339,172,167
E00125862,290,152,138
E00125964,283,136,147
E00125965,272,149,123
E00125967,436,219,217
E00125968,329,166,163
E00125977,384,190,194
E00125962,330,168,162
E00125969,343,173,170
E00125970,267,142,125
E00125971,577,318,259
E00125972,274,140,134
E00125963,286,141,145
E00125973,238,128,110
E00125975,257,133,124
E00125978,228,108,120
E00125980,279,152,127
E00125982,234,114,120
E00125966,357,178,179
E00125974,333,181,152
E00125976,342,168,174
E00125979,351,183,168
E00125981,372,200,172
E00125821,344,185,159
E00125827,201,100,101
E00125828,447,231,216
E00125832,247,127,120
E00125819,270,135,135
E00125822,290,139,151
E00125824,261,139,122
E00125825,304,152,152
E00125826,314,155,159
E00125817,235,111,124
E00125829,251,139,112
E00125830,445,217,228
E00125833,273,157,116
E00125818,393,206,187
E00125820,320,176,144
E00125823,362,181,181
E00125831,294,163,131
E00125896,204,102,102
E00125897,481,257,224
E00125898,202,109,93
E00125899,264,138,126
E00125900,282,143,139
E00125901,261,139,122
E00125902,315,157,158
E00125903,317,166,151
E00125811,301,148,153
E00125812,314,152,162
E00125813,197,98,99
E00125814,284,144,140
E00125816,281,150,131
E00172113,314,148,166
E00172114,614,526,88
E00125919,341,182,159
E00125924,406,208,198
E00125928,295,168,127
E00125930,294,148,146
E00125931,268,138,130
E00125922,314,165,149
E00125925,274,138,136
E00125926,363,184,179
E00125927,413,224,189
E00125929,385,198,187
E00125932,318,168,150
E00125933,367,176,191
E00125934,377,202,175
E00125935,351,183,168
E00125918,437,227,210
E00125920,380,195,185
E00125921,490,250,240
E00125923,330,176,154
E00145113,324,171,153
E00145114,241,117,124
E00145116,258,138,120
E00145117,249,118,131
E00145118,253,131,122
E00145111,418,213,205
E00145112,325,166,159
E00145115,237,129,108
E00145119,207,105,102
E00145120,358,181,177
E00145243,326,163,163
E00145244,334,163,171
E00145245,422,211,211
E00145242,266,139,127
E00145246,415,205,210
E00145247,307,156,151
E00145248,234,117,117
E00185922,439,220,219
E00185966,189,94,95
E00185972,233,120,113
E00185985,270,137,133
E00186032,240,120,120
E00186083,357,181,176
E00144938,287,135,152
E00144940,286,151,135
E00144943,260,132,128
E00144947,289,131,158
E00169015,295,141,154
E00169016,286,145,141
E00169020,383,180,203
E00169021,370,185,185
E00144932,258,128,130
E00144941,334,170,164
E00144942,273,144,129
E00144945,343,166,177
E00144946,237,115,122
E00144928,300,149,151
E00144931,264,138,126
E00144933,294,147,147
E00144934,273,146,127
E00144944,282,148,134
E00169013,320,161,159
E00169017,331,169,162
E00169018,320,162,158
E00169022,369,192,177
E00185983,398,204,194
E00186001,236,120,116
E00186028,219,108,111
E00144929,282,133,149
E00144930,278,142,136
E00144936,221,98,123
E00144937,237,125,112
E00169014,316,157,159
E00144950,340,169,171
E00144951,397,189,208
E00144953,354,174,180
E00144954,389,189,200
E00144952,303,155,148
E00144955,351,176,175
E00144956,254,131,123
E00144957,308,151,157
E00144958,367,183,184
E00144959,273,133,140
E00144960,351,166,185
E00144961,395,189,206
E00144963,249,106,143
E00144948,405,218,187
E00144949,298,150,148
E00144962,333,177,156
E00144964,319,171,148
E00144965,327,165,162
E00144894,255,106,149
E00144895,238,113,125
E00144899,376,188,188
E00144920,358,175,183
E00144927,172,89,83
E00185904,168,66,102
E00185980,237,109,128
E00186034,268,124,144
E00144896,279,130,149
E00144901,365,181,184
E00144902,285,141,144
E00144904,319,163,156
E00144906,380,179,201
E00144897,303,141,162
E00144905,325,156,169
E00144907,279,133,146
E00144915,217,109,108
E00144917,276,130,146
E00144911,245,111,134
E00144912,282,138,144
E00144913,268,130,138
E00144916,251,114,137
E00144918,313,139,174
E00144922,277,131,146
E00144914,317,154,163
E00144923,215,115,100
E00144924,376,198,178
E00169007,294,151,143
E00169008,281,135,146
E00144925,322,156,166
E00169009,384,195,189
E00169010,292,133,159
E00169011,305,148,157
E00169012,209,112,97
E00185921,208,112,96
E00186014,381,198,183
E00186027,479,243,236
E00186068,143,75,68
E00144903,228,108,120
E00144908,285,131,154
E00144909,382,175,207
E00144910,236,113,123
E00144921,368,191,177
E00185954,164,76,88
E00144966,374,202,172
E00144970,433,216,217
E00144971,324,160,164
E00144990,339,172,167
E00144967,340,179,161
E00144968,389,201,188
E00144988,434,228,206
E00144989,359,186,173
E00144972,339,167,172
E00144973,316,167,149
E00144974,325,151,174
E00144976,311,159,152
E00144975,351,175,176
E00144977,385,187,198
E00144978,366,198,168
E00144979,373,195,178
E00144969,360,182,178
E00144981,360,179,181
E00144982,345,183,162
E00144987,339,181,158
E00144980,339,156,183
E00144983,450,236,214
E00144984,368,195,173
E00144985,242,132,110
E00144986,323,161,162
E00144876,274,145,129
E00144877,409,221,188
E00144878,388,192,196
E00144879,252,116,136
E00185917,313,151,162
E00186018,234,111,123
E00144880,320,167,153
E00144881,343,175,168
E00144882,314,151,163
E00144885,268,142,126
E00144887,374,184,190
E00144883,250,133,117
E00144886,287,153,134
E00144889,422,225,197
E00144891,339,169,170
E00185931,339,174,165
E00185960,346,172,174
E00144869,279,150,129
E00144870,314,164,150
E00144871,292,153,139
E00144872,253,128,125
E00144873,234,105,129
E00144874,238,128,110
E00144884,327,166,161
E00144888,262,133,129
E00144892,560,289,271
E00169023,502,362,140
E00169024,291,148,143
E00144859,293,142,151
E00144860,286,135,151
E00144861,274,141,133
E00144864,233,121,112
E00186048,116,67,49
E00186062,561,282,279
E00144851,235,109,126
E00144852,275,136,139
E00144853,318,144,174
E00144854,289,154,135
E00144868,345,158,187
E00144863,344,161,183
E00144865,335,165,170
E00144866,328,165,163
E00144867,339,180,159
E00144855,288,144,144
E00144856,272,143,129
E00144857,265,139,126
E00144858,252,127,125
E00144836,354,184,170
E00144837,577,299,278
E00144838,569,292,277
E00144840,357,187,170
E00144833,277,151,126
E00144834,281,151,130
E00144835,542,266,276
E00144839,359,186,173
E00144841,171,85,86
E00145084,313,162,151
E00145087,363,180,183
E00145088,313,155,158
E00145089,370,180,190
E00145090,445,213,232
E00185872,215,114,101
E00186003,583,317,266
E00186005,261,128,133
E00185890,186,97,89
E00185903,260,141,119
E00185976,551,280,271
E00185977,545,282,263
E00186020,322,160,162
E00145096,283,132,151
E00145099,284,148,136
E00186026,144,75,69
E00186061,276,147,129
E00186081,386,199,187
E00145097,271,136,135
E00145098,269,140,129
E00186033,549,277,272
E00186038,105,56,49
E00186082,312,156,156
E00145085,490,243,247
E00145091,370,197,173
E00145092,327,167,160
E00145100,409,209,200
E00145101,325,167,158
E00145140,291,155,136
E00145142,622,323,299
E00145143,368,201,167
E00145144,309,170,139
E00145138,296,150,146
E00145139,301,154,147
E00145141,168,89,79
E00145145,274,137,137
E00145146,198,95,103
E00145217,284,154,130
E00145219,342,174,168
E00145224,520,273,247
E00145218,273,136,137
E00145220,409,198,211
E00145221,269,143,126
E00145222,249,132,117
E00145223,239,106,133
E00145123,309,151,158
E00145124,280,147,133
E00145126,340,176,164
E00145127,292,154,138
E00145129,242,120,122
E00145121,255,126,129
E00145122,299,140,159
E00145125,290,155,135
E00145128,548,275,273
E00145227,372,196,176
E00145228,339,172,167
E00145232,307,160,147
E00145233,398,198,200
E00145238,496,247,249
E00145225,259,139,120
E00145226,212,116,96
E00145231,319,169,150
E00145235,318,161,157
E00145236,343,178,165
E00145240,263,134,129
E00185891,582,287,295
E00185969,564,284,280
E00185978,348,167,181
E00145229,233,114,119
E00145230,220,118,102
E00145234,311,149,162
E00185889,284,149,135
E00185909,292,140,152
E00185946,142,68,74
E00145102,423,219,204
E00145103,317,173,144
E00145104,285,140,145
E00145110,238,121,117
E00185981,102,58,44
E00185999,198,106,92
E00186010,558,279,279
E00186063,360,166,194
E00145105,390,198,192
E00145107,291,147,144
E00145108,328,167,161
E00145109,372,215,157
E00145131,487,249,238
E00145137,456,244,212
E00169035,352,171,181
E00145130,231,113,118
E00145132,279,139,140
E00145133,313,159,154
E00145134,277,125,152
E00145203,605,318,287
E00145204,266,135,131
E00145205,357,177,180
E00145206,352,182,170
E00145207,400,218,182
E00169029,533,297,236
E00185854,601,262,339
E00185855,277,147,130
E00185856,276,139,137
E00144843,467,233,234
E00144844,541,272,269
E00144845,314,157,157
E00145010,352,173,179
E00145014,281,138,143
E00145017,256,128,128
E00145018,308,156,152
E00145021,246,120,126
E00145015,322,163,159
E00145019,359,178,181
E00145022,574,292,282
E00169025,243,119,124
E00169026,270,124,146
E00169027,279,145,134
E00145009,460,225,235
E00145013,306,152,154
E00145016,314,158,156
E00145026,580,291,289
E00145011,355,174,181
E00145012,378,182,196
E00145023,233,112,121
E00145024,222,110,112
E00145025,388,194,194
E00144994,337,154,183
E00144996,343,165,178
E00145005,523,272,251
E00145006,289,148,141
E00144991,321,176,145
E00144992,315,161,154
E00144993,294,145,149
E00144997,243,132,111
E00145008,283,135,148
E00144995,369,187,182
E00145001,366,174,192
E00145003,294,147,147
E00145007,340,172,168
E00144998,350,175,175
E00144999,301,141,160
E00145000,407,208,199
E00145002,291,158,133
E00145004,218,106,112
E00145043,298,151,147
E00145044,363,182,181
E00145046,324,169,155
E00145050,293,151,142
E00145054,332,170,162
E00145060,222,119,103
E00145042,310,175,135
E00145045,352,181,171
E00145047,240,129,111
E00145051,297,143,154
E00145052,288,142,146
E00145053,272,140,132
E00145061,297,156,141
E00145079,243,126,117
E00145080,252,127,125
E00145082,297,150,147
E00145083,337,175,162
E00145063,274,121,153
E00145064,355,167,188
E00145065,384,202,182
E00145067,309,174,135
E00145081,326,163,163
E00145062,314,165,149
E00145066,390,196,194
E00145072,310,157,153
E00145073,332,176,156
E00145069,300,145,155
E00145070,286,146,140
E00145071,345,187,158
E00145077,276,142,134
E00145068,282,137,145
E00145074,274,131,143
E00145075,326,163,163
E00145076,296,150,146
E00145078,288,148,140
E00145027,428,212,216
E00145037,364,184,180
E00145039,214,106,108
E00145040,269,147,122
E00145041,251,120,131
E00169032,323,161,162
E00169033,359,173,186
E00169034,383,203,180
E00145029,331,159,172
E00145031,551,275,276
E00145032,212,99,113
E00145035,300,164,136
E00145036,252,127,125
E00145028,416,213,203
E00145030,310,147,163
E00145033,332,169,163
E00145034,313,163,150
E00145048,307,140,167
E00145049,240,126,114
E00145055,175,114,61
E00145056,340,156,184
E00145057,353,190,163
E00145058,323,168,155
E00185858,450,234,216
E00185883,160,88,72
E00186046,357,193,164
E00186057,261,114,147
E00145192,313,174,139
E00145195,293,153,140
E00145196,323,169,154
E00145199,257,130,127
E00145200,248,130,118
E00145191,278,132,146
E00145193,470,225,245
E00145194,166,85,81
E00145197,370,188,182
E00145198,379,182,197
E00145208,358,179,179
E00169030,275,134,141
E00169031,686,65,621
E00185979,337,180,157
E00186011,362,164,198
E00145210,251,116,135
E00145211,493,259,234
E00145214,344,159,185
E00145215,135,77,58
E00145209,435,236,199
E00145212,298,149,149
E00145213,370,181,189
E00145216,124,64,60
E00185885,285,151,134
E00185895,473,242,231
E00186012,586,301,285
E00186019,363,188,175
E00186031,205,102,103
E00185874,437,213,224
E00185918,135,75,60
E00185945,258,142,116
E00186004,433,203,230
E00186077,439,218,221
E00144848,530,218,312
E00144849,303,161,142
E00144850,400,208,192
E00185961,509,265,244
E00186079,140,64,76
E00145147,338,165,173
E00145156,288,134,154
E00145157,340,167,173
E00145158,237,126,111
E00145148,247,137,110
E00145149,260,144,116
E00145150,294,146,148
E00145153,298,155,143
E00145164,271,146,125
E00145151,379,203,176
E00145159,334,159,175
E00145160,303,160,143
E00145161,270,145,125
E00145171,242,131,111
E00145172,410,206,204
E00145174,367,180,187
E00145175,251,138,113
E00145176,315,146,169
E00145177,226,120,106
E00145182,307,161,146
E00145186,306,157,149
E00145187,260,126,134
E00145180,332,164,168
E00145181,293,145,148
E00145183,375,196,179
E00145184,263,127,136
E00145188,298,155,143
E00145173,323,156,167
E00145178,385,188,197
E00145179,344,169,175
E00145185,358,187,171
E00145165,325,154,171
E00145166,326,166,160
E00145189,382,204,178
E00145190,277,139,138
E00145167,333,154,179
E00145168,338,173,165
E00145169,337,175,162
E00145170,394,196,198
E00145152,233,122,111
E00145154,316,157,159
E00145155,220,109,111
E00145162,243,124,119
E00145163,362,163,199
E00145249,301,151,150
E00145250,247,127,120
E00145251,252,129,123
E00145257,530,275,255
E00145259,297,148,149
E00145252,439,218,221
E00145253,312,164,148
E00145254,340,169,171
E00145255,293,148,145
E00145256,501,279,222
E00145258,271,139,132
E00145260,564,291,273
E00145261,282,136,146
E00145262,302,160,142
E00145263,480,243,237
E00145661,356,182,174
E00145662,346,172,174
E00145664,262,138,124
E00145676,281,148,133
E00145677,321,175,146
E00145658,298,146,152
E00145668,423,220,203
E00145670,340,182,158
E00145673,262,149,113
E00145675,293,151,142
E00145665,289,145,144
E00145669,271,144,127
E00145671,234,128,106
E00145672,291,148,143
E00145674,364,176,188
E00145659,326,169,157
E00145660,262,131,131
E00145663,313,152,161
E00145666,346,168,178
E00145667,279,143,136
E00145645,267,136,131
E00145646,265,135,130
E00145648,304,154,150
E00145650,435,161,274
E00145647,269,150,119
E00145649,287,158,129
E00145652,247,124,123
E00172564,745,343,402
E00172565,121,71,50
E00145635,361,205,156
E00145638,235,135,100
E00145639,243,126,117
E00145640,334,186,148
E00145641,203,101,102
E00145642,254,140,114
E00145643,267,145,122
E00145644,286,149,137
E00145637,238,126,112
E00145654,415,211,204
E00145655,348,176,172
E00145656,302,168,134
E00145657,312,157,155
E00185852,347,202,145
E00145524,317,155,162
E00145526,285,145,140
E00145528,328,171,157
E00145530,356,193,163
E00145609,269,138,131
E00145610,246,116,130
E00145618,168,90,78
E00172590,239,115,124
E00172592,233,122,111
E00172593,255,128,127
E00172595,309,166,143
E00172596,371,193,178
E00172598,357,180,177
E00145608,270,145,125
E00145612,397,186,211
E00145615,301,193,108
E00145617,221,131,90
E00145619,233,152,81
E00172584,109,55,54
E00185847,990,534,456
E00145506,303,150,153
E00145507,341,171,170
E00145509,604,315,289
E00145510,220,103,117
E00145512,354,185,169
E00145511,319,161,158
E00145514,298,158,140
E00145515,362,188,174
E00145516,367,185,182
E00185935,264,144,120
E00185995,376,202,174
E00145497,352,164,188
E00145498,376,199,177
E00145501,269,143,126
E00145508,328,156,172
E00185875,439,297,142
E00185932,192,108,84
E00145499,357,172,185
E00145500,320,166,154
E00145502,311,157,154
E00145503,323,174,149
E00145504,260,136,124
E00145266,577,224,353
E00145268,520,279,241
E00145269,343,164,179
E00145270,456,203,253
E00175315,223,106,117
E00175316,226,107,119
E00175319,254,133,121
E00145271,361,196,165
E00145273,365,187,178
E00145274,422,205,217
E00145279,437,212,225
E00145264,336,188,148
E00145267,361,170,191
E00145272,479,229,250
E00145278,373,197,176
E00185865,259,142,117
E00185893,507,265,242
E00185928,99,57,42
E00145385,387,210,177
E00145386,345,172,173
E00145387,416,221,195
E00145395,345,187,158
E00145396,300,152,148
E00145372,365,193,172
E00145377,338,177,161
E00145379,311,172,139
E00145381,227,131,96
E00145365,411,210,201
E00145366,402,219,183
E00145378,330,183,147
E00145382,251,129,122
E00185894,127,74,53
E00186064,649,314,335
E00145364,248,146,102
E00145367,272,143,129
E00145368,286,160,126
E00145369,311,171,140
E00145370,322,174,148
E00145371,377,192,185
E00145373,283,196,87
E00145374,314,168,146
E00145375,249,133,116
E00175317,166,91,75
E00175320,448,261,187
E00145383,367,169,198
E00145384,551,329,222
E00145388,345,164,181
E00145389,437,206,231
E00145392,414,215,199
E00145390,346,181,165
E00145391,177,109,68
E00145393,382,194,188
E00172576,144,78,66
E00185866,426,237,189
E00185910,837,388,449
E00145265,390,205,185
E00145275,309,141,168
E00145280,339,174,165
E00145281,511,252,259
E00145282,191,96,95
E00145557,305,164,141
E00145559,388,194,194
E00145567,401,203,198
E00145570,241,130,111
E00145571,318,166,152
E00145555,362,195,167
E00145560,379,196,183
E00145566,450,228,222
E00145568,348,167,181
E00145569,329,167,162
E00145553,320,166,154
E00145554,433,218,215
E00145556,332,180,152
E00145558,326,169,157
E00145564,356,186,170
E00145552,241,125,116
E00145561,234,118,116
E00145562,333,172,161
E00145563,307,160,147
E00145565,322,165,157
E00145302,1023,509,514
E00145303,2818,1376,1442
E00172567,3981,2029,1952
E00172575,227,120,107
E00172578,189,71,118
E00185846,1661,803,858
E00145308,386,175,211
E00145417,2065,981,1084
E00172573,428,195,233
E00172582,197,90,107
E00175318,104,52,52
E00185905,170,61,109
E00185959,165,72,93
E00186021,581,241,340
E00145522,543,321,222
E00145523,214,118,96
E00145525,124,65,59
E00145527,198,103,95
E00145529,423,170,253
E00186080,745,378,367
E00145518,304,160,144
E00172559,445,219,226
E00172561,154,80,74
E00172589,111,63,48
E00185853,1217,686,531
E00145440,253,123,130
E00145441,309,155,154
E00145452,561,314,247
E00145455,378,175,203
E00145457,171,89,82
E00145458,289,141,148
E00145437,291,139,152
E00145442,278,138,140
E00145443,114,50,64
E00145444,336,166,170
E00145446,267,130,137
E00145456,249,105,144
E00145438,225,123,102
E00145447,260,122,138
E00145448,213,97,116
E00145449,257,140,117
E00145450,210,106,104
E00145451,268,129,139
E00145439,293,161,132
E00145454,121,58,63
E00172585,183,88,95
E00172587,361,183,178
E00175321,622,341,281
E00175324,112,43,69
E00145310,266,139,127
E00145316,252,130,122
E00145318,445,233,212
E00185963,307,210,97
E00186055,336,185,151
E00145309,332,160,172
E00145319,311,152,159
E00145321,393,185,208
E00145326,372,208,164
E00145327,336,188,148
E00145317,385,215,170
E00145322,286,153,133
E00145323,365,179,186
E00145324,483,257,226
E00145325,518,295,223
E00145311,335,174,161
E00145312,450,242,208
E00145313,430,203,227
E00145314,347,191,156
E00145315,674,360,314
E00145592,397,213,184
E00145597,428,220,208
E00145598,413,206,207
E00145599,453,182,271
E00145593,283,138,145
E00145595,352,199,153
E00145601,350,178,172
E00145605,364,194,170
E00145591,345,179,166
E00145594,338,178,160
E00145596,514,273,241
E00145606,303,148,155
E00145600,296,162,134
E00145602,261,141,120
E00145603,166,73,93
E00145604,152,76,76
E00145607,347,167,180
E00145622,373,198,175
E00145624,244,134,110
E00145627,542,177,365
E00145628,310,159,151
E00145630,244,137,107
E00145623,439,229,210
E00145625,422,210,212
E00145626,309,160,149
E00145629,379,189,190
E00145634,334,177,157
E00145621,552,298,254
E00145631,521,284,237
E00145632,292,133,159
E00145633,409,184,225
E00145398,232,110,122
E00145412,284,146,138
E00145413,232,120,112
E00145414,377,191,186
E00145415,291,154,137
E00145399,333,164,169
E00145400,279,138,141
E00145401,352,171,181
E00145402,552,280,272
E00145416,295,149,146
E00145397,309,171,138
E00145403,279,137,142
E00145405,219,121,98
E00145406,146,57,89
E00145408,247,122,125
E00145404,226,110,116
E00145407,167,103,64
E00145409,306,158,148
E00145410,207,110,97
E00145411,240,111,129
E00145424,259,126,133
E00145425,320,160,160
E00145426,604,347,257
E00145429,347,171,176
E00145434,339,183,156
E00145420,244,117,127
E00145421,347,165,182
E00145422,282,150,132
E00145423,329,176,153
E00145435,316,169,147
E00145436,353,185,168
E00145427,578,249,329
E00145428,415,209,206
E00145430,330,163,167
E00145431,271,145,126
E00145432,321,174,147
E00145433,355,188,167
E00145328,405,204,201
E00145340,342,168,174
E00145343,357,180,177
E00145344,291,150,141
E00145346,405,221,184
E00145329,342,167,175
E00145341,411,198,213
E00145342,420,208,212
E00145345,507,262,245
E00145330,395,184,211
E00145331,161,68,93
E00145334,347,189,158
E00145335,583,319,264
E00145339,295,158,137
E00145332,362,174,188
E00145333,247,121,126
E00145336,400,194,206
E00145338,393,197,196
E00185913,429,175,254
E00186007,312,128,184
E00145573,254,129,125
E00145575,315,149,166
E00145577,425,210,215
E00145578,278,161,117
E00145580,273,144,129
E00145572,331,132,199
E00145574,289,150,139
E00145579,309,174,135
E00145581,310,153,157
E00145582,299,148,151
E00145461,398,196,202
E00145465,556,311,245
E00145474,379,196,183
E00145475,268,145,123
E00145477,593,316,277
E00145462,470,210,260
E00145464,283,140,143
E00145472,364,194,170
E00145473,383,206,177
E00145476,337,164,173
E00145459,438,209,229
E00145460,507,248,259
E00145468,290,136,154
E00145469,321,159,162
E00145463,367,178,189
E00145466,339,176,163
E00145467,364,182,182
E00145470,295,129,166
E00145471,278,147,131
E00145583,615,340,275
E00145585,197,99,98
E00145586,372,183,189
E00145588,550,273,277
E00145576,465,239,226
E00145584,437,216,221
E00145587,426,214,212
E00145590,314,161,153
E00185863,157,88,69
E00186054,471,251,220
E00145284,359,183,176
E00145290,369,184,185
E00145292,306,169,137
E00145294,317,157,160
E00145283,345,186,159
E00145285,331,166,165
E00145288,360,182,178
E00145291,217,105,112
E00145300,343,171,172
E00145286,421,194,227
E00145287,496,240,256
E00145298,462,225,237
E00145299,363,180,183
E00145540,340,172,168
E00145541,391,191,200
E00145543,372,205,167
E00145544,333,193,140
E00145546,434,232,202
E00145289,202,111,91
E00145293,356,189,167
E00145295,370,181,189
E00145296,417,214,203
E00145297,351,177,174
E00145532,354,200,154
E00145535,294,147,147
E00145542,320,160,160
E00145545,287,158,129
E00145547,242,132,110
E00145533,380,206,174
E00145548,305,154,151
E00145549,337,178,159
E00145550,220,120,100
E00145551,364,202,162
E00145531,291,154,137
E00145534,276,159,117
E00145536,582,234,348
E00145537,285,137,148
E00145538,323,163,160
E00145539,354,176,178
E00145490,446,228,218
E00145493,369,198,171
E00145494,290,142,148
E00145495,345,186,159
E00185943,1065,606,459
E00186036,206,104,102
E00145481,380,195,185
E00145483,397,218,179
E00145484,393,192,201
E00145485,415,213,202
E00175323,245,116,129
E00175326,265,128,137
E00145482,407,198,209
E00145486,445,192,253
E00145487,417,201,216
E00145488,458,225,233
E00145478,356,171,185
E00145479,305,149,156
E00145489,323,158,165
E00145491,540,225,315
E00145492,375,187,188
E00145349,224,111,113
E00145356,336,176,160
E00145360,337,161,176
E00145361,423,221,202
E00145363,207,103,104
E00175322,304,148,156
E00175325,236,126,110
E00145350,229,109,120
E00145351,339,167,172
E00145352,336,168,168
E00145357,257,132,125
E00175327,380,187,193
E00175328,308,162,146
E00175329,370,176,194
E00185873,561,279,282
E00185973,178,79,99
E00145359,424,206,218
E00145362,292,163,129
E00185907,354,148,206
E00185956,594,268,326
E00172579,297,158,139
E00172581,288,147,141
E00185924,325,141,184
E00185926,575,213,362
E00146010,389,199,190
E00146012,296,146,150
E00146015,278,138,140
E00146018,268,143,125
E00146025,236,130,106
E00146016,327,163,164
E00146017,385,189,196
E00146019,334,173,161
E00146023,265,131,134
E00146020,303,153,150
E00146021,255,137,118
E00146022,285,143,142
E00146024,246,129,117
E00146026,191,103,88
E00146011,314,152,162
E00146013,334,182,152
E00146014,326,174,152
E00146027,353,178,175
E00145869,165,85,80
E00145870,422,214,208
E00145871,191,98,93
E00145875,283,155,128
E00145878,467,234,233
E00145872,164,83,81
E00145873,270,135,135
E00145874,287,153,134
E00145876,449,203,246
E00145877,320,168,152
E00145879,507,269,238
E00145880,315,162,153
E00145881,121,59,62
E00145884,245,125,120
E00145886,224,105,119
E00146083,406,218,188
E00146084,292,135,157
E00146085,382,187,195
E00146086,387,183,204
E00146031,381,220,161
E00146033,331,165,166
E00146034,323,157,166
E00146037,446,217,229
E00146028,208,125,83
E00146030,283,135,148
E00146035,345,171,174
E00146036,319,161,158
E00146038,475,257,218
E00146029,295,133,162
E00146032,318,162,156
E00146040,316,162,154
E00146045,504,268,236
E00185887,325,177,148
E00185962,411,209,202
E00185970,322,167,155
E00186066,275,133,142
E00146043,299,143,156
E00146044,286,141,145
E00185892,346,184,162
E00185939,435,211,224
E00185974,389,194,195
E00186029,256,140,116
E00145910,260,125,135
E00145911,255,133,122
E00145912,220,110,110
E00145913,341,181,160
E00145914,119,58,61
E00145909,287,151,136
E00145915,346,183,163
E00145916,297,155,142
E00145917,386,195,191
E00145918,283,146,137
E00146091,349,177,172
E00146093,410,193,217
E00146097,360,196,164
E00146098,181,92,89
E00146088,303,163,140
E00146089,310,153,157
E00146095,304,154,150
E00146096,328,160,168
E00146087,265,140,125
E00146090,283,162,121
E00146092,258,137,121
E00146094,288,153,135
E00146099,308,154,154
E00145678,274,136,138
E00145679,271,130,141
E00145680,262,123,139
E00145681,425,215,210
E00145682,394,181,213
E00145683,462,230,232
E00145684,435,218,217
E00145750,313,152,161
E00145762,410,213,197
E00145764,335,166,169
E00145766,341,169,172
E00145751,617,319,298
E00145752,442,213,229
E00145753,392,212,180
E00145767,404,204,200
E00185899,408,226,182
E00186073,320,148,172
E00145755,376,206,170
E00145756,520,284,236
E00145757,276,143,133
E00145760,412,213,199
E00145761,275,142,133
E00145759,328,167,161
E00145763,320,164,156
E00145765,350,162,188
E00185867,428,214,214
E00185984,384,194,190
E00145704,445,215,230
E00145706,302,154,148
E00145708,407,215,192
E00145710,374,184,190
E00145703,362,182,180
E00145705,370,191,179
E00145707,249,122,127
E00145709,262,130,132
E00145713,258,131,127
E00145729,141,73,68
E00145730,329,165,164
E00145731,258,132,126
E00145732,235,120,115
E00173188,351,179,172
E00145882,283,144,139
E00145883,229,124,105
E00145885,206,89,117
E00145887,295,138,157
E00145888,140,76,64
E00145973,252,113,139
E00145974,236,116,120
E00145975,300,154,146
E00145976,264,131,133
E00145977,152,72,80
E00145969,345,177,168
E00145970,307,160,147
E00145971,467,246,221
E00145972,208,111,97
E00145685,272,154,118
E00145694,223,114,109
E00145696,341,173,168
E00145697,300,152,148
E00145698,306,155,151
E00145717,389,201,188
E00145718,128,67,61
E00145719,484,253,231
E00185848,368,180,188
E00145711,195,106,89
E00145712,297,155,142
E00145714,241,128,113
E00145720,304,155,149
E00145721,320,169,151
E00145722,323,152,171
E00145733,301,160,141
E00145734,413,198,215
E00145736,287,149,138
E00145741,348,169,179
E00145735,338,165,173
E00145737,276,143,133
E00145738,289,154,135
E00145739,244,121,123
E00145740,311,155,156
E00146069,404,201,203
E00146070,375,208,167
E00146071,328,166,162
E00146074,261,138,123
E00146076,258,125,133
E00146065,206,103,103
E00146066,149,77,72
E00146067,325,171,154
E00146068,367,183,184
E00146072,199,98,101
E00146073,212,107,105
E00146075,446,245,201
E00146077,298,150,148
E00146078,293,157,136
E00146079,433,230,203
E00146080,270,140,130
E00146081,334,175,159
E00146082,365,178,187
E00145815,583,289,294
E00145816,313,152,161
E00145818,330,170,160
E00145827,359,176,183
E00145831,354,173,181
E00145822,294,150,144
E00145823,339,172,167
E00145824,350,177,173
E00145825,312,156,156
E00145826,296,159,137
E00145809,286,136,150
E00145811,271,141,130
E00145828,298,151,147
E00145829,326,174,152
E00145832,245,115,130
E00145812,522,252,270
E00145813,287,136,151
E00145819,577,283,294
E00145830,353,163,190
E00145810,355,167,188
E00145814,294,148,146
E00145817,285,139,146
E00145820,254,125,129
E00145821,224,115,109
E00145795,309,155,154
E00145804,310,152,158
E00145808,340,185,155
E00185878,244,127,117
E00185936,263,134,129
E00185988,556,293,263
E00145794,328,170,158
E00145796,337,170,167
E00145797,327,146,181
E00145806,240,112,128
E00145807,368,180,188
E00145798,438,241,197
E00145799,326,167,159
E00145800,388,194,194
E00186025,600,291,309
E00186047,313,150,163
E00186056,193,90,103
E00145805,387,196,191
E00173179,609,268,341
E00185908,122,62,60
E00185929,348,170,178
E00186017,339,173,166
E00185884,389,201,188
E00185953,362,180,182
E00186002,516,272,244
E00186039,307,152,155
E00186076,278,156,122
E00145687,329,177,152
E00145688,251,127,124
E00145689,319,166,153
E00145691,244,131,113
E00186022,100,54,46
E00186023,602,311,291
E00186078,150,78,72
E00145699,205,101,104
E00145700,251,134,117
E00145701,360,167,193
E00173183,197,105,92
E00173185,609,151,458
E00145686,263,119,144
E00145690,341,181,160
E00145693,260,120,140
E00145702,433,209,224
E00145786,334,182,152
E00145787,403,213,190
E00145788,287,149,138
E00145785,396,191,205
E00145789,303,154,149
E00145790,341,169,172
E00173187,343,180,163
E00186049,565,87,478
E00186051,122,60,62
E00145723,348,182,166
E00145724,299,153,146
E00145725,245,127,118
E00145727,351,199,152
E00145774,567,300,267
E00145781,293,146,147
E00145783,246,138,108
E00145784,274,141,133
E00173184,341,185,156
E00173189,366,176,190
E00146056,359,182,177
E00146060,373,195,178
E00146063,328,175,153
E00146064,280,144,136
E00146053,316,166,150
E00146055,362,185,177
E00146057,323,165,158
E00146058,350,178,172
E00146049,295,149,146
E00146059,406,219,187
E00146061,524,272,252
E00146062,390,210,180
E00185947,432,225,207
E00186074,216,116,100
E00146047,174,102,72
E00146048,229,120,109
E00146050,229,121,108
E00146051,227,107,120
E00146052,323,163,160
E00146054,232,115,117
E00145833,270,129,141
E00145835,227,106,121
E00145848,285,135,150
E00145849,324,164,160
E00145850,323,137,186
E00145842,360,180,180
E00145845,318,159,159
E00173182,466,232,234
E00145836,405,205,200
E00145838,362,170,192
E00145841,369,186,183
E00145844,339,185,154
E00145837,340,167,173
E00145839,209,91,118
E00145843,277,131,146
E00145846,341,162,179
E00145847,299,153,146
E00145853,299,158,141
E00145858,285,149,136
E00145860,366,176,190
E00145868,360,179,181
E00145854,304,152,152
E00145855,381,188,193
E00145856,372,173,199
E00145857,246,130,116
E00145859,250,129,121
E00145851,337,172,165
E00145852,367,182,185
E00145861,212,118,94
E00145865,408,214,194
E00145862,290,139,151
E00145863,351,175,176
E00145864,423,222,201
E00145867,345,159,186
E00185902,322,157,165
E00186006,441,225,216
E00145768,358,174,184
E00145769,303,165,138
E00145770,279,144,135
E00145772,293,160,133
E00145776,287,138,149
E00145778,294,156,138
E00145890,295,150,145
E00145891,271,133,138
E00145893,235,126,109
E00145899,345,176,169
E00145904,281,139,142
E00145905,237,115,122
E00145919,375,196,179
E00145920,191,105,86
E00145923,257,127,130
E00145925,332,174,158
E00145926,366,188,178
E00185868,607,319,288
E00185912,135,71,64
E00185919,623,312,311
E00185925,100,45,55
E00185964,159,86,73
E00185975,308,155,153
E00186040,359,188,171
E00186045,375,181,194
E00145921,324,152,172
E00145922,314,163,151
E00145924,286,152,134
E00186084,263,132,131
E00145775,420,212,208
E00145777,283,139,144
E00185967,614,316,298
E00185997,279,139,140
E00145771,445,213,232
E00145779,319,166,153
E00145780,267,127,140
E00186000,279,150,129
E00186067,254,138,116
E00145931,387,192,195
E00145932,341,173,168
E00145933,308,163,145
E00145941,214,109,105
E00145942,305,159,146
E00145943,314,161,153
E00145944,292,163,129
E00145928,336,162,174
E00145934,269,152,117
E00145938,285,149,136
E00145945,363,204,159
E00145947,119,67,52
E00145948,259,138,121
E00145929,286,168,118
E00145930,244,125,119
E00145935,202,126,76
E00145936,294,162,132
E00145937,220,114,106
E00145939,309,173,136
E00145940,327,153,174
E00145946,240,130,110
E00145954,241,129,112
E00145962,417,225,192
E00145964,418,218,200
E00145966,282,139,143
E00145967,237,129,108
E00145950,341,182,159
E00145951,313,149,164
E00145955,368,186,182
E00145961,340,177,163
E00145963,233,119,114
E00145949,245,130,115
E00145956,292,152,140
E00145957,209,119,90
E00145958,303,157,146
E00145959,325,182,143
E00145960,353,184,169
E00145952,396,200,196
E00145953,318,164,154
E00145965,341,166,175
E00145968,300,163,137
E00145744,290,142,148
E00145745,355,178,177
E00145746,233,116,117
E00145747,349,187,162
E00145892,325,171,154
E00145898,466,242,224
E00145901,328,168,160
E00145902,353,180,173
E00145900,323,164,159
E00145903,254,132,122
E00145906,305,162,143
E00145907,255,132,123
E00145908,281,145,136
E00145889,283,138,145
E00145894,328,174,154
E00145895,285,146,139
E00145896,274,153,121
E00145897,329,172,157
E00146101,278,137,141
E00146102,344,164,180
E00146103,347,172,175
E00146104,273,140,133
E00146100,342,170,172
E00146105,278,142,136
E00146106,334,172,162
E00146107,422,164,258
E00145742,351,184,167
E00145743,277,135,142
E00145748,291,145,146
E00145749,360,185,175
E00145978,421,198,223
E00145979,559,295,264
E00145989,289,154,135
E00145991,350,180,170
E00145992,351,172,179
E00145980,165,83,82
E00145987,269,140,129
E00145990,369,186,183
E00173180,281,140,141
E00185849,621,288,333
E00145993,313,162,151
E00145995,424,219,205
E00145996,293,146,147
E00145997,356,184,172
E00145981,354,181,173
E00145982,471,236,235
E00145983,216,102,114
E00145984,355,168,187
E00145985,283,144,139
E00145998,345,182,163
E00146002,290,155,135
E00146003,331,170,161
E00146005,215,111,104
E00146008,431,236,195
E00146000,337,180,157
E00146001,304,148,156
E00146006,379,197,182
E00146007,480,258,222
E00145994,345,176,169
E00145999,341,170,171
E00146004,334,175,159
E00146009,351,178,173
E00146213,270,146,124
E00146217,285,150,135
E00146218,233,112,121
E00146222,374,185,189
E00146225,384,199,185
E00146227,344,166,178
E00146219,304,149,155
E00146220,475,251,224
E00146221,322,167,155
E00146223,347,175,172
E00146226,476,240,236
E00146215,294,152,142
E00146224,283,145,138
E00146229,292,145,147
E00146230,379,192,187
E00185900,138,71,67
E00185911,302,143,159
E00186052,413,218,195
E00146210,375,186,189
E00146211,208,113,95
E00146212,364,181,183
E00146214,251,124,127
E00146216,201,109,92
E00146231,285,153,132
E00146348,312,163,149
E00146352,375,195,180
E00146356,234,117,117
E00146360,420,225,195
E00146350,326,167,159
E00146351,363,183,180
E00146353,286,151,135
E00146354,289,144,145
E00146355,302,153,149
E00146347,305,158,147
E00146349,350,160,190
E00146357,322,152,170
E00146358,391,185,206
E00146359,278,136,142
E00146387,322,159,163
E00146388,373,175,198
E00146392,328,155,173
E00146397,318,156,162
E00146398,295,141,154
E00146394,301,155,146
E00146395,286,151,135
E00146396,394,195,199
E00185916,423,205,218
E00185965,611,287,324
E00146389,385,188,197
E00146390,244,122,122
E00146391,455,237,218
E00146393,365,185,180
E00146400,469,245,224
E00146401,149,73,76
E00146384,293,139,154
E00146385,475,243,232
E00146386,318,155,163
E00173191,656,146,510
E00173192,150,83,67
E00146377,581,298,283
E00146378,594,302,292
E00146379,273,145,128
E00146381,153,78,75
E00146382,185,96,89
E00185864,291,62,229
E00185880,396,216,180
E00146402,322,164,158
E00146406,279,143,136
E00173206,152,80,72
E00173207,900,111,789
E00146404,392,194,198
E00146405,385,176,209
E00146407,362,181,181
E00146408,140,73,67
E00146440,278,140,138
E00146443,225,123,102
E00146445,323,161,162
E00146446,286,151,135
E00146447,269,139,130
E00146436,269,136,133
E00146437,218,109,109
E00146438,106,58,48
E00146439,319,158,161
E00146441,221,115,106
E00146448,290,147,143
E00146433,181,95,86
E00146434,270,138,132
E00146435,243,116,127
E00146444,345,174,171
E00173205,269,143,126
E00173209,352,176,176
E00146138,337,167,170
E00146143,324,168,156
E00146144,309,149,160
E00146149,284,144,140
E00146152,264,127,137
E00146145,290,139,151
E00146146,326,166,160
E00146147,317,165,152
E00146148,203,107,96
E00146151,273,138,135
E00146167,301,151,150
E00146178,257,127,130
E00146179,322,169,153
E00146180,313,159,154
E00146181,355,165,190
E00146203,285,138,147
E00146206,288,159,129
E00146208,318,165,153
E00146209,345,178,167
E00146196,323,156,167
E00146197,315,158,157
E00146204,235,119,116
E00146205,256,135,121
E00146207,269,140,129
E00146198,292,149,143
E00146199,276,132,144
E00146200,296,150,146
E00146201,268,142,126
E00146202,313,154,159
E00146108,285,137,148
E00146113,240,124,116
E00146118,301,145,156
E00146120,300,158,142
E00146111,321,170,151
E00146112,277,141,136
E00146114,252,126,126
E00146117,257,130,127
E00146119,298,153,145
E00146139,382,192,190
E00146140,358,178,180
E00146141,291,147,144
E00146142,292,156,136
E00146150,281,145,136
E00146168,300,153,147
E00146169,320,167,153
E00146170,296,152,144
E00146173,353,176,177
E00146176,334,170,164
E00146155,356,195,161
E00146156,462,185,277
E00146163,329,171,158
E00146166,291,151,140
E00146154,420,228,192
E00146161,277,142,135
E00146162,311,155,156
E00146164,281,139,142
E00146165,319,152,167
E00146153,307,160,147
E00146157,235,121,114
E00146158,407,210,197
E00146159,256,134,122
E00146160,220,111,109
E00146171,301,149,152
E00146172,442,222,220
E00146174,286,145,141
E00146175,370,172,198
E00146177,255,130,125
E00146185,360,188,172
E00146186,341,182,159
E00146190,241,119,122
E00146194,289,147,142
E00185915,224,113,111
E00185992,247,123,124
E00173190,322,163,159
E00173193,195,105,90
E00173194,246,135,111
E00173195,388,194,194
E00173196,160,77,83
E00146110,269,138,131
E00146115,341,165,176
E00146122,465,248,217
E00146123,258,116,142
E00185958,252,127,125
E00186050,257,123,134
E00146311,232,123,109
E00146313,331,161,170
E00146314,248,119,129
E00146315,274,136,138
E00146316,309,148,161
E00146317,205,107,98
E00146318,359,175,184
E00146319,240,133,107
E00185998,443,225,218
E00186015,226,114,112
E00146368,245,122,123
E00146369,366,199,167
E00146370,339,182,157
E00146371,166,82,84
E00146372,137,73,64
E00146373,345,177,168
E00146374,242,117,125
E00146375,305,146,159
E00146376,238,123,115
E00146362,370,187,183
E00146366,609,311,298
E00185859,123,66,57
E00186030,486,254,232
E00186037,464,236,228
E00146361,320,165,155
E00146363,313,147,166
E00146364,270,130,140
E00185870,514,254,260
E00185897,219,113,106
E00185955,215,111,104
E00146127,415,204,211
E00146128,317,154,163
E00146129,288,153,135
E00146131,292,146,146
E00146134,273,134,139
E00146124,294,145,149
E00146125,306,153,153
E00146130,267,136,131
E00146132,244,123,121
E00185934,421,225,196
E00185957,252,124,128
E00146133,417,216,201
E00146135,349,180,169
E00146136,373,184,189
E00146137,304,163,141
E00146189,286,141,145
E00146191,287,144,143
E00146192,320,157,163
E00146193,335,160,175
E00146182,493,232,261
E00146183,412,217,195
E00146184,406,227,179
E00146187,294,152,142
E00146188,258,135,123
E00146267,258,126,132
E00146276,362,171,191
E00173198,472,246,226
E00185850,583,306,277
E00185971,333,172,161
E00186041,418,221,197
E00146258,207,102,105
E00146263,209,119,90
E00146265,245,120,125
E00146266,304,153,151
E00146273,349,185,164
E00146278,236,116,120
E00146259,324,171,153
E00146262,337,169,168
E00146264,215,109,106
E00146269,333,175,158
E00146270,258,134,124
E00146261,311,156,155
E00146271,319,164,155
E00146272,351,172,179
E00146274,309,165,144
E00146275,317,157,160
E00146425,159,81,78
E00146426,173,88,85
E00146427,494,266,228
E00146428,287,155,132
E00146429,458,234,224
E00146430,317,162,155
E00146431,364,175,189
E00146432,382,204,178
E00146337,601,309,292
E00146341,455,229,226
E00146342,376,199,177
E00185877,277,151,126
E00186072,406,211,195
E00146340,295,149,146
E00146343,352,178,174
E00146345,343,174,169
E00185933,522,272,250
E00185937,156,74,82
E00146450,366,185,181
E00146451,606,305,301
E00146452,442,214,228
E00146453,352,190,162
E00146449,353,179,174
E00146454,602,307,295
E00146455,315,154,161
E00146456,373,202,171
E00146250,424,209,215
E00146252,355,180,175
E00146254,328,150,178
E00185927,466,231,235
E00146248,581,293,288
E00146249,354,183,171
E00146251,358,193,165
E00185938,244,118,126
E00146299,323,165,158
E00146300,331,164,167
E00146303,306,157,149
E00146304,283,140,143
E00146289,335,162,173
E00146291,404,205,199
E00146295,291,141,150
E00146305,274,130,144
E00146307,247,126,121
E00146294,316,161,155
E00146297,317,149,168
E00146301,286,135,151
E00146302,270,132,138
E00185901,170,95,75
E00185920,339,166,173
E00185993,536,291,245
E00146290,290,150,140
E00146296,292,144,148
E00146308,283,144,139
E00146309,325,158,167
E00146288,312,162,150
E00146293,330,168,162
E00146306,258,125,133
E00146310,327,163,164
E00185948,178,94,84
E00185996,391,196,195
E00186024,253,124,129
E00186042,615,321,294
E00186069,247,123,124
E00146458,354,191,163
E00146465,323,160,163
E00146466,485,241,244
E00146468,290,141,149
E00146470,363,181,182
E00146457,503,261,242
E00146461,298,152,146
E00146462,298,150,148
E00146463,311,163,148
E00146464,302,158,144
E00146477,282,141,141
E00146479,336,168,168
E00146483,516,248,268
E00146487,276,142,134
E00146489,352,186,166
E00146481,325,162,163
E00146485,285,151,134
E00146486,321,160,161
E00146488,306,172,134
E00146478,371,190,181
E00146480,259,145,114
E00146482,308,155,153
E00146484,299,152,147
E00146469,450,250,200
E00173202,179,66,113
E00173204,362,181,181
E00173211,151,89,62
E00146459,301,165,136
E00146474,295,163,132
E00173200,160,86,74
E00173201,190,101,89
E00173203,220,117,103
E00146232,271,146,125
E00146233,228,125,103
E00146234,272,156,116
E00146235,334,169,165
E00146236,321,165,156
E00146237,283,156,127
E00146238,426,216,210
E00146325,472,244,228
E00146326,306,158,148
E00146327,288,147,141
E00146329,240,113,127
E00146321,316,155,161
E00146322,276,124,152
E00146331,168,87,81
E00185862,423,220,203
E00186016,195,105,90
E00186070,510,257,253
E00146334,288,152,136
E00146335,365,178,187
E00146336,403,202,201
E00146338,192,88,104
E00146346,357,184,173
E00146460,502,267,235
E00146471,444,241,203
E00146472,408,215,193
E00146475,340,174,166
E00186009,438,230,208
E00186044,110,55,55
E00146323,482,241,241
E00146332,409,200,209
E00146333,250,132,118
E00185930,377,192,185
E00185876,500,251,249
E00185898,171,98,73
E00185991,388,193,195
E00186013,355,171,184
E00186043,200,107,93
E00146328,533,278,255
E00185881,372,182,190
E00185944,105,48,57
E00185994,599,323,276
E00146239,226,116,110
E00146240,362,188,174
E00146241,125,65,60
E00146242,248,122,126
E00146243,215,108,107
E00146244,308,150,158
E00146245,415,225,190
E00146246,436,226,210
E00146247,224,114,110
E00146255,168,87,81
E00146256,143,74,69
E00146277,624,321,303
E00146279,151,79,72
E00185940,130,69,61
E00185951,279,151,128
E00185987,537,301,236
E00186059,317,161,156
E00146280,210,105,105
E00146281,317,162,155
E00146282,621,307,314
E00146283,410,209,201
E00146284,163,87,76
E00146285,325,187,138
E00146286,336,181,155
E00146287,233,118,115
E00146412,424,155,269
E00146414,432,222,210
E00146416,329,168,161
E00186008,128,68,60
E00186075,471,246,225
E00146409,363,177,186
E00146413,585,295,290
E00146415,337,175,162
E00146417,355,173,182
E00146410,279,138,141
E00146411,334,170,164
E00146420,232,116,116
E00185949,471,241,230
E00185952,194,94,100
E00146419,281,136,145
E00146421,189,97,92
E00146423,305,159,146
E00185861,115,56,59
E00186060,503,259,244
E00146594,335,176,159
E00146606,460,225,235
E00146607,292,149,143
E00146608,292,167,125
E00169069,331,163,168
E00169070,570,281,289
E00146590,277,144,133
E00146591,312,175,137
E00146596,355,179,176
E00185896,526,280,246
E00185923,394,194,200
E00146595,275,154,121
E00146601,265,134,131
E00146602,334,173,161
E00146603,314,160,154
E00146605,330,170,160
E00146592,346,190,156
E00146593,357,187,170
E00146598,191,102,89
E00146599,202,105,97
E00146600,263,139,124
E00146609,229,128,101
E00146667,162,82,80
E00146670,321,153,168
E00146671,241,124,117
E00146672,249,134,115
E00146673,276,141,135
E00146674,235,124,111
E00146676,136,69,67
E00146662,145,71,74
E00146668,417,206,211
E00146669,539,254,285
E00146675,331,184,147
E00146663,366,187,179
E00146664,313,159,154
E00146665,262,151,111
E00146666,300,153,147
E00146716,209,124,85
E00146717,288,146,142
E00146718,306,155,151
E00146719,289,144,145
E00146720,334,170,164
E00146721,329,170,159
E00146722,216,113,103
E00146496,302,157,145
E00146497,249,128,121
E00146498,177,84,93
E00146499,344,196,148
E00146500,302,160,142
E00146501,331,173,158
E00146502,469,247,222
E00146568,265,136,129
E00146569,346,179,167
E00146570,267,132,135
E00146571,255,127,128
E00146572,392,199,193
E00146573,126,59,67
E00146574,299,140,159
E00146677,256,132,124
E00146678,129,62,67
E00146679,380,197,183
E00146680,346,184,162
E00146681,400,201,199
E00146682,311,165,146
E00146683,424,211,213
E00146702,423,210,213
E00146705,290,156,134
E00146707,378,201,177
E00146709,343,161,182
E00146799,221,110,111
E00146801,298,167,131
E00146805,232,120,112
E00146806,243,131,112
E00146807,313,166,147
E00146800,258,131,127
E00146802,272,145,127
E00146803,297,163,134
E00146809,303,160,143
E00185879,267,138,129
E00185914,491,265,226
E00146796,336,179,157
E00146797,288,143,145
E00146798,353,179,174
E00146808,326,168,158
E00146703,351,180,171
E00146704,186,94,92
E00146706,399,197,202
E00146708,253,133,120
E00146714,343,166,177
E00146710,136,67,69
E00146711,349,178,171
E00146712,280,149,131
E00146713,444,225,219
E00146715,259,133,126
E00146575,224,117,107
E00146577,259,136,123
E00146579,281,140,141
E00146580,244,136,108
E00146584,165,83,82
E00146576,310,148,162
E00146578,324,170,154
E00146581,203,111,92
E00146582,249,134,115
E00146585,239,123,116
E00146586,170,87,83
E00146583,395,197,198
E00146587,232,116,116
E00146588,244,132,112
E00146589,282,141,141
E00146684,311,165,146
E00146685,367,193,174
E00146686,288,152,136
E00146687,325,158,167
E00146688,393,204,189
E00146689,442,224,218
E00146617,468,250,218
E00146618,326,168,158
E00146620,290,142,148
E00146622,613,322,291
E00146631,313,176,137
E00146641,302,148,154
E00146645,360,182,178
E00146646,345,191,154
E00146647,270,137,133
E00185869,323,167,156
E00185906,285,157,128
E00146639,447,236,211
E00146642,318,157,161
E00146643,385,197,188
E00146644,468,249,219
E00146635,355,173,182
E00146636,365,176,189
E00146637,360,185,175
E00146638,441,231,210
E00146610,536,269,267
E00146611,298,147,151
E00146612,381,206,175
E00146613,334,168,166
E00146614,274,138,136
E00146615,284,139,145
E00146616,312,156,156
E00146650,223,111,112
E00146651,242,121,121
E00146652,280,147,133
E00146661,363,172,191
E00146648,170,83,87
E00146649,483,282,201
E00146653,378,195,183
E00146654,248,124,124
E00146655,301,155,146
E00146656,403,213,190
E00146657,166,78,88
E00146658,304,160,144
E00146659,292,146,146
E00146660,271,132,139
E00146743,291,151,140
E00146744,265,134,131
E00146745,269,140,129
E00146746,254,121,133
E00146747,208,98,110
E00146738,333,169,164
E00146739,290,166,124
E00146740,255,143,112
E00146741,269,142,127
E00146742,230,115,115
E00146755,265,125,140
E00146756,347,168,179
E00146758,354,176,178
E00146759,334,178,156
E00146751,285,146,139
E00146752,267,142,125
E00146753,289,141,148
E00146754,314,154,160
E00146761,289,147,142
E00146750,310,153,157
E00146757,311,156,155
E00146760,295,156,139
E00146762,291,148,143
E00169066,345,175,170
E00169067,300,154,146
E00169086,354,170,184
E00169088,312,163,149
E00169090,243,106,137
E00169101,301,154,147
E00146749,292,159,133
E00169068,331,174,157
E00169087,311,158,153
E00169089,337,170,167
E00169091,272,133,139
E00169102,402,207,195
E00146736,268,148,120
E00146737,367,195,172
E00169092,249,141,108
E00169093,280,145,135
E00169094,195,102,93
E00146723,379,205,174
E00146724,339,182,157
E00146726,357,182,175
E00146733,388,210,178
E00146783,387,206,181
E00146785,331,164,167
E00146795,257,127,130
E00185871,331,167,164
E00185942,125,63,62
E00185950,159,97,62
E00185968,321,168,153
E00186035,321,160,161
E00186058,556,278,278
E00146784,298,155,143
E00146786,271,139,132
E00146787,145,70,75
E00146788,252,128,124
E00146790,424,217,207
E00146789,343,170,173
E00146791,324,172,152
E00146792,312,155,157
E00146794,467,246,221
E00146728,432,205,227
E00146730,403,219,184
E00146731,355,189,166
E00169095,226,108,118
E00169096,244,130,114
E00169097,275,135,140
E00169099,220,106,114
E00146729,375,181,194
E00146732,348,185,163
E00146734,491,250,241
E00169100,283,140,143
E00185857,106,56,50
E00186053,214,104,110
E00186065,508,276,232
E00146771,299,143,156
E00146774,333,161,172
E00146777,339,171,168
E00146781,315,161,154
E00146773,300,139,161
E00146775,250,127,123
E00146779,312,147,165
E00146780,279,131,148
E00146782,294,141,153
E00146764,192,122,70
E00146767,323,163,160
E00146768,267,155,112
E00146769,268,137,131
E00146772,315,160,155
E00146778,290,150,140
E00146763,314,154,160
E00146765,285,146,139
E00146766,289,152,137
E00146770,290,143,147
E00185860,207,126,81
E00185886,258,134,124
E00185986,272,152,120
E00146625,308,155,153
E00146626,313,159,154
E00146628,295,152,143
E00146630,320,149,171
E00146633,338,187,151
E00146624,305,139,166
E00146627,276,142,134
E00146629,334,171,163
E00146632,529,280,249
E00146619,300,160,140
E00146621,446,235,211
E00146623,344,169,175
E00146634,340,171,169
E00146696,347,174,173
E00146699,262,131,131
E00146700,346,178,168
E00146701,526,263,263
E00146490,467,227,240
E00146491,220,115,105
E00146492,425,223,202
E00146493,227,110,117
E00146494,110,57,53
E00146495,374,187,187
E00146523,220,124,96
E00146524,322,172,150
E00146525,197,94,103
E00146526,266,131,135
E00146527,252,135,117
E00146529,161,74,87
E00146530,296,148,148
E00169105,265,149,116
E00146516,224,116,108
E00146520,231,115,116
E00146521,359,208,151
E00146522,131,69,62
E00185982,186,98,88
E00146517,1511,313,1198
E00146519,324,168,156
E00185989,572,301,271
E00146540,343,175,168
E00146543,218,112,106
E00146544,258,138,120
E00146553,499,246,253
E00146554,275,141,134
E00185882,178,97,81
E00185888,151,83,68
E00185990,518,272,246
E00169073,244,130,114
E00169080,267,134,133
E00169083,298,139,159
E00169085,248,123,125
E00169103,305,161,144
E00169074,250,133,117
E00169075,295,150,145
E00169076,338,171,167
E00169077,314,162,152
E00169079,243,107,136
E00169082,289,143,146
E00146535,384,198,186
E00146536,346,174,172
E00146537,320,162,158
E00169078,350,173,177
E00169081,290,138,152
E00169084,345,176,169
E00146533,348,184,164
E00146538,270,139,131
E00146545,480,242,238
E00146546,312,162,150
E00146547,365,190,175
E00146548,370,177,193
E00169104,318,159,159
E00146541,279,147,132
E00146549,290,149,141
E00146550,363,176,187
E00146551,252,126,126
E00146552,292,153,139
E00146555,426,217,209
E00146561,274,131,143
E00146564,298,151,147
E00185851,355,181,174
E00146558,369,180,189
E00146559,280,142,138
E00146563,261,127,134
E00169071,259,138,121
E00169072,406,201,205
E00146556,356,159,197
E00146560,290,148,142
E00146562,273,137,136
E00146566,328,146,182
E00146503,296,147,149
E00146504,263,141,122
E00146508,311,159,152
E00146509,290,162,128
E00146510,265,136,129
E00146511,307,168,139
E00146506,242,128,114
E00146507,369,186,183
E00146512,271,144,127
E00146513,297,147,150
E00146514,351,180,171
E00146515,289,149,140
E00185941,503,263,240
E00186071,147,73,74
E00146690,452,223,229
E00146691,432,227,205
E00146692,323,165,158
E00146693,290,135,155
E00146694,426,213,213
E00146695,339,163,176
E00146697,494,233,261
E00146698,349,187,162
E00154713,394,210,184
E00154714,269,152,117
E00154717,299,152,147
E00154720,400,203,197
E00154722,290,149,141
E00154716,380,200,180
E00154721,341,177,164
E00154724,373,191,182
E00154725,286,163,123
E00154726,260,140,120
E00154707,377,191,186
E00154708,353,189,164
E00154710,347,181,166
E00154719,283,139,144
E00154723,259,146,113
E00154709,309,154,155
E00154711,247,125,122
E00154712,289,158,131
E00154715,244,126,118
E00154718,348,171,177
E00154688,342,169,173
E00154689,318,159,159
E00154697,277,138,139
E00154700,280,135,145
E00154701,254,143,111
E00154705,249,131,118
E00154686,327,186,141
E00154687,407,202,205
E00154692,537,269,268
E00154693,317,166,151
E00154704,386,197,189
E00154690,329,165,164
E00154691,303,160,143
E00154694,333,170,163
E00154695,449,214,235
E00154706,265,148,117
E00154696,279,143,136
E00154698,316,161,155
E00154699,429,236,193
E00154702,315,175,140
E00154703,253,139,114
E00154732,360,178,182
E00154736,382,192,190
E00154737,414,207,207
E00154738,386,198,188
E00154731,370,197,173
E00154734,504,258,246
E00154735,356,180,176
E00154745,329,178,151
E00154748,299,161,138
E00154727,310,146,164
E00154728,290,154,136
E00154730,291,150,141
E00154742,195,111,84
E00154743,310,157,153
E00154746,343,176,167
E00154747,267,141,126
E00154729,256,137,119
E00154733,359,201,158
E00154739,296,163,133
E00154740,337,172,165
E00154741,212,95,117
E00154744,343,172,171
E00154859,240,128,112
E00154865,310,164,146
E00154868,355,179,176
E00154875,326,164,162
E00154876,380,177,203
E00154880,277,155,122
E00154881,400,202,198
E00154874,442,239,203
E00154877,354,179,175
E00154878,321,179,142
E00154879,340,176,164
E00154861,314,157,157
E00154863,349,177,172
E00154864,326,173,153
E00154867,320,165,155
E00154869,295,149,146
E00154871,268,142,126
E00154860,263,130,133
E00154862,272,133,139
E00154866,291,164,127
E00154870,289,156,133
E00154872,296,150,146
E00154873,218,110,108
E00154809,323,172,151
E00154813,417,220,197
E00154821,288,153,135
E00154824,407,192,215
E00154825,362,192,170
E00154811,345,177,168
E00154812,301,154,147
E00154819,338,166,172
E00154820,368,197,171
E00154822,248,135,113
E00154814,286,173,113
E00154815,448,235,213
E00154817,243,123,120
E00154823,362,185,177
E00154826,290,142,148
E00154808,342,170,172
E00154810,516,277,239
E00154816,374,201,173
E00154818,354,180,174
E00154667,325,164,161
E00154678,189,98,91
E00154679,387,186,201
E00154680,340,175,165
E00154681,592,297,295
E00154672,395,199,196
E00154682,306,160,146
E00154684,350,182,168
E00154685,325,177,148
E00154668,356,182,174
E00154670,303,154,149
E00154671,336,174,162
E00154673,327,175,152
E00154683,321,173,148
E00154669,317,149,168
E00154674,313,159,154
E00154675,334,173,161
E00154676,339,182,157
E00154677,322,176,146
E00154841,350,179,171
E00154842,304,148,156
E00154844,274,154,120
E00154846,272,133,139
E00154851,436,235,201
E00154843,345,174,171
E00154845,320,168,152
E00154847,265,151,114
E00154849,260,130,130
E00154853,406,210,196
E00154840,371,190,181
E00154850,223,110,113
E00154852,377,187,190
E00154856,363,185,178
E00154857,375,203,172
E00180559,381,201,180
E00180651,621,310,311
E00154839,241,120,121
E00154854,507,244,263
E00154858,373,188,185
E00180609,116,54,62
E00180631,242,117,125
E00180650,108,59,49
E00154827,417,210,207
E00154833,521,285,236
E00154836,365,194,171
E00154837,524,277,247
E00154831,346,174,172
E00154834,357,177,180
E00154835,362,196,166
E00154838,382,190,192
E00154828,358,184,174
E00154829,341,184,157
E00154830,381,210,171
E00154832,364,193,171
E00154883,311,157,154
E00154884,300,163,137
E00154886,289,136,153
E00154887,309,160,149
E00154901,321,161,160
E00154896,282,144,138
E00154897,349,182,167
E00154898,305,164,141
E00154899,348,171,177
E00154900,378,197,181
E00154655,394,202,192
E00154656,435,210,225
E00154661,462,238,224
E00180619,379,198,181
E00180636,311,157,154
E00154658,270,161,109
E00154659,390,192,198
E00154660,362,187,175
E00170431,350,193,157
E00170432,393,205,188
E00154657,418,214,204
E00154662,351,188,163
E00154663,406,225,181
E00154664,415,202,213
E00154904,424,213,211
E00154905,375,183,192
E00154906,358,167,191
E00154910,349,173,176
E00154911,335,165,170
E00154912,321,162,159
E00154903,394,190,204
E00154907,357,187,170
E00154908,273,132,141
E00154909,321,158,163
E00154913,325,177,148
E00154618,315,158,157
E00154620,352,190,162
E00154624,338,175,163
E00154626,394,188,206
E00180566,241,130,111
E00180605,370,183,187
E00180616,165,85,80
E00154616,483,264,219
E00154617,321,170,151
E00154622,268,136,132
E00154627,348,180,168
E00154633,342,167,175
E00154890,339,160,179
E00154891,301,156,145
E00154892,386,205,181
E00154893,281,146,135
E00154894,300,162,138
E00154895,348,178,170
E00154882,362,182,180
E00154885,402,198,204
E00154888,228,114,114
E00154889,330,162,168
E00154902,320,161,159
E00154749,332,178,154
E00154752,334,165,169
E00154764,325,171,154
E00154767,324,160,164
E00154768,354,180,174
E00154761,305,167,138
E00154762,288,154,134
E00154765,274,149,125
E00154766,316,171,145
E00170427,326,182,144
E00154750,308,169,139
E00154751,340,172,168
E00154753,266,140,126
E00154754,334,177,157
E00154769,338,168,170
E00154755,247,127,120
E00154757,417,215,202
E00154759,384,189,195
E00154760,437,219,218
E00154763,451,232,219
E00154914,322,163,159
E00154915,263,141,122
E00154917,195,102,93
E00154919,274,145,129
E00154920,284,158,126
E00154927,261,137,124
E00154916,448,234,214
E00154918,237,126,111
E00154925,391,215,176
E00154926,366,178,188
E00154921,281,134,147
E00154922,394,206,188
E00154923,297,150,147
E00154924,346,193,153
E00154928,304,159,145
E00154933,277,141,136
E00154938,350,180,170
E00154939,338,189,149
E00154940,401,209,192
E00154941,391,195,196
E00154930,328,178,150
E00154931,307,155,152
E00154935,386,202,184
E00154936,323,170,153
E00154942,234,122,112
E00154943,285,146,139
E00154929,393,188,205
E00154932,287,138,149
E00154934,373,190,183
E00154937,268,133,135
E00154595,457,227,230
E00154607,270,141,129
E00154608,342,178,164
E00154612,345,189,156
E00154613,408,200,208
E00154596,428,229,199
E00154599,372,185,187
E00154606,284,143,141
E00154609,321,165,156
E00154610,331,190,141
E00154597,281,161,120
E00154600,328,158,170
E00154601,350,182,168
E00154611,318,166,152
E00154614,384,208,176
E00154598,372,190,182
E00154602,318,161,157
E00154603,526,260,266
E00154604,330,164,166
E00154605,329,177,152
E00154615,278,148,130
E00154621,335,157,178
E00154625,305,159,146
E00154628,299,153,146
E00154629,352,177,175
E00154619,356,182,174
E00154623,337,171,166
E00154630,449,235,214
E00154631,366,167,199
E00154644,290,151,139
E00154649,330,179,151
E00154650,348,182,166
E00154651,360,189,171
E00154652,391,194,197
E00154637,395,189,206
E00154638,373,189,184
E00154640,266,136,130
E00154641,363,184,179
E00154642,276,146,130
E00154636,286,147,139
E00154639,264,142,122
E00154643,334,170,164
E00154645,416,219,197
E00154646,300,162,138
E00154648,364,184,180
E00154634,263,190,73
E00154635,345,186,159
E00154647,379,189,190
E00154653,364,190,174
E00154654,149,94,55
E00154542,412,209,203
E00154552,376,191,185
E00154556,353,183,170
E00154557,367,191,176
E00154558,306,164,142
E00154546,327,177,150
E00154549,326,175,151
E00154550,366,177,189
E00154551,374,196,178
E00154553,372,191,181
E00154554,364,179,185
E00154541,379,188,191
E00154548,358,186,172
E00154555,323,180,143
E00154559,212,109,103
E00154560,360,178,182
E00154540,375,188,187
E00154543,348,178,170
E00154544,367,190,177
E00154545,333,180,153
E00154547,265,141,124
E00154789,409,204,205
E00154797,346,181,165
E00154799,274,149,125
E00154801,483,275,208
E00154792,368,185,183
E00154793,457,240,217
E00154796,378,181,197
E00154798,239,127,112
E00154800,331,176,155
E00154794,364,184,180
E00154795,301,147,154
E00154803,303,146,157
E00154804,351,182,169
E00154805,326,163,163
E00154790,333,171,162
E00154791,342,172,170
E00154802,387,214,173
E00154806,301,156,145
E00154807,359,183,176
E00154566,255,141,114
E00154567,157,77,80
E00154577,290,147,143
E00154578,325,179,146
E00154579,309,176,133
E00154581,299,151,148
E00154563,301,158,143
E00154565,313,158,155
E00154568,276,145,131
E00154576,333,170,163
E00154580,368,185,183
E00154561,271,142,129
E00154569,320,179,141
E00154571,276,151,125
E00154575,406,207,199
E00180620,310,181,129
E00180625,203,109,94
E00154585,458,230,228
E00154586,316,167,149
E00154590,225,136,89
E00154592,310,172,138
E00154593,383,204,179
E00154583,471,197,274
E00154584,385,180,205
E00154587,407,207,200
E00154591,388,204,184
E00154582,358,187,171
E00154588,372,176,196
E00154589,310,167,143
E00154594,546,262,284
E00154564,297,147,150
E00154570,341,183,158
E00154572,313,159,154
E00154573,486,253,233
E00154574,288,150,138
E00154775,274,169,105
E00154777,407,213,194
E00154778,334,175,159
E00154781,362,188,174
E00154785,429,218,211
E00154771,422,209,213
E00154773,339,176,163
E00154774,363,189,174
E00154786,373,198,175
E00154788,323,179,144
E00154770,379,187,192
E00154776,436,232,204
E00154779,379,198,181
E00154780,324,150,174
E00154772,354,182,172
E00154782,319,166,153
E00154783,309,161,148
E00154784,325,164,161
E00154787,376,193,183
E00154988,383,192,191
E00154995,399,190,209
E00154999,350,171,179
E00155000,349,181,168
E00154989,283,143,140
E00154998,326,170,156
E00155001,330,182,148
E00155004,352,175,177
E00155005,267,140,127
E00154991,314,170,144
E00154996,299,153,146
E00155002,320,164,156
E00155003,410,199,211
E00154990,282,156,126
E00154992,303,154,149
E00154993,241,118,123
E00154994,390,195,195
E00154997,332,165,167
E00155024,422,215,207
E00155025,318,168,150
E00155026,279,150,129
E00155027,320,165,155
E00155028,317,174,143
E00155029,336,170,166
E00155030,409,208,201
E00155031,404,203,201
E00155032,320,173,147
E00155035,321,155,166
E00155036,360,182,178
E00155057,305,155,150
E00155058,351,188,163
E00155059,503,272,231
E00155060,267,140,127
E00155070,272,145,127
E00155071,384,191,193
E00155073,316,165,151
E00155066,356,185,171
E00155067,332,197,135
E00155068,281,147,134
E00155069,343,188,155
E00155072,313,159,154
E00155128,365,186,179
E00155130,279,150,129
E00155131,316,176,140
E00155132,365,189,176
E00154944,323,164,159
E00154945,304,153,151
E00154946,388,186,202
E00154947,351,171,180
E00154948,366,187,179
E00154951,333,172,161
E00154955,361,189,172
E00154949,333,161,172
E00154950,308,153,155
E00154952,425,219,206
E00154953,309,156,153
E00154954,316,166,150
E00155095,287,149,138
E00155096,232,114,118
E00155098,343,171,172
E00155103,292,146,146
E00155106,401,206,195
E00155093,361,185,176
E00155102,348,177,171
E00155104,356,176,180
E00155105,343,170,173
E00155094,388,191,197
E00155097,341,174,167
E00155099,370,187,183
E00155100,331,172,159
E00155101,366,195,171
E00155033,323,165,158
E00155034,263,147,116
E00155037,289,153,136
E00155038,333,170,163
E00155039,260,135,125
E00155040,261,142,119
E00155129,457,236,221
E00155140,429,209,220
E00155141,352,190,162
E00166052,405,204,201
E00166060,369,185,184
E00155135,310,157,153
E00155137,363,196,167
E00155138,321,182,139
E00155142,368,179,189
E00155143,304,150,154
E00155133,382,204,178
E00155134,333,184,149
E00155136,301,152,149
E00155139,370,188,182
E00154974,386,189,197
E00154977,322,169,153
E00154981,382,197,185
E00154983,371,176,195
E00166055,386,191,195
E00166057,305,144,161
E00166102,212,110,102
E00166104,373,191,182
E00155056,352,179,173
E00155061,396,209,187
E00155062,300,149,151
E00155063,341,176,165
E00155064,343,179,164
E00166070,365,187,178
E00166071,275,144,131
E00166073,154,81,73
E00155075,324,167,157
E00155076,534,270,264
E00155092,341,187,154
E00180581,190,101,89
E00180582,196,109,87
E00180591,501,244,257
E00180592,378,195,183
E00166062,150,79,71
E00180563,525,268,257
E00180577,435,213,222
E00180599,338,163,175
E00180617,249,125,124
E00154973,390,203,187
E00154986,344,168,176
E00154987,349,184,165
E00166075,402,185,217
E00154975,319,172,147
E00154976,501,275,226
E00154978,333,177,156
E00154979,314,169,145
E00154982,297,149,148
E00155007,320,159,161
E00155008,333,163,170
E00155019,263,142,121
E00155021,297,146,151
E00155022,383,209,174
E00155023,316,146,170
E00155078,363,176,187
E00155079,353,183,170
E00155081,295,162,133
E00155090,298,158,140
E00155091,318,164,154
E00155077,268,148,120
E00155080,307,157,150
E00155082,351,174,177
E00155083,346,173,173
E00155084,323,159,164
E00155112,353,176,177
E00155116,457,238,219
E00155118,434,237,197
E00155122,352,186,166
E00155111,248,120,128
E00155113,204,108,96
E00155114,409,194,215
E00155115,600,322,278
E00155117,302,148,154
E00154956,137,72,65
E00154963,337,172,165
E00154967,359,185,174
E00154968,255,144,111
E00154969,379,187,192
E00155107,364,186,178
E00155108,262,154,108
E00155119,406,222,184
E00155120,275,142,133
E00155125,279,150,129
E00166066,229,124,105
E00166068,270,139,131
E00155146,310,171,139
E00155147,283,145,138
E00155157,329,174,155
E00155158,325,166,159
E00155159,551,299,252
E00155109,351,189,162
E00155127,229,133,96
E00166065,335,178,157
E00180623,235,125,110
E00180638,305,158,147
E00155110,318,177,141
E00155126,514,276,238
E00166058,241,140,101
E00166063,325,185,140
E00154961,287,139,148
E00154962,309,156,153
E00154964,383,183,200
E00154966,580,253,327
E00154965,372,193,179
E00154970,362,190,172
E00154971,340,178,162
E00154972,373,194,179
E00155074,307,176,131
E00155085,276,165,111
E00155086,333,168,165
E00155087,355,186,169
E00155088,568,299,269
E00155145,335,178,157
E00155149,329,175,154
E00155151,316,172,144
E00155152,346,181,165
E00155153,372,189,183
E00155154,339,177,162
E00155155,414,215,199
E00155156,389,194,195
E00155148,409,204,205
E00155150,223,130,93
E00155160,298,158,140
E00155161,431,246,185
E00154957,358,176,182
E00154958,397,196,201
E00154959,309,158,151
E00154960,478,228,250
E00155006,369,211,158
E00155009,323,157,166
E00155010,326,179,147
E00155011,376,195,181
E00155012,343,175,168
E00155015,299,166,133
E00155013,328,161,167
E00155014,447,222,225
E00155016,334,176,158
E00155017,365,177,188
E00155018,304,168,136
E00155020,265,135,130
E00155052,422,220,202
E00155053,409,201,208
E00155054,380,186,194
E00155055,406,192,214
E00180573,469,244,225
E00180579,302,141,161
E00180611,105,58,47
E00155041,353,195,158
E00155042,330,165,165
E00155044,351,177,174
E00155045,353,177,176
E00155046,319,160,159
E00155043,389,200,189
E00155047,365,181,184
E00155049,434,213,221
E00155050,364,189,175
E00165853,422,218,204
E00155265,246,129,117
E00155280,333,171,162
E00155281,295,148,147
E00155282,307,151,156
E00155283,184,88,96
E00155284,295,154,141
E00155360,414,211,203
E00155363,261,130,131
E00155366,354,179,175
E00155367,176,83,93
E00155361,358,178,180
E00155362,332,164,168
E00155364,405,210,195
E00155365,312,243,69
E00155440,272,142,130
E00155442,285,149,136
E00155447,381,214,167
E00155448,148,70,78
E00155449,311,149,162
E00155443,264,135,129
E00155444,282,136,146
E00155445,289,150,139
E00155452,316,168,148
E00155439,363,210,153
E00155441,266,138,128
E00155446,243,123,120
E00155450,289,139,150
E00155451,279,132,147
E00155453,257,129,128
E00155394,388,194,194
E00155395,291,152,139
E00155396,208,100,108
E00155397,263,125,138
E00155399,345,165,180
E00155398,352,177,175
E00155400,275,147,128
E00155401,305,153,152
E00155402,430,208,222
E00155403,255,139,116
E00155430,218,110,108
E00155432,357,178,179
E00155433,363,179,184
E00155434,334,176,158
E00155435,428,215,213
E00155436,306,152,154
E00155437,319,152,167
E00155438,369,179,190
E00167770,1736,302,1434
E00167771,134,57,77
E00155285,335,185,150
E00155287,354,184,170
E00155292,373,188,185
E00155293,315,155,160
E00155267,115,57,58
E00155272,282,145,137
E00155273,363,186,177
E00155276,336,175,161
E00155279,358,184,174
E00155266,425,214,211
E00155268,286,152,134
E00155269,361,179,182
E00155271,296,146,150
E00155286,296,149,147
E00155288,296,157,139
E00155289,370,185,185
E00155290,269,143,126
E00155291,325,158,167
E00155270,308,174,134
E00155274,234,121,113
E00155275,299,157,142
E00155277,316,155,161
E00155278,288,150,138
E00155295,366,212,154
E00155296,132,71,61
E00155297,240,127,113
E00155298,325,177,148
E00155299,315,156,159
E00155294,399,212,187
E00155300,272,141,131
E00155301,368,176,192
E00155302,307,156,151
E00155195,302,155,147
E00155196,330,172,158
E00155197,279,145,134
E00155198,322,164,158
E00155208,301,148,153
E00155191,303,147,156
E00155194,288,149,139
E00155207,246,129,117
E00155209,269,133,136
E00155210,297,140,157
E00155193,315,148,167
E00155199,234,117,117
E00155200,426,220,206
E00155201,302,164,138
E00155192,221,100,121
E00155202,294,145,149
E00155203,264,139,125
E00155204,254,129,125
E00155205,265,133,132
E00155206,180,87,93
E00155212,310,158,152
E00155224,305,150,155
E00155225,201,115,86
E00155227,368,204,164
E00155228,251,117,134
E00155576,380,192,188
E00155583,252,135,117
E00155584,256,134,122
E00155585,312,176,136
E00155587,300,147,153
E00155564,315,169,146
E00155565,250,127,123
E00155566,317,157,160
E00155569,293,143,150
E00155586,388,190,198
E00155563,527,284,243
E00155574,224,118,106
E00155575,335,176,159
E00155582,307,156,151
E00155589,277,150,127
E00155567,332,168,164
E00155572,256,132,124
E00155573,342,173,169
E00155580,300,168,132
E00155568,281,148,133
E00155570,482,234,248
E00155571,332,178,154
E00155588,279,151,128
E00155577,258,137,121
E00155578,298,172,126
E00155579,309,164,145
E00155581,260,131,129
E00155490,274,135,139
E00155507,394,218,176
E00155508,249,124,125
E00155510,311,150,161
E00155511,319,165,154
E00155512,230,105,125
E00155491,310,154,156
E00155509,391,179,212
E00155513,326,165,161
E00155514,349,177,172
E00155515,210,99,111
E00155492,321,157,164
E00155493,327,172,155
E00155495,524,239,285
E00155498,133,66,67
E00167772,402,214,188
E00167773,445,228,217
E00155499,314,160,154
E00155504,314,171,143
E00155505,338,176,162
E00167774,327,175,152
E00167775,329,156,173
E00167776,318,167,151
E00167777,292,147,145
E00167778,248,122,126
E00155476,393,183,210
E00155484,368,182,186
E00155485,370,184,186
E00155486,291,140,151
E00155488,349,166,183
E00155471,391,181,210
E00155473,392,208,184
E00155487,325,174,151
E00155489,305,148,157
E00155472,224,109,115
E00155474,298,149,149
E00155475,335,176,159
E00155479,268,142,126
E00155482,352,157,195
E00155477,338,167,171
E00155478,261,135,126
E00155480,390,191,199
E00155481,379,189,190
E00155483,346,166,180
E00155233,323,162,161
E00155234,205,100,105
E00155235,225,104,121
E00155236,279,136,143
E00155237,292,150,142
E00155241,260,143,117
E00155240,442,222,220
E00155243,319,168,151
E00155244,389,194,195
E00155245,473,243,230
E00155248,363,187,176
E00155371,294,155,139
E00155374,245,135,110
E00155375,327,165,162
E00155393,317,160,157
E00190470,432,218,214
E00155387,292,153,139
E00155388,269,142,127
E00155389,302,174,128
E00155390,262,140,122
E00155391,321,166,155
E00155370,346,166,180
E00155373,417,218,199
E00155376,323,167,156
E00155378,377,190,187
E00155392,275,141,134
E00155497,338,168,170
E00155501,301,159,142
E00155502,286,142,144
E00155503,319,165,154
E00155506,325,155,170
E00155536,299,145,154
E00155538,386,196,190
E00155553,321,150,171
E00155554,287,135,152
E00155535,333,158,175
E00155555,463,222,241
E00155556,323,167,156
E00155558,389,183,206
E00155562,384,174,210
E00155549,354,177,177
E00155550,325,160,165
E00155551,318,164,154
E00155552,388,191,197
E00155166,244,130,114
E00155167,272,138,134
E00155169,161,82,79
E00155172,268,140,128
E00155176,289,147,142
E00155177,265,144,121
E00155213,329,163,166
E00155220,275,129,146
E00155226,255,136,119
E00155229,267,132,135
E00155230,310,152,158
E00155214,345,175,170
E00155215,301,156,145
E00155217,313,162,151
E00155218,302,154,148
E00155219,265,137,128
E00155211,397,200,197
E00155216,241,124,117
E00155221,288,145,143
E00155222,357,185,172
E00155223,371,191,180
E00155231,286,146,140
E00155232,308,156,152
E00155238,360,193,167
E00155239,366,183,183
E00155242,352,171,181
E00155246,259,145,114
E00155247,338,172,166
E00155255,314,171,143
E00155256,380,198,182
E00155260,361,186,175
E00155262,416,222,194
E00190479,237,122,115
E00190485,306,159,147
E00190499,341,170,171
E00155251,324,164,160
E00155252,319,173,146
E00155253,343,179,164
E00155263,431,223,208
E00155264,313,157,156
E00155372,322,167,155
E00155379,280,133,147
E00155381,311,156,155
E00155384,310,162,148
E00155386,385,192,193
E00155368,343,185,158
E00155369,314,170,144
E00155382,373,192,181
E00155383,347,176,171
E00155385,281,139,142
E00155410,376,179,197
E00155413,384,190,194
E00155417,324,170,154
E00190472,3591,2062,1529
E00155539,321,169,152
E00155540,346,172,174
E00155543,445,205,240
E00155546,370,195,175
E00155560,301,162,139
E00155537,348,180,168
E00155544,344,188,156
E00155545,275,142,133
E00155559,396,217,179
E00155561,342,181,161
E00155541,388,209,179
E00155542,241,119,122
E00155547,336,180,156
E00155548,256,140,116
E00155557,371,187,184
E00155249,299,159,140
E00155250,342,172,170
E00155254,327,167,160
E00155257,309,167,142
E00155259,254,127,127
E00155261,292,157,135
E00155305,340,159,181
E00155309,247,120,127
E00155327,368,180,188
E00155328,402,190,212
E00155329,334,166,168
E00155330,535,258,277
E00155331,377,191,186
E00155306,264,133,131
E00155307,221,106,115
E00155310,526,217,309
E00155311,398,198,200
E00155312,254,127,127
E00155314,347,166,181
E00155332,278,142,136
E00155348,262,124,138
E00155350,228,127,101
E00155353,301,159,142
E00155356,203,98,105
E00155358,218,112,106
E00155334,432,198,234
E00155338,261,125,136
E00155341,205,105,100
E00155352,351,203,148
E00155355,333,157,176
E00155359,271,145,126
E00155344,357,193,164
E00155345,298,146,152
E00155346,290,151,139
E00155347,272,129,143
E00155349,271,140,131
E00155351,190,92,98
E00155165,358,189,169
E00155170,319,158,161
E00155171,357,178,179
E00155178,212,112,100
E00155181,245,133,112
E00155182,258,147,111
E00155163,299,154,145
E00155179,584,313,271
E00155180,294,147,147
E00155183,291,163,128
E00155185,333,168,165
E00155184,284,146,138
E00155186,292,154,138
E00155187,374,200,174
E00155188,302,150,152
E00155189,140,74,66
E00155190,332,176,156
E00155162,249,124,125
E00155164,290,150,140
E00155168,308,160,148
E00155173,233,129,104
E00155174,556,293,263
E00155175,300,149,151
E00155303,332,188,144
E00155313,193,74,119
E00155315,339,177,162
E00155316,353,196,157
E00155317,380,192,188
E00190506,413,188,225
E00190509,243,126,117
E00190513,190,94,96
E00190521,139,63,76
E00155404,328,173,155
E00155405,332,173,159
E00155406,367,199,168
E00155407,361,190,171
E00155416,336,177,159
E00155412,450,215,235
E00155418,255,125,130
E00190471,2501,1206,1295
E00155409,362,199,163
E00155415,379,199,180
E00155419,371,198,173
E00155420,347,171,176
E00155320,355,176,179
E00155321,366,191,175
E00155322,233,116,117
E00155324,328,159,169
E00155326,282,149,133
E00155304,291,155,136
E00155318,270,135,135
E00155319,329,168,161
E00155323,224,106,118
E00155325,240,117,123
E00155333,297,147,150
E00155335,411,211,200
E00155337,293,149,144
E00155340,232,118,114
E00155354,159,80,79
E00155357,298,158,140
E00155336,339,168,171
E00155339,433,219,214
E00155342,374,192,182
E00155343,370,183,187
E00155423,221,114,107
E00155424,283,145,138
E00155425,393,185,208
E00155429,360,186,174
E00155421,303,162,141
E00155422,290,160,130
E00155426,321,167,154
E00155427,188,88,100
E00155428,201,96,105
E00155454,339,172,167
E00155455,450,261,189
E00155456,295,148,147
E00155457,304,150,154
E00155460,467,267,200
E00155458,406,205,201
E00155464,293,155,138
E00155465,262,135,127
E00155466,242,130,112
E00155468,360,177,183
E00155469,295,157,138
E00155459,269,146,123
E00155461,328,174,154
E00155462,234,132,102
E00155463,349,179,170
E00155467,346,178,168
E00155470,330,169,161
E00155516,309,175,134
E00155518,288,151,137
E00155519,351,195,156
E00155520,383,184,199
E00155521,330,166,164
E00155517,229,116,113
E00155522,339,166,173
E00155524,329,169,160
E00155525,153,82,71
E00155526,325,182,143
E00155527,326,173,153
E00155528,300,157,143
E00155523,258,127,131
E00155529,279,140,139
E00155530,274,154,120
E00155531,307,157,150
E00155532,267,140,127
E00155533,234,123,111
E00155534,379,197,182
E00155590,300,155,145
E00155591,327,170,157
E00155592,332,173,159
E00155593,369,194,175
E00155605,326,165,161
E00155609,344,183,161
E00155610,454,232,222
E00155611,323,166,157
E00155606,301,157,144
E00155612,292,162,130
E00155613,329,177,152
E00155614,286,157,129
E00155615,357,185,172
E00155627,348,185,163
E00155628,305,168,137
E00155629,423,227,196
E00155616,300,161,139
E00155618,246,129,117
E00155620,314,171,143
E00155630,352,176,176
E00155631,282,144,138
E00155598,338,176,162
E00155599,379,182,197
E00155600,145,63,82
E00155601,332,175,157
E00155602,378,180,198
E00155594,353,178,175
E00155595,329,172,157
E00155596,243,125,118
E00155597,352,187,165
E00155622,368,190,178
E00155623,386,219,167
E00155625,343,180,163
E00155626,500,255,245
E00155617,329,164,165
E00155619,377,194,183
E00155621,320,168,152
E00155624,245,118,127
E00155632,336,173,163
E00155810,315,164,151
E00155815,378,188,190
E00155822,149,76,73
E00155823,454,236,218
E00170378,427,228,199
E00170379,193,96,97
E00170380,365,193,172
E00155802,363,207,156
E00155809,371,173,198
E00155812,381,199,182
E00155818,292,148,144
E00170381,198,95,103
E00170382,279,147,132
E00155803,262,117,145
E00155816,361,183,178
E00155817,309,159,150
E00155819,336,153,183
E00155820,214,117,97
E00155821,334,169,165
E00155804,304,149,155
E00155805,227,117,110
E00155806,181,102,79
E00155807,351,180,171
E00155808,284,144,140
E00155811,382,193,189
E00155603,382,189,193
E00155604,491,264,227
E00155608,388,203,185
E00190501,348,188,160
E00190502,265,158,107
E00155834,401,216,185
E00155835,301,143,158
E00155836,191,94,97
E00155837,293,151,142
E00155838,352,173,179
E00155825,178,85,93
E00155826,295,146,149
E00155827,239,128,111
E00155828,222,120,102
E00155829,321,157,164
E00155831,443,231,212
E00155824,307,159,148
E00155830,130,65,65
E00155832,386,181,205
E00155833,329,169,160
E00155757,443,231,212
E00155760,261,129,132
E00155761,294,147,147
E00155762,377,192,185
E00155763,339,174,165
E00155758,365,185,180
E00155759,378,188,190
E00155764,400,194,206
E00155765,338,178,160
E00155766,335,174,161
E00155767,331,162,169
E00155769,299,152,147
E00155770,301,154,147
E00155771,292,148,144
E00155772,374,192,182
E00155776,324,164,160
E00155777,329,158,171
E00155779,301,153,148
E00155780,301,160,141
E00155768,265,144,121
E00155773,403,190,213
E00155774,372,189,183
E00155775,312,153,159
E00155778,286,144,142
E00155640,284,136,148
E00155645,315,152,163
E00155647,211,119,92
E00155649,242,132,110
E00155655,271,140,131
E00155641,404,210,194
E00155646,334,162,172
E00155650,302,155,147
E00155652,306,161,145
E00155658,312,160,152
E00155642,342,182,160
E00155643,342,173,169
E00155644,342,173,169
E00155648,362,189,173
E00155651,310,160,150
E00155653,278,151,127
E00155654,332,170,162
E00155656,364,200,164
E00155657,315,158,157
E00155665,225,126,99
E00155670,262,148,114
E00155671,291,158,133
E00155672,319,157,162
E00155673,291,163,128
E00155659,347,182,165
E00155663,268,142,126
E00155666,413,229,184
E00155674,311,161,150
E00155675,314,163,151
E00155660,372,185,187
E00155661,328,173,155
E00155662,397,199,198
E00155676,321,162,159
E00155664,332,174,158
E00155667,274,149,125
E00155668,339,172,167
E00155669,281,139,142
E00155677,154,59,95
E00155678,209,106,103
E00155679,229,114,115
E00155680,260,130,130
E00155681,264,131,133
E00155682,158,84,74
E00155683,297,159,138
E00155684,279,140,139
E00155688,300,159,141
E00155692,125,64,61
E00155695,249,122,127
E00155696,289,159,130
E00155697,283,135,148
E00155698,239,118,121
E00155689,280,141,139
E00155690,330,168,162
E00155691,276,146,130
E00155693,267,144,123
E00155694,132,71,61
E00155685,380,212,168
E00155686,448,230,218
E00155687,236,126,110
E00155699,267,136,131
E00155700,306,157,149
E00155723,336,164,172
E00155724,339,181,158
E00155725,311,157,154
E00155730,359,181,178
E00155734,277,140,137
E00155722,328,164,164
E00155727,387,195,192
E00155732,331,161,170
E00155733,381,187,194
E00155721,162,93,69
E00155726,354,168,186
E00155728,318,168,150
E00155729,300,170,130
E00155731,273,140,133
E00155845,302,153,149
E00155846,351,185,166
E00155847,295,154,141
E00155848,212,111,101
E00155849,219,122,97
E00155850,513,271,242
E00155736,275,142,133
E00155747,241,130,111
E00155750,303,154,149
E00155751,408,206,202
E00155752,355,176,179
E00155753,264,127,137
E00155735,312,170,142
E00155737,280,153,127
E00155749,283,159,124
E00155754,290,156,134
E00155755,286,148,138
E00155756,383,199,184
E00155738,322,156,166
E00155739,391,192,199
E00155740,483,252,231
E00155744,351,181,170
E00155746,170,89,81
E00155741,464,226,238
E00155742,355,171,184
E00155743,446,232,214
E00155745,297,167,130
E00155748,363,180,183
E00155786,343,182,161
E00155797,364,195,169
E00155799,317,165,152
E00155800,310,161,149
E00155801,316,144,172
E00155781,307,156,151
E00155783,434,226,208
E00155784,265,145,120
E00155785,265,137,128
E00155798,226,119,107
E00155782,285,143,142
E00155787,327,182,145
E00155789,441,233,208
E00155790,279,146,133
E00155796,219,107,112
E00155788,272,136,136
E00155791,271,140,131
E00155792,254,144,110
E00155793,337,179,158
E00155794,274,140,134
E00155795,300,149,151
E00155701,238,132,106
E00155702,354,177,177
E00155703,294,155,139
E00155704,268,138,130
E00155705,478,226,252
E00155839,291,151,140
E00155840,339,181,158
E00155841,239,119,120
E00155842,216,108,108
E00155843,274,135,139
E00155844,286,145,141
E00155851,354,172,182
E00155852,388,187,201
E00155853,300,152,148
E00155854,291,151,140
E00155855,315,140,175
E00155856,312,157,155
E00155857,341,189,152
E00155858,324,183,141
E00155859,367,202,165
E00155860,337,176,161
E00155861,298,153,145
E00155862,275,144,131
E00155863,329,178,151
E00155633,269,136,133
E00155634,336,165,171
E00155635,253,125,128
E00155636,360,187,173
E00155637,195,103,92
E00155638,299,149,150
E00155639,229,114,115
E00155709,293,147,146
E00155711,417,212,205
E00155712,346,167,179
E00155713,354,177,177
E00155706,326,168,158
E00155707,265,130,135
E00155708,293,146,147
E00155710,316,166,150
E00155714,316,153,163
E00155715,450,193,257
E00155716,380,193,187
E00155717,371,188,183
E00155718,346,178,168
E00155719,295,142,153
E00155720,240,123,117
E00156077,376,190,186
E00156093,301,166,135
E00156095,360,190,170
E00156096,474,250,224
E00156076,206,107,99
E00156081,408,196,212
E00156082,410,208,202
E00156092,258,136,122
E00156094,328,181,147
E00156084,430,217,213
E00156085,369,192,177
E00156089,420,205,215
E00156097,459,218,241
E00156078,369,190,179
E00156079,368,194,174
E00156083,378,187,191
E00156086,543,283,260
E00156088,313,169,144
E00155864,290,165,125
E00155869,266,140,126
E00155870,308,170,138
E00155888,375,193,182
E00155878,277,157,120
E00155879,327,172,155
E00155882,362,233,129
E00155883,403,215,188
E00155887,219,127,92
E00155875,328,171,157
E00155876,335,192,143
E00155877,216,112,104
E00155881,258,145,113
E00155886,228,143,85
E00155865,259,136,123
E00155871,365,213,152
E00155872,302,154,148
E00155873,383,195,188
E00155866,357,189,168
E00155867,369,188,181
E00170403,1373,279,1094
E00170410,230,109,121
E00155868,363,208,155
E00155880,302,146,156
E00155884,360,183,177
E00155885,371,170,201
E00156080,353,179,174
E00156087,612,316,296
E00156090,279,142,137
E00156091,406,222,184
E00156260,351,178,173
E00156262,290,152,138
E00156267,274,138,136
E00156269,295,155,140
E00156279,339,173,166
E00156261,440,240,200
E00156264,304,160,144
E00156266,379,207,172
E00156280,290,147,143
E00156282,303,160,143
E00156263,291,155,136
E00156265,332,171,161
E00156278,310,158,152
E00156281,316,168,148
E00155897,324,164,160
E00155899,129,63,66
E00155906,341,170,171
E00155907,310,162,148
E00155908,391,200,191
E00155894,373,202,171
E00155895,360,186,174
E00155909,394,193,201
E00155910,336,170,166
E00155900,285,138,147
E00155901,310,153,157
E00155902,326,173,153
E00155903,381,185,196
E00155904,358,182,176
E00155889,479,243,236
E00155890,351,182,169
E00155896,327,165,162
E00155898,322,165,157
E00155891,367,184,183
E00155892,310,169,141
E00155893,334,163,171
E00170396,279,139,140
E00170397,276,142,134
E00170398,236,127,109
E00170399,318,162,156
E00170400,262,139,123
E00170402,365,185,180
E00156098,241,129,112
E00156102,277,146,131
E00156103,428,232,196
E00156104,309,164,145
E00156107,302,171,131
E00156099,456,240,216
E00156100,394,215,179
E00156101,347,184,163
E00156106,282,153,129
E00190477,291,149,142
E00190505,292,146,146
E00190518,332,186,146
E00156258,261,150,111
E00156270,320,179,141
E00156271,242,119,123
E00156272,272,129,143
E00156273,228,116,112
E00156274,231,120,111
E00156259,237,126,111
E00156268,334,172,162
E00156275,224,127,97
E00156276,296,161,135
E00156277,367,190,177
E00156241,309,168,141
E00156243,295,159,136
E00156244,393,205,188
E00156246,235,127,108
E00156247,429,223,206
E00156234,310,156,154
E00156248,261,124,137
E00156249,328,167,161
E00156250,270,137,133
E00156235,296,146,150
E00156236,319,160,159
E00156251,334,173,161
E00156254,274,133,141
E00156237,300,159,141
E00156252,313,154,159
E00156253,312,161,151
E00156255,268,140,128
E00156257,324,161,163
E00156238,250,154,96
E00156239,252,135,117
E00156240,261,131,130
E00156242,229,111,118
E00156245,241,135,106
E00156256,297,152,145
E00156008,332,171,161
E00156009,357,177,180
E00156022,358,178,180
E00156023,344,168,176
E00156024,405,204,201
E00156012,332,161,171
E00156013,376,193,183
E00156014,351,195,156
E00156016,400,199,201
E00156017,430,220,210
E00156015,370,190,180
E00156025,339,168,171
E00156026,501,246,255
E00190492,170,89,81
E00190523,336,177,159
E00156007,254,130,124
E00156018,318,165,153
E00156019,497,253,244
E00156020,324,159,165
E00156021,466,216,250
E00156057,419,216,203
E00156060,204,99,105
E00156061,315,168,147
E00156070,308,152,156
E00156073,441,229,212
E00156051,303,154,149
E00156052,287,147,140
E00156053,371,195,176
E00156062,312,161,151
E00156075,383,196,187
E00156059,329,161,168
E00156066,313,167,146
E00156071,315,155,160
E00156072,365,196,169
E00156074,360,182,178
E00156054,393,194,199
E00156055,360,179,181
E00156056,418,195,223
E00156063,335,165,170
E00156064,333,180,153
E00156058,319,173,146
E00156065,366,187,179
E00156067,352,178,174
E00156068,328,163,165
E00156069,313,159,154
E00156163,291,158,133
E00156164,400,234,166
E00156165,337,174,163
E00156166,304,157,147
E00156167,341,182,159
E00156168,300,161,139
E00156171,330,165,165
E00156191,338,182,156
E00156196,458,228,230
E00156198,304,156,148
E00156199,355,199,156
E00156188,380,193,187
E00156190,407,209,198
E00190478,312,155,157
E00190517,594,295,299
E00156184,142,70,72
E00156185,351,181,170
E00156186,273,142,131
E00156189,307,161,146
E00156187,271,150,121
E00156192,303,150,153
E00156193,328,178,150
E00156194,293,141,152
E00156195,260,138,122
E00156197,458,236,222
E00156134,344,175,169
E00156145,354,202,152
E00156146,262,121,141
E00156148,444,233,211
E00190475,292,153,139
E00190508,365,174,191
E00156136,322,175,147
E00156141,375,194,181
E00156142,327,169,158
E00156153,285,142,143
E00156158,392,203,189
E00156138,341,168,173
E00156139,311,160,151
E00156140,383,189,194
E00156143,359,185,174
E00156144,338,170,168
E00156135,393,201,192
E00156149,325,160,165
E00156150,354,185,169
E00156152,383,203,180
E00156155,500,254,246
E00156137,320,157,163
E00156151,250,123,127
E00156154,253,135,118
E00156156,383,204,179
E00156157,283,162,121
E00156174,306,148,158
E00156175,387,184,203
E00156176,299,153,146
E00156177,368,182,186
E00156178,197,93,104
E00156181,423,216,207
E00156113,439,219,220
E00156126,386,187,199
E00156127,331,162,169
E00156128,336,167,169
E00156116,341,171,170
E00156119,349,153,196
E00156120,274,137,137
E00156121,276,126,150
E00170383,248,126,122
E00170384,296,139,157
E00170385,222,113,109
E00156111,345,179,166
E00156112,402,214,188
E00156118,302,151,151
E00156123,282,143,139
E00156124,397,195,202
E00170386,206,110,96
E00170387,374,208,166
E00170388,470,245,225
E00170389,262,130,132
E00170391,287,140,147
E00156129,264,138,126
E00156130,326,162,164
E00156131,271,129,142
E00156132,317,153,164
E00170409,381,188,193
E00156115,149,79,70
E00156133,216,109,107
E00170390,242,121,121
E00170407,357,178,179
E00170408,305,158,147
E00170411,316,154,162
E00156108,279,132,147
E00156110,239,126,113
E00156114,312,167,145
E00190487,287,134,153
E00190507,226,140,86
E00156027,351,183,168
E00156029,311,141,170
E00156034,321,172,149
E00156036,242,131,111
E00156043,288,147,141
E00156033,402,202,200
E00156035,394,207,187
E00156037,334,156,178
E00156049,428,216,212
E00156030,385,189,196
E00156031,364,192,172
E00156032,342,183,159
E00156040,276,154,122
E00156050,343,175,168
E00156160,223,123,100
E00156162,468,236,232
E00156169,307,148,159
E00156172,256,131,125
E00156173,305,158,147
E00156182,382,197,185
E00156159,363,184,179
E00156161,307,159,148
E00156170,316,178,138
E00156179,307,164,143
E00156180,359,192,167
E00156038,410,207,203
E00156039,359,182,177
E00156041,422,220,202
E00156045,387,203,184
E00156047,335,170,165
E00156028,293,139,154
E00156042,377,188,189
E00156044,321,161,160
E00156046,306,162,144
E00156048,342,166,176
E00156214,254,124,130
E00156215,308,163,145
E00156218,335,185,150
E00156221,374,193,181
E00156233,323,169,154
E00156209,418,212,206
E00156211,256,133,123
E00156212,384,203,181
E00156213,312,160,152
E00156217,272,136,136
E00155920,343,176,167
E00155922,313,156,157
E00155932,350,177,173
E00155933,360,188,172
E00155935,355,185,170
E00155921,281,141,140
E00155923,335,178,157
E00155934,371,194,177
E00155936,318,154,164
E00155937,278,145,133
E00155914,404,219,185
E00155915,321,171,150
E00155916,338,173,165
E00155919,284,156,128
E00170392,236,121,115
E00170393,316,154,162
E00170394,299,164,135
E00155912,322,162,160
E00155925,322,166,156
E00155926,341,165,176
E00155927,298,150,148
E00155928,376,201,175
E00155930,205,123,82
E00155911,333,161,172
E00155917,326,151,175
E00155918,311,152,159
E00155924,272,136,136
E00155929,351,162,189
E00155931,366,179,187
E00156201,439,226,213
E00156202,344,173,171
E00156204,388,204,184
E00156205,396,187,209
E00156203,220,116,104
E00156206,352,172,180
E00156207,420,198,222
E00156208,405,203,202
E00156220,220,125,95
E00156223,326,172,154
E00156224,139,70,69
E00156227,323,160,163
E00156231,345,162,183
E00156210,245,134,111
E00156216,396,199,197
E00156219,266,128,138
E00156225,258,134,124
E00156232,328,168,160
E00156222,303,159,144
E00156226,295,161,134
E00156228,310,165,145
E00156229,313,165,148
E00156230,345,177,168
E00155985,306,163,143
E00155993,283,154,129
E00155994,284,145,139
E00155997,314,164,150
E00155999,344,183,161
E00155982,336,172,164
E00155983,304,153,151
E00155998,458,240,218
E00156003,431,218,213
E00156005,395,191,204
E00155987,310,172,138
E00156000,287,142,145
E00156001,349,180,169
E00156004,338,167,171
E00156006,338,178,160
E00155988,269,132,137
E00155989,364,185,179
E00155990,313,170,143
E00155991,299,154,145
E00155992,273,138,135
E00190476,328,169,159
E00190494,317,154,163
E00190496,331,176,155
E00190519,356,184,172
E00190520,360,168,192
E00190522,303,156,147
E00155984,391,194,197
E00155986,274,148,126
E00155996,331,166,165
E00156002,267,138,129
E00190489,331,177,154
E00190497,322,168,154
E00155968,311,159,152
E00155969,323,160,163
E00155975,207,104,103
E00155977,262,125,137
E00170404,360,192,168
E00170405,497,251,246
E00170406,278,140,138
E00155964,280,134,146
E00155966,355,184,171
E00155976,275,137,138
E00190480,360,185,175
E00190484,295,156,139
E00190491,437,214,223
E00190524,410,212,198
E00155965,371,188,183
E00155978,256,124,132
E00155979,299,150,149
E00155980,502,261,241
E00155967,437,235,202
E00155970,368,190,178
E00155971,252,129,123
E00155972,259,121,138
E00155981,355,176,179
E00155940,332,159,173
E00155952,254,124,130
E00155953,382,187,195
E00155954,377,184,193
E00155955,376,181,195
E00155942,260,132,128
E00155943,377,182,195
E00155947,262,131,131
E00155950,251,133,118
E00155961,266,136,130
E00155962,226,108,118
E00155944,319,158,161
E00155946,279,139,140
E00155948,241,121,120
E00155949,336,163,173
E00155951,315,157,158
E00155941,319,177,142
E00155945,278,149,129
E00155963,285,144,141
E00190488,369,175,194
E00190510,247,124,123
E00190514,121,77,44
E00155956,241,125,116
E00155957,319,161,158
E00155958,284,142,142
E00155959,310,173,137
E00190504,269,134,135
E00155938,427,222,205
E00190483,291,164,127
E00190511,278,131,147
E00190516,285,135,150
E00156400,334,175,159
E00156408,171,103,68
E00156410,246,121,125
E00156413,231,106,125
E00156415,297,138,159
E00156416,255,140,115
E00156402,271,130,141
E00156403,383,199,184
E00156404,218,118,100
E00156405,324,165,159
E00156407,321,151,170
E00167795,240,123,117
E00167798,233,142,91
E00156409,452,234,218
E00156411,399,217,182
E00156412,361,186,175
E00156414,352,186,166
E00156420,308,178,130
E00156401,520,276,244
E00156417,346,185,161
E00156418,319,155,164
E00156419,360,192,168
E00156423,571,319,252
E00156424,268,138,130
E00156426,301,160,141
E00156427,269,136,133
E00156421,362,194,168
E00156429,427,228,199
E00156430,338,176,162
E00167793,190,98,92
E00167794,448,207,241
E00180568,612,352,260
E00180586,250,131,119
E00180615,185,101,84
E00180634,1731,949,782
E00156439,204,99,105
E00156442,253,129,124
E00156443,338,185,153
E00180588,357,210,147
E00180639,302,146,156
E00156433,362,186,176
E00156441,207,113,94
E00156444,274,138,136
E00156445,274,139,135
E00156447,314,161,153
E00156431,270,144,126
E00156435,356,176,180
E00156436,315,166,149
E00156438,594,305,289
E00156432,353,186,167
E00156434,331,174,157
E00156437,348,184,164
E00156446,423,212,211
E00156378,202,119,83
E00156379,343,177,166
E00156392,409,209,200
E00156394,417,225,192
E00156397,395,193,202
E00156380,234,120,114
E00156385,395,202,193
E00156388,251,126,125
E00156389,247,138,109
E00156391,323,166,157
E00156398,323,170,153
E00156383,312,163,149
E00156384,345,191,154
E00156393,301,152,149
E00156395,300,159,141
E00156396,349,180,169
E00156381,264,138,126
E00156382,289,147,142
E00156386,250,123,127
E00156387,287,147,140
E00156390,402,207,195
E00156399,268,139,129
E00156492,278,145,133
E00156493,325,174,151
E00156495,286,140,146
E00156502,367,182,185
E00156488,297,151,146
E00156489,358,177,181
E00156490,317,160,157
E00156491,345,170,175
E00156496,272,134,138
E00156352,273,135,138
E00156354,238,120,118
E00156355,362,184,178
E00156356,297,151,146
E00156358,401,211,190
E00156342,210,113,97
E00156343,194,101,93
E00156350,260,133,127
E00167791,198,97,101
E00167796,385,203,182
E00167797,183,90,93
E00156486,376,190,186
E00156494,271,146,125
E00156500,508,271,237
E00156501,345,178,167
E00156485,360,187,173
E00156487,306,150,156
E00156497,176,83,93
E00156498,339,177,162
E00156499,278,136,142
E00156506,230,123,107
E00156508,295,150,145
E00156509,288,140,148
E00156514,292,147,145
E00156519,389,213,176
E00156507,346,169,177
E00156511,318,159,159
E00156512,333,174,159
E00156513,312,167,145
E00156518,486,263,223
E00156515,253,118,135
E00156516,319,166,153
E00156520,343,180,163
E00156521,311,159,152
E00156522,350,179,171
E00156503,300,141,159
E00156504,279,146,133
E00156505,186,97,89
E00156510,337,185,152
E00156517,364,184,180
E00156324,520,265,255
E00156331,326,160,166
E00156333,274,148,126
E00156339,422,214,208
E00156340,354,181,173
E00156328,410,204,206
E00156329,190,109,81
E00156337,332,191,141
E00156338,261,137,124
E00180593,530,278,252
E00180640,111,65,46
E00156323,267,137,130
E00156330,329,162,167
E00167799,313,152,161
E00180587,411,207,204
E00180626,175,88,87
E00156341,318,174,144
E00156346,332,165,167
E00156347,449,237,212
E00156349,437,219,218
E00156344,261,142,119
E00156345,240,111,129
E00156351,327,165,162
E00156353,249,143,106
E00156359,303,161,142
E00180578,321,165,156
E00180603,194,103,91
E00156284,186,103,83
E00156286,331,154,177
E00156287,301,150,151
E00156295,243,126,117
E00156296,185,101,84
E00156297,376,185,191
E00156309,381,192,189
E00156310,387,198,189
E00156313,359,201,158
E00156314,300,162,138
E00156315,302,155,147
E00156308,245,129,116
E00156311,326,178,148
E00156312,321,159,162
E00156316,378,197,181
E00156321,230,111,119
E00180571,399,215,184
E00180583,132,74,58
E00180596,138,75,63
E00180606,421,206,215
E00156303,285,143,142
E00156304,370,178,192
E00156305,312,151,161
E00156306,363,184,179
E00156317,320,149,171
E00156318,370,184,186
E00156319,392,228,164
E00156320,302,159,143
E00156322,369,179,190
E00156326,335,175,160
E00156327,304,155,149
E00167789,427,230,197
E00167790,265,131,134
E00167792,157,93,64
E00156361,356,191,165
E00156371,395,183,212
E00156372,373,192,181
E00156373,348,172,176
E00156377,282,145,137
E00156449,412,215,197
E00156459,352,178,174
E00156462,272,143,129
E00167800,440,227,213
E00156453,207,108,99
E00156456,290,160,130
E00156463,293,154,139
E00156464,217,109,108
E00156466,419,223,196
E00156448,299,143,156
E00156450,276,137,139
E00156452,303,156,147
E00156454,397,204,193
E00156451,290,152,138
E00156455,334,169,165
E00156457,296,150,146
E00156458,292,155,137
E00156465,298,143,155
E00156285,561,289,272
E00156288,242,125,117
E00156289,279,152,127
E00156291,211,113,98
E00156293,295,160,135
E00156294,336,174,162
E00156302,270,143,127
E00156283,286,159,127
E00156290,308,157,151
E00156292,258,122,136
E00156298,352,175,177
E00156299,360,184,176
E00156300,184,103,81
E00156301,523,255,268
E00156360,288,148,140
E00156365,302,151,151
E00156367,319,164,155
E00156374,283,150,133
E00156375,353,174,179
E00156376,266,143,123
E00180600,304,176,128
E00180613,282,144,138
E00180624,330,168,162
E00156362,278,151,127
E00156363,326,158,168
E00156364,311,150,161
E00156368,356,206,150
E00156370,100,45,55
E00180564,365,189,176
E00180607,286,151,135
E00156468,302,159,143
E00156469,270,130,140
E00156470,438,218,220
E00156483,255,142,113
E00156484,237,124,113
E00156474,374,185,189
E00156476,349,175,174
E00156478,368,183,185
E00156479,381,204,177
E00156482,240,125,115
E00156475,310,157,153
E00156477,399,201,198
E00156480,404,198,206
E00156481,259,135,124
E00156467,381,194,187
E00156471,394,203,191
E00156472,316,163,153
E00156473,336,182,154
E00156524,329,169,160
E00156536,286,157,129
E00156537,324,166,158
E00156538,354,191,163
E00156529,317,164,153
E00156534,368,183,185
E00156535,375,182,193
E00156539,294,148,146
E00156523,297,157,140
E00156525,316,161,155
E00156526,290,150,140
E00156533,311,160,151
E00156527,316,155,161
E00156528,348,178,170
E00156530,320,172,148
E00156531,276,130,146
E00156532,303,152,151
E00156781,294,132,162
E00156782,356,191,165
E00156798,376,191,185
E00156799,315,147,168
E00156801,339,176,163
E00156776,246,117,129
E00156783,187,94,93
E00156784,124,39,85
E00156785,457,248,209
E00156786,163,57,106
E00156789,307,150,157
E00156800,293,141,152
E00156777,324,170,154
E00156779,329,166,163
E00156780,479,238,241
E00156791,387,201,186
E00156794,335,182,153
E00156793,344,164,180
E00156795,327,162,165
E00156796,402,183,219
E00156797,358,181,177
E00156592,482,238,244
E00156599,328,162,166
E00156600,349,173,176
E00156609,335,172,163
E00156610,320,158,162
E00156591,418,204,214
E00156594,332,165,167
E00156595,537,275,262
E00156611,394,205,189
E00156612,423,209,214
E00156596,327,151,176
E00156597,369,181,188
E00156598,390,191,199
E00167804,283,135,148
E00167805,383,200,183
E00167806,224,116,108
E00156778,360,175,185
E00156787,396,183,213
E00156788,468,251,217
E00156790,294,145,149
E00156792,343,182,161
E00156590,342,166,176
E00156601,356,189,167
E00156602,269,138,131
E00156607,305,158,147
E00180580,188,96,92
E00180622,347,165,182
E00180646,274,132,142
E00156603,406,194,212
E00156604,338,180,158
E00156605,319,155,164
E00156606,300,151,149
E00156608,325,159,166
E00156627,530,273,257
E00156628,402,189,213
E00156630,414,215,199
E00156632,460,215,245
E00156615,319,156,163
E00156616,291,144,147
E00156617,381,188,193
E00156618,337,164,173
E00156619,537,387,150
E00156626,340,178,162
E00156629,280,156,124
E00156631,341,180,161
E00156614,322,164,158
E00156620,309,164,145
E00156622,342,163,179
E00156624,265,136,129
E00156633,316,164,152
E00156613,324,163,161
E00156621,252,121,131
E00156623,315,169,146
E00156625,329,163,166
E00156634,243,115,128
E00156726,320,165,155
E00156742,440,225,215
E00156745,443,235,208
E00156747,325,171,154
E00156727,246,127,119
E00156737,342,192,150
E00156740,308,146,162
E00156741,488,241,247
E00156743,269,131,138
E00156728,246,130,116
E00156729,289,142,147
E00156733,215,104,111
E00156734,248,120,128
E00156750,307,157,150
E00156752,209,103,106
E00156725,333,164,169
E00156731,185,102,83
E00156732,263,139,124
E00156735,280,140,140
E00156736,256,119,137
E00156751,222,113,109
E00156730,375,189,186
E00156744,282,144,138
E00180602,209,94,115
E00180610,140,68,72
E00180612,262,108,154
E00180618,243,119,124
E00156746,202,91,111
E00156748,334,158,176
E00156749,226,108,118
E00180601,134,63,71
E00180627,316,147,169
E00156546,331,160,171
E00156551,292,156,136
E00156553,311,160,151
E00156554,325,176,149
E00156565,354,182,172
E00156570,259,130,129
E00156573,295,154,141
E00156580,370,210,160
E00156584,387,202,185
E00156568,307,152,155
E00156571,307,150,157
E00156575,342,169,173
E00156576,390,202,188
E00156586,277,146,131
E00156574,255,140,115
E00156579,387,184,203
E00156582,309,154,155
E00156587,331,160,171
E00156588,318,161,157
E00156566,323,178,145
E00156567,371,187,184
E00156581,341,169,172
E00156583,353,177,176
E00156585,267,136,131
E00156569,375,192,183
E00156572,346,170,176
E00156577,368,181,187
E00156578,414,195,219
E00156541,417,208,209
E00156544,291,138,153
E00156547,374,182,192
E00156549,289,158,131
E00156555,354,179,175
E00156542,302,153,149
E00156557,295,160,135
E00156559,402,197,205
E00156560,386,203,183
E00156562,344,168,176
E00156540,300,155,145
E00156548,306,156,150
E00156550,295,145,150
E00156552,268,144,124
E00156558,337,159,178
E00156543,275,150,125
E00156545,317,158,159
E00156556,298,155,143
E00156561,278,140,138
E00156563,286,143,143
E00156564,325,159,166
E00156669,315,156,159
E00156670,354,170,184
E00156672,356,185,171
E00167801,308,172,136
E00167802,481,217,264
E00167803,295,138,157
E00156679,208,106,102
E00156684,308,170,138
E00156686,318,169,149
E00156692,341,187,154
E00156697,347,184,163
E00156753,319,163,156
E00156754,282,155,127
E00156758,236,129,107
E00156760,259,130,129
E00156762,320,155,165
E00156773,312,162,150
E00156755,384,195,189
E00156763,165,93,72
E00156765,381,190,191
E00156766,312,157,155
E00156768,321,160,161
E00156774,289,150,139
E00156767,333,166,167
E00156769,312,159,153
E00156770,397,201,196
E00156771,282,137,145
E00156775,354,180,174
E00156803,363,184,179
E00156810,426,219,207
E00156811,331,168,163
E00156818,310,151,159
E00156820,349,179,170
E00156809,257,145,112
E00156812,279,146,133
E00156814,369,198,171
E00156815,348,182,166
E00156819,323,162,161
E00156804,418,213,205
E00156813,235,121,114
E00156816,293,150,143
E00156817,293,156,137
E00156821,312,159,153
E00156806,520,265,255
E00156822,308,154,154
E00156824,371,176,195
E00156825,265,133,132
E00156826,357,183,174
E00156802,422,221,201
E00156805,388,199,189
E00156807,337,170,167
E00156808,349,171,178
E00156823,293,147,146
E00156680,342,181,161
E00156685,300,154,146
E00156690,360,172,188
E00156696,352,171,181
E00156701,392,196,196
E00156681,224,109,115
E00156682,340,175,165
E00156683,258,135,123
E00156687,268,140,128
E00156693,285,149,136
E00156699,255,135,120
E00156700,223,120,103
E00156688,259,134,125
E00156689,300,148,152
E00156691,273,145,128
E00156694,239,108,131
E00156695,320,149,171
E00156698,297,153,144
E00156756,321,163,158
E00156757,297,150,147
E00156759,302,155,147
E00156761,321,177,144
E00156764,319,161,158
E00156772,350,179,171
E00156827,292,157,135
E00156830,339,168,171
E00156832,295,154,141
E00156833,258,133,125
E00156834,287,150,137
E00156847,339,174,165
E00156828,496,278,218
E00156829,564,279,285
E00156838,496,243,253
E00156844,308,155,153
E00156845,340,173,167
E00156835,526,276,250
E00156836,370,197,173
E00156837,321,163,158
E00156839,520,265,255
E00156843,333,178,155
E00156831,242,128,114
E00156840,361,169,192
E00156841,341,185,156
E00156842,356,182,174
E00156846,356,185,171
E00156635,220,127,93
E00156643,328,175,153
E00156644,315,171,144
E00156646,235,118,117
E00156648,293,153,140
E00156650,271,138,133
E00156641,340,174,166
E00156642,308,159,149
E00156645,349,186,163
E00156647,368,184,184
E00156636,355,180,175
E00156638,303,155,148
E00156639,387,204,183
E00156651,309,149,160
E00156654,256,134,122
E00156637,411,207,204
E00156640,240,130,110
E00156649,419,216,203
E00156652,351,179,172
E00156653,414,224,190
E00156659,253,138,115
E00156668,321,168,153
E00156673,390,210,180
E00156674,235,128,107
E00156678,306,149,157
E00156657,297,157,140
E00156658,330,161,169
E00156675,262,139,123
E00156676,431,215,216
E00156677,325,157,168
E00156655,301,149,152
E00156660,309,164,145
E00156661,339,179,160
E00156663,322,159,163
E00156664,313,158,155
E00156656,280,142,138
E00156662,274,143,131
E00156665,331,174,157
E00156666,314,156,158
E00156667,297,149,148
E00156703,325,164,161
E00156704,277,146,131
E00156705,306,159,147
E00156712,279,143,136
E00156716,295,146,149
E00156722,335,168,167
E00156702,298,154,144
E00156706,532,264,268
E00156709,318,166,152
E00156714,412,196,216
E00156724,303,151,152
E00156708,215,114,101
E00156710,251,123,128
E00156711,319,161,158
E00156718,359,202,157
E00156719,258,131,127
E00156723,228,123,105
E00156707,281,133,148
E00156713,329,171,158
E00156715,307,168,139
E00156717,284,143,141
E00156720,265,144,121
E00156721,213,119,94
E00156881,387,191,196
E00156886,295,152,143
E00156887,256,136,120
E00156888,300,150,150
E00156879,355,170,185
E00156883,266,144,122
E00156884,324,158,166
E00156885,369,192,177
E00156878,288,135,153
E00156880,353,190,163
E00156882,288,150,138
E00156889,380,209,171
E00156890,261,143,118
E00157092,257,138,119
E00157097,303,143,160
E00157099,310,144,166
E00157102,308,161,147
E00157103,303,152,151
E00157091,327,163,164
E00157093,305,149,156
E00157094,327,173,154
E00157095,338,169,169
E00157096,298,152,146
E00157098,296,145,151
E00157100,323,167,156
E00157101,307,156,151
E00157104,259,138,121
E00156849,371,191,180
E00156854,256,137,119
E00156856,313,157,156
E00156857,427,198,229
E00156858,321,169,152
E00156848,286,145,141
E00156859,153,64,89
E00156861,414,230,184
E00156862,337,175,162
E00156852,228,110,118
E00156853,256,141,115
E00156863,196,106,90
E00156864,290,137,153
E00156865,302,147,155
E00156866,290,145,145
E00156850,287,138,149
E00156855,295,153,142
E00156860,337,172,165
E00180570,485,248,237
E00180598,241,116,125
E00156951,304,150,154
E00156954,250,129,121
E00156955,333,168,165
E00156957,322,166,156
E00156961,248,136,112
E00156962,225,104,121
E00156948,211,122,89
E00156949,347,194,153
E00156952,288,144,144
E00156956,303,161,142
E00156958,274,144,130
E00156959,289,153,136
E00156946,291,153,138
E00156947,316,168,148
E00156950,350,186,164
E00156960,310,167,143
E00156963,297,146,151
E00156953,288,161,127
E00156964,326,166,160
E00156965,320,166,154
E00156966,300,154,146
E00156967,344,171,173
E00156989,484,247,237
E00156991,334,187,147
E00156992,304,141,163
E00156995,385,188,197
E00156998,312,167,145
E00156990,352,184,168
E00156993,322,186,136
E00156994,357,192,165
E00156996,442,219,223
E00156987,320,173,147
E00156988,316,150,166
E00156997,369,205,164
E00156999,360,189,171
E00157050,334,164,170
E00157055,258,145,113
E00157056,467,238,229
E00167810,336,175,161
E00167818,349,181,168
E00157049,400,203,197
E00157051,328,168,160
E00157053,304,156,148
E00157054,440,230,210
E00157057,373,200,173
E00157036,352,169,183
E00157043,364,184,180
E00157044,316,167,149
E00157046,366,194,172
E00157034,318,158,160
E00157042,383,203,180
E00157045,397,198,199
E00157047,308,160,148
E00157033,431,224,207
E00157037,373,186,187
E00157038,376,187,189
E00157048,383,193,190
E00157035,262,134,128
E00157039,392,192,200
E00157040,361,179,182
E00157041,352,189,163
E00157058,330,175,155
E00157059,349,183,166
E00157061,440,236,204
E00167817,295,151,144
E00180628,253,141,112
E00180641,341,162,179
E00156870,282,154,128
E00156872,291,150,141
E00156875,342,175,167
E00167819,214,105,109
E00167820,591,72,519
E00180608,574,290,284
E00180635,264,142,122
E00156867,274,132,142
E00156868,316,158,158
E00156869,322,157,165
E00156871,268,139,129
E00156876,373,194,179
E00156877,275,145,130
E00157078,375,186,189
E00157080,424,228,196
E00157082,350,182,168
E00157085,354,178,176
E00157081,336,169,167
E00157090,600,298,302
E00180567,330,175,155
E00180572,425,228,197
E00180575,358,175,183
E00180604,253,148,105
E00180614,487,258,229
E00157077,349,170,179
E00157083,327,164,163
E00157084,313,168,145
E00157087,257,131,126
E00157088,269,145,124
E00157089,143,78,65
E00156933,301,151,150
E00156936,372,175,197
E00156937,287,149,138
E00156939,573,287,286
E00156932,304,147,157
E00156934,393,206,187
E00156935,372,182,190
E00156938,420,225,195
E00156928,352,180,172
E00156929,320,162,158
E00156940,309,168,141
E00156943,306,154,152
E00156944,320,175,145
E00156930,311,162,149
E00156931,340,178,162
E00156941,294,148,146
E00156942,279,152,127
E00156945,352,185,167
E00157018,554,277,277
E00157020,344,168,176
E00157025,390,209,181
E00157031,212,113,99
E00180629,409,203,206
E00180648,254,121,133
E00157023,334,176,158
E00157024,252,126,126
E00157027,343,172,171
E00157028,290,138,152
E00157029,353,187,166
E00157021,316,161,155
E00157026,270,147,123
E00157032,563,295,268
E00167808,253,117,136
E00167809,194,111,83
E00167812,236,126,110
E00180560,435,240,195
E00157062,348,169,179
E00157068,384,191,193
E00157070,383,190,193
E00157072,358,188,170
E00157073,303,159,144
E00157064,349,165,184
E00157065,372,199,173
E00157066,341,179,162
E00157067,342,174,168
E00157069,313,154,159
E00157063,324,153,171
E00157071,295,159,136
E00157074,337,169,168
E00157075,417,218,199
E00157076,343,171,172
E00157000,399,203,196
E00157015,477,249,228
E00157016,408,198,210
E00157017,360,181,179
E00157001,430,226,204
E00157005,345,172,173
E00157006,383,198,185
E00157007,289,138,151
E00157008,363,186,177
E00157002,361,182,179
E00157004,323,156,167
E00157009,366,185,181
E00157010,323,160,163
E00157011,365,187,178
E00157003,341,162,179
E00157012,314,158,156
E00157013,327,163,164
E00157014,323,162,161
E00156891,474,246,228
E00156892,302,154,148
E00156894,310,145,165
E00156906,425,211,214
E00156907,307,165,142
E00156900,319,160,159
E00156901,269,147,122
E00156903,464,238,226
E00156904,387,193,194
E00156905,338,175,163
E00156893,300,162,138
E00156896,303,165,138
E00156899,392,204,188
E00156908,352,173,179
E00156895,281,141,140
E00156897,290,149,141
E00156898,348,182,166
E00156902,252,126,126
E00156909,336,174,162
E00156912,291,142,149
E00156918,275,147,128
E00156919,322,165,157
E00156921,307,160,147
E00156926,282,149,133
E00156911,293,150,143
E00156922,339,167,172
E00156924,324,161,163
E00156925,274,150,124
E00156910,373,178,195
E00156915,202,106,96
E00156916,338,165,173
E00156923,273,135,138
E00156927,315,153,162
E00156913,367,179,188
E00156914,333,166,167
E00156917,326,171,155
E00156920,305,156,149
E00156972,337,167,170
E00156973,309,152,157
E00156974,319,160,159
E00156975,370,181,189
E00156976,271,144,127
E00156971,341,160,181
E00156978,254,140,114
E00156979,402,208,194
E00156980,357,173,184
E00156981,305,164,141
E00156968,322,146,176
E00156970,579,292,287
E00156986,331,167,164
E00167813,329,147,182
E00167814,326,176,150
E00167815,334,164,170
E00167816,275,144,131
E00156977,308,158,150
E00156982,270,138,132
E00156983,356,183,173
E00156984,227,101,126
E00156985,306,148,158
E00157323,422,210,212
E00157324,341,172,169
E00157325,337,167,170
E00157330,286,148,138
E00157332,364,194,170
E00157333,286,141,145
E00157326,302,153,149
E00157327,249,129,120
E00157328,337,171,166
E00157329,355,167,188
E00157331,312,154,158
E00157348,298,150,148
E00157349,329,174,155
E00157352,339,171,168
E00157353,391,188,203
E00170412,305,153,152
E00170413,165,76,89
E00170414,251,127,124
E00157347,502,253,249
E00157355,275,136,139
E00190495,216,123,93
E00190498,322,177,145
E00157346,220,116,104
E00157350,334,170,164
E00157356,306,141,165
E00157357,367,185,182
E00157267,316,153,163
E00157271,427,224,203
E00157272,375,176,199
E00170419,377,207,170
E00170420,343,173,170
E00157264,240,136,104
E00157266,347,197,150
E00157273,316,169,147
E00157274,367,178,189
E00157265,492,247,245
E00157268,324,172,152
E00157270,422,219,203
E00157275,337,177,160
E00157334,497,276,221
E00157335,282,152,130
E00157337,247,132,115
E00157341,343,176,167
E00170418,281,137,144
E00170423,234,127,107
E00170424,317,152,165
E00157336,280,150,130
E00157338,393,203,190
E00157339,339,180,159
E00157340,612,325,287
E00157343,362,177,185
E00157344,320,171,149
E00157345,325,157,168
E00157190,358,177,181
E00157191,371,168,203
E00157192,316,160,156
E00157198,394,199,195
E00157193,398,196,202
E00157194,300,146,154
E00157196,240,115,125
E00157197,322,155,167
E00157199,457,240,217
E00157188,291,163,128
E00157189,388,192,196
E00157195,313,158,155
E00157200,356,173,183
E00157295,243,126,117
E00157301,289,147,142
E00157302,341,196,145
E00157303,394,208,186
E00157304,285,141,144
E00157305,479,261,218
E00157306,427,224,203
E00157294,334,157,177
E00157296,315,162,153
E00157297,314,167,147
E00157298,320,159,161
E00157299,342,177,165
E00157300,431,239,192
E00157358,323,167,156
E00157360,306,158,148
E00157361,317,169,148
E00157362,355,184,171
E00157363,352,175,177
E00190486,684,602,82
E00190500,203,103,100
E00157144,372,194,178
E00157145,354,179,175
E00157146,364,191,173
E00157147,352,186,166
E00157148,382,192,190
E00157276,346,172,174
E00157279,387,205,182
E00157280,388,199,189
E00157281,142,73,69
E00157283,330,169,161
E00157277,332,158,174
E00157278,306,162,144
E00157282,362,175,187
E00157284,246,127,119
E00157285,371,193,178
E00157286,329,154,175
E00157287,310,163,147
E00157201,343,179,164
E00157202,249,125,124
E00157208,392,184,208
E00157209,302,153,149
E00157210,310,158,152
E00157211,303,158,145
E00157212,341,166,175
E00157203,252,136,116
E00157204,265,131,134
E00157205,325,172,153
E00157206,274,133,141
E00157207,257,130,127
E00157226,341,165,176
E00157229,329,174,155
E00157233,200,111,89
E00157234,238,116,122
E00157237,196,109,87
E00157238,302,155,147
E00157228,371,225,146
E00157230,386,192,194
E00157242,286,167,119
E00170417,455,235,220
E00157240,312,160,152
E00157241,379,209,170
E00157244,333,172,161
E00157245,319,163,156
E00157227,303,156,147
E00157232,276,142,134
E00157235,233,130,103
E00157236,281,142,139
E00157239,339,166,173
E00157248,288,142,146
E00157256,230,125,105
E00157257,281,157,124
E00157258,323,167,156
E00157259,307,167,140
E00157253,367,190,177
E00157254,366,184,182
E00157255,330,174,156
E00157263,305,162,143
E00157260,373,187,186
E00157262,292,154,138
E00170415,263,140,123
E00170416,307,164,143
E00170426,116,53,63
E00190481,270,144,126
E00190490,359,197,162
E00190512,335,184,151
E00157247,244,127,117
E00157249,344,176,168
E00157250,287,149,138
E00157252,364,179,185
E00157261,275,153,122
E00157106,229,119,110
E00157107,360,202,158
E00157109,346,171,175
E00157110,315,164,151
E00157111,442,212,230
E00157115,264,136,128
E00157119,400,198,202
E00157120,350,178,172
E00157121,252,129,123
E00157123,259,141,118
E00157116,511,262,249
E00157117,301,154,147
E00157118,147,75,72
E00157122,361,176,185
E00157105,229,117,112
E00157108,278,143,135
E00157112,450,237,213
E00157113,308,164,144
E00157114,309,169,140
E00157169,322,170,152
E00157184,286,161,125
E00157185,378,199,179
E00157186,283,149,134
E00157187,305,167,138
E00157170,348,169,179
E00157171,249,138,111
E00157172,246,139,107
E00157173,233,130,103
E00157174,287,142,145
E00157168,348,190,158
E00157175,271,139,132
E00157176,282,146,136
E00157177,287,147,140
E00157178,335,173,162
E00157167,329,171,158
E00157179,265,140,125
E00157180,353,176,177
E00157181,274,139,135
E00157182,397,209,188
E00157183,137,69,68
E00157149,340,167,173
E00157151,353,193,160
E00157155,365,168,197
E00157156,325,172,153
E00157157,294,149,145
E00157158,306,147,159
E00157150,317,160,157
E00157152,350,184,166
E00157153,330,162,168
E00157154,427,231,196
E00157159,247,119,128
E00157160,334,166,168
E00157216,343,173,170
E00157217,310,175,135
E00157223,274,153,121
E00157224,253,132,121
E00157225,257,135,122
E00157213,360,179,181
E00157218,420,225,195
E00157219,385,185,200
E00157220,317,168,149
E00157214,375,189,186
E00157215,426,228,198
E00157221,325,165,160
E00157222,357,187,170
E00157130,287,156,131
E00157136,426,215,211
E00157138,134,73,61
E00157139,333,172,161
E00157140,352,173,179
E00157141,121,57,64
E00157128,318,164,154
E00157131,291,145,146
E00157134,254,127,127
E00157142,434,215,219
E00157143,120,65,55
E00157127,277,145,132
E00157129,342,179,163
E00157133,308,152,156
E00157135,310,162,148
E00157124,388,193,195
E00157125,474,218,256
E00157126,240,104,136
E00157132,395,193,202
E00157137,226,128,98
E00157161,431,222,209
E00157162,412,198,214
E00157163,316,156,160
E00157164,402,219,183
E00157165,393,203,190
E00157166,369,176,193
E00157312,350,180,170
E00157313,229,123,106
E00157314,224,123,101
E00157317,306,157,149
E00170421,237,138,99
E00170422,302,159,143
E00170425,301,157,144
E00157308,326,185,141
E00157310,332,182,150
E00157316,382,201,181
E00157318,406,200,206
E00157321,362,204,158
E00157309,392,205,187
E00157311,336,192,144
E00157315,267,136,131
E00157319,315,178,137
E00157320,307,161,146
E00157322,368,181,187
E00157288,314,162,152
E00157289,280,137,143
E00157290,326,160,166
E00157291,390,199,191
E00157293,351,191,160
E00165796,319,164,155
E00157499,252,135,117
E00157503,352,183,169
E00157509,285,140,145
E00157510,360,184,176
E00157511,286,146,140
E00157556,330,173,157
E00157558,331,170,161
E00157560,286,146,140
E00157562,346,174,172
E00157557,305,147,158
E00157561,349,187,162
E00157563,457,238,219
E00157564,486,250,236
E00157565,310,157,153
E00157553,263,131,132
E00157554,311,148,163
E00157555,335,166,169
E00157559,293,160,133
E00157566,302,158,144
E00157498,280,140,140
E00157500,346,167,179
E00157501,311,156,155
E00157502,369,182,187
E00157506,357,185,172
E00157504,370,186,184
E00157505,330,161,169
E00157507,310,157,153
E00157508,288,143,145
E00157540,320,152,168
E00157541,281,144,137
E00157542,340,166,174
E00157544,293,150,143
E00157552,339,171,168
E00157543,313,163,150
E00157545,326,157,169
E00157546,316,163,153
E00157551,330,169,161
E00157547,370,195,175
E00157548,374,182,192
E00157549,303,154,149
E00157550,334,171,163
E00157470,326,176,150
E00157471,350,191,159
E00157473,307,160,147
E00157474,320,150,170
E00157475,292,161,131
E00157476,421,246,175
E00157477,452,246,206
E00157478,239,139,100
E00157480,407,223,184
E00157482,233,134,99
E00157472,255,126,129
E00157479,387,205,182
E00157481,399,208,191
E00157483,367,197,170
E00157512,384,194,190
E00157518,488,254,234
E00157519,371,202,169
E00157520,499,256,243
E00157522,320,162,158
E00157521,340,178,162
E00157523,374,200,174
E00157524,371,190,181
E00157525,278,130,148
E00157526,247,135,112
E00157458,382,190,192
E00157459,382,188,194
E00157460,396,194,202
E00157462,380,190,190
E00157461,307,155,152
E00157463,302,154,148
E00157464,363,182,181
E00157469,513,259,254
E00157485,337,166,171
E00157486,362,189,173
E00157487,383,193,190
E00157488,243,132,111
E00157497,338,166,172
E00157513,383,196,187
E00157514,367,193,174
E00157515,397,208,189
E00157516,321,165,156
E00157517,256,123,133
E00157599,294,147,147
E00157601,300,151,149
E00157602,304,158,146
E00157603,321,161,160
E00157604,296,169,127
E00157594,341,176,165
E00157597,339,178,161
E00157600,322,165,157
E00157605,332,172,160
E00157593,240,136,104
E00157595,378,185,193
E00157596,394,191,203
E00157598,340,180,160
E00157633,362,204,158
E00157634,280,142,138
E00157635,296,155,141
E00157636,310,152,158
E00157637,352,171,181
E00157638,346,178,168
E00157639,259,133,126
E00157640,226,120,106
E00157641,237,127,110
E00157645,260,144,116
E00157646,372,196,176
E00157465,349,163,186
E00157466,354,172,182
E00157467,328,162,166
E00157468,428,205,223
E00157490,300,151,149
E00157494,424,231,193
E00157495,338,178,160
E00157496,387,194,193
E00157484,334,183,151
E00157489,291,149,142
E00157491,271,144,127
E00157492,367,194,173
E00157493,313,167,146
E00157527,299,145,154
E00157528,384,190,194
E00157529,367,192,175
E00157530,264,139,125
E00157531,352,184,168
E00157532,378,189,189
E00157533,300,156,144
E00157534,346,167,179
E00157606,406,202,204
E00157607,360,176,184
E00157609,258,127,131
E00157618,389,192,197
E00157620,275,149,126
E00190482,275,140,135
E00190503,304,154,150
E00157625,224,102,122
E00157626,346,172,174
E00157631,317,158,159
E00157632,288,144,144
E00157621,321,164,157
E00157622,299,173,126
E00157629,264,142,122
E00157630,292,147,145
E00157623,363,198,165
E00157627,359,175,184
E00157628,334,162,172
E00190474,935,302,633
E00157642,305,154,151
E00157643,332,172,160
E00157647,285,143,142
E00157648,279,145,134
E00190493,264,128,136
E00190515,360,183,177
E00157371,295,167,128
E00157372,403,197,206
E00157373,261,133,128
E00157374,271,145,126
E00157375,349,194,155
E00157376,293,161,132
E00157377,440,240,200
E00157378,205,104,101
E00157381,327,164,163
E00157386,367,248,119
E00157387,260,128,132
E00157379,327,177,150
E00157380,330,166,164
E00157383,308,161,147
E00157384,303,166,137
E00157385,300,160,140
E00157732,360,191,169
E00157733,331,180,151
E00157734,269,139,130
E00157735,270,142,128
E00157736,380,189,191
E00157737,329,171,158
E00157535,330,156,174
E00157536,366,186,180
E00157537,351,168,183
E00157538,243,123,120
E00157539,335,165,170
E00157568,422,231,191
E00157569,405,211,194
E00157572,369,186,183
E00157579,554,298,256
E00157567,526,269,257
E00157570,321,179,142
E00157571,431,224,207
E00157573,306,151,155
E00157574,367,182,185
E00157575,317,171,146
E00157576,441,193,248
E00157577,338,175,163
E00157578,327,164,163
E00157608,280,147,133
E00157610,371,192,179
E00157616,425,236,189
E00157619,347,179,168
E00157611,326,171,155
E00157612,243,127,116
E00157613,374,192,182
E00157614,261,143,118
E00157615,290,140,150
E00157650,392,193,199
E00157653,415,210,205
E00157654,362,178,184
E00157659,410,202,208
E00157649,311,148,163
E00157656,275,153,122
E00157658,286,143,143
E00157660,331,165,166
E00157651,384,222,162
E00157652,345,179,166
E00157655,592,302,290
E00157657,370,183,187
E00157440,277,142,135
E00157441,265,139,126
E00157442,330,185,145
E00157445,281,147,134
E00157439,258,135,123
E00157443,403,211,192
E00157444,396,190,206
E00157446,336,175,161
E00157447,297,157,140
E00157717,115,53,62
E00157718,289,158,131
E00157720,337,180,157
E00157721,332,177,155
E00157722,312,155,157
E00157724,286,143,143
E00157719,266,145,121
E00157723,289,162,127
E00157725,165,96,69
E00157726,233,125,108
E00157727,330,173,157
E00157728,228,120,108
E00157729,325,160,165
E00157730,309,162,147
E00157731,300,146,154
E00157382,371,199,172
E00157388,511,263,248
E00157389,512,245,267
E00157390,126,72,54
E00157391,307,157,150
E00157448,333,176,157
E00157449,300,153,147
E00157450,178,86,92
E00157451,313,152,161
E00157745,401,206,195
E00157749,394,207,187
E00167781,232,127,105
E00167782,472,261,211
E00157738,293,153,140
E00157739,165,88,77
E00157740,313,159,154
E00157743,345,179,166
E00157744,249,130,119
E00157741,380,199,181
E00157746,391,208,183
E00157747,235,124,111
E00157748,339,177,162
E00157406,290,150,140
E00157418,347,177,170
E00157422,319,160,159
E00157423,333,178,155
E00157424,312,160,152
E00157407,506,271,235
E00157408,531,274,257
E00157409,272,136,136
E00157414,296,155,141
E00157415,311,169,142
E00157404,240,118,122
E00157410,500,258,242
E00157411,289,155,134
E00157412,257,123,134
E00157413,317,165,152
E00157417,221,117,104
E00157405,221,113,108
E00157416,331,168,163
E00157419,308,166,142
E00157420,271,143,128
E00157421,287,149,138
E00157430,311,178,133
E00157437,299,153,146
E00157438,361,180,181
E00167783,115,56,59
E00167784,640,295,345
E00157425,411,215,196
E00157428,338,170,168
E00157429,256,128,128
E00157431,504,251,253
E00157436,223,136,87
E00157426,544,271,273
E00157432,172,92,80
E00157433,198,112,86
E00157434,415,208,207
E00157435,241,123,118
E00157365,474,249,225
E00157366,290,129,161
E00157368,265,186,79
E00157369,285,167,118
E00157370,274,140,134
E00190473,380,197,183
E00157395,433,207,226
E00157401,409,205,204
E00157402,405,211,194
E00157403,304,163,141
E00157392,396,202,194
E00157397,292,146,146
E00157398,312,162,150
E00157399,317,156,161
E00157393,281,144,137
E00157394,345,178,167
E00157396,326,159,167
E00157400,238,128,110
E00157452,435,235,200
E00157453,278,143,135
E00157454,565,334,231
E00157455,367,204,163
E00157456,407,228,179
E00157457,306,161,145
E00157692,260,131,129
E00157694,298,150,148
E00157695,334,173,161
E00157696,273,138,135
E00167787,371,195,176
E00157681,289,157,132
E00157684,276,149,127
E00157687,190,104,86
E00157689,292,149,143
E00157691,313,156,157
E00157693,393,192,201
E00157682,335,179,156
E00157697,251,140,111
E00157698,301,151,150
E00157699,174,101,73
E00157700,262,141,121
E00157702,328,170,158
E00157683,342,157,185
E00157685,233,108,125
E00157686,325,163,162
E00157690,245,127,118
E00157703,302,162,140
E00157704,375,206,169
E00157663,351,178,173
E00157669,304,176,128
E00157677,176,85,91
E00157679,345,180,165
E00157680,380,201,179
E00157661,332,160,172
E00157664,380,191,189
E00157667,298,154,144
E00157670,289,151,138
E00157662,322,168,154
E00157666,298,169,129
E00157668,244,127,117
E00157671,203,108,95
E00157672,325,167,158
E00157678,355,188,167
E00157665,349,181,168
E00157673,340,170,170
E00157674,214,67,147
E00157675,321,164,157
E00157676,317,158,159
E00157582,426,219,207
E00157583,419,222,197
E00157587,481,228,253
E00157588,351,183,168
E00157584,254,132,122
E00157585,300,169,131
E00157586,301,153,148
E00167788,456,228,228
E00157589,216,114,102
E00157590,300,153,147
E00157591,397,199,198
E00157592,246,128,118
E00157705,374,189,185
E00157706,321,172,149
E00157707,390,203,187
E00157715,348,176,172
E00157709,329,174,155
E00157710,375,183,192
E00157714,265,143,122
E00157716,318,157,161
E00157708,571,318,253
E00157711,301,154,147
E00157712,405,197,208
E00165855,377,212,165
E00157764,337,163,174
E00157766,321,163,158
E00157772,253,132,121
E00157773,215,115,100
E00157776,320,162,158
E00157778,388,208,180
E00157779,413,207,206
E00157780,347,174,173
E00157781,329,170,159
E00157769,375,186,189
E00157770,306,147,159
E00157771,249,135,114
E00157775,312,159,153
E00157777,396,196,200
E00157760,351,172,179
E00157762,383,190,193
E00157763,343,181,162
E00157782,260,142,118
E00157783,557,277,280
E00157761,319,172,147
E00157765,287,154,133
E00157767,391,219,172
E00157768,274,140,134
E00157774,296,155,141
E00158009,335,167,168
E00158010,337,177,160
E00158012,278,143,135
E00158016,277,142,135
E00158018,296,155,141
E00158002,342,170,172
E00158003,308,148,160
E00158004,325,159,166
E00158013,312,160,152
E00158014,307,164,143
E00158015,277,146,131
E00158034,403,209,194
E00158035,374,183,191
E00158042,326,159,167
E00158048,302,164,138
E00158049,350,184,166
E00158036,366,181,185
E00158037,373,186,187
E00158039,423,224,199
E00158043,434,223,211
E00158045,330,171,159
E00158038,297,142,155
E00158040,248,133,115
E00158041,339,176,163
E00158044,325,172,153
E00158046,185,99,86
E00158050,280,149,131
E00180645,135,71,64
E00180649,449,199,250
E00157845,371,190,181
E00157847,359,171,188
E00157850,393,211,182
E00157851,383,191,192
E00157846,333,167,166
E00157848,348,168,180
E00157849,322,158,164
E00157852,323,163,160
E00157853,443,218,225
E00157854,273,136,137
E00157855,441,232,209
E00157856,394,205,189
E00157857,410,211,199
E00157873,410,200,210
E00157876,366,188,178
E00157877,303,152,151
E00157878,354,184,170
E00157865,312,155,157
E00157871,438,226,212
E00157872,369,182,187
E00157874,188,98,90
E00157875,341,188,153
E00157858,314,171,143
E00157861,363,174,189
E00157863,300,149,151
E00157879,378,199,179
E00157942,455,224,231
E00157945,419,204,215
E00157947,513,231,282
E00157950,362,178,184
E00157930,386,190,196
E00157931,455,206,249
E00157949,435,222,213
E00157952,497,242,255
E00157940,476,231,245
E00157948,458,221,237
E00157951,477,208,269
E00180565,289,143,146
E00180644,274,134,140
E00157927,441,234,207
E00157932,431,210,221
E00157933,488,240,248
E00157935,445,221,224
E00157938,433,218,215
E00157926,128,69,59
E00157928,326,161,165
E00157934,136,69,67
E00157936,240,121,119
E00157937,130,69,61
E00157939,420,212,208
E00157941,377,186,191
E00157943,387,182,205
E00157944,383,186,197
E00157946,391,195,196
E00157786,260,123,137
E00157798,219,116,103
E00157802,279,145,134
E00157806,207,99,108
E00157808,313,171,142
E00157785,377,186,191
E00157799,342,169,173
E00157800,359,182,177
E00157801,216,102,114
E00157803,329,174,155
E00157789,314,158,156
E00157790,333,171,162
E00157794,305,161,144
E00157804,207,92,115
E00157807,269,135,134
E00157810,354,186,168
E00157813,266,126,140
E00157824,360,183,177
E00157826,294,145,149
E00157811,338,164,174
E00157812,288,147,141
E00157816,323,176,147
E00157825,309,149,160
E00157814,283,142,141
E00157815,315,146,169
E00157817,268,137,131
E00157820,282,155,127
E00157822,290,154,136
E00157818,295,154,141
E00157819,173,100,73
E00157821,290,146,144
E00157823,261,148,113
E00157960,479,234,245
E00157962,371,173,198
E00157964,501,245,256
E00157969,264,115,149
E00157974,416,215,201
E00157961,365,197,168
E00157970,393,203,190
E00157971,370,184,186
E00157972,404,199,205
E00157973,317,150,167
E00157963,317,168,149
E00157965,216,102,114
E00157966,341,170,171
E00157967,285,136,149
E00157968,276,137,139
E00158005,267,146,121
E00158006,330,170,160
E00158007,228,116,112
E00158008,191,106,85
E00158011,148,73,75
E00158017,310,154,156
E00157901,318,147,171
E00157920,290,147,143
E00157921,239,116,123
E00157922,398,195,203
E00157925,299,142,157
E00157899,404,211,193
E00157914,371,188,183
E00157916,332,169,163
E00157918,328,169,159
E00157902,311,166,145
E00157903,310,155,155
E00157904,257,137,120
E00157906,302,159,143
E00157923,322,158,164
E00157900,452,201,251
E00157915,302,151,151
E00157917,363,190,173
E00157919,317,159,158
E00157924,344,177,167
E00157908,349,185,164
E00157911,355,174,181
E00167828,297,149,148
E00167829,390,204,186
E00167830,339,181,158
E00167831,166,91,75
E00167832,190,90,100
E00157788,290,150,140
E00157791,486,219,267
E00157795,303,148,155
E00157797,294,145,149
E00180585,289,134,155
E00180590,383,180,203
E00180597,121,60,61
E00180630,257,118,139
E00157859,286,136,150
E00157860,374,194,180
E00157864,426,213,213
E00157867,402,216,186
E00157862,348,167,181
E00157866,279,134,145
E00157868,248,130,118
E00157869,230,106,124
E00157870,349,189,160
E00157978,286,155,131
E00157980,275,132,143
E00157983,236,133,103
E00157984,387,181,206
E00157985,359,161,198
E00157986,226,119,107
E00157987,276,130,146
E00167821,288,123,165
E00167823,223,114,109
E00180576,344,176,168
E00180584,356,153,203
E00180633,384,174,210
E00157976,274,128,146
E00157977,194,100,94
E00157981,271,125,146
E00157992,365,175,190
E00180561,274,140,134
E00180562,100,52,48
E00180569,175,88,87
E00157827,366,182,184
E00157832,310,156,154
E00157835,233,130,103
E00157839,298,157,141
E00157842,260,135,125
E00157843,281,151,130
E00157828,328,164,164
E00157829,331,164,167
E00157830,295,146,149
E00157831,307,156,151
E00157838,343,167,176
E00157844,332,167,165
E00157833,287,132,155
E00157834,297,156,141
E00157836,207,108,99
E00157837,258,141,117
E00157840,343,170,173
E00157841,240,124,116
E00158019,294,156,138
E00158022,258,124,134
E00158028,339,177,162
E00158032,286,143,143
E00158033,318,161,157
E00157784,309,148,161
E00157787,293,150,143
E00157792,241,127,114
E00157793,284,141,143
E00157796,245,126,119
E00157975,303,156,147
E00157982,323,161,162
E00157988,358,177,181
E00157989,476,235,241
E00157990,286,145,141
E00158021,350,187,163
E00158029,375,189,186
E00158030,323,165,158
E00158031,310,153,157
E00158020,252,116,136
E00158023,273,133,140
E00158024,305,157,148
E00158025,359,193,166
E00158026,193,107,86
E00158027,358,176,182
E00157888,273,150,123
E00157889,361,189,172
E00157892,262,130,132
E00157893,314,169,145
E00157894,353,188,165
E00157897,274,139,135
E00180595,221,116,105
E00180642,403,200,203
E00157880,350,172,178
E00157884,356,176,180
E00157885,306,160,146
E00157886,391,193,198
E00157890,338,185,153
E00157891,296,139,157
E00157994,393,185,208
E00157995,333,175,158
E00158001,474,235,239
E00167824,257,134,123
E00167825,271,142,129
E00167827,247,135,112
E00157996,424,193,231
E00157997,534,252,282
E00157998,351,184,167
E00157999,459,222,237
E00157882,311,153,158
E00157895,273,154,119
E00157896,280,144,136
E00157898,354,172,182
E00180574,464,238,226
E00180589,345,184,161
E00180637,124,61,63
E00180643,375,190,185
E00180647,539,282,257
E00157750,305,146,159
E00157752,316,157,159
E00157757,126,61,65
E00157758,443,211,232
E00157759,161,80,81
E00157751,115,59,56
E00157753,264,124,140
E00157754,324,160,164
E00157755,334,177,157
E00157756,205,106,99
E00157907,357,176,181
E00157909,342,157,185
E00157912,362,183,179
E00180594,524,271,253
E00180621,287,140,147
E00180632,424,223,201
E00157957,321,157,164
E00157958,349,183,166
E00157959,372,202,170
E00157953,340,165,175
E00157954,395,203,192
E00157955,294,147,147
E00157956,311,166,145
E00159836,442,218,224
E00159839,351,191,160
E00159840,298,154,144
E00159841,308,160,148
E00159852,303,159,144
E00159856,343,177,166
E00159859,343,196,147
E00159861,332,169,163
E00159848,349,174,175
E00159849,328,180,148
E00159851,254,133,121
E00159857,396,188,208
E00159860,293,152,141
E00159850,306,178,128
E00159853,321,173,148
E00159854,276,151,125
E00159855,342,181,161
E00159858,295,147,148
E00159946,328,165,163
E00159951,394,211,183
E00159952,317,160,157
E00159954,481,256,225
E00159960,295,138,157
E00159961,389,211,178
E00159962,294,154,140
E00159963,320,162,158
E00159973,396,193,203
E00159792,275,146,129
E00159793,352,183,169
E00159799,327,166,161
E00159800,345,165,180
E00159790,278,150,128
E00159791,333,172,161
E00159795,260,133,127
E00159801,323,168,155
E00159794,290,143,147
E00159796,259,137,122
E00159797,341,172,169
E00159798,284,139,145
E00159802,364,176,188
E00159919,227,126,101
E00159920,450,235,215
E00159922,285,150,135
E00159926,341,179,162
E00184742,360,205,155
E00184788,285,156,129
E00159935,291,147,144
E00159936,318,160,158
E00159937,309,154,155
E00159939,194,101,93
E00159944,283,141,142
E00159819,303,153,150
E00159820,349,171,178
E00159821,342,180,162
E00159822,337,170,167
E00159823,263,142,121
E00159862,434,205,229
E00159863,328,156,172
E00159864,318,161,157
E00159866,304,161,143
E00159865,343,159,184
E00159868,332,165,167
E00159869,298,150,148
E00159870,332,167,165
E00159867,371,188,183
E00159871,280,147,133
E00159872,372,185,187
E00159873,491,251,240
E00159874,301,164,137
E00159893,348,176,172
E00159895,362,180,182
E00159897,355,181,174
E00159899,336,164,172
E00159835,322,156,166
E00159838,325,177,148
E00159843,430,212,218
E00159845,367,186,181
E00159847,245,130,115
E00159834,472,223,249
E00159837,343,160,183
E00159842,261,140,121
E00159844,366,190,176
E00159846,315,175,140
E00159921,300,145,155
E00159923,339,191,148
E00159924,373,200,173
E00159925,409,215,194
E00159947,202,91,111
E00159948,306,158,148
E00159953,224,128,96
E00159955,245,128,117
E00159956,299,159,140
E00159945,483,257,226
E00159949,287,151,136
E00159950,457,244,213
E00159957,242,132,110
E00159967,347,188,159
E00159968,314,164,150
E00159969,221,107,114
E00159971,288,158,130
E00159972,265,152,113
E00159958,205,114,91
E00159959,250,132,118
E00159964,313,152,161
E00159965,218,111,107
E00159966,217,114,103
E00159970,281,158,123
E00159875,276,136,140
E00159880,283,141,142
E00159884,333,164,169
E00159885,277,134,143
E00159886,283,145,138
E00167744,213,105,108
E00167745,300,151,149
E00167746,245,125,120
E00167747,211,115,96
E00159876,289,146,143
E00159877,369,190,179
E00159878,410,206,204
E00159879,173,78,95
E00159881,258,132,126
E00159883,256,123,133
E00159887,245,129,116
E00159888,240,124,116
E00159927,167,81,86
E00159930,344,192,152
E00167748,183,93,90
E00167749,246,134,112
E00167750,355,191,164
E00184758,177,93,84
E00184776,288,143,145
E00184813,113,43,70
E00159932,471,226,245
E00159933,382,194,188
E00159934,309,168,141
E00159938,317,163,154
E00159931,240,141,99
E00159940,287,163,124
E00159941,186,96,90
E00159942,294,154,140
E00159943,244,140,104
E00159824,297,149,148
E00159825,294,147,147
E00159826,329,155,174
E00159827,224,95,129
E00159828,296,159,137
E00159829,305,163,142
E00159830,278,145,133
E00159831,340,184,156
E00159832,246,117,129
E00159833,289,151,138
E00159903,317,167,150
E00159907,255,130,125
E00159915,297,161,136
E00159916,326,166,160
E00159917,317,157,160
E00159904,361,196,165
E00159912,313,158,155
E00159913,308,144,164
E00159914,363,192,171
E00159905,252,139,113
E00159906,272,158,114
E00159908,251,130,121
E00159909,298,162,136
E00159910,246,125,121
E00159911,220,122,98
E00159889,268,145,123
E00159891,296,136,160
E00159892,392,196,196
E00159894,224,121,103
E00159896,333,179,154
E00159890,345,206,139
E00159898,291,143,148
E00159900,291,159,132
E00159901,264,132,132
E00159902,361,171,190
E00159974,191,88,103
E00159977,265,147,118
E00159986,313,162,151
E00159990,294,151,143
E00159991,210,109,101
E00159976,201,105,96
E00159980,269,139,130
E00159981,306,160,146
E00159984,330,167,163
E00159987,284,142,142
E00159804,246,144,102
E00159805,216,98,118
E00159806,286,136,150
E00159807,371,193,178
E00159818,353,180,173
E00159803,318,155,163
E00159808,245,130,115
E00159809,251,131,120
E00159810,275,139,136
E00159811,240,135,105
E00159812,271,152,119
E00159813,274,131,143
E00159814,232,129,103
E00159815,315,165,150
E00159816,272,142,130
E00159817,280,144,136
E00159975,307,168,139
E00159989,303,147,156
E00159992,309,156,153
E00159993,297,142,155
E00159994,313,165,148
E00159995,175,95,80
E00159978,273,150,123
E00159979,216,117,99
E00159982,322,174,148
E00159983,253,131,122
E00159985,251,130,121
E00159988,309,163,146
E00160056,314,181,133
E00160062,234,127,107
E00160064,277,141,136
E00160066,324,159,165
E00160068,198,95,103
E00160055,203,110,93
E00160057,240,131,109
E00160058,264,147,117
E00160063,192,104,88
E00160065,275,151,124
E00160067,313,161,152
E00160059,212,111,101
E00160060,237,134,103
E00160061,213,112,101
E00160069,172,87,85
E00160070,142,68,74
E00160071,388,217,171
E00160072,171,87,84
E00160461,143,65,78
E00160462,242,116,126
E00160463,299,156,143
E00160466,504,249,255
E00160467,173,84,89
E00160044,147,74,73
E00160045,269,135,134
E00160046,284,151,133
E00160048,319,161,158
E00160050,279,144,135
E00160054,211,101,110
E00160034,265,144,121
E00160047,257,125,132
E00160049,258,130,128
E00160051,288,147,141
E00160052,183,102,81
E00160053,314,154,160
E00160243,360,192,168
E00160244,223,120,103
E00160245,292,167,125
E00160246,200,102,98
E00160247,261,127,134
E00160239,312,164,148
E00160240,137,71,66
E00160241,264,127,137
E00160242,238,126,112
E00160248,236,119,117
E00160084,419,217,202
E00160089,369,189,180
E00160090,288,150,138
E00160097,568,297,271
E00184741,390,199,191
E00184773,327,176,151
E00184775,117,53,64
E00160086,318,165,153
E00160087,385,210,175
E00160091,339,160,179
E00160092,312,155,157
E00160093,289,149,140
E00160074,413,200,213
E00160075,171,81,90
E00160077,404,200,204
E00160078,222,117,105
E00160083,453,238,215
E00160073,383,208,175
E00160076,574,287,287
E00160080,345,167,178
E00160081,446,234,212
E00184789,378,189,189
E00184803,308,154,154
E00160079,346,201,145
E00160088,297,164,133
E00160094,503,276,227
E00160095,403,196,207
E00160096,292,151,141
E00160464,318,144,174
E00160465,215,119,96
E00160468,418,227,191
E00160469,297,151,146
E00160470,307,154,153
E00160256,262,129,133
E00160258,482,263,219
E00160260,341,165,176
E00160261,273,155,118
E00160263,342,174,168
E00160249,476,238,238
E00160252,267,133,134
E00160254,415,216,199
E00160255,415,222,193
E00160250,341,171,170
E00160251,342,166,176
E00160253,233,120,113
E00160257,257,131,126
E00160259,262,142,120
E00172645,326,162,164
E00184743,170,83,87
E00184761,186,91,95
E00184762,277,149,128
E00184793,439,235,204
E00184802,251,138,113
E00184804,296,154,142
E00184808,197,112,85
E00160482,306,149,157
E00160484,300,153,147
E00184738,595,310,285
E00184798,202,101,101
E00184799,345,161,184
E00184806,296,149,147
E00160472,330,168,162
E00160474,346,187,159
E00160483,336,170,166
E00160486,233,124,109
E00172635,316,161,155
E00160471,275,153,122
E00184759,481,232,249
E00184770,578,307,271
E00184781,252,118,134
E00184792,121,69,52
E00160032,559,282,277
E00160035,267,144,123
E00160037,353,200,153
E00160038,433,229,204
E00160040,290,153,137
E00160041,256,131,125
E00160169,290,164,126
E00160170,293,155,138
E00160171,309,155,154
E00160174,341,178,163
E00160176,271,149,122
E00160172,332,183,149
E00160173,204,105,99
E00160175,291,149,142
E00160178,232,123,109
E00160179,329,179,150
E00160181,201,123,78
E00160412,271,142,129
E00160423,534,285,249
E00160425,283,150,133
E00160426,302,152,150
E00160427,254,133,121
E00160429,231,129,102
E00172637,375,196,179
E00172638,331,188,143
E00172640,302,153,149
E00172651,320,163,157
E00184736,433,229,204
E00184754,301,149,152
E00184779,113,56,57
E00160033,281,146,135
E00160042,620,311,309
E00160043,265,136,129
E00172649,502,256,246
E00160487,590,313,277
E00160488,295,165,130
E00184735,937,283,654
E00160489,604,315,289
E00160490,392,206,186
E00160493,570,285,285
E00184771,185,98,87
E00184783,509,256,253
E00160495,282,138,144
E00160496,361,181,180
E00160497,377,189,188
E00160499,329,174,155
E00160503,244,133,111
E00160494,302,156,146
E00160498,282,145,137
E00160500,347,184,163
E00160502,310,157,153
E00160146,240,126,114
E00160149,454,229,225
E00160150,268,145,123
E00160152,257,134,123
E00160156,283,145,138
E00160143,282,148,134
E00160147,296,159,137
E00160153,276,141,135
E00160157,330,170,160
E00172632,315,154,161
E00172634,379,196,183
E00172643,219,120,99
E00160144,449,238,211
E00160145,263,134,129
E00160148,335,181,154
E00160160,241,127,114
E00160449,325,177,148
E00160451,328,166,162
E00160452,315,167,148
E00160453,323,182,141
E00160455,242,130,112
E00160432,228,116,112
E00160447,312,163,149
E00160448,320,167,153
E00160450,373,205,168
E00160459,409,223,186
E00160433,277,150,127
E00160454,296,156,140
E00160456,245,134,111
E00160457,281,174,107
E00160458,273,157,116
E00160460,321,154,167
E00160161,213,122,91
E00160165,268,137,131
E00160177,280,151,129
E00160183,336,161,175
E00160184,297,151,146
E00160222,207,122,85
E00160223,248,125,123
E00160235,259,140,119
E00160236,286,148,138
E00160237,280,155,125
E00160238,275,144,131
E00160225,423,211,212
E00160226,273,150,123
E00160227,344,185,159
E00160229,228,119,109
E00160231,317,172,145
E00160234,285,162,123
E00160224,310,164,146
E00160228,284,155,129
E00160230,281,148,133
E00160232,322,174,148
E00160233,233,132,101
E00160103,331,162,169
E00160109,256,122,134
E00160110,261,139,122
E00160111,327,164,163
E00160112,288,145,143
E00160100,264,143,121
E00160101,279,148,131
E00160102,267,140,127
E00160105,314,173,141
E00160113,284,143,141
E00160114,240,124,116
E00160154,318,160,158
E00160155,359,177,182
E00160158,405,210,195
E00160159,357,193,164
E00160395,292,151,141
E00160396,280,147,133
E00160397,427,226,201
E00160401,229,132,97
E00160402,428,237,191
E00160434,283,161,122
E00160436,247,135,112
E00160437,257,145,112
E00160438,288,147,141
E00160440,363,188,175
E00160444,313,165,148
E00160473,297,158,139
E00160475,285,152,133
E00160476,332,183,149
E00160477,276,144,132
E00160478,210,106,104
E00160479,245,123,122
E00160162,251,130,121
E00160163,253,135,118
E00160164,295,155,140
E00160185,233,158,75
E00160186,316,166,150
E00160166,324,167,157
E00160167,320,177,143
E00160168,229,127,102
E00160180,236,133,103
E00160182,287,173,114
E00160413,235,127,108
E00160415,258,133,125
E00160416,184,109,75
E00160424,235,117,118
E00160428,380,211,169
E00160430,168,96,72
E00160431,227,121,106
E00160414,268,142,126
E00160417,243,133,110
E00160418,250,136,114
E00160419,274,145,129
E00160420,259,136,123
E00160421,274,159,115
E00160422,231,131,100
E00160435,194,121,73
E00160439,262,143,119
E00160441,252,140,112
E00160442,211,114,97
E00160443,275,147,128
E00160445,322,173,149
E00160446,209,118,91
E00160098,348,181,167
E00160099,237,120,117
E00160104,268,133,135
E00160106,277,125,152
E00160107,221,116,105
E00160108,239,116,123
E00160262,308,168,140
E00160264,360,176,184
E00160265,317,163,154
E00160266,289,140,149
E00160267,266,126,140
E00160398,312,160,152
E00160400,431,223,208
E00160403,295,126,169
E00160404,492,242,250
E00160405,407,180,227
E00184757,287,143,144
E00184780,281,137,144
E00160394,209,106,103
E00160406,342,162,180
E00160407,246,122,124
E00160408,278,120,158
E00160409,200,98,102
E00160410,229,115,114
E00160411,246,121,125
E00160124,345,183,162
E00160125,510,269,241
E00160129,234,113,121
E00160130,298,155,143
E00160133,303,148,155
E00160117,344,172,172
E00160118,324,172,152
E00160134,321,170,151
E00160138,274,151,123
E00160142,221,108,113
E00160119,251,135,116
E00160132,306,155,151
E00160135,294,151,143
E00160139,304,159,145
E00160140,230,124,106
E00160120,359,185,174
E00160121,331,171,160
E00160122,350,179,171
E00160123,307,157,150
E00184752,530,275,255
E00184766,190,102,88
E00184820,325,171,154
E00184822,230,115,115
E00184824,485,244,241
E00184827,211,106,105
E00160116,265,146,119
E00160127,535,278,257
E00160128,443,227,216
E00160141,287,143,144
E00184748,246,126,120
E00160189,297,153,144
E00160191,279,147,132
E00160192,265,138,127
E00160193,406,210,196
E00160194,326,174,152
E00160203,127,58,69
E00160310,198,104,94
E00160313,301,157,144
E00160315,288,158,130
E00160317,247,140,107
E00160326,272,144,128
E00160327,217,115,102
E00160309,310,152,158
E00160311,266,142,124
E00160318,256,121,135
E00160319,294,178,116
E00160321,265,130,135
E00160323,235,129,106
E00160324,251,119,132
E00160312,277,142,135
E00160314,265,142,123
E00160316,231,122,109
E00160320,270,141,129
E00160322,273,133,140
E00160325,200,101,99
E00160115,340,194,146
E00160131,365,177,188
E00160136,287,158,129
E00160137,176,79,97
E00160280,270,137,133
E00160282,268,148,120
E00160284,299,149,150
E00160285,279,158,121
E00160287,297,159,138
E00160269,361,220,141
E00160279,356,178,178
E00160281,363,184,179
E00160283,333,157,176
E00160286,241,117,124
E00160335,281,142,139
E00160336,344,182,162
E00160337,293,160,133
E00160338,214,119,95
E00160340,346,167,179
E00160342,234,111,123
E00160328,330,166,164
E00160331,322,180,142
E00160341,297,156,141
E00160345,350,181,169
E00160347,449,217,232
E00160187,312,163,149
E00160188,321,166,155
E00160200,263,144,119
E00160201,298,151,147
E00160202,323,170,153
E00160195,326,163,163
E00160196,306,153,153
E00160197,250,126,124
E00160198,241,128,113
E00160199,283,157,126
E00184763,407,208,199
E00184765,246,119,127
E00160205,285,146,139
E00160206,312,156,156
E00160208,192,124,68
E00160211,288,155,133
E00160212,249,129,120
E00160213,247,143,104
E00160207,305,164,141
E00160209,277,146,131
E00160210,305,166,139
E00160221,258,147,111
E00184728,146,74,72
E00184731,192,99,93
E00184733,268,151,117
E00184729,564,292,272
E00184744,241,121,120
E00184784,373,198,175
E00184796,625,325,300
E00184821,120,63,57
E00160204,287,149,138
E00160215,581,311,270
E00160218,253,137,116
E00160219,294,151,143
E00160220,351,179,172
E00160339,352,181,171
E00160343,320,165,155
E00160344,362,182,180
E00160346,363,184,179
E00160329,419,213,206
E00160330,279,138,141
E00160332,304,162,142
E00160333,307,155,152
E00160334,377,205,172
E00160375,396,211,185
E00160385,488,267,221
E00160386,249,115,134
E00160387,326,159,167
E00160376,426,236,190
E00160388,413,222,191
E00160389,280,139,141
E00160392,337,182,155
E00160393,300,150,150
E00160378,424,212,212
E00160380,360,191,169
E00160390,332,161,171
E00160391,351,162,189
E00160273,151,80,71
E00160275,190,114,76
E00160276,201,99,102
E00184734,553,274,279
E00160268,294,150,144
E00160270,384,186,198
E00160271,286,142,144
E00160277,249,132,117
E00160278,242,116,126
E00184786,260,136,124
E00184815,231,104,127
E00160294,467,216,251
E00160297,344,172,172
E00160298,237,113,124
E00160300,304,145,159
E00160302,289,137,152
E00160304,240,112,128
E00160289,283,145,138
E00160291,313,168,145
E00160296,291,133,158
E00160299,224,105,119
E00160301,219,101,118
E00160303,163,82,81
E00160307,192,79,113
E00160308,299,132,167
E00160288,293,150,143
E00160290,354,188,166
E00160292,344,176,168
E00160293,276,133,143
E00160295,214,106,108
E00160305,342,173,169
E00160306,286,133,153
E00160377,304,171,133
E00160379,262,120,142
E00160381,363,177,186
E00160382,267,139,128
E00160383,222,111,111
E00160384,286,151,135
E00159999,278,155,123
E00160000,249,129,120
E00160001,263,138,125
E00160002,236,129,107
E00160004,249,130,119
E00160005,287,150,137
E00159997,219,115,104
E00159998,309,154,155
E00160003,377,181,196
E00160011,274,140,134
E00160012,231,128,103
E00160013,243,131,112
E00159996,324,167,157
E00160006,257,136,121
E00160007,301,149,152
E00160008,268,142,126
E00160009,263,132,131
E00160010,299,157,142
E00160022,292,159,133
E00160023,255,131,124
E00160025,271,139,132
E00160026,252,133,119
E00160027,250,129,121
E00160028,242,124,118
E00160015,329,176,153
E00160016,279,150,129
E00160019,248,131,117
E00160029,267,146,121
E00160030,280,149,131
E00160031,290,146,144
E00160014,272,140,132
E00160017,263,131,132
E00160018,248,141,107
E00160020,292,149,143
E00160021,269,133,136
E00160024,212,126,86
E00160363,288,156,132
E00160365,267,142,125
E00160366,340,170,170
E00160371,267,138,129
E00184777,464,173,291
E00184790,284,136,148
E00160360,255,137,118
E00160361,236,123,113
E00160362,303,164,139
E00160364,269,143,126
E00160367,269,152,117
E00160368,299,145,154
E00160369,264,141,123
E00160370,297,144,153
E00160372,283,147,136
E00160373,246,127,119
E00160374,255,137,118
E00160353,238,130,108
E00160354,291,149,142
E00160355,256,132,124
E00160356,297,167,130
E00160357,230,119,111
E00160358,232,126,106
E00160348,525,267,258
E00160349,305,175,130
E00160350,293,151,142
E00160351,270,139,131
E00160352,322,173,149
E00160655,270,132,138
E00160657,274,138,136
E00160663,360,187,173
E00160664,343,184,159
E00160668,344,175,169
E00160656,297,108,189
E00160662,345,175,170
E00160665,387,216,171
E00160666,289,154,135
E00160667,279,151,128
E00160652,245,132,113
E00160653,297,152,145
E00160654,288,151,137
E00160658,352,184,168
E00160659,383,203,180
E00160660,321,161,160
E00160661,231,121,110
E00160745,271,132,139
E00160746,324,150,174
E00160747,190,94,96
E00160748,263,135,128
E00160749,353,180,173
E00160741,383,201,182
E00160743,296,154,142
E00160744,274,136,138
E00160750,378,193,185
E00188698,340,181,159
E00188707,304,152,152
E00160751,513,261,252
E00160752,312,164,148
E00160753,118,66,52
E00160754,399,200,199
E00160755,311,157,154
E00160873,323,162,161
E00160874,353,178,175
E00160875,379,195,184
E00160879,209,103,106
E00160876,270,141,129
E00160877,288,152,136
E00160878,334,178,156
E00160880,375,184,191
E00160684,334,166,168
E00160685,353,188,165
E00160686,255,132,123
E00160687,267,147,120
E00160688,280,138,142
E00160689,323,164,159
E00160690,242,124,118
E00160760,302,154,148
E00160761,373,188,185
E00160762,298,148,150
E00160763,367,190,177
E00160756,283,133,150
E00160757,304,158,146
E00160758,307,157,150
E00160759,234,119,115
E00160832,242,115,127
E00160836,293,159,134
E00160837,267,126,141
E00160838,268,127,141
E00160840,164,75,89
E00160630,266,137,129
E00160631,322,183,139
E00160634,350,179,171
E00188578,226,120,106
E00188599,195,90,105
E00188684,230,113,117
E00160697,256,131,125
E00160698,188,107,81
E00160700,250,138,112
E00160703,311,167,144
E00160704,222,121,101
E00160705,267,150,117
E00160699,292,162,130
E00160706,232,123,109
E00160707,254,137,117
E00160708,244,129,115
E00160709,233,128,105
E00160710,421,228,193
E00160711,294,160,134
E00160701,201,117,84
E00160702,317,172,145
E00160712,327,183,144
E00160713,278,152,126
E00160714,365,183,182
E00160715,419,232,187
E00160833,168,89,79
E00160834,307,167,140
E00160835,306,156,150
E00160839,249,132,117
E00160530,361,182,179
E00160531,424,211,213
E00160532,285,150,135
E00160533,225,115,110
E00160528,391,195,196
E00160529,229,115,114
E00166610,397,223,174
E00160629,232,131,101
E00160632,207,101,106
E00160635,268,133,135
E00160636,337,175,162
E00160723,207,103,104
E00160729,252,131,121
E00160732,428,215,213
E00160735,229,123,106
E00160738,217,114,103
E00160739,267,136,131
E00160730,360,194,166
E00160731,279,162,117
E00160733,361,205,156
E00160736,284,145,139
E00160737,412,197,215
E00160724,266,133,133
E00160725,186,97,89
E00160726,286,155,131
E00160727,189,101,88
E00160728,116,60,56
E00160734,228,116,112
E00160740,234,112,122
E00160519,344,174,170
E00160520,302,168,134
E00160521,363,203,160
E00160522,112,58,54
E00160523,186,97,89
E00160524,215,108,107
E00160525,302,147,155
E00160526,419,217,202
E00160567,267,141,126
E00160571,336,179,157
E00160572,316,163,153
E00160575,287,146,141
E00160577,307,157,150
E00160561,247,130,117
E00160564,255,134,121
E00160565,272,142,130
E00160566,286,153,133
E00160568,466,267,199
E00160691,292,162,130
E00160692,357,186,171
E00160693,320,173,147
E00160694,473,264,209
E00160695,273,137,136
E00166609,392,199,193
E00188566,311,162,149
E00188604,278,147,131
E00188624,257,127,130
E00160677,303,153,150
E00160679,287,156,131
E00160680,341,178,163
E00160681,335,169,166
E00160676,450,229,221
E00160678,271,142,129
E00160682,310,150,160
E00160683,311,165,146
E00160814,345,176,169
E00160817,283,156,127
E00160827,316,172,144
E00160829,342,172,170
E00160809,528,282,246
E00160816,289,149,140
E00160821,331,192,139
E00160828,246,129,117
E00160866,354,183,171
E00160867,455,224,231
E00160868,298,152,146
E00160869,410,199,211
E00160870,299,161,138
E00160871,240,129,111
E00160872,339,189,150
E00160544,328,184,144
E00160546,436,219,217
E00160556,179,88,91
E00188552,297,158,139
E00188553,300,151,149
E00160540,331,182,149
E00160541,421,196,225
E00160542,343,178,165
E00160543,535,295,240
E00166602,388,213,175
E00166604,364,183,181
E00160562,373,201,172
E00160563,588,351,237
E00160578,366,194,172
E00160579,235,133,102
E00160580,280,136,144
E00160604,316,168,148
E00160606,231,144,87
E00160607,227,123,104
E00160609,298,156,142
E00160613,313,172,141
E00160616,287,139,148
E00160608,306,157,149
E00160610,322,173,149
E00160612,220,121,99
E00160614,243,124,119
E00160617,221,113,108
E00160618,169,99,70
E00160569,427,245,182
E00160570,480,246,234
E00188558,224,117,107
E00188752,457,245,212
E00160574,442,227,215
E00188547,279,143,136
E00188557,370,179,191
E00188559,341,188,153
E00188560,371,217,154
E00160515,418,209,209
E00160516,240,122,118
E00160517,456,222,234
E00188573,384,207,177
E00188596,409,213,196
E00160507,274,135,139
E00160509,332,172,160
E00160510,228,125,103
E00160511,246,134,112
E00160512,243,135,108
E00160514,255,127,128
E00160810,227,113,114
E00160824,275,145,130
E00160831,380,198,182
E00166599,229,108,121
E00166601,1121,202,919
E00160812,343,181,162
E00160813,255,140,115
E00160815,285,147,138
E00160818,190,94,96
E00160822,277,151,126
E00160823,465,241,224
E00160811,401,210,191
E00160819,375,204,171
E00160825,306,151,155
E00160826,378,201,177
E00188580,146,77,69
E00188601,253,126,127
E00188741,236,122,114
E00160536,197,99,98
E00160538,302,151,151
E00160557,252,135,117
E00160559,295,151,144
E00160560,274,141,133
E00160537,304,149,155
E00160545,315,148,167
E00160548,403,215,188
E00160554,277,145,132
E00160558,255,128,127
E00160535,279,151,128
E00160547,288,145,143
E00160549,208,114,94
E00160550,239,132,107
E00160551,334,179,155
E00188632,253,130,123
E00188725,227,121,106
E00160582,211,126,85
E00160583,456,269,187
E00160587,373,194,179
E00160593,364,215,149
E00160603,204,108,96
E00188592,158,97,61
E00188713,608,375,233
E00160584,322,171,151
E00160588,224,112,112
E00160589,292,149,143
E00160591,227,120,107
E00160592,173,105,68
E00160595,337,193,144
E00188548,136,70,66
E00188549,127,62,65
E00160504,259,136,123
E00160505,305,161,144
E00160506,275,140,135
E00160508,218,113,105
E00160513,333,178,155
E00160605,202,95,107
E00160611,238,127,111
E00160615,400,238,162
E00160619,263,157,106
E00160620,358,179,179
E00160621,347,181,166
E00160622,185,91,94
E00160623,299,150,149
E00160624,363,189,174
E00160625,443,217,226
E00160626,276,155,121
E00160627,441,243,198
E00188664,297,154,143
E00188692,351,182,169
E00160670,357,185,172
E00160671,300,152,148
E00160672,299,149,150
E00160673,344,172,172
E00160674,301,159,142
E00160675,350,184,166
E00188591,365,181,184
E00188627,348,184,164
E00160590,284,149,135
E00160594,319,172,147
E00160596,336,168,168
E00160599,286,143,143
E00160602,295,149,146
E00160581,296,174,122
E00160585,280,159,121
E00160597,290,149,141
E00160600,456,240,216
E00160601,514,260,254
E00160800,280,142,138
E00160801,405,206,199
E00160802,211,116,95
E00160803,256,130,126
E00160804,138,74,64
E00160841,323,178,145
E00160844,338,173,165
E00160848,236,119,117
E00166605,363,178,185
E00166612,333,173,160
E00160842,533,271,262
E00160845,323,180,143
E00160846,605,328,277
E00160847,279,147,132
E00160720,302,152,150
E00160722,599,301,298
E00188610,378,192,186
E00188637,161,86,75
E00188710,275,145,130
E00160716,405,224,181
E00160717,321,175,146
E00160718,285,139,146
E00188584,470,226,244
E00188644,308,150,158
E00160638,495,267,228
E00160639,447,243,204
E00160648,361,204,157
E00160650,233,123,110
E00160651,197,104,93
E00160637,510,263,247
E00160640,361,193,168
E00160642,554,293,261
E00160646,280,141,139
E00188659,290,144,146
E00188714,368,192,176
E00160641,149,94,55
E00160643,348,181,167
E00160644,279,149,130
E00160645,307,153,154
E00160649,352,192,160
E00160805,328,174,154
E00160806,328,168,160
E00160807,279,138,141
E00160808,368,184,184
E00160856,207,117,90
E00160861,209,108,101
E00160862,221,119,102
E00160863,185,94,91
E00166593,550,281,269
E00160857,256,134,122
E00160858,279,151,128
E00160859,191,102,89
E00160864,434,231,203
E00160865,239,126,113
E00160849,312,162,150
E00160850,317,160,157
E00160851,290,153,137
E00160852,282,154,128
E00160853,477,240,237
E00160854,338,180,158
E00160764,291,147,144
E00160777,273,155,118
E00160782,256,121,135
E00160783,258,131,127
E00160784,201,108,93
E00166595,299,169,130
E00166596,224,114,110
E00166598,212,99,113
E00160765,244,139,105
E00160775,412,201,211
E00160779,294,140,154
E00160780,327,170,157
E00160781,380,198,182
E00160767,275,143,132
E00160772,186,91,95
E00160774,244,126,118
E00160778,234,123,111
E00160785,244,130,114
E00188731,235,132,103
E00188739,323,169,154
E00160766,219,120,99
E00160768,294,150,144
E00160769,273,151,122
E00160770,303,163,140
E00160771,247,130,117
E00160786,338,181,157
E00160788,358,196,162
E00160798,291,157,134
E00160799,267,132,135
E00160789,359,198,161
E00160792,279,141,138
E00160794,271,138,133
E00160795,251,140,111
E00160797,290,150,140
E00160787,275,155,120
E00160790,288,145,143
E00160791,281,136,145
E00160793,310,154,156
E00160796,318,170,148
E00161011,329,150,179
E00161013,294,138,156
E00161014,345,179,166
E00161015,419,205,214
E00161027,453,221,232
E00161008,447,211,236
E00161018,388,199,189
E00161022,281,132,149
E00167694,310,143,167
E00167696,325,158,167
E00167704,269,142,127
E00161009,389,193,196
E00161017,539,201,338
E00161020,299,146,153
E00161023,277,131,146
E00161024,285,150,135
E00161010,357,173,184
E00161019,431,200,231
E00161025,286,140,146
E00161029,326,166,160
E00161030,458,227,231
E00161012,335,168,167
E00161021,354,169,185
E00161026,370,171,199
E00161028,378,175,203
E00161074,322,154,168
E00161077,284,149,135
E00161085,262,135,127
E00161086,278,146,132
E00161089,308,156,152
E00161092,297,153,144
E00161078,326,159,167
E00161090,317,161,156
E00161091,255,116,139
E00161093,261,148,113
E00161095,342,177,165
E00161098,272,142,130
E00161099,398,205,193
E00161114,299,152,147
E00161115,299,142,157
E00161116,300,154,146
E00161100,341,161,180
E00161101,315,152,163
E00161117,286,150,136
E00161119,242,124,118
E00161120,267,136,131
E00161082,314,143,171
E00161083,306,147,159
E00161084,410,216,194
E00161087,317,158,159
E00188570,370,188,182
E00188717,362,181,181
E00188564,374,183,191
E00188614,316,152,164
E00188652,280,142,138
E00188683,368,179,189
E00188701,336,166,170
E00188720,331,165,166
E00188737,361,184,177
E00160992,339,168,171
E00160993,328,165,163
E00160994,351,182,169
E00160996,385,188,197
E00160995,319,188,131
E00160999,388,202,186
E00161004,361,182,179
E00161005,348,174,174
E00161006,380,187,193
E00160998,393,201,192
E00161000,315,165,150
E00161001,439,239,200
E00161003,300,185,115
E00188619,253,124,129
E00188681,301,146,155
E00188743,226,118,108
E00161187,390,202,188
E00161193,386,194,192
E00161196,267,132,135
E00161198,348,180,168
E00161201,270,130,140
E00161189,364,186,178
E00161190,345,177,168
E00161191,245,107,138
E00161192,342,158,184
E00161194,258,146,112
E00161195,450,241,209
E00161058,265,127,138
E00161059,464,205,259
E00161060,289,138,151
E00161063,397,203,194
E00161067,354,169,185
E00167693,276,121,155
E00167695,263,131,132
E00161062,327,163,164
E00161064,429,206,223
E00161065,377,191,186
E00161066,387,190,197
E00161068,370,183,187
E00161069,351,181,170
E00161070,300,157,143
E00161071,430,206,224
E00161072,391,196,195
E00188594,346,165,181
E00188649,268,141,127
E00188726,354,171,183
E00188748,176,68,108
E00161149,356,180,176
E00161151,355,174,181
E00161158,323,158,165
E00161162,441,216,225
E00167689,517,257,260
E00167691,410,200,210
E00167692,368,177,191
E00188561,366,200,166
E00188708,304,158,146
E00161148,394,196,198
E00161152,530,253,277
E00161164,357,178,179
E00167705,270,135,135
E00188613,282,112,170
E00188657,238,120,118
E00188751,264,140,124
E00161075,270,141,129
E00161076,326,155,171
E00161079,300,140,160
E00161080,310,154,156
E00161088,287,144,143
E00161094,292,151,141
E00161102,364,187,177
E00161103,386,191,195
E00161104,333,174,159
E00161106,328,153,175
E00167697,276,133,143
E00167699,218,102,116
E00161097,318,151,167
E00161109,326,167,159
E00161110,283,140,143
E00161111,239,118,121
E00161112,320,154,166
E00161150,357,196,161
E00161160,317,160,157
E00161161,315,164,151
E00161163,314,149,165
E00161165,280,143,137
E00161155,404,186,218
E00161156,537,243,294
E00161157,306,150,156
E00161159,340,165,175
E00160964,343,179,164
E00160966,293,156,137
E00160970,316,156,160
E00160971,304,162,142
E00160972,268,141,127
E00160963,288,154,134
E00160973,348,170,178
E00160974,345,176,169
E00160975,363,164,199
E00160977,319,160,159
E00160978,303,157,146
E00160979,348,168,180
E00160965,341,172,169
E00160967,296,155,141
E00160968,313,155,158
E00160969,368,184,184
E00160976,363,177,186
E00160981,412,204,208
E00160983,334,187,147
E00160997,307,153,154
E00161007,312,161,151
E00160980,325,157,168
E00160982,258,126,132
E00160984,273,133,140
E00160985,359,190,169
E00160986,297,151,146
E00161137,321,161,160
E00161140,350,193,157
E00161141,397,194,203
E00161144,340,164,176
E00161145,239,123,116
E00161146,397,205,192
E00161131,204,111,93
E00161134,351,178,173
E00161136,395,199,196
E00161142,405,194,211
E00161143,307,146,161
E00161122,272,144,128
E00161123,310,162,148
E00161127,318,177,141
E00161147,336,167,169
E00188660,319,163,156
E00188750,347,180,167
E00161121,370,186,184
E00161128,255,123,132
E00161129,286,138,148
E00161130,520,273,247
E00161133,236,115,121
E00188600,191,95,96
E00188733,338,154,184
E00161188,476,232,244
E00161199,391,207,184
E00161200,282,138,144
E00161202,324,169,155
E00188609,265,133,132
E00188615,272,131,141
E00188696,294,139,155
E00188719,248,121,127
E00161031,296,146,150
E00161037,316,154,162
E00161041,307,156,151
E00161054,299,150,149
E00161055,292,152,140
E00161057,264,137,127
E00161036,336,172,164
E00161038,342,158,184
E00161046,369,196,173
E00161056,323,160,163
E00167701,306,166,140
E00167702,300,144,156
E00167703,385,191,194
E00161033,350,178,172
E00161040,347,179,168
E00161047,356,177,179
E00161048,367,172,195
E00161050,316,160,156
E00161096,306,151,155
E00161107,298,157,141
E00161108,286,141,145
E00161118,307,156,151
E00167698,271,129,142
E00167700,257,121,136
E00167706,251,128,123
E00160953,342,173,169
E00160956,292,155,137
E00160957,255,135,120
E00160958,290,145,145
E00160959,384,179,205
E00160945,291,142,149
E00160947,335,166,169
E00160960,287,142,145
E00160961,323,157,166
E00160962,308,149,159
E00160946,271,136,135
E00160948,326,170,156
E00160949,242,134,108
E00160952,239,130,109
E00160955,284,141,143
E00160944,356,180,176
E00160950,440,218,222
E00160951,347,165,182
E00160954,394,196,198
E00161032,335,166,169
E00161039,283,148,135
E00161043,276,142,134
E00161044,438,225,213
E00161045,288,162,126
E00161034,362,186,176
E00161035,306,150,156
E00161049,360,171,189
E00161051,259,138,121
E00161052,240,120,120
E00161053,332,161,171
E00160885,327,152,175
E00160898,315,158,157
E00160904,409,218,191
E00160905,258,131,127
E00160888,472,243,229
E00160893,306,150,156
E00160895,273,145,128
E00160899,324,165,159
E00160903,306,163,143
E00160881,335,179,156
E00160884,329,169,160
E00160900,429,217,212
E00188602,310,168,142
E00188676,372,184,188
E00160886,325,165,160
E00160887,366,180,186
E00160889,346,189,157
E00160890,358,175,183
E00160987,342,173,169
E00160988,273,144,129
E00160989,338,179,159
E00160990,316,167,149
E00160991,409,205,204
E00161124,374,192,182
E00161125,402,213,189
E00161135,375,208,167
E00161138,339,169,170
E00161139,313,167,146
E00161166,224,121,103
E00161168,287,157,130
E00161169,268,146,122
E00161171,283,143,140
E00161182,235,110,125
E00161184,305,170,135
E00161167,320,168,152
E00161170,319,173,146
E00161175,323,168,155
E00161185,317,148,169
E00161186,353,178,175
E00161172,309,160,149
E00161173,373,191,182
E00161174,357,186,171
E00161176,314,153,161
E00161177,350,186,164
E00161178,344,164,180
E00161179,291,149,142
E00161180,314,166,148
E00161181,347,176,171
E00161183,280,143,137
E00160894,309,150,159
E00160896,419,194,225
E00160901,392,188,204
E00160902,362,183,179
E00160882,423,209,214
E00160891,342,175,167
E00160892,432,211,221
E00160897,422,217,205
E00160910,473,256,217
E00160911,294,155,139
E00160912,395,209,186
E00160922,352,161,191
E00160907,435,205,230
E00160908,445,208,237
E00160909,285,156,129
E00160920,292,142,150
E00160923,378,187,191
E00160906,379,188,191
E00160913,352,173,179
E00160915,434,241,193
E00160919,418,196,222
E00160914,421,195,226
E00160916,268,147,121
E00160917,310,159,151
E00160918,412,241,171
E00160921,430,221,209
E00160925,320,170,150
E00160928,311,166,145
E00160937,324,166,158
E00160940,293,152,141
E00160941,353,194,159
E00160934,319,160,159
E00160935,275,141,134
E00160938,196,95,101
E00160942,285,151,134
E00160943,270,148,122
E00188583,293,147,146
E00188654,196,75,121
E00160926,413,213,200
E00160929,292,161,131
E00160930,211,112,99
E00160931,283,150,133
E00160933,422,214,208
E00160924,428,199,229
E00160932,450,228,222
E00160936,388,193,195
E00160939,370,185,185
E00161504,368,183,185
E00161505,207,101,106
E00161506,291,150,141
E00161509,273,149,124
E00161521,387,196,191
E00161507,167,86,81
E00161508,287,141,146
E00161513,361,179,182
E00161517,351,176,175
E00161519,181,86,95
E00161520,209,109,100
E00161512,247,131,116
E00161514,391,198,193
E00161515,313,159,154
E00161516,306,158,148
E00161518,294,151,143
E00161536,350,183,167
E00161537,372,186,186
E00188593,389,186,203
E00188745,285,144,141
E00161534,336,168,168
E00161535,317,175,142
E00188597,232,131,101
E00188679,401,204,197
E00188585,332,169,163
E00188670,337,176,161
E00188675,246,120,126
E00188687,318,144,174
E00188732,242,124,118
E00161532,309,159,150
E00188607,292,159,133
E00188641,411,206,205
E00188699,311,148,163
E00188736,288,139,149
E00161378,453,228,225
E00161386,370,202,168
E00161388,504,253,251
E00161389,575,282,293
E00161376,318,171,147
E00161377,423,227,196
E00161390,290,146,144
E00161392,356,187,169
E00161379,337,174,163
E00161380,239,121,118
E00161381,327,171,156
E00161382,234,117,117
E00161391,302,154,148
E00161383,312,159,153
E00161384,388,215,173
E00161385,229,119,110
E00161387,264,131,133
E00161398,297,159,138
E00161402,251,133,118
E00161409,286,137,149
E00161410,226,113,113
E00161400,383,188,195
E00161403,223,114,109
E00161404,318,163,155
E00161405,375,191,184
E00161481,294,148,146
E00161482,326,168,158
E00161488,330,166,164
E00161489,331,175,156
E00161491,303,153,150
E00161483,276,148,128
E00161485,307,161,146
E00161487,287,155,132
E00161490,268,134,134
E00161492,348,173,175
E00161248,347,185,162
E00161250,282,144,138
E00161251,332,169,163
E00161253,313,160,153
E00188630,451,227,224
E00188662,370,187,183
E00161393,305,156,149
E00161394,312,149,163
E00161395,280,139,141
E00161396,193,90,103
E00161399,264,141,123
E00161401,206,108,98
E00161406,381,220,161
E00167707,379,199,180
E00167708,373,192,181
E00188555,457,226,231
E00161446,406,193,213
E00161447,342,169,173
E00161448,292,168,124
E00161449,280,146,134
E00161450,262,129,133
E00161451,467,248,219
E00161588,272,146,126
E00161589,324,168,156
E00161591,296,152,144
E00161596,228,123,105
E00161605,368,191,177
E00161415,464,239,225
E00161416,257,124,133
E00161418,310,172,138
E00161423,334,170,164
E00161425,256,120,136
E00161419,288,143,145
E00161420,224,109,115
E00161422,398,202,196
E00161424,299,148,151
E00161426,413,203,210
E00161484,284,152,132
E00161486,307,148,159
E00161493,234,121,113
E00161494,327,164,163
E00161498,328,162,166
E00161480,381,195,186
E00161495,258,122,136
E00161496,301,156,145
E00161497,393,209,184
E00161499,318,154,164
E00161501,286,146,140
E00161502,158,84,74
E00161503,238,109,129
E00161510,347,171,176
E00161511,295,145,150
E00188686,352,171,181
E00188705,226,95,131
E00161441,439,238,201
E00161442,383,192,191
E00161443,374,185,189
E00161444,393,195,198
E00161445,341,173,168
E00161437,320,166,154
E00161439,415,192,223
E00161440,372,187,185
E00188571,302,151,151
E00188680,369,182,187
E00161525,330,173,157
E00161526,415,216,199
E00161527,314,159,155
E00161529,345,180,165
E00161522,481,252,229
E00161523,374,185,189
E00161524,407,220,187
E00161528,302,155,147
E00161412,384,190,194
E00161432,324,170,154
E00161433,266,134,132
E00161434,332,180,152
E00161435,383,193,190
E00161413,317,167,150
E00161414,365,172,193
E00161417,365,195,170
E00161436,374,200,174
E00188694,294,140,154
E00188702,231,118,113
E00161411,199,105,94
E00161427,238,116,122
E00161429,286,137,149
E00161430,283,159,124
E00161431,331,162,169
E00188620,199,106,93
E00188625,165,78,87
E00188655,228,118,110
E00161592,254,129,125
E00161602,265,151,114
E00161603,305,152,153
E00161604,256,136,120
E00161606,292,150,142
E00161587,255,126,129
E00161590,322,161,161
E00161595,303,158,145
E00161600,318,166,152
E00167713,299,157,142
E00167714,284,127,157
E00161331,330,173,157
E00161333,240,142,98
E00161336,328,162,166
E00161344,271,144,127
E00161339,436,221,215
E00161345,368,181,187
E00188575,361,198,163
E00188638,231,97,134
E00161332,295,160,135
E00161334,262,139,123
E00161335,226,115,111
E00161338,304,152,152
E00161342,281,134,147
E00161343,389,190,199
E00161593,275,139,136
E00161594,310,155,155
E00161597,310,165,145
E00161598,303,163,140
E00161601,336,166,170
E00161249,277,141,136
E00161252,323,165,158
E00161254,248,125,123
E00188695,301,159,142
E00161255,287,151,136
E00188668,325,171,154
E00188742,338,171,167
E00188746,362,184,178
E00188569,392,204,188
E00188587,267,131,136
E00188612,326,162,164
E00188640,192,101,91
E00188651,296,156,140
E00188678,277,135,142
E00188618,361,184,177
E00188629,354,177,177
E00188633,360,188,172
E00188674,379,192,187
E00188749,344,178,166
E00161328,278,142,136
E00161330,445,230,215
E00161340,286,158,128
E00161341,290,150,140
E00167711,228,116,112
E00167715,113,55,58
E00161346,269,147,122
E00161347,312,163,149
E00161354,378,197,181
E00161357,164,83,81
E00161358,344,183,161
E00188709,295,160,135
E00188729,263,125,138
E00161349,281,141,140
E00161350,271,134,137
E00161351,294,158,136
E00161352,329,167,162
E00161355,288,145,143
E00167717,360,190,170
E00161455,255,136,119
E00161456,384,203,181
E00161457,329,160,169
E00161458,381,193,188
E00161452,363,173,190
E00161453,351,170,181
E00161454,449,229,220
E00161459,263,134,129
E00161460,291,153,138
E00161551,323,159,164
E00167716,208,112,96
E00188556,452,229,223
E00188693,147,80,67
E00188730,920,476,444
E00161545,274,129,145
E00161546,301,153,148
E00161547,422,224,198
E00161548,228,113,115
E00161564,380,185,195
E00161550,351,173,178
E00161562,332,167,165
E00161563,407,202,205
E00188643,335,188,147
E00188724,483,250,233
E00161539,303,163,140
E00161540,387,196,191
E00161553,504,256,248
E00161554,329,167,162
E00161542,343,172,171
E00161543,468,237,231
E00161555,401,198,203
E00188606,290,141,149
E00188718,260,131,129
E00161544,295,143,152
E00161556,268,142,126
E00161560,316,156,160
E00161561,234,118,116
E00161557,253,137,116
E00161558,342,176,166
E00161559,320,155,165
E00161565,534,267,267
E00161224,352,176,176
E00161225,274,132,142
E00161226,345,177,168
E00188563,282,147,135
E00188588,395,209,186
E00188603,333,169,164
E00188631,224,113,111
E00188648,375,186,189
E00188721,285,151,134
E00161203,483,245,238
E00161205,365,196,169
E00161220,331,157,174
E00161223,315,158,157
E00167719,313,163,150
E00167722,304,153,151
E00161217,414,207,207
E00161219,346,179,167
E00161221,325,159,166
E00167718,219,116,103
E00167720,171,90,81
E00167721,232,122,110
E00188623,314,161,153
E00188658,325,167,158
E00188722,246,123,123
E00161204,345,181,164
E00161207,522,281,241
E00161208,333,167,166
E00161209,335,166,169
E00161222,250,135,115
E00161211,372,191,181
E00188572,320,166,154
E00188611,281,154,127
E00188711,353,168,185
E00188735,317,166,151
E00161214,298,146,152
E00161215,535,266,269
E00188567,227,112,115
E00188671,347,174,173
E00161312,367,180,187
E00161315,285,130,155
E00161323,340,173,167
E00188574,321,160,161
E00188740,276,130,146
E00161319,356,174,182
E00161322,283,133,150
E00161325,273,142,131
E00161326,316,153,163
E00161313,304,179,125
E00161314,424,213,211
E00161316,262,137,125
E00161317,325,173,152
E00161320,383,187,196
E00161321,336,169,167
E00161324,353,175,178
E00161327,252,130,122
E00161269,296,137,159
E00161270,314,164,150
E00161271,274,135,139
E00161275,291,149,142
E00161277,309,159,150
E00161279,219,109,110
E00161268,326,153,173
E00161272,320,163,157
E00161273,298,143,155
E00161274,260,142,118
E00161276,266,130,136
E00161278,240,119,121
E00161293,381,185,196
E00161307,343,170,173
E00161310,271,150,121
E00161311,302,162,140
E00167726,318,165,153
E00167727,258,148,110
E00161467,290,151,139
E00161468,335,160,175
E00161470,311,157,154
E00161471,409,199,210
E00161473,251,129,122
E00161281,284,148,136
E00161282,282,136,146
E00161283,214,104,110
E00161294,314,166,148
E00161304,377,208,169
E00161291,326,175,151
E00161295,251,128,123
E00161298,329,186,143
E00161299,277,155,122
E00161300,322,171,151
E00161302,201,114,87
E00161292,249,132,117
E00161296,309,176,133
E00161297,280,142,138
E00161303,304,174,130
E00161305,273,142,131
E00161309,261,131,130
E00161464,251,136,115
E00161465,235,119,116
E00161466,269,132,137
E00161474,484,272,212
E00161475,311,154,157
E00161476,352,183,169
E00161477,313,173,140
E00161478,279,146,133
E00161479,259,130,129
E00167723,212,101,111
E00167724,188,104,84
E00188568,178,97,81
E00188595,239,128,111
E00188685,220,109,111
E00161461,319,161,158
E00161462,326,173,153
E00161463,278,131,147
E00161469,298,143,155
E00161231,218,105,113
E00161242,291,149,142
E00161243,277,136,141
E00161244,272,138,134
E00161245,285,140,145
E00161359,333,171,162
E00161367,231,122,109
E00161370,198,109,89
E00161371,281,164,117
E00161373,246,137,109
E00161375,234,115,119
E00161363,429,240,189
E00161364,439,224,215
E00161368,310,147,163
E00161369,250,124,126
E00161374,290,141,149
E00188577,335,174,161
E00188639,486,241,245
E00161360,363,201,162
E00161361,280,148,132
E00161365,240,130,110
E00161366,288,146,142
E00188622,160,93,67
E00188656,269,142,127
E00188661,299,168,131
E00161566,270,138,132
E00161576,533,279,254
E00161577,236,117,119
E00161579,224,116,108
E00161580,383,207,176
E00161256,304,149,155
E00161258,374,185,189
E00161259,383,189,194
E00161262,346,174,172
E00161280,223,115,108
E00161257,341,171,170
E00161260,603,317,286
E00161261,336,173,163
E00161265,428,216,212
E00161263,365,185,180
E00161264,548,279,269
E00161266,402,208,194
E00188582,322,163,159
E00188617,315,148,167
E00161289,589,306,283
E00161290,413,203,210
E00161301,416,220,196
E00161306,466,247,219
E00161284,336,171,165
E00161285,279,143,136
E00161286,346,163,183
E00161287,291,139,152
E00161288,289,152,137
E00161233,357,194,163
E00161235,366,201,165
E00161237,382,191,191
E00161238,241,115,126
E00161239,285,160,125
E00161228,299,152,147
E00161229,236,120,116
E00161230,213,116,97
E00161232,216,120,96
E00161234,411,209,202
E00161236,313,155,158
E00161240,313,167,146
E00161241,378,184,194
E00161581,315,167,148
E00161582,289,154,135
E00161583,247,130,117
E00161584,301,141,160
E00161585,264,139,125
E00161567,305,175,130
E00161568,308,165,143
E00161570,334,192,142
E00161572,148,82,66
E00161578,277,160,117
E00161586,276,139,137
E00161569,285,143,142
E00161571,297,149,148
E00161573,279,137,142
E00161574,259,150,109
E00161575,273,155,118
E00161789,453,228,225
E00161790,291,159,132
E00161792,322,175,147
E00161798,323,162,161
E00161799,295,143,152
E00161800,284,134,150
E00161804,344,185,159
E00161810,357,192,165
E00161811,304,157,147
E00161814,349,194,155
E00161816,455,258,197
E00161805,367,189,178
E00161806,317,164,153
E00161812,269,132,137
E00161813,262,140,122
E00161815,273,131,142
E00161817,246,119,127
E00161803,315,169,146
E00161807,270,144,126
E00161808,322,166,156
E00161809,287,152,135
E00161818,366,180,186
E00161848,328,170,158
E00161849,429,212,217
E00167740,240,123,117
E00167741,351,176,175
E00167742,172,87,85
E00188642,212,102,110
E00188672,207,104,103
E00188747,258,126,132
E00161847,356,183,173
E00161852,391,186,205
E00161853,288,128,160
E00161858,306,161,145
E00161859,343,172,171
E00188673,257,122,135
E00188688,237,114,123
E00188706,206,106,100
E00188723,257,116,141
E00188738,215,105,110
E00161846,283,170,113
E00161851,472,222,250
E00161856,222,132,90
E00161857,189,100,89
E00161733,389,198,191
E00161737,321,168,153
E00161739,301,158,143
E00161741,447,225,222
E00161745,362,192,170
E00161734,326,170,156
E00161740,349,186,163
E00161742,422,225,197
E00161743,288,149,139
E00161744,354,187,167
E00161732,421,220,201
E00161735,327,168,159
E00161736,323,151,172
E00161738,384,186,198
E00161747,328,165,163
E00161749,338,167,171
E00161750,280,144,136
E00161751,409,170,239
E00161623,364,203,161
E00161624,283,156,127
E00161625,308,160,148
E00161626,482,246,236
E00161627,298,164,134
E00161628,349,178,171
E00161629,366,186,180
E00161630,306,166,140
E00161788,368,183,185
E00161793,301,156,145
E00161801,375,205,170
E00161802,350,173,177
E00188598,547,298,249
E00188712,287,152,135
E00161787,300,156,144
E00161791,319,167,152
E00161794,237,118,119
E00161795,253,132,121
E00161796,329,178,151
E00161797,348,174,174
E00161819,341,171,170
E00161820,305,163,142
E00161822,312,149,163
E00161825,292,154,138
E00161827,331,181,150
E00161821,384,208,176
E00161826,371,185,186
E00161828,311,154,157
E00161829,331,172,159
E00161831,249,131,118
E00161823,280,141,139
E00161824,461,225,236
E00161830,350,181,169
E00161832,499,275,224
E00161839,315,167,148
E00161840,578,293,285
E00161841,337,166,171
E00161843,307,152,155
E00161834,310,150,160
E00161842,292,144,148
E00161844,299,143,156
E00161845,302,142,160
E00188576,203,106,97
E00188586,243,129,114
E00188621,239,117,122
E00161835,292,157,135
E00161836,392,201,191
E00161837,367,183,184
E00161838,251,132,119
E00161746,133,67,66
E00161748,319,162,157
E00161753,487,261,226
E00161761,342,176,166
E00161762,373,195,178
E00161765,277,137,140
E00161755,339,177,162
E00161756,323,155,168
E00161764,240,118,122
E00161766,331,176,155
E00161769,392,203,189
E00161752,270,135,135
E00161757,318,162,156
E00161759,305,168,137
E00161767,401,194,207
E00161754,296,162,134
E00161758,281,144,137
E00161760,317,161,156
E00161763,258,135,123
E00161768,335,174,161
E00161607,295,165,130
E00161608,254,131,123
E00161609,330,178,152
E00161611,320,171,149
E00167738,233,112,121
E00167739,446,212,234
E00161966,239,133,106
E00161967,318,154,164
E00161968,275,128,147
E00161969,289,137,152
E00161970,256,135,121
E00161971,125,62,63
E00161972,338,180,158
E00161973,312,152,160
E00161974,197,95,102
E00161975,379,192,187
E00161976,231,120,111
E00161977,379,193,186
E00161978,350,171,179
E00161979,319,160,159
E00161980,355,187,168
E00161981,351,179,172
E00161982,298,138,160
E00161612,406,202,204
E00161613,332,164,168
E00161614,459,237,222
E00161615,375,188,187
E00161616,331,176,155
E00161633,306,158,148
E00161634,313,150,163
E00161637,303,145,158
E00161638,235,120,115
E00161776,317,159,158
E00161777,368,203,165
E00161781,352,174,178
E00161784,278,126,152
E00161785,407,202,205
E00161620,563,285,278
E00167735,470,237,233
E00167736,341,180,161
E00167737,317,162,155
E00161617,327,176,151
E00161618,304,157,147
E00161619,261,141,120
E00161622,508,267,241
E00161923,357,176,181
E00161925,355,184,171
E00161935,395,209,186
E00161936,298,149,149
E00161937,311,155,156
E00161938,505,272,233
E00161940,411,213,198
E00161941,287,141,146
E00161942,288,158,130
E00162009,275,151,124
E00162014,360,172,188
E00162021,268,143,125
E00162022,493,265,228
E00162024,250,139,111
E00162025,413,219,194
E00162007,331,174,157
E00162008,368,176,192
E00162010,352,196,156
E00162011,239,135,104
E00162020,291,149,142
E00162023,326,171,155
E00162012,338,169,169
E00162013,392,202,190
E00162027,267,140,127
E00162028,463,232,231
E00188590,312,166,146
E00188653,380,213,167
E00188669,342,196,146
E00162006,303,168,135
E00162015,374,177,197
E00162016,234,114,120
E00162017,319,164,155
E00162018,268,142,126
E00162019,315,160,155
E00161887,316,166,150
E00161891,368,198,170
E00161896,347,180,167
E00161898,324,157,167
E00161900,342,164,178
E00161901,307,155,152
E00161902,264,127,137
E00161903,353,174,179
E00161939,256,135,121
E00161943,389,184,205
E00161945,229,108,121
E00161952,312,157,155
E00161953,314,159,155
E00161954,237,131,106
E00161958,270,156,114
E00167728,619,326,293
E00167731,352,162,190
E00188628,233,130,103
E00188665,337,184,153
E00188700,321,166,155
E00188716,343,172,171
E00167730,349,187,162
E00167732,371,188,183
E00167733,325,166,159
E00167734,434,234,200
E00161957,495,250,245
E00161960,206,100,106
E00161964,244,111,133
E00161965,346,165,181
E00161944,429,213,216
E00161946,306,163,143
E00161947,223,108,115
E00188650,250,118,132
E00161949,192,102,90
E00161950,339,177,162
E00161951,272,130,142
E00188704,220,115,105
E00161906,329,166,163
E00161907,407,210,197
E00161916,352,175,177
E00188626,407,214,193
E00188635,383,203,180
E00161910,365,186,179
E00161913,356,188,168
E00161914,400,200,200
E00161915,313,183,130
E00161917,359,175,184
E00161918,278,146,132
E00161919,356,185,171
E00161920,246,133,113
E00161922,358,193,165
E00161905,412,210,202
E00161908,359,181,178
E00161909,297,148,149
E00161921,358,187,171
E00161924,361,192,169
E00161926,235,130,105
E00161932,313,161,152
E00161933,207,118,89
E00161934,298,160,138
E00161771,417,221,196
E00161773,259,132,127
E00161774,317,182,135
E00161775,347,202,145
E00161778,297,152,145
E00161888,306,162,144
E00161892,334,170,164
E00161897,298,149,149
E00161899,296,141,155
E00161904,296,157,139
E00161889,353,182,171
E00161890,288,145,143
E00161893,237,128,109
E00161894,298,157,141
E00161895,303,154,149
E00161955,338,182,156
E00161961,430,221,209
E00161962,357,173,184
E00161963,328,165,163
E00188562,289,149,140
E00188634,342,176,166
E00161770,326,159,167
E00161779,263,134,129
E00161780,437,234,203
E00161782,403,198,205
E00161927,308,158,150
E00188636,185,109,76
E00188691,211,108,103
E00188727,346,174,172
E00188728,252,132,120
E00161928,375,184,191
E00161930,620,319,301
E00188581,342,176,166
E00188608,308,150,158
E00161772,419,222,197
E00188647,352,172,180
E00188666,349,167,182
E00188689,318,163,155
E00188697,306,152,154
E00161641,320,163,157
E00161642,362,199,163
E00161650,306,159,147
E00161651,322,163,159
E00161652,298,165,133
E00161640,323,157,166
E00161644,351,180,171
E00161647,295,155,140
E00161648,329,161,168
E00161649,318,152,166
E00161643,381,202,179
E00161645,369,196,173
E00161646,224,117,107
E00161653,308,155,153
E00161654,321,159,162
E00161655,332,159,173
E00161725,269,134,135
E00161726,296,153,143
E00161729,324,156,168
E00188565,264,127,137
E00188677,343,164,179
E00188734,406,236,170
E00161657,465,228,237
E00161665,322,163,159
E00161666,277,147,130
E00161667,307,165,142
E00161669,350,172,178
E00161675,339,160,179
E00161680,330,173,157
E00161681,333,171,162
E00161683,341,181,160
E00161684,337,168,169
E00161705,309,161,148
E00161706,262,139,123
E00161707,302,150,152
E00161708,283,139,144
E00161714,292,155,137
E00161702,296,157,139
E00161703,347,175,172
E00161704,313,160,153
E00188682,339,173,166
E00188715,414,207,207
E00161701,407,217,190
E00161709,345,161,184
E00161710,316,162,154
E00188703,217,115,102
E00188744,284,142,142
E00188579,362,181,181
E00188589,349,172,177
E00188605,320,180,140
E00188645,330,177,153
E00188646,353,172,181
E00161671,370,187,183
E00161673,211,119,92
E00161674,350,188,162
E00161676,289,154,135
E00161677,345,172,173
E00161670,310,159,151
E00161672,291,152,139
E00161678,293,148,145
E00161679,315,151,164
E00161682,265,139,126
E00161685,364,176,188
E00161691,327,175,152
E00161695,341,179,162
E00161696,337,148,189
E00161697,400,205,195
E00161690,289,147,142
E00161692,267,138,129
E00161693,368,212,156
E00161694,310,149,161
E00161698,326,166,160
E00161699,210,106,104
E00161716,309,155,154
E00161717,336,182,154
E00161722,271,150,121
E00161723,256,128,128
E00161721,284,148,136
E00161724,380,202,178
E00161727,339,179,160
E00161730,375,179,196
E00161658,291,147,144
E00161659,609,319,290
E00161660,451,241,210
E00161662,282,143,139
E00161656,311,170,141
E00161661,350,202,148
E00161663,325,162,163
E00161664,387,206,181
E00161668,384,213,171
E00161686,287,150,137
E00161687,263,143,120
E00161688,321,169,152
E00161689,250,131,119
E00161700,295,160,135
E00161715,400,193,207
E00161719,305,151,154
E00161720,270,136,134
E00161728,370,188,182
E00161731,307,163,144
E00161631,338,176,162
E00161632,357,177,180
E00161635,332,162,170
E00161636,396,175,221
E00161639,348,175,173
E00161998,330,175,155
E00162000,452,236,216
E00188616,281,148,133
E00188663,329,175,154
E00188667,486,248,238
E00188690,400,208,192
E00161995,281,151,130
E00161997,562,305,257
E00161999,320,157,163
E00162001,294,159,135
E00162002,274,142,132
E00161983,295,143,152
E00161985,356,192,164
E00161987,377,207,170
E00162004,411,208,203
E00162005,297,140,157
E00161984,383,213,170
E00161990,487,241,246
E00161992,321,162,159
E00161993,370,184,186
E00161869,194,94,100
E00161870,337,181,156
E00161872,598,307,291
E00161878,321,171,150
E00161879,319,174,145
E00161871,608,322,286
E00161873,280,148,132
E00161874,613,314,299
E00161880,284,154,130
E00161883,275,171,104
E00161861,291,156,135
E00161863,278,160,118
E00161875,336,164,172
E00161876,286,143,143
E00161885,240,125,115
E00161886,250,120,130
E00161862,284,155,129
E00161864,297,177,120
E00161866,293,151,142
E00161867,304,162,142
E00161882,396,208,188
E00161865,270,138,132
E00161868,162,80,82
E00161877,370,186,184
E00161881,293,143,150
E00161884,315,160,155
E00161986,336,178,158
E00161988,330,176,154
E00161989,350,192,158
E00161996,299,149,150
E00162003,226,125,101
E00162116,238,132,106
E00162129,237,122,115
E00162130,345,170,175
E00162131,224,115,109
E00162132,293,151,142
E00162282,262,141,121
E00162283,260,130,130
E00162285,291,145,146
E00162287,284,143,141
E00162289,278,145,133
E00162290,372,184,188
E00162281,255,135,120
E00162284,329,173,156
E00162286,379,204,175
E00162288,260,137,123
E00162291,338,172,166
E00162292,159,76,83
E00162297,345,177,168
E00162298,383,188,195
E00162321,281,139,142
E00162322,287,147,140
E00162296,312,161,151
E00162299,344,164,180
E00162300,313,168,145
E00162323,267,137,130
E00162324,356,177,179
E00162271,319,159,160
E00162274,266,146,120
E00162275,311,156,155
E00162277,302,150,152
E00162293,371,191,180
E00162295,223,103,120
E00162303,289,145,144
E00162305,267,148,119
E00162307,297,148,149
E00162309,283,149,134
E00162313,264,132,132
E00162308,276,140,136
E00162311,288,146,142
E00162314,315,161,154
E00162316,303,146,157
E00162319,286,155,131
E00162312,298,146,152
E00162315,312,168,144
E00162317,304,156,148
E00162318,268,134,134
E00162320,314,171,143
E00162354,271,138,133
E00162355,345,177,168
E00162356,278,141,137
E00162363,291,147,144
E00162364,222,118,104
E00162367,329,171,158
E00162117,290,153,137
E00162121,286,142,144
E00162133,252,143,109
E00162134,291,150,141
E00162135,252,139,113
E00162119,300,154,146
E00162120,251,137,114
E00162126,313,163,150
E00162127,329,179,150
E00162128,275,140,135
E00162118,290,141,149
E00162122,341,178,163
E00162123,394,209,185
E00162124,260,149,111
E00162125,377,214,163
E00162257,321,161,160
E00162260,237,125,112
E00162261,388,211,177
E00162266,318,174,144
E00162267,322,168,154
E00162269,385,205,180
E00162301,280,141,139
E00162302,351,196,155
E00162304,335,170,165
E00162306,330,170,160
E00162310,320,169,151
E00162029,317,162,155
E00162038,359,190,169
E00162039,290,134,156
E00162041,303,156,147
E00162044,248,117,131
E00162152,362,174,188
E00162156,319,163,156
E00162158,340,172,168
E00162164,265,132,133
E00162138,260,134,126
E00162150,315,174,141
E00162151,341,179,162
E00162154,372,177,195
E00162160,297,156,141
E00162270,393,198,195
E00162272,470,226,244
E00162273,371,179,192
E00162294,399,205,194
E00162276,350,170,180
E00162278,322,168,154
E00162279,296,154,142
E00162280,337,180,157
E00162035,359,184,175
E00162042,332,173,159
E00162043,268,142,126
E00162045,364,194,170
E00162046,231,135,96
E00162040,291,143,148
E00162048,387,203,184
E00162049,449,248,201
E00162051,316,157,159
E00162052,379,192,187
E00162030,382,194,188
E00162032,328,178,150
E00162050,380,191,189
E00162053,396,202,194
E00162033,382,198,184
E00162034,306,157,149
E00162036,364,188,176
E00162037,315,159,156
E00162047,270,146,124
E00162137,382,196,186
E00162140,315,151,164
E00162145,201,96,105
E00162153,328,156,172
E00162157,322,155,167
E00162061,286,143,143
E00162066,393,209,184
E00162076,322,166,156
E00162077,258,139,119
E00162081,328,167,161
E00162057,340,175,165
E00162059,290,145,145
E00162063,251,124,127
E00162079,294,165,129
E00162080,306,158,148
E00162062,301,151,150
E00162065,371,190,181
E00162067,331,168,163
E00162073,311,165,146
E00162083,289,151,138
E00162256,349,191,158
E00162263,313,162,151
E00162264,255,135,120
E00162265,522,273,249
E00162268,340,188,152
E00162259,261,141,120
E00162262,339,173,166
E00184747,219,115,104
E00184794,512,275,237
E00184823,289,148,141
E00184825,235,130,105
E00184778,406,207,199
E00184785,274,152,122
E00184797,593,294,299
E00184807,233,119,114
E00184809,371,187,184
E00162060,339,175,164
E00162069,285,159,126
E00162070,284,150,134
E00162074,258,133,125
E00162075,364,177,187
E00162078,277,144,133
E00162357,232,111,121
E00162358,312,160,152
E00162360,245,126,119
E00162373,219,123,96
E00162376,331,170,161
E00162380,275,146,129
E00162353,331,169,162
E00162369,254,132,122
E00162374,319,174,145
E00162375,272,140,132
E00162378,350,178,172
E00162365,217,109,108
E00162366,271,135,136
E00162368,294,164,130
E00162370,295,164,131
E00162371,294,152,142
E00162372,336,169,167
E00162068,315,166,149
E00162071,293,151,142
E00162072,282,138,144
E00184739,331,181,150
E00184749,143,76,67
E00184760,233,106,127
E00162064,528,257,271
E00184756,144,68,76
E00184811,295,146,149
E00184826,386,189,197
E00162099,456,216,240
E00162100,455,223,232
E00162103,324,176,148
E00162104,242,127,115
E00162105,301,154,147
E00162109,334,169,165
E00162139,366,197,169
E00162141,297,165,132
E00162146,335,164,171
E00162147,307,162,145
E00162159,277,132,145
E00162136,296,170,126
E00162148,324,159,165
E00162149,356,190,166
E00162155,358,193,165
E00162161,318,168,150
E00162142,276,146,130
E00162143,272,140,132
E00162144,290,135,155
E00162162,192,95,97
E00162163,355,180,175
E00162165,333,165,168
E00162359,254,126,128
E00162361,325,171,154
E00162362,314,151,163
E00162377,287,158,129
E00162379,335,177,158
E00162381,364,189,175
E00162031,313,161,152
E00162054,237,118,119
E00162055,386,193,193
E00162056,354,188,166
E00162325,340,189,151
E00162330,313,163,150
E00162331,329,182,147
E00162337,356,189,167
E00162338,322,173,149
E00162333,272,142,130
E00162334,212,116,96
E00162340,201,100,101
E00162341,126,62,64
E00162343,224,130,94
E00162344,306,155,151
E00162346,268,138,130
E00162332,386,201,185
E00162335,320,180,140
E00162339,272,140,132
E00162345,313,158,155
E00162349,343,156,187
E00162326,316,166,150
E00162327,367,188,179
E00162328,323,160,163
E00162329,320,161,159
E00162336,290,156,134
E00162084,312,177,135
E00162085,210,111,99
E00162086,327,178,149
E00162088,244,111,133
E00162093,158,69,89
E00162111,326,163,163
E00162113,318,187,131
E00162209,272,151,121
E00162212,508,283,225
E00162213,274,146,128
E00162215,305,162,143
E00162219,237,118,119
E00162220,230,110,120
E00162199,368,194,174
E00162200,262,129,133
E00162201,214,117,97
E00162202,322,152,170
E00162204,160,86,74
E00162205,265,137,128
E00162224,224,112,112
E00162196,357,187,170
E00162197,284,143,141
E00162206,298,155,143
E00162207,301,138,163
E00162208,282,145,137
E00162210,279,134,145
E00162198,265,140,125
E00162211,375,183,192
E00162214,309,158,151
E00162216,265,142,123
E00162217,352,191,161
E00162087,298,152,146
E00162091,250,122,128
E00162094,383,201,182
E00162095,310,156,154
E00162097,198,103,95
E00162114,274,146,128
E00162115,305,162,143
E00162098,317,165,152
E00162101,323,164,159
E00162107,296,146,150
E00162108,260,140,120
E00162110,345,182,163
E00184737,180,93,87
E00184768,405,218,187
E00162203,286,137,149
E00162218,280,166,114
E00162221,307,165,142
E00162222,269,127,142
E00162223,326,148,178
E00162225,268,111,157
E00162342,391,180,211
E00162347,263,135,128
E00162348,330,168,162
E00162350,325,166,159
E00162351,264,126,138
E00162352,328,172,156
E00162092,309,175,134
E00162102,319,171,148
E00162112,232,120,112
E00184801,340,175,165
E00184740,162,73,89
E00184746,301,136,165
E00184755,264,126,138
E00184767,204,95,109
E00184791,275,129,146
E00162232,331,169,162
E00162237,240,119,121
E00162238,244,131,113
E00162239,301,165,136
E00162242,256,137,119
E00162246,214,116,98
E00162228,260,129,131
E00162234,350,187,163
E00162235,237,128,109
E00162236,295,145,150
E00162240,358,179,179
E00162243,244,126,118
E00162226,254,132,122
E00162241,293,155,138
E00162245,254,122,132
E00162250,367,180,187
E00162252,293,165,128
E00162253,256,129,127
E00162244,203,102,101
E00162247,272,156,116
E00162248,281,150,131
E00162249,226,121,105
E00162251,336,168,168
E00162254,247,131,116
E00162227,335,176,159
E00162229,332,181,151
E00162230,331,173,158
E00162231,312,164,148
E00162233,331,175,156
E00162184,272,146,126
E00162185,220,119,101
E00162186,272,139,133
E00162189,215,117,98
E00162192,229,127,102
E00162193,215,123,92
E00162195,249,137,112
E00162166,293,149,144
E00162170,356,181,175
E00162171,300,152,148
E00162174,290,155,135
E00162179,329,160,169
E00162168,277,145,132
E00162172,279,143,136
E00162178,284,149,135
E00162187,301,156,145
E00162188,334,179,155
E00162194,257,134,123
E00162167,256,141,115
E00162173,268,148,120
E00162175,264,143,121
E00162176,321,176,145
E00162177,285,161,124
E00162180,256,138,118
E00162169,304,153,151
E00162181,298,152,146
E00162182,335,165,170
E00162183,249,137,112
E00162190,272,138,134
E00162191,331,168,163
E00072728,346,177,169
E00072730,275,136,139
E00072731,283,142,141
E00072733,347,183,164
E00189459,305,157,148
E00189494,333,175,158
E00189514,342,165,177
E00189532,236,156,80
E00072721,297,154,143
E00072722,400,201,199
E00072727,342,174,168
E00072734,395,202,193
E00072736,317,162,155
E00189472,303,162,141
E00189503,276,140,136
E00189571,295,149,146
E00072723,319,157,162
E00072725,305,148,157
E00072726,336,173,163
E00072729,360,175,185
E00072732,377,208,169
E00072737,316,165,151
E00072741,233,134,99
E00072742,313,174,139
E00072743,224,120,104
E00072744,344,189,155
E00072745,352,188,164
E00072746,284,140,144
E00072747,207,106,101
E00072749,493,255,238
E00072750,332,186,146
E00072752,363,192,171
E00072753,420,217,203
E00072738,268,145,123
E00072739,251,135,116
E00072748,306,163,143
E00072751,281,145,136
E00189507,360,189,171
E00189526,226,122,104
E00189489,275,136,139
E00189520,252,128,124
E00189533,328,168,160
E00189562,343,168,175
E00189569,271,135,136
E00072703,306,161,145
E00072712,324,168,156
E00072713,317,160,157
E00072714,335,167,168
E00072715,378,194,184
E00072716,251,132,119
E00072718,250,109,141
E00072719,240,132,108
E00072720,395,204,191
E00072705,398,196,202
E00072706,259,132,127
E00072709,387,196,191
E00072710,282,145,137
E00072704,244,132,112
E00072707,279,144,135
E00072708,264,130,134
E00072711,319,163,156
E00072717,544,267,277
E00072781,227,125,102
E00072782,259,136,123
E00072784,296,164,132
E00072785,243,132,111
E00072786,330,170,160
E00072792,257,138,119
E00072776,285,139,146
E00072778,304,154,150
E00072788,340,176,164
E00072789,282,135,147
E00072790,277,144,133
E00072791,297,140,157
E00072777,292,156,136
E00072779,330,164,166
E00072780,342,172,170
E00072783,387,190,197
E00072787,257,139,118
E00072793,228,116,112
E00072794,341,173,168
E00073106,227,115,112
E00073119,321,164,157
E00073121,287,146,141
E00073122,296,157,139
E00073123,345,171,174
E00073108,275,150,125
E00073109,310,181,129
E00073120,303,157,146
E00073124,305,160,145
E00073113,267,137,130
E00073114,196,98,98
E00073115,328,170,158
E00073117,246,145,101
E00073118,376,195,181
E00073107,275,143,132
E00073110,324,163,161
E00073111,240,138,102
E00073112,340,188,152
E00073116,284,139,145
E00073050,354,180,174
E00073060,292,158,134
E00073066,263,128,135
E00073067,306,171,135
E00073068,329,176,153
E00073052,273,139,134
E00073054,269,158,111
E00073057,245,130,115
E00073059,275,148,127
E00073061,235,110,125
E00073053,264,122,142
E00073055,244,119,125
E00073056,322,163,159
E00073062,232,107,125
E00073069,223,123,100
E00073070,257,118,139
E00073049,293,149,144
E00073051,216,99,117
E00073058,264,135,129
E00073063,154,81,73
E00073064,254,128,126
E00073065,293,153,140
E00072563,191,94,97
E00072568,275,143,132
E00072569,213,86,127
E00072572,141,61,80
E00072573,331,150,181
E00072574,251,103,148
E00072576,180,89,91
E00072578,233,138,95
E00072564,185,97,88
E00072565,312,178,134
E00072567,218,103,115
E00072570,179,96,83
E00072571,171,69,102
E00072575,458,208,250
E00072581,236,123,113
E00072586,198,106,92
E00072566,292,155,137
E00072577,229,114,115
E00072579,188,97,91
E00072580,205,98,107
E00072582,152,68,84
E00072583,217,114,103
E00072584,211,98,113
E00072585,187,102,85
E00072587,201,109,92
E00072795,256,135,121
E00072799,268,142,126
E00072800,219,118,101
E00072802,256,133,123
E00072806,186,84,102
E00072808,148,67,81
E00072797,351,218,133
E00072798,414,223,191
E00072801,347,185,162
E00072803,236,125,111
E00189454,289,143,146
E00189496,239,120,119
E00189548,278,146,132
E00189553,332,169,163
E00072804,161,69,92
E00072805,275,133,142
E00072807,190,110,80
E00072809,234,116,118
E00072810,251,109,142
E00072811,197,84,113
E00072812,219,108,111
E00072871,350,179,171
E00072887,245,131,114
E00072888,398,237,161
E00072889,271,141,130
E00072878,254,127,127
E00072879,407,212,195
E00072881,350,182,168
E00072882,305,162,143
E00072880,356,173,183
E00072883,291,148,143
E00072884,229,115,114
E00072885,380,194,186
E00072886,315,181,134
E00072872,282,170,112
E00072873,254,123,131
E00072874,243,139,104
E00072875,275,146,129
E00072876,222,131,91
E00072877,305,172,133
E00072760,253,129,124
E00072765,323,174,149
E00072766,346,187,159
E00072767,349,196,153
E00072769,325,177,148
E00072770,272,132,140
E00072771,268,134,134
E00072755,165,75,90
E00072756,262,134,128
E00072757,194,97,97
E00072758,637,400,237
E00072759,412,184,228
E00072761,206,103,103
E00072762,267,119,148
E00072763,251,124,127
E00072764,197,108,89
E00072768,382,189,193
E00072772,348,167,181
E00072773,218,101,117
E00072774,166,72,94
E00072775,192,81,111
E00072594,313,159,154
E00072595,301,152,149
E00072597,303,161,142
E00072599,374,187,187
E00072602,320,168,152
E00072593,370,189,181
E00072600,351,181,170
E00072601,253,130,123
E00072607,331,168,163
E00072608,251,137,114
E00072596,324,161,163
E00072609,336,173,163
E00072613,266,134,132
E00189447,369,200,169
E00072598,301,161,140
E00072603,339,182,157
E00072604,372,182,190
E00072605,295,158,137
E00072606,274,145,129
E00072588,279,142,137
E00072589,277,140,137
E00072590,287,143,144
E00072591,256,128,128
E00072592,229,121,108
E00072611,147,79,68
E00072614,333,169,164
E00072615,221,117,104
E00072616,309,157,152
E00072618,600,291,309
E00072620,138,67,71
E00072621,282,155,127
E00072617,196,100,96
E00072619,416,218,198
E00072622,315,159,156
E00072623,234,119,115
E00073030,302,157,145
E00073035,270,135,135
E00073038,346,188,158
E00073042,272,142,130
E00073036,369,198,171
E00073037,288,160,128
E00073039,268,136,132
E00073040,300,156,144
E00073041,286,152,134
E00073031,292,141,151
E00073034,354,175,179
E00073043,364,181,183
E00073046,301,156,145
E00073047,293,146,147
E00073032,325,163,162
E00073033,274,143,131
E00073044,239,130,109
E00073045,267,141,126
E00073048,378,191,187
E00072632,252,130,122
E00072633,527,281,246
E00072640,330,185,145
E00170254,2953,1379,1574
E00170257,152,78,74
E00072634,271,134,137
E00072635,281,137,144
E00072636,380,184,196
E00072637,245,134,111
E00072638,320,163,157
E00073128,426,237,189
E00073134,309,156,153
E00073137,334,136,198
E00073138,319,154,165
E00073125,342,166,176
E00073135,336,175,161
E00073141,288,139,149
E00073142,344,167,177
E00073129,339,169,170
E00073131,311,153,158
E00073136,334,167,167
E00073139,250,134,116
E00073140,240,124,116
E00073126,387,181,206
E00073127,469,220,249
E00073130,337,170,167
E00073132,320,165,155
E00073133,380,189,191
E00073094,353,176,177
E00073097,339,169,170
E00073098,331,164,167
E00073099,374,177,197
E00073100,390,198,192
E00073088,368,204,164
E00073090,323,171,152
E00073092,254,132,122
E00073096,336,163,173
E00073101,420,211,209
E00073102,353,186,167
E00073103,381,218,163
E00073104,381,159,222
E00189458,204,111,93
E00189487,223,115,108
E00189525,248,136,112
E00189554,208,101,107
E00189568,216,104,112
E00189572,171,86,85
E00189584,190,82,108
E00073091,293,151,142
E00073093,314,154,160
E00073095,428,211,217
E00170252,708,460,248
E00170253,258,125,133
E00189515,263,136,127
E00072910,417,183,234
E00072911,406,203,203
E00072912,406,177,229
E00072913,465,254,211
E00072914,324,169,155
E00072915,386,168,218
E00072916,371,200,171
E00072917,278,147,131
E00072918,223,110,113
E00072908,332,167,165
E00072919,273,159,114
E00072920,299,160,139
E00072921,237,122,115
E00072924,294,158,136
E00072907,320,163,157
E00072909,286,148,138
E00072922,375,193,182
E00072923,287,129,158
E00073002,314,158,156
E00073006,285,133,152
E00073008,266,128,138
E00073009,281,157,124
E00073019,206,104,102
E00073010,262,138,124
E00073011,295,158,137
E00073012,305,148,157
E00073013,322,163,159
E00073014,320,155,165
E00073001,309,152,157
E00073004,300,158,142
E00073007,256,131,125
E00073015,298,146,152
E00073016,249,129,120
E00073003,274,143,131
E00073005,374,200,174
E00073017,298,168,130
E00073018,432,219,213
E00072689,207,105,102
E00072690,315,157,158
E00072691,425,222,203
E00072692,367,184,183
E00072693,388,205,183
E00072685,323,162,161
E00072686,278,139,139
E00072687,168,84,84
E00072688,331,175,156
E00072988,303,165,138
E00072992,336,164,172
E00072994,244,118,126
E00072995,228,120,108
E00072996,301,156,145
E00072989,349,174,175
E00072990,352,179,173
E00072991,301,164,137
E00072997,351,178,173
E00072993,349,172,177
E00072998,358,187,171
E00072999,331,181,150
E00073000,330,172,158
E00073024,192,95,97
E00073025,390,193,197
E00073026,253,127,126
E00073027,331,169,162
E00073028,342,189,153
E00073020,217,119,98
E00073021,242,126,116
E00073022,130,70,60
E00073023,284,152,132
E00073029,258,123,135
E00072814,339,164,175
E00072817,290,149,141
E00072818,302,154,148
E00072827,355,186,169
E00072828,349,185,164
E00072829,322,160,162
E00072822,298,152,146
E00072823,219,106,113
E00072824,388,215,173
E00072825,284,144,140
E00072826,556,296,260
E00072813,332,166,166
E00072815,283,144,139
E00072816,321,164,157
E00072819,318,155,163
E00072820,301,147,154
E00072821,288,145,143
E00072682,332,167,165
E00072683,268,137,131
E00072684,278,138,140
E00189471,284,134,150
E00189529,251,128,123
E00189595,266,135,131
E00072666,247,129,118
E00072668,206,100,106
E00072672,259,138,121
E00072676,320,169,151
E00072677,260,143,117
E00072667,267,140,127
E00072669,278,139,139
E00072680,262,139,123
E00072681,377,192,185
E00189475,404,222,182
E00189483,362,192,170
E00072671,196,98,98
E00072673,302,149,153
E00072674,293,143,150
E00072675,255,146,109
E00072678,365,196,169
E00072891,323,173,150
E00072892,308,172,136
E00072894,260,137,123
E00072906,333,183,150
E00072895,273,140,133
E00072896,342,176,166
E00072897,379,181,198
E00072898,395,186,209
E00072890,336,183,153
E00072899,332,171,161
E00072900,326,165,161
E00072901,369,191,178
E00072902,266,126,140
E00072903,300,153,147
E00072904,291,136,155
E00072905,344,184,160
E00170250,329,180,149
E00170251,219,124,95
E00170256,195,104,91
E00072657,125,59,66
E00072658,138,65,73
E00072660,417,212,205
E00072664,405,209,196
E00072665,376,190,186
E00072659,328,156,172
E00072661,277,137,140
E00072662,301,148,153
E00072663,307,154,153
E00072830,347,168,179
E00072831,330,156,174
E00072832,357,197,160
E00072833,483,250,233
E00072963,269,141,128
E00072964,272,125,147
E00072965,313,152,161
E00072966,346,174,172
E00072967,308,141,167
E00072968,372,191,181
E00072970,375,190,185
E00189482,274,137,137
E00189484,330,159,171
E00189549,333,171,162
E00072641,283,155,128
E00072642,426,212,214
E00072643,269,144,125
E00072644,270,138,132
E00072645,467,229,238
E00072646,363,190,173
E00072647,209,106,103
E00072648,233,114,119
E00072649,302,159,143
E00072650,253,136,117
E00072651,228,117,111
E00072656,365,182,183
E00072652,608,292,316
E00072653,508,266,242
E00072654,199,96,103
E00072655,308,157,151
E00072834,368,186,182
E00072835,300,147,153
E00072836,284,152,132
E00072837,530,270,260
E00072945,276,146,130
E00072946,274,159,115
E00072949,294,160,134
E00072956,321,163,158
E00072959,218,116,102
E00072960,281,146,135
E00072948,550,286,264
E00072955,172,91,81
E00072957,311,156,155
E00072958,301,142,159
E00072961,291,152,139
E00072942,259,122,137
E00072943,521,270,251
E00072950,359,177,182
E00072953,215,101,114
E00072962,319,175,144
E00072944,386,178,208
E00072947,235,128,107
E00072951,444,230,214
E00072952,381,194,187
E00072954,265,137,128
E00072626,150,79,71
E00072627,248,129,119
E00072628,290,148,142
E00072629,321,160,161
E00072624,322,155,167
E00072625,380,186,194
E00072630,1369,828,541
E00072631,250,120,130
E00072698,322,170,152
E00072700,373,195,178
E00072701,324,161,163
E00072702,327,169,158
E00072694,327,163,164
E00072695,221,112,109
E00072696,358,191,167
E00072697,312,156,156
E00072699,529,270,259
E00072932,309,160,149
E00072933,226,122,104
E00072934,331,178,153
E00072936,283,146,137
E00072937,415,236,179
E00072938,262,135,127
E00072926,458,226,232
E00072927,546,257,289
E00072930,326,155,171
E00072940,301,149,152
E00189474,293,140,153
E00189590,351,171,180
E00189601,304,157,147
E00072925,309,155,154
E00072931,377,190,187
E00072935,283,148,135
E00072941,294,159,135
E00189502,273,140,133
E00189516,282,155,127
E00189545,280,151,129
E00072971,306,156,150
E00072972,210,109,101
E00072975,366,178,188
E00072981,279,148,131
E00072987,317,162,155
E00072973,338,167,171
E00072974,383,191,192
E00072977,327,177,150
E00072978,417,210,207
E00072976,313,164,149
E00072980,309,153,156
E00072982,483,242,241
E00072984,363,178,185
E00072983,316,168,148
E00072985,430,220,210
E00072986,408,207,201
E00189527,249,118,131
E00189597,340,185,155
E00072840,284,155,129
E00072842,384,184,200
E00072845,290,159,131
E00072847,249,115,134
E00072848,280,148,132
E00072838,507,264,243
E00072839,365,183,182
E00072841,365,179,186
E00072851,285,151,134
E00072844,325,162,163
E00072849,292,153,139
E00072850,289,140,149
E00189449,284,149,135
E00189450,205,99,106
E00189614,318,160,158
E00072846,351,183,168
E00072852,371,178,193
E00072853,347,184,163
E00072854,430,208,222
E00073075,251,141,110
E00073076,327,161,166
E00073077,343,170,173
E00073081,461,230,231
E00073071,314,161,153
E00073080,297,147,150
E00073084,330,164,166
E00189468,327,179,148
E00189591,442,232,210
E00073072,315,158,157
E00073073,319,155,164
E00073074,273,135,138
E00073078,317,162,155
E00073087,348,173,175
E00073079,386,189,197
E00073085,320,162,158
E00073086,400,210,190
E00189535,369,179,190
E00189589,404,210,194
E00072858,287,159,128
E00072859,328,156,172
E00072861,479,243,236
E00072862,263,133,130
E00189492,328,162,166
E00189603,496,264,232
E00072857,589,298,291
E00072860,307,156,151
E00072865,400,197,203
E00072867,390,201,189
E00072868,353,180,173
E00072870,302,158,144
E00072855,247,141,106
E00072856,349,164,185
E00072864,233,110,123
E00072866,333,162,171
E00072869,299,152,147
E00073752,555,284,271
E00073768,384,199,185
E00073771,324,160,164
E00073777,265,139,126
E00073778,329,168,161
E00073755,293,145,148
E00073765,290,156,134
E00073766,360,191,169
E00073769,292,151,141
E00073773,310,151,159
E00073775,423,215,208
E00073746,260,131,129
E00073767,401,199,202
E00073770,280,152,128
E00073772,333,169,164
E00073774,422,207,215
E00174259,333,163,170
E00174313,193,93,100
E00174315,387,193,194
E00073750,297,149,148
E00073751,330,159,171
E00073754,391,208,183
E00073756,161,68,93
E00073764,382,198,184
E00073776,275,138,137
E00073747,292,140,152
E00073748,607,325,282
E00073749,287,148,139
E00073757,275,144,131
E00073762,264,133,131
E00073779,260,130,130
E00073758,422,228,194
E00073759,372,193,179
E00073760,318,138,180
E00073761,400,217,183
E00073763,320,174,146
E00074215,431,222,209
E00074219,418,206,212
E00074220,445,223,222
E00074221,348,167,181
E00074222,249,132,117
E00074193,382,211,171
E00074203,205,108,97
E00074210,412,215,197
E00074211,369,193,176
E00074218,279,126,153
E00074198,348,172,176
E00074199,391,199,192
E00074201,506,256,250
E00074206,351,180,171
E00178062,364,173,191
E00178113,298,146,152
E00074194,215,118,97
E00074208,356,173,183
E00074212,354,195,159
E00074213,434,243,191
E00074216,308,155,153
E00074217,340,169,171
E00074204,492,249,243
E00074207,385,190,195
E00074209,453,209,244
E00074214,418,193,225
E00074195,285,143,142
E00074223,277,141,136
E00074224,238,122,116
E00074225,308,162,146
E00074226,285,148,137
E00074197,274,143,131
E00074200,357,181,176
E00074202,433,207,226
E00074205,335,167,168
E00074227,322,154,168
E00073185,356,181,175
E00073187,370,175,195
E00073192,279,147,132
E00073216,367,201,166
E00073220,366,178,188
E00073215,322,176,146
E00073219,356,195,161
E00073221,293,149,144
E00073222,403,205,198
E00073223,326,161,165
E00073943,363,171,192
E00073947,305,150,155
E00073949,244,143,101
E00073950,343,185,158
E00073951,277,142,135
E00073954,276,146,130
E00073938,281,153,128
E00073942,340,180,160
E00073944,294,160,134
E00073946,375,188,187
E00073948,293,151,142
E00073937,354,181,173
E00073939,384,181,203
E00073940,231,122,109
E00073941,362,181,181
E00073945,342,164,178
E00073895,299,150,149
E00073918,338,161,177
E00073921,256,124,132
E00073922,336,163,173
E00073899,380,189,191
E00073923,361,167,194
E00073927,351,166,185
E00073928,378,175,203
E00178065,212,115,97
E00178071,227,129,98
E00178098,295,139,156
E00073898,393,195,198
E00073900,360,179,181
E00073906,339,175,164
E00073907,363,186,177
E00073926,416,199,217
E00073908,314,149,165
E00073909,291,168,123
E00073910,270,146,124
E00073913,356,172,184
E00073916,332,177,155
E00073896,348,171,177
E00073919,407,195,212
E00174237,329,159,170
E00174246,268,134,134
E00174306,299,168,131
E00174328,258,111,147
E00174329,327,166,161
E00073897,332,146,186
E00073901,403,178,225
E00073902,314,154,160
E00073904,418,202,216
E00073925,389,173,216
E00074060,433,214,219
E00074061,407,199,208
E00074062,350,151,199
E00074066,321,154,167
E00174226,324,150,174
E00174228,342,194,148
E00074045,333,159,174
E00074046,492,245,247
E00074063,338,169,169
E00074067,289,146,143
E00074069,320,169,151
E00073818,343,174,169
E00073836,204,113,91
E00073837,310,172,138
E00073847,317,181,136
E00073849,376,200,176
E00074346,243,124,119
E00074349,307,156,151
E00074353,304,151,153
E00074354,298,154,144
E00074355,296,139,157
E00074340,356,178,178
E00074341,335,174,161
E00074343,235,134,101
E00074344,229,118,111
E00074348,207,114,93
E00074351,276,140,136
E00074336,351,203,148
E00074339,316,174,142
E00074342,377,206,171
E00074350,308,174,134
E00074352,323,168,155
E00073930,301,157,144
E00073952,244,136,108
E00073955,358,182,176
E00073958,321,163,158
E00073960,297,146,151
E00073929,286,150,136
E00073953,259,138,121
E00073956,314,160,154
E00073957,291,142,149
E00073959,373,194,179
E00073931,289,160,129
E00073932,320,178,142
E00073933,245,114,131
E00073935,336,176,160
E00073936,275,129,146
E00073934,271,140,131
E00073961,350,175,175
E00073962,312,163,149
E00073963,381,196,185
E00073964,388,191,197
E00073191,282,156,126
E00073194,321,176,145
E00073196,233,118,115
E00073197,376,181,195
E00073198,208,99,109
E00073208,249,137,112
E00073184,336,170,166
E00073195,343,177,166
E00073199,293,139,154
E00073200,290,154,136
E00073202,334,173,161
E00073193,348,174,174
E00073201,261,133,128
E00073204,296,155,141
E00073207,298,158,140
E00073210,374,184,190
E00073183,320,154,166
E00073203,295,147,148
E00073205,397,189,208
E00073206,454,227,227
E00073209,293,161,132
E00073211,500,244,256
E00073212,394,165,229
E00073213,346,152,194
E00073217,321,152,169
E00073218,385,198,187
E00073186,293,151,142
E00073188,279,142,137
E00073189,308,152,156
E00073190,418,228,190
E00073214,406,196,210
E00074347,333,170,163
E00074356,317,167,150
E00074357,329,170,159
E00074358,347,182,165
E00074361,373,186,187
E00074338,320,167,153
E00074345,267,151,116
E00074359,266,142,124
E00074360,343,172,171
E00074362,364,180,184
E00074327,178,124,54
E00074329,340,175,165
E00074330,367,211,156
E00074331,463,288,175
E00074332,344,157,187
E00074328,282,143,139
E00074333,387,205,182
E00074334,269,132,137
E00074335,315,158,157
E00074337,271,145,126
E00073272,358,183,175
E00073292,548,253,295
E00073293,403,198,205
E00073294,441,211,230
E00073299,379,189,190
E00073892,320,148,172
E00073905,586,283,303
E00073911,312,158,154
E00073912,407,215,192
E00073914,369,190,179
E00073893,385,205,180
E00073894,392,191,201
E00073915,504,205,299
E00073917,364,219,145
E00074048,330,185,145
E00074072,394,187,207
E00074073,344,162,182
E00074075,319,143,176
E00074078,338,167,171
E00073839,343,170,173
E00073845,338,179,159
E00073846,285,148,137
E00073848,334,162,172
E00073851,271,132,139
E00073833,352,177,175
E00073840,349,168,181
E00073842,351,185,166
E00073843,355,169,186
E00073834,282,154,128
E00073835,324,164,160
E00073838,344,174,170
E00073841,323,173,150
E00073844,350,184,166
E00073819,281,148,133
E00073822,436,233,203
E00073823,250,143,107
E00073825,368,180,188
E00073850,309,157,152
E00073600,465,228,237
E00073622,314,188,126
E00073624,262,136,126
E00073626,304,141,163
E00073629,379,194,185
E00073617,260,136,124
E00073618,316,161,155
E00073619,390,183,207
E00073620,317,157,160
E00073621,368,179,189
E00073679,196,109,87
E00073695,321,162,159
E00073701,237,123,114
E00073702,290,156,134
E00073703,255,129,126
E00073704,251,119,132
E00073673,244,124,120
E00073676,455,233,222
E00073681,516,337,179
E00073700,259,139,120
E00073707,274,121,153
E00073672,372,189,183
E00073690,370,199,171
E00073693,466,228,238
E00174283,331,175,156
E00174323,215,74,141
E00178092,443,226,217
E00178094,149,64,85
E00073677,348,182,166
E00073678,285,139,146
E00073680,289,155,134
E00073688,334,176,158
E00073706,379,190,189
E00073684,322,144,178
E00073696,320,165,155
E00073698,470,255,215
E00073699,343,149,194
E00178068,163,75,88
E00178107,204,109,95
E00178108,538,308,230
E00073675,258,125,133
E00073682,359,186,173
E00073689,317,150,167
E00073692,411,206,205
E00073705,294,144,150
E00073708,303,174,129
E00073674,326,170,156
E00073683,399,196,203
E00073685,320,164,156
E00073691,337,179,158
E00073697,344,169,175
E00074064,309,163,146
E00074065,296,159,137
E00074068,234,100,134
E00074070,325,163,162
E00178057,495,261,234
E00178095,173,90,83
E00178102,394,195,199
E00074047,337,164,173
E00074071,180,93,87
E00074074,343,193,150
E00074076,324,177,147
E00074077,394,205,189
E00074049,357,183,174
E00074050,216,104,112
E00074051,395,192,203
E00074052,326,162,164
E00074054,426,203,223
E00074053,400,209,191
E00074055,533,250,283
E00074056,371,188,183
E00074057,436,206,230
E00074058,460,237,223
E00074304,266,136,130
E00074309,320,160,160
E00074310,270,150,120
E00074311,198,100,98
E00074312,222,108,114
E00074314,274,127,147
E00074315,277,156,121
E00074316,305,157,148
E00178077,117,58,59
E00178106,616,294,322
E00074317,341,168,173
E00074318,288,152,136
E00074319,342,187,155
E00074320,354,188,166
E00074301,338,179,159
E00074302,377,203,174
E00074323,321,156,165
E00074325,242,125,117
E00074303,223,113,110
E00074306,265,147,118
E00074308,275,141,134
E00074321,314,152,162
E00074326,249,130,119
E00074307,343,172,171
E00074322,374,196,178
E00074324,300,143,157
E00174331,120,60,60
E00178063,158,93,65
E00178064,2164,1102,1062
E00073268,424,215,209
E00073270,396,200,196
E00073273,282,145,137
E00073281,426,198,228
E00073297,364,181,183
E00073264,362,186,176
E00073276,324,138,186
E00073285,375,191,184
E00178074,378,203,175
E00178103,242,93,149
E00073263,403,208,195
E00073269,401,202,199
E00174281,283,134,149
E00174332,294,142,152
E00174333,258,144,114
E00178052,278,128,150
E00178053,441,209,232
E00178100,246,124,122
E00073277,330,171,159
E00073282,423,204,219
E00073283,344,181,163
E00073286,338,189,149
E00073284,204,111,93
E00073288,320,162,158
E00073289,367,189,178
E00073290,318,169,149
E00073291,338,163,175
E00073267,279,147,132
E00073278,393,195,198
E00073280,360,190,170
E00073287,293,152,141
E00073295,338,167,171
E00073266,328,164,164
E00073271,481,255,226
E00073274,599,171,428
E00073296,314,163,151
E00073298,414,195,219
E00073300,271,139,132
E00073820,274,148,126
E00073824,327,174,153
E00073826,333,174,159
E00073828,273,134,139
E00073829,258,133,125
E00073821,236,128,108
E00073827,390,197,193
E00073830,351,172,179
E00073831,304,152,152
E00073832,276,143,133
E00074093,424,213,211
E00074094,358,190,168
E00074097,374,199,175
E00074098,321,159,162
E00074109,450,217,233
E00074095,378,192,186
E00074096,346,173,173
E00074099,288,152,136
E00074100,351,176,175
E00074103,345,179,166
E00074081,497,270,227
E00074101,325,168,157
E00074105,393,185,208
E00074107,240,127,113
E00074110,309,157,152
E00074112,350,160,190
E00073856,331,162,169
E00073858,314,154,160
E00073880,390,210,180
E00073885,326,158,168
E00073888,386,207,179
E00073872,377,174,203
E00073873,391,205,186
E00073874,401,211,190
E00073879,416,202,214
E00073870,377,196,181
E00073871,320,169,151
E00073876,374,201,173
E00073878,297,145,152
E00073883,383,204,179
E00073890,348,172,176
E00073866,337,180,157
E00073867,309,161,148
E00073868,294,147,147
E00073869,324,178,146
E00073627,430,235,195
E00073630,458,194,264
E00073632,407,191,216
E00073633,260,116,144
E00073634,490,220,270
E00073598,360,174,186
E00073601,283,149,134
E00073602,338,159,179
E00073625,355,181,174
E00073631,332,162,170
E00073635,355,178,177
E00073604,396,191,205
E00073608,313,158,155
E00073609,319,155,164
E00073623,357,182,175
E00073628,226,108,118
E00073599,243,122,121
E00073606,400,191,209
E00073613,303,168,135
E00073614,568,280,288
E00073615,395,193,202
E00073616,337,162,175
E00073159,338,172,166
E00073162,393,174,219
E00073163,342,174,168
E00073165,341,170,171
E00073170,576,274,302
E00073152,408,192,216
E00073153,515,269,246
E00073154,379,193,186
E00073155,363,183,180
E00073157,409,200,209
E00074102,291,135,156
E00074104,332,165,167
E00074106,329,162,167
E00074113,305,159,146
E00074114,346,193,153
E00074083,330,163,167
E00074084,269,140,129
E00074086,280,129,151
E00074087,370,193,177
E00074089,344,180,164
E00074079,330,155,175
E00074080,296,144,152
E00074082,286,137,149
E00074090,316,148,168
E00074091,284,138,146
E00074085,255,134,121
E00074088,554,265,289
E00074092,248,134,114
E00074108,368,184,184
E00074111,284,138,146
E00073853,337,175,162
E00073877,376,185,191
E00073886,343,161,182
E00073889,312,157,155
E00073891,384,176,208
E00073852,321,160,161
E00073854,315,154,161
E00073875,399,206,193
E00073881,408,192,216
E00073882,342,173,169
E00073855,247,115,132
E00073859,582,284,298
E00073860,178,94,84
E00073884,295,136,159
E00073887,437,203,234
E00174280,272,149,123
E00174320,314,163,151
E00174327,387,201,186
E00073857,404,213,191
E00073861,379,180,199
E00073862,548,264,284
E00073864,526,266,260
E00073865,339,174,165
E00073521,346,169,177
E00073530,352,179,173
E00073554,287,131,156
E00073557,368,195,173
E00073558,330,178,152
E00073526,320,167,153
E00073527,327,161,166
E00073528,329,171,158
E00073529,315,145,170
E00073555,264,136,128
E00073556,256,137,119
E00073522,319,163,156
E00073531,342,167,175
E00073532,539,295,244
E00073533,304,165,139
E00073535,220,115,105
E00073540,210,97,113
E00073523,251,113,138
E00073524,296,152,144
E00073534,285,151,134
E00073539,209,105,104
E00073542,293,150,143
E00073543,324,175,149
E00073541,328,175,153
E00073544,281,131,150
E00073546,413,240,173
E00073550,336,188,148
E00073551,337,200,137
E00073416,302,147,155
E00073426,371,190,181
E00073440,275,130,145
E00073442,411,196,215
E00073443,273,151,122
E00073444,240,117,123
E00073536,217,97,120
E00073537,353,163,190
E00073538,267,144,123
E00073547,263,133,130
E00073552,297,165,132
E00073553,273,148,125
E00073520,322,169,153
E00073525,330,168,162
E00073545,404,186,218
E00073548,439,231,208
E00073549,295,142,153
E00073424,280,136,144
E00174043,402,196,206
E00174243,319,159,160
E00178044,620,290,330
E00178045,352,168,184
E00073414,324,135,189
E00073419,302,143,159
E00073422,240,107,133
E00073439,262,127,135
E00073441,254,99,155
E00073487,289,153,136
E00073513,294,141,153
E00073516,360,191,169
E00073517,274,136,138
E00073518,241,134,107
E00073519,346,186,160
E00073509,307,154,153
E00073510,291,152,139
E00073511,262,118,144
E00073512,336,169,167
E00073514,358,187,171
E00073515,296,153,143
E00073500,425,222,203
E00073502,379,174,205
E00073504,345,167,178
E00073505,219,119,100
E00073506,291,163,128
E00073508,252,137,115
E00073486,381,191,190
E00073488,276,144,132
E00073489,228,113,115
E00073490,279,134,145
E00073491,330,178,152
E00073492,295,152,143
E00073484,266,134,132
E00073497,273,123,150
E00073498,244,130,114
E00073499,238,112,126
E00073501,350,181,169
E00073503,253,117,136
E00073507,167,96,71
E00074118,308,161,147
E00074119,399,199,200
E00074147,400,189,211
E00074149,470,252,218
E00074153,289,142,147
E00074115,387,185,202
E00074146,383,208,175
E00074148,312,152,160
E00074150,264,149,115
E00074151,360,186,174
E00074116,453,208,245
E00074117,302,144,158
E00074120,388,192,196
E00074121,362,188,174
E00074152,285,144,141
E00074122,220,110,110
E00074123,374,184,190
E00074124,328,170,158
E00074125,333,175,158
E00074129,324,173,151
E00074170,393,196,197
E00074172,336,173,163
E00074173,325,167,158
E00074179,368,188,180
E00074184,308,162,146
E00074155,357,183,174
E00074156,336,164,172
E00074176,309,144,165
E00074182,251,121,130
E00074183,283,138,145
E00074190,344,161,183
E00074159,393,210,183
E00074162,316,157,159
E00074163,312,163,149
E00074165,392,204,188
E00074167,289,147,142
E00074154,370,191,179
E00074160,341,175,166
E00074161,480,255,225
E00074164,308,161,147
E00074166,395,192,203
E00074157,309,153,156
E00074158,324,157,167
E00074171,299,166,133
E00074177,260,127,133
E00074180,401,196,205
E00073560,317,146,171
E00073579,253,135,118
E00073581,322,159,163
E00073582,336,171,165
E00073585,350,162,188
E00073588,184,79,105
E00073580,413,192,221
E00073583,306,156,150
E00073586,285,142,143
E00073587,317,134,183
E00073589,135,67,68
E00073591,246,114,132
E00073590,459,230,229
E00073592,287,151,136
E00073593,274,128,146
E00073594,305,151,154
E00073595,304,140,164
E00073596,309,132,177
E00074168,284,156,128
E00074169,322,166,156
E00074175,422,216,206
E00074178,328,161,167
E00074181,381,202,179
E00074187,291,155,136
E00178067,205,107,98
E00178091,293,159,134
E00074174,416,204,212
E00074185,274,143,131
E00074186,348,186,162
E00074188,233,123,110
E00074189,273,137,136
E00074191,396,199,197
E00073472,268,134,134
E00073477,269,137,132
E00073480,286,148,138
E00174220,132,59,73
E00174275,182,87,95
E00073473,451,194,257
E00073474,177,92,85
E00073476,274,134,140
E00073478,235,117,118
E00073479,253,130,123
E00073481,480,230,250
E00073449,207,89,118
E00073452,279,136,143
E00073453,315,160,155
E00073482,396,227,169
E00073483,349,176,173
E00073450,272,134,138
E00073451,278,133,145
E00073454,331,157,174
E00073456,274,139,135
E00073457,220,110,110
E00073458,285,164,121
E00074131,363,179,184
E00074133,280,141,139
E00074136,317,165,152
E00074137,272,128,144
E00074139,331,156,175
E00074126,375,186,189
E00074127,289,154,135
E00074128,320,148,172
E00074132,319,163,156
E00074135,375,173,202
E00074130,355,180,175
E00074134,305,152,153
E00074138,290,145,145
E00074140,252,119,133
E00074143,387,196,191
E00074141,338,173,165
E00074142,333,163,170
E00074144,320,162,158
E00074145,311,164,147
E00073447,260,142,118
E00073455,322,169,153
E00073462,395,204,191
E00073463,203,98,105
E00073467,277,139,138
E00073471,199,78,121
E00073461,211,92,119
E00073465,350,179,171
E00165771,465,256,209
E00165772,138,71,67
E00073448,297,152,145
E00073464,556,308,248
E00073466,425,192,233
E00073468,342,181,161
E00073469,234,112,122
E00073470,362,178,184
E00073485,232,134,98
E00073493,340,183,157
E00073494,358,179,179
E00073495,433,244,189
E00073496,524,265,259
E00073344,247,132,115
E00073346,351,172,179
E00073348,272,152,120
E00073350,361,195,166
E00073353,359,163,196
E00073345,173,90,83
E00073349,336,169,167
E00073351,366,180,186
E00073352,276,151,125
E00073354,339,183,156
E00073340,251,118,133
E00073341,292,145,147
E00073347,187,90,97
E00073355,362,189,173
E00073356,389,189,200
E00073397,276,140,136
E00073400,315,173,142
E00073402,270,133,137
E00073403,307,154,153
E00073404,290,144,146
E00178069,415,200,215
E00178082,264,130,134
E00073378,281,135,146
E00073393,294,150,144
E00073398,283,147,136
E00073399,319,178,141
E00073401,297,156,141
E00073390,342,169,173
E00073391,324,160,164
E00073392,384,188,196
E00073394,446,236,210
E00073395,328,168,160
E00074232,202,100,102
E00074240,405,188,217
E00074247,402,192,210
E00074254,268,125,143
E00074255,173,80,93
E00178061,365,177,188
E00178099,266,132,134
E00074241,400,206,194
E00074245,315,149,166
E00074246,337,172,165
E00074251,327,176,151
E00074258,480,246,234
E00074234,280,150,130
E00074243,339,173,166
E00074244,373,186,187
E00074248,334,170,164
E00074252,292,138,154
E00074257,345,180,165
E00074228,293,151,142
E00074233,258,151,107
E00074238,325,165,160
E00074250,329,165,164
E00074264,442,236,206
E00074253,313,144,169
E00074256,313,149,164
E00074260,340,179,161
E00074261,360,185,175
E00074262,354,173,181
E00074230,431,217,214
E00074231,311,143,168
E00074237,426,209,217
E00074263,359,176,183
E00074265,366,165,201
E00074413,341,159,182
E00074414,271,134,137
E00074418,236,107,129
E00074422,279,125,154
E00074424,239,113,126
E00074427,302,147,155
E00074415,312,161,151
E00074416,343,167,176
E00074417,303,143,160
E00074419,288,156,132
E00074420,359,173,186
E00074421,287,142,145
E00074423,339,168,171
E00074426,287,139,148
E00074430,336,162,174
E00074431,491,237,254
E00074428,319,171,148
E00074429,354,178,176
E00074435,315,156,159
E00074436,401,190,211
E00074438,428,216,212
E00073338,273,134,139
E00073357,332,170,162
E00073361,335,139,196
E00073362,425,220,205
E00073367,304,147,157
E00073358,344,173,171
E00073359,333,161,172
E00073360,275,135,140
E00073363,342,168,174
E00073365,324,173,151
E00073366,397,197,200
E00073368,305,161,144
E00073373,283,142,141
E00073374,344,173,171
E00073375,330,170,160
E00073342,414,203,211
E00073364,313,147,166
E00073369,328,172,156
E00073372,282,149,133
E00073376,268,135,133
E00073339,294,147,147
E00073343,379,188,191
E00073370,223,109,114
E00073371,191,95,96
E00073377,288,145,143
E00073250,494,248,246
E00073251,370,177,193
E00073254,327,158,169
E00073256,366,190,176
E00073260,308,147,161
E00073240,402,200,202
E00073242,256,114,142
E00073252,330,156,174
E00073255,429,218,211
E00073258,401,206,195
E00073262,240,118,122
E00074229,285,113,172
E00174257,369,170,199
E00174263,169,71,98
E00174302,145,69,76
E00174317,124,62,62
E00178085,108,46,62
E00178117,482,215,267
E00074235,267,134,133
E00074236,338,179,159
E00074259,232,123,109
E00174276,247,106,141
E00174303,199,95,104
E00174304,216,107,109
E00073225,410,199,211
E00174278,408,172,236
E00174292,283,135,148
E00174314,198,128,70
E00073226,244,120,124
E00073228,351,178,173
E00073239,471,207,264
E00174286,261,128,133
E00174291,328,140,188
E00174318,122,64,58
E00074408,454,220,234
E00074411,555,275,280
E00074412,327,169,158
E00174229,508,273,235
E00074402,380,177,203
E00074403,411,210,201
E00074432,348,178,170
E00074434,318,168,150
E00074437,374,169,205
E00074399,365,185,180
E00074401,438,222,216
E00074425,288,149,139
E00074433,364,172,192
E00074439,254,132,122
E00074400,516,260,256
E00074404,370,182,188
E00074405,387,197,190
E00074406,440,235,205
E00074407,491,238,253
E00073245,365,185,180
E00073249,252,130,122
E00073253,523,282,241
E00073257,391,195,196
E00073259,260,133,127
E00073261,343,186,157
E00073224,307,155,152
E00073231,440,253,187
E00073236,284,129,155
E00073241,276,142,134
E00073248,305,153,152
E00073227,260,127,133
E00073230,349,184,165
E00073232,310,176,134
E00073234,298,155,143
E00073237,323,158,165
E00073238,295,156,139
E00073229,314,156,158
E00073233,312,153,159
E00073243,359,189,170
E00073246,329,163,166
E00073247,328,170,158
E00073982,290,142,148
E00073990,369,194,175
E00073991,415,213,202
E00073996,339,166,173
E00073997,226,121,105
E00073985,318,164,154
E00073987,356,175,181
E00073989,399,200,199
E00073992,341,167,174
E00073994,351,172,179
E00073967,323,170,153
E00073968,336,160,176
E00073972,351,177,174
E00073973,393,189,204
E00073976,304,155,149
E00073969,313,149,164
E00073970,341,165,176
E00073971,355,186,169
E00073974,452,220,232
E00073975,311,157,154
E00073977,408,204,204
E00073978,333,157,176
E00073979,303,155,148
E00073984,398,208,190
E00073986,317,162,155
E00073406,294,136,158
E00073407,343,180,163
E00073409,291,132,159
E00073412,389,206,183
E00073413,298,150,148
E00073389,330,151,179
E00073405,356,168,188
E00073408,362,187,175
E00073410,296,146,150
E00073411,333,170,163
E00073380,387,192,195
E00073381,429,218,211
E00073382,392,202,190
E00073384,478,263,215
E00073388,318,157,161
E00073379,364,188,176
E00073383,271,137,134
E00073385,360,182,178
E00073386,380,207,173
E00073387,236,126,110
E00073638,357,177,180
E00073666,395,194,201
E00073667,516,282,234
E00073668,319,164,155
E00073669,275,151,124
E00073652,330,178,152
E00073654,351,186,165
E00073655,446,227,219
E00178104,324,177,147
E00178118,335,168,167
E00073641,389,205,184
E00073645,384,201,183
E00073646,565,300,265
E00073648,420,226,194
E00073670,239,125,114
E00073965,332,166,166
E00073966,300,154,146
E00073993,367,196,171
E00073998,414,215,199
E00073999,393,203,190
E00073980,330,162,168
E00073981,316,167,149
E00073983,369,177,192
E00073988,327,170,157
E00073995,337,160,177
E00073639,363,177,186
E00073647,380,210,170
E00073651,429,203,226
E00073656,389,189,200
E00073660,397,215,182
E00073662,339,184,155
E00073663,321,172,149
E00073664,203,101,102
E00073665,313,163,150
E00073636,393,211,182
E00073650,370,193,177
E00073653,214,102,112
E00073658,323,163,160
E00073659,334,187,147
E00073637,364,168,196
E00073642,377,199,178
E00073649,356,193,163
E00073657,306,148,158
E00073640,354,190,164
E00073643,408,213,195
E00073644,388,194,194
E00073671,368,191,177
E00073319,455,217,238
E00073320,366,169,197
E00073321,308,149,159
E00073323,275,145,130
E00073325,376,192,184
E00073324,375,199,176
E00073326,300,154,146
E00073327,356,191,165
E00073328,360,187,173
E00073322,323,176,147
E00073329,300,162,138
E00073331,442,219,223
E00073332,298,151,147
E00073333,292,153,139
E00073301,376,198,178
E00073330,392,199,193
E00073334,322,167,155
E00073336,308,158,150
E00073783,364,179,185
E00073784,552,296,256
E00073790,433,245,188
E00073798,326,177,149
E00073786,459,245,214
E00073789,330,167,163
E00073791,250,133,117
E00073792,420,226,194
E00073795,349,178,171
E00073782,409,189,220
E00073785,375,209,166
E00073787,383,192,191
E00073812,302,160,142
E00073817,385,197,188
E00073794,341,167,174
E00073796,268,127,141
E00073799,380,192,188
E00073800,255,133,122
E00073802,320,174,146
E00073780,214,104,110
E00073781,335,167,168
E00073811,343,180,163
E00073813,305,149,156
E00073814,370,194,176
E00073788,337,179,158
E00073793,359,168,191
E00073815,423,212,211
E00073816,275,138,137
E00073715,410,206,204
E00073716,278,160,118
E00073717,320,171,149
E00073744,370,194,176
E00073745,344,203,141
E00073734,254,128,126
E00073735,306,149,157
E00073738,334,171,163
E00073741,273,138,135
E00178070,274,140,134
E00178084,555,245,310
E00178110,206,106,100
E00073711,413,207,206
E00073736,272,130,142
E00073737,317,163,154
E00073740,311,159,152
E00073713,399,241,158
E00073719,398,208,190
E00073739,365,185,180
E00073743,339,171,168
E00074267,277,140,137
E00074270,317,172,145
E00074281,265,130,135
E00074282,336,182,154
E00074289,286,148,138
E00074273,332,174,158
E00074274,268,148,120
E00074276,382,195,187
E00074286,247,129,118
E00074298,267,144,123
E00074268,346,163,183
E00074272,266,143,123
E00074277,335,172,163
E00074279,477,237,240
E00074288,431,230,201
E00074269,287,139,148
E00074278,297,144,153
E00074280,268,132,136
E00074283,312,159,153
E00074284,201,109,92
E00074271,292,153,139
E00074287,290,149,141
E00074290,292,161,131
E00074291,245,123,122
E00074294,240,130,110
E00074266,285,140,145
E00074285,297,150,147
E00074292,303,152,151
E00074293,360,176,184
E00074295,384,201,183
E00074275,428,229,199
E00074296,338,172,166
E00074297,445,228,217
E00074299,296,160,136
E00074300,392,205,187
E00073306,266,125,141
E00073307,286,151,135
E00073308,333,166,167
E00073309,292,150,142
E00073310,369,196,173
E00073304,315,170,145
E00073311,310,164,146
E00073312,367,198,169
E00073314,286,150,136
E00073315,198,87,111
E00073313,383,209,174
E00073316,324,175,149
E00073317,288,156,132
E00073318,376,200,176
E00073302,370,188,182
E00073303,426,214,212
E00073305,303,156,147
E00073335,438,225,213
E00073337,337,186,151
E00073712,352,204,148
E00073714,293,139,154
E00073720,390,195,195
E00073724,525,292,233
E00073721,277,135,142
E00073723,335,178,157
E00073725,261,137,124
E00073727,238,113,125
E00073731,280,154,126
E00073718,359,185,174
E00073722,390,215,175
E00073728,308,147,161
E00073730,299,163,136
E00073732,270,147,123
E00073709,331,170,161
E00073710,270,142,128
E00073726,253,122,131
E00073729,277,128,149
E00073733,260,136,124
E00073797,274,144,130
E00073804,250,120,130
E00073806,261,143,118
E00073809,312,151,161
E00073810,291,149,142
E00073801,286,154,132
E00073803,336,172,164
E00073805,307,155,152
E00073807,308,159,149
E00073808,265,150,115
E00074368,343,171,172
E00074378,308,142,166
E00074379,292,156,136
E00074381,278,147,131
E00074386,326,164,162
E00074363,328,155,173
E00074373,382,195,187
E00074376,325,166,159
E00074398,342,177,165
E00074365,299,152,147
E00074380,283,143,140
E00074382,298,141,157
E00074388,255,123,132
E00074396,327,171,156
E00074367,386,202,184
E00074375,396,204,192
E00074384,307,165,142
E00074387,266,137,129
E00074393,370,208,162
E00074364,355,200,155
E00074371,257,136,121
E00074374,298,168,130
E00074385,341,191,150
E00074389,316,165,151
E00074372,327,178,149
E00074390,242,143,99
E00074391,313,167,146
E00074392,324,182,142
E00074394,229,109,120
E00074395,354,181,173
E00074397,348,191,157
E00074366,362,187,175
E00074369,276,148,128
E00074377,412,212,200
E00074383,277,142,135
E00178051,335,168,167
E00178119,319,167,152
E00174225,165,79,86
E00174232,322,141,181
E00174248,191,83,108
E00174288,316,146,170
E00174300,217,103,114
E00178049,246,108,138
E00178059,287,126,161
E00074002,300,138,162
E00174234,365,167,198
E00174249,487,226,261
E00174287,188,77,111
E00174298,383,183,200
E00174299,288,124,164
E00074028,575,285,290
E00074033,464,239,225
E00174253,247,114,133
E00174282,380,176,204
E00174321,636,280,356
E00174322,259,102,157
E00074007,236,105,131
E00074008,208,98,110
E00074009,407,209,198
E00074010,507,245,262
E00174256,277,123,154
E00174277,252,122,130
E00178058,142,50,92
E00178073,193,80,113
E00178076,274,119,155
E00178081,151,71,80
E00174262,316,170,146
E00174316,263,130,133
E00178048,173,75,98
E00178072,391,182,209
E00073574,381,195,186
E00073576,412,201,211
E00073577,368,191,177
E00073578,412,193,219
E00073584,348,173,175
E00074013,374,190,184
E00074019,417,192,225
E00074022,477,224,253
E00074023,580,299,281
E00074027,349,176,173
E00074029,578,284,294
E00074001,339,177,162
E00074012,259,125,134
E00074014,389,188,201
E00074018,532,265,267
E00074020,458,221,237
E00174239,102,46,56
E00174273,310,142,168
E00174305,195,72,123
E00074011,294,139,155
E00074016,434,210,224
E00074021,397,215,182
E00074024,431,205,226
E00074025,472,212,260
E00074026,506,249,257
E00074000,344,161,183
E00074006,435,213,222
E00074038,373,190,183
E00074041,342,164,178
E00074042,307,164,143
E00178050,443,246,197
E00178078,261,126,135
E00074037,323,160,163
E00174251,553,269,284
E00174254,272,145,127
E00174290,362,193,169
E00174319,217,101,116
E00074003,514,251,263
E00074030,208,106,102
E00074032,400,205,195
E00074034,336,183,153
E00073565,611,264,347
E00073566,245,134,111
E00073567,322,159,163
E00073570,348,168,180
E00073573,552,289,263
E00073575,511,255,256
E00073561,481,254,227
E00073562,440,216,224
E00073563,411,219,192
E00073564,359,191,168
E00073597,574,264,310
E00073559,359,196,163
E00073568,396,199,197
E00073569,459,222,237
E00073571,420,210,210
E00073572,356,187,169
E00073603,346,169,177
E00073605,263,135,128
E00073607,300,143,157
E00073611,413,211,202
E00073612,343,165,178
E00174260,210,94,116
E00174326,442,224,218
E00073143,359,180,179
E00073156,288,138,150
E00073158,343,180,163
E00073161,389,202,187
E00073164,300,159,141
E00073166,290,158,132
E00073147,538,260,278
E00073150,461,233,228
E00073168,375,197,178
E00073172,315,151,164
E00073176,344,165,179
E00174044,343,153,190
E00174058,312,154,158
E00073160,405,197,208
E00073169,475,225,250
E00073171,518,235,283
E00073173,323,162,161
E00073174,310,154,156
E00073167,427,232,195
E00073177,341,166,175
E00073178,354,206,148
E00073179,336,167,169
E00073182,449,186,263
E00174279,233,106,127
E00174289,269,131,138
E00174311,166,81,85
E00174053,353,160,193
E00174215,280,138,142
E00174218,427,186,241
E00174325,360,163,197
E00178083,406,211,195
E00178090,165,79,86
E00178101,225,94,131
E00073148,294,137,157
E00174214,255,115,140
E00178054,220,108,112
E00178087,421,213,208
E00073145,416,216,200
E00073181,492,263,229
E00178089,511,265,246
E00178116,155,89,66
E00073415,309,147,162
E00073421,408,210,198
E00073425,390,176,214
E00073445,267,131,136
E00073446,431,229,202
E00073431,505,253,252
E00073432,164,72,92
E00174046,351,180,171
E00174284,314,156,158
E00174307,501,248,253
E00073420,218,92,126
E00073423,264,116,148
E00174312,287,143,144
E00178056,893,451,442
E00178114,725,374,351
E00073433,537,241,296
E00178066,502,253,249
E00178096,238,127,111
E00178111,105,47,58
E00174221,215,103,112
E00178055,118,55,63
E00178093,188,82,106
E00178109,190,89,101
E00178112,415,206,209
E00073437,211,86,125
E00174245,192,87,105
E00174309,158,70,88
E00178047,217,105,112
E00178086,286,141,145
E00178105,129,59,70
E00174231,350,174,176
E00174293,536,225,311
E00174294,387,153,234
E00174324,539,299,240
E00174295,877,448,429
E00174296,380,163,217
E00178043,233,104,129
E00178046,1667,893,774
E00178060,357,162,195
E00178075,125,55,70
E00178079,467,220,247
E00178080,535,293,242
E00178088,118,58,60
E00178097,140,61,79
E00178115,116,61,55
E00074712,324,182,142
E00074713,364,191,173
E00074714,296,140,156
E00074716,289,146,143
E00074720,300,155,145
E00074744,261,137,124
E00074745,281,137,144
E00074746,303,143,160
E00074747,271,152,119
E00074750,362,177,185
E00074755,282,145,137
E00074756,475,247,228
E00074757,291,156,135
E00074758,231,122,109
E00074761,269,135,134
E00074763,267,124,143
E00166279,250,116,134
E00166291,308,162,146
E00166293,242,117,125
E00166306,265,131,134
E00189555,240,121,119
E00189583,304,161,143
E00166280,428,219,209
E00166286,409,199,210
E00166303,213,103,110
E00166304,249,129,120
E00166307,186,96,90
E00189457,180,93,87
E00189461,162,84,78
E00189537,177,85,92
E00074705,276,139,137
E00074706,331,193,138
E00074707,230,123,107
E00074708,282,139,143
E00074709,190,105,85
E00074711,279,137,142
E00074715,223,113,110
E00074717,359,188,171
E00074718,252,131,121
E00074719,250,128,122
E00074732,368,183,185
E00074733,309,156,153
E00074734,257,135,122
E00074735,298,155,143
E00074737,294,141,153
E00074736,390,195,195
E00074738,368,188,180
E00074739,480,248,232
E00074740,231,128,103
E00074741,298,142,156
E00074753,371,190,181
E00074754,279,149,130
E00074759,291,151,140
E00074760,243,121,122
E00074762,302,155,147
E00074723,240,123,117
E00074725,255,131,124
E00074726,331,176,155
E00074728,360,195,165
E00074729,356,199,157
E00074730,272,146,126
E00074742,259,136,123
E00074743,297,158,139
E00074748,324,171,153
E00074749,368,190,178
E00074751,266,135,131
E00074752,276,132,144
E00166281,344,175,169
E00166282,143,94,49
E00166294,264,138,126
E00166305,398,213,185
E00189481,301,153,148
E00189504,495,254,241
E00074721,590,303,287
E00166284,319,172,147
E00166299,373,188,185
E00166300,304,157,147
E00074722,522,286,236
E00074724,268,151,117
E00074731,259,134,125
E00074588,318,164,154
E00074589,302,159,143
E00074590,177,89,88
E00074595,240,117,123
E00074596,201,88,113
E00074597,195,91,104
E00074591,317,159,158
E00074592,355,182,173
E00074593,295,160,135
E00074594,398,193,205
E00074695,270,128,142
E00074697,286,153,133
E00074701,250,118,132
E00074702,299,148,151
E00074703,253,106,147
E00074704,324,161,163
E00074693,281,141,140
E00074694,478,238,240
E00074696,285,150,135
E00074698,360,183,177
E00074699,257,141,116
E00074700,245,124,121
E00074513,313,169,144
E00074519,320,156,164
E00074520,338,177,161
E00074521,317,172,145
E00074522,331,175,156
E00074524,304,150,154
E00074527,257,130,127
E00074528,281,156,125
E00074531,307,177,130
E00074533,182,96,86
E00074546,306,163,143
E00074547,341,187,154
E00074548,304,163,141
E00074550,324,173,151
E00074545,317,174,143
E00074549,288,142,146
E00074551,303,156,147
E00074552,265,125,140
E00074553,282,146,136
E00075028,373,196,177
E00075029,335,170,165
E00075031,343,175,168
E00075045,411,206,205
E00075046,347,175,172
E00075030,413,207,206
E00075032,328,168,160
E00075033,250,132,118
E00075034,320,156,164
E00075036,479,234,245
E00075037,385,195,190
E00075027,292,152,140
E00075035,274,145,129
E00075038,324,172,152
E00075039,310,162,148
E00075041,506,274,232
E00166289,343,178,165
E00166292,287,156,131
E00166296,339,168,171
E00075042,350,184,166
E00075043,361,184,177
E00075044,285,145,140
E00075047,328,165,163
E00075048,328,176,152
E00074598,350,176,174
E00074602,339,166,173
E00074603,266,137,129
E00074604,361,180,181
E00074605,307,157,150
E00074606,282,143,139
E00166285,372,189,183
E00166290,287,153,134
E00189491,364,183,181
E00189519,310,154,156
E00074600,265,133,132
E00074601,278,137,141
E00166297,538,267,271
E00166301,357,186,171
E00166302,381,192,189
E00074503,272,150,122
E00074504,430,216,214
E00074505,367,192,175
E00074511,270,133,137
E00074512,364,194,170
E00074506,375,201,174
E00074507,296,156,140
E00074508,233,125,108
E00074509,418,206,212
E00074510,262,138,124
E00074514,380,212,168
E00074515,309,167,142
E00074516,284,165,119
E00074517,317,167,150
E00074518,268,136,132
E00074523,364,173,191
E00074525,246,128,118
E00074526,248,137,111
E00074529,332,182,150
E00074530,209,109,100
E00074532,332,174,158
E00074558,309,166,143
E00074559,310,148,162
E00074560,268,146,122
E00074561,291,150,141
E00074562,275,144,131
E00074659,362,190,172
E00074668,214,106,108
E00074669,312,162,150
E00074671,291,153,138
E00074673,207,107,100
E00074675,235,134,101
E00074672,288,153,135
E00074674,251,135,116
E00074676,381,228,153
E00074677,232,127,105
E00074680,230,122,108
E00074685,351,184,167
E00074660,282,139,143
E00074666,255,132,123
E00074667,290,140,150
E00074670,258,138,120
E00074679,262,128,134
E00074661,308,152,156
E00074681,304,159,145
E00074684,263,155,108
E00074687,158,60,98
E00074689,271,136,135
E00074692,237,124,113
E00074678,252,134,118
E00074682,371,209,162
E00074683,208,120,88
E00074686,242,119,123
E00074688,272,145,127
E00074690,286,146,140
E00074662,293,155,138
E00074663,302,145,157
E00074664,300,147,153
E00074665,229,112,117
E00074691,250,131,119
E00074639,318,164,154
E00074642,282,144,138
E00074645,319,155,164
E00074646,292,149,143
E00074644,325,175,150
E00074647,319,160,159
E00074649,286,145,141
E00074652,286,133,153
E00074638,320,167,153
E00074650,330,161,169
E00074654,269,129,140
E00074655,288,159,129
E00074656,263,138,125
E00074648,293,149,144
E00074651,328,157,171
E00074653,362,199,163
E00074657,295,140,155
E00074640,261,133,128
E00074641,227,130,97
E00074643,289,139,150
E00074658,334,170,164
E00074536,242,133,109
E00074537,291,156,135
E00074540,266,142,124
E00074541,320,170,150
E00074543,219,114,105
E00074544,193,87,106
E00074534,250,126,124
E00074535,306,159,147
E00074538,297,155,142
E00074539,300,162,138
E00074542,267,150,117
E00074554,254,138,116
E00074555,227,117,110
E00074556,272,149,123
E00074557,290,152,138
E00074563,230,124,106
E00074564,253,130,123
E00074566,294,149,145
E00074567,304,166,138
E00074568,231,115,116
E00074570,358,182,176
E00074571,286,155,131
E00074565,292,153,139
E00074569,295,157,138
E00074572,271,132,139
E00074573,288,155,133
E00074574,346,171,175
E00074575,247,143,104
E00074445,333,167,166
E00074448,326,163,163
E00074449,367,193,174
E00074451,295,163,132
E00074452,284,145,139
E00074442,445,222,223
E00074444,454,230,224
E00074446,331,173,158
E00074453,293,156,137
E00074440,327,168,159
E00074441,337,167,170
E00074447,339,179,160
E00074450,303,170,133
E00074455,281,139,142
E00074443,252,127,125
E00074454,485,236,249
E00074456,407,207,200
E00074457,341,165,176
E00075061,182,84,98
E00075063,293,144,149
E00075067,350,181,169
E00075072,321,161,160
E00075083,310,156,154
E00075060,232,121,111
E00075062,192,93,99
E00075066,447,224,223
E00075086,248,128,120
E00189462,281,150,131
E00189581,376,177,199
E00189611,390,197,193
E00075075,321,165,156
E00075076,291,144,147
E00075082,337,177,160
E00075087,287,147,140
E00075089,262,133,129
E00075064,450,238,212
E00075065,416,209,207
E00075069,263,133,130
E00075081,235,127,108
E00075085,371,176,195
E00075070,315,155,160
E00075071,342,196,146
E00075073,302,168,134
E00075084,269,136,133
E00075088,272,148,124
E00075068,324,169,155
E00075074,317,164,153
E00075077,318,164,154
E00075078,276,131,145
E00075079,259,143,116
E00075018,322,156,166
E00075019,284,142,142
E00075020,275,142,133
E00075025,553,278,275
E00075026,378,208,170
E00075021,378,181,197
E00075022,328,166,162
E00075023,324,166,158
E00075024,370,182,188
E00075050,190,103,87
E00075051,283,151,132
E00075053,367,179,188
E00075054,258,136,122
E00075057,323,173,150
E00075058,288,142,146
E00075049,246,131,115
E00075052,393,196,197
E00075055,129,61,68
E00075056,356,185,171
E00075059,288,148,140
E00074579,309,177,132
E00074580,152,72,80
E00074581,366,193,173
E00074582,347,182,165
E00074584,419,230,189
E00074585,246,127,119
E00074576,317,165,152
E00074577,348,184,164
E00074578,270,153,117
E00074583,303,182,121
E00074586,288,153,135
E00074587,360,188,172
E00074633,411,204,207
E00074634,381,193,188
E00074635,195,101,94
E00074636,341,162,179
E00074637,442,229,213
E00074627,460,244,216
E00074629,261,127,134
E00074630,373,192,181
E00074631,421,217,204
E00166226,354,171,183
E00074892,232,119,113
E00074895,293,164,129
E00074896,310,155,155
E00074910,294,161,133
E00074893,261,131,130
E00074894,392,201,191
E00074897,349,175,174
E00074898,400,202,198
E00074890,341,168,173
E00074899,336,162,174
E00074909,240,124,116
E00074915,344,172,172
E00074888,321,164,157
E00074902,251,130,121
E00074913,314,158,156
E00074917,301,153,148
E00074918,256,134,122
E00074889,320,167,153
E00074900,346,166,180
E00074901,281,132,149
E00074914,274,139,135
E00074891,305,159,146
E00074903,307,162,145
E00074911,277,141,136
E00074912,298,145,153
E00074916,279,142,137
E00074904,295,150,145
E00074905,272,141,131
E00074906,278,151,127
E00074907,292,137,155
E00074908,225,120,105
E00074854,310,153,157
E00074858,214,103,111
E00074859,278,149,129
E00074861,254,136,118
E00074864,227,120,107
E00074865,290,152,138
E00074855,270,141,129
E00074868,169,95,74
E00074870,229,118,111
E00074875,223,120,103
E00074877,272,141,131
E00074878,312,168,144
E00074961,230,129,101
E00074962,215,110,105
E00074980,318,169,149
E00074982,400,215,185
E00074984,240,122,118
E00074963,328,179,149
E00074964,298,152,146
E00074965,256,131,125
E00074969,218,114,104
E00074983,340,184,156
E00074967,245,130,115
E00074970,245,122,123
E00074972,352,179,173
E00074973,273,140,133
E00074974,279,140,139
E00074958,265,126,139
E00074975,309,153,156
E00074977,233,123,110
E00074978,315,163,152
E00074979,251,129,122
E00074829,290,144,146
E00074831,221,115,106
E00074836,219,121,98
E00074841,197,98,99
E00074843,204,96,108
E00074852,288,153,135
E00074830,255,140,115
E00074832,276,152,124
E00074833,308,152,156
E00074834,303,146,157
E00074838,351,176,175
E00074845,312,165,147
E00074879,274,139,135
E00074880,254,122,132
E00074882,310,153,157
E00074883,309,164,145
E00074887,233,124,109
E00074857,296,151,145
E00074881,280,147,133
E00074884,294,150,144
E00074885,288,141,147
E00074886,324,170,154
E00074856,302,146,156
E00074860,299,152,147
E00074863,293,141,152
E00074866,326,159,167
E00074867,308,167,141
E00074869,229,118,111
E00074862,257,131,126
E00074871,234,121,113
E00074872,270,134,136
E00074873,241,124,117
E00074874,281,160,121
E00074876,269,135,134
E00074988,235,112,123
E00075007,233,111,122
E00075010,217,96,121
E00075012,289,144,145
E00075015,312,156,156
E00166274,114,41,73
E00166276,138,63,75
E00166277,219,99,120
E00074985,230,125,105
E00074996,364,177,187
E00075008,250,125,125
E00075011,296,139,157
E00075013,264,136,128
E00075016,194,99,95
E00074989,364,197,167
E00074990,239,127,112
E00074991,280,151,129
E00074997,281,155,126
E00075017,299,173,126
E00074993,252,107,145
E00074998,257,142,115
E00074999,254,142,112
E00075003,236,113,123
E00075004,114,53,61
E00075006,352,160,192
E00074995,255,146,109
E00075000,203,111,92
E00075001,288,151,137
E00075009,297,150,147
E00075014,254,135,119
E00074986,253,123,130
E00074992,305,151,154
E00074994,300,150,150
E00075002,328,165,163
E00075005,283,145,138
E00074767,293,146,147
E00074768,305,146,159
E00074771,351,158,193
E00074784,226,114,112
E00074785,260,141,119
E00074787,320,154,166
E00074765,272,125,147
E00074766,229,108,121
E00074769,337,179,158
E00074772,310,152,158
E00074782,344,166,178
E00074786,315,153,162
E00074770,224,86,138
E00074773,217,123,94
E00074775,224,124,100
E00074776,232,139,93
E00074779,383,174,209
E00074783,351,163,188
E00074764,257,123,134
E00074774,363,206,157
E00074777,211,104,107
E00074778,222,111,111
E00074780,320,166,154
E00074781,273,122,151
E00074820,344,151,193
E00074821,385,191,194
E00074826,453,226,227
E00074828,356,179,177
E00074850,493,252,241
E00074837,288,137,151
E00074840,334,182,152
E00074842,278,145,133
E00074846,270,150,120
E00074848,358,192,166
E00074851,273,145,128
E00074922,236,117,119
E00074924,469,249,220
E00074925,203,117,86
E00074929,358,199,159
E00166227,205,96,109
E00166229,286,147,139
E00166250,210,107,103
E00074923,269,141,128
E00074926,318,148,170
E00074927,340,175,165
E00074928,302,156,146
E00074930,259,135,124
E00074920,280,128,152
E00074932,224,116,108
E00074933,295,158,137
E00074934,264,143,121
E00074936,311,177,134
E00074919,364,181,183
E00074935,248,142,106
E00074937,308,159,149
E00074939,318,151,167
E00074940,305,149,156
E00074941,267,143,124
E00074942,368,202,166
E00074943,225,124,101
E00074944,369,200,169
E00074945,270,140,130
E00074789,380,198,182
E00074806,257,130,127
E00074812,254,140,114
E00074813,274,142,132
E00074815,283,152,131
E00074797,376,179,197
E00074798,550,329,221
E00074802,218,101,117
E00074804,300,160,140
E00074810,245,117,128
E00074796,301,147,154
E00074799,254,134,120
E00074800,302,149,153
E00074801,255,136,119
E00074803,251,132,119
E00074805,238,118,120
E00074807,237,128,109
E00074808,279,131,148
E00074809,301,152,149
E00074811,284,132,152
E00074814,297,158,139
E00074459,181,97,84
E00074460,244,125,119
E00074463,462,227,235
E00074465,362,184,178
E00074468,214,106,108
E00074458,266,134,132
E00074461,384,209,175
E00074462,319,177,142
E00074464,288,151,137
E00074467,317,164,153
E00074613,302,145,157
E00074619,278,146,132
E00074620,292,152,140
E00074625,325,171,154
E00074626,151,81,70
E00074611,252,123,129
E00074612,286,146,140
E00074614,320,157,163
E00074615,282,152,130
E00074618,251,139,112
E00074607,408,202,206
E00074608,274,142,132
E00074609,201,96,105
E00074610,266,140,126
E00074616,281,142,139
E00166231,285,137,148
E00166240,339,176,163
E00166248,267,133,134
E00189466,324,168,156
E00189479,359,191,168
E00189593,339,167,172
E00074617,403,212,191
E00074623,341,168,173
E00166232,205,111,94
E00189500,403,197,206
E00189509,343,167,176
E00074469,220,126,94
E00074471,316,173,143
E00074472,224,125,99
E00074475,149,71,78
E00074476,264,131,133
E00074481,337,182,155
E00074473,350,160,190
E00074474,364,180,184
E00074482,269,137,132
E00074483,270,127,143
E00074484,264,141,123
E00074470,383,191,192
E00074477,555,302,253
E00074478,284,134,150
E00074479,265,132,133
E00074480,238,129,109
E00074489,128,66,62
E00074490,277,146,131
E00074491,212,106,106
E00074492,371,195,176
E00074493,196,103,93
E00074494,273,134,139
E00074495,232,123,109
E00074496,284,143,141
E00074497,402,217,185
E00074499,478,260,218
E00074498,359,186,173
E00074500,441,225,216
E00074501,312,157,155
E00074502,329,159,170
E00074795,237,126,111
E00074816,267,131,136
E00074817,270,140,130
E00074818,288,154,134
E00074819,402,196,206
E00074788,249,134,115
E00074790,341,186,155
E00074791,207,104,103
E00074792,297,146,151
E00074793,263,132,131
E00074794,252,130,122
E00074921,264,138,126
E00074938,358,178,180
E00074947,244,124,120
E00074948,337,169,168
E00074953,302,160,142
E00074946,203,113,90
E00074949,318,176,142
E00074950,267,144,123
E00074951,277,155,122
E00074952,317,164,153
E00074956,520,260,260
E00074957,259,135,124
E00074966,300,156,144
E00074971,276,141,135
E00074976,226,130,96
E00074466,428,213,215
E00166234,309,170,139
E00166245,290,159,131
E00166261,273,139,134
E00166235,261,127,134
E00166237,308,162,146
E00166239,281,146,135
E00166244,306,164,142
E00074485,320,157,163
E00166242,271,136,135
E00166247,332,164,168
E00166252,311,162,149
E00166262,257,137,120
E00074981,225,124,101
E00166266,445,221,224
E00166272,468,245,223
E00189460,257,140,117
E00189524,297,153,144
E00189579,419,206,213
E00189592,312,164,148
E00189610,339,177,162
E00074954,260,136,124
E00074959,426,248,178
E00074960,331,167,164
E00166273,144,73,71
E00166275,182,91,91
E00166253,299,149,150
E00166260,264,123,141
E00166269,303,153,150
E00166270,327,158,169
E00166271,285,149,136
E00166255,473,241,232
E00166257,316,169,147
E00166258,354,172,182
E00166264,341,176,165
E00166265,271,123,148
E00166259,357,184,173
E00166263,346,169,177
E00166287,299,159,140
E00166288,314,159,155
E00074823,310,158,152
E00074835,278,155,123
E00074844,235,118,117
E00074847,359,189,170
E00074824,286,140,146
E00074825,300,156,144
E00074839,246,125,121
E00074849,217,111,106
E00074853,181,90,91
E00189609,244,129,115
E00189522,341,173,168
E00189530,331,171,160
E00189539,367,178,189
E00189552,377,191,186
E00189560,314,156,158
E00189567,396,196,200
E00189578,377,203,174
E00075711,263,140,123
E00075712,268,136,132
E00075713,264,128,136
E00075720,233,117,116
E00075721,279,144,135
E00075716,250,154,96
E00075723,350,181,169
E00075724,286,159,127
E00075725,361,186,175
E00075726,436,229,207
E00075717,553,287,266
E00075719,323,161,162
E00075722,338,174,164
E00189464,382,190,192
E00189480,282,146,136
E00189485,273,138,135
E00189512,308,158,150
E00075728,292,146,146
E00075729,376,200,176
E00075730,313,147,166
E00189473,280,156,124
E00189542,472,240,232
E00075709,296,147,149
E00075710,572,410,162
E00075718,262,122,140
E00189536,346,170,176
E00189544,382,192,190
E00189561,401,215,186
E00075736,288,144,144
E00075737,293,147,146
E00075738,299,154,145
E00075740,316,156,160
E00075745,266,133,133
E00075739,211,100,111
E00075742,198,115,83
E00075743,265,136,129
E00075748,342,181,161
E00075749,311,162,149
E00075750,348,202,146
E00189455,182,106,76
E00189588,340,180,160
E00075732,271,142,129
E00075734,296,150,146
E00075741,260,129,131
E00075744,293,148,145
E00075747,315,145,170
E00075733,314,151,163
E00075735,386,205,181
E00075746,129,66,63
E00075751,484,238,246
E00075752,321,170,151
E00075211,149,75,74
E00075212,162,77,85
E00075213,323,161,162
E00075216,369,187,182
E00075217,172,73,99
E00173069,612,69,543
E00173071,275,129,146
E00075206,264,137,127
E00075207,280,131,149
E00075208,476,231,245
E00075210,292,147,145
E00075214,372,202,170
E00189470,348,180,168
E00189486,313,160,153
E00075427,134,69,65
E00075428,159,81,78
E00075429,257,140,117
E00075430,321,160,161
E00075431,226,113,113
E00075432,408,199,209
E00075433,404,201,203
E00075434,354,195,159
E00075435,449,233,216
E00075436,307,164,143
E00075437,382,209,173
E00075438,331,174,157
E00075439,341,170,171
E00075440,273,150,123
E00075101,294,153,141
E00075102,312,153,159
E00075105,304,162,142
E00075108,355,182,173
E00075110,255,141,114
E00075103,322,149,173
E00075104,346,171,175
E00075106,281,146,135
E00075107,319,160,159
E00075109,260,130,130
E00075590,312,157,155
E00075591,124,63,61
E00075592,410,204,206
E00075593,350,174,176
E00075595,384,207,177
E00075601,165,82,83
E00075589,201,100,101
E00075594,443,211,232
E00075596,234,120,114
E00075597,255,118,137
E00075598,200,110,90
E00075599,247,124,123
E00075600,307,158,149
E00075091,305,160,145
E00075098,316,158,158
E00075099,339,175,164
E00075100,281,141,140
E00189488,354,181,173
E00189521,376,185,191
E00189598,384,195,189
E00075093,379,187,192
E00075095,435,232,203
E00075096,337,171,166
E00075097,364,179,185
E00173072,322,152,170
E00173074,371,200,171
E00173075,164,72,92
E00173077,252,132,120
E00173078,312,157,155
E00075547,369,180,189
E00075549,313,161,152
E00075550,385,199,186
E00075551,349,169,180
E00075552,297,153,144
E00075556,348,171,177
E00075548,309,142,167
E00075553,319,168,151
E00075554,310,138,172
E00075555,324,159,165
E00075557,286,141,145
E00075860,234,120,114
E00075862,433,215,218
E00075863,281,137,144
E00075864,310,154,156
E00189478,254,139,115
E00189534,283,144,139
E00189574,327,167,160
E00189585,305,148,157
E00189594,282,153,129
E00189613,293,146,147
E00075850,321,152,169
E00075851,492,256,236
E00075859,319,154,165
E00075861,454,222,232
E00075865,305,158,147
E00075866,307,153,154
E00075867,226,110,116
E00075868,278,139,139
E00075854,241,120,121
E00075856,273,149,124
E00075857,294,161,133
E00075869,283,141,142
E00075872,329,170,159
E00075852,273,139,134
E00075853,316,162,154
E00075855,253,128,125
E00075870,298,156,142
E00075871,348,184,164
E00075873,278,141,137
E00075874,233,124,109
E00075875,221,113,108
E00075885,294,141,153
E00075886,331,173,158
E00075889,278,157,121
E00075887,347,168,179
E00075888,344,176,168
E00075890,241,123,118
E00075891,320,164,156
E00075892,319,173,146
E00075877,357,179,178
E00075879,305,160,145
E00075880,253,123,130
E00075881,255,135,120
E00075893,338,160,178
E00075876,255,128,127
E00075878,329,171,158
E00075882,303,153,150
E00075883,350,185,165
E00075884,348,178,170
E00075224,279,162,117
E00075226,281,138,143
E00075229,276,134,142
E00075233,275,151,124
E00075234,243,122,121
E00075235,252,120,132
E00075237,179,110,69
E00075227,300,155,145
E00075228,264,140,124
E00075231,278,146,132
E00075236,291,153,138
E00075239,265,141,124
E00075220,244,123,121
E00075230,333,172,161
E00075232,246,125,121
E00075238,255,127,128
E00189508,223,132,91
E00189580,297,160,137
E00189600,263,152,111
E00075218,290,140,150
E00075219,272,140,132
E00075221,299,145,154
E00075222,278,141,137
E00075223,318,162,156
E00075145,241,113,128
E00075149,458,241,217
E00075150,291,150,141
E00075151,263,116,147
E00075152,308,151,157
E00075146,299,136,163
E00075153,218,111,107
E00075156,313,153,160
E00075158,360,169,191
E00075159,259,130,129
E00075163,378,185,193
E00075164,244,114,130
E00075165,313,155,158
E00075167,206,102,104
E00075180,290,154,136
E00075186,305,156,149
E00075160,372,189,183
E00075169,233,112,121
E00075182,264,130,134
E00075184,341,174,167
E00075188,382,181,201
E00075161,319,151,168
E00075175,352,175,177
E00075176,218,118,100
E00075177,570,270,300
E00075178,290,126,164
E00075203,318,159,159
E00075204,287,149,138
E00075205,357,174,183
E00173030,406,200,206
E00173083,306,161,145
E00173085,272,145,127
E00075831,299,155,144
E00075832,173,83,90
E00075835,287,143,144
E00075839,310,152,158
E00075847,305,156,149
E00075837,464,224,240
E00075838,322,164,158
E00075840,271,137,134
E00075844,312,167,145
E00075828,325,171,154
E00075829,290,143,147
E00075833,353,192,161
E00075848,490,249,241
E00075849,326,164,162
E00075830,476,250,226
E00075836,298,160,138
E00075843,246,127,119
E00189452,422,220,202
E00189501,342,169,173
E00075841,320,154,166
E00075842,352,176,176
E00075845,354,181,173
E00075846,295,148,147
E00075147,384,187,197
E00075148,203,101,102
E00075154,197,96,101
E00075155,277,142,135
E00075157,337,174,163
E00075162,349,180,169
E00075179,298,139,159
E00075181,319,150,169
E00075183,274,138,136
E00075185,188,95,93
E00075187,344,172,172
E00075166,345,170,175
E00075168,334,170,164
E00075170,372,174,198
E00075171,311,165,146
E00075172,321,160,161
E00075173,269,136,133
E00075174,199,99,100
E00075189,325,167,158
E00075198,291,145,146
E00075199,520,271,249
E00075201,264,123,141
E00075202,568,291,277
E00075190,384,195,189
E00075191,405,207,198
E00075200,321,158,163
E00173064,355,179,176
E00173080,462,218,244
E00173082,209,116,93
E00075193,326,170,156
E00075194,327,164,163
E00075195,237,120,117
E00075196,342,168,174
E00075342,312,157,155
E00075343,389,205,184
E00075358,479,233,246
E00075359,307,162,145
E00075341,343,172,171
E00075345,307,141,166
E00075348,397,192,205
E00075350,416,198,218
E00075352,363,166,197
E00075344,322,147,175
E00075346,327,167,160
E00075347,321,162,159
E00075349,384,203,181
E00075354,315,161,154
E00075351,585,309,276
E00075353,334,174,160
E00075355,291,145,146
E00075356,340,165,175
E00189528,277,139,138
E00189606,353,187,166
E00075255,320,158,162
E00075256,308,156,152
E00075258,413,220,193
E00075271,254,130,124
E00075273,501,241,260
E00075260,357,183,174
E00075265,285,147,138
E00075269,233,117,116
E00075270,192,93,99
E00075272,405,201,204
E00075253,333,163,170
E00075259,329,155,174
E00075262,258,139,119
E00075268,284,136,148
E00075252,362,193,169
E00075254,346,177,169
E00075257,326,169,157
E00075261,377,196,181
E00075263,346,179,167
E00075264,310,150,160
E00075266,334,170,164
E00075267,311,154,157
E00075676,363,182,181
E00075677,254,129,125
E00075679,334,171,163
E00075680,266,139,127
E00075683,278,137,141
E00075674,238,118,120
E00075675,340,170,170
E00075684,313,155,158
E00075685,294,162,132
E00075706,345,171,174
E00075673,314,152,162
E00075693,320,152,168
E00075694,220,109,111
E00075695,273,131,142
E00075696,330,162,168
E00075698,365,188,177
E00075699,399,220,179
E00075700,284,139,145
E00075701,289,139,150
E00075703,180,93,87
E00075697,291,144,147
E00075702,280,132,148
E00075704,293,156,137
E00075705,343,171,172
E00075707,328,173,155
E00075775,311,160,151
E00075776,339,178,161
E00075779,256,141,115
E00075781,275,141,134
E00075783,380,207,173
E00075777,320,169,151
E00075778,358,164,194
E00075780,233,132,101
E00075784,411,198,213
E00075785,304,159,145
E00075766,415,207,208
E00075782,286,149,137
E00075786,338,175,163
E00075787,237,126,111
E00075788,355,178,177
E00075767,327,158,169
E00075789,320,167,153
E00075790,320,167,153
E00075791,314,167,147
E00075792,307,163,144
E00075312,327,148,179
E00075315,330,145,185
E00075318,309,154,155
E00075320,437,205,232
E00075321,161,91,70
E00075311,327,146,181
E00075313,336,157,179
E00075319,355,160,195
E00075322,348,176,172
E00075324,327,133,194
E00075310,353,183,170
E00075317,311,158,153
E00075323,301,147,154
E00075325,210,132,78
E00075326,285,144,141
E00075329,286,138,148
E00075308,410,175,235
E00075327,364,185,179
E00075328,317,141,176
E00075331,228,111,117
E00075332,331,158,173
E00075309,333,168,165
E00075330,344,178,166
E00075334,413,193,220
E00075335,357,185,172
E00075333,349,175,174
E00075336,361,177,184
E00075337,519,204,315
E00075338,357,152,205
E00075314,381,187,194
E00075316,357,153,204
E00075339,501,262,239
E00075340,368,162,206
E00075132,337,168,169
E00075133,211,114,97
E00075134,319,161,158
E00189531,541,76,465
E00189612,223,110,113
E00075753,507,250,257
E00075754,304,151,153
E00075755,187,97,90
E00075756,236,115,121
E00075757,256,141,115
E00075758,148,74,74
E00075759,305,146,159
E00075760,427,223,204
E00075761,332,175,157
E00075762,299,166,133
E00075763,293,138,155
E00075764,274,143,131
E00075609,230,114,116
E00173055,307,156,151
E00173057,135,62,73
E00173058,328,165,163
E00173094,327,162,165
E00173096,371,178,193
E00075637,315,166,149
E00075640,285,139,146
E00173060,357,199,158
E00173066,304,157,147
E00173092,238,110,128
E00189463,360,176,184
E00189497,303,160,143
E00189505,295,153,142
E00189546,332,169,163
E00189596,307,154,153
E00189444,293,157,136
E00189445,216,102,114
E00189446,589,305,284
E00189451,288,155,133
E00189453,270,139,131
E00075136,302,155,147
E00075137,326,156,170
E00075138,439,229,210
E00075285,309,170,139
E00075288,448,229,219
E00075291,344,174,170
E00075292,366,187,179
E00075293,303,147,156
E00075286,334,170,164
E00075287,361,187,174
E00075289,306,169,137
E00075290,338,168,170
E00075295,343,172,171
E00075296,313,161,152
E00075299,267,136,131
E00075302,316,161,155
E00075303,282,139,143
E00075613,306,168,138
E00075616,295,155,140
E00075618,318,163,155
E00075619,290,146,144
E00075646,381,187,194
E00075610,282,141,141
E00075612,390,204,186
E00075644,358,183,175
E00075645,319,152,167
E00075647,355,191,164
E00075602,494,248,246
E00075608,430,225,205
E00075622,203,108,95
E00075626,263,141,122
E00075629,305,164,141
E00075631,425,217,208
E00075627,332,165,167
E00075632,396,194,202
E00075633,399,207,192
E00075634,482,252,230
E00173044,382,189,193
E00173046,285,147,138
E00173050,297,150,147
E00173052,269,138,131
E00173054,343,174,169
E00075604,484,252,232
E00075605,381,205,176
E00173047,437,222,215
E00173049,392,210,182
E00075607,242,131,111
E00075611,335,170,165
E00075614,309,160,149
E00075615,463,237,226
E00189550,334,179,155
E00189573,379,191,188
E00189510,353,187,166
E00189513,317,160,157
E00189570,317,173,144
E00189582,337,170,167
E00189586,312,153,159
E00075275,233,122,111
E00075294,359,176,183
E00075297,322,158,164
E00075298,308,151,157
E00075301,330,174,156
E00075276,297,159,138
E00075278,510,244,266
E00075279,355,182,173
E00075304,391,199,192
E00075306,243,126,117
E00075277,374,190,184
E00075280,352,189,163
E00075283,419,212,207
E00075300,390,213,177
E00075307,222,115,107
E00075274,246,115,131
E00075281,359,159,200
E00075282,295,158,137
E00075284,317,160,157
E00075305,351,189,162
E00075558,364,177,187
E00075559,299,161,138
E00075560,413,209,204
E00075588,337,164,173
E00075562,392,197,195
E00075565,304,152,152
E00075566,391,189,202
E00075567,344,158,186
E00075569,324,168,156
E00075561,326,154,172
E00075563,358,193,165
E00075564,327,157,170
E00075568,328,162,166
E00075571,245,135,110
E00075617,134,70,64
E00075620,337,161,176
E00075621,415,226,189
E00075623,333,170,163
E00075624,291,153,138
E00075628,278,145,133
E00075111,456,233,223
E00075112,524,267,257
E00075113,285,143,142
E00075117,261,131,130
E00075118,243,126,117
E00075121,399,206,193
E00075125,379,179,200
E00075126,256,131,125
E00075127,284,136,148
E00075128,375,198,177
E00075129,290,155,135
E00075122,255,125,130
E00075123,375,183,192
E00075124,290,136,154
E00075141,324,168,156
E00075144,366,187,179
E00075139,349,180,169
E00075140,282,141,141
E00075142,280,132,148
E00075143,329,166,163
E00075243,265,139,126
E00075244,291,143,148
E00075245,362,196,166
E00075246,369,174,195
E00075247,448,234,214
E00075248,107,54,53
E00075250,348,172,176
E00075240,348,173,175
E00075241,259,134,125
E00075242,408,201,207
E00075249,352,183,169
E00075251,323,158,165
E00075570,445,221,224
E00075572,344,178,166
E00075573,320,162,158
E00075574,277,136,141
E00075575,267,141,126
E00075577,312,157,155
E00075578,305,148,157
E00075579,293,143,150
E00075580,331,171,160
E00075576,294,150,144
E00075582,295,149,146
E00075583,297,163,134
E00075585,301,155,146
E00075652,295,152,143
E00075654,376,181,195
E00075655,355,187,168
E00075661,350,174,176
E00075665,325,158,167
E00075651,276,153,123
E00075653,233,137,96
E00075656,293,152,141
E00075657,298,149,149
E00075658,363,169,194
E00075396,356,177,179
E00075421,369,187,182
E00075424,337,169,168
E00075425,316,154,162
E00075415,356,191,165
E00075416,291,144,147
E00075417,251,127,124
E00075418,277,145,132
E00075420,312,164,148
E00075400,303,142,161
E00075401,428,216,212
E00075404,306,155,151
E00075410,370,170,200
E00075419,405,211,194
E00075662,261,144,117
E00075666,336,173,163
E00075667,343,179,164
E00075670,277,145,132
E00075671,304,160,144
E00075659,321,162,159
E00075660,342,185,157
E00075663,314,146,168
E00075664,364,175,189
E00075668,410,193,217
E00075648,356,178,178
E00075649,394,199,195
E00075650,360,174,186
E00075669,366,192,174
E00075672,295,147,148
E00075397,288,155,133
E00075412,383,210,173
E00075413,235,131,104
E00075422,295,160,135
E00075423,359,184,175
E00075395,385,196,189
E00075398,347,190,157
E00075403,352,183,169
E00075405,347,180,167
E00075426,277,143,134
E00075394,297,158,139
E00075399,253,124,129
E00075406,213,97,116
E00075407,451,243,208
E00075409,193,102,91
E00075411,410,196,214
E00075392,265,133,132
E00075393,259,141,118
E00075402,307,146,161
E00075408,330,161,169
E00075414,309,163,146
E00075581,333,183,150
E00075584,271,145,126
E00075586,309,174,135
E00075587,294,148,146
E00075382,361,185,176
E00075384,334,182,152
E00075385,372,202,170
E00075386,273,142,131
E00075388,334,172,162
E00075800,325,161,164
E00075809,277,148,129
E00075810,300,163,137
E00075812,328,164,164
E00075825,406,206,200
E00075806,552,268,284
E00075817,339,169,170
E00075824,325,168,157
E00075826,382,188,194
E00173061,315,167,148
E00173063,450,218,232
E00075802,284,145,139
E00075814,390,186,204
E00075815,548,279,269
E00075816,311,161,150
E00075822,444,230,214
E00075794,404,204,200
E00075795,349,187,162
E00075819,307,149,158
E00075820,372,180,192
E00075823,330,170,160
E00075487,299,164,135
E00075492,268,141,127
E00075505,262,141,121
E00075506,304,155,149
E00075507,237,128,109
E00075510,317,152,165
E00075488,315,170,145
E00075489,354,180,174
E00075491,335,167,168
E00075508,327,174,153
E00075511,393,192,201
E00075638,197,97,100
E00075639,404,207,197
E00075641,528,267,261
E00075642,226,122,104
E00075643,350,182,168
E00075796,331,178,153
E00075801,371,185,186
E00075804,311,168,143
E00075818,503,268,235
E00075798,408,212,196
E00075805,311,169,142
E00075807,328,183,145
E00075808,324,160,164
E00075827,276,124,152
E00075797,297,138,159
E00075799,357,188,169
E00075803,326,163,163
E00075811,307,148,159
E00075813,337,176,161
E00075467,371,192,179
E00075470,316,158,158
E00075471,405,212,193
E00075485,328,152,176
E00075465,285,143,142
E00075474,318,164,154
E00075475,318,174,144
E00075476,298,147,151
E00075478,338,168,170
E00075479,314,153,161
E00075480,304,159,145
E00075481,312,151,161
E00075483,298,162,136
E00075466,317,153,164
E00075477,383,189,194
E00075482,338,170,168
E00075484,283,149,134
E00075496,400,198,202
E00075497,298,150,148
E00075498,321,164,157
E00075499,311,169,142
E00075500,295,174,121
E00075486,343,175,168
E00075501,278,137,141
E00075502,294,149,145
E00075503,339,165,174
E00075504,282,151,131
E00075490,345,179,166
E00075493,294,147,147
E00075494,318,157,161
E00075495,273,140,133
E00075509,428,224,204
E00075372,326,162,164
E00075374,353,177,176
E00075375,326,164,162
E00075376,252,120,132
E00075387,341,163,178
E00075378,305,156,149
E00075380,309,165,144
E00075381,292,148,144
E00075383,387,200,187
E00075390,393,208,185
E00075362,314,165,149
E00075368,256,140,116
E00075379,261,128,133
E00075389,302,160,142
E00075391,337,163,174
E00075361,328,166,162
E00075363,421,209,212
E00075367,285,153,132
E00075369,372,179,193
E00075370,335,171,164
E00075371,320,153,167
E00075373,328,167,161
E00075377,388,198,190
E00075364,311,167,144
E00075365,340,169,171
E00075366,316,166,150
E00189540,343,186,157
E00189587,362,173,189
E00075114,280,151,129
E00075115,234,115,119
E00075116,330,182,148
E00075119,339,174,165
E00075120,368,171,197
E00075441,580,285,295
E00075453,242,132,110
E00075454,271,148,123
E00075455,301,150,151
E00075464,271,144,127
E00075443,411,222,189
E00075447,314,162,152
E00075459,284,141,143
E00075460,270,138,132
E00075462,283,143,140
E00075452,281,136,145
E00075456,259,143,116
E00075457,306,164,142
E00075458,207,96,111
E00075461,284,126,158
E00075442,350,170,180
E00075444,299,149,150
E00075445,329,168,161
E00075446,290,147,143
E00075448,259,130,129
E00075449,235,119,116
E00075450,289,152,137
E00075451,286,148,138
E00075463,344,181,163
E00075468,321,165,156
E00075469,362,185,177
E00075472,317,158,159
E00075473,323,175,148
E00075516,315,164,151
E00075520,317,162,155
E00075524,315,162,153
E00075526,364,178,186
E00075528,302,139,163
E00075515,320,161,159
E00075521,284,146,138
E00075525,302,154,148
E00075527,292,136,156
E00075535,259,128,131
E00075514,292,147,145
E00075517,259,137,122
E00075518,265,131,134
E00075523,313,167,146
E00075529,372,189,183
E00075531,158,87,71
E00075532,329,167,162
E00075533,297,148,149
E00075534,311,142,169
E00075538,336,171,165
E00075542,251,133,118
E00075530,309,160,149
E00075536,384,187,197
E00075539,380,181,199
E00075546,295,140,155
E00189490,298,152,146
E00075512,300,148,152
E00075513,242,127,115
E00075543,273,152,121
E00075544,263,139,124
E00075545,296,170,126
E00075519,315,156,159
E00075522,280,146,134
E00075537,338,175,163
E00189541,291,156,135
E00189608,292,148,144
E00189469,332,163,169
E00189493,260,128,132
E00189495,271,150,121
E00189538,313,158,155
E00189564,263,127,136
E00189498,381,193,188
E00189506,385,197,188
E00189543,330,163,167
E00189559,307,134,173
E00189575,265,129,136
E00189517,293,149,144
E00189547,280,148,132
E00189556,317,153,164
E00189558,326,158,168
E00189576,335,173,162
E00189605,313,170,143
E00075687,233,108,125
E00075689,333,158,175
E00075691,227,112,115
E00075692,528,250,278
E00189467,404,189,215
E00189477,461,248,213
E00189518,430,203,227
E00189551,362,157,205
E00189557,627,265,362
E00189566,227,120,107
E00173089,1902,879,1023
E00189476,245,131,114
E00189577,235,122,113
E00189599,402,210,192
E00189456,282,144,138
E00189523,323,162,161
E00189602,363,185,178
E00189607,294,141,153
E00173033,147,59,88
E00173038,185,81,104
E00173043,243,103,140
E00173091,258,139,119
E00189511,462,224,238
E00075678,258,129,129
E00075681,339,165,174
E00075682,316,160,156
E00075686,308,154,154
E00075708,313,156,157
E00075768,421,216,205
E00075770,470,241,229
E00075771,252,107,145
E00075772,302,164,138
E00075773,378,195,183
E00075688,370,189,181
E00173032,363,189,174
E00173068,404,184,220
E00173086,324,164,160
E00173088,281,142,139
E00075793,364,187,177
E00189465,293,148,145
E00189499,263,135,128
E00189563,215,100,115
E00189565,430,211,219
E00189604,267,135,132
E00075917,335,171,164
E00075918,302,165,137
E00075919,243,129,114
E00075921,364,204,160
E00075924,487,262,225
E00076231,451,242,209
E00076243,301,157,144
E00181097,296,157,139
E00181129,362,191,171
E00181157,314,163,151
E00181175,344,180,164
E00181181,162,84,78
E00076594,279,138,141
E00076596,244,129,115
E00076607,281,144,137
E00076614,328,168,160
E00076619,312,168,144
E00076611,275,137,138
E00076612,275,153,122
E00076615,375,181,194
E00076617,380,206,174
E00172042,312,159,153
E00172083,287,145,142
E00075900,365,183,182
E00075925,295,153,142
E00075926,298,154,144
E00075933,296,153,143
E00075934,359,179,180
E00076589,425,237,188
E00076595,265,141,124
E00076597,266,141,125
E00076598,250,129,121
E00076599,252,128,124
E00076601,268,144,124
E00076592,297,157,140
E00076593,253,122,131
E00076603,612,318,294
E00076606,259,134,125
E00076626,265,143,122
E00076590,324,179,145
E00076591,377,196,181
E00076605,293,158,135
E00076609,228,132,96
E00076610,282,152,130
E00076616,170,81,89
E00076623,371,196,175
E00076624,317,164,153
E00076625,317,160,157
E00172046,332,176,156
E00172047,265,133,132
E00172048,426,219,207
E00075895,381,190,191
E00075904,297,160,137
E00075906,266,132,134
E00075907,310,146,164
E00075908,290,153,137
E00075911,234,124,110
E00075901,212,109,103
E00075923,298,164,134
E00075928,271,147,124
E00075930,229,121,108
E00075931,293,156,137
E00075936,238,127,111
E00075899,527,269,258
E00075920,236,118,118
E00075927,365,197,168
E00075929,268,139,129
E00075932,288,153,135
E00076600,336,184,152
E00076602,287,143,144
E00076604,500,269,231
E00076608,264,129,135
E00076622,213,114,99
E00076588,297,149,148
E00076613,369,191,178
E00076618,363,178,185
E00076620,286,143,143
E00076621,384,198,186
E00075894,246,135,111
E00075914,285,144,141
E00075915,290,148,142
E00075916,254,130,124
E00075922,251,130,121
E00076209,314,158,156
E00076211,401,200,201
E00076212,338,177,161
E00076215,289,140,149
E00076216,288,149,139
E00076207,353,182,171
E00076208,436,221,215
E00076217,301,154,147
E00076218,271,140,131
E00076220,237,111,126
E00076184,232,115,117
E00076213,337,180,157
E00076214,335,175,160
E00076219,288,146,142
E00076222,281,140,141
E00076236,244,127,117
E00076246,276,133,143
E00076248,297,157,140
E00076249,270,131,139
E00076250,238,127,111
E00076237,288,143,145
E00076252,340,160,180
E00076253,281,141,140
E00076258,251,123,128
E00076260,272,142,130
E00076251,412,230,182
E00172079,331,213,118
E00181102,453,257,196
E00181152,111,61,50
E00181168,548,290,258
E00181179,351,186,165
E00181195,598,304,294
E00076233,266,140,126
E00076234,219,120,99
E00076235,287,143,144
E00076238,345,168,177
E00076255,214,104,110
E00076239,295,155,140
E00076240,311,167,144
E00076254,220,117,103
E00076256,396,212,184
E00076257,302,175,127
E00076189,266,143,123
E00076210,264,130,134
E00076223,230,128,102
E00076224,333,182,151
E00076225,244,121,123
E00076230,256,130,126
E00076187,333,171,162
E00076193,329,168,161
E00076197,334,175,159
E00076198,288,152,136
E00076201,310,159,151
E00076188,301,157,144
E00076190,296,156,140
E00076227,408,217,191
E00076228,271,131,140
E00076229,318,176,142
E00076489,277,139,138
E00076527,340,192,148
E00076528,354,172,182
E00076530,297,150,147
E00076490,327,164,163
E00076492,274,136,138
E00076500,336,178,158
E00076529,278,135,143
E00076531,274,148,126
E00075896,256,132,124
E00075898,197,103,94
E00075902,263,127,136
E00075903,229,122,107
E00075905,269,145,124
E00075935,414,196,218
E00076118,273,134,139
E00076119,305,170,135
E00076122,269,141,128
E00076132,497,258,239
E00076133,222,124,98
E00172043,315,158,157
E00172044,208,105,103
E00172045,370,185,185
E00172078,299,150,149
E00076202,399,202,197
E00076203,356,180,176
E00076204,295,161,134
E00076205,358,192,166
E00076206,300,158,142
E00076191,232,123,109
E00076195,245,126,119
E00076196,248,141,107
E00076199,318,175,143
E00076221,337,184,153
E00076185,231,132,99
E00076186,394,217,177
E00076192,257,141,116
E00076194,300,159,141
E00076200,284,143,141
E00076226,243,124,119
E00075897,501,240,261
E00075910,375,195,180
E00075912,239,124,115
E00075913,254,133,121
E00172070,339,189,150
E00172085,251,134,117
E00076102,235,112,123
E00076123,280,149,131
E00076125,288,144,144
E00076126,256,139,117
E00076127,260,137,123
E00076136,291,149,142
E00076105,280,149,131
E00076130,235,119,116
E00076131,257,135,122
E00076137,168,88,80
E00076138,380,190,190
E00076101,265,131,134
E00076120,306,158,148
E00076124,382,202,180
E00076129,268,140,128
E00076139,308,169,139
E00076146,265,131,134
E00076147,277,146,131
E00076149,268,129,139
E00076154,338,174,164
E00076159,256,127,129
E00076501,230,110,120
E00076505,252,132,120
E00076508,272,130,142
E00076513,299,158,141
E00076521,353,169,184
E00076498,303,156,147
E00076503,228,116,112
E00076506,225,125,100
E00076512,261,127,134
E00076514,280,135,145
E00076507,316,170,146
E00076510,287,130,157
E00076511,314,167,147
E00076515,315,161,154
E00076517,349,162,187
E00076488,464,253,211
E00076516,332,175,157
E00076518,453,235,218
E00076519,342,179,163
E00076522,353,178,175
E00076493,244,126,118
E00076496,278,142,136
E00076497,329,175,154
E00076504,300,164,136
E00076509,335,184,151
E00076491,317,170,147
E00076494,307,156,151
E00076495,254,129,125
E00076499,240,110,130
E00076502,299,157,142
E00076084,271,146,125
E00076085,246,129,117
E00076086,245,131,114
E00076088,306,161,145
E00076089,384,211,173
E00076128,326,156,170
E00076134,248,128,120
E00076135,356,179,177
E00172041,131,70,61
E00172084,245,120,125
E00172086,277,140,137
E00076104,238,130,108
E00076109,237,120,117
E00076112,291,149,142
E00076113,291,151,140
E00076116,285,146,139
E00076117,181,102,79
E00076241,314,163,151
E00076261,271,149,122
E00076263,281,138,143
E00076265,232,127,105
E00076267,270,140,130
E00076262,285,157,128
E00076264,298,169,129
E00076266,258,139,119
E00076268,228,129,99
E00076269,292,159,133
E00076141,276,150,126
E00076151,327,175,152
E00076155,261,134,127
E00076156,335,166,169
E00076161,307,160,147
E00076150,303,167,136
E00076152,300,157,143
E00076157,592,322,270
E00076165,312,150,162
E00181139,243,121,122
E00181158,421,211,210
E00181161,320,184,136
E00076163,496,253,243
E00076164,384,193,191
E00076168,276,137,139
E00076171,300,157,143
E00076174,270,132,138
E00076272,234,117,117
E00076276,300,152,148
E00076279,332,166,166
E00076308,312,155,157
E00076309,462,228,234
E00076278,265,132,133
E00076283,298,153,145
E00076286,319,169,150
E00076288,301,150,151
E00076312,314,164,150
E00075960,248,136,112
E00075963,250,127,123
E00075964,306,148,158
E00075965,295,147,148
E00075966,339,176,163
E00075940,238,132,106
E00075941,273,151,122
E00075968,278,143,135
E00075969,317,162,155
E00075973,218,119,99
E00076055,597,309,288
E00076061,292,152,140
E00076094,358,172,186
E00076095,354,196,158
E00076099,353,185,168
E00076100,288,150,138
E00076106,230,116,114
E00076114,251,130,121
E00076115,237,125,112
E00076103,280,142,138
E00076107,289,151,138
E00076108,280,138,142
E00076110,311,162,149
E00076111,249,125,124
E00076142,271,137,134
E00076144,285,152,133
E00076145,317,170,147
E00076181,295,157,138
E00076182,179,94,85
E00076140,373,194,179
E00076153,299,146,153
E00076158,312,152,160
E00076162,262,138,124
E00076173,227,114,113
E00076143,313,161,152
E00076169,600,326,274
E00076177,223,113,110
E00076178,146,72,74
E00076183,171,92,79
E00076170,395,199,196
E00076175,340,174,166
E00076179,381,210,171
E00076180,340,166,174
E00076284,299,153,146
E00076290,286,138,148
E00076292,310,155,155
E00076296,316,171,145
E00075995,295,156,139
E00075996,248,133,115
E00075997,278,132,146
E00075998,226,112,114
E00075999,341,175,166
E00076001,326,163,163
E00076003,297,151,146
E00076004,291,143,148
E00076005,271,136,135
E00076000,281,153,128
E00076002,267,143,124
E00076007,283,150,133
E00076008,307,158,149
E00076013,514,166,348
E00076148,249,124,125
E00076160,284,147,137
E00076167,324,176,148
E00076172,324,168,156
E00076176,339,180,159
E00076520,611,334,277
E00076526,439,229,210
E00181099,286,152,134
E00076369,436,223,213
E00076374,380,192,188
E00076390,334,175,159
E00076394,424,231,193
E00076396,266,136,130
E00076400,336,180,156
E00076402,302,153,149
E00076406,275,155,120
E00076407,327,174,153
E00076371,325,170,155
E00076375,314,158,156
E00076381,216,121,95
E00076385,341,173,168
E00076386,449,240,209
E00076382,325,169,156
E00076384,317,178,139
E00076387,321,168,153
E00076392,283,148,135
E00076395,286,150,136
E00076388,317,162,155
E00076389,259,134,125
E00076391,289,142,147
E00076403,311,149,162
E00076404,299,162,137
E00075938,322,161,161
E00075939,319,155,164
E00075956,301,155,146
E00075957,300,160,140
E00075958,319,143,176
E00075942,332,164,168
E00075943,366,180,186
E00075961,292,167,125
E00075971,472,267,205
E00075959,381,202,179
E00075962,320,173,147
E00075967,345,174,171
E00075970,261,130,131
E00075974,227,121,106
E00075937,418,212,206
E00075944,361,182,179
E00075946,346,182,164
E00075972,296,155,141
E00075975,302,165,137
E00076273,308,156,152
E00076275,364,185,179
E00076280,268,153,115
E00076307,275,135,140
E00076311,368,181,187
E00076285,339,180,159
E00076289,275,143,132
E00076294,247,139,108
E00076295,431,233,198
E00076298,319,164,155
E00076293,314,157,157
E00076297,325,172,153
E00076299,300,161,139
E00076302,219,127,92
E00076303,272,130,142
E00076300,340,185,155
E00076301,256,131,125
E00076304,266,134,132
E00076305,312,158,154
E00076306,304,148,156
E00076271,279,154,125
E00076274,326,158,168
E00076277,300,165,135
E00076310,278,140,138
E00076313,312,153,159
E00076270,316,161,155
E00076281,306,153,153
E00076282,292,152,140
E00076287,282,153,129
E00076291,332,174,158
E00076315,274,149,125
E00076316,284,152,132
E00076318,329,170,159
E00076322,621,318,303
E00076335,341,179,162
E00076314,334,164,170
E00076321,259,134,125
E00076327,264,125,139
E00076328,316,157,159
E00076331,323,167,156
E00076317,241,136,105
E00076323,306,163,143
E00076324,402,221,181
E00076329,270,137,133
E00076330,258,142,116
E00076333,258,131,127
E00076377,336,177,159
E00076378,319,159,160
E00076380,384,191,193
E00076398,371,190,181
E00076399,209,107,102
E00076350,343,188,155
E00076353,278,138,140
E00076357,339,174,165
E00181103,230,119,111
E00181176,462,252,210
E00076344,255,128,127
E00076346,354,182,172
E00076348,315,162,153
E00076351,246,120,126
E00076356,290,147,143
E00076345,328,173,155
E00076347,283,139,144
E00076349,315,151,164
E00076354,309,149,160
E00076359,232,125,107
E00076370,300,159,141
E00076372,349,189,160
E00076379,422,217,205
E00076397,298,154,144
E00076401,264,133,131
E00076373,365,188,177
E00076376,276,150,126
E00076383,331,159,172
E00076393,295,160,135
E00076405,332,177,155
E00076006,258,135,123
E00076009,335,155,180
E00076010,284,138,146
E00076011,289,157,132
E00076012,282,132,150
E00076015,359,191,168
E00076017,286,141,145
E00076019,279,131,148
E00076020,237,107,130
E00076021,310,136,174
E00076635,320,156,164
E00076638,298,161,137
E00076646,271,152,119
E00076649,256,119,137
E00076651,335,135,200
E00076634,283,117,166
E00076636,352,169,183
E00076639,277,132,145
E00076640,299,149,150
E00076642,313,169,144
E00076647,295,138,157
E00076644,281,130,151
E00076655,257,125,132
E00076656,222,106,116
E00076664,363,183,180
E00076665,342,153,189
E00076667,278,143,135
E00076056,310,156,154
E00076058,271,127,144
E00076087,271,128,143
E00076092,245,117,128
E00076096,353,185,168
E00076053,335,167,168
E00076059,280,144,136
E00076063,275,137,138
E00076069,212,109,103
E00076090,244,124,120
E00076091,299,153,146
E00076057,343,199,144
E00076062,360,188,172
E00076064,322,167,155
E00076065,327,175,152
E00076093,334,170,164
E00076060,340,164,176
E00076067,286,145,141
E00076068,353,180,173
E00076070,265,143,122
E00076071,282,146,136
E00076054,397,220,177
E00076066,239,116,123
E00076072,293,155,138
E00076079,229,116,113
E00076097,331,170,161
E00076679,303,151,152
E00076681,299,144,155
E00076686,301,157,144
E00076712,247,133,114
E00076713,255,138,117
E00076325,327,159,168
E00076326,578,293,285
E00076332,359,177,182
E00076336,285,147,138
E00076338,269,134,135
E00076319,336,168,168
E00076320,300,153,147
E00076334,212,108,104
E00076337,223,109,114
E00076339,264,130,134
E00076352,258,128,130
E00076355,248,162,86
E00076360,336,180,156
E00076361,298,161,137
E00076364,225,126,99
E00076340,350,171,179
E00076358,308,165,143
E00172073,173,88,85
E00172075,300,156,144
E00172076,293,143,150
E00076341,224,117,107
E00076362,178,94,84
E00076363,147,84,63
E00076365,207,110,97
E00076366,156,88,68
E00076367,284,147,137
E00076368,180,84,96
E00075945,299,150,149
E00075947,307,178,129
E00075950,268,124,144
E00075951,291,147,144
E00075952,353,168,185
E00075948,287,118,169
E00075949,319,124,195
E00075953,320,157,163
E00075954,306,144,162
E00075955,492,231,261
E00076030,440,235,205
E00076034,474,251,223
E00076050,324,132,192
E00076051,416,196,220
E00076033,495,252,243
E00076035,319,139,180
E00076038,359,183,176
E00076041,306,158,148
E00076052,336,142,194
E00076031,361,170,191
E00076032,225,114,111
E00076036,379,173,206
E00172058,629,355,274
E00172059,189,94,95
E00076648,271,126,145
E00076660,283,136,147
E00076663,325,164,161
E00076668,313,170,143
E00181100,593,282,311
E00076650,246,120,126
E00076652,275,150,125
E00076653,289,148,141
E00076654,249,109,140
E00076658,248,130,118
E00076659,247,135,112
E00076629,279,135,144
E00076632,388,201,187
E00076633,490,218,272
E00076657,235,123,112
E00076661,264,132,132
E00076627,313,156,157
E00076637,298,157,141
E00076641,341,189,152
E00076643,309,155,154
E00076645,412,197,215
E00076073,286,129,157
E00076074,309,161,148
E00076076,355,184,171
E00076080,268,147,121
E00076082,340,164,176
E00076075,445,211,234
E00076077,329,171,158
E00076078,313,160,153
E00076081,380,200,180
E00076083,322,149,173
E00076673,202,89,113
E00076676,270,130,140
E00076677,282,150,132
E00076714,350,166,184
E00076715,262,131,131
E00076716,241,110,131
E00076678,272,129,143
E00076682,319,164,155
E00076684,314,149,165
E00076685,249,114,135
E00076687,267,137,130
E00076692,277,141,136
E00076671,267,122,145
E00076674,427,207,220
E00076680,321,155,166
E00076683,265,131,134
E00076689,355,178,177
E00076693,314,150,164
E00075976,288,158,130
E00076014,271,133,138
E00076016,315,162,153
E00076018,309,157,152
E00076023,226,91,135
E00075977,272,151,121
E00075978,287,159,128
E00076022,279,138,141
E00076024,408,184,224
E00076025,217,92,125
E00075979,214,109,105
E00075980,346,186,160
E00075982,360,176,184
E00075983,191,81,110
E00075985,555,282,273
E00076026,250,138,112
E00075984,186,99,87
E00075991,316,174,142
E00075994,294,157,137
E00181114,385,200,185
E00181140,344,158,186
E00181144,181,102,79
E00181186,313,177,136
E00075987,284,124,160
E00075988,231,92,139
E00075989,191,82,109
E00172060,565,290,275
E00181133,232,114,118
E00181141,326,137,189
E00181143,302,154,148
E00181151,248,122,126
E00076029,291,128,163
E00076042,331,145,186
E00076047,294,157,137
E00076048,289,108,181
E00076028,408,200,208
E00172050,1448,776,672
E00181096,202,91,111
E00181180,356,173,183
E00181183,333,172,161
E00076542,281,126,155
E00076546,170,67,103
E00076552,371,196,175
E00076556,294,140,154
E00076558,269,130,139
E00076560,305,153,152
E00181118,233,133,100
E00181147,596,310,286
E00076559,578,323,255
E00076573,360,166,194
E00076574,208,80,128
E00076577,206,103,103
E00076579,302,156,146
E00076583,361,99,262
E00076553,232,117,115
E00076564,371,199,172
E00172052,218,105,113
E00172065,279,156,123
E00172069,209,96,113
E00076568,264,128,136
E00076569,310,152,158
E00076571,147,76,71
E00172054,261,135,126
E00172055,214,99,115
E00172056,339,176,163
E00076027,325,175,150
E00076037,250,113,137
E00076039,318,145,173
E00076040,323,169,154
E00076043,231,125,106
E00076045,406,210,196
E00076675,357,152,205
E00076690,332,158,174
E00076691,370,209,161
E00076695,257,121,136
E00076697,318,162,156
E00076694,277,135,142
E00076696,443,195,248
E00076700,304,127,177
E00076701,200,100,100
E00076705,255,113,142
E00076708,243,113,130
E00076698,509,210,299
E00076699,394,194,200
E00076702,383,182,201
E00076703,266,102,164
E00076704,303,129,174
E00076706,316,143,173
E00076672,473,224,249
E00076688,267,133,134
E00076707,327,166,161
E00076709,350,174,176
E00076710,305,158,147
E00076711,233,119,114
E00076425,339,174,165
E00076426,263,150,113
E00076427,310,156,154
E00076431,285,150,135
E00076432,334,188,146
E00076412,299,160,139
E00076421,329,185,144
E00076429,233,114,119
E00076430,268,139,129
E00076433,323,158,165
E00076413,295,148,147
E00076418,227,123,104
E00076420,307,163,144
E00181130,396,196,200
E00181142,279,146,133
E00181159,331,170,161
E00181189,304,159,145
E00181193,292,150,142
E00076411,283,152,131
E00076415,311,150,161
E00076416,288,146,142
E00076424,278,151,127
E00076448,333,175,158
E00076414,272,146,126
E00076422,261,143,118
E00076423,292,147,145
E00076428,292,148,144
E00076447,343,171,172
E00076470,328,170,158
E00076471,300,154,146
E00076473,285,144,141
E00076475,281,141,140
E00076476,279,145,134
E00076465,376,197,179
E00076467,309,150,159
E00076468,443,216,227
E00076469,333,175,158
E00076474,318,170,148
E00076453,306,162,144
E00076454,362,194,168
E00076466,321,146,175
E00076472,487,226,261
E00076481,408,210,198
E00076452,277,142,135
E00076455,293,163,130
E00076483,267,131,136
E00076484,314,159,155
E00076486,290,148,142
E00076456,310,153,157
E00076479,273,140,133
E00076480,286,144,142
E00076487,309,165,144
E00172068,352,180,172
E00172071,230,118,112
E00076449,431,210,221
E00181110,125,56,69
E00181165,548,271,277
E00181166,594,308,286
E00181196,170,89,81
E00076461,268,148,120
E00076463,306,160,146
E00076464,281,149,132
E00181115,274,140,134
E00076408,229,116,113
E00076434,289,150,139
E00076435,216,117,99
E00076436,287,154,133
E00076437,296,152,144
E00076440,231,130,101
E00076409,278,143,135
E00076410,317,170,147
E00076439,251,136,115
E00076444,263,153,110
E00076446,264,134,130
E00076438,346,176,170
E00076441,268,134,134
E00076442,325,158,167
E00076443,329,165,164
E00076445,283,146,137
E00076459,306,159,147
E00076460,323,165,158
E00076462,340,172,168
E00172039,284,132,152
E00181098,280,167,113
E00076451,404,201,203
E00076477,223,116,107
E00076478,300,155,145
E00076482,264,137,127
E00076485,239,128,111
E00076540,305,142,163
E00076541,270,120,150
E00076543,315,173,142
E00076544,240,102,138
E00076547,255,107,148
E00076548,201,83,118
E00076551,234,123,111
E00076535,289,137,152
E00076536,222,114,108
E00076545,440,221,219
E00076549,276,124,152
E00076550,276,123,153
E00076554,308,132,176
E00076628,257,138,119
E00076630,295,135,160
E00076631,253,109,144
E00076666,276,142,134
E00076669,354,177,177
E00076670,289,156,133
E00076537,273,156,117
E00076557,175,69,106
E00076561,396,184,212
E00076563,198,84,114
E00076565,310,152,158
E00076566,232,108,124
E00076567,271,140,131
E00076572,396,195,201
E00172061,388,163,225
E00172062,164,76,88
E00172063,230,101,129
E00076580,376,190,186
E00172053,354,165,189
E00172057,321,163,158
E00181105,152,67,85
E00181190,253,125,128
E00076532,258,131,127
E00076534,217,95,122
E00076539,293,130,163
E00076581,177,80,97
E00076584,266,116,150
E00076538,280,143,137
E00076582,250,117,133
E00076585,173,76,97
E00172064,165,77,88
E00172077,175,79,96
E00077135,321,169,152
E00077136,372,194,178
E00077140,329,168,161
E00077143,353,177,176
E00077139,345,174,171
E00077141,280,151,129
E00077142,397,199,198
E00077144,347,183,164
E00077145,264,140,124
E00077125,284,155,129
E00077128,229,122,107
E00077129,296,149,147
E00077146,280,149,131
E00077147,242,130,112
E00077126,220,105,115
E00077127,294,156,138
E00077130,258,136,122
E00077132,352,181,171
E00077134,241,122,119
E00077124,282,154,128
E00077131,281,136,145
E00077133,416,212,204
E00077137,275,143,132
E00077138,317,168,149
E00076992,317,157,160
E00077016,287,145,142
E00077017,333,171,162
E00077018,298,143,155
E00077021,242,131,111
E00076998,316,155,161
E00077026,361,180,181
E00077028,382,192,190
E00077029,294,144,150
E00077020,334,173,161
E00077022,253,137,116
E00077023,293,153,140
E00077025,269,135,134
E00077027,210,105,105
E00076993,379,207,172
E00076995,280,155,125
E00076996,459,257,202
E00077019,237,121,116
E00077024,336,192,144
E00077075,332,179,153
E00077078,165,90,75
E00077079,379,199,180
E00077081,299,162,137
E00077082,334,172,162
E00077064,445,224,221
E00077069,284,141,143
E00077071,289,150,139
E00077073,220,118,102
E00077076,272,151,121
E00077072,251,150,101
E00077074,246,137,109
E00077077,352,170,182
E00077080,374,193,181
E00077057,364,188,176
E00077058,289,157,132
E00077062,411,208,203
E00181119,390,204,186
E00181120,292,149,143
E00181124,262,137,125
E00077055,270,141,129
E00077066,322,163,159
E00077067,311,163,148
E00077068,313,160,153
E00077070,220,115,105
E00077063,412,215,197
E00165878,283,146,137
E00165880,217,109,108
E00181160,147,85,62
E00181163,496,234,262
E00077059,372,193,179
E00077065,268,132,136
E00165889,165,80,85
E00181128,261,144,117
E00181194,328,167,161
E00077085,328,178,150
E00077091,323,169,154
E00077092,263,131,132
E00077094,264,135,129
E00077096,295,150,145
E00077095,355,187,168
E00077099,221,128,93
E00077100,392,200,192
E00077101,503,264,239
E00077102,291,144,147
E00077104,311,168,143
E00077093,264,137,127
E00077097,342,167,175
E00077098,305,157,148
E00077103,368,193,175
E00077105,320,167,153
E00077086,270,124,146
E00077087,316,152,164
E00077088,219,93,126
E00077089,249,121,128
E00077107,291,148,143
E00077109,355,176,179
E00076994,278,172,106
E00076999,197,100,97
E00077000,223,114,109
E00077001,232,121,111
E00077003,382,217,165
E00077010,219,113,106
E00077002,416,189,227
E00077004,323,161,162
E00077007,311,153,158
E00077009,284,147,137
E00077012,251,131,120
E00076991,310,168,142
E00076997,348,190,158
E00077005,368,189,179
E00077006,334,198,136
E00077008,248,132,116
E00077011,293,159,134
E00077013,242,123,119
E00077014,271,145,126
E00077015,225,124,101
E00076877,325,155,170
E00076879,370,191,179
E00076881,276,143,133
E00076884,294,151,143
E00076887,290,151,139
E00076882,291,142,149
E00076885,312,163,149
E00076888,274,145,129
E00076890,328,156,172
E00076899,236,122,114
E00076878,245,131,114
E00076880,288,134,154
E00076883,279,138,141
E00076889,370,182,188
E00076898,309,173,136
E00076896,303,162,141
E00076897,387,186,201
E00076900,284,148,136
E00076901,358,184,174
E00076902,207,111,96
E00076886,297,135,162
E00076891,343,180,163
E00076892,277,138,139
E00076893,196,98,98
E00076894,272,117,155
E00076895,275,138,137
E00077112,393,182,211
E00077114,362,160,202
E00077115,230,104,126
E00077117,255,115,140
E00077118,261,121,140
E00077119,317,149,168
E00077083,177,79,98
E00077084,389,171,218
E00077116,339,137,202
E00077120,280,130,150
E00077121,295,137,158
E00077122,239,93,146
E00077123,270,124,146
E00077090,335,155,180
E00077108,369,170,199
E00077110,260,128,132
E00077111,397,238,159
E00077113,264,123,141
E00165881,178,89,89
E00165882,322,167,155
E00165890,166,86,80
E00077165,221,97,124
E00077166,240,119,121
E00077167,353,161,192
E00077171,274,124,150
E00077172,221,100,121
E00077174,388,208,180
E00077152,232,109,123
E00077153,254,134,120
E00077161,301,157,144
E00077164,312,151,161
E00077170,291,155,136
E00077173,305,159,146
E00077150,270,126,144
E00077155,223,118,105
E00077156,290,145,145
E00077175,286,144,142
E00077177,304,169,135
E00077178,173,96,77
E00077148,264,127,137
E00077149,276,129,147
E00077157,302,148,154
E00077159,243,121,122
E00077160,201,97,104
E00077162,234,116,118
E00077163,181,74,107
E00077151,260,138,122
E00077154,332,176,156
E00077158,257,135,122
E00077168,230,117,113
E00077169,187,99,88
E00077176,221,130,91
E00076927,308,161,147
E00076939,322,159,163
E00076940,337,167,170
E00076947,341,188,153
E00076949,306,180,126
E00076944,296,157,139
E00076948,306,153,153
E00076952,248,145,103
E00076955,317,143,174
E00076959,301,158,143
E00076938,302,150,152
E00076942,265,135,130
E00076946,273,143,130
E00076951,250,137,113
E00076954,311,152,159
E00076928,321,164,157
E00076943,283,144,139
E00076953,329,173,156
E00076956,319,162,157
E00076960,341,177,164
E00076933,245,135,110
E00076945,265,146,119
E00076950,289,145,144
E00076957,205,103,102
E00076958,276,142,134
E00076961,274,146,128
E00076934,247,132,115
E00076935,299,155,144
E00076936,280,149,131
E00076937,268,147,121
E00076941,296,143,153
E00076817,279,151,128
E00076828,305,155,150
E00076832,353,181,172
E00076834,315,153,162
E00076835,248,122,126
E00076826,312,164,148
E00076827,324,166,158
E00076829,311,163,148
E00076830,297,140,157
E00076814,323,159,164
E00076815,319,152,167
E00076831,282,145,137
E00076833,284,146,138
E00076836,320,158,162
E00076819,290,156,134
E00076820,339,184,155
E00076821,290,151,139
E00076824,262,140,122
E00076837,315,172,143
E00076816,320,168,152
E00076818,262,137,125
E00076822,277,142,135
E00076823,268,145,123
E00076825,431,232,199
E00076775,361,173,188
E00165886,309,163,146
E00165887,228,118,110
E00165888,551,283,268
E00165891,548,282,266
E00076755,288,151,137
E00076761,336,170,166
E00076763,269,144,125
E00076766,269,136,133
E00076768,453,235,218
E00076756,281,143,138
E00076765,340,171,169
E00076769,435,235,200
E00076773,337,186,151
E00076774,187,95,92
E00076764,322,160,162
E00076770,209,103,106
E00076771,287,151,136
E00076772,323,167,156
E00076776,206,106,100
E00076777,342,183,159
E00076778,232,121,111
E00076779,313,147,166
E00076780,276,142,134
E00076782,250,124,126
E00076759,312,153,159
E00076760,344,170,174
E00076762,461,241,220
E00076767,377,189,188
E00076788,312,156,156
E00076757,315,157,158
E00076781,342,170,172
E00076787,249,131,118
E00181127,259,133,126
E00076786,320,155,165
E00181106,472,242,230
E00181117,440,211,229
E00181122,439,223,216
E00181145,220,126,94
E00181156,135,63,72
E00076929,348,183,165
E00076930,318,158,160
E00076931,309,181,128
E00076932,353,160,193
E00076962,158,96,62
E00076978,312,161,151
E00076980,244,137,107
E00076982,437,202,235
E00076983,188,97,91
E00076984,283,144,139
E00076987,330,149,181
E00076977,388,198,190
E00076979,324,138,186
E00076981,256,130,126
E00076985,308,147,161
E00076986,363,170,193
E00076989,304,137,167
E00076964,314,162,152
E00076966,287,145,142
E00076973,242,133,109
E00076988,293,160,133
E00076990,357,153,204
E00076965,260,133,127
E00076967,303,154,149
E00076970,250,118,132
E00076972,279,141,138
E00076974,252,117,135
E00076963,363,214,149
E00076968,271,150,121
E00076969,226,123,103
E00076971,411,188,223
E00076975,221,113,108
E00076976,292,137,155
E00076905,339,161,178
E00076912,394,202,192
E00076914,285,157,128
E00076915,219,121,98
E00076917,154,89,65
E00076916,283,143,140
E00076918,282,151,131
E00076919,266,136,130
E00076920,287,145,142
E00076921,295,159,136
E00076913,317,165,152
E00076922,340,191,149
E00076923,311,167,144
E00076924,226,120,106
E00076925,305,163,142
E00076903,288,154,134
E00076906,319,175,144
E00076908,405,208,197
E00076909,297,156,141
E00076911,265,149,116
E00076904,373,208,165
E00076907,337,171,166
E00076910,284,135,149
E00076926,275,144,131
E00076793,324,152,172
E00076797,245,132,113
E00076799,281,141,140
E00076802,257,138,119
E00076805,279,149,130
E00076790,245,138,107
E00076791,270,148,122
E00076792,254,130,124
E00076795,280,154,126
E00076801,277,146,131
E00076803,235,128,107
E00076794,242,121,121
E00076806,276,140,136
E00076807,313,156,157
E00076808,241,127,114
E00076809,284,153,131
E00076796,272,141,131
E00076798,288,139,149
E00076800,251,132,119
E00076804,247,130,117
E00076789,233,121,112
E00076810,232,116,116
E00076811,240,130,110
E00076812,243,126,117
E00076813,294,152,142
E00076722,306,162,144
E00076724,307,156,151
E00076742,309,160,149
E00076744,255,128,127
E00076752,192,108,84
E00076743,228,114,114
E00076746,300,157,143
E00076748,206,112,94
E00076750,258,134,124
E00076754,263,140,123
E00076736,216,121,95
E00076740,209,109,100
E00076741,224,108,116
E00076749,172,81,91
E00076751,228,119,109
E00076753,270,142,128
E00076717,200,104,96
E00076721,229,121,108
E00076723,244,119,125
E00076737,198,104,94
E00076738,162,78,84
E00076739,270,124,146
E00076729,231,114,117
E00076731,195,102,93
E00076732,564,287,277
E00076733,178,97,81
E00076734,299,158,141
E00076747,236,118,118
E00076718,396,213,183
E00076725,322,184,138
E00076728,257,138,119
E00076730,270,157,113
E00076735,259,128,131
E00076719,154,80,74
E00076720,219,114,105
E00076726,184,95,89
E00076727,225,118,107
E00076745,235,116,119
E00077031,246,125,121
E00077035,303,154,149
E00077036,282,149,133
E00077053,310,156,154
E00077054,273,131,142
E00077033,288,140,148
E00077034,189,103,86
E00077050,288,148,140
E00077051,254,125,129
E00077052,235,125,110
E00077038,258,135,123
E00077040,280,152,128
E00077045,320,157,163
E00077048,320,174,146
E00077049,258,132,126
E00077030,228,119,109
E00077032,316,156,160
E00077037,229,116,113
E00077043,302,154,148
E00165883,331,170,161
E00165884,184,92,92
E00165885,218,109,109
E00077039,266,143,123
E00077042,289,154,135
E00077044,258,134,124
E00077046,341,175,166
E00077047,289,148,141
E00076840,257,133,124
E00076842,132,65,67
E00076843,283,137,146
E00076846,289,160,129
E00076848,243,123,120
E00076875,341,180,161
E00076853,254,143,111
E00076854,240,119,121
E00076855,323,162,161
E00076856,332,178,154
E00076857,252,136,116
E00076858,272,126,146
E00076859,305,140,165
E00076841,349,187,162
E00076849,304,154,150
E00076850,327,172,155
E00076851,212,106,106
E00076852,324,171,153
E00076862,201,103,98
E00076865,342,206,136
E00076866,343,177,166
E00076867,291,163,128
E00076869,271,147,124
E00076871,264,138,126
E00076838,331,167,164
E00076860,286,147,139
E00076861,249,130,119
E00076864,318,176,142
E00076870,327,171,156
E00076839,329,173,156
E00076844,267,136,131
E00076845,336,164,172
E00076847,262,144,118
E00076876,305,161,144
E00076863,352,182,170
E00076868,300,156,144
E00076872,319,158,161
E00076873,313,165,148
E00076874,233,120,113
E00078481,439,232,207
E00078482,248,131,117
E00078483,370,181,189
E00078485,282,147,135
E00078493,166,90,76
E00078479,325,166,159
E00078480,237,125,112
E00078498,269,131,138
E00078499,421,220,201
E00078484,379,190,189
E00078486,442,204,238
E00078501,286,148,138
E00078502,238,118,120
E00078506,241,124,117
E00078489,249,139,110
E00078492,191,110,81
E00078503,248,131,117
E00078504,350,184,166
E00078505,293,158,135
E00078490,287,142,145
E00078491,345,171,174
E00078495,295,148,147
E00078496,138,87,51
E00078500,434,211,223
E00078507,112,56,56
E00078487,234,131,103
E00078488,270,136,134
E00078494,315,153,162
E00078497,266,128,138
E00078604,346,176,170
E00078606,320,153,167
E00078607,381,189,192
E00078608,260,139,121
E00078609,220,121,99
E00078601,277,155,122
E00078603,340,179,161
E00078605,295,155,140
E00078618,284,142,142
E00078620,263,134,129
E00078621,306,171,135
E00078610,362,181,181
E00078611,342,199,143
E00078613,339,173,166
E00078615,367,200,167
E00078617,288,141,147
E00078602,391,197,194
E00078612,439,244,195
E00078614,384,199,185
E00078616,312,165,147
E00078619,341,177,164
E00078467,300,146,154
E00078468,270,128,142
E00078469,294,150,144
E00078470,276,149,127
E00078472,304,147,157
E00078452,264,129,135
E00078455,328,170,158
E00078477,306,153,153
E00078478,302,162,140
E00078451,287,141,146
E00078453,300,143,157
E00078460,295,149,146
E00078474,234,118,116
E00078475,297,147,150
E00078446,305,157,148
E00078454,314,156,158
E00078456,299,158,141
E00078457,209,116,93
E00078476,143,75,68
E00078447,291,151,140
E00078448,309,152,157
E00078458,270,146,124
E00078459,250,128,122
E00078461,249,131,118
E00078667,285,153,132
E00078669,352,174,178
E00078686,327,169,158
E00078688,211,125,86
E00078690,306,143,163
E00078666,370,188,182
E00078680,271,135,136
E00078683,328,161,167
E00078684,266,131,135
E00078685,277,152,125
E00078679,285,135,150
E00078681,268,127,141
E00078682,195,104,91
E00078687,446,232,214
E00177325,410,208,202
E00177336,196,110,86
E00078670,343,177,166
E00078673,386,208,178
E00078674,173,101,72
E00078675,263,141,122
E00078677,388,191,197
E00078668,332,171,161
E00078671,277,146,131
E00078672,391,188,203
E00078691,194,102,92
E00078692,290,148,142
E00078663,231,113,118
E00078664,301,155,146
E00078665,303,161,142
E00078678,488,248,240
E00177292,606,300,306
E00177345,165,96,69
E00078510,293,143,150
E00078511,332,165,167
E00078513,280,148,132
E00078516,295,156,139
E00078534,300,147,153
E00078509,346,186,160
E00078512,385,208,177
E00078514,226,122,104
E00078519,313,166,147
E00078520,251,127,124
E00177268,228,112,116
E00177341,416,215,201
E00078515,291,150,141
E00078517,367,179,188
E00078518,372,189,183
E00078524,319,145,174
E00078526,270,133,137
E00078522,159,86,73
E00078527,448,222,226
E00078529,431,222,209
E00078530,318,162,156
E00177297,375,181,194
E00177346,371,185,186
E00078414,319,158,161
E00078424,342,169,173
E00078425,300,137,163
E00078426,322,159,163
E00078428,218,115,103
E00078415,397,210,187
E00078427,361,192,169
E00078429,225,107,118
E00078434,335,191,144
E00078436,289,164,125
E00078508,403,211,192
E00078525,292,156,136
E00078528,343,181,162
E00078531,361,190,171
E00078532,345,170,175
E00078777,342,169,173
E00078789,419,213,206
E00078790,285,159,126
E00078792,325,170,155
E00078793,343,173,170
E00078245,407,216,191
E00078249,429,209,220
E00078252,312,153,159
E00078253,242,121,121
E00078254,306,155,151
E00078255,228,117,111
E00078624,200,94,106
E00078625,593,287,306
E00078626,282,137,145
E00078627,414,198,216
E00078631,372,195,177
E00078622,278,144,134
E00078623,400,208,192
E00078628,214,102,112
E00078629,356,173,183
E00078630,313,158,155
E00177277,309,170,139
E00177285,130,58,72
E00177286,294,135,159
E00177296,426,221,205
E00177299,171,97,74
E00177349,260,132,128
E00177271,530,268,262
E00177274,308,159,149
E00177303,376,196,180
E00177333,298,148,150
E00177280,470,226,244
E00177291,522,243,279
E00177295,326,167,159
E00177319,290,155,135
E00078244,307,157,150
E00078247,285,136,149
E00078248,242,127,115
E00078250,260,134,126
E00078251,243,115,128
E00177278,217,108,109
E00177338,476,241,235
E00177365,497,258,239
E00177368,453,239,214
E00078640,395,184,211
E00078650,306,148,158
E00078651,332,171,161
E00078653,311,155,156
E00078654,290,152,138
E00078632,251,135,116
E00078633,324,174,150
E00078649,307,160,147
E00078656,303,137,166
E00078658,241,124,117
E00166477,206,101,105
E00166508,221,114,107
E00078643,278,141,137
E00078645,501,248,253
E00078646,338,182,156
E00078652,298,162,136
E00078655,244,123,121
E00078638,490,238,252
E00078647,365,192,173
E00078660,277,136,141
E00078661,275,141,134
E00166503,401,219,182
E00166504,417,226,191
E00078634,289,152,137
E00078635,353,166,187
E00078639,281,141,140
E00078641,301,159,142
E00078662,291,159,132
E00078636,172,89,83
E00078637,325,163,162
E00078642,201,102,99
E00078644,340,170,170
E00078648,347,172,175
E00078431,334,167,167
E00078433,314,151,163
E00078435,325,162,163
E00078438,233,124,109
E00078440,311,150,161
E00078416,319,156,163
E00078430,335,161,174
E00078432,299,154,145
E00078437,425,207,218
E00078439,392,194,198
E00078419,343,178,165
E00078420,277,137,140
E00078421,352,175,177
E00078423,399,163,236
E00078441,329,164,165
E00078442,451,204,247
E00078417,394,183,211
E00078418,329,156,173
E00078422,363,169,194
E00078443,368,180,188
E00078444,404,176,228
E00078696,335,165,170
E00078716,302,144,158
E00078717,235,118,117
E00078719,334,171,163
E00078720,288,147,141
E00078699,341,171,170
E00078700,244,120,124
E00078718,288,128,160
E00078721,310,142,168
E00078722,307,163,144
E00078693,363,178,185
E00078698,281,153,128
E00078701,274,144,130
E00078703,333,175,158
E00078708,220,130,90
E00078705,352,165,187
E00078709,318,144,174
E00078711,256,131,125
E00078712,302,154,148
E00078714,331,170,161
E00078773,282,131,151
E00078800,354,171,183
E00078801,215,120,95
E00078803,292,136,156
E00078804,290,142,148
E00177254,108,46,62
E00177258,297,152,145
E00177324,298,134,164
E00078774,318,160,158
E00078775,270,134,136
E00078776,317,150,167
E00078782,269,130,139
E00078784,209,108,101
E00078785,276,148,128
E00078791,343,168,175
E00078794,311,146,165
E00078795,386,188,198
E00078797,317,163,154
E00078798,276,141,135
E00078778,338,172,166
E00078796,287,134,153
E00078799,361,191,170
E00078802,323,156,167
E00166495,318,147,171
E00166496,293,137,156
E00166502,251,121,130
E00166494,307,151,156
E00166497,306,143,163
E00166498,292,130,162
E00166499,283,138,145
E00166500,269,123,146
E00166501,253,115,138
E00078780,328,159,169
E00078783,341,170,171
E00078786,270,134,136
E00078787,352,171,181
E00078788,287,138,149
E00078301,286,162,124
E00078303,178,99,79
E00078307,303,168,135
E00166505,346,169,177
E00166506,180,90,90
E00166507,342,184,158
E00166510,126,63,63
E00078291,336,168,168
E00078295,297,152,145
E00078296,281,141,140
E00078299,314,152,162
E00078293,207,111,96
E00078300,321,165,156
E00078302,283,143,140
E00078308,247,141,106
E00078310,293,146,147
E00078304,255,135,120
E00078311,275,136,139
E00078312,359,168,191
E00078313,282,147,135
E00078315,244,132,112
E00078289,270,135,135
E00078290,313,155,158
E00078292,284,141,143
E00078297,250,134,116
E00078298,271,137,134
E00078294,296,148,148
E00078305,282,144,138
E00078306,252,121,131
E00078314,296,150,146
E00078316,257,135,122
E00078694,345,170,175
E00078695,289,146,143
E00078710,408,203,205
E00078713,286,141,145
E00078715,259,123,136
E00078697,377,184,193
E00078702,306,155,151
E00078704,296,154,142
E00078706,299,160,139
E00078707,246,130,116
E00078736,349,170,179
E00078737,412,217,195
E00078738,386,199,187
E00078742,229,117,112
E00078744,245,123,122
E00078723,223,121,102
E00078741,245,114,131
E00078743,290,146,144
E00078747,305,169,136
E00177298,309,151,158
E00177344,323,169,154
E00078259,522,237,285
E00078269,434,211,223
E00078273,552,260,292
E00078274,467,220,247
E00078275,497,227,270
E00078256,269,115,154
E00078281,281,146,135
E00078284,390,181,209
E00078285,330,157,173
E00078286,454,226,228
E00078264,490,220,270
E00078265,497,250,247
E00078266,461,229,232
E00078271,543,253,290
E00078272,541,253,288
E00177328,427,205,222
E00177362,198,95,103
E00166482,325,146,179
E00166489,470,216,254
E00166492,367,151,216
E00177281,180,84,96
E00177311,395,198,197
E00078276,405,182,223
E00078277,178,86,92
E00078278,226,117,109
E00078280,387,170,217
E00078282,380,163,217
E00078574,229,117,112
E00078575,368,192,176
E00078577,274,138,136
E00078579,312,160,152
E00078580,399,211,188
E00078583,361,178,183
E00078751,311,165,146
E00078753,348,180,168
E00078769,383,188,195
E00078771,343,171,172
E00078750,371,193,178
E00078752,399,204,195
E00078757,266,136,130
E00078760,236,122,114
E00166513,275,140,135
E00166516,335,172,163
E00166519,415,235,180
E00078749,300,150,150
E00078754,381,197,184
E00078768,412,209,203
E00078770,296,157,139
E00078258,342,153,189
E00078260,329,157,172
E00078261,229,106,123
E00078263,460,226,234
E00177313,192,101,91
E00177331,331,172,159
E00177351,447,238,209
E00078351,423,203,220
E00078352,393,177,216
E00078353,332,150,182
E00078354,489,221,268
E00078355,324,146,178
E00078358,266,136,130
E00078755,353,179,174
E00078756,311,157,154
E00078758,365,178,187
E00078761,283,149,134
E00078762,316,152,164
E00078763,369,187,182
E00078764,358,171,187
E00078765,327,164,163
E00078766,213,119,94
E00078767,324,169,155
E00078382,334,174,160
E00078384,314,158,156
E00078386,534,267,267
E00078397,230,114,116
E00078383,337,169,168
E00078392,322,174,148
E00078395,294,167,127
E00078396,268,139,129
E00078400,252,129,123
E00078389,350,174,176
E00078409,290,159,131
E00078410,297,169,128
E00078412,355,183,172
E00078387,285,136,149
E00078388,319,158,161
E00078391,341,167,174
E00078411,266,145,121
E00078413,279,125,154
E00078356,450,208,242
E00078359,372,169,203
E00078361,327,166,161
E00078363,382,166,216
E00078366,345,149,196
E00078372,300,148,152
E00078362,450,206,244
E00078364,322,154,168
E00078368,272,127,145
E00078370,270,120,150
E00078371,288,137,151
E00078373,272,120,152
E00078346,349,159,190
E00078347,313,141,172
E00078348,271,130,141
E00078378,326,172,154
E00078379,349,155,194
E00078367,319,142,177
E00078369,214,109,105
E00177250,354,174,180
E00177273,229,116,113
E00177275,260,115,145
E00177288,461,208,253
E00078360,501,237,264
E00078365,326,143,183
E00078374,404,214,190
E00078576,382,204,178
E00078578,405,209,196
E00078581,311,166,145
E00078584,339,179,160
E00078585,362,167,195
E00078588,324,158,166
E00078589,349,181,168
E00078593,309,144,165
E00078596,300,155,145
E00078600,378,185,193
E00078571,429,209,220
E00078582,278,155,123
E00078586,261,143,118
E00078587,465,253,212
E00078590,423,209,214
E00078570,351,185,166
E00078572,406,212,194
E00078592,278,142,136
E00078594,458,241,217
E00078598,321,163,158
E00078573,367,182,185
E00078591,215,113,102
E00078595,367,194,173
E00078597,288,163,125
E00078599,173,83,90
E00078257,313,156,157
E00078279,349,171,178
E00078283,266,134,132
E00078287,357,174,183
E00078288,278,138,140
E00078349,294,138,156
E00078375,281,135,146
E00078376,288,143,145
E00078377,321,152,169
E00078380,304,148,156
E00078381,227,98,129
E00078557,402,189,213
E00078558,352,161,191
E00078560,318,161,157
E00078561,274,133,141
E00078562,310,152,158
E00166478,209,102,107
E00166479,350,182,168
E00166480,247,124,123
E00166481,241,106,135
E00166483,322,175,147
E00166491,171,74,97
E00078547,410,209,201
E00078551,253,129,124
E00078559,331,163,168
E00166487,360,191,169
E00166488,368,174,194
E00166490,375,204,171
E00078385,351,176,175
E00078402,349,186,163
E00078406,301,143,158
E00078408,328,157,171
E00078390,294,152,142
E00078393,320,170,150
E00078394,255,140,115
E00078398,337,170,167
E00078399,352,183,169
E00078401,242,117,125
E00078403,305,158,147
E00078404,145,83,62
E00078405,264,145,119
E00078407,356,186,170
E00078725,273,138,135
E00078727,313,165,148
E00078729,318,180,138
E00078739,259,130,129
E00078745,357,201,156
E00078724,348,162,186
E00078728,169,85,84
E00078730,196,95,101
E00078732,235,106,129
E00078746,268,138,130
E00078748,264,128,136
E00078726,308,159,149
E00078731,280,141,139
E00078733,294,158,136
E00078734,324,158,166
E00078735,333,161,172
E00078320,281,147,134
E00078329,280,152,128
E00078333,290,147,143
E00078335,297,154,143
E00078336,334,156,178
E00078332,348,183,165
E00078337,335,179,156
E00078338,334,173,161
E00078341,309,155,154
E00078342,136,59,77
E00078334,250,116,134
E00078339,224,114,110
E00078340,232,113,119
E00078343,335,168,167
E00078344,393,191,202
E00078321,289,156,133
E00078345,292,135,157
E00166467,284,138,146
E00166509,204,101,103
E00166591,192,96,96
E00078317,286,142,144
E00078318,244,120,124
E00078319,254,129,125
E00078325,245,137,108
E00078330,194,94,100
E00078331,196,117,79
E00078323,284,145,139
E00078324,155,74,81
E00078326,323,163,160
E00078327,244,116,128
E00078328,394,202,192
E00078539,356,187,169
E00078542,315,158,157
E00078545,298,145,153
E00078565,239,130,109
E00078567,279,147,132
E00078550,301,150,151
E00078563,282,149,133
E00078564,399,207,192
E00078568,208,116,92
E00078569,326,170,156
E00166514,215,92,123
E00166515,206,98,108
E00166517,228,120,108
E00078543,268,146,122
E00078546,279,142,137
E00078548,294,140,154
E00078553,365,185,180
E00177243,189,103,86
E00177332,382,198,184
E00177359,314,150,164
E00078540,326,164,162
E00078541,299,154,145
E00078552,302,153,149
E00078555,331,171,160
E00166518,376,186,190
E00166485,469,225,244
E00177244,135,69,66
E00177257,567,294,273
E00177260,118,64,54
E00177283,113,58,55
E00177366,582,270,312
E00078819,270,144,126
E00078821,351,188,163
E00078832,240,127,113
E00078834,268,133,135
E00078836,297,148,149
E00078815,352,184,168
E00078823,342,193,149
E00078828,301,150,151
E00078830,327,171,156
E00177249,429,238,191
E00177259,231,113,118
E00078816,306,158,148
E00078817,237,130,107
E00078831,305,151,154
E00078833,247,122,125
E00078835,279,152,127
E00078813,231,114,117
E00078814,174,95,79
E00078818,324,171,153
E00078820,311,168,143
E00078824,511,277,234
E00078825,301,147,154
E00078805,360,180,180
E00078808,280,146,134
E00078809,333,168,165
E00078810,280,143,137
E00078811,264,140,124
E00078812,262,131,131
E00177252,416,213,203
E00177294,336,172,164
E00177314,573,281,292
E00177347,390,195,195
E00177352,142,80,62
E00177369,361,184,177
E00078807,256,131,125
E00078826,332,167,165
E00078829,289,147,142
E00166511,337,162,175
E00166512,323,167,156
E00166589,324,173,151
E00177318,313,164,149
E00078533,276,143,133
E00078535,339,167,172
E00078536,290,150,140
E00078537,381,180,201
E00078538,285,142,143
E00166468,131,61,70
E00166469,276,146,130
E00166553,261,144,117
E00166562,343,187,156
E00166563,362,173,189
E00166565,241,111,130
E00166566,155,80,75
E00166472,236,124,112
E00166533,241,120,121
E00166552,254,143,111
E00166554,147,73,74
E00166556,305,148,157
E00166557,248,125,123
E00166592,172,89,83
E00166474,231,115,116
E00166522,108,57,51
E00166547,129,73,56
E00166548,293,140,153
E00166558,126,63,63
E00166559,146,80,66
E00166569,143,71,72
E00166576,107,53,54
E00166585,243,117,126
E00166521,256,136,120
E00166561,197,99,98
E00166564,199,104,95
E00166568,199,102,97
E00166583,188,84,104
E00166584,147,75,72
E00166586,193,89,104
E00166539,338,165,173
E00166541,326,175,151
E00166549,338,170,168
E00166550,322,162,160
E00166551,497,236,261
E00166590,239,130,109
E00166470,148,72,76
E00166523,171,75,96
E00166524,138,74,64
E00166527,225,107,118
E00166528,133,73,60
E00166578,130,67,63
E00166587,189,89,100
E00166588,121,58,63
E00166471,183,95,88
E00166545,228,116,112
E00166570,298,147,151
E00166574,304,147,157
E00166577,250,126,124
E00166579,169,82,87
E00166473,169,87,82
E00166520,431,212,219
E00166532,186,101,85
E00166543,279,130,149
E00166544,113,57,56
E00166555,173,93,80
E00166580,181,81,100
E00166581,222,109,113
E00166582,116,58,58
E00166531,335,160,175
E00166534,334,167,167
E00166537,296,150,146
E00166571,296,152,144
E00166573,328,161,167
E00166535,620,332,288
E00166540,231,99,132
E00166542,337,166,171
E00166572,374,184,190
E00177248,390,187,203
E00177253,170,83,87
E00177263,296,155,141
E00078231,339,167,172
E00078235,570,287,283
E00078236,341,172,169
E00166525,436,223,213
E00166526,199,87,112
E00166560,253,133,120
E00078449,370,191,179
E00078450,316,155,161
E00078465,294,149,145
E00078471,363,182,181
E00078473,305,151,154
E00078445,117,57,60
E00078462,322,163,159
E00078463,320,164,156
E00078464,350,173,177
E00078466,380,193,187
E00078238,305,141,164
E00078243,555,281,274
E00166530,246,126,120
E00166546,282,144,138
E00078239,450,220,230
E00166475,270,131,139
E00166476,306,152,154
E00166529,280,141,139
E00166538,226,113,113
E00166575,285,148,137
E00078232,272,137,135
E00078237,321,160,161
E00177251,247,126,121
E00177316,552,267,285
E00177370,461,240,221
E00094667,337,172,165
E00094670,305,153,152
E00094674,274,139,135
E00094676,514,265,249
E00094679,324,169,155
E00094660,323,159,164
E00094671,260,134,126
E00094672,248,133,115
E00094677,414,209,205
E00182756,353,174,179
E00182814,291,140,151
E00094659,262,128,134
E00094661,362,195,167
E00094662,343,174,169
E00094673,271,136,135
E00094675,210,101,109
E00094663,333,178,155
E00094664,263,140,123
E00094665,158,81,77
E00094666,323,169,154
E00094668,229,119,110
E00094669,250,128,122
E00094786,351,182,169
E00094787,282,136,146
E00094788,347,173,174
E00094789,317,162,155
E00094790,275,137,138
E00094791,535,269,266
E00094819,279,143,136
E00094824,313,170,143
E00094825,300,149,151
E00094826,337,181,156
E00094827,250,132,118
E00094818,329,164,165
E00094820,293,148,145
E00094821,256,130,126
E00094822,336,173,163
E00094828,281,142,139
E00094823,292,145,147
E00094829,309,163,146
E00094830,329,158,171
E00094831,347,164,183
E00094832,259,137,122
E00094642,297,156,141
E00094646,323,171,152
E00094648,246,127,119
E00094651,350,187,163
E00094653,302,165,137
E00172809,193,105,88
E00172825,277,137,140
E00172826,276,153,123
E00094644,234,116,118
E00094645,279,139,140
E00094647,281,139,142
E00094650,300,139,161
E00094652,180,86,94
E00094657,304,138,166
E00094643,263,139,124
E00094655,495,249,246
E00094656,454,222,232
E00094658,293,152,141
E00172793,353,185,168
E00172822,290,152,138
E00094797,328,159,169
E00094798,310,160,150
E00094799,360,183,177
E00094800,286,148,138
E00094801,373,200,173
E00094802,329,161,168
E00094803,299,145,154
E00094736,346,183,163
E00094737,540,277,263
E00094742,334,166,168
E00094746,607,319,288
E00094750,268,136,132
E00094792,267,137,130
E00094793,425,221,204
E00094794,251,133,118
E00094795,262,144,118
E00094796,560,278,282
E00094739,308,161,147
E00094743,353,178,175
E00182799,182,92,90
E00182837,624,330,294
E00094738,388,201,187
E00094740,528,265,263
E00094749,251,125,126
E00182787,229,116,113
E00094686,357,183,174
E00094687,534,285,249
E00094688,319,161,158
E00094689,372,201,171
E00094691,474,236,238
E00094696,406,205,201
E00094697,332,165,167
E00094735,369,195,174
E00094741,330,179,151
E00094744,270,141,129
E00094745,227,125,102
E00094748,280,141,139
E00094755,349,184,165
E00094757,272,138,134
E00094760,409,192,217
E00094763,280,146,134
E00094752,223,120,103
E00094753,259,118,141
E00094756,289,153,136
E00094758,321,145,176
E00094762,226,114,112
E00094751,402,213,189
E00094754,339,188,151
E00094759,418,215,203
E00094761,354,184,170
E00094764,327,166,161
E00094713,249,134,115
E00094714,519,268,251
E00094718,229,118,111
E00094719,305,154,151
E00094721,174,87,87
E00094841,322,170,152
E00094843,342,165,177
E00094851,243,118,125
E00172823,330,171,159
E00172824,287,143,144
E00094878,320,170,150
E00094880,323,163,160
E00094881,265,131,134
E00094887,309,155,154
E00094882,300,150,150
E00094883,306,155,151
E00094884,277,155,122
E00094886,289,147,142
E00094680,326,171,155
E00094681,324,164,160
E00094682,464,252,212
E00094683,365,195,170
E00094684,400,213,187
E00094685,300,151,149
E00094715,394,187,207
E00094716,359,194,165
E00094717,349,188,161
E00094720,208,111,97
E00094722,115,64,51
E00094723,280,148,132
E00094724,264,133,131
E00094725,248,129,119
E00094726,390,195,195
E00094833,479,260,219
E00094834,331,165,166
E00094835,126,63,63
E00094836,299,146,153
E00094837,268,137,131
E00094838,233,120,113
E00094839,196,92,104
E00094840,302,147,155
E00094844,409,221,188
E00094845,246,129,117
E00094850,289,148,141
E00094846,220,130,90
E00094847,302,162,140
E00094848,297,149,148
E00094849,239,139,100
E00094852,358,178,180
E00094857,289,150,139
E00094858,261,128,133
E00094859,358,185,173
E00094861,295,157,138
E00094877,319,156,163
E00094879,305,147,158
E00094885,230,117,113
E00094888,311,163,148
E00094889,252,136,116
E00094853,260,133,127
E00094854,268,145,123
E00094856,262,139,123
E00094863,302,158,144
E00094865,310,156,154
E00094855,266,135,131
E00094860,404,215,189
E00094862,299,164,135
E00094864,311,170,141
E00094867,286,158,128
E00094868,361,181,180
E00094871,315,167,148
E00094875,227,122,105
E00172817,325,158,167
E00172818,315,158,157
E00172819,317,162,155
E00172820,271,138,133
E00172821,303,149,154
E00094869,275,143,132
E00094870,349,190,159
E00094872,272,150,122
E00094873,188,91,97
E00094874,311,155,156
E00094876,298,150,148
E00094690,313,159,154
E00094692,300,150,150
E00094693,475,234,241
E00094694,227,120,107
E00094695,232,122,110
E00094698,374,185,189
E00094699,354,175,179
E00094700,327,159,168
E00094701,282,139,143
E00094703,238,127,111
E00094705,175,94,81
E00094709,384,210,174
E00094711,303,153,150
E00094712,222,122,100
E00182840,234,117,117
E00182847,284,152,132
E00094727,102,50,52
E00094728,134,66,68
E00094729,187,90,97
E00094730,150,71,79
E00094731,197,100,97
E00094732,291,137,154
E00094733,319,160,159
E00094734,298,153,145
E00094767,339,191,148
E00094775,344,175,169
E00094777,224,128,96
E00094785,376,185,191
E00182811,183,93,90
E00182829,418,231,187
E00094894,243,119,124
E00094900,303,157,146
E00094901,295,168,127
E00094902,281,150,131
E00094890,371,179,192
E00094895,298,163,135
E00094897,250,134,116
E00094898,291,157,134
E00094899,306,168,138
E00094891,324,166,158
E00094892,299,165,134
E00094893,248,123,125
E00094896,294,153,141
E00094904,299,150,149
E00094906,239,121,118
E00094907,367,185,182
E00094908,311,154,157
E00094915,260,132,128
E00094804,324,174,150
E00094805,363,184,179
E00094806,258,132,126
E00094807,503,258,245
E00094808,323,177,146
E00094809,293,150,143
E00094810,234,111,123
E00094811,271,141,130
E00094812,169,89,80
E00094813,202,107,95
E00094814,345,177,168
E00094815,196,104,92
E00094816,173,87,86
E00094817,379,194,185
E00094903,288,147,141
E00094905,278,128,150
E00094909,282,151,131
E00094910,290,147,143
E00094911,250,129,121
E00094912,252,133,119
E00094913,218,110,108
E00094914,303,161,142
E00094702,170,83,87
E00094704,169,90,79
E00094706,314,156,158
E00094707,382,194,188
E00094708,164,86,78
E00094766,268,139,129
E00094771,237,112,125
E00094779,253,136,117
E00094782,296,132,164
E00094783,182,84,98
E00094784,295,145,150
E00094765,183,90,93
E00094768,267,139,128
E00094769,246,125,121
E00094770,205,106,99
E00094772,179,75,104
E00094773,208,114,94
E00094774,232,121,111
E00094778,296,152,144
E00094780,241,126,115
E00094781,218,109,109
E00094978,459,221,238
E00094979,315,162,153
E00094980,501,260,241
E00094981,515,267,248
E00094982,273,144,129
E00094983,403,199,204
E00095076,308,167,141
E00095077,280,157,123
E00095078,498,239,259
E00095079,451,249,202
E00095068,341,179,162
E00095069,273,130,143
E00095070,225,117,108
E00095071,494,262,232
E00095137,310,164,146
E00095138,353,147,206
E00095139,439,234,205
E00095140,344,180,164
E00095141,377,192,185
E00095072,553,293,260
E00095073,573,277,296
E00095074,384,190,194
E00095075,438,224,214
E00095122,321,166,155
E00095125,266,151,115
E00095126,511,266,245
E00095127,351,175,176
E00095132,280,144,136
E00095128,299,144,155
E00095129,402,200,202
E00095130,322,161,161
E00095131,412,221,191
E00095123,188,100,88
E00095124,202,108,94
E00095133,230,107,123
E00095134,231,114,117
E00095135,435,229,206
E00095035,448,231,217
E00095036,425,228,197
E00095039,127,60,67
E00095040,134,76,58
E00095041,333,182,151
E00095042,241,121,120
E00095034,437,240,197
E00095037,394,204,190
E00095038,402,201,201
E00095043,324,168,156
E00095044,322,165,157
E00095045,272,141,131
E00095046,237,139,98
E00095172,201,106,95
E00095175,269,137,132
E00095179,304,169,135
E00095180,282,143,139
E00095182,256,133,123
E00095178,347,175,172
E00095181,162,87,75
E00095183,271,135,136
E00182817,620,336,284
E00182854,133,70,63
E00095173,363,189,174
E00095174,340,174,166
E00095176,344,160,184
E00095177,323,163,160
E00095185,162,83,79
E00095026,270,137,133
E00095028,255,152,103
E00095029,331,172,159
E00095030,187,86,101
E00095031,299,161,138
E00095032,176,99,77
E00095022,300,144,156
E00095024,501,256,245
E00095025,314,169,145
E00095027,302,159,143
E00095033,218,126,92
E00172792,301,163,138
E00172800,223,115,108
E00172801,242,121,121
E00172803,274,139,135
E00095187,286,153,133
E00095190,358,181,177
E00095192,296,157,139
E00095193,241,115,126
E00095195,311,168,143
E00095197,368,203,165
E00172790,498,265,233
E00172804,488,241,247
E00095186,239,140,99
E00095188,309,154,155
E00095189,328,174,154
E00095194,254,128,126
E00095196,285,149,136
E00095008,215,117,98
E00095009,407,212,195
E00095015,272,144,128
E00095017,311,155,156
E00095021,243,133,110
E00095016,375,191,184
E00095018,384,197,187
E00095019,286,151,135
E00095020,359,186,173
E00095201,258,134,124
E00095213,238,122,116
E00095214,273,133,140
E00095215,309,166,143
E00095216,240,118,122
E00095203,312,171,141
E00095208,260,137,123
E00095210,290,151,139
E00095211,256,138,118
E00095212,321,168,153
E00095204,379,207,172
E00095205,252,141,111
E00095206,256,146,110
E00095207,274,149,125
E00095209,281,146,135
E00095198,577,315,262
E00172770,292,144,148
E00182858,562,317,245
E00095200,271,136,135
E00095202,256,140,116
E00172772,251,129,122
E00172773,291,149,142
E00182761,273,147,126
E00182801,178,90,88
E00182819,233,124,109
E00182823,494,265,229
E00094938,322,168,154
E00094945,248,141,107
E00094948,230,117,113
E00094950,273,146,127
E00182757,415,234,181
E00182759,460,251,209
E00094940,406,238,168
E00094941,268,156,112
E00094944,315,176,139
E00094946,245,137,108
E00094947,291,160,131
E00094939,270,144,126
E00094943,269,148,121
E00094951,320,174,146
E00094956,298,164,134
E00094959,215,110,105
E00094942,265,152,113
E00094952,382,234,148
E00094953,194,99,95
E00094954,171,70,101
E00094955,253,133,120
E00094958,334,164,170
E00172794,297,156,141
E00172802,226,111,115
E00094985,246,121,125
E00094988,248,134,114
E00094991,267,143,124
E00094993,317,159,158
E00094994,242,122,120
E00094997,271,145,126
E00094984,151,77,74
E00094987,294,165,129
E00094992,253,144,109
E00094995,354,185,169
E00094996,287,148,139
E00094998,374,175,199
E00094999,376,185,191
E00094986,277,150,127
E00094989,384,201,183
E00094990,279,154,125
E00095000,297,152,145
E00095001,237,121,116
E00095002,322,172,150
E00095003,301,141,160
E00095004,315,165,150
E00095005,288,144,144
E00095006,295,158,137
E00095007,350,169,181
E00095014,314,145,169
E00095010,363,185,178
E00095011,357,182,175
E00095013,283,135,148
E00182777,489,260,229
E00182781,295,155,140
E00095136,253,128,125
E00095144,307,163,144
E00095145,536,276,260
E00095154,349,202,147
E00095155,200,106,94
E00095157,208,113,95
E00095149,219,98,121
E00095150,360,189,171
E00095151,351,187,164
E00095152,243,129,114
E00172791,287,128,159
E00095142,411,207,204
E00095143,296,166,130
E00095146,321,167,154
E00095147,378,191,187
E00095148,312,164,148
E00095158,152,81,71
E00095159,159,85,74
E00095160,281,145,136
E00095161,246,128,118
E00095164,353,180,173
E00095165,281,138,143
E00095166,128,64,64
E00095167,114,60,54
E00095168,121,61,60
E00095162,155,81,74
E00095163,251,125,126
E00095169,279,143,136
E00095170,298,144,154
E00095171,328,178,150
E00095055,250,132,118
E00095056,400,195,205
E00095057,323,177,146
E00095058,221,112,109
E00095064,318,173,145
E00095053,231,112,119
E00095054,279,150,129
E00095059,233,122,111
E00095060,246,132,114
E00095061,260,138,122
E00095062,239,124,115
E00095047,268,135,133
E00095048,269,128,141
E00095049,328,175,153
E00095050,334,173,161
E00095052,140,75,65
E00095051,264,155,109
E00095063,315,151,164
E00095065,354,180,174
E00095066,350,183,167
E00095067,318,155,163
E00095086,341,188,153
E00095092,313,160,153
E00095097,554,280,274
E00095098,353,184,169
E00095101,434,201,233
E00095082,408,222,186
E00095084,435,230,205
E00095088,421,210,211
E00095089,291,152,139
E00095093,608,293,315
E00095080,364,200,164
E00095091,333,169,164
E00095094,209,103,106
E00095095,246,130,116
E00095096,309,153,156
E00095099,299,146,153
E00095081,342,174,168
E00095085,297,144,153
E00095087,394,210,184
E00095090,285,152,133
E00095100,364,177,187
E00182771,295,154,141
E00182773,262,129,133
E00182806,318,161,157
E00095103,276,128,148
E00095104,374,172,202
E00095106,344,174,170
E00095107,314,171,143
E00095121,306,166,140
E00095102,261,133,128
E00095105,153,83,70
E00095108,202,89,113
E00095110,342,188,154
E00095120,218,112,106
E00095109,297,132,165
E00095111,558,322,236
E00095112,422,249,173
E00095113,294,163,131
E00095114,332,200,132
E00095115,318,173,145
E00095116,287,133,154
E00095117,332,177,155
E00095118,422,238,184
E00095119,353,200,153
E00095220,272,140,132
E00095224,348,184,164
E00095225,282,145,137
E00095226,203,101,102
E00095227,286,149,137
E00095228,237,124,113
E00095229,257,138,119
E00094916,243,140,103
E00094917,309,162,147
E00094919,176,105,71
E00094928,262,141,121
E00094937,286,148,138
E00182746,666,367,299
E00094923,335,187,148
E00094924,289,174,115
E00094925,382,205,177
E00094926,294,166,128
E00094927,273,154,119
E00094929,380,197,183
E00094918,363,200,163
E00094920,311,166,145
E00094921,212,116,96
E00094922,384,194,190
E00094936,264,146,118
E00094930,337,188,149
E00094932,326,198,128
E00094933,283,144,139
E00094934,295,154,141
E00094935,390,208,182
E00094960,541,266,275
E00094964,249,131,118
E00094973,262,133,129
E00094974,307,157,150
E00094975,272,153,119
E00094971,258,137,121
E00094972,329,171,158
E00094977,264,144,120
E00182754,593,305,288
E00182796,201,103,98
E00182800,135,67,68
E00094961,326,169,157
E00094962,306,159,147
E00094963,327,170,157
E00182809,204,117,87
E00182812,143,71,72
E00182852,345,178,167
E00094966,359,188,171
E00094967,289,157,132
E00094968,326,167,159
E00094969,247,127,120
E00094970,291,137,154
E00095218,300,151,149
E00095219,232,124,108
E00095221,330,182,148
E00095222,373,202,171
E00095223,255,127,128
E00095230,286,156,130
E00095380,356,180,176
E00095385,291,149,142
E00095389,333,157,176
E00095391,283,160,123
E00095383,266,133,133
E00095386,296,148,148
E00095392,273,149,124
E00095393,343,177,166
E00095397,478,249,229
E00095381,300,149,151
E00095387,188,95,93
E00095394,276,146,130
E00095395,262,140,122
E00095396,269,143,126
E00095398,264,136,128
E00095399,326,166,160
E00095400,455,228,227
E00095401,233,127,106
E00095402,394,226,168
E00095379,236,124,112
E00095382,306,160,146
E00095384,268,129,139
E00095388,259,138,121
E00095390,255,133,122
E00095471,440,220,220
E00095472,385,207,178
E00095483,503,256,247
E00095484,251,129,122
E00095485,274,147,127
E00095474,218,110,108
E00095475,376,210,166
E00095476,289,156,133
E00095481,215,125,90
E00095488,258,140,118
E00095492,334,174,160
E00095486,394,210,184
E00095487,461,244,217
E00095489,310,169,141
E00095490,261,137,124
E00095491,292,151,141
E00095493,359,183,176
E00095473,296,150,146
E00095477,262,140,122
E00095478,289,142,147
E00095479,244,128,116
E00095480,303,150,153
E00095482,365,162,203
E00095496,392,204,188
E00095497,388,181,207
E00095511,520,267,253
E00095512,361,173,188
E00095513,303,152,151
E00095494,311,164,147
E00095495,443,218,225
E00095501,428,198,230
E00095502,362,190,172
E00095503,361,156,205
E00095499,313,165,148
E00095500,519,253,266
E00095504,351,180,171
E00095508,406,209,197
E00182779,433,213,220
E00182783,155,82,73
E00095498,551,282,269
E00095506,309,159,150
E00095507,332,168,164
E00095510,441,226,215
E00182755,470,249,221
E00182760,106,56,50
E00095519,302,159,143
E00095520,439,237,202
E00095525,314,153,161
E00095526,360,194,166
E00095521,371,195,176
E00095522,411,197,214
E00095523,329,163,166
E00095524,324,171,153
E00095527,319,166,153
E00095528,288,142,146
E00095529,210,132,78
E00095530,235,128,107
E00095533,380,201,179
E00172765,480,254,226
E00095514,380,204,176
E00095515,309,164,145
E00095516,336,179,157
E00095517,271,129,142
E00095518,230,122,108
E00095404,537,261,276
E00095405,342,182,160
E00095409,405,201,204
E00095410,415,220,195
E00095411,286,129,157
E00095417,411,210,201
E00095418,582,283,299
E00095419,328,150,178
E00095420,286,144,142
E00095423,356,172,184
E00095406,353,174,179
E00095407,284,142,142
E00095408,317,162,155
E00095412,261,134,127
E00095413,202,96,106
E00095403,220,111,109
E00095422,438,211,227
E00095425,368,186,182
E00095426,274,128,146
E00182758,337,167,170
E00182763,347,174,173
E00182769,402,182,220
E00095414,220,110,110
E00095415,332,168,164
E00095416,378,207,171
E00095421,355,187,168
E00095256,566,294,272
E00095263,138,67,71
E00095264,297,143,154
E00095265,390,203,187
E00095266,347,174,173
E00095269,219,99,120
E00095277,332,146,186
E00095254,204,108,96
E00095262,376,175,201
E00095271,283,147,136
E00095272,291,150,141
E00095274,308,161,147
E00182839,614,313,301
E00182857,135,72,63
E00095255,282,147,135
E00095257,368,176,192
E00095259,334,173,161
E00095260,445,180,265
E00095261,271,138,133
E00095276,232,108,124
E00095253,386,207,179
E00095267,445,228,217
E00095270,233,126,107
E00095273,292,146,146
E00095275,317,159,158
E00182767,315,153,162
E00182772,121,56,65
E00182842,457,229,228
E00182850,527,275,252
E00095300,321,166,155
E00095306,195,106,89
E00095307,229,119,110
E00095309,292,150,142
E00095311,271,139,132
E00095312,216,113,103
E00095314,347,189,158
E00095315,298,156,142
E00095316,214,118,96
E00095317,244,124,120
E00095301,340,167,173
E00095305,360,175,185
E00095310,354,190,164
E00095322,431,221,210
E00095302,309,153,156
E00095303,310,166,144
E00095304,324,154,170
E00095320,331,172,159
E00095323,304,153,151
E00095308,289,151,138
E00095313,255,153,102
E00095318,282,147,135
E00095319,336,153,183
E00095321,512,267,245
E00095278,535,273,262
E00095285,327,151,176
E00095289,350,163,187
E00095290,274,139,135
E00095291,296,145,151
E00095279,398,197,201
E00095283,272,133,139
E00095286,291,132,159
E00095287,361,178,183
E00095280,326,155,171
E00095282,265,134,131
E00095284,332,173,159
E00095288,351,179,172
E00095292,414,216,198
E00095294,259,128,131
E00095295,422,215,207
E00095298,285,152,133
E00095299,299,146,153
E00095281,337,180,157
E00095293,324,169,155
E00095296,309,161,148
E00095297,246,130,116
E00095243,382,188,194
E00095244,420,204,216
E00095245,285,148,137
E00095246,358,185,173
E00095248,301,155,146
E00095232,334,165,169
E00095242,367,192,175
E00095247,403,213,190
E00095249,335,169,166
E00095250,317,160,157
E00095541,355,190,165
E00095542,326,164,162
E00095543,305,150,155
E00095544,388,207,181
E00095545,340,170,170
E00095546,320,162,158
E00095547,211,99,112
E00095548,446,222,224
E00095549,384,198,186
E00095550,357,182,175
E00095551,345,171,174
E00095552,331,169,162
E00095553,359,188,171
E00095554,363,190,173
E00095325,284,144,140
E00095332,425,219,206
E00095333,279,146,133
E00095334,455,235,220
E00095335,197,99,98
E00095336,303,169,134
E00095324,319,170,149
E00095326,441,236,205
E00095327,372,197,175
E00095328,279,140,139
E00095329,269,142,127
E00095330,296,145,151
E00095331,319,176,143
E00095436,217,113,104
E00182748,2719,1389,1330
E00095427,512,270,242
E00095428,248,124,124
E00095430,249,127,122
E00095431,324,170,154
E00182788,578,288,290
E00182848,122,66,56
E00095437,297,152,145
E00095438,226,113,113
E00095439,350,167,183
E00095440,338,183,155
E00095441,329,172,157
E00095348,301,162,139
E00095353,327,174,153
E00095354,266,146,120
E00095359,281,143,138
E00095360,323,159,164
E00095344,301,159,142
E00095352,378,200,178
E00095357,323,171,152
E00095362,122,62,60
E00095363,511,257,254
E00095351,317,152,165
E00095355,383,193,190
E00095356,278,147,131
E00095358,321,174,147
E00095361,323,158,165
E00095345,274,140,134
E00095346,298,166,132
E00095347,264,138,126
E00095349,372,194,178
E00095350,256,130,126
E00095364,333,161,172
E00095372,299,153,146
E00095373,255,138,117
E00172787,170,91,79
E00172813,312,148,164
E00172828,356,176,180
E00095366,299,149,150
E00095368,475,248,227
E00095371,292,153,139
E00095374,317,180,137
E00095375,562,302,260
E00095365,285,157,128
E00095370,187,101,86
E00095378,324,169,155
E00172786,586,317,269
E00172808,296,159,137
E00172812,274,152,122
E00172814,335,167,168
E00095234,307,151,156
E00095237,420,199,221
E00095238,201,103,98
E00095239,258,126,132
E00182747,362,180,182
E00095235,283,144,139
E00095236,177,83,94
E00095240,213,104,109
E00095241,235,119,116
E00095251,285,147,138
E00095252,259,127,132
E00095464,456,226,230
E00095465,219,121,98
E00095469,365,186,179
E00095470,422,210,212
E00095457,175,97,78
E00095458,151,80,71
E00095460,267,142,125
E00095462,288,144,144
E00095466,203,111,92
E00095459,405,213,192
E00095461,193,106,87
E00095463,278,148,130
E00095467,251,130,121
E00095468,228,132,96
E00095337,349,178,171
E00095338,196,102,94
E00095339,204,98,106
E00095340,333,157,176
E00095341,339,179,160
E00095342,252,133,119
E00095343,455,243,212
E00095444,361,170,191
E00095445,330,175,155
E00095447,171,76,95
E00095448,346,185,161
E00095442,459,245,214
E00095443,221,108,113
E00172810,286,139,147
E00172811,229,92,137
E00095449,363,194,169
E00095450,199,97,102
E00095451,292,152,140
E00095452,153,74,79
E00095453,344,178,166
E00095454,264,157,107
E00095455,263,137,126
E00095456,422,206,216
E00095534,312,176,136
E00095535,385,201,184
E00095536,301,153,148
E00095537,360,177,183
E00095538,168,89,79
E00095539,251,128,123
E00095540,297,147,150
E00095631,231,109,122
E00095632,213,106,107
E00095633,211,102,109
E00095634,407,232,175
E00095636,286,148,138
E00095637,235,118,117
E00095626,426,218,208
E00095628,287,157,130
E00095629,306,156,150
E00095635,358,174,184
E00172766,328,160,168
E00172767,202,110,92
E00172768,175,101,74
E00095622,320,172,148
E00095623,249,139,110
E00095624,206,117,89
E00095625,348,172,176
E00095627,253,144,109
E00095630,267,135,132
E00095747,369,196,173
E00095748,334,176,158
E00095749,249,144,105
E00095754,205,107,98
E00095757,275,146,129
E00095741,232,122,110
E00095742,224,121,103
E00095743,382,198,184
E00095745,309,156,153
E00095746,362,194,168
E00182795,125,72,53
E00182816,444,233,211
E00182861,356,194,162
E00095750,209,99,110
E00095751,221,116,105
E00095752,237,116,121
E00095753,259,137,122
E00095755,278,147,131
E00095756,211,115,96
E00095661,501,247,254
E00095662,282,146,136
E00095663,396,199,197
E00095664,300,153,147
E00095665,335,161,174
E00095666,289,149,140
E00095667,267,135,132
E00095700,322,163,159
E00095701,279,151,128
E00095702,326,173,153
E00095703,336,175,161
E00095704,156,77,79
E00095705,401,222,179
E00095706,280,136,144
E00095707,329,165,164
E00095833,521,256,265
E00095834,345,172,173
E00095835,167,90,77
E00095836,304,154,150
E00095837,418,211,207
E00095838,306,151,155
E00095839,264,133,131
E00095840,383,206,177
E00095645,233,122,111
E00095648,425,215,210
E00095651,371,200,171
E00095652,323,166,157
E00095653,269,146,123
E00095646,230,118,112
E00095647,418,214,204
E00095649,455,222,233
E00095650,301,155,146
E00095657,238,126,112
E00095654,221,110,111
E00095655,296,172,124
E00095656,261,134,127
E00095658,246,118,128
E00095659,262,133,129
E00095660,201,102,99
E00095801,237,125,112
E00095802,265,135,130
E00095803,292,149,143
E00095804,204,104,100
E00095805,304,161,143
E00095806,315,158,157
E00095807,199,109,90
E00095808,434,216,218
E00095708,420,212,208
E00095709,422,231,191
E00095714,255,140,115
E00095715,190,89,101
E00095792,194,102,92
E00095793,204,105,99
E00095794,241,121,120
E00095795,417,211,206
E00095796,236,118,118
E00095797,272,133,139
E00095798,224,111,113
E00095799,220,113,107
E00095800,527,253,274
E00095638,393,201,192
E00095640,344,166,178
E00095644,397,200,197
E00172779,447,245,202
E00172785,251,120,131
E00095641,316,171,145
E00095643,276,132,144
E00172788,333,177,156
E00182821,463,248,215
E00182835,158,87,71
E00095676,298,159,139
E00095689,262,135,127
E00095692,339,177,162
E00095694,326,153,173
E00095695,274,141,133
E00095678,326,169,157
E00095682,323,154,169
E00095683,372,200,172
E00095696,318,156,162
E00095699,371,188,183
E00095679,307,164,143
E00095680,371,195,176
E00095697,388,209,179
E00095698,324,170,154
E00095684,318,169,149
E00095685,223,99,124
E00095686,178,78,100
E00095687,184,86,98
E00095688,281,141,140
E00095690,507,269,238
E00172777,287,142,145
E00172782,346,182,164
E00172783,278,146,132
E00172789,306,164,142
E00182797,330,169,161
E00182846,271,128,143
E00095681,401,216,185
E00095693,344,172,172
E00172776,283,150,133
E00172778,300,163,137
E00182844,530,272,258
E00182860,280,147,133
E00095562,282,144,138
E00095563,338,167,171
E00095564,462,243,219
E00095565,327,175,152
E00095566,367,189,178
E00095567,288,149,139
E00095568,162,82,80
E00095710,350,169,181
E00095711,292,144,148
E00095712,363,176,187
E00095713,232,123,109
E00095776,301,155,146
E00095777,434,209,225
E00095778,245,128,117
E00095779,335,171,164
E00095780,305,151,154
E00095781,271,146,125
E00095782,414,218,196
E00095783,143,72,71
E00095784,272,133,139
E00095785,233,112,121
E00095786,249,127,122
E00095788,334,168,166
E00095787,305,146,159
E00095789,335,171,164
E00095790,312,156,156
E00095791,371,186,185
E00095555,415,207,208
E00095556,488,246,242
E00095557,392,193,199
E00095760,265,139,126
E00095761,384,188,196
E00095762,319,163,156
E00095763,345,176,169
E00095764,386,199,187
E00182750,238,128,110
E00095767,255,118,137
E00095768,191,110,81
E00095769,226,108,118
E00095770,126,64,62
E00095773,382,206,176
E00095774,255,134,121
E00095775,198,112,86
E00172774,259,134,125
E00172775,148,66,82
E00095728,462,223,239
E00095729,246,121,125
E00095730,448,235,213
E00095731,447,229,218
E00095735,319,168,151
E00095736,356,189,167
E00095737,108,51,57
E00095738,138,70,68
E00095739,305,156,149
E00095740,363,195,168
E00095725,151,79,72
E00095732,268,137,131
E00095733,328,159,169
E00095734,319,155,164
E00095716,112,53,59
E00095717,207,100,107
E00095718,187,88,99
E00095722,414,185,229
E00095724,593,302,291
E00095721,176,80,96
E00095723,149,77,72
E00095726,277,143,134
E00095727,187,99,88
E00182749,218,113,105
E00095809,348,179,169
E00095811,356,193,163
E00095814,245,126,119
E00095815,115,65,50
E00095817,250,137,113
E00095818,322,158,164
E00095816,336,180,156
E00095819,250,125,125
E00095821,426,228,198
E00095826,321,179,142
E00095831,327,189,138
E00095832,244,127,117
E00095812,323,178,145
E00095822,126,72,54
E00095823,333,178,155
E00095825,154,77,77
E00095827,258,132,126
E00095829,270,139,131
E00095830,296,159,137
E00095810,483,262,221
E00095813,193,111,82
E00095820,360,189,171
E00095824,231,126,105
E00095828,247,132,115
E00095558,286,139,147
E00095559,440,224,216
E00095560,273,142,131
E00095561,406,210,196
E00095569,321,157,164
E00095570,338,183,155
E00095571,305,151,154
E00095572,290,158,132
E00095573,230,112,118
E00095574,341,181,160
E00095575,360,183,177
E00095576,314,164,150
E00095668,183,93,90
E00095672,357,179,178
E00095673,290,144,146
E00095674,288,145,143
E00095669,354,192,162
E00095670,353,180,173
E00095671,280,149,131
E00095675,369,192,177
E00095602,382,212,170
E00095605,359,176,183
E00095606,302,165,137
E00095607,340,174,166
E00095619,286,149,137
E00095601,459,231,228
E00095609,289,123,166
E00095612,302,149,153
E00095613,428,218,210
E00095620,455,244,211
E00095608,314,159,155
E00095611,278,140,138
E00095614,300,144,156
E00095617,580,273,307
E00182804,375,172,203
E00182830,586,293,293
E00182831,129,64,65
E00182859,101,50,51
E00095604,553,288,265
E00095615,327,157,170
E00095616,460,233,227
E00095618,415,215,200
E00172830,249,132,117
E00172831,299,153,146
E00172833,364,185,179
E00095577,295,155,140
E00095578,287,139,148
E00095588,562,296,266
E00095590,284,145,139
E00095597,312,168,144
E00095589,285,149,136
E00095591,281,134,147
E00095592,268,123,145
E00095593,351,176,175
E00095594,273,142,131
E00095595,216,110,106
E00095579,416,210,206
E00095584,283,144,139
E00095596,365,193,172
E00182764,139,69,70
E00182827,469,237,232
E00182838,223,107,116
E00095580,292,140,152
E00095582,413,209,204
E00095583,250,124,126
E00095598,362,181,181
E00095599,268,146,122
E00095581,296,152,144
E00095585,264,124,140
E00095586,305,152,153
E00095600,231,122,109
E00096043,306,176,130
E00096048,233,123,110
E00096049,283,150,133
E00096050,228,121,107
E00096052,283,171,112
E00096044,505,262,243
E00096053,468,242,226
E00096054,328,173,155
E00096055,257,135,122
E00096045,308,159,149
E00096046,213,111,102
E00096047,297,152,145
E00096051,364,188,176
E00096061,369,200,169
E00096062,269,139,130
E00096063,514,284,230
E00096064,190,93,97
E00096065,244,133,111
E00096056,191,85,106
E00096057,163,85,78
E00096058,154,82,72
E00096059,132,77,55
E00096060,139,62,77
E00096068,145,79,66
E00182751,300,173,127
E00095863,308,162,146
E00095866,209,118,91
E00095873,234,118,116
E00095874,247,128,119
E00095875,536,283,253
E00095877,297,158,139
E00095879,302,158,144
E00095880,322,177,145
E00095881,429,223,206
E00095882,394,214,180
E00095884,317,155,162
E00095876,312,165,147
E00095878,261,132,129
E00095883,267,140,127
E00095885,312,166,146
E00095886,324,177,147
E00095887,279,145,134
E00095888,302,162,140
E00095889,252,138,114
E00095890,366,192,174
E00095891,324,177,147
E00095893,376,197,179
E00095900,218,116,102
E00095898,267,134,133
E00182768,580,330,250
E00182807,105,52,53
E00182810,305,159,146
E00182856,204,112,92
E00095894,386,197,189
E00095895,353,190,163
E00095896,329,134,195
E00095897,399,196,203
E00095899,186,95,91
E00095901,291,153,138
E00095904,255,131,124
E00095907,355,192,163
E00095908,165,88,77
E00095909,309,159,150
E00095913,302,153,149
E00182826,470,260,210
E00182828,216,117,99
E00095902,253,132,121
E00095903,220,114,106
E00095905,179,95,84
E00095910,212,113,99
E00095911,279,138,141
E00095912,367,181,186
E00095915,272,128,144
E00095916,290,152,138
E00095919,304,148,156
E00095922,343,188,155
E00095923,274,140,134
E00095924,219,112,107
E00095925,332,165,167
E00095841,271,143,128
E00095842,216,108,108
E00095843,263,142,121
E00095844,320,159,161
E00095845,183,92,91
E00095846,290,149,141
E00095847,295,150,145
E00095848,282,156,126
E00095865,321,166,155
E00095869,474,232,242
E00095870,321,172,149
E00095871,393,188,205
E00095862,202,99,103
E00095864,494,242,252
E00095867,473,250,223
E00095868,252,116,136
E00095872,215,103,112
E00095932,456,244,212
E00095933,169,86,83
E00095934,179,95,84
E00095935,271,146,125
E00095936,274,154,120
E00095937,171,92,79
E00095938,325,170,155
E00096035,340,169,171
E00096036,255,138,117
E00096037,401,206,195
E00096038,259,132,127
E00096039,274,138,136
E00096040,307,141,166
E00096041,296,158,138
E00096042,230,109,121
E00095914,306,160,146
E00095917,368,186,182
E00095918,395,206,189
E00095920,294,150,144
E00095921,272,146,126
E00095926,291,151,140
E00095927,432,232,200
E00095928,244,126,118
E00095929,296,155,141
E00095930,368,191,177
E00095931,203,105,98
E00095939,274,145,129
E00095940,329,179,150
E00095952,397,201,196
E00095953,294,155,139
E00095954,243,129,114
E00096023,232,123,109
E00096024,303,167,136
E00096027,355,182,173
E00096030,304,148,156
E00096031,328,171,157
E00095849,265,133,132
E00095852,229,128,101
E00095853,247,130,117
E00095855,249,129,120
E00095856,270,138,132
E00095857,281,141,140
E00095858,333,149,184
E00095859,214,118,96
E00095850,222,102,120
E00095851,295,151,144
E00095854,233,129,104
E00095860,265,137,128
E00095861,302,155,147
E00095957,273,150,123
E00095958,259,135,124
E00095959,298,144,154
E00095960,380,170,210
E00095961,252,125,127
E00095969,485,237,248
E00095971,350,192,158
E00095973,311,171,140
E00095974,184,101,83
E00095976,193,90,103
E00095980,268,138,130
E00095991,194,93,101
E00095972,325,164,161
E00095987,224,107,117
E00095988,321,170,151
E00095989,316,173,143
E00095990,315,164,151
E00095956,214,96,118
E00095962,246,124,122
E00095963,261,134,127
E00095964,221,89,132
E00095965,210,106,104
E00095966,346,166,180
E00095967,297,163,134
E00095968,293,175,118
E00095975,303,147,156
E00095977,304,152,152
E00095978,240,129,111
E00095979,293,156,137
E00095981,231,119,112
E00095970,237,107,130
E00095982,305,182,123
E00095983,217,120,97
E00095984,270,147,123
E00095985,232,118,114
E00095986,333,172,161
E00095992,212,117,95
E00095994,181,98,83
E00095995,250,127,123
E00095996,242,128,114
E00096002,168,89,79
E00096003,214,106,108
E00096004,246,120,126
E00095943,275,142,133
E00095946,344,180,164
E00095949,280,145,135
E00095950,254,134,120
E00095951,318,184,134
E00095955,271,149,122
E00095941,239,121,118
E00095942,215,120,95
E00095944,239,124,115
E00095945,240,128,112
E00095947,250,136,114
E00095948,303,168,135
E00096025,298,157,141
E00096026,447,237,210
E00096028,245,121,124
E00096029,282,126,156
E00096032,219,113,106
E00096033,462,230,232
E00096034,209,106,103
E00095993,202,105,97
E00095997,272,137,135
E00095998,263,132,131
E00095999,255,140,115
E00096000,203,116,87
E00096001,246,138,108
E00096007,274,146,128
E00096009,194,89,105
E00096010,176,97,79
E00096011,183,99,84
E00096012,185,103,82
E00096021,189,102,87
E00096006,272,138,134
E00096008,268,137,131
E00096013,284,145,139
E00096014,242,123,119
E00096015,329,176,153
E00096020,308,157,151
E00096005,210,108,102
E00096016,207,110,97
E00096017,241,130,111
E00096018,207,110,97
E00096019,312,169,143
E00096022,291,159,132
E00096256,345,166,179
E00096257,139,66,73
E00096258,248,124,124
E00096259,278,139,139
E00096261,280,140,140
E00096265,323,160,163
E00096268,289,151,138
E00096250,384,196,188
E00096252,263,143,120
E00096254,475,236,239
E00182802,287,151,136
E00182851,425,211,214
E00096255,242,133,109
E00096260,311,169,142
E00096262,232,121,111
E00096263,352,176,176
E00096267,266,144,122
E00096269,226,115,111
E00096270,314,151,163
E00096271,265,151,114
E00182778,178,92,86
E00182782,567,299,268
E00096266,356,180,176
E00182762,115,63,52
E00182813,408,201,207
E00182849,622,331,291
E00182775,231,112,119
E00182789,238,113,125
E00182798,606,311,295
E00182833,326,163,163
E00182841,141,69,72
E00096318,204,100,104
E00096319,284,137,147
E00096320,243,131,112
E00096321,328,169,159
E00096332,311,160,151
E00096322,401,203,198
E00096323,428,226,202
E00096324,305,153,152
E00096325,298,149,149
E00096329,401,202,199
E00096326,275,148,127
E00096327,302,159,143
E00096328,372,191,181
E00096330,535,283,252
E00096331,344,167,177
E00096335,551,281,270
E00096336,408,216,192
E00096337,501,257,244
E00096338,449,224,225
E00096340,341,165,176
E00096333,295,149,146
E00096334,420,206,214
E00096339,352,189,163
E00096346,378,185,193
E00182794,287,158,129
E00182805,476,251,225
E00096341,359,178,181
E00096342,300,151,149
E00096344,369,184,185
E00096345,311,161,150
E00096150,357,181,176
E00096154,399,194,205
E00096158,416,209,207
E00096163,500,245,255
E00096165,467,252,215
E00096153,248,117,131
E00096155,333,171,162
E00096156,213,107,106
E00096159,342,163,179
E00096161,358,161,197
E00096164,187,109,78
E00096152,437,224,213
E00096157,434,227,207
E00096166,380,199,181
E00096167,175,93,82
E00182785,401,206,195
E00182820,148,64,84
E00182855,113,48,65
E00096147,242,120,122
E00096148,238,120,118
E00096149,447,226,221
E00096151,409,203,206
E00096162,393,202,191
E00096095,251,132,119
E00096104,215,118,97
E00096107,277,146,131
E00096108,380,183,197
E00096109,452,234,218
E00096096,260,141,119
E00096098,411,213,198
E00096100,242,136,106
E00096101,264,140,124
E00182766,345,190,155
E00182815,145,71,74
E00182824,145,75,70
E00096099,414,198,216
E00096102,363,153,210
E00096103,254,113,141
E00096105,278,131,147
E00096106,301,157,144
E00096111,288,154,134
E00096114,389,206,183
E00096119,244,127,117
E00096120,357,187,170
E00096125,318,159,159
E00096117,441,217,224
E00096118,332,182,150
E00096121,262,140,122
E00096122,228,124,104
E00096123,284,163,121
E00096124,272,146,126
E00096110,390,201,189
E00096112,331,168,163
E00096113,306,162,144
E00096115,344,183,161
E00096116,295,144,151
E00096273,395,205,190
E00096276,235,117,118
E00096278,268,131,137
E00096279,414,207,207
E00096282,304,146,158
E00096294,387,204,183
E00096274,307,152,155
E00096275,274,145,129
E00096280,196,104,92
E00096281,444,228,216
E00096283,221,115,106
E00096284,205,99,106
E00182786,169,86,83
E00182853,446,214,232
E00096286,380,200,180
E00096287,462,248,214
E00096289,242,123,119
E00096292,274,138,136
E00096293,600,306,294
E00096285,352,177,175
E00096288,377,196,181
E00096290,395,194,201
E00096291,397,187,210
E00096186,196,105,91
E00096188,286,151,135
E00096189,478,244,234
E00096193,195,101,94
E00096194,296,151,145
E00096195,251,127,124
E00096184,337,166,171
E00096196,350,174,176
E00096197,402,201,201
E00096198,371,196,175
E00096199,363,183,180
E00096183,234,125,109
E00096185,247,133,114
E00096187,315,184,131
E00096190,180,83,97
E00096191,355,188,167
E00096192,271,129,142
E00096390,429,204,225
E00096391,272,132,140
E00096394,371,183,188
E00096396,453,230,223
E00096397,395,208,187
E00096385,247,123,124
E00096387,407,219,188
E00096395,431,219,212
E00096398,454,227,227
E00096399,353,182,171
E00096386,259,133,126
E00096388,358,173,185
E00096392,505,242,263
E00096393,364,164,200
E00182780,367,176,191
E00182845,304,155,149
E00096365,336,162,174
E00096366,271,138,133
E00096372,324,169,155
E00096381,316,158,158
E00096367,595,296,299
E00096382,425,222,203
E00096383,234,113,121
E00096384,133,67,66
E00172780,322,167,155
E00172781,380,184,196
E00096368,540,279,261
E00096373,283,129,154
E00096376,298,153,145
E00096379,284,141,143
E00096380,375,186,189
E00096370,284,137,147
E00096374,252,132,120
E00096375,272,146,126
E00096377,372,191,181
E00096378,319,165,154
E00096362,359,183,176
E00096363,320,159,161
E00096364,566,293,273
E00096371,344,176,168
E00096297,176,96,80
E00096307,307,171,136
E00096310,259,127,132
E00096312,347,205,142
E00096314,260,132,128
E00096305,329,177,152
E00096306,337,157,180
E00096308,253,134,119
E00096309,267,153,114
E00172796,273,147,126
E00172797,409,214,195
E00096296,415,215,200
E00096311,413,218,195
E00096313,334,165,169
E00096315,273,143,130
E00096317,177,99,78
E00182803,357,196,161
E00182843,267,128,139
E00096300,211,113,98
E00096301,246,130,116
E00096303,174,79,95
E00096304,261,131,130
E00096316,228,125,103
E00172769,358,183,175
E00096136,290,156,134
E00096137,277,148,129
E00096138,284,164,120
E00096141,201,99,102
E00096146,458,231,227
E00096129,187,98,89
E00096130,214,112,102
E00096135,196,105,91
E00096139,318,174,144
E00182793,475,249,226
E00182834,126,69,57
E00096140,312,161,151
E00096142,294,163,131
E00096143,291,151,140
E00096144,251,129,122
E00096145,267,142,125
E00096131,387,204,183
E00096132,217,115,102
E00096133,227,125,102
E00096134,173,92,81
E00182752,234,114,120
E00096071,306,149,157
E00096076,218,112,106
E00096077,294,146,148
E00096078,127,60,67
E00096081,474,242,232
E00172805,260,142,118
E00172807,414,220,194
E00096073,247,123,124
E00096080,242,132,110
E00096084,291,145,146
E00182770,537,283,254
E00182792,191,99,92
E00096072,329,157,172
E00096075,341,182,159
E00096079,266,146,120
E00096082,423,211,212
E00096083,378,193,185
E00096085,342,179,163
E00096087,345,174,171
E00172806,383,192,191
E00172834,403,218,185
E00096089,404,195,209
E00096090,350,182,168
E00096091,267,134,133
E00096092,316,162,154
E00096093,241,123,118
E00182765,437,227,210
E00182790,555,290,265
E00182822,113,62,51
E00182836,119,58,61
E00096168,242,123,119
E00096172,376,191,185
E00096175,295,157,138
E00096180,298,153,145
E00096181,238,106,132
E00096169,300,131,169
E00096171,324,161,163
E00096173,296,165,131
E00096176,361,176,185
E00096182,290,145,145
E00096235,290,143,147
E00096236,337,173,164
E00096237,289,147,142
E00096247,322,169,153
E00172795,422,204,218
E00172799,388,192,196
E00182753,103,49,54
E00182784,555,297,258
E00096241,236,123,113
E00096242,571,297,274
E00096243,194,105,89
E00096244,322,158,164
E00096246,207,113,94
E00096170,297,162,135
E00096174,298,148,150
E00096178,212,99,113
E00096179,310,170,140
E00182808,284,148,136
E00182832,201,107,94
E00096215,429,210,219
E00096230,324,173,151
E00096233,176,105,71
E00096234,305,154,151
E00182791,413,215,198
E00182818,249,132,117
E00096220,258,135,123
E00096221,237,116,121
E00096226,552,277,275
E00096227,267,130,137
E00096228,431,230,201
E00096214,340,182,158
E00096216,282,135,147
E00096231,311,153,158
E00096232,287,141,146
E00182774,105,55,50
E00182776,429,205,224
E00182825,223,116,107
E00096217,290,142,148
E00096218,270,151,119
E00096219,206,112,94
E00096222,231,117,114
E00096224,272,134,138
E00096225,222,130,92
E00096238,303,143,160
E00096239,260,138,122
E00096240,284,153,131
E00096245,230,114,116
E00096248,260,126,134
E00096203,183,98,85
E00096204,285,143,142
E00096205,248,135,113
E00096207,184,95,89
E00096208,144,71,73
E00096209,255,127,128
E00096210,273,141,132
E00096211,210,108,102
E00096212,249,126,123
E00096213,327,164,163
E00096200,203,107,96
E00096201,309,155,154
E00096202,374,192,182
E00096206,434,232,202
E00096349,156,81,75
E00096350,311,153,158
E00096351,377,210,167
E00096352,288,146,142
E00096354,235,118,117
E00096347,561,300,261
E00096348,307,162,145
E00096353,267,138,129
E00096361,246,121,125
E00096355,300,145,155
E00096356,359,175,184
E00096357,190,94,96
E00096358,157,74,83
E00096359,273,142,131
E00096360,311,170,141
E00096400,177,88,89
E00096401,135,73,62
E00096402,296,142,154
E00096403,252,124,128
E00096404,253,140,113
E00096405,233,117,116
E00096406,349,181,168
E00096407,210,103,107
E00096408,152,82,70
E00162382,276,134,142
E00162383,362,193,169
E00162384,277,129,148
E00162385,261,140,121
E00162386,285,147,138
E00162387,180,88,92
E00162388,226,110,116
E00162536,190,98,92
E00162537,471,235,236
E00162538,379,197,182
E00162539,531,265,266
E00162540,187,95,92
E00162564,340,184,156
E00162565,313,155,158
E00162566,399,197,202
E00162567,377,226,151
E00162571,413,203,210
E00162568,330,165,165
E00162569,365,186,179
E00162570,264,147,117
E00162572,287,143,144
E00162573,294,165,129
E00162629,262,133,129
E00162630,320,167,153
E00162631,277,141,136
E00162632,353,182,171
E00162633,149,80,69
E00162634,199,99,100
E00162498,304,169,135
E00162500,327,158,169
E00162504,323,159,164
E00162508,326,173,153
E00162509,318,173,145
E00162510,439,248,191
E00184266,327,175,152
E00184300,407,219,188
E00162499,292,149,143
E00162501,223,120,103
E00162502,238,124,114
E00162503,287,150,137
E00162505,268,139,129
E00162506,176,88,88
E00162511,318,173,145
E00162513,228,133,95
E00162514,248,130,118
E00162515,304,143,161
E00162512,311,161,150
E00162516,296,156,140
E00162517,300,161,139
E00162521,301,152,149
E00162518,203,108,95
E00162520,327,171,156
E00166380,215,122,93
E00166381,1133,519,614
E00184194,318,166,152
E00184275,372,196,176
E00162523,271,141,130
E00162524,300,152,148
E00162525,263,135,128
E00162526,258,130,128
E00162527,251,126,125
E00162528,246,126,120
E00162543,308,158,150
E00162547,514,269,245
E00162548,293,158,135
E00162550,260,133,127
E00162551,262,137,125
E00162552,313,161,152
E00162541,239,136,103
E00162542,512,253,259
E00162544,272,150,122
E00162545,318,167,151
E00162546,260,133,127
E00162549,246,129,117
E00162553,263,136,127
E00162554,182,90,92
E00162555,327,171,156
E00162556,309,157,152
E00162557,309,161,148
E00162558,316,157,159
E00162440,359,189,170
E00162441,231,109,122
E00162444,313,171,142
E00162445,324,168,156
E00162446,219,121,98
E00166372,265,126,139
E00166373,224,114,110
E00162447,311,150,161
E00162448,330,169,161
E00162449,269,137,132
E00162450,313,153,160
E00162453,291,150,141
E00162439,430,221,209
E00162442,404,203,201
E00162443,279,143,136
E00162451,298,148,150
E00162452,310,161,149
E00162454,338,174,164
E00166342,258,129,129
E00166359,372,180,192
E00166363,321,160,161
E00166364,318,171,147
E00162579,272,141,131
E00162580,431,223,208
E00166343,273,140,133
E00166348,299,160,139
E00162575,279,141,138
E00162578,300,157,143
E00166357,264,133,131
E00166463,301,159,142
E00166360,283,142,141
E00166362,238,121,117
E00166365,291,146,145
E00184184,235,126,109
E00184185,176,95,81
E00184211,598,317,281
E00162456,335,175,160
E00162458,238,112,126
E00162460,300,165,135
E00162461,332,168,164
E00162462,278,134,144
E00162455,365,208,157
E00162457,238,112,126
E00162459,178,94,84
E00162463,209,103,106
E00162464,324,166,158
E00162465,233,118,115
E00162466,209,120,89
E00162471,297,165,132
E00162474,272,142,130
E00162475,303,155,148
E00162476,287,148,139
E00162477,330,162,168
E00162467,198,98,100
E00162468,270,135,135
E00162469,240,119,121
E00162470,363,192,171
E00162472,284,145,139
E00162473,277,138,139
E00162410,371,200,171
E00162413,238,122,116
E00162414,317,158,159
E00162415,393,190,203
E00162416,347,178,169
E00162409,382,187,195
E00162411,304,147,157
E00162412,205,96,109
E00162417,236,124,112
E00162418,137,65,72
E00162419,283,141,142
E00162427,179,89,90
E00162428,160,81,79
E00162430,176,84,92
E00162431,307,166,141
E00162432,279,138,141
E00166371,279,135,144
E00166460,137,62,75
E00184186,519,45,474
E00184258,117,59,58
E00162559,350,186,164
E00162560,319,169,150
E00162561,333,179,154
E00162562,298,161,137
E00162563,244,126,118
E00162582,386,196,190
E00162583,294,154,140
E00162584,273,148,125
E00162585,246,132,114
E00162586,315,148,167
E00162396,160,87,73
E00162397,304,160,144
E00162398,266,133,133
E00162399,169,93,76
E00162400,339,173,166
E00162401,285,144,141
E00162402,269,137,132
E00162420,328,175,153
E00162421,366,192,174
E00162422,302,157,145
E00162423,245,125,120
E00162424,435,216,219
E00162425,255,125,130
E00162433,350,187,163
E00162434,285,146,139
E00162435,274,132,142
E00162436,512,252,260
E00162437,209,100,109
E00162587,434,212,222
E00162588,160,89,71
E00162589,380,186,194
E00162590,148,76,72
E00162591,249,122,127
E00162592,376,189,187
E00162593,219,116,103
E00162478,421,220,201
E00162479,290,144,146
E00162480,378,198,180
E00162486,201,110,91
E00162487,223,115,108
E00162481,236,111,125
E00162482,382,196,186
E00162483,338,187,151
E00162484,298,163,135
E00166392,408,216,192
E00166396,203,111,92
E00162622,325,163,162
E00162623,255,122,133
E00162624,176,92,84
E00162625,255,131,124
E00162626,344,188,156
E00162627,193,92,101
E00162628,389,196,193
E00162403,362,197,165
E00162407,311,162,149
E00162408,153,81,72
E00184190,469,249,220
E00162404,215,96,119
E00184174,478,251,227
E00184269,272,140,132
E00184306,186,97,89
E00184321,124,66,58
E00184333,351,182,169
E00162389,271,139,132
E00162390,319,157,162
E00162391,150,82,68
E00162392,414,202,212
E00162393,121,60,61
E00162394,461,226,235
E00162395,164,85,79
E00162529,261,141,120
E00162530,232,119,113
E00162531,223,117,106
E00162532,298,155,143
E00162533,255,121,134
E00162534,239,120,119
E00162535,275,140,135
E00162614,157,80,77
E00162615,375,193,182
E00162616,157,79,78
E00162617,423,170,253
E00162618,291,143,148
E00162619,224,112,112
E00162620,230,118,112
E00162621,126,56,70
E00162635,354,189,165
E00162636,353,173,180
E00162637,374,190,184
E00162638,345,195,150
E00162642,353,170,183
E00162868,353,172,181
E00162870,326,171,155
E00162874,273,144,129
E00162878,222,101,121
E00162879,308,165,143
E00162880,421,218,203
E00162871,289,143,146
E00162873,292,149,143
E00162875,341,173,168
E00162882,554,280,274
E00162883,229,124,105
E00162869,325,158,167
E00162872,267,142,125
E00162876,250,141,109
E00162877,205,104,101
E00162881,381,199,182
E00162639,309,163,146
E00162640,447,221,226
E00162641,356,189,167
E00162647,275,132,143
E00162648,337,164,173
E00162932,353,183,170
E00162934,246,144,102
E00162939,271,138,133
E00162942,344,173,171
E00162944,441,215,226
E00162929,186,91,95
E00162938,354,174,180
E00162940,423,213,210
E00162941,483,250,233
E00166452,474,225,249
E00166453,615,322,293
E00166457,136,65,71
E00162930,318,163,155
E00162931,281,137,144
E00162933,341,175,166
E00162935,277,136,141
E00162936,287,158,129
E00162943,325,174,151
E00162967,296,162,134
E00162971,345,166,179
E00162972,280,150,130
E00162974,317,157,160
E00162978,349,168,181
E00162973,467,246,221
E00162975,299,141,158
E00162976,255,131,124
E00162977,356,175,181
E00163001,334,169,165
E00163002,363,186,177
E00163003,403,200,203
E00163005,284,136,148
E00162966,270,139,131
E00162968,374,187,187
E00162970,349,172,177
E00184287,405,203,202
E00184329,223,109,114
E00184171,495,258,237
E00184173,372,190,182
E00184226,189,91,98
E00184229,285,135,150
E00184240,555,278,277
E00184318,375,194,181
E00162643,394,194,200
E00162644,308,165,143
E00162645,255,126,129
E00162646,464,236,228
E00162678,276,136,140
E00162679,487,241,246
E00162680,148,74,74
E00162681,168,81,87
E00162685,372,196,176
E00162672,411,200,211
E00162673,433,214,219
E00162674,184,97,87
E00162675,303,148,155
E00162677,316,166,150
E00162676,442,228,214
E00162682,280,136,144
E00162683,577,297,280
E00162684,286,140,146
E00162983,337,178,159
E00162984,336,166,170
E00162993,303,154,149
E00162997,388,207,181
E00162998,115,61,54
E00162980,289,154,135
E00162985,208,100,108
E00162994,340,178,162
E00162995,192,93,99
E00162996,364,189,175
E00162986,386,195,191
E00162987,273,131,142
E00162988,294,174,120
E00162989,304,150,154
E00184228,244,125,119
E00184248,401,202,199
E00162979,368,181,187
E00162981,291,150,141
E00162982,405,199,206
E00162990,321,161,160
E00162991,130,63,67
E00163007,386,208,178
E00163009,428,230,198
E00163012,371,195,176
E00163018,294,142,152
E00184278,118,60,58
E00184281,555,277,278
E00163008,278,143,135
E00163011,583,304,279
E00163017,202,99,103
E00163019,313,163,150
E00163021,257,126,131
E00163022,310,151,159
E00163033,247,128,119
E00163035,230,133,97
E00163041,304,162,142
E00163043,277,132,145
E00163044,304,167,137
E00184201,221,108,113
E00184224,369,180,189
E00184262,251,124,127
E00163023,229,110,119
E00163024,294,143,151
E00163025,321,160,161
E00163026,243,118,125
E00163038,281,129,152
E00162913,309,159,150
E00162923,268,138,130
E00162924,266,127,139
E00162928,207,107,100
E00162922,379,186,193
E00162926,290,138,152
E00166439,232,114,118
E00166440,205,98,107
E00184192,2176,316,1860
E00184273,233,116,117
E00162999,278,142,136
E00163000,310,156,154
E00163004,264,131,133
E00163006,531,279,252
E00163013,296,141,155
E00163014,292,146,146
E00163015,244,130,114
E00163016,311,159,152
E00163020,241,118,123
E00163034,281,145,136
E00163040,475,252,223
E00163042,486,250,236
E00184163,110,58,52
E00184250,167,83,84
E00184294,592,303,289
E00184297,363,209,154
E00184312,334,168,166
E00163027,350,175,175
E00163028,345,182,163
E00163029,290,146,144
E00163030,230,110,120
E00163031,350,186,164
E00163036,147,68,79
E00162915,246,125,121
E00162916,274,138,136
E00162917,272,134,138
E00162918,350,176,174
E00162919,308,148,160
E00162920,260,136,124
E00162921,264,136,128
E00162927,169,88,81
E00162892,295,151,144
E00162893,507,252,255
E00162894,322,164,158
E00162895,608,318,290
E00162896,329,171,158
E00162897,334,167,167
E00162898,323,160,163
E00162899,162,82,80
E00162900,195,101,94
E00162901,355,191,164
E00162902,367,183,184
E00162903,472,233,239
E00162904,333,175,158
E00162946,283,139,144
E00162948,282,142,140
E00162949,428,219,209
E00162950,372,198,174
E00162945,357,186,171
E00162947,251,128,123
E00162951,383,136,247
E00162952,322,155,167
E00162740,368,189,179
E00162741,429,218,211
E00162747,233,113,120
E00162748,348,176,172
E00162749,360,187,173
E00162750,372,190,182
E00162751,281,139,142
E00162763,348,186,162
E00162764,385,184,201
E00162765,338,178,160
E00162766,470,254,216
E00162776,373,201,172
E00162777,278,137,141
E00162779,297,150,147
E00162781,403,207,196
E00162778,276,144,132
E00162780,284,143,141
E00162782,488,257,231
E00162783,229,113,116
E00162784,278,136,142
E00162801,485,237,248
E00162803,373,187,186
E00162804,441,229,212
E00162806,353,162,191
E00162800,320,169,151
E00162802,316,154,162
E00162805,325,161,164
E00162807,253,128,125
E00162742,319,160,159
E00162743,344,170,174
E00162744,313,160,153
E00162745,374,178,196
E00162736,312,148,164
E00162737,276,139,137
E00162738,226,112,114
E00162739,296,143,153
E00162746,252,133,119
E00162756,305,152,153
E00162757,374,185,189
E00162759,279,138,141
E00166444,223,109,114
E00166445,338,177,161
E00166446,225,111,114
E00162752,317,151,166
E00162753,305,159,146
E00162754,349,174,175
E00162758,297,150,147
E00162825,270,134,136
E00162826,573,301,272
E00162827,250,119,131
E00162828,271,141,130
E00162829,272,140,132
E00162830,279,153,126
E00162831,325,174,151
E00162832,315,173,142
E00162833,325,166,159
E00162834,302,154,148
E00162838,348,170,178
E00162840,300,145,155
E00162842,294,138,156
E00162760,527,275,252
E00162761,286,150,136
E00162762,280,137,143
E00162767,264,133,131
E00162768,337,157,180
E00162769,207,96,111
E00162773,338,141,197
E00166352,210,110,100
E00166435,227,113,114
E00166438,219,115,104
E00162770,316,157,159
E00162771,238,123,115
E00162775,358,167,191
E00184249,312,159,153
E00184324,316,165,151
E00162788,219,100,119
E00162789,329,165,164
E00162790,359,178,181
E00184165,290,134,156
E00184183,217,111,106
E00162793,306,155,151
E00162794,271,152,119
E00162795,295,160,135
E00162796,263,139,124
E00162797,255,133,122
E00162798,279,145,134
E00166434,141,63,78
E00166436,447,221,226
E00166437,254,119,135
E00162835,234,124,110
E00162836,225,121,104
E00162837,235,124,111
E00162839,313,156,157
E00162841,228,118,110
E00162731,397,199,198
E00162734,229,111,118
E00162735,406,218,188
E00184193,135,70,65
E00184198,454,235,219
E00184223,129,65,64
E00184254,330,165,165
E00184314,502,265,237
E00162888,107,53,54
E00162889,259,125,134
E00162890,376,194,182
E00162891,373,186,187
E00162884,338,168,170
E00162886,266,136,130
E00162887,312,164,148
E00184166,478,241,237
E00184257,154,73,81
E00162663,111,60,51
E00162665,213,106,107
E00162666,334,171,163
E00162668,232,109,123
E00162669,196,88,108
E00162670,354,186,168
E00162664,309,156,153
E00162667,245,128,117
E00184188,373,182,191
E00184199,393,192,201
E00184305,183,123,60
E00162785,333,172,161
E00162786,330,172,158
E00162791,341,170,171
E00162792,322,158,164
E00162810,431,223,208
E00162811,337,182,155
E00162821,241,132,109
E00162823,308,155,153
E00162809,218,114,104
E00162816,270,125,145
E00162818,245,119,126
E00162820,256,121,135
E00162822,248,119,129
E00162813,333,178,155
E00162815,253,121,132
E00162817,322,168,154
E00162824,339,163,176
E00162808,306,157,149
E00162814,386,196,190
E00162819,258,120,138
E00166349,162,76,86
E00166350,107,65,42
E00166351,362,193,169
E00162686,417,199,218
E00162688,437,213,224
E00162689,374,201,173
E00184168,591,302,289
E00184195,120,59,61
E00184225,211,104,107
E00184237,423,231,192
E00162690,253,135,118
E00162691,562,294,268
E00162692,362,183,179
E00162693,282,151,131
E00162694,291,149,142
E00162695,270,132,138
E00162696,294,146,148
E00162697,248,123,125
E00166361,259,120,139
E00166368,291,132,159
E00166369,321,161,160
E00162699,584,440,144
E00162701,232,119,113
E00162704,507,270,237
E00162705,479,259,220
E00166344,397,207,190
E00166345,281,138,143
E00166346,268,139,129
E00166347,291,157,134
E00166358,298,148,150
E00166367,339,159,180
E00162706,337,176,161
E00166355,333,176,157
E00166356,271,130,141
E00166366,257,135,122
E00166370,237,126,111
E00162716,292,162,130
E00162717,227,126,101
E00162718,332,166,166
E00162719,275,139,136
E00162723,267,130,137
E00162715,216,107,109
E00162721,296,150,146
E00184178,527,262,265
E00184200,299,147,152
E00184209,146,76,70
E00184307,359,189,170
E00162724,306,150,156
E00162725,264,133,131
E00162726,260,134,126
E00162727,449,239,210
E00162728,351,181,170
E00162729,347,173,174
E00162730,285,147,138
E00162709,284,158,126
E00162710,264,139,125
E00162711,192,104,88
E00162713,237,117,120
E00184241,241,137,104
E00162708,311,154,157
E00162712,281,152,129
E00162714,226,117,109
E00184212,423,205,218
E00162649,267,137,130
E00162650,276,145,131
E00162652,298,153,145
E00162653,273,129,144
E00162660,302,158,144
E00162654,311,153,158
E00162655,367,182,185
E00162661,328,169,159
E00166353,297,152,145
E00166354,227,111,116
E00184182,428,205,223
E00184222,306,150,156
E00184238,213,107,106
E00162651,339,187,152
E00162656,441,228,213
E00162657,271,137,134
E00162658,367,194,173
E00162659,351,175,176
E00162844,305,155,150
E00162848,332,174,158
E00162849,317,165,152
E00162850,336,170,166
E00162843,356,183,173
E00162846,277,138,139
E00162847,286,142,144
E00184151,492,194,298
E00162851,302,155,147
E00162856,231,125,106
E00162858,308,168,140
E00162859,268,138,130
E00162863,312,172,140
E00184145,320,159,161
E00184146,171,80,91
E00162853,189,100,89
E00162854,255,130,125
E00162855,272,137,135
E00162857,375,192,183
E00162866,207,101,106
E00162867,270,155,115
E00162860,314,170,144
E00162861,294,151,143
E00162862,343,182,161
E00162864,276,144,132
E00162865,582,299,283
E00162906,431,229,202
E00162907,435,191,244
E00162908,497,252,245
E00162909,400,206,194
E00162905,239,123,116
E00162910,342,175,167
E00162911,301,159,142
E00162912,457,223,234
E00162955,268,147,121
E00162957,325,162,163
E00162958,315,170,145
E00162959,209,106,103
E00162962,292,147,145
E00162963,317,164,153
E00162964,254,141,113
E00162965,366,186,180
E00162953,441,227,214
E00162956,267,140,127
E00162960,308,163,145
E00162961,272,139,133
E00166441,333,176,157
E00166442,288,158,130
E00166443,348,184,164
E00166448,248,128,120
E00166449,289,166,123
E00163132,622,196,426
E00163136,334,165,169
E00163137,353,179,174
E00184177,616,315,301
E00184179,615,219,396
E00184196,244,123,121
E00163354,349,195,154
E00163356,344,177,167
E00163358,402,201,201
E00163359,301,158,143
E00163364,220,113,107
E00163142,131,66,65
E00163353,327,160,167
E00163355,328,176,152
E00163357,161,74,87
E00163363,331,168,163
E00166430,173,85,88
E00166431,315,115,200
E00184156,538,264,274
E00163179,513,186,327
E00166419,267,115,152
E00184261,607,113,494
E00184319,534,265,269
E00163185,487,240,247
E00166420,224,117,107
E00166421,201,96,105
E00184169,153,75,78
E00184216,281,129,152
E00163130,302,147,155
E00163133,272,138,134
E00163135,294,148,146
E00163138,286,143,143
E00184239,382,187,195
E00184325,580,285,295
E00163181,285,142,143
E00163183,282,142,140
E00163184,299,147,152
E00163191,270,132,138
E00163196,299,149,150
E00163177,267,133,134
E00163180,221,120,101
E00163188,312,156,156
E00163193,288,150,138
E00163194,263,132,131
E00163187,283,143,140
E00163190,291,153,138
E00163192,412,209,203
E00163195,293,144,149
E00184204,283,134,149
E00184295,353,174,179
E00184331,482,237,245
E00163071,142,72,70
E00163073,158,81,77
E00163074,312,151,161
E00163076,259,138,121
E00163077,180,88,92
E00163079,261,135,126
E00163075,287,163,124
E00163078,337,174,163
E00163080,338,172,166
E00163081,274,152,122
E00163064,265,130,135
E00163068,309,159,150
E00163069,241,122,119
E00166390,266,116,150
E00184256,565,290,275
E00184271,221,112,109
E00184296,236,116,120
E00184316,291,151,140
E00163065,490,253,237
E00163067,263,127,136
E00163082,258,128,130
E00163085,279,152,127
E00163087,324,155,169
E00163088,319,182,137
E00163089,336,174,162
E00163090,264,127,137
E00163091,168,89,79
E00163092,444,225,219
E00163093,244,128,116
E00163094,296,152,144
E00163066,244,121,123
E00163083,265,126,139
E00163084,297,147,150
E00163086,235,115,120
E00166391,512,240,272
E00166388,303,149,154
E00166393,324,159,165
E00166395,327,176,151
E00184272,172,93,79
E00184285,185,97,88
E00184162,596,296,300
E00184202,625,333,292
E00184265,113,60,53
E00184309,170,80,90
E00163276,392,215,177
E00163277,344,180,164
E00163278,356,185,171
E00163279,347,171,176
E00163280,105,59,46
E00163281,254,129,125
E00163282,233,123,110
E00163381,222,111,111
E00163385,302,142,160
E00163387,323,165,158
E00163388,264,129,135
E00163389,300,152,148
E00163396,121,60,61
E00163382,275,151,124
E00163383,208,103,105
E00163384,290,152,138
E00163386,242,123,119
E00163391,359,182,177
E00163390,293,154,139
E00163392,350,175,175
E00163393,319,172,147
E00163394,293,136,157
E00163395,200,103,97
E00163255,325,169,156
E00163256,335,170,165
E00163258,311,148,163
E00163260,322,169,153
E00163261,321,167,154
E00163262,157,79,78
E00184153,363,195,168
E00163399,360,190,170
E00163401,285,150,135
E00163403,299,136,163
E00163404,373,195,178
E00163411,348,177,171
E00163397,313,162,151
E00163398,328,165,163
E00163402,278,147,131
E00163409,195,110,85
E00163410,320,160,160
E00163400,303,165,138
E00163405,430,216,214
E00163406,241,119,122
E00163407,247,131,116
E00163408,290,158,132
E00163115,287,148,139
E00163121,310,154,156
E00163127,589,302,287
E00184164,184,112,72
E00184263,186,90,96
E00184264,594,309,285
E00184299,327,166,161
E00184317,337,182,155
E00163122,312,163,149
E00163123,294,167,127
E00163124,329,178,151
E00163125,389,190,199
E00163116,256,119,137
E00163117,227,118,109
E00163118,222,118,104
E00163119,263,133,130
E00163120,257,128,129
E00163300,331,162,169
E00163302,337,177,160
E00163312,242,131,111
E00163316,284,144,140
E00163318,313,166,147
E00163105,268,134,134
E00163106,287,148,139
E00163107,327,175,152
E00163108,318,161,157
E00184236,291,156,135
E00184253,558,289,269
E00184274,159,73,86
E00184310,479,243,236
E00163097,251,124,127
E00163102,324,164,160
E00163111,352,178,174
E00163112,318,159,159
E00163114,329,172,157
E00163096,255,129,126
E00163100,319,166,153
E00163101,269,149,120
E00163109,258,125,133
E00163110,312,156,156
E00163095,277,132,145
E00163098,289,150,139
E00163099,285,154,131
E00163113,378,201,177
E00184218,466,230,236
E00184259,253,122,131
E00163308,295,151,144
E00163309,327,165,162
E00163311,400,202,198
E00163313,339,166,173
E00163314,223,121,102
E00163301,370,201,169
E00163310,349,199,150
E00163315,198,111,87
E00163317,271,142,129
E00163319,244,124,120
E00163303,355,197,158
E00163304,334,170,164
E00163305,287,155,132
E00163306,230,132,98
E00163307,270,138,132
E00163339,284,143,141
E00163342,308,168,140
E00163344,229,112,117
E00163345,269,140,129
E00163347,309,149,160
E00163143,261,145,116
E00163144,217,112,105
E00163145,239,126,113
E00163146,362,184,178
E00163147,418,217,201
E00163148,237,124,113
E00163149,217,106,111
E00163222,138,67,71
E00163223,185,93,92
E00163224,297,147,150
E00163226,420,213,207
E00163228,139,65,74
E00163229,264,135,129
E00166465,401,207,194
E00184152,437,216,221
E00163352,137,69,68
E00163360,259,130,129
E00163361,263,137,126
E00163362,242,124,118
E00163365,417,228,189
E00163414,337,183,154
E00163416,235,116,119
E00163420,257,136,121
E00163424,235,131,104
E00163426,258,130,128
E00163418,269,142,127
E00163422,212,118,94
E00163423,289,158,131
E00163425,179,86,93
E00184187,141,77,64
E00184210,138,79,59
E00184267,519,260,259
E00184332,368,181,187
E00163412,141,69,72
E00163413,392,210,182
E00163415,264,138,126
E00163417,379,199,180
E00163421,225,126,99
E00163207,348,167,181
E00163209,299,156,143
E00163210,246,112,134
E00163213,325,157,168
E00163215,253,139,114
E00163211,285,146,139
E00163214,239,109,130
E00163216,207,104,103
E00163217,303,147,156
E00163218,285,138,147
E00163204,278,147,131
E00163205,299,153,146
E00163206,342,170,172
E00163208,249,116,133
E00163212,352,186,166
E00163219,251,129,122
E00163340,290,131,159
E00163343,304,157,147
E00163346,253,119,134
E00163348,251,129,122
E00163349,234,125,109
E00163350,275,141,134
E00163351,221,120,101
E00166382,150,78,72
E00166386,199,92,107
E00166387,168,83,85
E00163284,237,126,111
E00163290,299,164,135
E00163292,175,107,68
E00163295,330,157,173
E00163296,314,168,146
E00163297,246,140,106
E00163299,291,159,132
E00163283,209,99,110
E00163285,269,134,135
E00163286,231,110,121
E00163293,340,168,172
E00163298,246,133,113
E00163287,271,135,136
E00163288,266,136,130
E00163289,274,152,122
E00163291,235,132,103
E00163294,278,148,130
E00163320,357,207,150
E00163323,293,145,148
E00163324,247,129,118
E00163328,221,110,111
E00163331,236,112,124
E00163338,295,159,136
E00163197,452,262,190
E00163198,240,129,111
E00163199,217,108,109
E00163200,200,96,104
E00163201,492,252,240
E00163202,320,177,143
E00163203,240,122,118
E00163268,193,109,84
E00163269,246,125,121
E00163270,332,177,155
E00163272,276,143,133
E00163273,309,178,131
E00163274,211,108,103
E00163275,225,123,102
E00184191,458,237,221
E00184220,274,140,134
E00184235,515,269,246
E00184252,120,67,53
E00163266,396,201,195
E00184170,586,314,272
E00184189,174,90,84
E00184245,400,202,198
E00166385,380,195,185
E00184167,468,230,238
E00184311,417,215,202
E00184313,219,113,106
E00163263,259,126,133
E00163265,326,173,153
E00163267,140,67,73
E00163271,409,218,191
E00163245,245,122,123
E00163246,247,129,118
E00163247,238,127,111
E00163248,195,91,104
E00163253,290,141,149
E00163254,277,148,129
E00163242,318,164,154
E00163243,235,129,106
E00163244,245,123,122
E00163249,206,110,96
E00163250,231,118,113
E00163251,277,143,134
E00163252,285,147,138
E00163322,327,160,167
E00163330,211,125,86
E00163332,237,110,127
E00163333,271,148,123
E00163334,147,89,58
E00163335,211,122,89
E00163336,342,167,175
E00163233,303,168,135
E00163234,292,148,144
E00163235,297,149,148
E00163238,408,227,181
E00163232,283,149,134
E00163236,327,168,159
E00163240,303,156,147
E00163241,299,166,133
E00163230,255,135,120
E00163231,324,157,167
E00163239,274,138,136
E00184260,295,150,145
E00184270,462,239,223
E00184334,108,48,60
E00163321,274,124,150
E00163325,387,192,195
E00163326,240,125,115
E00163327,424,234,190
E00163329,259,138,121
E00163337,233,110,123
E00163045,381,204,177
E00163047,323,159,164
E00163048,347,187,160
E00163049,311,167,144
E00163051,281,143,138
E00163046,329,179,150
E00163050,313,162,151
E00163052,316,164,152
E00163053,242,123,119
E00163060,333,180,153
E00163061,422,216,206
E00163062,362,180,182
E00163063,432,221,211
E00163427,340,162,178
E00163428,282,143,139
E00163429,239,121,118
E00163430,250,129,121
E00163433,481,236,245
E00163434,351,175,176
E00163431,240,125,115
E00163432,258,133,125
E00163435,249,135,114
E00163436,367,175,192
E00163437,298,157,141
E00163438,298,153,145
E00163150,426,209,217
E00163151,259,134,125
E00163152,154,72,82
E00163153,244,110,134
E00163154,268,135,133
E00163155,254,134,120
E00163156,292,145,147
E00163157,112,56,56
E00163366,116,61,55
E00163374,283,163,120
E00163376,376,199,177
E00163379,255,134,121
E00163380,324,173,151
E00163372,449,232,217
E00163373,382,189,193
E00163375,261,134,127
E00163377,262,141,121
E00163378,309,166,143
E00163367,216,113,103
E00163368,245,120,125
E00163369,255,134,121
E00163370,243,116,127
E00163371,178,90,88
E00163054,363,177,186
E00163055,265,131,134
E00163056,356,178,178
E00163057,229,116,113
E00163058,302,157,145
E00163059,345,168,177
E00163169,332,171,161
E00163170,300,136,164
E00163172,286,150,136
E00163175,304,158,146
E00163176,240,121,119
E00163158,278,143,135
E00163163,277,148,129
E00163164,281,151,130
E00163165,297,150,147
E00163166,292,150,142
E00163168,345,176,169
E00163171,354,194,160
E00163173,302,155,147
E00163174,319,173,146
E00163159,307,156,151
E00163160,551,299,252
E00163161,366,186,180
E00163162,347,180,167
E00163167,304,151,153
E00163534,243,129,114
E00163536,264,136,128
E00163540,439,228,211
E00163542,544,269,275
E00184279,113,57,56
E00184302,358,199,159
E00184304,266,141,125
E00163531,328,168,160
E00163532,323,159,164
E00163533,299,152,147
E00163535,378,194,184
E00163537,285,153,132
E00163539,372,175,197
E00163541,280,144,136
E00163545,346,180,166
E00163547,269,152,117
E00163587,293,130,163
E00163588,268,129,139
E00163593,268,137,131
E00163594,278,129,149
E00163595,297,144,153
E00163589,248,127,121
E00163590,214,123,91
E00163591,278,137,141
E00163592,561,293,268
E00163439,259,145,114
E00163440,238,127,111
E00163441,400,211,189
E00163442,395,207,188
E00163443,287,147,140
E00163444,283,148,135
E00163446,272,141,131
E00184172,455,247,208
E00184283,260,127,133
E00163507,299,155,144
E00163508,338,161,177
E00163509,236,118,118
E00163511,353,182,171
E00163571,519,262,257
E00163573,277,149,128
E00163574,200,97,103
E00163576,262,128,134
E00163577,267,135,132
E00163586,314,167,147
E00163578,280,140,140
E00163579,304,151,153
E00163580,301,155,146
E00163581,320,161,159
E00166454,330,174,156
E00166456,365,184,181
E00163582,332,168,164
E00163584,158,83,75
E00184289,373,185,188
E00184293,363,180,183
E00184328,238,127,111
E00184176,189,109,80
E00184205,298,155,143
E00184221,526,277,249
E00184291,449,223,226
E00163570,279,134,145
E00166455,368,187,181
E00166461,302,146,156
E00184284,379,184,195
E00184288,369,182,187
E00163544,257,116,141
E00163546,302,151,151
E00163548,269,159,110
E00163549,548,289,259
E00184215,274,144,130
E00184301,263,128,135
E00163553,499,266,233
E00163555,313,169,144
E00163557,266,137,129
E00163559,301,156,145
E00163560,277,151,126
E00163554,303,151,152
E00163556,189,99,90
E00163562,237,122,115
E00163563,249,129,120
E00163566,448,222,226
E00163550,270,133,137
E00163551,247,124,123
E00163552,171,97,74
E00163558,289,151,138
E00163561,115,59,56
E00163565,289,136,153
E00163564,302,159,143
E00163567,303,152,151
E00163568,290,149,141
E00163569,328,158,170
E00163510,298,156,142
E00163512,289,149,140
E00163513,467,229,238
E00163514,300,152,148
E00163517,454,228,226
E00163518,501,237,264
E00163525,288,151,137
E00163526,279,145,134
E00163530,340,162,178
E00163515,310,143,167
E00163516,283,140,143
E00163524,213,118,95
E00163527,258,129,129
E00163528,294,145,149
E00163529,245,132,113
E00163519,274,151,123
E00163520,264,136,128
E00163521,127,69,58
E00163522,215,111,104
E00163523,248,129,119
E00163448,375,211,164
E00163449,343,175,168
E00163450,366,198,168
E00163455,401,213,188
E00163461,252,130,122
E00163447,240,116,124
E00163451,293,150,143
E00163453,336,182,154
E00163454,344,178,166
E00163456,354,184,170
E00163452,298,167,131
E00163457,245,125,120
E00163458,314,175,139
E00163459,321,171,150
E00163460,326,171,155
E00163469,254,133,121
E00163470,334,182,152
E00163472,314,160,154
E00163474,253,126,127
E00163475,248,129,119
E00163476,287,148,139
E00163462,276,142,134
E00163471,414,222,192
E00163473,302,166,136
E00163477,241,124,117
E00163478,347,179,168
E00163466,161,93,68
E00184232,174,92,82
E00184242,243,125,118
E00184276,244,130,114
E00184308,321,168,153
E00163464,192,98,94
E00163465,288,157,131
E00163467,305,160,145
E00163468,273,148,125
E00184231,126,69,57
E00163614,288,150,138
E00163615,541,273,268
E00163620,227,113,114
E00163621,178,93,85
E00163622,196,95,101
E00163623,333,161,172
E00163606,291,156,135
E00163610,317,161,156
E00163619,363,179,184
E00166334,312,162,150
E00166335,197,112,85
E00166336,201,99,102
E00166337,328,161,167
E00166404,218,114,104
E00166405,294,146,148
E00166411,333,169,164
E00163607,366,183,183
E00163609,239,118,121
E00163611,325,165,160
E00163612,306,161,145
E00163613,283,144,139
E00163608,466,231,235
E00163616,301,157,144
E00163618,360,176,184
E00184243,182,98,84
E00184280,204,110,94
E00184286,402,201,201
E00163650,362,168,194
E00163652,272,138,134
E00163654,309,166,143
E00163655,305,140,165
E00163656,342,175,167
E00163649,287,148,139
E00163657,373,185,188
E00163658,304,157,147
E00163659,349,172,177
E00163660,316,171,145
E00163662,227,114,113
E00163663,291,152,139
E00163661,301,165,136
E00163664,324,169,155
E00163665,372,194,178
E00166377,258,123,135
E00166378,272,120,152
E00184207,406,224,182
E00184335,141,67,74
E00163651,445,223,222
E00166375,293,137,156
E00166376,312,144,168
E00163728,289,144,145
E00163734,261,136,125
E00163743,255,142,113
E00184144,108,61,47
E00184154,591,318,273
E00184155,311,156,155
E00163724,273,162,111
E00163727,283,133,150
E00163731,306,151,155
E00163733,239,119,120
E00163736,269,130,139
E00163737,282,145,137
E00163738,328,166,162
E00163739,303,150,153
E00163740,311,161,150
E00163741,236,135,101
E00184180,398,202,196
E00184298,193,97,96
E00184320,587,285,302
E00184323,114,58,56
E00163723,293,153,140
E00163742,278,145,133
E00166406,406,197,209
E00166412,339,164,175
E00163729,481,224,257
E00166403,402,208,194
E00166413,205,106,99
E00166415,318,163,155
E00166338,208,101,107
E00184208,233,123,110
E00184234,199,105,94
E00184246,265,135,130
E00184268,589,313,276
E00163707,371,185,186
E00163709,447,231,216
E00163720,294,138,156
E00163721,417,214,203
E00163722,421,230,191
E00163708,290,155,135
E00163710,337,161,176
E00163711,264,139,125
E00163712,307,160,147
E00163713,360,189,171
E00163714,303,149,154
E00163715,393,208,185
E00163716,289,147,142
E00163717,290,151,139
E00163718,290,161,129
E00163719,356,181,175
E00163698,407,204,203
E00163701,296,152,144
E00163702,207,107,100
E00163703,272,138,134
E00163704,262,132,130
E00163686,322,156,166
E00163687,283,149,134
E00163689,324,148,176
E00163691,285,145,140
E00184217,247,136,111
E00184251,319,154,165
E00184290,317,163,154
E00184327,385,192,193
E00163692,295,150,145
E00163693,385,184,201
E00163695,276,146,130
E00163705,227,110,117
E00163706,327,155,172
E00166374,269,130,139
E00166379,350,178,172
E00166459,276,148,128
E00163694,472,253,219
E00163696,335,174,161
E00163697,345,173,172
E00163699,350,175,175
E00163700,283,147,136
E00163678,318,167,151
E00163679,303,163,140
E00163680,304,158,146
E00163681,235,117,118
E00163682,308,156,152
E00163668,283,131,152
E00163669,350,172,178
E00163683,257,125,132
E00163684,260,140,120
E00163685,293,136,157
E00163670,266,146,120
E00163671,295,148,147
E00163672,305,161,144
E00163673,289,159,130
E00163675,303,155,148
E00163667,440,232,208
E00163674,250,118,132
E00163676,236,105,131
E00163677,249,131,118
E00163491,400,198,202
E00163492,266,139,127
E00163493,295,151,144
E00163494,296,157,139
E00163495,203,94,109
E00163635,348,174,174
E00163636,261,132,129
E00163637,309,160,149
E00163638,309,152,157
E00163639,502,244,258
E00163640,392,196,196
E00163641,336,175,161
E00163642,278,147,131
E00163643,191,98,93
E00163644,434,222,212
E00163645,297,170,127
E00163647,305,149,156
E00166339,293,158,135
E00166340,212,107,105
E00166417,240,125,115
E00184213,231,132,99
E00184277,619,322,297
E00163485,249,134,115
E00163488,323,167,156
E00163496,296,153,143
E00166464,410,210,200
E00163484,328,166,162
E00163487,258,128,130
E00163490,390,211,179
E00163497,286,150,136
E00163498,274,141,133
E00163499,267,140,127
E00163502,133,67,66
E00163504,243,136,107
E00163505,235,124,111
E00163500,287,149,138
E00163501,343,174,169
E00163503,225,104,121
E00163506,481,250,231
E00163826,221,104,117
E00163827,330,163,167
E00163828,200,110,90
E00163831,492,260,232
E00163833,288,150,138
E00163840,440,220,220
E00163744,341,181,160
E00163758,311,173,138
E00163761,543,197,346
E00163770,335,163,172
E00163764,291,149,142
E00163765,249,138,111
E00163766,309,156,153
E00163767,270,142,128
E00163769,335,169,166
E00163748,462,207,255
E00163749,261,131,130
E00163751,225,115,110
E00163754,357,186,171
E00163745,340,163,177
E00163750,203,128,75
E00163752,262,136,126
E00163753,348,173,175
E00163760,141,76,65
E00163788,217,117,100
E00163789,342,170,172
E00163791,470,256,214
E00163794,279,148,131
E00184175,252,131,121
E00184255,312,156,156
E00184322,512,263,249
E00163773,336,149,187
E00163796,321,155,166
E00163797,376,198,178
E00163798,270,151,119
E00163775,318,166,152
E00163778,285,132,153
E00163779,253,131,122
E00163799,260,141,119
E00163800,322,165,157
E00163777,297,144,153
E00163781,301,154,147
E00163782,240,129,111
E00163784,247,126,121
E00163785,259,130,129
E00163755,276,128,148
E00163756,283,155,128
E00163757,270,131,139
E00163759,287,130,157
E00163763,313,164,149
E00163768,267,131,136
E00163746,248,128,120
E00163747,259,128,131
E00163762,259,136,123
E00163771,472,267,205
E00163772,262,127,135
E00163787,322,167,155
E00163790,251,123,128
E00163792,302,170,132
E00163793,299,147,152
E00163795,257,139,118
E00163774,332,177,155
E00163776,241,136,105
E00163780,222,114,108
E00163786,327,159,168
E00163801,372,186,186
E00163480,340,169,171
E00163481,336,170,166
E00163482,357,176,181
E00163483,363,191,172
E00163597,293,151,142
E00163598,307,157,150
E00163599,127,65,62
E00163600,422,216,206
E00163605,158,80,78
E00163596,241,121,120
E00163601,283,158,125
E00163602,233,117,116
E00163603,276,143,133
E00163604,182,93,89
E00163627,347,181,166
E00163628,308,154,154
E00163630,354,194,160
E00163631,313,165,148
E00163626,145,62,83
E00163629,270,139,131
E00163632,120,59,61
E00163633,413,210,203
E00163634,249,135,114
E00163816,354,184,170
E00163817,307,156,151
E00163818,329,170,159
E00163819,418,206,212
E00166341,299,148,151
E00166397,362,185,177
E00166410,324,163,161
E00166416,323,160,163
E00163803,331,166,165
E00163807,506,262,244
E00163813,365,186,179
E00163815,425,218,207
E00163809,313,160,153
E00163821,305,168,137
E00163822,235,123,112
E00184233,170,92,78
E00184282,392,204,188
E00184315,329,180,149
E00163802,359,163,196
E00166400,232,117,115
E00166401,220,117,103
E00184206,182,91,91
E00184219,320,157,163
E00184247,447,228,219
E00163805,342,188,154
E00163806,193,100,93
E00163810,277,135,142
E00163811,336,172,164
E00163812,212,121,91
E00163814,341,169,172
E00163824,283,144,139
E00163825,385,193,192
E00163829,292,143,149
E00163830,361,192,169
E00163832,288,135,153
E00163834,281,136,145
E00166398,284,144,140
E00166399,310,167,143
E00166402,314,175,139
E00166407,620,325,295
E00166409,339,163,176
E00163835,387,202,185
E00163836,289,168,121
E00163837,369,169,200
E00163839,221,109,112
E00166408,231,111,120
E00162488,337,177,160
E00162489,295,130,165
E00162495,279,145,134
E00162496,372,193,179
E00162497,286,151,135
E00162490,355,190,165
E00162491,340,178,162
E00162492,275,145,130
E00162493,269,143,126
E00162494,263,126,137
E00166432,552,275,277
E00184159,519,272,247
E00184160,469,237,232
E00184142,306,167,139
E00184143,288,142,146
E00184181,465,234,231
E00184244,471,249,222
E00184326,297,153,144
E00162595,319,168,151
E00162596,295,150,145
E00162602,410,207,203
E00166424,813,148,665
E00166425,174,89,85
E00184161,165,85,80
E00162605,364,172,192
E00162607,314,159,155
E00162610,340,175,165
E00166422,207,108,99
E00184197,524,60,464
E00184230,126,62,64
E00162601,402,217,185
E00162608,629,324,305
E00162611,551,281,270
E00162604,310,167,143
E00162606,407,210,197
E00184227,600,309,291
E00184292,129,63,66
E00184303,170,92,78
E00162600,365,179,186
E00162603,491,228,263
E00166427,209,105,104
E00184141,840,169,671
E00184149,271,130,141
E00166433,328,160,168
E00184140,121,46,75
E00184203,374,183,191
E00184214,300,141,159
E00184330,493,239,254
E00077354,292,150,142
E00077371,330,159,171
E00077373,439,229,210
E00077375,288,149,139
E00077377,265,137,128
E00077349,291,148,143
E00077361,337,155,182
E00077364,338,179,159
E00077374,276,141,135
E00172749,387,199,188
E00077351,329,160,169
E00077353,300,151,149
E00077356,346,194,152
E00077357,311,149,162
E00077380,294,156,138
E00077352,311,162,149
E00077359,295,150,145
E00077360,460,228,232
E00077363,283,139,144
E00077367,322,161,161
E00077362,298,152,146
E00077365,347,180,167
E00077368,292,147,145
E00077369,318,155,163
E00077370,305,162,143
E00077378,268,148,120
E00077348,348,196,152
E00077350,279,140,139
E00077355,292,172,120
E00077372,303,164,139
E00077376,286,155,131
E00077379,304,153,151
E00077382,281,149,132
E00077383,578,304,274
E00077395,264,133,131
E00077398,283,162,121
E00077405,408,210,198
E00077385,272,144,128
E00077386,265,143,122
E00077387,258,131,127
E00077412,293,146,147
E00077413,296,145,151
E00077510,379,194,185
E00077514,323,159,164
E00077520,331,163,168
E00077525,313,165,148
E00077538,240,122,118
E00077509,302,158,144
E00077512,319,167,152
E00077515,297,150,147
E00077517,348,175,173
E00077539,281,143,138
E00077511,316,162,154
E00077513,475,260,215
E00077516,262,137,125
E00077519,304,152,152
E00077522,304,143,161
E00077518,282,144,138
E00077521,308,168,140
E00077524,432,211,221
E00077528,304,158,146
E00077532,346,168,178
E00077526,388,198,190
E00077529,297,156,141
E00077531,310,161,149
E00077536,390,201,189
E00172746,473,229,244
E00077553,362,181,181
E00077554,288,142,146
E00077555,320,158,162
E00077556,396,207,189
E00077560,306,167,139
E00077602,239,126,113
E00077603,482,252,230
E00077616,353,186,167
E00077619,277,153,124
E00077620,397,199,198
E00077601,282,145,137
E00077608,330,155,175
E00077610,289,158,131
E00077628,301,157,144
E00077629,280,151,129
E00077612,306,160,146
E00077613,372,186,186
E00077617,334,182,152
E00077618,308,174,134
E00077621,315,170,145
E00077607,411,206,205
E00077614,275,142,133
E00077622,175,94,81
E00077627,251,135,116
E00077604,327,167,160
E00077623,503,270,233
E00077624,362,209,153
E00077625,304,160,144
E00077626,286,144,142
E00077393,307,156,151
E00077401,315,156,159
E00077403,355,174,181
E00077406,368,184,184
E00077411,183,99,84
E00077394,271,133,138
E00077397,349,181,168
E00077404,336,186,150
E00077407,262,132,130
E00077408,266,146,120
E00077381,534,277,257
E00077388,334,172,162
E00077390,350,189,161
E00077392,290,154,136
E00077384,364,177,187
E00077389,302,172,130
E00077391,369,189,180
E00077396,321,186,135
E00077633,214,105,109
E00077639,246,137,109
E00077641,297,151,146
E00077642,283,145,138
E00077644,297,150,147
E00077648,288,150,138
E00077446,356,176,180
E00077447,336,169,167
E00077453,323,179,144
E00077468,349,175,174
E00077472,348,180,168
E00077449,340,175,165
E00077467,375,189,186
E00077469,297,147,150
E00077471,344,162,182
E00077473,315,158,157
E00077444,295,147,148
E00077445,378,192,186
E00077461,332,170,162
E00077462,333,172,161
E00077463,381,189,192
E00077464,358,177,181
E00077465,343,176,167
E00077466,392,200,192
E00077470,314,167,147
E00077474,397,204,193
E00077605,315,159,156
E00077606,311,167,144
E00077609,288,149,139
E00077611,348,175,173
E00077615,282,163,119
E00077399,268,143,125
E00077400,332,175,157
E00077402,352,181,171
E00077409,316,163,153
E00077410,303,164,139
E00077523,335,177,158
E00077530,402,200,202
E00077533,331,175,156
E00077534,325,166,159
E00077535,391,198,193
E00077643,303,154,149
E00077646,409,201,208
E00077651,437,234,203
E00077657,271,144,127
E00077658,309,154,155
E00077631,297,163,134
E00077632,365,184,181
E00077635,303,150,153
E00077637,303,163,140
E00077660,235,106,129
E00077630,529,280,249
E00077634,424,214,210
E00077636,447,231,216
E00077640,376,202,174
E00077645,388,189,199
E00077551,235,131,104
E00077557,219,103,116
E00077561,275,142,133
E00077563,271,146,125
E00077565,265,126,139
E00077568,496,253,243
E00077541,262,138,124
E00077546,294,146,148
E00077558,409,194,215
E00077562,316,149,167
E00077566,322,173,149
E00077540,310,157,153
E00077543,261,137,124
E00077545,295,153,142
E00077569,266,145,121
E00077570,292,150,142
E00077571,229,111,118
E00077550,134,71,63
E00077552,346,186,160
E00077559,312,167,145
E00077564,318,168,150
E00077567,327,179,148
E00077450,159,84,75
E00077452,334,171,163
E00077454,295,151,144
E00077456,329,165,164
E00077458,409,204,205
E00077459,379,214,165
E00077638,353,178,175
E00077647,459,228,231
E00077649,334,166,168
E00077650,343,165,178
E00077659,317,167,150
E00077729,439,240,199
E00077733,431,205,226
E00077743,577,302,275
E00077753,473,239,234
E00180421,175,80,95
E00180432,455,219,236
E00077730,525,266,259
E00077732,415,196,219
E00077735,419,198,221
E00077748,337,182,155
E00077752,441,218,223
E00077728,383,203,180
E00077739,305,157,148
E00077740,286,147,139
E00077745,352,181,171
E00077746,392,201,191
E00077448,349,174,175
E00077451,328,183,145
E00077455,331,170,161
E00077457,309,147,162
E00077460,395,193,202
E00077502,383,199,184
E00077503,350,180,170
E00077504,276,162,114
E00077505,288,155,133
E00077506,293,142,151
E00077508,297,146,151
E00077542,330,179,151
E00077544,315,159,156
E00077547,348,188,160
E00077548,339,172,167
E00077549,320,166,154
E00077731,378,178,200
E00077749,321,172,149
E00077751,323,165,158
E00077755,345,169,176
E00077756,393,185,208
E00077741,374,183,191
E00077744,351,173,178
E00077747,309,159,150
E00077750,416,183,233
E00077757,373,181,192
E00077420,293,156,137
E00077429,311,155,156
E00077430,347,175,172
E00077437,279,131,148
E00077439,321,154,167
E00077422,304,156,148
E00077423,289,134,155
E00077424,311,153,158
E00077425,304,158,146
E00077426,323,166,157
E00077428,364,177,187
E00077432,331,172,159
E00077435,312,164,148
E00077441,342,183,159
E00077442,417,214,203
E00077443,362,199,163
E00077417,301,154,147
E00077418,299,152,147
E00077421,321,162,159
E00180400,440,259,181
E00077590,361,182,179
E00077591,369,179,190
E00077598,462,251,211
E00077599,354,168,186
E00077600,320,169,151
E00077583,381,191,190
E00077584,338,165,173
E00077587,291,150,141
E00077588,327,158,169
E00077595,286,146,140
E00077574,507,256,251
E00077582,370,190,180
E00077585,310,159,151
E00077586,305,157,148
E00077594,365,181,184
E00077652,371,207,164
E00077653,382,189,193
E00077654,382,212,170
E00077655,422,219,203
E00077656,445,264,181
E00077485,321,157,164
E00077488,324,156,168
E00077490,277,140,137
E00077491,291,137,154
E00077492,350,181,169
E00077494,382,195,187
E00077475,415,195,220
E00077477,403,202,201
E00077482,398,199,199
E00077486,370,180,190
E00077507,326,158,168
E00172727,181,97,84
E00172732,147,75,72
E00172735,171,81,90
E00077575,363,198,165
E00077589,346,159,187
E00077592,263,117,146
E00077593,308,157,151
E00077596,342,153,189
E00077597,280,151,129
E00077734,390,187,203
E00077736,370,196,174
E00077737,287,140,147
E00077738,390,195,195
E00077754,405,206,199
E00077414,212,112,100
E00077415,330,167,163
E00077419,333,168,165
E00077427,460,246,214
E00077436,316,162,154
E00077431,347,178,169
E00077433,305,163,142
E00077434,367,195,172
E00077438,341,174,167
E00077440,315,157,158
E00077675,402,195,207
E00077676,327,184,143
E00077678,334,176,158
E00077681,332,164,168
E00077662,251,135,116
E00077663,329,168,161
E00077673,290,152,138
E00077674,304,169,135
E00077677,329,171,158
E00077679,330,173,157
E00077682,320,165,155
E00077683,407,211,196
E00077685,316,160,156
E00077277,399,196,203
E00077285,474,233,241
E00077286,312,154,158
E00077313,343,173,170
E00077314,361,173,188
E00077278,194,97,97
E00077287,281,133,148
E00077288,297,148,149
E00077289,395,217,178
E00077292,443,236,207
E00077293,329,156,173
E00077294,371,185,186
E00077295,396,191,205
E00077296,415,217,198
E00180409,195,97,98
E00180430,416,211,205
E00077479,464,228,236
E00077484,289,150,139
E00077493,518,250,268
E00077495,356,192,164
E00077496,496,245,251
E00077480,256,124,132
E00077481,291,144,147
E00077483,340,169,171
E00077487,393,186,207
E00077489,408,183,225
E00077179,333,170,163
E00077180,272,135,137
E00077185,284,147,137
E00077195,210,109,101
E00077196,363,179,184
E00077197,411,220,191
E00077183,341,180,161
E00077189,362,181,181
E00077191,263,135,128
E00077207,380,178,202
E00077208,330,162,168
E00180404,272,140,132
E00180420,216,104,112
E00077184,357,179,178
E00077186,357,183,174
E00077187,321,154,167
E00077190,303,160,143
E00077194,337,169,168
E00077181,341,178,163
E00077198,306,165,141
E00077199,341,183,158
E00077202,409,212,197
E00077206,394,195,199
E00077188,469,248,221
E00077204,451,226,225
E00077205,416,198,218
E00077210,356,180,176
E00077211,326,165,161
E00077244,266,142,124
E00077245,302,153,149
E00077247,331,170,161
E00077248,270,121,149
E00077271,272,137,135
E00077273,250,109,141
E00077274,322,139,183
E00077478,435,208,227
E00077497,140,73,67
E00077498,340,171,169
E00077499,408,215,193
E00077500,340,160,180
E00077501,308,153,155
E00077251,223,102,121
E00077259,308,135,173
E00077264,319,155,164
E00172743,174,90,84
E00077258,392,179,213
E00077267,171,85,86
E00077268,382,178,204
E00172763,392,196,196
E00077246,295,164,131
E00172745,763,363,400
E00180415,1625,912,713
E00180454,100,40,60
E00077249,298,152,146
E00077252,614,356,258
E00077275,356,180,176
E00077250,218,108,110
E00077276,249,123,126
E00180406,123,62,61
E00180413,113,54,59
E00180453,372,145,227
E00180455,153,72,81
E00077260,301,141,160
E00077265,245,91,154
E00077266,454,226,228
E00180418,468,210,258
E00180458,109,52,57
E00077192,378,201,177
E00077193,280,139,141
E00077200,302,160,142
E00077201,257,142,115
E00077203,301,157,144
E00077209,368,181,187
E00077316,309,171,138
E00077318,301,151,150
E00077324,452,250,202
E00077327,214,123,91
E00077347,230,138,92
E00077664,317,160,157
E00077666,338,171,167
E00077680,339,164,175
E00077684,359,182,177
E00077688,332,171,161
E00077665,310,155,155
E00077667,315,152,163
E00077668,366,189,177
E00077686,312,142,170
E00077687,317,169,148
E00077669,308,160,148
E00077670,267,153,114
E00077671,240,132,108
E00077672,405,216,189
E00180419,172,87,85
E00180433,407,207,200
E00077212,277,139,138
E00077214,326,150,176
E00077218,308,147,161
E00077221,322,162,160
E00077223,221,113,108
E00180435,337,145,192
E00180449,135,74,61
E00077213,523,271,252
E00077222,372,169,203
E00077224,236,111,125
E00077225,225,106,119
E00077236,265,122,143
E00172741,171,79,92
E00172759,203,91,112
E00172762,146,77,69
E00077220,223,105,118
E00077229,391,207,184
E00077230,176,82,94
E00077231,247,114,133
E00077232,282,131,151
E00077233,367,200,167
E00077235,137,82,55
E00077217,284,135,149
E00077226,207,100,107
E00172738,247,114,133
E00172747,184,85,99
E00172760,175,83,92
E00077227,342,187,155
E00172751,223,117,106
E00172756,130,60,70
E00172758,165,99,66
E00172761,337,163,174
E00077234,211,109,102
E00077237,293,122,171
E00077239,269,125,144
E00077240,168,72,96
E00172748,170,71,99
E00077241,271,137,134
E00077242,318,128,190
E00172736,253,114,139
E00172744,238,129,109
E00077320,308,154,154
E00077322,277,147,130
E00077325,333,174,159
E00077328,346,181,165
E00077330,246,128,118
E00077315,451,257,194
E00077321,299,153,146
E00077323,164,90,74
E00077326,332,173,159
E00077329,341,185,156
E00077331,313,173,140
E00077317,261,136,125
E00077336,276,147,129
E00077337,253,134,119
E00077339,294,161,133
E00077343,271,151,120
E00077346,199,101,98
E00077319,276,150,126
E00077332,258,143,115
E00077333,294,154,140
E00077334,300,164,136
E00077338,280,153,127
E00077341,388,214,174
E00077335,327,167,160
E00077340,314,166,148
E00077342,315,160,155
E00077344,357,195,162
E00077345,293,151,142
E00077279,346,177,169
E00077297,256,135,121
E00077299,322,147,175
E00077301,515,244,271
E00172750,336,170,166
E00172753,269,124,145
E00077280,437,203,234
E00077298,217,95,122
E00077302,302,139,163
E00077303,379,176,203
E00077307,333,164,169
E00077309,340,160,180
E00077281,400,203,197
E00077282,234,119,115
E00077304,488,231,257
E00077305,468,203,265
E00180405,617,326,291
E00180422,593,295,298
E00077283,235,118,117
E00077284,268,141,127
E00077306,228,105,123
E00077308,459,229,230
E00077310,240,124,116
E00077311,255,121,134
E00077312,206,112,94
E00077255,337,149,188
E00077256,318,146,172
E00077269,223,105,118
E00172752,1308,683,625
E00172754,256,108,148
E00077262,449,239,210
E00077270,341,143,198
E00180414,592,285,307
E00180442,625,334,291
E00078023,209,105,104
E00078033,298,161,137
E00078039,347,169,178
E00180401,619,287,332
E00078018,395,205,190
E00078031,272,135,137
E00078032,283,151,132
E00078034,316,160,156
E00078035,303,158,145
E00078041,171,87,84
E00078028,249,128,121
E00078029,291,152,139
E00078030,302,151,151
E00078037,321,165,156
E00078044,352,189,163
E00078036,325,169,156
E00078038,315,152,163
E00078040,295,155,140
E00078042,399,219,180
E00078043,271,145,126
E00077783,374,184,190
E00077784,351,173,178
E00077785,334,176,158
E00077786,396,208,188
E00078019,273,149,124
E00078021,339,180,159
E00078024,293,142,151
E00078048,338,171,167
E00180426,392,209,183
E00180444,231,114,117
E00078046,385,186,199
E00078047,376,198,178
E00078049,333,174,159
E00078050,269,136,133
E00078020,310,163,147
E00078025,323,162,161
E00078026,352,189,163
E00078027,257,137,120
E00077842,258,133,125
E00077843,291,145,146
E00077846,233,114,119
E00077848,273,138,135
E00077851,312,166,146
E00077838,355,177,178
E00077850,295,151,144
E00077852,287,145,142
E00077855,285,147,138
E00077862,349,187,162
E00077844,334,179,155
E00077853,324,159,165
E00077856,345,186,159
E00077857,394,210,184
E00077845,395,204,191
E00077847,325,165,160
E00077849,317,165,152
E00077854,281,152,129
E00077859,271,139,132
E00077860,342,195,147
E00077863,364,195,169
E00077864,249,136,113
E00077870,331,177,154
E00077839,351,171,180
E00077840,324,166,158
E00077841,321,166,155
E00077865,278,146,132
E00077866,350,178,172
E00077858,271,149,122
E00077861,292,142,150
E00077867,234,131,103
E00077868,347,175,172
E00077869,306,154,152
E00077938,296,148,148
E00077940,368,187,181
E00077941,345,171,174
E00077944,291,129,162
E00077928,325,165,160
E00077939,260,132,128
E00077942,289,144,145
E00077943,257,132,125
E00077946,293,156,137
E00077927,271,140,131
E00077930,297,146,151
E00077931,307,172,135
E00077934,387,208,179
E00077945,313,169,144
E00077929,262,127,135
E00077932,345,183,162
E00077933,341,193,148
E00077935,293,152,141
E00077925,282,149,133
E00077926,369,192,177
E00077936,305,151,154
E00077937,341,168,173
E00077903,294,155,139
E00077917,305,151,154
E00077922,271,150,121
E00077923,313,157,156
E00077924,323,159,164
E00077902,378,206,172
E00077919,356,182,174
E00077921,345,160,185
E00180408,124,70,54
E00180456,547,259,288
E00077906,331,174,157
E00077907,325,176,149
E00077908,273,151,122
E00077910,231,108,123
E00077914,270,156,114
E00077905,287,149,138
E00077909,219,107,112
E00077911,259,135,124
E00077912,317,162,155
E00077915,411,203,208
E00077913,323,167,156
E00077916,303,158,145
E00077918,371,177,194
E00077920,369,194,175
E00077950,329,171,158
E00077954,253,127,126
E00077955,290,142,148
E00077957,366,200,166
E00077959,280,153,127
E00077949,279,150,129
E00077951,208,111,97
E00077953,259,132,127
E00077956,266,135,131
E00077973,225,112,113
E00077977,289,144,145
E00077960,320,163,157
E00077961,254,133,121
E00077964,295,152,143
E00077968,245,128,117
E00077974,336,163,173
E00077975,322,161,161
E00077962,350,190,160
E00077965,312,158,154
E00077966,351,189,162
E00077971,339,174,165
E00077972,297,163,134
E00077947,381,210,171
E00077958,312,158,154
E00077963,329,183,146
E00077967,299,151,148
E00077969,272,132,140
E00077948,256,130,126
E00077952,333,168,165
E00077970,239,133,106
E00077976,267,130,137
E00077978,310,162,148
E00077760,403,213,190
E00077761,259,132,127
E00077765,369,176,193
E00077787,255,135,120
E00077788,246,125,121
E00077791,269,138,131
E00077762,306,147,159
E00077764,376,189,187
E00077789,416,211,205
E00077790,298,152,146
E00077793,343,164,179
E00077769,354,176,178
E00077770,326,152,174
E00077771,312,161,151
E00077772,318,183,135
E00077776,296,149,147
E00077781,356,182,174
E00077758,345,176,169
E00077763,296,157,139
E00077766,302,159,143
E00077768,237,123,114
E00077792,289,153,136
E00077767,401,192,209
E00077773,404,200,204
E00077774,467,242,225
E00077777,373,193,180
E00077759,310,160,150
E00077775,300,162,138
E00077778,366,177,189
E00077779,322,176,146
E00077780,307,159,148
E00077782,186,99,87
E00078054,343,170,173
E00078056,304,159,145
E00078060,306,152,154
E00078062,319,165,154
E00078088,309,160,149
E00078059,360,181,179
E00078061,298,154,144
E00078068,293,134,159
E00078072,337,169,168
E00078079,152,72,80
E00078085,399,204,195
E00078063,361,166,195
E00078064,330,163,167
E00078065,343,171,172
E00078066,386,185,201
E00078067,206,109,97
E00078069,354,182,172
E00078070,338,173,165
E00078071,580,310,270
E00078073,395,195,200
E00078074,404,196,208
E00078076,324,167,157
E00078057,485,244,241
E00078075,426,228,198
E00078077,405,202,203
E00078082,316,163,153
E00078084,350,194,156
E00078051,403,210,193
E00078052,416,214,202
E00078080,319,158,161
E00078081,325,162,163
E00078083,271,128,143
E00077795,339,179,160
E00077798,305,145,160
E00077799,370,181,189
E00077800,254,122,132
E00077801,205,106,99
E00077802,204,102,102
E00077803,239,128,111
E00077806,286,155,131
E00077809,276,141,135
E00077810,458,233,225
E00077811,268,131,137
E00077804,355,163,192
E00077805,335,170,165
E00077807,299,151,148
E00077808,488,229,259
E00077794,303,146,157
E00077796,284,124,160
E00077797,250,130,120
E00077812,347,177,170
E00077813,254,134,120
E00077814,332,178,154
E00077815,329,167,162
E00077816,368,178,190
E00077817,314,161,153
E00077826,370,193,177
E00077818,366,182,184
E00077820,286,142,144
E00077825,264,134,130
E00077831,263,128,135
E00077835,283,141,142
E00077821,321,169,152
E00077824,212,113,99
E00077833,285,160,125
E00077836,363,198,165
E00077837,297,149,148
E00077819,315,160,155
E00077823,319,173,146
E00077829,341,169,172
E00077832,326,163,163
E00077822,347,169,178
E00077827,335,163,172
E00077828,327,162,165
E00077830,297,150,147
E00077834,344,184,160
E00078053,379,188,191
E00078055,381,190,191
E00078058,397,185,212
E00078078,335,174,161
E00078086,324,155,169
E00078087,296,149,147
E00078092,349,184,165
E00078099,325,169,156
E00078110,352,197,155
E00078111,268,140,128
E00078114,422,216,206
E00078097,375,185,190
E00078101,389,203,186
E00078102,520,268,252
E00078103,295,157,138
E00078119,199,97,102
E00078131,250,116,134
E00078134,405,226,179
E00078150,336,172,164
E00078156,301,160,141
E00078157,344,189,155
E00078158,184,106,78
E00078129,379,192,187
E00078130,363,186,177
E00078148,254,130,124
E00078149,266,133,133
E00078152,310,163,147
E00078153,292,142,150
E00078090,321,160,161
E00078091,347,178,169
E00078095,294,155,139
E00078117,329,169,160
E00078118,328,160,168
E00078123,289,154,135
E00078093,406,194,212
E00078094,347,182,165
E00078096,335,179,156
E00078115,236,128,108
E00078121,307,165,142
E00078089,267,124,143
E00078098,361,178,183
E00078105,394,199,195
E00078107,267,148,119
E00078108,324,170,154
E00078109,347,167,180
E00078113,392,194,198
E00078120,322,164,158
E00078122,354,173,181
E00078124,318,159,159
E00078100,351,175,176
E00078104,297,152,145
E00078106,291,155,136
E00078112,320,179,141
E00078116,320,179,141
E00078177,328,165,163
E00078178,261,134,127
E00078179,269,140,129
E00078180,326,167,159
E00078181,366,195,171
E00078168,377,186,191
E00078186,322,164,158
E00078189,379,208,171
E00078190,377,193,184
E00078194,404,210,194
E00078188,278,136,142
E00078191,375,183,192
E00078193,345,156,189
E00078196,440,206,234
E00078198,215,117,98
E00078163,344,181,163
E00078187,340,158,182
E00078192,392,184,208
E00078195,269,140,129
E00078197,349,186,163
E00078165,303,149,154
E00078169,394,213,181
E00078170,447,227,220
E00078173,264,135,129
E00078176,250,122,128
E00078164,273,142,131
E00078171,283,144,139
E00078172,398,207,191
E00078174,354,182,172
E00078175,329,168,161
E00077997,497,196,301
E00078004,287,150,137
E00078008,325,163,162
E00078010,264,129,135
E00078012,353,170,183
E00077998,395,201,194
E00078011,298,153,145
E00078013,235,112,123
E00078014,471,253,218
E00078015,410,210,200
E00078016,291,145,146
E00078017,328,180,148
E00077999,366,193,173
E00078001,295,151,144
E00078002,346,184,162
E00078003,409,216,193
E00078005,368,197,171
E00078000,416,210,206
E00078006,332,168,164
E00078007,422,225,197
E00078009,321,159,162
E00078203,312,159,153
E00078210,292,158,134
E00078211,267,140,127
E00078212,267,136,131
E00078213,282,138,144
E00078217,330,172,158
E00078214,358,179,179
E00078215,299,149,150
E00078216,330,165,165
E00078218,407,199,208
E00078221,382,216,166
E00078199,279,154,125
E00078204,272,145,127
E00172087,219,113,106
E00172093,165,82,83
E00172094,340,178,162
E00078226,346,191,155
E00172095,405,203,202
E00172096,310,160,150
E00172097,317,160,157
E00172098,256,123,133
E00078200,189,100,89
E00078201,233,112,121
E00078202,192,100,92
E00078205,336,159,177
E00078225,393,204,189
E00078207,154,84,70
E00078208,327,162,165
E00078228,474,224,250
E00078229,230,136,94
E00078219,320,166,154
E00078222,311,180,131
E00078223,242,145,97
E00078224,294,169,125
E00078227,427,227,200
E00180441,421,231,190
E00180445,279,150,129
E00180448,160,84,76
E00077979,307,149,158
E00077993,308,160,148
E00077994,211,112,99
E00077995,282,148,134
E00077996,309,157,152
E00077980,293,148,145
E00077981,298,156,142
E00077983,403,215,188
E00077984,311,173,138
E00077985,379,191,188
E00077987,432,225,207
E00077989,316,163,153
E00077990,296,151,145
E00077982,427,225,202
E00077986,296,156,140
E00077991,354,184,170
E00180451,444,222,222
E00077992,513,266,247
E00172091,256,144,112
E00172092,161,97,64
E00180403,184,83,101
E00078135,411,212,199
E00078140,157,96,61
E00078142,322,173,149
E00078143,365,187,178
E00078146,324,160,164
E00180429,167,75,92
E00180434,346,191,155
E00078137,338,177,161
E00078138,265,143,122
E00078139,293,161,132
E00078141,284,130,154
E00078159,298,146,152
E00078160,224,119,105
E00078161,227,107,120
E00078132,363,178,185
E00078133,277,136,141
E00078136,203,101,102
E00078151,492,245,247
E00078154,363,184,179
E00078155,386,204,182
E00078125,312,177,135
E00078126,275,152,123
E00078127,269,134,135
E00078128,311,156,155
E00078144,191,118,73
E00078145,317,165,152
E00078147,235,126,109
E00078166,320,156,164
E00078167,307,155,152
E00078182,276,139,137
E00078183,320,172,148
E00078184,295,149,146
E00078185,264,134,130
E00077872,363,162,201
E00077873,294,165,129
E00077878,400,203,197
E00077882,403,200,203
E00077896,164,97,67
E00077898,213,119,94
E00077874,180,94,86
E00077877,238,127,111
E00077879,250,135,115
E00077881,220,125,95
E00077897,177,97,80
E00077899,186,101,85
E00077900,280,158,122
E00077901,193,97,96
E00077876,264,137,127
E00077885,389,192,197
E00077887,188,106,82
E00077888,321,172,149
E00077890,239,120,119
E00077891,374,195,179
E00077875,368,202,166
E00077880,304,146,158
E00077883,286,145,141
E00077884,416,210,206
E00077886,305,149,156
E00077871,268,136,132
E00077889,224,114,110
E00077892,273,139,134
E00077893,181,89,92
E00077894,333,156,177
E00077895,244,115,129
E00103071,309,156,153
E00103079,330,176,154
E00103080,277,142,135
E00103081,322,155,167
E00103082,282,156,126
E00103070,300,152,148
E00103074,340,164,176
E00103076,280,138,142
E00103077,248,124,124
E00103078,333,165,168
E00103069,309,164,145
E00103072,268,130,138
E00103073,347,182,165
E00103075,218,109,109
E00103083,186,88,98
E00103188,280,141,139
E00103193,271,137,134
E00103194,296,157,139
E00103195,344,179,165
E00180428,347,182,165
E00180447,338,180,158
E00103116,360,176,184
E00103118,290,153,137
E00103124,312,161,151
E00103125,315,161,154
E00103117,250,134,116
E00103121,394,185,209
E00103122,326,174,152
E00103126,515,272,243
E00103115,437,252,185
E00103119,331,173,158
E00103120,290,150,140
E00103123,355,187,168
E00103127,321,171,150
E00103160,332,175,157
E00103165,350,191,159
E00103166,339,172,167
E00103169,348,179,169
E00103189,353,171,182
E00103190,288,147,141
E00103191,344,182,162
E00103192,297,158,139
E00103196,287,143,144
E00103197,361,182,179
E00103198,346,181,165
E00103101,268,159,109
E00103104,154,77,77
E00103105,185,106,79
E00103109,341,191,150
E00103112,207,119,88
E00103113,372,193,179
E00103114,275,152,123
E00103102,237,127,110
E00103103,244,134,110
E00103106,263,141,122
E00103107,243,130,113
E00103108,425,236,189
E00103110,256,125,131
E00103111,283,140,143
E00103147,315,157,158
E00103148,375,186,189
E00103149,389,208,181
E00103150,296,162,134
E00103152,233,115,118
E00103156,320,179,141
E00103157,288,155,133
E00103151,295,160,135
E00103153,253,131,122
E00103154,296,156,140
E00103155,327,160,167
E00103158,341,178,163
E00103220,316,165,151
E00103223,277,149,128
E00103226,251,134,117
E00103228,304,172,132
E00103229,227,121,106
E00103215,311,165,146
E00103221,306,169,137
E00103225,288,153,135
E00103230,455,240,215
E00103231,291,148,143
E00103216,276,140,136
E00103218,289,149,140
E00103227,261,139,122
E00103232,303,159,144
E00103233,238,124,114
E00103234,291,162,129
E00103217,249,130,119
E00103219,269,153,116
E00103224,313,169,144
E00180423,137,71,66
E00180437,592,316,276
E00103084,319,162,157
E00103095,212,113,99
E00103097,255,133,122
E00103098,249,129,120
E00103099,198,109,89
E00103100,366,191,175
E00103086,193,99,94
E00103087,303,152,151
E00103088,297,152,145
E00103093,241,134,107
E00103094,349,183,166
E00103096,339,175,164
E00103085,336,169,167
E00103089,320,170,150
E00103090,340,171,169
E00103091,342,174,168
E00103092,312,153,159
E00103173,241,121,120
E00103182,350,188,162
E00103183,245,142,103
E00103184,300,161,139
E00103159,336,167,169
E00103161,300,171,129
E00103162,475,246,229
E00103163,381,200,181
E00103167,249,141,108
E00103164,256,129,127
E00103168,338,179,159
E00103170,338,177,161
E00103171,409,196,213
E00103172,417,215,202
E00103174,248,137,111
E00103176,248,127,121
E00103177,213,112,101
E00103185,290,144,146
E00103186,295,149,146
E00103187,301,177,124
E00103200,382,208,174
E00103203,281,146,135
E00103204,276,147,129
E00103207,263,142,121
E00103212,213,120,93
E00103214,372,204,168
E00103201,279,147,132
E00103205,304,159,145
E00103206,374,185,189
E00103208,284,150,134
E00103210,271,133,138
E00103202,243,122,121
E00103209,359,186,173
E00103211,229,118,111
E00103213,241,129,112
E00103131,267,149,118
E00103132,285,152,133
E00103139,313,160,153
E00103141,256,136,120
E00103142,235,121,114
E00103145,108,63,45
E00103129,287,156,131
E00103130,279,144,135
E00103137,309,157,152
E00103138,267,130,137
E00103140,235,125,110
E00103143,221,129,92
E00103144,324,158,166
E00103128,234,113,121
E00103133,261,151,110
E00103134,254,141,113
E00103135,241,129,112
E00103136,352,203,149
E00103146,274,139,135
E00103175,279,151,128
E00103178,298,148,150
E00103179,285,156,129
E00103180,290,151,139
E00103181,314,158,156
E00077695,235,108,127
E00077696,259,124,135
E00077709,121,62,59
E00077712,255,119,136
E00077717,245,130,115
E00077719,255,126,129
E00077710,220,107,113
E00077711,188,104,84
E00077713,150,80,70
E00077714,380,210,170
E00077715,273,150,123
E00077720,382,217,165
E00172733,206,94,112
E00172764,235,114,121
E00077578,261,124,137
E00077579,269,128,141
E00077580,390,200,190
E00077581,214,101,113
E00077572,317,166,151
E00077573,352,168,184
E00077576,260,127,133
E00077577,257,128,129
E00077693,390,178,212
E00077699,541,263,278
E00077703,327,143,184
E00077725,180,82,98
E00077727,505,235,270
E00172755,232,105,127
E00172757,283,138,145
E00077690,237,128,109
E00077700,233,122,111
E00077702,194,97,97
E00077704,249,125,124
E00077705,218,103,115
E00077706,163,74,89
E00077721,245,125,120
E00077726,201,106,95
E00077691,283,128,155
E00077692,256,126,130
E00077697,217,125,92
E00077698,187,102,85
E00077716,201,95,106
E00077722,274,143,131
E00077723,231,126,105
E00077689,322,159,163
E00077694,363,185,178
E00077701,300,145,155
E00077707,234,125,109
E00077708,397,196,201
E00103235,303,154,149
E00103239,305,162,143
E00103240,390,197,193
E00103241,330,163,167
E00103236,364,191,173
E00103237,261,134,127
E00103238,297,151,146
E00103242,326,162,164
E00103243,296,149,147
E00103309,324,159,165
E00103310,305,161,144
E00103311,274,147,127
E00103312,130,65,65
E00103313,204,109,95
E00103314,391,199,192
E00103315,394,197,197
E00103316,137,64,73
E00103353,219,106,113
E00103354,363,190,173
E00103355,286,144,142
E00103356,292,153,139
E00103357,257,139,118
E00103452,304,155,149
E00103453,348,178,170
E00103457,268,140,128
E00103458,321,176,145
E00103459,277,138,139
E00103454,341,172,169
E00103455,298,149,149
E00103456,269,138,131
E00103460,240,121,119
E00103463,299,155,144
E00103466,305,155,150
E00103467,284,148,136
E00103468,342,170,172
E00103474,311,166,145
E00103461,274,144,130
E00103462,279,141,138
E00103470,324,164,160
E00103471,298,144,154
E00171467,247,127,120
E00171468,395,200,195
E00171469,217,117,100
E00103464,321,164,157
E00103465,372,184,188
E00103472,370,193,177
E00103473,390,204,186
E00103431,588,300,288
E00103432,278,160,118
E00103436,261,129,132
E00103433,469,241,228
E00103434,277,151,126
E00103435,330,171,159
E00103437,338,171,167
E00103438,388,196,192
E00103443,417,225,192
E00103445,483,240,243
E00103451,190,105,85
E00103439,542,285,257
E00103440,319,158,161
E00103441,352,182,170
E00103442,481,251,230
E00103446,276,131,145
E00103444,344,176,168
E00103447,331,165,166
E00103448,297,154,143
E00103449,269,131,138
E00103450,257,140,117
E00103390,463,252,211
E00103393,372,191,181
E00103395,228,111,117
E00103396,301,147,154
E00103401,280,143,137
E00103389,204,118,86
E00103391,347,181,166
E00103392,308,163,145
E00103394,317,168,149
E00103398,238,125,113
E00103399,272,142,130
E00103397,244,117,127
E00103400,328,166,162
E00103402,313,160,153
E00183037,288,153,135
E00183063,393,198,195
E00183070,113,63,50
E00183086,396,196,200
E00103405,331,160,171
E00103406,349,174,175
E00103407,332,162,170
E00103408,318,163,155
E00103409,262,136,126
E00103410,270,137,133
E00103411,337,185,152
E00103412,301,154,147
E00103350,245,122,123
E00103351,198,93,105
E00103352,267,129,138
E00103358,411,217,194
E00103359,158,85,73
E00103360,442,234,208
E00103361,340,172,168
E00103362,337,169,168
E00103363,321,163,158
E00103364,317,159,158
E00103365,490,241,249
E00103426,287,145,142
E00103427,353,184,169
E00103429,328,163,165
E00103430,331,170,161
E00103421,273,132,141
E00103422,133,65,68
E00103423,175,91,84
E00103424,137,74,63
E00103425,224,116,108
E00103428,315,152,163
E00103479,346,188,158
E00103495,271,142,129
E00103496,382,182,200
E00103497,316,171,145
E00103482,350,203,147
E00103483,267,141,126
E00103485,339,182,157
E00103490,219,111,108
E00103499,313,180,133
E00103500,135,78,57
E00103475,282,143,139
E00103480,321,171,150
E00103481,268,152,116
E00103488,309,158,151
E00103498,275,149,126
E00103478,234,117,117
E00103484,248,133,115
E00103486,294,161,133
E00103487,343,177,166
E00103489,265,136,129
E00103476,391,209,182
E00103477,334,179,155
E00103491,126,67,59
E00103492,279,135,144
E00103493,185,95,90
E00103494,316,164,152
E00103254,332,178,154
E00103255,298,149,149
E00103256,314,171,143
E00103258,272,141,131
E00103262,353,178,175
E00103253,265,130,135
E00103264,322,171,151
E00103265,307,161,146
E00103266,338,176,162
E00103267,278,141,137
E00103273,506,255,251
E00103274,231,118,113
E00103275,202,104,98
E00183066,501,245,256
E00183092,262,136,126
E00103268,331,160,171
E00103270,277,147,130
E00103271,310,158,152
E00103272,329,159,170
E00103318,209,112,97
E00103319,303,151,152
E00103323,391,201,190
E00103329,137,69,68
E00103332,301,160,141
E00103321,284,145,139
E00103324,298,157,141
E00103328,315,177,138
E00103330,270,135,135
E00103331,296,145,151
E00103317,297,173,124
E00103322,301,165,136
E00103325,237,113,124
E00103326,339,176,163
E00103327,133,84,49
E00183041,186,94,92
E00183042,259,141,118
E00103337,213,111,102
E00103342,348,175,173
E00103343,306,154,152
E00103345,355,184,171
E00103346,301,147,154
E00103335,304,160,144
E00103336,280,147,133
E00103340,289,146,143
E00103341,204,112,92
E00103344,289,150,139
E00103347,352,196,156
E00103245,323,170,153
E00103247,245,126,119
E00103249,272,143,129
E00103251,279,163,116
E00103252,217,111,106
E00103244,342,184,158
E00103246,216,122,94
E00103248,259,140,119
E00103250,281,144,137
E00103257,302,163,139
E00103259,292,159,133
E00103260,353,188,165
E00103261,328,183,145
E00103263,284,142,142
E00103413,389,200,189
E00103415,277,141,136
E00103417,252,127,125
E00103419,286,150,136
E00103414,257,143,114
E00103416,322,170,152
E00103418,242,129,113
E00103420,310,156,154
E00103502,158,81,77
E00103505,271,145,126
E00103506,209,113,96
E00103518,263,132,131
E00103525,350,192,158
E00103526,290,154,136
E00103527,268,150,118
E00103504,296,153,143
E00103507,264,139,125
E00103510,280,156,124
E00103512,323,209,114
E00103514,415,209,206
E00183059,454,235,219
E00183085,196,100,96
E00103503,245,130,115
E00103513,301,148,153
E00103519,239,121,118
E00103520,274,153,121
E00103521,243,128,115
E00103522,200,113,87
E00103523,147,80,67
E00103524,278,158,120
E00103508,226,127,99
E00103509,228,123,105
E00103511,245,134,111
E00103515,342,187,155
E00103516,177,100,77
E00183054,204,98,106
E00183073,424,219,205
E00183091,173,82,91
E00103333,354,188,166
E00103334,382,201,181
E00103338,286,141,145
E00103339,352,183,169
E00103348,245,149,96
E00103349,284,155,129
E00103381,362,196,166
E00103382,349,166,183
E00103384,258,121,137
E00103385,293,151,142
E00103386,370,180,190
E00103373,383,202,181
E00103374,287,150,137
E00103376,164,78,86
E00103379,298,153,145
E00103387,227,124,103
E00103388,278,147,131
E00103375,336,170,166
E00103377,293,156,137
E00103378,329,168,161
E00103380,347,180,167
E00103383,255,125,130
E00103366,277,144,133
E00103368,301,148,153
E00103370,556,277,279
E00103371,300,167,133
E00171464,318,154,164
E00183033,575,318,257
E00183071,502,262,240
E00183076,237,116,121
E00103278,347,180,167
E00103283,303,150,153
E00103284,319,162,157
E00103287,200,95,105
E00103288,355,189,166
E00103276,325,163,162
E00103280,305,160,145
E00103286,302,165,137
E00103289,430,220,210
E00103290,326,175,151
E00103291,306,169,137
E00103277,274,135,139
E00103279,329,171,158
E00103281,391,198,193
E00103282,354,184,170
E00103285,311,168,143
E00103294,391,163,228
E00103295,280,147,133
E00103296,337,162,175
E00103297,269,140,129
E00103292,329,139,190
E00103293,459,208,251
E00103298,251,130,121
E00103299,294,149,145
E00103301,289,145,144
E00103302,267,143,124
E00103305,270,125,145
E00103306,281,138,143
E00103300,293,155,138
E00103303,315,162,153
E00103304,258,141,117
E00103307,291,150,141
E00103308,328,173,155
E00103603,307,174,133
E00103604,223,119,104
E00103605,265,152,113
E00103606,363,186,177
E00103608,276,145,131
E00103609,369,167,202
E00171736,302,151,151
E00171738,305,158,147
E00103624,394,213,181
E00103625,185,99,86
E00103626,185,104,81
E00103627,223,121,102
E00103628,251,126,125
E00103629,257,141,116
E00103630,234,124,110
E00103732,276,155,121
E00103735,244,133,111
E00103738,291,151,140
E00103739,311,161,150
E00103740,281,138,143
E00103741,237,121,116
E00103731,482,247,235
E00103733,259,129,130
E00103734,254,132,122
E00103736,292,158,134
E00103737,247,133,114
E00103581,307,159,148
E00103582,319,156,163
E00103583,321,176,145
E00103584,360,186,174
E00103585,220,108,112
E00103586,351,181,170
E00103587,120,58,62
E00103646,382,196,186
E00103647,437,222,215
E00103648,277,134,143
E00103649,282,146,136
E00103650,302,157,145
E00171739,311,162,149
E00171741,274,145,129
E00103724,324,169,155
E00103725,279,146,133
E00103726,308,160,148
E00103727,265,142,123
E00103728,140,70,70
E00103730,276,147,129
E00171752,259,129,130
E00171743,293,154,139
E00171744,292,155,137
E00171746,231,125,106
E00171747,260,134,126
E00171749,287,154,133
E00171750,343,168,175
E00103654,433,234,199
E00103655,280,145,135
E00103656,357,182,175
E00103657,299,153,146
E00103671,284,156,128
E00103672,211,122,89
E00103673,353,148,205
E00103674,257,143,114
E00103675,375,195,180
E00103676,220,111,109
E00103677,315,135,180
E00103683,321,164,157
E00103684,358,181,177
E00103685,293,155,138
E00103686,253,125,128
E00103687,371,178,193
E00103688,222,113,109
E00103689,292,145,147
E00103690,235,123,112
E00103691,327,174,153
E00103692,204,109,95
E00103693,245,138,107
E00103694,293,160,133
E00183038,624,324,300
E00183047,184,97,87
E00183060,557,293,264
E00183078,481,239,242
E00183090,341,190,151
E00103679,355,187,168
E00103680,337,175,162
E00103682,275,141,134
E00183058,222,115,107
E00183075,237,122,115
E00183083,120,68,52
E00103540,442,212,230
E00103543,272,138,134
E00103546,300,152,148
E00103548,310,164,146
E00103550,448,229,219
E00103541,299,150,149
E00103542,366,198,168
E00103544,295,137,158
E00103545,292,152,140
E00103547,269,134,135
E00103549,266,147,119
E00103639,256,136,120
E00103640,259,130,129
E00103641,312,164,148
E00103642,283,149,134
E00103643,314,172,142
E00103644,291,153,138
E00103645,321,168,153
E00103695,227,124,103
E00103697,268,132,136
E00103703,313,165,148
E00103705,305,178,127
E00103707,239,119,120
E00171753,293,147,146
E00171755,213,106,107
E00171757,335,172,163
E00103696,211,106,105
E00103700,322,161,161
E00103701,457,226,231
E00103702,329,156,173
E00103699,255,141,114
E00103706,345,168,177
E00171758,158,81,77
E00171760,296,160,136
E00171761,280,146,134
E00103614,380,213,167
E00103620,412,218,194
E00103621,366,187,179
E00103622,330,164,166
E00103623,312,162,150
E00103615,215,114,101
E00103616,302,187,115
E00103617,381,196,185
E00171767,389,179,210
E00171769,162,82,80
E00103610,272,142,130
E00103611,366,201,165
E00103612,253,129,124
E00103613,269,147,122
E00103619,387,189,198
E00103708,295,156,139
E00103710,204,104,100
E00103711,287,146,141
E00103712,389,197,192
E00103713,301,154,147
E00103714,225,114,111
E00183046,140,73,67
E00183057,519,62,457
E00103596,176,98,78
E00103597,187,98,89
E00103598,400,209,191
E00103599,326,166,160
E00103600,375,175,200
E00103601,247,129,118
E00103602,264,137,127
E00103658,260,130,130
E00103659,362,183,179
E00103660,306,142,164
E00103661,141,65,76
E00103662,513,265,248
E00183034,999,472,527
E00103664,286,142,144
E00103665,240,124,116
E00103666,326,173,153
E00103667,155,72,83
E00103668,234,129,105
E00103669,259,139,120
E00103670,327,163,164
E00103716,305,155,150
E00103717,330,172,158
E00103719,728,128,600
E00103720,322,169,153
E00103721,287,137,150
E00103722,164,84,80
E00183036,504,249,255
E00103551,278,145,133
E00103552,312,146,166
E00103553,303,150,153
E00103554,310,164,146
E00103555,310,166,144
E00103556,222,111,111
E00103558,359,189,170
E00103559,344,168,176
E00171763,167,87,80
E00171764,237,115,122
E00171766,290,147,143
E00183048,205,107,98
E00183080,242,125,117
E00183082,371,191,180
E00103561,330,171,159
E00103562,449,236,213
E00103563,318,159,159
E00103564,272,140,132
E00103565,258,130,128
E00103566,352,185,167
E00103567,220,126,94
E00103568,278,146,132
E00103569,326,178,148
E00103570,223,119,104
E00103571,216,121,95
E00103572,301,139,162
E00103573,480,277,203
E00103574,324,163,161
E00103575,288,133,155
E00103576,356,155,201
E00103577,350,180,170
E00103578,337,171,166
E00103579,423,233,190
E00103580,304,160,144
E00103530,383,194,189
E00103531,317,164,153
E00103532,389,194,195
E00103538,340,166,174
E00103528,172,86,86
E00103529,307,155,152
E00103533,432,179,253
E00103534,298,159,139
E00103535,345,182,163
E00103536,374,200,174
E00103537,394,190,204
E00103539,191,97,94
E00103588,111,59,52
E00103589,284,145,139
E00103590,318,163,155
E00103591,192,89,103
E00103592,203,117,86
E00103593,171,94,77
E00103594,308,161,147
E00103595,377,192,185
E00103631,140,70,70
E00103632,198,102,96
E00103633,321,164,157
E00103634,337,171,166
E00103635,417,211,206
E00103636,171,90,81
E00103637,261,137,124
E00103638,133,61,72
E00103742,237,126,111
E00103743,225,112,113
E00103744,302,154,148
E00103745,436,221,215
E00103746,225,101,124
E00103747,328,165,163
E00103748,193,99,94
E00103770,308,161,147
E00103771,462,235,227
E00103772,257,129,128
E00103773,277,139,138
E00103775,115,56,59
E00103776,341,179,162
E00103780,318,163,155
E00103768,312,162,150
E00103769,240,134,106
E00103774,269,145,124
E00103777,329,167,162
E00103778,263,141,122
E00103779,398,211,187
E00103782,340,175,165
E00103787,364,194,170
E00103793,323,163,160
E00103794,297,148,149
E00103781,200,109,91
E00103784,270,134,136
E00103785,321,160,161
E00103786,452,236,216
E00103792,230,118,112
E00103783,479,256,223
E00103788,271,134,137
E00103789,271,134,137
E00103790,322,180,142
E00103791,258,147,111
E00103797,209,111,98
E00103799,451,227,224
E00103800,315,164,151
E00103801,350,180,170
E00103802,280,139,141
E00103804,324,172,152
E00103795,308,154,154
E00103796,398,203,195
E00103798,348,177,171
E00103803,308,159,149
E00103805,537,270,267
E00103806,426,216,210
E00103808,248,131,117
E00103809,136,75,61
E00103812,330,174,156
E00103813,212,104,108
E00103816,269,136,133
E00103807,233,121,112
E00103810,264,137,127
E00103811,334,170,164
E00103814,301,159,142
E00103815,286,146,140
E00103853,240,118,122
E00103863,231,129,102
E00103864,268,153,115
E00103866,249,136,113
E00103867,270,135,135
E00103869,190,108,82
E00103859,232,129,103
E00103861,244,124,120
E00103862,268,152,116
E00103865,269,145,124
E00183040,424,226,198
E00183065,270,149,121
E00103858,290,150,140
E00103870,311,159,152
E00103871,294,153,141
E00103872,333,177,156
E00103854,322,179,143
E00103855,302,157,145
E00103856,275,143,132
E00103857,321,167,154
E00103860,274,138,136
E00103873,241,110,131
E00103874,433,226,207
E00103875,327,155,172
E00103876,313,160,153
E00103877,236,124,112
E00103878,218,106,112
E00103879,154,77,77
E00103880,347,169,178
E00103881,310,161,149
E00103882,377,184,193
E00103885,255,133,122
E00103886,333,169,164
E00103891,310,161,149
E00166078,347,172,175
E00166079,409,211,198
E00103883,307,149,158
E00103884,304,169,135
E00103894,303,148,155
E00103895,244,126,118
E00103887,499,246,253
E00103888,422,212,210
E00103889,424,226,198
E00103890,359,188,171
E00166076,612,164,448
E00166077,250,128,122
E00103749,234,122,112
E00103750,275,141,134
E00103751,169,96,73
E00103752,211,115,96
E00103753,399,186,213
E00103754,260,133,127
E00103755,146,75,71
E00103756,305,154,151
E00103757,319,152,167
E00103758,280,139,141
E00103759,268,143,125
E00103760,186,88,98
E00103761,289,146,143
E00103762,184,96,88
E00103763,261,134,127
E00103764,342,171,171
E00103765,266,143,123
E00103766,261,134,127
E00103767,403,209,194
E00103818,290,159,131
E00103820,299,151,148
E00103823,222,114,108
E00103824,299,143,156
E00103819,185,108,77
E00103821,186,105,81
E00103822,239,127,112
E00103830,228,122,106
E00103831,290,151,139
E00103817,408,214,194
E00103825,216,109,107
E00103826,317,177,140
E00103827,271,148,123
E00103828,264,130,134
E00103829,221,123,98
E00103833,211,114,97
E00103836,172,92,80
E00103837,232,122,110
E00103838,246,125,121
E00103839,227,114,113
E00103852,238,130,108
E00103834,257,134,123
E00103835,229,116,113
E00103843,331,172,159
E00103847,244,126,118
E00103848,254,134,120
E00103850,245,139,106
E00103841,335,173,162
E00103842,308,151,157
E00103845,222,113,109
E00103846,322,159,163
E00103832,194,113,81
E00103840,352,170,182
E00103844,294,148,146
E00103849,290,140,150
E00103851,292,155,137
E00104188,369,185,184
E00104196,315,174,141
E00104200,251,130,121
E00104202,394,219,175
E00104189,375,199,176
E00104194,329,182,147
E00104195,380,203,177
E00166101,373,192,181
E00104190,238,137,101
E00104191,253,157,96
E00104197,351,207,144
E00104198,258,132,126
E00104199,209,105,104
E00104201,295,171,124
E00104204,254,137,117
E00104205,258,150,108
E00104218,230,132,98
E00166080,631,98,533
E00166081,108,62,46
E00104209,260,135,125
E00104210,251,134,117
E00104211,274,144,130
E00104212,350,217,133
E00104213,554,283,271
E00104216,185,115,70
E00183052,533,419,114
E00183069,495,244,251
E00104203,350,184,166
E00104206,197,110,87
E00104207,271,147,124
E00104208,325,162,163
E00104217,449,284,165
E00103911,329,169,160
E00103912,312,160,152
E00103913,332,168,164
E00103914,270,150,120
E00103915,332,179,153
E00103916,297,165,132
E00103980,371,190,181
E00103981,334,161,173
E00103982,404,198,206
E00103983,228,121,107
E00103984,253,131,122
E00103985,271,140,131
E00103986,254,127,127
E00104179,413,208,205
E00104180,181,97,84
E00104181,403,207,196
E00104182,111,64,47
E00104183,168,85,83
E00104184,132,65,67
E00104185,211,110,101
E00104186,184,87,97
E00104187,310,159,151
E00104227,375,196,179
E00104228,125,70,55
E00104229,271,131,140
E00104230,301,160,141
E00104231,316,166,150
E00104232,311,158,153
E00103903,185,91,94
E00103908,451,232,219
E00103909,322,162,160
E00103910,311,163,148
E00103897,238,126,112
E00103904,331,164,167
E00103905,271,147,124
E00103906,249,124,125
E00103907,305,152,153
E00103896,268,142,126
E00103898,284,168,116
E00103899,295,162,133
E00103900,262,143,119
E00103901,251,118,133
E00103902,238,126,112
E00103966,456,225,231
E00103967,379,188,191
E00103968,295,152,143
E00103969,256,141,115
E00103970,132,74,58
E00103971,248,118,130
E00104105,264,127,137
E00104106,241,110,131
E00104107,294,137,157
E00104108,244,121,123
E00104109,283,145,138
E00104111,204,101,103
E00166100,342,175,167
E00104131,193,96,97
E00104132,169,84,85
E00104133,149,71,78
E00104134,366,189,177
E00104135,300,165,135
E00104136,461,249,212
E00104137,183,90,93
E00104138,325,170,155
E00103987,357,182,175
E00103988,283,157,126
E00103989,348,197,151
E00103990,235,130,105
E00103998,187,96,91
E00103999,180,92,88
E00104000,315,159,156
E00166088,270,131,139
E00166089,137,72,65
E00166090,261,131,130
E00166091,264,140,124
E00103991,302,158,144
E00103992,617,322,295
E00103994,242,115,127
E00103995,210,118,92
E00103996,361,221,140
E00166087,144,67,77
E00166092,254,139,115
E00166093,292,153,139
E00104097,267,138,129
E00104098,272,141,131
E00104099,278,150,128
E00104100,232,110,122
E00104101,165,91,74
E00104103,432,233,199
E00166082,328,163,165
E00166083,299,148,151
E00104165,140,75,65
E00104166,321,158,163
E00104167,350,184,166
E00104168,139,73,66
E00104169,446,217,229
E00104170,316,163,153
E00104171,372,186,186
E00104172,305,153,152
E00104173,248,127,121
E00104174,494,251,243
E00104175,317,162,155
E00104176,386,201,185
E00104177,314,177,137
E00104178,517,276,241
E00104001,263,139,124
E00104002,258,143,115
E00104003,284,158,126
E00104004,284,151,133
E00104005,249,141,108
E00104006,351,175,176
E00104118,193,97,96
E00104119,340,183,157
E00104125,220,111,109
E00104128,371,187,184
E00104129,291,159,132
E00104130,176,84,92
E00104120,300,158,142
E00104122,267,152,115
E00104123,258,133,125
E00104124,246,127,119
E00104126,269,140,129
E00104127,200,114,86
E00183045,499,259,240
E00183077,113,61,52
E00104139,368,194,174
E00104140,341,172,169
E00104141,359,182,177
E00104142,330,169,161
E00104143,340,178,162
E00103917,255,139,116
E00103918,293,149,144
E00103919,401,204,197
E00103920,305,164,141
E00103921,284,141,143
E00103922,266,136,130
E00103923,252,135,117
E00103925,281,154,127
E00103929,311,154,157
E00103930,303,159,144
E00103931,202,102,100
E00103933,235,114,121
E00103926,256,148,108
E00103934,322,177,145
E00103936,219,118,101
E00103937,358,197,161
E00103938,225,125,100
E00103939,272,140,132
E00103924,263,148,115
E00103927,199,102,97
E00103928,285,142,143
E00103932,311,156,155
E00103935,316,165,151
E00103972,260,127,133
E00103973,220,122,98
E00103974,208,107,101
E00103975,246,127,119
E00103976,252,119,133
E00103977,174,91,83
E00103978,385,210,175
E00103979,102,52,50
E00104034,233,121,112
E00104035,186,89,97
E00104036,282,150,132
E00104037,259,133,126
E00104038,201,109,92
E00104039,236,119,117
E00104040,388,194,194
E00104112,160,88,72
E00104113,407,218,189
E00104114,244,136,108
E00104115,288,154,134
E00104116,252,133,119
E00104117,397,198,199
E00104144,404,201,203
E00104145,346,168,178
E00104146,180,99,81
E00104147,359,181,178
E00104148,349,190,159
E00104149,319,164,155
E00104150,328,163,165
E00103947,166,98,68
E00103951,365,199,166
E00103952,296,144,152
E00103953,273,158,115
E00103954,254,136,118
E00103955,382,219,163
E00103940,267,144,123
E00103948,213,118,95
E00103949,206,117,89
E00103950,257,138,119
E00103958,374,205,169
E00103959,340,172,168
E00103941,245,125,120
E00103942,225,115,110
E00103943,238,126,112
E00103944,230,128,102
E00103945,243,132,111
E00103946,310,166,144
E00103956,279,159,120
E00103957,386,213,173
E00104042,204,109,95
E00104047,244,126,118
E00104048,257,136,121
E00104050,247,145,102
E00104051,286,150,136
E00104053,389,205,184
E00104043,410,213,197
E00104044,463,256,207
E00104049,207,116,91
E00104052,331,175,156
E00104056,330,183,147
E00104041,375,189,186
E00104045,262,138,124
E00104046,278,152,126
E00104054,266,127,139
E00104055,279,142,137
E00104072,280,161,119
E00104080,294,159,135
E00104081,369,190,179
E00104082,303,141,162
E00104071,336,171,165
E00104074,265,141,124
E00104076,260,144,116
E00104077,295,151,144
E00104078,293,134,159
E00104073,279,142,137
E00104075,357,187,170
E00104079,315,166,149
E00104083,351,174,177
E00103960,312,161,151
E00103961,294,150,144
E00103962,341,184,157
E00103963,336,166,170
E00103964,383,197,186
E00103965,284,133,151
E00104153,420,205,215
E00104157,445,234,211
E00104158,214,116,98
E00104159,208,109,99
E00104160,164,82,82
E00104161,359,190,169
E00104162,147,72,75
E00104164,152,79,73
E00104151,270,129,141
E00104152,431,212,219
E00104154,225,117,108
E00104155,209,113,96
E00104156,493,248,245
E00104163,229,127,102
E00104219,254,129,125
E00104220,258,135,123
E00104221,187,88,99
E00104222,230,128,102
E00104223,252,140,112
E00104224,250,123,127
E00104225,390,200,190
E00104226,288,142,146
E00104007,214,122,92
E00104008,241,124,117
E00104009,227,121,106
E00104010,120,60,60
E00104011,355,192,163
E00104012,191,103,88
E00104013,125,58,67
E00104014,313,166,147
E00104015,297,149,148
E00104019,464,233,231
E00104020,333,166,167
E00104021,339,177,162
E00104024,262,129,133
E00104025,287,153,134
E00104022,363,186,177
E00104023,263,137,126
E00104026,488,256,232
E00183049,286,144,142
E00183074,223,111,112
E00183081,307,154,153
E00104016,306,156,150
E00104017,284,146,138
E00104027,272,135,137
E00104028,311,163,148
E00104018,303,147,156
E00104029,282,149,133
E00104030,350,180,170
E00104031,306,156,150
E00104032,265,146,119
E00104236,384,199,185
E00104237,183,104,79
E00104238,253,133,120
E00104241,204,98,106
E00104242,387,199,188
E00183050,283,152,131
E00183051,176,87,89
E00183072,341,163,178
E00104234,309,162,147
E00104235,287,158,129
E00104239,279,147,132
E00104240,219,97,122
E00104243,384,195,189
E00104244,274,150,124
E00104340,151,73,78
E00104341,240,127,113
E00104342,297,146,151
E00104343,342,183,159
E00104346,291,141,150
E00104347,228,119,109
E00104337,357,182,175
E00104338,324,169,155
E00104339,262,130,132
E00104344,371,192,179
E00104345,324,159,165
E00104348,229,124,105
E00104349,288,150,138
E00104267,249,135,114
E00104279,215,117,98
E00104280,269,146,123
E00104281,312,164,148
E00104282,218,114,104
E00104283,274,148,126
E00104269,257,127,130
E00104271,263,135,128
E00104272,290,153,137
E00104275,359,183,176
E00104276,315,163,152
E00104284,293,155,138
E00104268,285,144,141
E00104270,257,123,134
E00104273,414,228,186
E00104274,278,141,137
E00104277,251,133,118
E00104278,259,146,113
E00104287,284,143,141
E00104288,310,161,149
E00104289,302,149,153
E00104291,326,166,160
E00104292,332,167,165
E00104294,273,141,132
E00104285,299,172,127
E00104286,310,175,135
E00104290,297,151,146
E00104293,417,241,176
E00104295,274,144,130
E00104296,370,191,179
E00104363,296,155,141
E00104366,287,147,140
E00104367,334,170,164
E00104372,347,173,174
E00171478,298,146,152
E00171479,355,182,173
E00104369,321,156,165
E00104370,255,124,131
E00104371,262,133,129
E00104373,285,147,138
E00104374,356,179,177
E00104375,328,163,165
E00104364,283,144,139
E00104365,294,149,145
E00104376,278,144,134
E00104377,278,139,139
E00104378,351,188,163
E00104379,214,100,114
E00104392,256,128,128
E00104393,250,129,121
E00104398,234,123,111
E00104399,370,180,190
E00104400,454,229,225
E00104401,289,143,146
E00104402,294,138,156
E00104394,341,183,158
E00104395,298,160,138
E00104396,300,150,150
E00104397,292,149,143
E00104403,275,143,132
E00104246,253,118,135
E00104252,311,157,154
E00104253,398,207,191
E00104256,254,119,135
E00104258,250,122,128
E00104261,228,117,111
E00104262,302,161,141
E00104263,222,115,107
E00104264,285,133,152
E00104265,387,184,203
E00104266,315,139,176
E00104247,274,140,134
E00104248,176,73,103
E00104255,239,115,124
E00104257,287,132,155
E00104259,193,100,93
E00104260,267,128,139
E00104245,306,152,154
E00104249,324,168,156
E00104250,322,170,152
E00104251,422,211,211
E00104254,200,93,107
E00104404,221,120,101
E00104407,167,88,79
E00104410,222,118,104
E00104412,265,136,129
E00104413,191,98,93
E00104415,224,109,115
E00104416,264,149,115
E00104417,242,117,125
E00104405,259,128,131
E00104406,292,128,164
E00104408,256,145,111
E00104409,237,121,116
E00104411,249,147,102
E00104414,219,123,96
E00104350,297,149,148
E00104352,254,125,129
E00104353,242,112,130
E00104354,307,146,161
E00104358,281,157,124
E00104359,277,140,137
E00104362,297,142,155
E00104351,266,139,127
E00104355,230,124,106
E00104356,218,116,102
E00104357,331,174,157
E00104361,337,158,179
E00171476,232,130,102
E00171477,185,86,99
E00104382,342,163,179
E00104385,325,146,179
E00104387,249,116,133
E00104389,299,145,154
E00183043,552,276,276
E00183064,106,56,50
E00104380,279,146,133
E00104381,370,220,150
E00104383,240,136,104
E00104384,316,168,148
E00104388,255,132,123
E00104390,350,175,175
E00104391,265,144,121
E00104427,410,212,198
E00104428,350,179,171
E00104429,252,142,110
E00104430,339,171,168
E00104431,253,132,121
E00104434,262,131,131
E00104421,245,132,113
E00104422,295,141,154
E00104423,257,129,128
E00104424,286,146,140
E00104425,293,170,123
E00104426,285,139,146
E00104418,284,148,136
E00104419,313,156,157
E00104420,277,143,134
E00104432,303,150,153
E00104433,327,162,165
E00104440,305,160,145
E00104441,317,161,156
E00104442,300,158,142
E00104443,336,179,157
E00104444,337,180,157
E00104445,358,191,167
E00104446,201,103,98
E00104447,319,166,153
E00104448,244,133,111
E00104435,514,202,312
E00104436,332,166,166
E00104438,275,126,149
E00104439,340,176,164
E00104437,247,117,130
E00104449,235,130,105
E00104450,324,173,151
E00104451,284,153,131
E00104452,309,168,141
E00104297,407,201,206
E00104298,294,130,164
E00104302,207,96,111
E00171470,139,75,64
E00171471,599,89,510
E00104324,315,154,161
E00104325,256,135,121
E00104326,306,159,147
E00104335,241,123,118
E00183056,429,193,236
E00183093,224,111,113
E00104327,459,230,229
E00104328,214,108,106
E00104329,221,112,109
E00104330,246,130,116
E00104331,269,133,136
E00104332,283,130,153
E00104333,272,141,131
E00171474,618,53,565
E00171475,200,96,104
E00104300,269,138,131
E00104301,339,171,168
E00104303,295,143,152
E00104304,345,174,171
E00104305,370,184,186
E00104306,228,118,110
E00104307,329,162,167
E00104309,275,138,137
E00104310,368,200,168
E00104312,333,177,156
E00104315,317,164,153
E00104316,320,163,157
E00104311,308,156,152
E00104313,247,133,114
E00104314,319,156,163
E00104317,274,144,130
E00104318,371,207,164
E00104308,372,191,181
E00104319,356,192,164
E00104320,224,112,112
E00104322,282,154,128
E00104323,273,134,139
E00171472,305,154,151
E00171473,244,127,117
E00104057,394,185,209
E00104058,348,181,167
E00104064,292,150,142
E00104068,272,147,125
E00104069,221,117,104
E00104059,350,182,168
E00104060,427,237,190
E00104062,188,104,84
E00104070,251,124,127
E00104063,230,110,120
E00104065,337,176,161
E00104067,472,247,225
E00183055,100,52,48
E00183079,156,80,76
E00183089,259,141,118
E00166094,317,177,140
E00183039,112,76,36
E00183044,346,189,157
E00183053,168,88,80
E00183067,156,88,68
E00183087,358,191,167
E00104085,314,163,151
E00104086,357,187,170
E00104088,363,201,162
E00104096,291,148,143
E00104087,450,230,220
E00104091,313,150,163
E00104094,315,149,166
E00104095,392,217,175
E00104084,348,199,149
E00104089,361,185,176
E00104090,321,165,156
E00104093,380,186,194
E00166084,284,146,138
E00166085,225,129,96
E00183062,200,113,87
E00183068,335,184,151
E00166095,262,144,118
E00166097,421,213,208
E00166098,331,201,130
E00166099,234,127,107
E00183061,290,156,134
E00100723,261,132,129
E00100724,297,154,143
E00100725,317,144,173
E00100726,351,166,185
E00100727,259,138,121
E00100728,366,192,174
E00100729,247,129,118
E00100730,189,93,96
E00100913,221,110,111
E00100914,545,264,281
E00100915,205,97,108
E00100916,370,173,197
E00100917,338,179,159
E00100918,445,221,224
E00100919,330,167,163
E00101069,314,164,150
E00101072,310,155,155
E00101073,214,106,108
E00101074,236,116,120
E00101075,272,138,134
E00100863,300,164,136
E00100864,210,119,91
E00100865,293,158,135
E00100869,278,140,138
E00100881,233,120,113
E00100882,237,125,112
E00100883,212,118,94
E00100884,341,165,176
E00100885,266,135,131
E00100892,270,151,119
E00100896,334,182,152
E00100890,164,88,76
E00100891,287,148,139
E00100893,272,137,135
E00100894,335,171,164
E00100895,271,143,128
E00100886,488,258,230
E00100887,472,250,222
E00100888,314,170,144
E00100889,341,197,144
E00100897,255,133,122
E00100861,269,148,121
E00100866,270,142,128
E00100867,298,146,152
E00100870,314,162,152
E00100871,313,172,141
E00100860,235,116,119
E00100862,242,137,105
E00100873,337,173,164
E00100877,303,157,146
E00100880,252,133,119
E00100858,343,186,157
E00100868,319,171,148
E00100872,234,115,119
E00100876,326,170,156
E00100879,230,123,107
E00100859,282,141,141
E00100874,355,172,183
E00100875,284,142,142
E00100878,280,155,125
E00100851,310,158,152
E00100852,306,152,154
E00100854,362,184,178
E00100856,330,173,157
E00101030,239,122,117
E00101031,295,149,146
E00101033,337,180,157
E00101035,366,179,187
E00101032,406,208,198
E00101034,421,202,219
E00101036,309,152,157
E00101037,316,163,153
E00101046,320,154,166
E00101048,292,153,139
E00101050,438,221,217
E00101051,345,189,156
E00101052,337,174,163
E00180142,571,283,288
E00100850,258,151,107
E00100853,415,211,204
E00100855,242,121,121
E00100857,495,262,233
E00100924,282,145,137
E00100925,433,218,215
E00100926,466,235,231
E00100637,239,132,107
E00100643,272,135,137
E00100644,280,152,128
E00100652,292,157,135
E00180162,408,203,205
E00180224,208,114,94
E00100638,316,158,158
E00100639,393,219,174
E00100640,280,143,137
E00100642,349,192,157
E00100647,264,146,118
E00100651,110,54,56
E00100645,391,194,197
E00100646,175,90,85
E00100648,362,191,171
E00100649,320,163,157
E00100650,532,277,255
E00101067,328,167,161
E00101068,262,130,132
E00101070,248,128,120
E00101071,287,154,133
E00100631,326,169,157
E00100632,319,163,156
E00100633,210,119,91
E00180179,131,68,63
E00180190,189,99,90
E00180230,580,294,286
E00100629,498,243,255
E00100630,297,156,141
E00100635,283,147,136
E00100636,281,139,142
E00180196,377,202,175
E00100709,383,199,184
E00100710,286,162,124
E00100712,234,134,100
E00100713,306,149,157
E00100717,232,113,119
E00100707,241,137,104
E00100708,258,135,123
E00100711,434,224,210
E00100714,328,181,147
E00100715,323,164,159
E00100716,253,133,120
E00100898,443,243,200
E00100899,297,164,133
E00100901,325,177,148
E00100904,287,141,146
E00100900,303,163,140
E00100902,306,169,137
E00100903,255,117,138
E00100905,315,163,152
E00101038,244,131,113
E00101039,236,114,122
E00101040,349,183,166
E00101041,355,191,164
E00101042,332,173,159
E00101043,365,189,176
E00101044,312,147,165
E00101045,357,180,177
E00100920,345,182,163
E00100921,236,117,119
E00100922,392,202,190
E00100927,343,180,163
E00100929,399,212,187
E00100923,362,182,180
E00100928,331,169,162
E00100930,262,141,121
E00100931,381,200,181
E00100932,398,209,189
E00100940,283,136,147
E00100944,284,141,143
E00100945,229,130,99
E00180203,271,131,140
E00180227,369,207,162
E00180256,436,230,206
E00180259,383,210,173
E00180274,184,109,75
E00100933,515,274,241
E00100937,332,172,160
E00100938,334,176,158
E00100942,339,170,169
E00100943,285,154,131
E00100935,306,152,154
E00100936,286,155,131
E00100939,269,148,121
E00100941,316,161,155
E00100947,625,326,299
E00100653,372,193,179
E00100654,216,108,108
E00100655,273,137,136
E00100656,203,107,96
E00100657,219,115,104
E00100658,282,145,137
E00100659,232,106,126
E00100718,251,126,125
E00100719,149,76,73
E00100720,437,227,210
E00100721,245,122,123
E00100722,349,159,190
E00100981,339,185,154
E00100982,236,131,105
E00100983,205,110,95
E00100984,267,138,129
E00100985,317,168,149
E00100986,330,182,148
E00100987,407,200,207
E00100955,296,139,157
E00100963,270,152,118
E00100970,291,156,135
E00100974,254,143,111
E00100975,307,170,137
E00100956,404,219,185
E00100957,331,168,163
E00100971,270,151,119
E00100973,275,144,131
E00100976,242,137,105
E00180150,367,183,184
E00180242,126,67,59
E00180246,123,82,41
E00100958,251,126,125
E00100959,248,130,118
E00100961,256,141,115
E00100962,251,132,119
E00100966,265,131,134
E00100960,396,203,193
E00100977,292,155,137
E00100978,292,172,120
E00100979,308,157,151
E00100980,305,161,144
E00100964,272,144,128
E00100967,287,158,129
E00100968,203,108,95
E00100969,242,126,116
E00100972,269,144,125
E00100988,281,148,133
E00100993,312,161,151
E00100997,257,141,116
E00101007,347,187,160
E00101008,283,142,141
E00101009,289,157,132
E00100989,375,198,177
E00100990,356,187,169
E00100992,271,143,128
E00100994,262,141,121
E00101006,319,166,153
E00100995,343,186,157
E00100996,274,142,132
E00100998,237,121,116
E00101005,551,288,263
E00180145,244,140,104
E00180195,247,123,124
E00180250,118,64,54
E00100999,295,151,144
E00101000,300,161,139
E00101001,318,170,148
E00101002,211,107,104
E00101003,253,135,118
E00101004,259,129,130
E00101010,294,156,138
E00101011,230,141,89
E00101013,262,127,135
E00101014,199,112,87
E00101015,256,146,110
E00101027,217,115,102
E00101028,279,179,100
E00101012,273,135,138
E00101016,272,135,137
E00101017,332,198,134
E00101018,182,108,74
E00101025,179,109,70
E00101026,280,153,127
E00101029,232,132,100
E00101019,252,129,123
E00101020,290,155,135
E00101021,317,159,158
E00101022,318,169,149
E00101023,325,166,159
E00101024,285,170,115
E00100906,390,211,179
E00100907,384,200,184
E00100908,301,151,150
E00100909,367,192,175
E00100910,221,116,105
E00100911,318,162,156
E00100912,321,174,147
E00100948,212,107,105
E00100949,404,194,210
E00100950,274,142,132
E00100951,320,165,155
E00100952,354,183,171
E00100953,318,166,152
E00100954,323,164,159
E00101059,378,203,175
E00101060,341,180,161
E00101061,407,216,191
E00101062,401,199,202
E00101065,221,125,96
E00100699,472,256,216
E00100700,415,195,220
E00100701,302,148,154
E00100702,396,178,218
E00100703,340,169,171
E00100704,256,131,125
E00100705,101,47,54
E00100706,495,251,244
E00101057,282,139,143
E00101063,206,107,99
E00101064,306,151,155
E00165905,149,79,70
E00165906,832,73,759
E00101053,424,214,210
E00101054,333,182,151
E00101055,275,134,141
E00101056,300,154,146
E00101058,503,264,239
E00100737,317,170,147
E00100738,233,125,108
E00100752,307,169,138
E00100754,271,147,124
E00100756,322,172,150
E00100739,348,176,172
E00100740,335,160,175
E00100741,248,128,120
E00100742,366,188,178
E00165903,288,144,144
E00165904,304,155,149
E00100743,377,201,176
E00100745,310,161,149
E00100747,310,166,144
E00100749,260,135,125
E00100753,259,143,116
E00100746,299,161,138
E00100748,257,147,110
E00100750,251,136,115
E00100751,342,173,169
E00100755,344,185,159
E00100757,281,155,126
E00100772,512,276,236
E00100774,281,144,137
E00100775,393,211,182
E00100777,254,128,126
E00100762,407,224,183
E00100763,282,140,142
E00100764,248,136,112
E00100765,330,165,165
E00100766,324,167,157
E00100778,228,109,119
E00100758,354,183,171
E00100768,292,160,132
E00100769,353,180,173
E00100770,380,196,184
E00100771,333,169,164
E00100759,199,119,80
E00100760,276,140,136
E00100761,290,141,149
E00100767,305,177,128
E00100773,324,164,160
E00100776,220,114,106
E00100678,203,117,86
E00100679,263,139,124
E00100680,274,153,121
E00100682,222,127,95
E00100685,177,94,83
E00100693,248,139,109
E00100687,391,204,187
E00100692,285,144,141
E00100695,217,114,103
E00100696,235,114,121
E00100697,252,133,119
E00100698,164,80,84
E00100676,288,157,131
E00100677,231,139,92
E00100681,260,140,120
E00100683,269,149,120
E00100684,261,142,119
E00100690,281,148,133
E00100686,230,132,98
E00100688,360,185,175
E00100689,233,122,111
E00100691,300,163,137
E00100694,464,238,226
E00100827,461,229,232
E00100837,333,191,142
E00100839,263,150,113
E00100842,328,171,157
E00100843,239,111,128
E00100826,318,172,146
E00100836,347,180,167
E00100840,391,199,192
E00100846,294,161,133
E00100847,236,125,111
E00100833,190,103,87
E00100838,297,149,148
E00100841,301,170,131
E00100844,425,210,215
E00100845,363,191,172
E00100828,336,171,165
E00100830,354,178,176
E00100832,234,117,117
E00100834,359,179,180
E00100829,315,165,150
E00100831,286,153,133
E00100835,256,128,128
E00100848,289,142,147
E00100849,322,166,156
E00100804,350,187,163
E00100805,238,119,119
E00100808,312,160,152
E00100822,299,157,142
E00100823,219,109,110
E00100824,304,163,141
E00100825,255,122,133
E00100803,281,157,124
E00100814,361,186,175
E00100817,362,186,176
E00100818,303,156,147
E00100821,250,138,112
E00100802,291,142,149
E00100806,220,120,100
E00100807,249,121,128
E00100809,421,196,225
E00100810,272,122,150
E00100811,262,127,135
E00100812,171,90,81
E00100813,293,146,147
E00100815,330,170,160
E00100816,262,138,124
E00100819,335,180,155
E00100820,325,167,158
E00100780,316,161,155
E00100781,287,155,132
E00100782,261,138,123
E00100788,232,128,104
E00100789,244,132,112
E00100801,290,164,126
E00100784,335,184,151
E00100785,397,197,200
E00100786,290,162,128
E00100790,301,153,148
E00180235,279,165,114
E00180252,200,115,85
E00100783,375,198,177
E00100791,338,188,150
E00100792,302,168,134
E00100793,403,204,199
E00100794,516,280,236
E00100795,277,141,136
E00100798,254,125,129
E00100779,507,305,202
E00100796,337,176,161
E00100797,271,144,127
E00100799,455,235,220
E00100800,305,170,135
E00100660,274,143,131
E00100664,443,223,220
E00100667,306,158,148
E00100668,253,127,126
E00100671,421,212,209
E00100731,397,200,197
E00100732,551,265,286
E00100733,299,161,138
E00100734,365,193,172
E00100735,306,159,147
E00100736,234,114,120
E00100661,347,181,166
E00100662,345,173,172
E00100669,333,181,152
E00100672,309,150,159
E00180157,446,217,229
E00180148,317,148,169
E00180149,344,180,164
E00180174,289,157,132
E00180248,552,287,265
E00180290,268,141,127
E00180151,359,178,181
E00180177,518,266,252
E00180191,443,228,215
E00180207,113,56,57
E00180261,335,168,167
E00100670,313,160,153
E00100673,362,193,169
E00100674,311,152,159
E00180253,188,93,95
E00180278,177,90,87
E00180292,357,198,159
E00180171,287,138,149
E00180213,404,197,207
E00180240,315,163,152
E00180264,341,186,155
E00180289,412,210,202
E00180165,559,298,261
E00180178,153,74,79
E00180262,338,154,184
E00180279,622,305,317
E00180169,162,79,83
E00180205,503,265,238
E00180212,580,289,291
E00180260,187,92,95
E00180164,177,88,89
E00180197,582,293,289
E00180239,209,107,102
E00180268,278,132,146
E00101221,273,134,139
E00101235,278,144,134
E00101236,261,131,130
E00101237,267,130,137
E00101238,306,151,155
E00101220,336,187,149
E00101224,383,206,177
E00101227,329,183,146
E00101229,325,160,165
E00101230,229,128,101
E00101231,276,154,122
E00101232,241,123,118
E00101233,318,176,142
E00101234,245,127,118
E00101125,327,165,162
E00101126,330,169,161
E00101127,283,146,137
E00180143,2625,1364,1261
E00101124,883,445,438
E00101129,227,115,112
E00101130,819,454,365
E00101131,972,475,497
E00101132,531,277,254
E00101182,281,146,135
E00101183,287,151,136
E00101184,306,168,138
E00101197,311,164,147
E00101198,277,157,120
E00101185,357,186,171
E00101187,366,187,179
E00101188,329,170,159
E00101189,291,148,143
E00101190,252,132,120
E00101181,288,153,135
E00101195,314,157,157
E00101196,272,134,138
E00101199,280,138,142
E00101222,284,138,146
E00101223,217,116,101
E00101225,217,107,110
E00101226,339,174,165
E00101228,257,144,113
E00101271,372,169,203
E00101273,421,228,193
E00101274,389,157,232
E00101275,392,176,216
E00101186,316,162,154
E00101191,262,136,126
E00101192,311,159,152
E00101193,327,166,161
E00101194,386,197,189
E00101241,318,171,147
E00101243,263,135,128
E00101245,610,307,303
E00101246,464,246,218
E00180210,508,251,257
E00180249,130,62,68
E00101239,370,186,184
E00101240,301,154,147
E00101244,320,162,158
E00101247,268,140,128
E00101248,480,271,209
E00101249,248,128,120
E00101251,283,142,141
E00101252,267,134,133
E00180187,271,134,137
E00180218,309,166,143
E00180222,241,130,111
E00180251,326,162,164
E00180272,458,231,227
E00101253,596,294,302
E00101255,462,243,219
E00101256,340,173,167
E00101257,263,141,122
E00101258,370,180,190
E00101202,394,195,199
E00101203,243,113,130
E00101217,327,147,180
E00101218,289,162,127
E00101219,332,177,155
E00101336,444,247,197
E00101337,324,177,147
E00101338,431,260,171
E00101339,508,288,220
E00101341,351,188,163
E00101327,410,219,191
E00101329,530,293,237
E00101340,524,273,251
E00101342,333,161,172
E00101345,378,192,186
E00101330,488,289,199
E00101333,309,158,151
E00101343,387,204,183
E00180152,263,128,135
E00180166,498,122,376
E00101328,309,154,155
E00101331,321,147,174
E00101332,474,253,221
E00101334,535,275,260
E00101344,333,166,167
E00101140,359,170,189
E00101141,359,183,176
E00101143,238,125,113
E00101146,450,221,229
E00101150,293,140,153
E00101136,226,103,123
E00101142,237,120,117
E00101144,333,178,155
E00101145,275,136,139
E00101148,592,303,289
E00101137,296,152,144
E00101138,341,171,170
E00101149,279,128,151
E00101151,301,160,141
E00101152,235,120,115
E00101134,244,120,124
E00101147,267,139,128
E00101154,290,142,148
E00101156,256,121,135
E00101160,256,131,125
E00101133,247,129,118
E00101135,255,128,127
E00101157,327,164,163
E00101158,222,123,99
E00101159,307,168,139
E00101163,500,298,202
E00101164,308,158,150
E00101168,278,135,143
E00101173,258,138,120
E00101180,415,225,190
E00101174,266,135,131
E00101175,304,159,145
E00101176,308,161,147
E00101179,282,168,114
E00101259,341,169,172
E00101261,386,214,172
E00101270,502,263,239
E00101277,319,158,161
E00171925,298,142,156
E00171926,308,156,152
E00101260,337,170,167
E00101262,278,145,133
E00101263,366,173,193
E00101264,409,199,210
E00101276,445,216,229
E00101265,242,103,139
E00101266,304,158,146
E00101267,273,135,138
E00101268,312,169,143
E00101269,255,119,136
E00101165,300,152,148
E00101167,289,146,143
E00101172,302,152,150
E00101177,277,144,133
E00101178,275,151,124
E00101427,275,149,126
E00101431,280,150,130
E00101438,336,163,173
E00101439,253,130,123
E00101441,295,150,145
E00101424,284,144,140
E00101426,254,137,117
E00101428,277,157,120
E00101430,288,148,140
E00101437,297,156,141
E00101432,289,153,136
E00101433,249,124,125
E00101434,196,114,82
E00101435,251,135,116
E00101440,319,157,162
E00101443,292,149,143
E00101444,266,132,134
E00101423,330,177,153
E00101436,253,123,130
E00101442,288,149,139
E00101445,265,139,126
E00101449,175,86,89
E00101200,302,162,140
E00101201,369,176,193
E00101204,217,97,120
E00101207,422,194,228
E00101210,235,124,111
E00101206,563,286,277
E00101208,187,99,88
E00101209,263,142,121
E00101211,236,126,110
E00101213,207,103,104
E00180147,434,208,226
E00180263,463,245,218
E00101313,269,133,136
E00101322,218,120,98
E00101323,334,166,168
E00101325,313,139,174
E00171921,322,147,175
E00171922,218,111,107
E00171924,260,133,127
E00171929,224,119,105
E00171930,637,383,254
E00101307,156,97,59
E00101308,328,151,177
E00101309,346,173,173
E00101310,274,147,127
E00101314,181,97,84
E00101315,370,187,183
E00101326,486,255,231
E00101318,162,76,86
E00101320,218,108,110
E00171932,363,163,200
E00180241,563,291,272
E00180288,126,59,67
E00101316,533,256,277
E00101317,228,108,120
E00101319,378,172,206
E00101321,213,113,100
E00101212,294,153,141
E00101214,284,148,136
E00101215,341,187,154
E00101216,256,134,122
E00101346,322,167,155
E00101355,201,95,106
E00101356,339,173,166
E00101358,270,139,131
E00101359,536,293,243
E00171919,254,125,129
E00171920,319,160,159
E00101347,325,175,150
E00101348,286,152,134
E00101352,315,165,150
E00101357,309,157,152
E00101360,290,157,133
E00101349,279,143,136
E00101350,187,96,91
E00101351,251,135,116
E00101353,229,111,118
E00101361,235,131,104
E00101362,230,115,115
E00101106,303,162,141
E00101108,371,181,190
E00101113,358,179,179
E00101122,289,145,144
E00101381,382,179,203
E00101382,292,147,145
E00101384,325,166,159
E00101385,307,161,146
E00101388,298,151,147
E00101383,368,174,194
E00101386,371,185,186
E00101387,272,135,137
E00101390,423,225,198
E00101391,231,120,111
E00101395,294,144,150
E00101389,320,144,176
E00101396,473,242,231
E00101397,286,143,143
E00101398,313,157,156
E00101399,233,123,110
E00101379,283,150,133
E00101380,285,151,134
E00101392,307,158,149
E00101393,405,180,225
E00101394,275,143,132
E00101366,329,169,160
E00101375,203,111,92
E00101376,556,279,277
E00101377,311,158,153
E00101378,307,153,154
E00101364,231,106,125
E00101365,251,119,132
E00101367,310,149,161
E00101368,292,140,152
E00101369,243,116,127
E00101370,287,142,145
E00101446,342,178,164
E00101447,272,143,129
E00101448,334,175,159
E00180159,438,226,212
E00180163,240,118,122
E00180217,238,123,115
E00180237,277,126,151
E00180247,479,234,245
E00171923,255,143,112
E00171933,266,137,129
E00171934,330,163,167
E00171935,280,144,136
E00171936,325,173,152
E00101363,286,130,156
E00101373,251,137,114
E00171937,277,142,135
E00171938,320,161,159
E00180167,128,69,59
E00180223,588,295,293
E00180226,229,121,108
E00101403,156,79,77
E00101404,160,84,76
E00101405,221,127,94
E00101406,230,115,115
E00180180,400,201,199
E00180198,468,231,237
E00180219,219,113,106
E00180225,398,207,191
E00180245,284,155,129
E00180254,141,71,70
E00180282,609,312,297
E00101080,335,175,160
E00101081,362,180,182
E00101082,282,142,140
E00101102,296,156,140
E00101105,209,101,108
E00101107,298,132,166
E00101109,258,140,118
E00101110,323,164,159
E00101111,305,163,142
E00101123,197,95,102
E00101115,295,151,144
E00101117,415,242,173
E00101119,421,221,200
E00101121,346,171,175
E00101112,273,138,135
E00101114,295,149,146
E00101116,361,176,185
E00101118,251,135,116
E00101120,291,154,137
E00101139,335,171,164
E00101153,313,155,158
E00101155,212,100,112
E00101161,260,128,132
E00101162,281,156,125
E00101166,411,245,166
E00101169,333,172,161
E00101170,339,171,168
E00101171,322,165,157
E00101289,356,181,175
E00101290,404,204,200
E00101291,354,183,171
E00101295,229,120,109
E00171939,392,205,187
E00171940,259,128,131
E00101278,282,159,123
E00101281,364,191,173
E00101283,314,153,161
E00101286,376,194,182
E00101279,260,145,115
E00101280,236,128,108
E00101282,372,186,186
E00101285,323,154,169
E00101288,297,146,151
E00101287,276,146,130
E00101292,382,188,194
E00101293,295,164,131
E00101296,286,151,135
E00101297,287,147,140
E00180160,305,152,153
E00180214,242,140,102
E00101086,384,203,181
E00101087,289,151,138
E00101089,238,119,119
E00101091,276,141,135
E00101092,283,145,138
E00101079,290,138,152
E00101083,290,143,147
E00101084,250,128,122
E00101085,221,113,108
E00101088,225,127,98
E00101076,282,147,135
E00101077,408,240,168
E00101090,264,129,135
E00101093,265,146,119
E00101078,275,153,122
E00101094,231,110,121
E00101095,273,131,142
E00101096,309,155,154
E00101097,202,91,111
E00101098,254,133,121
E00101099,276,149,127
E00101100,281,147,134
E00101101,231,119,112
E00101103,312,159,153
E00101104,324,146,178
E00101294,409,198,211
E00101299,324,165,159
E00101300,295,152,143
E00101301,312,151,161
E00101302,275,146,129
E00101303,286,154,132
E00101304,296,145,151
E00101305,292,138,154
E00101306,425,214,211
E00101414,206,114,92
E00101416,218,111,107
E00101417,204,120,84
E00101418,171,97,74
E00101419,254,148,106
E00101421,140,84,56
E00101400,240,137,103
E00101401,243,137,106
E00101402,189,96,93
E00101420,172,94,78
E00101422,165,92,73
E00101411,257,132,125
E00180181,408,221,187
E00180236,603,318,285
E00180238,424,218,206
E00180287,134,70,64
E00101410,331,179,152
E00101413,327,175,152
E00101415,197,109,88
E00180189,143,81,62
E00180193,312,164,148
E00101475,273,137,136
E00101476,312,151,161
E00101477,110,52,58
E00101478,193,91,102
E00101479,251,127,124
E00101480,270,140,130
E00101481,144,76,68
E00101504,167,80,87
E00101506,384,202,182
E00101507,312,155,157
E00101508,136,70,66
E00101509,350,174,176
E00101498,274,143,131
E00101499,269,141,128
E00101500,288,161,127
E00101501,257,139,118
E00101502,445,231,214
E00101503,309,170,139
E00101505,326,170,156
E00101661,444,230,214
E00101662,265,151,114
E00101663,267,138,129
E00101664,535,254,281
E00101665,224,118,106
E00101488,201,102,99
E00101489,461,232,229
E00101492,261,141,120
E00101493,292,162,130
E00101494,267,139,128
E00165910,337,167,170
E00165911,308,172,136
E00101513,193,106,87
E00101515,241,126,115
E00101517,306,163,143
E00101519,288,138,150
E00101520,156,88,68
E00101521,278,144,134
E00101525,222,124,98
E00101666,332,158,174
E00101668,306,166,140
E00101671,285,144,141
E00180201,602,314,288
E00180229,205,103,102
E00180265,246,117,129
E00101594,316,165,151
E00101595,378,187,191
E00101600,429,218,211
E00101606,446,223,223
E00101608,266,132,134
E00165909,323,166,157
E00165912,320,172,148
E00165913,365,196,169
E00165916,243,118,125
E00101577,295,157,138
E00101578,283,158,125
E00101579,253,132,121
E00101580,197,115,82
E00101581,415,212,203
E00101582,492,252,240
E00101583,239,118,121
E00101584,280,137,143
E00101645,293,146,147
E00101646,311,165,146
E00101647,379,197,182
E00101651,317,161,156
E00101653,475,240,235
E00101654,260,135,125
E00101655,280,144,136
E00101644,508,239,269
E00101648,522,277,245
E00101649,366,196,170
E00101650,310,156,154
E00101652,300,152,148
E00101510,380,185,195
E00101511,324,169,155
E00101512,391,208,183
E00101518,223,115,108
E00101526,315,161,154
E00101527,189,97,92
E00101514,298,152,146
E00101516,259,134,125
E00101522,280,152,128
E00101523,320,165,155
E00101524,288,158,130
E00101596,309,155,154
E00101601,338,171,167
E00101604,305,150,155
E00101605,401,214,187
E00165907,254,119,135
E00165917,406,185,221
E00101597,287,149,138
E00101598,385,204,181
E00101599,286,143,143
E00101602,282,153,129
E00165908,290,142,148
E00165921,352,191,161
E00101486,329,171,158
E00101487,279,119,160
E00101491,448,241,207
E00101495,369,193,176
E00101496,472,246,226
E00101497,308,140,168
E00101670,252,116,136
E00101672,240,125,115
E00101673,324,168,156
E00101676,252,134,118
E00101677,278,144,134
E00101674,244,129,115
E00101675,266,138,128
E00101678,302,157,145
E00101679,280,138,142
E00101680,238,114,124
E00101667,334,164,170
E00101681,286,150,136
E00101682,470,242,228
E00101683,285,150,135
E00101474,393,197,196
E00101482,379,188,191
E00101483,418,210,208
E00101484,297,154,143
E00101485,284,140,144
E00101559,278,145,133
E00101560,612,305,307
E00101561,467,230,237
E00101562,287,157,130
E00101563,327,165,162
E00101564,359,184,175
E00101585,420,211,209
E00101587,279,147,132
E00101588,287,147,140
E00101592,319,159,160
E00101593,335,170,165
E00101586,333,150,183
E00101589,336,177,159
E00101590,348,176,172
E00165914,291,147,144
E00165915,251,127,124
E00165920,277,147,130
E00101529,572,311,261
E00101532,258,137,121
E00101534,460,231,229
E00101535,572,291,281
E00180211,474,225,249
E00180215,275,136,139
E00101530,266,132,134
E00101531,276,157,119
E00101533,354,181,173
E00101536,270,136,134
E00101537,339,160,179
E00101538,358,189,169
E00101547,266,147,119
E00101551,321,164,157
E00101552,320,164,156
E00101553,279,147,132
E00101555,261,126,135
E00180188,287,140,147
E00180208,112,66,46
E00180244,490,253,237
E00101548,271,132,139
E00101549,468,245,223
E00101554,278,132,146
E00101556,266,133,133
E00101557,334,162,172
E00101558,377,187,190
E00101461,235,127,108
E00101462,214,102,112
E00101463,178,90,88
E00101464,281,146,135
E00101465,391,200,191
E00101466,265,135,130
E00101467,438,243,195
E00101468,339,165,174
E00101469,133,67,66
E00101470,195,101,94
E00101471,297,146,151
E00101472,283,141,142
E00101473,412,204,208
E00101539,163,82,81
E00101540,105,54,51
E00101541,319,151,168
E00101543,152,78,74
E00101544,328,169,159
E00101545,317,168,149
E00101546,355,180,175
E00180146,311,157,154
E00180175,252,129,123
E00180182,117,60,57
E00180194,537,273,264
E00101627,340,184,156
E00101628,328,174,154
E00101629,407,194,213
E00101630,331,176,155
E00101631,261,137,124
E00101632,243,129,114
E00101633,488,246,242
E00101634,374,196,178
E00101635,138,68,70
E00101636,254,133,121
E00101637,408,210,198
E00101638,346,172,174
E00101639,293,140,153
E00101640,281,136,145
E00101641,437,219,218
E00101642,272,145,127
E00101643,128,61,67
E00101656,326,165,161
E00101657,475,231,244
E00101658,319,159,160
E00101659,179,94,85
E00101660,509,260,249
E00101684,461,236,225
E00101685,293,148,145
E00101688,392,207,185
E00101690,128,67,61
E00101610,375,197,178
E00101611,297,151,146
E00101612,296,150,146
E00101613,303,161,142
E00101614,188,99,89
E00101615,126,62,64
E00101616,141,68,73
E00101621,358,175,183
E00101622,328,165,163
E00101623,340,174,166
E00101624,308,167,141
E00101617,419,213,206
E00101618,280,151,129
E00101619,342,175,167
E00101620,195,97,98
E00101625,343,168,175
E00101626,292,144,148
E00101686,406,196,210
E00101687,441,229,212
E00101689,234,122,112
E00101692,282,139,143
E00101693,301,153,148
E00101694,174,80,94
E00165918,430,214,216
E00165919,289,149,140
E00101451,269,144,125
E00101452,319,160,159
E00101453,273,137,136
E00101455,378,196,182
E00101456,380,200,180
E00180183,268,148,120
E00180186,337,165,172
E00180216,357,182,175
E00101450,363,193,170
E00101457,497,264,233
E00101458,265,137,128
E00101459,302,154,148
E00101460,259,135,124
E00101566,244,138,106
E00101568,396,188,208
E00101572,215,125,90
E00101573,300,146,154
E00101575,301,142,159
E00101576,276,147,129
E00101565,343,181,162
E00101567,406,216,190
E00101569,408,221,187
E00101570,336,171,165
E00101571,281,145,136
E00101574,297,160,137
E00101848,227,120,107
E00101850,238,112,126
E00101851,265,158,107
E00101852,323,174,149
E00101853,280,140,140
E00101843,261,136,125
E00101847,373,177,196
E00101849,286,144,142
E00101855,289,150,139
E00101856,263,136,127
E00101857,254,121,133
E00101859,294,137,157
E00101860,293,148,145
E00101861,321,166,155
E00101858,245,128,117
E00101862,335,178,157
E00101863,310,151,159
E00101864,293,140,153
E00101786,411,210,201
E00101787,438,216,222
E00101794,286,152,134
E00101796,268,136,132
E00101788,337,173,164
E00101792,351,168,183
E00101797,156,77,79
E00101798,306,159,147
E00101789,298,150,148
E00101790,292,155,137
E00101791,266,129,137
E00101793,290,150,140
E00101795,257,128,129
E00101915,203,106,97
E00101916,345,177,168
E00101917,304,160,144
E00101918,239,120,119
E00101919,255,136,119
E00101920,262,137,125
E00101844,263,129,134
E00101845,483,242,241
E00101846,323,166,157
E00101854,335,153,182
E00101866,338,168,170
E00101867,264,141,123
E00101868,360,187,173
E00101871,310,159,151
E00101877,359,186,173
E00101865,332,180,152
E00101870,336,161,175
E00101873,261,132,129
E00101875,300,158,142
E00101876,304,159,145
E00101869,318,171,147
E00101872,378,194,184
E00101874,307,164,143
E00101878,321,172,149
E00101726,345,169,176
E00101727,321,158,163
E00101728,390,192,198
E00101729,459,242,217
E00101733,378,202,176
E00101830,530,267,263
E00101831,140,73,67
E00101832,187,95,92
E00101833,279,145,134
E00101834,231,114,117
E00101835,349,173,176
E00101836,323,165,158
E00101825,168,82,86
E00101826,242,120,122
E00101827,204,113,91
E00101828,452,229,223
E00101829,255,131,124
E00101725,377,199,178
E00101730,229,114,115
E00101731,303,170,133
E00101732,295,145,150
E00101734,313,172,141
E00101735,336,176,160
E00101736,357,171,186
E00101738,291,141,150
E00101744,158,87,71
E00101745,210,111,99
E00101747,278,152,126
E00101748,319,175,144
E00101737,312,160,152
E00101740,332,172,160
E00101741,216,119,97
E00101749,277,140,137
E00101751,269,141,128
E00101739,178,95,83
E00101742,518,269,249
E00101743,243,130,113
E00101746,268,141,127
E00101750,238,130,108
E00101837,297,152,145
E00101838,228,120,108
E00101839,418,217,201
E00101841,324,161,163
E00101842,384,203,181
E00165925,372,180,192
E00180276,610,171,439
E00180285,264,130,134
E00101717,315,161,154
E00101718,290,147,143
E00101719,257,145,112
E00101720,161,85,76
E00101721,166,74,92
E00101722,393,186,207
E00101723,299,151,148
E00101724,173,82,91
E00101886,249,124,125
E00101891,304,153,151
E00101892,598,299,299
E00101895,417,222,195
E00180184,334,171,163
E00180270,331,184,147
E00101921,274,137,137
E00101922,353,175,178
E00101923,428,215,213
E00101924,470,234,236
E00101925,429,217,212
E00101926,270,145,125
E00101946,335,169,166
E00101947,337,171,166
E00101952,207,118,89
E00101956,273,143,130
E00165924,198,120,78
E00165928,346,174,172
E00101954,465,248,217
E00101955,466,241,225
E00101957,245,139,106
E00101958,314,169,145
E00101948,351,188,163
E00101949,169,96,73
E00101950,335,182,153
E00101951,251,130,121
E00101984,350,180,170
E00101985,160,86,74
E00101987,287,140,147
E00101988,327,157,170
E00101989,316,157,159
E00101753,328,161,167
E00101754,262,120,142
E00101755,257,126,131
E00101756,156,90,66
E00101758,262,119,143
E00101767,130,76,54
E00101769,289,121,168
E00101752,357,194,163
E00101764,244,118,126
E00101765,274,135,139
E00101766,300,155,145
E00101768,296,139,157
E00101980,513,279,234
E00101981,275,150,125
E00101982,254,133,121
E00101983,250,121,129
E00101986,367,191,176
E00101990,577,290,287
E00101991,270,137,133
E00101992,292,149,143
E00101993,321,176,145
E00101757,309,155,154
E00101759,255,122,133
E00101760,256,139,117
E00101761,243,123,120
E00101762,300,159,141
E00101763,314,140,174
E00101902,296,153,143
E00101905,235,126,109
E00101906,286,149,137
E00101907,306,161,145
E00101909,323,166,157
E00101901,440,198,242
E00101903,403,214,189
E00101911,294,151,143
E00101913,254,133,121
E00101904,249,130,119
E00101908,250,129,121
E00101910,314,163,151
E00101912,240,134,106
E00101914,277,144,133
E00101805,180,96,84
E00101808,321,167,154
E00101809,368,195,173
E00101810,412,216,196
E00101811,247,126,121
E00101800,366,194,172
E00101802,314,164,150
E00165922,281,141,140
E00165923,268,138,130
E00165926,339,171,168
E00101801,251,130,121
E00101803,236,120,116
E00101804,368,197,171
E00101806,256,140,116
E00101807,195,98,97
E00101936,338,170,168
E00101937,446,227,219
E00101938,376,188,188
E00101939,353,179,174
E00101928,324,174,150
E00101933,333,177,156
E00101934,287,146,141
E00101935,225,111,114
E00101927,310,160,150
E00101929,319,174,145
E00101930,262,128,134
E00101931,291,157,134
E00101932,290,141,149
E00101814,329,183,146
E00101816,270,143,127
E00180176,311,164,147
E00180202,409,208,201
E00180258,315,166,149
E00180267,355,175,180
E00180269,280,158,122
E00101815,482,252,230
E00101818,290,148,142
E00101820,305,157,148
E00101821,261,142,119
E00101813,274,136,138
E00101817,478,239,239
E00101822,242,132,110
E00101823,294,148,146
E00101824,338,184,154
E00101879,233,141,92
E00101880,260,134,126
E00101881,167,92,75
E00101882,475,227,248
E00101883,333,164,169
E00101695,304,160,144
E00101697,309,165,144
E00101698,268,138,130
E00101700,292,150,142
E00101707,207,110,97
E00101696,314,167,147
E00101699,397,216,181
E00101702,360,192,168
E00101703,419,228,191
E00101890,303,161,142
E00101893,284,146,138
E00101894,347,181,166
E00101896,358,176,182
E00101897,399,217,182
E00101898,270,142,128
E00101884,253,138,115
E00101885,175,89,86
E00101887,260,137,123
E00101888,238,126,112
E00101899,388,196,192
E00180206,249,128,121
E00180232,394,211,183
E00180293,334,174,160
E00101704,263,133,130
E00180199,168,88,80
E00180231,407,205,202
E00180243,288,152,136
E00180286,498,252,246
E00101701,314,164,150
E00101706,274,144,130
E00101708,288,151,137
E00180283,214,113,101
E00180291,321,174,147
E00101770,421,215,206
E00101771,182,92,90
E00101772,290,139,151
E00101773,311,156,155
E00101774,224,120,104
E00101775,282,136,146
E00101776,444,225,219
E00101777,182,89,93
E00101940,407,202,205
E00101941,505,250,255
E00101942,255,132,123
E00101943,391,208,183
E00101944,390,195,195
E00101945,378,196,182
E00101959,235,128,107
E00101967,540,274,266
E00101968,324,154,170
E00101969,307,159,148
E00101970,267,137,130
E00101965,412,221,191
E00101972,374,201,173
E00180154,128,65,63
E00180158,323,162,161
E00180161,488,262,226
E00180172,139,63,76
E00180173,135,73,62
E00180284,467,249,218
E00101961,343,173,170
E00101963,272,146,126
E00101964,388,212,176
E00101966,281,129,152
E00180168,373,185,188
E00180204,294,160,134
E00101709,370,190,180
E00101710,472,243,229
E00101711,264,136,128
E00101712,236,123,113
E00101713,203,100,103
E00101714,231,111,120
E00101715,170,77,93
E00101716,187,96,91
E00101778,256,125,131
E00101779,267,136,131
E00101780,472,248,224
E00101781,257,135,122
E00101782,252,129,123
E00101783,351,178,173
E00101784,250,130,120
E00101785,220,105,115
E00101973,272,138,134
E00101974,417,203,214
E00101975,316,155,161
E00101976,346,188,158
E00101977,491,259,232
E00101978,469,245,224
E00101979,252,130,122
E00102010,280,137,143
E00102016,265,122,143
E00102017,315,168,147
E00102018,263,129,134
E00102020,308,158,150
E00102012,560,273,287
E00102014,321,173,148
E00102019,317,160,157
E00102021,243,123,120
E00102022,278,147,131
E00102023,312,156,156
E00102009,462,234,228
E00102011,238,121,117
E00102013,252,117,135
E00102015,289,149,140
E00102035,565,289,276
E00102036,227,121,106
E00102037,350,175,175
E00102038,283,138,145
E00102031,259,131,128
E00102032,298,156,142
E00102033,310,151,159
E00102034,256,128,128
E00102078,221,113,108
E00102079,303,158,145
E00102080,579,296,283
E00102081,286,144,142
E00102082,431,218,213
E00102083,375,195,180
E00102084,293,139,154
E00102095,235,128,107
E00102096,247,128,119
E00102097,383,189,194
E00102098,357,193,164
E00102100,345,168,177
E00181135,103,55,48
E00181167,480,252,228
E00181170,306,166,140
E00102191,448,240,208
E00102192,279,154,125
E00102194,206,115,91
E00102195,209,107,102
E00102193,284,144,140
E00102196,247,134,113
E00102197,442,236,206
E00102198,244,127,117
E00102199,284,152,132
E00102215,303,164,139
E00102216,336,176,160
E00102217,271,139,132
E00102220,251,136,115
E00102222,226,124,102
E00102224,334,178,156
E00181164,176,97,79
E00181177,433,236,197
E00102213,282,163,119
E00102214,507,276,231
E00102218,226,126,100
E00102219,280,151,129
E00102221,276,144,132
E00102223,316,164,152
E00102230,256,144,112
E00102231,254,141,113
E00102234,334,179,155
E00102236,482,262,220
E00102237,270,143,127
E00102226,238,127,111
E00102227,275,150,125
E00102232,306,167,139
E00102235,177,95,82
E00102238,228,119,109
E00102239,248,138,110
E00102228,215,112,103
E00102229,441,245,196
E00102233,224,119,105
E00102240,184,96,88
E00102241,297,160,137
E00102242,383,218,165
E00102058,235,120,115
E00102059,187,93,94
E00102060,243,127,116
E00102061,228,118,110
E00102062,202,105,97
E00102071,425,215,210
E00102072,247,121,126
E00102073,431,227,204
E00102074,407,216,191
E00102075,297,160,137
E00102076,202,110,92
E00102077,162,82,80
E00102151,361,188,173
E00102152,451,233,218
E00102153,320,170,150
E00102154,391,195,196
E00102155,272,150,122
E00102156,230,116,114
E00102157,278,142,136
E00102257,446,222,224
E00102258,511,266,245
E00102259,418,215,203
E00102260,368,191,177
E00102261,191,103,88
E00102262,197,98,99
E00102101,333,170,163
E00102102,312,182,130
E00102103,318,167,151
E00102104,279,148,131
E00102105,328,168,160
E00102106,589,321,268
E00102107,304,158,146
E00102109,312,155,157
E00102111,312,160,152
E00102114,365,190,175
E00102120,308,173,135
E00102121,305,153,152
E00102110,303,160,143
E00102115,325,169,156
E00102116,366,174,192
E00102117,354,185,169
E00102118,463,250,213
E00102108,330,160,170
E00102112,308,158,150
E00102113,197,114,83
E00102119,301,158,143
E00102122,327,175,152
E00102123,319,181,138
E00102125,302,148,154
E00102128,234,137,97
E00102129,264,137,127
E00102132,313,160,153
E00102124,309,156,153
E00102126,307,163,144
E00102130,256,129,127
E00102134,293,152,141
E00102136,269,144,125
E00102127,306,160,146
E00102131,443,223,220
E00102133,563,289,274
E00102135,384,182,202
E00101994,485,253,232
E00101995,353,168,185
E00101996,539,277,262
E00101997,217,112,105
E00101998,163,82,81
E00101999,475,243,232
E00102000,342,171,171
E00102001,196,99,97
E00102002,282,144,138
E00102003,330,160,170
E00102004,321,176,145
E00102005,245,130,115
E00102006,422,212,210
E00102007,368,191,177
E00102008,499,244,255
E00102039,240,139,101
E00102040,287,162,125
E00102041,573,287,286
E00102042,396,212,184
E00102043,185,95,90
E00102044,470,262,208
E00102045,276,136,140
E00102047,300,159,141
E00102049,242,131,111
E00102051,241,125,116
E00102053,200,98,102
E00102055,223,119,104
E00102046,193,97,96
E00102048,182,86,96
E00102050,168,84,84
E00102052,204,111,93
E00102054,164,90,74
E00102056,201,105,96
E00102057,179,92,87
E00102063,334,172,162
E00102064,298,153,145
E00102065,425,165,260
E00102070,332,172,160
E00102066,287,157,130
E00102067,303,162,141
E00102068,284,143,141
E00102069,223,101,122
E00102024,241,130,111
E00102025,412,211,201
E00102026,276,142,134
E00102027,215,109,106
E00102028,349,182,167
E00102029,381,201,180
E00102030,205,105,100
E00102090,340,173,167
E00102091,354,195,159
E00102092,320,158,162
E00102093,333,160,173
E00181125,331,178,153
E00181184,329,170,159
E00102085,364,194,170
E00102086,305,140,165
E00102087,316,165,151
E00102088,323,168,155
E00102089,290,139,151
E00102271,277,146,131
E00102272,521,265,256
E00102273,375,203,172
E00102274,288,148,140
E00102275,275,139,136
E00102276,274,143,131
E00102277,408,197,211
E00102158,284,147,137
E00102159,337,177,160
E00102160,238,106,132
E00102161,275,137,138
E00102162,307,154,153
E00102163,337,178,159
E00102250,374,189,185
E00102251,205,104,101
E00102252,263,140,123
E00102253,324,168,156
E00102254,311,164,147
E00102247,276,147,129
E00102248,257,137,120
E00102249,364,186,178
E00102255,210,113,97
E00102256,280,152,128
E00102243,310,161,149
E00102245,415,226,189
E00102246,443,229,214
E00165892,179,89,90
E00165893,277,145,132
E00181104,284,143,141
E00181123,230,118,112
E00181173,456,223,233
E00102137,265,141,124
E00102138,275,143,132
E00102139,257,144,113
E00102140,280,145,135
E00102141,319,180,139
E00102142,303,165,138
E00102143,346,175,171
E00102144,227,127,100
E00102145,343,182,161
E00102146,353,185,168
E00102147,374,200,174
E00102148,352,173,179
E00102149,239,121,118
E00102150,308,154,154
E00102263,233,130,103
E00102264,314,190,124
E00102265,291,158,133
E00102266,145,71,74
E00102267,191,101,90
E00102268,268,141,127
E00102269,286,151,135
E00102270,320,163,157
E00102177,283,131,152
E00102178,250,130,120
E00102179,268,133,135
E00102180,157,82,75
E00102181,495,240,255
E00102182,137,68,69
E00102183,298,145,153
E00102184,209,103,106
E00102185,279,135,144
E00102186,328,169,159
E00102187,286,153,133
E00102188,202,104,98
E00102189,252,138,114
E00102190,237,128,109
E00102200,260,137,123
E00102201,370,195,175
E00102202,342,174,168
E00102203,231,119,112
E00102204,265,134,131
E00102205,240,124,116
E00102206,370,194,176
E00102164,372,196,176
E00102165,169,87,82
E00102166,348,176,172
E00102167,255,137,118
E00102168,408,209,199
E00102175,215,110,105
E00102176,244,129,115
E00102169,172,87,85
E00102170,188,84,104
E00102171,162,83,79
E00102172,263,137,126
E00102173,245,127,118
E00102174,146,76,70
E00102207,186,95,91
E00102208,571,303,268
E00102209,371,186,185
E00102210,278,142,136
E00102211,240,118,122
E00102212,289,150,139
E00102515,270,142,128
E00102527,277,148,129
E00102528,309,154,155
E00102533,395,202,193
E00102623,243,121,122
E00102624,369,195,174
E00102631,422,221,201
E00102632,337,167,170
E00102625,266,124,142
E00102626,316,170,146
E00102627,332,172,160
E00102628,139,73,66
E00102629,165,90,75
E00102630,332,174,158
E00102684,178,92,86
E00102688,218,113,105
E00102690,328,163,165
E00102692,380,194,186
E00102693,209,113,96
E00102519,273,147,126
E00102524,466,231,235
E00102525,422,229,193
E00102526,186,99,87
E00181101,555,279,276
E00102522,265,129,136
E00102523,530,268,262
E00102529,188,106,82
E00102530,534,270,264
E00102531,349,174,175
E00102516,335,173,162
E00102518,320,174,146
E00102520,298,152,146
E00181138,196,101,95
E00181162,359,190,169
E00181182,439,242,197
E00102540,218,107,111
E00102541,281,148,133
E00102542,338,188,150
E00102544,275,141,134
E00102545,261,141,120
E00102534,121,70,51
E00102535,112,57,55
E00102536,362,184,178
E00102537,239,115,124
E00102538,211,123,88
E00102539,242,129,113
E00102543,321,164,157
E00102337,262,136,126
E00102338,270,142,128
E00102346,305,162,143
E00102354,282,144,138
E00102355,297,154,143
E00102606,348,172,176
E00102607,229,120,109
E00102608,502,278,224
E00102609,395,199,196
E00102610,254,132,122
E00102605,316,174,142
E00102611,258,128,130
E00102612,260,131,129
E00102613,260,133,127
E00102685,312,165,147
E00102686,223,117,106
E00102687,332,159,173
E00102689,350,180,170
E00102691,292,152,140
E00102332,235,128,107
E00102340,337,171,166
E00102343,255,131,124
E00102344,370,202,168
E00102345,249,138,111
E00102351,261,130,131
E00102331,261,133,128
E00102339,288,152,136
E00102341,329,168,161
E00102342,230,110,120
E00102347,445,232,213
E00102417,516,264,252
E00102418,403,203,200
E00102428,243,122,121
E00181187,414,222,192
E00181192,218,114,104
E00102419,367,181,186
E00102420,377,188,189
E00102421,373,184,189
E00165898,337,166,171
E00165899,326,174,152
E00102422,274,148,126
E00102423,330,171,159
E00102425,297,154,143
E00102426,277,147,130
E00102429,378,191,187
E00102430,321,161,160
E00102431,322,163,159
E00102432,251,130,121
E00102433,538,281,257
E00102465,290,158,132
E00102466,281,146,135
E00102467,382,212,170
E00102469,338,182,156
E00102470,269,134,135
E00102471,268,157,111
E00102453,348,181,167
E00102455,358,191,167
E00102458,245,131,114
E00102459,284,145,139
E00102460,292,142,150
E00102456,520,293,227
E00102461,335,181,154
E00102462,342,187,155
E00102463,325,165,160
E00102464,315,164,151
E00102452,325,163,162
E00181112,311,157,154
E00181113,258,124,134
E00181150,304,152,152
E00181174,317,162,155
E00102477,410,192,218
E00181136,196,102,94
E00181137,112,59,53
E00181149,328,172,156
E00181154,238,121,117
E00181191,598,315,283
E00102451,237,130,107
E00102468,151,86,65
E00102472,286,134,152
E00102473,262,133,129
E00102474,228,126,102
E00102475,234,119,115
E00102476,323,153,170
E00102479,175,90,85
E00102489,297,160,137
E00102493,247,131,116
E00102494,270,144,126
E00102495,316,164,152
E00102496,326,174,152
E00102497,205,109,96
E00102486,313,158,155
E00102487,263,146,117
E00102488,258,133,125
E00102490,326,166,160
E00102492,230,120,110
E00102480,324,179,145
E00102481,187,102,85
E00102482,113,71,42
E00102483,225,109,116
E00102484,263,137,126
E00102485,281,145,136
E00102491,328,164,164
E00102330,346,191,155
E00102348,371,188,183
E00102350,331,181,150
E00102352,317,155,162
E00181108,407,198,209
E00181148,484,247,237
E00181155,145,78,67
E00102333,319,160,159
E00102334,287,138,149
E00102335,353,189,164
E00102336,222,118,104
E00102349,317,165,152
E00102499,355,186,169
E00102500,268,138,130
E00102501,289,152,137
E00102506,276,155,121
E00102498,376,202,174
E00102502,255,130,125
E00102503,282,155,127
E00102504,348,184,164
E00102505,374,194,180
E00102642,225,123,102
E00102643,383,197,186
E00102644,353,193,160
E00102645,319,147,172
E00102646,255,135,120
E00102647,289,150,139
E00102634,425,208,217
E00102635,313,162,151
E00102636,292,143,149
E00102638,343,171,172
E00102648,289,135,154
E00102649,335,166,169
E00102651,259,118,141
E00102653,290,149,141
E00102654,249,136,113
E00102655,289,146,143
E00102650,362,193,169
E00102652,550,295,255
E00102664,270,147,123
E00102665,217,115,102
E00102666,372,197,175
E00102669,275,145,130
E00102673,274,144,130
E00102674,282,147,135
E00102675,233,116,117
E00102676,244,135,109
E00102677,347,173,174
E00102567,356,175,181
E00102577,255,132,123
E00102579,346,181,165
E00102581,271,132,139
E00102583,308,163,145
E00102569,281,137,144
E00102571,238,128,110
E00102582,421,242,179
E00102584,339,179,160
E00181132,493,245,248
E00181146,181,94,87
E00181178,257,128,129
E00102570,291,153,138
E00102573,299,157,142
E00102574,255,132,123
E00102575,292,153,139
E00102576,286,148,138
E00102587,318,167,151
E00102595,268,144,124
E00102596,256,125,131
E00102598,244,118,126
E00102601,332,168,164
E00102585,287,135,152
E00102599,337,174,163
E00102600,247,128,119
E00102602,241,129,112
E00102603,305,163,142
E00102589,356,188,168
E00102590,285,150,135
E00102591,366,189,177
E00102593,220,114,106
E00102633,251,121,130
E00102637,287,163,124
E00102639,404,207,197
E00102640,228,129,99
E00102641,319,168,151
E00102656,162,93,69
E00102657,213,103,110
E00102658,252,132,120
E00102659,325,159,166
E00102660,229,124,105
E00102661,213,123,90
E00102662,193,97,96
E00102663,158,95,63
E00102668,301,165,136
E00102672,316,156,160
E00102680,315,157,158
E00102681,253,123,130
E00102683,323,167,156
E00102667,323,165,158
E00102670,323,165,158
E00102671,364,185,179
E00102678,309,162,147
E00102679,270,137,133
E00102682,267,135,132
E00102326,203,100,103
E00102327,318,165,153
E00102328,305,171,134
E00102329,250,138,112
E00102321,324,167,157
E00102322,370,211,159
E00102323,354,180,174
E00102324,345,190,155
E00102325,167,83,84
E00102566,462,222,240
E00102568,399,204,195
E00102578,347,186,161
E00102580,300,152,148
E00102614,179,94,85
E00102615,285,156,129
E00102616,240,126,114
E00102619,267,146,121
E00102620,265,133,132
E00102617,257,131,126
E00102618,223,127,96
E00102621,389,190,199
E00102622,345,184,161
E00102365,337,168,169
E00102366,267,133,134
E00102367,315,157,158
E00102368,340,167,173
E00102356,304,157,147
E00102360,249,136,113
E00102361,301,161,140
E00102364,281,153,128
E00102369,284,149,135
E00102357,249,129,120
E00102358,302,153,149
E00102359,342,184,158
E00102371,509,276,233
E00102397,427,202,225
E00102400,266,134,132
E00102403,349,162,187
E00165895,413,209,204
E00165896,289,129,160
E00165897,341,171,170
E00102291,174,84,90
E00102293,263,139,124
E00165900,768,68,700
E00165901,186,101,85
E00181111,331,170,161
E00181169,286,155,131
E00102285,563,284,279
E00102286,331,165,166
E00102289,377,192,185
E00102290,211,107,104
E00102586,278,142,136
E00102592,249,125,124
E00102594,283,155,128
E00165902,322,160,162
E00181109,270,125,145
E00181121,156,85,71
E00181188,422,225,197
E00102362,321,163,158
E00102372,545,273,272
E00181126,471,252,219
E00181131,271,134,137
E00181172,147,80,67
E00181185,158,105,53
E00181107,158,74,84
E00181116,612,306,306
E00181134,439,218,221
E00181153,418,235,183
E00181171,144,66,78
E00102379,520,276,244
E00102380,264,129,135
E00102382,265,136,129
E00102386,268,138,130
E00102390,273,140,133
E00102398,340,189,151
E00102401,195,99,96
E00102402,176,101,75
E00102405,299,140,159
E00102411,361,160,201
E00102412,337,168,169
E00102406,298,162,136
E00102408,421,206,215
E00102409,315,157,158
E00102413,278,140,138
E00102414,278,140,138
E00102447,302,166,136
E00102448,321,162,159
E00102449,293,153,140
E00102450,282,151,131
E00102399,286,145,141
E00102404,308,166,142
E00102407,335,176,159
E00102410,392,206,186
E00102415,301,155,146
E00102435,316,159,157
E00102444,304,148,156
E00102445,425,222,203
E00102446,222,113,109
E00102434,286,169,117
E00102438,435,231,204
E00102439,397,212,185
E00102440,387,191,196
E00102436,182,104,78
E00102437,361,186,175
E00102441,289,136,153
E00102442,312,153,159
E00102443,282,150,132
E00102374,335,176,159
E00102381,322,153,169
E00102383,320,164,156
E00102387,289,147,142
E00102384,295,153,142
E00102385,294,150,144
E00102389,294,155,139
E00102391,256,132,124
E00102394,298,145,153
E00102375,288,147,141
E00102388,308,154,154
E00102392,338,174,164
E00102393,313,162,151
E00102395,305,156,149
E00102373,180,84,96
E00102376,279,140,139
E00102377,300,154,146
E00102378,318,159,159
E00102396,226,125,101
E00102297,490,246,244
E00102298,267,137,130
E00102300,346,165,181
E00102301,286,171,115
E00102304,389,201,188
E00102296,295,139,156
E00102302,243,135,108
E00102303,276,154,122
E00102305,277,147,130
E00102306,335,181,154
E00102307,296,158,138
E00102299,366,191,175
E00102308,358,202,156
E00102319,282,131,151
E00102320,281,146,135
E00102309,247,128,119
E00102312,315,163,152
E00102313,278,142,136
E00102314,281,141,140
E00102317,273,128,145
E00102310,344,167,177
E00102311,306,158,148
E00102315,258,132,126
E00102316,290,135,155
E00102318,416,218,198
E00102546,237,124,113
E00102547,276,137,139
E00102548,541,291,250
E00102558,301,157,144
E00102550,372,200,172
E00102553,455,231,224
E00102560,244,129,115
E00102561,290,146,144
E00102562,247,136,111
E00102549,276,141,135
E00102551,456,256,200
E00102552,309,159,150
E00102563,167,84,83
E00102564,291,149,142
E00102565,281,149,132
E00102554,245,130,115
E00102555,268,136,132
E00102556,314,160,154
E00102557,317,163,154
E00102559,238,121,117
E00102278,289,152,137
E00102279,309,168,141
E00102280,265,134,131
E00102281,291,158,133
E00102282,294,148,146
E00102283,379,188,191
E00102284,361,191,170
E00102292,365,195,170
E00102294,354,179,175
E00102295,164,83,81
E00102507,317,178,139
E00102511,304,161,143
E00102512,302,161,141
E00102513,284,157,127
E00102508,341,182,159
E00102509,291,155,136
E00102510,373,187,186
E00102514,310,168,142
E00102694,179,99,80
E00102695,159,90,69
E00102696,249,125,124
E00102698,214,109,105
E00102700,205,109,96
E00102702,196,100,96
E00102697,228,127,101
E00102699,251,133,118
E00102701,508,260,248
E00102703,241,126,115
E00102704,260,133,127
E00102818,331,168,163
E00102820,183,99,84
E00102821,286,160,126
E00102828,186,105,81
E00102832,246,129,117
E00102835,260,137,123
E00102823,271,133,138
E00102827,290,158,132
E00102829,201,107,94
E00102830,213,99,114
E00102831,254,134,120
E00102833,279,142,137
E00102834,295,161,134
E00102819,224,108,116
E00102824,364,189,175
E00102825,293,162,131
E00102826,337,170,167
E00102836,261,149,112
E00165935,183,98,85
E00165936,278,150,128
E00165937,204,112,92
E00102837,315,164,151
E00102838,285,161,124
E00102839,339,173,166
E00102840,244,130,114
E00102841,351,183,168
E00102842,273,139,134
E00102886,340,165,175
E00102887,177,91,86
E00102890,302,156,146
E00102891,307,169,138
E00102888,441,231,210
E00102889,525,275,250
E00102892,328,164,164
E00102728,255,124,131
E00102730,295,153,142
E00102731,233,108,125
E00102732,304,150,154
E00102733,313,140,173
E00102734,202,98,104
E00102735,280,124,156
E00102736,258,123,135
E00102721,294,148,146
E00102722,368,187,181
E00102726,281,148,133
E00102727,502,258,244
E00165938,315,155,160
E00165940,295,145,150
E00102724,251,126,125
E00102725,317,148,169
E00102729,306,158,148
E00102737,264,143,121
E00102738,265,139,126
E00102739,140,80,60
E00102706,345,196,149
E00102709,245,121,124
E00102711,401,209,192
E00102715,356,188,168
E00102717,436,219,217
E00102718,293,141,152
E00102705,283,133,150
E00102713,504,261,243
E00102716,338,161,177
E00102719,141,72,69
E00102720,366,181,185
E00102708,334,167,167
E00102710,298,155,143
E00102712,311,165,146
E00102714,296,161,135
E00165932,368,175,193
E00165933,297,151,146
E00165934,310,158,152
E00180185,170,84,86
E00180255,432,219,213
E00102741,268,136,132
E00102743,251,126,125
E00102754,215,115,100
E00180153,612,311,301
E00180155,104,58,46
E00180192,265,136,129
E00180273,349,170,179
E00180280,388,211,177
E00102740,497,255,242
E00102745,339,170,169
E00102746,289,143,146
E00102747,527,276,251
E00102749,445,211,234
E00102742,457,231,226
E00102744,345,171,174
E00102748,308,156,152
E00102750,293,147,146
E00102751,303,168,135
E00102753,238,116,122
E00102768,231,117,114
E00102769,217,102,115
E00102770,298,153,145
E00102771,227,109,118
E00102772,434,221,213
E00102773,225,110,115
E00102790,315,165,150
E00102791,384,182,202
E00102792,350,177,173
E00102793,285,143,142
E00102794,230,108,122
E00102809,518,276,242
E00102810,374,185,189
E00102811,369,185,184
E00102812,492,254,238
E00102813,295,147,148
E00102814,357,175,182
E00102815,248,126,122
E00102816,233,123,110
E00102817,362,188,174
E00102866,279,145,134
E00102867,255,135,120
E00102870,273,141,132
E00102875,248,139,109
E00180170,194,110,84
E00180275,432,224,208
E00102858,289,151,138
E00102868,263,132,131
E00102873,290,145,145
E00102874,235,116,119
E00102861,366,189,177
E00102864,352,179,173
E00102869,328,179,149
E00102871,257,133,124
E00102859,217,115,102
E00102862,430,221,209
E00102863,337,182,155
E00102865,299,160,139
E00102872,453,219,234
E00102762,163,92,71
E00102763,244,126,118
E00102764,156,77,79
E00102765,364,180,184
E00102766,196,101,95
E00102767,391,205,186
E00102853,478,232,246
E00102854,286,147,139
E00102855,397,203,194
E00102856,264,130,134
E00102857,294,143,151
E00102876,429,216,213
E00102877,576,295,281
E00102878,281,141,140
E00102879,266,131,135
E00102880,331,162,169
E00102893,191,96,95
E00102894,301,163,138
E00102895,355,178,177
E00102896,347,172,175
E00102897,247,132,115
E00102898,298,161,137
E00102899,447,230,217
E00102786,233,116,117
E00102787,471,226,245
E00102788,245,128,117
E00102789,246,118,128
E00102795,300,148,152
E00102796,180,95,85
E00102802,295,137,158
E00102804,300,169,131
E00102805,283,144,139
E00102806,432,223,209
E00102807,305,154,151
E00102808,350,176,174
E00180221,296,154,142
E00180266,259,125,134
E00102797,347,180,167
E00102798,361,207,154
E00102800,296,143,153
E00102801,371,197,174
E00180209,331,181,150
E00180233,141,72,69
E00180277,478,252,226
E00102848,455,216,239
E00102849,340,172,168
E00102850,240,116,124
E00102851,410,203,207
E00102852,363,183,180
E00102881,394,206,188
E00102882,520,259,261
E00102883,118,54,64
E00102884,484,239,245
E00102885,347,173,174
E00102756,290,144,146
E00102757,371,200,171
E00102758,372,189,183
E00102759,297,152,145
E00102760,358,190,168
E00102761,166,81,85
E00102774,286,139,147
E00102775,242,126,116
E00102776,372,175,197
E00102777,144,71,73
E00102778,269,131,138
E00102779,269,135,134
E00102780,362,183,179
E00102781,359,184,175
E00102782,377,191,186
E00102783,220,114,106
E00102784,326,181,145
E00102785,124,70,54
E00102843,489,239,250
E00102844,348,172,176
E00102845,212,107,105
E00102847,395,188,207
E00165929,294,142,152
E00165930,332,173,159
E00102943,273,127,146
E00102944,412,209,203
E00102945,207,107,100
E00102946,195,105,90
E00102947,159,76,83
E00102948,324,158,166
E00102949,300,151,149
E00102950,298,133,165
E00102951,422,217,205
E00102952,306,158,148
E00102953,609,323,286
E00102954,267,137,130
E00102955,384,202,182
E00102956,161,80,81
E00102977,163,82,81
E00102979,390,199,191
E00102980,389,187,202
E00102981,332,162,170
E00102982,396,207,189
E00180156,242,118,124
E00180200,370,190,180
E00102957,306,154,152
E00102958,475,239,236
E00102959,424,214,210
E00102960,358,191,167
E00180144,325,166,159
E00180220,399,212,187
E00180234,617,320,297
E00180271,302,165,137
E00180281,156,79,77
E00102984,470,251,219
E00102987,393,193,200
E00102989,383,194,189
E00102991,293,146,147
E00102992,270,138,132
E00102983,269,135,134
E00102986,547,289,258
E00102988,270,130,140
E00102990,359,169,190
E00165941,311,161,150
E00165943,295,151,144
E00165945,355,188,167
E00102993,249,133,116
E00102994,308,166,142
E00102995,276,124,152
E00103001,295,149,146
E00103003,339,173,166
E00103004,150,66,84
E00102996,447,227,220
E00102997,262,130,132
E00102998,267,131,136
E00102999,215,107,108
E00103000,319,162,157
E00103002,370,180,190
E00102933,217,123,94
E00102934,357,187,170
E00102935,433,220,213
E00102936,250,139,111
E00102937,282,144,138
E00102938,290,140,150
E00102939,330,169,161
E00102940,211,105,106
E00102941,520,273,247
E00102942,406,218,188
E00102962,359,180,179
E00102963,295,161,134
E00102965,370,190,180
E00165956,258,142,116
E00180228,724,75,649
E00180257,102,50,52
E00103048,298,163,135
E00103049,382,194,188
E00103050,308,165,143
E00103051,282,143,139
E00103052,410,223,187
E00102910,461,227,234
E00102911,340,177,163
E00102912,316,167,149
E00102913,177,88,89
E00102914,445,226,219
E00102971,147,75,72
E00102972,145,75,70
E00102973,323,158,165
E00102974,311,169,142
E00102975,368,190,178
E00102976,424,218,206
E00103005,265,133,132
E00103006,296,145,151
E00103007,417,219,198
E00103008,470,251,219
E00103009,244,114,130
E00103053,297,146,151
E00103054,502,248,254
E00103055,439,215,224
E00103056,294,153,141
E00103057,221,113,108
E00103011,307,164,143
E00103019,257,139,118
E00103020,258,129,129
E00103023,302,160,142
E00103025,265,131,134
E00165949,193,95,98
E00165950,187,85,102
E00103017,559,281,278
E00103018,317,160,157
E00103021,379,212,167
E00103024,309,160,149
E00165946,324,172,152
E00165951,319,157,162
E00103010,280,157,123
E00103013,371,208,163
E00103014,349,191,158
E00103015,275,140,135
E00103016,308,154,154
E00103026,386,210,176
E00103028,356,180,176
E00103034,262,139,123
E00103038,395,221,174
E00103039,297,161,136
E00103040,311,172,139
E00103029,264,137,127
E00103030,268,143,125
E00103031,252,137,115
E00103037,267,141,126
E00103041,294,154,140
E00103027,244,128,116
E00103032,476,248,228
E00103033,195,99,96
E00103035,252,128,124
E00103036,253,135,118
E00103042,410,197,213
E00103043,290,165,125
E00103044,326,165,161
E00103045,357,193,164
E00103047,391,197,194
E00165953,287,147,140
E00165958,283,150,133
E00102928,235,112,123
E00102929,406,214,192
E00102930,231,119,112
E00102931,348,190,158
E00102932,207,101,106
E00102966,405,208,197
E00102967,173,90,83
E00102968,366,192,174
E00102969,362,191,171
E00102970,296,162,134
E00103058,365,188,177
E00103059,338,172,166
E00103063,313,185,128
E00103066,127,65,62
E00103067,237,122,115
E00103068,270,137,133
E00103060,322,169,153
E00103061,320,170,150
E00103062,304,157,147
E00103064,338,167,171
E00103065,264,150,114
E00102900,399,207,192
E00102901,256,127,129
E00102903,450,230,220
E00102904,197,106,91
E00102909,336,165,171
E00102902,300,148,152
E00102905,333,174,159
E00102906,286,153,133
E00102907,245,128,117
E00102908,306,155,151
E00102916,369,217,152
E00102920,167,90,77
E00102921,155,78,77
E00102922,292,146,146
E00102923,360,187,173
E00102924,271,138,133
E00102915,334,179,155
E00102917,269,137,132
E00102918,128,67,61
E00102919,194,95,99
E00102925,256,138,118
E00102926,312,159,153
E00102927,328,164,164
E00112624,296,151,145
E00112626,243,136,107
E00112627,344,185,159
E00112631,302,150,152
E00112638,269,135,134
E00112623,301,145,156
E00112625,240,123,117
E00112628,263,129,134
E00112629,303,154,149
E00112630,305,157,148
E00112636,272,141,131
E00112637,365,167,198
E00112639,262,129,133
E00112640,315,151,164
E00112641,245,129,116
E00112632,304,160,144
E00112633,280,150,130
E00112634,328,171,157
E00112635,319,157,162
E00112534,300,159,141
E00112536,318,164,154
E00112537,284,147,137
E00112538,270,142,128
E00186443,140,74,66
E00186481,297,157,140
E00186484,517,308,209
E00112529,425,208,217
E00112539,301,155,146
E00112540,315,166,149
E00112541,392,209,183
E00112527,361,178,183
E00112528,248,137,111
E00112531,322,158,164
E00112533,306,151,155
E00112526,280,144,136
E00112530,263,138,125
E00112532,232,120,112
E00112535,287,145,142
E00112543,288,172,116
E00112405,359,185,174
E00112406,264,137,127
E00112413,308,170,138
E00112415,257,139,118
E00112418,264,147,117
E00112604,347,185,162
E00112606,489,247,242
E00112607,241,120,121
E00112608,378,196,182
E00168906,357,182,175
E00168907,244,130,114
E00168918,183,91,92
E00112610,281,132,149
E00112613,246,112,134
E00112619,327,174,153
E00112620,283,152,131
E00112621,328,163,165
E00112611,329,170,159
E00112614,312,159,153
E00112615,277,143,134
E00112616,442,213,229
E00112617,224,121,103
E00112505,585,311,274
E00112514,303,146,157
E00112516,261,135,126
E00186400,162,89,73
E00186427,566,299,267
E00112566,451,261,190
E00112571,305,157,148
E00112573,344,184,160
E00112578,257,133,124
E00112579,309,150,159
E00112570,226,107,119
E00112574,297,152,145
E00112580,365,188,177
E00112581,365,193,172
E00112575,185,85,100
E00112576,413,185,228
E00112577,322,156,166
E00168913,239,105,134
E00168917,312,155,157
E00112564,452,197,255
E00112565,312,147,165
E00112567,350,186,164
E00112568,341,178,163
E00112572,372,184,188
E00112407,290,136,154
E00112408,337,176,161
E00112410,374,202,172
E00112423,369,187,182
E00112424,268,124,144
E00112409,291,154,137
E00112411,348,182,166
E00112412,383,192,191
E00112414,504,248,256
E00112417,293,169,124
E00112546,373,216,157
E00112552,171,78,93
E00112553,189,97,92
E00112556,189,86,103
E00112562,400,217,183
E00112563,376,189,187
E00112585,260,132,128
E00112586,270,139,131
E00112587,284,146,138
E00112588,396,191,205
E00112602,301,170,131
E00112603,370,186,184
E00112605,332,162,170
E00112609,321,163,158
E00112612,319,171,148
E00112622,309,160,149
E00112470,309,165,144
E00112480,297,160,137
E00112481,211,116,95
E00112482,343,168,175
E00112483,203,107,96
E00112466,277,145,132
E00112468,311,158,153
E00112469,322,161,161
E00112472,315,159,156
E00112474,270,156,114
E00112464,336,170,166
E00112465,357,180,177
E00112475,378,202,176
E00112479,364,182,182
E00112467,342,185,157
E00112471,239,113,126
E00112473,299,156,143
E00112476,237,128,109
E00112477,270,150,120
E00112478,190,92,98
E00112544,302,155,147
E00112545,313,153,160
E00112549,283,141,142
E00112550,291,141,150
E00112557,391,173,218
E00112551,348,179,169
E00112558,486,233,253
E00112560,315,156,159
E00112561,337,164,173
E00112547,300,159,141
E00112548,320,156,164
E00112554,243,127,116
E00112555,353,166,187
E00112559,305,158,147
E00112583,283,147,136
E00112589,292,139,153
E00112590,278,143,135
E00112591,423,210,213
E00112592,289,148,141
E00112582,451,196,255
E00112593,440,213,227
E00112597,455,244,211
E00112598,265,127,138
E00112599,302,147,155
E00112594,337,160,177
E00112596,293,140,153
E00186482,247,134,113
E00186500,441,207,234
E00112584,420,188,232
E00112600,226,103,123
E00112601,410,219,191
E00112298,426,215,211
E00112300,223,107,116
E00112301,281,152,129
E00112306,225,116,109
E00112308,224,105,119
E00112315,278,145,133
E00112295,260,142,118
E00112296,219,119,100
E00112297,343,173,170
E00112299,268,145,123
E00112309,140,75,65
E00112312,221,114,107
E00112314,298,148,150
E00112302,213,109,104
E00112303,249,112,137
E00112304,234,97,137
E00112305,196,92,104
E00112307,236,111,125
E00112311,212,81,131
E00112313,117,51,66
E00186385,223,96,127
E00186480,279,127,152
E00112517,242,122,120
E00112518,315,174,141
E00112520,236,133,103
E00112521,276,137,139
E00112522,350,206,144
E00112506,208,104,104
E00112509,241,114,127
E00112519,255,123,132
E00112523,201,99,102
E00112524,238,112,126
E00112525,240,118,122
E00112507,228,106,122
E00112508,222,118,104
E00112510,223,112,111
E00112511,242,121,121
E00112512,214,113,101
E00112513,251,133,118
E00112398,270,128,142
E00112399,275,131,144
E00112402,253,137,116
E00168911,205,119,86
E00168922,503,229,274
E00112396,292,118,174
E00112397,397,179,218
E00112400,206,101,105
E00112401,278,142,136
E00112403,240,126,114
E00112404,221,99,122
E00112386,273,153,120
E00112388,228,120,108
E00112389,228,117,111
E00112391,234,127,107
E00112394,261,135,126
E00112432,167,83,84
E00112436,161,85,76
E00112437,203,114,89
E00112442,180,93,87
E00168908,208,86,122
E00168916,289,150,139
E00112429,190,94,96
E00112430,212,101,111
E00112439,287,150,137
E00112441,222,108,114
E00112444,263,137,126
E00112427,190,94,96
E00112428,206,97,109
E00112431,189,90,99
E00112434,183,99,84
E00112440,230,115,115
E00112443,204,105,99
E00112445,162,76,86
E00112425,346,157,189
E00112433,321,152,169
E00112435,332,148,184
E00168909,127,58,69
E00168910,683,612,71
E00112332,284,139,145
E00112334,293,150,143
E00112342,271,141,130
E00112344,269,139,130
E00112345,282,139,143
E00112346,312,155,157
E00112335,210,104,106
E00112337,473,245,228
E00112341,286,143,143
E00112343,288,136,152
E00112347,317,157,160
E00112333,287,146,141
E00112336,250,127,123
E00112338,311,150,161
E00112339,271,141,130
E00112340,258,129,129
E00112348,294,157,137
E00112419,564,265,299
E00112420,311,153,158
E00168905,310,158,152
E00168920,337,146,191
E00168921,200,83,117
E00186369,259,151,108
E00186502,212,104,108
E00112486,407,202,205
E00112489,447,239,208
E00112499,283,161,122
E00112504,543,270,273
E00112484,225,114,111
E00112490,266,149,117
E00112491,223,116,107
E00112492,199,102,97
E00112494,221,130,91
E00112497,209,111,98
E00112485,210,99,111
E00112487,275,135,140
E00112493,306,159,147
E00112495,212,113,99
E00112496,313,172,141
E00112501,204,111,93
E00112488,491,250,241
E00112498,259,137,122
E00112500,401,164,237
E00112502,260,133,127
E00112503,261,135,126
E00112661,330,172,158
E00112665,306,150,156
E00112669,269,134,135
E00112671,243,124,119
E00112672,212,109,103
E00112316,250,132,118
E00112317,267,132,135
E00112322,270,144,126
E00112329,293,142,151
E00112330,311,155,156
E00112331,324,158,166
E00112323,334,167,167
E00112324,302,145,157
E00112325,319,171,148
E00112327,278,142,136
E00112328,241,129,112
E00112350,290,144,146
E00112363,246,131,115
E00112364,364,189,175
E00112365,290,131,159
E00112366,390,200,190
E00112356,336,187,149
E00112359,288,146,142
E00112360,309,170,139
E00112361,195,103,92
E00112362,280,130,150
E00112349,322,176,146
E00112351,312,150,162
E00112352,360,185,175
E00112353,259,136,123
E00112367,279,150,129
E00112354,352,187,165
E00112355,321,177,144
E00112357,362,185,177
E00112358,336,163,173
E00168912,334,164,170
E00168919,301,166,135
E00186361,219,111,108
E00186411,226,112,114
E00186421,291,146,145
E00186439,290,141,149
E00112319,300,150,150
E00112320,293,149,144
E00112321,264,137,127
E00112326,325,158,167
E00168914,281,132,149
E00112648,240,127,113
E00112651,317,166,151
E00112652,431,221,210
E00112657,264,140,124
E00112642,225,112,113
E00112643,332,168,164
E00112646,306,158,148
E00112647,261,138,123
E00112644,279,156,123
E00112645,308,153,155
E00112649,326,176,150
E00112650,420,217,203
E00112654,174,103,71
E00112653,309,161,148
E00112655,292,140,152
E00112656,270,134,136
E00112658,264,139,125
E00112659,244,122,122
E00112667,284,151,133
E00112668,311,154,157
E00112678,278,140,138
E00112679,226,121,105
E00112680,194,99,95
E00112666,241,128,113
E00112673,291,146,145
E00112674,203,115,88
E00112675,217,113,104
E00112676,241,118,123
E00112677,266,140,126
E00112660,282,146,136
E00112662,247,139,108
E00112663,221,116,105
E00112664,210,112,98
E00112670,369,180,189
E00112369,290,156,134
E00112371,331,157,174
E00112380,274,139,135
E00112381,236,129,107
E00112382,273,142,131
E00112383,342,175,167
E00112368,346,180,166
E00112370,334,175,159
E00112372,243,130,113
E00112373,306,152,154
E00112384,374,186,188
E00112374,261,141,120
E00112375,155,80,75
E00112376,267,136,131
E00112377,232,121,111
E00112378,284,143,141
E00112379,364,193,171
E00112387,270,138,132
E00112390,253,134,119
E00112392,339,184,155
E00112393,294,144,150
E00112395,323,153,170
E00112446,307,161,146
E00112455,351,188,163
E00112456,273,142,131
E00112461,310,167,143
E00112462,317,162,155
E00112447,289,141,148
E00112453,411,224,187
E00112454,277,147,130
E00112457,396,232,164
E00112458,263,138,125
E00112460,431,230,201
E00112463,330,172,158
E00112448,247,123,124
E00112449,289,154,135
E00112450,363,194,169
E00112451,228,116,112
E00112452,246,140,106
E00112459,232,131,101
E00112710,308,160,148
E00112711,332,173,159
E00112712,306,147,159
E00112713,238,126,112
E00112714,274,159,115
E00112715,203,108,95
E00112716,294,154,140
E00112734,256,118,138
E00112748,145,80,65
E00112749,297,154,143
E00112750,317,161,156
E00112751,357,188,169
E00112752,317,175,142
E00112731,385,201,184
E00112732,255,134,121
E00112733,250,137,113
E00112736,377,192,185
E00112738,273,150,123
E00112735,291,156,135
E00112737,290,158,132
E00112739,307,157,150
E00112740,305,158,147
E00186320,351,183,168
E00112741,446,234,212
E00112743,515,278,237
E00112744,483,254,229
E00112745,273,137,136
E00112746,250,135,115
E00112702,147,71,76
E00112703,177,91,86
E00112704,253,137,116
E00112705,272,146,126
E00112706,221,116,105
E00112707,292,151,141
E00112708,282,149,133
E00112709,261,143,118
E00112696,129,66,63
E00112697,204,105,99
E00112698,254,138,116
E00112699,147,77,70
E00112700,154,79,75
E00112701,412,211,201
E00112851,393,204,189
E00112852,342,192,150
E00112853,221,112,109
E00112854,350,173,177
E00112855,140,71,69
E00112856,346,175,171
E00112888,260,150,110
E00112889,196,114,82
E00112894,327,169,158
E00112895,249,143,106
E00112897,232,124,108
E00168925,215,119,96
E00168926,315,160,155
E00168927,152,80,72
E00186330,335,173,162
E00186344,340,184,156
E00186432,291,149,142
E00186440,114,56,58
E00186463,431,213,218
E00186465,262,128,134
E00112887,280,141,139
E00112890,276,142,134
E00112891,234,121,113
E00112898,267,152,115
E00186438,239,129,110
E00112718,228,118,110
E00112720,276,149,127
E00112721,175,98,77
E00112723,279,141,138
E00112727,444,234,210
E00112729,117,58,59
E00112730,272,138,134
E00112951,296,152,144
E00112952,232,117,115
E00112953,328,164,164
E00112954,423,227,196
E00112955,257,125,132
E00112956,193,96,97
E00112957,181,94,87
E00112724,431,230,201
E00112725,431,232,199
E00186420,501,246,255
E00112719,363,173,190
E00112722,248,138,110
E00112726,354,188,166
E00112728,292,153,139
E00186498,156,81,75
E00112905,355,184,171
E00112906,245,130,115
E00112907,207,114,93
E00112908,225,119,106
E00112910,400,204,196
E00112911,452,228,224
E00186336,412,216,196
E00186374,561,302,259
E00186376,174,96,78
E00112753,230,115,115
E00112754,231,109,122
E00112755,293,144,149
E00112756,107,57,50
E00112757,152,82,70
E00112758,261,135,126
E00112759,249,129,120
E00112760,107,52,55
E00112761,243,130,113
E00112762,288,135,153
E00112763,381,187,194
E00112764,154,79,75
E00112765,289,145,144
E00112766,288,153,135
E00112767,278,146,132
E00112830,307,148,159
E00112831,401,206,195
E00112832,237,120,117
E00112833,231,122,109
E00112834,166,87,79
E00112835,218,114,104
E00112836,253,136,117
E00112920,479,255,224
E00112921,215,101,114
E00112922,229,116,113
E00112923,174,89,85
E00112924,147,76,71
E00112925,300,159,141
E00112926,358,184,174
E00112681,303,153,150
E00112682,311,155,156
E00112683,210,104,106
E00112684,199,93,106
E00112685,274,137,137
E00112686,307,160,147
E00112687,183,95,88
E00112865,173,80,93
E00112866,256,139,117
E00112867,161,84,77
E00112868,130,61,69
E00112869,385,193,192
E00168928,306,152,154
E00168929,265,138,127
E00112899,453,224,229
E00112900,320,167,153
E00112901,293,149,144
E00112902,305,158,147
E00112903,335,170,165
E00112904,287,156,131
E00112913,181,92,89
E00112914,230,115,115
E00112915,307,159,148
E00112918,277,136,141
E00168933,354,185,169
E00186321,385,199,186
E00112775,239,126,113
E00112777,311,154,157
E00112779,269,128,141
E00186410,492,262,230
E00186447,165,85,80
E00186464,427,221,206
E00186469,188,103,85
E00112768,301,157,144
E00112769,326,175,151
E00112776,316,153,163
E00112778,289,152,137
E00112770,328,153,175
E00112771,299,162,137
E00112772,340,166,174
E00112773,518,266,252
E00112805,417,211,206
E00112806,360,178,182
E00112808,296,164,132
E00112809,333,179,154
E00112810,352,183,169
E00112807,323,161,162
E00112811,295,157,138
E00112812,316,157,159
E00112813,354,182,172
E00112814,309,155,154
E00112815,248,130,118
E00112793,359,193,166
E00112794,223,110,113
E00112795,364,189,175
E00112796,189,89,100
E00112797,192,97,95
E00112803,176,116,60
E00112804,240,130,110
E00112798,499,276,223
E00112799,296,150,146
E00112800,307,174,133
E00112801,215,111,104
E00112802,277,154,123
E00112817,279,155,124
E00112819,265,134,131
E00112820,261,143,118
E00112826,312,164,148
E00112828,220,122,98
E00112829,281,154,127
E00112818,254,141,113
E00112822,297,131,166
E00112823,326,166,160
E00112827,302,171,131
E00112784,252,129,123
E00112787,109,59,50
E00112790,146,77,69
E00168924,315,153,162
E00168930,204,107,97
E00168931,111,61,50
E00168932,185,100,85
E00112780,319,164,155
E00112788,318,172,146
E00112789,170,88,82
E00112791,195,109,86
E00112792,282,147,135
E00112781,356,163,193
E00112783,229,110,119
E00112785,253,131,122
E00112786,216,110,106
E00112816,279,149,130
E00112821,273,131,142
E00112824,324,166,158
E00112825,376,185,191
E00112960,196,105,91
E00112962,366,197,169
E00112963,392,212,180
E00112975,554,227,327
E00186367,423,224,199
E00186384,229,137,92
E00186386,326,189,137
E00186422,120,64,56
E00112848,157,79,78
E00112849,293,162,131
E00112850,245,123,122
E00186346,315,162,153
E00186488,361,171,190
E00112837,288,153,135
E00112838,239,128,111
E00112841,567,291,276
E00112845,245,142,103
E00186365,105,50,55
E00186430,366,202,164
E00186483,358,178,180
E00112840,261,139,122
E00112842,287,149,138
E00112843,327,163,164
E00112844,212,108,104
E00112847,306,151,155
E00112876,215,113,102
E00112879,514,258,256
E00112880,146,76,70
E00112881,243,128,115
E00112885,265,132,133
E00112886,266,134,132
E00112871,365,179,186
E00112874,214,109,105
E00112875,215,106,109
E00168934,393,191,202
E00112877,314,157,157
E00112878,272,138,134
E00112882,240,131,109
E00112883,231,121,110
E00112884,433,212,221
E00112945,256,127,129
E00112946,235,125,110
E00112947,268,128,140
E00112948,512,258,254
E00112949,396,207,189
E00112950,424,212,212
E00112958,172,89,83
E00112961,396,213,183
E00112964,481,248,233
E00112970,281,132,149
E00112973,202,108,94
E00112965,313,166,147
E00112969,375,202,173
E00112971,283,149,134
E00112972,281,143,138
E00186478,459,244,215
E00112966,299,164,135
E00112967,314,166,148
E00112968,334,168,166
E00186395,303,162,141
E00112688,104,56,48
E00112689,340,161,179
E00112690,367,178,189
E00112692,350,179,171
E00112694,179,91,88
E00112695,322,162,160
E00168935,204,108,96
E00112934,264,134,130
E00112935,306,171,135
E00112942,319,159,160
E00186505,148,84,64
E00186509,216,113,103
E00112927,312,168,144
E00112941,340,184,156
E00186322,178,87,91
E00186323,250,125,125
E00186504,135,69,66
E00112928,267,132,135
E00112930,297,152,145
E00112936,450,223,227
E00112944,480,249,231
E00112931,286,146,140
E00112932,264,137,127
E00112937,224,126,98
E00112938,196,105,91
E00112939,380,205,175
E00112940,240,127,113
E00112857,125,61,64
E00186506,489,255,234
E00186507,412,217,195
E00186508,290,144,146
E00112858,287,147,140
E00112859,381,192,189
E00112860,306,165,141
E00112861,288,156,132
E00112863,268,156,112
E00113013,416,200,216
E00113014,299,148,151
E00113015,324,167,157
E00113016,263,129,134
E00113017,301,147,154
E00113018,283,139,144
E00113024,269,143,126
E00113025,263,133,130
E00113026,122,61,61
E00113027,364,195,169
E00113028,445,222,223
E00113029,341,190,151
E00113087,199,94,105
E00113088,393,205,188
E00113090,611,308,303
E00113091,238,135,103
E00186328,1171,716,455
E00113212,302,145,157
E00113213,427,225,202
E00113214,422,217,205
E00113215,409,216,193
E00113216,416,202,214
E00113217,397,216,181
E00113218,274,144,130
E00113219,431,224,207
E00113220,305,165,140
E00113221,282,142,140
E00113163,305,155,150
E00113164,283,147,136
E00113166,306,164,142
E00113167,333,175,158
E00113172,278,139,139
E00186383,322,171,151
E00186390,242,126,116
E00186475,300,160,140
E00113165,377,186,191
E00113168,321,159,162
E00113169,348,173,175
E00113170,208,117,91
E00113171,224,118,106
E00186419,227,124,103
E00186462,504,263,241
E00113195,260,140,120
E00113196,523,278,245
E00113197,182,93,89
E00113198,337,170,167
E00113199,239,116,123
E00113200,256,133,123
E00113114,287,144,143
E00113119,278,134,144
E00113122,294,151,143
E00113124,322,168,154
E00113125,255,137,118
E00113110,328,164,164
E00113111,315,159,156
E00113112,354,181,173
E00113113,318,167,151
E00113123,325,161,164
E00113126,169,91,78
E00113157,253,127,126
E00113158,549,290,259
E00113159,445,229,216
E00113155,372,189,183
E00113156,273,136,137
E00113160,307,149,158
E00113161,303,161,142
E00113162,274,136,138
E00113150,334,166,168
E00113151,341,190,151
E00113152,447,225,222
E00113153,334,179,155
E00113154,428,228,200
E00113030,279,151,128
E00113031,287,151,136
E00113032,285,137,148
E00113035,289,134,155
E00113039,279,147,132
E00113040,308,156,152
E00113041,334,155,179
E00113033,335,166,169
E00113034,293,142,151
E00113036,292,142,150
E00113037,276,146,130
E00113038,296,156,140
E00113048,285,148,137
E00113049,402,232,170
E00113050,232,133,99
E00113052,409,194,215
E00113055,223,116,107
E00113044,283,156,127
E00113045,324,160,164
E00113054,434,211,223
E00113056,290,148,142
E00113057,247,121,126
E00113042,283,136,147
E00113043,262,145,117
E00113046,259,126,133
E00113047,368,165,203
E00113051,551,276,275
E00113053,372,181,191
E00113098,325,161,164
E00113099,349,174,175
E00113103,243,121,122
E00113104,369,158,211
E00113106,363,193,170
E00113107,393,193,200
E00113100,352,180,172
E00113101,302,160,142
E00113102,287,145,142
E00113108,402,218,184
E00113109,185,95,90
E00186433,290,145,145
E00186468,329,161,168
E00112986,420,203,217
E00112987,271,132,139
E00112988,247,127,120
E00112989,365,201,164
E00112990,380,185,195
E00112996,262,131,131
E00112997,440,235,205
E00112998,319,163,156
E00112999,384,198,186
E00113000,222,118,104
E00113001,189,97,92
E00113186,333,175,158
E00113187,388,197,191
E00113188,335,175,160
E00113189,242,122,120
E00113191,393,186,207
E00113190,359,178,181
E00113192,347,171,176
E00113193,355,178,177
E00113194,335,184,151
E00113019,373,195,178
E00113020,328,177,151
E00113021,299,143,156
E00113022,204,101,103
E00113023,324,172,152
E00113115,284,149,135
E00113116,343,185,158
E00113117,291,158,133
E00113118,266,125,141
E00113120,239,123,116
E00113121,243,123,120
E00113175,252,128,124
E00113176,361,182,179
E00113178,306,148,158
E00113179,338,176,162
E00113180,369,192,177
E00113181,284,134,150
E00112991,534,278,256
E00112992,145,83,62
E00112993,263,139,124
E00112994,414,205,209
E00112995,229,122,107
E00113058,300,158,142
E00113062,263,132,131
E00113064,273,147,126
E00113065,280,154,126
E00113066,263,138,125
E00113068,469,228,241
E00113059,506,259,247
E00113060,403,205,198
E00113061,278,151,127
E00113063,294,145,149
E00113067,341,177,164
E00113074,252,130,122
E00113084,358,180,178
E00113085,467,241,226
E00113086,330,176,154
E00113073,317,170,147
E00113080,245,129,116
E00113081,320,158,162
E00113082,354,180,174
E00113083,305,142,163
E00113070,389,203,186
E00113075,222,112,110
E00113076,225,111,114
E00113077,274,126,148
E00113078,241,118,123
E00113069,355,188,167
E00113071,346,173,173
E00113072,248,130,118
E00113079,355,169,186
E00113002,415,209,206
E00113004,262,139,123
E00113006,144,71,73
E00113008,328,171,157
E00113009,240,124,116
E00113011,290,137,153
E00113003,312,163,149
E00113005,342,168,174
E00113007,291,151,140
E00113010,289,144,145
E00113012,347,179,168
E00113177,399,209,190
E00113182,305,157,148
E00113183,316,174,142
E00113184,275,141,134
E00113185,235,124,111
E00113203,403,216,187
E00113204,340,171,169
E00113207,263,140,123
E00113208,287,147,140
E00113210,370,192,178
E00113201,354,176,178
E00113202,323,159,164
E00113205,324,156,168
E00113206,335,172,163
E00113209,302,159,143
E00113211,231,109,122
E00112980,308,156,152
E00112982,288,149,139
E00112983,242,127,115
E00112984,304,160,144
E00112985,277,140,137
E00112976,238,122,116
E00112977,356,180,176
E00112978,333,157,176
E00112979,338,175,163
E00112981,306,159,147
E00113127,334,188,146
E00113134,330,173,157
E00113137,345,163,182
E00113138,264,127,137
E00113139,451,245,206
E00186342,107,53,54
E00186426,481,256,225
E00186473,224,114,110
E00113128,276,141,135
E00113130,348,176,172
E00113140,330,150,180
E00113141,312,154,158
E00186451,292,144,148
E00186455,579,282,297
E00186476,136,74,62
E00113129,294,154,140
E00113132,278,146,132
E00113133,380,201,179
E00113135,226,126,100
E00113142,301,146,155
E00113143,270,129,141
E00113144,327,157,170
E00113145,283,155,128
E00113146,336,179,157
E00113147,236,134,102
E00113148,284,149,135
E00113149,294,149,145
E00113092,302,146,156
E00113093,150,77,73
E00113094,240,124,116
E00113095,273,137,136
E00113096,322,152,170
E00113097,388,194,194
E00113222,233,121,112
E00113227,194,111,83
E00113228,339,172,167
E00113229,317,167,150
E00113230,255,135,120
E00113232,302,156,146
E00113235,599,149,450
E00113236,173,84,89
E00168938,349,184,165
E00113225,282,140,142
E00113237,316,156,160
E00113238,267,126,141
E00113239,336,182,154
E00113224,404,212,192
E00113226,287,142,145
E00113231,225,125,100
E00113240,295,151,144
E00186394,580,288,292
E00186492,202,113,89
E00113424,479,244,235
E00113446,325,166,159
E00113447,307,157,150
E00113448,288,146,142
E00113449,222,101,121
E00113425,343,172,171
E00113428,271,144,127
E00113435,280,137,143
E00113450,301,147,154
E00113451,275,143,132
E00113426,264,133,131
E00113433,322,156,166
E00113444,306,159,147
E00113445,265,141,124
E00113453,377,185,192
E00113429,317,157,160
E00113436,322,162,160
E00113437,307,143,164
E00113439,309,156,153
E00113443,268,130,138
E00113434,355,183,172
E00113438,298,149,149
E00113440,335,190,145
E00113441,405,200,205
E00113442,320,163,157
E00113404,362,192,170
E00113413,319,160,159
E00113416,315,164,151
E00113418,290,131,159
E00113419,260,123,137
E00113401,319,157,162
E00113402,339,194,145
E00113412,347,161,186
E00113414,290,135,155
E00113415,283,156,127
E00113417,238,114,124
E00113403,272,106,166
E00113405,181,90,91
E00113407,164,66,98
E00113408,196,89,107
E00113409,402,163,239
E00113422,253,138,115
E00186479,177,87,90
E00186490,362,190,172
E00113410,351,172,179
E00113420,294,147,147
E00113421,371,198,173
E00113423,338,184,154
E00168942,204,94,110
E00168977,209,115,94
E00168978,275,134,141
E00168979,255,114,141
E00113427,281,146,135
E00113430,401,206,195
E00113431,423,211,212
E00113432,246,137,109
E00113452,320,163,157
E00113333,276,137,139
E00113334,239,127,112
E00113335,297,151,146
E00113336,291,156,135
E00113349,273,140,133
E00113332,336,169,167
E00113338,316,162,154
E00113339,369,185,184
E00113341,259,126,133
E00113343,263,133,130
E00113337,344,168,176
E00113340,371,179,192
E00113342,328,171,157
E00113345,311,161,150
E00113344,469,238,231
E00113346,468,233,235
E00113347,414,201,213
E00113348,283,142,141
E00113490,390,187,203
E00113491,346,159,187
E00113492,288,137,151
E00113493,450,230,220
E00113520,382,191,191
E00113596,147,64,83
E00186332,281,126,155
E00186381,131,79,52
E00186393,280,123,157
E00186415,343,176,167
E00186453,386,183,203
E00186470,202,131,71
E00113593,287,125,162
E00113594,221,118,103
E00113595,180,85,95
E00186356,223,120,103
E00186407,400,153,247
E00186457,194,89,105
E00168941,281,139,142
E00168943,574,289,285
E00168944,126,49,77
E00168945,309,166,143
E00186362,206,112,94
E00113603,210,93,117
E00113605,435,171,264
E00186353,110,50,60
E00186359,478,262,216
E00186442,282,149,133
E00113598,359,155,204
E00113601,454,176,278
E00113604,106,46,60
E00186357,270,110,160
E00186495,287,140,147
E00113590,286,146,140
E00168946,331,163,168
E00168947,288,155,133
E00168949,268,129,139
E00168950,222,120,102
E00186388,539,279,260
E00113300,294,145,149
E00113302,355,165,190
E00113305,300,147,153
E00113314,301,149,152
E00186348,305,151,154
E00186352,479,261,218
E00113298,359,164,195
E00113319,327,169,158
E00113322,353,164,189
E00113325,371,167,204
E00113326,357,170,187
E00113320,297,153,144
E00113321,322,160,162
E00113324,235,124,111
E00113327,264,144,120
E00113330,298,135,163
E00113299,407,189,218
E00113307,261,124,137
E00113308,335,165,170
E00113329,363,187,176
E00113331,474,237,237
E00113303,380,190,190
E00113310,351,184,167
E00113323,441,210,231
E00113328,385,191,194
E00113273,230,121,109
E00113274,334,173,161
E00113280,298,153,145
E00113282,321,162,159
E00113284,282,153,129
E00113375,284,150,134
E00113377,253,132,121
E00113393,313,164,149
E00113398,289,154,135
E00113399,262,138,124
E00113374,269,138,131
E00113376,241,136,105
E00113379,256,140,116
E00113382,302,148,154
E00113383,303,164,139
E00113400,370,204,166
E00113370,320,163,157
E00113378,275,143,132
E00113380,280,139,141
E00113384,267,145,122
E00113386,221,114,107
E00113392,314,163,151
E00113394,257,133,124
E00113395,266,132,134
E00113396,281,145,136
E00113397,294,147,147
E00113242,393,192,201
E00113261,320,162,158
E00113262,278,144,134
E00186382,323,160,163
E00186424,304,165,139
E00113247,240,117,123
E00113248,269,142,127
E00113258,335,174,161
E00113259,373,193,180
E00113264,249,130,119
E00113283,297,159,138
E00113285,272,143,129
E00113287,324,162,162
E00113290,317,158,159
E00168972,215,102,113
E00168973,329,167,162
E00168974,352,156,196
E00168975,285,154,131
E00168976,267,146,121
E00113279,368,174,194
E00113289,268,110,158
E00113291,268,138,130
E00113293,368,174,194
E00113272,294,149,145
E00113278,361,180,181
E00113286,383,189,194
E00113288,367,186,181
E00113292,355,175,180
E00113294,347,183,164
E00113295,344,173,171
E00186337,342,188,154
E00186368,333,162,171
E00113275,539,255,284
E00113276,436,222,214
E00113277,349,171,178
E00113296,339,169,170
E00113297,294,147,147
E00113304,240,116,124
E00113306,364,184,180
E00113311,411,205,206
E00113312,350,172,178
E00113315,246,137,109
E00113309,345,185,160
E00113313,519,266,253
E00113316,348,173,175
E00113317,269,135,134
E00113318,299,153,146
E00113454,399,201,198
E00113466,441,224,217
E00113471,602,317,285
E00113473,341,177,164
E00113495,271,139,132
E00113498,352,163,189
E00113499,378,186,192
E00113501,392,207,185
E00113505,303,156,147
E00113508,351,182,169
E00113509,379,208,171
E00113511,322,163,159
E00113512,322,174,148
E00113494,307,157,150
E00113496,332,164,168
E00113502,336,173,163
E00113504,380,199,181
E00113500,285,151,134
E00113507,247,141,106
E00113510,325,152,173
E00113518,315,158,157
E00113519,326,162,164
E00113489,275,126,149
E00113497,268,134,134
E00113503,318,152,166
E00113506,300,142,158
E00113517,329,165,164
E00113513,342,170,172
E00113514,343,166,177
E00113515,321,167,154
E00113516,335,176,159
E00113521,321,177,144
E00113525,278,143,135
E00113526,325,171,154
E00113529,332,181,151
E00113530,280,150,130
E00113523,210,112,98
E00113524,347,174,173
E00113527,247,117,130
E00113528,385,204,181
E00186406,117,64,53
E00186441,620,315,305
E00113245,305,165,140
E00113246,320,164,156
E00113254,200,108,92
E00113255,212,109,103
E00113256,243,117,126
E00113257,276,145,131
E00113249,328,151,177
E00113251,282,142,140
E00113252,259,143,116
E00113253,256,132,124
E00113270,320,159,161
E00113241,351,179,172
E00113263,294,146,148
E00113266,288,149,139
E00113267,327,166,161
E00113269,229,115,114
E00113243,267,141,126
E00113250,342,172,170
E00113260,382,186,196
E00113265,348,172,176
E00113268,362,192,170
E00113372,285,151,134
E00113381,292,152,140
E00113387,202,107,95
E00113389,333,162,171
E00113390,217,125,92
E00113371,300,153,147
E00113373,348,163,185
E00113385,311,154,157
E00113388,308,156,152
E00113391,275,134,141
E00113457,341,174,167
E00113460,251,137,114
E00113463,225,123,102
E00113486,242,137,105
E00113487,304,155,149
E00113488,262,131,131
E00113456,519,236,283
E00113458,264,140,124
E00113459,303,155,148
E00113461,303,149,154
E00113462,292,145,147
E00113464,280,144,136
E00113465,351,168,183
E00113467,427,203,224
E00113468,214,107,107
E00113469,362,170,192
E00113455,266,133,133
E00113470,289,161,128
E00113472,339,178,161
E00113478,252,141,111
E00113480,213,112,101
E00113477,339,167,172
E00113481,298,151,147
E00113482,294,151,143
E00113483,345,171,174
E00113485,368,188,180
E00113474,213,105,108
E00113475,237,117,120
E00113476,260,136,124
E00113479,280,145,135
E00113484,290,137,153
E00113574,408,219,189
E00113575,364,176,188
E00113576,314,155,159
E00113582,327,169,158
E00113577,401,206,195
E00113578,284,144,140
E00113580,305,147,158
E00113581,300,152,148
E00113584,264,132,132
E00113572,318,158,160
E00113573,444,224,220
E00113579,330,162,168
E00113583,328,164,164
E00113585,264,140,124
E00113571,232,120,112
E00113586,290,162,128
E00113587,256,131,125
E00113588,300,165,135
E00113589,441,233,208
E00113350,223,115,108
E00113356,328,182,146
E00113357,211,104,107
E00113360,261,134,127
E00113365,278,145,133
E00113354,256,139,117
E00113358,247,128,119
E00113359,246,126,120
E00113361,269,138,131
E00113362,263,136,127
E00113352,140,57,83
E00113363,393,194,199
E00113364,339,176,163
E00113368,369,193,176
E00113369,324,175,149
E00113351,365,190,175
E00113353,264,133,131
E00113355,268,141,127
E00113366,301,147,154
E00113367,324,168,156
E00113551,443,234,209
E00113558,410,199,211
E00113560,343,181,162
E00113561,262,130,132
E00113562,305,155,150
E00113552,278,141,137
E00113557,293,158,135
E00113567,308,164,144
E00113568,209,97,112
E00113570,276,142,134
E00113563,307,155,152
E00113564,243,134,109
E00113565,327,192,135
E00113569,226,114,112
E00168951,264,130,134
E00168956,259,124,135
E00168957,447,227,220
E00168958,420,211,209
E00113553,397,207,190
E00113554,320,161,159
E00113555,303,158,145
E00113556,427,217,210
E00113566,251,119,132
E00113534,356,178,178
E00113536,225,125,100
E00113539,272,139,133
E00113540,257,131,126
E00113541,342,172,170
E00113535,287,145,142
E00113537,115,63,52
E00113538,249,122,127
E00113543,241,131,110
E00113545,257,136,121
E00113531,277,141,136
E00113546,288,139,149
E00113547,236,112,124
E00113548,277,144,133
E00113549,246,143,103
E00168952,334,166,168
E00168953,329,170,159
E00168954,329,166,163
E00168955,287,149,138
E00168960,406,198,208
E00168961,349,179,170
E00168962,284,142,142
E00168963,273,129,144
E00168964,331,163,168
E00168970,304,144,160
E00168966,386,206,180
E00168969,269,136,133
E00168971,309,177,132
E00186329,377,203,174
E00186335,460,222,238
E00186477,354,192,162
E00186366,554,278,276
E00186371,219,112,107
E00186379,244,131,113
E00186414,552,287,265
E00186474,236,120,116
E00186496,329,168,161
E00113542,284,136,148
E00113544,271,132,139
E00113550,474,247,227
E00168959,292,147,145
E00186423,149,74,75
E00186334,453,232,221
E00186446,557,279,278
E00186458,379,187,192
E00186459,349,184,165
E00186489,177,98,79
E00113755,214,103,111
E00113759,263,130,133
E00113766,409,216,193
E00113767,394,209,185
E00113769,174,80,94
E00186375,392,199,193
E00186466,352,172,180
E00113756,199,87,112
E00113757,184,91,93
E00113758,269,141,128
E00113762,305,160,145
E00113763,279,145,134
E00113768,191,104,87
E00168982,526,259,267
E00168983,369,180,189
E00186405,159,76,83
E00186435,283,141,142
E00186497,411,205,206
E00113760,479,251,228
E00113764,152,76,76
E00113771,292,151,141
E00186345,244,130,114
E00186364,305,153,152
E00186417,353,184,169
E00113927,364,187,177
E00113928,211,99,112
E00113929,297,159,138
E00113930,295,153,142
E00113932,265,130,135
E00113933,340,176,164
E00168985,230,116,114
E00186349,541,274,267
E00186404,384,207,177
E00186418,273,139,134
E00186467,144,69,75
E00186491,621,303,318
E00113630,390,205,185
E00113631,284,137,147
E00113632,392,202,190
E00113633,271,136,135
E00113634,314,154,160
E00113635,318,169,149
E00113636,251,117,134
E00113822,263,133,130
E00113827,292,165,127
E00113828,186,94,92
E00113829,208,105,103
E00113831,255,140,115
E00113821,272,141,131
E00113823,412,214,198
E00113825,310,172,138
E00113830,351,184,167
E00113832,275,145,130
E00113819,499,260,239
E00113820,463,243,220
E00113824,320,167,153
E00113826,336,162,174
E00113741,448,225,223
E00113742,313,164,149
E00113743,457,231,226
E00113745,513,267,246
E00113746,343,183,160
E00186396,326,180,146
E00186445,382,206,176
E00113849,305,171,134
E00113850,395,191,204
E00113855,168,78,90
E00113859,342,169,173
E00113860,592,309,283
E00113848,530,261,269
E00113851,406,201,205
E00113852,360,180,180
E00113853,398,192,206
E00113854,348,179,169
E00113856,358,175,183
E00113857,464,234,230
E00113858,357,176,181
E00113638,315,163,152
E00113640,302,151,151
E00113643,428,211,217
E00113649,300,170,130
E00113654,333,164,169
E00113639,458,233,225
E00113641,450,236,214
E00113642,581,335,246
E00113644,455,217,238
E00186392,336,168,168
E00186456,236,118,118
E00113637,296,159,137
E00113648,427,217,210
E00113653,293,154,139
E00113655,304,168,136
E00113656,206,106,100
E00113657,371,187,184
E00113646,311,147,164
E00113647,359,165,194
E00113650,220,117,103
E00113651,344,175,169
E00113652,336,176,160
E00113747,306,160,146
E00113748,329,171,158
E00113749,196,99,97
E00113750,204,95,109
E00113751,213,91,122
E00113752,319,165,154
E00113753,286,145,141
E00113754,279,139,140
E00113813,277,144,133
E00113814,294,152,142
E00113815,289,140,149
E00113816,292,147,145
E00113817,294,140,154
E00113818,268,140,128
E00113881,542,262,280
E00113885,357,201,156
E00113886,314,157,157
E00113890,289,148,141
E00113891,451,224,227
E00113868,373,186,187
E00113871,199,102,97
E00113876,316,156,160
E00113880,280,142,138
E00113883,182,90,92
E00113869,308,157,151
E00113872,262,135,127
E00113873,300,156,144
E00113875,398,203,195
E00113878,224,116,108
E00113870,215,117,98
E00113874,457,224,233
E00113877,288,143,145
E00113879,343,188,155
E00113882,243,126,117
E00113884,269,135,134
E00113888,341,173,168
E00113889,461,213,248
E00186341,473,242,231
E00186389,179,84,95
E00113861,282,153,129
E00113862,310,151,159
E00113863,345,176,169
E00113864,258,127,131
E00113865,362,202,160
E00113866,242,126,116
E00113867,350,183,167
E00113913,289,147,142
E00113914,238,135,103
E00113915,305,164,141
E00113916,304,150,154
E00113917,324,170,154
E00113918,290,155,135
E00113919,428,216,212
E00113920,264,129,135
E00113921,346,178,168
E00113922,307,158,149
E00113923,332,170,162
E00113924,309,158,151
E00113925,218,131,87
E00113926,294,147,147
E00113940,322,159,163
E00113941,304,146,158
E00113942,524,269,255
E00113943,433,236,197
E00113944,350,168,182
E00113945,286,164,122
E00113946,245,117,128
E00113690,350,173,177
E00113691,350,187,163
E00186503,507,253,254
E00113687,229,114,115
E00113688,368,192,176
E00186331,311,122,189
E00186380,142,69,73
E00186494,218,111,107
E00113833,263,131,132
E00113834,278,147,131
E00113835,291,154,137
E00113846,257,144,113
E00113847,310,165,145
E00113836,278,146,132
E00113838,323,168,155
E00113840,293,147,146
E00113841,326,159,167
E00113845,300,152,148
E00113837,313,151,162
E00113839,316,159,157
E00113842,324,167,157
E00113843,270,149,121
E00113844,272,141,131
E00113906,371,189,182
E00113907,391,197,194
E00113908,269,134,135
E00113909,372,175,197
E00113910,307,154,153
E00113911,314,171,143
E00113912,300,152,148
E00113695,357,177,180
E00113696,305,156,149
E00113700,251,137,114
E00113701,433,227,206
E00113704,340,170,170
E00113697,270,148,122
E00113698,349,170,179
E00113699,317,159,158
E00113702,217,103,114
E00113705,216,106,110
E00113709,245,115,130
E00113692,394,205,189
E00113706,319,168,151
E00113710,339,170,169
E00113712,300,145,155
E00113693,343,179,164
E00113694,251,124,127
E00113703,348,181,167
E00113707,263,128,135
E00113708,274,149,125
E00113711,155,89,66
E00113715,462,244,218
E00113716,241,120,121
E00113718,212,104,108
E00113719,264,141,123
E00113720,158,73,85
E00113713,454,240,214
E00113714,374,199,175
E00113717,275,132,143
E00113895,341,185,156
E00113897,346,171,175
E00113900,280,157,123
E00113902,367,188,179
E00186338,231,119,112
E00186377,142,80,62
E00186450,402,202,200
E00113893,356,178,178
E00113894,296,158,138
E00113896,303,156,147
E00113898,300,157,143
E00113892,157,81,76
E00113899,324,167,157
E00113901,289,141,148
E00113904,319,171,148
E00113905,242,127,115
E00113608,327,173,154
E00113609,283,141,142
E00113610,300,162,138
E00113611,328,162,166
E00113612,336,179,157
E00113613,301,152,149
E00113614,280,142,138
E00113779,307,164,143
E00113781,307,144,163
E00113783,330,160,170
E00113788,362,202,160
E00113791,317,180,137
E00113785,314,171,143
E00113786,213,117,96
E00113787,390,208,182
E00113789,251,126,125
E00113790,331,183,148
E00113780,472,220,252
E00113782,306,164,142
E00113784,335,172,163
E00113792,286,154,132
E00113660,293,148,145
E00113661,272,142,130
E00113665,301,159,142
E00113667,359,192,167
E00113670,309,150,159
E00113663,275,146,129
E00113664,445,214,231
E00113666,288,149,139
E00113668,470,243,227
E00113658,230,132,98
E00113659,216,111,105
E00113662,229,109,120
E00113669,352,183,169
E00113671,172,90,82
E00113672,302,152,150
E00113677,317,156,161
E00113679,291,145,146
E00113681,219,114,105
E00113673,239,128,111
E00113674,337,165,172
E00113675,295,143,152
E00113683,589,300,289
E00113684,234,111,123
E00113685,350,171,179
E00113676,262,145,117
E00113678,280,135,145
E00113680,357,186,171
E00113682,237,127,110
E00113625,334,158,176
E00113626,163,83,80
E00113627,216,112,104
E00113628,519,271,248
E00113629,381,181,200
E00113615,279,138,141
E00113623,330,166,164
E00113624,346,171,175
E00168986,344,173,171
E00113616,206,111,95
E00113617,295,150,145
E00113618,279,139,140
E00113620,532,295,237
E00113621,317,159,158
E00113934,414,219,195
E00113935,328,164,164
E00113936,536,273,263
E00113937,265,131,134
E00113938,358,194,164
E00113939,124,61,63
E00113793,393,212,181
E00113794,439,222,217
E00113795,273,133,140
E00113800,292,150,142
E00113801,224,122,102
E00113802,280,145,135
E00113803,255,135,120
E00113806,310,167,143
E00113811,283,155,128
E00113812,417,221,196
E00113796,216,116,100
E00113797,355,178,177
E00113798,441,235,206
E00113804,206,106,100
E00113805,310,154,156
E00113799,445,227,218
E00113807,293,157,136
E00113808,465,235,230
E00113809,295,144,151
E00113810,302,147,155
E00113722,308,149,159
E00113723,422,218,204
E00113737,319,158,161
E00113740,523,255,268
E00186358,298,147,151
E00186370,460,235,225
E00186461,109,57,52
E00113725,387,193,194
E00113727,504,251,253
E00113728,253,133,120
E00113729,259,137,122
E00113730,286,145,141
E00113721,319,153,166
E00113724,247,139,108
E00113726,263,131,132
E00113731,252,128,124
E00113738,402,189,213
E00168980,317,161,156
E00168981,266,121,145
E00113732,324,173,151
E00113733,309,156,153
E00113734,365,175,190
E00113735,271,140,131
E00113772,310,162,148
E00113773,346,173,173
E00113774,322,163,159
E00113775,303,153,150
E00113776,245,123,122
E00113777,155,76,79
E00113778,538,274,264
E00113947,397,206,191
E00113948,442,229,213
E00113954,300,158,142
E00113955,402,205,197
E00113949,269,143,126
E00113952,317,166,151
E00113962,303,152,151
E00113964,365,187,178
E00113966,270,128,142
E00113950,310,171,139
E00113956,260,131,129
E00113958,286,146,140
E00113963,306,160,146
E00113965,320,161,159
E00113967,312,159,153
E00113951,288,142,146
E00113953,317,170,147
E00113957,153,78,75
E00113959,239,94,145
E00113960,309,157,152
E00113961,306,160,146
E00114145,289,140,149
E00114148,245,119,126
E00114150,283,143,140
E00114152,437,228,209
E00114153,556,285,271
E00114159,280,149,131
E00114146,313,166,147
E00114149,257,138,119
E00114156,286,146,140
E00114157,337,168,169
E00114158,264,124,140
E00114147,318,168,150
E00114151,329,156,173
E00114154,339,155,184
E00114155,326,163,163
E00114172,224,116,108
E00114173,267,130,137
E00114174,275,146,129
E00114175,267,137,130
E00114176,245,120,125
E00114177,255,127,128
E00114178,303,143,160
E00113968,412,207,205
E00113970,452,226,226
E00168987,314,155,159
E00168996,266,122,144
E00186413,432,226,206
E00186448,282,146,136
E00186493,236,126,110
E00113971,402,216,186
E00113973,533,263,270
E00168988,262,135,127
E00168991,278,139,139
E00168993,283,142,141
E00168994,226,119,107
E00168995,354,187,167
E00168997,352,177,175
E00168998,312,154,158
E00114180,318,154,164
E00114181,329,168,161
E00114191,281,149,132
E00186327,335,168,167
E00114179,196,115,81
E00114187,311,148,163
E00114188,336,172,164
E00114190,271,144,127
E00114192,239,117,122
E00114182,217,117,100
E00114183,244,125,119
E00114184,427,227,200
E00114186,287,140,147
E00114189,243,124,119
E00114194,277,141,136
E00114196,296,148,148
E00114197,281,144,137
E00114198,184,103,81
E00114199,215,114,101
E00114208,202,108,94
E00114195,280,144,136
E00114206,218,115,103
E00114207,210,118,92
E00114209,194,111,83
E00168989,192,105,87
E00168990,621,309,312
E00168992,178,90,88
E00114201,307,149,158
E00114202,241,108,133
E00114203,275,137,138
E00114204,284,158,126
E00114205,232,124,108
E00114210,106,49,57
E00114211,416,213,203
E00114212,454,211,243
E00114213,300,159,141
E00114214,391,201,190
E00114215,274,148,126
E00114138,213,108,105
E00114139,331,163,168
E00114140,263,137,126
E00114141,159,87,72
E00114142,189,103,86
E00114143,396,198,198
E00114144,490,255,235
E00114224,258,144,114
E00114229,254,138,116
E00114230,305,156,149
E00114232,184,106,78
E00114234,203,108,95
E00169005,223,118,105
E00114223,353,190,163
E00114228,279,138,141
E00114231,154,89,65
E00114233,295,162,133
E00114235,234,123,111
E00114236,250,144,106
E00114216,403,210,193
E00114217,460,244,216
E00114221,392,196,196
E00114237,309,157,152
E00114238,219,113,106
E00114219,322,168,154
E00114225,395,203,192
E00114227,249,141,108
E00186351,134,72,62
E00186428,439,233,206
E00186431,207,108,99
E00186487,536,272,264
E00114051,274,142,132
E00114053,590,303,287
E00114055,320,157,163
E00114057,258,127,131
E00114059,337,180,157
E00169006,330,167,163
E00114092,380,197,183
E00114094,268,138,130
E00114095,288,152,136
E00114107,160,79,81
E00114108,309,161,148
E00114109,148,72,76
E00114110,364,196,168
E00114111,250,135,115
E00114112,128,65,63
E00114113,147,72,75
E00114114,123,56,67
E00114125,428,213,215
E00114160,321,157,164
E00114161,498,252,246
E00114162,310,166,144
E00114163,242,124,118
E00186412,236,117,119
E00186434,621,326,295
E00186499,171,83,88
E00114097,538,275,263
E00114098,534,279,255
E00114099,218,102,116
E00114100,561,278,283
E00114101,111,62,49
E00169004,380,190,190
E00114093,321,162,159
E00114096,317,164,153
E00114102,542,288,254
E00114103,269,132,137
E00114104,222,106,116
E00114115,262,139,123
E00114117,251,130,121
E00114121,436,221,215
E00114122,325,152,173
E00114123,213,118,95
E00114116,289,138,151
E00114118,294,150,144
E00114119,227,104,123
E00114120,385,198,187
E00114124,440,211,229
E00114007,306,172,134
E00114011,297,151,146
E00114012,280,142,138
E00114014,331,166,165
E00114010,261,136,125
E00114013,271,137,134
E00114015,338,163,175
E00114018,274,131,143
E00114019,272,144,128
E00114006,295,155,140
E00114008,289,156,133
E00114009,286,142,144
E00114016,251,132,119
E00114017,270,140,130
E00114020,315,180,135
E00114021,330,160,170
E00114030,380,193,187
E00114031,350,198,152
E00114035,216,95,121
E00114040,316,152,164
E00114028,403,214,189
E00114029,295,154,141
E00114032,341,171,170
E00114033,256,121,135
E00114036,256,133,123
E00114034,267,138,129
E00114037,315,160,155
E00114038,312,164,148
E00114039,288,164,124
E00114041,289,158,131
E00114022,272,144,128
E00114023,212,104,108
E00114024,348,173,175
E00114025,299,151,148
E00114026,245,129,116
E00114027,271,147,124
E00114042,251,136,115
E00114131,611,244,367
E00114133,562,294,268
E00114134,322,168,154
E00114132,420,206,214
E00114136,349,181,168
E00114137,295,156,139
E00186347,316,175,141
E00186408,577,296,281
E00186409,172,99,73
E00186472,108,51,57
E00114165,311,159,152
E00114166,327,164,163
E00114167,239,124,115
E00114168,321,175,146
E00114169,260,140,120
E00114170,211,116,95
E00186372,136,78,58
E00186387,315,164,151
E00186485,464,235,229
E00113980,273,146,127
E00113981,152,84,68
E00113982,251,133,118
E00113983,210,106,104
E00186378,147,77,70
E00186436,534,272,262
E00186501,270,140,130
E00113976,213,104,109
E00113977,403,193,210
E00113978,218,103,115
E00113979,270,133,137
E00113984,350,183,167
E00113994,318,177,141
E00113996,183,85,98
E00113999,308,153,155
E00114002,286,150,136
E00114005,275,153,122
E00113989,330,160,170
E00113990,275,141,134
E00113991,248,132,116
E00113992,399,186,213
E00113995,303,150,153
E00186401,345,172,173
E00186471,311,159,152
E00113985,442,232,210
E00113997,259,130,129
E00113998,253,133,120
E00114000,371,187,184
E00114001,305,167,138
E00114126,445,224,221
E00114127,315,162,153
E00114128,258,131,127
E00114129,290,139,151
E00186360,221,110,111
E00186343,582,291,291
E00186354,161,84,77
E00186399,366,186,180
E00186444,497,255,242
E00186454,134,67,67
E00186333,435,214,221
E00186402,436,244,192
E00186452,244,133,111
E00186460,241,119,122
E00113987,301,164,137
E00113988,415,205,210
E00114003,320,159,161
E00114004,313,162,151
E00186397,329,170,159
E00186398,382,213,169
E00114077,574,308,266
E00114080,320,176,144
E00114085,323,159,164
E00114090,240,123,117
E00114078,261,129,132
E00114081,236,127,109
E00114082,240,112,128
E00114083,291,154,137
E00114084,254,127,127
E00114079,219,122,97
E00114086,289,147,142
E00114087,251,134,117
E00114089,298,145,153
E00114091,219,110,109
E00186350,418,213,205
E00186373,536,280,256
E00186403,142,66,76
E00186429,282,160,122
E00169000,206,109,97
E00186416,222,128,94
E00186425,354,189,165
E00186449,318,167,151
E00186486,508,254,254
E00186339,124,60,64
E00186340,560,299,261
E00186363,275,135,140
E00186391,256,132,124
E00114043,300,153,147
E00114044,293,151,142
E00114045,264,132,132
E00114046,261,130,131
E00114047,324,165,159
E00114048,298,162,136
E00114049,242,123,119
E00114054,273,141,132
E00114058,291,151,140
E00114060,183,114,69
E00114061,297,153,144
E00114062,311,165,146
E00169002,327,174,153
E00169003,280,148,132
E00114066,311,171,140
E00114075,272,133,139
E00186355,321,163,158
E00186437,274,151,123
E00114065,207,120,87
E00114067,304,156,148
E00114074,187,105,82
E00114076,255,131,124
E00169001,274,136,138
E00114063,305,168,137
E00114068,290,157,133
E00114069,257,131,126
E00114070,274,149,125
E00114071,339,180,159
E00147806,171,88,83
E00147810,271,156,115
E00147811,304,154,150
E00147812,495,264,231
E00147813,213,105,108
E00147805,376,192,184
E00147807,302,159,143
E00147808,323,175,148
E00147809,314,159,155
E00147907,283,146,137
E00147909,453,222,231
E00147913,307,152,155
E00147915,367,200,167
E00147955,153,72,81
E00147956,287,145,142
E00147957,341,182,159
E00147958,314,156,158
E00147959,273,144,129
E00147960,280,136,144
E00147961,439,221,218
E00147962,279,129,150
E00147981,353,190,163
E00147982,312,155,157
E00147983,410,207,203
E00147984,136,70,66
E00147985,289,140,149
E00147986,408,220,188
E00147987,307,153,154
E00147814,333,159,174
E00147815,429,212,217
E00147816,343,175,168
E00147817,414,198,216
E00147818,320,168,152
E00147819,447,222,225
E00147820,359,180,179
E00147822,285,140,145
E00147825,266,137,129
E00147826,462,237,225
E00148048,290,147,143
E00148049,308,162,146
E00148051,331,173,158
E00165857,123,50,73
E00165862,387,161,226
E00147821,133,71,62
E00147823,304,152,152
E00147824,250,124,126
E00147827,310,159,151
E00148045,316,156,160
E00148046,352,175,177
E00148047,292,150,142
E00148052,127,67,60
E00147836,273,138,135
E00147837,369,195,174
E00147840,262,134,128
E00147841,290,151,139
E00147842,325,152,173
E00147843,315,165,150
E00147839,468,243,225
E00147844,308,159,149
E00147845,280,145,135
E00147846,277,145,132
E00147847,299,151,148
E00147853,320,170,150
E00147856,239,127,112
E00147859,278,151,127
E00147861,213,118,95
E00147852,299,153,146
E00147854,249,126,123
E00147855,271,142,129
E00147864,280,144,136
E00147865,302,156,146
E00147857,249,136,113
E00147858,267,141,126
E00147860,262,139,123
E00147862,253,133,120
E00147863,268,140,128
E00147873,413,207,206
E00147874,332,168,164
E00147875,473,240,233
E00147877,345,167,178
E00147882,302,163,139
E00147889,322,165,157
E00147892,246,123,123
E00147897,275,145,130
E00147898,341,174,167
E00147899,323,185,138
E00186579,430,212,218
E00186649,104,67,37
E00147901,272,130,142
E00147902,454,239,215
E00147904,266,150,116
E00147905,272,149,123
E00147916,242,118,124
E00147903,323,169,154
E00147906,345,175,170
E00147917,431,222,209
E00165863,109,58,51
E00165865,312,155,157
E00165868,206,113,93
E00147908,294,153,141
E00147910,355,195,160
E00147912,422,252,170
E00165856,284,145,139
E00165864,291,150,141
E00147948,261,137,124
E00147949,262,132,130
E00147950,290,148,142
E00147951,343,180,163
E00147952,211,113,98
E00147953,247,129,118
E00147954,472,258,214
E00148002,343,166,177
E00148003,330,169,161
E00148004,348,173,175
E00148005,345,189,156
E00148006,263,133,130
E00148007,377,198,179
E00148124,239,134,105
E00148125,323,184,139
E00148127,485,256,229
E00148128,304,158,146
E00148008,341,173,168
E00148009,323,163,160
E00148010,307,154,153
E00186600,288,150,138
E00186658,411,232,179
E00148012,268,133,135
E00148013,357,180,177
E00148014,480,255,225
E00186618,260,145,115
E00147779,301,155,146
E00147780,319,165,154
E00147781,418,220,198
E00147782,340,171,169
E00147783,347,177,170
E00147784,155,72,83
E00147785,261,131,130
E00147786,284,154,130
E00147973,336,167,169
E00147974,234,117,117
E00147975,228,119,109
E00147976,386,204,182
E00147977,398,179,219
E00147978,249,123,126
E00147979,161,90,71
E00147980,342,183,159
E00148015,260,129,131
E00148021,302,152,150
E00148022,447,235,212
E00148026,164,81,83
E00148029,331,177,154
E00148119,325,170,155
E00148120,296,171,125
E00148122,318,170,148
E00148123,236,118,118
E00148129,308,170,138
E00147838,423,223,200
E00147848,271,149,122
E00147849,349,178,171
E00147850,367,183,184
E00147851,275,135,140
E00147867,261,129,132
E00147868,272,133,139
E00147879,282,158,124
E00147880,295,145,150
E00147881,299,155,144
E00147866,463,247,216
E00147869,274,136,138
E00147870,587,293,294
E00147883,304,163,141
E00147886,294,144,150
E00147888,270,138,132
E00147890,257,142,115
E00147891,329,182,147
E00147900,391,201,190
E00147884,276,142,134
E00147885,260,125,135
E00147893,233,119,114
E00147894,271,137,134
E00147895,280,154,126
E00147896,314,160,154
E00147872,380,212,168
E00147876,316,172,144
E00186593,396,201,195
E00186594,272,149,123
E00147878,403,201,202
E00186527,176,80,96
E00186599,252,133,119
E00186622,539,280,259
E00186648,518,269,249
E00148095,265,147,118
E00148096,293,162,131
E00148097,289,140,149
E00148098,240,130,110
E00148099,290,152,138
E00148100,212,116,96
E00148101,256,137,119
E00148105,251,126,125
E00148107,225,124,101
E00148108,250,139,111
E00148109,262,137,125
E00148110,255,132,123
E00148116,226,110,116
E00148106,248,125,123
E00148111,288,136,152
E00148113,260,134,126
E00148115,279,144,135
E00186582,208,102,106
E00186641,443,221,222
E00148103,274,133,141
E00148112,219,131,88
E00148114,271,152,119
E00186525,113,55,58
E00186602,104,62,42
E00186620,350,184,166
E00186629,360,187,173
E00186635,251,123,128
E00148118,304,169,135
E00148121,221,117,104
E00148126,303,154,149
E00148130,291,163,128
E00148131,216,104,112
E00148017,338,168,170
E00148018,334,142,192
E00148019,272,130,142
E00148027,287,121,166
E00148028,299,154,145
E00148016,283,144,139
E00148020,456,233,223
E00148023,251,120,131
E00148024,419,213,206
E00165858,256,130,126
E00165859,318,162,156
E00165860,327,188,139
E00165861,281,141,140
E00148036,325,161,164
E00148038,293,153,140
E00148039,282,136,146
E00148040,311,154,157
E00148042,328,174,154
E00148035,268,133,135
E00148037,272,139,133
E00148041,357,174,183
E00148043,413,214,199
E00148044,417,218,199
E00148030,490,257,233
E00148031,307,162,145
E00148032,249,124,125
E00148033,274,142,132
E00148034,384,202,182
E00147797,307,149,158
E00147800,236,124,112
E00147801,326,165,161
E00147802,420,212,208
E00147803,241,119,122
E00147796,322,174,148
E00147798,283,133,150
E00147799,311,149,162
E00147804,332,172,160
E00147829,210,108,102
E00147830,313,156,157
E00147832,356,183,173
E00186581,275,150,125
E00186652,415,207,208
E00147828,325,169,156
E00147833,268,136,132
E00147834,309,143,166
E00147835,219,104,115
E00147988,414,211,203
E00147989,257,140,117
E00147990,258,141,117
E00147991,341,174,167
E00147992,145,76,69
E00147993,489,251,238
E00147994,419,211,208
E00147920,239,124,115
E00147922,280,138,142
E00147923,370,184,186
E00147924,258,137,121
E00147926,209,101,108
E00147936,241,124,117
E00147937,241,126,115
E00147938,216,115,101
E00147939,336,176,160
E00147940,270,145,125
E00147941,321,166,155
E00186533,180,91,89
E00186592,417,208,209
E00186643,450,244,206
E00147942,221,114,107
E00147943,274,137,137
E00147944,220,112,108
E00147945,212,118,94
E00147946,232,113,119
E00147947,273,135,138
E00147927,237,130,107
E00147928,449,219,230
E00147929,247,142,105
E00147930,254,134,120
E00147931,231,129,102
E00147932,304,166,138
E00147933,230,122,108
E00147934,228,122,106
E00147918,260,133,127
E00147919,401,233,168
E00147921,357,185,172
E00147925,318,169,149
E00147963,228,115,113
E00147964,430,222,208
E00147965,253,133,120
E00147966,307,163,144
E00147967,463,241,222
E00147968,308,155,153
E00147969,332,167,165
E00147970,275,133,142
E00147971,232,119,113
E00147972,128,62,66
E00148071,353,172,181
E00148073,363,190,173
E00148077,316,164,152
E00165866,958,398,560
E00165870,215,110,105
E00148082,282,138,144
E00148083,425,232,193
E00148084,256,132,124
E00148085,373,195,178
E00148086,291,143,148
E00148087,363,188,175
E00148088,301,154,147
E00147787,317,163,154
E00147788,380,198,182
E00147789,376,187,189
E00147790,115,59,56
E00147791,321,168,153
E00147792,171,96,75
E00147793,269,152,117
E00147794,334,171,163
E00147795,359,180,179
E00147995,302,156,146
E00147996,276,146,130
E00147997,332,159,173
E00147998,403,195,208
E00147999,397,208,189
E00148000,304,158,146
E00148001,176,80,96
E00148089,335,164,171
E00148090,392,215,177
E00148091,343,167,176
E00148092,209,116,93
E00148093,531,262,269
E00148094,293,143,150
E00148054,376,183,193
E00148057,298,145,153
E00148067,469,241,228
E00165867,217,118,99
E00165869,337,168,169
E00186570,268,138,130
E00186587,219,131,88
E00186619,331,167,164
E00148055,292,146,146
E00148061,165,78,87
E00148063,404,216,188
E00148065,328,177,151
E00148066,273,136,137
E00148053,334,160,174
E00148056,223,119,104
E00148058,280,149,131
E00148059,248,131,117
E00148060,239,128,111
E00148062,260,128,132
E00148069,330,163,167
E00148074,431,227,204
E00148075,241,122,119
E00148081,244,129,115
E00148072,298,143,155
E00148076,282,156,126
E00148078,296,148,148
E00148079,254,126,128
E00148080,276,153,123
E00148132,279,134,145
E00148133,185,90,95
E00148134,297,150,147
E00148135,382,208,174
E00148136,279,144,135
E00148137,289,145,144
E00148138,287,146,141
E00148351,318,169,149
E00148352,290,145,145
E00148357,326,159,167
E00148359,308,156,152
E00148363,296,153,143
E00148348,242,125,117
E00148358,307,148,159
E00148361,363,191,172
E00148362,226,120,106
E00148364,217,129,88
E00148365,245,131,114
E00148350,424,218,206
E00148354,355,177,178
E00148366,343,165,178
E00148367,353,180,173
E00148368,408,212,196
E00148349,536,264,272
E00148355,450,232,218
E00148356,288,143,145
E00148360,294,143,151
E00186637,182,87,95
E00186654,596,310,286
E00148152,338,166,172
E00148153,334,171,163
E00148154,394,203,191
E00148155,338,187,151
E00148156,332,160,172
E00148157,322,162,160
E00148158,271,137,134
E00148283,325,168,157
E00148284,319,166,153
E00148285,324,178,146
E00148286,231,120,111
E00148287,411,224,187
E00148279,263,130,133
E00148289,246,130,116
E00148293,294,152,142
E00148294,277,143,134
E00148295,242,130,112
E00148296,255,126,129
E00148145,362,182,180
E00148146,350,184,166
E00148147,290,142,148
E00148148,359,174,185
E00148149,218,114,104
E00148150,350,180,170
E00148151,319,149,170
E00148424,283,155,128
E00148425,336,170,166
E00148426,319,155,164
E00148427,317,162,155
E00148429,514,240,274
E00148428,204,112,92
E00165959,331,154,177
E00165982,435,220,215
E00165993,554,296,258
E00148139,554,284,270
E00148140,390,195,195
E00148141,333,176,157
E00148142,290,146,144
E00148143,326,159,167
E00148144,333,165,168
E00148469,373,184,189
E00148474,345,182,163
E00148475,364,180,184
E00148477,292,149,143
E00148478,349,169,180
E00148470,440,223,217
E00148471,337,158,179
E00148472,241,124,117
E00148473,277,142,135
E00148476,274,150,124
E00148465,372,192,180
E00148466,360,179,181
E00148467,342,184,158
E00148468,323,158,165
E00148278,349,197,152
E00148288,294,151,143
E00148290,286,150,136
E00148291,274,138,136
E00148298,262,146,116
E00148280,209,95,114
E00148281,270,143,127
E00148282,335,160,175
E00148292,267,144,123
E00148297,253,122,131
E00148299,233,114,119
E00148300,266,146,120
E00148302,241,123,118
E00148313,315,154,161
E00148315,247,133,114
E00148316,328,163,165
E00148320,280,164,116
E00148308,261,139,122
E00148310,279,147,132
E00148311,254,136,118
E00148312,173,89,84
E00148318,237,134,103
E00148321,406,205,201
E00148304,262,131,131
E00148305,304,150,154
E00148306,377,191,186
E00148307,233,124,109
E00148309,284,155,129
E00148301,312,164,148
E00148303,437,231,206
E00148314,385,193,192
E00148317,276,146,130
E00148319,310,161,149
E00148375,487,234,253
E00148379,328,152,176
E00148380,412,213,199
E00148381,466,219,247
E00186544,413,210,203
E00186562,170,88,82
E00148378,356,192,164
E00148389,330,163,167
E00148391,329,166,163
E00148394,288,161,127
E00148395,253,135,118
E00148376,226,120,106
E00148377,204,108,96
E00148382,258,128,130
E00148383,210,109,101
E00148385,338,176,162
E00148384,584,293,291
E00148386,245,134,111
E00148387,224,117,107
E00148388,249,117,132
E00148390,278,147,131
E00148392,505,277,228
E00148400,224,112,112
E00148401,263,128,135
E00148402,146,74,72
E00148403,304,158,146
E00148404,192,100,92
E00148406,278,133,145
E00148409,271,140,131
E00148396,401,203,198
E00148397,238,119,119
E00148398,478,219,259
E00148399,244,124,120
E00148405,235,126,109
E00148407,330,160,170
E00148408,315,153,162
E00148450,579,299,280
E00148451,264,135,129
E00148452,327,165,162
E00148453,285,144,141
E00148454,285,153,132
E00148455,265,132,133
E00148456,261,137,124
E00148487,273,146,127
E00148488,305,153,152
E00148489,313,160,153
E00148490,308,163,145
E00148491,342,182,160
E00148492,491,255,236
E00148493,293,171,122
E00148332,271,133,138
E00148339,257,123,134
E00148340,220,115,105
E00148341,139,69,70
E00148342,183,92,91
E00148347,172,87,85
E00148324,307,155,152
E00148325,290,89,201
E00148327,268,133,135
E00148328,323,164,159
E00148345,359,184,175
E00148323,271,144,127
E00148326,273,145,128
E00148329,255,129,126
E00148330,329,157,172
E00148334,267,147,120
E00148335,237,127,110
E00148336,470,240,230
E00148337,255,137,118
E00148338,253,129,124
E00148343,343,179,164
E00148322,235,111,124
E00148331,259,141,118
E00148333,205,90,115
E00148344,331,174,157
E00148346,361,181,180
E00148159,288,140,148
E00148163,248,125,123
E00148168,238,108,130
E00148170,351,193,158
E00148173,179,88,91
E00148174,221,107,114
E00148192,329,166,163
E00148193,339,162,177
E00148194,469,228,241
E00148195,299,140,159
E00148196,288,131,157
E00148240,356,193,163
E00148246,300,156,144
E00148247,314,160,154
E00148248,395,198,197
E00148249,286,147,139
E00148250,278,155,123
E00148251,379,195,184
E00148252,280,134,146
E00148254,322,160,162
E00148256,298,145,153
E00148242,332,178,154
E00148243,356,169,187
E00148244,307,142,165
E00148245,413,190,223
E00148184,335,165,170
E00148188,416,207,209
E00148189,217,94,123
E00148190,289,137,152
E00186616,188,106,82
E00186646,506,236,270
E00148182,399,183,216
E00148183,413,188,225
E00148185,308,138,170
E00148186,343,152,191
E00148187,361,156,205
E00148267,290,137,153
E00148269,357,174,183
E00148270,350,172,178
E00148273,270,133,137
E00148274,215,114,101
E00165971,273,146,127
E00165977,427,187,240
E00148263,297,165,132
E00148272,409,209,200
E00148275,517,257,260
E00148277,358,174,184
E00165979,290,132,158
E00165980,249,117,132
E00165987,321,157,164
E00148262,264,133,131
E00148265,271,127,144
E00148266,272,122,150
E00148276,173,81,92
E00186538,159,57,102
E00186557,181,88,93
E00186566,202,106,96
E00186567,268,104,164
E00186634,191,83,108
E00186645,193,82,111
E00148161,235,114,121
E00148162,281,147,134
E00148165,297,150,147
E00148166,239,123,116
E00148167,252,123,129
E00148179,234,121,113
E00148164,294,139,155
E00148169,314,155,159
E00148171,321,167,154
E00148172,292,140,152
E00148175,205,107,98
E00148241,245,120,125
E00148253,302,152,150
E00148255,290,135,155
E00148257,376,186,190
E00148258,283,140,143
E00148259,290,147,143
E00148260,263,137,126
E00186565,552,287,265
E00186578,376,215,161
E00186580,117,66,51
E00186588,229,120,109
E00186547,136,67,69
E00186549,418,201,217
E00186613,349,173,176
E00186627,522,255,267
E00148160,275,132,143
E00148176,225,107,118
E00148177,247,128,119
E00148178,249,128,121
E00148180,118,59,59
E00148220,590,298,292
E00148221,513,258,255
E00148222,398,204,194
E00148224,253,137,116
E00148225,191,99,92
E00148223,295,148,147
E00148231,376,191,185
E00148235,284,144,140
E00148238,261,127,134
E00148239,276,145,131
E00148219,299,151,148
E00148226,291,153,138
E00148229,389,185,204
E00148234,270,141,129
E00186543,552,301,251
E00186551,198,99,99
E00165969,197,87,110
E00165972,303,157,146
E00165974,365,194,171
E00165984,276,136,140
E00165995,270,137,133
E00148457,497,243,254
E00148458,197,108,89
E00148463,165,78,87
E00165986,333,165,168
E00165992,295,150,145
E00148459,333,158,175
E00148461,262,136,126
E00148462,429,216,213
E00148464,217,111,106
E00148369,276,139,137
E00148370,292,141,151
E00148371,330,160,170
E00148372,275,138,137
E00148373,417,218,199
E00148374,444,230,214
E00148411,447,237,210
E00148416,394,192,202
E00148417,262,132,130
E00186545,129,70,59
E00186556,456,223,233
E00148419,352,167,185
E00148420,314,166,148
E00148421,211,107,104
E00148422,359,186,173
E00148423,229,116,113
E00148412,342,184,158
E00148413,379,193,186
E00148414,326,167,159
E00148415,360,181,179
E00148418,143,67,76
E00148479,400,204,196
E00148480,260,136,124
E00148481,284,147,137
E00148486,373,199,174
E00148482,345,175,170
E00148483,327,174,153
E00148484,253,124,129
E00148485,388,199,189
E00148201,292,161,131
E00148202,256,127,129
E00148215,297,156,141
E00148216,371,203,168
E00148218,286,144,142
E00148203,316,130,186
E00148204,214,95,119
E00148208,285,124,161
E00148209,327,163,164
E00186528,467,246,221
E00186614,117,50,67
E00148197,337,165,172
E00148205,322,158,164
E00148212,333,192,141
E00148213,388,188,200
E00148207,360,166,194
E00148211,379,182,197
E00148214,379,194,185
E00148217,409,205,204
E00148227,247,119,128
E00148228,279,153,126
E00148230,197,98,99
E00148232,318,162,156
E00148233,258,128,130
E00148236,392,187,205
E00148198,321,167,154
E00148199,264,140,124
E00148200,264,138,126
E00148210,281,135,146
E00148432,302,167,135
E00148435,286,145,141
E00148436,359,181,178
E00148437,271,129,142
E00148442,300,156,144
E00148433,291,145,146
E00148438,253,137,116
E00148441,280,142,138
E00148443,296,159,137
E00148444,251,124,127
E00148431,322,160,162
E00148440,246,117,129
E00148446,371,181,190
E00148447,298,152,146
E00186548,493,250,243
E00186583,347,171,176
E00186598,273,133,140
E00186601,124,57,67
E00186610,506,253,253
E00165964,300,145,155
E00165991,314,158,156
E00186558,387,207,180
E00186612,145,69,76
E00186639,266,135,131
E00165975,480,269,211
E00186534,620,311,309
E00186550,485,246,239
E00186572,116,56,60
E00148434,328,159,169
E00148439,289,151,138
E00148449,164,81,83
E00165988,279,144,135
E00186569,270,133,137
E00186589,224,118,106
E00148523,225,123,102
E00148526,289,150,139
E00148528,394,192,202
E00148529,305,167,138
E00148531,243,144,99
E00148522,443,230,213
E00148524,100,50,50
E00148525,287,152,135
E00148527,231,126,105
E00148530,358,186,172
E00148846,125,60,65
E00148847,438,230,208
E00148848,457,238,219
E00148849,195,103,92
E00148850,314,166,148
E00148851,272,158,114
E00148852,125,65,60
E00148853,208,104,104
E00148854,172,88,84
E00148855,166,78,88
E00148572,253,133,120
E00148578,138,68,70
E00148582,198,103,95
E00148583,228,122,106
E00148584,324,175,149
E00148585,359,185,174
E00148586,329,160,169
E00148587,175,93,82
E00148588,326,166,160
E00148589,107,57,50
E00148570,265,146,119
E00148574,233,126,107
E00148576,248,131,117
E00148579,333,174,159
E00148580,278,161,117
E00148581,336,178,158
E00148568,201,108,93
E00148569,460,232,228
E00148571,249,130,119
E00148573,306,160,146
E00148575,274,152,122
E00148577,264,154,110
E00148796,324,166,158
E00148797,285,154,131
E00148801,301,156,145
E00148802,409,222,187
E00148803,505,283,222
E00148798,350,173,177
E00148799,352,187,165
E00148800,307,151,156
E00148804,366,192,174
E00148864,388,189,199
E00148865,365,185,180
E00148880,340,188,152
E00148881,282,152,130
E00186568,384,195,189
E00186584,335,178,157
E00148868,267,140,127
E00148870,273,148,125
E00148872,299,158,141
E00148874,286,143,143
E00148875,388,208,180
E00148877,274,143,131
E00186552,568,296,272
E00186650,151,83,68
E00148867,229,115,114
E00148869,287,152,135
E00148871,269,160,109
E00148873,284,157,127
E00148878,291,158,133
E00148879,278,136,142
E00148751,508,271,237
E00148756,251,127,124
E00148757,253,131,122
E00148758,233,140,93
E00148759,342,174,168
E00148750,391,185,206
E00148752,471,254,217
E00148753,291,148,143
E00148754,314,168,146
E00148755,317,157,160
E00148856,415,205,210
E00148857,450,240,210
E00148858,481,248,233
E00148859,352,168,184
E00148860,354,183,171
E00148861,268,130,138
E00148862,233,122,111
E00148863,353,183,170
E00148508,309,175,134
E00148509,285,146,139
E00148510,130,71,59
E00148511,198,101,97
E00148517,260,124,136
E00148518,265,143,122
E00148520,111,64,47
E00148521,236,115,121
E00148885,244,125,119
E00148889,313,152,161
E00148890,326,186,140
E00148891,330,161,169
E00186576,458,227,231
E00186606,279,144,135
E00186638,330,169,161
E00148882,356,185,171
E00148883,287,152,135
E00148887,337,178,159
E00148888,294,150,144
E00186560,484,235,249
E00186596,138,66,72
E00186632,272,134,138
E00148886,428,202,226
E00148893,349,163,186
E00148894,391,203,188
E00148895,278,155,123
E00148896,298,152,146
E00148897,376,189,187
E00148560,285,161,124
E00148561,373,180,193
E00148562,284,149,135
E00148564,170,85,85
E00148565,559,282,277
E00148558,320,156,164
E00148559,198,94,104
E00148563,236,119,117
E00148566,240,126,114
E00148567,210,107,103
E00148740,382,189,193
E00148741,259,124,135
E00148742,257,136,121
E00148743,342,155,187
E00148739,279,141,138
E00148744,233,120,113
E00148745,309,157,152
E00148746,323,155,168
E00148747,305,146,159
E00148748,194,95,99
E00166001,998,148,850
E00166005,166,85,81
E00148680,398,209,189
E00148682,213,115,98
E00148683,127,63,64
E00148686,253,129,124
E00166020,207,100,107
E00148678,339,172,167
E00148679,258,139,119
E00148681,270,147,123
E00148687,282,149,133
E00148688,362,184,178
E00148726,152,76,76
E00148727,339,168,171
E00148731,351,182,169
E00148732,237,110,127
E00148733,364,180,184
E00148734,118,64,54
E00148735,212,108,104
E00148728,240,121,119
E00148729,157,77,80
E00148730,208,102,106
E00148736,156,76,80
E00148737,278,141,137
E00148738,247,130,117
E00148512,372,189,183
E00148513,328,167,161
E00148514,462,238,224
E00148515,355,167,188
E00148516,389,198,191
E00148503,329,162,167
E00148504,344,180,164
E00148505,308,152,156
E00148506,379,202,177
E00148507,296,146,150
E00148519,314,158,156
E00148778,358,179,179
E00148780,395,205,190
E00148782,387,189,198
E00148784,307,161,146
E00148786,292,146,146
E00148779,474,244,230
E00148781,358,188,170
E00148783,332,179,153
E00148785,301,148,153
E00148764,299,145,154
E00148766,283,150,133
E00148771,382,205,177
E00148777,241,127,114
E00148760,333,170,163
E00148761,286,150,136
E00148762,314,159,155
E00148763,289,151,138
E00148767,249,130,119
E00148773,270,142,128
E00148774,326,176,150
E00148775,342,188,154
E00148776,284,143,141
E00148765,371,196,175
E00148768,389,201,188
E00148769,246,127,119
E00148770,316,173,143
E00148772,387,207,180
E00148550,427,225,202
E00148551,366,186,180
E00148552,325,159,166
E00148553,316,168,148
E00148554,323,154,169
E00148555,194,103,91
E00148556,116,63,53
E00148557,129,64,65
E00148821,260,130,130
E00148827,321,162,159
E00148832,421,228,193
E00148835,278,150,128
E00148837,317,157,160
E00148822,395,209,186
E00148823,126,63,63
E00148824,239,123,116
E00148825,266,135,131
E00148826,244,134,110
E00148836,313,169,144
E00148828,270,146,124
E00148829,363,204,159
E00148830,550,307,243
E00148831,389,203,186
E00148833,239,132,107
E00148834,276,141,135
E00148933,343,186,157
E00148937,234,119,115
E00148940,254,129,125
E00148941,299,134,165
E00148957,349,188,161
E00149009,221,116,105
E00149024,253,130,123
E00149025,312,154,158
E00149028,307,147,160
E00149031,276,142,134
E00149011,214,111,103
E00149013,310,167,143
E00149023,272,139,133
E00149027,262,128,134
E00149033,268,135,133
E00149010,226,128,98
E00149016,266,129,137
E00149029,329,168,161
E00149030,247,121,126
E00149032,303,174,129
E00186532,145,79,66
E00186530,153,75,78
E00186537,400,200,200
E00186571,320,155,165
E00186591,314,166,148
E00186609,357,179,178
E00186633,509,249,260
E00148987,288,152,136
E00148997,303,161,142
E00149000,289,148,141
E00149001,352,180,172
E00149003,325,157,168
E00148986,282,146,136
E00148991,386,201,185
E00148995,334,174,160
E00148996,313,152,161
E00149014,341,167,174
E00149018,314,148,166
E00149020,296,149,147
E00186559,145,72,73
E00186564,347,178,169
E00186585,333,163,170
E00148539,338,163,175
E00165997,310,152,158
E00166004,306,155,151
E00166006,343,164,179
E00166007,349,163,186
E00148534,388,202,186
E00166008,362,189,173
E00186574,130,59,71
E00186656,548,275,273
E00148535,268,130,138
E00148537,426,217,209
E00148542,294,151,143
E00166002,277,152,125
E00166003,293,147,146
E00148533,221,112,109
E00148538,237,118,119
E00148540,262,127,135
E00148543,350,189,161
E00148544,226,119,107
E00148545,208,109,99
E00148990,326,172,154
E00148998,324,181,143
E00148999,338,178,160
E00149002,283,152,131
E00149005,327,164,163
E00149012,262,141,121
E00149015,270,152,118
E00149017,280,142,138
E00149019,286,142,144
E00149021,253,132,121
E00148908,267,133,134
E00148912,352,173,179
E00148919,290,148,142
E00148921,336,177,159
E00148925,238,115,123
E00148911,370,183,187
E00148915,448,237,211
E00148916,276,154,122
E00148917,330,159,171
E00148918,334,159,175
E00148907,329,179,150
E00148909,170,69,101
E00148910,252,131,121
E00148913,271,141,130
E00148914,377,193,184
E00148935,286,138,148
E00148936,336,180,156
E00148938,321,159,162
E00148939,331,182,149
E00148944,227,115,112
E00148934,384,209,175
E00148953,249,131,118
E00148954,364,183,181
E00148955,255,133,122
E00148956,476,263,213
E00148920,345,176,169
E00148922,286,135,151
E00148923,272,139,133
E00148924,327,147,180
E00148926,353,195,158
E00148945,320,166,154
E00148949,301,130,171
E00148950,411,219,192
E00148952,380,185,195
E00186553,116,62,54
E00186630,268,110,158
E00148942,338,165,173
E00148943,355,187,168
E00148946,290,151,139
E00148947,252,128,124
E00148948,370,178,192
E00148927,205,89,116
E00148930,515,232,283
E00186526,211,114,97
E00186611,185,89,96
E00148931,337,151,186
E00148932,262,131,131
E00186554,257,108,149
E00186640,265,128,137
E00148962,290,143,147
E00148963,495,274,221
E00148967,369,187,182
E00148968,456,250,206
E00148970,288,138,150
E00148982,287,150,137
E00148964,477,245,232
E00148965,293,147,146
E00148983,343,166,177
E00148984,278,143,135
E00165998,310,163,147
E00165999,261,132,129
E00166000,269,131,138
E00148985,286,148,138
E00148988,246,125,121
E00148993,382,210,172
E00148994,228,117,111
E00149008,295,152,143
E00148989,207,99,108
E00148992,316,162,154
E00149004,280,149,131
E00149006,260,146,114
E00149007,281,151,130
E00148691,271,139,132
E00148692,289,155,134
E00148693,286,144,142
E00148697,241,128,113
E00148689,238,126,112
E00148690,211,119,92
E00148694,325,177,148
E00148695,357,178,179
E00148696,304,158,146
E00148698,410,206,204
E00148699,317,174,143
E00148702,256,131,125
E00148705,294,142,152
E00148700,321,171,150
E00148701,241,123,118
E00148703,302,150,152
E00148704,287,143,144
E00148706,253,133,120
E00148805,311,158,153
E00148806,232,122,110
E00148807,271,136,135
E00148812,297,143,154
E00148808,390,199,191
E00148809,327,159,168
E00148810,279,135,144
E00148811,301,148,153
E00148813,286,147,139
E00148814,267,126,141
E00148818,314,157,157
E00148819,333,178,155
E00148815,233,128,105
E00148816,386,202,184
E00148817,246,127,119
E00148820,290,147,143
E00148546,158,76,82
E00148548,354,179,175
E00166009,254,118,136
E00166010,200,99,101
E00166017,219,112,107
E00186577,379,195,184
E00186615,267,137,130
E00186625,158,83,75
E00148959,238,116,122
E00148969,348,165,183
E00148973,320,151,169
E00148975,244,119,125
E00148977,297,142,155
E00148958,297,152,145
E00148976,279,139,140
E00148978,275,133,142
E00148981,265,145,120
E00166018,456,226,230
E00148960,299,152,147
E00148961,256,130,126
E00148974,281,140,141
E00148979,306,142,164
E00148980,330,171,159
E00148708,261,135,126
E00148709,326,171,155
E00148711,205,96,109
E00148712,352,180,172
E00148713,332,172,160
E00148724,288,154,134
E00148725,180,95,85
E00148710,324,160,164
E00148715,279,146,133
E00148723,281,141,140
E00166011,250,138,112
E00166012,236,122,114
E00166015,217,116,101
E00166016,491,261,230
E00186529,465,236,229
E00186555,114,62,52
E00148707,297,162,135
E00148714,201,119,82
E00148716,288,150,138
E00148717,212,115,97
E00148718,280,139,141
E00148719,269,133,136
E00148789,304,158,146
E00148792,401,195,206
E00148794,291,153,138
E00148795,285,158,127
E00148787,290,145,145
E00148788,273,142,131
E00148790,366,199,167
E00148791,159,74,85
E00148793,251,130,121
E00148632,125,59,66
E00148637,242,118,124
E00148638,385,196,189
E00148639,280,144,136
E00148640,218,102,116
E00148641,299,161,138
E00148631,282,145,137
E00148633,322,170,152
E00148634,246,126,120
E00148635,244,125,119
E00148636,199,105,94
E00148642,304,155,149
E00148643,283,152,131
E00148647,326,167,159
E00148649,361,191,170
E00148644,252,133,119
E00148645,262,132,130
E00148646,231,117,114
E00148648,272,126,146
E00148650,284,143,141
E00148664,324,162,162
E00148667,322,169,153
E00148675,510,275,235
E00148676,275,139,136
E00148677,253,131,122
E00148666,278,141,137
E00148668,309,162,147
E00148669,260,136,124
E00148670,565,303,262
E00148671,281,151,130
E00148651,416,217,199
E00148652,348,179,169
E00148653,448,243,205
E00148655,329,169,160
E00148657,239,127,112
E00148658,257,136,121
E00148663,273,129,144
E00148665,268,142,126
E00148672,314,145,169
E00148673,285,150,135
E00148674,273,146,127
E00148654,313,181,132
E00148656,217,123,94
E00148659,248,126,122
E00148660,159,97,62
E00148661,275,127,148
E00148662,326,156,170
E00148593,388,187,201
E00148595,372,186,186
E00148597,283,146,137
E00186542,491,243,248
E00186628,206,95,111
E00148605,304,152,152
E00148608,345,176,169
E00148610,287,143,144
E00148611,278,150,128
E00148612,279,145,134
E00148606,544,282,262
E00148607,305,140,165
E00148609,272,130,142
E00148613,339,185,154
E00148623,337,159,178
E00148624,427,226,201
E00148629,264,125,139
E00148630,335,184,151
E00148625,367,195,172
E00148626,267,144,123
E00148627,268,140,128
E00148628,395,204,191
E00148590,347,194,153
E00148591,385,186,199
E00148592,261,128,133
E00148596,285,148,137
E00148598,380,179,201
E00148599,287,142,145
E00148600,269,134,135
E00148601,309,148,161
E00148602,350,187,163
E00148603,356,173,183
E00148604,371,192,179
E00148619,302,153,149
E00148620,235,114,121
E00148621,255,127,128
E00148622,285,143,142
E00148614,317,145,172
E00148615,506,268,238
E00148616,267,137,130
E00148617,375,172,203
E00166013,408,201,207
E00166014,384,188,196
E00148494,235,119,116
E00148495,293,154,139
E00148496,235,126,109
E00148497,307,156,151
E00148498,362,178,184
E00148499,215,115,100
E00148500,245,122,123
E00148501,197,107,90
E00148502,300,139,161
E00148839,350,171,179
E00148840,326,160,166
E00148844,450,227,223
E00148845,317,160,157
E00148838,353,187,166
E00148841,368,189,179
E00148842,266,140,126
E00148843,306,156,150
E00148898,225,107,118
E00148899,202,107,95
E00148900,287,148,139
E00148901,266,128,138
E00148902,335,173,162
E00148903,294,148,146
E00148904,251,128,123
E00148905,264,147,117
E00148906,222,121,101
E00149046,323,160,163
E00149053,233,119,114
E00149055,475,248,227
E00149058,225,114,111
E00149059,264,140,124
E00149060,111,55,56
E00149051,415,211,204
E00149052,265,146,119
E00149054,270,135,135
E00149056,322,174,148
E00149057,229,120,109
E00149048,514,274,240
E00149050,151,76,75
E00166741,194,108,86
E00166751,229,130,99
E00166752,273,142,131
E00166754,306,161,145
E00167298,203,91,112
E00167300,240,115,125
E00167315,299,162,137
E00149096,164,81,83
E00149097,241,118,123
E00149099,296,155,141
E00149100,279,146,133
E00149101,235,122,113
E00149106,413,220,193
E00149150,260,141,119
E00149151,553,230,323
E00149152,328,158,170
E00149157,298,154,144
E00149160,280,147,133
E00149154,240,131,109
E00149155,148,83,65
E00149156,516,274,242
E00166743,560,292,268
E00149210,262,141,121
E00149211,305,157,148
E00149212,292,148,144
E00149214,282,141,141
E00149217,290,143,147
E00149303,276,145,131
E00149304,295,147,148
E00149317,393,199,194
E00149318,240,126,114
E00149319,289,150,139
E00149372,471,241,230
E00149374,282,142,140
E00149375,269,135,134
E00186563,354,175,179
E00186605,499,250,249
E00186644,246,124,122
E00149098,272,143,129
E00149102,373,176,197
E00149103,329,182,147
E00149104,411,223,188
E00149105,309,147,162
E00149390,246,122,124
E00149393,342,171,171
E00149394,418,211,207
E00149395,436,230,206
E00149396,287,150,137
E00149385,207,109,98
E00149386,169,88,81
E00149387,312,155,157
E00149388,311,146,165
E00149389,317,167,150
E00149391,348,175,173
E00149392,399,178,221
E00149397,263,145,118
E00149262,277,143,134
E00149267,311,156,155
E00149268,218,112,106
E00149269,291,141,150
E00149271,274,129,145
E00149261,278,146,132
E00149263,254,124,130
E00149265,280,130,150
E00149279,304,155,149
E00149280,308,170,138
E00149302,287,163,124
E00149305,289,145,144
E00149306,314,164,150
E00149307,257,134,123
E00149320,268,141,127
E00149308,280,151,129
E00149309,277,141,136
E00149312,233,124,109
E00149314,274,147,127
E00149315,268,137,131
E00149301,298,147,151
E00149310,290,154,136
E00149311,255,138,117
E00149313,238,126,112
E00149316,278,153,125
E00149122,131,61,70
E00149123,305,160,145
E00149124,352,193,159
E00149125,369,191,178
E00149126,335,181,154
E00149127,173,83,90
E00149128,240,114,126
E00149140,414,225,189
E00149141,315,159,156
E00149142,369,194,175
E00149147,319,169,150
E00149136,275,135,140
E00149138,326,168,158
E00149139,264,129,135
E00149143,286,139,147
E00186523,300,154,146
E00186636,402,213,189
E00149144,314,164,150
E00149145,249,136,113
E00149146,403,201,202
E00149148,188,108,80
E00149149,123,62,61
E00149164,334,174,160
E00149165,190,94,96
E00149166,328,164,164
E00149167,328,161,167
E00149168,356,175,181
E00149169,362,174,188
E00149170,284,150,134
E00149171,274,141,133
E00149181,236,129,107
E00149187,230,110,120
E00149234,310,154,156
E00149235,307,141,166
E00149236,172,76,96
E00149244,244,123,121
E00149246,287,143,144
E00149247,248,126,122
E00149232,267,150,117
E00149233,320,170,150
E00149241,218,118,100
E00149242,270,138,132
E00166737,332,174,158
E00166738,436,235,201
E00149377,367,182,185
E00149383,271,152,119
E00149384,539,278,261
E00186546,178,96,82
E00186655,527,279,248
E00149376,458,240,218
E00149378,496,250,246
E00149379,349,190,159
E00149381,424,215,209
E00186621,187,92,95
E00186536,335,180,155
E00186595,541,278,263
E00186608,553,284,269
E00186642,364,197,167
E00186653,245,120,125
E00186657,107,51,56
E00149199,354,166,188
E00149200,320,159,161
E00149202,322,153,169
E00149205,401,208,193
E00149207,377,170,207
E00167306,199,99,100
E00167307,240,115,125
E00167309,334,181,153
E00149213,263,135,128
E00149215,282,152,130
E00149216,238,113,125
E00149218,430,204,226
E00149219,313,156,157
E00149220,271,141,130
E00149221,296,148,148
E00149222,304,164,140
E00149223,278,139,139
E00149226,354,176,178
E00149208,375,201,174
E00149209,269,137,132
E00149224,276,141,135
E00149225,298,118,180
E00149227,384,202,182
E00149228,272,145,127
E00149264,291,154,137
E00149266,245,127,118
E00149270,321,153,168
E00149272,300,153,147
E00186515,256,130,126
E00186518,178,82,96
E00149273,286,140,146
E00149275,255,131,124
E00149276,387,191,196
E00166748,332,168,164
E00186510,339,174,165
E00186535,145,62,83
E00186597,253,130,123
E00186604,268,117,151
E00149036,266,146,120
E00149038,361,188,173
E00149042,285,153,132
E00149045,299,141,158
E00186531,258,151,107
E00186575,505,273,232
E00186647,241,119,122
E00149034,346,184,162
E00149035,385,204,181
E00149037,282,148,134
E00149039,225,126,99
E00149040,355,181,174
E00149043,362,184,178
E00149044,287,158,129
E00149158,313,162,151
E00149161,572,305,267
E00149162,274,136,138
E00149163,244,134,110
E00149129,154,60,94
E00149134,290,142,148
E00166735,390,133,257
E00166746,142,69,73
E00167301,335,172,163
E00186540,229,109,120
E00186541,323,157,166
E00149130,349,184,165
E00149131,198,98,100
E00149132,290,162,128
E00186522,239,123,116
E00186524,615,313,302
E00186586,338,171,167
E00186624,171,84,87
E00149176,392,217,175
E00149177,231,116,115
E00149179,286,155,131
E00149180,241,138,103
E00149182,290,151,139
E00149183,288,140,148
E00149178,323,176,147
E00149184,222,109,113
E00149185,365,194,171
E00149186,268,151,117
E00149190,226,120,106
E00149191,266,131,135
E00149172,209,108,101
E00149173,297,159,138
E00149174,211,111,100
E00149175,264,140,124
E00149188,425,218,207
E00149189,325,162,163
E00149237,287,151,136
E00149238,213,102,111
E00149239,410,217,193
E00149243,343,174,169
E00149248,301,153,148
E00149229,333,186,147
E00149230,326,171,155
E00149231,321,172,149
E00149245,337,187,150
E00149249,388,206,182
E00149077,356,171,185
E00149089,217,120,97
E00149090,295,157,138
E00149092,233,127,106
E00149095,198,119,79
E00149193,360,162,198
E00149203,165,80,85
E00149204,255,99,156
E00166740,177,89,88
E00167312,145,68,77
E00167314,207,101,106
E00186511,246,134,112
E00186512,151,80,71
E00149194,538,250,288
E00149196,289,162,127
E00149206,273,141,132
E00186513,140,79,61
E00186514,182,92,90
E00186516,287,130,157
E00149282,250,129,121
E00149283,319,172,147
E00149285,377,210,167
E00149289,219,117,102
E00149298,208,108,100
E00186520,274,136,138
E00186521,415,215,200
E00149281,419,215,204
E00149284,251,141,110
E00149296,291,147,144
E00149297,354,182,172
E00149299,293,152,141
E00149300,283,151,132
E00149079,290,144,146
E00149082,284,153,131
E00149083,272,148,124
E00149084,260,144,116
E00149094,297,170,127
E00149080,249,128,121
E00149085,297,153,144
E00149088,275,136,139
E00149091,279,152,127
E00149093,270,144,126
E00149076,280,152,128
E00149078,267,138,129
E00149081,262,136,126
E00149086,287,143,144
E00149087,265,141,124
E00149287,325,166,159
E00149288,270,148,122
E00149290,298,151,147
E00149291,289,155,134
E00149292,275,146,129
E00149295,299,154,145
E00149321,344,171,173
E00149322,442,240,202
E00149323,245,124,121
E00149324,344,162,182
E00149325,415,221,194
E00149326,298,161,137
E00149340,308,154,154
E00149342,400,215,185
E00149343,274,156,118
E00149348,326,150,176
E00186561,181,91,90
E00186623,522,274,248
E00186631,473,239,234
E00149345,234,141,93
E00149346,272,142,130
E00149347,296,152,144
E00149349,257,126,131
E00149350,304,151,153
E00149339,296,146,150
E00149344,280,140,140
E00149352,429,190,239
E00186573,168,81,87
E00186607,442,227,215
E00149358,314,180,134
E00149359,282,140,142
E00149364,258,129,129
E00149366,285,148,137
E00149367,279,158,121
E00149370,290,147,143
E00149329,327,184,143
E00167304,460,227,233
E00186590,456,249,207
E00186617,391,198,193
E00186651,366,179,187
E00149330,200,113,87
E00149331,269,152,117
E00149332,318,155,163
E00149333,307,157,150
E00186539,251,121,130
E00149069,356,181,175
E00149070,293,146,147
E00149071,292,151,141
E00149072,238,117,121
E00149073,424,219,205
E00149074,421,216,205
E00149075,304,159,145
E00149107,294,151,143
E00149108,313,160,153
E00149109,429,230,199
E00149110,415,204,211
E00149111,392,198,194
E00149112,338,174,164
E00149327,320,162,158
E00149334,312,155,157
E00149335,359,183,176
E00149336,368,186,182
E00149337,291,145,146
E00149338,269,134,135
E00149354,389,210,179
E00149356,228,127,101
E00149357,265,137,128
E00149361,259,137,122
E00149362,235,131,104
E00149355,277,147,130
E00149363,561,283,278
E00149365,251,122,129
E00149369,305,155,150
E00149353,488,264,224
E00149360,286,140,146
E00149368,346,175,171
E00149371,345,173,172
E00149061,446,226,220
E00149062,443,247,196
E00149063,391,189,202
E00149064,112,53,59
E00149065,234,115,119
E00149066,248,118,130
E00149067,207,99,108
E00149068,204,102,102
E00149114,296,146,150
E00149116,307,160,147
E00149117,319,170,149
E00149118,131,60,71
E00149119,165,84,81
E00149120,483,252,231
E00149121,313,158,155
E00167311,232,121,111
E00149251,300,156,144
E00149253,247,126,121
E00149256,255,124,131
E00149257,289,138,151
E00149258,285,138,147
E00149260,187,98,89
E00149250,334,178,156
E00149252,331,176,155
E00149255,300,158,142
E00149259,523,249,274
E00186603,309,159,150
E00186626,398,212,186
E00149403,396,217,179
E00149404,322,162,160
E00149409,385,180,205
E00149410,360,178,182
E00149411,299,148,151
E00149447,313,172,141
E00149448,280,130,150
E00149450,297,154,143
E00149451,280,153,127
E00149452,298,176,122
E00149453,288,141,147
E00149442,307,148,159
E00149443,287,156,131
E00149444,181,96,85
E00149445,274,134,140
E00149446,251,133,118
E00166050,332,164,168
E00171421,278,152,126
E00149405,264,127,137
E00149406,259,124,135
E00149407,237,120,117
E00149408,212,111,101
E00149456,306,160,146
E00149459,187,103,84
E00149460,258,139,119
E00149465,288,144,144
E00149399,253,138,115
E00149400,307,157,150
E00149401,170,83,87
E00149402,317,182,135
E00166047,444,211,233
E00166049,156,81,75
E00149457,271,139,132
E00149458,224,119,105
E00149461,301,152,149
E00149462,214,118,96
E00149463,270,141,129
E00149464,212,122,90
E00149454,254,130,124
E00149455,236,120,116
E00149466,205,111,94
E00149467,247,122,125
E00149468,237,131,106
E00149478,187,92,95
E00149479,244,130,114
E00149480,296,155,141
E00149481,252,138,114
E00149482,193,110,83
E00149483,197,102,95
E00149484,224,110,114
E00149485,233,119,114
E00149486,244,129,115
E00149419,175,91,84
E00149420,288,148,140
E00149421,285,161,124
E00149422,219,109,110
E00149423,281,145,136
E00149472,260,144,116
E00149475,250,133,117
E00149476,287,147,140
E00149477,324,161,163
E00149498,261,141,120
E00149501,311,169,142
E00149502,386,212,174
E00149503,277,148,129
E00149511,330,166,164
E00149499,312,140,172
E00149500,235,122,113
E00149508,245,128,117
E00149509,248,108,140
E00149510,250,137,113
E00149504,313,166,147
E00149505,252,126,126
E00149506,313,157,156
E00149507,215,113,102
E00149516,294,157,137
E00149517,259,141,118
E00149520,274,140,134
E00149523,238,142,96
E00149526,163,82,81
E00149416,288,152,136
E00149417,314,146,168
E00149418,264,126,138
E00149424,194,110,84
E00149425,264,129,135
E00149426,297,143,154
E00149427,424,225,199
E00149469,260,131,129
E00149470,101,58,43
E00149471,171,84,87
E00149473,255,136,119
E00149474,307,157,150
E00149487,399,202,197
E00149488,353,183,170
E00149489,350,170,180
E00149490,247,118,129
E00149491,233,109,124
E00149492,345,180,165
E00149493,213,106,107
E00149512,373,198,175
E00149513,100,53,47
E00149514,288,158,130
E00149515,319,169,150
E00149518,240,134,106
E00149519,308,148,160
E00149521,215,115,100
E00149522,290,150,140
E00149524,338,177,161
E00149525,213,123,90
E00149412,416,215,201
E00149413,205,108,97
E00149414,239,125,114
E00149415,268,136,132
E00149436,178,91,87
E00149437,474,257,217
E00149438,211,119,92
E00149428,305,154,151
E00149429,233,117,116
E00149430,172,86,86
E00149431,218,109,109
E00149432,184,98,86
E00149433,355,179,176
E00149434,282,153,129
E00149435,174,95,79
E00149439,389,197,192
E00149440,131,63,68
E00149441,216,108,108
E00149494,249,124,125
E00149495,169,85,84
E00149496,229,121,108
E00149497,296,155,141
W00000005,469,232,237
W00000006,311,166,145
W00000008,248,132,116
W00000009,433,215,218
W00009977,253,113,140
W00009978,261,129,132
W00009979,253,128,125
W00009980,210,100,110
W00000010,288,150,138
W00000011,257,138,119
W00000012,295,150,145
W00000013,414,216,198
W00000084,128,66,62
W00000086,201,104,97
W00000087,177,84,93
W00000088,288,154,134
W00000090,154,76,78
W00009981,230,118,112
W00000137,226,115,111
W00000138,315,159,156
W00000139,422,210,212
W00000140,418,207,211
W00000141,299,150,149
W00000142,299,144,155
W00000156,251,115,136
W00000157,363,180,183
W00000158,323,169,154
W00000159,338,176,162
W00000160,276,138,138
W00000042,191,109,82
W00000043,257,138,119
W00000044,506,261,245
W00000045,337,177,160
W00000046,284,154,130
W00000047,231,109,122
W00000101,315,155,160
W00000102,303,137,166
W00000103,359,191,168
W00000104,281,137,144
W00000105,365,191,174
W00000106,314,161,153
W00000107,371,177,194
W00000097,417,204,213
W00000098,321,160,161
W00000099,334,173,161
W00000100,260,134,126
W00000161,155,79,76
W00000162,277,158,119
W00000163,308,160,148
W00000164,175,91,84
W00000075,273,130,143
W00000076,255,129,126
W00000077,387,177,210
W00000078,277,147,130
W00000079,294,150,144
W00000080,369,196,173
W00000081,298,141,157
W00000082,401,211,190
W00000083,324,176,148
W00000143,339,180,159
W00000144,278,148,130
W00000145,433,234,199
W00000146,288,141,147
W00000147,272,135,137
W00000148,171,101,70
W00000149,369,177,192
W00000150,339,175,164
W00000151,259,145,114
W00000152,297,162,135
W00000153,281,152,129
W00000154,280,144,136
W00000155,330,178,152
W00000165,389,216,173
W00000166,258,126,132
W00000167,264,123,141
W00000168,272,139,133
W00000169,374,207,167
W00000180,265,118,147
W00000182,262,123,139
W00000186,270,145,125
W00000187,307,163,144
W00000181,279,136,143
W00000183,309,173,136
W00000184,276,137,139
W00000185,295,150,145
W00000108,482,238,244
W00000109,248,133,115
W00000110,325,156,169
W00000111,254,125,129
W00000112,297,144,153
W00000170,243,131,112
W00000171,392,206,186
W00000172,544,280,264
W00000173,271,146,125
W00000201,121,56,65
W00000202,307,166,141
W00000203,301,151,150
W00000204,186,101,85
W00000205,138,69,69
W00000223,294,147,147
W00000224,257,131,126
W00000225,287,153,134
W00000227,245,125,120
W00000199,172,87,85
W00000200,313,170,143
W00000206,259,135,124
W00000207,223,105,118
W00000220,389,200,189
W00000221,269,142,127
W00000222,264,128,136
W00000226,321,165,156
W00000014,263,136,127
W00000015,230,119,111
W00000016,205,109,96
W00000017,184,97,87
W00000018,215,112,103
W00000019,151,73,78
W00000020,194,109,85
W00000021,172,82,90
W00000057,429,221,208
W00000058,268,141,127
W00000059,303,153,150
W00000060,252,136,116
W00000061,268,142,126
W00000062,386,205,181
W00000063,276,144,132
W00000091,299,153,146
W00000092,173,87,86
W00000093,173,93,80
W00000094,266,145,121
W00000095,219,109,110
W00000096,207,110,97
W00000127,289,137,152
W00000128,283,149,134
W00000129,303,174,129
W00000130,168,82,86
W00000131,201,102,99
W00000174,256,129,127
W00000175,385,199,186
W00000176,297,160,137
W00000177,228,117,111
W00000178,352,171,181
W00000179,268,145,123
W00000022,312,158,154
W00000023,291,137,154
W00000024,390,192,198
W00000025,266,125,141
W00000026,283,140,143
W00000052,272,148,124
W00000053,461,236,225
W00000054,266,141,125
W00000055,364,189,175
W00000056,335,166,169
W00000064,238,123,115
W00000065,313,152,161
W00000066,297,156,141
W00000067,549,282,267
W00000068,425,214,211
W00000069,387,203,184
W00000208,419,219,200
W00000209,260,138,122
W00000210,527,275,252
W00000211,115,57,58
W00000212,271,135,136
W00000037,454,217,237
W00000038,446,237,209
W00000039,387,197,190
W00000040,286,148,138
W00000041,299,160,139
W00000113,363,187,176
W00000114,368,195,173
W00000115,462,232,230
W00000120,378,202,176
W00000116,422,227,195
W00000117,361,157,204
W00000118,304,155,149
W00000119,270,110,160
W00000001,359,174,185
W00000002,238,124,114
W00000003,369,185,184
W00000004,342,180,162
W00000188,187,97,90
W00000189,250,133,117
W00000190,189,101,88
W00000191,161,88,73
W00000032,206,102,104
W00000033,262,133,129
W00000034,269,145,124
W00000035,449,256,193
W00000036,263,141,122
W00000048,261,150,111
W00000049,225,111,114
W00000050,201,92,109
W00000051,318,150,168
W00000070,417,206,211
W00000071,376,203,173
W00000072,253,130,123
W00000073,219,121,98
W00000074,193,107,86
W00000213,328,176,152
W00000214,349,174,175
W00000215,254,134,120
W00000216,282,137,145
W00000217,300,158,142
W00000218,253,131,122
W00000219,275,136,139
W00000027,352,178,174
W00000028,292,152,140
W00000029,276,134,142
W00000030,386,187,199
W00000031,468,231,237
W00000121,289,134,155
W00000122,326,169,157
W00000123,353,179,174
W00000124,433,224,209
W00000125,311,153,158
W00000126,455,220,235
W00000132,310,154,156
W00000133,530,268,262
W00000134,336,165,171
W00000135,366,192,174
W00000136,319,146,173
W00000192,366,184,182
W00000193,253,127,126
W00000194,344,175,169
W00000195,349,172,177
W00000196,314,158,156
W00000197,272,152,120
W00000198,334,177,157
W00000317,282,139,143
W00000318,368,166,202
W00000319,257,146,111
W00010651,240,128,112
W00010660,103,63,40
W00010693,739,431,308
W00000362,367,183,184
W00000395,378,210,168
W00010046,383,194,189
W00010048,168,80,88
W00000394,350,167,183
W00000396,349,187,162
W00000397,273,135,138
W00000398,206,97,109
W00000460,314,160,154
W00000461,190,82,108
W00000463,287,145,142
W00000465,313,162,151
W00000468,472,220,252
W00000469,374,169,205
W00000470,304,157,147
W00000472,303,147,156
W00010049,1474,823,651
W00010051,122,58,64
W00000328,339,165,174
W00000329,298,133,165
W00000330,600,290,310
W00000331,478,236,242
W00000332,287,147,140
W00000370,259,137,122
W00000371,284,146,138
W00000372,301,148,153
W00000373,271,146,125
W00000374,280,146,134
W00000375,281,140,141
W00000389,243,117,126
W00000390,332,170,162
W00000391,219,108,111
W00000392,288,157,131
W00000393,323,170,153
W00000462,351,182,169
W00000464,343,171,172
W00000466,342,196,146
W00000467,325,181,144
W00000519,561,298,263
W00000524,438,217,221
W00010669,322,157,165
W00010675,290,138,152
W00010678,322,161,161
W00000254,188,95,93
W00000255,331,166,165
W00000256,251,125,126
W00000257,174,87,87
W00000258,495,250,245
W00000363,292,157,135
W00000364,285,147,138
W00000365,316,169,147
W00000366,372,187,185
W00000367,354,182,172
W00000368,324,167,157
W00000369,296,147,149
W00000494,308,155,153
W00000495,255,125,130
W00000496,359,193,166
W00000497,344,168,176
W00000490,325,178,147
W00000491,276,136,140
W00000492,323,170,153
W00000493,219,111,108
W00000593,286,162,124
W00000594,286,137,149
W00000595,348,175,173
W00000596,333,172,161
W00000597,257,133,124
W00000598,303,156,147
W00000599,307,152,155
W00000266,275,135,140
W00000267,273,137,136
W00000268,243,126,117
W00000270,299,156,143
W00000269,225,114,111
W00000314,334,159,175
W00000315,320,160,160
W00000316,300,142,158
W00000439,290,147,143
W00000440,286,149,137
W00000441,300,159,141
W00000442,289,144,145
W00000443,318,170,148
W00000444,341,183,158
W00000622,473,234,239
W00000623,249,124,125
W00000624,272,136,136
W00000625,341,179,162
W00000626,336,176,160
W00000627,351,179,172
W00000628,308,155,153
W00000322,368,200,168
W00000323,383,199,184
W00000324,335,151,184
W00000325,273,150,123
W00000326,300,142,158
W00000327,235,117,118
W00000412,344,167,177
W00000413,169,85,84
W00000414,293,154,139
W00000415,300,164,136
W00000416,288,141,147
W00000417,241,118,123
W00000418,369,198,171
W00000505,307,149,158
W00000506,312,155,157
W00000507,236,123,113
W00000508,439,212,227
W00000509,378,180,198
W00000520,366,197,169
W00000521,248,131,117
W00000522,291,136,155
W00000523,263,138,125
W00000293,289,160,129
W00000294,275,137,138
W00000295,219,122,97
W00000296,252,130,122
W00000297,283,143,140
W00000298,340,172,168
W00000299,212,111,101
W00000300,245,107,138
W00000473,262,127,135
W00000474,289,148,141
W00000475,345,199,146
W00000476,367,194,173
W00000477,276,146,130
W00000478,222,115,107
W00000479,202,101,101
W00000480,287,152,135
W00000498,327,175,152
W00000499,371,203,168
W00000500,304,155,149
W00000501,367,203,164
W00000502,567,296,271
W00000503,296,157,139
W00000504,316,141,175
W00000569,400,221,179
W00000571,288,157,131
W00000572,304,153,151
W00000573,330,174,156
W00000574,273,132,141
W00000271,296,146,150
W00000272,222,117,105
W00000273,302,163,139
W00000274,180,96,84
W00000448,327,163,164
W00000449,349,184,165
W00000450,372,186,186
W00000451,308,162,146
W00000452,334,181,153
W00000453,391,208,183
W00000564,209,100,109
W00000565,161,86,75
W00000566,276,143,133
W00000567,182,85,97
W00000568,243,126,117
W00000570,248,131,117
W00000575,245,146,99
W00000616,247,118,129
W00000617,248,132,116
W00000618,335,169,166
W00000619,274,131,143
W00000620,287,148,139
W00000621,319,172,147
W00000376,252,127,125
W00000377,256,130,126
W00000378,299,159,140
W00000379,327,166,161
W00000380,285,148,137
W00000381,249,131,118
W00000301,304,150,154
W00000302,382,184,198
W00000303,264,130,134
W00000435,349,183,166
W00000436,349,172,177
W00000437,317,173,144
W00000438,208,102,106
W00000526,338,175,163
W00000527,249,127,122
W00000528,316,163,153
W00000529,283,147,136
W00000530,319,159,160
W00000531,288,136,152
W00000576,259,126,133
W00000577,278,151,127
W00000578,321,162,159
W00000579,389,204,185
W00000580,341,171,170
W00000581,350,176,174
W00000278,266,137,129
W00000279,358,172,186
W00000280,323,174,149
W00000281,303,145,158
W00000282,247,124,123
W00000283,280,130,150
W00000333,248,127,121
W00000334,284,148,136
W00000335,254,123,131
W00000336,246,119,127
W00000582,298,151,147
W00000583,314,157,157
W00000584,280,149,131
W00000585,360,183,177
W00000586,319,174,145
W00000587,286,144,142
W00000588,315,149,166
W00000589,225,112,113
W00000590,317,156,161
W00000591,296,134,162
W00000592,264,132,132
W00000337,309,164,145
W00000338,279,133,146
W00000339,307,151,156
W00000340,275,153,122
W00000510,154,80,74
W00000511,284,142,142
W00000513,336,177,159
W00000518,283,142,141
W00000532,261,130,131
W00000533,273,141,132
W00000534,242,114,128
W00000535,300,169,131
W00000536,257,127,130
W00000537,395,199,196
W00000538,147,76,71
W00000539,280,141,139
W00000540,127,63,64
W00000541,265,137,128
W00000542,183,97,86
W00000543,197,101,96
W00000544,307,150,157
W00000545,238,130,108
W00000546,222,110,112
W00000549,284,134,150
W00010653,452,208,244
W00000236,278,141,137
W00000237,278,156,122
W00000238,276,149,127
W00000239,260,134,126
W00000240,175,95,80
W00000308,233,129,104
W00000309,270,142,128
W00000310,308,170,138
W00000311,238,109,129
W00000312,442,252,190
W00000313,247,131,116
W00000399,299,151,148
W00000400,210,114,96
W00000401,238,121,117
W00000402,306,162,144
W00000403,137,75,62
W00000404,366,186,180
W00000454,339,178,161
W00000455,328,172,156
W00000456,312,152,160
W00000457,308,150,158
W00000458,299,152,147
W00000459,331,164,167
W00000357,478,230,248
W00000358,284,142,142
W00000359,258,124,134
W00000360,277,133,144
W00000481,408,208,200
W00000482,384,197,187
W00000483,217,110,107
W00000484,212,116,96
W00000485,271,132,139
W00000486,238,117,121
W00000487,215,103,112
W00000488,289,149,140
W00000489,281,150,131
W00000550,244,121,123
W00000551,329,175,154
W00000552,370,187,183
W00000553,245,122,123
W00000554,325,159,166
W00000555,237,117,120
W00000556,337,173,164
W00000557,308,151,157
W00000558,158,75,83
W00000559,235,129,106
W00000560,312,172,140
W00000561,287,134,153
W00000562,256,134,122
W00000563,304,149,155
W00000382,202,100,102
W00000383,315,151,164
W00000384,281,146,135
W00000385,175,82,93
W00000386,290,142,148
W00000387,264,130,134
W00000388,279,147,132
W00000512,297,151,146
W00000514,247,118,129
W00000515,293,157,136
W00000516,302,153,149
W00000517,228,121,107
W00000351,237,119,118
W00000352,227,113,114
W00000353,222,115,107
W00000354,291,151,140
W00000355,258,139,119
W00000356,233,118,115
W00000406,341,183,158
W00000408,282,146,136
W00010652,289,150,139
W00000250,134,70,64
W00000251,141,69,72
W00000252,172,88,84
W00000253,168,82,86
W00000409,348,185,163
W00000410,260,139,121
W00000411,230,113,117
W00000423,269,134,135
W00000424,287,142,145
W00000425,296,136,160
W00000426,218,116,102
W00000228,252,126,126
W00000229,350,166,184
W00000230,294,147,147
W00000275,315,154,161
W00000276,344,196,148
W00000277,320,151,169
W00000600,302,161,141
W00000601,296,148,148
W00000602,285,140,145
W00000259,296,163,133
W00000260,287,150,137
W00000261,277,137,140
W00000262,338,176,162
W00000263,283,149,134
W00000264,257,135,122
W00000265,261,125,136
W00000304,342,166,176
W00000305,258,129,129
W00000306,295,145,150
W00000307,361,190,171
W00000419,387,188,199
W00000420,362,174,188
W00000421,339,176,163
W00000422,445,218,227
W00000445,290,132,158
W00000446,278,135,143
W00000447,334,148,186
W00000284,208,105,103
W00000285,240,112,128
W00000286,299,146,153
W00000287,164,74,90
W00000288,154,75,79
W00000289,318,150,168
W00000341,252,126,126
W00000342,258,138,120
W00000343,264,132,132
W00000344,239,122,117
W00000345,170,87,83
W00000346,331,167,164
W00000347,201,95,106
W00000348,382,211,171
W00000349,323,175,148
W00000350,182,89,93
W00000241,234,102,132
W00000242,222,121,101
W00000243,231,139,92
W00000244,249,120,129
W00000245,181,83,98
W00000246,283,139,144
W00000247,323,181,142
W00000248,159,74,85
W00000249,265,139,126
W00000427,223,121,102
W00000428,234,106,128
W00000429,224,117,107
W00000430,295,147,148
W00000431,308,147,161
W00000432,268,129,139
W00000433,249,124,125
W00000434,125,62,63
W00000604,149,77,72
W00000606,245,130,115
W00000608,280,141,139
W00000609,204,111,93
W00000610,270,138,132
W00000613,311,194,117
W00000614,211,121,90
W00000603,258,115,143
W00000605,235,131,104
W00000607,235,114,121
W00000611,279,144,135
W00000612,189,94,95
W00000615,267,150,117
W00000231,196,101,95
W00000232,225,118,107
W00000233,144,67,77
W00000234,117,62,55
W00000235,333,158,175
W00000290,285,156,129
W00000291,316,163,153
W00000292,283,132,151
W00000700,345,176,169
W00000705,268,140,128
W00000706,199,90,109
W00000707,240,103,137
W00000708,264,140,124
W00000709,231,112,119
W00000779,252,142,110
W00000781,212,104,108
W00000783,240,127,113
W00000786,269,130,139
W00000788,244,123,121
W00000789,324,154,170
W00000790,249,130,119
W00000791,242,115,127
W00000780,274,139,135
W00000782,345,186,159
W00000784,170,89,81
W00000785,239,115,124
W00000787,251,124,127
W00000792,212,118,94
W00000894,290,146,144
W00000895,234,114,120
W00000896,298,145,153
W00000897,226,121,105
W00000898,302,155,147
W00000900,176,88,88
W00000901,238,136,102
W00000992,210,97,113
W00000993,266,143,123
W00000994,279,151,128
W00001004,315,176,139
W00001005,237,123,114
W00001006,277,143,134
W00000697,246,132,114
W00000698,298,149,149
W00000699,317,156,161
W00000701,250,124,126
W00000702,285,171,114
W00000703,214,112,102
W00000704,170,89,81
W00000899,231,120,111
W00000902,294,166,128
W00000903,357,176,181
W00000904,342,185,157
W00000905,317,167,150
W00000906,286,146,140
W00000990,211,105,106
W00000991,301,160,141
W00000995,300,173,127
W00000999,290,160,130
W00001001,412,221,191
W00000996,271,154,117
W00000997,238,135,103
W00000998,211,110,101
W00001000,281,142,139
W00001002,338,172,166
W00001003,251,132,119
W00000822,232,131,101
W00000839,262,134,128
W00000840,288,143,145
W00000843,268,130,138
W00000846,361,217,144
W00000921,308,170,138
W00000922,297,147,150
W00000923,208,102,106
W00000932,388,182,206
W00000935,263,138,125
W00000924,227,122,105
W00000925,241,123,118
W00000927,331,171,160
W00000928,278,139,139
W00000929,257,125,132
W00000931,274,142,132
W00000926,274,149,125
W00000930,221,119,102
W00000933,279,136,143
W00000934,287,142,145
W00000936,223,119,104
W00000937,231,125,106
W00000836,224,113,111
W00000838,272,148,124
W00000841,319,159,160
W00000842,319,164,155
W00000844,271,142,129
W00000823,243,129,114
W00000824,223,117,106
W00000828,229,135,94
W00000830,248,138,110
W00000847,276,134,142
W00000848,265,132,133
W00000825,437,227,210
W00000827,270,150,120
W00000831,216,125,91
W00000833,271,136,135
W00000835,231,118,113
W00000826,248,127,121
W00000829,294,154,140
W00000832,231,123,108
W00000834,307,154,153
W00000837,246,131,115
W00000845,235,141,94
W00000808,261,132,129
W00000809,305,160,145
W00000811,261,135,126
W00000812,242,122,120
W00000814,417,209,208
W00000801,258,135,123
W00000803,284,145,139
W00000804,380,199,181
W00000805,269,140,129
W00000813,282,136,146
W00000797,330,168,162
W00000800,575,301,274
W00000802,351,192,159
W00000815,266,129,137
W00000798,350,199,151
W00000799,294,137,157
W00000806,268,135,133
W00000807,248,124,124
W00000810,257,132,125
W00000978,365,180,185
W00000979,312,154,158
W00000980,108,51,57
W00000981,430,209,221
W00000982,209,115,94
W00000983,254,122,132
W00000984,313,175,138
W00000985,276,161,115
W00000719,247,136,111
W00000720,312,163,149
W00000721,206,114,92
W00000722,251,134,117
W00000723,230,121,109
W00000724,194,103,91
W00000725,246,139,107
W00000726,306,163,143
W00000717,338,173,165
W00000718,226,120,106
W00000727,255,130,125
W00000728,278,153,125
W00000729,393,200,193
W00000730,281,130,151
W00000877,280,132,148
W00000878,295,148,147
W00000882,213,108,105
W00000884,257,139,118
W00000885,259,140,119
W00000886,269,138,131
W00000887,281,143,138
W00000875,398,214,184
W00000876,527,304,223
W00000880,326,173,153
W00000881,310,160,150
W00000883,336,176,160
W00010481,281,148,133
W00010489,591,322,269
W00000738,301,141,160
W00000740,277,137,140
W00000741,352,176,176
W00000743,349,173,176
W00000747,349,183,166
W00000767,304,161,143
W00000768,304,165,139
W00000769,378,195,183
W00000772,276,139,137
W00000778,315,153,162
W00000765,311,148,163
W00000766,352,181,171
W00000770,357,176,181
W00000776,422,207,215
W00000777,235,108,127
W00000960,357,172,185
W00000961,480,245,235
W00000963,395,198,197
W00000966,278,143,135
W00000968,250,157,93
W00000970,313,144,169
W00000736,273,145,128
W00000737,240,120,120
W00000739,218,119,99
W00000742,207,97,110
W00000744,236,108,128
W00000745,295,153,142
W00000746,473,237,236
W00000771,461,236,225
W00000773,288,158,130
W00000774,233,118,115
W00000775,316,168,148
W00000971,445,211,234
W00000972,327,160,167
W00000974,390,196,194
W00000976,338,174,164
W00000959,314,156,158
W00000969,324,166,158
W00000973,304,152,152
W00000975,277,143,134
W00000977,244,131,113
W00000962,321,165,156
W00000964,391,205,186
W00000965,486,255,231
W00000967,270,154,116
W00000668,486,237,249
W00000677,331,162,169
W00000678,280,157,123
W00000680,307,165,142
W00000681,276,141,135
W00000671,283,141,142
W00000672,341,169,172
W00000673,412,212,200
W00000674,337,171,166
W00000669,307,158,149
W00000670,289,139,150
W00000675,298,140,158
W00000676,340,178,162
W00000679,268,143,125
W00000816,281,148,133
W00000817,322,166,156
W00000818,235,131,104
W00000819,262,135,127
W00000820,240,120,120
W00000821,263,140,123
W00000868,275,147,128
W00000871,315,162,153
W00000872,431,234,197
W00000873,363,202,161
W00000867,401,212,189
W00000869,326,171,155
W00000870,326,180,146
W00000874,299,147,152
W00000749,397,205,192
W00000750,229,118,111
W00000758,490,254,236
W00000761,320,170,150
W00010453,335,175,160
W00000754,207,111,96
W00000756,193,100,93
W00000757,294,153,141
W00000759,289,157,132
W00000762,222,115,107
W00010106,339,183,156
W00000748,461,224,237
W00000752,236,124,112
W00000760,203,113,90
W00010105,341,167,174
W00010108,271,147,124
W00000948,438,244,194
W00000949,302,154,148
W00000951,310,171,139
W00000953,438,252,186
W00000956,286,158,128
W00000958,248,135,113
W00000947,312,165,147
W00000950,233,123,110
W00000954,227,124,103
W00000955,305,164,141
W00000957,297,164,133
W00010459,283,161,122
W00010461,351,171,180
W00000630,243,137,106
W00000632,428,225,203
W00000633,404,200,204
W00000637,272,131,141
W00000629,224,119,105
W00000631,215,110,105
W00000634,185,85,100
W00000635,267,123,144
W00000636,195,82,113
W00000888,350,168,182
W00000889,301,146,155
W00000890,424,228,196
W00000891,296,148,148
W00000892,269,126,143
W00000893,367,182,185
W00000940,348,177,171
W00000941,301,155,146
W00000942,323,173,150
W00000944,310,171,139
W00000945,340,173,167
W00000938,282,133,149
W00000939,272,143,129
W00000943,355,184,171
W00000946,534,279,255
W00000853,203,99,104
W00000854,465,237,228
W00000855,254,135,119
W00000856,246,118,128
W00000857,241,123,118
W00000858,213,108,105
W00000859,220,123,97
W00000860,284,147,137
W00000656,308,161,147
W00000657,352,184,168
W00000658,296,147,149
W00000659,313,155,158
W00000660,332,152,180
W00000661,340,162,178
W00000682,200,104,96
W00000684,336,186,150
W00000685,382,198,184
W00000686,260,136,124
W00000687,234,124,110
W00000689,202,108,94
W00000691,215,115,100
W00000692,236,125,111
W00000694,297,153,144
W00000696,229,118,111
W00000683,270,138,132
W00000688,299,155,144
W00000690,380,207,173
W00000693,390,199,191
W00000695,344,183,161
W00000649,392,202,190
W00000650,246,133,113
W00000651,255,136,119
W00000653,286,138,148
W00000655,244,140,104
W00010103,328,130,198
W00000662,246,130,116
W00000663,266,132,134
W00000664,254,131,123
W00000665,136,68,68
W00000666,298,153,145
W00000667,337,167,170
W00000907,358,182,176
W00000908,276,140,136
W00000909,282,149,133
W00000910,332,176,156
W00000911,274,149,125
W00000912,271,132,139
W00000913,350,178,172
W00000916,354,183,171
W00000918,476,241,235
W00000920,315,187,128
W00000914,328,184,144
W00000915,281,126,155
W00000917,338,179,159
W00000919,320,155,165
W00000643,306,143,163
W00000644,379,186,193
W00000645,300,158,142
W00000646,363,162,201
W00000647,315,165,150
W00000648,289,143,146
W00000849,348,184,164
W00000850,349,180,169
W00000851,391,189,202
W00000852,340,172,168
W00000861,279,131,148
W00000862,267,126,141
W00000863,347,173,174
W00000864,308,151,157
W00000865,317,153,164
W00000866,301,140,161
W00001012,393,205,188
W00001013,322,173,149
W00001014,200,104,96
W00001015,264,133,131
W00001016,219,117,102
W00000638,261,134,127
W00000639,215,107,108
W00000640,218,100,118
W00000641,256,123,133
W00000642,199,107,92
W00000710,321,165,156
W00000711,250,137,113
W00000712,321,170,151
W00000713,206,99,107
W00000714,300,137,163
W00000715,369,187,182
W00000716,279,143,136
W00000731,379,191,188
W00000732,270,157,113
W00000733,279,162,117
W00000734,307,155,152
W00000735,303,145,158
W00000793,285,143,142
W00000794,296,155,141
W00000795,234,120,114
W00000796,267,146,121
W00000986,429,219,210
W00000987,164,71,93
W00000988,283,145,138
W00000989,361,190,171
W00001007,326,155,171
W00001008,347,174,173
W00001009,244,119,125
W00001010,364,178,186
W00001011,189,96,93
W00001174,260,132,128
W00001175,243,122,121
W00001176,325,171,154
W00001177,303,148,155
W00001178,243,122,121
W00001179,213,117,96
W00001164,232,132,100
W00001166,291,167,124
W00001167,255,139,116
W00001173,544,275,269
W00001180,245,131,114
W00010012,245,122,123
W00010013,311,163,148
W00010015,272,136,136
W00010016,240,118,122
W00001162,226,121,105
W00001163,204,107,97
W00001168,222,115,107
W00001169,266,144,122
W00001170,266,141,125
W00001171,225,108,117
W00001172,230,117,113
W00001134,269,139,130
W00001135,222,120,102
W00001136,295,160,135
W00001137,254,140,114
W00001138,290,161,129
W00001145,215,121,94
W00001146,306,167,139
W00001152,315,170,145
W00001154,325,174,151
W00001143,334,164,170
W00001144,260,133,127
W00001147,307,160,147
W00001150,298,158,140
W00001151,264,131,133
W00001141,303,167,136
W00001142,246,133,113
W00001148,291,156,135
W00001149,248,123,125
W00001153,208,102,106
W00001129,326,173,153
W00001130,319,163,156
W00001131,316,171,145
W00001132,274,142,132
W00001133,373,195,178
W00001139,306,164,142
W00001140,251,134,117
W00001184,214,112,102
W00001186,218,108,110
W00001187,263,145,118
W00001188,182,98,84
W00001190,245,128,117
W00001192,222,112,110
W00001181,276,144,132
W00001182,254,128,126
W00001183,239,130,109
W00001185,353,193,160
W00001189,171,100,71
W00001191,286,152,134
W00001193,210,116,94
W00001216,306,162,144
W00001217,249,135,114
W00001218,227,130,97
W00001219,193,103,90
W00001222,273,146,127
W00001224,294,155,139
W00001209,206,109,97
W00001210,232,124,108
W00001211,125,59,66
W00001214,315,156,159
W00001220,293,141,152
W00001223,315,156,159
W00001212,561,332,229
W00001213,382,196,186
W00001215,429,218,211
W00001221,256,132,124
W00001278,135,70,65
W00001280,341,157,184
W00001283,438,205,233
W00001285,271,126,145
W00001288,374,184,190
W00001293,159,78,81
W00001279,329,157,172
W00001281,214,109,105
W00001282,206,100,106
W00001284,341,160,181
W00001291,409,166,243
W00001292,171,72,99
W00001286,383,192,191
W00001287,477,242,235
W00001289,349,176,173
W00001290,312,157,155
W00001264,301,175,126
W00001265,359,183,176
W00001270,291,149,142
W00001273,335,172,163
W00001274,392,213,179
W00001275,319,166,153
W00001263,295,158,137
W00001271,356,179,177
W00001272,295,157,138
W00001276,373,197,176
W00001277,453,241,212
W00001262,351,180,171
W00001266,396,204,192
W00001267,342,183,159
W00001268,307,156,151
W00001269,400,197,203
W00001068,340,174,166
W00001070,280,142,138
W00001071,353,172,181
W00001072,309,154,155
W00001066,291,149,142
W00001067,291,155,136
W00001069,258,138,120
W00010010,207,101,106
W00010011,271,137,134
W00010014,401,225,176
W00001155,268,133,135
W00001156,305,148,157
W00001157,268,133,135
W00001158,276,142,134
W00001159,322,175,147
W00001160,273,134,139
W00001161,292,148,144
W00001331,388,195,193
W00001332,344,178,166
W00001333,354,177,177
W00001334,336,174,162
W00001335,233,120,113
W00001017,212,114,98
W00001018,277,141,136
W00001019,187,95,92
W00001020,267,136,131
W00001021,223,115,108
W00001022,187,109,78
W00001023,122,65,57
W00001024,266,127,139
W00001025,352,178,174
W00001196,240,126,114
W00001202,343,182,161
W00001203,498,251,247
W00001205,212,113,99
W00001194,293,157,136
W00001197,224,112,112
W00001198,332,180,152
W00001204,443,232,211
W00001207,283,150,133
W00001195,318,163,155
W00001199,226,117,109
W00001200,216,125,91
W00001201,222,112,110
W00001206,223,115,108
W00001208,221,112,109
W00001313,211,101,110
W00001314,436,222,214
W00001315,309,154,155
W00001316,239,122,117
W00001317,340,174,166
W00001318,311,163,148
W00001319,277,149,128
W00001320,230,137,93
W00001321,223,136,87
W00001322,255,119,136
W00001323,295,147,148
W00001324,359,190,169
W00001325,359,173,186
W00001326,251,139,112
W00001327,279,157,122
W00001328,311,163,148
W00001329,355,188,167
W00001330,258,137,121
W00001034,243,114,129
W00001035,269,137,132
W00001036,258,136,122
W00001037,219,116,103
W00001038,358,192,166
W00001039,333,151,182
W00001040,232,118,114
W00001055,291,151,140
W00001056,187,87,100
W00001057,365,184,181
W00001061,306,162,144
W00001062,236,118,118
W00001058,344,176,168
W00001059,292,151,141
W00001060,212,102,110
W00001063,244,129,115
W00001064,320,158,162
W00001065,289,150,139
W00001047,320,156,164
W00001051,344,181,163
W00001052,275,145,130
W00001053,255,129,126
W00001054,247,137,110
W00001041,302,148,154
W00001043,298,151,147
W00001044,372,193,179
W00001046,434,227,207
W00001042,384,200,184
W00001045,280,143,137
W00001048,346,172,174
W00001049,299,167,132
W00001050,368,183,185
W00001123,469,226,243
W00001124,310,144,166
W00001125,246,135,111
W00001126,249,131,118
W00001127,229,111,118
W00001128,291,145,146
W00001079,323,163,160
W00001080,359,180,179
W00001081,277,127,150
W00001082,121,65,56
W00001083,288,146,142
W00001084,318,152,166
W00001085,370,192,178
W00001086,378,189,189
W00001087,330,173,157
W00001088,258,110,148
W00001089,273,147,126
W00001090,289,144,145
W00001091,312,153,159
W00001096,300,163,137
W00001097,355,168,187
W00001098,423,184,239
W00001099,325,176,149
W00001100,415,213,202
W00001101,422,210,212
W00001295,285,141,144
W00001296,278,140,138
W00001297,224,129,95
W00001299,249,134,115
W00001302,281,127,154
W00001303,293,149,144
W00001311,366,192,174
W00001298,251,135,116
W00001300,241,100,141
W00001301,353,174,179
W00001304,281,137,144
W00001312,316,158,158
W00010458,332,166,166
W00010493,343,177,166
W00001294,265,135,130
W00001305,203,111,92
W00001306,297,160,137
W00001307,267,132,135
W00001308,275,146,129
W00001309,296,148,148
W00001026,232,117,115
W00001027,280,140,140
W00001029,206,108,98
W00001030,226,113,113
W00001032,302,140,162
W00001074,330,174,156
W00001075,255,128,127
W00001076,464,231,233
W00001077,312,151,161
W00001078,272,142,130
W00001102,338,175,163
W00001103,227,117,110
W00001104,269,129,140
W00001105,362,182,180
W00001106,382,200,182
W00001107,340,179,161
W00001108,391,183,208
W00001028,314,150,164
W00001031,301,148,153
W00001033,386,195,191
W00001092,306,153,153
W00001093,303,153,150
W00001094,298,151,147
W00001095,304,156,148
W00001114,235,105,130
W00001119,367,179,188
W00001121,257,123,134
W00001122,424,206,218
W00001109,278,145,133
W00001110,216,104,112
W00001115,331,172,159
W00001118,297,148,149
W00001120,289,153,136
W00001111,433,224,209
W00001112,276,142,134
W00001113,227,117,110
W00001116,187,101,86
W00001117,210,113,97
W00001226,247,133,114
W00001228,258,139,119
W00001229,276,146,130
W00001233,206,113,93
W00001235,268,139,129
W00001237,282,148,134
W00001225,246,121,125
W00001227,249,113,136
W00001230,261,136,125
W00001231,317,155,162
W00001232,262,140,122
W00001234,232,127,105
W00001236,352,189,163
W00001247,209,111,98
W00001248,210,112,98
W00001249,367,187,180
W00001251,239,129,110
W00001255,308,156,152
W00001240,326,170,156
W00001246,305,159,146
W00001252,238,132,106
W00001253,495,245,250
W00001256,271,141,130
W00001241,243,133,110
W00001243,274,139,135
W00001244,255,141,114
W00001257,281,156,125
W00001259,253,134,119
W00001242,324,180,144
W00001258,301,145,156
W00001260,344,176,168
W00001261,311,164,147
W00010457,485,239,246
W00010477,426,223,203
W00010480,108,66,42
W00001238,378,185,193
W00001239,353,171,182
W00001245,253,129,124
W00001250,351,190,161
W00001535,486,258,228
W00001536,241,120,121
W00001537,178,91,87
W00001538,289,140,149
W00001539,207,106,101
W00001540,354,180,174
W00001541,127,69,58
W00001592,256,142,114
W00001593,188,100,88
W00001594,202,106,96
W00001595,308,153,155
W00001596,273,135,138
W00001597,247,133,114
W00001813,140,75,65
W00001815,214,101,113
W00001816,298,152,146
W00001817,283,155,128
W00001818,204,105,99
W00010018,311,163,148
W00010021,315,157,158
W00001642,311,169,142
W00001643,435,219,216
W00001644,313,154,159
W00001645,360,187,173
W00001646,296,151,145
W00001647,340,159,181
W00001648,390,178,212
W00001716,285,136,149
W00001717,463,227,236
W00001718,252,120,132
W00001719,177,101,76
W00001720,245,129,116
W00001721,276,142,134
W00001722,195,94,101
W00001824,356,188,168
W00001825,215,108,107
W00001826,215,105,110
W00001827,298,146,152
W00001828,303,150,153
W00001829,272,133,139
W00001830,241,118,123
W00001831,344,171,173
W00001356,430,223,207
W00001357,316,166,150
W00001358,296,135,161
W00001359,188,94,94
W00001360,369,183,186
W00001361,252,132,120
W00001362,426,210,216
W00001363,286,148,138
W00001364,270,135,135
W00001365,258,133,125
W00001366,291,145,146
W00001367,272,147,125
W00001368,315,178,137
W00001583,435,229,206
W00001585,197,112,85
W00001586,292,154,138
W00001589,323,162,161
W00001591,302,154,148
W00001584,361,183,178
W00001587,299,136,163
W00001588,316,171,145
W00001590,254,137,117
W00001629,415,224,191
W00001630,232,124,108
W00001631,313,146,167
W00001632,301,133,168
W00001633,300,153,147
W00001634,339,168,171
W00001635,178,82,96
W00001636,485,262,223
W00001637,274,143,131
W00001638,267,137,130
W00001639,270,140,130
W00001640,283,146,137
W00001641,346,167,179
W00001542,320,175,145
W00001543,181,97,84
W00001544,157,75,82
W00001545,310,169,141
W00001546,290,147,143
W00001547,327,179,148
W00001548,255,125,130
W00001549,332,175,157
W00001552,289,155,134
W00001553,308,156,152
W00001556,329,180,149
W00001561,215,108,107
W00001562,131,71,60
W00001566,337,178,159
W00001567,461,237,224
W00001568,350,185,165
W00001570,328,174,154
W00001565,325,162,163
W00001569,325,176,149
W00001572,201,103,98
W00010463,148,75,73
W00010464,157,75,82
W00010467,621,309,312
W00010482,405,198,207
W00010487,215,103,112
W00010488,309,138,171
W00001550,421,211,210
W00001555,352,174,178
W00001557,263,139,124
W00001563,294,153,141
W00001551,241,126,115
W00001554,223,121,102
W00001558,257,127,130
W00001559,332,170,162
W00001560,271,159,112
W00001573,557,280,277
W00001574,245,123,122
W00001579,311,155,156
W00001581,326,166,160
W00001582,444,225,219
W00001575,130,72,58
W00001576,355,185,170
W00001577,460,241,219
W00001578,282,140,142
W00001580,342,183,159
W00001388,361,169,192
W00001389,354,179,175
W00001390,311,172,139
W00001391,439,229,210
W00001392,270,125,145
W00001393,163,80,83
W00001394,209,108,101
W00001457,337,161,176
W00001458,284,147,137
W00001459,353,169,184
W00001460,273,135,138
W00001451,163,82,81
W00001452,243,124,119
W00001453,264,139,125
W00001454,125,61,64
W00001455,185,102,83
W00001456,261,122,139
W00001461,294,148,146
W00001462,425,224,201
W00001463,394,210,184
W00001464,228,129,99
W00001465,236,115,121
W00001466,213,108,105
W00001611,248,135,113
W00001612,340,171,169
W00001613,355,177,178
W00001614,289,141,148
W00001615,279,137,142
W00001616,207,109,98
W00001467,301,174,127
W00001468,300,161,139
W00001470,291,145,146
W00001473,345,183,162
W00001474,301,143,158
W00001469,242,117,125
W00001471,225,110,115
W00001472,290,151,139
W00001475,225,112,113
W00001476,369,185,184
W00001477,240,110,130
W00001478,324,177,147
W00001490,309,144,165
W00001492,290,139,151
W00001493,300,153,147
W00001495,288,145,143
W00001480,351,173,178
W00001482,327,166,161
W00001486,332,182,150
W00001491,156,73,83
W00001494,310,160,150
W00001479,308,141,167
W00001481,296,146,150
W00001483,285,136,149
W00001485,321,172,149
W00001484,303,163,140
W00001487,280,139,141
W00001488,304,167,137
W00001489,480,244,236
W00001504,262,128,134
W00001505,302,147,155
W00001506,315,173,142
W00001511,301,154,147
W00001497,339,173,166
W00001502,282,149,133
W00001503,237,121,116
W00001507,318,164,154
W00001513,313,156,157
W00001514,313,162,151
W00001515,465,215,250
W00001516,330,168,162
W00001517,383,203,180
W00001518,254,126,128
W00001519,281,129,152
W00001783,446,225,221
W00001787,290,137,153
W00001788,471,236,235
W00010465,157,87,70
W00010471,461,222,239
W00001784,310,158,152
W00001785,278,139,139
W00001786,331,153,178
W00001789,267,140,127
W00001791,333,178,155
W00001792,283,138,145
W00001793,257,113,144
W00001794,328,164,164
W00001795,294,143,151
W00001796,297,163,134
W00001797,285,129,156
W00001798,292,143,149
W00001800,361,176,185
W00001803,236,136,100
W00001805,287,128,159
W00001799,322,160,162
W00001801,461,274,187
W00001802,354,177,177
W00001804,297,153,144
W00001806,351,178,173
W00001807,273,139,134
W00001808,295,141,154
W00001809,302,146,156
W00001810,383,187,196
W00001811,261,142,119
W00001812,282,151,131
W00001346,266,140,126
W00001347,338,173,165
W00001348,244,140,104
W00001353,260,137,123
W00001354,227,129,98
W00001355,292,154,138
W00001496,245,131,114
W00001498,235,120,115
W00001500,289,142,147
W00001512,262,133,129
W00010473,213,96,117
W00010474,497,256,241
W00001501,346,176,170
W00001508,433,217,216
W00001509,332,161,171
W00001510,522,252,270
W00001743,406,209,197
W00001745,391,196,195
W00001746,174,93,81
W00001747,186,95,91
W00010462,195,98,97
W00010466,475,267,208
W00001671,263,137,126
W00001672,289,144,145
W00001677,298,150,148
W00001678,248,119,129
W00001679,202,109,93
W00001680,374,199,175
W00001674,313,152,161
W00001675,310,151,159
W00001676,258,123,135
W00001681,332,181,151
W00010022,398,193,205
W00001760,479,243,236
W00001761,285,136,149
W00001763,269,129,140
W00001765,290,136,154
W00001766,257,127,130
W00010455,326,145,181
W00001423,454,234,220
W00001424,260,138,122
W00001427,477,228,249
W00001429,528,275,253
W00001422,266,151,115
W00001425,245,117,128
W00001426,336,179,157
W00001428,408,209,199
W00001430,231,120,111
W00001733,310,151,159
W00001736,307,153,154
W00001737,332,179,153
W00001738,199,104,95
W00001742,416,215,201
W00001734,276,148,128
W00001735,445,225,220
W00001739,278,146,132
W00001740,212,113,99
W00001741,288,149,139
W00001345,289,144,145
W00001349,446,217,229
W00001350,297,151,146
W00001351,292,166,126
W00001352,219,111,108
W00001431,237,126,111
W00001432,335,162,173
W00001436,390,197,193
W00001438,443,219,224
W00001444,251,133,118
W00001524,362,179,183
W00001526,422,223,199
W00001532,389,220,169
W00001533,346,181,165
W00001534,207,110,97
W00001522,305,154,151
W00001523,330,160,170
W00001525,344,163,181
W00001528,302,158,144
W00001530,315,163,152
W00001520,346,181,165
W00001521,431,224,207
W00001527,355,174,181
W00001531,415,200,215
W00010017,293,156,137
W00010454,341,160,181
W00001617,502,252,250
W00001618,279,145,134
W00001619,300,154,146
W00001620,210,117,93
W00001621,222,110,112
W00001622,257,125,132
W00001623,158,94,64
W00001336,284,141,143
W00001342,326,172,154
W00001343,273,140,133
W00001344,305,162,143
W00001337,313,155,158
W00001338,304,154,150
W00001339,263,129,134
W00001340,303,153,150
W00001341,237,127,110
W00001410,303,151,152
W00001413,337,166,171
W00001419,285,156,129
W00001420,251,134,117
W00001421,240,126,114
W00001723,317,163,154
W00001727,583,310,273
W00001730,241,118,123
W00001731,208,99,109
W00001732,287,142,145
W00001724,329,166,163
W00001725,269,131,138
W00001726,171,89,82
W00001728,328,155,173
W00001729,282,141,141
W00001369,273,145,128
W00001370,267,137,130
W00001371,292,152,140
W00001372,318,161,157
W00001373,477,228,249
W00001374,283,141,142
W00001375,361,174,187
W00001377,336,165,171
W00001378,314,171,143
W00001380,312,179,133
W00001381,290,153,137
W00001387,293,159,134
W00001376,330,165,165
W00001379,289,147,142
W00001382,233,115,118
W00001384,262,140,122
W00001385,284,146,138
W00001386,260,141,119
W00010475,208,109,99
W00010483,520,249,271
W00010491,333,150,183
W00001767,272,141,131
W00001768,296,138,158
W00001769,402,210,192
W00001770,349,186,163
W00001771,302,154,148
W00001773,245,133,112
W00001775,293,148,145
W00001777,337,180,157
W00001779,304,149,155
W00001781,324,153,171
W00010469,349,172,177
W00010486,219,118,101
W00001772,341,173,168
W00001774,271,123,148
W00001776,260,136,124
W00001780,275,141,134
W00001782,297,145,152
W00001683,245,135,110
W00001685,277,145,132
W00001687,279,148,131
W00001689,305,159,146
W00001690,497,247,250
W00001684,299,161,138
W00001686,264,134,130
W00001688,272,149,123
W00001691,287,151,136
W00001692,301,169,132
W00001693,245,125,120
W00001694,340,175,165
W00001695,289,152,137
W00001696,259,135,124
W00001697,215,116,99
W00001698,308,160,148
W00001700,277,154,123
W00001702,375,196,179
W00001703,296,153,143
W00001704,280,145,135
W00001699,286,147,139
W00001701,331,150,181
W00001706,345,181,164
W00010460,165,83,82
W00010472,479,240,239
W00001707,313,161,152
W00001708,253,135,118
W00001714,303,156,147
W00001715,328,166,162
W00001709,268,145,123
W00001710,277,142,135
W00001711,246,124,122
W00001712,185,97,88
W00001713,461,241,220
W00001396,290,147,143
W00001400,266,133,133
W00001402,312,169,143
W00001403,309,158,151
W00001404,206,112,94
W00001405,291,158,133
W00001395,304,163,141
W00001397,281,141,140
W00001398,211,109,102
W00001399,270,147,123
W00001401,336,169,167
W00001406,317,164,153
W00001407,260,132,128
W00001412,200,95,105
W00001414,313,152,161
W00001417,339,165,174
W00001418,307,168,139
W00001408,338,169,169
W00001409,312,170,142
W00001411,156,76,80
W00001415,236,119,117
W00001416,301,168,133
W00001434,214,127,87
W00001435,294,137,157
W00001442,363,193,170
W00010478,260,132,128
W00010479,269,135,134
W00010484,264,137,127
W00001433,282,146,136
W00001437,214,114,100
W00001439,417,214,203
W00001440,529,262,267
W00001443,597,284,313
W00001624,324,161,163
W00001625,391,201,190
W00001626,419,224,195
W00001627,263,141,122
W00001628,333,171,162
W00001748,444,226,218
W00001753,308,167,141
W00001754,332,172,160
W00001756,303,160,143
W00010485,615,306,309
W00010490,101,46,55
W00010492,127,63,64
W00001749,341,169,172
W00001750,340,174,166
W00001751,313,157,156
W00001752,363,191,172
W00001757,291,146,145
W00001758,539,266,273
W00001759,292,152,140
W00001598,290,144,146
W00001599,256,133,123
W00001600,230,120,110
W00001601,325,161,164
W00001602,258,130,128
W00001603,205,101,104
W00001604,321,158,163
W00001605,524,252,272
W00001608,160,76,84
W00001609,316,152,164
W00001610,229,121,108
W00010023,398,208,190
W00001658,306,164,142
W00001659,265,135,130
W00001660,279,147,132
W00001661,337,170,167
W00001662,265,143,122
W00001663,296,156,140
W00001664,376,187,189
W00001819,283,147,136
W00001820,382,198,184
W00001821,285,140,145
W00001822,456,224,232
W00001823,280,144,136
W00001445,248,132,116
W00001446,286,149,137
W00001447,216,111,105
W00001448,259,135,124
W00001449,225,133,92
W00001450,328,169,159
W00001652,215,101,114
W00001653,209,108,101
W00001654,290,148,142
W00001655,429,212,217
W00001656,281,150,131
W00001649,309,161,148
W00001650,265,127,138
W00001651,313,158,155
W00001657,294,151,143
W00001665,201,109,92
W00001666,226,119,107
W00001667,381,205,176
W00001668,298,146,152
W00001669,352,181,171
W00001670,420,212,208
W00001999,349,168,181
W00002000,244,127,117
W00002004,265,137,128
W00002008,271,137,134
W00002009,235,120,115
W00002001,468,240,228
W00002010,352,175,177
W00002011,548,282,266
W00010028,223,118,105
W00010036,526,272,254
W00002002,237,124,113
W00002003,298,144,154
W00002005,235,121,114
W00002006,289,144,145
W00002007,282,139,143
W00002078,324,166,158
W00002079,304,153,151
W00002081,281,143,138
W00002083,273,138,135
W00002085,256,125,131
W00002077,236,130,106
W00002080,272,144,128
W00002082,305,154,151
W00002084,307,155,152
W00002091,287,139,148
W00002092,210,107,103
W00002014,422,220,202
W00002016,305,168,137
W00002020,396,208,188
W00010042,427,204,223
W00002017,225,124,101
W00002018,305,163,142
W00002019,485,257,228
W00002021,295,142,153
W00002023,302,158,144
W00002024,286,140,146
W00002025,255,112,143
W00002026,314,161,153
W00002027,218,124,94
W00002031,248,125,123
W00002022,560,281,279
W00002028,282,144,138
W00002029,282,148,134
W00002030,347,185,162
W00001884,261,138,123
W00001885,264,133,131
W00001886,244,123,121
W00001887,215,112,103
W00001888,470,232,238
W00001889,272,128,144
W00001890,151,76,75
W00001891,190,100,90
W00001993,292,145,147
W00001994,327,193,134
W00001995,274,155,119
W00001996,225,104,121
W00001997,318,166,152
W00001998,310,168,142
W00002123,611,314,297
W00002130,481,248,233
W00002131,266,140,126
W00002132,286,145,141
W00002133,185,98,87
W00002124,229,116,113
W00002125,323,167,156
W00002126,324,156,168
W00002127,330,181,149
W00002128,205,105,100
W00002129,623,321,302
W00001862,249,123,126
W00001864,273,138,135
W00001866,424,216,208
W00001867,483,254,229
W00010027,542,278,264
W00010029,329,146,183
W00010030,212,98,114
W00010033,307,157,150
W00001863,275,154,121
W00001868,245,123,122
W00001869,316,172,144
W00001870,349,170,179
W00001871,257,129,128
W00001942,325,163,162
W00001948,317,161,156
W00001949,330,174,156
W00001950,324,179,145
W00001951,205,107,98
W00001940,361,182,179
W00001944,261,128,133
W00001945,346,185,161
W00001946,247,137,110
W00001947,260,144,116
W00001937,318,151,167
W00001938,327,161,166
W00001939,307,148,159
W00001941,279,135,144
W00001943,218,107,111
W00001968,282,149,133
W00001969,265,135,130
W00001970,280,149,131
W00001971,283,148,135
W00001972,233,122,111
W00001973,301,156,145
W00001974,332,161,171
W00001987,235,129,106
W00001988,259,116,143
W00001991,339,170,169
W00001992,223,130,93
W00001985,436,195,241
W00001986,406,186,220
W00001989,425,206,219
W00001990,257,134,123
W00002063,240,127,113
W00002066,316,161,155
W00002067,285,140,145
W00002068,282,142,140
W00002061,292,151,141
W00002062,275,147,128
W00002064,273,144,129
W00002065,266,132,134
W00002244,301,143,158
W00002245,221,117,104
W00002246,236,127,109
W00002247,260,123,137
W00002248,234,134,100
W00002249,299,155,144
W00002250,347,166,181
W00002251,245,120,125
W00002199,282,161,121
W00002201,324,178,146
W00002203,434,251,183
W00002204,296,173,123
W00002197,300,161,139
W00002198,379,193,186
W00002200,226,118,108
W00002202,311,165,146
W00002261,326,161,165
W00002262,294,151,143
W00002263,352,174,178
W00002264,271,143,128
W00002265,283,145,138
W00002266,265,139,126
W00002267,256,134,122
W00001892,339,185,154
W00001893,365,183,182
W00001894,259,137,122
W00001895,417,206,211
W00001896,292,149,143
W00001897,276,137,139
W00001898,315,163,152
W00001874,263,138,125
W00001876,245,142,103
W00001882,346,187,159
W00001883,265,129,136
W00010024,396,194,202
W00010035,241,126,115
W00010040,530,262,268
W00001872,261,127,134
W00001875,321,149,172
W00001881,220,117,103
W00010456,417,183,234
W00010470,263,124,139
W00010476,345,182,163
W00001952,380,187,193
W00001953,382,170,212
W00001954,286,141,145
W00001955,392,213,179
W00001956,284,143,141
W00001957,301,148,153
W00002134,244,133,111
W00002135,291,147,144
W00002136,346,166,180
W00002137,242,130,112
W00002138,367,188,179
W00002139,427,207,220
W00002140,301,137,164
W00002141,325,139,186
W00002032,372,187,185
W00002033,233,122,111
W00002036,156,81,75
W00002040,346,181,165
W00002034,342,169,173
W00002035,312,152,160
W00002037,207,77,130
W00002038,198,100,98
W00002039,337,171,166
W00002253,347,183,164
W00002254,292,165,127
W00002255,427,230,197
W00002256,375,198,177
W00010025,197,94,103
W00010031,269,140,129
W00010032,302,147,155
W00002257,350,179,171
W00002258,297,160,137
W00002259,310,142,168
W00002260,326,174,152
W00002237,299,148,151
W00002238,380,182,198
W00002239,187,98,89
W00002243,322,158,164
W00002236,346,178,168
W00002240,432,206,226
W00002241,414,199,215
W00002242,230,105,125
W00002119,299,157,142
W00002120,366,180,186
W00002121,310,155,155
W00002122,234,117,117
W00002115,552,278,274
W00002116,139,74,65
W00002117,106,60,46
W00002118,290,150,140
W00002160,299,160,139
W00002161,307,157,150
W00002162,321,176,145
W00002163,296,140,156
W00002164,285,140,145
W00002165,380,191,189
W00002166,298,159,139
W00002167,283,139,144
W00002168,360,178,182
W00002169,325,157,168
W00002170,254,146,108
W00001961,225,112,113
W00001963,370,187,183
W00001965,305,156,149
W00001966,257,139,118
W00001967,319,171,148
W00001958,256,137,119
W00001959,117,53,64
W00001960,266,134,132
W00001962,326,167,159
W00001964,318,161,157
W00002050,287,148,139
W00002052,307,147,160
W00002054,261,129,132
W00002055,315,165,150
W00002059,276,149,127
W00002060,291,156,135
W00002182,476,252,224
W00002184,280,137,143
W00002185,302,146,156
W00002186,363,186,177
W00002196,281,141,140
W00002051,293,159,134
W00002053,175,88,87
W00002056,338,178,160
W00002057,312,166,146
W00002058,311,156,155
W00002153,294,167,127
W00002154,332,189,143
W00002155,375,212,163
W00002156,371,203,168
W00002157,352,175,177
W00002158,281,138,143
W00002159,281,142,139
W00002183,269,128,141
W00002187,304,155,149
W00002188,239,116,123
W00002192,221,121,100
W00002193,255,131,124
W00002194,237,128,109
W00002181,310,159,151
W00002189,282,146,136
W00002190,309,161,148
W00002191,280,148,132
W00002195,302,135,167
W00002100,366,192,174
W00002103,245,119,126
W00002106,299,142,157
W00002107,258,118,140
W00002101,253,133,120
W00002102,269,138,131
W00002104,242,131,111
W00002105,274,146,128
W00002171,295,150,145
W00002172,271,135,136
W00002173,406,206,200
W00002174,412,209,203
W00002227,122,60,62
W00002229,192,84,108
W00002231,260,135,125
W00002232,246,135,111
W00010034,341,169,172
W00010039,272,142,130
W00002226,324,182,142
W00002228,410,187,223
W00002233,299,156,143
W00002234,226,105,121
W00002235,274,146,128
W00001901,278,139,139
W00001902,283,147,136
W00001909,496,232,264
W00001910,310,150,160
W00001911,279,137,142
W00001899,235,111,124
W00001900,384,186,198
W00001904,275,138,137
W00001912,229,111,118
W00001913,298,153,145
W00001914,328,170,158
W00001903,309,142,167
W00001905,321,175,146
W00001906,333,173,160
W00001907,308,151,157
W00001908,340,171,169
W00002069,315,150,165
W00002070,313,155,158
W00002071,212,102,110
W00002072,308,161,147
W00002073,309,149,160
W00002074,289,138,151
W00002075,248,134,114
W00002175,293,158,135
W00002176,295,164,131
W00002177,331,177,154
W00002178,303,166,137
W00002179,303,165,138
W00002180,365,200,165
W00001852,285,149,136
W00001853,320,157,163
W00001854,249,128,121
W00001855,246,132,114
W00001861,490,247,243
W00001856,284,154,130
W00001857,289,144,145
W00001858,275,133,142
W00001859,283,144,139
W00001860,348,173,175
W00002142,337,175,162
W00002143,259,130,129
W00002144,336,166,170
W00002145,384,188,196
W00002146,157,83,74
W00002147,575,282,293
W00002148,221,123,98
W00002149,232,130,102
W00002150,279,144,135
W00002151,361,185,176
W00002152,181,98,83
W00001926,234,113,121
W00001927,229,129,100
W00001929,407,207,200
W00001930,321,180,141
W00001923,320,166,154
W00001924,291,133,158
W00001925,306,158,148
W00001928,311,173,138
W00001931,324,168,156
W00001932,343,201,142
W00001933,325,192,133
W00001934,377,199,178
W00001935,412,214,198
W00001936,193,88,105
W00001915,299,150,149
W00001916,206,105,101
W00001917,299,140,159
W00001918,301,145,156
W00001919,322,169,153
W00001920,216,115,101
W00001921,219,114,105
W00001922,202,99,103
W00001975,263,133,130
W00001977,257,143,114
W00001978,262,134,128
W00001979,249,125,124
W00001983,229,121,108
W00001976,371,193,178
W00001980,334,190,144
W00001981,262,139,123
W00001982,282,149,133
W00001984,288,148,140
W00002076,444,218,226
W00002086,123,60,63
W00002087,489,257,232
W00002088,154,73,81
W00002089,272,134,138
W00002090,254,130,124
W00002108,353,177,176
W00002109,320,158,162
W00002110,286,136,150
W00002111,339,171,168
W00002112,271,138,133
W00002113,274,141,133
W00002114,304,146,158
W00002043,286,147,139
W00002044,251,134,117
W00002045,228,110,118
W00002046,322,163,159
W00002215,299,158,141
W00002216,313,165,148
W00002219,229,122,107
W00002220,327,159,168
W00002225,366,189,177
W00002217,331,172,159
W00002218,258,135,123
W00002221,252,127,125
W00002222,308,152,156
W00002223,300,152,148
W00002224,304,146,158
W00002047,453,221,232
W00002049,395,198,197
W00010468,1672,83,1589
W00010494,144,74,70
W00002041,362,181,181
W00010026,289,155,134
W00010037,338,162,176
W00010038,322,160,162
W00001832,280,136,144
W00001835,278,147,131
W00001837,378,196,182
W00001839,295,160,135
W00001840,320,170,150
W00001833,216,110,106
W00001834,235,134,101
W00001836,326,174,152
W00001838,240,134,106
W00001841,253,134,119
W00001842,265,128,137
W00001843,260,126,134
W00001846,267,137,130
W00001848,247,129,118
W00001849,254,135,119
W00001844,264,141,123
W00001845,220,110,110
W00001847,250,131,119
W00001850,313,151,162
W00001851,194,100,94
W00002093,253,131,122
W00002094,262,147,115
W00002095,317,167,150
W00002096,261,133,128
W00002097,247,138,109
W00002098,320,160,160
W00002099,277,135,142
W00002207,238,121,117
W00002209,262,124,138
W00002210,255,137,118
W00002212,261,132,129
W00002213,202,102,100
W00002214,212,99,113
W00002205,396,200,196
W00002206,262,141,121
W00002208,228,124,104
W00002211,291,142,149
W00002791,353,178,175
W00002792,285,133,152
W00002793,358,188,170
W00002794,265,150,115
W00002795,316,163,153
W00002796,287,159,128
W00002929,138,69,69
W00002930,245,120,125
W00002931,176,100,76
W00002932,363,198,165
W00002933,355,185,170
W00002934,214,104,110
W00002935,275,144,131
W00002936,195,97,98
W00002937,199,102,97
W00002938,539,282,257
W00002939,440,234,206
W00002940,400,199,201
W00002778,226,111,115
W00002779,174,86,88
W00002780,179,89,90
W00002781,288,153,135
W00002782,248,130,118
W00002783,134,69,65
W00002784,353,189,164
W00002785,352,186,166
W00002736,380,197,183
W00002737,275,128,147
W00002738,261,123,138
W00010054,298,171,127
W00010064,141,79,62
W00002739,277,133,144
W00002740,272,115,157
W00002741,242,118,124
W00002742,315,149,166
W00002743,296,138,158
W00002744,258,103,155
W00002745,194,98,96
W00002746,257,131,126
W00002763,281,126,155
W00002764,236,117,119
W00002766,281,134,147
W00002771,374,159,215
W00002747,219,108,111
W00002752,334,179,155
W00002809,276,148,128
W00010063,132,65,67
W00010659,152,84,68
W00010681,1808,894,914
W00002748,328,173,155
W00002751,224,136,88
W00010052,363,177,186
W00010057,244,118,126
W00010058,255,131,124
W00002754,258,136,122
W00002755,324,166,158
W00002757,213,107,106
W00002758,244,130,114
W00002759,277,151,126
W00002753,360,185,175
W00002756,407,202,205
W00002760,266,146,120
W00002761,287,157,130
W00002762,325,181,144
W00002765,235,120,115
W00002767,213,105,108
W00002768,126,75,51
W00002769,148,71,77
W00002770,289,146,143
W00002827,236,118,118
W00002829,186,86,100
W00010060,288,156,132
W00010066,330,165,165
W00002825,244,111,133
W00002826,166,77,89
W00002828,315,159,156
W00002831,727,387,340
W00002704,230,118,112
W00002705,241,132,109
W00002706,239,119,120
W00002707,173,95,78
W00002708,192,104,88
W00002709,199,102,97
W00002797,341,174,167
W00002798,262,137,125
W00002799,251,118,133
W00002800,197,106,91
W00002801,315,159,156
W00002802,298,155,143
W00002803,257,131,126
W00002875,275,133,142
W00002876,281,152,129
W00002877,302,153,149
W00002878,330,164,166
W00002879,353,175,178
W00002880,336,167,169
W00002881,319,153,166
W00002882,253,122,131
W00002886,279,137,142
W00002883,235,124,111
W00002884,331,167,164
W00002885,335,168,167
W00002887,253,123,130
W00002914,236,117,119
W00002915,267,136,131
W00002916,200,104,96
W00002917,270,143,127
W00002918,374,197,177
W00002919,349,174,175
W00002920,288,150,138
W00002820,485,241,244
W00002821,304,165,139
W00002822,259,124,135
W00002823,345,175,170
W00002824,179,99,80
W00002838,308,163,145
W00002839,219,109,110
W00002840,228,117,111
W00002841,280,136,144
W00002842,385,182,203
W00002843,308,160,148
W00002844,155,80,75
W00002910,346,182,164
W00002911,128,64,64
W00002912,232,120,112
W00002913,186,92,94
W00002812,291,148,143
W00002816,290,139,151
W00002818,182,91,91
W00010061,112,48,64
W00010067,276,167,109
W00002811,259,137,122
W00002813,200,101,99
W00002814,383,194,189
W00002815,294,165,129
W00002819,217,108,109
W00002856,362,188,174
W00002857,286,147,139
W00002858,355,185,170
W00002859,186,81,105
W00002860,264,128,136
W00002861,284,142,142
W00002862,302,149,153
W00002868,174,92,82
W00002869,226,115,111
W00002870,196,105,91
W00002871,211,106,105
W00002872,206,107,99
W00002873,184,94,90
W00002874,193,96,97
W00002888,305,167,138
W00002889,253,137,116
W00002890,242,130,112
W00002891,233,123,110
W00002892,248,136,112
W00002893,250,127,123
W00002894,213,107,106
W00002712,164,79,85
W00002714,272,145,127
W00002715,231,118,113
W00002716,348,177,171
W00002717,125,63,62
W00002710,163,81,82
W00002711,407,203,204
W00002713,232,126,106
W00002718,241,131,110
W00002719,461,243,218
W00002720,212,120,92
W00002721,280,154,126
W00002722,269,143,126
W00002723,240,131,109
W00002724,200,113,87
W00002725,198,106,92
W00002726,235,120,115
W00002727,227,120,107
W00002728,289,148,141
W00002729,196,96,100
W00002730,236,123,113
W00002731,452,221,231
W00002732,270,122,148
W00002733,205,112,93
W00002734,246,116,130
W00002921,327,165,162
W00002922,282,149,133
W00002923,270,136,134
W00002924,256,136,120
W00002925,344,181,163
W00002926,246,136,110
W00002927,239,122,117
W00002928,309,153,156
W00002772,332,172,160
W00002773,263,132,131
W00002774,316,180,136
W00002775,253,120,133
W00002776,292,137,155
W00002777,306,165,141
W00002786,268,137,131
W00002787,240,119,121
W00002788,260,135,125
W00002789,226,105,121
W00002790,205,101,104
W00002832,268,141,127
W00002833,227,119,108
W00002834,471,253,218
W00002835,156,81,75
W00002836,271,137,134
W00002837,370,201,169
W00002845,293,162,131
W00002846,242,125,117
W00002847,212,108,104
W00002848,188,101,87
W00002849,238,122,116
W00002850,165,76,89
W00002945,257,129,128
W00002946,252,124,128
W00002947,318,175,143
W00002948,271,142,129
W00002949,281,139,142
W00002805,255,144,111
W00002806,332,192,140
W00002807,264,145,119
W00002808,375,193,182
W00002851,401,205,196
W00002852,294,140,154
W00002853,278,132,146
W00002854,257,120,137
W00002855,290,150,140
W00002863,314,150,164
W00002864,306,149,157
W00002865,245,123,122
W00002866,245,117,128
W00002867,251,126,125
W00002895,346,162,184
W00002896,348,166,182
W00002897,272,139,133
W00002898,162,81,81
W00002899,312,170,142
W00002900,396,200,196
W00002901,368,187,181
W00002902,208,110,98
W00002903,260,136,124
W00002904,257,134,123
W00002905,341,177,164
W00002906,249,119,130
W00002907,272,136,136
W00002908,191,91,100
W00002909,235,121,114
W00002941,251,135,116
W00002942,313,159,154
W00002943,276,140,136
W00002944,314,174,140
W00002950,364,191,173
W00002951,340,173,167
W00002952,390,194,196
W00002953,263,130,133
W00002954,353,171,182
W00002955,296,138,158
W00002978,383,192,191
W00002979,300,140,160
W00002980,287,147,140
W00002981,305,148,157
W00002982,296,152,144
W00002983,283,136,147
W00002984,270,138,132
W00002985,306,144,162
W00002986,433,221,212
W00002987,380,197,183
W00002988,334,163,171
W00002991,320,169,151
W00002992,212,104,108
W00002994,363,174,189
W00002995,402,205,197
W00002989,396,197,199
W00002990,458,225,233
W00002993,439,224,215
W00003289,284,146,138
W00003290,255,125,130
W00003291,308,155,153
W00003292,292,156,136
W00003293,248,136,112
W00003294,245,127,118
W00003295,197,97,100
W00003296,228,130,98
W00002996,299,146,153
W00002997,286,144,142
W00002998,198,106,92
W00002999,273,133,140
W00003000,266,147,119
W00003001,284,147,137
W00003010,385,194,191
W00003011,333,176,157
W00003012,324,167,157
W00003013,278,162,116
W00003014,263,129,134
W00003015,248,123,125
W00003016,305,159,146
W00003017,392,210,182
W00003018,245,129,116
W00003019,299,151,148
W00003020,349,163,186
W00003021,294,149,145
W00003022,335,171,164
W00003023,409,211,198
W00003024,323,171,152
W00003025,259,131,128
W00003026,402,199,203
W00003199,280,148,132
W00003200,215,118,97
W00003201,256,141,115
W00003202,307,156,151
W00003314,417,212,205
W00003315,392,211,181
W00003316,318,154,164
W00003317,393,197,196
W00003095,458,233,225
W00003096,429,231,198
W00003097,407,195,212
W00003098,434,238,196
W00003099,324,170,154
W00003100,324,159,165
W00003108,313,165,148
W00003109,340,167,173
W00003110,216,98,118
W00003111,231,109,122
W00003112,298,136,162
W00003283,285,142,143
W00003284,290,160,130
W00003285,312,155,157
W00003286,217,110,107
W00003287,402,189,213
W00003288,244,141,103
W00003318,386,200,186
W00003319,520,185,335
W00003320,221,102,119
W00003321,236,130,106
W00003322,151,75,76
W00003323,196,100,96
W00003115,397,215,182
W00003116,355,188,167
W00003117,305,161,144
W00003118,194,108,86
W00003119,423,220,203
W00003113,217,119,98
W00003114,257,131,126
W00003120,369,185,184
W00003121,317,163,154
W00003122,265,125,140
W00003277,187,93,94
W00003279,276,144,132
W00003280,462,237,225
W00003281,194,96,98
W00003282,359,180,179
W00010679,327,178,149
W00010680,305,158,147
W00003348,392,194,198
W00003349,250,121,129
W00003350,230,116,114
W00003351,380,191,189
W00003352,379,181,198
W00003353,389,207,182
W00003037,273,136,137
W00003038,321,165,156
W00003041,268,133,135
W00003043,242,124,118
W00003035,240,128,112
W00003036,370,206,164
W00003039,241,142,99
W00003040,362,183,179
W00003042,255,123,132
W00003052,248,121,127
W00003053,274,143,131
W00003054,291,163,128
W00003055,327,165,162
W00003056,346,159,187
W00003057,348,192,156
W00003027,276,138,138
W00003029,240,130,110
W00003030,324,169,155
W00003031,355,162,193
W00003028,257,137,120
W00003032,307,127,180
W00003033,279,142,137
W00003034,264,139,125
W00003044,265,138,127
W00003045,377,194,183
W00003046,385,206,179
W00003047,375,216,159
W00003048,249,132,117
W00003049,291,154,137
W00003050,240,127,113
W00003051,250,135,115
W00003058,223,119,104
W00003059,295,154,141
W00003060,171,90,81
W00003062,261,132,129
W00003063,235,127,108
W00003064,253,122,131
W00003065,470,250,220
W00009986,301,169,132
W00009987,341,177,164
W00003134,319,172,147
W00003135,335,168,167
W00003136,285,157,128
W00003137,234,122,112
W00003138,384,211,173
W00003139,417,239,178
W00003140,244,124,120
W00003086,334,174,160
W00003087,380,200,180
W00003088,451,226,225
W00003089,383,198,185
W00003129,336,173,163
W00003130,298,150,148
W00003131,343,159,184
W00003132,238,117,121
W00003133,140,69,71
W00003187,516,266,250
W00003188,252,136,116
W00003189,227,109,118
W00003190,274,142,132
W00003191,277,147,130
W00003192,499,271,228
W00003193,321,158,163
W00003194,240,123,117
W00003195,402,209,193
W00003196,305,158,147
W00003197,416,221,195
W00003198,347,182,165
W00002966,215,108,107
W00002968,251,127,124
W00002969,434,211,223
W00010672,286,157,129
W00010689,334,167,167
W00002967,324,170,154
W00002970,276,144,132
W00002972,370,194,176
W00010654,211,109,102
W00003071,446,251,195
W00003072,445,245,200
W00003073,473,256,217
W00003074,252,122,130
W00003075,348,174,174
W00003076,249,120,129
W00003077,125,71,54
W00003078,439,217,222
W00003297,182,93,89
W00003298,420,207,213
W00003299,330,170,160
W00003300,240,128,112
W00003301,217,110,107
W00003343,263,132,131
W00003344,266,143,123
W00003345,231,109,122
W00003346,327,175,152
W00003347,323,156,167
W00002960,426,209,217
W00002961,198,101,97
W00002962,260,127,133
W00002963,348,175,173
W00010662,317,157,160
W00010683,308,157,151
W00003101,293,155,138
W00003102,313,170,143
W00003103,275,141,134
W00003104,319,157,162
W00003105,226,120,106
W00003106,448,235,213
W00003107,439,234,205
W00003203,324,166,158
W00003204,313,174,139
W00003205,338,159,179
W00003206,256,135,121
W00003207,302,162,140
W00003208,324,168,156
W00003209,315,156,159
W00003210,323,163,160
W00003211,227,115,112
W00003212,274,138,136
W00003213,265,147,118
W00003214,288,166,122
W00003215,266,135,131
W00003216,348,176,172
W00003141,289,146,143
W00003142,250,128,122
W00003143,275,159,116
W00003144,225,107,118
W00003146,282,145,137
W00003147,263,135,128
W00010677,201,81,120
W00010690,217,121,96
W00003149,229,118,111
W00003150,382,192,190
W00003151,184,97,87
W00003152,146,76,70
W00003153,282,140,142
W00003154,216,117,99
W00003155,329,173,156
W00010359,204,97,107
W00010687,365,197,168
W00003174,443,218,225
W00003175,508,255,253
W00010676,337,175,162
W00010684,286,142,144
W00003172,436,242,194
W00003173,227,120,107
W00003177,468,248,220
W00003178,306,151,155
W00002956,384,198,186
W00002957,210,113,97
W00002958,377,189,188
W00002959,254,140,114
W00003003,300,151,149
W00003004,259,126,133
W00003008,238,113,125
W00003009,329,154,175
W00003002,286,155,131
W00003005,258,134,124
W00003006,380,190,190
W00003007,376,191,185
W00003079,342,177,165
W00003080,348,183,165
W00003081,276,133,143
W00003082,248,129,119
W00003083,205,109,96
W00003084,429,207,222
W00003085,452,245,207
W00003302,333,174,159
W00003303,221,107,114
W00003304,175,97,78
W00003305,178,80,98
W00003306,215,110,105
W00003307,108,51,57
W00003308,173,87,86
W00003309,176,92,84
W00003310,196,102,94
W00003311,125,66,59
W00003312,262,144,118
W00003313,193,98,95
W00003156,302,140,162
W00003158,277,154,123
W00003159,288,141,147
W00003163,278,136,142
W00003157,321,172,149
W00003160,309,161,148
W00003161,244,137,107
W00003162,265,136,129
W00003164,351,182,169
W00003167,391,203,188
W00003168,211,106,105
W00010658,344,185,159
W00010667,345,165,180
W00003165,379,188,191
W00003166,295,154,141
W00003169,325,160,165
W00003170,332,180,152
W00003179,265,138,127
W00003180,300,147,153
W00003181,227,124,103
W00003182,304,148,156
W00003183,302,151,151
W00003184,340,170,170
W00003185,260,136,124
W00003186,193,90,103
W00003217,221,113,108
W00003218,283,140,143
W00003219,212,104,108
W00003220,292,137,155
W00003221,268,123,145
W00003222,322,154,168
W00003223,283,165,118
W00003224,324,197,127
W00003225,271,137,134
W00003228,309,163,146
W00003231,339,174,165
W00003226,289,159,130
W00003227,284,148,136
W00003229,280,144,136
W00003230,362,168,194
W00003232,298,154,144
W00003233,292,147,145
W00003234,294,151,143
W00003235,289,125,164
W00003236,260,121,139
W00003237,372,172,200
W00003238,239,123,116
W00003240,536,302,234
W00003241,363,197,166
W00003243,347,173,174
W00003245,231,117,114
W00003239,360,183,177
W00003242,536,257,279
W00003244,284,145,139
W00003246,309,156,153
W00003247,314,155,159
W00002974,300,158,142
W00002975,506,252,254
W00002976,378,198,180
W00002977,350,181,169
W00003090,414,207,207
W00003091,415,203,212
W00003092,339,165,174
W00003093,251,117,134
W00003094,305,165,140
W00003123,331,168,163
W00003124,287,146,141
W00003125,316,163,153
W00003126,329,171,158
W00003127,373,187,186
W00003128,424,216,208
W00003264,276,145,131
W00003265,287,146,141
W00003266,274,155,119
W00003267,296,157,139
W00003268,403,205,198
W00003269,303,164,139
W00003270,310,171,139
W00003271,262,134,128
W00003066,306,158,148
W00003067,158,81,77
W00003068,399,193,206
W00003069,459,226,233
W00003070,401,205,196
W00003248,320,172,148
W00003249,254,126,128
W00003250,374,197,177
W00003251,353,192,161
W00003252,391,207,184
W00003253,348,206,142
W00003255,373,182,191
W00003256,327,170,157
W00003257,346,171,175
W00003258,418,213,205
W00010686,369,189,180
W00010692,271,141,130
W00003259,278,150,128
W00003260,310,163,147
W00003261,288,131,157
W00003262,257,110,147
W00003263,286,156,130
W00003272,255,141,114
W00003273,237,113,124
W00003274,318,154,164
W00003275,599,327,272
W00003276,287,158,129
W00003324,214,118,96
W00003325,286,149,137
W00003326,285,147,138
W00003327,232,132,100
W00003328,234,113,121
W00003329,228,122,106
W00003330,257,139,118
W00003331,261,139,122
W00003332,122,62,60
W00003333,170,77,93
W00003334,155,77,78
W00003335,197,106,91
W00003336,379,195,184
W00003337,106,54,52
W00003338,205,105,100
W00003339,282,155,127
W00003340,171,95,76
W00003341,153,83,70
W00003342,153,75,78
W00003685,439,216,223
W00003687,316,162,154
W00003689,238,120,118
W00003690,305,149,156
W00003691,258,132,126
W00003686,317,161,156
W00003688,254,135,119
W00003692,363,174,189
W00003693,290,146,144
W00003770,362,191,171
W00003773,414,209,205
W00003774,316,155,161
W00003775,271,131,140
W00003776,242,126,116
W00003768,479,247,232
W00003769,239,119,120
W00003771,236,114,122
W00003772,228,126,102
W00003477,244,114,130
W00003478,195,104,91
W00003479,222,122,100
W00003480,297,145,152
W00003481,199,95,104
W00003482,265,136,129
W00003492,299,151,148
W00003493,322,161,161
W00003494,285,140,145
W00003495,438,222,216
W00003496,222,111,111
W00003647,300,151,149
W00003649,222,109,113
W00003654,233,112,121
W00003655,283,140,143
W00003656,324,142,182
W00003648,228,126,102
W00003650,354,163,191
W00003651,186,99,87
W00003652,235,124,111
W00003653,227,109,118
W00003470,285,141,144
W00003471,194,95,99
W00003472,233,116,117
W00003473,270,137,133
W00003474,325,171,154
W00003475,298,163,135
W00003476,521,293,228
W00003702,383,201,182
W00003703,277,138,139
W00003704,293,153,140
W00003705,314,165,149
W00003707,254,115,139
W00003710,172,88,84
W00003700,337,177,160
W00003701,345,176,169
W00003706,344,171,173
W00003708,383,193,190
W00003709,325,171,154
W00003904,288,140,148
W00003905,442,214,228
W00003906,308,158,150
W00003907,280,133,147
W00003908,378,187,191
W00003909,360,181,179
W00003637,288,152,136
W00003638,379,185,194
W00003639,281,140,141
W00003640,339,180,159
W00003645,224,113,111
W00003636,224,134,90
W00003641,256,144,112
W00003642,214,104,110
W00003643,218,119,99
W00003644,300,157,143
W00003646,233,116,117
W00003694,223,104,119
W00003695,399,208,191
W00003696,275,136,139
W00003697,351,189,162
W00003698,328,158,170
W00003699,367,177,190
W00003811,325,164,161
W00003812,337,170,167
W00003813,306,158,148
W00003814,366,194,172
W00003815,459,224,235
W00010004,396,208,188
W00003354,418,206,212
W00003355,352,176,176
W00003356,267,127,140
W00003357,290,137,153
W00003358,237,115,122
W00003359,373,182,191
W00003360,392,202,190
W00003670,345,185,160
W00003671,538,291,247
W00003672,247,131,116
W00003677,266,126,140
W00003673,139,69,70
W00003674,200,98,102
W00003675,216,112,104
W00003676,231,106,125
W00003678,262,126,136
W00003679,334,171,163
W00003680,286,142,144
W00003681,345,178,167
W00003682,297,148,149
W00003683,269,135,134
W00003684,218,113,105
W00003456,295,152,143
W00003457,523,273,250
W00003464,259,141,118
W00003467,305,152,153
W00003469,290,155,135
W00003458,542,271,271
W00003459,408,240,168
W00003460,303,148,155
W00009992,276,145,131
W00009997,178,84,94
W00009998,173,89,84
W00003463,306,154,152
W00003465,338,178,160
W00003466,244,119,125
W00003468,333,153,180
W00010688,345,187,158
W00010694,404,209,195
W00003485,361,188,173
W00003486,331,168,163
W00003488,356,162,194
W00003489,374,193,181
W00003483,290,151,139
W00003484,248,122,126
W00003487,310,164,146
W00003490,360,177,183
W00003491,315,167,148
W00003426,301,162,139
W00003428,220,119,101
W00003431,289,153,136
W00003433,295,177,118
W00003435,284,129,155
W00003429,291,166,125
W00003430,280,148,132
W00003432,331,165,166
W00003434,249,110,139
W00003427,329,176,153
W00003436,290,154,136
W00003437,353,173,180
W00003438,302,160,142
W00003439,251,130,121
W00003424,212,114,98
W00003425,315,165,150
W00003440,343,172,171
W00003441,357,192,165
W00003445,256,138,118
W00003446,288,133,155
W00003447,199,98,101
W00003448,217,105,112
W00003449,215,96,119
W00003450,272,132,140
W00003451,303,144,159
W00003455,313,156,157
W00003442,245,123,122
W00003443,348,187,161
W00003444,325,167,158
W00003452,295,160,135
W00003453,254,137,117
W00003454,292,144,148
W00003727,190,107,83
W00003728,274,146,128
W00003731,368,201,167
W00003732,299,156,143
W00003726,557,296,261
W00003729,552,273,279
W00003730,238,126,112
W00003733,152,81,71
W00003526,341,173,168
W00003527,273,124,149
W00003528,410,221,189
W00003529,337,174,163
W00003530,299,161,138
W00010655,388,210,178
W00003535,284,145,139
W00003536,321,154,167
W00003538,311,156,155
W00003540,242,134,108
W00003533,318,151,167
W00003534,332,167,165
W00003537,345,168,177
W00003539,352,176,176
W00003857,321,176,145
W00003860,299,157,142
W00003861,273,136,137
W00003862,264,127,137
W00003863,245,117,128
W00003856,265,137,128
W00003858,332,173,159
W00003859,334,161,173
W00003864,244,125,119
W00003865,271,134,137
W00003657,347,182,165
W00003660,316,158,158
W00003661,288,158,130
W00003662,251,130,121
W00003665,385,195,190
W00010661,375,208,167
W00010691,340,172,168
W00003658,417,218,199
W00003659,248,126,122
W00003664,222,111,111
W00003666,290,137,153
W00003667,320,175,145
W00003668,304,160,144
W00003669,287,150,137
W00003886,433,229,204
W00003887,307,157,150
W00003890,374,189,185
W00003891,402,212,190
W00003892,439,229,210
W00003884,535,279,256
W00003885,356,190,166
W00003888,410,209,201
W00003889,353,180,173
W00003893,253,140,113
W00003894,401,199,202
W00003630,434,215,219
W00003631,375,197,178
W00003632,405,208,197
W00003633,279,139,140
W00003634,283,147,136
W00003635,295,149,146
W00003736,271,129,142
W00003738,297,139,158
W00003739,270,133,137
W00003741,481,237,244
W00010361,303,154,149
W00010664,288,143,145
W00010665,331,168,163
W00003734,305,164,141
W00003735,318,161,157
W00003737,319,172,147
W00003742,327,158,169
W00003743,382,192,190
W00003875,351,176,175
W00003876,385,211,174
W00003877,360,185,175
W00003878,253,133,120
W00003879,295,142,153
W00003880,201,104,97
W00003881,337,177,160
W00003882,233,123,110
W00003883,291,149,142
W00003361,304,156,148
W00003363,206,112,94
W00003364,292,142,150
W00003370,326,174,152
W00003362,225,116,109
W00003365,288,143,145
W00003366,325,174,151
W00003367,302,155,147
W00003368,237,117,120
W00003369,241,120,121
W00003372,396,215,181
W00003373,211,109,102
W00003374,307,147,160
W00003375,264,134,130
W00003376,277,144,133
W00009989,347,167,180
W00009991,594,300,294
W00003841,239,137,102
W00003842,303,154,149
W00003843,261,138,123
W00003844,336,185,151
W00003845,278,134,144
W00003838,278,146,132
W00003839,406,197,209
W00003840,299,156,143
W00003846,299,147,152
W00003748,294,153,141
W00003749,469,237,232
W00003750,312,169,143
W00003751,321,157,164
W00003756,236,136,100
W00003757,291,146,145
W00003744,342,180,162
W00003752,368,187,181
W00003753,286,157,129
W00003754,283,152,131
W00003758,399,199,200
W00003759,289,141,148
W00003745,379,182,197
W00003746,332,159,173
W00003747,457,226,231
W00003755,311,149,162
W00003832,356,184,172
W00003835,355,179,176
W00003836,495,258,237
W00003837,484,237,247
W00003830,412,204,208
W00003831,347,184,163
W00003833,251,130,121
W00003834,353,181,172
W00003559,297,154,143
W00003560,311,164,147
W00003561,319,167,152
W00003562,224,120,104
W00003563,341,160,181
W00003564,340,180,160
W00003565,331,162,169
W00003566,244,125,119
W00003567,523,256,267
W00003568,439,243,196
W00003571,332,169,163
W00003572,192,118,74
W00003574,421,226,195
W00003576,329,163,166
W00003569,445,235,210
W00003573,608,304,304
W00003575,364,173,191
W00003577,428,215,213
W00010358,264,130,134
W00010674,301,151,150
W00010695,195,105,90
W00003848,509,254,255
W00003851,280,137,143
W00003854,287,129,158
W00003855,326,170,156
W00003847,362,185,177
W00003849,327,172,155
W00003850,291,151,140
W00003852,261,124,137
W00003853,222,106,116
W00003578,274,135,139
W00003583,212,114,98
W00003584,271,143,128
W00003586,325,178,147
W00003587,386,195,191
W00003588,343,178,165
W00003579,307,155,152
W00003580,271,130,141
W00003581,485,272,213
W00003582,319,159,160
W00003585,278,156,122
W00003918,490,238,252
W00003919,335,162,173
W00003920,387,200,187
W00003921,283,128,155
W00003922,357,185,172
W00003923,281,136,145
W00003924,281,153,128
W00003603,251,127,124
W00003604,232,121,111
W00003605,266,131,135
W00003606,289,163,126
W00003609,244,125,119
W00003610,275,142,133
W00003602,446,222,224
W00003607,320,165,155
W00003608,606,319,287
W00003611,453,248,205
W00003612,307,175,132
W00003913,308,163,145
W00003914,261,126,135
W00003916,320,164,156
W00003917,352,184,168
W00003910,309,152,157
W00003911,339,167,172
W00003912,314,155,159
W00003915,302,154,148
W00003716,430,213,217
W00003718,309,165,144
W00003721,398,206,192
W00003723,380,191,189
W00003725,265,137,128
W00003711,531,274,257
W00003715,397,222,175
W00003717,326,170,156
W00003719,370,195,175
W00003720,234,127,107
W00003712,364,177,187
W00003713,283,132,151
W00003714,205,97,108
W00003722,402,200,202
W00003724,289,161,128
W00003895,355,187,168
W00003896,316,167,149
W00003897,162,83,79
W00003898,373,198,175
W00003899,324,165,159
W00003900,225,115,110
W00003901,222,124,98
W00003902,225,119,106
W00003903,269,145,124
W00003497,305,157,148
W00003498,220,116,104
W00003499,390,198,192
W00003502,283,145,138
W00003504,301,149,152
W00003500,288,145,143
W00003501,348,166,182
W00003503,375,207,168
W00003505,283,156,127
W00003506,207,107,100
W00003507,282,157,125
W00003519,155,74,81
W00003520,313,145,168
W00003521,263,135,128
W00003522,286,163,123
W00003523,260,141,119
W00003524,302,162,140
W00003525,336,172,164
W00003399,271,136,135
W00003400,329,178,151
W00003401,255,139,116
W00003408,222,113,109
W00003410,256,130,126
W00003402,304,166,138
W00003403,266,126,140
W00003405,332,163,169
W00003406,254,123,131
W00003407,253,139,114
W00003404,206,111,95
W00003409,271,143,128
W00003411,204,115,89
W00003412,329,160,169
W00003413,285,151,134
W00003817,355,185,170
W00003818,317,170,147
W00003821,332,176,156
W00003824,203,109,94
W00003829,238,124,114
W00010000,178,97,81
W00010001,286,140,146
W00010003,243,116,127
W00003819,353,186,167
W00003820,277,138,139
W00003823,261,144,117
W00003825,327,182,145
W00003826,272,144,128
W00003827,256,127,129
W00003828,276,144,132
W00003778,312,157,155
W00003779,308,157,151
W00003780,272,130,142
W00003781,308,156,152
W00003790,278,154,124
W00003794,293,157,136
W00003777,275,148,127
W00003783,273,132,141
W00003784,274,148,126
W00003786,278,152,126
W00003787,272,138,134
W00003788,275,136,139
W00003782,332,182,150
W00003785,251,128,123
W00003789,323,175,148
W00003791,334,185,149
W00003792,263,143,120
W00003793,415,213,202
W00003509,253,130,123
W00003510,288,146,142
W00003511,325,184,141
W00003517,348,182,166
W00003518,250,143,107
W00003508,266,139,127
W00003512,291,126,165
W00003513,261,132,129
W00003514,298,149,149
W00003515,275,152,123
W00003516,276,135,141
W00003591,256,122,134
W00003594,385,191,194
W00003595,249,130,119
W00003599,354,186,168
W00010668,295,154,141
W00010671,313,160,153
W00010697,266,138,128
W00003589,251,130,121
W00003590,351,182,169
W00003592,282,150,132
W00003596,290,160,130
W00003597,249,132,117
W00003598,258,134,124
W00003600,229,117,112
W00003601,282,144,138
W00003383,240,120,120
W00003384,393,225,168
W00003390,282,152,130
W00003391,296,160,136
W00003396,326,178,148
W00003380,290,145,145
W00003381,150,80,70
W00003394,301,148,153
W00003395,310,161,149
W00003397,288,138,150
W00003398,293,143,150
W00003377,298,151,147
W00003382,302,152,150
W00003385,305,155,150
W00003392,350,187,163
W00003393,331,159,172
W00003378,285,157,128
W00003379,304,165,139
W00003386,256,134,122
W00003387,344,157,187
W00003388,291,145,146
W00003389,353,193,160
W00003414,283,156,127
W00003415,344,187,157
W00003416,256,130,126
W00003423,570,283,287
W00010099,342,170,172
W00010100,223,126,97
W00010102,386,195,191
W00003418,296,148,148
W00003419,307,152,155
W00003422,275,138,137
W00009994,351,177,174
W00009995,325,173,152
W00010362,254,128,126
W00010663,253,135,118
W00010666,313,161,152
W00003796,423,218,205
W00003799,269,133,136
W00003800,330,179,151
W00003801,281,146,135
W00003804,261,135,126
W00003797,338,166,172
W00003802,292,140,152
W00003803,286,143,143
W00003805,231,122,109
W00003806,307,169,138
W00003795,233,114,119
W00003798,299,144,155
W00003807,280,147,133
W00003808,306,158,148
W00003809,257,129,128
W00003543,310,155,155
W00003546,285,154,131
W00003547,324,172,152
W00003549,280,149,131
W00010682,318,161,157
W00010685,270,134,136
W00003542,353,170,183
W00003544,255,126,129
W00003555,241,134,107
W00003556,262,133,129
W00003557,224,111,113
W00003558,150,67,83
W00003925,312,133,179
W00003928,244,130,114
W00003930,243,135,108
W00003931,274,144,130
W00003932,231,120,111
W00003927,297,145,152
W00003938,313,155,158
W00003939,266,137,129
W00010656,324,156,168
W00003926,265,129,136
W00003933,346,178,168
W00003934,251,131,120
W00003935,282,120,162
W00003937,253,122,131
W00003548,228,123,105
W00003552,327,159,168
W00009988,202,87,115
W00010007,164,70,94
W00010657,346,172,174
W00010673,267,139,128
W00010696,232,117,115
W00003545,225,114,111
W00003550,297,145,152
W00003553,291,154,137
W00003554,274,140,134
W00010009,285,143,142
W00003613,424,216,208
W00003619,300,151,149
W00003620,233,131,102
W00003621,254,123,131
W00003622,112,54,58
W00003623,167,80,87
W00003614,180,94,86
W00003615,197,104,93
W00003616,146,80,66
W00003617,187,98,89
W00003618,390,199,191
W00003624,394,192,202
W00003625,394,191,203
W00003626,367,192,175
W00003627,340,184,156
W00003628,316,152,164
W00003629,286,143,143
W00003760,288,148,140
W00003761,275,140,135
W00003762,296,146,150
W00003763,227,115,112
W00003764,262,134,128
W00003765,220,117,103
W00003766,188,105,83
W00003767,217,102,115
W00003866,314,155,159
W00003870,330,182,148
W00003871,314,161,153
W00003872,477,257,220
W00003873,387,179,208
W00003867,309,152,157
W00003868,291,152,139
W00003869,549,288,261
W00003874,249,136,113
W00003940,476,245,231
W00003941,166,79,87
W00003943,290,147,143
W00003944,261,129,132
W00003945,262,135,127
W00003946,331,171,160
W00010357,276,133,143
W00010670,321,156,165
W00004523,332,159,173
W00004526,226,121,105
W00004527,412,226,186
W00004528,262,128,134
W00010079,291,154,137
W00010085,205,115,90
W00010257,277,129,148
W00004521,371,170,201
W00004522,338,180,158
W00004524,312,154,158
W00004525,307,153,154
W00010069,241,119,122
W00010081,303,167,136
W00010082,178,75,103
W00004514,320,164,156
W00004517,344,181,163
W00004529,313,156,157
W00004530,286,154,132
W00004515,280,155,125
W00004516,286,153,133
W00004518,310,169,141
W00004520,331,176,155
W00004033,442,238,204
W00004034,308,159,149
W00004039,194,100,94
W00004048,194,107,87
W00004049,313,160,153
W00004031,347,174,173
W00004037,278,136,142
W00004046,259,121,138
W00004052,252,135,117
W00004054,260,126,134
W00004038,236,132,104
W00004040,321,161,160
W00004042,283,137,146
W00004043,349,202,147
W00004045,305,173,132
W00004030,357,181,176
W00004047,285,158,127
W00004050,297,157,140
W00004051,229,118,111
W00004053,251,130,121
W00004032,347,174,173
W00004035,309,158,151
W00004036,284,144,140
W00004041,275,135,140
W00004044,336,168,168
W00004301,323,153,170
W00004302,303,153,150
W00004303,305,151,154
W00004304,188,97,91
W00004305,376,205,171
W00004306,334,170,164
W00004350,258,128,130
W00004351,295,152,143
W00004354,258,135,123
W00004356,289,153,136
W00004357,294,153,141
W00004321,255,111,144
W00004322,253,126,127
W00004345,267,131,136
W00004347,260,132,128
W00004348,259,146,113
W00004324,323,148,175
W00004352,293,171,122
W00004359,247,132,115
W00004360,252,122,130
W00004362,271,146,125
W00004325,249,131,118
W00004326,340,180,160
W00004355,316,173,143
W00004358,280,149,131
W00004361,163,90,73
W00004320,336,167,169
W00004323,229,126,103
W00004341,347,171,176
W00004344,330,174,156
W00004349,247,133,114
W00004342,252,123,129
W00004343,273,134,139
W00004346,271,141,130
W00004353,271,142,129
W00010084,350,183,167
W00010256,344,173,171
W00004241,264,134,130
W00004242,351,190,161
W00004243,396,191,205
W00004244,238,129,109
W00004247,168,90,78
W00004249,297,170,127
W00004251,232,125,107
W00004253,264,136,128
W00004254,300,147,153
W00004255,496,263,233
W00004245,192,101,91
W00004246,440,213,227
W00004248,322,148,174
W00004250,356,185,171
W00004252,553,281,272
W00004484,352,192,160
W00004486,386,188,198
W00010078,394,197,197
W00010235,328,159,169
W00010393,269,145,124
W00010406,278,143,135
W00010445,310,150,160
W00004479,322,172,150
W00004482,292,147,145
W00004483,316,167,149
W00004485,333,155,178
W00004150,236,131,105
W00004152,310,156,154
W00004154,401,200,201
W00004158,313,163,150
W00004159,361,180,181
W00004499,239,123,116
W00004500,333,170,163
W00004501,260,147,113
W00004502,328,167,161
W00004509,309,163,146
W00004505,268,136,132
W00004510,380,187,193
W00004511,417,216,201
W00004512,351,176,175
W00004497,331,177,154
W00004498,432,233,199
W00004504,335,167,168
W00004506,286,145,141
W00004496,457,221,236
W00004503,263,141,122
W00004507,497,261,236
W00004508,309,154,155
W00004149,274,125,149
W00004153,408,219,189
W00004157,495,269,226
W00010076,226,99,127
W00004151,298,149,149
W00004155,195,102,93
W00010236,237,118,119
W00010237,359,175,184
W00010238,337,163,174
W00004257,354,166,188
W00004259,366,181,185
W00004260,316,161,155
W00004261,273,144,129
W00004270,258,136,122
W00004256,587,315,272
W00004263,295,152,143
W00004271,279,142,137
W00004272,293,156,137
W00004264,371,186,185
W00004265,372,193,179
W00004267,387,208,179
W00004268,283,143,140
W00004269,298,157,141
W00010247,400,201,199
W00010248,452,237,215
W00010249,435,219,216
W00010250,405,202,203
W00004258,394,202,192
W00004262,307,162,145
W00004266,503,241,262
W00010243,270,136,134
W00004207,299,159,140
W00004208,138,82,56
W00004210,311,164,147
W00004212,308,158,150
W00004215,240,125,115
W00004205,281,145,136
W00004211,269,129,140
W00004216,262,131,131
W00010368,345,166,179
W00010375,333,172,161
W00010411,288,146,142
W00004206,216,113,103
W00004213,202,99,103
W00004217,227,110,117
W00004218,259,129,130
W00010356,359,180,179
W00004294,379,193,186
W00004295,285,147,138
W00004296,270,146,124
W00004297,359,182,177
W00004298,254,134,120
W00004299,189,84,105
W00004300,614,312,302
W00004673,333,166,167
W00004674,387,203,184
W00004675,329,171,158
W00004676,288,151,137
W00004681,346,179,167
W00004677,260,144,116
W00004678,330,188,142
W00004679,396,212,184
W00004680,290,155,135
W00004327,324,166,158
W00004364,258,136,122
W00004365,294,149,145
W00004368,345,175,170
W00004369,291,152,139
W00004316,278,135,143
W00004328,321,163,158
W00004329,309,173,136
W00004330,255,142,113
W00004334,229,124,105
W00004317,380,202,178
W00004332,307,153,154
W00004333,229,120,109
W00004336,265,137,128
W00004338,261,128,133
W00004331,258,127,131
W00004363,355,183,172
W00004366,314,154,160
W00004367,325,168,157
W00004370,314,154,160
W00004318,275,147,128
W00004335,253,134,119
W00004337,261,127,134
W00004339,313,153,160
W00004340,335,184,151
W00004378,246,127,119
W00004379,410,233,177
W00004380,274,117,157
W00004381,348,178,170
W00004382,407,219,188
W00004383,271,152,119
W00004384,304,160,144
W00004385,263,150,113
W00004386,342,198,144
W00004387,274,145,129
W00004388,326,167,159
W00004390,299,147,152
W00004391,256,129,127
W00004393,298,159,139
W00004394,294,151,143
W00004395,291,149,142
W00004389,263,125,138
W00004392,285,139,146
W00004396,277,142,135
W00004397,313,159,154
W00004398,256,137,119
W00004372,397,204,193
W00004373,274,131,143
W00004399,272,130,142
W00004400,242,128,114
W00004401,289,148,141
W00004371,278,142,136
W00004374,252,131,121
W00004375,215,116,99
W00004376,181,93,88
W00004377,258,131,127
W00004285,269,137,132
W00004290,343,169,174
W00004291,325,168,157
W00004292,258,127,131
W00010259,343,180,163
W00010260,391,201,190
W00010264,285,141,144
W00004274,328,166,162
W00004276,377,187,190
W00004280,266,145,121
W00004288,288,142,146
W00004293,249,138,111
W00004275,337,171,166
W00004278,261,131,130
W00004279,258,126,132
W00004283,223,107,116
W00004289,348,185,163
W00004277,462,231,231
W00004281,333,177,156
W00004282,208,109,99
W00004284,380,194,186
W00004286,465,246,219
W00004441,333,170,163
W00004449,477,274,203
W00004450,284,167,117
W00004453,376,195,181
W00004461,352,198,154
W00004443,253,129,124
W00004456,307,160,147
W00004458,291,140,151
W00004459,240,118,122
W00004467,251,110,141
W00004468,247,132,115
W00004444,303,154,149
W00004457,291,148,143
W00004465,211,111,100
W00004466,256,133,123
W00004470,256,151,105
W00004472,334,166,168
W00004445,304,159,145
W00004448,228,134,94
W00004451,321,174,147
W00004452,273,147,126
W00004455,318,169,149
W00004442,372,202,170
W00004446,412,224,188
W00004477,409,211,198
W00004478,377,207,170
W00010261,331,173,158
W00010262,219,123,96
W00010263,287,146,141
W00004060,278,134,144
W00004064,292,137,155
W00004085,378,205,173
W00004091,243,131,112
W00004097,344,183,161
W00004172,360,183,177
W00004180,307,158,149
W00004181,270,144,126
W00004183,201,102,99
W00010233,300,149,151
W00010234,267,144,123
W00004174,311,169,142
W00004177,332,173,159
W00004178,305,146,159
W00004182,322,161,161
W00004184,254,141,113
W00004186,256,122,134
W00004171,312,170,142
W00004173,179,84,95
W00004175,270,130,140
W00004176,390,200,190
W00004179,314,161,153
W00004056,241,113,128
W00004078,427,213,214
W00004079,338,187,151
W00004083,269,135,134
W00004084,303,156,147
W00004080,254,130,124
W00004081,286,155,131
W00004082,365,178,187
W00004088,328,168,160
W00004096,326,167,159
W00004057,308,154,154
W00004058,346,185,161
W00004062,334,170,164
W00004090,352,165,187
W00004093,340,169,171
W00004454,276,160,116
W00004460,254,134,120
W00004462,262,133,129
W00004463,336,163,173
W00004464,288,173,115
W00004469,325,178,147
W00004471,321,169,152
W00004473,291,147,144
W00004474,319,163,156
W00004475,295,159,136
W00004476,225,112,113
W00003960,387,204,183
W00003969,267,145,122
W00003971,285,137,148
W00003972,334,200,134
W00003975,358,204,154
W00003979,133,69,64
W00003973,288,150,138
W00003976,250,142,108
W00003977,317,174,143
W00003978,261,136,125
W00010242,294,158,136
W00010246,190,85,105
W00010380,194,82,112
W00010433,200,85,115
W00010442,216,93,123
W00003961,298,154,144
W00003962,247,132,115
W00003963,455,259,196
W00003964,275,144,131
W00003966,288,143,145
W00003965,298,165,133
W00003967,233,122,111
W00003968,289,164,125
W00003970,316,158,158
W00003980,132,55,77
W00010378,278,148,130
W00010420,326,175,151
W00004103,308,159,149
W00004104,297,139,158
W00004106,224,120,104
W00004107,278,147,131
W00004109,308,160,148
W00004105,349,171,178
W00004108,338,180,158
W00004110,293,154,139
W00004111,299,152,147
W00004112,288,148,140
W00004099,282,133,149
W00004113,273,130,143
W00004115,257,135,122
W00004116,278,136,142
W00004119,227,111,116
W00004120,307,153,154
W00004098,303,167,136
W00004101,333,174,159
W00004117,311,170,141
W00004118,252,134,118
W00004122,297,149,148
W00004100,318,150,168
W00004102,221,115,106
W00004114,245,126,119
W00004121,239,115,124
W00004123,198,104,94
W00004124,204,107,97
W00004001,253,120,133
W00004002,237,116,121
W00004003,254,134,120
W00004004,505,278,227
W00004005,213,117,96
W00004006,200,76,124
W00003986,299,131,168
W00003987,242,111,131
W00004007,303,142,161
W00004008,203,72,131
W00004013,244,125,119
W00004015,231,123,108
W00004220,305,153,152
W00004232,292,129,163
W00004233,294,140,154
W00004234,276,144,132
W00004235,276,136,140
W00004226,381,190,191
W00004236,280,139,141
W00004237,294,142,152
W00004238,258,142,116
W00004240,285,128,157
W00004221,276,152,124
W00004223,308,157,151
W00004224,256,127,129
W00004225,289,149,140
W00004239,286,135,151
W00004222,309,153,156
W00004227,298,128,170
W00004228,230,108,122
W00004229,333,149,184
W00004230,245,125,120
W00010376,898,403,495
W00010403,114,50,64
W00010431,251,124,127
W00004059,291,156,135
W00004061,267,138,129
W00004067,310,155,155
W00004074,238,120,118
W00004094,195,104,91
W00010414,103,50,53
W00010438,353,177,176
W00010446,230,120,110
W00004065,336,170,166
W00004066,191,104,87
W00004069,178,83,95
W00004086,284,147,137
W00004092,242,116,126
W00004095,236,112,124
W00004063,258,135,123
W00004068,143,83,60
W00004070,263,139,124
W00004072,282,149,133
W00004087,222,126,96
W00004089,266,128,138
W00004055,276,135,141
W00004073,548,287,261
W00004075,550,277,273
W00004076,269,138,131
W00004077,248,124,124
W00004140,360,180,180
W00004141,271,139,132
W00004142,322,158,164
W00004143,358,183,175
W00004144,165,92,73
W00004431,408,204,204
W00004432,362,187,175
W00004435,262,141,121
W00004438,358,176,182
W00004439,237,121,116
W00004429,287,154,133
W00004430,306,166,140
W00004433,277,146,131
W00004434,254,135,119
W00004436,281,137,144
W00004437,242,125,117
W00004440,276,138,138
W00004611,317,147,170
W00004623,401,202,199
W00004624,284,142,142
W00004625,329,152,177
W00004626,271,147,124
W00004605,244,141,103
W00004609,164,81,83
W00004621,267,133,134
W00004622,298,146,152
W00004627,405,223,182
W00004628,301,163,138
W00004601,287,158,129
W00004602,325,194,131
W00004610,375,179,196
W00004620,362,193,169
W00004629,317,183,134
W00004603,305,147,158
W00004606,279,143,136
W00004607,333,163,170
W00004613,246,143,103
W00004617,263,134,129
W00004604,279,151,128
W00004614,289,155,134
W00004615,324,160,164
W00004616,284,152,132
W00004600,325,172,153
W00004608,204,109,95
W00004612,226,121,105
W00004618,253,135,118
W00004619,275,161,114
W00004535,307,161,146
W00004539,290,146,144
W00004545,291,135,156
W00004549,245,128,117
W00004552,428,192,236
W00010366,349,185,164
W00010432,292,136,156
W00004534,305,156,149
W00004537,340,136,204
W00004538,302,148,154
W00004540,389,268,121
W00004541,307,163,144
W00004536,287,132,155
W00004544,349,157,192
W00004546,275,141,134
W00004547,266,141,125
W00004550,282,131,151
W00004531,221,102,119
W00004532,290,154,136
W00004533,280,144,136
W00004542,287,148,139
W00010244,283,126,157
W00010239,120,28,92
W00010240,198,103,95
W00010245,280,131,149
W00010372,235,119,116
W00010384,263,128,135
W00010394,311,132,179
W00004555,279,138,141
W00004590,477,247,230
W00004595,275,133,142
W00004598,350,188,162
W00004599,297,148,149
W00004556,446,204,242
W00004557,296,164,132
W00004589,241,126,115
W00004591,254,136,118
W00004593,264,136,128
W00004559,293,173,120
W00004592,227,113,114
W00004594,261,131,130
W00004596,358,180,178
W00004597,280,150,130
W00004554,383,194,189
W00004561,183,93,90
W00004562,215,113,102
W00004567,173,74,99
W00004570,263,135,128
W00004578,278,142,136
W00004579,242,117,125
W00004563,360,191,169
W00004564,209,119,90
W00004565,323,177,146
W00004566,314,157,157
W00004569,265,141,124
W00004573,189,118,71
W00004575,245,131,114
W00003993,211,82,129
W00004021,278,134,144
W00004022,245,113,132
W00004025,248,114,134
W00004026,188,61,127
W00004028,415,203,212
W00004665,262,136,126
W00004666,256,132,124
W00004667,268,137,131
W00004669,317,167,150
W00004630,213,93,120
W00004631,294,137,157
W00004642,354,150,204
W00004645,334,179,155
W00004668,327,152,175
W00004635,239,125,114
W00004636,248,127,121
W00004640,242,93,149
W00004641,290,111,179
W00004643,358,183,175
W00004632,225,115,110
W00004639,252,135,117
W00004644,321,162,159
W00004670,318,174,144
W00004672,282,142,140
W00004646,434,190,244
W00004647,245,126,119
W00004650,422,180,242
W00004652,339,182,157
W00004653,351,171,180
W00003982,421,184,237
W00003988,425,198,227
W00004018,388,162,226
W00004023,188,92,96
W00004027,379,167,212
W00010400,478,194,284
W00010413,192,87,105
W00004010,213,101,112
W00004012,175,80,95
W00004016,238,120,118
W00004017,234,113,121
W00004019,277,139,138
W00004020,289,146,143
W00003981,152,49,103
W00003996,225,101,124
W00004011,139,48,91
W00004014,256,61,195
W00010075,320,137,183
W00010090,267,125,142
W00010255,116,47,69
W00010365,457,205,252
W00003992,165,70,95
W00010093,211,89,122
W00010094,186,76,110
W00010097,220,76,144
W00010252,217,92,125
W00010253,156,64,92
W00010265,147,73,74
W00003990,243,101,142
W00003991,255,103,152
W00003997,544,167,377
W00003998,296,145,151
W00003999,235,95,140
W00010072,137,43,94
W00010091,147,63,84
W00010096,134,61,73
W00003983,419,184,235
W00003984,381,175,206
W00003989,428,210,218
W00003995,227,130,97
W00010070,253,129,124
W00010251,274,114,160
W00004637,391,142,249
W00004638,290,126,164
W00004648,397,178,219
W00004656,470,210,260
W00004671,223,87,136
W00004633,338,142,196
W00004654,373,184,189
W00004662,391,176,215
W00004664,425,199,226
W00004634,436,214,222
W00004649,349,125,224
W00004651,307,154,153
W00004655,408,155,253
W00004658,404,170,234
W00004657,360,207,153
W00004659,326,162,164
W00004660,224,121,103
W00004661,342,162,180
W00004663,375,186,189
W00004558,308,152,156
W00004560,328,148,180
W00004568,291,156,135
W00004571,351,164,187
W00004574,363,186,177
W00004577,220,100,120
W00004580,269,140,129
W00004581,271,142,129
W00004582,323,164,159
W00004584,319,158,161
W00004576,310,167,143
W00004583,281,149,132
W00004586,313,163,150
W00004587,359,191,168
W00004588,269,127,142
W00004553,377,213,164
W00004572,333,182,151
W00010073,1113,669,444
W00010254,137,69,68
W00003948,270,148,122
W00003951,275,147,128
W00003953,313,158,155
W00003954,310,152,158
W00003955,257,136,121
W00003956,323,160,163
W00003947,247,120,127
W00003949,212,118,94
W00003950,225,113,112
W00003952,234,130,104
W00003957,125,63,62
W00003958,433,240,193
W00004307,395,210,185
W00004309,267,140,127
W00004310,265,136,129
W00004311,231,129,102
W00004312,263,155,108
W00004308,287,146,141
W00004313,288,141,147
W00004314,266,129,137
W00004315,302,157,145
W00004685,239,124,115
W00004686,283,147,136
W00004687,203,107,96
W00004692,288,155,133
W00004693,394,198,196
W00004698,269,145,124
W00004691,278,143,135
W00004694,252,129,123
W00004695,228,118,110
W00004696,231,126,105
W00004697,208,107,101
W00004705,354,187,167
W00004682,289,156,133
W00004683,252,117,135
W00004689,339,191,148
W00004700,211,101,110
W00004701,226,120,106
W00004684,304,164,140
W00004688,245,131,114
W00004690,223,121,102
W00004699,265,141,124
W00004702,248,127,121
W00004703,206,110,96
W00004704,235,133,102
W00004163,450,241,209
W00004166,355,183,172
W00004167,213,117,96
W00004168,392,190,202
W00004170,215,114,101
W00004160,150,77,73
W00004161,318,171,147
W00004162,338,168,170
W00004164,251,124,127
W00004165,304,146,158
W00004169,412,210,202
W00004490,273,135,138
W00004491,198,109,89
W00004492,240,124,116
W00004493,334,171,163
W00004487,267,138,129
W00004488,280,145,135
W00004489,297,144,153
W00004494,406,214,192
W00004495,353,178,175
W00004405,443,245,198
W00004406,373,190,183
W00004407,253,140,113
W00004408,456,237,219
W00004409,296,154,142
W00004402,308,168,140
W00004403,307,168,139
W00004404,218,108,110
W00004410,205,96,109
W00004411,391,212,179
W00004412,218,107,111
W00004416,221,121,100
W00004417,189,98,91
W00004418,212,117,95
W00004420,246,124,122
W00004421,267,134,133
W00004426,148,85,63
W00004413,275,134,141
W00004419,209,111,98
W00004422,273,130,143
W00004423,262,133,129
W00004424,237,126,111
W00004414,271,131,140
W00004415,228,130,98
W00004425,280,147,133
W00004427,254,124,130
W00004428,216,111,105
W00004128,238,120,118
W00004130,279,139,140
W00004131,321,152,169
W00004132,246,124,122
W00004138,262,153,109
W00004125,247,138,109
W00004126,263,134,129
W00004133,290,159,131
W00004134,283,145,138
W00004137,310,157,153
W00004127,290,158,132
W00004129,325,156,169
W00004135,334,157,177
W00004136,287,155,132
W00004139,289,161,128
W00004145,385,195,190
W00004146,308,157,151
W00004147,363,182,181
W00004148,245,126,119
W00004188,263,147,116
W00004189,267,122,145
W00004190,269,145,124
W00004191,297,145,152
W00004192,310,156,154
W00004196,220,117,103
W00004200,286,148,138
W00004201,252,135,117
W00004203,246,127,119
W00004204,286,139,147
W00004197,258,141,117
W00004198,241,124,117
W00004199,284,149,135
W00004202,348,174,174
W00010087,245,115,130
W00010369,271,139,132
W00010436,593,223,370
W00004883,358,179,179
W00004884,272,143,129
W00004885,299,150,149
W00004886,337,164,173
W00004887,284,145,139
W00004888,384,191,193
W00005017,251,137,114
W00005018,207,102,105
W00005019,395,197,198
W00005020,316,164,152
W00005125,325,174,151
W00005126,255,126,129
W00005127,325,159,166
W00005128,355,182,173
W00005129,220,108,112
W00005130,238,124,114
W00005131,310,166,144
W00004760,251,123,128
W00004761,284,155,129
W00004762,334,170,164
W00004763,201,103,98
W00004764,283,144,139
W00004765,278,148,130
W00004766,279,138,141
W00004924,289,137,152
W00004926,301,154,147
W00004927,337,169,168
W00004928,284,135,149
W00004930,317,178,139
W00004919,239,117,122
W00004920,235,109,126
W00004921,270,148,122
W00004922,263,133,130
W00004923,284,145,139
W00004925,303,164,139
W00004929,250,132,118
W00004731,300,163,137
W00004732,373,191,182
W00004733,303,168,135
W00004735,338,171,167
W00004736,357,175,182
W00004737,305,140,165
W00010386,347,170,177
W00010416,403,204,199
W00005027,417,211,206
W00005034,233,121,112
W00005037,308,164,144
W00005038,308,161,147
W00005041,519,272,247
W00005028,460,229,231
W00005029,439,218,221
W00005035,348,177,171
W00005036,363,181,182
W00005039,298,165,133
W00005040,265,143,122
W00005025,310,154,156
W00005026,349,165,184
W00005030,403,207,196
W00005031,208,91,117
W00005032,329,173,156
W00005033,209,103,106
W00005072,473,242,231
W00005073,165,82,83
W00005074,240,118,122
W00005076,495,250,245
W00005071,273,145,128
W00005075,353,178,175
W00005077,236,117,119
W00005078,324,161,163
W00005156,228,114,114
W00005157,342,185,157
W00005158,285,164,121
W00005159,280,145,135
W00005160,268,121,147
W00004824,425,211,214
W00004825,227,116,111
W00004833,546,291,255
W00004834,276,145,131
W00004819,278,143,135
W00004821,294,148,146
W00004822,300,148,152
W00004823,304,157,147
W00004831,316,162,154
W00004836,235,113,122
W00004837,237,117,120
W00004838,340,178,162
W00004839,277,149,128
W00004840,255,122,133
W00004841,237,123,114
W00004810,305,170,135
W00004811,306,163,143
W00004812,277,147,130
W00004813,148,83,65
W00004814,267,130,137
W00004815,261,139,122
W00004816,234,130,104
W00004817,250,131,119
W00004828,257,125,132
W00004829,263,149,114
W00004830,290,161,129
W00004832,276,150,126
W00009938,269,140,129
W00009939,363,195,168
W00004905,274,127,147
W00004906,235,124,111
W00004908,225,119,106
W00004909,304,158,146
W00004913,335,171,164
W00004914,212,112,100
W00004818,250,131,119
W00004820,225,117,108
W00004826,236,110,126
W00004827,283,139,144
W00004903,311,169,142
W00004904,105,59,46
W00004907,242,122,120
W00004910,260,137,123
W00004911,241,124,117
W00004912,274,144,130
W00004974,235,113,122
W00004976,205,100,105
W00004977,241,115,126
W00004979,310,159,151
W00004981,259,132,127
W00004971,253,130,123
W00004972,263,128,135
W00004973,292,146,146
W00004975,269,128,141
W00004978,191,88,103
W00004980,280,149,131
W00004988,214,128,86
W00004991,284,151,133
W00004993,239,124,115
W00004998,316,156,160
W00004999,337,173,164
W00004992,156,65,91
W00004994,206,109,97
W00004996,204,107,97
W00004997,283,118,165
W00005000,299,142,157
W00004986,278,148,130
W00004987,343,183,160
W00004989,220,116,104
W00004990,220,117,103
W00004995,200,94,106
W00004845,253,130,123
W00004847,278,143,135
W00004848,350,186,164
W00004853,296,156,140
W00004842,273,141,132
W00004846,218,115,103
W00004849,243,125,118
W00004850,248,129,119
W00004851,388,199,189
W00004843,278,140,138
W00004844,295,152,143
W00004852,309,160,149
W00004854,262,139,123
W00005148,591,314,277
W00005149,304,163,141
W00005150,267,138,129
W00005151,395,192,203
W00004855,251,128,123
W00004857,360,199,161
W00004860,264,133,131
W00004862,331,169,162
W00004856,304,162,142
W00004858,307,158,149
W00004861,260,132,128
W00004867,286,143,143
W00004859,330,182,148
W00004863,330,170,160
W00004864,316,164,152
W00004865,368,200,168
W00004866,312,165,147
W00004869,242,126,116
W00004870,315,163,152
W00004871,307,157,150
W00004872,255,126,129
W00004868,333,163,170
W00004873,274,140,134
W00004874,279,154,125
W00004875,288,132,156
W00004877,272,142,130
W00004879,579,289,290
W00004882,302,157,145
W00010398,359,175,184
W00010401,323,169,154
W00010408,116,61,55
W00010418,274,143,131
W00010430,294,145,149
W00010435,293,127,166
W00010440,177,86,91
W00010382,2153,635,1518
W00010396,272,142,130
W00010425,298,151,147
W00010437,343,176,167
W00010439,342,172,170
W00004965,305,152,153
W00004968,304,148,156
W00004969,260,142,118
W00004982,261,142,119
W00004983,247,124,123
W00005007,245,123,122
W00005010,263,123,140
W00005013,297,147,150
W00005014,278,147,131
W00005015,466,251,215
W00005001,283,147,136
W00005002,325,161,164
W00005003,282,148,134
W00005004,264,141,123
W00005009,312,151,161
W00005016,317,161,156
W00005005,309,156,153
W00005006,303,149,154
W00005008,287,143,144
W00005011,291,149,142
W00005012,282,149,133
W00004770,391,195,196
W00004771,258,131,127
W00004772,280,139,141
W00004773,275,145,130
W00004774,263,133,130
W00004767,154,79,75
W00004768,248,119,129
W00004769,241,116,125
W00004775,286,152,134
W00004776,264,146,118
W00004777,290,144,146
W00004781,351,192,159
W00004782,333,161,172
W00004783,323,170,153
W00004784,284,153,131
W00004785,310,147,163
W00004778,234,127,107
W00004779,281,139,142
W00004780,273,136,137
W00004786,286,145,141
W00004787,257,136,121
W00004964,218,115,103
W00004966,253,121,132
W00004970,229,113,116
W00004984,258,126,132
W00004985,181,102,79
W00009935,248,102,146
W00009942,281,129,152
W00009946,277,142,135
W00004788,279,132,147
W00004789,342,165,177
W00004790,290,153,137
W00004794,284,140,144
W00004796,267,122,145
W00004792,580,298,282
W00004799,280,137,143
W00004802,312,158,154
W00004808,293,143,150
W00004809,410,209,201
W00004793,339,162,177
W00004800,226,122,104
W00004803,264,146,118
W00004805,225,119,106
W00004806,240,127,113
W00004807,281,149,132
W00004791,282,154,128
W00004795,240,115,125
W00004797,279,148,131
W00004798,280,150,130
W00004801,278,147,131
W00004804,309,174,135
W00005021,276,141,135
W00005022,339,168,171
W00005023,258,132,126
W00005024,287,144,143
W00004748,221,117,104
W00004754,339,182,157
W00004755,244,121,123
W00004756,414,223,191
W00004757,321,155,166
W00004758,266,114,152
W00004744,420,216,204
W00004745,307,159,148
W00004749,259,130,129
W00004751,231,117,114
W00004752,317,162,155
W00004738,325,161,164
W00004740,272,145,127
W00004742,270,145,125
W00004743,278,148,130
W00004759,295,154,141
W00004739,319,169,150
W00004741,446,229,217
W00004746,289,150,139
W00004747,262,141,121
W00004750,302,163,139
W00004753,351,179,172
W00004706,392,212,180
W00004720,245,119,126
W00004721,277,139,138
W00004722,198,102,96
W00004723,212,102,110
W00005081,297,167,130
W00005084,320,167,153
W00005099,282,156,126
W00005100,352,194,158
W00005101,300,166,134
W00005102,269,135,134
W00005106,289,151,138
W00005110,247,136,111
W00005120,278,142,136
W00005121,259,129,130
W00005122,245,132,113
W00005108,295,154,141
W00005112,299,158,141
W00005114,305,165,140
W00005116,380,210,170
W00005124,255,134,121
W00005111,290,155,135
W00005113,286,140,146
W00005115,301,161,140
W00005117,340,183,157
W00005118,325,178,147
W00005119,313,174,139
W00005103,406,200,206
W00005104,291,151,140
W00005105,245,133,112
W00005107,313,155,158
W00005109,292,150,142
W00005123,260,132,128
W00004709,304,143,161
W00004710,343,172,171
W00004711,333,158,175
W00004713,302,146,156
W00004707,335,179,156
W00004712,317,175,142
W00004716,222,116,106
W00010379,260,139,121
W00010409,318,177,141
W00004714,341,180,161
W00004715,265,134,131
W00004717,348,172,176
W00004718,351,182,169
W00004719,316,146,170
W00005080,245,129,116
W00005082,276,128,148
W00005083,271,149,122
W00005085,221,109,112
W00005086,195,94,101
W00005087,213,121,92
W00005094,192,107,85
W00005091,291,148,143
W00005093,306,165,141
W00005095,252,126,126
W00005097,301,152,149
W00009940,196,98,98
W00009941,375,187,188
W00005088,401,219,182
W00005089,343,176,167
W00005090,257,139,118
W00005092,166,89,77
W00005096,252,129,123
W00005098,351,190,161
W00005044,274,140,134
W00005046,284,134,150
W00005053,440,220,220
W00005055,323,167,156
W00005054,294,152,142
W00005056,268,137,131
W00005057,299,147,152
W00005058,261,140,121
W00005059,350,170,180
W00005042,315,154,161
W00005045,316,154,162
W00005047,274,142,132
W00005049,369,189,180
W00010388,244,102,142
W00010426,276,152,124
W00005048,286,138,148
W00005050,346,179,167
W00005051,249,114,135
W00005052,289,140,149
W00005137,272,133,139
W00005138,428,228,200
W00005139,242,120,122
W00005141,255,138,117
W00005142,238,114,124
W00004956,241,119,122
W00004961,253,134,119
W00004962,264,135,129
W00004963,274,149,125
W00004958,382,198,184
W00004960,329,164,165
W00009934,337,168,169
W00009943,322,157,165
W00009944,284,134,150
W00009945,330,168,162
W00005132,310,163,147
W00005133,378,203,175
W00005140,270,131,139
W00005143,208,90,118
W00005144,252,131,121
W00005134,294,160,134
W00005135,417,215,202
W00005136,242,125,117
W00005145,506,270,236
W00005146,262,134,128
W00005147,243,122,121
W00004889,299,143,156
W00004890,257,140,117
W00004891,312,163,149
W00004892,276,135,141
W00004931,365,174,191
W00004932,378,191,187
W00004934,319,165,154
W00004935,308,163,145
W00010370,312,170,142
W00010383,395,191,204
W00004936,303,152,151
W00004937,221,99,122
W00004941,360,191,169
W00004942,176,97,79
W00004943,216,109,107
W00004944,319,157,162
W00004938,266,135,131
W00004939,296,148,148
W00004940,118,62,56
W00004945,265,132,133
W00004946,316,173,143
W00004952,310,159,151
W00004953,420,211,209
W00004954,263,144,119
W00004955,371,170,201
W00005161,240,129,111
W00005163,279,135,144
W00005164,262,148,114
W00005167,258,126,132
W00005169,288,158,130
W00005162,277,143,134
W00005165,233,124,109
W00005166,238,121,117
W00005168,183,78,105
W00005171,317,171,146
W00009773,163,75,88
W00004724,305,156,149
W00004725,304,157,147
W00004726,195,98,97
W00004728,332,176,156
W00004729,242,124,118
W00004730,385,196,189
W00009936,351,170,181
W00009937,258,134,124
W00004893,161,72,89
W00004897,328,165,163
W00004899,281,152,129
W00004900,187,103,84
W00004901,259,143,116
W00004902,237,114,123
W00004947,263,138,125
W00004948,149,75,74
W00004949,146,75,71
W00004950,326,173,153
W00004951,261,145,116
W00005061,254,127,127
W00005062,287,136,151
W00005063,249,130,119
W00005064,279,149,130
W00005068,286,146,140
W00005070,230,114,116
W00005060,226,102,124
W00005065,270,149,121
W00005066,252,130,122
W00005067,282,151,131
W00005069,315,158,157
W00005152,258,126,132
W00005153,293,165,128
W00005154,265,132,133
W00005155,291,153,138
W00004894,272,136,136
W00004895,238,123,115
W00004896,325,175,150
W00004898,344,162,182
W00004915,204,107,97
W00004916,235,113,122
W00004917,290,148,142
W00004918,228,114,114
W00005264,217,109,108
W00005265,407,205,202
W00005266,261,129,132
W00005273,255,126,129
W00005267,265,132,133
W00005268,302,155,147
W00005269,256,126,130
W00005271,286,153,133
W00005272,286,146,140
W00005256,228,108,120
W00005274,286,144,142
W00005275,266,138,128
W00005276,244,120,124
W00005277,340,176,164
W00005259,336,168,168
W00005260,334,173,161
W00005270,299,152,147
W00005278,435,230,205
W00005257,263,142,121
W00005258,240,122,118
W00005261,269,132,137
W00005262,299,157,142
W00005263,291,150,141
W00005371,285,148,137
W00005374,231,114,117
W00005375,260,141,119
W00005376,294,157,137
W00005377,268,143,125
W00005378,268,140,128
W00005370,287,140,147
W00005373,271,150,121
W00005379,289,145,144
W00005381,317,161,156
W00005382,291,153,138
W00005387,285,140,145
W00005388,294,152,142
W00005389,272,137,135
W00005392,316,163,153
W00005394,294,151,143
W00005386,296,152,144
W00005390,204,103,101
W00005391,269,137,132
W00005395,260,128,132
W00005396,252,124,128
W00005393,289,145,144
W00005397,250,127,123
W00005399,317,174,143
W00005403,238,114,124
W00005405,270,131,139
W00005185,324,175,149
W00005189,119,59,60
W00005191,284,150,134
W00005192,364,188,176
W00005186,266,136,130
W00005187,525,287,238
W00005188,395,200,195
W00005190,233,131,102
W00005422,213,110,103
W00005427,292,143,149
W00005428,291,152,139
W00005429,347,172,175
W00005423,298,147,151
W00005424,314,166,148
W00005425,285,143,142
W00005426,335,163,172
W00005472,304,162,142
W00005473,292,144,148
W00005474,251,119,132
W00005475,333,175,158
W00005476,251,135,116
W00005477,319,152,167
W00005478,329,166,163
W00005479,366,175,191
W00005482,320,161,159
W00010364,330,176,154
W00005179,289,149,140
W00005180,425,217,208
W00005181,416,229,187
W00005182,333,176,157
W00005183,411,214,197
W00005184,369,188,181
W00005193,319,159,160
W00005194,322,162,160
W00005195,275,146,129
W00005196,325,162,163
W00005197,246,122,124
W00005198,290,152,138
W00005346,314,155,159
W00005347,383,191,192
W00005348,230,119,111
W00005349,318,144,174
W00005524,350,191,159
W00005525,256,119,137
W00005527,323,157,166
W00005531,333,162,171
W00005526,295,159,136
W00005528,296,154,142
W00005529,271,133,138
W00005530,297,135,162
W00005361,195,101,94
W00005363,330,179,151
W00005364,266,136,130
W00005365,446,221,225
W00005368,271,131,140
W00005359,287,158,129
W00005360,271,133,138
W00005362,306,150,156
W00005366,248,138,110
W00005367,345,162,183
W00005369,280,141,139
W00005372,233,112,121
W00005380,261,123,138
W00005383,320,160,160
W00005384,248,132,116
W00005385,291,144,147
W00005398,297,144,153
W00005400,306,165,141
W00005401,304,150,154
W00005402,341,169,172
W00005404,329,188,141
W00005172,230,118,112
W00005173,244,122,122
W00005174,319,157,162
W00005176,306,158,148
W00005177,307,164,143
W00005178,287,135,152
W00010387,293,146,147
W00010423,398,201,197
W00005596,298,156,142
W00005600,272,145,127
W00005601,250,137,113
W00005604,238,120,118
W00010367,333,171,162
W00010381,348,180,168
W00005597,367,199,168
W00005598,329,170,159
W00005599,318,174,144
W00005603,369,182,187
W00005605,501,260,241
W00005231,213,103,110
W00005232,481,251,230
W00005233,265,137,128
W00005234,162,80,82
W00005235,566,287,279
W00005236,364,192,172
W00005237,397,210,187
W00005239,261,123,138
W00005240,247,127,120
W00005241,271,144,127
W00010399,304,153,151
W00010415,323,171,152
W00010422,269,141,128
W00005588,270,138,132
W00005592,316,172,144
W00005593,301,150,151
W00005594,309,162,147
W00005589,262,138,124
W00005590,294,152,142
W00005591,342,162,180
W00005595,280,140,140
W00005279,232,111,121
W00005280,153,73,80
W00005281,299,160,139
W00005282,252,129,123
W00005283,312,166,146
W00005284,284,145,139
W00005561,359,171,188
W00005563,200,103,97
W00005564,210,108,102
W00005565,300,161,139
W00005578,347,181,166
W00005560,335,178,157
W00005569,298,147,151
W00005571,311,164,147
W00005572,343,183,160
W00005562,289,147,142
W00005566,307,149,158
W00005567,337,170,167
W00005568,314,166,148
W00005570,294,158,136
W00005573,414,210,204
W00005575,423,231,192
W00005576,395,200,195
W00005577,289,144,145
W00005579,298,148,150
W00005556,235,116,119
W00005557,297,146,151
W00005558,329,182,147
W00005559,199,108,91
W00005574,228,126,102
W00005320,335,163,172
W00005322,199,100,99
W00005324,304,151,153
W00005326,201,93,108
W00005318,213,116,97
W00005319,282,141,141
W00005321,255,137,118
W00005325,219,119,100
W00009949,485,262,223
W00009969,129,64,65
W00005327,540,273,267
W00005330,330,169,161
W00005333,294,156,138
W00005334,261,140,121
W00005336,236,122,114
W00005337,292,149,143
W00005338,282,138,144
W00005329,214,118,96
W00005331,328,156,172
W00005332,225,121,104
W00005335,278,142,136
W00009950,397,208,189
W00009967,430,219,211
W00005507,293,140,153
W00005508,269,137,132
W00005513,132,66,66
W00005516,388,192,196
W00010395,328,167,161
W00010410,316,165,151
W00005506,334,168,166
W00005510,298,151,147
W00005511,256,129,127
W00005512,266,121,145
W00005514,224,116,108
W00005515,176,88,88
W00005297,289,160,129
W00005299,298,158,140
W00005301,260,129,131
W00005302,271,148,123
W00005309,276,148,128
W00005294,277,142,135
W00005296,398,211,187
W00005304,311,151,160
W00005305,288,149,139
W00005307,446,229,217
W00005295,366,188,178
W00005298,268,145,123
W00005303,394,208,186
W00005306,264,141,123
W00005313,546,283,263
W00005300,165,86,79
W00005310,364,195,169
W00005311,352,177,175
W00005312,372,181,191
W00009957,297,163,134
W00009962,257,123,134
W00009964,365,181,184
W00009965,280,141,139
W00005339,576,281,295
W00005340,255,125,130
W00005341,247,128,119
W00005342,271,148,123
W00005343,306,156,150
W00005344,293,141,152
W00010404,290,144,146
W00010429,308,154,154
W00005499,256,129,127
W00005500,485,232,253
W00005501,327,173,154
W00005502,293,150,143
W00005503,244,138,106
W00005504,258,145,113
W00010392,330,171,159
W00010419,405,218,187
W00010374,397,206,191
W00010385,1828,128,1700
W00010397,212,103,109
W00010412,109,57,52
W00010434,156,84,72
W00010443,276,132,144
W00009974,223,103,120
W00010373,186,96,90
W00010377,210,103,107
W00010390,233,116,117
W00010407,219,112,107
W00010441,277,125,152
W00010371,219,116,103
W00010389,280,146,134
W00010402,272,142,130
W00010405,145,78,67
W00010421,243,120,123
W00010427,344,170,174
W00010417,281,154,127
W00010428,261,135,126
W00010444,306,157,149
W00010450,102,51,51
W00010451,246,123,123
W00005285,249,124,125
W00005287,242,121,121
W00005288,325,164,161
W00005289,233,118,115
W00010391,374,191,183
W00010424,267,138,129
W00005351,337,170,167
W00005355,349,165,184
W00005356,199,108,91
W00005358,275,146,129
W00005350,344,169,175
W00005352,242,123,119
W00005353,255,138,117
W00005354,203,101,102
W00005357,233,129,104
W00005430,563,274,289
W00005431,318,168,150
W00005432,326,167,159
W00005433,305,161,144
W00005435,280,145,135
W00005436,211,104,107
W00005246,514,261,253
W00005252,228,118,110
W00005253,264,138,126
W00005254,301,161,140
W00005255,263,126,137
W00005483,286,143,143
W00005484,448,223,225
W00005485,382,189,193
W00005494,323,168,155
W00005498,369,188,181
W00005517,414,215,199
W00005518,341,180,161
W00005519,370,196,174
W00005520,324,147,177
W00005521,263,136,127
W00005522,314,164,150
W00005523,277,140,137
W00005414,292,149,143
W00005415,394,201,193
W00005416,352,171,181
W00005417,262,146,116
W00005418,306,142,164
W00005406,255,124,131
W00005407,295,151,144
W00005419,252,129,123
W00005420,328,168,160
W00005421,286,152,134
W00005408,240,134,106
W00005409,254,122,132
W00005410,284,136,148
W00005411,442,215,227
W00005412,220,98,122
W00005413,213,112,101
W00005434,240,110,130
W00005439,329,158,171
W00005440,306,159,147
W00005441,227,108,119
W00005445,311,172,139
W00005447,472,241,231
W00005486,271,137,134
W00005487,271,138,133
W00005488,327,166,161
W00005489,267,143,124
W00005490,281,131,150
W00005493,346,162,184
W00005199,318,161,157
W00005213,365,188,177
W00005224,289,134,155
W00009956,248,120,128
W00009966,386,212,174
W00005202,463,245,218
W00005211,280,132,148
W00005221,273,137,136
W00005227,284,149,135
W00005228,226,112,114
W00005204,338,165,173
W00005212,354,188,166
W00005215,308,147,161
W00005223,282,137,145
W00005314,488,255,233
W00005315,294,155,139
W00005316,266,135,131
W00005317,289,155,134
W00005214,235,118,117
W00005216,229,126,103
W00005218,290,135,155
W00005220,309,149,160
W00005222,294,148,146
W00005217,318,156,162
W00005219,311,168,143
W00005225,323,184,139
W00005226,304,150,154
W00005203,327,165,162
W00005205,267,131,136
W00005230,293,148,145
W00010360,345,176,169
W00010447,197,111,86
W00005206,246,129,117
W00005207,268,133,135
W00005229,252,125,127
W00009960,262,119,143
W00009961,419,213,206
W00009970,246,125,121
W00010448,216,107,109
W00010449,257,131,126
W00005243,263,145,118
W00005247,295,143,152
W00005248,288,152,136
W00005249,241,131,110
W00005250,477,255,222
W00005437,248,148,100
W00005438,285,149,136
W00005442,270,134,136
W00005443,286,144,142
W00005444,245,126,119
W00005446,183,95,88
W00005491,263,142,121
W00005492,345,184,161
W00005495,336,158,178
W00005496,326,174,152
W00005497,339,174,165
W00009948,498,265,233
W00009958,358,180,178
W00009959,617,307,310
W00009971,405,201,204
W00009951,411,207,204
W00009954,334,162,172
W00009972,237,118,119
W00009973,380,210,170
W00009952,346,171,175
W00009953,447,221,226
W00009963,417,204,213
W00005251,506,261,245
W00009955,298,172,126
W00009968,344,186,158
W00009975,361,186,175
W00005460,271,144,127
W00005465,286,147,139
W00005466,348,195,153
W00005467,297,157,140
W00005469,271,150,121
W00005461,299,161,138
W00005462,202,112,90
W00005463,255,135,120
W00005464,228,120,108
W00005468,313,154,159
W00005470,264,138,126
W00005471,201,109,92
W00005545,291,142,149
W00005546,307,158,149
W00005547,258,137,121
W00005548,360,198,162
W00005549,373,173,200
W00005555,325,167,158
W00005544,287,146,141
W00005550,295,150,145
W00005551,318,161,157
W00005552,222,118,104
W00005553,300,144,156
W00005554,244,123,121
W00005580,316,164,152
W00005581,219,115,104
W00005582,211,110,101
W00005587,264,132,132
W00005583,327,160,167
W00005584,303,165,138
W00005585,397,209,188
W00005586,323,171,152
W00005449,285,154,131
W00005452,335,173,162
W00005454,254,130,124
W00005455,265,140,125
W00005456,284,150,134
W00005457,286,153,133
W00005448,321,171,150
W00005450,293,150,143
W00005451,271,157,114
W00005453,289,152,137
W00005458,500,254,246
W00005459,285,145,140
W00005532,274,137,137
W00005533,274,145,129
W00005534,298,152,146
W00005535,169,76,93
W00005542,262,141,121
W00005543,304,145,159
W00005536,242,123,119
W00005537,333,164,169
W00005538,309,155,154
W00005539,277,143,134
W00005540,294,154,140
W00005541,254,131,123
W00005836,619,312,307
W00005837,429,223,206
W00005838,310,163,147
W00005839,367,189,178
W00005840,328,159,169
W00005841,419,214,205
W00005842,353,185,168
W00005952,280,135,145
W00005953,355,181,174
W00005954,363,176,187
W00010571,282,139,143
W00010614,354,183,171
W00005951,365,190,175
W00005956,387,192,195
W00005957,425,218,207
W00005958,502,245,257
W00005721,205,121,84
W00005722,297,148,149
W00005724,238,128,110
W00005730,235,119,116
W00005731,324,179,145
W00005732,249,141,108
W00005720,278,145,133
W00005723,429,216,213
W00005726,337,177,160
W00005733,258,135,123
W00005734,395,209,186
W00005719,349,180,169
W00005725,244,129,115
W00005727,272,155,117
W00005728,285,147,138
W00005729,279,153,126
W00005735,224,122,102
W00005736,543,271,272
W00005737,438,227,211
W00005738,365,182,183
W00005739,311,153,158
W00005878,515,256,259
W00005879,478,225,253
W00005880,231,120,111
W00005881,174,95,79
W00005882,383,197,186
W00005883,524,266,258
W00005900,363,189,174
W00005901,379,185,194
W00005906,348,178,170
W00010564,329,174,155
W00010634,447,229,218
W00005987,416,215,201
W00005991,285,166,119
W00010531,340,182,158
W00010550,317,169,148
W00010575,337,167,170
W00010598,326,156,170
W00010642,313,168,145
W00005990,547,275,272
W00005994,278,140,138
W00005995,249,125,124
W00009854,424,225,199
W00005688,252,138,114
W00005691,293,153,140
W00005702,289,159,130
W00005703,341,175,166
W00005693,284,138,146
W00005696,289,153,136
W00005697,282,152,130
W00005698,266,134,132
W00005699,262,134,128
W00005686,327,154,173
W00005690,278,153,125
W00005694,294,156,138
W00005695,280,148,132
W00005700,228,124,104
W00005687,306,165,141
W00005689,328,176,152
W00005692,318,172,146
W00005701,331,176,155
W00005829,337,164,173
W00005830,257,131,126
W00005831,346,156,190
W00005832,300,158,142
W00005833,383,196,187
W00005834,223,120,103
W00005835,244,123,121
W00005961,338,178,160
W00005963,313,167,146
W00005967,386,201,185
W00005969,618,311,307
W00005885,332,168,164
W00005886,228,127,101
W00005887,304,171,133
W00005888,309,156,153
W00005889,332,161,171
W00005891,425,262,163
W00005929,274,138,136
W00005931,244,135,109
W00005934,251,121,130
W00005942,244,127,117
W00005945,233,145,88
W00005950,224,103,121
W00005938,254,139,115
W00005939,291,144,147
W00005940,281,148,133
W00005941,379,180,199
W00005943,258,126,132
W00005930,213,115,98
W00005933,330,174,156
W00005935,323,171,152
W00005944,232,112,120
W00005946,326,181,145
W00005959,307,160,147
W00005968,312,166,146
W00005970,316,151,165
W00005971,333,169,164
W00009839,207,109,98
W00009846,229,115,114
W00009853,117,52,65
W00010503,311,159,152
W00010570,239,111,128
W00010610,259,145,114
W00010627,194,94,100
W00005936,285,136,149
W00005947,310,141,169
W00005948,230,114,116
W00005949,241,113,128
W00005751,312,160,152
W00005755,291,147,144
W00005756,271,140,131
W00005759,305,150,155
W00005760,330,164,166
W00005750,322,165,157
W00005752,297,158,139
W00005753,286,148,138
W00005754,293,158,135
W00005757,322,169,153
W00005743,567,296,271
W00005745,492,261,231
W00005748,284,140,144
W00005758,234,129,105
W00005761,290,151,139
W00005764,274,154,120
W00005740,276,135,141
W00005741,305,158,147
W00005744,233,122,111
W00005762,532,284,248
W00005763,256,137,119
W00005742,266,139,127
W00005746,256,127,129
W00005747,279,149,130
W00005749,321,160,161
W00005765,324,162,162
W00005704,314,167,147
W00005706,343,191,152
W00005715,362,191,171
W00005716,426,230,196
W00005717,294,155,139
W00005767,325,160,165
W00005769,327,174,153
W00005780,242,118,124
W00005781,312,172,140
W00010554,206,108,98
W00010591,546,297,249
W00010618,168,91,77
W00005787,287,159,128
W00005797,428,219,209
W00005798,245,142,103
W00005800,275,159,116
W00005788,202,109,93
W00005789,268,137,131
W00005790,321,184,137
W00005795,315,175,140
W00005799,299,148,151
W00005783,264,138,126
W00005791,326,154,172
W00005792,215,100,115
W00005793,244,126,118
W00005794,256,135,121
W00005784,418,225,193
W00005785,431,242,189
W00005786,360,202,158
W00005796,328,171,157
W00005894,327,168,159
W00005895,332,165,167
W00005897,328,174,154
W00005898,314,161,153
W00005899,271,149,122
W00005884,308,177,131
W00005890,390,202,188
W00005892,335,179,156
W00005896,287,149,138
W00009825,342,169,173
W00009833,258,134,124
W00009837,230,124,106
W00005960,300,157,143
W00005962,620,322,298
W00005964,229,134,95
W00005965,311,161,150
W00005966,284,145,139
W00005973,247,125,122
W00005977,279,151,128
W00005978,271,138,133
W00005985,311,152,159
W00005986,246,134,112
W00005972,288,156,132
W00005975,252,136,116
W00005976,364,185,179
W00005983,384,197,187
W00005984,268,129,139
W00009836,355,172,183
W00009851,129,72,57
W00009852,195,81,114
W00005979,225,113,112
W00005980,273,156,117
W00005981,377,199,178
W00005982,235,131,104
W00005645,269,139,130
W00005655,268,136,132
W00005656,310,175,135
W00005658,207,115,92
W00005661,335,172,163
W00005651,412,207,205
W00005653,176,85,91
W00005654,332,170,162
W00005657,372,205,167
W00005659,355,180,175
W00005648,244,127,117
W00005666,260,114,146
W00005670,283,139,144
W00005671,253,122,131
W00005646,257,129,128
W00005664,263,135,128
W00005665,367,185,182
W00005667,332,174,158
W00005669,259,134,125
W00005650,300,156,144
W00005652,305,161,144
W00005672,240,117,123
W00009821,302,145,157
W00009822,279,138,141
W00009823,478,248,230
W00009842,263,141,122
W00009843,288,143,145
W00009844,265,139,126
W00005766,312,138,174
W00005768,260,134,126
W00005770,213,104,109
W00005778,334,169,165
W00005779,250,136,114
W00005782,255,131,124
W00005804,279,140,139
W00005806,213,104,109
W00005826,246,133,113
W00005828,293,157,136
W00005801,315,158,157
W00005805,260,133,127
W00005808,285,148,137
W00005810,216,122,94
W00005812,394,201,193
W00005822,318,160,158
W00005823,272,150,122
W00005824,304,143,161
W00005825,281,139,142
W00005845,292,143,149
W00005848,334,168,166
W00005849,279,146,133
W00005869,258,126,132
W00005875,278,146,132
W00005844,244,134,110
W00005851,272,147,125
W00005852,252,134,118
W00005863,228,125,103
W00005871,274,135,139
W00005876,224,113,111
W00005850,324,169,155
W00005854,286,156,130
W00005855,297,153,144
W00005856,297,156,141
W00005857,169,90,79
W00005868,262,137,125
W00005874,241,129,112
W00009826,424,250,174
W00009845,133,70,63
W00010516,135,75,60
W00010577,511,277,234
W00005846,237,127,110
W00005865,292,155,137
W00005867,284,139,145
W00005870,307,171,136
W00005872,228,115,113
W00005858,281,150,131
W00005859,253,141,112
W00005860,260,135,125
W00005861,220,119,101
W00005866,307,168,139
W00005631,353,184,169
W00005634,328,155,173
W00005635,335,185,150
W00005639,276,141,135
W00005640,299,163,136
W00005627,318,172,146
W00005629,381,197,184
W00005630,286,136,150
W00005633,231,122,109
W00005637,348,179,169
W00005647,404,194,210
W00005660,258,140,118
W00005662,322,165,157
W00005663,294,143,151
W00005668,286,152,134
W00005708,345,179,166
W00005709,284,149,135
W00005710,279,143,136
W00005713,313,168,145
W00005714,289,160,129
W00005705,307,161,146
W00005707,281,159,122
W00005711,323,165,158
W00005712,330,163,167
W00005718,338,180,158
W00005676,325,167,158
W00005683,279,132,147
W00005684,324,167,157
W00009827,314,166,148
W00009831,141,74,67
W00009832,291,150,141
W00005678,255,137,118
W00005679,263,137,126
W00005680,334,169,165
W00005681,294,134,160
W00005615,406,206,200
W00005616,341,187,154
W00005617,315,172,143
W00005620,273,134,139
W00005628,275,148,127
W00005632,198,100,98
W00005636,348,198,150
W00005638,298,162,136
W00005643,287,149,138
W00005771,294,149,145
W00005773,219,114,105
W00005774,351,178,173
W00005775,273,145,128
W00005776,292,153,139
W00005777,329,189,140
W00005802,264,142,122
W00005803,280,149,131
W00005807,218,134,84
W00005809,239,125,114
W00005827,194,109,85
W00005811,293,162,131
W00005813,314,163,151
W00005814,319,166,153
W00005815,254,112,142
W00005818,352,189,163
W00005816,298,158,140
W00005817,360,186,174
W00005819,233,132,101
W00005820,297,155,142
W00005821,345,177,168
W00005843,413,206,207
W00005847,542,269,273
W00005853,224,107,117
W00005864,291,153,138
W00005873,347,212,135
W00005910,231,108,123
W00005911,263,144,119
W00005915,275,142,133
W00005916,262,130,132
W00005917,254,125,129
W00005903,375,186,189
W00005909,286,148,138
W00005913,315,161,154
W00005914,372,198,174
W00005918,311,166,145
W00005925,407,224,183
W00005926,252,135,117
W00005927,277,150,127
W00005928,453,221,232
W00005919,321,169,152
W00005920,419,204,215
W00005921,331,161,170
W00005922,273,150,123
W00009840,347,173,174
W00010495,776,258,518
W00005902,308,143,165
W00005905,202,112,90
W00005907,270,134,136
W00005908,248,129,119
W00010505,235,115,120
W00009847,297,147,150
W00009848,576,309,267
W00009849,315,159,156
W00010539,302,150,152
W00010622,272,140,132
W00005608,366,147,219
W00005609,228,121,107
W00005613,258,138,120
W00005614,208,116,92
W00010508,381,203,178
W00010617,321,156,165
W00005618,307,162,145
W00005619,273,150,123
W00005621,300,160,140
W00005622,259,139,120
W00005623,262,132,130
W00005625,265,136,129
W00005641,331,177,154
W00005642,312,164,148
W00005644,182,92,90
W00010501,262,151,111
W00010578,272,150,122
W00005673,537,288,249
W00005674,278,162,116
W00005675,177,99,78
W00005677,207,110,97
W00009824,189,97,92
W00009828,229,105,124
W00009838,167,81,86
W00009850,306,148,158
W00005610,256,128,128
W00005611,303,145,158
W00005624,343,183,160
W00009829,259,138,121
W00009830,279,145,134
W00009835,262,135,127
W00010513,251,131,120
W00010543,273,151,122
W00010504,297,148,149
W00010525,261,140,121
W00010530,309,169,140
W00010576,260,138,122
W00010582,293,152,141
W00010590,207,109,98
W00010647,315,166,149
W00009177,333,170,163
W00009178,243,123,120
W00009180,339,164,175
W00009181,534,275,259
W00009184,306,154,152
W00009175,332,165,167
W00009176,363,182,181
W00009179,321,160,161
W00009182,312,159,153
W00009183,420,217,203
W00009264,292,149,143
W00009265,276,143,133
W00009266,255,134,121
W00009268,236,123,113
W00009272,284,145,139
W00009249,299,155,144
W00009276,342,176,166
W00009287,274,146,128
W00009292,337,206,131
W00009242,346,179,167
W00009243,329,172,157
W00009262,282,153,129
W00009263,398,203,195
W00009244,265,129,136
W00009245,465,243,222
W00009269,282,137,145
W00009270,267,136,131
W00009273,239,134,105
W00009246,343,179,164
W00009247,304,160,144
W00009267,233,121,112
W00009274,273,149,124
W00009279,270,137,133
W00009248,289,155,134
W00009277,272,154,118
W00009278,244,126,118
W00009282,283,132,151
W00009283,317,167,150
W00009486,355,184,171
W00009488,337,177,160
W00009490,473,247,226
W00009494,455,237,218
W00009500,297,160,137
W00009489,286,141,145
W00009491,495,250,245
W00009493,319,164,155
W00009495,301,161,140
W00009501,386,194,192
W00009487,280,163,117
W00009492,202,122,80
W00009497,410,220,190
W00009499,265,133,132
W00010136,284,147,137
W00010156,192,93,99
W00010225,258,135,123
W00010534,334,171,163
W00010538,339,161,178
W00010552,260,121,139
W00010631,292,136,156
W00010502,249,135,114
W00010579,278,147,131
W00010595,309,148,161
W00010629,283,144,139
W00010644,314,161,153
W00009496,319,154,165
W00009502,380,198,182
W00010157,319,164,155
W00010174,254,118,136
W00010189,275,146,129
W00009525,309,171,138
W00009526,379,203,176
W00009529,339,173,166
W00009530,256,128,128
W00009531,268,143,125
W00009520,301,163,138
W00009527,329,172,157
W00009553,285,162,123
W00009556,319,166,153
W00010363,175,90,85
W00010587,460,228,232
W00009521,306,152,154
W00009522,280,156,124
W00009524,268,137,131
W00009528,255,144,111
W00009554,240,121,119
W00009555,262,132,130
W00009517,281,154,127
W00009519,227,124,103
W00009532,312,168,144
W00009533,249,139,110
W00009534,194,97,97
W00009535,255,139,116
W00009251,391,193,198
W00009252,418,208,210
W00009253,307,156,151
W00009254,335,207,128
W00009256,373,185,188
W00009241,323,158,165
W00009258,369,183,186
W00009259,264,137,127
W00009260,308,157,151
W00009261,347,170,177
W00009271,220,115,105
W00009275,241,129,112
W00009280,320,160,160
W00009281,377,181,196
W00009286,278,154,124
W00009250,279,156,123
W00009284,307,165,142
W00009285,332,192,140
W00009289,289,148,141
W00009291,210,117,93
W00010151,333,166,167
W00010176,367,191,176
W00010214,282,143,139
W00010589,101,68,33
W00010597,215,99,116
W00009255,290,159,131
W00009288,325,167,158
W00009290,306,163,143
W00010199,263,130,133
W00010222,327,160,167
W00009375,416,217,199
W00009376,397,200,197
W00009385,381,210,171
W00009508,320,166,154
W00009515,306,160,146
W00009516,474,241,233
W00010163,367,183,184
W00010227,276,139,137
W00009506,296,152,144
W00009507,320,167,153
W00009509,305,156,149
W00009510,320,155,165
W00009514,303,153,150
W00010152,412,193,219
W00010182,348,184,164
W00010185,301,161,140
W00010192,499,252,247
W00010562,356,194,162
W00010646,376,198,178
W00009503,561,291,270
W00009505,229,125,104
W00009511,352,188,164
W00009512,376,201,175
W00009295,376,203,173
W00009298,277,138,139
W00009299,388,197,191
W00009328,330,175,155
W00009329,338,179,159
W00009317,306,171,135
W00009319,321,152,169
W00009320,330,179,151
W00009321,301,161,140
W00009325,383,187,196
W00009318,383,210,173
W00009322,390,223,167
W00009323,349,211,138
W00009326,313,154,159
W00009327,283,155,128
W00009480,213,109,104
W00009481,383,196,187
W00009482,321,158,163
W00009483,191,98,93
W00009484,255,134,121
W00010623,279,139,140
W00010645,287,154,133
W00008947,278,143,135
W00008952,324,163,161
W00008955,358,174,184
W00008956,307,164,143
W00008958,269,144,125
W00008950,381,201,180
W00008951,413,200,213
W00008953,346,181,165
W00008957,345,180,165
W00008948,342,171,171
W00008949,329,182,147
W00008978,219,114,105
W00008979,290,159,131
W00008980,311,164,147
W00009333,352,178,174
W00009368,311,160,151
W00009369,406,226,180
W00009374,315,164,151
W00009330,463,247,216
W00009339,386,205,181
W00009342,416,218,198
W00009357,316,165,151
W00009334,287,146,141
W00009335,352,184,168
W00009337,508,277,231
W00009340,417,194,223
W00010166,305,153,152
W00010169,446,241,205
W00010175,206,75,131
W00010217,259,132,127
W00009331,369,192,177
W00009371,345,177,168
W00009372,349,193,156
W00009373,313,165,148
W00009332,332,173,159
W00009336,293,150,143
W00009338,338,183,155
W00009341,328,167,161
W00009343,290,153,137
W00009723,288,161,127
W00009751,436,215,221
W00009760,328,170,158
W00009761,314,164,150
W00009763,292,154,138
W00009716,314,156,158
W00009717,281,149,132
W00009718,367,188,179
W00009719,328,178,150
W00009720,297,154,143
W00009721,258,139,119
W00009739,332,169,163
W00009741,337,161,176
W00009742,272,146,126
W00009743,307,162,145
W00009745,274,139,135
W00009740,463,202,261
W00009744,240,118,122
W00009747,267,130,137
W00009748,212,105,107
W00009752,128,84,44
W00009757,328,183,145
W00009677,272,139,133
W00009679,360,192,168
W00009689,234,117,117
W00009692,360,193,167
W00010517,283,143,140
W00010613,323,173,150
W00009678,237,112,125
W00009680,397,201,196
W00009683,308,161,147
W00009684,301,142,159
W00009687,349,191,158
W00009688,299,164,135
W00009696,302,163,139
W00009698,264,142,122
W00009705,270,150,120
W00010558,307,162,145
W00010594,308,169,139
W00009676,388,227,161
W00009711,341,183,158
W00009713,379,201,178
W00010155,232,114,118
W00010179,457,240,217
W00010183,377,182,195
W00010207,435,220,215
W00009159,448,252,196
W00009161,411,199,212
W00009171,522,278,244
W00010135,389,201,188
W00010162,274,136,138
W00010190,310,150,160
W00010218,220,117,103
W00009518,288,143,145
W00009543,326,170,156
W00009544,288,156,132
W00009549,331,168,163
W00009552,238,120,118
W00009536,264,142,122
W00009539,320,162,158
W00009540,284,137,147
W00009541,273,157,116
W00009542,251,129,122
W00009546,240,107,133
W00009547,271,142,129
W00009537,238,126,112
W00009538,209,96,113
W00009545,298,171,127
W00009548,279,134,145
W00009550,255,132,123
W00009551,268,148,120
W00009691,571,307,264
W00009693,354,189,165
W00009697,303,172,131
W00009700,295,152,143
W00009702,382,204,178
W00009671,288,156,132
W00009690,449,236,213
W00009695,347,185,162
W00009703,237,122,115
W00009706,327,178,149
W00009681,316,162,154
W00009682,364,188,176
W00009686,314,161,153
W00009694,238,136,102
W00009699,242,128,114
W00009669,471,244,227
W00009672,331,179,152
W00009707,306,164,142
W00009708,335,188,147
W00008935,330,171,159
W00008937,310,164,146
W00008938,303,142,161
W00008939,273,135,138
W00008934,297,162,135
W00008936,338,170,168
W00008940,279,143,136
W00008941,255,132,123
W00008942,249,135,114
W00008943,404,222,182
W00008945,290,148,142
W00010221,290,150,140
W00010228,353,185,168
W00010522,330,163,167
W00010526,276,141,135
W00010535,365,185,180
W00010596,303,164,139
W00010602,291,154,137
W00009377,280,147,133
W00009378,363,191,172
W00009379,258,139,119
W00009380,253,131,122
W00009381,301,147,154
W00009382,282,153,129
W00009383,284,148,136
W00009384,352,188,164
W00009294,254,143,111
W00009305,267,147,120
W00009306,264,140,124
W00009308,249,138,111
W00009309,318,157,161
W00009310,325,180,145
W00009293,378,191,187
W00009296,282,134,148
W00009297,322,142,180
W00009300,291,148,143
W00009324,311,159,152
W00009301,331,192,139
W00009302,324,169,155
W00009303,283,155,128
W00009307,325,191,134
W00009311,286,155,131
W00009304,316,153,163
W00009312,356,190,166
W00009313,197,106,91
W00009314,286,156,130
W00009315,296,154,142
W00009316,265,135,130
W00009600,323,180,143
W00009615,364,173,191
W00009616,364,187,177
W00009617,190,91,99
W00009618,335,180,155
W00009619,351,200,151
W00009621,295,160,135
W00009622,276,160,116
W00009624,494,276,218
W00009670,401,217,184
W00009673,331,173,158
W00009701,213,99,114
W00009704,330,176,154
W00009710,384,213,171
W00009675,317,160,157
W00009712,289,147,142
W00009714,324,174,150
W00009715,388,197,191
W00009348,311,146,165
W00009349,275,132,143
W00009350,236,113,123
W00009356,392,205,187
W00009344,390,210,180
W00009345,399,211,188
W00009347,257,130,127
W00009351,346,173,173
W00009352,342,182,160
W00009346,348,184,164
W00009353,345,184,161
W00009355,260,136,124
W00009360,325,179,146
W00009354,390,213,177
W00009358,455,224,231
W00009359,265,140,125
W00009361,420,217,203
W00009362,303,163,140
W00009363,193,92,101
W00009364,322,173,149
W00009365,253,123,130
W00009366,360,181,179
W00009367,307,159,148
W00009156,260,138,122
W00009160,336,163,173
W00009163,331,167,164
W00009169,354,184,170
W00009170,310,162,148
W00009146,323,167,156
W00009148,117,69,48
W00009154,410,208,202
W00009155,191,99,92
W00009138,310,157,153
W00009157,494,242,252
W00009162,278,147,131
W00009164,331,164,167
W00009173,250,133,117
W00009140,403,191,212
W00009143,291,141,150
W00009149,371,182,189
W00009174,335,162,173
W00008954,346,179,167
W00008959,343,170,173
W00008960,373,194,179
W00008961,343,173,170
W00008964,331,171,160
W00008962,260,134,126
W00008963,303,149,154
W00008967,141,75,66
W00008969,284,136,148
W00010123,366,167,199
W00010188,143,69,74
W00008965,382,199,183
W00008966,309,158,151
W00008970,303,154,149
W00008971,334,165,169
W00008975,271,131,140
W00008972,343,196,147
W00008974,281,144,137
W00008976,333,173,160
W00008977,345,164,181
W00010510,118,63,55
W00010603,622,303,319
W00009722,282,143,139
W00009726,334,177,157
W00009758,316,162,154
W00009762,360,199,161
W00009767,327,155,172
W00009730,235,118,117
W00009750,278,137,141
W00009754,184,99,85
W00009756,200,106,94
W00009765,276,140,136
W00009766,284,145,139
W00009724,337,169,168
W00009728,317,173,144
W00009734,233,125,108
W00009759,258,132,126
W00009768,282,147,135
W00009769,203,114,89
W00009727,297,146,151
W00009729,288,142,146
W00009733,290,148,142
W00009737,279,144,135
W00009738,279,147,132
W00009725,320,166,154
W00009746,307,164,143
W00009749,360,190,170
W00009753,199,102,97
W00009755,260,132,128
W00009144,274,137,137
W00009165,268,143,125
W00009166,317,166,151
W00009168,235,119,116
W00009172,305,152,153
W00009141,491,236,255
W00009142,215,110,105
W00009145,305,163,142
W00009147,290,143,147
W00009151,330,171,159
W00009139,296,152,144
W00009150,351,183,168
W00009152,348,167,181
W00009153,310,160,150
W00009731,259,135,124
W00009732,214,101,113
W00009735,535,291,244
W00009736,300,171,129
W00009764,263,140,123
W00009604,255,139,116
W00009605,316,162,154
W00009607,313,144,169
W00009609,311,164,147
W00009612,309,160,149
W00009602,310,162,148
W00009606,273,141,132
W00009608,326,161,165
W00009626,293,153,140
W00009627,279,141,138
W00009610,382,199,183
W00009611,316,160,156
W00009613,303,156,147
W00009614,291,158,133
W00009601,327,182,145
W00009603,325,182,143
W00009620,300,169,131
W00009623,288,158,130
W00009625,281,160,121
W00009214,260,151,109
W00009220,328,176,152
W00009231,248,137,111
W00009236,368,188,180
W00009218,305,159,146
W00009219,269,145,124
W00009235,325,154,171
W00009238,291,151,140
W00009240,301,151,150
W00009217,271,140,131
W00009232,338,185,153
W00009233,333,171,162
W00009237,432,215,217
W00009221,348,194,154
W00009222,285,155,130
W00009223,340,178,162
W00009224,301,154,147
W00009239,327,166,161
W00009216,340,179,161
W00009225,312,161,151
W00009227,262,140,122
W00009228,260,137,123
W00009229,360,175,185
W00009215,295,148,147
W00009226,332,180,152
W00009230,349,185,164
W00009234,243,131,112
W00009392,315,172,143
W00009393,248,134,114
W00009421,285,161,124
W00010128,672,341,331
W00010229,194,112,82
W00009409,307,168,139
W00009411,398,208,190
W00009412,317,168,149
W00009415,347,170,177
W00009389,370,196,174
W00009410,358,196,162
W00009413,289,143,146
W00009416,354,179,175
W00009418,272,141,131
W00009414,272,139,133
W00009417,285,148,137
W00009419,288,140,148
W00009420,342,175,167
W00009422,328,160,168
W00009075,351,181,170
W00009077,351,177,174
W00009081,316,161,155
W00009088,476,216,260
W00009073,401,201,200
W00010497,1728,992,736
W00010498,1494,924,570
W00010549,275,126,149
W00010640,368,200,168
W00009082,385,199,186
W00009084,296,154,142
W00009085,439,218,221
W00009086,335,177,158
W00009074,373,186,187
W00009080,401,193,208
W00009087,379,201,178
W00009089,349,190,159
W00010572,147,75,72
W00010641,547,303,244
W00009192,228,122,106
W00009194,359,175,184
W00009195,336,176,160
W00009196,281,138,143
W00009200,303,161,142
W00009191,455,235,220
W00009207,217,116,101
W00009213,290,151,139
W00010187,393,222,171
W00010231,265,132,133
W00009187,267,135,132
W00009193,210,103,107
W00009197,296,174,122
W00009198,427,215,212
W00009203,224,109,115
W00009204,246,123,123
W00009186,274,133,141
W00009199,304,154,150
W00009201,291,145,146
W00009202,266,135,131
W00009205,323,150,173
W00009188,322,175,147
W00009189,294,160,134
W00009190,308,155,153
W00009206,289,163,126
W00009208,324,175,149
W00009209,252,134,118
W00009210,229,118,111
W00009211,261,136,125
W00009212,243,123,120
W00009030,315,162,153
W00009060,336,165,171
W00009061,270,148,122
W00009062,253,136,117
W00009063,235,129,106
W00009068,265,136,129
W00009029,305,174,131
W00009031,319,166,153
W00009064,308,162,146
W00009065,317,161,156
W00009067,318,159,159
W00009039,285,135,150
W00009059,332,180,152
W00009066,320,169,151
W00009069,321,165,156
W00009072,284,160,124
W00009032,353,227,126
W00009036,374,208,166
W00009038,247,122,125
W00009040,310,153,157
W00009044,235,124,111
W00009070,344,183,161
W00008921,307,148,159
W00008922,544,292,252
W00008923,415,223,192
W00008924,494,241,253
W00008925,441,241,200
W00008926,361,202,159
W00008927,421,231,190
W00010205,688,404,284
W00010232,104,50,54
W00008929,383,181,202
W00008932,552,314,238
W00010500,249,121,128
W00010568,405,203,202
W00010615,285,155,130
W00010648,363,161,202
W00008899,475,274,201
W00008906,430,259,171
W00008931,446,253,193
W00008933,412,234,178
W00008902,555,280,275
W00008918,485,256,229
W00008919,272,150,122
W00008920,480,256,224
W00009386,420,239,181
W00009387,302,168,134
W00009390,352,183,169
W00009391,444,244,200
W00009394,344,183,161
W00009395,287,146,141
W00009397,361,189,172
W00009399,313,161,152
W00009401,319,168,151
W00009396,320,172,148
W00009398,274,135,139
W00009400,360,198,162
W00009403,338,159,179
W00009405,256,114,142
W00009402,309,147,162
W00009404,271,135,136
W00009407,327,154,173
W00009408,257,106,151
W00010142,320,169,151
W00010159,496,260,236
W00009430,245,119,126
W00009462,360,157,203
W00009466,334,155,179
W00009470,253,115,138
W00009473,304,130,174
W00009451,381,178,203
W00009452,346,159,187
W00009453,352,178,174
W00009459,247,134,113
W00009454,417,190,227
W00009455,185,86,99
W00009456,379,176,203
W00009468,488,236,252
W00009457,333,160,173
W00009458,311,170,141
W00009460,381,201,180
W00009461,287,163,124
W00009467,323,160,163
W00009426,298,155,143
W00009463,343,182,161
W00009464,280,140,140
W00009465,431,230,201
W00009469,237,108,129
W00009037,273,148,125
W00009041,241,114,127
W00009042,284,144,140
W00009045,321,177,144
W00009046,235,130,105
W00009071,248,121,127
W00009034,308,160,148
W00009035,337,173,164
W00009048,316,155,161
W00009051,317,158,159
W00009056,309,154,155
W00009033,297,161,136
W00009043,419,226,193
W00009047,272,140,132
W00009049,332,196,136
W00009050,310,171,139
W00009052,206,116,90
W00009053,187,101,86
W00009054,332,171,161
W00009055,360,194,166
W00009057,306,167,139
W00009058,217,105,112
W00008911,325,171,154
W00008912,543,289,254
W00010118,337,146,191
W00010119,664,385,279
W00010212,111,54,57
W00010223,916,506,410
W00008903,557,279,278
W00008909,515,314,201
W00008910,625,382,243
W00010569,508,265,243
W00010638,200,111,89
W00008901,534,304,230
W00008913,433,194,239
W00010125,390,192,198
W00010219,326,163,163
W00010601,145,83,62
W00010633,484,221,263
W00008915,436,162,274
W00008916,473,254,219
W00010115,896,451,445
W00010132,209,86,123
W00010121,183,86,97
W00010130,438,240,198
W00010131,363,165,198
W00010137,340,150,190
W00010141,172,83,89
W00010153,237,112,125
W00010208,197,97,100
W00010573,368,203,165
W00010584,332,178,154
W00009428,389,182,207
W00009431,253,123,130
W00009434,404,195,209
W00009443,321,141,180
W00009476,626,294,332
W00009423,377,182,195
W00009429,282,131,151
W00009432,265,120,145
W00009435,192,88,104
W00009472,243,125,118
W00009475,266,125,141
W00009424,378,187,191
W00009437,357,150,207
W00009446,381,186,195
W00010529,138,66,72
W00010630,518,228,290
W00009427,303,169,134
W00009433,447,183,264
W00009438,239,106,133
W00009442,209,80,129
W00009474,341,155,186
W00009436,321,162,159
W00009439,295,140,155
W00009440,300,161,139
W00009441,428,192,236
W00009444,308,153,155
W00009425,343,173,170
W00009445,260,109,151
W00009447,241,84,157
W00009448,306,124,182
W00009450,385,214,171
W00010536,355,147,208
W00010626,288,135,153
W00009576,275,142,133
W00009577,253,129,124
W00009578,287,149,138
W00009579,199,108,91
W00009580,290,121,169
W00009582,283,144,139
W00009581,289,150,139
W00009583,327,175,152
W00009584,290,146,144
W00009586,332,167,165
W00009589,270,123,147
W00009558,311,152,159
W00009585,241,122,119
W00009587,250,126,124
W00009591,307,154,153
W00009593,255,131,124
W00009594,293,151,142
W00009590,257,137,120
W00009592,286,121,165
W00009595,359,182,177
W00009596,275,145,130
W00009597,360,161,199
W00008858,266,136,130
W00008870,317,168,149
W00008886,370,180,190
W00008890,298,151,147
W00008892,317,170,147
W00008887,318,164,154
W00008888,232,111,121
W00008889,298,144,154
W00008895,277,138,139
W00008896,237,122,115
W00008897,196,96,100
W00008853,286,148,138
W00008854,320,176,144
W00008893,351,170,181
W00008894,321,165,156
W00008856,276,136,140
W00008857,271,145,126
W00008862,248,139,109
W00008865,262,131,131
W00008866,255,125,130
W00008891,228,112,116
W00008779,378,174,204
W00008781,428,198,230
W00008782,378,166,212
W00008784,424,192,232
W00008785,390,182,208
W00008790,281,133,148
W00009982,1569,598,971
W00010116,225,107,118
W00010206,242,113,129
W00010519,615,298,317
W00010523,185,80,105
W00010559,515,252,263
W00010639,359,167,192
W00008786,335,167,168
W00008788,407,196,211
W00008789,289,144,145
W00008791,232,135,97
W00008792,274,139,135
W00008780,467,226,241
W00008797,345,145,200
W00008798,436,211,225
W00008800,384,174,210
W00008801,351,169,182
W00008794,467,212,255
W00008795,385,175,210
W00008799,394,168,226
W00009985,369,196,173
W00010122,239,99,140
W00010181,242,105,137
W00009634,301,145,156
W00009641,255,138,117
W00009659,338,164,174
W00009660,332,157,175
W00009667,225,113,112
W00009631,320,178,142
W00009638,262,133,129
W00009658,288,145,143
W00009663,321,166,155
W00009665,314,178,136
W00009666,142,54,88
W00009648,284,158,126
W00009651,390,210,180
W00009652,366,204,162
W00009654,291,157,134
W00009655,299,145,154
W00009649,373,188,185
W00009650,238,125,113
W00009653,454,236,218
W00010581,164,80,84
W00010643,337,180,157
W00010134,284,135,149
W00010146,325,182,143
W00010172,350,169,181
W00010180,352,181,171
W00010542,188,96,92
W00009632,312,162,150
W00009657,202,112,90
W00009661,302,149,153
W00009664,296,149,147
W00009668,271,135,136
W00009629,369,204,165
W00009635,302,141,161
W00009640,326,171,155
W00009642,286,146,140
W00009662,314,144,170
W00009630,358,186,172
W00009636,330,168,162
W00009637,275,150,125
W00009639,424,215,209
W00009645,444,224,220
W00009633,334,182,152
W00009643,278,135,143
W00009644,221,125,96
W00009646,327,168,159
W00009647,383,221,162
W00008992,359,184,175
W00008995,348,166,182
W00009000,362,198,164
W00009004,330,181,149
W00009007,235,127,108
W00008985,409,226,183
W00008986,357,184,173
W00008999,368,205,163
W00009006,312,175,137
W00008997,312,168,144
W00009002,399,214,185
W00009003,428,219,209
W00009008,370,196,174
W00008981,325,170,155
W00009009,327,175,152
W00009012,262,125,137
W00009013,320,172,148
W00009018,302,160,142
W00009005,392,217,175
W00009010,348,220,128
W00009011,328,181,147
W00009014,358,205,153
W00009016,263,157,106
W00008868,314,154,160
W00008869,431,230,201
W00008873,317,174,143
W00008874,370,184,186
W00008878,435,255,180
W00008861,370,190,180
W00008882,363,170,193
W00008883,291,156,135
W00008884,262,127,135
W00010528,394,200,194
W00010560,289,150,139
W00010649,130,75,55
W00008855,308,167,141
W00008860,247,129,118
W00008863,238,119,119
W00008864,304,165,139
W00008871,357,182,175
W00008875,380,211,169
W00008877,315,166,149
W00008879,292,144,148
W00008880,383,203,180
W00008881,357,188,169
W00010546,235,133,102
W00010556,216,117,99
W00010600,287,148,139
W00010612,226,116,110
W00010636,277,144,133
W00008859,351,179,172
W00008867,307,155,152
W00008872,281,155,126
W00010140,460,235,225
W00010213,137,70,67
W00010585,278,146,132
W00008834,285,147,138
W00008835,358,198,160
W00008836,263,135,128
W00008840,375,204,171
W00008843,390,220,170
W00008822,345,172,173
W00008829,474,251,223
W00008830,322,176,146
W00008832,250,146,104
W00008823,346,184,162
W00008824,440,230,210
W00008831,364,194,170
W00008833,499,277,222
W00008837,388,198,190
W00008993,316,167,149
W00008994,278,155,123
W00008996,292,173,119
W00008998,312,159,153
W00009001,345,185,160
W00009564,352,175,177
W00009565,395,193,202
W00009569,306,163,143
W00009571,354,182,172
W00009574,372,185,187
W00009557,416,203,213
W00009570,437,220,217
W00009572,348,136,212
W00009573,366,193,173
W00009575,153,60,93
W00009559,392,199,193
W00009561,343,170,173
W00009562,319,109,210
W00009567,276,134,142
W00009588,321,147,174
W00009598,451,246,205
W00009560,431,186,245
W00009563,286,118,168
W00009566,422,201,221
W00009568,392,163,229
W00009599,329,131,198
W00008982,263,141,122
W00009020,270,150,120
W00009021,413,217,196
W00009025,332,153,179
W00009027,321,160,161
W00008983,271,134,137
W00009015,430,227,203
W00009017,245,130,115
W00009022,245,141,104
W00009026,268,142,126
W00008987,324,169,155
W00008988,303,159,144
W00009019,310,181,129
W00009023,279,153,126
W00009024,321,181,140
W00009028,212,124,88
W00008984,345,174,171
W00008989,317,167,150
W00008990,293,159,134
W00008991,311,159,152
W00009123,511,247,264
W00009128,350,178,172
W00009131,340,154,186
W00009983,608,277,331
W00010224,206,99,107
W00009096,457,209,248
W00009099,300,149,151
W00009132,311,133,178
W00009135,405,203,202
W00009125,356,178,178
W00009127,345,174,171
W00009129,451,209,242
W00009130,275,131,144
W00009134,263,126,137
W00009095,399,193,206
W00009097,339,171,168
W00009104,521,260,261
W00009136,319,161,158
W00009137,232,118,114
W00009098,386,195,191
W00009101,451,216,235
W00009105,447,217,230
W00009106,383,186,197
W00008821,494,251,243
W00008826,379,198,181
W00008827,333,155,178
W00008844,314,173,141
W00008849,260,139,121
W00008841,302,150,152
W00008845,274,138,136
W00008847,358,189,169
W00008848,292,159,133
W00008819,284,144,140
W00008820,622,360,262
W00008828,326,168,158
W00008850,412,231,181
W00008851,302,155,147
W00008825,289,135,154
W00008838,253,132,121
W00008839,206,99,107
W00008842,422,221,201
W00008846,247,118,129
W00008852,227,113,114
W00009094,247,131,116
W00009100,400,181,219
W00009102,270,124,146
W00009126,360,181,179
W00009133,317,162,155
W00009090,374,190,184
W00009109,204,93,111
W00009111,328,172,156
W00009114,443,233,210
W00009115,313,160,153
W00009107,361,161,200
W00009108,292,146,146
W00009110,387,197,190
W00009112,401,203,198
W00009113,337,165,172
W00009091,390,176,214
W00009116,340,166,174
W00009117,465,230,235
W00009118,253,118,135
W00009120,395,195,200
W00010120,290,123,167
W00010133,315,131,184
W00010139,302,138,164
W00010210,142,70,72
W00010127,253,109,144
W00010147,238,102,136
W00010171,291,134,157
W00010186,183,84,99
W00010215,231,102,129
W00010129,171,77,94
W00010184,289,132,157
W00010194,369,154,215
W00010195,159,68,91
W00010197,188,86,102
W00009093,361,175,186
W00010149,364,152,212
W00010158,346,166,180
W00010168,247,122,125
W00010173,259,114,145
W00010211,157,76,81
W00010138,356,168,188
W00010143,278,128,150
W00010161,292,126,166
W00010167,189,87,102
W00010164,216,104,112
W00010165,394,215,179
W00010574,241,102,139
W00010586,263,116,147
W00008814,512,265,247
W00008816,431,187,244
W00008817,346,167,179
W00008818,541,240,301
W00010160,191,82,109
W00010198,274,137,137
W00010216,231,104,127
W00008803,375,174,201
W00008804,501,253,248
W00008807,442,218,224
W00010124,279,135,144
W00009092,297,147,150
W00009119,364,178,186
W00009121,303,128,175
W00010148,167,92,75
W00010170,198,102,96
W00010154,286,129,157
W00010201,241,103,138
W00010202,219,100,119
W00010203,191,99,92
W00010204,235,121,114
W00008811,241,97,144
W00008813,255,111,144
W00010191,188,83,105
W00010537,219,108,111
W00010580,617,342,275
W00010193,323,169,154
W00010196,172,83,89
W00010200,252,111,141
W00010230,140,65,75
W00010541,799,344,455
W00010635,198,104,94
W00006254,342,168,174
W00006255,359,191,168
W00006257,390,193,197
W00009912,426,226,200
W00009916,216,107,109
W00006252,364,186,178
W00006261,266,134,132
W00006263,406,201,205
W00006264,327,159,168
W00006253,281,142,139
W00006259,412,203,209
W00006262,218,114,104
W00009917,390,215,175
W00006419,296,142,154
W00006420,221,122,99
W00006423,310,154,156
W00006427,236,130,106
W00006428,357,200,157
W00006421,336,188,148
W00006422,340,194,146
W00006424,315,170,145
W00006425,327,166,161
W00006426,235,115,120
W00006477,264,132,132
W00006478,262,133,129
W00006479,314,161,153
W00006480,288,127,161
W00006481,179,89,90
W00006482,354,167,187
W00006483,151,80,71
W00006050,256,135,121
W00006051,340,183,157
W00006053,282,147,135
W00006054,330,163,167
W00006067,253,127,126
W00006069,290,155,135
W00006074,258,127,131
W00006099,284,144,140
W00006100,271,131,140
W00006101,280,140,140
W00006102,393,198,195
W00006103,447,228,219
W00006075,298,152,146
W00006076,291,147,144
W00006077,279,152,127
W00006078,340,164,176
W00006087,349,181,168
W00006081,354,180,174
W00006084,335,166,169
W00006085,311,166,145
W00006088,263,116,147
W00006093,266,143,123
W00006059,256,122,134
W00006062,318,167,151
W00006063,259,131,128
W00006071,239,129,110
W00006072,337,178,159
W00006055,343,163,180
W00006056,304,172,132
W00006057,314,160,154
W00006058,323,152,171
W00006060,306,158,148
W00006061,323,159,164
W00006073,320,179,141
W00006079,288,144,144
W00006089,481,244,237
W00006097,448,229,219
W00006098,276,137,139
W00006083,264,136,128
W00006086,238,121,117
W00006090,219,117,102
W00006091,156,75,81
W00006092,296,155,141
W00006094,244,131,113
W00006080,366,192,174
W00006082,380,187,193
W00006095,395,201,194
W00006096,258,133,125
W00006052,348,155,193
W00006064,288,143,145
W00006065,296,141,155
W00006066,319,151,168
W00006068,195,108,87
W00006070,351,188,163
W00006163,333,169,164
W00006164,273,142,131
W00006166,261,135,126
W00006170,275,145,130
W00006172,246,129,117
W00006161,250,128,122
W00006162,410,224,186
W00006173,444,219,225
W00010269,549,274,275
W00010300,207,90,117
W00010304,310,159,151
W00010310,368,198,170
W00006160,316,165,151
W00006167,298,148,150
W00006168,281,141,140
W00006169,291,153,138
W00005996,335,185,150
W00006000,206,109,97
W00006001,394,218,176
W00006006,282,139,143
W00006007,262,134,128
W00006008,330,170,160
W00006009,297,151,146
W00006011,284,149,135
W00005998,337,187,150
W00005999,293,163,130
W00006002,144,69,75
W00006010,263,140,123
W00006012,314,175,139
W00005997,305,164,141
W00006003,261,128,133
W00006004,353,198,155
W00006005,217,116,101
W00006013,277,145,132
W00006015,321,153,168
W00006016,276,139,137
W00006023,292,140,152
W00006024,260,129,131
W00006026,271,138,133
W00006014,343,177,166
W00006019,323,162,161
W00006020,302,146,156
W00006021,199,90,109
W00006025,343,173,170
W00006017,272,151,121
W00006018,299,152,147
W00006022,382,196,186
W00006028,286,147,139
W00010271,149,69,80
W00010305,544,270,274
W00006338,380,211,169
W00006339,342,168,174
W00006341,526,265,261
W00006342,284,134,150
W00006340,276,128,148
W00006343,307,149,158
W00006344,244,127,117
W00006345,378,201,177
W00006346,253,133,120
W00006347,337,177,160
W00006349,310,166,144
W00006350,242,133,109
W00006351,334,179,155
W00006354,239,116,123
W00006355,365,206,159
W00006356,358,174,184
W00006359,235,115,120
W00006360,317,172,145
W00006348,262,127,135
W00006352,260,127,133
W00006353,284,152,132
W00006357,266,128,138
W00006358,251,125,126
W00006361,199,106,93
W00006640,353,180,173
W00006642,320,158,162
W00006643,322,166,156
W00006646,242,118,124
W00006647,309,153,156
W00006634,305,159,146
W00006637,245,120,125
W00006641,222,107,115
W00006644,222,108,114
W00006648,367,190,177
W00006635,280,139,141
W00006649,310,151,159
W00006650,281,143,138
W00006651,262,126,136
W00006653,352,180,172
W00006636,257,137,120
W00006638,244,120,124
W00006639,277,144,133
W00006645,300,147,153
W00006652,233,120,113
W00006369,251,111,140
W00006371,309,162,147
W00006372,284,137,147
W00006375,391,216,175
W00006376,220,105,115
W00006373,297,152,145
W00006374,274,133,141
W00006377,266,128,138
W00006378,328,172,156
W00006379,291,151,140
W00006362,277,153,124
W00006364,324,187,137
W00006365,346,184,162
W00006380,272,148,124
W00006381,312,161,151
W00006363,252,131,121
W00006366,296,153,143
W00006367,259,134,125
W00006368,233,121,112
W00006370,274,148,126
W00006195,282,154,128
W00006205,170,99,71
W00006206,328,173,155
W00006207,269,154,115
W00006208,241,123,118
W00006200,248,132,116
W00006201,258,124,134
W00006202,202,92,110
W00006203,249,125,124
W00006204,327,170,157
W00006326,238,121,117
W00006332,234,132,102
W00006333,303,145,158
W00006334,229,117,112
W00006335,267,143,124
W00006336,190,85,105
W00006337,307,160,147
W00006327,307,160,147
W00006328,260,137,123
W00006329,283,148,135
W00006330,270,141,129
W00006331,235,121,114
W00006654,285,146,139
W00006657,336,168,168
W00006660,304,172,132
W00006673,295,145,150
W00006675,230,120,110
W00006656,304,153,151
W00006658,258,127,131
W00006674,336,173,163
W00006678,258,133,125
W00006680,294,147,147
W00006655,280,136,144
W00006659,272,139,133
W00006661,323,163,160
W00006662,215,116,99
W00006663,250,122,128
W00006664,191,98,93
W00006665,401,208,193
W00006666,250,140,110
W00006667,289,142,147
W00006668,302,158,144
W00006672,224,120,104
W00006669,321,167,154
W00006670,268,145,123
W00006671,362,187,175
W00006676,334,170,164
W00006677,262,141,121
W00006679,198,110,88
W00006383,346,168,178
W00006386,340,144,196
W00006396,279,143,136
W00006398,327,168,159
W00006389,288,138,150
W00006390,341,183,158
W00006391,309,159,150
W00006392,292,166,126
W00006394,294,150,144
W00006382,307,160,147
W00006384,328,178,150
W00006385,290,153,137
W00006387,268,136,132
W00006388,200,88,112
W00006393,244,121,123
W00006395,276,141,135
W00006397,251,121,130
W00006399,321,181,140
W00006032,376,193,183
W00006035,277,132,145
W00006036,274,135,139
W00006038,266,144,122
W00006039,295,146,149
W00006041,404,211,193
W00006042,328,161,167
W00006043,329,173,156
W00006044,339,169,170
W00006045,329,163,166
W00006031,311,156,155
W00006033,231,118,113
W00006034,249,119,130
W00006040,455,236,219
W00006046,247,126,121
W00006047,254,120,134
W00006029,325,176,149
W00006030,283,150,133
W00006037,293,137,156
W00006048,239,118,121
W00006049,271,139,132
W00006194,267,128,139
W00006196,298,144,154
W00006197,322,178,144
W00006198,291,150,141
W00006199,270,139,131
W00006685,199,98,101
W00006686,241,125,116
W00006689,254,145,109
W00006690,253,137,116
W00006691,274,137,137
W00006688,361,191,170
W00006692,310,139,171
W00006693,280,137,143
W00006694,278,151,127
W00006695,237,114,123
W00006696,316,157,159
W00006681,281,141,140
W00006682,260,132,128
W00006683,257,120,137
W00006684,219,109,110
W00006687,258,115,143
W00006612,262,135,127
W00006613,257,141,116
W00006614,364,196,168
W00006615,345,180,165
W00006737,287,136,151
W00006746,298,146,152
W00006747,133,69,64
W00006748,315,141,174
W00006754,330,165,165
W00006742,309,155,154
W00006743,260,141,119
W00006749,310,157,153
W00006750,305,172,133
W00006751,293,157,136
W00006740,359,181,178
W00006745,281,143,138
W00006752,286,135,151
W00006753,280,142,138
W00006755,251,118,133
W00006736,211,92,119
W00006738,328,158,170
W00006739,351,175,176
W00006741,274,130,144
W00006744,264,149,115
W00006319,361,198,163
W00006320,327,170,157
W00006321,299,150,149
W00006322,291,148,143
W00006323,301,162,139
W00006324,334,177,157
W00006325,332,169,163
W00006220,292,144,148
W00006221,382,191,191
W00006225,247,131,116
W00006226,383,215,168
W00006229,223,122,101
W00006222,240,110,130
W00006223,280,146,134
W00006224,238,125,113
W00006227,315,164,151
W00006228,318,167,151
W00006723,195,105,90
W00006724,260,138,122
W00006731,328,172,156
W00006732,325,160,165
W00006733,324,168,156
W00006734,297,144,153
W00006735,316,163,153
W00006722,315,151,164
W00006727,308,155,153
W00006728,278,146,132
W00006729,293,151,142
W00006730,267,134,133
W00006721,310,165,145
W00006725,439,216,223
W00006726,326,176,150
W00006150,293,154,139
W00006151,268,144,124
W00006157,236,114,122
W00006158,230,120,110
W00006159,342,169,173
W00006152,289,144,145
W00006153,275,126,149
W00006154,267,136,131
W00006155,307,146,161
W00006156,269,136,133
W00006556,289,156,133
W00006557,285,154,131
W00006558,243,128,115
W00006559,327,171,156
W00006560,171,90,81
W00006561,266,130,136
W00006550,263,137,126
W00006551,623,318,305
W00006552,221,121,100
W00006553,304,141,163
W00006554,297,148,149
W00006555,270,131,139
W00006186,275,136,139
W00006188,270,128,142
W00006191,240,113,127
W00006192,258,140,118
W00006193,243,131,112
W00006459,282,132,150
W00006464,284,144,140
W00006466,324,139,185
W00006475,250,120,130
W00006476,269,134,135
W00006465,319,165,154
W00006467,263,133,130
W00006468,308,155,153
W00006470,287,139,148
W00006471,366,200,166
W00006457,268,138,130
W00006458,320,168,152
W00006460,275,143,132
W00006461,308,169,139
W00006463,263,140,123
W00006712,233,115,118
W00006713,320,159,161
W00006714,290,141,149
W00006715,296,158,138
W00006716,196,89,107
W00006718,222,103,119
W00006709,298,150,148
W00006710,306,148,158
W00006711,273,136,137
W00006717,296,151,145
W00006719,253,134,119
W00006720,268,139,129
W00006400,280,140,140
W00006401,340,184,156
W00006409,259,144,115
W00006418,232,136,96
W00006405,309,155,154
W00006406,309,165,144
W00006408,261,117,144
W00006416,343,176,167
W00006417,302,144,158
W00006403,207,110,97
W00006407,202,112,90
W00006410,199,100,99
W00006412,303,165,138
W00006415,303,152,151
W00006402,323,177,146
W00006404,280,147,133
W00006411,270,136,134
W00006413,322,160,162
W00006414,300,155,145
W00006609,328,160,168
W00006611,306,145,161
W00006618,319,161,158
W00006620,326,170,156
W00006621,325,176,149
W00006610,333,172,161
W00006616,271,127,144
W00006617,304,160,144
W00006619,336,176,160
W00006142,301,158,143
W00006143,325,170,155
W00006144,316,171,145
W00006148,303,158,145
W00006149,350,175,175
W00006141,347,171,176
W00006145,391,199,192
W00006146,285,144,141
W00006147,321,165,156
W00006599,307,142,165
W00006600,288,141,147
W00006601,320,159,161
W00006603,273,147,126
W00006598,303,165,138
W00006602,300,147,153
W00006606,368,186,182
W00006607,255,135,120
W00006596,256,128,128
W00006597,265,138,127
W00006604,260,127,133
W00006605,254,133,121
W00006608,206,97,109
W00006174,261,122,139
W00006176,279,145,134
W00006187,293,135,158
W00006189,290,135,155
W00006190,274,132,142
W00006178,205,111,94
W00006179,295,141,154
W00006181,307,148,159
W00006182,247,128,119
W00006183,302,146,156
W00006175,256,143,113
W00006177,225,104,121
W00006180,302,141,161
W00006184,302,169,133
W00006185,331,167,164
W00006462,291,152,139
W00006469,281,145,136
W00006472,342,174,168
W00006473,206,106,100
W00006474,162,81,81
W00006449,354,183,171
W00006450,296,155,141
W00006453,334,171,163
W00006456,297,157,140
W00006448,484,216,268
W00006451,299,170,129
W00006452,325,169,156
W00006454,274,149,125
W00006455,248,123,125
W00006487,267,136,131
W00006488,263,132,131
W00006489,291,150,141
W00006490,336,156,180
W00006498,326,160,166
W00006484,304,146,158
W00006491,209,124,85
W00006492,276,138,138
W00006493,278,148,130
W00006494,288,151,137
W00006495,298,146,152
W00006485,403,218,185
W00006486,275,143,132
W00006496,376,187,189
W00006497,309,165,144
W00006499,248,135,113
W00006230,303,149,154
W00006231,219,101,118
W00006232,251,119,132
W00006233,254,129,125
W00006234,271,144,127
W00006235,209,116,93
W00006236,293,152,141
W00006237,253,128,125
W00006238,209,108,101
W00006239,206,106,100
W00006240,508,281,227
W00006242,208,121,87
W00006243,288,143,145
W00006250,417,214,203
W00006251,464,213,251
W00006500,301,161,140
W00006504,279,155,124
W00006505,234,125,109
W00006509,313,162,151
W00006511,321,158,163
W00006501,348,173,175
W00006503,437,240,197
W00006506,288,150,138
W00006507,317,162,155
W00006508,328,176,152
W00006622,287,158,129
W00006624,365,193,172
W00006626,479,243,236
W00006633,450,223,227
W00006625,445,224,221
W00006628,545,254,291
W00006629,341,134,207
W00006630,352,177,175
W00006623,342,150,192
W00006627,230,99,131
W00006631,307,145,162
W00009894,841,373,468
W00009904,192,90,102
W00006209,418,217,201
W00006214,331,159,172
W00006215,344,184,160
W00006216,218,113,105
W00006218,319,172,147
W00006210,277,140,137
W00006211,364,179,185
W00006212,276,137,139
W00006213,236,109,127
W00006217,281,148,133
W00006219,273,132,141
W00006586,472,236,236
W00006587,328,179,149
W00006588,307,151,156
W00006589,337,170,167
W00006580,283,145,138
W00006581,310,159,151
W00006593,234,116,118
W00006594,294,159,135
W00010294,154,86,68
W00010306,523,268,255
W00010315,223,119,104
W00009895,410,220,190
W00009901,362,177,185
W00009908,530,276,254
W00009914,344,166,178
W00009915,270,131,139
W00006583,265,136,129
W00006584,343,175,168
W00006585,275,130,145
W00006590,288,140,148
W00006592,280,146,134
W00006567,308,180,128
W00006570,288,148,140
W00006572,266,133,133
W00006575,306,165,141
W00006576,285,128,157
W00006564,583,286,297
W00006565,302,150,152
W00006573,380,191,189
W00006574,258,130,128
W00006562,290,138,152
W00006566,387,214,173
W00006568,243,122,121
W00006569,339,181,158
W00006571,256,143,113
W00006577,308,150,158
W00006578,282,150,132
W00006579,305,156,149
W00010291,362,185,177
W00010311,309,152,157
W00006130,282,143,139
W00006131,282,136,146
W00006133,230,120,110
W00006139,379,202,177
W00010282,242,117,125
W00010295,155,77,78
W00010307,583,281,302
W00010312,391,198,193
W00006540,270,131,139
W00006541,279,144,135
W00006543,275,148,127
W00006544,255,131,124
W00006547,301,171,130
W00006536,302,157,145
W00006545,277,128,149
W00006546,341,180,161
W00006549,313,156,157
W00006537,292,151,141
W00006538,318,171,147
W00006539,249,126,123
W00006542,248,139,109
W00006548,241,128,113
W00006241,272,145,127
W00006244,309,163,146
W00006245,280,133,147
W00006246,251,129,122
W00006247,135,66,69
W00006248,303,158,145
W00006249,552,277,275
W00006502,254,129,125
W00006510,222,109,113
W00006512,304,163,141
W00006513,200,114,86
W00006514,318,151,167
W00006516,373,205,168
W00006519,264,138,126
W00006520,275,144,131
W00006521,275,133,142
W00006522,222,112,110
W00006523,250,128,122
W00006525,240,116,124
W00006515,450,232,218
W00006517,306,170,136
W00006518,310,141,169
W00006524,268,145,123
W00006526,313,149,164
W00006302,315,150,165
W00006303,289,143,146
W00006310,298,147,151
W00006311,250,126,124
W00006312,288,148,140
W00006301,316,160,156
W00006307,274,142,132
W00006308,292,151,141
W00006315,336,161,175
W00006300,297,157,140
W00006305,314,161,153
W00006306,275,147,128
W00006309,282,144,138
W00006318,321,158,163
W00006304,372,184,188
W00006313,233,122,111
W00006314,302,156,146
W00006316,472,237,235
W00006317,280,148,132
W00006138,274,142,132
W00009897,410,204,206
W00009905,256,133,123
W00009907,319,158,161
W00009911,387,192,195
W00006137,456,228,228
W00006140,321,163,158
W00009903,331,167,164
W00009909,389,200,189
W00006107,291,154,137
W00006108,232,122,110
W00006110,212,119,93
W00006111,288,141,147
W00006114,289,149,140
W00006105,327,171,156
W00006106,374,196,178
W00006109,289,142,147
W00006112,266,133,133
W00006117,235,114,121
W00006113,283,163,120
W00006115,294,137,157
W00006116,325,173,152
W00010286,452,221,231
W00010308,220,115,105
W00006700,270,134,136
W00006701,321,164,157
W00006702,254,126,128
W00006703,269,140,129
W00006697,290,146,144
W00006704,309,156,153
W00006705,310,167,143
W00006707,240,126,114
W00006698,295,151,144
W00006699,256,147,109
W00006706,257,139,118
W00006708,293,152,141
W00006121,298,155,143
W00006122,390,195,195
W00006125,350,182,168
W00006126,245,127,118
W00006127,346,170,176
W00006270,237,117,120
W00006271,260,123,137
W00006272,300,145,155
W00006273,392,204,188
W00006275,321,176,145
W00006265,397,205,192
W00006266,197,109,88
W00006268,524,273,251
W00006269,359,183,176
W00006274,468,235,233
W00009893,311,157,154
W00009900,536,278,258
W00009906,195,102,93
W00006118,248,132,116
W00006119,272,141,131
W00006120,613,323,290
W00006123,140,76,64
W00006124,204,98,106
W00010303,229,119,110
W00006129,344,175,169
W00010272,188,103,85
W00010275,264,137,127
W00010284,384,186,198
W00010314,557,285,272
W00006286,276,137,139
W00006294,295,162,133
W00006297,283,141,142
W00006298,282,146,136
W00006287,256,129,127
W00006295,329,173,156
W00006296,277,142,135
W00006299,291,151,140
W00009896,359,187,172
W00009898,336,163,173
W00009913,266,136,130
W00006289,262,139,123
W00006290,314,153,161
W00006291,335,170,165
W00006292,249,123,126
W00006293,292,141,151
W00006528,429,221,208
W00006530,253,123,130
W00006531,362,184,178
W00006533,311,167,144
W00006527,189,105,84
W00006529,259,133,126
W00006532,314,165,149
W00006534,377,187,190
W00006535,273,137,136
W00006277,208,115,93
W00006280,310,151,159
W00006281,296,159,137
W00006282,186,96,90
W00006283,428,222,206
W00006430,371,187,184
W00006431,250,136,114
W00006432,475,234,241
W00010267,365,202,163
W00010293,282,149,133
W00006434,221,116,105
W00006435,434,229,205
W00006437,262,136,126
W00006440,543,275,268
W00006445,571,292,279
W00006429,427,223,204
W00006433,277,144,133
W00006442,340,176,164
W00006446,235,120,115
W00006447,281,139,142
W00006438,269,136,133
W00006439,572,313,259
W00006441,250,133,117
W00006443,274,139,135
W00006444,318,158,160
W00006284,439,219,220
W00009899,328,171,157
W00009902,439,227,212
W00009910,287,155,132
W00006276,337,173,164
W00006278,525,263,262
W00010289,553,262,291
W00010313,101,55,46
W00007201,208,107,101
W00007208,335,174,161
W00007209,257,129,128
W00007210,290,145,145
W00007211,333,171,162
W00007198,227,105,122
W00007199,313,169,144
W00007202,263,146,117
W00007203,261,133,128
W00007205,242,127,115
W00007212,169,83,86
W00007197,331,172,159
W00007200,239,128,111
W00007204,260,132,128
W00007206,294,155,139
W00007207,296,162,134
W00007355,261,127,134
W00007356,329,147,182
W00007357,280,138,142
W00007358,282,134,148
W00007359,388,200,188
W00007360,295,152,143
W00007468,315,164,151
W00007469,279,146,133
W00007474,380,191,189
W00007475,261,134,127
W00007470,276,141,135
W00007471,282,148,134
W00007472,301,152,149
W00007473,296,147,149
W00007123,259,135,124
W00007128,326,168,158
W00007129,391,204,187
W00007130,315,154,161
W00007124,244,133,111
W00007125,292,140,152
W00007126,295,152,143
W00007127,314,179,135
W00007249,340,172,168
W00007251,296,148,148
W00007254,287,129,158
W00007256,267,148,119
W00007264,321,176,145
W00007250,308,148,160
W00007257,140,79,61
W00007258,301,147,154
W00007259,363,180,183
W00009933,433,220,213
W00007252,340,171,169
W00007253,184,86,98
W00007261,269,130,139
W00007262,288,146,142
W00007263,237,121,116
W00007265,275,144,131
W00006943,244,135,109
W00006944,451,214,237
W00006950,289,149,140
W00006951,362,182,180
W00006952,308,165,143
W00006945,277,151,126
W00006946,343,186,157
W00006947,249,123,126
W00006948,316,150,166
W00006949,400,216,184
W00006953,268,133,135
W00006954,323,179,144
W00007131,278,137,141
W00007132,305,156,149
W00007133,304,149,155
W00007134,272,152,120
W00007135,294,144,150
W00007136,259,125,134
W00007137,280,137,143
W00007001,258,135,123
W00007005,308,159,149
W00007007,294,144,150
W00007010,257,134,123
W00007020,302,151,151
W00007011,291,150,141
W00007012,241,105,136
W00007013,301,159,142
W00007015,361,172,189
W00007016,253,140,113
W00007002,297,139,158
W00007003,318,169,149
W00007004,254,114,140
W00007006,271,131,140
W00007008,299,159,140
W00007009,291,145,146
W00007000,294,154,140
W00007014,275,149,126
W00007017,265,150,115
W00007018,264,147,117
W00007019,344,188,156
W00006992,305,138,167
W00006996,248,141,107
W00006997,327,171,156
W00006998,266,133,133
W00006999,300,148,152
W00006993,473,238,235
W00006994,389,187,202
W00006995,400,202,198
W00007070,299,153,146
W00007076,300,164,136
W00007077,268,134,134
W00007078,269,148,121
W00007079,362,184,178
W00007055,360,185,175
W00007071,222,120,102
W00007072,239,125,114
W00007073,325,161,164
W00007074,248,129,119
W00007112,335,170,165
W00007114,327,161,166
W00007116,247,121,126
W00007117,279,143,136
W00007105,268,124,144
W00007109,376,189,187
W00007110,248,122,126
W00007119,174,88,86
W00010290,503,255,248
W00010309,126,70,56
W00007104,300,140,160
W00007118,301,145,156
W00007120,335,174,161
W00007121,249,126,123
W00007122,320,161,159
W00007106,283,139,144
W00007108,204,91,113
W00007111,275,130,145
W00007113,306,149,157
W00007115,338,163,175
W00007280,445,232,213
W00007281,466,248,218
W00007286,373,196,177
W00009919,362,164,198
W00009928,460,237,223
W00007282,324,158,166
W00007284,323,165,158
W00007287,286,142,144
W00007288,372,191,181
W00007289,309,167,142
W00007083,352,169,183
W00007084,259,132,127
W00007085,258,138,120
W00007086,245,129,116
W00007088,330,168,162
W00007089,304,150,154
W00007081,244,125,119
W00007082,275,143,132
W00007087,254,125,129
W00007090,292,145,147
W00007091,286,141,145
W00007092,179,93,86
W00007267,259,128,131
W00007273,289,157,132
W00007274,298,155,143
W00007275,347,172,175
W00007268,331,177,154
W00007270,428,248,180
W00007271,316,155,161
W00007276,290,147,143
W00007277,455,228,227
W00007266,365,192,173
W00007269,352,176,176
W00007272,378,190,188
W00007401,390,196,194
W00007404,301,163,138
W00007412,296,150,146
W00007414,280,149,131
W00007415,319,154,165
W00007400,323,161,162
W00007409,402,197,205
W00007416,257,133,124
W00007417,338,154,184
W00007420,412,222,190
W00007406,300,146,154
W00007407,251,135,116
W00007421,257,133,124
W00007422,299,153,146
W00007423,275,142,133
W00007402,363,186,177
W00007405,291,146,145
W00007408,321,180,141
W00007413,411,210,201
W00007403,272,143,129
W00007410,283,144,139
W00007411,268,152,116
W00007418,297,157,140
W00007419,279,143,136
W00007056,337,184,153
W00007059,281,152,129
W00007060,495,266,229
W00007075,315,153,162
W00007080,326,172,154
W00007057,314,144,170
W00007062,309,159,150
W00007067,492,253,239
W00007068,314,157,157
W00007069,288,155,133
W00007058,297,145,152
W00007061,259,131,128
W00007063,304,154,150
W00007064,326,159,167
W00007065,243,127,116
W00007066,307,155,152
W00007278,278,154,124
W00007279,379,198,181
W00007285,276,145,131
W00007290,611,309,302
W00007291,392,206,186
W00007231,580,292,288
W00007232,307,145,162
W00007245,239,119,120
W00007247,340,179,161
W00007248,316,147,169
W00007233,311,154,157
W00007234,286,152,134
W00007235,310,149,161
W00007237,309,158,151
W00007239,255,133,122
W00007230,269,140,129
W00007238,284,136,148
W00007242,343,177,166
W00007243,285,145,140
W00007244,364,192,172
W00007229,259,129,130
W00007236,287,155,132
W00007240,332,168,164
W00007241,306,150,156
W00007246,256,133,123
W00007336,512,257,255
W00007341,270,138,132
W00007344,329,166,163
W00007347,416,207,209
W00007350,259,126,133
W00007354,281,151,130
W00007335,441,213,228
W00007337,333,164,169
W00007339,264,138,126
W00007343,282,142,140
W00007345,280,148,132
W00007328,337,167,170
W00007329,315,164,151
W00007338,310,137,173
W00007340,312,166,146
W00007348,315,164,151
W00007331,279,145,134
W00007332,274,134,140
W00007333,249,130,119
W00007346,279,135,144
W00007349,267,124,143
W00007330,301,147,154
W00007334,302,155,147
W00007342,354,180,174
W00007351,345,179,166
W00007352,292,135,157
W00007353,182,96,86
W00007145,341,162,179
W00007147,460,225,235
W00007148,315,166,149
W00010277,169,95,74
W00010280,517,273,244
W00007139,327,173,154
W00007140,413,220,193
W00007149,291,147,144
W00007150,341,168,173
W00007151,405,204,201
W00007138,332,169,163
W00007141,303,150,153
W00007142,254,134,120
W00007143,320,143,177
W00007144,270,131,139
W00007152,454,228,226
W00007168,400,198,202
W00007169,284,137,147
W00007171,242,123,119
W00007172,335,164,171
W00007173,223,117,106
W00007174,326,166,160
W00010283,285,142,143
W00010285,326,168,158
W00007215,271,148,123
W00007218,231,128,103
W00007220,221,115,106
W00007222,229,111,118
W00007225,287,142,145
W00007227,210,122,88
W00007214,424,241,183
W00007221,229,122,107
W00007223,272,153,119
W00007226,252,132,120
W00007228,324,166,158
W00007213,358,178,180
W00007216,379,181,198
W00007217,220,107,113
W00007219,264,131,133
W00007224,302,156,146
W00007489,249,133,116
W00007491,326,167,159
W00007492,171,90,81
W00007499,354,186,168
W00009923,298,147,151
W00009926,231,109,122
W00009927,365,188,177
W00010278,317,161,156
W00010296,444,219,225
W00007490,257,127,130
W00007493,284,141,143
W00007498,318,160,158
W00007500,233,118,115
W00007501,269,146,123
W00007488,516,259,257
W00007494,257,134,123
W00007495,259,139,120
W00007496,342,173,169
W00006960,307,154,153
W00006962,257,130,127
W00006964,275,139,136
W00006969,279,140,139
W00006970,463,232,231
W00009922,259,131,128
W00009924,273,143,130
W00009929,338,165,173
W00006955,312,147,165
W00006956,241,113,128
W00006961,323,154,169
W00006966,291,151,140
W00006968,338,161,177
W00006957,334,173,161
W00006958,290,144,146
W00006959,310,155,155
W00006963,291,159,132
W00006965,262,129,133
W00007093,311,152,159
W00007094,285,142,143
W00007095,323,159,164
W00007101,424,216,208
W00007102,319,149,170
W00007096,267,139,128
W00007097,292,148,144
W00007098,315,166,149
W00007099,134,74,60
W00007100,338,174,164
W00007103,189,95,94
W00007477,285,152,133
W00007478,453,235,218
W00007479,382,197,185
W00007480,259,132,127
W00007481,441,218,223
W00007484,292,145,147
W00007485,272,138,134
W00007476,294,152,142
W00007482,252,116,136
W00007483,414,210,204
W00007486,313,167,146
W00007487,313,162,151
W00007361,214,105,109
W00007369,277,137,140
W00007373,243,123,120
W00007375,321,169,152
W00007376,252,131,121
W00007362,348,171,177
W00007371,333,182,151
W00007372,304,161,143
W00007374,238,129,109
W00007377,221,110,111
W00007363,284,145,139
W00007364,310,161,149
W00007370,451,223,228
W00007378,260,135,125
W00007380,275,142,133
W00007365,285,144,141
W00007366,334,180,154
W00007367,267,138,129
W00007368,302,164,138
W00007379,318,163,155
W00007381,303,135,168
W00007383,262,138,124
W00007394,290,148,142
W00007395,322,173,149
W00007396,289,147,142
W00007397,178,93,85
W00007398,267,130,137
W00007382,311,154,157
W00007384,277,135,142
W00007385,276,131,145
W00007386,234,119,115
W00007389,249,130,119
W00007399,309,155,154
W00007387,323,170,153
W00007388,246,125,121
W00007390,308,163,145
W00007391,289,151,138
W00007392,287,142,145
W00007393,372,189,183
W00006974,306,147,159
W00006976,338,180,158
W00006979,252,133,119
W00006980,273,146,127
W00006981,274,142,132
W00006972,336,175,161
W00006975,373,197,176
W00006977,373,187,186
W00006978,316,149,167
W00006991,344,173,171
W00006973,347,169,178
W00006982,299,152,147
W00006983,363,172,191
W00006984,332,168,164
W00006985,238,129,109
W00006987,266,124,142
W00006971,229,124,105
W00006986,267,149,118
W00006988,391,194,197
W00006989,294,149,145
W00006990,297,149,148
W00007154,245,136,109
W00007157,458,239,219
W00007160,273,146,127
W00007161,328,163,165
W00007163,252,131,121
W00007153,263,141,122
W00007155,304,159,145
W00007162,238,114,124
W00007164,331,169,162
W00007165,319,168,151
W00007156,237,123,114
W00007158,325,169,156
W00007159,343,171,172
W00007166,301,157,144
W00007167,216,119,97
W00007297,354,184,170
W00007299,310,161,149
W00007300,399,190,209
W00007301,283,148,135
W00007296,277,146,131
W00007298,290,156,134
W00007322,500,257,243
W00007323,236,122,114
W00007325,273,132,141
W00007293,491,263,228
W00007324,286,163,123
W00007326,319,172,147
W00007327,325,170,155
W00007021,328,161,167
W00007026,418,224,194
W00007028,355,177,178
W00007033,286,135,151
W00007035,483,235,248
W00007030,291,163,128
W00007037,330,167,163
W00007040,269,147,122
W00007049,321,168,153
W00007052,227,124,103
W00007054,262,155,107
W00007023,313,155,158
W00007024,393,190,203
W00007031,319,161,158
W00007032,355,201,154
W00007039,287,152,135
W00007022,301,164,137
W00007034,297,171,126
W00007036,308,162,146
W00007045,292,155,137
W00007053,328,158,170
W00007042,310,153,157
W00007044,269,139,130
W00007046,308,168,140
W00007048,301,158,143
W00007025,315,165,150
W00007027,272,143,129
W00007038,283,153,130
W00007043,226,119,107
W00007029,252,127,125
W00007041,317,175,142
W00007047,310,160,150
W00007050,267,142,125
W00007051,260,140,120
W00007424,277,132,145
W00007425,460,226,234
W00007426,389,195,194
W00007433,279,139,140
W00007443,194,96,98
W00007181,288,163,125
W00007184,265,144,121
W00007188,285,157,128
W00007191,300,140,160
W00010266,613,317,296
W00010298,165,87,78
W00007175,243,123,120
W00007176,253,135,118
W00007182,232,126,106
W00007183,259,134,125
W00007186,256,125,131
W00007187,552,284,268
W00007185,266,139,127
W00007190,330,164,166
W00007193,300,146,154
W00007195,379,193,186
W00010292,150,80,70
W00010297,516,252,264
W00007427,356,190,166
W00007428,337,190,147
W00007430,272,138,134
W00007431,247,132,115
W00007429,427,235,192
W00007432,217,116,101
W00007434,280,147,133
W00007435,273,139,134
W00007439,245,133,112
W00007436,292,136,156
W00007437,249,121,128
W00007438,260,136,124
W00007440,208,116,92
W00007441,216,117,99
W00007442,246,130,116
W00007177,298,161,137
W00007178,256,124,132
W00007179,285,148,137
W00007192,480,253,227
W00007194,250,141,109
W00007196,259,127,132
W00007295,402,204,198
W00007304,256,131,125
W00007308,288,146,142
W00007309,350,169,181
W00007294,260,130,130
W00007302,238,134,104
W00007303,308,159,149
W00007305,243,121,122
W00007310,262,139,123
W00007306,282,148,134
W00007307,487,246,241
W00007311,220,118,102
W00007313,265,145,120
W00007314,284,138,146
W00007292,256,140,116
W00007312,190,106,84
W00007316,275,132,143
W00007318,286,138,148
W00007319,248,130,118
W00007315,282,145,137
W00007320,379,202,177
W00009920,511,261,250
W00009921,364,197,167
W00009925,313,158,155
W00009930,284,145,139
W00009931,303,148,155
W00009932,357,167,190
W00007444,247,127,120
W00007451,278,147,131
W00007452,287,154,133
W00007461,260,133,127
W00007466,310,167,143
W00007446,314,179,135
W00007447,273,152,121
W00007463,321,161,160
W00007464,339,156,183
W00007467,161,81,80
W00007450,359,182,177
W00007453,359,183,176
W00007460,350,176,174
W00007462,320,162,158
W00007465,348,172,176
W00007448,381,196,185
W00007454,427,202,225
W00007456,283,149,134
W00007457,368,182,186
W00007445,292,146,146
W00007455,329,175,154
W00007458,288,160,128
W00007459,293,156,137
W00010273,259,129,130
W00010288,390,201,189
W00007530,285,142,143
W00007531,240,122,118
W00007532,283,149,134
W00007535,288,147,141
W00007537,249,142,107
W00007528,295,152,143
W00007533,287,146,141
W00007534,311,159,152
W00007536,282,150,132
W00007527,313,164,149
W00007529,280,138,142
W00007538,258,120,138
W00007539,242,132,110
W00007679,286,154,132
W00007680,257,143,114
W00007681,297,147,150
W00007684,274,145,129
W00007686,284,149,135
W00007682,383,194,189
W00007683,292,154,138
W00007685,230,116,114
W00007687,240,116,124
W00007688,255,133,122
W00007689,209,102,107
W00007556,392,185,207
W00007564,308,151,157
W00007571,303,154,149
W00007573,227,129,98
W00007558,303,147,156
W00007563,261,138,123
W00007568,304,152,152
W00007570,294,153,141
W00007574,321,154,167
W00007557,208,111,97
W00007561,271,145,126
W00007565,246,116,130
W00007566,196,98,98
W00007575,243,125,118
W00007559,272,140,132
W00007560,218,114,104
W00007562,242,123,119
W00007567,271,140,131
W00007569,121,54,67
W00007572,249,116,133
W00007690,376,183,193
W00007698,257,135,122
W00007701,248,110,138
W00007702,237,132,105
W00007706,257,136,121
W00007696,191,105,86
W00007697,297,164,133
W00007700,266,129,137
W00007705,278,156,122
W00007707,237,121,116
W00007691,106,54,52
W00007692,268,133,135
W00007693,385,197,188
W00007694,251,128,123
W00007695,237,118,119
W00007699,178,85,93
W00007703,276,132,144
W00007704,209,100,109
W00007708,254,138,116
W00007709,388,208,180
W00007719,276,145,131
W00007736,317,174,143
W00007737,278,154,124
W00007738,384,195,189
W00007740,210,118,92
W00007517,230,116,114
W00007519,485,251,234
W00007520,207,109,98
W00007523,282,142,140
W00007526,276,139,137
W00007518,313,140,173
W00007521,406,204,202
W00007522,278,130,148
W00007524,295,147,148
W00007525,314,160,154
W00007614,351,180,171
W00007615,300,147,153
W00007616,218,118,100
W00010316,400,214,186
W00007606,240,117,123
W00007610,244,123,121
W00007613,481,258,223
W00007619,300,164,136
W00007620,201,110,91
W00007621,324,170,154
W00007607,543,267,276
W00007609,258,122,136
W00007611,287,145,142
W00007612,268,141,127
W00007618,290,161,129
W00007542,253,144,109
W00007545,140,74,66
W00007546,227,111,116
W00007548,259,133,126
W00007555,354,162,192
W00007540,253,138,115
W00007541,289,149,140
W00007543,264,139,125
W00007544,233,137,96
W00007547,595,305,290
W00007550,337,181,156
W00007549,241,136,105
W00007551,304,147,157
W00007552,276,148,128
W00007553,262,134,128
W00007554,271,152,119
W00007665,313,154,159
W00007666,336,156,180
W00007672,197,94,103
W00007673,296,162,134
W00009795,273,143,130
W00009796,486,247,239
W00007674,262,136,126
W00007675,261,134,127
W00007676,259,128,131
W00007677,253,118,135
W00007678,290,144,146
W00007667,339,168,171
W00007668,405,203,202
W00007669,269,133,136
W00007670,303,156,147
W00007636,322,167,155
W00007640,358,184,174
W00007646,249,116,133
W00007647,319,172,147
W00010336,194,106,88
W00010350,376,188,188
W00007637,203,113,90
W00007638,238,127,111
W00007641,287,153,134
W00007642,353,179,174
W00007643,228,120,108
W00007644,247,131,116
W00007645,231,121,110
W00007727,309,159,150
W00007728,270,134,136
W00007731,260,129,131
W00007732,170,89,81
W00007734,106,57,49
W00007735,250,124,126
W00007721,127,61,66
W00007723,266,144,122
W00007725,278,139,139
W00007729,221,117,104
W00007730,289,158,131
W00007733,290,141,149
W00007720,296,156,140
W00007722,266,138,128
W00007724,167,82,85
W00007726,345,169,176
W00007739,271,134,137
W00007741,294,158,136
W00007577,298,149,149
W00007587,287,136,151
W00007588,330,160,170
W00007589,300,150,150
W00007576,322,165,157
W00007578,232,114,118
W00007579,265,128,137
W00007580,249,117,132
W00007586,226,120,106
W00007581,306,143,163
W00007582,260,129,131
W00007583,265,132,133
W00007584,293,148,145
W00007585,308,155,153
W00007622,339,172,167
W00007629,352,184,168
W00007630,266,134,132
W00007635,250,141,109
W00007623,486,239,247
W00007627,190,95,95
W00007631,317,152,165
W00007632,256,118,138
W00007634,478,236,242
W00007624,156,85,71
W00007625,309,146,163
W00007626,302,150,152
W00007628,255,128,127
W00007633,240,117,123
W00007509,307,159,148
W00007511,248,134,114
W00007512,300,153,147
W00007515,211,94,117
W00007516,290,155,135
W00007503,235,122,113
W00007504,281,132,149
W00007505,235,118,117
W00007506,335,165,170
W00007507,288,133,155
W00007502,286,140,146
W00007508,269,139,130
W00007510,321,160,161
W00007513,265,142,123
W00007514,296,157,139
W00007595,308,157,151
W00007598,376,184,192
W00007601,284,141,143
W00007603,261,144,117
W00007605,258,133,125
W00007590,296,136,160
W00007599,223,121,102
W00007600,282,149,133
W00007602,231,129,102
W00007604,253,126,127
W00007591,258,135,123
W00007592,275,132,143
W00007593,298,145,153
W00007594,308,163,145
W00007596,326,164,162
W00007597,218,116,102
W00007651,233,110,123
W00007652,259,133,126
W00007653,345,155,190
W00007654,308,160,148
W00007655,294,134,160
W00007656,254,127,127
W00007657,241,123,118
W00007658,293,151,142
W00007659,220,116,104
W00007662,260,127,133
W00007663,259,132,127
W00007648,217,101,116
W00007649,260,121,139
W00007650,233,117,116
W00007660,242,118,124
W00007661,267,132,135
W00007664,222,105,117
W00007710,251,135,116
W00007711,211,110,101
W00007712,195,98,97
W00007713,272,145,127
W00007714,243,117,126
W00007715,248,126,122
W00007716,288,149,139
W00007717,279,145,134
W00007718,270,144,126
W00007765,192,100,92
W00007766,532,262,270
W00007767,329,162,167
W00007770,367,182,185
W00007775,250,115,135
W00007777,254,134,120
W00007778,399,199,200
W00007780,257,129,128
W00007782,317,165,152
W00007784,287,154,133
W00007769,242,126,116
W00007772,267,135,132
W00007774,281,149,132
W00007776,112,59,53
W00007779,278,144,134
W00007783,253,127,126
W00007764,236,132,104
W00007768,309,149,160
W00007771,271,144,127
W00007773,240,124,116
W00007781,343,186,157
W00007756,240,126,114
W00007757,349,184,165
W00007758,333,165,168
W00007759,323,174,149
W00007744,341,178,163
W00007745,284,145,139
W00007760,379,203,176
W00007761,442,221,221
W00007746,295,155,140
W00007747,327,158,169
W00007751,390,205,185
W00007752,288,155,133
W00007763,331,161,170
W00007742,344,174,170
W00007749,314,159,155
W00007750,254,138,116
W00007762,343,170,173
W00007743,326,160,166
W00007748,288,127,161
W00007753,270,134,136
W00007754,245,132,113
W00007755,330,165,165
W00007960,318,173,145
W00007961,388,197,191
W00007962,335,166,169
W00007963,545,285,260
W00007964,256,133,123
W00007979,353,175,178
W00007980,255,136,119
W00007981,271,153,118
W00007982,275,132,143
W00007983,276,147,129
W00007984,263,121,142
W00007985,337,167,170
W00007989,284,153,131
W00007992,296,160,136
W00007993,279,147,132
W00007995,317,173,144
W00007996,335,175,160
W00007997,281,150,131
W00007986,258,122,136
W00007987,299,150,149
W00007988,283,144,139
W00007990,298,153,145
W00007991,300,159,141
W00007994,237,133,104
W00007785,229,122,107
W00007786,216,117,99
W00007787,256,132,124
W00007788,239,132,107
W00007789,264,138,126
W00007790,240,126,114
W00007791,257,122,135
W00007817,314,156,158
W00007818,398,233,165
W00007819,118,60,58
W00007820,352,185,167
W00007821,283,140,143
W00007949,274,136,138
W00007950,275,139,136
W00007951,316,160,156
W00007952,273,131,142
W00007953,284,140,144
W00007954,325,171,154
W00007955,273,146,127
W00007956,304,154,150
W00007957,325,157,168
W00007958,312,150,162
W00007959,314,146,168
W00008040,368,179,189
W00008041,259,141,118
W00008042,296,149,147
W00008043,346,176,170
W00008036,429,216,213
W00008037,308,162,146
W00008038,254,132,122
W00008039,165,86,79
W00007884,362,203,159
W00007893,258,137,121
W00007894,287,143,144
W00007895,475,243,232
W00007896,210,104,106
W00007887,287,150,137
W00007888,194,109,85
W00007889,282,139,143
W00007890,263,141,122
W00007891,273,141,132
W00007892,240,131,109
W00007885,248,133,115
W00007886,235,122,113
W00007901,246,122,124
W00007902,270,135,135
W00007904,297,143,154
W00007897,251,128,123
W00007898,301,152,149
W00007899,279,152,127
W00007900,299,150,149
W00007903,335,166,169
W00007923,257,134,123
W00007924,250,125,125
W00007926,284,153,131
W00007927,285,154,131
W00007905,308,161,147
W00007907,298,154,144
W00007909,292,148,144
W00007911,230,110,120
W00007925,265,132,133
W00007906,294,155,139
W00007918,291,152,139
W00007919,254,117,137
W00007921,247,118,129
W00007922,352,183,169
W00007910,287,146,141
W00007912,325,168,157
W00007914,279,135,144
W00007920,257,134,123
W00009800,434,211,223
W00010321,310,158,152
W00010333,206,103,103
W00010354,343,179,164
W00007908,264,137,127
W00007913,320,160,160
W00007915,267,130,137
W00007916,281,144,137
W00007928,295,157,138
W00007929,190,111,79
W00007930,321,171,150
W00007931,218,105,113
W00007932,259,137,122
W00007934,280,147,133
W00007935,419,207,212
W00007939,255,120,135
W00007948,324,175,149
W00010325,271,142,129
W00010338,232,113,119
W00010341,466,238,228
W00010347,351,184,167
W00007938,311,159,152
W00007943,266,121,145
W00007944,298,143,155
W00007945,276,146,130
W00007946,271,134,137
W00007933,298,156,142
W00007936,269,138,131
W00007937,261,142,119
W00007940,203,106,97
W00007941,308,155,153
W00007942,257,136,121
W00008020,320,173,147
W00008021,314,158,156
W00008022,292,150,142
W00008035,238,125,113
W00007801,243,123,120
W00007802,263,124,139
W00007803,323,174,149
W00007804,249,135,114
W00007808,251,124,127
W00007809,246,137,109
W00007810,230,118,112
W00007799,390,205,185
W00007800,298,149,149
W00007805,271,140,131
W00007806,273,139,134
W00007807,314,155,159
W00007811,320,160,160
W00007812,283,150,133
W00007813,248,138,110
W00007814,352,180,172
W00007815,290,153,137
W00007816,300,149,151
W00007868,283,141,142
W00007869,286,149,137
W00007870,316,164,152
W00007871,241,124,117
W00007872,279,148,131
W00007873,280,139,141
W00007874,252,132,120
W00007841,330,176,154
W00007843,325,168,157
W00007844,338,181,157
W00007846,327,166,161
W00007840,300,158,142
W00007848,337,172,165
W00007849,304,161,143
W00007850,298,156,142
W00008019,281,152,129
W00008032,352,177,175
W00008033,262,147,115
W00008034,251,117,134
W00008026,322,168,154
W00008027,175,98,77
W00008029,356,183,173
W00008030,216,100,116
W00008031,261,143,118
W00008018,278,152,126
W00008023,302,152,150
W00008024,257,133,124
W00008025,292,156,136
W00008028,313,171,142
W00007851,290,146,144
W00007852,144,56,88
W00007853,437,228,209
W00007854,198,79,119
W00007855,229,118,111
W00007856,216,112,104
W00007966,284,169,115
W00007969,310,161,149
W00007971,220,113,107
W00007973,296,147,149
W00007977,292,160,132
W00007965,299,141,158
W00007974,199,111,88
W00007975,279,142,137
W00007976,208,114,94
W00007978,194,106,88
W00007967,321,158,163
W00007970,266,151,115
W00007972,281,138,143
W00010326,263,132,131
W00010334,183,103,80
W00010351,463,238,225
W00007998,237,127,110
W00007999,266,140,126
W00008000,270,138,132
W00008001,360,183,177
W00008002,382,188,194
W00008003,257,130,127
W00007822,251,126,125
W00007830,292,155,137
W00007831,287,143,144
W00007835,281,141,140
W00007838,280,146,134
W00007824,359,188,171
W00007828,316,167,149
W00007832,274,142,132
W00007834,295,147,148
W00007826,309,157,152
W00007829,303,163,140
W00007833,286,147,139
W00007837,263,139,124
W00007823,355,188,167
W00007825,306,147,159
W00007827,233,119,114
W00007836,349,175,174
W00007839,342,171,171
W00007842,249,137,112
W00007845,290,129,161
W00007847,321,158,163
W00007792,436,217,219
W00007793,482,261,221
W00007794,293,159,134
W00007795,311,165,146
W00007796,264,145,119
W00007797,318,159,159
W00007798,334,174,160
W00008011,321,163,158
W00008012,435,212,223
W00008013,326,163,163
W00008016,132,63,69
W00008017,285,157,128
W00008004,239,128,111
W00008005,289,141,148
W00008006,289,141,148
W00008007,334,164,170
W00008009,253,121,132
W00008008,273,129,144
W00008014,112,53,59
W00008015,142,76,66
W00009797,181,93,88
W00009798,250,144,106
W00009801,290,144,146
W00007859,270,139,131
W00007860,300,161,139
W00007861,365,193,172
W00007863,321,158,163
W00007864,328,163,165
W00010331,137,69,68
W00010332,466,239,227
W00010346,136,63,73
W00007857,379,197,182
W00007865,300,153,147
W00007866,358,193,165
W00010322,106,49,57
W00010329,190,86,104
W00010330,568,289,279
W00010343,572,302,270
W00010345,178,87,91
W00007875,239,130,109
W00007876,319,177,142
W00007877,313,163,150
W00007878,309,156,153
W00007879,396,197,199
W00007880,120,58,62
W00007881,292,149,143
W00007882,271,146,125
W00007883,300,166,134
W00008057,361,188,173
W00008060,276,134,142
W00008061,260,140,120
W00008063,280,148,132
W00008065,346,190,156
W00008075,298,146,152
W00008076,329,174,155
W00008077,302,147,155
W00008078,285,141,144
W00008079,390,205,185
W00008080,479,234,245
W00008116,253,139,114
W00008117,231,110,121
W00008118,265,146,119
W00008119,289,114,175
W00008120,233,127,106
W00008121,271,148,123
W00008122,259,137,122
W00008178,509,247,262
W00008179,251,122,129
W00008181,284,144,140
W00008182,454,225,229
W00008220,205,117,88
W00008222,492,260,232
W00008223,327,163,164
W00008224,304,168,136
W00008225,242,130,112
W00008058,253,134,119
W00008059,417,219,198
W00008062,301,147,154
W00008064,277,144,133
W00008066,314,161,153
W00008123,276,140,136
W00008124,273,142,131
W00008125,243,133,110
W00008126,258,145,113
W00008127,239,133,106
W00008128,283,161,122
W00008226,296,153,143
W00008227,216,106,110
W00008228,274,156,118
W00008229,329,175,154
W00009818,256,138,118
W00009819,216,118,98
W00009820,164,80,84
W00008072,303,143,160
W00008074,270,145,125
W00008180,519,263,256
W00008183,347,192,155
W00008069,247,132,115
W00008070,325,167,158
W00008071,244,137,107
W00008073,254,144,110
W00008184,248,133,115
W00008136,238,128,110
W00008139,318,174,144
W00008140,266,143,123
W00008141,331,161,170
W00008142,446,238,208
W00008137,358,171,187
W00008138,324,149,175
W00008147,325,169,156
W00008148,364,183,181
W00008143,277,139,138
W00008144,329,166,163
W00008145,325,157,168
W00008146,211,111,100
W00008173,316,156,160
W00008174,266,132,134
W00008175,269,139,130
W00008176,225,116,109
W00008177,266,125,141
W00008149,225,121,104
W00008150,478,234,244
W00008151,253,131,122
W00008152,246,121,125
W00008153,147,74,73
W00008154,258,118,140
W00008067,314,154,160
W00008068,103,56,47
W00010317,293,159,134
W00010323,206,108,98
W00010344,214,121,93
W00010349,332,163,169
W00008090,334,181,153
W00008091,319,173,146
W00008092,331,177,154
W00008093,210,99,111
W00008094,316,161,155
W00008096,481,255,226
W00008097,243,125,118
W00008099,293,163,130
W00008101,247,103,144
W00008104,259,112,147
W00008204,267,141,126
W00008207,303,153,150
W00008208,273,149,124
W00008210,225,123,102
W00008205,168,105,63
W00008206,345,203,142
W00008209,212,102,110
W00008211,206,112,94
W00008212,360,189,171
W00008320,343,188,155
W00008321,261,134,127
W00008322,287,143,144
W00008323,293,157,136
W00008324,244,118,126
W00008325,168,80,88
W00008326,257,127,130
W00008327,271,133,138
W00008100,324,166,158
W00008102,322,166,156
W00008103,275,142,133
W00009805,255,130,125
W00009808,312,160,152
W00009804,454,221,233
W00009811,167,89,78
W00009813,261,142,119
W00010328,273,139,134
W00010337,163,86,77
W00010348,406,217,189
W00010353,312,159,153
W00008168,336,181,155
W00008169,356,184,172
W00008170,343,171,172
W00008171,369,192,177
W00008172,378,181,197
W00008200,294,150,144
W00008201,336,167,169
W00008202,320,158,162
W00008203,286,131,155
W00008230,255,133,122
W00008231,306,167,139
W00008232,372,195,177
W00008233,289,154,135
W00008234,383,180,203
W00008235,326,171,155
W00008161,298,143,155
W00008162,283,136,147
W00008163,261,140,121
W00008164,328,182,146
W00008165,374,178,196
W00008166,332,169,163
W00008167,317,161,156
W00008106,305,150,155
W00008109,264,142,122
W00008110,286,136,150
W00008111,277,145,132
W00008105,342,187,155
W00008107,251,134,117
W00008108,306,157,149
W00008112,474,229,245
W00008133,502,254,248
W00008134,527,230,297
W00008135,342,182,160
W00008157,456,217,239
W00008159,499,264,235
W00008160,431,217,214
W00009817,427,220,207
W00008307,252,142,110
W00008311,558,122,436
W00008314,160,80,80
W00009809,114,66,48
W00009814,123,66,57
W00008308,316,165,151
W00008309,291,148,143
W00008313,220,106,114
W00009802,307,155,152
W00009806,288,143,145
W00008081,313,151,162
W00008082,320,153,167
W00008083,342,171,171
W00008084,411,197,214
W00008241,315,171,144
W00008242,389,190,199
W00008243,337,171,166
W00008244,215,111,104
W00008245,259,131,128
W00008254,310,165,145
W00008255,352,186,166
W00008256,273,139,134
W00008257,345,174,171
W00008252,328,156,172
W00008253,302,152,150
W00008258,308,157,151
W00009803,332,172,160
W00009807,379,185,194
W00009810,292,143,149
W00009815,281,156,125
W00009816,259,132,127
W00008299,378,183,195
W00008302,232,134,98
W00008303,386,196,190
W00008306,409,205,204
W00008300,238,117,121
W00008301,364,183,181
W00008304,380,192,188
W00008305,307,146,161
W00008129,310,155,155
W00008130,313,164,149
W00008131,273,146,127
W00008132,380,197,183
W00008246,300,138,162
W00008247,276,139,137
W00008248,260,145,115
W00008249,320,175,145
W00008250,261,140,121
W00008251,341,165,176
W00008260,261,125,136
W00008261,353,172,181
W00008262,245,121,124
W00008263,308,161,147
W00008264,269,141,128
W00008265,258,129,129
W00008266,187,84,103
W00008288,300,169,131
W00008289,350,186,164
W00008290,258,138,120
W00008293,268,143,125
W00008298,449,219,230
W00008291,270,129,141
W00008292,291,154,137
W00008294,277,139,138
W00008295,247,125,122
W00008296,281,151,130
W00008297,267,140,127
W00008044,300,150,150
W00008045,322,163,159
W00008046,300,142,158
W00008047,409,215,194
W00010327,116,52,64
W00010335,192,100,92
W00010340,485,253,232
W00008049,369,191,178
W00008051,291,159,132
W00008055,287,149,138
W00010324,575,279,296
W00010352,258,131,127
W00008213,312,151,161
W00008214,429,209,220
W00008215,301,156,145
W00008216,361,185,176
W00008217,225,112,113
W00008219,230,125,105
W00010319,317,160,157
W00010320,310,153,157
W00008278,400,207,193
W00008279,327,158,169
W00008280,250,126,124
W00008281,382,188,194
W00008282,285,148,137
W00008283,477,237,240
W00008087,294,146,148
W00008113,298,152,146
W00008114,279,133,146
W00008115,304,144,160
W00008270,299,158,141
W00008271,233,129,104
W00008272,295,145,150
W00008273,240,132,108
W00008275,267,133,134
W00008276,277,148,129
W00008267,282,150,132
W00008268,278,153,125
W00008269,278,139,139
W00008274,289,143,146
W00008277,299,150,149
W00008315,321,160,161
W00008316,396,198,198
W00008317,282,146,136
W00008318,345,176,169
W00008319,327,166,161
W00008050,193,110,83
W00008052,296,155,141
W00008053,279,141,138
W00008056,213,119,94
W00008085,258,125,133
W00008086,300,152,148
W00008088,328,180,148
W00008089,283,157,126
W00008186,297,151,146
W00008190,475,244,231
W00008195,207,112,95
W00008196,345,173,172
W00008197,280,148,132
W00008185,283,139,144
W00008187,313,159,154
W00008188,207,105,102
W00008191,300,155,145
W00008194,310,150,160
W00008189,233,119,114
W00008192,312,157,155
W00008193,272,136,136
W00008198,231,122,109
W00008199,281,152,129
W00008236,370,197,173
W00008237,349,171,178
W00008238,346,169,177
W00008239,418,219,199
W00008240,307,148,159
W00008284,414,204,210
W00008285,505,254,251
W00008286,328,179,149
W00008287,351,180,171
W00008440,254,136,118
W00008454,274,140,134
W00008455,274,132,142
W00008459,305,164,141
W00008462,299,160,139
W00008439,469,250,219
W00008441,263,138,125
W00008460,203,105,98
W00008461,272,142,130
W00008436,301,161,140
W00008438,233,133,100
W00008442,278,133,145
W00008443,363,185,178
W00008451,315,157,158
W00008453,304,154,150
W00008456,360,194,166
W00008457,282,145,137
W00008458,247,128,119
W00008437,315,163,152
W00008444,545,275,270
W00008445,214,120,94
W00008446,281,146,135
W00008449,255,127,128
W00008447,299,160,139
W00008448,302,161,141
W00008450,138,72,66
W00008452,322,170,152
W00008583,290,149,141
W00008585,324,161,163
W00008586,289,151,138
W00008587,253,137,116
W00008589,287,155,132
W00008571,301,157,144
W00008572,304,152,152
W00008574,366,186,180
W00008584,190,103,87
W00008590,330,167,163
W00008591,160,82,78
W00008570,292,157,135
W00008588,270,139,131
W00008592,271,131,140
W00008593,302,161,141
W00008594,224,121,103
W00008576,329,171,158
W00008579,316,163,153
W00008580,345,182,163
W00008581,310,165,145
W00008582,285,156,129
W00008573,299,153,146
W00008575,305,148,157
W00008577,280,145,135
W00008578,386,209,177
W00008595,301,158,143
W00008412,279,142,137
W00008413,202,112,90
W00008419,224,119,105
W00008423,233,117,116
W00008433,541,276,265
W00008415,247,124,123
W00008418,256,137,119
W00008420,315,179,136
W00008434,307,162,145
W00008414,329,175,154
W00008416,246,122,124
W00008417,250,126,124
W00008432,292,150,142
W00008435,262,139,123
W00008421,226,114,112
W00008422,293,161,132
W00008424,373,212,161
W00010518,267,143,124
W00010520,301,158,143
W00010608,233,118,115
W00008411,264,146,118
W00008425,295,142,153
W00008426,278,142,136
W00008428,300,159,141
W00008429,281,131,150
W00008409,340,173,167
W00008427,255,129,126
W00008430,307,162,145
W00008431,307,173,134
W00008513,148,75,73
W00008515,514,269,245
W00008516,274,153,121
W00008517,522,269,253
W00010592,393,203,190
W00010620,333,169,164
W00008520,377,192,185
W00008521,278,133,145
W00008522,201,103,98
W00008523,251,119,132
W00008511,345,175,170
W00008512,385,193,192
W00008518,409,209,200
W00008519,220,100,120
W00008560,284,143,141
W00008561,313,156,157
W00008563,319,165,154
W00008565,301,155,146
W00008566,445,250,195
W00010506,279,151,128
W00010521,300,158,142
W00010588,354,169,185
W00010607,298,145,153
W00010616,350,170,180
W00010624,288,141,147
W00008559,192,97,95
W00008562,279,151,128
W00008564,170,87,83
W00008567,326,164,162
W00008569,212,106,106
W00010499,304,154,150
W00010548,294,142,152
W00008385,250,127,123
W00008387,284,150,134
W00008390,291,149,142
W00008392,252,137,115
W00008405,300,155,145
W00008408,224,114,110
W00008386,293,130,163
W00008388,325,157,168
W00008394,352,177,175
W00008406,269,147,122
W00008407,355,174,181
W00008383,276,135,141
W00008389,249,134,115
W00008391,279,144,135
W00008393,312,163,149
W00008395,299,162,137
W00008700,293,160,133
W00008701,324,154,170
W00008702,378,215,163
W00008704,310,160,150
W00008705,357,189,168
W00008328,274,146,128
W00008340,412,180,232
W00008341,291,144,147
W00008345,303,131,172
W00008347,271,127,144
W00008712,218,117,101
W00008713,331,187,144
W00008725,291,153,138
W00008727,269,139,130
W00008730,232,113,119
W00008714,277,151,126
W00008715,183,109,74
W00008716,392,167,225
W00008718,260,141,119
W00008719,283,143,140
W00008717,295,149,146
W00008720,289,155,134
W00008722,251,123,128
W00008723,259,137,122
W00008721,259,127,132
W00008724,289,158,131
W00008726,300,165,135
W00008728,297,158,139
W00008729,266,126,140
W00008683,369,196,173
W00008688,323,171,152
W00008690,273,134,139
W00008695,294,142,152
W00008696,322,173,149
W00008692,419,225,194
W00008693,283,146,137
W00008694,257,135,122
W00008697,315,152,163
W00008698,330,165,165
W00008699,251,128,123
W00008684,277,155,122
W00008703,261,127,134
W00008706,314,157,157
W00008708,282,140,142
W00008710,253,132,121
W00008686,320,159,161
W00008689,294,147,147
W00008691,246,127,119
W00008707,248,134,114
W00008685,307,157,150
W00008687,320,170,150
W00008709,345,178,167
W00008711,316,165,151
W00008362,315,160,155
W00008379,328,167,161
W00008380,322,176,146
W00008382,304,155,149
W00008358,304,147,157
W00008359,252,133,119
W00008360,262,126,136
W00008361,346,171,175
W00008381,325,168,157
W00008635,286,154,132
W00008636,284,166,118
W00008639,254,137,117
W00008640,255,137,118
W00008644,313,180,133
W00008643,374,192,182
W00008645,242,146,96
W00008648,340,169,171
W00008649,358,178,180
W00008650,331,158,173
W00008654,287,152,135
W00008656,358,175,183
W00008658,308,152,156
W00008680,302,154,148
W00008678,520,259,261
W00008679,379,192,187
W00008682,246,132,114
W00009859,383,190,193
W00009880,371,174,197
W00009881,391,199,192
W00008659,262,135,127
W00008662,365,187,178
W00008663,207,120,87
W00008665,289,154,135
W00008681,297,158,139
W00008667,312,152,160
W00008668,288,155,133
W00008669,328,174,154
W00008670,335,177,158
W00008674,304,153,151
W00008657,316,166,150
W00008660,278,137,141
W00008661,223,124,99
W00008666,322,168,154
W00009867,465,242,223
W00010565,338,181,157
W00010511,332,170,162
W00010532,344,169,175
W00010544,366,181,185
W00010566,393,204,189
W00010609,333,179,154
W00008637,287,141,146
W00008638,298,141,157
W00008641,276,147,129
W00008642,259,134,125
W00008647,109,45,64
W00008627,300,152,148
W00008629,383,196,187
W00008630,357,185,172
W00008652,147,77,70
W00008653,309,167,142
W00008626,286,164,122
W00008628,358,188,170
W00008646,374,201,173
W00008651,290,159,131
W00008631,306,145,161
W00008632,319,158,161
W00008633,332,160,172
W00008634,278,133,145
W00008368,338,161,177
W00008370,333,164,169
W00008375,284,139,145
W00008377,246,130,116
W00008384,305,149,156
W00008396,292,143,149
W00008397,318,158,160
W00008400,279,132,147
W00008403,333,155,178
W00008398,301,157,144
W00008399,325,166,159
W00008401,320,147,173
W00008402,324,163,161
W00008404,253,128,125
W00008763,376,174,202
W00008768,393,175,218
W00008774,298,145,153
W00008775,320,163,157
W00008776,292,132,160
W00008758,278,135,143
W00008759,298,156,142
W00008760,358,160,198
W00008765,304,131,173
W00008777,367,186,181
W00010515,517,256,261
W00010637,227,109,118
W00008342,280,141,139
W00008343,318,166,152
W00008346,505,251,254
W00008348,394,208,186
W00008354,346,165,181
W00008333,286,164,122
W00008351,308,178,130
W00008352,441,241,200
W00008353,270,146,124
W00008356,320,161,159
W00008344,315,155,160
W00008349,461,231,230
W00008350,374,193,181
W00008355,368,172,196
W00008332,286,149,137
W00008335,304,163,141
W00008337,313,155,158
W00008338,307,162,145
W00008339,285,145,140
W00008532,257,142,115
W00008534,309,162,147
W00008546,256,116,140
W00008549,320,171,149
W00008551,296,152,144
W00008554,228,116,112
W00008527,294,139,155
W00008542,298,154,144
W00008543,273,139,134
W00008545,302,147,155
W00010551,394,218,176
W00010628,341,175,166
W00008761,409,194,215
W00008769,304,144,160
W00008770,289,136,153
W00008771,278,119,159
W00008773,325,148,177
W00009864,444,231,213
W00009874,163,84,79
W00008764,484,245,239
W00008767,559,268,291
W00010524,246,102,144
W00010563,306,157,149
W00010567,375,179,196
W00010625,424,209,215
W00010632,511,254,257
W00008524,331,161,170
W00008544,426,198,228
W00008547,333,164,169
W00009857,334,156,178
W00008556,601,298,303
W00009865,278,134,144
W00009868,390,180,210
W00009878,426,211,215
W00008329,374,164,210
W00008330,271,120,151
W00008331,226,102,124
W00008334,192,98,94
W00008336,399,198,201
W00008732,425,199,226
W00008734,189,96,93
W00008735,285,147,138
W00008736,283,134,149
W00008738,283,133,150
W00008739,235,114,121
W00008737,322,148,174
W00008743,264,129,135
W00008744,316,152,164
W00008746,390,193,197
W00008731,393,150,243
W00008740,309,140,169
W00008741,379,176,203
W00008742,525,170,355
W00008745,243,129,114
W00010547,258,126,132
W00010593,227,124,103
W00008369,247,123,124
W00008371,370,198,172
W00008372,381,196,185
W00008374,364,195,169
W00008363,462,235,227
W00008365,408,213,195
W00008367,318,175,143
W00008373,331,178,153
W00008378,392,215,177
W00008357,334,168,166
W00008364,399,192,207
W00008366,274,139,135
W00008376,314,162,152
W00008526,291,150,141
W00008548,293,153,140
W00008550,359,186,173
W00008553,339,173,166
W00008530,210,102,108
W00008535,272,138,134
W00008552,544,297,247
W00008557,352,174,178
W00009886,116,60,56
W00009889,149,72,77
W00008529,295,151,144
W00008531,278,135,143
W00008536,336,175,161
W00008539,290,146,144
W00008555,352,179,173
W00008537,399,214,185
W00008538,264,131,133
W00008540,347,181,166
W00010514,269,133,136
W00008558,270,135,135
W00010509,232,121,111
W00010540,271,132,139
W00010561,363,188,175
W00010583,270,115,155
W00008494,160,60,100
W00008495,320,170,150
W00008496,263,116,147
W00008497,319,169,150
W00008507,265,143,122
W00008504,252,135,117
W00008505,349,190,159
W00008506,550,294,256
W00008509,425,208,217
W00010555,276,147,129
W00010606,276,145,131
W00008499,311,152,159
W00008500,306,153,153
W00008501,304,148,156
W00008503,294,148,146
W00008671,200,107,93
W00008672,239,125,114
W00008673,330,184,146
W00008675,198,101,97
W00008676,459,236,223
W00010527,266,133,133
W00010599,296,157,139
W00010621,326,157,169
W00008480,225,109,116
W00008481,313,155,158
W00008486,240,131,109
W00008489,281,146,135
W00008491,316,158,158
W00008468,190,102,88
W00008469,315,178,137
W00008482,365,183,182
W00008483,254,152,102
W00008488,368,175,193
W00008492,167,73,94
W00008465,263,125,138
W00008484,251,135,116
W00008485,295,138,157
W00008487,261,130,131
W00008490,273,139,134
W00008463,374,195,179
W00008464,313,162,151
W00008466,371,188,183
W00008467,350,183,167
W00008610,551,304,247
W00008611,363,187,176
W00008612,226,112,114
W00008613,361,180,181
W00008623,412,209,203
W00008608,348,175,173
W00008614,489,243,246
W00008624,348,186,162
W00010496,365,189,176
W00010507,310,152,158
W00010533,282,145,137
W00010545,296,146,150
W00010650,288,133,155
W00008615,551,218,333
W00008620,407,172,235
W00009860,319,175,144
W00009866,333,152,181
W00009873,368,175,193
W00009879,353,175,178
W00010553,513,281,232
W00010604,134,57,77
W00008616,184,87,97
W00008618,234,101,133
W00008619,534,316,218
W00008621,207,92,115
W00008622,517,270,247
W00008470,450,247,203
W00008473,266,143,123
W00008475,280,163,117
W00008476,448,256,192
W00008479,276,147,129
W00008471,319,179,140
W00008472,277,139,138
W00008474,303,157,146
W00008477,280,146,134
W00008478,300,154,146
W00008751,355,189,166
W00008752,138,69,69
W00008753,374,208,166
W00008755,144,74,70
W00008757,338,176,162
W00010557,351,203,148
W00010611,363,218,145
W00008750,230,121,109
W00009870,285,132,153
W00009872,316,152,164
W00009875,314,160,154
W00009885,317,168,149
W00010605,243,112,131
W00009861,334,177,157
W00009877,282,147,135
W00009882,367,202,165
W00010512,315,178,137
W00010619,308,161,147
W00008493,387,201,186
W00008508,199,94,105
W00008510,336,173,163
W00009888,329,163,166
W00009891,331,171,160
W00009892,350,173,177
W00008599,359,173,186
W00008600,341,177,164
W00008603,442,254,188
W00008605,311,158,153
W00008601,516,237,279
W00008602,393,189,204
W00008604,347,178,169
W00009862,426,224,202
W00009871,393,202,191
W00008606,343,169,174
W00008607,438,220,218
W00009856,236,123,113
W00009858,273,132,141
W00009884,236,117,119
W00009863,320,160,160
W00009869,341,161,180
W00009883,314,145,169
W00009887,195,89,106
W00009890,272,128,144
W00002461,467,221,246
W00002463,204,101,103
W00009784,153,73,80
W00009785,426,204,222
W00009786,336,170,166
W00002499,222,114,108
W00002500,257,130,127
W00002501,312,156,156
W00002502,504,250,254
W00002503,312,170,142
W00002504,380,192,188
W00002457,461,234,227
W00002458,340,168,172
W00002459,242,127,115
W00002531,337,159,178
W00002532,317,155,162
W00002533,342,169,173
W00002534,359,183,176
W00002489,297,148,149
W00002490,256,127,129
W00002491,211,102,109
W00002492,253,124,129
W00002493,495,245,250
W00002495,443,224,219
W00002494,413,195,218
W00002496,286,137,149
W00002497,312,165,147
W00002498,370,189,181
W00002365,381,193,188
W00002366,227,114,113
W00002367,323,171,152
W00002368,340,169,171
W00002369,257,126,131
W00002370,228,115,113
W00002371,270,149,121
W00002372,233,117,116
W00002436,402,204,198
W00002437,297,144,153
W00002438,428,224,204
W00002439,307,163,144
W00002440,373,189,184
W00002441,342,167,175
W00002442,327,170,157
W00002443,367,174,193
W00002444,491,244,247
W00002445,382,196,186
W00002446,286,156,130
W00002660,295,138,157
W00002661,180,90,90
W00002662,241,134,107
W00002663,320,184,136
W00002664,236,120,116
W00002665,218,90,128
W00002666,308,156,152
W00002667,401,219,182
W00002672,264,135,129
W00002674,261,129,132
W00002668,287,143,144
W00002669,490,270,220
W00002670,350,181,169
W00002671,263,142,121
W00002673,320,154,166
W00002675,226,116,110
W00002676,278,139,139
W00002677,247,106,141
W00002678,308,159,149
W00002679,135,73,62
W00002680,258,135,123
W00002681,169,81,88
W00002682,360,175,185
W00002683,217,124,93
W00002352,300,152,148
W00002353,252,136,116
W00002354,291,156,135
W00002355,303,161,142
W00002356,301,150,151
W00002357,285,150,135
W00002358,327,167,160
W00002273,252,132,120
W00002274,394,184,210
W00002275,431,211,220
W00002409,336,165,171
W00002410,284,136,148
W00002411,297,132,165
W00002516,253,133,120
W00002517,311,160,151
W00002518,334,168,166
W00002519,260,132,128
W00002520,238,122,116
W00002521,216,112,104
W00002522,307,159,148
W00002523,244,134,110
W00002280,289,142,147
W00002281,342,169,173
W00002282,364,191,173
W00002283,346,168,178
W00002348,390,194,196
W00002349,386,196,190
W00002350,359,178,181
W00002351,400,200,200
W00002536,319,169,150
W00002537,327,171,156
W00009792,272,139,133
W00009793,102,61,41
W00009794,266,138,128
W00002656,488,240,248
W00002657,271,127,144
W00002658,285,141,144
W00002659,330,166,164
W00002306,243,126,117
W00002307,222,114,108
W00002308,419,210,209
W00002309,325,159,166
W00002310,326,166,160
W00002311,370,179,191
W00002312,366,192,174
W00002452,378,189,189
W00002453,268,145,123
W00002454,301,147,154
W00002455,359,172,187
W00002456,402,199,203
W00002605,429,211,218
W00002606,558,281,277
W00002607,321,158,163
W00002608,375,182,193
W00002609,491,243,248
W00002313,402,217,185
W00002314,361,187,174
W00002315,354,200,154
W00002316,302,147,155
W00002317,320,165,155
W00002339,464,212,252
W00002340,481,250,231
W00002341,312,158,154
W00002342,336,164,172
W00002343,439,228,211
W00002384,405,204,201
W00002385,340,181,159
W00002386,404,203,201
W00002387,412,208,204
W00002388,168,86,82
W00002389,286,143,143
W00002556,312,130,182
W00002557,120,56,64
W00002558,149,73,76
W00002560,253,126,127
W00002562,263,127,136
W00002563,279,134,145
W00009782,436,217,219
W00009783,295,156,139
W00002564,385,181,204
W00002565,391,191,200
W00002566,268,141,127
W00002567,303,157,146
W00002568,278,148,130
W00002569,381,178,203
W00002570,193,105,88
W00002571,245,130,115
W00002573,233,120,113
W00002574,151,84,67
W00002575,183,93,90
W00002576,228,99,129
W00010112,360,178,182
W00010113,230,122,108
W00010114,264,141,123
W00002546,269,125,144
W00002547,331,177,154
W00002548,346,178,168
W00002550,347,173,174
W00002554,265,137,128
W00002555,312,158,154
W00002545,389,216,173
W00002549,255,125,130
W00002551,289,159,130
W00002552,236,120,116
W00002553,286,149,137
W00002577,331,166,165
W00002578,298,149,149
W00002579,327,173,154
W00002580,286,151,135
W00002581,312,154,158
W00002582,283,167,116
W00002284,364,187,177
W00002285,407,186,221
W00002286,298,153,145
W00002287,326,164,162
W00002288,302,153,149
W00002289,386,195,191
W00002290,240,119,121
W00002412,266,141,125
W00002413,350,164,186
W00002414,270,129,141
W00002415,286,141,145
W00002416,213,104,109
W00002479,214,123,91
W00002480,276,143,133
W00002481,271,145,126
W00002482,303,161,142
W00002483,271,140,131
W00002478,243,131,112
W00002484,317,169,148
W00002485,174,84,90
W00002486,218,114,104
W00002487,229,113,116
W00002488,269,130,139
W00002276,345,185,160
W00002277,346,165,181
W00002278,282,142,140
W00002279,370,167,203
W00002390,307,153,154
W00002392,242,130,112
W00002395,261,141,120
W00002397,275,144,131
W00002399,310,159,151
W00002391,196,91,105
W00002393,298,149,149
W00002394,230,120,110
W00002396,214,113,101
W00002398,385,192,193
W00002400,193,106,87
W00002471,286,139,147
W00002472,207,104,103
W00002473,349,169,180
W00002474,347,183,164
W00002583,438,219,219
W00002584,181,91,90
W00002585,257,130,127
W00002586,281,139,142
W00002587,223,112,111
W00002588,304,137,167
W00002589,259,123,136
W00002590,299,155,144
W00002594,303,148,155
W00002596,376,186,190
W00002597,344,184,160
W00002591,232,117,115
W00002592,246,133,113
W00002593,366,177,189
W00002595,222,116,106
W00002335,372,177,195
W00002336,333,169,164
W00002337,320,158,162
W00002338,209,111,98
W00002406,392,196,196
W00002407,339,170,169
W00002408,451,220,231
W00002512,313,167,146
W00002513,295,148,147
W00002514,281,144,137
W00002515,295,144,151
W00002540,256,131,125
W00002541,392,197,195
W00002542,269,134,135
W00002543,335,158,177
W00002544,280,130,150
W00002598,246,115,131
W00002599,416,228,188
W00002600,300,164,136
W00002601,318,168,150
W00002602,225,126,99
W00002603,312,146,166
W00002604,263,136,127
W00002417,240,100,140
W00002418,226,107,119
W00002419,201,101,100
W00002420,343,161,182
W00002421,252,129,123
W00002422,372,216,156
W00002424,200,110,90
W00002425,316,174,142
W00002426,324,163,161
W00002427,294,140,154
W00010318,274,134,140
W00010355,406,196,210
W00002429,295,149,146
W00002430,162,66,96
W00002431,391,203,188
W00002432,248,119,129
W00002433,237,117,120
W00009779,317,167,150
W00009780,167,81,86
W00009781,337,164,173
W00002297,299,145,154
W00002299,253,117,136
W00002300,374,193,181
W00002301,334,177,157
W00002295,330,164,166
W00002296,232,135,97
W00002298,280,157,123
W00002302,368,191,177
W00002401,151,75,76
W00002402,318,171,147
W00002403,322,165,157
W00002404,424,200,224
W00002405,182,86,96
W00002447,240,127,113
W00002448,315,151,164
W00002449,240,124,116
W00002450,280,141,139
W00002451,132,65,67
W00002505,267,129,138
W00002506,245,124,121
W00002507,316,158,158
W00002508,234,109,125
W00002509,244,120,124
W00002510,247,126,121
W00002511,215,105,110
W00002291,339,190,149
W00002292,360,196,164
W00002293,208,116,92
W00002294,407,200,207
W00002359,381,184,197
W00002360,372,195,177
W00002361,375,197,178
W00002362,339,167,172
W00002363,291,143,148
W00002364,526,275,251
W00002373,311,159,152
W00002374,364,187,177
W00002375,310,147,163
W00002376,231,108,123
W00002377,265,141,124
W00002378,190,104,86
W00002379,260,129,131
W00002380,218,122,96
W00002381,224,124,100
W00002382,476,249,227
W00002383,307,177,130
W00002637,274,144,130
W00002638,371,196,175
W00002641,447,217,230
W00009774,368,196,172
W00009775,241,123,118
W00002610,284,142,142
W00002611,243,130,113
W00002612,374,207,167
W00002613,209,117,92
W00002614,208,116,92
W00002615,462,239,223
W00002628,307,139,168
W00002629,242,126,116
W00002631,211,109,102
W00002632,246,122,124
W00002634,231,119,112
W00002636,278,146,132
W00002627,494,254,240
W00002630,286,156,130
W00002633,267,140,127
W00010339,531,112,419
W00010342,150,82,68
W00002616,272,142,130
W00002619,304,150,154
W00002621,192,108,84
W00002622,222,122,100
W00009776,489,246,243
W00009777,363,185,178
W00002620,258,144,114
W00002623,285,153,132
W00002624,331,175,156
W00002625,332,180,152
W00009778,183,99,84
W00002475,360,185,175
W00002476,377,204,173
W00002477,297,171,126
W00002320,250,131,119
W00002321,301,159,142
W00002323,360,180,180
W00002324,294,156,138
W00009787,381,195,186
W00009788,364,184,180
W00009789,159,79,80
W00002325,428,223,205
W00002465,367,184,183
W00002466,316,171,145
W00002467,263,142,121
W00009790,275,144,131
W00002303,302,143,159
W00002305,345,174,171
W00002468,309,147,162
W00002469,424,209,215
W00002470,389,193,196
W00009791,383,193,190
W00002344,306,159,147
W00002345,344,171,173
W00002346,432,219,213
W00002347,229,121,108
W00002524,231,115,116
W00002525,276,142,134
W00002526,289,145,144
W00002527,296,142,154
W00002528,319,167,152
W00002529,219,111,108
W00002530,117,59,58
W00002692,245,119,126
W00002693,367,172,195
W00002694,448,225,223
W00002642,247,128,119
W00002643,383,198,185
W00002644,244,122,122
W00002645,313,158,155
W00002646,246,124,122
W00002648,212,103,109
W00009770,226,116,110
W00002268,360,200,160
W00002269,286,144,142
W00002270,170,80,90
W00002271,242,124,118
W00002272,363,189,174
W00002649,356,187,169
W00002650,313,157,156
W00002651,290,147,143
W00002652,247,125,122
W00002653,290,151,139
W00002654,212,94,118
W00002655,377,180,197
W00002684,245,124,121
W00002685,277,131,146
W00002686,272,138,134
W00002687,251,127,124
W00002688,305,148,157
W00002689,338,171,167
W00002690,132,77,55
W00002691,247,120,127
W00002699,241,132,109
W00002700,288,153,135
W00002702,269,155,114
W00002703,333,164,169
W00002695,348,174,174
W00002696,240,122,118
W00002697,312,161,151
W00002698,270,139,131
W00002701,261,132,129
W00002327,316,167,149
W00002328,372,212,160
W00002329,396,202,194
W00002330,157,88,69
W00002331,180,94,86
W00002332,235,122,113
W00002333,162,77,85
W00009772,402,189,213
W00006788,257,122,135
W00006792,294,151,143
W00006801,267,147,120
W00006805,187,93,94
W00006807,270,141,129
W00006809,233,120,113
W00006802,290,143,147
W00006803,312,162,150
W00006804,332,163,169
W00006806,301,139,162
W00006808,340,163,177
W00006787,277,144,133
W00006789,308,157,151
W00006791,318,173,145
W00006794,234,132,102
W00006795,301,141,160
W00006800,379,187,192
W00006790,291,147,144
W00006793,263,139,124
W00006796,264,134,130
W00006797,251,130,121
W00006798,295,165,130
W00006799,363,185,178
W00006864,389,194,195
W00006868,292,153,139
W00006869,336,179,157
W00006870,292,151,141
W00006871,244,120,124
W00006855,306,152,154
W00006862,304,163,141
W00006866,283,134,149
W00006867,278,138,140
W00006772,343,182,161
W00006773,356,185,171
W00006785,263,136,127
W00006786,309,150,159
W00010299,199,102,97
W00010301,400,217,183
W00010302,212,110,102
W00006769,269,145,124
W00006774,434,227,207
W00006776,402,209,193
W00006779,564,293,271
W00006842,313,170,143
W00006844,344,190,154
W00006845,291,140,151
W00006853,276,142,134
W00006843,245,130,115
W00006846,307,156,151
W00006847,324,166,158
W00006848,285,156,129
W00006854,262,126,136
W00006931,283,145,138
W00006932,303,144,159
W00006933,246,122,124
W00006934,293,139,154
W00006935,212,110,102
W00006936,298,160,138
W00006937,300,148,152
W00006767,426,221,205
W00006770,285,145,140
W00006781,315,172,143
W00006782,296,162,134
W00006783,230,119,111
W00006784,291,152,139
W00006768,276,132,144
W00006775,431,228,203
W00006777,199,101,98
W00006780,210,107,103
W00010274,187,88,99
W00010287,373,180,193
W00006840,213,140,73
W00006841,229,114,115
W00006849,284,136,148
W00006850,199,98,101
W00006851,287,132,155
W00006852,307,181,126
W00006890,363,167,196
W00006891,349,166,183
W00006892,276,141,135
W00006893,282,132,150
W00006898,192,104,88
W00006910,240,118,122
W00006873,216,103,113
W00006874,259,134,125
W00006884,295,148,147
W00006885,430,217,213
W00006886,299,156,143
W00006887,268,137,131
W00006888,331,166,165
W00006899,287,139,148
W00006900,481,246,235
W00006903,284,147,137
W00006904,254,136,118
W00006905,441,230,211
W00006896,279,133,146
W00006901,279,145,134
W00006902,276,129,147
W00006906,346,176,170
W00006907,300,150,150
W00006909,310,164,146
W00010109,400,198,202
W00010111,362,177,185
W00010268,461,239,222
W00006894,400,206,194
W00006895,297,134,163
W00006897,346,167,179
W00010110,288,142,146
W00010281,102,59,43
W00006757,244,115,129
W00006758,263,132,131
W00006759,267,137,130
W00006760,321,154,167
W00006761,261,133,128
W00006832,253,128,125
W00006833,201,96,105
W00006834,573,296,277
W00006837,404,198,206
W00006875,362,197,165
W00006877,293,149,144
W00006879,285,143,142
W00006882,306,152,154
W00006883,232,100,132
W00006872,306,151,155
W00006876,287,146,141
W00006878,272,139,133
W00006880,317,163,154
W00006881,293,145,148
W00006827,257,127,130
W00006828,287,150,137
W00006829,311,145,166
W00006830,265,136,129
W00006831,289,143,146
W00006835,100,58,42
W00006836,163,76,87
W00006838,318,159,159
W00006839,353,186,167
W00006756,340,181,159
W00006762,336,164,172
W00006763,287,142,145
W00006765,385,190,195
W00006766,264,137,127
W00010270,145,70,75
W00010276,491,242,249
W00010279,158,76,82
W00006911,262,126,136
W00006912,312,160,152
W00006914,234,118,116
W00006915,350,178,172
W00006928,436,222,214
W00006913,260,116,144
W00006924,329,165,164
W00006927,344,181,163
W00006929,273,156,117
W00006930,219,106,113
W00006916,378,207,171
W00006918,328,152,176
W00006919,314,156,158
W00006920,295,159,136
W00006921,306,171,135
W00006917,439,237,202
W00006922,331,160,171
W00006923,276,138,138
W00006925,310,165,145
W00006926,275,132,143
W00006810,262,140,122
W00006811,322,165,157
W00006813,286,159,127
W00006814,359,198,161
W00006817,195,120,75
W00006818,267,130,137
W00006812,255,123,132
W00006815,465,251,214
W00006816,423,233,190
W00006820,294,154,140
W00006821,300,157,143
W00006819,274,147,127
W00006822,374,208,166
W00006823,328,174,154
W00006824,321,167,154
W00006825,278,141,137
W00006826,338,166,172
W00006856,302,168,134
W00006857,306,170,136
W00006858,299,155,144
W00006860,348,205,143
W00006859,386,196,190
W00006861,330,179,151
W00006863,285,140,145
W00006865,300,155,145
W00006938,219,117,102
W00006940,422,228,194
W00006941,272,141,131
W00006942,329,172,157
W00009771,222,101,121
