OA,ts0330001,ts0330002,ts0330003
W00000001,353,126,227
W00000002,236,80,156
W00000003,357,145,212
W00000004,336,179,157
W00000005,460,180,280
W00000006,302,118,184
W00000008,245,113,132
W00000009,413,135,278
W00000010,285,197,88
W00000011,255,124,131
W00000012,288,138,150
W00000013,400,149,251
W00000014,251,152,99
W00000015,227,166,61
W00000016,200,130,70
W00000017,183,106,77
W00000018,211,128,83
W00000019,149,108,41
W00000020,193,107,86
W00000021,170,104,66
W00000022,298,88,210
W00000023,286,72,214
W00000024,371,116,255
W00000025,264,66,198
W00000026,275,75,200
W00000027,350,162,188
W00000028,288,138,150
W00000029,274,110,164
W00000030,378,105,273
W00000031,450,109,341
W00000032,199,47,152
W00000033,258,77,181
W00000034,264,80,184
W00000035,440,110,330
W00000036,256,71,185
W00000037,444,129,315
W00000038,429,162,267
W00000039,374,123,251
W00000040,283,117,166
W00000041,287,40,247
W00000042,188,112,76
W00000043,256,150,106
W00000044,494,225,269
W00000045,331,158,173
W00000046,280,148,132
W00000047,227,116,111
W00000048,257,154,103
W00000049,224,130,94
W00000050,200,112,88
W00000051,317,147,170
W00000052,270,68,202
W00000053,448,88,360
W00000054,262,68,194
W00000055,351,120,231
W00000056,325,110,215
W00000057,418,147,271
W00000058,261,144,117
W00000059,290,91,199
W00000060,247,125,122
W00000061,264,123,141
W00000062,379,143,236
W00000063,271,130,141
W00000064,237,32,205
W00000065,303,84,219
W00000066,283,65,218
W00000067,525,115,410
W00000068,409,87,322
W00000069,370,72,298
W00000070,409,107,302
W00000071,372,145,227
W00000072,250,63,187
W00000073,209,80,129
W00000074,188,58,130
W00000075,266,175,91
W00000076,252,166,86
W00000077,369,223,146
W00000078,272,160,112
W00000079,285,149,136
W00000080,356,211,145
W00000081,287,159,128
W00000082,387,215,172
W00000083,321,153,168
W00000084,128,79,49
W00000086,193,88,105
W00000087,173,97,76
W00000088,283,149,134
W00000090,150,68,82
W00000091,294,127,167
W00000092,173,120,53
W00000093,173,121,52
W00000094,268,173,95
W00000095,216,147,69
W00000096,203,116,87
W00000097,400,141,259
W00000098,314,86,228
W00000099,327,89,238
W00000100,253,145,108
W00000101,304,119,185
W00000102,297,183,114
W00000103,355,200,155
W00000104,278,117,161
W00000105,360,168,192
W00000106,301,117,184
W00000107,369,170,199
W00000108,475,223,252
W00000109,244,71,173
W00000110,320,128,192
W00000111,252,115,137
W00000112,285,79,206
W00000113,351,74,277
W00000114,360,118,242
W00000115,447,143,304
W00000116,393,211,182
W00000117,339,249,90
W00000118,295,162,133
W00000119,267,191,76
W00000120,367,193,174
W00000121,276,71,205
W00000122,316,70,246
W00000123,342,67,275
W00000124,429,129,300
W00000125,293,65,228
W00000126,446,119,327
W00000127,288,122,166
W00000128,274,117,157
W00000129,301,184,117
W00000130,166,104,62
W00000131,198,134,64
W00000132,305,143,162
W00000133,511,155,356
W00000134,325,127,198
W00000135,360,144,216
W00000136,313,88,225
W00000137,225,105,120
W00000138,303,88,215
W00000139,408,96,312
W00000140,408,106,302
W00000141,285,89,196
W00000142,296,151,145
W00000143,326,171,155
W00000144,267,136,131
W00000145,414,232,182
W00000146,270,138,132
W00000147,265,148,117
W00000148,164,87,77
W00000149,361,193,168
W00000150,329,201,128
W00000151,251,144,107
W00000152,283,168,115
W00000153,260,144,116
W00000154,272,192,80
W00000155,318,192,126
W00000156,246,102,144
W00000157,356,182,174
W00000158,318,162,156
W00000159,321,124,197
W00000160,271,89,182
W00000161,155,91,64
W00000162,263,97,166
W00000163,305,172,133
W00000164,172,101,71
W00000165,376,232,144
W00000166,246,152,94
W00000167,262,162,100
W00000168,263,169,94
W00000169,360,221,139
W00000170,235,117,118
W00000171,380,204,176
W00000172,521,251,270
W00000173,263,149,114
W00000174,251,111,140
W00000175,380,190,190
W00000176,294,119,175
W00000177,217,97,120
W00000178,336,156,180
W00000179,264,121,143
W00000180,260,163,97
W00000181,267,160,107
W00000182,254,160,94
W00000183,298,166,132
W00000184,272,148,124
W00000185,289,151,138
W00000186,261,163,98
W00000187,295,195,100
W00000188,179,119,60
W00000189,240,112,128
W00000190,186,119,67
W00000191,158,120,38
W00000192,354,136,218
W00000193,245,81,164
W00000194,337,167,170
W00000195,340,114,226
W00000196,307,140,167
W00000197,269,66,203
W00000198,325,140,185
W00000199,169,98,71
W00000200,308,149,159
W00000201,120,73,47
W00000202,306,197,109
W00000203,295,193,102
W00000204,183,124,59
W00000205,137,90,47
W00000206,255,168,87
W00000207,221,138,83
W00000208,409,107,302
W00000209,241,59,182
W00000210,513,129,384
W00000211,114,32,82
W00000212,252,58,194
W00000213,316,158,158
W00000214,340,138,202
W00000215,250,105,145
W00000216,277,106,171
W00000217,292,129,163
W00000218,245,101,144
W00000219,264,92,172
W00000220,377,149,228
W00000221,265,116,149
W00000222,250,119,131
W00000223,288,128,160
W00000224,256,142,114
W00000225,284,159,125
W00000226,314,153,161
W00000227,243,124,119
W00000228,246,49,197
W00000229,344,93,251
W00000230,283,92,191
W00000231,195,149,46
W00000232,222,138,84
W00000233,141,71,70
W00000234,114,83,31
W00000235,328,164,164
W00000236,274,75,199
W00000237,272,51,221
W00000238,263,42,221
W00000239,256,64,192
W00000240,169,45,124
W00000241,232,141,91
W00000242,219,137,82
W00000243,229,128,101
W00000244,245,162,83
W00000245,178,122,56
W00000246,277,173,104
W00000247,306,137,169
W00000248,157,96,61
W00000249,257,124,133
W00000250,134,84,50
W00000251,137,61,76
W00000252,163,65,98
W00000253,165,96,69
W00000254,185,83,102
W00000255,315,167,148
W00000256,246,96,150
W00000257,168,52,116
W00000258,485,190,295
W00000259,284,54,230
W00000260,277,85,192
W00000261,265,139,126
W00000262,328,63,265
W00000263,277,58,219
W00000264,255,60,195
W00000265,259,76,183
W00000266,270,34,236
W00000267,268,44,224
W00000268,232,27,205
W00000269,222,75,147
W00000270,291,45,246
W00000271,294,57,237
W00000272,218,34,184
W00000273,297,35,262
W00000274,180,47,133
W00000275,313,89,224
W00000276,334,52,282
W00000277,314,85,229
W00000278,256,95,161
W00000279,349,83,266
W00000280,313,45,268
W00000281,291,42,249
W00000282,235,49,186
W00000283,277,92,185
W00000284,207,77,130
W00000285,235,106,129
W00000286,292,94,198
W00000287,161,69,92
W00000288,155,82,73
W00000289,310,114,196
W00000290,283,133,150
W00000291,311,176,135
W00000292,283,151,132
W00000293,274,72,202
W00000294,256,37,219
W00000295,206,45,161
W00000296,247,28,219
W00000297,268,33,235
W00000298,333,65,268
W00000299,209,40,169
W00000300,234,66,168
W00000301,294,81,213
W00000302,374,133,241
W00000303,262,68,194
W00000304,337,194,143
W00000305,254,137,117
W00000306,288,136,152
W00000307,348,159,189
W00000308,230,111,119
W00000309,268,121,147
W00000310,301,88,213
W00000311,234,122,112
W00000312,418,110,308
W00000313,247,119,128
W00000314,319,89,230
W00000315,316,80,236
W00000316,289,110,179
W00000317,275,204,71
W00000318,367,266,101
W00000319,255,197,58
W00000322,354,70,284
W00000323,369,50,319
W00000324,325,84,241
W00000325,270,118,152
W00000326,298,85,213
W00000327,233,89,144
W00000328,327,178,149
W00000329,293,164,129
W00000330,584,228,356
W00000331,460,248,212
W00000332,279,118,161
W00000333,236,72,164
W00000334,275,43,232
W00000335,247,94,153
W00000336,238,59,179
W00000337,298,80,218
W00000338,276,110,166
W00000339,297,82,215
W00000340,270,121,149
W00000341,250,106,144
W00000342,253,84,169
W00000343,260,106,154
W00000344,234,88,146
W00000345,169,83,86
W00000346,320,85,235
W00000347,196,93,103
W00000348,372,163,209
W00000349,309,113,196
W00000350,180,78,102
W00000351,230,136,94
W00000352,223,118,105
W00000353,224,161,63
W00000354,285,112,173
W00000355,254,144,110
W00000356,226,120,106
W00000357,464,139,325
W00000358,278,70,208
W00000359,252,77,175
W00000360,269,61,208
W00000362,360,213,147
W00000363,288,81,207
W00000364,278,99,179
W00000365,306,53,253
W00000366,364,79,285
W00000367,338,92,246
W00000368,313,90,223
W00000369,290,92,198
W00000370,255,100,155
W00000371,279,102,177
W00000372,292,164,128
W00000373,261,153,108
W00000374,264,110,154
W00000375,277,135,142
W00000376,238,57,181
W00000377,252,76,176
W00000378,292,62,230
W00000379,318,52,266
W00000380,277,71,206
W00000381,241,53,188
W00000382,200,133,67
W00000383,306,152,154
W00000384,276,105,171
W00000385,174,73,101
W00000386,284,107,177
W00000387,258,130,128
W00000388,272,103,169
W00000389,239,140,99
W00000390,328,180,148
W00000391,208,124,84
W00000392,276,168,108
W00000393,317,232,85
W00000394,336,225,111
W00000395,373,231,142
W00000396,340,224,116
W00000397,266,184,82
W00000398,204,110,94
W00000399,293,83,210
W00000400,208,40,168
W00000401,232,68,164
W00000402,295,101,194
W00000403,126,36,90
W00000404,361,125,236
W00000406,329,154,175
W00000408,279,152,127
W00000409,343,185,158
W00000410,254,69,185
W00000411,227,84,143
W00000412,338,87,251
W00000413,169,67,102
W00000414,287,51,236
W00000415,289,89,200
W00000416,275,97,178
W00000417,241,93,148
W00000418,365,115,250
W00000419,381,128,253
W00000420,351,89,262
W00000421,335,158,177
W00000422,432,85,347
W00000423,263,100,163
W00000424,277,110,167
W00000425,290,87,203
W00000426,215,102,113
W00000427,221,168,53
W00000428,230,156,74
W00000429,222,171,51
W00000430,288,167,121
W00000431,301,120,181
W00000432,258,148,110
W00000433,249,157,92
W00000434,122,45,77
W00000435,335,67,268
W00000436,345,129,216
W00000437,303,58,245
W00000438,200,69,131
W00000439,274,43,231
W00000440,277,26,251
W00000441,297,36,261
W00000442,286,40,246
W00000443,314,54,260
W00000444,330,50,280
W00000445,283,72,211
W00000446,274,32,242
W00000447,330,65,265
W00000448,318,102,216
W00000449,339,49,290
W00000450,357,68,289
W00000451,295,55,240
W00000452,320,52,268
W00000453,380,54,326
W00000454,329,66,263
W00000455,323,85,238
W00000456,302,88,214
W00000457,299,69,230
W00000458,292,98,194
W00000459,326,71,255
W00000460,299,181,118
W00000461,181,92,89
W00000462,342,144,198
W00000463,277,139,138
W00000464,331,164,167
W00000465,293,130,163
W00000466,326,167,159
W00000467,316,163,153
W00000468,471,406,65
W00000469,367,271,96
W00000470,302,209,93
W00000472,305,242,63
W00000473,253,90,163
W00000474,284,66,218
W00000475,336,65,271
W00000476,354,85,269
W00000477,268,39,229
W00000478,218,36,182
W00000479,193,43,150
W00000480,280,48,232
W00000481,393,86,307
W00000482,376,99,277
W00000483,213,69,144
W00000484,206,75,131
W00000485,264,48,216
W00000486,233,54,179
W00000487,208,67,141
W00000488,282,80,202
W00000489,275,89,186
W00000490,317,51,266
W00000491,267,115,152
W00000492,311,51,260
W00000493,210,69,141
W00000494,297,88,209
W00000495,249,45,204
W00000496,343,45,298
W00000497,329,51,278
W00000498,297,45,252
W00000499,352,38,314
W00000500,296,53,243
W00000501,345,55,290
W00000502,544,73,471
W00000503,288,41,247
W00000504,297,65,232
W00000505,297,110,187
W00000506,304,104,200
W00000507,225,65,160
W00000508,420,119,301
W00000509,368,127,241
W00000510,150,59,91
W00000511,275,78,197
W00000512,290,72,218
W00000513,331,67,264
W00000514,244,79,165
W00000515,285,49,236
W00000516,290,85,205
W00000517,221,54,167
W00000518,277,108,169
W00000519,532,228,304
W00000520,358,148,210
W00000521,245,107,138
W00000522,282,131,151
W00000523,256,101,155
W00000524,430,187,243
W00000526,328,52,276
W00000527,242,45,197
W00000528,310,38,272
W00000529,270,48,222
W00000530,309,62,247
W00000531,285,52,233
W00000532,253,46,207
W00000533,270,69,201
W00000534,236,74,162
W00000535,295,62,233
W00000536,253,82,171
W00000537,381,61,320
W00000538,144,68,76
W00000539,276,149,127
W00000540,121,61,60
W00000541,259,108,151
W00000542,180,83,97
W00000543,194,102,92
W00000544,300,81,219
W00000545,237,118,119
W00000546,214,94,120
W00000549,276,82,194
W00000550,237,65,172
W00000551,317,58,259
W00000552,361,129,232
W00000553,242,51,191
W00000554,320,65,255
W00000555,233,67,166
W00000556,325,52,273
W00000557,301,58,243
W00000558,155,76,79
W00000559,228,47,181
W00000560,305,57,248
W00000561,276,102,174
W00000562,252,54,198
W00000563,295,67,228
W00000564,205,75,130
W00000565,160,59,101
W00000566,270,46,224
W00000567,179,44,135
W00000568,238,30,208
W00000569,385,47,338
W00000570,243,37,206
W00000571,282,40,242
W00000572,288,30,258
W00000573,322,47,275
W00000574,268,47,221
W00000575,236,75,161
W00000576,253,114,139
W00000577,271,88,183
W00000578,315,54,261
W00000579,373,112,261
W00000580,324,98,226
W00000581,341,100,241
W00000582,288,74,214
W00000583,300,82,218
W00000584,265,67,198
W00000585,347,69,278
W00000586,310,86,224
W00000587,283,78,205
W00000588,310,120,190
W00000589,218,69,149
W00000590,305,59,246
W00000591,289,63,226
W00000592,255,65,190
W00000593,275,76,199
W00000594,278,71,207
W00000595,339,113,226
W00000596,321,79,242
W00000597,251,101,150
W00000598,297,133,164
W00000599,304,93,211
W00000600,295,41,254
W00000601,287,85,202
W00000602,277,64,213
W00000603,256,170,86
W00000604,149,75,74
W00000605,222,117,105
W00000606,243,164,79
W00000607,232,158,74
W00000608,275,143,132
W00000609,201,154,47
W00000610,265,186,79
W00000611,275,141,134
W00000612,189,133,56
W00000613,307,175,132
W00000614,209,157,52
W00000615,263,140,123
W00000616,240,105,135
W00000617,242,43,199
W00000618,320,58,262
W00000619,268,88,180
W00000620,282,79,203
W00000621,303,65,238
W00000622,446,87,359
W00000623,247,70,177
W00000624,265,74,191
W00000625,331,79,252
W00000626,327,82,245
W00000627,338,192,146
W00000628,302,132,170
W00000629,219,211,8
W00000630,239,216,23
W00000631,214,192,22
W00000632,421,355,66
W00000633,388,328,60
W00000634,179,149,30
W00000635,263,230,33
W00000636,183,167,16
W00000637,265,246,19
W00000638,259,122,137
W00000639,213,145,68
W00000640,210,111,99
W00000641,247,118,129
W00000642,195,100,95
W00000643,303,160,143
W00000644,373,214,159
W00000645,295,173,122
W00000646,357,230,127
W00000647,308,170,138
W00000648,280,173,107
W00000649,382,207,175
W00000650,243,121,122
W00000651,248,134,114
W00000653,278,188,90
W00000655,234,127,107
W00000656,303,160,143
W00000657,341,170,171
W00000658,289,196,93
W00000659,310,190,120
W00000660,331,197,134
W00000661,332,245,87
W00000662,243,174,69
W00000663,262,163,99
W00000664,251,170,81
W00000665,133,99,34
W00000666,285,180,105
W00000667,322,241,81
W00000668,479,329,150
W00000669,299,250,49
W00000670,275,226,49
W00000671,277,233,44
W00000672,330,288,42
W00000673,399,347,52
W00000674,328,277,51
W00000675,294,232,62
W00000676,324,238,86
W00000677,322,253,69
W00000678,272,217,55
W00000679,260,218,42
W00000680,305,265,40
W00000681,263,221,42
W00000682,194,160,34
W00000683,264,158,106
W00000684,329,223,106
W00000685,369,312,57
W00000686,258,183,75
W00000687,228,183,45
W00000688,288,204,84
W00000689,195,152,43
W00000690,362,249,113
W00000691,215,155,60
W00000692,232,173,59
W00000693,375,242,133
W00000694,291,225,66
W00000695,335,223,112
W00000696,228,179,49
W00000697,243,209,34
W00000698,291,227,64
W00000699,308,241,67
W00000700,330,264,66
W00000701,244,201,43
W00000702,284,229,55
W00000703,211,170,41
W00000704,170,143,27
W00000705,258,212,46
W00000706,198,167,31
W00000707,233,191,42
W00000708,258,214,44
W00000709,222,185,37
W00000710,311,122,189
W00000711,247,102,145
W00000712,314,110,204
W00000713,196,103,93
W00000714,290,142,148
W00000715,357,158,199
W00000716,276,112,164
W00000717,325,263,62
W00000718,214,169,45
W00000719,244,189,55
W00000720,307,252,55
W00000721,204,168,36
W00000722,247,208,39
W00000723,229,182,47
W00000724,193,164,29
W00000725,244,200,44
W00000726,300,222,78
W00000727,255,208,47
W00000728,269,203,66
W00000729,385,301,84
W00000730,276,189,87
W00000731,372,170,202
W00000732,263,124,139
W00000733,273,166,107
W00000734,301,136,165
W00000735,298,103,195
W00000736,268,218,50
W00000737,236,179,57
W00000738,293,212,81
W00000739,215,166,49
W00000740,260,215,45
W00000741,346,264,82
W00000742,205,161,44
W00000743,339,264,75
W00000744,227,200,27
W00000745,292,217,75
W00000746,446,307,139
W00000747,338,258,80
W00000748,456,348,108
W00000749,390,312,78
W00000750,221,168,53
W00000752,229,189,40
W00000754,199,165,34
W00000756,190,150,40
W00000757,285,234,51
W00000758,470,334,136
W00000759,282,236,46
W00000760,205,156,49
W00000761,313,256,57
W00000762,215,178,37
W00000765,296,248,48
W00000766,337,280,57
W00000767,294,225,69
W00000768,288,222,66
W00000769,367,301,66
W00000770,330,274,56
W00000771,446,330,116
W00000772,269,211,58
W00000773,283,222,61
W00000774,227,184,43
W00000775,302,224,78
W00000776,405,351,54
W00000777,227,185,42
W00000778,305,242,63
W00000779,251,198,53
W00000780,271,227,44
W00000781,208,173,35
W00000782,343,296,47
W00000783,237,214,23
W00000784,168,145,23
W00000785,233,184,49
W00000786,267,240,27
W00000787,245,212,33
W00000788,239,198,41
W00000789,320,289,31
W00000790,245,198,47
W00000791,236,194,42
W00000792,212,189,23
W00000793,278,97,181
W00000794,285,113,172
W00000795,226,92,134
W00000796,258,109,149
W00000797,322,279,43
W00000798,341,309,32
W00000799,286,248,38
W00000800,558,480,78
W00000801,258,231,27
W00000802,333,299,34
W00000803,280,247,33
W00000804,377,324,53
W00000805,263,227,36
W00000806,263,241,22
W00000807,242,209,33
W00000808,256,243,13
W00000809,299,266,33
W00000810,250,215,35
W00000811,255,234,21
W00000812,243,227,16
W00000813,275,248,27
W00000814,404,356,48
W00000815,261,236,25
W00000816,277,225,52
W00000817,314,261,53
W00000818,232,196,36
W00000819,258,215,43
W00000820,235,170,65
W00000821,258,196,62
W00000822,227,195,32
W00000823,241,211,30
W00000824,225,190,35
W00000825,421,358,63
W00000826,243,213,30
W00000827,260,210,50
W00000828,225,196,29
W00000829,285,227,58
W00000830,242,212,30
W00000831,210,177,33
W00000832,226,173,53
W00000833,268,227,41
W00000834,296,227,69
W00000835,219,191,28
W00000836,222,192,30
W00000837,243,203,40
W00000838,267,205,62
W00000839,247,186,61
W00000840,282,236,46
W00000841,316,269,47
W00000842,311,252,59
W00000843,262,211,51
W00000844,265,215,50
W00000845,235,199,36
W00000846,354,289,65
W00000847,272,212,60
W00000848,262,224,38
W00000849,332,127,205
W00000850,348,180,168
W00000851,381,133,248
W00000852,327,90,237
W00000853,194,155,39
W00000854,457,299,158
W00000855,246,172,74
W00000856,236,166,70
W00000857,233,169,64
W00000858,211,142,69
W00000859,210,104,106
W00000860,274,189,85
W00000861,275,114,161
W00000862,260,105,155
W00000863,337,147,190
W00000864,299,87,212
W00000865,310,159,151
W00000866,288,105,183
W00000867,391,318,73
W00000868,268,190,78
W00000869,316,252,64
W00000870,324,248,76
W00000871,302,232,70
W00000872,409,342,67
W00000873,346,307,39
W00000874,287,229,58
W00000875,376,276,100
W00000876,507,382,125
W00000877,278,207,71
W00000878,292,205,87
W00000880,318,215,103
W00000881,302,219,83
W00000882,211,155,56
W00000883,327,236,91
W00000884,250,199,51
W00000885,256,190,66
W00000886,266,195,71
W00000887,278,211,67
W00000888,335,273,62
W00000889,298,249,49
W00000890,403,317,86
W00000891,285,217,68
W00000892,266,206,60
W00000893,347,275,72
W00000894,283,244,39
W00000895,227,189,38
W00000896,293,247,46
W00000897,224,179,45
W00000898,297,242,55
W00000899,228,200,28
W00000900,174,152,22
W00000901,234,188,46
W00000902,287,216,71
W00000903,349,300,49
W00000904,324,247,77
W00000905,308,257,51
W00000906,278,239,39
W00000907,349,174,175
W00000908,270,131,139
W00000909,278,151,127
W00000910,316,186,130
W00000911,271,157,114
W00000912,267,157,110
W00000913,344,237,107
W00000914,313,224,89
W00000915,276,195,81
W00000916,344,249,95
W00000917,328,203,125
W00000918,463,291,172
W00000919,303,189,114
W00000920,304,226,78
W00000921,294,229,65
W00000922,290,225,65
W00000923,206,174,32
W00000924,224,187,37
W00000925,239,188,51
W00000926,269,209,60
W00000927,318,247,71
W00000928,262,191,71
W00000929,250,199,51
W00000930,220,181,39
W00000931,264,198,66
W00000932,379,280,99
W00000933,270,218,52
W00000934,284,213,71
W00000935,250,182,68
W00000936,226,190,36
W00000937,231,211,20
W00000938,278,202,76
W00000939,269,184,85
W00000940,334,227,107
W00000941,292,216,76
W00000942,311,216,95
W00000943,341,248,93
W00000944,296,207,89
W00000945,323,243,80
W00000946,505,359,146
W00000947,310,250,60
W00000948,425,323,102
W00000949,296,210,86
W00000950,229,195,34
W00000951,302,242,60
W00000953,417,359,58
W00000954,224,175,49
W00000955,299,235,64
W00000956,267,219,48
W00000957,280,236,44
W00000958,240,195,45
W00000959,304,244,60
W00000960,357,314,43
W00000961,476,391,85
W00000962,314,263,51
W00000963,389,326,63
W00000964,390,312,78
W00000965,475,405,70
W00000966,268,223,45
W00000967,266,209,57
W00000968,250,213,37
W00000969,314,242,72
W00000970,297,259,38
W00000971,445,364,81
W00000972,318,257,61
W00000973,298,225,73
W00000974,384,301,83
W00000975,276,214,62
W00000976,330,266,64
W00000977,236,180,56
W00000978,360,336,24
W00000979,307,267,40
W00000980,106,95,11
W00000981,420,355,65
W00000982,207,187,20
W00000983,249,225,24
W00000984,306,276,30
W00000985,270,236,34
W00000986,417,240,177
W00000987,164,103,61
W00000988,278,178,100
W00000989,345,171,174
W00000990,195,165,30
W00000991,292,230,62
W00000992,207,173,34
W00000993,252,204,48
W00000994,272,215,57
W00000995,288,215,73
W00000996,264,208,56
W00000997,230,197,33
W00000998,208,168,40
W00000999,285,239,46
W00001000,275,225,50
W00001001,406,330,76
W00001002,327,274,53
W00001003,246,185,61
W00001004,315,278,37
W00001005,231,194,37
W00001006,275,221,54
W00001007,311,125,186
W00001008,341,103,238
W00001009,235,102,133
W00001010,357,160,197
W00001011,185,56,129
W00001012,383,133,250
W00001013,313,93,220
W00001014,196,64,132
W00001015,255,77,178
W00001016,208,114,94
W00001017,204,164,40
W00001018,266,203,63
W00001019,184,138,46
W00001020,258,223,35
W00001021,219,196,23
W00001022,184,161,23
W00001023,118,86,32
W00001024,258,233,25
W00001025,334,285,49
W00001026,224,106,118
W00001027,271,195,76
W00001028,306,181,125
W00001029,203,131,72
W00001030,221,108,113
W00001031,295,151,144
W00001032,299,161,138
W00001033,377,230,147
W00001034,236,180,56
W00001035,256,181,75
W00001036,249,163,86
W00001037,208,145,63
W00001038,344,254,90
W00001039,331,248,83
W00001040,227,178,49
W00001041,293,178,115
W00001042,377,252,125
W00001043,286,182,104
W00001044,359,231,128
W00001045,276,198,78
W00001046,422,263,159
W00001047,315,172,143
W00001048,337,212,125
W00001049,295,195,100
W00001050,360,215,145
W00001051,335,160,175
W00001052,269,141,128
W00001053,251,142,109
W00001054,242,169,73
W00001055,271,216,55
W00001056,181,145,36
W00001057,352,257,95
W00001058,338,274,64
W00001059,282,210,72
W00001060,210,121,89
W00001061,290,246,44
W00001062,231,169,62
W00001063,234,140,94
W00001064,313,171,142
W00001065,284,187,97
W00001066,283,230,53
W00001067,283,234,49
W00001068,335,290,45
W00001069,254,225,29
W00001070,273,213,60
W00001071,347,282,65
W00001072,301,239,62
W00001074,323,154,169
W00001075,250,144,106
W00001076,452,232,220
W00001077,306,170,136
W00001078,268,149,119
W00001079,318,243,75
W00001080,354,278,76
W00001081,268,206,62
W00001082,120,76,44
W00001083,284,220,64
W00001084,316,246,70
W00001085,367,308,59
W00001086,368,298,70
W00001087,319,220,99
W00001088,255,177,78
W00001089,262,176,86
W00001090,281,185,96
W00001091,306,192,114
W00001092,294,94,200
W00001093,298,152,146
W00001094,284,126,158
W00001095,296,155,141
W00001096,292,212,80
W00001097,344,207,137
W00001098,413,309,104
W00001099,317,235,82
W00001100,403,211,192
W00001101,403,240,163
W00001102,329,223,106
W00001103,220,110,110
W00001104,263,128,135
W00001105,351,216,135
W00001106,371,219,152
W00001107,322,188,134
W00001108,385,175,210
W00001109,272,229,43
W00001110,207,163,44
W00001111,419,321,98
W00001112,269,207,62
W00001113,226,172,54
W00001114,234,209,25
W00001115,324,230,94
W00001116,185,148,37
W00001117,207,169,38
W00001118,288,229,59
W00001119,362,294,68
W00001120,285,252,33
W00001121,248,203,45
W00001122,415,335,80
W00001123,460,258,202
W00001124,300,108,192
W00001125,244,132,112
W00001126,246,147,99
W00001127,223,116,107
W00001128,288,167,121
W00001129,318,254,64
W00001130,316,257,59
W00001131,311,242,69
W00001132,270,219,51
W00001133,367,286,81
W00001134,254,215,39
W00001135,212,185,27
W00001136,283,239,44
W00001137,245,215,30
W00001138,281,239,42
W00001139,302,240,62
W00001140,246,215,31
W00001141,294,266,28
W00001142,245,198,47
W00001143,329,286,43
W00001144,256,221,35
W00001145,210,188,22
W00001146,296,259,37
W00001147,302,246,56
W00001148,283,235,48
W00001149,243,209,34
W00001150,291,229,62
W00001151,262,226,36
W00001152,305,264,41
W00001153,192,164,28
W00001154,313,265,48
W00001155,264,237,27
W00001156,299,257,42
W00001157,263,228,35
W00001158,262,215,47
W00001159,310,259,51
W00001160,270,229,41
W00001161,280,216,64
W00001162,225,208,17
W00001163,204,194,10
W00001164,222,191,31
W00001166,279,230,49
W00001167,248,223,25
W00001168,219,202,17
W00001169,261,218,43
W00001170,252,227,25
W00001171,223,202,21
W00001172,229,205,24
W00001173,525,463,62
W00001174,255,231,24
W00001175,245,210,35
W00001176,317,281,36
W00001177,294,254,40
W00001178,235,214,21
W00001179,207,175,32
W00001180,237,206,31
W00001181,269,225,44
W00001182,249,209,40
W00001183,235,212,23
W00001184,213,181,32
W00001185,335,275,60
W00001186,208,176,32
W00001187,247,207,40
W00001188,181,167,14
W00001189,169,144,25
W00001190,239,210,29
W00001191,284,250,34
W00001192,219,195,24
W00001193,206,180,26
W00001194,286,227,59
W00001195,309,243,66
W00001196,234,190,44
W00001197,215,178,37
W00001198,321,253,68
W00001199,225,184,41
W00001200,214,172,42
W00001201,218,178,40
W00001202,341,288,53
W00001203,488,417,71
W00001204,425,339,86
W00001205,208,178,30
W00001206,221,186,35
W00001207,274,236,38
W00001208,217,183,34
W00001209,204,189,15
W00001210,227,198,29
W00001211,124,111,13
W00001212,550,495,55
W00001213,375,333,42
W00001214,307,257,50
W00001215,421,389,32
W00001216,290,259,31
W00001217,244,224,20
W00001218,220,203,17
W00001219,190,174,16
W00001220,287,255,32
W00001221,251,206,45
W00001222,258,231,27
W00001223,305,254,51
W00001224,282,242,40
W00001225,237,212,25
W00001226,241,192,49
W00001227,244,218,26
W00001228,254,222,32
W00001229,268,232,36
W00001230,251,185,66
W00001231,312,251,61
W00001232,253,220,33
W00001233,203,173,30
W00001234,229,194,35
W00001235,263,220,43
W00001236,337,274,63
W00001237,267,236,31
W00001238,369,304,65
W00001239,336,281,55
W00001240,310,252,58
W00001241,232,208,24
W00001242,305,271,34
W00001243,265,224,41
W00001244,252,218,34
W00001245,248,201,47
W00001246,299,250,49
W00001247,206,186,20
W00001248,204,182,22
W00001249,361,299,62
W00001250,336,281,55
W00001251,232,201,31
W00001252,229,204,25
W00001253,484,398,86
W00001255,293,245,48
W00001256,262,224,38
W00001257,270,237,33
W00001258,296,266,30
W00001259,241,204,37
W00001260,328,273,55
W00001261,302,260,42
W00001262,333,296,37
W00001263,286,262,24
W00001264,289,241,48
W00001265,347,292,55
W00001266,379,334,45
W00001267,334,295,39
W00001268,302,250,52
W00001269,384,326,58
W00001270,277,248,29
W00001271,346,316,30
W00001272,286,265,21
W00001273,322,283,39
W00001274,369,324,45
W00001275,300,269,31
W00001276,354,321,33
W00001277,430,386,44
W00001278,133,116,17
W00001279,312,271,41
W00001280,330,300,30
W00001281,200,179,21
W00001282,200,189,11
W00001283,419,380,39
W00001284,319,286,33
W00001285,256,227,29
W00001286,366,335,31
W00001287,458,400,58
W00001288,357,321,36
W00001289,324,281,43
W00001290,301,263,38
W00001291,392,348,44
W00001292,167,152,15
W00001293,156,145,11
W00001294,258,129,129
W00001295,279,173,106
W00001296,270,202,68
W00001297,218,156,62
W00001298,241,173,68
W00001299,246,155,91
W00001300,236,186,50
W00001301,345,270,75
W00001302,274,189,85
W00001303,284,163,121
W00001304,277,154,123
W00001305,200,107,93
W00001306,289,152,137
W00001307,261,123,138
W00001308,274,144,130
W00001309,285,132,153
W00001311,339,232,107
W00001312,310,195,115
W00001313,208,179,29
W00001314,415,308,107
W00001315,299,212,87
W00001316,239,196,43
W00001317,332,243,89
W00001318,302,237,65
W00001319,271,220,51
W00001320,229,179,50
W00001321,212,181,31
W00001322,247,218,29
W00001323,287,240,47
W00001324,353,277,76
W00001325,350,253,97
W00001326,248,162,86
W00001327,276,191,85
W00001328,301,207,94
W00001329,352,266,86
W00001330,254,197,57
W00001331,373,296,77
W00001332,336,247,89
W00001333,340,229,111
W00001334,325,240,85
W00001335,224,152,72
W00001336,282,239,43
W00001337,307,261,46
W00001338,297,253,44
W00001339,262,223,39
W00001340,298,264,34
W00001341,234,196,38
W00001342,321,282,39
W00001343,267,234,33
W00001344,298,268,30
W00001345,285,262,23
W00001346,257,231,26
W00001347,332,303,29
W00001348,242,211,31
W00001349,430,380,50
W00001350,287,263,24
W00001351,285,263,22
W00001352,217,200,17
W00001353,255,244,11
W00001354,227,217,10
W00001355,290,270,20
W00001356,419,382,37
W00001357,298,269,29
W00001358,284,253,31
W00001359,184,153,31
W00001360,359,321,38
W00001361,244,213,31
W00001362,406,364,42
W00001363,270,233,37
W00001364,268,239,29
W00001365,256,225,31
W00001366,285,256,29
W00001367,260,243,17
W00001368,304,267,37
W00001369,265,242,23
W00001370,260,240,20
W00001371,284,250,34
W00001372,309,285,24
W00001373,459,403,56
W00001374,273,265,8
W00001375,358,336,22
W00001376,319,303,16
W00001377,320,300,20
W00001378,306,281,25
W00001379,281,259,22
W00001380,303,277,26
W00001381,280,265,15
W00001382,230,219,11
W00001384,257,236,21
W00001385,276,252,24
W00001386,253,244,9
W00001387,289,259,30
W00001388,354,298,56
W00001389,348,280,68
W00001390,299,246,53
W00001391,431,361,70
W00001392,264,228,36
W00001393,154,130,24
W00001394,208,194,14
W00001395,292,257,35
W00001396,284,267,17
W00001397,275,251,24
W00001398,206,196,10
W00001399,265,238,27
W00001400,258,219,39
W00001401,327,296,31
W00001402,300,274,26
W00001403,299,265,34
W00001404,200,177,23
W00001405,286,257,29
W00001406,307,267,40
W00001407,252,224,28
W00001408,332,313,19
W00001409,302,274,28
W00001410,297,255,42
W00001411,153,148,5
W00001412,191,165,26
W00001413,326,282,44
W00001414,301,279,22
W00001415,226,210,16
W00001416,285,263,22
W00001417,332,301,31
W00001418,300,273,27
W00001419,281,260,21
W00001420,246,223,23
W00001421,229,210,19
W00001422,261,235,26
W00001423,447,399,48
W00001424,251,232,19
W00001425,238,217,21
W00001426,327,298,29
W00001427,465,414,51
W00001428,394,351,43
W00001429,501,429,72
W00001430,226,202,24
W00001431,232,212,20
W00001432,323,293,30
W00001433,272,240,32
W00001434,213,197,16
W00001435,277,249,28
W00001436,379,333,46
W00001437,210,194,16
W00001438,438,369,69
W00001439,405,368,37
W00001440,512,468,44
W00001442,356,318,38
W00001443,581,502,79
W00001444,245,234,11
W00001445,242,214,28
W00001446,274,259,15
W00001447,210,190,20
W00001448,252,218,34
W00001449,221,187,34
W00001450,325,280,45
W00001451,164,133,31
W00001452,242,200,42
W00001453,256,201,55
W00001454,124,96,28
W00001455,183,148,35
W00001456,253,214,39
W00001457,334,273,61
W00001458,282,244,38
W00001459,339,259,80
W00001460,262,215,47
W00001461,287,237,50
W00001462,415,341,74
W00001463,389,311,78
W00001464,222,185,37
W00001465,233,200,33
W00001466,209,186,23
W00001467,290,261,29
W00001468,294,272,22
W00001469,235,222,13
W00001470,283,262,21
W00001471,215,198,17
W00001472,282,255,27
W00001473,338,309,29
W00001474,295,270,25
W00001475,216,211,5
W00001476,354,331,23
W00001477,221,197,24
W00001478,312,290,22
W00001479,297,275,22
W00001480,341,308,33
W00001481,286,260,26
W00001482,317,300,17
W00001483,278,247,31
W00001484,294,269,25
W00001485,304,277,27
W00001486,311,289,22
W00001487,274,246,28
W00001488,292,255,37
W00001489,466,416,50
W00001490,301,279,22
W00001491,150,144,6
W00001492,285,262,23
W00001493,285,265,20
W00001494,299,283,16
W00001495,287,263,24
W00001496,237,221,16
W00001497,329,301,28
W00001498,229,212,17
W00001500,285,257,28
W00001501,337,312,25
W00001502,274,258,16
W00001503,234,218,16
W00001504,253,243,10
W00001505,290,271,19
W00001506,308,283,25
W00001507,305,273,32
W00001508,419,370,49
W00001509,325,295,30
W00001510,508,472,36
W00001511,299,268,31
W00001512,259,234,25
W00001513,305,289,16
W00001514,299,277,22
W00001515,444,403,41
W00001516,319,301,18
W00001517,368,347,21
W00001518,248,227,21
W00001519,269,250,19
W00001520,333,307,26
W00001521,419,367,52
W00001522,301,265,36
W00001523,320,298,22
W00001524,356,320,36
W00001525,335,305,30
W00001526,412,375,37
W00001527,348,321,27
W00001528,301,281,20
W00001530,309,285,24
W00001531,406,355,51
W00001532,375,344,31
W00001533,335,289,46
W00001534,205,195,10
W00001535,470,362,108
W00001536,235,217,18
W00001537,170,148,22
W00001538,280,245,35
W00001539,199,159,40
W00001540,338,270,68
W00001541,125,109,16
W00001542,311,282,29
W00001543,173,152,21
W00001544,151,136,15
W00001545,303,277,26
W00001546,286,254,32
W00001547,317,276,41
W00001548,246,225,21
W00001549,323,297,26
W00001550,412,362,50
W00001551,232,206,26
W00001552,283,261,22
W00001553,299,267,32
W00001554,218,193,25
W00001555,345,302,43
W00001556,314,280,34
W00001557,254,228,26
W00001558,239,215,24
W00001559,322,292,30
W00001560,254,211,43
W00001561,211,199,12
W00001562,131,126,5
W00001563,289,251,38
W00001565,315,280,35
W00001566,329,283,46
W00001567,440,396,44
W00001568,340,302,38
W00001569,312,289,23
W00001570,312,281,31
W00001572,195,170,25
W00001573,536,466,70
W00001574,243,210,33
W00001575,123,106,17
W00001576,348,313,35
W00001577,452,401,51
W00001578,276,240,36
W00001579,304,266,38
W00001580,337,307,30
W00001581,323,284,39
W00001582,438,388,50
W00001583,420,382,38
W00001584,354,311,43
W00001585,183,160,23
W00001586,282,250,32
W00001587,292,252,40
W00001588,305,271,34
W00001589,315,272,43
W00001590,242,211,31
W00001591,287,265,22
W00001592,245,216,29
W00001593,187,166,21
W00001594,202,176,26
W00001595,299,251,48
W00001596,271,228,43
W00001597,236,196,40
W00001598,288,256,32
W00001599,250,210,40
W00001600,230,199,31
W00001601,321,280,41
W00001602,250,215,35
W00001603,203,171,32
W00001604,317,276,41
W00001605,509,432,77
W00001608,158,137,21
W00001609,308,234,74
W00001610,223,179,44
W00001611,246,203,43
W00001612,335,279,56
W00001613,352,276,76
W00001614,284,264,20
W00001615,270,200,70
W00001616,202,165,37
W00001617,493,428,65
W00001618,269,248,21
W00001619,295,269,26
W00001620,209,186,23
W00001621,220,202,18
W00001622,254,230,24
W00001623,156,144,12
W00001624,321,291,30
W00001625,384,346,38
W00001626,399,348,51
W00001627,258,237,21
W00001628,321,289,32
W00001629,397,347,50
W00001630,227,193,34
W00001631,310,265,45
W00001632,295,273,22
W00001633,291,257,34
W00001634,310,284,26
W00001635,178,158,20
W00001636,460,395,65
W00001637,267,220,47
W00001638,258,226,32
W00001639,253,228,25
W00001640,275,236,39
W00001641,344,289,55
W00001642,304,262,42
W00001643,428,366,62
W00001644,302,265,37
W00001645,327,278,49
W00001646,293,241,52
W00001647,337,282,55
W00001648,370,303,67
W00001649,301,256,45
W00001650,263,233,30
W00001651,304,271,33
W00001652,212,190,22
W00001653,205,190,15
W00001654,282,251,31
W00001655,418,380,38
W00001656,275,234,41
W00001657,288,258,30
W00001658,298,267,31
W00001659,259,225,34
W00001660,273,242,31
W00001661,324,273,51
W00001662,255,236,19
W00001663,282,250,32
W00001664,366,324,42
W00001665,201,168,33
W00001666,224,201,23
W00001667,371,312,59
W00001668,295,259,36
W00001669,351,283,68
W00001670,410,347,63
W00001671,258,231,27
W00001672,283,253,30
W00001674,304,282,22
W00001675,301,290,11
W00001676,255,237,18
W00001677,289,272,17
W00001678,240,226,14
W00001679,197,186,11
W00001680,365,336,29
W00001681,317,285,32
W00001683,240,193,47
W00001684,295,254,41
W00001685,266,222,44
W00001686,258,202,56
W00001687,277,219,58
W00001688,263,228,35
W00001689,303,251,52
W00001690,473,398,75
W00001691,284,233,51
W00001692,298,252,46
W00001693,241,213,28
W00001694,328,280,48
W00001695,284,238,46
W00001696,253,217,36
W00001697,198,167,31
W00001698,299,250,49
W00001699,280,217,63
W00001700,271,213,58
W00001701,318,237,81
W00001702,369,275,94
W00001703,286,232,54
W00001704,276,190,86
W00001706,342,220,122
W00001707,302,267,35
W00001708,251,229,22
W00001709,265,212,53
W00001710,270,223,47
W00001711,239,221,18
W00001712,184,156,28
W00001713,438,378,60
W00001714,292,252,40
W00001715,315,272,43
W00001716,277,247,30
W00001717,454,375,79
W00001718,247,209,38
W00001719,170,139,31
W00001720,227,198,29
W00001721,261,227,34
W00001722,193,164,29
W00001723,307,275,32
W00001724,323,289,34
W00001725,261,229,32
W00001726,166,131,35
W00001727,571,499,72
W00001728,320,287,33
W00001729,277,232,45
W00001730,233,208,25
W00001731,203,173,30
W00001732,283,239,44
W00001733,304,247,57
W00001734,270,237,33
W00001735,435,359,76
W00001736,297,258,39
W00001737,327,295,32
W00001738,199,158,41
W00001739,273,236,37
W00001740,210,186,24
W00001741,282,241,41
W00001742,410,362,48
W00001743,395,360,35
W00001745,380,333,47
W00001746,173,149,24
W00001747,183,164,19
W00001748,434,372,62
W00001749,332,297,35
W00001750,325,287,38
W00001751,302,268,34
W00001752,343,308,35
W00001753,297,266,31
W00001754,327,289,38
W00001756,297,256,41
W00001757,283,254,29
W00001758,518,462,56
W00001759,279,246,33
W00001760,472,436,36
W00001761,278,260,18
W00001763,263,245,18
W00001765,282,264,18
W00001766,250,240,10
W00001767,265,253,12
W00001768,290,277,13
W00001769,383,357,26
W00001770,325,301,24
W00001771,292,265,27
W00001772,335,318,17
W00001773,240,234,6
W00001774,265,249,16
W00001775,290,274,16
W00001776,256,248,8
W00001777,324,306,18
W00001779,301,283,18
W00001780,270,257,13
W00001781,314,292,22
W00001782,295,267,28
W00001783,433,393,40
W00001784,287,267,20
W00001785,261,244,17
W00001786,315,295,20
W00001787,281,268,13
W00001788,464,434,30
W00001789,255,243,12
W00001791,307,283,24
W00001792,278,249,29
W00001793,251,232,19
W00001794,318,291,27
W00001795,282,266,16
W00001796,292,275,17
W00001797,279,251,28
W00001798,285,269,16
W00001799,314,280,34
W00001800,353,324,29
W00001801,450,413,37
W00001802,339,315,24
W00001803,229,212,17
W00001804,285,265,20
W00001805,277,261,16
W00001806,344,303,41
W00001807,269,252,17
W00001808,288,272,16
W00001809,296,280,16
W00001810,371,335,36
W00001811,254,231,23
W00001812,272,251,21
W00001813,138,106,32
W00001815,213,178,35
W00001816,288,222,66
W00001817,277,213,64
W00001818,200,162,38
W00001819,276,208,68
W00001820,369,299,70
W00001821,280,220,60
W00001822,441,352,89
W00001823,270,218,52
W00001824,349,277,72
W00001825,212,178,34
W00001826,212,188,24
W00001827,292,215,77
W00001828,297,258,39
W00001829,260,203,57
W00001830,233,197,36
W00001831,337,289,48
W00001832,275,251,24
W00001833,212,193,19
W00001834,225,200,25
W00001835,276,261,15
W00001836,318,282,36
W00001837,372,319,53
W00001838,234,211,23
W00001839,280,256,24
W00001840,306,280,26
W00001841,246,226,20
W00001842,257,227,30
W00001843,254,239,15
W00001844,260,221,39
W00001845,216,190,26
W00001846,263,230,33
W00001847,245,224,21
W00001848,241,209,32
W00001849,253,227,26
W00001850,307,281,26
W00001851,193,182,11
W00001852,278,247,31
W00001853,314,289,25
W00001854,245,226,19
W00001855,244,222,22
W00001856,280,267,13
W00001857,284,265,19
W00001858,277,258,19
W00001859,279,265,14
W00001860,343,318,25
W00001861,478,444,34
W00001862,243,213,30
W00001863,263,244,19
W00001864,263,222,41
W00001866,403,347,56
W00001867,474,406,68
W00001868,232,218,14
W00001869,293,263,30
W00001870,340,294,46
W00001871,249,222,27
W00001872,252,232,20
W00001874,252,221,31
W00001875,313,277,36
W00001876,241,216,25
W00001881,211,199,12
W00001882,339,287,52
W00001883,250,195,55
W00001884,247,213,34
W00001885,260,242,18
W00001886,233,206,27
W00001887,209,180,29
W00001888,453,409,44
W00001889,264,231,33
W00001890,146,131,15
W00001891,186,170,16
W00001892,329,304,25
W00001893,360,317,43
W00001894,250,233,17
W00001895,401,364,37
W00001896,289,261,28
W00001897,271,244,27
W00001898,310,284,26
W00001899,226,202,24
W00001900,357,310,47
W00001901,273,235,38
W00001902,275,235,40
W00001903,302,269,33
W00001904,266,224,42
W00001905,313,287,26
W00001906,328,298,30
W00001907,305,272,33
W00001908,326,288,38
W00001909,478,437,41
W00001910,302,271,31
W00001911,273,235,38
W00001912,226,194,32
W00001913,292,255,37
W00001914,321,296,25
W00001915,293,146,147
W00001916,195,140,55
W00001917,297,256,41
W00001918,297,215,82
W00001919,316,221,95
W00001920,212,148,64
W00001921,216,134,82
W00001922,199,159,40
W00001923,309,286,23
W00001924,281,263,18
W00001925,299,285,14
W00001926,234,207,27
W00001927,222,203,19
W00001928,305,277,28
W00001929,391,346,45
W00001930,311,284,27
W00001931,316,276,40
W00001932,335,298,37
W00001933,315,287,28
W00001934,371,350,21
W00001935,399,358,41
W00001936,188,172,16
W00001937,315,262,53
W00001938,323,277,46
W00001939,303,233,70
W00001940,350,276,74
W00001941,272,210,62
W00001942,312,271,41
W00001943,214,182,32
W00001944,256,207,49
W00001945,334,274,60
W00001946,244,205,39
W00001947,246,203,43
W00001948,308,257,51
W00001949,322,264,58
W00001950,301,261,40
W00001951,198,167,31
W00001952,375,310,65
W00001953,369,326,43
W00001954,281,248,33
W00001955,383,342,41
W00001956,281,215,66
W00001957,297,240,57
W00001958,252,233,19
W00001959,116,101,15
W00001960,255,214,41
W00001961,212,175,37
W00001962,315,283,32
W00001963,361,321,40
W00001964,308,284,24
W00001965,288,264,24
W00001966,250,234,16
W00001967,306,285,21
W00001968,273,234,39
W00001969,261,230,31
W00001970,274,242,32
W00001971,280,251,29
W00001972,228,198,30
W00001973,289,255,34
W00001974,329,294,35
W00001975,257,238,19
W00001976,360,307,53
W00001977,256,226,30
W00001978,260,231,29
W00001979,241,213,28
W00001980,328,297,31
W00001981,260,227,33
W00001982,277,259,18
W00001983,221,217,4
W00001984,281,260,21
W00001985,413,371,42
W00001986,401,369,32
W00001987,224,199,25
W00001988,254,220,34
W00001989,422,373,49
W00001990,248,226,22
W00001991,333,295,38
W00001992,218,188,30
W00001993,282,258,24
W00001994,322,284,38
W00001995,262,233,29
W00001996,222,210,12
W00001997,306,278,28
W00001998,304,259,45
W00001999,336,307,29
W00002000,239,221,18
W00002001,449,396,53
W00002002,232,207,25
W00002003,292,251,41
W00002004,255,215,40
W00002005,229,208,21
W00002006,280,240,40
W00002007,273,217,56
W00002008,266,231,35
W00002009,231,202,29
W00002010,344,303,41
W00002011,529,474,55
W00002014,404,345,59
W00002016,295,270,25
W00002017,211,185,26
W00002018,287,261,26
W00002019,467,410,57
W00002020,384,311,73
W00002021,286,275,11
W00002022,547,455,92
W00002023,289,255,34
W00002024,280,235,45
W00002025,246,234,12
W00002026,297,253,44
W00002027,213,200,13
W00002028,268,222,46
W00002029,275,229,46
W00002030,328,271,57
W00002031,235,208,27
W00002032,365,339,26
W00002033,230,192,38
W00002034,335,282,53
W00002035,293,241,52
W00002036,155,139,16
W00002037,204,184,20
W00002038,186,162,24
W00002039,320,280,40
W00002040,333,287,46
W00002041,354,328,26
W00002043,272,256,16
W00002044,251,218,33
W00002045,225,200,25
W00002046,316,295,21
W00002047,441,419,22
W00002049,390,355,35
W00002050,277,235,42
W00002051,285,243,42
W00002052,303,270,33
W00002053,170,149,21
W00002054,252,190,62
W00002055,306,264,42
W00002056,327,299,28
W00002057,305,273,32
W00002058,304,270,34
W00002059,271,230,41
W00002060,283,245,38
W00002061,283,257,26
W00002062,264,237,27
W00002063,240,219,21
W00002064,270,240,30
W00002065,258,226,32
W00002066,310,284,26
W00002067,274,253,21
W00002068,281,251,30
W00002069,303,260,43
W00002070,309,269,40
W00002071,206,188,18
W00002072,296,252,44
W00002073,304,263,41
W00002074,285,260,25
W00002075,237,196,41
W00002076,424,362,62
W00002077,232,209,23
W00002078,318,269,49
W00002079,294,270,24
W00002080,262,234,28
W00002081,276,255,21
W00002082,289,273,16
W00002083,263,232,31
W00002084,295,268,27
W00002085,252,215,37
W00002086,123,107,16
W00002087,484,438,46
W00002088,154,143,11
W00002089,264,238,26
W00002090,246,231,15
W00002091,277,242,35
W00002092,207,186,21
W00002093,252,226,26
W00002094,254,223,31
W00002095,309,277,32
W00002096,257,216,41
W00002097,233,209,24
W00002098,310,260,50
W00002099,274,248,26
W00002100,359,336,23
W00002101,245,211,34
W00002102,267,240,27
W00002103,235,206,29
W00002104,238,210,28
W00002105,266,236,30
W00002106,291,259,32
W00002107,251,232,19
W00002108,348,323,25
W00002109,320,290,30
W00002110,279,247,32
W00002111,330,299,31
W00002112,262,238,24
W00002113,271,239,32
W00002114,301,275,26
W00002115,540,454,86
W00002116,136,113,23
W00002117,103,88,15
W00002118,282,222,60
W00002119,296,237,59
W00002120,357,310,47
W00002121,306,255,51
W00002122,231,187,44
W00002123,581,516,65
W00002124,226,195,31
W00002125,312,276,36
W00002126,315,287,28
W00002127,309,279,30
W00002128,203,175,28
W00002129,581,496,85
W00002130,473,414,59
W00002131,258,232,26
W00002132,278,242,36
W00002133,184,162,22
W00002134,235,203,32
W00002135,281,262,19
W00002136,336,302,34
W00002137,229,203,26
W00002138,362,286,76
W00002139,417,382,35
W00002140,291,257,34
W00002141,315,296,19
W00002142,329,300,29
W00002143,255,228,27
W00002144,324,295,29
W00002145,376,359,17
W00002146,156,147,9
W00002147,560,498,62
W00002148,212,191,21
W00002149,228,206,22
W00002150,271,247,24
W00002151,354,331,23
W00002152,176,160,16
W00002153,277,231,46
W00002154,323,253,70
W00002155,369,288,81
W00002156,359,305,54
W00002157,338,263,75
W00002158,265,198,67
W00002159,273,188,85
W00002160,284,251,33
W00002161,293,240,53
W00002162,303,233,70
W00002163,287,228,59
W00002164,280,228,52
W00002165,361,312,49
W00002166,287,234,53
W00002167,281,231,50
W00002168,346,292,54
W00002169,318,254,64
W00002170,249,205,44
W00002171,291,246,45
W00002172,266,236,30
W00002173,400,356,44
W00002174,402,348,54
W00002175,278,257,21
W00002176,283,260,23
W00002177,314,279,35
W00002178,287,264,23
W00002179,278,253,25
W00002180,344,311,33
W00002181,301,248,53
W00002182,461,369,92
W00002183,260,209,51
W00002184,272,220,52
W00002185,295,202,93
W00002186,351,266,85
W00002187,296,232,64
W00002188,235,205,30
W00002189,277,176,101
W00002190,302,220,82
W00002191,273,207,66
W00002192,210,158,52
W00002193,238,177,61
W00002194,229,185,44
W00002195,291,223,68
W00002196,262,224,38
W00002197,291,259,32
W00002198,354,319,35
W00002199,263,243,20
W00002200,217,207,10
W00002201,299,279,20
W00002202,294,278,16
W00002203,406,366,40
W00002204,280,249,31
W00002205,383,352,31
W00002206,257,232,25
W00002207,232,211,21
W00002208,217,198,19
W00002209,256,233,23
W00002210,248,219,29
W00002211,285,255,30
W00002212,258,230,28
W00002213,193,177,16
W00002214,206,183,23
W00002215,296,276,20
W00002216,306,279,27
W00002217,310,277,33
W00002218,253,231,22
W00002219,228,207,21
W00002220,317,272,45
W00002221,250,222,28
W00002222,300,271,29
W00002223,293,268,25
W00002224,297,274,23
W00002225,354,339,15
W00002226,317,269,48
W00002227,125,110,15
W00002228,395,322,73
W00002229,183,167,16
W00002231,251,227,24
W00002232,238,203,35
W00002233,292,271,21
W00002234,222,201,21
W00002235,256,229,27
W00002236,333,312,21
W00002237,288,258,30
W00002238,363,343,20
W00002239,172,158,14
W00002240,421,369,52
W00002241,395,360,35
W00002242,218,205,13
W00002243,307,283,24
W00002244,295,273,22
W00002245,214,185,29
W00002246,233,217,16
W00002247,256,219,37
W00002248,228,207,21
W00002249,290,260,30
W00002250,337,295,42
W00002251,239,220,19
W00002253,332,273,59
W00002254,281,250,31
W00002255,403,362,41
W00002256,362,318,44
W00002257,344,308,36
W00002258,283,264,19
W00002259,302,261,41
W00002260,311,260,51
W00002261,317,281,36
W00002262,285,263,22
W00002263,336,313,23
W00002264,267,246,21
W00002265,266,249,17
W00002266,249,231,18
W00002267,249,229,20
W00002268,349,255,94
W00002269,284,202,82
W00002270,159,112,47
W00002271,241,152,89
W00002272,352,212,140
W00002273,248,139,109
W00002274,387,209,178
W00002275,426,213,213
W00002276,335,306,29
W00002277,340,318,22
W00002278,271,247,24
W00002279,362,326,36
W00002280,283,247,36
W00002281,326,291,35
W00002282,353,296,57
W00002283,337,292,45
W00002284,359,300,59
W00002285,387,335,52
W00002286,290,218,72
W00002287,326,273,53
W00002288,296,226,70
W00002289,377,294,83
W00002290,238,161,77
W00002291,333,299,34
W00002292,354,315,39
W00002293,205,189,16
W00002294,399,346,53
W00002295,321,289,32
W00002296,228,209,19
W00002297,291,243,48
W00002298,271,226,45
W00002299,244,215,29
W00002300,362,307,55
W00002301,330,290,40
W00002302,356,299,57
W00002303,296,268,28
W00002305,338,310,28
W00002306,238,189,49
W00002307,216,186,30
W00002308,404,317,87
W00002309,323,242,81
W00002310,316,275,41
W00002311,361,228,133
W00002312,356,224,132
W00002313,385,367,18
W00002314,356,346,10
W00002315,351,322,29
W00002316,297,287,10
W00002317,315,303,12
W00002320,246,231,15
W00002321,297,268,29
W00002323,355,311,44
W00002324,286,260,26
W00002325,415,376,39
W00002327,303,221,82
W00002328,362,223,139
W00002329,372,235,137
W00002330,148,97,51
W00002331,176,102,74
W00002332,232,140,92
W00002333,156,97,59
W00002335,363,343,20
W00002336,329,314,15
W00002337,312,282,30
W00002338,199,171,28
W00002339,453,375,78
W00002340,462,408,54
W00002341,307,268,39
W00002342,330,306,24
W00002343,431,376,55
W00002344,300,270,30
W00002345,341,293,48
W00002346,421,365,56
W00002347,224,185,39
W00002348,384,351,33
W00002349,380,356,24
W00002350,355,330,25
W00002351,376,320,56
W00002352,291,95,196
W00002353,246,98,148
W00002354,284,130,154
W00002355,295,140,155
W00002356,297,137,160
W00002357,274,148,126
W00002358,313,163,150
W00002359,371,345,26
W00002360,367,348,19
W00002361,367,330,37
W00002362,333,297,36
W00002363,284,253,31
W00002364,515,474,41
W00002365,375,304,71
W00002366,222,192,30
W00002367,316,286,30
W00002368,330,298,32
W00002369,247,212,35
W00002370,215,184,31
W00002371,268,238,30
W00002372,227,196,31
W00002373,307,292,15
W00002374,358,332,26
W00002375,302,280,22
W00002376,227,223,4
W00002377,261,247,14
W00002378,189,179,10
W00002379,257,239,18
W00002380,217,206,11
W00002381,224,207,17
W00002382,455,429,26
W00002383,304,282,22
W00002384,387,354,33
W00002385,330,275,55
W00002386,391,353,38
W00002387,399,365,34
W00002388,166,149,17
W00002389,281,261,20
W00002390,294,283,11
W00002391,197,188,9
W00002392,240,226,14
W00002393,297,275,22
W00002394,226,214,12
W00002395,252,238,14
W00002396,210,201,9
W00002397,265,245,20
W00002398,375,334,41
W00002399,302,273,29
W00002400,192,178,14
W00002401,148,126,22
W00002402,308,270,38
W00002403,316,264,52
W00002404,419,369,50
W00002405,175,153,22
W00002406,391,359,32
W00002407,330,289,41
W00002408,440,407,33
W00002409,330,189,141
W00002410,280,161,119
W00002411,295,176,119
W00002412,262,223,39
W00002413,341,281,60
W00002414,266,229,37
W00002415,278,241,37
W00002416,205,164,41
W00002417,240,228,12
W00002418,226,200,26
W00002419,200,188,12
W00002420,332,279,53
W00002421,246,219,27
W00002422,361,341,20
W00002424,199,183,16
W00002425,300,268,32
W00002426,315,269,46
W00002427,295,250,45
W00002429,291,260,31
W00002430,156,136,20
W00002431,383,359,24
W00002432,246,231,15
W00002433,235,206,29
W00002436,391,377,14
W00002437,287,261,26
W00002438,421,369,52
W00002439,305,261,44
W00002440,363,327,36
W00002441,332,289,43
W00002442,318,292,26
W00002443,360,317,43
W00002444,482,431,51
W00002445,378,338,40
W00002446,276,237,39
W00002447,239,214,25
W00002448,308,278,30
W00002449,234,209,25
W00002450,277,241,36
W00002451,129,116,13
W00002452,373,234,139
W00002453,261,171,90
W00002454,293,211,82
W00002455,353,216,137
W00002456,386,264,122
W00002457,459,242,217
W00002458,330,239,91
W00002459,235,163,72
W00002461,461,298,163
W00002463,197,157,40
W00002465,362,323,39
W00002466,313,277,36
W00002467,256,234,22
W00002468,304,277,27
W00002469,417,341,76
W00002470,377,341,36
W00002471,278,257,21
W00002472,201,174,27
W00002473,341,332,9
W00002474,335,308,27
W00002475,357,314,43
W00002476,374,336,38
W00002477,290,260,30
W00002478,239,205,34
W00002479,209,176,33
W00002480,264,224,40
W00002481,261,209,52
W00002482,295,260,35
W00002483,260,222,38
W00002484,311,255,56
W00002485,173,144,29
W00002486,212,180,32
W00002487,224,198,26
W00002488,266,234,32
W00002489,294,204,90
W00002490,252,156,96
W00002491,204,127,77
W00002492,242,151,91
W00002493,484,240,244
W00002494,399,308,91
W00002495,430,258,172
W00002496,281,168,113
W00002497,306,242,64
W00002498,364,256,108
W00002499,220,177,43
W00002500,254,209,45
W00002501,305,255,50
W00002502,490,416,74
W00002503,305,239,66
W00002504,373,311,62
W00002505,257,218,39
W00002506,240,197,43
W00002507,307,275,32
W00002508,229,189,40
W00002509,239,194,45
W00002510,241,198,43
W00002511,211,188,23
W00002512,308,270,38
W00002513,286,254,32
W00002514,276,237,39
W00002515,287,260,27
W00002516,246,115,131
W00002517,297,153,144
W00002518,318,150,168
W00002519,252,137,115
W00002520,230,129,101
W00002521,213,131,82
W00002522,301,133,168
W00002523,235,153,82
W00002524,224,151,73
W00002525,272,218,54
W00002526,279,211,68
W00002527,290,247,43
W00002528,311,230,81
W00002529,212,164,48
W00002530,117,79,38
W00002531,328,241,87
W00002532,309,258,51
W00002533,336,254,82
W00002534,355,294,61
W00002536,306,276,30
W00002537,321,283,38
W00002540,246,227,19
W00002541,381,343,38
W00002542,267,244,23
W00002543,327,279,48
W00002544,265,246,19
W00002545,372,331,41
W00002546,258,238,20
W00002547,318,273,45
W00002548,339,284,55
W00002549,244,216,28
W00002550,335,304,31
W00002551,275,249,26
W00002552,233,206,27
W00002553,277,223,54
W00002554,254,228,26
W00002555,293,266,27
W00002556,306,287,19
W00002557,115,102,13
W00002558,148,128,20
W00002560,241,216,25
W00002562,250,217,33
W00002563,274,251,23
W00002564,377,320,57
W00002565,378,340,38
W00002566,265,224,41
W00002567,297,266,31
W00002568,272,238,34
W00002569,367,324,43
W00002570,188,164,24
W00002571,241,217,24
W00002573,228,201,27
W00002574,148,125,23
W00002575,180,154,26
W00002576,224,198,26
W00002577,323,289,34
W00002578,291,261,30
W00002579,318,267,51
W00002580,275,245,30
W00002581,295,265,30
W00002582,269,233,36
W00002583,428,394,34
W00002584,175,166,9
W00002585,251,231,20
W00002586,276,256,20
W00002587,222,208,14
W00002588,297,280,17
W00002589,256,239,17
W00002590,295,278,17
W00002591,228,218,10
W00002592,236,218,18
W00002593,357,328,29
W00002594,292,260,32
W00002595,218,202,16
W00002596,371,354,17
W00002597,335,329,6
W00002598,244,208,36
W00002599,402,342,60
W00002600,286,246,40
W00002601,310,278,32
W00002602,222,202,20
W00002603,302,255,47
W00002604,260,240,20
W00002605,422,353,69
W00002606,547,428,119
W00002607,313,248,65
W00002608,367,298,69
W00002609,476,371,105
W00002610,271,238,33
W00002611,242,221,21
W00002612,363,318,45
W00002613,206,193,13
W00002614,201,184,17
W00002615,457,384,73
W00002616,263,226,37
W00002619,294,257,37
W00002620,252,225,27
W00002621,186,168,18
W00002622,216,195,21
W00002623,275,261,14
W00002624,320,300,20
W00002625,319,285,34
W00002627,479,422,57
W00002628,303,282,21
W00002629,236,206,30
W00002630,282,238,44
W00002631,209,170,39
W00002632,245,214,31
W00002633,262,235,27
W00002634,224,206,18
W00002636,275,248,27
W00002637,270,230,40
W00002638,361,335,26
W00002641,439,391,48
W00002642,239,213,26
W00002643,375,316,59
W00002644,238,216,22
W00002645,304,266,38
W00002646,239,203,36
W00002648,210,182,28
W00002649,349,230,119
W00002650,303,266,37
W00002651,281,203,78
W00002652,245,192,53
W00002653,283,222,61
W00002654,211,159,52
W00002655,370,302,68
W00002656,476,431,45
W00002657,266,241,25
W00002658,276,255,21
W00002659,321,296,25
W00002660,282,251,31
W00002661,171,158,13
W00002662,237,208,29
W00002663,305,265,40
W00002664,229,211,18
W00002665,214,198,16
W00002666,302,268,34
W00002667,391,347,44
W00002668,281,253,28
W00002669,466,412,54
W00002670,333,281,52
W00002671,257,225,32
W00002672,259,238,21
W00002673,307,268,39
W00002674,257,236,21
W00002675,217,190,27
W00002676,273,251,22
W00002677,243,223,20
W00002678,297,250,47
W00002679,134,123,11
W00002680,254,221,33
W00002681,169,147,22
W00002682,354,309,45
W00002683,214,184,30
W00002684,238,162,76
W00002685,273,199,74
W00002686,265,171,94
W00002687,247,151,96
W00002688,302,186,116
W00002689,327,212,115
W00002690,131,98,33
W00002691,241,138,103
W00002692,242,205,37
W00002693,353,301,52
W00002694,439,381,58
W00002695,346,226,120
W00002696,233,149,84
W00002697,306,189,117
W00002698,262,172,90
W00002699,233,176,57
W00002700,278,242,36
W00002701,252,168,84
W00002702,259,185,74
W00002703,327,226,101
W00002704,225,89,136
W00002705,238,77,161
W00002706,231,90,141
W00002707,171,86,85
W00002708,188,88,100
W00002709,198,83,115
W00002710,159,92,67
W00002711,396,236,160
W00002712,159,84,75
W00002713,224,127,97
W00002714,265,152,113
W00002715,225,114,111
W00002716,340,192,148
W00002717,123,60,63
W00002718,231,97,134
W00002719,456,226,230
W00002720,208,94,114
W00002721,272,97,175
W00002722,263,108,155
W00002723,230,121,109
W00002724,198,93,105
W00002725,194,84,110
W00002726,227,117,110
W00002727,219,100,119
W00002728,284,143,141
W00002729,191,103,88
W00002730,229,143,86
W00002731,427,247,180
W00002732,263,141,122
W00002733,202,122,80
W00002734,242,154,88
W00002736,376,194,182
W00002737,269,159,110
W00002738,256,180,76
W00002739,271,207,64
W00002740,267,205,62
W00002741,241,179,62
W00002742,313,273,40
W00002743,292,220,72
W00002744,256,152,104
W00002745,192,157,35
W00002746,252,174,78
W00002747,217,115,102
W00002748,325,224,101
W00002751,222,174,48
W00002752,329,239,90
W00002753,346,237,109
W00002754,250,141,109
W00002755,319,238,81
W00002756,386,225,161
W00002757,206,137,69
W00002758,236,151,85
W00002759,265,191,74
W00002760,256,192,64
W00002761,278,208,70
W00002762,315,214,101
W00002763,277,220,57
W00002764,233,179,54
W00002765,229,162,67
W00002766,276,208,68
W00002767,210,140,70
W00002768,125,80,45
W00002769,144,101,43
W00002770,283,176,107
W00002771,370,289,81
W00002772,325,157,168
W00002773,260,119,141
W00002774,307,146,161
W00002775,247,153,94
W00002776,286,140,146
W00002777,298,141,157
W00002778,224,147,77
W00002779,170,123,47
W00002780,177,127,50
W00002781,280,175,105
W00002782,247,159,88
W00002783,129,84,45
W00002784,346,141,205
W00002785,345,157,188
W00002786,261,119,142
W00002787,238,145,93
W00002788,256,146,110
W00002789,223,121,102
W00002790,203,96,107
W00002791,344,118,226
W00002792,283,127,156
W00002793,353,155,198
W00002794,263,151,112
W00002795,309,158,151
W00002796,285,167,118
W00002797,333,150,183
W00002798,256,124,132
W00002799,248,117,131
W00002800,190,86,104
W00002801,305,127,178
W00002802,292,158,134
W00002803,252,136,116
W00002805,254,134,120
W00002806,331,169,162
W00002807,259,143,116
W00002808,365,199,166
W00002809,266,166,100
W00002811,253,113,140
W00002812,284,134,150
W00002813,197,103,94
W00002814,369,172,197
W00002815,280,142,138
W00002816,283,113,170
W00002818,180,109,71
W00002819,215,93,122
W00002820,476,212,264
W00002821,293,161,132
W00002822,249,148,101
W00002823,340,172,168
W00002824,165,98,67
W00002825,238,158,80
W00002826,164,105,59
W00002827,225,122,103
W00002828,312,193,119
W00002829,179,100,79
W00002831,720,577,143
W00002832,265,142,123
W00002833,221,101,120
W00002834,463,253,210
W00002835,148,70,78
W00002836,264,124,140
W00002837,360,171,189
W00002838,300,95,205
W00002839,219,144,75
W00002840,223,135,88
W00002841,272,137,135
W00002842,381,257,124
W00002843,296,154,142
W00002844,147,73,74
W00002845,282,87,195
W00002846,235,91,144
W00002847,211,91,120
W00002848,189,109,80
W00002849,232,105,127
W00002850,164,83,81
W00002851,393,174,219
W00002852,289,148,141
W00002853,272,131,141
W00002854,253,125,128
W00002855,279,117,162
W00002856,352,127,225
W00002857,278,99,179
W00002858,349,171,178
W00002859,181,75,106
W00002860,256,115,141
W00002861,278,190,88
W00002862,301,167,134
W00002863,306,161,145
W00002864,301,143,158
W00002865,242,113,129
W00002866,239,151,88
W00002867,248,134,114
W00002868,172,117,55
W00002869,223,126,97
W00002870,194,113,81
W00002871,207,110,97
W00002872,205,102,103
W00002873,177,84,93
W00002874,190,117,73
W00002875,275,127,148
W00002876,276,122,154
W00002877,300,148,152
W00002878,322,176,146
W00002879,334,143,191
W00002880,327,177,150
W00002881,303,163,140
W00002882,248,125,123
W00002883,232,119,113
W00002884,320,170,150
W00002885,321,160,161
W00002886,275,152,123
W00002887,242,115,127
W00002888,295,150,145
W00002889,250,140,110
W00002890,239,107,132
W00002891,227,102,125
W00002892,240,113,127
W00002893,245,114,131
W00002894,207,80,127
W00002895,337,152,185
W00002896,338,157,181
W00002897,267,167,100
W00002898,156,84,72
W00002899,304,148,156
W00002900,389,186,203
W00002901,358,176,182
W00002902,204,115,89
W00002903,253,153,100
W00002904,250,115,135
W00002905,324,138,186
W00002906,243,118,125
W00002907,269,117,152
W00002908,184,121,63
W00002909,232,118,114
W00002910,335,227,108
W00002911,125,78,47
W00002912,227,119,108
W00002913,183,93,90
W00002914,233,137,96
W00002915,260,148,112
W00002916,196,96,100
W00002917,262,153,109
W00002918,362,168,194
W00002919,345,206,139
W00002920,282,152,130
W00002921,324,188,136
W00002922,281,147,134
W00002923,257,120,137
W00002924,251,152,99
W00002925,337,176,161
W00002926,242,109,133
W00002927,238,84,154
W00002928,303,130,173
W00002929,136,87,49
W00002930,240,124,116
W00002931,174,81,93
W00002932,353,152,201
W00002933,349,125,224
W00002934,207,115,92
W00002935,269,145,124
W00002936,189,99,90
W00002937,190,111,79
W00002938,523,227,296
W00002939,422,215,207
W00002940,392,158,234
W00002941,242,85,157
W00002942,302,131,171
W00002943,270,135,135
W00002944,314,114,200
W00002945,253,142,111
W00002946,248,142,106
W00002947,307,139,168
W00002948,265,148,117
W00002949,275,106,169
W00002950,357,139,218
W00002951,329,133,196
W00002952,383,155,228
W00002953,257,119,138
W00002954,343,189,154
W00002955,288,103,185
W00002956,376,336,40
W00002957,207,191,16
W00002958,373,339,34
W00002959,253,221,32
W00002960,420,369,51
W00002961,193,171,22
W00002962,258,234,24
W00002963,343,310,33
W00002966,216,186,30
W00002967,316,268,48
W00002968,246,215,31
W00002969,423,347,76
W00002970,274,239,35
W00002972,362,307,55
W00002974,295,266,29
W00002975,492,424,68
W00002976,363,324,39
W00002977,338,311,27
W00002978,370,197,173
W00002979,293,163,130
W00002980,272,148,124
W00002981,299,155,144
W00002982,290,147,143
W00002983,277,155,122
W00002984,264,137,127
W00002985,302,156,146
W00002986,426,176,250
W00002987,371,202,169
W00002988,329,175,154
W00002989,389,163,226
W00002990,448,142,306
W00002991,310,91,219
W00002992,206,97,109
W00002993,431,250,181
W00002994,356,143,213
W00002995,395,193,202
W00002996,290,128,162
W00002997,281,161,120
W00002998,196,101,95
W00002999,269,166,103
W00003000,260,140,120
W00003001,276,140,136
W00003002,282,255,27
W00003003,296,264,32
W00003004,253,215,38
W00003005,248,222,26
W00003006,368,327,41
W00003007,367,316,51
W00003008,230,201,29
W00003009,323,276,47
W00003010,373,258,115
W00003011,323,230,93
W00003012,319,245,74
W00003013,279,195,84
W00003014,261,184,77
W00003015,244,178,66
W00003016,293,191,102
W00003017,384,274,110
W00003018,242,158,84
W00003019,288,193,95
W00003020,343,250,93
W00003021,291,210,81
W00003022,326,242,84
W00003023,393,259,134
W00003024,313,230,83
W00003025,251,203,48
W00003026,395,278,117
W00003027,274,244,30
W00003028,252,238,14
W00003029,235,196,39
W00003030,316,258,58
W00003031,349,305,44
W00003032,301,261,40
W00003033,267,248,19
W00003034,255,220,35
W00003035,223,198,25
W00003036,353,325,28
W00003037,252,212,40
W00003038,310,288,22
W00003039,219,191,28
W00003040,333,290,43
W00003041,263,227,36
W00003042,240,220,20
W00003043,241,220,21
W00003044,258,220,38
W00003045,361,326,35
W00003046,371,327,44
W00003047,369,337,32
W00003048,243,211,32
W00003049,278,250,28
W00003050,235,206,29
W00003051,243,199,44
W00003052,241,221,20
W00003053,267,228,39
W00003054,289,255,34
W00003055,309,275,34
W00003056,338,294,44
W00003057,340,293,47
W00003058,221,197,24
W00003059,287,245,42
W00003060,170,148,22
W00003062,255,223,32
W00003063,231,205,26
W00003064,248,213,35
W00003065,464,394,70
W00003066,300,282,18
W00003067,155,137,18
W00003068,396,351,45
W00003069,440,407,33
W00003070,393,354,39
W00003071,438,404,34
W00003072,443,401,42
W00003073,451,396,55
W00003074,246,222,24
W00003075,341,306,35
W00003076,242,218,24
W00003077,124,107,17
W00003078,434,361,73
W00003079,341,320,21
W00003080,333,279,54
W00003081,266,232,34
W00003082,241,218,23
W00003083,202,190,12
W00003084,420,372,48
W00003085,439,395,44
W00003086,329,273,56
W00003087,372,290,82
W00003088,446,393,53
W00003089,376,276,100
W00003090,406,373,33
W00003091,404,366,38
W00003092,327,293,34
W00003093,248,226,22
W00003094,295,261,34
W00003095,446,311,135
W00003096,410,267,143
W00003097,398,267,131
W00003098,422,281,141
W00003099,316,240,76
W00003100,318,211,107
W00003101,279,237,42
W00003102,310,275,35
W00003103,269,248,21
W00003104,316,280,36
W00003105,221,199,22
W00003106,438,397,41
W00003107,428,373,55
W00003108,308,166,142
W00003109,336,216,120
W00003110,212,138,74
W00003111,230,154,76
W00003112,294,192,102
W00003113,212,97,115
W00003114,252,116,136
W00003115,387,211,176
W00003116,346,156,190
W00003117,299,194,105
W00003118,193,128,65
W00003119,411,276,135
W00003120,361,208,153
W00003121,304,186,118
W00003122,263,148,115
W00003123,325,294,31
W00003124,282,249,33
W00003125,310,288,22
W00003126,323,279,44
W00003127,366,326,40
W00003128,415,378,37
W00003129,334,263,71
W00003130,292,231,61
W00003131,339,289,50
W00003132,232,205,27
W00003133,136,112,24
W00003134,309,268,41
W00003135,319,274,45
W00003136,278,242,36
W00003137,233,208,25
W00003138,373,330,43
W00003139,391,353,38
W00003140,237,211,26
W00003141,272,256,16
W00003142,241,220,21
W00003143,268,238,30
W00003144,221,205,16
W00003146,278,262,16
W00003147,253,229,24
W00003149,227,199,28
W00003150,376,333,43
W00003151,179,162,17
W00003152,145,138,7
W00003153,269,252,17
W00003154,203,188,15
W00003155,316,289,27
W00003156,292,274,18
W00003157,310,290,20
W00003158,269,249,20
W00003159,280,265,15
W00003160,300,283,17
W00003161,239,226,13
W00003162,259,246,13
W00003163,265,246,19
W00003164,347,334,13
W00003165,365,330,35
W00003166,284,257,27
W00003167,373,352,21
W00003168,206,188,18
W00003169,318,306,12
W00003170,313,290,23
W00003172,432,398,34
W00003173,218,208,10
W00003174,433,390,43
W00003175,495,447,48
W00003177,445,401,44
W00003178,299,273,26
W00003179,228,210,18
W00003180,293,275,18
W00003181,220,208,12
W00003182,297,273,24
W00003183,295,277,18
W00003184,331,304,27
W00003185,250,225,25
W00003186,189,165,24
W00003187,498,375,123
W00003188,247,188,59
W00003189,225,171,54
W00003190,260,208,52
W00003191,274,221,53
W00003192,482,378,104
W00003193,313,265,48
W00003194,233,180,53
W00003195,398,325,73
W00003196,299,245,54
W00003197,408,346,62
W00003198,338,294,44
W00003199,276,157,119
W00003200,214,151,63
W00003201,254,162,92
W00003202,296,142,154
W00003203,317,295,22
W00003204,305,270,35
W00003205,329,313,16
W00003206,247,230,17
W00003207,291,273,18
W00003208,311,294,17
W00003209,308,285,23
W00003210,317,292,25
W00003211,222,195,27
W00003212,269,242,27
W00003213,254,247,7
W00003214,282,266,16
W00003215,262,243,19
W00003216,339,309,30
W00003217,213,199,14
W00003218,271,257,14
W00003219,208,191,17
W00003220,285,258,27
W00003221,264,238,26
W00003222,319,285,34
W00003223,271,254,17
W00003224,301,280,21
W00003225,264,250,14
W00003226,285,258,27
W00003227,277,238,39
W00003228,299,279,20
W00003229,276,263,13
W00003230,346,320,26
W00003231,326,305,21
W00003232,291,274,17
W00003233,287,258,29
W00003234,293,272,21
W00003235,279,257,22
W00003236,246,234,12
W00003237,358,324,34
W00003238,234,216,18
W00003239,350,331,19
W00003240,508,468,40
W00003241,352,334,18
W00003242,514,484,30
W00003243,330,301,29
W00003244,280,257,23
W00003245,228,204,24
W00003246,298,272,26
W00003247,301,284,17
W00003248,301,288,13
W00003249,248,227,21
W00003250,355,346,9
W00003251,344,321,23
W00003252,352,332,20
W00003253,334,298,36
W00003255,365,330,35
W00003256,310,287,23
W00003257,341,321,20
W00003258,406,382,24
W00003259,275,249,26
W00003260,305,288,17
W00003261,283,262,21
W00003262,253,233,20
W00003263,278,235,43
W00003264,268,245,23
W00003265,282,267,15
W00003266,269,249,20
W00003267,291,254,37
W00003268,403,375,28
W00003269,298,271,27
W00003270,304,280,24
W00003271,258,224,34
W00003272,252,214,38
W00003273,234,196,38
W00003274,316,279,37
W00003275,589,520,69
W00003276,282,239,43
W00003277,183,156,27
W00003279,265,222,43
W00003280,448,380,68
W00003281,189,162,27
W00003282,350,279,71
W00003283,284,215,69
W00003284,284,212,72
W00003285,310,235,75
W00003286,210,168,42
W00003287,400,297,103
W00003288,242,181,61
W00003289,279,179,100
W00003290,246,129,117
W00003291,298,166,132
W00003292,287,180,107
W00003293,243,141,102
W00003294,242,131,111
W00003295,193,121,72
W00003296,224,128,96
W00003297,179,161,18
W00003298,410,359,51
W00003299,317,268,49
W00003300,231,205,26
W00003301,214,197,17
W00003302,327,299,28
W00003303,217,206,11
W00003304,173,153,20
W00003305,174,153,21
W00003306,212,188,24
W00003307,107,95,12
W00003308,171,158,13
W00003309,176,155,21
W00003310,190,171,19
W00003311,125,107,18
W00003312,261,228,33
W00003313,191,171,20
W00003314,409,274,135
W00003315,378,289,89
W00003316,314,207,107
W00003317,382,269,113
W00003318,380,279,101
W00003319,510,423,87
W00003320,219,162,57
W00003321,231,183,48
W00003322,150,127,23
W00003323,191,157,34
W00003324,211,188,23
W00003325,278,250,28
W00003326,277,254,23
W00003327,226,203,23
W00003328,232,212,20
W00003329,225,198,27
W00003330,250,213,37
W00003331,256,220,36
W00003332,120,112,8
W00003333,171,156,15
W00003334,156,138,18
W00003335,192,173,19
W00003336,369,320,49
W00003337,104,95,9
W00003338,205,172,33
W00003339,266,230,36
W00003340,166,155,11
W00003341,153,137,16
W00003342,153,136,17
W00003343,259,236,23
W00003344,264,237,27
W00003345,228,192,36
W00003346,322,281,41
W00003347,316,283,33
W00003348,382,276,106
W00003349,242,196,46
W00003350,223,196,27
W00003351,370,277,93
W00003352,369,301,68
W00003353,374,293,81
W00003354,403,188,215
W00003355,345,111,234
W00003356,262,131,131
W00003357,286,129,157
W00003358,229,111,118
W00003359,368,181,187
W00003360,387,172,215
W00003361,292,172,120
W00003362,219,118,101
W00003363,198,122,76
W00003364,284,161,123
W00003365,283,155,128
W00003366,317,151,166
W00003367,291,133,158
W00003368,233,149,84
W00003369,229,120,109
W00003370,312,152,160
W00003372,392,207,185
W00003373,205,129,76
W00003374,286,173,113
W00003375,255,117,138
W00003376,269,115,154
W00003377,293,226,67
W00003378,279,234,45
W00003379,294,252,42
W00003380,287,254,33
W00003381,150,125,25
W00003382,293,214,79
W00003383,237,165,72
W00003384,384,278,106
W00003385,299,228,71
W00003386,253,212,41
W00003387,333,275,58
W00003388,275,239,36
W00003389,335,292,43
W00003390,276,226,50
W00003391,286,222,64
W00003392,334,277,57
W00003393,313,253,60
W00003394,300,220,80
W00003395,301,209,92
W00003396,310,226,84
W00003397,281,215,66
W00003398,281,231,50
W00003399,264,188,76
W00003400,324,217,107
W00003401,250,172,78
W00003402,298,218,80
W00003403,260,197,63
W00003404,207,132,75
W00003405,326,234,92
W00003406,251,170,81
W00003407,247,189,58
W00003408,220,163,57
W00003409,266,169,97
W00003410,249,166,83
W00003411,204,142,62
W00003412,319,226,93
W00003413,277,194,83
W00003414,274,183,91
W00003415,332,244,88
W00003416,251,182,69
W00003418,280,223,57
W00003419,296,206,90
W00003422,268,196,72
W00003423,561,407,154
W00003424,207,109,98
W00003425,313,195,118
W00003426,287,197,90
W00003427,315,171,144
W00003428,211,146,65
W00003429,277,200,77
W00003430,261,185,76
W00003431,280,194,86
W00003432,320,246,74
W00003433,280,202,78
W00003434,244,189,55
W00003435,279,166,113
W00003436,273,178,95
W00003437,337,262,75
W00003438,291,183,108
W00003439,242,168,74
W00003440,327,152,175
W00003441,337,195,142
W00003442,239,155,84
W00003443,340,227,113
W00003444,310,209,101
W00003445,247,162,85
W00003446,279,183,96
W00003447,194,141,53
W00003448,210,163,47
W00003449,208,159,49
W00003450,273,189,84
W00003451,291,218,73
W00003452,291,179,112
W00003453,248,145,103
W00003454,286,150,136
W00003455,299,170,129
W00003456,283,209,74
W00003457,502,363,139
W00003458,508,293,215
W00003459,393,231,162
W00003460,297,175,122
W00003463,298,161,137
W00003464,251,187,64
W00003465,320,208,112
W00003466,235,183,52
W00003467,299,229,70
W00003468,323,211,112
W00003469,284,211,73
W00003470,282,190,92
W00003471,187,112,75
W00003472,232,126,106
W00003473,265,158,107
W00003474,316,155,161
W00003475,291,126,165
W00003476,497,260,237
W00003477,241,141,100
W00003478,192,119,73
W00003479,218,115,103
W00003480,291,182,109
W00003481,196,123,73
W00003482,258,130,128
W00003483,291,142,149
W00003484,241,119,122
W00003485,354,170,184
W00003486,324,179,145
W00003487,307,172,135
W00003488,348,195,153
W00003489,366,179,187
W00003490,356,166,190
W00003491,310,146,164
W00003492,294,173,121
W00003493,308,164,144
W00003494,281,154,127
W00003495,419,238,181
W00003496,217,130,87
W00003497,295,234,61
W00003498,218,164,54
W00003499,380,250,130
W00003500,277,227,50
W00003501,338,287,51
W00003502,279,200,79
W00003503,367,240,127
W00003504,292,216,76
W00003505,273,237,36
W00003506,201,164,37
W00003507,274,208,66
W00003508,256,193,63
W00003509,246,173,73
W00003510,282,201,81
W00003511,317,212,105
W00003512,286,222,64
W00003513,253,176,77
W00003514,291,232,59
W00003515,263,201,62
W00003516,271,212,59
W00003517,337,214,123
W00003518,243,148,95
W00003519,154,120,34
W00003520,304,212,92
W00003521,254,203,51
W00003522,268,219,49
W00003523,249,184,65
W00003524,288,204,84
W00003525,331,237,94
W00003526,331,143,188
W00003527,268,129,139
W00003528,398,216,182
W00003529,329,159,170
W00003530,295,136,159
W00003533,303,153,150
W00003534,311,170,141
W00003535,283,151,132
W00003536,311,173,138
W00003537,326,153,173
W00003538,308,131,177
W00003539,347,185,162
W00003540,228,137,91
W00003542,338,295,43
W00003543,298,256,42
W00003544,249,202,47
W00003545,220,177,43
W00003546,278,237,41
W00003547,301,239,62
W00003548,223,171,52
W00003549,266,235,31
W00003550,286,236,50
W00003552,317,280,37
W00003553,283,240,43
W00003554,262,224,38
W00003555,232,191,41
W00003556,256,192,64
W00003557,221,174,47
W00003558,148,130,18
W00003559,289,148,141
W00003560,309,148,161
W00003561,308,119,189
W00003562,221,116,105
W00003563,337,195,142
W00003564,327,111,216
W00003565,316,130,186
W00003566,242,93,149
W00003567,498,197,301
W00003568,421,158,263
W00003569,437,197,240
W00003571,322,93,229
W00003572,187,89,98
W00003573,588,243,345
W00003574,409,147,262
W00003575,353,155,198
W00003576,322,157,165
W00003577,411,200,211
W00003578,270,161,109
W00003579,295,157,138
W00003580,263,166,97
W00003581,468,305,163
W00003582,307,214,93
W00003583,204,132,72
W00003584,268,177,91
W00003585,264,158,106
W00003586,316,163,153
W00003587,375,237,138
W00003588,333,223,110
W00003589,247,170,77
W00003590,340,230,110
W00003591,251,158,93
W00003592,276,192,84
W00003594,371,235,136
W00003595,243,168,75
W00003596,279,225,54
W00003597,245,162,83
W00003598,255,156,99
W00003599,344,221,123
W00003600,226,164,62
W00003601,274,179,95
W00003602,437,284,153
W00003603,246,147,99
W00003604,228,124,104
W00003605,261,156,105
W00003606,285,204,81
W00003607,309,185,124
W00003608,593,385,208
W00003609,243,152,91
W00003610,271,170,101
W00003611,447,273,174
W00003612,302,173,129
W00003613,417,324,93
W00003614,175,140,35
W00003615,192,139,53
W00003616,146,111,35
W00003617,183,154,29
W00003618,387,309,78
W00003619,293,204,89
W00003620,229,197,32
W00003621,248,219,29
W00003622,112,90,22
W00003623,162,147,15
W00003624,387,178,209
W00003625,386,197,189
W00003626,359,199,160
W00003627,329,193,136
W00003628,305,164,141
W00003629,278,145,133
W00003630,418,212,206
W00003631,365,152,213
W00003632,391,157,234
W00003633,274,131,143
W00003634,279,91,188
W00003635,294,153,141
W00003636,217,105,112
W00003637,281,140,141
W00003638,377,217,160
W00003639,274,153,121
W00003640,337,147,190
W00003641,251,154,97
W00003642,213,140,73
W00003643,210,96,114
W00003644,287,183,104
W00003645,219,125,94
W00003646,233,131,102
W00003647,295,159,136
W00003648,221,136,85
W00003649,223,145,78
W00003650,350,203,147
W00003651,183,134,49
W00003652,227,123,104
W00003653,224,145,79
W00003654,229,155,74
W00003655,276,169,107
W00003656,321,230,91
W00003657,346,160,186
W00003658,404,211,193
W00003659,242,139,103
W00003660,308,159,149
W00003661,284,122,162
W00003662,247,118,129
W00003664,222,104,118
W00003665,377,191,186
W00003666,279,124,155
W00003667,307,120,187
W00003668,289,139,150
W00003669,277,129,148
W00003670,339,150,189
W00003671,520,195,325
W00003672,239,103,136
W00003673,138,94,44
W00003674,196,102,94
W00003675,215,142,73
W00003676,232,183,49
W00003677,263,128,135
W00003678,258,144,114
W00003679,329,161,168
W00003680,276,145,131
W00003681,336,196,140
W00003682,295,160,135
W00003683,266,167,99
W00003684,215,100,115
W00003685,422,221,201
W00003686,306,134,172
W00003687,306,138,168
W00003688,241,91,150
W00003689,228,97,131
W00003690,298,149,149
W00003691,248,127,121
W00003692,354,154,200
W00003693,286,142,144
W00003694,222,140,82
W00003695,391,200,191
W00003696,265,142,123
W00003697,344,124,220
W00003698,324,181,143
W00003699,360,220,140
W00003700,330,159,171
W00003701,331,171,160
W00003702,375,185,190
W00003703,271,128,143
W00003704,286,172,114
W00003705,309,168,141
W00003706,336,194,142
W00003707,254,152,102
W00003708,380,240,140
W00003709,319,118,201
W00003710,166,69,97
W00003711,513,380,133
W00003712,355,215,140
W00003713,274,176,98
W00003714,201,141,60
W00003715,386,234,152
W00003716,415,245,170
W00003717,310,206,104
W00003718,301,179,122
W00003719,356,269,87
W00003720,232,141,91
W00003721,389,215,174
W00003722,387,237,150
W00003723,372,213,159
W00003724,285,175,110
W00003725,252,157,95
W00003726,541,263,278
W00003727,187,91,96
W00003728,268,140,128
W00003729,542,282,260
W00003730,230,126,104
W00003731,355,182,173
W00003732,289,163,126
W00003733,151,84,67
W00003734,299,136,163
W00003735,306,147,159
W00003736,266,117,149
W00003737,311,149,162
W00003738,294,169,125
W00003739,266,101,165
W00003741,454,255,199
W00003742,316,128,188
W00003743,377,175,202
W00003744,331,116,215
W00003745,370,188,182
W00003746,326,192,134
W00003747,439,234,205
W00003748,287,92,195
W00003749,456,189,267
W00003750,306,144,162
W00003751,314,141,173
W00003752,357,159,198
W00003753,277,112,165
W00003754,273,142,131
W00003755,301,109,192
W00003756,231,107,124
W00003757,281,96,185
W00003758,390,131,259
W00003759,279,92,187
W00003760,283,192,91
W00003761,268,165,103
W00003762,290,148,142
W00003763,225,135,90
W00003764,258,148,110
W00003765,215,117,98
W00003766,184,105,79
W00003767,215,151,64
W00003768,466,230,236
W00003769,230,115,115
W00003770,355,214,141
W00003771,230,126,104
W00003772,222,95,127
W00003773,403,178,225
W00003774,307,120,187
W00003775,269,145,124
W00003776,230,88,142
W00003777,271,166,105
W00003778,304,230,74
W00003779,297,260,37
W00003780,259,209,50
W00003781,298,224,74
W00003782,315,248,67
W00003783,267,160,107
W00003784,269,171,98
W00003785,245,185,60
W00003786,266,200,66
W00003787,268,188,80
W00003788,268,193,75
W00003789,306,246,60
W00003790,271,194,77
W00003791,321,233,88
W00003792,253,194,59
W00003793,408,309,99
W00003794,284,215,69
W00003795,228,177,51
W00003796,404,332,72
W00003797,330,250,80
W00003798,292,221,71
W00003799,259,200,59
W00003800,320,247,73
W00003801,274,198,76
W00003802,279,223,56
W00003803,272,204,68
W00003804,248,189,59
W00003805,220,173,47
W00003806,292,226,66
W00003807,270,216,54
W00003808,289,249,40
W00003809,250,198,52
W00003811,311,156,155
W00003812,333,167,166
W00003813,299,107,192
W00003814,361,190,171
W00003815,451,306,145
W00003817,352,205,147
W00003818,315,226,89
W00003819,349,271,78
W00003820,271,194,77
W00003821,326,229,97
W00003823,255,201,54
W00003824,202,134,68
W00003825,320,258,62
W00003826,266,203,63
W00003827,248,179,69
W00003828,266,216,50
W00003829,235,160,75
W00003830,401,178,223
W00003831,338,138,200
W00003832,350,169,181
W00003833,244,102,142
W00003834,346,147,199
W00003835,348,161,187
W00003836,478,226,252
W00003837,468,179,289
W00003838,273,122,151
W00003839,393,193,200
W00003840,292,152,140
W00003841,230,116,114
W00003842,298,186,112
W00003843,252,125,127
W00003844,330,169,161
W00003845,266,150,116
W00003846,295,140,155
W00003847,350,144,206
W00003848,500,185,315
W00003849,317,102,215
W00003850,267,105,162
W00003851,274,113,161
W00003852,255,115,140
W00003853,217,97,120
W00003854,274,106,168
W00003855,323,125,198
W00003856,259,127,132
W00003857,306,104,202
W00003858,325,144,181
W00003859,316,140,176
W00003860,288,95,193
W00003861,270,122,148
W00003862,257,95,162
W00003863,240,99,141
W00003864,239,97,142
W00003865,266,100,166
W00003866,308,140,168
W00003867,302,139,163
W00003868,284,154,130
W00003869,524,279,245
W00003870,316,181,135
W00003871,311,189,122
W00003872,456,230,226
W00003873,377,197,180
W00003874,245,137,108
W00003875,343,156,187
W00003876,379,208,171
W00003877,353,158,195
W00003878,248,103,145
W00003879,289,160,129
W00003880,200,120,80
W00003881,334,215,119
W00003882,233,157,76
W00003883,286,187,99
W00003884,522,270,252
W00003885,350,180,170
W00003886,422,205,217
W00003887,302,155,147
W00003888,396,196,200
W00003889,350,166,184
W00003890,365,204,161
W00003891,385,232,153
W00003892,416,223,193
W00003893,248,150,98
W00003894,396,200,196
W00003895,352,236,116
W00003896,308,210,98
W00003897,162,90,72
W00003898,367,265,102
W00003899,314,231,83
W00003900,224,168,56
W00003901,213,161,52
W00003902,224,153,71
W00003903,265,192,73
W00003904,288,167,121
W00003905,435,259,176
W00003906,303,173,130
W00003907,269,138,131
W00003908,372,188,184
W00003909,354,186,168
W00003910,301,165,136
W00003911,332,196,136
W00003912,305,171,134
W00003913,304,128,176
W00003914,252,139,113
W00003915,296,208,88
W00003916,307,158,149
W00003917,333,175,158
W00003918,476,275,201
W00003919,324,182,142
W00003920,371,213,158
W00003921,278,189,89
W00003922,342,180,162
W00003923,276,154,122
W00003924,268,157,111
W00003925,307,239,68
W00003926,253,209,44
W00003927,290,242,48
W00003928,235,191,44
W00003930,235,187,48
W00003931,263,220,43
W00003932,225,183,42
W00003933,333,273,60
W00003934,239,207,32
W00003935,277,217,60
W00003937,241,200,41
W00003938,295,234,61
W00003939,259,210,49
W00003940,465,336,129
W00003941,161,116,45
W00003943,287,195,92
W00003944,252,163,89
W00003945,258,157,101
W00003946,321,163,158
W00003947,242,199,43
W00003948,268,239,29
W00003949,208,187,21
W00003950,220,212,8
W00003951,273,243,30
W00003952,230,210,20
W00003953,310,292,18
W00003954,300,274,26
W00003955,253,218,35
W00003956,317,266,51
W00003957,122,108,14
W00003958,428,384,44
W00003960,371,352,19
W00003961,293,276,17
W00003962,244,227,17
W00003963,446,409,37
W00003964,266,241,25
W00003965,287,255,32
W00003966,279,244,35
W00003967,229,213,16
W00003968,277,253,24
W00003969,249,237,12
W00003970,306,281,25
W00003971,276,255,21
W00003972,312,294,18
W00003973,282,245,37
W00003975,330,297,33
W00003976,243,237,6
W00003977,311,290,21
W00003978,244,236,8
W00003979,125,114,11
W00003980,127,122,5
W00003981,148,142,6
W00003982,408,382,26
W00003983,415,377,38
W00003984,375,343,32
W00003986,292,270,22
W00003987,233,217,16
W00003988,408,381,27
W00003989,415,387,28
W00003990,243,232,11
W00003991,250,230,20
W00003992,166,159,7
W00003993,206,192,14
W00003995,225,214,11
W00003996,225,217,8
W00003997,536,507,29
W00003998,288,270,18
W00003999,231,218,13
W00004001,241,224,17
W00004002,228,215,13
W00004003,241,223,18
W00004004,498,471,27
W00004005,200,183,17
W00004006,196,190,6
W00004007,297,284,13
W00004008,195,181,14
W00004010,206,193,13
W00004011,132,131,1
W00004012,172,158,14
W00004013,231,208,23
W00004014,254,251,3
W00004015,224,216,8
W00004016,235,223,12
W00004017,221,201,20
W00004018,381,356,25
W00004019,264,240,24
W00004020,280,255,25
W00004021,270,240,30
W00004022,240,213,27
W00004023,186,170,16
W00004025,246,221,25
W00004026,188,167,21
W00004027,366,340,26
W00004028,404,384,20
W00004030,351,285,66
W00004031,336,239,97
W00004032,337,257,80
W00004033,436,325,111
W00004034,304,237,67
W00004035,304,241,63
W00004036,275,238,37
W00004037,272,211,61
W00004038,230,201,29
W00004039,187,159,28
W00004040,307,273,34
W00004041,266,218,48
W00004042,270,232,38
W00004043,335,271,64
W00004044,330,279,51
W00004045,286,263,23
W00004046,253,213,40
W00004047,279,225,54
W00004048,190,161,29
W00004049,299,240,59
W00004050,288,238,50
W00004051,224,182,42
W00004052,247,167,80
W00004053,239,194,45
W00004054,257,201,56
W00004055,269,245,24
W00004056,237,207,30
W00004057,300,285,15
W00004058,333,313,20
W00004059,278,253,25
W00004060,275,239,36
W00004061,255,237,18
W00004062,316,292,24
W00004063,248,226,22
W00004064,285,247,38
W00004065,326,284,42
W00004066,181,172,9
W00004067,307,292,15
W00004068,139,134,5
W00004069,175,159,16
W00004070,251,235,16
W00004072,276,243,33
W00004073,534,448,86
W00004074,232,210,22
W00004075,534,473,61
W00004076,263,237,26
W00004077,242,223,19
W00004078,416,358,58
W00004079,331,289,42
W00004080,252,231,21
W00004081,277,240,37
W00004082,353,327,26
W00004083,255,236,19
W00004084,287,256,31
W00004085,371,319,52
W00004086,282,248,34
W00004087,221,198,23
W00004088,318,293,25
W00004089,258,241,17
W00004090,334,313,21
W00004091,243,224,19
W00004092,234,220,14
W00004093,328,309,19
W00004094,187,178,9
W00004095,231,213,18
W00004096,320,297,23
W00004097,332,298,34
W00004098,289,270,19
W00004099,272,261,11
W00004100,308,297,11
W00004101,329,308,21
W00004102,215,202,13
W00004103,297,270,27
W00004104,290,273,17
W00004105,343,319,24
W00004106,213,190,23
W00004107,263,253,10
W00004108,321,298,23
W00004109,299,285,14
W00004110,287,263,24
W00004111,289,277,12
W00004112,277,253,24
W00004113,268,248,20
W00004114,243,229,14
W00004115,252,235,17
W00004116,269,252,17
W00004117,302,277,25
W00004118,241,221,20
W00004119,218,199,19
W00004120,302,277,25
W00004121,233,217,16
W00004122,287,274,13
W00004123,193,180,13
W00004124,194,183,11
W00004125,241,222,19
W00004126,255,233,22
W00004127,284,269,15
W00004128,230,210,20
W00004129,315,296,19
W00004130,272,246,26
W00004131,315,286,29
W00004132,240,218,22
W00004133,279,260,19
W00004134,276,251,25
W00004135,322,298,24
W00004136,282,267,15
W00004137,304,287,17
W00004138,258,246,12
W00004139,283,254,29
W00004140,358,317,41
W00004141,266,232,34
W00004142,315,277,38
W00004143,350,311,39
W00004144,161,152,9
W00004145,381,345,36
W00004146,298,276,22
W00004147,353,318,35
W00004148,242,224,18
W00004149,269,226,43
W00004150,231,197,34
W00004151,293,267,26
W00004152,303,243,60
W00004153,394,345,49
W00004154,393,323,70
W00004155,187,167,20
W00004157,477,417,60
W00004158,292,255,37
W00004159,344,303,41
W00004160,147,132,15
W00004161,317,287,30
W00004162,332,289,43
W00004163,446,408,38
W00004164,245,215,30
W00004165,298,265,33
W00004166,351,329,22
W00004167,212,188,24
W00004168,383,365,18
W00004169,408,363,45
W00004170,214,193,21
W00004171,294,270,24
W00004172,356,322,34
W00004173,176,157,19
W00004174,305,269,36
W00004175,264,223,41
W00004176,378,320,58
W00004177,320,277,43
W00004178,288,244,44
W00004179,305,269,36
W00004180,296,259,37
W00004181,268,232,36
W00004182,314,287,27
W00004183,197,176,21
W00004184,246,225,21
W00004186,259,230,29
W00004188,257,229,28
W00004189,257,236,21
W00004190,265,231,34
W00004191,289,261,28
W00004192,300,264,36
W00004196,217,192,25
W00004197,252,239,13
W00004198,237,214,23
W00004199,281,258,23
W00004200,279,262,17
W00004201,252,230,22
W00004202,343,318,25
W00004203,241,217,24
W00004204,277,256,21
W00004205,277,227,50
W00004206,213,190,23
W00004207,295,255,40
W00004208,135,118,17
W00004210,301,252,49
W00004211,261,218,43
W00004212,299,253,46
W00004213,198,165,33
W00004215,229,193,36
W00004216,254,212,42
W00004217,220,180,40
W00004218,247,216,31
W00004220,301,274,27
W00004221,269,255,14
W00004222,297,287,10
W00004223,299,268,31
W00004224,246,236,10
W00004225,280,270,10
W00004226,356,319,37
W00004227,292,275,17
W00004228,221,211,10
W00004229,324,314,10
W00004230,233,226,7
W00004232,284,264,20
W00004233,285,248,37
W00004234,265,233,32
W00004235,260,239,21
W00004236,272,248,24
W00004237,281,259,22
W00004238,250,241,9
W00004239,273,263,10
W00004240,275,266,9
W00004241,263,229,34
W00004242,344,301,43
W00004243,383,343,40
W00004244,225,194,31
W00004245,190,168,22
W00004246,432,353,79
W00004247,162,155,7
W00004248,312,260,52
W00004249,281,220,61
W00004250,347,300,47
W00004251,229,190,39
W00004252,532,424,108
W00004253,256,191,65
W00004254,290,233,57
W00004255,482,391,91
W00004256,570,453,117
W00004257,344,282,62
W00004258,378,341,37
W00004259,353,322,31
W00004260,303,254,49
W00004261,269,233,36
W00004262,304,272,32
W00004263,292,262,30
W00004264,356,325,31
W00004265,364,344,20
W00004266,482,421,61
W00004267,375,353,22
W00004268,273,248,25
W00004269,296,277,19
W00004270,254,214,40
W00004271,276,232,44
W00004272,285,239,46
W00004274,325,275,50
W00004275,324,292,32
W00004276,365,327,38
W00004277,447,392,55
W00004278,250,228,22
W00004279,253,226,27
W00004280,262,234,28
W00004281,322,302,20
W00004282,203,183,20
W00004283,218,197,21
W00004284,362,327,35
W00004285,255,233,22
W00004286,450,414,36
W00004288,280,238,42
W00004289,337,283,54
W00004290,333,291,42
W00004291,310,257,53
W00004292,251,213,38
W00004293,242,205,37
W00004294,367,310,57
W00004295,276,251,25
W00004296,263,239,24
W00004297,355,283,72
W00004298,250,213,37
W00004299,185,164,21
W00004300,588,493,95
W00004301,308,234,74
W00004302,293,219,74
W00004303,298,173,125
W00004304,180,145,35
W00004305,370,249,121
W00004306,329,207,122
W00004307,391,360,31
W00004308,279,242,37
W00004309,262,222,40
W00004310,261,224,37
W00004311,231,203,28
W00004312,260,213,47
W00004313,282,250,32
W00004314,263,231,32
W00004315,295,266,29
W00004316,264,228,36
W00004317,372,350,22
W00004318,252,234,18
W00004320,330,261,69
W00004321,250,237,13
W00004322,248,229,19
W00004323,218,194,24
W00004324,318,280,38
W00004325,248,229,19
W00004326,326,307,19
W00004327,309,276,33
W00004328,312,282,30
W00004329,298,270,28
W00004330,249,228,21
W00004331,251,216,35
W00004332,300,281,19
W00004333,226,209,17
W00004334,226,206,20
W00004335,243,220,23
W00004336,259,243,16
W00004337,255,228,27
W00004338,252,234,18
W00004339,306,284,22
W00004340,326,298,28
W00004341,344,261,83
W00004342,249,220,29
W00004343,268,245,23
W00004344,324,259,65
W00004345,264,234,30
W00004346,264,232,32
W00004347,250,220,30
W00004348,254,222,32
W00004349,243,211,32
W00004350,256,215,41
W00004351,291,261,30
W00004352,289,252,37
W00004353,267,231,36
W00004354,254,227,27
W00004355,305,279,26
W00004356,284,246,38
W00004357,284,269,15
W00004358,262,239,23
W00004359,243,211,32
W00004360,245,227,18
W00004361,164,151,13
W00004362,265,233,32
W00004363,348,268,80
W00004364,253,222,31
W00004365,288,256,32
W00004366,307,264,43
W00004367,319,276,43
W00004368,337,315,22
W00004369,279,258,21
W00004370,309,286,23
W00004371,275,257,18
W00004372,385,345,40
W00004373,266,259,7
W00004374,253,222,31
W00004375,211,189,22
W00004376,178,154,24
W00004377,254,235,19
W00004378,235,229,6
W00004379,395,359,36
W00004380,263,228,35
W00004381,340,314,26
W00004382,391,357,34
W00004383,258,236,22
W00004384,289,250,39
W00004385,250,229,21
W00004386,323,279,44
W00004387,272,251,21
W00004388,314,281,33
W00004389,253,219,34
W00004390,291,263,28
W00004391,256,236,20
W00004392,276,238,38
W00004393,297,245,52
W00004394,284,256,28
W00004395,281,258,23
W00004396,273,251,22
W00004397,302,275,27
W00004398,248,231,17
W00004399,267,253,14
W00004400,238,220,18
W00004401,275,267,8
W00004402,301,266,35
W00004403,302,263,39
W00004404,215,178,37
W00004405,439,388,51
W00004406,367,339,28
W00004407,253,218,35
W00004408,444,408,36
W00004409,284,250,34
W00004410,202,180,22
W00004411,387,336,51
W00004412,217,189,28
W00004413,268,223,45
W00004414,266,229,37
W00004415,223,191,32
W00004416,215,178,37
W00004417,185,169,16
W00004418,205,173,32
W00004419,208,196,12
W00004420,235,205,30
W00004421,261,220,41
W00004422,267,230,37
W00004423,261,217,44
W00004424,231,207,24
W00004425,275,250,25
W00004426,143,134,9
W00004427,249,229,20
W00004428,213,193,20
W00004429,281,241,40
W00004430,303,254,49
W00004431,404,351,53
W00004432,359,322,37
W00004433,259,223,36
W00004434,249,226,23
W00004435,258,221,37
W00004436,272,235,37
W00004437,234,202,32
W00004438,350,310,40
W00004439,235,213,22
W00004440,274,260,14
W00004441,326,308,18
W00004442,356,323,33
W00004443,239,217,22
W00004444,290,276,14
W00004445,290,243,47
W00004446,384,356,28
W00004448,222,209,13
W00004449,452,418,34
W00004450,275,263,12
W00004451,310,284,26
W00004452,259,237,22
W00004453,358,341,17
W00004454,260,232,28
W00004455,309,284,25
W00004456,293,270,23
W00004457,273,256,17
W00004458,280,267,13
W00004459,234,229,5
W00004460,238,216,22
W00004461,284,276,8
W00004462,249,227,22
W00004463,327,300,27
W00004464,279,259,20
W00004465,204,174,30
W00004466,238,227,11
W00004467,240,218,22
W00004468,233,219,14
W00004469,316,275,41
W00004470,241,233,8
W00004471,317,289,28
W00004472,319,304,15
W00004473,273,259,14
W00004474,311,266,45
W00004475,284,275,9
W00004476,222,212,10
W00004477,398,366,32
W00004478,334,313,21
W00004479,312,278,34
W00004482,284,259,25
W00004483,308,291,17
W00004484,343,293,50
W00004485,322,276,46
W00004486,378,313,65
W00004487,263,235,28
W00004488,278,243,35
W00004489,294,268,26
W00004490,270,249,21
W00004491,197,179,18
W00004492,233,202,31
W00004493,326,288,38
W00004494,402,352,50
W00004495,352,321,31
W00004496,447,388,59
W00004497,324,261,63
W00004498,420,355,65
W00004499,232,201,31
W00004500,324,291,33
W00004501,258,228,30
W00004502,317,268,49
W00004503,253,221,32
W00004504,327,275,52
W00004505,265,236,29
W00004506,281,255,26
W00004507,457,396,61
W00004508,302,271,31
W00004509,297,257,40
W00004510,372,326,46
W00004511,403,342,61
W00004512,344,295,49
W00004514,303,240,63
W00004515,277,222,55
W00004516,280,239,41
W00004517,333,258,75
W00004518,298,254,44
W00004520,318,253,65
W00004521,362,291,71
W00004522,332,222,110
W00004523,323,265,58
W00004524,302,217,85
W00004525,288,216,72
W00004526,223,166,57
W00004527,400,256,144
W00004528,261,166,95
W00004529,311,213,98
W00004530,283,190,93
W00004531,217,205,12
W00004532,285,262,23
W00004533,275,245,30
W00004534,296,271,25
W00004535,297,282,15
W00004536,281,264,17
W00004537,329,301,28
W00004538,293,276,17
W00004539,272,255,17
W00004540,352,333,19
W00004541,292,266,26
W00004542,282,271,11
W00004544,341,322,19
W00004545,287,264,23
W00004546,271,250,21
W00004547,265,244,21
W00004549,238,222,16
W00004550,276,256,20
W00004552,412,376,36
W00004553,368,318,50
W00004554,376,348,28
W00004555,270,242,28
W00004556,431,369,62
W00004557,291,257,34
W00004558,303,264,39
W00004559,290,261,29
W00004560,324,273,51
W00004561,180,167,13
W00004562,213,196,17
W00004563,353,309,44
W00004564,208,197,11
W00004565,317,280,37
W00004566,306,276,30
W00004567,169,161,8
W00004568,283,242,41
W00004569,264,228,36
W00004570,250,236,14
W00004571,336,274,62
W00004572,317,292,25
W00004573,190,183,7
W00004574,355,312,43
W00004575,237,211,26
W00004576,306,274,32
W00004577,218,200,18
W00004578,268,261,7
W00004579,239,220,19
W00004580,266,237,29
W00004581,262,228,34
W00004582,314,269,45
W00004583,275,228,47
W00004584,314,284,30
W00004586,308,251,57
W00004587,351,292,59
W00004588,260,220,40
W00004589,233,204,29
W00004590,465,403,62
W00004591,250,214,36
W00004592,224,191,33
W00004593,255,233,22
W00004594,255,229,26
W00004595,270,238,32
W00004596,348,307,41
W00004597,277,248,29
W00004598,341,298,43
W00004599,288,248,40
W00004600,314,296,18
W00004601,270,250,20
W00004602,307,289,18
W00004603,293,277,16
W00004604,263,241,22
W00004605,238,226,12
W00004606,273,256,17
W00004607,321,305,16
W00004608,198,195,3
W00004609,154,149,5
W00004610,349,334,15
W00004611,296,275,21
W00004612,219,206,13
W00004613,229,217,12
W00004614,277,265,12
W00004615,314,296,18
W00004616,278,262,16
W00004617,254,245,9
W00004618,245,222,23
W00004619,261,235,26
W00004620,341,326,15
W00004621,251,237,14
W00004622,286,271,15
W00004623,379,355,24
W00004624,268,253,15
W00004625,295,274,21
W00004626,256,245,11
W00004627,356,338,18
W00004628,277,267,10
W00004629,304,291,13
W00004630,212,187,25
W00004631,293,238,55
W00004632,224,188,36
W00004633,332,290,42
W00004634,425,385,40
W00004635,233,197,36
W00004636,243,209,34
W00004637,383,360,23
W00004638,286,261,25
W00004639,244,201,43
W00004640,237,214,23
W00004641,288,264,24
W00004642,348,317,31
W00004643,351,307,44
W00004644,310,260,50
W00004645,331,297,34
W00004646,429,386,43
W00004647,242,209,33
W00004648,387,345,42
W00004649,348,316,32
W00004650,418,372,46
W00004651,305,266,39
W00004652,335,276,59
W00004653,350,309,41
W00004654,368,331,37
W00004655,402,370,32
W00004656,461,419,42
W00004657,355,314,41
W00004658,402,353,49
W00004659,323,282,41
W00004660,222,193,29
W00004661,340,294,46
W00004662,388,336,52
W00004663,375,338,37
W00004664,423,385,38
W00004665,250,224,26
W00004666,246,212,34
W00004667,262,215,47
W00004668,319,293,26
W00004669,307,262,45
W00004670,313,259,54
W00004671,220,198,22
W00004672,273,230,43
W00004673,322,263,59
W00004674,373,307,66
W00004675,316,282,34
W00004676,280,225,55
W00004677,253,208,45
W00004678,325,265,60
W00004679,380,327,53
W00004680,279,235,44
W00004681,337,272,65
W00004682,282,263,19
W00004683,248,223,25
W00004684,294,255,39
W00004685,239,215,24
W00004686,274,247,27
W00004687,201,186,15
W00004688,243,222,21
W00004689,333,293,40
W00004690,221,198,23
W00004691,270,231,39
W00004692,282,236,46
W00004693,389,332,57
W00004694,245,201,44
W00004695,223,185,38
W00004696,228,212,16
W00004697,205,183,22
W00004698,261,235,26
W00004699,259,237,22
W00004700,207,186,21
W00004701,221,191,30
W00004702,240,221,19
W00004703,201,186,15
W00004704,232,213,19
W00004705,349,318,31
W00004706,384,359,25
W00004707,326,306,20
W00004709,291,283,8
W00004710,326,300,26
W00004711,321,293,28
W00004712,309,294,15
W00004713,292,273,19
W00004714,329,317,12
W00004715,251,230,21
W00004716,214,201,13
W00004717,336,314,22
W00004718,339,327,12
W00004719,308,289,19
W00004720,238,222,16
W00004721,273,258,15
W00004722,195,186,9
W00004723,210,194,16
W00004724,293,258,35
W00004725,299,264,35
W00004726,190,162,28
W00004728,322,269,53
W00004729,239,225,14
W00004730,377,333,44
W00004731,292,210,82
W00004732,365,255,110
W00004733,296,231,65
W00004735,333,278,55
W00004736,345,271,74
W00004737,285,245,40
W00004738,320,290,30
W00004739,304,272,32
W00004740,265,251,14
W00004741,427,390,37
W00004742,265,237,28
W00004743,266,242,24
W00004744,415,381,34
W00004745,296,276,20
W00004746,283,243,40
W00004747,256,235,21
W00004748,219,199,20
W00004749,252,231,21
W00004750,297,277,20
W00004751,226,210,16
W00004752,313,296,17
W00004753,340,308,32
W00004754,329,294,35
W00004755,241,222,19
W00004756,402,376,26
W00004757,310,273,37
W00004758,263,243,20
W00004759,287,266,21
W00004760,250,215,35
W00004761,280,248,32
W00004762,322,294,28
W00004763,201,189,12
W00004764,276,240,36
W00004765,270,232,38
W00004766,271,238,33
W00004767,147,145,2
W00004768,235,209,26
W00004769,235,219,16
W00004770,380,347,33
W00004771,253,229,24
W00004772,269,242,27
W00004773,269,248,21
W00004774,260,238,22
W00004775,275,247,28
W00004776,250,232,18
W00004777,279,255,24
W00004778,221,201,20
W00004779,272,266,6
W00004780,266,237,29
W00004781,332,288,44
W00004782,315,281,34
W00004783,306,279,27
W00004784,270,245,25
W00004785,301,276,25
W00004786,273,245,28
W00004787,243,223,20
W00004788,273,253,20
W00004789,332,292,40
W00004790,280,252,28
W00004791,271,241,30
W00004792,554,474,80
W00004793,323,285,38
W00004794,275,239,36
W00004795,227,214,13
W00004796,261,204,57
W00004797,270,223,47
W00004798,280,215,65
W00004799,276,236,40
W00004800,221,197,24
W00004801,271,235,36
W00004802,302,267,35
W00004803,262,237,25
W00004804,297,267,30
W00004805,220,205,15
W00004806,227,204,23
W00004807,274,235,39
W00004808,289,244,45
W00004809,396,349,47
W00004810,299,265,34
W00004811,295,242,53
W00004812,270,238,32
W00004813,144,123,21
W00004814,264,229,35
W00004815,255,225,30
W00004816,232,198,34
W00004817,247,226,21
W00004818,247,201,46
W00004819,265,242,23
W00004820,220,194,26
W00004821,287,266,21
W00004822,294,244,50
W00004823,297,265,32
W00004824,412,361,51
W00004825,226,199,27
W00004826,233,210,23
W00004827,277,245,32
W00004828,248,228,20
W00004829,261,239,22
W00004830,282,260,22
W00004831,307,283,24
W00004832,273,249,24
W00004833,532,465,67
W00004834,269,240,29
W00004836,232,187,45
W00004837,235,205,30
W00004838,334,291,43
W00004839,273,240,33
W00004840,251,235,16
W00004841,230,211,19
W00004842,270,243,27
W00004843,271,237,34
W00004844,290,262,28
W00004845,249,233,16
W00004846,212,191,21
W00004847,273,246,27
W00004848,339,323,16
W00004849,241,226,15
W00004850,238,223,15
W00004851,377,326,51
W00004852,305,265,40
W00004853,288,261,27
W00004854,258,230,28
W00004855,248,227,21
W00004856,294,268,26
W00004857,343,311,32
W00004858,299,273,26
W00004859,316,288,28
W00004860,255,237,18
W00004861,247,227,20
W00004862,323,302,21
W00004863,317,293,24
W00004864,310,286,24
W00004865,355,343,12
W00004866,298,270,28
W00004867,279,240,39
W00004868,330,303,27
W00004869,237,215,22
W00004870,305,278,27
W00004871,296,259,37
W00004872,251,230,21
W00004873,268,238,30
W00004874,274,248,26
W00004875,283,252,31
W00004877,261,232,29
W00004879,557,491,66
W00004882,290,264,26
W00004883,354,281,73
W00004884,263,194,69
W00004885,289,236,53
W00004886,326,269,57
W00004887,273,231,42
W00004888,376,316,60
W00004889,293,115,178
W00004890,250,118,132
W00004891,308,180,128
W00004892,271,107,164
W00004893,159,149,10
W00004894,265,249,16
W00004895,229,219,10
W00004896,317,293,24
W00004897,317,304,13
W00004898,341,310,31
W00004899,269,246,23
W00004900,182,173,9
W00004901,249,239,10
W00004902,230,222,8
W00004903,307,273,34
W00004904,103,91,12
W00004905,269,253,16
W00004906,224,203,21
W00004907,235,218,17
W00004908,217,198,19
W00004909,297,260,37
W00004910,252,233,19
W00004911,238,216,22
W00004912,271,226,45
W00004913,326,287,39
W00004914,208,193,15
W00004915,198,196,2
W00004916,233,219,14
W00004917,279,268,11
W00004918,223,207,16
W00004919,234,176,58
W00004920,228,178,50
W00004921,266,194,72
W00004922,255,201,54
W00004923,275,225,50
W00004924,273,255,18
W00004925,300,235,65
W00004926,298,233,65
W00004927,327,275,52
W00004928,279,236,43
W00004929,240,188,52
W00004930,310,260,50
W00004931,351,247,104
W00004932,363,246,117
W00004934,314,236,78
W00004935,296,237,59
W00004936,291,144,147
W00004937,217,107,110
W00004938,262,144,118
W00004939,283,173,110
W00004940,118,74,44
W00004941,341,151,190
W00004942,171,88,83
W00004943,210,104,106
W00004944,312,147,165
W00004945,258,137,121
W00004946,302,183,119
W00004947,260,249,11
W00004948,144,136,8
W00004949,141,128,13
W00004950,320,299,21
W00004951,248,238,10
W00004952,299,109,190
W00004953,408,230,178
W00004954,252,116,136
W00004955,352,186,166
W00004956,230,215,15
W00004958,374,349,25
W00004960,321,287,34
W00004961,248,220,28
W00004962,258,242,16
W00004963,266,254,12
W00004964,209,198,11
W00004965,300,276,24
W00004966,246,226,20
W00004968,296,277,19
W00004969,250,240,10
W00004970,217,193,24
W00004971,246,235,11
W00004972,260,232,28
W00004973,287,268,19
W00004974,226,210,16
W00004975,257,233,24
W00004976,194,180,14
W00004977,235,209,26
W00004978,188,171,17
W00004979,298,278,20
W00004980,273,252,21
W00004981,252,235,17
W00004982,245,236,9
W00004983,238,211,27
W00004984,252,229,23
W00004985,175,158,17
W00004986,272,240,32
W00004987,329,305,24
W00004988,208,190,18
W00004989,215,201,14
W00004990,215,198,17
W00004991,276,255,21
W00004992,153,142,11
W00004993,232,208,24
W00004994,203,185,18
W00004995,198,174,24
W00004996,198,183,15
W00004997,275,262,13
W00004998,310,263,47
W00004999,332,278,54
W00005000,291,268,23
W00005001,275,251,24
W00005002,312,286,26
W00005003,277,258,19
W00005004,256,231,25
W00005005,301,256,45
W00005006,301,264,37
W00005007,241,217,24
W00005008,279,238,41
W00005009,307,285,22
W00005010,255,229,26
W00005011,284,247,37
W00005012,277,251,26
W00005013,287,267,20
W00005014,262,235,27
W00005015,441,412,29
W00005016,309,288,21
W00005017,244,197,47
W00005018,205,164,41
W00005019,388,348,40
W00005020,308,264,44
W00005021,270,231,39
W00005022,330,296,34
W00005023,250,212,38
W00005024,281,255,26
W00005025,304,214,90
W00005026,344,256,88
W00005027,407,324,83
W00005028,449,325,124
W00005029,430,322,108
W00005030,391,272,119
W00005031,207,156,51
W00005032,327,237,90
W00005033,206,150,56
W00005034,233,172,61
W00005035,337,251,86
W00005036,348,265,83
W00005037,302,206,96
W00005038,306,218,88
W00005039,286,244,42
W00005040,256,202,54
W00005041,502,351,151
W00005042,306,284,22
W00005044,270,238,32
W00005045,309,273,36
W00005046,278,259,19
W00005047,271,251,20
W00005048,278,256,22
W00005049,355,328,27
W00005050,332,301,31
W00005051,243,218,25
W00005052,282,267,15
W00005053,428,372,56
W00005054,280,257,23
W00005055,313,293,20
W00005056,257,236,21
W00005057,291,270,21
W00005058,256,228,28
W00005059,334,308,26
W00005060,222,207,15
W00005061,248,227,21
W00005062,283,254,29
W00005063,249,228,21
W00005064,278,235,43
W00005065,259,225,34
W00005066,243,217,26
W00005067,275,257,18
W00005068,280,242,38
W00005069,309,278,31
W00005070,223,193,30
W00005071,266,223,43
W00005072,468,350,118
W00005073,161,128,33
W00005074,235,184,51
W00005075,350,271,79
W00005076,475,367,108
W00005077,235,198,37
W00005078,321,249,72
W00005080,239,230,9
W00005081,288,269,19
W00005082,265,237,28
W00005083,267,241,26
W00005084,317,306,11
W00005085,216,199,17
W00005086,187,180,7
W00005087,211,200,11
W00005088,390,356,34
W00005089,330,310,20
W00005090,249,239,10
W00005091,285,271,14
W00005092,163,154,9
W00005093,302,285,17
W00005094,186,177,9
W00005095,249,241,8
W00005096,241,227,14
W00005097,292,268,24
W00005098,343,323,20
W00005099,276,261,15
W00005100,344,322,22
W00005101,289,271,18
W00005102,259,240,19
W00005103,405,375,30
W00005104,277,262,15
W00005105,236,213,23
W00005106,277,254,23
W00005107,308,273,35
W00005108,287,260,27
W00005109,285,266,19
W00005110,237,215,22
W00005111,282,264,18
W00005112,287,260,27
W00005113,271,253,18
W00005114,292,282,10
W00005115,295,276,19
W00005116,372,327,45
W00005117,334,317,17
W00005118,314,284,30
W00005119,302,279,23
W00005120,272,254,18
W00005121,257,230,27
W00005122,240,223,17
W00005123,247,236,11
W00005124,249,235,14
W00005125,306,218,88
W00005126,253,196,57
W00005127,318,281,37
W00005128,344,289,55
W00005129,214,173,41
W00005130,234,191,43
W00005131,302,208,94
W00005132,301,286,15
W00005133,363,342,21
W00005134,283,262,21
W00005135,409,365,44
W00005136,235,219,16
W00005137,269,245,24
W00005138,417,379,38
W00005139,237,217,20
W00005140,264,253,11
W00005141,247,223,24
W00005142,231,220,11
W00005143,194,189,5
W00005144,247,234,13
W00005145,490,446,44
W00005146,253,231,22
W00005147,236,214,22
W00005148,546,476,70
W00005149,300,268,32
W00005150,259,225,34
W00005151,389,338,51
W00005152,250,232,18
W00005153,285,265,20
W00005154,265,235,30
W00005155,283,262,21
W00005156,223,152,71
W00005157,332,228,104
W00005158,272,200,72
W00005159,276,197,79
W00005160,257,165,92
W00005161,235,129,106
W00005162,275,162,113
W00005163,277,181,96
W00005164,252,153,99
W00005165,228,137,91
W00005166,225,163,62
W00005167,253,158,95
W00005168,182,138,44
W00005169,275,177,98
W00005171,309,213,96
W00005172,217,196,21
W00005173,242,211,31
W00005174,309,274,35
W00005176,299,273,26
W00005177,299,279,20
W00005178,275,258,17
W00005179,271,264,7
W00005180,419,384,35
W00005181,402,373,29
W00005182,321,302,19
W00005183,392,370,22
W00005184,357,319,38
W00005185,306,280,26
W00005186,261,244,17
W00005187,508,477,31
W00005188,381,336,45
W00005189,120,113,7
W00005190,232,216,16
W00005191,277,264,13
W00005192,355,331,24
W00005193,313,285,28
W00005194,315,283,32
W00005195,267,228,39
W00005196,310,291,19
W00005197,240,222,18
W00005198,281,257,24
W00005199,311,285,26
W00005202,442,381,61
W00005203,317,297,20
W00005204,325,293,32
W00005205,260,239,21
W00005206,242,224,18
W00005207,259,235,24
W00005211,271,261,10
W00005212,345,321,24
W00005213,355,330,25
W00005214,231,214,17
W00005215,293,279,14
W00005216,216,206,10
W00005217,307,274,33
W00005218,277,252,25
W00005219,296,269,27
W00005220,299,272,27
W00005221,261,241,20
W00005222,279,251,28
W00005223,272,241,31
W00005224,283,264,19
W00005225,312,271,41
W00005226,288,266,22
W00005227,271,240,31
W00005228,219,191,28
W00005229,243,227,16
W00005230,289,264,25
W00005231,208,194,14
W00005232,460,405,55
W00005233,254,219,35
W00005234,160,134,26
W00005235,535,463,72
W00005236,358,336,22
W00005237,382,356,26
W00005239,245,231,14
W00005240,243,232,11
W00005241,257,238,19
W00005243,255,238,17
W00005246,495,451,44
W00005247,283,265,18
W00005248,279,272,7
W00005249,224,219,5
W00005250,466,414,52
W00005251,497,457,40
W00005252,228,198,30
W00005253,257,228,29
W00005254,297,260,37
W00005255,254,218,36
W00005256,222,207,15
W00005257,259,225,34
W00005258,233,211,22
W00005259,322,292,30
W00005260,317,294,23
W00005261,259,231,28
W00005262,289,249,40
W00005263,285,266,19
W00005264,212,201,11
W00005265,389,353,36
W00005266,253,229,24
W00005267,257,245,12
W00005268,288,262,26
W00005269,251,240,11
W00005270,297,278,19
W00005271,275,255,20
W00005272,275,260,15
W00005273,251,234,17
W00005274,275,257,18
W00005275,255,235,20
W00005276,232,211,21
W00005277,330,309,21
W00005278,415,381,34
W00005279,227,213,14
W00005280,151,135,16
W00005281,291,272,19
W00005282,248,224,24
W00005283,304,288,16
W00005284,278,250,28
W00005285,247,225,22
W00005287,236,232,4
W00005288,317,293,24
W00005289,231,215,16
W00005294,275,253,22
W00005295,354,321,33
W00005296,390,356,34
W00005297,282,249,33
W00005298,261,230,31
W00005299,290,264,26
W00005300,158,150,8
W00005301,252,223,29
W00005302,258,241,17
W00005303,371,329,42
W00005304,303,266,37
W00005305,284,261,23
W00005306,254,228,26
W00005307,435,382,53
W00005309,273,259,14
W00005310,334,311,23
W00005311,327,307,20
W00005312,359,326,33
W00005313,517,475,42
W00005314,481,451,30
W00005315,290,270,20
W00005316,258,227,31
W00005317,282,257,25
W00005318,211,187,24
W00005319,274,253,21
W00005320,327,295,32
W00005321,254,233,21
W00005322,194,170,24
W00005324,296,272,24
W00005325,214,187,27
W00005326,198,183,15
W00005327,531,465,66
W00005329,205,185,20
W00005330,324,283,41
W00005331,319,297,22
W00005332,225,204,21
W00005333,289,259,30
W00005334,255,238,17
W00005335,274,245,29
W00005336,229,212,17
W00005337,288,267,21
W00005338,272,236,36
W00005339,549,475,74
W00005340,251,228,23
W00005341,246,226,20
W00005342,269,250,19
W00005343,305,283,22
W00005344,287,253,34
W00005346,302,276,26
W00005347,375,341,34
W00005348,221,191,30
W00005349,313,280,33
W00005350,332,315,17
W00005351,331,312,19
W00005352,236,211,25
W00005353,250,234,16
W00005354,200,189,11
W00005355,334,312,22
W00005356,195,188,7
W00005357,227,218,9
W00005358,266,241,25
W00005359,283,261,22
W00005360,266,240,26
W00005361,191,165,26
W00005362,301,268,33
W00005363,320,270,50
W00005364,257,238,19
W00005365,434,356,78
W00005366,246,200,46
W00005367,341,289,52
W00005368,266,222,44
W00005369,275,239,36
W00005370,278,255,23
W00005371,279,244,35
W00005372,229,213,16
W00005373,268,236,32
W00005374,230,207,23
W00005375,257,228,29
W00005376,290,265,25
W00005377,262,236,26
W00005378,258,238,20
W00005379,284,238,46
W00005380,255,233,22
W00005381,311,260,51
W00005382,283,264,19
W00005383,312,283,29
W00005384,243,225,18
W00005385,281,258,23
W00005386,285,243,42
W00005387,275,236,39
W00005388,285,235,50
W00005389,268,228,40
W00005390,201,181,20
W00005391,266,243,23
W00005392,310,270,40
W00005393,284,258,26
W00005394,283,256,27
W00005395,254,213,41
W00005396,247,199,48
W00005397,236,219,17
W00005398,285,247,38
W00005399,302,262,40
W00005400,300,259,41
W00005401,296,267,29
W00005402,334,311,23
W00005403,232,213,19
W00005404,326,284,42
W00005405,263,232,31
W00005406,249,236,13
W00005407,279,260,19
W00005408,226,211,15
W00005409,247,233,14
W00005410,269,244,25
W00005411,436,401,35
W00005412,218,205,13
W00005413,209,199,10
W00005414,284,262,22
W00005415,391,366,25
W00005416,341,308,33
W00005417,248,224,24
W00005418,294,266,28
W00005419,251,233,18
W00005420,321,303,18
W00005421,281,254,27
W00005422,201,192,9
W00005423,289,273,16
W00005424,302,286,16
W00005425,275,251,24
W00005426,329,299,30
W00005427,282,265,17
W00005428,284,260,24
W00005429,337,313,24
W00005430,539,487,52
W00005431,310,286,24
W00005432,322,297,25
W00005433,294,280,14
W00005434,237,208,29
W00005435,273,262,11
W00005436,204,188,16
W00005437,234,221,13
W00005438,271,256,15
W00005439,326,278,48
W00005440,300,280,20
W00005441,222,207,15
W00005442,265,228,37
W00005443,273,254,19
W00005444,238,222,16
W00005445,306,280,26
W00005446,180,174,6
W00005447,455,417,38
W00005448,316,293,23
W00005449,280,244,36
W00005450,290,268,22
W00005451,263,234,29
W00005452,329,312,17
W00005453,286,256,30
W00005454,250,234,16
W00005455,264,252,12
W00005456,281,255,26
W00005457,279,253,26
W00005458,482,440,42
W00005459,282,247,35
W00005460,263,241,22
W00005461,290,269,21
W00005462,199,180,19
W00005463,247,224,23
W00005464,225,205,20
W00005465,286,268,18
W00005466,341,307,34
W00005467,287,264,23
W00005468,306,268,38
W00005469,266,253,13
W00005470,260,235,25
W00005471,198,192,6
W00005472,292,272,20
W00005473,292,268,24
W00005474,245,229,16
W00005475,325,295,30
W00005476,242,229,13
W00005477,305,287,18
W00005478,321,304,17
W00005479,352,306,46
W00005482,309,283,26
W00005483,273,237,36
W00005484,441,408,33
W00005485,373,334,39
W00005486,266,246,20
W00005487,250,234,16
W00005488,313,292,21
W00005489,254,227,27
W00005490,271,244,27
W00005491,259,225,34
W00005492,343,290,53
W00005493,335,306,29
W00005494,312,273,39
W00005495,334,300,34
W00005496,321,275,46
W00005497,327,288,39
W00005498,361,319,42
W00005499,250,229,21
W00005500,463,428,35
W00005501,319,299,20
W00005502,285,259,26
W00005503,233,215,18
W00005504,253,236,17
W00005506,330,292,38
W00005507,282,255,27
W00005508,259,239,20
W00005510,287,264,23
W00005511,252,232,20
W00005512,263,238,25
W00005513,127,114,13
W00005514,221,201,20
W00005515,167,158,9
W00005516,375,335,40
W00005517,405,354,51
W00005518,334,292,42
W00005519,357,328,29
W00005520,318,294,24
W00005521,250,225,25
W00005522,309,281,28
W00005523,263,237,26
W00005524,338,292,46
W00005525,248,219,29
W00005526,289,260,29
W00005527,320,280,40
W00005528,282,240,42
W00005529,269,233,36
W00005530,290,265,25
W00005531,317,266,51
W00005532,272,265,7
W00005533,268,253,15
W00005534,289,262,27
W00005535,167,160,7
W00005536,236,226,10
W00005537,326,306,20
W00005538,299,275,24
W00005539,270,245,25
W00005540,288,274,14
W00005541,250,238,12
W00005542,262,251,11
W00005543,301,287,14
W00005544,283,247,36
W00005545,289,269,20
W00005546,303,284,19
W00005547,251,237,14
W00005548,358,325,33
W00005549,363,346,17
W00005550,287,251,36
W00005551,307,285,22
W00005552,220,203,17
W00005553,294,267,27
W00005554,239,217,22
W00005555,322,298,24
W00005556,225,207,18
W00005557,293,270,23
W00005558,306,280,26
W00005559,194,184,10
W00005560,325,298,27
W00005561,354,328,26
W00005562,276,251,25
W00005563,201,196,5
W00005564,206,195,11
W00005565,285,262,23
W00005566,303,273,30
W00005567,327,289,38
W00005568,302,280,22
W00005569,292,268,24
W00005570,293,262,31
W00005571,304,275,29
W00005572,337,308,29
W00005573,402,374,28
W00005574,223,210,13
W00005575,413,368,45
W00005576,385,352,33
W00005577,280,251,29
W00005578,335,309,26
W00005579,283,266,17
W00005580,307,269,38
W00005581,219,201,18
W00005582,207,192,15
W00005583,324,302,22
W00005584,301,275,26
W00005585,392,363,29
W00005586,315,281,34
W00005587,260,225,35
W00005588,268,252,16
W00005589,258,242,16
W00005590,284,263,21
W00005591,337,300,37
W00005592,304,289,15
W00005593,294,263,31
W00005594,298,275,23
W00005595,273,258,15
W00005596,290,263,27
W00005597,356,324,32
W00005598,319,288,31
W00005599,314,280,34
W00005600,262,253,9
W00005601,232,209,23
W00005603,355,311,44
W00005604,234,221,13
W00005605,495,436,59
W00005608,361,314,47
W00005609,222,186,36
W00005610,250,232,18
W00005611,299,279,20
W00005613,253,217,36
W00005614,207,181,26
W00005615,398,344,54
W00005616,333,270,63
W00005617,303,265,38
W00005618,303,259,44
W00005619,272,223,49
W00005620,268,220,48
W00005621,293,244,49
W00005622,259,242,17
W00005623,260,223,37
W00005624,325,299,26
W00005625,259,232,27
W00005627,308,256,52
W00005628,266,235,31
W00005629,371,333,38
W00005630,277,238,39
W00005631,344,296,48
W00005632,186,171,15
W00005633,226,195,31
W00005634,319,291,28
W00005635,325,286,39
W00005636,345,320,25
W00005637,336,294,42
W00005638,292,263,29
W00005639,263,243,20
W00005640,292,269,23
W00005641,318,295,23
W00005642,304,248,56
W00005643,284,256,28
W00005644,175,139,36
W00005645,259,241,18
W00005646,252,227,25
W00005647,389,344,45
W00005648,228,201,27
W00005650,288,257,31
W00005651,406,362,44
W00005652,300,275,25
W00005653,172,167,5
W00005654,325,301,24
W00005655,259,234,25
W00005656,299,273,26
W00005657,359,330,29
W00005658,196,189,7
W00005659,340,312,28
W00005660,252,233,19
W00005661,331,292,39
W00005662,281,265,16
W00005663,280,259,21
W00005664,254,239,15
W00005665,350,311,39
W00005666,251,239,12
W00005667,327,281,46
W00005668,272,247,25
W00005669,253,245,8
W00005670,269,246,23
W00005671,245,224,21
W00005672,240,213,27
W00005673,524,477,47
W00005674,262,233,29
W00005675,166,151,15
W00005676,316,264,52
W00005677,201,181,20
W00005678,244,219,25
W00005679,247,216,31
W00005680,324,303,21
W00005681,287,250,37
W00005683,267,243,24
W00005684,304,278,26
W00005686,323,302,21
W00005687,297,261,36
W00005688,248,214,34
W00005689,323,272,51
W00005690,277,243,34
W00005691,285,238,47
W00005692,313,270,43
W00005693,280,239,41
W00005694,286,260,26
W00005695,274,249,25
W00005696,283,255,28
W00005697,269,249,20
W00005698,257,238,19
W00005699,252,232,20
W00005700,224,192,32
W00005701,322,281,41
W00005702,280,254,26
W00005703,330,280,50
W00005704,299,275,24
W00005705,299,272,27
W00005706,333,297,36
W00005707,279,257,22
W00005708,329,289,40
W00005709,269,243,26
W00005710,270,235,35
W00005711,304,282,22
W00005712,316,281,35
W00005713,293,250,43
W00005714,277,247,30
W00005715,350,304,46
W00005716,411,359,52
W00005717,282,248,34
W00005718,329,289,40
W00005719,342,299,43
W00005720,274,225,49
W00005721,204,195,9
W00005722,292,251,41
W00005723,417,348,69
W00005724,237,197,40
W00005725,244,210,34
W00005726,338,277,61
W00005727,267,231,36
W00005728,282,240,42
W00005729,273,246,27
W00005730,233,189,44
W00005731,317,260,57
W00005732,247,213,34
W00005733,256,234,22
W00005734,385,323,62
W00005735,219,189,30
W00005736,524,454,70
W00005737,424,352,72
W00005738,358,309,49
W00005739,305,262,43
W00005740,268,242,26
W00005741,300,276,24
W00005742,256,226,30
W00005743,545,472,73
W00005744,222,207,15
W00005745,466,434,32
W00005746,248,215,33
W00005747,271,244,27
W00005748,276,252,24
W00005749,317,284,33
W00005750,310,276,34
W00005751,297,248,49
W00005752,287,240,47
W00005753,274,251,23
W00005754,286,247,39
W00005755,281,243,38
W00005756,268,225,43
W00005757,317,274,43
W00005758,232,213,19
W00005759,300,270,30
W00005760,323,273,50
W00005761,283,247,36
W00005762,508,451,57
W00005763,255,228,27
W00005764,272,257,15
W00005765,317,265,52
W00005766,310,286,24
W00005767,306,279,27
W00005768,255,227,28
W00005769,323,286,37
W00005770,208,184,24
W00005771,293,263,30
W00005773,217,184,33
W00005774,342,315,27
W00005775,266,239,27
W00005776,280,255,25
W00005777,322,278,44
W00005778,325,298,27
W00005779,239,205,34
W00005780,236,210,26
W00005781,302,268,34
W00005782,250,220,30
W00005783,257,228,29
W00005784,402,374,28
W00005785,406,375,31
W00005786,343,314,29
W00005787,278,251,27
W00005788,201,187,14
W00005789,250,219,31
W00005790,300,257,43
W00005791,321,288,33
W00005792,210,192,18
W00005793,239,220,19
W00005794,250,220,30
W00005795,288,252,36
W00005796,319,283,36
W00005797,423,377,46
W00005798,231,208,23
W00005799,284,261,23
W00005800,263,229,34
W00005801,313,265,48
W00005802,256,227,29
W00005803,270,241,29
W00005804,275,252,23
W00005805,256,230,26
W00005806,210,180,30
W00005807,213,205,8
W00005808,281,257,24
W00005809,236,200,36
W00005810,216,200,16
W00005811,288,258,30
W00005812,387,329,58
W00005813,301,261,40
W00005814,303,266,37
W00005815,245,221,24
W00005816,288,245,43
W00005817,340,290,50
W00005818,334,298,36
W00005819,222,192,30
W00005820,287,255,32
W00005821,330,284,46
W00005822,308,274,34
W00005823,268,246,22
W00005824,298,261,37
W00005825,276,265,11
W00005826,243,215,28
W00005827,190,165,25
W00005828,281,247,34
W00005829,328,303,25
W00005830,254,226,28
W00005831,341,313,28
W00005832,293,262,31
W00005833,375,318,57
W00005834,217,199,18
W00005835,232,212,20
W00005836,602,515,87
W00005837,421,350,71
W00005838,303,262,41
W00005839,358,298,60
W00005840,321,274,47
W00005841,409,364,45
W00005842,343,299,44
W00005843,404,366,38
W00005844,239,223,16
W00005845,290,266,24
W00005846,235,224,11
W00005847,527,471,56
W00005848,328,292,36
W00005849,274,255,19
W00005850,313,279,34
W00005851,272,244,28
W00005852,250,224,26
W00005853,218,196,22
W00005854,284,254,30
W00005855,290,258,32
W00005856,288,245,43
W00005857,169,163,6
W00005858,273,233,40
W00005859,242,220,22
W00005860,254,224,30
W00005861,212,185,27
W00005863,227,216,11
W00005864,273,240,33
W00005865,282,257,25
W00005866,296,255,41
W00005867,278,244,34
W00005868,252,228,24
W00005869,252,223,29
W00005870,297,273,24
W00005871,268,242,26
W00005872,223,208,15
W00005873,333,301,32
W00005874,236,202,34
W00005875,271,244,27
W00005876,222,203,19
W00005878,503,428,75
W00005879,465,408,57
W00005880,231,187,44
W00005881,172,154,18
W00005882,375,323,52
W00005883,517,448,69
W00005884,304,268,36
W00005885,327,280,47
W00005886,229,199,30
W00005887,302,257,45
W00005888,301,252,49
W00005889,325,281,44
W00005890,384,336,48
W00005891,423,362,61
W00005892,325,280,45
W00005894,323,259,64
W00005895,326,278,48
W00005896,274,245,29
W00005897,317,278,39
W00005898,311,275,36
W00005899,268,232,36
W00005900,357,311,46
W00005901,370,324,46
W00005902,303,256,47
W00005903,369,344,25
W00005905,193,174,19
W00005906,338,298,40
W00005907,269,261,8
W00005908,241,220,21
W00005909,282,259,23
W00005910,228,203,25
W00005911,260,237,23
W00005913,305,276,29
W00005914,365,320,45
W00005915,268,238,30
W00005916,255,238,17
W00005917,252,227,25
W00005918,302,279,23
W00005919,307,280,27
W00005920,410,362,48
W00005921,319,278,41
W00005922,260,234,26
W00005925,401,370,31
W00005926,244,215,29
W00005927,273,247,26
W00005928,437,404,33
W00005929,267,230,37
W00005930,208,198,10
W00005931,243,208,35
W00005933,317,282,35
W00005934,243,217,26
W00005935,315,271,44
W00005936,275,234,41
W00005938,242,219,23
W00005939,286,227,59
W00005940,271,235,36
W00005941,370,332,38
W00005942,240,205,35
W00005943,254,233,21
W00005944,226,188,38
W00005945,232,200,32
W00005946,319,281,38
W00005947,307,271,36
W00005948,225,196,29
W00005949,235,196,39
W00005950,223,195,28
W00005951,357,310,47
W00005952,275,236,39
W00005953,350,311,39
W00005954,358,325,33
W00005956,381,330,51
W00005957,412,350,62
W00005958,488,440,48
W00005959,302,273,29
W00005960,290,258,32
W00005961,327,288,39
W00005962,597,524,73
W00005963,300,270,30
W00005964,216,192,24
W00005965,291,261,30
W00005966,256,238,18
W00005967,381,331,50
W00005968,305,250,55
W00005969,590,532,58
W00005970,311,284,27
W00005971,324,270,54
W00005972,287,254,33
W00005973,240,215,25
W00005975,245,220,25
W00005976,357,320,37
W00005977,271,241,30
W00005978,257,235,22
W00005979,222,199,23
W00005980,264,235,29
W00005981,368,324,44
W00005982,230,212,18
W00005983,373,322,51
W00005984,264,243,21
W00005985,299,267,32
W00005986,239,216,23
W00005987,412,367,45
W00005990,527,460,67
W00005991,281,239,42
W00005994,270,247,23
W00005995,245,218,27
W00005996,322,292,30
W00005997,293,268,25
W00005998,323,284,39
W00005999,277,243,34
W00006000,197,181,16
W00006001,367,338,29
W00006002,138,131,7
W00006003,246,233,13
W00006004,343,305,38
W00006005,213,199,14
W00006006,278,260,18
W00006007,255,224,31
W00006008,315,281,34
W00006009,283,260,23
W00006010,247,228,19
W00006011,271,240,31
W00006012,303,273,30
W00006013,263,236,27
W00006014,328,297,31
W00006015,312,285,27
W00006016,258,237,21
W00006017,257,238,19
W00006018,286,264,22
W00006019,316,291,25
W00006020,293,270,23
W00006021,194,185,9
W00006022,368,327,41
W00006023,284,257,27
W00006024,250,220,30
W00006025,334,316,18
W00006026,261,245,16
W00006028,265,245,20
W00006029,313,263,50
W00006030,276,236,40
W00006031,302,267,35
W00006032,370,305,65
W00006033,229,210,19
W00006034,243,223,20
W00006035,263,237,26
W00006036,267,235,32
W00006037,280,259,21
W00006038,251,222,29
W00006039,281,258,23
W00006040,430,378,52
W00006041,388,345,43
W00006042,316,288,28
W00006043,322,292,30
W00006044,324,298,26
W00006045,322,300,22
W00006046,239,218,21
W00006047,243,212,31
W00006048,236,199,37
W00006049,261,231,30
W00006050,243,219,24
W00006051,327,298,29
W00006052,344,288,56
W00006053,268,243,25
W00006054,327,294,33
W00006055,318,282,36
W00006056,298,257,41
W00006057,307,291,16
W00006058,303,282,21
W00006059,239,216,23
W00006060,289,268,21
W00006061,305,247,58
W00006062,310,275,35
W00006063,253,225,28
W00006064,286,266,20
W00006065,288,261,27
W00006066,313,272,41
W00006067,246,221,25
W00006068,186,172,14
W00006069,273,232,41
W00006070,339,288,51
W00006071,227,212,15
W00006072,327,279,48
W00006073,314,290,24
W00006074,256,221,35
W00006075,289,257,32
W00006076,284,259,25
W00006077,273,243,30
W00006078,329,283,46
W00006079,286,252,34
W00006080,366,307,59
W00006081,343,297,46
W00006082,373,319,54
W00006083,258,236,22
W00006084,324,291,33
W00006085,300,272,28
W00006086,228,207,21
W00006087,339,311,28
W00006088,257,234,23
W00006089,456,391,65
W00006090,214,198,16
W00006091,144,137,7
W00006092,289,256,33
W00006093,258,229,29
W00006094,238,222,16
W00006095,385,313,72
W00006096,254,216,38
W00006097,445,380,65
W00006098,269,250,19
W00006099,278,261,17
W00006100,265,231,34
W00006101,274,220,54
W00006102,378,327,51
W00006103,426,367,59
W00006105,313,283,30
W00006106,357,327,30
W00006107,283,257,26
W00006108,227,201,26
W00006109,283,259,24
W00006110,208,192,16
W00006111,273,237,36
W00006112,253,223,30
W00006113,273,249,24
W00006114,274,231,43
W00006115,283,218,65
W00006116,312,281,31
W00006117,233,193,40
W00006118,240,214,26
W00006119,262,216,46
W00006120,585,501,84
W00006121,290,265,25
W00006122,383,343,40
W00006123,136,119,17
W00006124,204,168,36
W00006125,340,279,61
W00006126,239,213,26
W00006127,335,316,19
W00006129,327,270,57
W00006130,269,238,31
W00006131,271,238,33
W00006133,214,193,21
W00006137,442,337,105
W00006138,266,235,31
W00006139,362,294,68
W00006140,306,228,78
W00006141,334,288,46
W00006142,289,251,38
W00006143,315,275,40
W00006144,293,270,23
W00006145,386,322,64
W00006146,276,246,30
W00006147,309,269,40
W00006148,286,238,48
W00006149,334,287,47
W00006150,289,271,18
W00006151,255,239,16
W00006152,281,238,43
W00006153,267,252,15
W00006154,255,229,26
W00006155,296,265,31
W00006156,263,235,28
W00006157,229,218,11
W00006158,225,213,12
W00006159,326,310,16
W00006160,309,263,46
W00006161,236,211,25
W00006162,400,366,34
W00006163,321,305,16
W00006164,265,243,22
W00006166,256,225,31
W00006167,289,265,24
W00006168,277,249,28
W00006169,289,260,29
W00006170,271,248,23
W00006172,244,226,18
W00006173,426,402,24
W00006174,253,218,35
W00006175,247,234,13
W00006176,270,247,23
W00006177,220,212,8
W00006178,199,188,11
W00006179,286,259,27
W00006180,294,274,20
W00006181,299,274,25
W00006182,240,228,12
W00006183,290,262,28
W00006184,279,266,13
W00006185,322,287,35
W00006186,262,220,42
W00006187,286,241,45
W00006188,268,235,33
W00006189,275,225,50
W00006190,265,231,34
W00006191,236,218,18
W00006192,255,232,23
W00006193,236,222,14
W00006194,261,234,27
W00006195,278,238,40
W00006196,287,259,28
W00006197,308,257,51
W00006198,286,257,29
W00006199,258,228,30
W00006200,240,213,27
W00006201,252,223,29
W00006202,202,188,14
W00006203,249,227,22
W00006204,316,287,29
W00006205,162,152,10
W00006206,325,275,50
W00006207,262,242,20
W00006208,233,223,10
W00006209,405,336,69
W00006210,274,250,24
W00006211,355,333,22
W00006212,271,244,27
W00006213,228,218,10
W00006214,315,298,17
W00006215,333,299,34
W00006216,210,196,14
W00006217,267,257,10
W00006218,308,283,25
W00006219,264,246,18
W00006220,285,268,17
W00006221,369,311,58
W00006222,238,208,30
W00006223,273,240,33
W00006224,235,215,20
W00006225,245,216,29
W00006226,367,324,43
W00006227,300,254,46
W00006228,301,261,40
W00006229,211,180,31
W00006230,296,270,26
W00006231,215,184,31
W00006232,244,206,38
W00006233,245,217,28
W00006234,255,227,28
W00006235,205,188,17
W00006236,283,261,22
W00006237,246,217,29
W00006238,207,173,34
W00006239,198,176,22
W00006240,485,427,58
W00006241,265,229,36
W00006242,199,177,22
W00006243,278,244,34
W00006244,293,254,39
W00006245,266,240,26
W00006246,241,221,20
W00006247,130,106,24
W00006248,296,262,34
W00006249,528,476,52
W00006250,400,350,50
W00006251,442,387,55
W00006252,351,275,76
W00006253,274,235,39
W00006254,330,280,50
W00006255,353,292,61
W00006257,379,317,62
W00006259,399,348,51
W00006261,264,228,36
W00006262,214,197,17
W00006263,392,336,56
W00006264,316,249,67
W00006265,387,325,62
W00006266,185,166,19
W00006268,501,427,74
W00006269,359,310,49
W00006270,224,207,17
W00006271,253,229,24
W00006272,296,248,48
W00006273,378,331,47
W00006274,460,376,84
W00006275,310,288,22
W00006276,325,290,35
W00006277,197,169,28
W00006278,490,368,122
W00006280,302,272,30
W00006281,285,245,40
W00006282,179,158,21
W00006283,417,383,34
W00006284,428,369,59
W00006286,273,233,40
W00006287,246,204,42
W00006289,254,223,31
W00006290,304,262,42
W00006291,334,268,66
W00006292,246,204,42
W00006293,285,226,59
W00006294,284,233,51
W00006295,325,270,55
W00006296,274,230,44
W00006297,276,230,46
W00006298,278,228,50
W00006299,286,252,34
W00006300,292,258,34
W00006301,304,229,75
W00006302,310,248,62
W00006303,285,247,38
W00006304,360,285,75
W00006305,312,277,35
W00006306,272,246,26
W00006307,264,180,84
W00006308,283,225,58
W00006309,274,229,45
W00006310,290,236,54
W00006311,242,207,35
W00006312,274,215,59
W00006313,227,202,25
W00006314,292,246,46
W00006315,331,250,81
W00006316,462,380,82
W00006317,272,248,24
W00006318,308,265,43
W00006319,354,317,37
W00006320,316,285,31
W00006321,291,261,30
W00006322,285,263,22
W00006323,296,270,26
W00006324,325,292,33
W00006325,324,302,22
W00006326,224,206,18
W00006327,299,273,26
W00006328,254,240,14
W00006329,275,246,29
W00006330,265,243,22
W00006331,223,208,15
W00006332,223,208,15
W00006333,292,258,34
W00006334,227,211,16
W00006335,262,242,20
W00006336,184,174,10
W00006337,299,266,33
W00006338,367,312,55
W00006339,326,289,37
W00006340,274,249,25
W00006341,500,429,71
W00006342,278,256,22
W00006343,291,255,36
W00006344,240,212,28
W00006345,371,310,61
W00006346,248,222,26
W00006347,329,297,32
W00006348,250,217,33
W00006349,301,272,29
W00006350,236,220,16
W00006351,325,280,45
W00006352,251,222,29
W00006353,273,240,33
W00006354,234,220,14
W00006355,343,324,19
W00006356,356,309,47
W00006357,259,233,26
W00006358,246,217,29
W00006359,225,213,12
W00006360,307,268,39
W00006361,191,176,15
W00006362,267,245,22
W00006363,244,227,17
W00006364,314,287,27
W00006365,330,303,27
W00006366,289,271,18
W00006367,246,224,22
W00006368,225,197,28
W00006369,244,216,28
W00006370,259,234,25
W00006371,298,256,42
W00006372,271,249,22
W00006373,287,261,26
W00006374,269,238,31
W00006375,378,348,30
W00006376,211,198,13
W00006377,260,241,19
W00006378,316,284,32
W00006379,288,265,23
W00006380,265,236,29
W00006381,297,275,22
W00006382,297,239,58
W00006383,340,302,38
W00006384,316,291,25
W00006385,276,247,29
W00006386,336,298,38
W00006387,253,214,39
W00006388,198,185,13
W00006389,278,250,28
W00006390,330,303,27
W00006391,292,255,37
W00006392,283,256,27
W00006393,238,209,29
W00006394,280,257,23
W00006395,262,230,32
W00006396,272,226,46
W00006397,244,225,19
W00006398,322,269,53
W00006399,307,279,28
W00006400,272,248,24
W00006401,330,299,31
W00006402,312,289,23
W00006403,197,191,6
W00006404,268,245,23
W00006405,299,272,27
W00006406,295,276,19
W00006407,200,192,8
W00006408,259,242,17
W00006409,253,225,28
W00006410,194,189,5
W00006411,266,251,15
W00006412,291,271,20
W00006413,314,288,26
W00006414,289,258,31
W00006415,296,266,30
W00006416,332,307,25
W00006417,293,259,34
W00006418,224,209,15
W00006419,287,260,27
W00006420,219,196,23
W00006421,328,291,37
W00006422,323,294,29
W00006423,300,258,42
W00006424,305,271,34
W00006425,316,287,29
W00006426,227,221,6
W00006427,233,217,16
W00006428,346,313,33
W00006429,421,364,57
W00006430,357,315,42
W00006431,244,216,28
W00006432,464,414,50
W00006433,270,202,68
W00006434,221,186,35
W00006435,429,309,120
W00006437,253,194,59
W00006438,258,225,33
W00006439,557,427,130
W00006440,533,376,157
W00006441,244,218,26
W00006442,338,257,81
W00006443,274,237,37
W00006444,309,278,31
W00006445,546,384,162
W00006446,233,202,31
W00006447,275,228,47
W00006448,475,391,84
W00006449,340,269,71
W00006450,286,243,43
W00006451,279,236,43
W00006452,312,256,56
W00006453,321,254,67
W00006454,269,227,42
W00006455,240,208,32
W00006456,286,222,64
W00006457,260,229,31
W00006458,306,273,33
W00006459,273,253,20
W00006460,264,229,35
W00006461,299,248,51
W00006462,280,238,42
W00006463,256,216,40
W00006464,274,236,38
W00006465,306,269,37
W00006466,314,266,48
W00006467,257,209,48
W00006468,299,263,36
W00006469,276,240,36
W00006470,280,238,42
W00006471,360,308,52
W00006472,326,281,45
W00006473,199,182,17
W00006474,157,144,13
W00006475,241,210,31
W00006476,264,225,39
W00006477,261,198,63
W00006478,261,228,33
W00006479,311,251,60
W00006480,283,244,39
W00006481,173,148,25
W00006482,346,310,36
W00006483,147,138,9
W00006484,298,268,30
W00006485,390,321,69
W00006486,268,220,48
W00006487,261,232,29
W00006488,263,221,42
W00006489,282,246,36
W00006490,327,295,32
W00006491,207,190,17
W00006492,266,243,23
W00006493,264,245,19
W00006494,278,238,40
W00006495,291,247,44
W00006496,371,345,26
W00006497,298,259,39
W00006498,320,273,47
W00006499,239,200,39
W00006500,294,254,40
W00006501,335,299,36
W00006502,250,221,29
W00006503,418,371,47
W00006504,270,249,21
W00006505,224,203,21
W00006506,273,251,22
W00006507,310,282,28
W00006508,314,272,42
W00006509,307,275,32
W00006510,212,190,22
W00006511,313,287,26
W00006512,293,249,44
W00006513,194,175,19
W00006514,312,279,33
W00006515,441,337,104
W00006516,371,306,65
W00006517,298,273,25
W00006518,306,265,41
W00006519,258,229,29
W00006520,267,236,31
W00006521,263,240,23
W00006522,218,185,33
W00006523,248,217,31
W00006524,261,210,51
W00006525,232,202,30
W00006526,308,271,37
W00006527,182,172,10
W00006528,423,340,83
W00006529,253,226,27
W00006530,246,212,34
W00006531,353,319,34
W00006532,306,254,52
W00006533,299,260,39
W00006534,362,325,37
W00006535,264,243,21
W00006536,293,260,33
W00006537,288,253,35
W00006538,297,261,36
W00006539,246,220,26
W00006540,262,228,34
W00006541,273,226,47
W00006542,247,206,41
W00006543,269,225,44
W00006544,251,223,28
W00006545,273,225,48
W00006546,331,295,36
W00006547,296,260,36
W00006548,234,194,40
W00006549,302,257,45
W00006550,259,220,39
W00006551,606,523,83
W00006552,215,200,15
W00006553,298,285,13
W00006554,294,262,32
W00006555,255,225,30
W00006556,285,253,32
W00006557,280,245,35
W00006558,238,219,19
W00006559,314,289,25
W00006560,169,165,4
W00006561,255,231,24
W00006562,283,247,36
W00006564,571,494,77
W00006565,298,260,38
W00006566,376,339,37
W00006567,299,272,27
W00006568,221,202,19
W00006569,330,298,32
W00006570,279,247,32
W00006571,242,222,20
W00006572,262,231,31
W00006573,367,326,41
W00006574,256,227,29
W00006575,295,260,35
W00006576,280,258,22
W00006577,301,277,24
W00006578,272,250,22
W00006579,299,271,28
W00006580,275,254,21
W00006581,292,269,23
W00006583,260,244,16
W00006584,334,305,29
W00006585,269,238,31
W00006586,459,420,39
W00006587,322,294,28
W00006588,296,265,31
W00006589,329,303,26
W00006590,286,265,21
W00006592,277,249,28
W00006593,225,210,15
W00006594,287,271,16
W00006596,253,231,22
W00006597,261,222,39
W00006598,297,244,53
W00006599,294,254,40
W00006600,277,239,38
W00006601,314,279,35
W00006602,294,248,46
W00006603,269,235,34
W00006604,250,221,29
W00006605,248,213,35
W00006606,363,315,48
W00006607,250,213,37
W00006608,200,183,17
W00006609,315,300,15
W00006610,328,300,28
W00006611,302,278,24
W00006612,247,227,20
W00006613,243,211,32
W00006614,323,252,71
W00006615,325,278,47
W00006616,262,232,30
W00006617,289,246,43
W00006618,312,283,29
W00006619,329,303,26
W00006620,314,289,25
W00006621,314,282,32
W00006622,275,243,32
W00006623,333,293,40
W00006624,357,324,33
W00006625,431,391,40
W00006626,470,439,31
W00006627,225,203,22
W00006628,535,489,46
W00006629,334,294,40
W00006630,342,325,17
W00006631,302,267,35
W00006633,433,386,47
W00006634,299,284,15
W00006635,274,253,21
W00006636,250,223,27
W00006637,239,192,47
W00006638,239,188,51
W00006639,270,237,33
W00006640,342,267,75
W00006641,218,208,10
W00006642,306,260,46
W00006643,309,262,47
W00006644,219,196,23
W00006645,295,258,37
W00006646,234,213,21
W00006647,302,262,40
W00006648,357,303,54
W00006649,303,261,42
W00006650,271,239,32
W00006651,253,239,14
W00006652,224,182,42
W00006653,338,292,46
W00006654,283,257,26
W00006655,269,239,30
W00006656,296,267,29
W00006657,321,261,60
W00006658,253,223,30
W00006659,267,235,32
W00006660,298,264,34
W00006661,312,272,40
W00006662,201,178,23
W00006663,244,198,46
W00006664,186,141,45
W00006665,387,320,67
W00006666,249,216,33
W00006667,284,251,33
W00006668,293,257,36
W00006669,315,254,61
W00006670,261,223,38
W00006671,356,281,75
W00006672,214,195,19
W00006673,291,235,56
W00006674,319,254,65
W00006675,220,188,32
W00006676,322,257,65
W00006677,261,222,39
W00006678,256,223,33
W00006679,195,162,33
W00006680,284,242,42
W00006681,271,251,20
W00006682,251,231,20
W00006683,248,231,17
W00006684,208,188,20
W00006685,185,178,7
W00006686,227,212,15
W00006687,246,233,13
W00006688,348,288,60
W00006689,233,204,29
W00006690,239,221,18
W00006691,260,221,39
W00006692,306,279,27
W00006693,275,243,32
W00006694,270,228,42
W00006695,228,198,30
W00006696,302,270,32
W00006697,281,251,30
W00006698,286,249,37
W00006699,249,235,14
W00006700,268,237,31
W00006701,312,279,33
W00006702,248,228,20
W00006703,262,233,29
W00006704,300,256,44
W00006705,297,255,42
W00006706,252,238,14
W00006707,228,201,27
W00006708,282,254,28
W00006709,284,240,44
W00006710,297,263,34
W00006711,265,221,44
W00006712,228,213,15
W00006713,308,283,25
W00006714,287,257,30
W00006715,286,242,44
W00006716,189,169,20
W00006717,283,227,56
W00006718,219,200,19
W00006719,244,203,41
W00006720,256,236,20
W00006721,305,250,55
W00006722,302,244,58
W00006723,189,171,18
W00006724,249,213,36
W00006725,428,318,110
W00006726,313,255,58
W00006727,292,263,29
W00006728,269,222,47
W00006729,283,238,45
W00006730,256,216,40
W00006731,317,275,42
W00006732,314,275,39
W00006733,305,279,26
W00006734,282,247,35
W00006735,303,262,41
W00006736,201,177,24
W00006737,281,255,26
W00006738,322,272,50
W00006739,342,291,51
W00006740,345,315,30
W00006741,260,238,22
W00006742,289,257,32
W00006743,252,221,31
W00006744,259,217,42
W00006745,273,241,32
W00006746,293,253,40
W00006747,128,104,24
W00006748,308,262,46
W00006749,296,254,42
W00006750,297,246,51
W00006751,284,241,43
W00006752,281,247,34
W00006753,277,254,23
W00006754,322,278,44
W00006755,243,216,27
W00006756,328,289,39
W00006757,241,222,19
W00006758,253,236,17
W00006759,252,225,27
W00006760,317,293,24
W00006761,251,226,25
W00006762,329,294,35
W00006763,276,250,26
W00006765,374,330,44
W00006766,254,243,11
W00006767,403,364,39
W00006768,275,255,20
W00006769,265,228,37
W00006770,278,262,16
W00006772,320,281,39
W00006773,340,299,41
W00006774,427,389,38
W00006775,413,372,41
W00006776,389,351,38
W00006777,196,188,8
W00006779,547,498,49
W00006780,209,198,11
W00006781,297,282,15
W00006782,285,264,21
W00006783,220,194,26
W00006784,275,253,22
W00006785,259,227,32
W00006786,303,279,24
W00006787,270,246,24
W00006788,244,227,17
W00006789,295,279,16
W00006790,278,253,25
W00006791,304,277,27
W00006792,280,251,29
W00006793,254,235,19
W00006794,231,218,13
W00006795,290,254,36
W00006796,266,244,22
W00006797,241,227,14
W00006798,286,263,23
W00006799,354,341,13
W00006800,373,338,35
W00006801,262,246,16
W00006802,281,261,20
W00006803,298,257,41
W00006804,321,306,15
W00006805,183,165,18
W00006806,291,267,24
W00006807,257,248,9
W00006808,330,297,33
W00006809,228,218,10
W00006810,254,250,4
W00006811,306,274,32
W00006812,254,223,31
W00006813,271,257,14
W00006814,347,320,27
W00006815,447,430,17
W00006816,404,383,21
W00006817,185,179,6
W00006818,255,246,9
W00006819,254,250,4
W00006820,283,269,14
W00006821,289,277,12
W00006822,362,336,26
W00006823,319,295,24
W00006824,307,296,11
W00006825,267,262,5
W00006826,323,308,15
W00006827,248,216,32
W00006828,285,247,38
W00006829,302,262,40
W00006830,255,220,35
W00006831,282,230,52
W00006832,241,224,17
W00006833,195,160,35
W00006834,538,475,63
W00006835,93,86,7
W00006836,159,145,14
W00006837,396,346,50
W00006838,310,281,29
W00006839,345,316,29
W00006840,211,203,8
W00006841,227,210,17
W00006842,301,282,19
W00006843,236,225,11
W00006844,336,301,35
W00006845,285,267,18
W00006846,301,266,35
W00006847,314,300,14
W00006848,280,258,22
W00006849,283,260,23
W00006850,191,186,5
W00006851,278,265,13
W00006852,302,266,36
W00006853,270,253,17
W00006854,254,231,23
W00006855,285,261,24
W00006856,287,270,17
W00006857,297,283,14
W00006858,281,262,19
W00006859,377,360,17
W00006860,329,321,8
W00006861,319,306,13
W00006862,291,273,18
W00006863,273,252,21
W00006864,374,355,19
W00006865,286,270,16
W00006866,259,246,13
W00006867,268,235,33
W00006868,281,262,19
W00006869,323,301,22
W00006870,281,257,24
W00006871,236,219,17
W00006872,295,277,18
W00006873,213,193,20
W00006874,255,221,34
W00006875,355,344,11
W00006876,278,257,21
W00006877,282,248,34
W00006878,266,249,17
W00006879,276,251,25
W00006880,306,275,31
W00006881,289,265,24
W00006882,291,264,27
W00006883,230,213,17
W00006884,293,261,32
W00006885,426,387,39
W00006886,286,265,21
W00006887,258,231,27
W00006888,325,304,21
W00006890,352,312,40
W00006891,342,308,34
W00006892,265,247,18
W00006893,277,251,26
W00006894,388,331,57
W00006895,282,241,41
W00006896,281,269,12
W00006897,339,297,42
W00006898,188,173,15
W00006899,278,253,25
W00006900,470,409,61
W00006901,268,238,30
W00006902,269,245,24
W00006903,277,247,30
W00006904,246,216,30
W00006905,421,373,48
W00006906,330,297,33
W00006907,290,266,24
W00006909,301,275,26
W00006910,234,221,13
W00006911,258,219,39
W00006912,304,264,40
W00006913,252,223,29
W00006914,231,206,25
W00006915,346,296,50
W00006916,368,341,27
W00006917,422,362,60
W00006918,316,277,39
W00006919,302,261,41
W00006920,280,253,27
W00006921,301,258,43
W00006922,319,291,28
W00006923,272,250,22
W00006924,317,286,31
W00006925,304,265,39
W00006926,260,238,22
W00006927,336,297,39
W00006928,426,362,64
W00006929,271,237,34
W00006930,211,195,16
W00006931,276,233,43
W00006932,287,253,34
W00006933,239,227,12
W00006934,289,260,29
W00006935,206,188,18
W00006936,289,259,30
W00006937,294,280,14
W00006938,214,186,28
W00006940,408,372,36
W00006941,268,256,12
W00006942,319,296,23
W00006943,229,199,30
W00006944,442,378,64
W00006945,263,233,30
W00006946,325,301,24
W00006947,239,206,33
W00006948,303,278,25
W00006949,387,326,61
W00006950,282,254,28
W00006951,353,314,39
W00006952,298,258,40
W00006953,256,224,32
W00006954,307,266,41
W00006955,303,273,30
W00006956,237,223,14
W00006957,319,289,30
W00006958,283,248,35
W00006959,304,279,25
W00006960,300,260,40
W00006961,313,268,45
W00006962,249,227,22
W00006963,286,256,30
W00006964,268,242,26
W00006965,254,235,19
W00006966,282,249,33
W00006968,329,282,47
W00006969,262,237,25
W00006970,441,398,43
W00006971,223,177,46
W00006972,316,265,51
W00006973,336,292,44
W00006974,299,260,39
W00006975,363,311,52
W00006976,332,271,61
W00006977,361,299,62
W00006978,303,266,37
W00006979,235,181,54
W00006980,267,211,56
W00006981,267,223,44
W00006982,280,244,36
W00006983,354,297,57
W00006984,324,276,48
W00006985,227,209,18
W00006986,257,225,32
W00006987,261,228,33
W00006988,369,318,51
W00006989,278,255,23
W00006990,292,252,40
W00006991,336,292,44
W00006992,293,280,13
W00006993,464,399,65
W00006994,380,331,49
W00006995,392,353,39
W00006996,236,216,20
W00006997,318,276,42
W00006998,255,241,14
W00006999,292,271,21
W00007000,278,244,34
W00007001,248,221,27
W00007002,285,266,19
W00007003,297,269,28
W00007004,248,226,22
W00007005,303,258,45
W00007006,258,226,32
W00007007,286,257,29
W00007008,292,264,28
W00007009,284,261,23
W00007010,251,217,34
W00007011,279,257,22
W00007012,235,219,16
W00007013,294,272,22
W00007014,255,242,13
W00007015,354,326,28
W00007016,247,219,28
W00007017,248,230,18
W00007018,252,217,35
W00007019,333,298,35
W00007020,283,254,29
W00007021,324,289,35
W00007022,290,262,28
W00007023,302,269,33
W00007024,390,352,38
W00007025,309,261,48
W00007026,406,350,56
W00007027,264,227,37
W00007028,347,312,35
W00007029,249,230,19
W00007030,280,242,38
W00007031,312,293,19
W00007032,347,315,32
W00007033,279,249,30
W00007034,290,257,33
W00007035,470,394,76
W00007036,299,272,27
W00007037,319,292,27
W00007038,277,244,33
W00007039,282,252,30
W00007040,265,244,21
W00007041,304,270,34
W00007042,300,271,29
W00007043,221,200,21
W00007044,267,250,17
W00007045,288,254,34
W00007046,302,265,37
W00007047,290,272,18
W00007048,289,266,23
W00007049,313,285,28
W00007050,252,233,19
W00007051,243,227,16
W00007052,223,205,18
W00007053,311,279,32
W00007054,250,238,12
W00007055,355,331,24
W00007056,324,304,20
W00007057,304,265,39
W00007058,287,273,14
W00007059,267,253,14
W00007060,479,443,36
W00007061,249,230,19
W00007062,303,272,31
W00007063,297,269,28
W00007064,309,271,38
W00007065,240,229,11
W00007066,297,265,32
W00007067,483,409,74
W00007068,307,276,31
W00007069,285,261,24
W00007070,287,266,21
W00007071,217,202,15
W00007072,239,229,10
W00007073,321,294,27
W00007074,243,224,19
W00007075,310,290,20
W00007076,295,264,31
W00007077,257,233,24
W00007078,264,245,19
W00007079,349,324,25
W00007080,318,294,24
W00007081,243,225,18
W00007082,266,246,20
W00007083,343,318,25
W00007084,251,234,17
W00007085,253,237,16
W00007086,235,225,10
W00007087,247,234,13
W00007088,321,300,21
W00007089,294,277,17
W00007090,280,261,19
W00007091,279,267,12
W00007092,176,168,8
W00007093,305,276,29
W00007094,279,248,31
W00007095,317,298,19
W00007096,258,245,13
W00007097,278,254,24
W00007098,309,278,31
W00007099,133,132,1
W00007100,329,300,29
W00007101,419,375,44
W00007102,312,289,23
W00007103,188,170,18
W00007104,290,263,27
W00007105,265,251,14
W00007106,276,252,24
W00007108,197,184,13
W00007109,364,332,32
W00007110,248,226,22
W00007111,265,245,20
W00007112,329,300,29
W00007113,302,273,29
W00007114,317,298,19
W00007115,326,304,22
W00007116,245,227,18
W00007117,276,262,14
W00007118,292,264,28
W00007119,170,157,13
W00007120,316,284,32
W00007121,239,221,18
W00007122,305,289,16
W00007123,255,225,30
W00007124,241,224,17
W00007125,290,269,21
W00007126,281,259,22
W00007127,311,286,25
W00007128,319,292,27
W00007129,383,350,33
W00007130,310,288,22
W00007131,273,249,24
W00007132,301,261,40
W00007133,291,261,30
W00007134,264,239,25
W00007135,283,260,23
W00007136,254,223,31
W00007137,274,244,30
W00007138,324,293,31
W00007139,320,302,18
W00007140,399,373,26
W00007141,292,262,30
W00007142,248,216,32
W00007143,310,272,38
W00007144,266,237,29
W00007145,333,300,33
W00007147,448,394,54
W00007148,303,276,27
W00007149,281,257,24
W00007150,333,301,32
W00007151,385,340,45
W00007152,446,395,51
W00007153,255,222,33
W00007154,246,228,18
W00007155,292,275,17
W00007156,230,213,17
W00007157,443,385,58
W00007158,316,274,42
W00007159,339,294,45
W00007160,271,246,25
W00007161,323,285,38
W00007162,232,221,11
W00007163,250,233,17
W00007164,322,273,49
W00007165,311,286,25
W00007166,294,263,31
W00007167,212,193,19
W00007168,392,347,45
W00007169,275,248,27
W00007171,233,213,20
W00007172,328,305,23
W00007173,220,201,19
W00007174,314,281,33
W00007175,245,211,34
W00007176,251,209,42
W00007177,288,261,27
W00007178,254,229,25
W00007179,281,256,25
W00007181,282,239,43
W00007182,227,203,24
W00007183,248,220,28
W00007184,257,229,28
W00007185,263,234,29
W00007186,253,210,43
W00007187,536,429,107
W00007188,275,253,22
W00007190,320,267,53
W00007191,288,262,26
W00007192,468,372,96
W00007193,291,239,52
W00007194,247,216,31
W00007195,367,304,63
W00007196,255,221,34
W00007197,321,298,23
W00007198,222,187,35
W00007199,303,241,62
W00007200,236,216,20
W00007201,205,185,20
W00007202,252,222,30
W00007203,251,227,24
W00007204,251,238,13
W00007205,238,220,18
W00007206,285,255,30
W00007207,284,255,29
W00007208,314,297,17
W00007209,245,227,18
W00007210,279,255,24
W00007211,328,309,19
W00007212,168,148,20
W00007213,347,288,59
W00007214,419,379,40
W00007215,266,224,42
W00007216,369,312,57
W00007217,210,184,26
W00007218,228,208,20
W00007219,258,232,26
W00007220,219,193,26
W00007221,227,212,15
W00007222,225,220,5
W00007223,263,237,26
W00007224,301,262,39
W00007225,280,238,42
W00007226,238,220,18
W00007227,200,187,13
W00007228,312,275,37
W00007229,254,227,27
W00007230,261,244,17
W00007231,561,511,50
W00007232,302,279,23
W00007233,297,283,14
W00007234,274,249,25
W00007235,299,285,14
W00007236,281,251,30
W00007237,308,285,23
W00007238,280,269,11
W00007239,252,222,30
W00007240,330,299,31
W00007241,294,260,34
W00007242,339,306,33
W00007243,278,246,32
W00007244,348,317,31
W00007245,235,214,21
W00007246,249,231,18
W00007247,332,310,22
W00007248,306,283,23
W00007249,324,300,24
W00007250,299,287,12
W00007251,285,255,30
W00007252,333,315,18
W00007253,182,176,6
W00007254,280,263,17
W00007256,257,228,29
W00007257,139,137,2
W00007258,272,259,13
W00007259,347,324,23
W00007261,259,241,18
W00007262,271,258,13
W00007263,229,204,25
W00007264,303,290,13
W00007265,253,237,16
W00007266,358,320,38
W00007267,253,224,29
W00007268,319,282,37
W00007269,345,301,44
W00007270,400,352,48
W00007271,310,271,39
W00007272,369,314,55
W00007273,282,246,36
W00007274,288,258,30
W00007275,341,292,49
W00007276,274,251,23
W00007277,437,385,52
W00007278,275,255,20
W00007279,370,334,36
W00007280,437,402,35
W00007281,450,403,47
W00007282,315,277,38
W00007284,314,282,32
W00007285,270,256,14
W00007286,364,335,29
W00007287,283,269,14
W00007288,369,340,29
W00007289,304,283,21
W00007290,596,539,57
W00007291,379,350,29
W00007292,249,227,22
W00007293,465,400,65
W00007294,251,236,15
W00007295,392,357,35
W00007296,272,227,45
W00007297,339,314,25
W00007298,282,245,37
W00007299,299,234,65
W00007300,389,342,47
W00007301,274,236,38
W00007302,235,222,13
W00007303,299,248,51
W00007304,247,219,28
W00007305,242,218,24
W00007306,277,241,36
W00007307,476,430,46
W00007308,278,238,40
W00007309,340,300,40
W00007310,254,233,21
W00007311,208,193,15
W00007312,186,180,6
W00007313,258,234,24
W00007314,278,247,31
W00007315,266,223,43
W00007316,266,242,24
W00007318,276,248,28
W00007319,244,211,33
W00007320,371,322,49
W00007322,486,398,88
W00007323,230,199,31
W00007324,271,245,26
W00007325,263,239,24
W00007326,305,266,39
W00007327,318,285,33
W00007328,329,293,36
W00007329,306,284,22
W00007330,298,274,24
W00007331,270,245,25
W00007332,273,249,24
W00007333,245,231,14
W00007334,295,249,46
W00007335,424,381,43
W00007336,501,457,44
W00007337,322,294,28
W00007338,302,273,29
W00007339,257,239,18
W00007340,304,269,35
W00007341,255,240,15
W00007342,343,309,34
W00007343,274,252,22
W00007344,316,292,24
W00007345,271,258,13
W00007346,272,251,21
W00007347,412,377,35
W00007348,302,274,28
W00007349,261,232,29
W00007350,249,233,16
W00007351,336,302,34
W00007352,283,262,21
W00007353,178,168,10
W00007354,270,259,11
W00007355,255,233,22
W00007356,315,274,41
W00007357,275,252,23
W00007358,271,253,18
W00007359,374,349,25
W00007360,288,266,22
W00007361,202,185,17
W00007362,334,315,19
W00007363,276,252,24
W00007364,302,276,26
W00007365,280,248,32
W00007366,315,298,17
W00007367,263,245,18
W00007368,292,269,23
W00007369,273,251,22
W00007370,435,409,26
W00007371,321,298,23
W00007372,290,271,19
W00007373,243,231,12
W00007374,229,219,10
W00007375,314,291,23
W00007376,244,229,15
W00007377,213,207,6
W00007378,252,233,19
W00007379,304,274,30
W00007380,268,253,15
W00007381,291,266,25
W00007382,306,282,24
W00007383,254,239,15
W00007384,266,250,16
W00007385,271,250,21
W00007386,224,208,16
W00007387,311,285,26
W00007388,235,220,15
W00007389,239,222,17
W00007390,295,276,19
W00007391,285,257,28
W00007392,279,262,17
W00007393,360,330,30
W00007394,281,268,13
W00007395,320,289,31
W00007396,282,261,21
W00007397,173,166,7
W00007398,258,223,35
W00007399,298,280,18
W00007400,315,267,48
W00007401,381,321,60
W00007402,348,282,66
W00007403,261,228,33
W00007404,295,259,36
W00007405,289,259,30
W00007406,283,250,33
W00007407,246,227,19
W00007408,313,273,40
W00007409,393,358,35
W00007410,272,241,31
W00007411,256,225,31
W00007412,282,258,24
W00007413,391,346,45
W00007414,270,252,18
W00007415,298,268,30
W00007416,241,220,21
W00007417,327,298,29
W00007418,292,247,45
W00007419,276,251,25
W00007420,397,342,55
W00007421,256,229,27
W00007422,289,262,27
W00007423,265,240,25
W00007424,273,240,33
W00007425,451,392,59
W00007426,376,323,53
W00007427,352,309,43
W00007428,314,271,43
W00007429,408,360,48
W00007430,268,243,25
W00007431,244,207,37
W00007432,213,201,12
W00007433,276,254,22
W00007434,265,250,15
W00007435,265,247,18
W00007436,274,239,35
W00007437,235,214,21
W00007438,254,231,23
W00007439,237,220,17
W00007440,206,186,20
W00007441,207,185,22
W00007442,244,222,22
W00007443,192,173,19
W00007444,242,226,16
W00007445,279,239,40
W00007446,311,263,48
W00007447,264,215,49
W00007448,377,320,57
W00007450,349,318,31
W00007451,270,235,35
W00007452,273,240,33
W00007453,354,277,77
W00007454,403,330,73
W00007455,320,276,44
W00007456,275,237,38
W00007457,358,318,40
W00007458,279,239,40
W00007459,292,252,40
W00007460,337,301,36
W00007461,256,231,25
W00007462,306,248,58
W00007463,310,275,35
W00007464,329,303,26
W00007465,340,298,42
W00007466,301,272,29
W00007467,157,148,9
W00007468,306,292,14
W00007469,258,242,16
W00007470,265,247,18
W00007471,275,234,41
W00007472,297,258,39
W00007473,296,246,50
W00007474,368,335,33
W00007475,260,243,17
W00007476,290,256,34
W00007477,279,259,20
W00007478,437,399,38
W00007479,365,334,31
W00007480,254,234,20
W00007481,434,388,46
W00007482,245,224,21
W00007483,391,361,30
W00007484,275,254,21
W00007485,265,236,29
W00007486,306,287,19
W00007487,301,274,27
W00007488,502,408,94
W00007489,241,206,35
W00007490,249,203,46
W00007491,319,271,48
W00007492,168,163,5
W00007493,275,238,37
W00007494,253,223,30
W00007495,252,203,49
W00007496,333,282,51
W00007498,308,263,45
W00007499,339,308,31
W00007500,231,204,27
W00007501,262,221,41
W00007502,282,258,24
W00007503,229,216,13
W00007504,273,265,8
W00007505,225,217,8
W00007506,321,308,13
W00007507,282,261,21
W00007508,262,245,17
W00007509,297,268,29
W00007510,310,295,15
W00007511,245,234,11
W00007512,292,276,16
W00007513,258,246,12
W00007514,290,273,17
W00007515,204,196,8
W00007516,277,262,15
W00007517,227,218,9
W00007518,304,288,16
W00007519,469,448,21
W00007520,202,191,11
W00007521,395,370,25
W00007522,272,259,13
W00007523,273,246,27
W00007524,286,266,20
W00007525,305,280,25
W00007526,268,256,12
W00007527,305,274,31
W00007528,276,266,10
W00007529,275,255,20
W00007530,275,260,15
W00007531,236,227,9
W00007532,273,245,28
W00007533,264,250,14
W00007534,298,291,7
W00007535,280,258,22
W00007536,277,260,17
W00007537,240,226,14
W00007538,254,236,18
W00007539,235,223,12
W00007540,246,235,11
W00007541,275,252,23
W00007542,245,229,16
W00007543,255,236,19
W00007544,220,208,12
W00007545,137,134,3
W00007546,221,216,5
W00007547,577,529,48
W00007548,252,241,11
W00007549,234,216,18
W00007550,327,304,23
W00007551,296,268,28
W00007552,267,232,35
W00007553,253,237,16
W00007554,258,237,21
W00007555,342,314,28
W00007556,380,353,27
W00007557,204,194,10
W00007558,291,271,20
W00007559,260,243,17
W00007560,213,188,25
W00007561,265,248,17
W00007562,237,224,13
W00007563,254,242,12
W00007564,301,270,31
W00007565,229,217,12
W00007566,191,179,12
W00007567,265,246,19
W00007568,290,263,27
W00007569,120,120,0
W00007570,285,271,14
W00007571,296,276,20
W00007572,237,224,13
W00007573,218,203,15
W00007574,306,287,19
W00007575,240,225,15
W00007576,315,300,15
W00007577,291,275,16
W00007578,228,216,12
W00007579,253,231,22
W00007580,242,230,12
W00007581,293,276,17
W00007582,254,231,23
W00007583,254,240,14
W00007584,291,276,15
W00007585,306,279,27
W00007586,220,201,19
W00007587,279,269,10
W00007588,316,300,16
W00007589,291,276,15
W00007590,288,269,19
W00007591,245,229,16
W00007592,260,244,16
W00007593,278,256,22
W00007594,301,282,19
W00007595,305,288,17
W00007596,316,290,26
W00007597,214,209,5
W00007598,365,331,34
W00007599,218,212,6
W00007600,274,256,18
W00007601,274,257,17
W00007602,218,207,11
W00007603,251,235,16
W00007604,242,231,11
W00007605,246,235,11
W00007606,228,223,5
W00007607,523,487,36
W00007609,248,231,17
W00007610,235,227,8
W00007611,268,253,15
W00007612,257,245,12
W00007613,463,436,27
W00007614,338,322,16
W00007615,282,273,9
W00007616,208,197,11
W00007618,278,269,9
W00007619,286,275,11
W00007620,194,189,5
W00007621,312,304,8
W00007622,322,307,15
W00007623,474,435,39
W00007624,156,145,11
W00007625,303,290,13
W00007626,294,276,18
W00007627,187,181,6
W00007628,248,221,27
W00007629,339,324,15
W00007630,259,246,13
W00007631,308,278,30
W00007632,250,238,12
W00007633,232,227,5
W00007634,463,429,34
W00007635,233,222,11
W00007636,314,284,30
W00007637,196,185,11
W00007638,232,211,21
W00007640,343,316,27
W00007641,279,265,14
W00007642,341,311,30
W00007643,223,218,5
W00007644,240,225,15
W00007645,229,217,12
W00007646,239,231,8
W00007647,308,286,22
W00007648,208,196,12
W00007649,257,253,4
W00007650,226,212,14
W00007651,229,207,22
W00007652,250,239,11
W00007653,331,306,25
W00007654,300,289,11
W00007655,287,271,16
W00007656,244,235,9
W00007657,235,214,21
W00007658,283,269,14
W00007659,214,196,18
W00007660,237,228,9
W00007661,264,253,11
W00007662,252,246,6
W00007663,257,235,22
W00007664,215,208,7
W00007665,300,285,15
W00007666,324,299,25
W00007667,324,308,16
W00007668,393,362,31
W00007669,258,239,19
W00007670,290,270,20
W00007672,184,175,9
W00007673,288,270,18
W00007674,257,239,18
W00007675,253,231,22
W00007676,248,236,12
W00007677,242,225,17
W00007678,283,260,23
W00007679,279,260,19
W00007680,251,243,8
W00007681,291,271,20
W00007682,364,354,10
W00007683,286,271,15
W00007684,268,257,11
W00007685,229,213,16
W00007686,280,267,13
W00007687,233,223,10
W00007688,246,240,6
W00007689,204,198,6
W00007690,369,336,33
W00007691,100,96,4
W00007692,260,248,12
W00007693,373,340,33
W00007694,245,229,16
W00007695,229,208,21
W00007696,189,184,5
W00007697,289,279,10
W00007698,250,232,18
W00007699,175,168,7
W00007700,258,243,15
W00007701,244,222,22
W00007702,232,223,9
W00007703,267,253,14
W00007704,197,181,16
W00007705,264,252,12
W00007706,248,215,33
W00007707,227,213,14
W00007708,248,226,22
W00007709,378,339,39
W00007710,245,234,11
W00007711,205,189,16
W00007712,193,176,17
W00007713,266,240,26
W00007714,239,229,10
W00007715,241,221,20
W00007716,278,262,16
W00007717,268,247,21
W00007718,257,244,13
W00007719,263,246,17
W00007720,290,276,14
W00007721,125,117,8
W00007722,261,243,18
W00007723,259,238,21
W00007724,164,163,1
W00007725,269,255,14
W00007726,338,322,16
W00007727,301,277,24
W00007728,261,233,28
W00007729,212,200,12
W00007730,268,254,14
W00007731,252,234,18
W00007732,166,154,12
W00007733,274,267,7
W00007734,106,100,6
W00007735,242,230,12
W00007736,310,285,25
W00007737,270,256,14
W00007738,370,333,37
W00007739,262,249,13
W00007740,206,200,6
W00007741,284,249,35
W00007742,331,301,30
W00007743,320,281,39
W00007744,336,301,35
W00007745,268,242,26
W00007746,293,272,21
W00007747,318,274,44
W00007748,279,263,16
W00007749,302,272,30
W00007750,243,224,19
W00007751,384,338,46
W00007752,278,263,15
W00007753,265,237,28
W00007754,236,222,14
W00007755,329,288,41
W00007756,235,206,29
W00007757,326,280,46
W00007758,323,272,51
W00007759,309,264,45
W00007760,354,309,45
W00007761,418,378,40
W00007762,335,296,39
W00007763,322,277,45
W00007764,232,219,13
W00007765,182,169,13
W00007766,504,444,60
W00007767,328,280,48
W00007768,299,260,39
W00007769,236,224,12
W00007770,359,320,39
W00007771,267,240,27
W00007772,256,233,23
W00007773,237,219,18
W00007774,271,244,27
W00007775,242,220,22
W00007776,111,96,15
W00007777,245,227,18
W00007778,385,354,31
W00007779,270,237,33
W00007780,237,223,14
W00007781,332,312,20
W00007782,303,277,26
W00007783,250,231,19
W00007784,272,247,25
W00007785,216,208,8
W00007786,212,200,12
W00007787,245,233,12
W00007788,230,209,21
W00007789,251,233,18
W00007790,229,219,10
W00007791,248,223,25
W00007792,415,377,38
W00007793,460,431,29
W00007794,282,263,19
W00007795,302,278,24
W00007796,262,238,24
W00007797,313,298,15
W00007798,326,283,43
W00007799,380,349,31
W00007800,287,256,31
W00007801,234,217,17
W00007802,256,241,15
W00007803,315,301,14
W00007804,245,230,15
W00007805,263,246,17
W00007806,261,249,12
W00007807,308,269,39
W00007808,246,235,11
W00007809,238,225,13
W00007810,221,206,15
W00007811,308,284,24
W00007812,277,258,19
W00007813,246,221,25
W00007814,344,313,31
W00007815,277,259,18
W00007816,292,266,26
W00007817,305,275,30
W00007818,372,356,16
W00007819,119,107,12
W00007820,341,313,28
W00007821,268,252,16
W00007822,242,219,23
W00007823,346,328,18
W00007824,346,311,35
W00007825,302,275,27
W00007826,291,259,32
W00007827,226,214,12
W00007828,308,277,31
W00007829,294,278,16
W00007830,276,257,19
W00007831,282,257,25
W00007832,268,248,20
W00007833,273,239,34
W00007834,290,258,32
W00007835,270,247,23
W00007836,340,313,27
W00007837,259,230,29
W00007838,276,254,22
W00007839,335,318,17
W00007840,292,275,17
W00007841,322,293,29
W00007842,246,227,19
W00007843,316,280,36
W00007844,321,285,36
W00007845,281,272,9
W00007846,319,304,15
W00007847,313,289,24
W00007848,322,301,21
W00007849,290,262,28
W00007850,287,263,24
W00007851,286,265,21
W00007852,141,138,3
W00007853,431,405,26
W00007854,191,181,10
W00007855,218,208,10
W00007856,211,195,16
W00007857,374,345,29
W00007859,261,236,25
W00007860,290,271,19
W00007861,356,337,19
W00007863,311,291,20
W00007864,320,303,17
W00007865,278,261,17
W00007866,345,306,39
W00007868,282,268,14
W00007869,274,258,16
W00007870,311,284,27
W00007871,234,213,21
W00007872,274,260,14
W00007873,273,246,27
W00007874,250,234,16
W00007875,231,222,9
W00007876,310,287,23
W00007877,312,281,31
W00007878,306,283,23
W00007879,390,357,33
W00007880,123,116,7
W00007881,286,261,25
W00007882,269,253,16
W00007883,296,267,29
W00007884,357,329,28
W00007885,244,234,10
W00007886,230,221,9
W00007887,281,254,27
W00007888,185,178,7
W00007889,271,248,23
W00007890,259,246,13
W00007891,262,239,23
W00007892,235,222,13
W00007893,252,236,16
W00007894,279,260,19
W00007895,466,443,23
W00007896,203,192,11
W00007897,244,219,25
W00007898,293,266,27
W00007899,275,268,7
W00007900,292,273,19
W00007901,243,236,7
W00007902,261,247,14
W00007903,327,292,35
W00007904,291,278,13
W00007905,300,264,36
W00007906,282,259,23
W00007907,291,266,25
W00007908,260,249,11
W00007909,290,260,30
W00007910,277,262,15
W00007911,226,214,12
W00007912,319,296,23
W00007913,314,298,16
W00007914,271,257,14
W00007915,262,233,29
W00007916,275,251,24
W00007918,281,252,29
W00007919,247,224,23
W00007920,250,221,29
W00007921,239,230,9
W00007922,335,307,28
W00007923,245,222,23
W00007924,243,228,15
W00007925,257,235,22
W00007926,281,263,18
W00007927,283,247,36
W00007928,289,277,12
W00007929,188,165,23
W00007930,304,278,26
W00007931,209,193,16
W00007932,248,239,9
W00007933,290,266,24
W00007934,277,254,23
W00007935,403,365,38
W00007936,265,241,24
W00007937,256,223,33
W00007938,299,277,22
W00007939,252,235,17
W00007940,195,181,14
W00007941,303,281,22
W00007942,252,227,25
W00007943,254,227,27
W00007944,293,261,32
W00007945,267,243,24
W00007946,257,240,17
W00007948,312,281,31
W00007949,271,248,23
W00007950,267,246,21
W00007951,305,279,26
W00007952,260,236,24
W00007953,274,246,28
W00007954,321,295,26
W00007955,264,252,12
W00007956,299,275,24
W00007957,316,283,33
W00007958,304,278,26
W00007959,304,283,21
W00007960,316,301,15
W00007961,375,342,33
W00007962,327,299,28
W00007963,525,473,52
W00007964,250,242,8
W00007965,294,272,22
W00007966,270,246,24
W00007967,308,279,29
W00007969,295,259,36
W00007970,255,234,21
W00007971,206,193,13
W00007972,267,239,28
W00007973,281,254,27
W00007974,194,184,10
W00007975,274,249,25
W00007976,207,193,14
W00007977,279,259,20
W00007978,184,174,10
W00007979,343,325,18
W00007980,243,225,18
W00007981,258,235,23
W00007982,249,232,17
W00007983,268,247,21
W00007984,251,236,15
W00007985,327,297,30
W00007986,255,242,13
W00007987,288,271,17
W00007988,269,242,27
W00007989,276,247,29
W00007990,289,261,28
W00007991,292,267,25
W00007992,282,274,8
W00007993,261,246,15
W00007994,231,214,17
W00007995,304,285,19
W00007996,317,282,35
W00007997,264,244,20
W00007998,227,210,17
W00007999,256,245,11
W00008000,264,245,19
W00008001,349,303,46
W00008002,362,335,27
W00008003,243,229,14
W00008004,234,225,9
W00008005,281,261,20
W00008006,281,256,25
W00008007,325,284,41
W00008008,265,249,16
W00008009,244,232,12
W00008011,315,285,30
W00008012,424,386,38
W00008013,322,291,31
W00008014,111,109,2
W00008015,138,134,4
W00008016,129,118,11
W00008017,279,267,12
W00008018,267,244,23
W00008019,269,246,23
W00008020,307,285,22
W00008021,312,282,30
W00008022,288,264,24
W00008023,290,275,15
W00008024,248,228,20
W00008025,287,270,17
W00008026,312,289,23
W00008027,173,163,10
W00008028,294,263,31
W00008029,347,323,24
W00008030,202,188,14
W00008031,254,237,17
W00008032,331,312,19
W00008033,244,230,14
W00008034,244,222,22
W00008035,234,213,21
W00008036,421,374,47
W00008037,302,277,25
W00008038,245,222,23
W00008039,161,149,12
W00008040,360,334,26
W00008041,249,237,12
W00008042,284,258,26
W00008043,336,304,32
W00008044,292,271,21
W00008045,314,285,29
W00008046,294,269,25
W00008047,402,368,34
W00008049,365,332,33
W00008050,191,182,9
W00008051,287,257,30
W00008052,289,254,35
W00008053,265,247,18
W00008055,284,255,29
W00008056,208,176,32
W00008057,357,316,41
W00008058,245,231,14
W00008059,402,364,38
W00008060,272,240,32
W00008061,257,241,16
W00008062,290,258,32
W00008063,268,233,35
W00008064,273,249,24
W00008065,339,316,23
W00008066,299,274,25
W00008067,309,276,33
W00008068,101,97,4
W00008069,247,226,21
W00008070,317,293,24
W00008071,230,208,22
W00008072,292,271,21
W00008073,242,217,25
W00008074,248,229,19
W00008075,295,266,29
W00008076,321,287,34
W00008077,293,260,33
W00008078,282,255,27
W00008079,384,346,38
W00008080,472,432,40
W00008081,309,276,33
W00008082,315,290,25
W00008083,344,318,26
W00008084,405,381,24
W00008085,251,229,22
W00008086,296,275,21
W00008087,285,264,21
W00008088,299,277,22
W00008089,273,251,22
W00008090,325,294,31
W00008091,315,294,21
W00008092,326,305,21
W00008093,207,197,10
W00008094,312,277,35
W00008096,476,442,34
W00008097,240,232,8
W00008099,290,264,26
W00008100,312,284,28
W00008101,245,229,16
W00008102,313,297,16
W00008103,275,258,17
W00008104,257,239,18
W00008105,330,304,26
W00008106,301,271,30
W00008107,243,220,23
W00008108,298,266,32
W00008109,263,233,30
W00008110,285,257,28
W00008111,271,242,29
W00008112,460,418,42
W00008113,291,268,23
W00008114,267,242,25
W00008115,293,273,20
W00008116,250,228,22
W00008117,229,209,20
W00008118,260,223,37
W00008119,286,276,10
W00008120,232,206,26
W00008121,259,237,22
W00008122,253,222,31
W00008123,271,256,15
W00008124,273,252,21
W00008125,236,212,24
W00008126,253,236,17
W00008127,235,202,33
W00008128,276,245,31
W00008129,305,286,19
W00008130,306,288,18
W00008131,270,258,12
W00008132,367,337,30
W00008133,493,451,42
W00008134,519,495,24
W00008135,337,311,26
W00008136,229,211,18
W00008137,344,312,32
W00008138,317,290,27
W00008139,312,294,18
W00008140,261,235,26
W00008141,326,298,28
W00008142,432,382,50
W00008143,273,252,21
W00008144,314,294,20
W00008145,315,282,33
W00008146,204,189,15
W00008147,310,277,33
W00008148,355,319,36
W00008149,217,200,17
W00008150,467,424,43
W00008151,244,205,39
W00008152,246,225,21
W00008153,143,125,18
W00008154,253,242,11
W00008157,442,418,24
W00008159,491,442,49
W00008160,424,398,26
W00008161,292,267,25
W00008162,281,252,29
W00008163,255,234,21
W00008164,324,309,15
W00008165,367,339,28
W00008166,323,299,24
W00008167,311,286,25
W00008168,326,300,26
W00008169,347,314,33
W00008170,339,306,33
W00008171,360,328,32
W00008172,370,327,43
W00008173,313,281,32
W00008174,257,232,25
W00008175,260,245,15
W00008176,220,185,35
W00008177,263,232,31
W00008178,487,437,50
W00008179,249,218,31
W00008180,494,462,32
W00008181,282,251,31
W00008182,441,402,39
W00008183,335,294,41
W00008184,237,214,23
W00008185,275,241,34
W00008186,295,265,30
W00008187,309,283,26
W00008188,205,189,16
W00008189,226,209,17
W00008190,458,415,43
W00008191,297,264,33
W00008192,306,274,32
W00008193,257,233,24
W00008194,304,267,37
W00008195,210,197,13
W00008196,340,312,28
W00008197,276,259,17
W00008198,220,202,18
W00008199,268,245,23
W00008200,288,261,27
W00008201,336,300,36
W00008202,315,285,30
W00008203,282,264,18
W00008204,264,241,23
W00008205,168,156,12
W00008206,340,303,37
W00008207,296,273,23
W00008208,265,245,20
W00008209,201,189,12
W00008210,216,205,11
W00008211,200,184,16
W00008212,348,316,32
W00008213,304,282,22
W00008214,419,371,48
W00008215,298,279,19
W00008216,358,327,31
W00008217,218,205,13
W00008219,230,210,20
W00008220,201,179,22
W00008222,479,437,42
W00008223,324,304,20
W00008224,297,272,25
W00008225,239,219,20
W00008226,295,273,22
W00008227,212,200,12
W00008228,268,243,25
W00008229,322,295,27
W00008230,250,232,18
W00008231,300,270,30
W00008232,367,337,30
W00008233,283,250,33
W00008234,379,336,43
W00008235,322,295,27
W00008236,363,333,30
W00008237,341,310,31
W00008238,328,301,27
W00008239,400,346,54
W00008240,298,273,25
W00008241,309,291,18
W00008242,385,353,32
W00008243,332,314,18
W00008244,212,181,31
W00008245,253,218,35
W00008246,299,274,25
W00008247,269,252,17
W00008248,254,230,24
W00008249,309,282,27
W00008250,255,238,17
W00008251,330,305,25
W00008252,323,302,21
W00008253,298,279,19
W00008254,303,275,28
W00008255,342,313,29
W00008256,265,242,23
W00008257,342,311,31
W00008258,294,272,22
W00008260,249,234,15
W00008261,348,327,21
W00008262,236,216,20
W00008263,287,266,21
W00008264,260,234,26
W00008265,254,245,9
W00008266,184,180,4
W00008267,271,248,23
W00008268,269,235,34
W00008269,268,252,16
W00008270,291,258,33
W00008271,227,214,13
W00008272,288,260,28
W00008273,236,223,13
W00008274,281,258,23
W00008275,263,243,20
W00008276,275,257,18
W00008277,292,267,25
W00008278,396,361,35
W00008279,321,278,43
W00008280,247,225,22
W00008281,372,337,35
W00008282,278,256,22
W00008283,464,441,23
W00008284,400,362,38
W00008285,482,419,63
W00008286,312,273,39
W00008287,339,305,34
W00008288,288,261,27
W00008289,340,316,24
W00008290,253,241,12
W00008291,264,247,17
W00008292,281,264,17
W00008293,261,239,22
W00008294,270,251,19
W00008295,232,219,13
W00008296,271,249,22
W00008297,251,235,16
W00008298,438,394,44
W00008299,371,332,39
W00008300,233,219,14
W00008301,355,333,22
W00008302,225,203,22
W00008303,382,358,24
W00008304,374,346,28
W00008305,300,279,21
W00008306,395,360,35
W00008307,249,235,14
W00008308,312,284,28
W00008309,287,270,17
W00008311,557,511,46
W00008313,216,206,10
W00008314,160,153,7
W00008315,305,291,14
W00008316,386,341,45
W00008317,265,246,19
W00008318,337,304,33
W00008319,315,288,27
W00008320,339,310,29
W00008321,254,238,16
W00008322,283,260,23
W00008323,287,263,24
W00008324,235,219,16
W00008325,168,154,14
W00008326,252,225,27
W00008327,267,243,24
W00008328,263,249,14
W00008329,366,335,31
W00008330,259,232,27
W00008331,225,206,19
W00008332,280,261,19
W00008333,273,239,34
W00008334,184,178,6
W00008335,295,274,21
W00008336,391,348,43
W00008337,303,268,35
W00008338,299,266,33
W00008339,277,259,18
W00008340,398,361,37
W00008341,276,249,27
W00008342,271,264,7
W00008343,310,283,27
W00008344,303,267,36
W00008345,291,269,22
W00008346,485,430,55
W00008347,264,236,28
W00008348,380,350,30
W00008349,455,428,27
W00008350,364,302,62
W00008351,306,281,25
W00008352,429,383,46
W00008353,263,235,28
W00008354,338,293,45
W00008355,359,332,27
W00008356,305,280,25
W00008357,322,306,16
W00008358,293,263,30
W00008359,249,232,17
W00008360,256,243,13
W00008361,334,307,27
W00008362,303,275,28
W00008363,450,413,37
W00008364,388,351,37
W00008365,381,358,23
W00008366,264,236,28
W00008367,300,287,13
W00008368,328,303,25
W00008369,238,229,9
W00008370,325,305,20
W00008371,351,315,36
W00008372,364,342,22
W00008373,318,296,22
W00008374,351,325,26
W00008375,274,262,12
W00008376,306,288,18
W00008377,235,224,11
W00008378,379,344,35
W00008379,322,295,27
W00008380,315,275,40
W00008381,317,290,27
W00008382,295,267,28
W00008383,273,240,33
W00008384,293,270,23
W00008385,245,227,18
W00008386,282,260,22
W00008387,273,249,24
W00008388,312,297,15
W00008389,234,214,20
W00008390,262,248,14
W00008391,272,255,17
W00008392,230,209,21
W00008393,304,281,23
W00008394,340,309,31
W00008395,285,262,23
W00008396,285,270,15
W00008397,315,288,27
W00008398,293,270,23
W00008399,307,285,22
W00008400,270,263,7
W00008401,309,280,29
W00008402,305,286,19
W00008403,318,304,14
W00008404,244,211,33
W00008405,292,276,16
W00008406,258,237,21
W00008407,336,319,17
W00008408,223,212,11
W00008409,329,308,21
W00008411,258,235,23
W00008412,267,260,7
W00008413,190,181,9
W00008414,307,286,21
W00008415,242,225,17
W00008416,239,230,9
W00008417,236,220,16
W00008418,248,227,21
W00008419,208,199,9
W00008420,301,293,8
W00008421,217,208,9
W00008422,284,251,33
W00008423,227,211,16
W00008424,358,330,28
W00008425,290,272,18
W00008426,272,255,17
W00008427,252,243,9
W00008428,291,270,21
W00008429,267,256,11
W00008430,296,270,26
W00008431,296,279,17
W00008432,277,259,18
W00008433,501,451,50
W00008434,297,279,18
W00008435,249,234,15
W00008436,294,262,32
W00008437,307,285,22
W00008438,229,217,12
W00008439,458,429,29
W00008440,251,234,17
W00008441,258,239,19
W00008442,277,256,21
W00008443,361,337,24
W00008444,537,483,54
W00008445,208,198,10
W00008446,274,249,25
W00008447,296,274,22
W00008448,290,283,7
W00008449,247,215,32
W00008450,138,136,2
W00008451,305,268,37
W00008452,302,273,29
W00008453,295,276,19
W00008454,270,243,27
W00008455,274,247,27
W00008456,352,318,34
W00008457,276,248,28
W00008458,241,222,19
W00008459,297,264,33
W00008460,199,186,13
W00008461,269,239,30
W00008462,291,281,10
W00008463,360,347,13
W00008464,308,287,21
W00008465,255,244,11
W00008466,355,322,33
W00008467,343,331,12
W00008468,187,181,6
W00008469,289,274,15
W00008470,431,407,24
W00008471,310,286,24
W00008472,268,252,16
W00008473,251,240,11
W00008474,297,271,26
W00008475,263,247,16
W00008476,415,370,45
W00008477,271,249,22
W00008478,294,264,30
W00008479,263,250,13
W00008480,222,214,8
W00008481,313,290,23
W00008482,354,324,30
W00008483,249,238,11
W00008484,244,236,8
W00008485,282,263,19
W00008486,231,222,9
W00008487,252,239,13
W00008488,343,321,22
W00008489,273,253,20
W00008490,260,239,21
W00008491,310,289,21
W00008492,163,163,0
W00008493,372,331,41
W00008494,158,148,10
W00008495,313,285,28
W00008496,255,239,16
W00008497,315,287,28
W00008499,307,279,28
W00008500,298,270,28
W00008501,293,264,29
W00008503,283,255,28
W00008504,242,227,15
W00008505,339,303,36
W00008506,520,487,33
W00008507,257,242,15
W00008508,197,184,13
W00008509,419,380,39
W00008510,319,295,24
W00008511,347,310,37
W00008512,371,338,33
W00008513,141,130,11
W00008515,490,440,50
W00008516,264,246,18
W00008517,500,458,42
W00008518,403,371,32
W00008519,212,198,14
W00008520,376,352,24
W00008521,274,259,15
W00008522,198,183,15
W00008523,241,222,19
W00008524,313,293,20
W00008526,282,264,18
W00008527,280,266,14
W00008529,286,268,18
W00008530,202,191,11
W00008531,272,257,15
W00008532,247,229,18
W00008534,293,263,30
W00008535,264,255,9
W00008536,327,307,20
W00008537,388,354,34
W00008538,258,247,11
W00008539,285,267,18
W00008540,340,321,19
W00008542,285,270,15
W00008543,264,246,18
W00008544,409,385,24
W00008545,293,274,19
W00008546,249,239,10
W00008547,318,293,25
W00008548,285,267,18
W00008549,300,288,12
W00008550,348,318,30
W00008551,282,266,16
W00008552,507,408,99
W00008553,332,318,14
W00008554,220,203,17
W00008555,340,321,19
W00008556,581,536,45
W00008557,337,312,25
W00008558,266,237,29
W00008559,189,175,14
W00008560,273,248,25
W00008561,304,287,17
W00008562,274,262,12
W00008563,309,277,32
W00008564,170,164,6
W00008565,291,279,12
W00008566,435,410,25
W00008567,320,302,18
W00008569,208,198,10
W00008570,287,274,13
W00008571,298,283,15
W00008572,297,287,10
W00008573,285,275,10
W00008574,356,344,12
W00008575,294,278,16
W00008576,319,299,20
W00008577,277,251,26
W00008578,373,348,25
W00008579,300,275,25
W00008580,336,312,24
W00008581,301,285,16
W00008582,278,259,19
W00008583,282,262,20
W00008584,171,165,6
W00008585,311,286,25
W00008586,279,261,18
W00008587,247,232,15
W00008588,266,247,19
W00008589,281,267,14
W00008590,318,300,18
W00008591,153,145,8
W00008592,264,242,22
W00008593,293,279,14
W00008594,217,197,20
W00008595,299,270,29
W00008599,348,320,28
W00008600,334,301,33
W00008601,503,467,36
W00008602,381,351,30
W00008603,432,403,29
W00008604,343,315,28
W00008605,298,266,32
W00008606,339,324,15
W00008607,427,409,18
W00008608,336,309,27
W00008610,520,500,20
W00008611,349,326,23
W00008612,219,210,9
W00008613,342,327,15
W00008614,462,433,29
W00008615,528,498,30
W00008616,177,169,8
W00008618,228,219,9
W00008619,523,470,53
W00008620,374,353,21
W00008621,199,173,26
W00008622,500,456,44
W00008623,398,380,18
W00008624,334,319,15
W00008626,278,266,12
W00008627,295,285,10
W00008628,345,321,24
W00008629,376,347,29
W00008630,352,323,29
W00008631,299,280,19
W00008632,294,277,17
W00008633,321,299,22
W00008634,269,240,29
W00008635,279,260,19
W00008636,277,272,5
W00008637,275,253,22
W00008638,285,272,13
W00008639,247,228,19
W00008640,247,234,13
W00008641,265,248,17
W00008642,247,232,15
W00008643,357,327,30
W00008644,298,281,17
W00008645,242,234,8
W00008646,364,349,15
W00008647,101,99,2
W00008648,325,298,27
W00008649,354,332,22
W00008650,319,294,25
W00008651,274,256,18
W00008652,137,116,21
W00008653,293,274,19
W00008654,279,261,18
W00008656,347,324,23
W00008657,312,294,18
W00008658,303,276,27
W00008659,256,237,19
W00008660,273,246,27
W00008661,216,199,17
W00008662,358,331,27
W00008663,203,193,10
W00008665,286,264,22
W00008666,309,288,21
W00008667,306,281,25
W00008668,278,266,12
W00008669,314,295,19
W00008670,326,296,30
W00008671,191,179,12
W00008672,229,216,13
W00008673,321,294,27
W00008674,292,264,28
W00008675,195,183,12
W00008676,440,411,29
W00008678,508,471,37
W00008679,365,335,30
W00008680,300,274,26
W00008681,289,270,19
W00008682,239,221,18
W00008683,355,335,20
W00008684,270,261,9
W00008685,294,270,24
W00008686,310,273,37
W00008687,310,290,20
W00008688,311,286,25
W00008689,289,258,31
W00008690,266,246,20
W00008691,238,218,20
W00008692,398,355,43
W00008693,274,257,17
W00008694,248,239,9
W00008695,283,270,13
W00008696,310,281,29
W00008697,301,273,28
W00008698,313,283,30
W00008699,242,217,25
W00008700,284,255,29
W00008701,317,297,20
W00008702,356,322,34
W00008703,255,246,9
W00008704,288,273,15
W00008705,334,311,23
W00008706,312,285,27
W00008707,242,210,32
W00008708,273,246,27
W00008709,332,274,58
W00008710,241,229,12
W00008711,304,281,23
W00008712,217,203,14
W00008713,321,296,25
W00008714,263,249,14
W00008715,179,174,5
W00008716,382,364,18
W00008717,285,257,28
W00008718,254,236,18
W00008719,275,251,24
W00008720,277,258,19
W00008721,250,233,17
W00008722,241,224,17
W00008723,254,230,24
W00008724,279,253,26
W00008725,278,241,37
W00008726,292,271,21
W00008727,261,242,19
W00008728,288,249,39
W00008729,256,226,30
W00008730,209,200,9
W00008731,379,368,11
W00008732,412,389,23
W00008734,184,170,14
W00008735,271,258,13
W00008736,277,253,24
W00008737,311,280,31
W00008738,271,239,32
W00008739,229,216,13
W00008740,299,276,23
W00008741,369,359,10
W00008742,517,496,21
W00008743,262,241,21
W00008744,310,291,19
W00008745,235,225,10
W00008746,384,342,42
W00008750,223,204,19
W00008751,344,325,19
W00008752,138,137,1
W00008753,358,332,26
W00008755,144,144,0
W00008757,332,302,30
W00008758,267,258,9
W00008759,288,269,19
W00008760,346,317,29
W00008761,393,361,32
W00008763,373,350,23
W00008764,464,427,37
W00008765,294,274,20
W00008767,528,492,36
W00008768,383,371,12
W00008769,292,271,21
W00008770,276,242,34
W00008771,269,256,13
W00008773,304,288,16
W00008774,292,274,18
W00008775,303,293,10
W00008776,289,277,12
W00008777,328,298,30
W00008779,361,336,25
W00008780,409,380,29
W00008781,416,388,28
W00008782,366,351,15
W00008784,408,382,26
W00008785,378,354,24
W00008786,322,294,28
W00008788,398,364,34
W00008789,280,257,23
W00008790,274,253,21
W00008791,215,210,5
W00008792,263,247,16
W00008794,439,406,33
W00008795,376,340,36
W00008797,336,300,36
W00008798,418,358,60
W00008799,387,337,50
W00008800,375,341,34
W00008801,331,298,33
W00008803,359,336,23
W00008804,474,425,49
W00008807,434,386,48
W00008811,237,213,24
W00008813,248,213,35
W00008814,488,459,29
W00008816,395,388,7
W00008817,340,330,10
W00008818,521,493,28
W00008819,277,257,20
W00008820,610,525,85
W00008821,483,416,67
W00008822,329,298,31
W00008823,331,294,37
W00008824,421,393,28
W00008825,281,261,20
W00008826,363,322,41
W00008827,322,303,19
W00008828,317,279,38
W00008829,455,405,50
W00008830,311,285,26
W00008831,353,322,31
W00008832,244,218,26
W00008833,481,432,49
W00008834,281,271,10
W00008835,346,320,26
W00008836,255,240,15
W00008837,371,328,43
W00008838,248,222,26
W00008839,202,188,14
W00008840,361,327,34
W00008841,286,265,21
W00008842,412,370,42
W00008843,369,345,24
W00008844,305,274,31
W00008845,258,231,27
W00008846,230,201,29
W00008847,340,314,26
W00008848,281,251,30
W00008849,248,228,20
W00008850,398,360,38
W00008851,296,281,15
W00008852,223,196,27
W00008853,276,186,90
W00008854,317,233,84
W00008855,306,235,71
W00008856,263,199,64
W00008857,260,190,70
W00008858,251,186,65
W00008859,342,253,89
W00008860,243,173,70
W00008861,365,323,42
W00008862,235,184,51
W00008863,229,184,45
W00008864,290,235,55
W00008865,251,201,50
W00008866,240,161,79
W00008867,288,207,81
W00008868,301,222,79
W00008869,415,350,65
W00008870,309,242,67
W00008871,344,251,93
W00008872,272,222,50
W00008873,302,225,77
W00008874,353,265,88
W00008875,364,232,132
W00008877,308,228,80
W00008878,402,302,100
W00008879,284,182,102
W00008880,366,288,78
W00008881,348,285,63
W00008882,356,312,44
W00008883,280,251,29
W00008884,255,233,22
W00008886,365,216,149
W00008887,312,192,120
W00008888,229,200,29
W00008889,290,194,96
W00008890,289,190,99
W00008891,220,175,45
W00008892,313,166,147
W00008893,338,269,69
W00008894,311,217,94
W00008895,266,183,83
W00008896,234,168,66
W00008897,188,154,34
W00008899,473,424,49
W00008901,532,474,58
W00008902,544,477,67
W00008903,555,495,60
W00008906,424,392,32
W00008909,513,459,54
W00008910,622,570,52
W00008911,319,285,34
W00008912,537,486,51
W00008913,432,385,47
W00008915,435,407,28
W00008916,471,430,41
W00008918,477,415,62
W00008919,263,242,21
W00008920,474,426,48
W00008921,298,263,35
W00008922,537,485,52
W00008923,403,341,62
W00008924,490,444,46
W00008925,434,387,47
W00008926,354,296,58
W00008927,417,362,55
W00008929,378,343,35
W00008931,444,392,52
W00008932,551,490,61
W00008933,407,367,40
W00008934,289,212,77
W00008935,314,265,49
W00008936,332,228,104
W00008937,301,231,70
W00008938,293,237,56
W00008939,265,214,51
W00008940,274,195,79
W00008941,249,209,40
W00008942,243,174,69
W00008943,391,356,35
W00008945,277,238,39
W00008947,272,243,29
W00008948,337,289,48
W00008949,318,269,49
W00008950,363,327,36
W00008951,399,329,70
W00008952,318,278,40
W00008953,333,279,54
W00008954,340,296,44
W00008955,354,291,63
W00008956,302,272,30
W00008957,323,293,30
W00008958,269,236,33
W00008959,332,282,50
W00008960,361,320,41
W00008961,337,307,30
W00008962,256,225,31
W00008963,294,263,31
W00008964,326,304,22
W00008965,376,342,34
W00008966,307,254,53
W00008967,139,126,13
W00008969,274,243,31
W00008970,295,259,36
W00008971,326,284,42
W00008972,332,307,25
W00008974,273,239,34
W00008975,262,214,48
W00008976,329,299,30
W00008977,332,283,49
W00008978,213,196,17
W00008979,282,251,31
W00008980,304,268,36
W00008981,308,298,10
W00008982,249,240,9
W00008983,263,239,24
W00008984,338,298,40
W00008985,394,379,15
W00008986,332,319,13
W00008987,307,281,26
W00008988,292,275,17
W00008989,309,280,29
W00008990,275,255,20
W00008991,311,293,18
W00008992,352,321,31
W00008993,303,280,23
W00008994,258,242,16
W00008995,339,310,29
W00008996,280,250,30
W00008997,284,261,23
W00008998,304,283,21
W00008999,349,324,25
W00009000,352,313,39
W00009001,331,302,29
W00009002,383,354,29
W00009003,410,368,42
W00009004,310,296,14
W00009005,370,345,25
W00009006,289,263,26
W00009007,222,197,25
W00009008,330,294,36
W00009009,316,273,43
W00009010,320,300,20
W00009011,303,281,22
W00009012,232,209,23
W00009013,308,276,32
W00009014,345,316,29
W00009015,410,364,46
W00009016,232,215,17
W00009017,241,222,19
W00009018,285,273,12
W00009019,289,269,20
W00009020,261,243,18
W00009021,397,353,44
W00009022,235,211,24
W00009023,263,238,25
W00009024,306,279,27
W00009025,323,292,31
W00009026,261,227,34
W00009027,303,278,25
W00009028,190,183,7
W00009029,289,272,17
W00009030,301,275,26
W00009031,305,278,27
W00009032,296,273,23
W00009033,293,262,31
W00009034,292,256,36
W00009035,330,268,62
W00009036,358,321,37
W00009037,263,243,20
W00009038,224,209,15
W00009039,277,243,34
W00009040,296,271,25
W00009041,233,214,19
W00009042,281,249,32
W00009043,406,361,45
W00009044,224,214,10
W00009045,311,274,37
W00009046,233,206,27
W00009047,269,241,28
W00009048,304,265,39
W00009049,322,295,27
W00009050,300,266,34
W00009051,309,279,30
W00009052,197,186,11
W00009053,182,157,25
W00009054,322,285,37
W00009055,352,301,51
W00009056,302,267,35
W00009057,299,256,43
W00009058,210,181,29
W00009059,318,284,34
W00009060,329,290,39
W00009061,261,228,33
W00009062,248,214,34
W00009063,229,202,27
W00009064,301,275,26
W00009065,308,277,31
W00009066,314,281,33
W00009067,306,260,46
W00009068,259,224,35
W00009069,305,271,34
W00009070,334,289,45
W00009071,241,220,21
W00009072,274,250,24
W00009073,392,341,51
W00009074,363,314,49
W00009075,340,275,65
W00009077,340,282,58
W00009080,393,355,38
W00009081,297,257,40
W00009082,373,319,54
W00009084,291,248,43
W00009085,427,367,60
W00009086,329,261,68
W00009087,372,301,71
W00009088,472,414,58
W00009089,335,295,40
W00009090,370,318,52
W00009091,369,351,18
W00009092,283,248,35
W00009093,347,319,28
W00009094,235,212,23
W00009095,383,350,33
W00009096,432,369,63
W00009097,323,281,42
W00009098,371,331,40
W00009099,281,221,60
W00009100,387,348,39
W00009101,439,406,33
W00009102,262,233,29
W00009104,508,472,36
W00009105,430,379,51
W00009106,365,323,42
W00009107,346,295,51
W00009108,279,230,49
W00009109,190,175,15
W00009110,374,305,69
W00009111,323,280,43
W00009112,387,351,36
W00009113,325,272,53
W00009114,408,355,53
W00009115,306,282,24
W00009116,317,252,65
W00009117,447,411,36
W00009118,248,233,15
W00009119,353,318,35
W00009120,374,330,44
W00009121,295,289,6
W00009123,496,432,64
W00009125,342,295,47
W00009126,352,313,39
W00009127,334,293,41
W00009128,337,296,41
W00009129,441,405,36
W00009130,262,230,32
W00009131,328,283,45
W00009132,299,278,21
W00009133,297,273,24
W00009134,245,192,53
W00009135,377,354,23
W00009136,314,270,44
W00009137,227,180,47
W00009138,303,255,48
W00009139,282,256,26
W00009140,387,322,65
W00009141,457,412,45
W00009142,204,176,28
W00009143,284,229,55
W00009144,265,232,33
W00009145,289,250,39
W00009146,317,250,67
W00009147,279,243,36
W00009148,116,106,10
W00009149,361,298,63
W00009150,341,297,44
W00009151,317,278,39
W00009152,338,288,50
W00009153,297,273,24
W00009154,398,328,70
W00009155,184,167,17
W00009156,254,219,35
W00009157,478,417,61
W00009159,427,393,34
W00009160,329,280,49
W00009161,393,343,50
W00009162,266,216,50
W00009163,315,236,79
W00009164,320,259,61
W00009165,262,220,42
W00009166,301,258,43
W00009168,233,208,25
W00009169,341,283,58
W00009170,299,247,52
W00009171,510,469,41
W00009172,300,262,38
W00009173,245,215,30
W00009174,328,272,56
W00009175,326,269,57
W00009176,353,309,44
W00009177,320,274,46
W00009178,243,210,33
W00009179,319,284,35
W00009180,335,290,45
W00009181,517,462,55
W00009182,306,274,32
W00009183,411,357,54
W00009184,299,261,38
W00009186,269,182,87
W00009187,263,211,52
W00009188,313,259,54
W00009189,280,257,23
W00009190,303,278,25
W00009191,454,396,58
W00009192,223,191,32
W00009193,207,169,38
W00009194,351,303,48
W00009195,330,288,42
W00009196,277,221,56
W00009197,291,224,67
W00009198,420,271,149
W00009199,293,217,76
W00009200,293,234,59
W00009201,284,236,48
W00009202,253,202,51
W00009203,216,168,48
W00009204,242,202,40
W00009205,316,258,58
W00009206,287,255,32
W00009207,216,194,22
W00009208,316,276,40
W00009209,247,228,19
W00009210,224,203,21
W00009211,255,220,35
W00009212,238,201,37
W00009213,285,178,107
W00009214,250,222,28
W00009215,280,261,19
W00009216,336,284,52
W00009217,260,233,27
W00009218,292,256,36
W00009219,255,204,51
W00009220,319,283,36
W00009221,340,298,42
W00009222,264,253,11
W00009223,326,285,41
W00009224,295,263,32
W00009225,301,237,64
W00009226,321,294,27
W00009227,257,211,46
W00009228,254,207,47
W00009229,350,249,101
W00009230,341,314,27
W00009231,244,222,22
W00009232,333,297,36
W00009233,327,290,37
W00009234,238,194,44
W00009235,316,260,56
W00009236,355,314,41
W00009237,420,382,38
W00009238,283,232,51
W00009239,311,282,29
W00009240,289,249,40
W00009241,315,289,26
W00009242,331,289,42
W00009243,326,283,43
W00009244,257,212,45
W00009245,452,378,74
W00009246,338,288,50
W00009247,300,257,43
W00009248,281,253,28
W00009249,297,247,50
W00009250,274,243,31
W00009251,373,307,66
W00009252,406,337,69
W00009253,297,261,36
W00009254,334,293,41
W00009255,276,236,40
W00009256,362,300,62
W00009258,355,320,35
W00009259,259,245,14
W00009260,302,281,21
W00009261,333,291,42
W00009262,274,240,34
W00009263,385,338,47
W00009264,287,255,32
W00009265,263,237,26
W00009266,244,200,44
W00009267,228,198,30
W00009268,224,194,30
W00009269,260,235,25
W00009270,261,244,17
W00009271,217,192,25
W00009272,274,242,32
W00009273,223,196,27
W00009274,267,240,27
W00009275,233,202,31
W00009276,339,278,61
W00009277,265,233,32
W00009278,235,224,11
W00009279,262,231,31
W00009280,310,268,42
W00009281,365,321,44
W00009282,274,247,27
W00009283,303,247,56
W00009284,301,272,29
W00009285,315,260,55
W00009286,265,236,29
W00009287,272,237,35
W00009288,314,281,33
W00009289,273,259,14
W00009290,293,253,40
W00009291,210,195,15
W00009292,333,290,43
W00009293,360,323,37
W00009294,247,239,8
W00009295,363,339,24
W00009296,273,244,29
W00009297,317,300,17
W00009298,268,255,13
W00009299,370,353,17
W00009300,287,273,14
W00009301,321,291,30
W00009302,313,283,30
W00009303,270,245,25
W00009304,308,258,50
W00009305,252,232,20
W00009306,251,231,20
W00009307,311,278,33
W00009308,241,227,14
W00009309,313,289,24
W00009310,314,288,26
W00009311,281,246,35
W00009312,348,316,32
W00009313,190,174,16
W00009314,274,252,22
W00009315,290,242,48
W00009316,256,236,20
W00009317,297,282,15
W00009318,367,346,21
W00009319,314,289,25
W00009320,320,297,23
W00009321,297,254,43
W00009322,378,357,21
W00009323,335,305,30
W00009324,302,290,12
W00009325,363,332,31
W00009326,305,288,17
W00009327,274,255,19
W00009328,327,302,25
W00009329,329,304,25
W00009330,450,395,55
W00009331,362,344,18
W00009332,321,306,15
W00009333,342,309,33
W00009334,278,258,20
W00009335,340,321,19
W00009336,282,262,20
W00009337,480,438,42
W00009338,313,273,40
W00009339,368,354,14
W00009340,405,368,37
W00009341,312,276,36
W00009342,400,378,22
W00009343,273,252,21
W00009344,376,360,16
W00009345,382,354,28
W00009346,336,315,21
W00009347,253,220,33
W00009348,302,274,28
W00009349,273,255,18
W00009350,229,205,24
W00009351,339,321,18
W00009352,331,302,29
W00009353,332,309,23
W00009354,379,353,26
W00009355,254,233,21
W00009356,381,332,49
W00009357,302,281,21
W00009358,432,400,32
W00009359,255,229,26
W00009360,312,295,17
W00009361,409,375,34
W00009362,296,268,28
W00009363,191,183,8
W00009364,313,289,24
W00009365,250,230,20
W00009366,358,318,40
W00009367,293,274,19
W00009368,302,282,20
W00009369,399,382,17
W00009371,333,306,27
W00009372,342,317,25
W00009373,307,282,25
W00009374,306,287,19
W00009375,408,300,108
W00009376,387,307,80
W00009377,276,227,49
W00009378,352,285,67
W00009379,249,197,52
W00009380,253,206,47
W00009381,294,243,51
W00009382,277,232,45
W00009383,281,222,59
W00009384,345,256,89
W00009385,375,286,89
W00009386,412,374,38
W00009387,292,258,34
W00009389,364,309,55
W00009390,347,296,51
W00009391,415,377,38
W00009392,310,255,55
W00009393,244,213,31
W00009394,330,268,62
W00009395,280,215,65
W00009396,313,260,53
W00009397,339,281,58
W00009398,265,241,24
W00009399,301,244,57
W00009400,356,299,57
W00009401,312,267,45
W00009402,296,244,52
W00009403,326,282,44
W00009404,263,232,31
W00009405,250,229,21
W00009407,315,231,84
W00009408,248,233,15
W00009409,301,256,45
W00009410,350,328,22
W00009411,394,317,77
W00009412,312,261,51
W00009413,283,239,44
W00009414,266,240,26
W00009415,341,301,40
W00009416,343,295,48
W00009417,276,246,30
W00009418,266,230,36
W00009419,280,229,51
W00009420,334,288,46
W00009421,281,250,31
W00009422,318,260,58
W00009423,369,330,39
W00009424,370,347,23
W00009425,334,296,38
W00009426,286,252,34
W00009427,293,269,24
W00009428,388,351,37
W00009429,272,252,20
W00009430,238,204,34
W00009431,241,210,31
W00009432,262,231,31
W00009433,438,392,46
W00009434,400,373,27
W00009435,188,168,20
W00009436,314,274,40
W00009437,343,314,29
W00009438,232,202,30
W00009439,285,253,32
W00009440,297,261,36
W00009441,416,387,29
W00009442,203,171,32
W00009443,312,289,23
W00009444,298,272,26
W00009445,255,227,28
W00009446,379,346,33
W00009447,239,220,19
W00009448,305,287,18
W00009450,386,368,18
W00009451,374,325,49
W00009452,338,292,46
W00009453,344,277,67
W00009454,413,390,23
W00009455,182,166,16
W00009456,367,336,31
W00009457,325,277,48
W00009458,300,247,53
W00009459,244,216,28
W00009460,374,329,45
W00009461,281,240,41
W00009462,351,311,40
W00009463,337,294,43
W00009464,273,239,34
W00009465,429,386,43
W00009466,331,289,42
W00009467,315,277,38
W00009468,477,422,55
W00009469,228,201,27
W00009470,246,212,34
W00009472,238,209,29
W00009473,290,256,34
W00009474,332,259,73
W00009475,263,246,17
W00009476,622,574,48
W00009480,208,192,16
W00009481,374,347,27
W00009482,312,293,19
W00009483,188,173,15
W00009484,244,235,9
W00009486,348,305,43
W00009487,271,235,36
W00009488,325,298,27
W00009489,269,243,26
W00009490,457,406,51
W00009491,465,417,48
W00009492,200,179,21
W00009493,302,267,35
W00009494,444,398,46
W00009495,291,258,33
W00009496,303,270,33
W00009497,401,363,38
W00009499,257,236,21
W00009500,286,263,23
W00009501,367,321,46
W00009502,360,313,47
W00009503,555,473,82
W00009505,227,189,38
W00009506,286,253,33
W00009507,312,276,36
W00009508,314,282,32
W00009509,303,251,52
W00009510,311,285,26
W00009511,347,292,55
W00009512,367,303,64
W00009514,297,253,44
W00009515,297,251,46
W00009516,463,381,82
W00009517,275,229,46
W00009518,273,238,35
W00009519,224,202,22
W00009520,289,251,38
W00009521,295,271,24
W00009522,272,241,31
W00009524,264,234,30
W00009525,303,256,47
W00009526,367,305,62
W00009527,322,278,44
W00009528,252,226,26
W00009529,334,296,38
W00009530,255,223,32
W00009531,264,224,40
W00009532,305,277,28
W00009533,248,216,32
W00009534,193,175,18
W00009535,253,231,22
W00009536,258,226,32
W00009537,234,199,35
W00009538,205,194,11
W00009539,309,230,79
W00009540,281,219,62
W00009541,268,219,49
W00009542,245,182,63
W00009543,315,234,81
W00009544,280,225,55
W00009545,295,251,44
W00009546,238,214,24
W00009547,266,236,30
W00009548,272,229,43
W00009549,314,264,50
W00009550,254,223,31
W00009551,261,234,27
W00009552,234,209,25
W00009553,281,255,26
W00009554,235,204,31
W00009555,253,219,34
W00009556,315,264,51
W00009557,407,380,27
W00009558,305,236,69
W00009559,373,332,41
W00009560,420,384,36
W00009561,336,295,41
W00009562,302,282,20
W00009563,279,260,19
W00009564,341,288,53
W00009565,383,332,51
W00009566,407,376,31
W00009567,263,238,25
W00009568,376,346,30
W00009569,295,263,32
W00009570,421,395,26
W00009571,344,316,28
W00009572,336,306,30
W00009573,349,328,21
W00009574,365,318,47
W00009575,147,140,7
W00009576,270,232,38
W00009577,247,179,68
W00009578,276,196,80
W00009579,192,163,29
W00009580,289,241,48
W00009581,280,220,60
W00009582,281,225,56
W00009583,315,216,99
W00009584,279,205,74
W00009585,237,182,55
W00009586,320,258,62
W00009587,246,182,64
W00009588,305,266,39
W00009589,264,206,58
W00009590,253,178,75
W00009591,299,248,51
W00009592,283,218,65
W00009593,245,187,58
W00009594,282,214,68
W00009595,351,240,111
W00009596,267,191,76
W00009597,349,303,46
W00009598,433,412,21
W00009599,320,278,42
W00009600,309,287,22
W00009601,312,286,26
W00009602,301,269,32
W00009603,314,282,32
W00009604,252,232,20
W00009605,306,281,25
W00009606,263,248,15
W00009607,299,262,37
W00009608,315,293,22
W00009609,302,285,17
W00009610,369,316,53
W00009611,307,277,30
W00009612,299,264,35
W00009613,299,274,25
W00009614,279,251,28
W00009615,353,330,23
W00009616,354,326,28
W00009617,187,176,11
W00009618,317,286,31
W00009619,342,313,29
W00009620,293,272,21
W00009621,287,257,30
W00009622,269,246,23
W00009623,279,252,27
W00009624,468,428,40
W00009625,271,247,24
W00009626,285,271,14
W00009627,268,250,18
W00009629,356,306,50
W00009630,343,302,41
W00009631,303,276,27
W00009632,301,272,29
W00009633,311,283,28
W00009634,289,249,40
W00009635,299,272,27
W00009636,318,269,49
W00009637,272,242,30
W00009638,253,225,28
W00009639,414,366,48
W00009640,319,284,35
W00009641,245,219,26
W00009642,279,256,23
W00009643,269,220,49
W00009644,215,194,21
W00009645,409,385,24
W00009646,312,297,15
W00009647,358,327,31
W00009648,273,257,16
W00009649,363,343,20
W00009650,229,210,19
W00009651,380,344,36
W00009652,349,319,30
W00009653,428,390,38
W00009654,280,249,31
W00009655,289,276,13
W00009657,199,185,14
W00009658,278,246,32
W00009659,333,294,39
W00009660,321,288,33
W00009661,296,267,29
W00009662,300,284,16
W00009663,308,285,23
W00009664,286,257,29
W00009665,302,275,27
W00009666,143,139,4
W00009667,214,187,27
W00009668,265,229,36
W00009669,453,415,38
W00009670,388,359,29
W00009671,280,254,26
W00009672,314,278,36
W00009673,319,290,29
W00009675,313,282,31
W00009676,364,356,8
W00009677,262,240,22
W00009678,232,214,18
W00009679,349,309,40
W00009680,370,340,30
W00009681,298,292,6
W00009682,350,335,15
W00009683,302,274,28
W00009684,281,256,25
W00009686,305,283,22
W00009687,338,312,26
W00009688,292,264,28
W00009689,226,201,25
W00009690,434,396,38
W00009691,546,513,33
W00009692,349,309,40
W00009693,345,320,25
W00009694,230,211,19
W00009695,334,311,23
W00009696,288,267,21
W00009697,290,263,27
W00009698,257,235,22
W00009699,235,217,18
W00009700,282,264,18
W00009701,208,197,11
W00009702,369,336,33
W00009703,230,207,23
W00009704,317,280,37
W00009705,258,227,31
W00009706,305,282,23
W00009707,290,260,30
W00009708,318,296,22
W00009710,375,338,37
W00009711,332,298,34
W00009712,281,257,24
W00009713,369,336,33
W00009714,310,275,35
W00009715,370,349,21
W00009716,309,261,48
W00009717,272,227,45
W00009718,353,307,46
W00009719,309,286,23
W00009720,289,248,41
W00009721,249,227,22
W00009722,274,195,79
W00009723,278,187,91
W00009724,330,224,106
W00009725,312,220,92
W00009726,328,225,103
W00009727,283,237,46
W00009728,303,271,32
W00009729,276,240,36
W00009730,234,205,29
W00009731,248,218,30
W00009732,206,183,23
W00009733,286,227,59
W00009734,226,190,36
W00009735,521,474,47
W00009736,297,259,38
W00009737,276,242,34
W00009738,266,238,28
W00009739,329,271,58
W00009740,449,377,72
W00009741,331,259,72
W00009742,263,227,36
W00009743,303,269,34
W00009744,234,207,27
W00009745,260,210,50
W00009746,298,233,65
W00009747,254,197,57
W00009748,209,173,36
W00009749,354,251,103
W00009750,275,247,28
W00009751,423,349,74
W00009752,126,109,17
W00009753,198,156,42
W00009754,178,166,12
W00009755,251,198,53
W00009756,196,175,21
W00009757,317,254,63
W00009758,304,211,93
W00009759,256,199,57
W00009760,318,287,31
W00009761,302,239,63
W00009762,356,251,105
W00009763,285,238,47
W00009764,252,226,26
W00009765,269,199,70
W00009766,282,233,49
W00009767,316,215,101
W00009768,275,240,35
W00009769,199,188,11
W00009770,223,194,29
W00009771,218,195,23
W00009772,389,228,161
W00009773,157,103,54
W00009774,354,315,39
W00009775,234,216,18
W00009776,460,424,36
W00009777,345,299,46
W00009778,180,147,33
W00009779,305,274,31
W00009780,169,148,21
W00009781,337,296,41
W00009782,419,362,57
W00009783,286,240,46
W00009784,152,110,42
W00009785,417,269,148
W00009786,322,228,94
W00009787,374,335,39
W00009788,354,318,36
W00009789,155,134,21
W00009790,267,252,15
W00009791,372,332,40
W00009792,267,251,16
W00009793,99,89,10
W00009794,257,240,17
W00009795,262,249,13
W00009796,468,413,55
W00009797,179,167,12
W00009798,247,227,20
W00009800,419,361,58
W00009801,281,267,14
W00009802,297,279,18
W00009803,323,278,45
W00009804,446,405,41
W00009805,248,218,30
W00009806,275,248,27
W00009807,372,327,45
W00009808,307,290,17
W00009809,113,109,4
W00009810,289,256,33
W00009811,161,141,20
W00009813,258,238,20
W00009814,123,118,5
W00009815,273,235,38
W00009816,255,237,18
W00009817,421,392,29
W00009818,246,220,26
W00009819,211,189,22
W00009820,159,144,15
W00009821,292,260,32
W00009822,271,244,27
W00009823,467,391,76
W00009824,185,165,20
W00009825,339,303,36
W00009826,421,392,29
W00009827,300,262,38
W00009828,221,199,22
W00009829,253,235,18
W00009830,273,240,33
W00009831,135,124,11
W00009832,280,246,34
W00009833,249,218,31
W00009835,255,208,47
W00009836,343,323,20
W00009837,226,215,11
W00009838,162,146,16
W00009839,200,185,15
W00009840,329,295,34
W00009842,243,207,36
W00009843,280,245,35
W00009844,250,215,35
W00009845,133,118,15
W00009846,226,208,18
W00009847,292,251,41
W00009848,563,477,86
W00009849,307,274,33
W00009850,297,272,25
W00009851,127,115,12
W00009852,190,182,8
W00009853,115,102,13
W00009854,420,388,32
W00009856,228,211,17
W00009857,318,302,16
W00009858,267,242,25
W00009859,368,319,49
W00009860,297,283,14
W00009861,324,280,44
W00009862,413,352,61
W00009863,311,290,21
W00009864,416,389,27
W00009865,262,230,32
W00009866,324,298,26
W00009867,457,408,49
W00009868,366,338,28
W00009869,333,287,46
W00009870,272,248,24
W00009871,378,344,34
W00009872,301,268,33
W00009873,356,347,9
W00009874,159,145,14
W00009875,294,265,29
W00009877,266,247,19
W00009878,396,367,29
W00009879,328,304,24
W00009880,364,326,38
W00009881,382,329,53
W00009882,356,319,37
W00009883,309,277,32
W00009884,224,199,25
W00009885,305,285,20
W00009886,112,106,6
W00009887,192,174,18
W00009888,320,295,25
W00009889,145,138,7
W00009890,261,235,26
W00009891,325,284,41
W00009892,340,301,39
W00009893,297,240,57
W00009894,838,760,78
W00009895,406,351,55
W00009896,348,290,58
W00009897,399,294,105
W00009898,322,259,63
W00009899,317,234,83
W00009900,503,415,88
W00009901,353,307,46
W00009902,430,348,82
W00009903,321,234,87
W00009904,186,163,23
W00009905,250,196,54
W00009906,190,164,26
W00009907,310,249,61
W00009908,515,426,89
W00009909,380,273,107
W00009910,279,233,46
W00009911,373,282,91
W00009912,416,345,71
W00009913,259,221,38
W00009914,330,285,45
W00009915,266,211,55
W00009916,211,170,41
W00009917,379,346,33
W00009919,350,302,48
W00009920,481,415,66
W00009921,357,308,49
W00009922,247,211,36
W00009923,283,234,49
W00009924,271,227,44
W00009925,292,250,42
W00009926,229,198,31
W00009927,354,280,74
W00009928,450,391,59
W00009929,325,278,47
W00009930,277,242,35
W00009931,290,236,54
W00009932,346,295,51
W00009933,418,384,34
W00009934,330,299,31
W00009935,242,197,45
W00009936,344,284,60
W00009937,252,233,19
W00009938,265,246,19
W00009939,353,298,55
W00009940,194,164,30
W00009941,368,334,34
W00009942,264,241,23
W00009943,320,278,42
W00009944,275,235,40
W00009945,324,278,46
W00009946,266,237,29
W00009948,481,422,59
W00009949,476,430,46
W00009950,390,351,39
W00009951,401,352,49
W00009952,341,290,51
W00009953,430,398,32
W00009954,325,295,30
W00009955,289,263,26
W00009956,236,209,27
W00009957,285,255,30
W00009958,348,312,36
W00009959,597,526,71
W00009960,257,216,41
W00009961,405,361,44
W00009962,250,229,21
W00009963,396,348,48
W00009964,354,320,34
W00009965,271,243,28
W00009966,372,328,44
W00009967,417,368,49
W00009968,336,305,31
W00009969,126,112,14
W00009970,240,218,22
W00009971,393,356,37
W00009972,231,214,17
W00009973,372,328,44
W00009974,214,176,38
W00009975,355,312,43
W00009977,246,113,133
W00009978,254,117,137
W00009979,247,83,164
W00009980,203,100,103
W00009981,222,126,96
W00009982,1563,1457,106
W00009983,599,564,35
W00009985,353,335,18
W00009986,291,242,49
W00009987,329,282,47
W00009988,197,153,44
W00009989,341,161,180
W00009991,573,258,315
W00009992,276,173,103
W00009994,327,251,76
W00009995,313,225,88
W00009997,174,116,58
W00009998,164,121,43
W00010000,175,93,82
W00010001,283,186,97
W00010003,238,163,75
W00010004,390,250,140
W00010007,163,135,28
W00010009,272,223,49
W00010010,204,172,32
W00010011,258,227,31
W00010012,238,210,28
W00010013,301,250,51
W00010014,388,321,67
W00010015,265,220,45
W00010016,231,190,41
W00010017,285,243,42
W00010018,299,241,58
W00010021,309,263,46
W00010022,389,374,15
W00010023,391,325,66
W00010024,379,339,40
W00010025,192,148,44
W00010026,276,242,34
W00010027,516,447,69
W00010028,217,199,18
W00010029,314,271,43
W00010030,203,170,33
W00010031,256,240,16
W00010032,280,242,38
W00010033,288,241,47
W00010034,331,266,65
W00010035,235,219,16
W00010036,500,404,96
W00010037,322,288,34
W00010038,319,278,41
W00010039,265,228,37
W00010040,509,447,62
W00010042,414,364,50
W00010046,372,287,85
W00010048,169,122,47
W00010049,1472,1152,320
W00010051,120,75,45
W00010052,361,313,48
W00010054,298,124,174
W00010057,242,196,46
W00010058,253,219,34
W00010060,281,168,113
W00010061,109,64,45
W00010063,131,78,53
W00010064,140,99,41
W00010066,319,191,128
W00010067,272,206,66
W00010069,234,169,65
W00010070,251,233,18
W00010072,135,124,11
W00010073,1112,973,139
W00010075,313,299,14
W00010076,219,198,21
W00010078,378,318,60
W00010079,280,217,63
W00010081,293,206,87
W00010082,174,139,35
W00010084,343,292,51
W00010085,203,138,65
W00010087,241,219,22
W00010090,263,250,13
W00010091,142,129,13
W00010093,209,190,19
W00010094,178,157,21
W00010096,132,113,19
W00010097,219,205,14
W00010099,321,248,73
W00010100,219,162,57
W00010102,373,284,89
W00010103,320,203,117
W00010105,335,249,86
W00010106,332,252,80
W00010108,268,199,69
W00010109,390,344,46
W00010110,283,249,34
W00010111,353,323,30
W00010112,344,297,47
W00010113,229,194,35
W00010114,259,212,47
W00010115,896,775,121
W00010116,212,205,7
W00010118,332,317,15
W00010119,660,603,57
W00010120,287,262,25
W00010121,180,167,13
W00010122,235,224,11
W00010123,360,319,41
W00010124,269,252,17
W00010125,391,345,46
W00010127,250,207,43
W00010128,671,626,45
W00010129,167,136,31
W00010130,435,403,32
W00010131,346,334,12
W00010132,207,196,11
W00010133,310,278,32
W00010134,271,239,32
W00010135,369,324,45
W00010136,275,240,35
W00010137,328,308,20
W00010138,350,317,33
W00010139,296,262,34
W00010140,451,346,105
W00010141,171,153,18
W00010142,313,274,39
W00010143,273,249,24
W00010146,314,280,34
W00010147,231,208,23
W00010148,160,143,17
W00010149,335,300,35
W00010151,326,292,34
W00010152,391,327,64
W00010153,233,213,20
W00010154,277,251,26
W00010155,229,203,26
W00010156,183,168,15
W00010157,311,262,49
W00010158,332,286,46
W00010159,473,409,64
W00010160,186,163,23
W00010161,288,257,31
W00010162,262,235,27
W00010163,357,300,57
W00010164,214,186,28
W00010165,365,336,29
W00010166,292,259,33
W00010167,180,165,15
W00010168,240,216,24
W00010169,435,395,40
W00010170,193,175,18
W00010171,281,258,23
W00010172,339,294,45
W00010173,252,225,27
W00010174,247,215,32
W00010175,196,170,26
W00010176,356,309,47
W00010179,428,390,38
W00010180,345,296,49
W00010181,224,199,25
W00010182,329,267,62
W00010183,361,302,59
W00010184,278,252,26
W00010185,287,248,39
W00010186,181,161,20
W00010187,392,331,61
W00010188,140,118,22
W00010189,259,227,32
W00010190,291,260,31
W00010191,185,168,17
W00010192,484,408,76
W00010193,311,284,27
W00010194,363,328,35
W00010195,155,131,24
W00010196,169,159,10
W00010197,189,175,14
W00010198,266,251,15
W00010199,251,225,26
W00010200,247,231,16
W00010201,233,210,23
W00010202,212,195,17
W00010203,183,169,14
W00010204,224,199,25
W00010205,679,632,47
W00010206,240,229,11
W00010207,407,375,32
W00010208,191,178,13
W00010210,137,121,16
W00010211,150,140,10
W00010212,110,107,3
W00010213,132,123,9
W00010214,269,237,32
W00010215,219,197,22
W00010216,226,208,18
W00010217,247,219,28
W00010218,212,177,35
W00010219,323,286,37
W00010221,284,238,46
W00010222,319,250,69
W00010223,913,847,66
W00010224,202,180,22
W00010225,247,218,29
W00010227,267,208,59
W00010228,344,271,73
W00010229,189,158,31
W00010230,136,124,12
W00010231,259,190,69
W00010232,97,66,31
W00010233,291,256,35
W00010234,266,237,29
W00010235,317,263,54
W00010236,231,211,20
W00010237,347,301,46
W00010238,324,280,44
W00010239,117,109,8
W00010240,198,183,15
W00010242,284,267,17
W00010243,262,221,41
W00010244,272,255,17
W00010245,277,262,15
W00010246,187,167,20
W00010247,387,331,56
W00010248,443,369,74
W00010249,422,340,82
W00010250,388,325,63
W00010251,273,245,28
W00010252,211,183,28
W00010253,156,140,16
W00010254,134,112,22
W00010255,115,107,8
W00010256,333,302,31
W00010257,270,198,72
W00010259,331,266,65
W00010260,380,282,98
W00010261,320,271,49
W00010262,210,198,12
W00010263,276,242,34
W00010264,274,223,51
W00010265,147,139,8
W00010266,570,453,117
W00010267,345,292,53
W00010268,452,402,50
W00010269,529,467,62
W00010270,139,128,11
W00010271,143,133,10
W00010272,180,162,18
W00010273,250,215,35
W00010274,185,166,19
W00010275,245,191,54
W00010276,450,396,54
W00010277,167,148,19
W00010278,308,246,62
W00010279,155,145,10
W00010280,495,403,92
W00010281,102,93,9
W00010282,235,209,26
W00010283,281,251,30
W00010284,365,275,90
W00010285,307,258,49
W00010286,431,347,84
W00010287,361,320,41
W00010288,379,313,66
W00010289,526,425,101
W00010290,491,447,44
W00010291,347,305,42
W00010292,148,129,19
W00010293,278,257,21
W00010294,149,142,7
W00010295,153,132,21
W00010296,415,322,93
W00010297,490,383,107
W00010298,162,150,12
W00010299,194,171,23
W00010300,193,183,10
W00010301,379,330,49
W00010302,210,184,26
W00010303,227,197,30
W00010304,296,255,41
W00010305,520,459,61
W00010306,491,407,84
W00010307,559,409,150
W00010308,214,178,36
W00010309,119,100,19
W00010310,364,336,28
W00010311,302,271,31
W00010312,370,276,94
W00010313,100,88,12
W00010314,531,423,108
W00010315,217,181,36
W00010316,390,360,30
W00010317,278,253,25
W00010318,265,240,25
W00010319,308,280,28
W00010320,291,267,24
W00010321,299,248,51
W00010322,98,82,16
W00010323,199,177,22
W00010324,558,486,72
W00010325,253,221,32
W00010326,245,210,35
W00010327,113,109,4
W00010328,259,236,23
W00010329,183,171,12
W00010330,546,500,46
W00010331,130,120,10
W00010332,448,393,55
W00010333,202,191,11
W00010334,180,171,9
W00010335,191,177,14
W00010336,193,188,5
W00010337,151,136,15
W00010338,213,175,38
W00010339,531,494,37
W00010340,461,403,58
W00010341,441,391,50
W00010342,138,123,15
W00010343,554,509,45
W00010344,206,198,8
W00010345,167,154,13
W00010346,135,115,20
W00010347,341,318,23
W00010348,383,359,24
W00010349,313,278,35
W00010350,351,318,33
W00010351,439,391,48
W00010352,245,218,27
W00010353,304,268,36
W00010354,332,285,47
W00010355,392,347,45
W00010356,350,267,83
W00010357,268,152,116
W00010358,244,130,114
W00010359,198,180,18
W00010360,338,305,33
W00010361,298,164,134
W00010362,244,170,74
W00010363,170,138,32
W00010364,318,299,19
W00010365,454,429,25
W00010366,332,290,42
W00010367,324,285,39
W00010368,322,264,58
W00010369,261,228,33
W00010370,297,232,65
W00010371,204,176,28
W00010372,234,223,11
W00010373,184,168,16
W00010374,371,317,54
W00010375,331,264,67
W00010376,895,812,83
W00010377,188,170,18
W00010378,257,230,27
W00010379,252,244,8
W00010380,192,175,17
W00010381,335,302,33
W00010382,2148,2012,136
W00010383,371,257,114
W00010384,249,235,14
W00010385,1814,1692,122
W00010386,322,243,79
W00010387,284,267,17
W00010388,236,218,18
W00010389,272,233,39
W00010390,224,197,27
W00010391,361,332,29
W00010392,319,257,62
W00010393,253,215,38
W00010394,307,272,35
W00010395,311,281,30
W00010396,260,231,29
W00010397,198,172,26
W00010398,328,290,38
W00010399,289,266,23
W00010400,468,432,36
W00010401,310,263,47
W00010402,253,212,41
W00010403,111,92,19
W00010404,265,232,33
W00010405,138,115,23
W00010406,274,214,60
W00010407,205,179,26
W00010408,114,107,7
W00010409,306,268,38
W00010410,307,284,23
W00010411,276,243,33
W00010412,101,84,17
W00010413,188,176,12
W00010414,99,89,10
W00010415,309,276,33
W00010416,389,261,128
W00010417,265,237,28
W00010418,253,203,50
W00010419,370,343,27
W00010420,316,281,35
W00010421,219,189,30
W00010422,251,216,35
W00010423,379,330,49
W00010424,258,245,13
W00010425,290,259,31
W00010426,262,238,24
W00010427,317,273,44
W00010428,243,211,32
W00010429,305,281,24
W00010430,283,242,41
W00010431,250,231,19
W00010432,281,261,20
W00010433,197,176,21
W00010434,149,133,16
W00010435,279,229,50
W00010436,588,517,71
W00010437,335,301,34
W00010438,340,286,54
W00010439,329,279,50
W00010440,171,137,34
W00010441,254,224,30
W00010442,211,197,14
W00010443,257,216,41
W00010444,291,247,44
W00010445,295,245,50
W00010446,224,207,17
W00010447,193,182,11
W00010448,206,180,26
W00010449,252,223,29
W00010450,100,89,11
W00010451,235,212,23
W00010453,327,254,73
W00010454,338,307,31
W00010455,321,300,21
W00010456,409,360,49
W00010457,453,374,79
W00010458,308,189,119
W00010459,286,238,48
W00010460,162,119,43
W00010461,325,238,87
W00010462,176,145,31
W00010463,139,126,13
W00010464,141,121,20
W00010465,140,134,6
W00010466,453,422,31
W00010467,576,495,81
W00010468,1666,1566,100
W00010469,332,318,14
W00010470,245,236,9
W00010471,447,411,36
W00010472,461,330,131
W00010473,205,179,26
W00010474,468,414,54
W00010475,200,186,14
W00010476,330,296,34
W00010477,396,342,54
W00010478,253,216,37
W00010479,257,228,29
W00010480,103,84,19
W00010481,277,205,72
W00010482,368,318,50
W00010483,484,444,40
W00010484,242,203,39
W00010485,570,497,73
W00010486,215,207,8
W00010487,208,179,29
W00010488,304,262,42
W00010489,562,387,175
W00010490,97,90,7
W00010491,314,287,27
W00010492,128,119,9
W00010493,330,208,122
W00010494,140,125,15
W00010495,747,695,52
W00010496,351,313,38
W00010497,1713,1557,156
W00010498,1485,1346,139
W00010499,288,258,30
W00010500,249,222,27
W00010501,253,210,43
W00010502,223,193,30
W00010503,299,267,32
W00010504,277,243,34
W00010505,232,208,24
W00010506,256,241,15
W00010507,292,266,26
W00010508,352,293,59
W00010509,217,205,12
W00010510,118,105,13
W00010511,308,275,33
W00010512,298,271,27
W00010513,235,212,23
W00010514,261,245,16
W00010515,466,440,26
W00010516,123,106,17
W00010517,279,259,20
W00010518,246,222,24
W00010519,612,558,54
W00010520,286,259,27
W00010521,283,265,18
W00010522,318,264,54
W00010523,180,175,5
W00010524,238,225,13
W00010525,248,223,25
W00010526,263,238,25
W00010527,259,243,16
W00010528,377,324,53
W00010529,138,122,16
W00010530,292,247,45
W00010531,312,277,35
W00010532,317,288,29
W00010533,268,251,17
W00010534,321,305,16
W00010535,345,299,46
W00010536,356,322,34
W00010537,214,205,9
W00010538,315,273,42
W00010539,274,224,50
W00010540,250,236,14
W00010541,793,745,48
W00010542,174,169,5
W00010543,266,240,26
W00010544,336,302,34
W00010545,274,240,34
W00010546,206,175,31
W00010547,245,234,11
W00010548,286,261,25
W00010549,263,242,21
W00010550,298,242,56
W00010551,364,331,33
W00010552,248,223,25
W00010553,510,472,38
W00010554,197,180,17
W00010555,271,252,19
W00010556,204,151,53
W00010557,345,274,71
W00010558,289,257,32
W00010559,513,487,26
W00010560,274,247,27
W00010561,343,314,29
W00010562,333,278,55
W00010563,292,277,15
W00010564,317,282,35
W00010565,327,309,18
W00010566,366,318,48
W00010567,351,336,15
W00010568,401,353,48
W00010569,504,451,53
W00010570,224,203,21
W00010571,279,241,38
W00010572,139,107,32
W00010573,367,346,21
W00010574,238,209,29
W00010575,326,283,43
W00010576,242,208,34
W00010577,494,435,59
W00010578,266,239,27
W00010579,252,219,33
W00010580,615,537,78
W00010581,160,146,14
W00010582,273,236,37
W00010583,257,237,20
W00010584,331,309,22
W00010585,263,218,45
W00010586,258,237,21
W00010587,451,354,97
W00010588,332,300,32
W00010589,101,101,0
W00010590,202,180,22
W00010591,520,428,92
W00010592,384,332,52
W00010593,221,203,18
W00010594,295,268,27
W00010595,288,254,34
W00010596,283,236,47
W00010597,214,202,12
W00010598,322,290,32
W00010599,271,254,17
W00010600,269,212,57
W00010601,146,136,10
W00010602,283,238,45
W00010603,619,524,95
W00010604,129,115,14
W00010605,237,219,18
W00010606,271,247,24
W00010607,277,258,19
W00010608,231,218,13
W00010609,307,290,17
W00010610,251,218,33
W00010611,358,288,70
W00010612,216,158,58
W00010613,306,269,37
W00010614,327,277,50
W00010615,287,257,30
W00010616,329,296,33
W00010617,307,258,49
W00010618,160,136,24
W00010619,284,258,26
W00010620,311,293,18
W00010621,299,264,35
W00010622,247,206,41
W00010623,275,257,18
W00010624,269,244,25
W00010625,400,394,6
W00010626,286,269,17
W00010627,188,163,25
W00010628,335,307,28
W00010629,256,228,28
W00010630,512,469,43
W00010631,269,232,37
W00010632,470,465,5
W00010633,481,458,23
W00010634,435,382,53
W00010635,193,179,14
W00010636,255,188,67
W00010637,203,196,7
W00010638,198,173,25
W00010639,338,318,20
W00010640,356,325,31
W00010641,545,454,91
W00010642,294,248,46
W00010643,321,291,30
W00010644,280,240,40
W00010645,284,262,22
W00010646,359,309,50
W00010647,287,241,46
W00010648,359,323,36
W00010649,117,101,16
W00010650,269,247,22
W00010651,234,207,27
W00010652,287,149,138
W00010653,440,107,333
W00010654,201,179,22
W00010655,367,197,170
W00010656,312,270,42
W00010657,341,235,106
W00010658,331,302,29
W00010659,149,77,72
W00010660,93,47,46
W00010661,361,186,175
W00010662,301,266,35
W00010663,231,191,40
W00010664,269,175,94
W00010665,316,195,121
W00010666,305,245,60
W00010667,330,294,36
W00010668,282,188,94
W00010669,302,102,200
W00010670,309,180,129
W00010671,303,219,84
W00010672,281,243,38
W00010673,245,166,79
W00010674,288,108,180
W00010675,281,96,185
W00010676,316,286,30
W00010677,193,180,13
W00010678,287,77,210
W00010679,315,257,58
W00010680,293,240,53
W00010681,1806,1591,215
W00010682,308,220,88
W00010683,294,271,23
W00010684,283,272,11
W00010685,261,222,39
W00010686,350,302,48
W00010687,350,315,35
W00010688,332,192,140
W00010689,326,284,42
W00010690,207,182,25
W00010691,323,170,153
W00010692,268,246,22
W00010693,739,657,82
W00010694,388,237,151
W00010695,188,75,113
W00010696,204,153,51
W00010697,248,183,65
