OA,ts0340001,ts0340002,ts0340003
W00000001,355,156,199
W00000002,237,112,125
W00000003,357,182,175
W00000004,336,194,142
W00000005,459,224,235
W00000006,302,154,148
W00000008,245,137,108
W00000009,415,198,217
W00000010,286,204,82
W00000011,257,149,108
W00000012,288,158,130
W00000013,399,193,206
W00000014,252,174,78
W00000015,227,174,53
W00000016,197,150,47
W00000017,183,126,57
W00000018,211,154,57
W00000019,148,119,29
W00000020,193,134,59
W00000021,170,118,52
W00000022,298,117,181
W00000023,286,98,188
W00000024,371,143,228
W00000025,264,81,183
W00000026,275,98,177
W00000027,350,189,161
W00000028,288,166,122
W00000029,276,130,146
W00000030,377,131,246
W00000031,451,148,303
W00000032,198,75,123
W00000033,258,102,156
W00000034,264,107,157
W00000035,440,148,292
W00000036,256,91,165
W00000037,445,168,277
W00000038,429,212,217
W00000039,373,147,226
W00000040,285,134,151
W00000041,288,56,232
W00000042,188,122,66
W00000043,255,168,87
W00000044,494,262,232
W00000045,333,180,153
W00000046,280,166,114
W00000047,228,136,92
W00000048,258,164,94
W00000049,226,150,76
W00000050,201,138,63
W00000051,316,169,147
W00000052,267,93,174
W00000053,449,117,332
W00000054,260,87,173
W00000055,351,145,206
W00000056,325,149,176
W00000057,416,190,226
W00000058,260,158,102
W00000059,290,127,163
W00000060,247,141,106
W00000061,265,155,110
W00000062,379,177,202
W00000063,270,144,126
W00000064,237,45,192
W00000065,303,107,196
W00000066,283,96,187
W00000067,525,145,380
W00000068,411,129,282
W00000069,370,94,276
W00000070,409,152,257
W00000071,373,183,190
W00000072,250,77,173
W00000073,211,90,121
W00000074,188,75,113
W00000075,265,197,68
W00000076,252,184,68
W00000077,369,259,110
W00000078,270,187,83
W00000079,285,177,108
W00000080,357,237,120
W00000081,287,183,104
W00000082,387,260,127
W00000083,321,187,134
W00000084,126,85,41
W00000086,193,105,88
W00000087,173,116,57
W00000088,283,167,116
W00000090,150,85,65
W00000091,294,150,144
W00000092,173,127,46
W00000093,173,129,44
W00000094,266,182,84
W00000095,216,159,57
W00000096,203,134,69
W00000097,401,168,233
W00000098,313,116,197
W00000099,327,114,213
W00000100,253,158,95
W00000101,304,148,156
W00000102,298,200,98
W00000103,356,230,126
W00000104,278,143,135
W00000105,361,180,181
W00000106,301,143,158
W00000107,369,196,173
W00000108,475,258,217
W00000109,244,87,157
W00000110,320,151,169
W00000111,252,131,121
W00000112,286,99,187
W00000113,351,108,243
W00000114,360,141,219
W00000115,447,175,272
W00000116,392,236,156
W00000117,339,266,73
W00000118,294,180,114
W00000119,267,202,65
W00000120,367,214,153
W00000121,275,92,183
W00000122,315,108,207
W00000123,342,98,244
W00000124,426,156,270
W00000125,293,87,206
W00000126,446,150,296
W00000127,288,156,132
W00000128,276,156,120
W00000129,301,207,94
W00000130,166,112,54
W00000131,198,153,45
W00000132,306,178,128
W00000133,509,196,313
W00000134,324,153,171
W00000135,360,176,184
W00000136,313,126,187
W00000137,224,116,108
W00000138,303,115,188
W00000139,408,125,283
W00000140,406,139,267
W00000141,288,108,180
W00000142,296,170,126
W00000143,326,210,116
W00000144,269,175,94
W00000145,414,288,126
W00000146,270,170,100
W00000147,264,180,84
W00000148,164,112,52
W00000149,361,240,121
W00000150,328,236,92
W00000151,251,163,88
W00000152,283,194,89
W00000153,261,168,93
W00000154,272,218,54
W00000155,317,224,93
W00000156,246,127,119
W00000157,354,203,151
W00000158,317,174,143
W00000159,322,148,174
W00000160,272,112,160
W00000161,155,104,51
W00000162,263,126,137
W00000163,306,193,113
W00000164,172,105,67
W00000165,374,271,103
W00000166,245,179,66
W00000167,262,200,62
W00000168,260,197,63
W00000169,358,263,95
W00000170,235,140,95
W00000171,380,253,127
W00000172,522,330,192
W00000173,263,175,88
W00000174,250,140,110
W00000175,380,215,165
W00000176,294,162,132
W00000177,217,115,102
W00000178,338,179,159
W00000179,264,142,122
W00000180,261,200,61
W00000181,267,186,81
W00000182,254,183,71
W00000183,298,206,92
W00000184,270,187,83
W00000185,289,203,86
W00000186,261,204,57
W00000187,296,222,74
W00000188,180,128,52
W00000189,240,138,102
W00000190,183,136,47
W00000191,157,127,30
W00000192,354,163,191
W00000193,244,112,132
W00000194,338,190,148
W00000195,339,126,213
W00000196,305,154,151
W00000197,269,101,168
W00000198,325,158,167
W00000199,172,118,54
W00000200,308,182,126
W00000201,121,81,40
W00000202,305,221,84
W00000203,295,221,74
W00000204,184,145,39
W00000205,138,94,44
W00000206,255,192,63
W00000207,221,161,60
W00000208,408,170,238
W00000209,243,87,156
W00000210,513,169,344
W00000211,114,56,58
W00000212,251,89,162
W00000213,315,187,128
W00000214,339,173,166
W00000215,249,132,117
W00000216,277,138,139
W00000217,292,165,127
W00000218,244,134,110
W00000219,265,111,154
W00000220,377,187,190
W00000221,267,139,128
W00000222,253,144,109
W00000223,288,158,130
W00000224,254,160,94
W00000225,285,178,107
W00000226,315,181,134
W00000227,243,139,104
W00000228,247,52,195
W00000229,344,116,228
W00000230,284,106,178
W00000231,194,158,36
W00000232,222,162,60
W00000233,142,81,61
W00000234,117,91,26
W00000235,327,184,143
W00000236,274,87,187
W00000237,272,63,209
W00000238,263,57,206
W00000239,256,76,180
W00000240,169,51,118
W00000241,232,164,68
W00000242,219,151,68
W00000243,228,150,78
W00000244,246,180,66
W00000245,176,131,45
W00000246,277,195,82
W00000247,306,183,123
W00000248,157,105,52
W00000249,257,160,97
W00000250,134,84,50
W00000251,136,72,64
W00000252,162,77,85
W00000253,164,98,66
W00000254,184,98,86
W00000255,315,189,126
W00000256,244,116,128
W00000257,169,77,92
W00000258,486,238,248
W00000259,284,77,207
W00000260,278,109,169
W00000261,265,158,107
W00000262,328,83,245
W00000263,277,76,201
W00000264,255,97,158
W00000265,262,90,172
W00000266,269,34,235
W00000267,268,72,196
W00000268,231,49,182
W00000269,222,93,129
W00000270,291,53,238
W00000271,296,73,223
W00000272,219,52,167
W00000273,298,57,241
W00000274,180,62,118
W00000275,313,110,203
W00000276,334,64,270
W00000277,314,97,217
W00000278,256,110,146
W00000279,350,104,246
W00000280,310,77,233
W00000281,291,71,220
W00000282,235,72,163
W00000283,275,102,173
W00000284,207,91,116
W00000285,235,118,117
W00000286,290,110,180
W00000287,161,76,85
W00000288,155,88,67
W00000289,310,132,178
W00000290,283,152,131
W00000291,311,201,110
W00000292,283,161,122
W00000293,274,102,172
W00000294,256,63,193
W00000295,207,65,142
W00000296,247,43,204
W00000297,268,47,221
W00000298,333,106,227
W00000299,208,51,157
W00000300,235,92,143
W00000301,294,104,190
W00000302,373,148,225
W00000303,264,86,178
W00000304,337,221,116
W00000305,254,151,103
W00000306,288,152,136
W00000307,348,179,169
W00000308,229,121,108
W00000309,268,158,110
W00000310,299,111,188
W00000311,234,137,97
W00000312,418,150,268
W00000313,247,123,124
W00000314,317,115,202
W00000315,316,112,204
W00000316,289,135,154
W00000317,275,220,55
W00000318,367,290,77
W00000319,255,204,51
W00000322,354,114,240
W00000323,367,86,281
W00000324,325,121,204
W00000325,270,129,141
W00000326,298,102,196
W00000327,231,111,120
W00000328,326,210,116
W00000329,297,193,104
W00000330,585,288,297
W00000331,460,291,169
W00000332,279,155,124
W00000333,236,88,148
W00000334,275,59,216
W00000335,246,114,132
W00000336,238,74,164
W00000337,300,104,196
W00000338,276,116,160
W00000339,297,111,186
W00000340,270,154,116
W00000341,250,133,117
W00000342,252,103,149
W00000343,261,121,140
W00000344,234,104,130
W00000345,168,92,76
W00000346,319,124,195
W00000347,196,110,86
W00000348,371,180,191
W00000349,306,146,160
W00000350,180,100,80
W00000351,230,150,80
W00000352,225,131,94
W00000353,224,174,50
W00000354,284,137,147
W00000355,254,158,96
W00000356,227,141,86
W00000357,464,162,302
W00000358,278,90,188
W00000359,253,88,165
W00000360,269,77,192
W00000362,360,228,132
W00000363,287,97,190
W00000364,276,120,156
W00000365,306,93,213
W00000366,364,99,265
W00000367,338,118,220
W00000368,313,114,199
W00000369,290,119,171
W00000370,255,119,136
W00000371,280,127,153
W00000372,293,193,100
W00000373,257,168,89
W00000374,267,128,139
W00000375,277,162,115
W00000376,237,69,168
W00000377,252,82,170
W00000378,292,70,222
W00000379,320,73,247
W00000380,277,80,197
W00000381,241,71,170
W00000382,200,137,63
W00000383,304,169,135
W00000384,276,130,146
W00000385,174,84,90
W00000386,283,139,144
W00000387,258,143,115
W00000388,272,118,154
W00000389,239,156,83
W00000390,327,216,111
W00000391,209,148,61
W00000392,276,201,75
W00000393,318,250,68
W00000394,336,244,92
W00000395,373,257,116
W00000396,340,246,94
W00000397,266,199,67
W00000398,204,134,70
W00000399,297,97,200
W00000400,208,61,147
W00000401,232,82,150
W00000402,295,120,175
W00000403,129,47,82
W00000404,361,144,217
W00000406,329,172,157
W00000408,282,170,112
W00000409,343,195,148
W00000410,257,88,169
W00000411,227,95,132
W00000412,338,107,231
W00000413,168,79,89
W00000414,287,78,209
W00000415,289,104,185
W00000416,276,110,166
W00000417,237,107,130
W00000418,363,138,225
W00000419,382,143,239
W00000420,351,107,244
W00000421,334,183,151
W00000422,432,108,324
W00000423,263,117,146
W00000424,277,130,147
W00000425,293,102,191
W00000426,215,107,108
W00000427,220,175,45
W00000428,230,169,61
W00000429,221,178,43
W00000430,288,190,98
W00000431,301,158,143
W00000432,258,162,96
W00000433,247,173,74
W00000434,122,54,68
W00000435,335,89,246
W00000436,344,142,202
W00000437,303,92,211
W00000438,198,78,120
W00000439,274,54,220
W00000440,277,44,233
W00000441,297,49,248
W00000442,286,62,224
W00000443,314,81,233
W00000444,331,76,255
W00000445,283,94,189
W00000446,274,48,226
W00000447,328,75,253
W00000448,317,118,199
W00000449,339,79,260
W00000450,356,93,263
W00000451,295,71,224
W00000452,320,76,244
W00000453,380,81,299
W00000454,329,84,245
W00000455,323,103,220
W00000456,301,101,200
W00000457,297,78,219
W00000458,293,116,177
W00000459,326,79,247
W00000460,301,203,98
W00000461,180,111,69
W00000462,344,181,163
W00000463,277,171,106
W00000464,331,202,129
W00000465,293,164,129
W00000466,326,190,136
W00000467,316,203,113
W00000468,471,411,60
W00000469,367,290,77
W00000470,302,220,82
W00000472,303,248,55
W00000473,252,110,142
W00000474,282,70,212
W00000475,336,88,248
W00000476,354,110,244
W00000477,268,47,221
W00000478,217,49,168
W00000479,193,56,137
W00000480,280,64,216
W00000481,393,103,290
W00000482,376,116,260
W00000483,213,77,136
W00000484,206,84,122
W00000485,264,62,202
W00000486,234,65,169
W00000487,207,83,124
W00000488,281,92,189
W00000489,275,90,185
W00000490,317,69,248
W00000491,266,131,135
W00000492,310,82,228
W00000493,210,86,124
W00000494,298,104,194
W00000495,250,69,181
W00000496,343,73,270
W00000497,329,71,258
W00000498,300,91,209
W00000499,352,97,255
W00000500,296,70,226
W00000501,345,113,232
W00000502,544,145,399
W00000503,288,68,220
W00000504,296,91,205
W00000505,297,133,164
W00000506,304,123,181
W00000507,229,74,155
W00000508,420,148,272
W00000509,369,138,231
W00000510,151,72,79
W00000511,275,96,179
W00000512,290,100,190
W00000513,330,91,239
W00000514,244,90,154
W00000515,285,75,210
W00000516,291,91,200
W00000517,221,69,152
W00000518,277,115,162
W00000519,533,281,252
W00000520,358,179,179
W00000521,245,129,116
W00000522,282,150,132
W00000523,256,125,131
W00000524,431,239,192
W00000526,328,80,248
W00000527,239,60,179
W00000528,311,67,244
W00000529,270,71,199
W00000530,309,78,231
W00000531,283,64,219
W00000532,256,69,187
W00000533,269,88,181
W00000534,236,89,147
W00000535,294,74,220
W00000536,253,96,157
W00000537,382,97,285
W00000538,144,72,72
W00000539,276,160,116
W00000540,122,69,53
W00000541,259,136,123
W00000542,180,97,83
W00000543,195,117,78
W00000544,301,98,203
W00000545,236,139,97
W00000546,214,111,103
W00000549,276,108,168
W00000550,237,85,152
W00000551,317,73,244
W00000552,359,145,214
W00000553,242,61,181
W00000554,320,82,238
W00000555,233,89,144
W00000556,324,73,251
W00000557,300,77,223
W00000558,156,87,69
W00000559,228,62,166
W00000560,305,68,237
W00000561,279,124,155
W00000562,252,77,175
W00000563,295,103,192
W00000564,205,91,114
W00000565,159,67,92
W00000566,267,70,197
W00000567,179,60,119
W00000568,238,45,193
W00000569,383,72,311
W00000570,243,71,172
W00000571,282,53,229
W00000572,288,64,224
W00000573,323,53,270
W00000574,268,66,202
W00000575,236,107,129
W00000576,253,133,120
W00000577,271,103,168
W00000578,317,71,246
W00000579,373,149,224
W00000580,324,134,190
W00000581,341,118,223
W00000582,288,91,197
W00000583,302,103,199
W00000584,264,97,167
W00000585,347,91,256
W00000586,310,112,198
W00000587,280,85,195
W00000588,310,134,176
W00000589,217,80,137
W00000590,306,68,238
W00000591,290,73,217
W00000592,255,74,181
W00000593,275,103,172
W00000594,280,96,184
W00000595,339,147,192
W00000596,321,120,201
W00000597,251,116,135
W00000598,299,148,151
W00000599,305,115,190
W00000600,295,56,239
W00000601,287,93,194
W00000602,277,81,196
W00000603,256,182,74
W00000604,149,86,63
W00000605,219,137,82
W00000606,243,185,58
W00000607,234,182,52
W00000608,275,170,105
W00000609,202,163,39
W00000610,265,196,69
W00000611,275,170,105
W00000612,190,140,50
W00000613,307,194,113
W00000614,209,166,43
W00000615,263,164,99
W00000616,242,123,119
W00000617,242,63,179
W00000618,318,71,247
W00000619,266,104,162
W00000620,282,92,190
W00000621,303,96,207
W00000622,446,127,319
W00000623,247,83,164
W00000624,265,89,176
W00000625,331,108,223
W00000626,325,111,214
W00000627,341,212,129
W00000628,302,155,147
W00000629,221,213,8
W00000630,239,222,17
W00000631,213,196,17
W00000632,423,368,55
W00000633,387,334,53
W00000634,179,152,27
W00000635,263,239,24
W00000636,183,167,16
W00000637,265,248,17
W00000638,259,145,114
W00000639,215,154,61
W00000640,210,127,83
W00000641,249,136,113
W00000642,193,106,87
W00000643,302,180,122
W00000644,375,240,135
W00000645,295,186,109
W00000646,356,251,105
W00000647,309,187,122
W00000648,280,193,87
W00000649,379,242,137
W00000650,242,154,88
W00000651,248,149,99
W00000653,278,203,75
W00000655,234,144,90
W00000656,303,192,111
W00000657,341,201,140
W00000658,289,211,78
W00000659,310,209,101
W00000660,332,223,109
W00000661,332,274,58
W00000662,243,182,61
W00000663,262,192,70
W00000664,250,194,56
W00000665,132,105,27
W00000666,285,207,78
W00000667,322,268,54
W00000668,479,349,130
W00000669,298,265,33
W00000670,275,235,40
W00000671,275,250,25
W00000672,329,290,39
W00000673,399,352,47
W00000674,326,277,49
W00000675,291,240,51
W00000676,324,246,78
W00000677,322,257,65
W00000678,271,235,36
W00000679,260,229,31
W00000680,305,274,31
W00000681,263,231,32
W00000682,194,168,26
W00000683,264,182,82
W00000684,328,252,76
W00000685,368,326,42
W00000686,257,197,60
W00000687,228,193,35
W00000688,288,215,73
W00000689,196,160,36
W00000690,362,276,86
W00000691,215,171,44
W00000692,231,186,45
W00000693,375,265,110
W00000694,291,231,60
W00000695,335,241,94
W00000696,228,194,34
W00000697,242,216,26
W00000698,291,234,57
W00000699,308,253,55
W00000700,331,273,58
W00000701,246,217,29
W00000702,284,233,51
W00000703,214,180,34
W00000704,168,145,23
W00000705,258,223,35
W00000706,198,174,24
W00000707,233,201,32
W00000708,258,223,35
W00000709,222,189,33
W00000710,311,146,165
W00000711,247,124,123
W00000712,313,147,166
W00000713,196,118,78
W00000714,290,158,132
W00000715,357,210,147
W00000716,275,146,129
W00000717,325,267,58
W00000718,214,176,38
W00000719,245,203,42
W00000720,307,262,45
W00000721,204,172,32
W00000722,247,215,32
W00000723,228,185,43
W00000724,193,173,20
W00000725,242,210,32
W00000726,299,245,54
W00000727,255,221,34
W00000728,269,214,55
W00000729,384,330,54
W00000730,276,205,71
W00000731,371,189,182
W00000732,264,137,127
W00000733,273,188,85
W00000734,301,159,142
W00000735,298,117,181
W00000736,268,226,42
W00000737,237,189,48
W00000738,293,222,71
W00000739,215,177,38
W00000740,260,228,32
W00000741,346,273,73
W00000742,205,174,31
W00000743,338,274,64
W00000744,228,199,29
W00000745,292,233,59
W00000746,446,324,122
W00000747,338,268,70
W00000748,456,358,98
W00000749,387,319,68
W00000750,222,174,48
W00000752,229,195,34
W00000754,199,171,28
W00000756,190,159,31
W00000757,285,239,46
W00000758,470,352,118
W00000759,280,233,47
W00000760,206,158,48
W00000761,313,264,49
W00000762,215,186,29
W00000765,294,250,44
W00000766,337,293,44
W00000767,294,233,61
W00000768,291,235,56
W00000769,366,320,46
W00000770,329,284,45
W00000771,446,351,95
W00000772,269,212,57
W00000773,283,234,49
W00000774,227,196,31
W00000775,303,245,58
W00000776,405,362,43
W00000777,229,196,33
W00000778,304,256,48
W00000779,250,209,41
W00000780,271,229,42
W00000781,208,179,29
W00000782,344,304,40
W00000783,236,216,20
W00000784,168,150,18
W00000785,234,192,42
W00000786,267,245,22
W00000787,245,214,31
W00000788,240,205,35
W00000789,320,293,27
W00000790,244,206,38
W00000791,236,208,28
W00000792,212,192,20
W00000793,278,128,150
W00000794,284,129,155
W00000795,225,107,118
W00000796,259,148,111
W00000797,321,289,32
W00000798,339,315,24
W00000799,287,254,33
W00000800,558,501,57
W00000801,256,231,25
W00000802,331,300,31
W00000803,282,251,31
W00000804,377,332,45
W00000805,263,230,33
W00000806,265,248,17
W00000807,243,218,25
W00000808,256,244,12
W00000809,298,276,22
W00000810,250,220,30
W00000811,255,235,20
W00000812,243,232,11
W00000813,275,253,22
W00000814,403,361,42
W00000815,261,239,22
W00000816,277,237,40
W00000817,313,271,42
W00000818,231,200,31
W00000819,258,226,32
W00000820,235,184,51
W00000821,258,207,51
W00000822,230,199,31
W00000823,241,216,25
W00000824,225,193,32
W00000825,421,381,40
W00000826,242,219,23
W00000827,260,226,34
W00000828,227,200,27
W00000829,285,235,50
W00000830,242,218,24
W00000831,210,187,23
W00000832,228,185,43
W00000833,267,231,36
W00000834,296,238,58
W00000835,218,196,22
W00000836,221,197,24
W00000837,242,215,27
W00000838,266,223,43
W00000839,247,198,49
W00000840,282,244,38
W00000841,317,279,38
W00000842,311,264,47
W00000843,262,218,44
W00000844,265,225,40
W00000845,234,205,29
W00000846,354,308,46
W00000847,273,233,40
W00000848,262,233,29
W00000849,334,146,188
W00000850,347,192,155
W00000851,381,152,229
W00000852,327,107,220
W00000853,194,160,34
W00000854,457,330,127
W00000855,246,180,66
W00000856,237,189,48
W00000857,235,183,52
W00000858,211,149,62
W00000859,210,128,82
W00000860,276,213,63
W00000861,275,125,150
W00000862,261,119,142
W00000863,337,171,166
W00000864,300,104,196
W00000865,310,169,141
W00000866,290,129,161
W00000867,391,330,61
W00000868,268,210,58
W00000869,316,258,58
W00000870,320,263,57
W00000871,303,252,51
W00000872,409,359,50
W00000873,347,322,25
W00000874,286,244,42
W00000875,376,293,83
W00000876,507,414,93
W00000877,278,212,66
W00000878,293,226,67
W00000880,316,239,77
W00000881,301,239,62
W00000882,211,164,47
W00000883,325,256,69
W00000884,250,206,44
W00000885,254,205,49
W00000886,267,209,58
W00000887,278,225,53
W00000888,335,285,50
W00000889,298,257,41
W00000890,403,333,70
W00000891,285,224,61
W00000892,264,217,47
W00000893,347,294,53
W00000894,284,251,33
W00000895,229,196,33
W00000896,296,261,35
W00000897,224,191,33
W00000898,296,250,46
W00000899,228,203,25
W00000900,174,158,16
W00000901,234,199,35
W00000902,287,224,63
W00000903,351,307,44
W00000904,324,268,56
W00000905,309,267,42
W00000906,278,251,27
W00000907,350,222,128
W00000908,269,166,103
W00000909,278,173,105
W00000910,316,215,101
W00000911,271,171,100
W00000912,267,178,89
W00000913,344,266,78
W00000914,313,234,79
W00000915,276,213,63
W00000916,344,272,72
W00000917,328,236,92
W00000918,462,323,139
W00000919,303,217,86
W00000920,301,237,64
W00000921,291,248,43
W00000922,291,245,46
W00000923,205,178,27
W00000924,224,201,23
W00000925,239,199,40
W00000926,271,221,50
W00000927,318,259,59
W00000928,262,198,64
W00000929,250,207,43
W00000930,221,189,32
W00000931,264,215,49
W00000932,379,300,79
W00000933,270,227,43
W00000934,285,218,67
W00000935,250,198,52
W00000936,225,197,28
W00000937,232,216,16
W00000938,278,215,63
W00000939,271,210,61
W00000940,334,249,85
W00000941,292,222,70
W00000942,311,244,67
W00000943,340,268,72
W00000944,296,230,66
W00000945,323,262,61
W00000946,504,394,110
W00000947,311,249,62
W00000948,422,327,95
W00000949,296,228,68
W00000950,229,201,28
W00000951,300,250,50
W00000953,417,365,52
W00000954,224,184,40
W00000955,302,241,61
W00000956,268,225,43
W00000957,282,242,40
W00000958,240,199,41
W00000959,304,248,56
W00000960,359,328,31
W00000961,476,413,63
W00000962,312,278,34
W00000963,387,333,54
W00000964,390,319,71
W00000965,475,422,53
W00000966,268,233,35
W00000967,266,217,49
W00000968,250,211,39
W00000969,316,257,59
W00000970,297,264,33
W00000971,445,381,64
W00000972,318,263,55
W00000973,298,240,58
W00000974,382,317,65
W00000975,273,230,43
W00000976,330,275,55
W00000977,235,194,41
W00000978,360,338,22
W00000979,307,273,34
W00000980,106,98,8
W00000981,420,373,47
W00000982,205,187,18
W00000983,249,227,22
W00000984,306,279,27
W00000985,268,242,26
W00000986,418,280,138
W00000987,162,116,46
W00000988,278,201,77
W00000989,345,200,145
W00000990,196,167,29
W00000991,292,251,41
W00000992,207,178,29
W00000993,252,209,43
W00000994,272,219,53
W00000995,287,225,62
W00000996,264,213,51
W00000997,230,198,32
W00000998,206,182,24
W00000999,286,240,46
W00001000,276,234,42
W00001001,406,351,55
W00001002,327,286,41
W00001003,246,199,47
W00001004,315,281,34
W00001005,231,207,24
W00001006,275,231,44
W00001007,311,139,172
W00001008,340,124,216
W00001009,236,123,113
W00001010,357,181,176
W00001011,184,63,121
W00001012,383,151,232
W00001013,316,110,206
W00001014,197,73,124
W00001015,254,83,171
W00001016,211,120,91
W00001017,203,170,33
W00001018,268,214,54
W00001019,186,149,37
W00001020,257,234,23
W00001021,219,198,21
W00001022,184,161,23
W00001023,116,92,24
W00001024,258,241,17
W00001025,333,295,38
W00001026,224,135,89
W00001027,269,222,47
W00001028,304,206,98
W00001029,206,151,55
W00001030,221,133,88
W00001031,296,181,115
W00001032,298,182,116
W00001033,377,269,108
W00001034,236,188,48
W00001035,253,201,52
W00001036,250,176,74
W00001037,208,154,54
W00001038,343,272,71
W00001039,331,259,72
W00001040,228,185,43
W00001041,294,199,95
W00001042,378,268,110
W00001043,286,202,84
W00001044,356,246,110
W00001045,276,209,67
W00001046,422,289,133
W00001047,315,193,122
W00001048,338,226,112
W00001049,297,221,76
W00001050,360,238,122
W00001051,335,185,150
W00001052,269,154,115
W00001053,251,152,99
W00001054,242,176,66
W00001055,271,224,47
W00001056,180,149,31
W00001057,354,275,79
W00001058,338,292,46
W00001059,282,237,45
W00001060,210,137,73
W00001061,292,251,41
W00001062,231,183,48
W00001063,234,151,83
W00001064,313,180,133
W00001065,281,196,85
W00001066,283,245,38
W00001067,284,249,35
W00001068,335,293,42
W00001069,254,227,27
W00001070,273,226,47
W00001071,347,283,64
W00001072,301,256,45
W00001074,324,167,157
W00001075,247,151,96
W00001076,451,255,196
W00001077,306,188,118
W00001078,269,167,102
W00001079,318,257,61
W00001080,354,287,67
W00001081,268,216,52
W00001082,118,87,31
W00001083,282,232,50
W00001084,315,255,60
W00001085,365,323,42
W00001086,368,312,56
W00001087,319,234,85
W00001088,255,188,67
W00001089,262,196,66
W00001090,281,207,74
W00001091,306,207,99
W00001092,294,124,170
W00001093,298,166,132
W00001094,286,149,137
W00001095,294,172,122
W00001096,292,215,77
W00001097,344,228,116
W00001098,415,323,92
W00001099,317,254,63
W00001100,402,243,159
W00001101,403,262,141
W00001102,329,232,97
W00001103,220,124,96
W00001104,263,140,123
W00001105,353,231,122
W00001106,371,243,128
W00001107,322,220,102
W00001108,385,200,185
W00001109,272,233,39
W00001110,207,172,35
W00001111,419,340,79
W00001112,269,225,44
W00001113,226,181,45
W00001114,234,208,26
W00001115,322,254,68
W00001116,185,153,32
W00001117,207,181,26
W00001118,288,241,47
W00001119,361,305,56
W00001120,284,258,26
W00001121,249,217,32
W00001122,414,348,66
W00001123,460,286,174
W00001124,300,129,171
W00001125,244,150,94
W00001126,246,163,83
W00001127,223,128,95
W00001128,288,178,110
W00001129,320,266,54
W00001130,316,264,52
W00001131,311,259,52
W00001132,270,223,47
W00001133,367,292,75
W00001134,255,227,28
W00001135,212,192,20
W00001136,283,246,37
W00001137,246,217,29
W00001138,281,245,36
W00001139,302,246,56
W00001140,246,221,25
W00001141,293,272,21
W00001142,245,210,35
W00001143,330,288,42
W00001144,255,227,28
W00001145,210,195,15
W00001146,296,264,32
W00001147,302,254,48
W00001148,283,239,44
W00001149,243,217,26
W00001150,291,240,51
W00001151,260,229,31
W00001152,305,275,30
W00001153,193,176,17
W00001154,313,273,40
W00001155,264,244,20
W00001156,299,269,30
W00001157,263,232,31
W00001158,262,219,43
W00001159,310,270,40
W00001160,270,232,38
W00001161,280,231,49
W00001162,225,213,12
W00001163,204,195,9
W00001164,222,197,25
W00001166,280,240,40
W00001167,248,225,23
W00001168,220,207,13
W00001169,261,229,32
W00001170,249,228,21
W00001171,223,210,13
W00001172,230,207,23
W00001173,527,475,52
W00001174,254,234,20
W00001175,239,213,26
W00001176,315,289,26
W00001177,294,258,36
W00001178,235,217,18
W00001179,207,179,28
W00001180,237,213,24
W00001181,269,237,32
W00001182,249,212,37
W00001183,236,216,20
W00001184,210,186,24
W00001185,335,278,57
W00001186,208,182,26
W00001187,247,215,32
W00001188,181,166,15
W00001189,170,149,21
W00001190,240,214,26
W00001191,284,257,27
W00001192,219,200,19
W00001193,207,188,19
W00001194,286,246,40
W00001195,309,261,48
W00001196,234,197,37
W00001197,215,186,29
W00001198,321,270,51
W00001199,225,187,38
W00001200,213,184,29
W00001201,218,186,32
W00001202,341,297,44
W00001203,488,427,61
W00001204,425,359,66
W00001205,208,182,26
W00001206,220,196,24
W00001207,274,243,31
W00001208,217,191,26
W00001209,203,188,15
W00001210,227,210,17
W00001211,124,112,12
W00001212,552,500,52
W00001213,375,341,34
W00001214,307,269,38
W00001215,419,395,24
W00001216,290,268,22
W00001217,243,230,13
W00001218,220,206,14
W00001219,190,176,14
W00001220,286,264,22
W00001221,251,213,38
W00001222,260,237,23
W00001223,306,265,41
W00001224,283,248,35
W00001225,237,213,24
W00001226,242,198,44
W00001227,244,222,22
W00001228,256,233,23
W00001229,267,238,29
W00001230,253,195,58
W00001231,310,262,48
W00001232,254,232,22
W00001233,203,181,22
W00001234,227,193,34
W00001235,261,220,41
W00001236,335,290,45
W00001237,268,236,32
W00001238,369,314,55
W00001239,336,289,47
W00001240,312,261,51
W00001241,232,215,17
W00001242,305,279,26
W00001243,265,228,37
W00001244,250,227,23
W00001245,248,208,40
W00001246,299,255,44
W00001247,203,189,14
W00001248,204,191,13
W00001249,360,308,52
W00001250,338,295,43
W00001251,232,205,27
W00001252,229,214,15
W00001253,482,421,61
W00001255,294,256,38
W00001256,263,232,31
W00001257,271,245,26
W00001258,296,274,22
W00001259,240,207,33
W00001260,327,286,41
W00001261,302,264,38
W00001262,335,300,35
W00001263,285,268,17
W00001264,290,245,45
W00001265,347,299,48
W00001266,379,335,44
W00001267,333,302,31
W00001268,302,261,41
W00001269,384,336,48
W00001270,277,246,31
W00001271,346,320,26
W00001272,288,268,20
W00001273,322,290,32
W00001274,368,326,42
W00001275,300,270,30
W00001276,354,326,28
W00001277,431,387,44
W00001278,136,122,14
W00001279,312,286,26
W00001280,331,302,29
W00001281,200,182,18
W00001282,200,188,12
W00001283,419,393,26
W00001284,319,292,27
W00001285,256,235,21
W00001286,366,341,25
W00001287,458,407,51
W00001288,357,321,36
W00001289,324,293,31
W00001290,299,265,34
W00001291,391,357,34
W00001292,167,153,14
W00001293,156,149,7
W00001294,258,151,107
W00001295,279,190,89
W00001296,270,212,58
W00001297,218,165,53
W00001298,241,186,55
W00001299,244,171,73
W00001300,236,192,44
W00001301,345,279,66
W00001302,273,206,67
W00001303,283,183,100
W00001304,275,176,99
W00001305,201,114,87
W00001306,290,176,114
W00001307,261,142,119
W00001308,273,160,113
W00001309,286,155,131
W00001311,341,261,80
W00001312,311,204,107
W00001313,208,184,24
W00001314,412,315,97
W00001315,297,227,70
W00001316,237,199,38
W00001317,332,263,69
W00001318,303,246,57
W00001319,272,227,45
W00001320,229,184,45
W00001321,214,191,23
W00001322,247,223,24
W00001323,287,251,36
W00001324,352,294,58
W00001325,349,255,94
W00001326,248,176,72
W00001327,276,208,68
W00001328,300,225,75
W00001329,352,278,74
W00001330,254,218,36
W00001331,375,312,63
W00001332,336,261,75
W00001333,341,257,84
W00001334,325,257,68
W00001335,223,164,59
W00001336,281,250,31
W00001337,308,267,41
W00001338,296,254,42
W00001339,261,232,29
W00001340,298,271,27
W00001341,234,206,28
W00001342,320,285,35
W00001343,267,236,31
W00001344,298,272,26
W00001345,285,268,17
W00001346,257,232,25
W00001347,332,305,27
W00001348,241,214,27
W00001349,428,389,39
W00001350,288,272,16
W00001351,286,267,19
W00001352,217,201,16
W00001353,255,248,7
W00001354,227,220,7
W00001355,290,276,14
W00001356,419,385,34
W00001357,298,266,32
W00001358,283,264,19
W00001359,184,163,21
W00001360,359,329,30
W00001361,244,218,26
W00001362,407,370,37
W00001363,269,237,32
W00001364,271,242,29
W00001365,256,235,21
W00001366,284,262,22
W00001367,259,243,16
W00001368,304,277,27
W00001369,264,248,16
W00001370,260,244,16
W00001371,282,260,22
W00001372,309,288,21
W00001373,459,416,43
W00001374,273,266,7
W00001375,359,344,15
W00001376,319,308,11
W00001377,320,302,18
W00001378,307,285,22
W00001379,281,264,17
W00001380,303,282,21
W00001381,280,267,13
W00001382,230,223,7
W00001384,257,242,15
W00001385,277,260,17
W00001386,251,244,7
W00001387,289,265,24
W00001388,353,311,42
W00001389,348,294,54
W00001390,302,256,46
W00001391,431,372,59
W00001392,264,231,33
W00001393,154,136,18
W00001394,210,199,11
W00001395,292,263,29
W00001396,285,270,15
W00001397,273,251,22
W00001398,206,199,7
W00001399,265,243,22
W00001400,258,228,30
W00001401,327,301,26
W00001402,300,277,23
W00001403,299,270,29
W00001404,200,183,17
W00001405,286,261,25
W00001406,307,275,32
W00001407,252,233,19
W00001408,332,317,15
W00001409,302,280,22
W00001410,296,260,36
W00001411,152,148,4
W00001412,191,171,20
W00001413,328,291,37
W00001414,300,281,19
W00001415,226,212,14
W00001416,285,265,20
W00001417,332,314,18
W00001418,300,277,23
W00001419,280,263,17
W00001420,246,229,17
W00001421,227,218,9
W00001422,263,241,22
W00001423,447,409,38
W00001424,248,234,14
W00001425,238,221,17
W00001426,328,305,23
W00001427,465,424,41
W00001428,394,359,35
W00001429,501,443,58
W00001430,225,209,16
W00001431,233,214,19
W00001432,323,298,25
W00001433,272,255,17
W00001434,210,192,18
W00001435,277,254,23
W00001436,379,339,40
W00001437,210,200,10
W00001438,438,386,52
W00001439,403,372,31
W00001440,511,474,37
W00001442,356,324,32
W00001443,581,518,63
W00001444,245,234,11
W00001445,242,218,24
W00001446,273,260,13
W00001447,210,190,20
W00001448,252,230,22
W00001449,220,200,20
W00001450,324,283,41
W00001451,162,136,26
W00001452,240,204,36
W00001453,256,213,43
W00001454,124,99,25
W00001455,182,152,30
W00001456,253,221,32
W00001457,334,289,45
W00001458,282,247,35
W00001459,338,272,66
W00001460,262,219,43
W00001461,287,247,40
W00001462,416,351,65
W00001463,389,317,72
W00001464,223,193,30
W00001465,233,204,29
W00001466,211,194,17
W00001467,289,261,28
W00001468,294,277,17
W00001469,235,223,12
W00001470,283,269,14
W00001471,215,200,15
W00001472,282,259,23
W00001473,338,317,21
W00001474,295,273,22
W00001475,216,209,7
W00001476,354,337,17
W00001477,221,203,18
W00001478,313,298,15
W00001479,299,277,22
W00001480,341,313,28
W00001481,285,254,31
W00001482,317,300,17
W00001483,278,255,23
W00001484,294,275,19
W00001485,304,283,21
W00001486,311,291,20
W00001487,276,257,19
W00001488,292,264,28
W00001489,466,413,53
W00001490,300,279,21
W00001491,150,145,5
W00001492,285,264,21
W00001493,285,268,17
W00001494,300,285,15
W00001495,287,274,13
W00001496,239,223,16
W00001497,330,304,26
W00001498,228,215,13
W00001500,285,262,23
W00001501,337,315,22
W00001502,272,258,14
W00001503,234,219,15
W00001504,254,245,9
W00001505,290,275,15
W00001506,308,284,24
W00001507,307,282,25
W00001508,419,376,43
W00001509,325,298,27
W00001510,508,476,32
W00001511,299,272,27
W00001512,259,245,14
W00001513,305,289,16
W00001514,299,282,17
W00001515,444,409,35
W00001516,319,307,12
W00001517,368,353,15
W00001518,248,232,16
W00001519,269,253,16
W00001520,334,309,25
W00001521,422,379,43
W00001522,301,270,31
W00001523,319,301,18
W00001524,356,321,35
W00001525,333,314,19
W00001526,412,385,27
W00001527,348,321,27
W00001528,301,283,18
W00001530,309,291,18
W00001531,407,363,44
W00001532,375,350,25
W00001533,335,295,40
W00001534,206,200,6
W00001535,469,388,81
W00001536,235,219,16
W00001537,171,153,18
W00001538,280,249,31
W00001539,201,164,37
W00001540,338,292,46
W00001541,124,113,11
W00001542,311,287,24
W00001543,173,155,18
W00001544,151,140,11
W00001545,303,276,27
W00001546,286,258,28
W00001547,317,287,30
W00001548,248,228,20
W00001549,323,302,21
W00001550,412,372,40
W00001551,233,212,21
W00001552,284,268,16
W00001553,299,265,34
W00001554,216,202,14
W00001555,345,309,36
W00001556,314,283,31
W00001557,256,234,22
W00001558,238,215,23
W00001559,323,293,30
W00001560,256,227,29
W00001561,211,204,7
W00001562,131,124,7
W00001563,289,259,30
W00001565,315,287,28
W00001566,328,294,34
W00001567,439,403,36
W00001568,340,306,34
W00001569,311,292,19
W00001570,312,288,24
W00001572,195,177,18
W00001573,542,481,61
W00001574,241,213,28
W00001575,123,111,12
W00001576,349,323,26
W00001577,452,410,42
W00001578,273,244,29
W00001579,302,274,28
W00001580,337,313,24
W00001581,323,290,33
W00001582,438,400,38
W00001583,421,389,32
W00001584,354,317,37
W00001585,185,163,22
W00001586,283,256,27
W00001587,291,258,33
W00001588,305,270,35
W00001589,315,275,40
W00001590,243,221,22
W00001591,287,271,16
W00001592,245,214,31
W00001593,187,166,21
W00001594,202,179,23
W00001595,297,259,38
W00001596,271,238,33
W00001597,237,200,37
W00001598,288,263,25
W00001599,250,214,36
W00001600,230,201,29
W00001601,318,282,36
W00001602,250,220,30
W00001603,203,175,28
W00001604,317,286,31
W00001605,508,447,61
W00001608,158,140,18
W00001609,309,245,64
W00001610,226,185,41
W00001611,246,206,40
W00001612,336,290,46
W00001613,354,296,58
W00001614,283,266,17
W00001615,270,215,55
W00001616,201,172,29
W00001617,493,439,54
W00001618,269,251,18
W00001619,295,281,14
W00001620,209,187,22
W00001621,220,205,15
W00001622,254,235,19
W00001623,155,149,6
W00001624,321,298,23
W00001625,382,355,27
W00001626,397,347,50
W00001627,258,238,20
W00001628,321,295,26
W00001629,399,362,37
W00001630,225,198,27
W00001631,311,269,42
W00001632,295,280,15
W00001633,291,265,26
W00001634,310,289,21
W00001635,178,165,13
W00001636,457,405,52
W00001637,267,231,36
W00001638,258,229,29
W00001639,252,233,19
W00001640,275,242,33
W00001641,344,294,50
W00001642,304,271,33
W00001643,425,371,54
W00001644,302,272,30
W00001645,327,295,32
W00001646,293,250,43
W00001647,337,294,43
W00001648,372,323,49
W00001649,301,266,35
W00001650,263,237,26
W00001651,306,272,34
W00001652,212,197,15
W00001653,202,186,16
W00001654,282,258,24
W00001655,418,380,38
W00001656,275,240,35
W00001657,288,260,28
W00001658,298,273,25
W00001659,259,232,27
W00001660,273,250,23
W00001661,325,280,45
W00001662,255,241,14
W00001663,282,254,28
W00001664,366,333,33
W00001665,201,173,28
W00001666,224,203,21
W00001667,370,318,52
W00001668,295,259,36
W00001669,351,292,59
W00001670,410,361,49
W00001671,257,239,18
W00001672,283,257,26
W00001674,304,285,19
W00001675,301,289,12
W00001676,255,239,16
W00001677,289,278,11
W00001678,242,232,10
W00001679,197,186,11
W00001680,365,344,21
W00001681,317,295,22
W00001683,240,197,43
W00001684,295,263,32
W00001685,265,229,36
W00001686,258,210,48
W00001687,274,223,51
W00001688,263,234,29
W00001689,302,263,39
W00001690,473,405,68
W00001691,284,249,35
W00001692,298,258,40
W00001693,239,210,29
W00001694,328,285,43
W00001695,284,245,39
W00001696,253,225,28
W00001697,201,176,25
W00001698,300,254,46
W00001699,280,222,58
W00001700,271,217,54
W00001701,318,253,65
W00001702,371,285,86
W00001703,284,233,51
W00001704,274,201,73
W00001706,342,227,115
W00001707,302,275,27
W00001708,252,237,15
W00001709,265,214,51
W00001710,272,231,41
W00001711,239,223,16
W00001712,184,157,27
W00001713,438,383,55
W00001714,293,260,33
W00001715,316,292,24
W00001716,277,255,22
W00001717,454,388,66
W00001718,248,215,33
W00001719,171,147,24
W00001720,227,212,15
W00001721,260,233,27
W00001722,193,172,21
W00001723,307,285,22
W00001724,320,293,27
W00001725,261,235,26
W00001726,166,143,23
W00001727,571,510,61
W00001728,320,288,32
W00001729,277,240,37
W00001730,233,212,21
W00001731,204,181,23
W00001732,283,251,32
W00001733,304,251,53
W00001734,269,242,27
W00001735,435,373,62
W00001736,297,269,28
W00001737,326,301,25
W00001738,199,167,32
W00001739,273,241,32
W00001740,210,186,24
W00001741,283,243,40
W00001742,409,375,34
W00001743,395,365,30
W00001745,382,344,38
W00001746,172,150,22
W00001747,186,168,18
W00001748,434,382,52
W00001749,332,306,26
W00001750,326,290,36
W00001751,302,274,28
W00001752,345,316,29
W00001753,299,269,30
W00001754,327,294,33
W00001756,297,267,30
W00001757,283,266,17
W00001758,518,475,43
W00001759,279,253,26
W00001760,471,441,30
W00001761,278,263,15
W00001763,263,246,17
W00001765,282,267,15
W00001766,250,243,7
W00001767,265,254,11
W00001768,290,283,7
W00001769,383,366,17
W00001770,325,311,14
W00001771,292,273,19
W00001772,335,321,14
W00001773,240,235,5
W00001774,263,252,11
W00001775,289,275,14
W00001776,257,251,6
W00001777,324,313,11
W00001779,301,287,14
W00001780,270,260,10
W00001781,314,304,10
W00001782,294,275,19
W00001783,433,402,31
W00001784,289,275,14
W00001785,261,244,17
W00001786,316,296,20
W00001787,281,274,7
W00001788,463,437,26
W00001789,254,245,9
W00001791,307,292,15
W00001792,276,261,15
W00001793,252,235,17
W00001794,318,300,18
W00001795,282,269,13
W00001796,292,278,14
W00001797,280,252,28
W00001798,285,271,14
W00001799,314,282,32
W00001800,353,327,26
W00001801,447,417,30
W00001802,339,323,16
W00001803,228,215,13
W00001804,285,267,18
W00001805,277,265,12
W00001806,343,310,33
W00001807,269,251,18
W00001808,287,273,14
W00001809,294,284,10
W00001810,371,342,29
W00001811,254,234,20
W00001812,275,258,17
W00001813,139,113,26
W00001815,212,183,29
W00001816,289,238,51
W00001817,278,228,50
W00001818,200,171,29
W00001819,276,217,59
W00001820,369,311,58
W00001821,280,225,55
W00001822,441,371,70
W00001823,269,227,42
W00001824,349,290,59
W00001825,212,188,24
W00001826,212,194,18
W00001827,290,230,60
W00001828,297,263,34
W00001829,260,214,46
W00001830,233,200,33
W00001831,334,298,36
W00001832,275,258,17
W00001833,210,198,12
W00001834,225,202,23
W00001835,274,259,15
W00001836,316,286,30
W00001837,372,322,50
W00001838,236,218,18
W00001839,280,259,21
W00001840,308,286,22
W00001841,245,229,16
W00001842,257,228,29
W00001843,254,238,16
W00001844,261,228,33
W00001845,216,194,22
W00001846,264,240,24
W00001847,246,226,20
W00001848,241,212,29
W00001849,252,227,25
W00001850,306,279,27
W00001851,194,184,10
W00001852,276,253,23
W00001853,314,293,21
W00001854,245,229,16
W00001855,244,227,17
W00001856,280,271,9
W00001857,284,267,17
W00001858,274,259,15
W00001859,279,269,10
W00001860,343,322,21
W00001861,478,455,23
W00001862,244,218,26
W00001863,265,247,18
W00001864,262,232,30
W00001866,403,349,54
W00001867,476,416,60
W00001868,233,218,15
W00001869,293,271,22
W00001870,337,299,38
W00001871,249,228,21
W00001872,252,232,20
W00001874,252,226,26
W00001875,312,277,35
W00001876,242,220,22
W00001881,211,200,11
W00001882,335,288,47
W00001883,251,205,46
W00001884,247,218,29
W00001885,260,242,18
W00001886,233,207,26
W00001887,210,178,32
W00001888,454,412,42
W00001889,264,234,30
W00001890,146,131,15
W00001891,184,172,12
W00001892,329,306,23
W00001893,360,329,31
W00001894,251,238,13
W00001895,401,369,32
W00001896,289,265,24
W00001897,272,250,22
W00001898,310,288,22
W00001899,226,210,16
W00001900,357,317,40
W00001901,273,244,29
W00001902,276,247,29
W00001903,302,274,28
W00001904,266,226,40
W00001905,313,291,22
W00001906,327,295,32
W00001907,305,278,27
W00001908,326,286,40
W00001909,480,442,38
W00001910,305,276,29
W00001911,273,244,29
W00001912,226,200,26
W00001913,292,258,34
W00001914,320,298,22
W00001915,293,161,132
W00001916,195,152,43
W00001917,297,265,32
W00001918,297,233,64
W00001919,316,244,72
W00001920,212,156,56
W00001921,215,151,64
W00001922,199,172,27
W00001923,307,291,16
W00001924,281,266,15
W00001925,302,286,16
W00001926,234,214,20
W00001927,222,205,17
W00001928,305,284,21
W00001929,392,354,38
W00001930,311,288,23
W00001931,317,285,32
W00001932,334,304,30
W00001933,316,294,22
W00001934,369,355,14
W00001935,399,362,37
W00001936,188,177,11
W00001937,315,274,41
W00001938,323,284,39
W00001939,303,251,52
W00001940,350,287,63
W00001941,273,223,50
W00001942,312,277,35
W00001943,214,187,27
W00001944,256,213,43
W00001945,333,292,41
W00001946,244,219,25
W00001947,244,213,31
W00001948,308,260,48
W00001949,321,273,48
W00001950,303,270,33
W00001951,198,179,19
W00001952,375,314,61
W00001953,369,334,35
W00001954,281,248,33
W00001955,385,353,32
W00001956,281,218,63
W00001957,296,246,50
W00001958,254,240,14
W00001959,115,103,12
W00001960,255,219,36
W00001961,215,182,33
W00001962,315,289,26
W00001963,363,332,31
W00001964,309,284,25
W00001965,288,272,16
W00001966,249,238,11
W00001967,306,292,14
W00001968,272,240,32
W00001969,259,232,27
W00001970,274,248,26
W00001971,281,251,30
W00001972,230,197,33
W00001973,289,260,29
W00001974,327,296,31
W00001975,258,245,13
W00001976,361,322,39
W00001977,255,231,24
W00001978,260,235,25
W00001979,241,220,21
W00001980,329,303,26
W00001981,260,235,25
W00001982,276,263,13
W00001983,223,214,9
W00001984,281,262,19
W00001985,414,379,35
W00001986,401,374,27
W00001987,225,202,23
W00001988,254,225,29
W00001989,422,377,45
W00001990,248,227,21
W00001991,332,300,32
W00001992,218,198,20
W00001993,282,259,23
W00001994,324,288,36
W00001995,260,238,22
W00001996,222,213,9
W00001997,306,282,24
W00001998,304,267,37
W00001999,336,308,28
W00002000,237,220,17
W00002001,450,401,49
W00002002,233,212,21
W00002003,290,256,34
W00002004,253,226,27
W00002005,230,216,14
W00002006,280,246,34
W00002007,273,223,50
W00002008,264,235,29
W00002009,232,206,26
W00002010,342,306,36
W00002011,527,484,43
W00002014,404,348,56
W00002016,295,274,21
W00002017,211,191,20
W00002018,287,270,17
W00002019,467,415,52
W00002020,384,321,63
W00002021,283,269,14
W00002022,547,474,73
W00002023,289,262,27
W00002024,280,247,33
W00002025,246,238,8
W00002026,297,264,33
W00002027,213,201,12
W00002028,269,226,43
W00002029,275,235,40
W00002030,329,276,53
W00002031,232,211,21
W00002032,365,338,27
W00002033,230,203,27
W00002034,335,290,45
W00002035,293,251,42
W00002036,155,144,11
W00002037,207,185,22
W00002038,186,165,21
W00002039,319,284,35
W00002040,334,289,45
W00002041,354,327,27
W00002043,275,261,14
W00002044,249,225,24
W00002045,225,218,7
W00002046,316,299,17
W00002047,441,423,18
W00002049,390,359,31
W00002050,276,246,30
W00002051,287,252,35
W00002052,302,274,28
W00002053,171,161,10
W00002054,253,201,52
W00002055,306,274,32
W00002056,327,302,25
W00002057,304,277,27
W00002058,302,274,28
W00002059,272,239,33
W00002060,283,253,30
W00002061,282,261,21
W00002062,261,240,21
W00002063,240,223,17
W00002064,270,241,29
W00002065,258,234,24
W00002066,310,289,21
W00002067,274,256,18
W00002068,282,259,23
W00002069,303,263,40
W00002070,309,273,36
W00002071,206,191,15
W00002072,298,260,38
W00002073,304,267,37
W00002074,288,264,24
W00002075,237,210,27
W00002076,423,374,49
W00002077,231,212,19
W00002078,318,282,36
W00002079,293,272,21
W00002080,262,235,27
W00002081,276,256,20
W00002082,291,271,20
W00002083,265,235,30
W00002084,293,274,19
W00002085,251,222,29
W00002086,122,113,9
W00002087,484,439,45
W00002088,154,146,8
W00002089,264,239,25
W00002090,247,235,12
W00002091,277,252,25
W00002092,208,191,17
W00002093,252,230,22
W00002094,254,226,28
W00002095,309,284,25
W00002096,257,222,35
W00002097,234,212,22
W00002098,312,269,43
W00002099,277,252,25
W00002100,359,339,20
W00002101,246,220,26
W00002102,265,250,15
W00002103,235,213,22
W00002104,238,218,20
W00002105,265,235,30
W00002106,291,261,30
W00002107,251,236,15
W00002108,348,329,19
W00002109,320,300,20
W00002110,279,256,23
W00002111,328,306,22
W00002112,262,242,20
W00002113,271,241,30
W00002114,301,278,23
W00002115,539,468,71
W00002116,136,122,14
W00002117,103,90,13
W00002118,281,235,46
W00002119,296,245,51
W00002120,357,313,44
W00002121,305,259,46
W00002122,231,200,31
W00002123,581,527,54
W00002124,226,211,15
W00002125,312,283,29
W00002126,315,290,25
W00002127,309,281,28
W00002128,201,178,23
W00002129,581,514,67
W00002130,473,420,53
W00002131,258,236,22
W00002132,278,249,29
W00002133,184,162,22
W00002134,234,206,28
W00002135,282,265,17
W00002136,336,309,27
W00002137,229,208,21
W00002138,363,296,67
W00002139,417,384,33
W00002140,292,266,26
W00002141,315,298,17
W00002142,329,309,20
W00002143,257,235,22
W00002144,324,300,24
W00002145,376,361,15
W00002146,156,148,8
W00002147,560,518,42
W00002148,212,200,12
W00002149,228,212,16
W00002150,274,252,22
W00002151,354,335,19
W00002152,174,160,14
W00002153,277,236,41
W00002154,323,270,53
W00002155,369,291,78
W00002156,359,320,39
W00002157,338,273,65
W00002158,265,200,65
W00002159,273,200,73
W00002160,284,263,21
W00002161,293,252,41
W00002162,302,250,52
W00002163,287,236,51
W00002164,281,237,44
W00002165,361,316,45
W00002166,287,241,46
W00002167,282,241,41
W00002168,346,300,46
W00002169,321,258,63
W00002170,251,219,32
W00002171,291,258,33
W00002172,265,244,21
W00002173,401,359,42
W00002174,402,357,45
W00002175,277,265,12
W00002176,283,265,18
W00002177,316,291,25
W00002178,287,272,15
W00002179,278,254,24
W00002180,343,323,20
W00002181,305,257,48
W00002182,461,379,82
W00002183,260,216,44
W00002184,272,230,42
W00002185,296,219,77
W00002186,352,277,75
W00002187,298,250,48
W00002188,235,211,24
W00002189,277,194,83
W00002190,302,219,83
W00002191,273,220,53
W00002192,210,175,35
W00002193,238,193,45
W00002194,229,189,40
W00002195,291,233,58
W00002196,264,232,32
W00002197,290,263,27
W00002198,354,323,31
W00002199,265,245,20
W00002200,213,204,9
W00002201,301,279,22
W00002202,293,278,15
W00002203,405,384,21
W00002204,280,259,21
W00002205,384,354,30
W00002206,256,235,21
W00002207,232,213,19
W00002208,217,197,20
W00002209,255,233,22
W00002210,248,226,22
W00002211,285,259,26
W00002212,256,236,20
W00002213,193,176,17
W00002214,206,190,16
W00002215,295,287,8
W00002216,307,285,22
W00002217,310,282,28
W00002218,253,234,19
W00002219,225,206,19
W00002220,317,282,35
W00002221,250,223,27
W00002222,301,273,28
W00002223,294,266,28
W00002224,297,279,18
W00002225,354,340,14
W00002226,319,277,42
W00002227,123,111,12
W00002228,397,324,73
W00002229,183,174,9
W00002231,251,230,21
W00002232,236,217,19
W00002233,291,279,12
W00002234,221,205,16
W00002235,256,230,26
W00002236,333,318,15
W00002237,288,263,25
W00002238,363,344,19
W00002239,172,163,9
W00002240,420,376,44
W00002241,395,369,26
W00002242,218,207,11
W00002243,308,289,19
W00002244,295,274,21
W00002245,214,190,24
W00002246,233,221,12
W00002247,256,225,31
W00002248,228,214,14
W00002249,291,264,27
W00002250,337,306,31
W00002251,239,220,19
W00002253,333,283,50
W00002254,279,251,28
W00002255,403,376,27
W00002256,362,323,39
W00002257,343,309,34
W00002258,283,263,20
W00002259,303,268,35
W00002260,310,263,47
W00002261,317,288,29
W00002262,285,269,16
W00002263,334,309,25
W00002264,266,253,13
W00002265,267,248,19
W00002266,251,233,18
W00002267,251,239,12
W00002268,349,279,70
W00002269,284,220,64
W00002270,159,126,33
W00002271,240,173,67
W00002272,350,237,113
W00002273,248,153,95
W00002274,384,228,156
W00002275,426,232,194
W00002276,335,307,28
W00002277,340,319,21
W00002278,273,249,24
W00002279,362,329,33
W00002280,282,257,25
W00002281,326,299,27
W00002282,353,306,47
W00002283,336,304,32
W00002284,359,318,41
W00002285,387,350,37
W00002286,290,233,57
W00002287,325,278,47
W00002288,296,239,57
W00002289,377,316,61
W00002290,237,179,58
W00002291,333,301,32
W00002292,353,328,25
W00002293,206,194,12
W00002294,397,355,42
W00002295,321,291,30
W00002296,230,214,16
W00002297,291,244,47
W00002298,272,232,40
W00002299,244,219,25
W00002300,359,314,45
W00002301,330,297,33
W00002302,356,297,59
W00002303,297,272,25
W00002305,340,311,29
W00002306,238,201,37
W00002307,218,192,26
W00002308,407,330,77
W00002309,322,252,70
W00002310,316,286,30
W00002311,361,246,115
W00002312,356,241,115
W00002313,385,373,12
W00002314,356,348,8
W00002315,352,330,22
W00002316,297,291,6
W00002317,315,304,11
W00002320,246,235,11
W00002321,298,276,22
W00002323,353,319,34
W00002324,287,265,22
W00002325,415,383,32
W00002327,304,251,53
W00002328,361,260,101
W00002329,372,266,106
W00002330,148,116,32
W00002331,175,113,62
W00002332,232,159,73
W00002333,155,103,52
W00002335,363,348,15
W00002336,329,322,7
W00002337,310,282,28
W00002338,201,178,23
W00002339,454,381,73
W00002340,462,421,41
W00002341,307,277,30
W00002342,329,311,18
W00002343,431,387,44
W00002344,298,272,26
W00002345,342,300,42
W00002346,422,380,42
W00002347,224,191,33
W00002348,384,358,26
W00002349,380,358,22
W00002350,353,330,23
W00002351,376,330,46
W00002352,291,127,164
W00002353,245,122,123
W00002354,284,150,134
W00002355,295,155,140
W00002356,296,153,143
W00002357,274,164,110
W00002358,312,170,142
W00002359,371,353,18
W00002360,366,348,18
W00002361,367,336,31
W00002362,336,308,28
W00002363,284,261,23
W00002364,512,478,34
W00002365,375,310,65
W00002366,222,197,25
W00002367,315,291,24
W00002368,330,302,28
W00002369,249,220,29
W00002370,215,188,27
W00002371,267,242,25
W00002372,227,202,25
W00002373,308,294,14
W00002374,358,341,17
W00002375,303,282,21
W00002376,227,223,4
W00002377,264,253,11
W00002378,189,178,11
W00002379,257,242,15
W00002380,216,205,11
W00002381,225,213,12
W00002382,452,431,21
W00002383,304,286,18
W00002384,387,356,31
W00002385,330,286,44
W00002386,391,364,27
W00002387,400,372,28
W00002388,166,157,9
W00002389,281,266,15
W00002390,294,283,11
W00002391,195,185,10
W00002392,237,231,6
W00002393,297,278,19
W00002394,227,218,9
W00002395,251,236,15
W00002396,210,203,7
W00002397,265,252,13
W00002398,375,339,36
W00002399,299,277,22
W00002400,190,178,12
W00002401,148,131,17
W00002402,308,278,30
W00002403,315,269,46
W00002404,419,375,44
W00002405,175,159,16
W00002406,389,366,23
W00002407,330,299,31
W00002408,439,409,30
W00002409,330,201,129
W00002410,279,173,106
W00002411,296,189,107
W00002412,262,225,37
W00002413,341,290,51
W00002414,265,233,32
W00002415,278,245,33
W00002416,206,170,36
W00002417,240,230,10
W00002418,221,200,21
W00002419,200,192,8
W00002420,333,294,39
W00002421,246,221,25
W00002422,361,339,22
W00002424,197,188,9
W00002425,300,279,21
W00002426,314,284,30
W00002427,292,256,36
W00002429,290,265,25
W00002430,156,138,18
W00002431,383,360,23
W00002432,246,234,12
W00002433,234,206,28
W00002436,395,383,12
W00002437,286,263,23
W00002438,419,371,48
W00002439,305,262,43
W00002440,362,331,31
W00002441,331,295,36
W00002442,320,297,23
W00002443,360,323,37
W00002444,480,443,37
W00002445,378,344,34
W00002446,275,246,29
W00002447,240,214,26
W00002448,308,277,31
W00002449,234,214,20
W00002450,277,246,31
W00002451,128,120,8
W00002452,371,253,118
W00002453,262,186,76
W00002454,293,224,69
W00002455,351,235,116
W00002456,389,287,102
W00002457,459,277,182
W00002458,330,252,78
W00002459,235,180,55
W00002461,461,324,137
W00002463,197,160,37
W00002465,362,327,35
W00002466,313,288,25
W00002467,257,239,18
W00002468,305,280,25
W00002469,417,352,65
W00002470,375,346,29
W00002471,278,263,15
W00002472,201,179,22
W00002473,341,331,10
W00002474,335,310,25
W00002475,354,321,33
W00002476,374,341,33
W00002477,290,267,23
W00002478,239,205,34
W00002479,209,183,26
W00002480,264,231,33
W00002481,261,222,39
W00002482,295,268,27
W00002483,260,236,24
W00002484,309,270,39
W00002485,169,151,18
W00002486,209,185,24
W00002487,224,199,25
W00002488,269,240,29
W00002489,294,220,74
W00002490,252,166,86
W00002491,202,143,59
W00002492,243,166,77
W00002493,484,270,214
W00002494,398,325,73
W00002495,430,297,133
W00002496,282,184,98
W00002497,305,248,57
W00002498,363,260,103
W00002499,220,186,34
W00002500,255,215,40
W00002501,306,267,39
W00002502,490,445,45
W00002503,304,247,57
W00002504,373,330,43
W00002505,256,228,28
W00002506,240,205,35
W00002507,307,280,27
W00002508,229,200,29
W00002509,238,200,38
W00002510,240,206,34
W00002511,211,198,13
W00002512,308,284,24
W00002513,289,257,32
W00002514,276,247,29
W00002515,287,262,25
W00002516,246,137,109
W00002517,300,181,119
W00002518,317,183,134
W00002519,252,162,90
W00002520,229,148,81
W00002521,213,151,62
W00002522,300,167,133
W00002523,235,163,72
W00002524,224,162,62
W00002525,271,229,42
W00002526,279,227,52
W00002527,290,258,32
W00002528,313,252,61
W00002529,215,176,39
W00002530,116,87,29
W00002531,328,254,74
W00002532,308,267,41
W00002533,336,270,66
W00002534,354,311,43
W00002536,307,284,23
W00002537,321,293,28
W00002540,249,233,16
W00002541,382,349,33
W00002542,267,249,18
W00002543,323,284,39
W00002544,265,252,13
W00002545,371,337,34
W00002546,257,244,13
W00002547,318,281,37
W00002548,339,296,43
W00002549,242,217,25
W00002550,338,311,27
W00002551,274,249,25
W00002552,233,216,17
W00002553,277,235,42
W00002554,254,227,27
W00002555,296,277,19
W00002556,305,291,14
W00002557,115,103,12
W00002558,148,135,13
W00002560,239,216,23
W00002562,250,223,27
W00002563,274,256,18
W00002564,378,326,52
W00002565,379,349,30
W00002566,262,221,41
W00002567,296,274,22
W00002568,274,243,31
W00002569,365,323,42
W00002570,186,172,14
W00002571,241,223,18
W00002573,228,203,25
W00002574,148,135,13
W00002575,180,157,23
W00002576,224,197,27
W00002577,324,296,28
W00002578,291,271,20
W00002579,318,268,50
W00002580,276,249,27
W00002581,295,274,21
W00002582,270,237,33
W00002583,426,401,25
W00002584,175,168,7
W00002585,251,232,19
W00002586,277,264,13
W00002587,222,211,11
W00002588,297,283,14
W00002589,257,239,18
W00002590,296,280,16
W00002591,227,217,10
W00002592,236,223,13
W00002593,357,330,27
W00002594,293,266,27
W00002595,218,206,12
W00002596,371,360,11
W00002597,338,331,7
W00002598,244,212,32
W00002599,403,349,54
W00002600,286,253,33
W00002601,307,283,24
W00002602,221,205,16
W00002603,301,267,34
W00002604,260,248,12
W00002605,422,367,55
W00002606,545,454,91
W00002607,313,264,49
W00002608,368,309,59
W00002609,476,389,87
W00002610,269,244,25
W00002611,242,222,20
W00002612,364,320,44
W00002613,207,193,14
W00002614,202,189,13
W00002615,457,395,62
W00002616,267,233,34
W00002619,295,261,34
W00002620,250,229,21
W00002621,189,174,15
W00002622,217,200,17
W00002623,275,261,14
W00002624,320,302,18
W00002625,320,289,31
W00002627,477,434,43
W00002628,303,289,14
W00002629,236,212,24
W00002630,282,239,43
W00002631,209,182,27
W00002632,245,219,26
W00002633,263,242,21
W00002634,225,213,12
W00002636,272,249,23
W00002637,270,238,32
W00002638,362,343,19
W00002641,439,392,47
W00002642,239,216,23
W00002643,376,327,49
W00002644,241,226,15
W00002645,304,273,31
W00002646,238,210,28
W00002648,210,187,23
W00002649,348,264,84
W00002650,303,273,30
W00002651,281,213,68
W00002652,245,212,33
W00002653,283,238,45
W00002654,209,169,40
W00002655,367,315,52
W00002656,476,440,36
W00002657,266,238,28
W00002658,275,258,17
W00002659,322,301,21
W00002660,281,248,33
W00002661,173,163,10
W00002662,238,219,19
W00002663,307,278,29
W00002664,229,216,13
W00002665,215,199,16
W00002666,301,270,31
W00002667,391,359,32
W00002668,281,261,20
W00002669,465,413,52
W00002670,333,292,41
W00002671,259,235,24
W00002672,258,246,12
W00002673,307,274,33
W00002674,258,238,20
W00002675,218,195,23
W00002676,274,257,17
W00002677,243,226,17
W00002678,299,257,42
W00002679,134,128,6
W00002680,254,227,27
W00002681,169,148,21
W00002682,353,311,42
W00002683,214,189,25
W00002684,236,185,51
W00002685,273,225,48
W00002686,262,195,67
W00002687,248,169,79
W00002688,301,212,89
W00002689,327,238,89
W00002690,132,110,22
W00002691,244,169,75
W00002692,242,216,26
W00002693,353,313,40
W00002694,439,390,49
W00002695,348,262,86
W00002696,233,172,61
W00002697,306,221,85
W00002698,262,189,73
W00002699,233,189,44
W00002700,278,256,22
W00002701,251,185,66
W00002702,259,212,47
W00002703,327,262,65
W00002704,224,98,126
W00002705,238,99,139
W00002706,231,125,106
W00002707,171,95,76
W00002708,187,106,81
W00002709,198,94,104
W00002710,159,103,56
W00002711,396,263,133
W00002712,159,98,61
W00002713,224,144,80
W00002714,265,172,93
W00002715,225,140,85
W00002716,340,213,127
W00002717,123,65,58
W00002718,231,128,103
W00002719,455,262,193
W00002720,208,120,88
W00002721,272,127,145
W00002722,260,134,126
W00002723,230,139,91
W00002724,198,113,85
W00002725,193,108,85
W00002726,227,132,95
W00002727,219,128,91
W00002728,282,156,126
W00002729,190,127,63
W00002730,229,160,69
W00002731,427,297,130
W00002732,264,169,95
W00002733,203,135,68
W00002734,243,167,76
W00002736,377,213,164
W00002737,269,173,96
W00002738,259,192,67
W00002739,274,218,56
W00002740,267,210,57
W00002741,239,186,53
W00002742,313,281,32
W00002743,292,228,64
W00002744,255,147,108
W00002745,192,163,29
W00002746,252,194,58
W00002747,215,131,84
W00002748,328,240,88
W00002751,222,186,36
W00002752,329,243,86
W00002753,346,261,85
W00002754,250,160,90
W00002755,319,252,67
W00002756,386,258,128
W00002757,206,151,55
W00002758,236,166,70
W00002759,265,205,60
W00002760,256,206,50
W00002761,280,228,52
W00002762,313,238,75
W00002763,278,227,51
W00002764,231,188,43
W00002765,229,166,63
W00002766,277,215,62
W00002767,210,158,52
W00002768,125,90,35
W00002769,143,102,41
W00002770,283,186,97
W00002771,370,301,69
W00002772,326,180,146
W00002773,259,135,124
W00002774,307,175,132
W00002775,246,162,84
W00002776,285,159,126
W00002777,297,166,131
W00002778,224,154,70
W00002779,170,131,39
W00002780,175,135,40
W00002781,280,193,87
W00002782,245,170,75
W00002783,129,92,37
W00002784,345,169,176
W00002785,347,188,159
W00002786,261,142,119
W00002787,238,153,85
W00002788,252,157,95
W00002789,223,132,91
W00002790,203,113,90
W00002791,344,145,199
W00002792,283,151,132
W00002793,352,191,161
W00002794,263,165,98
W00002795,309,175,134
W00002796,285,178,107
W00002797,333,167,166
W00002798,256,138,118
W00002799,248,130,118
W00002800,191,101,90
W00002801,305,158,147
W00002802,294,181,113
W00002803,253,152,101
W00002805,253,145,108
W00002806,332,192,140
W00002807,261,165,96
W00002808,364,221,143
W00002809,266,195,71
W00002811,252,138,114
W00002812,284,153,131
W00002813,198,123,75
W00002814,369,212,157
W00002815,278,179,99
W00002816,283,138,145
W00002818,179,114,65
W00002819,215,121,94
W00002820,476,238,238
W00002821,292,173,119
W00002822,249,166,83
W00002823,340,199,141
W00002824,165,109,56
W00002825,238,173,65
W00002826,164,118,46
W00002827,227,143,84
W00002828,312,208,104
W00002829,179,118,61
W00002831,720,585,135
W00002832,265,157,108
W00002833,223,118,105
W00002834,462,303,159
W00002835,148,84,64
W00002836,264,142,122
W00002837,360,206,154
W00002838,298,112,186
W00002839,217,159,58
W00002840,223,145,78
W00002841,271,153,118
W00002842,380,275,105
W00002843,296,176,120
W00002844,147,81,66
W00002845,282,105,177
W00002846,235,108,127
W00002847,211,106,105
W00002848,189,125,64
W00002849,232,125,107
W00002850,164,97,67
W00002851,393,201,192
W00002852,289,169,120
W00002853,273,146,127
W00002854,253,150,103
W00002855,278,132,146
W00002856,352,156,196
W00002857,277,132,145
W00002858,349,197,152
W00002859,182,95,87
W00002860,258,126,132
W00002861,278,200,78
W00002862,301,186,115
W00002863,306,182,124
W00002864,301,156,145
W00002865,241,128,113
W00002866,241,161,80
W00002867,246,145,101
W00002868,172,130,42
W00002869,223,136,87
W00002870,195,122,73
W00002871,208,133,75
W00002872,205,116,89
W00002873,177,102,75
W00002874,187,128,59
W00002875,275,141,134
W00002876,276,134,142
W00002877,299,155,144
W00002878,322,193,129
W00002879,335,175,160
W00002880,327,190,137
W00002881,303,180,123
W00002882,248,140,108
W00002883,232,145,87
W00002884,322,205,117
W00002885,322,181,141
W00002886,276,165,111
W00002887,243,134,109
W00002888,295,162,133
W00002889,247,153,94
W00002890,240,121,119
W00002891,228,121,107
W00002892,240,130,110
W00002893,245,122,123
W00002894,205,97,108
W00002895,337,166,171
W00002896,338,176,162
W00002897,267,177,90
W00002898,158,93,65
W00002899,302,160,142
W00002900,389,207,182
W00002901,358,192,166
W00002902,204,125,79
W00002903,253,169,84
W00002904,250,134,116
W00002905,325,159,166
W00002906,242,133,109
W00002907,269,135,134
W00002908,184,130,54
W00002909,231,139,92
W00002910,337,245,92
W00002911,126,89,37
W00002912,227,141,86
W00002913,185,109,76
W00002914,233,154,79
W00002915,264,165,99
W00002916,196,108,88
W00002917,262,164,98
W00002918,362,199,163
W00002919,345,222,123
W00002920,285,168,117
W00002921,324,207,117
W00002922,283,179,104
W00002923,257,141,116
W00002924,253,176,77
W00002925,337,203,134
W00002926,241,130,111
W00002927,237,104,133
W00002928,304,146,158
W00002929,136,100,36
W00002930,240,142,98
W00002931,174,96,78
W00002932,353,181,172
W00002933,349,158,191
W00002934,206,129,77
W00002935,269,171,98
W00002936,186,110,76
W00002937,190,125,65
W00002938,523,266,257
W00002939,422,244,178
W00002940,392,198,194
W00002941,241,102,139
W00002942,302,158,144
W00002943,269,148,121
W00002944,314,140,174
W00002945,253,154,99
W00002946,248,157,91
W00002947,308,165,143
W00002948,266,162,104
W00002949,273,122,151
W00002950,357,167,190
W00002951,328,160,168
W00002952,385,178,207
W00002953,257,128,129
W00002954,340,207,133
W00002955,288,119,169
W00002956,374,340,34
W00002957,207,192,15
W00002958,373,347,26
W00002959,253,232,21
W00002960,419,378,41
W00002961,194,173,21
W00002962,258,244,14
W00002963,343,315,28
W00002966,216,195,21
W00002967,318,285,33
W00002968,246,225,21
W00002969,420,356,64
W00002970,274,247,27
W00002972,362,315,47
W00002974,295,272,23
W00002975,491,433,58
W00002976,363,325,38
W00002977,338,316,22
W00002978,370,221,149
W00002979,294,185,109
W00002980,272,161,111
W00002981,299,184,115
W00002982,290,171,119
W00002983,277,165,112
W00002984,268,159,109
W00002985,302,174,128
W00002986,426,212,214
W00002987,370,227,143
W00002988,328,206,122
W00002989,389,192,197
W00002990,448,175,273
W00002991,308,115,193
W00002992,206,111,95
W00002993,432,276,156
W00002994,356,166,190
W00002995,396,215,181
W00002996,291,155,136
W00002997,281,185,96
W00002998,196,118,78
W00002999,271,181,90
W00003000,261,162,99
W00003001,277,160,117
W00003002,283,263,20
W00003003,294,266,28
W00003004,253,225,28
W00003005,250,223,27
W00003006,367,331,36
W00003007,367,324,43
W00003008,230,205,25
W00003009,323,284,39
W00003010,372,289,83
W00003011,323,245,78
W00003012,319,266,53
W00003013,277,213,64
W00003014,257,205,52
W00003015,244,197,47
W00003016,293,213,80
W00003017,383,304,79
W00003018,242,175,67
W00003019,288,220,68
W00003020,343,272,71
W00003021,291,231,60
W00003022,326,265,61
W00003023,393,289,104
W00003024,313,245,68
W00003025,251,211,40
W00003026,393,300,93
W00003027,274,254,20
W00003028,252,243,9
W00003029,234,203,31
W00003030,316,270,46
W00003031,349,311,38
W00003032,300,271,29
W00003033,268,252,16
W00003034,255,226,29
W00003035,223,199,24
W00003036,351,328,23
W00003037,251,227,24
W00003038,310,292,18
W00003039,219,197,22
W00003040,333,300,33
W00003041,265,231,34
W00003042,240,222,18
W00003043,242,218,24
W00003044,258,232,26
W00003045,361,329,32
W00003046,371,334,37
W00003047,367,340,27
W00003048,243,220,23
W00003049,277,252,25
W00003050,236,215,21
W00003051,243,208,35
W00003052,241,231,10
W00003053,267,245,22
W00003054,287,265,22
W00003055,309,286,23
W00003056,339,300,39
W00003057,338,307,31
W00003058,220,203,17
W00003059,287,252,35
W00003060,170,154,16
W00003062,255,231,24
W00003063,230,212,18
W00003064,248,222,26
W00003065,462,400,62
W00003066,301,288,13
W00003067,155,140,15
W00003068,396,359,37
W00003069,440,411,29
W00003070,393,369,24
W00003071,439,419,20
W00003072,444,411,33
W00003073,449,406,43
W00003074,246,222,24
W00003075,340,317,23
W00003076,242,226,16
W00003077,126,115,11
W00003078,432,375,57
W00003079,341,325,16
W00003080,333,297,36
W00003081,270,241,29
W00003082,241,214,27
W00003083,202,196,6
W00003084,419,377,42
W00003085,439,403,36
W00003086,331,294,37
W00003087,371,308,63
W00003088,445,407,38
W00003089,375,290,85
W00003090,406,376,30
W00003091,403,377,26
W00003092,327,301,26
W00003093,247,228,19
W00003094,295,265,30
W00003095,445,344,101
W00003096,410,300,110
W00003097,397,297,100
W00003098,422,312,110
W00003099,315,263,52
W00003100,318,231,87
W00003101,281,241,40
W00003102,310,289,21
W00003103,271,257,14
W00003104,317,284,33
W00003105,221,204,17
W00003106,439,411,28
W00003107,428,389,39
W00003108,305,183,122
W00003109,333,243,90
W00003110,212,156,56
W00003111,228,170,58
W00003112,296,218,78
W00003113,214,121,93
W00003114,252,139,113
W00003115,387,234,153
W00003116,346,188,158
W00003117,299,201,98
W00003118,192,136,56
W00003119,411,293,118
W00003120,361,240,121
W00003121,305,203,102
W00003122,261,165,96
W00003123,325,300,25
W00003124,282,253,29
W00003125,313,291,22
W00003126,322,284,38
W00003127,366,330,36
W00003128,415,381,34
W00003129,333,276,57
W00003130,292,244,48
W00003131,339,295,44
W00003132,232,211,21
W00003133,136,118,18
W00003134,309,275,34
W00003135,319,283,36
W00003136,278,251,27
W00003137,233,212,21
W00003138,374,338,36
W00003139,393,361,32
W00003140,240,221,19
W00003141,272,258,14
W00003142,241,228,13
W00003143,268,247,21
W00003144,221,209,12
W00003146,277,264,13
W00003147,254,228,26
W00003149,227,209,18
W00003150,373,337,36
W00003151,179,166,13
W00003152,145,140,5
W00003153,270,255,15
W00003154,201,189,12
W00003155,316,291,25
W00003156,292,285,7
W00003157,310,292,18
W00003158,269,254,15
W00003159,280,269,11
W00003160,300,287,13
W00003161,239,235,4
W00003162,260,249,11
W00003163,265,251,14
W00003164,347,340,7
W00003165,364,337,27
W00003166,285,260,25
W00003167,374,355,19
W00003168,206,196,10
W00003169,318,306,12
W00003170,313,291,22
W00003172,433,406,27
W00003173,217,210,7
W00003174,434,396,38
W00003175,493,458,35
W00003177,445,420,25
W00003178,299,276,23
W00003179,228,214,14
W00003180,291,276,15
W00003181,220,212,8
W00003182,296,278,18
W00003183,295,278,17
W00003184,331,307,24
W00003185,251,233,18
W00003186,189,173,16
W00003187,498,394,104
W00003188,248,200,48
W00003189,224,188,36
W00003190,260,220,40
W00003191,274,230,44
W00003192,483,395,88
W00003193,313,274,39
W00003194,233,185,48
W00003195,398,338,60
W00003196,299,247,52
W00003197,408,361,47
W00003198,338,297,41
W00003199,276,180,96
W00003200,214,166,48
W00003201,252,184,68
W00003202,296,172,124
W00003203,317,297,20
W00003204,305,273,32
W00003205,329,312,17
W00003206,247,234,13
W00003207,291,277,14
W00003208,311,298,13
W00003209,308,290,18
W00003210,319,300,19
W00003211,226,202,24
W00003212,269,243,26
W00003213,254,247,7
W00003214,281,267,14
W00003215,262,249,13
W00003216,340,314,26
W00003217,213,203,10
W00003218,272,262,10
W00003219,207,194,13
W00003220,285,263,22
W00003221,263,248,15
W00003222,319,290,29
W00003223,271,263,8
W00003224,301,285,16
W00003225,265,249,16
W00003226,284,264,20
W00003227,279,250,29
W00003228,299,284,15
W00003229,279,267,12
W00003230,346,324,22
W00003231,327,307,20
W00003232,291,276,15
W00003233,286,265,21
W00003234,292,274,18
W00003235,279,265,14
W00003236,246,237,9
W00003237,359,334,25
W00003238,233,222,11
W00003239,350,333,17
W00003240,508,476,32
W00003241,354,338,16
W00003242,514,488,26
W00003243,331,313,18
W00003244,280,260,20
W00003245,229,210,19
W00003246,297,276,21
W00003247,301,286,15
W00003248,301,290,11
W00003249,250,227,23
W00003250,357,350,7
W00003251,346,332,14
W00003252,352,338,14
W00003253,334,302,32
W00003255,365,336,29
W00003256,309,289,20
W00003257,342,322,20
W00003258,406,383,23
W00003259,275,258,17
W00003260,303,288,15
W00003261,283,265,18
W00003262,253,237,16
W00003263,280,245,35
W00003264,269,251,18
W00003265,283,269,14
W00003266,269,251,18
W00003267,291,262,29
W00003268,403,383,20
W00003269,298,274,24
W00003270,303,283,20
W00003271,258,226,32
W00003272,252,219,33
W00003273,237,204,33
W00003274,316,281,35
W00003275,589,535,54
W00003276,282,248,34
W00003277,183,165,18
W00003279,265,238,27
W00003280,446,390,56
W00003281,191,168,23
W00003282,350,292,58
W00003283,284,233,51
W00003284,285,234,51
W00003285,311,255,56
W00003286,212,182,30
W00003287,401,322,79
W00003288,242,193,49
W00003289,277,188,89
W00003290,245,137,108
W00003291,298,185,113
W00003292,287,205,82
W00003293,243,166,77
W00003294,242,151,91
W00003295,193,131,62
W00003296,224,144,80
W00003297,180,170,10
W00003298,410,367,43
W00003299,317,280,37
W00003300,230,210,20
W00003301,214,199,15
W00003302,327,306,21
W00003303,217,207,10
W00003304,173,157,16
W00003305,174,155,19
W00003306,212,190,22
W00003307,107,99,8
W00003308,170,157,13
W00003309,176,161,15
W00003310,190,175,15
W00003311,125,109,16
W00003312,260,239,21
W00003313,191,175,16
W00003314,410,297,113
W00003315,379,308,71
W00003316,314,235,79
W00003317,382,293,89
W00003318,380,304,76
W00003319,510,451,59
W00003320,222,178,44
W00003321,231,197,34
W00003322,150,128,22
W00003323,191,164,27
W00003324,212,193,19
W00003325,278,256,22
W00003326,279,258,21
W00003327,226,202,24
W00003328,231,209,22
W00003329,225,204,21
W00003330,253,220,33
W00003331,257,225,32
W00003332,120,114,6
W00003333,170,157,13
W00003334,154,138,16
W00003335,192,175,17
W00003336,369,327,42
W00003337,104,95,9
W00003338,205,174,31
W00003339,267,241,26
W00003340,166,163,3
W00003341,152,141,11
W00003342,151,137,14
W00003343,265,240,25
W00003344,266,238,28
W00003345,227,199,28
W00003346,322,287,35
W00003347,316,292,24
W00003348,382,306,76
W00003349,242,208,34
W00003350,223,201,22
W00003351,373,299,74
W00003352,369,311,58
W00003353,374,315,59
W00003354,403,217,186
W00003355,345,133,212
W00003356,262,155,107
W00003357,288,147,141
W00003358,230,136,94
W00003359,368,209,159
W00003360,388,190,198
W00003361,292,211,81
W00003362,219,138,81
W00003363,199,150,49
W00003364,284,187,97
W00003365,283,189,94
W00003366,317,188,129
W00003367,292,162,130
W00003368,233,177,56
W00003369,229,151,78
W00003370,312,197,115
W00003372,392,277,115
W00003373,208,140,68
W00003374,287,199,88
W00003375,255,150,105
W00003376,269,150,119
W00003377,293,224,69
W00003378,279,253,26
W00003379,295,263,32
W00003380,286,257,29
W00003381,148,129,19
W00003382,293,232,61
W00003383,237,182,55
W00003384,383,303,80
W00003385,296,245,51
W00003386,249,221,28
W00003387,333,288,45
W00003388,275,254,21
W00003389,335,311,24
W00003390,276,239,37
W00003391,286,233,53
W00003392,335,291,44
W00003393,312,263,49
W00003394,298,230,68
W00003395,301,231,70
W00003396,310,251,59
W00003397,279,230,49
W00003398,281,240,41
W00003399,264,190,74
W00003400,324,240,84
W00003401,248,189,59
W00003402,295,235,60
W00003403,261,218,43
W00003404,206,151,55
W00003405,326,261,65
W00003406,252,188,64
W00003407,247,206,41
W00003408,220,174,46
W00003409,267,190,77
W00003410,249,180,69
W00003411,204,160,44
W00003412,319,251,68
W00003413,280,214,66
W00003414,272,205,67
W00003415,332,263,69
W00003416,253,194,59
W00003418,280,231,49
W00003419,296,223,73
W00003422,268,211,57
W00003423,559,435,124
W00003424,209,134,75
W00003425,311,210,101
W00003426,288,217,71
W00003427,315,194,121
W00003428,211,163,48
W00003429,276,217,59
W00003430,262,205,57
W00003431,280,217,63
W00003432,320,255,65
W00003433,278,219,59
W00003434,245,201,44
W00003435,279,182,97
W00003436,272,193,79
W00003437,337,281,56
W00003438,289,204,85
W00003439,241,186,55
W00003440,330,185,145
W00003441,337,220,117
W00003442,242,176,66
W00003443,339,255,84
W00003444,308,234,74
W00003445,247,186,61
W00003446,279,204,75
W00003447,194,153,41
W00003448,210,172,38
W00003449,208,167,41
W00003450,275,208,67
W00003451,288,229,59
W00003452,292,214,78
W00003453,248,169,79
W00003454,286,175,111
W00003455,299,190,109
W00003456,283,225,58
W00003457,504,392,112
W00003458,508,329,179
W00003459,393,257,136
W00003460,297,194,103
W00003463,297,177,120
W00003464,253,204,49
W00003465,320,223,97
W00003466,238,198,40
W00003467,299,260,39
W00003468,324,230,94
W00003469,283,226,57
W00003470,282,205,77
W00003471,187,127,60
W00003472,233,142,91
W00003473,265,179,86
W00003474,317,194,123
W00003475,294,152,142
W00003476,499,312,187
W00003477,243,157,86
W00003478,191,126,65
W00003479,219,128,91
W00003480,291,209,82
W00003481,195,133,62
W00003482,258,153,105
W00003483,290,158,132
W00003484,240,138,102
W00003485,356,189,167
W00003486,324,198,126
W00003487,307,191,116
W00003488,347,209,138
W00003489,366,201,165
W00003490,358,196,162
W00003491,312,169,143
W00003492,295,184,111
W00003493,309,183,126
W00003494,281,177,104
W00003495,418,268,150
W00003496,217,135,82
W00003497,295,245,50
W00003498,217,174,43
W00003499,380,277,103
W00003500,277,235,42
W00003501,338,292,46
W00003502,282,217,65
W00003503,369,275,94
W00003504,294,235,59
W00003505,273,243,30
W00003506,200,179,21
W00003507,274,221,53
W00003508,256,201,55
W00003509,246,189,57
W00003510,282,225,57
W00003511,317,245,72
W00003512,284,231,53
W00003513,254,196,58
W00003514,291,242,49
W00003515,263,219,44
W00003516,270,234,36
W00003517,339,227,112
W00003518,244,158,86
W00003519,153,135,18
W00003520,304,229,75
W00003521,254,210,44
W00003522,268,229,39
W00003523,250,196,54
W00003524,291,225,66
W00003525,330,250,80
W00003526,331,187,144
W00003527,267,162,105
W00003528,398,252,146
W00003529,331,204,127
W00003530,296,174,122
W00003533,303,194,109
W00003534,311,206,105
W00003535,284,184,100
W00003536,311,201,110
W00003537,326,198,128
W00003538,308,158,150
W00003539,347,199,148
W00003540,228,167,61
W00003542,338,302,36
W00003543,297,262,35
W00003544,249,217,32
W00003545,221,193,28
W00003546,277,248,29
W00003547,301,250,51
W00003548,223,188,35
W00003549,266,241,25
W00003550,287,246,41
W00003552,317,285,32
W00003553,283,246,37
W00003554,262,241,21
W00003555,232,204,28
W00003556,256,209,47
W00003557,221,186,35
W00003558,148,134,14
W00003559,289,178,111
W00003560,310,177,133
W00003561,306,146,160
W00003562,221,132,89
W00003563,337,223,114
W00003564,327,139,188
W00003565,316,161,155
W00003566,242,120,122
W00003567,498,236,262
W00003568,420,209,211
W00003569,436,240,196
W00003571,322,117,205
W00003572,189,116,73
W00003573,587,285,302
W00003574,409,177,232
W00003575,353,190,163
W00003576,322,186,136
W00003577,411,243,168
W00003578,270,180,90
W00003579,295,184,111
W00003580,261,187,74
W00003581,467,343,124
W00003582,307,227,80
W00003583,204,149,55
W00003584,269,195,74
W00003585,264,192,72
W00003586,316,192,124
W00003587,374,255,119
W00003588,333,242,91
W00003589,247,183,64
W00003590,340,257,83
W00003591,249,178,71
W00003592,276,211,65
W00003594,370,261,109
W00003595,242,183,59
W00003596,279,240,39
W00003597,245,177,68
W00003598,255,182,73
W00003599,344,241,103
W00003600,222,169,53
W00003601,274,191,83
W00003602,437,327,110
W00003603,246,180,66
W00003604,228,156,72
W00003605,261,194,67
W00003606,285,233,52
W00003607,310,214,96
W00003608,593,423,170
W00003609,243,180,63
W00003610,269,191,78
W00003611,447,318,129
W00003612,301,205,96
W00003613,417,336,81
W00003614,173,149,24
W00003615,192,147,45
W00003616,145,115,30
W00003617,184,165,19
W00003618,387,321,66
W00003619,295,226,69
W00003620,228,201,27
W00003621,249,223,26
W00003622,112,93,19
W00003623,161,147,14
W00003624,385,202,183
W00003625,386,213,173
W00003626,359,226,133
W00003627,328,225,103
W00003628,305,183,122
W00003629,279,161,118
W00003630,418,239,179
W00003631,365,178,187
W00003632,388,180,208
W00003633,274,160,114
W00003634,279,106,173
W00003635,294,167,127
W00003636,216,135,81
W00003637,281,167,114
W00003638,377,251,126
W00003639,276,166,110
W00003640,337,181,156
W00003641,251,175,76
W00003642,213,162,51
W00003643,211,117,94
W00003644,287,205,82
W00003645,218,137,81
W00003646,232,146,86
W00003647,295,208,87
W00003648,221,158,63
W00003649,220,163,57
W00003650,350,230,120
W00003651,181,143,38
W00003652,226,137,89
W00003653,225,158,67
W00003654,228,175,53
W00003655,277,186,91
W00003656,321,247,74
W00003657,346,202,144
W00003658,404,236,168
W00003659,242,183,59
W00003660,308,182,126
W00003661,284,154,130
W00003662,248,151,97
W00003664,220,128,92
W00003665,377,232,145
W00003666,279,164,115
W00003667,307,153,154
W00003668,289,183,106
W00003669,276,174,102
W00003670,337,170,167
W00003671,520,232,288
W00003672,240,116,124
W00003673,138,105,33
W00003674,196,113,83
W00003675,215,148,67
W00003676,232,195,37
W00003677,264,139,125
W00003678,258,165,93
W00003679,329,178,151
W00003680,276,172,104
W00003681,336,218,118
W00003682,295,191,104
W00003683,266,189,77
W00003684,216,115,101
W00003685,421,254,167
W00003686,306,158,148
W00003687,306,160,146
W00003688,242,110,132
W00003689,231,119,112
W00003690,296,170,126
W00003691,250,140,110
W00003692,354,165,189
W00003693,285,151,134
W00003694,222,145,77
W00003695,391,232,159
W00003696,264,165,99
W00003697,344,149,195
W00003698,325,207,118
W00003699,360,239,121
W00003700,330,179,151
W00003701,331,191,140
W00003702,375,221,154
W00003703,271,152,119
W00003704,285,182,103
W00003705,309,187,122
W00003706,338,205,133
W00003707,251,159,92
W00003708,379,256,123
W00003709,320,130,190
W00003710,166,77,89
W00003711,513,397,116
W00003712,356,241,115
W00003713,274,192,82
W00003714,201,156,45
W00003715,385,257,128
W00003716,414,293,121
W00003717,312,226,86
W00003718,302,199,103
W00003719,357,289,68
W00003720,232,156,76
W00003721,389,247,142
W00003722,387,265,122
W00003723,372,248,124
W00003724,283,202,81
W00003725,253,176,77
W00003726,541,317,224
W00003727,187,105,82
W00003728,268,169,99
W00003729,542,320,222
W00003730,230,149,81
W00003731,355,207,148
W00003732,289,198,91
W00003733,151,105,46
W00003734,299,166,133
W00003735,306,185,121
W00003736,266,155,111
W00003737,311,169,142
W00003738,292,199,93
W00003739,267,136,131
W00003741,457,295,162
W00003742,316,153,163
W00003743,377,198,179
W00003744,330,152,178
W00003745,368,202,166
W00003746,326,215,111
W00003747,439,257,182
W00003748,289,131,158
W00003749,457,248,209
W00003750,307,181,126
W00003751,314,180,134
W00003752,357,186,171
W00003753,279,160,119
W00003754,273,175,98
W00003755,301,144,157
W00003756,230,131,99
W00003757,280,129,151
W00003758,389,189,200
W00003759,279,137,142
W00003760,283,216,67
W00003761,268,186,82
W00003762,289,170,119
W00003763,225,150,75
W00003764,258,170,88
W00003765,215,141,74
W00003766,184,132,52
W00003767,215,160,55
W00003768,465,260,205
W00003769,230,143,87
W00003770,355,242,113
W00003771,231,142,89
W00003772,220,107,113
W00003773,403,208,195
W00003774,307,146,161
W00003775,269,166,103
W00003776,230,109,121
W00003777,271,188,83
W00003778,308,250,58
W00003779,297,269,28
W00003780,262,225,37
W00003781,298,233,65
W00003782,317,260,57
W00003783,267,183,84
W00003784,269,189,80
W00003785,245,199,46
W00003786,264,212,52
W00003787,268,204,64
W00003788,267,210,57
W00003789,306,261,45
W00003790,272,211,61
W00003791,323,242,81
W00003792,254,211,43
W00003793,408,331,77
W00003794,284,217,67
W00003795,228,195,33
W00003796,404,348,56
W00003797,330,256,74
W00003798,292,237,55
W00003799,259,212,47
W00003800,320,262,58
W00003801,274,216,58
W00003802,280,235,45
W00003803,271,207,64
W00003804,247,204,43
W00003805,220,182,38
W00003806,290,232,58
W00003807,270,230,40
W00003808,289,259,30
W00003809,249,212,37
W00003811,310,171,139
W00003812,333,186,147
W00003813,299,135,164
W00003814,361,235,126
W00003815,451,329,122
W00003817,350,229,121
W00003818,317,235,82
W00003819,349,287,62
W00003820,271,209,62
W00003821,327,245,82
W00003823,255,219,36
W00003824,202,149,53
W00003825,320,276,44
W00003826,266,226,40
W00003827,248,196,52
W00003828,267,222,45
W00003829,235,175,60
W00003830,401,231,170
W00003831,337,190,147
W00003832,350,203,147
W00003833,244,132,112
W00003834,346,183,163
W00003835,348,191,157
W00003836,477,276,201
W00003837,468,247,221
W00003838,272,149,123
W00003839,393,235,158
W00003840,292,192,100
W00003841,231,147,84
W00003842,298,221,77
W00003843,252,159,93
W00003844,330,213,117
W00003845,266,192,74
W00003846,295,167,128
W00003847,351,162,189
W00003848,500,234,266
W00003849,316,141,175
W00003850,267,129,138
W00003851,274,144,130
W00003852,253,147,106
W00003853,217,128,89
W00003854,274,129,145
W00003855,323,160,163
W00003856,259,155,104
W00003857,306,148,158
W00003858,328,173,155
W00003859,315,170,145
W00003860,288,139,149
W00003861,270,152,118
W00003862,258,118,140
W00003863,235,143,92
W00003864,239,120,119
W00003865,266,133,133
W00003866,310,165,145
W00003867,302,164,138
W00003868,284,180,104
W00003869,524,327,197
W00003870,317,218,99
W00003871,311,213,98
W00003872,456,263,193
W00003873,377,231,146
W00003874,247,167,80
W00003875,341,190,151
W00003876,380,241,139
W00003877,353,195,158
W00003878,248,128,120
W00003879,289,182,107
W00003880,202,129,73
W00003881,334,241,93
W00003882,232,159,73
W00003883,289,218,71
W00003884,520,314,206
W00003885,349,228,121
W00003886,422,257,165
W00003887,302,179,123
W00003888,396,239,157
W00003889,350,205,145
W00003890,365,241,124
W00003891,385,269,116
W00003892,413,272,141
W00003893,248,185,63
W00003894,396,252,144
W00003895,352,256,96
W00003896,308,226,82
W00003897,161,99,62
W00003898,368,283,85
W00003899,314,254,60
W00003900,224,187,37
W00003901,213,176,37
W00003902,224,170,54
W00003903,266,205,61
W00003904,288,190,98
W00003905,435,290,145
W00003906,303,194,109
W00003907,270,160,110
W00003908,372,212,160
W00003909,354,200,154
W00003910,301,190,111
W00003911,331,230,101
W00003912,306,203,103
W00003913,304,160,144
W00003914,252,169,83
W00003915,296,234,62
W00003916,307,187,120
W00003917,334,212,122
W00003918,474,330,144
W00003919,325,226,99
W00003920,372,264,108
W00003921,278,212,66
W00003922,342,225,117
W00003923,276,184,92
W00003924,267,178,89
W00003925,305,261,44
W00003926,253,220,33
W00003927,290,248,42
W00003928,235,199,36
W00003930,234,198,36
W00003931,263,230,33
W00003932,225,191,34
W00003933,332,276,56
W00003934,239,220,19
W00003935,277,225,52
W00003937,242,201,41
W00003938,295,247,48
W00003939,259,227,32
W00003940,465,352,113
W00003941,161,130,31
W00003943,285,211,74
W00003944,252,184,68
W00003945,258,181,77
W00003946,321,188,133
W00003947,242,201,41
W00003948,268,243,25
W00003949,207,190,17
W00003950,221,214,7
W00003951,273,243,30
W00003952,230,211,19
W00003953,310,290,20
W00003954,300,278,22
W00003955,253,224,29
W00003956,317,275,42
W00003957,122,110,12
W00003958,428,393,35
W00003960,371,357,14
W00003961,292,283,9
W00003962,244,229,15
W00003963,446,423,23
W00003964,264,244,20
W00003965,287,262,25
W00003966,279,250,29
W00003967,228,215,13
W00003968,277,258,19
W00003969,249,237,12
W00003970,306,289,17
W00003971,275,256,19
W00003972,307,296,11
W00003973,283,250,33
W00003975,330,304,26
W00003976,245,240,5
W00003977,310,293,17
W00003978,244,236,8
W00003979,125,118,7
W00003980,127,120,7
W00003981,148,144,4
W00003982,408,385,23
W00003983,414,381,33
W00003984,372,346,26
W00003986,292,271,21
W00003987,233,221,12
W00003988,407,379,28
W00003989,415,389,26
W00003990,243,238,5
W00003991,250,233,17
W00003992,166,163,3
W00003993,206,196,10
W00003995,225,217,8
W00003996,224,218,6
W00003997,535,509,26
W00003998,289,271,18
W00003999,231,218,13
W00004001,242,227,15
W00004002,228,212,16
W00004003,241,229,12
W00004004,498,476,22
W00004005,199,186,13
W00004006,196,189,7
W00004007,297,283,14
W00004008,195,183,12
W00004010,207,197,10
W00004011,132,131,1
W00004012,172,160,12
W00004013,231,212,19
W00004014,254,246,8
W00004015,221,217,4
W00004016,234,223,11
W00004017,222,205,17
W00004018,381,359,22
W00004019,265,240,25
W00004020,279,258,21
W00004021,269,247,22
W00004022,239,211,28
W00004023,186,169,17
W00004025,248,225,23
W00004026,188,174,14
W00004027,366,346,20
W00004028,403,381,22
W00004030,351,293,58
W00004031,337,253,84
W00004032,337,265,72
W00004033,434,330,104
W00004034,304,255,49
W00004035,304,255,49
W00004036,273,240,33
W00004037,271,221,50
W00004038,231,206,25
W00004039,187,162,25
W00004040,305,274,31
W00004041,266,232,34
W00004042,269,242,27
W00004043,333,284,49
W00004044,330,293,37
W00004045,286,265,21
W00004046,256,214,42
W00004047,279,238,41
W00004048,190,172,18
W00004049,297,251,46
W00004050,287,248,39
W00004051,225,194,31
W00004052,246,178,68
W00004053,240,202,38
W00004054,257,213,44
W00004055,269,250,19
W00004056,237,213,24
W00004057,300,288,12
W00004058,333,318,15
W00004059,278,257,21
W00004060,274,250,24
W00004061,255,237,18
W00004062,316,299,17
W00004063,248,230,18
W00004064,285,251,34
W00004065,326,288,38
W00004066,182,170,12
W00004067,306,293,13
W00004068,139,136,3
W00004069,175,162,13
W00004070,250,237,13
W00004072,276,246,30
W00004073,534,449,85
W00004074,232,214,18
W00004075,534,487,47
W00004076,264,242,22
W00004077,242,226,16
W00004078,415,371,44
W00004079,331,297,34
W00004080,250,232,18
W00004081,277,238,39
W00004082,353,333,20
W00004083,255,236,19
W00004084,288,255,33
W00004085,372,336,36
W00004086,282,253,29
W00004087,223,204,19
W00004088,318,292,26
W00004089,257,238,19
W00004090,334,316,18
W00004091,243,230,13
W00004092,233,221,12
W00004093,328,313,15
W00004094,186,181,5
W00004095,231,216,15
W00004096,320,297,23
W00004097,329,301,28
W00004098,289,272,17
W00004099,275,259,16
W00004100,308,299,9
W00004101,328,303,25
W00004102,215,205,10
W00004103,297,268,29
W00004104,290,276,14
W00004105,343,319,24
W00004106,213,201,12
W00004107,264,255,9
W00004108,321,300,21
W00004109,299,288,11
W00004110,287,268,19
W00004111,288,278,10
W00004112,276,261,15
W00004113,268,250,18
W00004114,244,231,13
W00004115,252,234,18
W00004116,270,254,16
W00004117,301,281,20
W00004118,242,227,15
W00004119,217,198,19
W00004120,302,283,19
W00004121,233,219,14
W00004122,287,275,12
W00004123,193,185,8
W00004124,195,187,8
W00004125,241,225,16
W00004126,255,235,20
W00004127,285,272,13
W00004128,230,213,17
W00004129,313,296,17
W00004130,270,247,23
W00004131,315,295,20
W00004132,240,220,20
W00004133,279,264,15
W00004134,276,259,17
W00004135,322,302,20
W00004136,281,266,15
W00004137,304,289,15
W00004138,258,247,11
W00004139,281,255,26
W00004140,358,331,27
W00004141,266,236,30
W00004142,315,284,31
W00004143,351,322,29
W00004144,161,153,8
W00004145,381,352,29
W00004146,297,278,19
W00004147,354,319,35
W00004148,240,228,12
W00004149,269,233,36
W00004150,232,204,28
W00004151,291,266,25
W00004152,303,255,48
W00004153,394,360,34
W00004154,392,343,49
W00004155,187,173,14
W00004157,477,424,53
W00004158,294,263,31
W00004159,345,314,31
W00004160,147,136,11
W00004161,317,298,19
W00004162,332,296,36
W00004163,445,416,29
W00004164,245,216,29
W00004165,298,270,28
W00004166,351,330,21
W00004167,212,190,22
W00004168,383,369,14
W00004169,408,365,43
W00004170,214,194,20
W00004171,294,278,16
W00004172,356,334,22
W00004173,175,158,17
W00004174,305,275,30
W00004175,264,227,37
W00004176,379,335,44
W00004177,321,282,39
W00004178,289,255,34
W00004179,305,274,31
W00004180,296,266,30
W00004181,268,237,31
W00004182,314,292,22
W00004183,197,186,11
W00004184,246,228,18
W00004186,259,239,20
W00004188,258,239,19
W00004189,257,237,20
W00004190,266,241,25
W00004191,289,265,24
W00004192,300,269,31
W00004196,217,194,23
W00004197,253,240,13
W00004198,237,220,17
W00004199,281,259,22
W00004200,279,268,11
W00004201,252,234,18
W00004202,342,320,22
W00004203,241,223,18
W00004204,277,260,17
W00004205,276,241,35
W00004206,212,194,18
W00004207,294,265,29
W00004208,135,121,14
W00004210,303,264,39
W00004211,260,229,31
W00004212,301,259,42
W00004213,198,172,26
W00004215,229,204,25
W00004216,254,223,31
W00004217,219,183,36
W00004218,246,220,26
W00004220,301,279,22
W00004221,268,258,10
W00004222,297,291,6
W00004223,299,271,28
W00004224,243,238,5
W00004225,280,273,7
W00004226,356,324,32
W00004227,292,284,8
W00004228,221,211,10
W00004229,323,311,12
W00004230,233,226,7
W00004232,284,264,20
W00004233,285,256,29
W00004234,265,240,25
W00004235,260,240,20
W00004236,274,252,22
W00004237,281,266,15
W00004238,252,243,9
W00004239,274,265,9
W00004240,276,267,9
W00004241,263,234,29
W00004242,344,307,37
W00004243,384,349,35
W00004244,225,201,24
W00004245,190,173,17
W00004246,430,367,63
W00004247,162,154,8
W00004248,312,267,45
W00004249,281,230,51
W00004250,347,310,37
W00004251,229,202,27
W00004252,532,438,94
W00004253,256,202,54
W00004254,290,241,49
W00004255,480,406,74
W00004256,571,472,99
W00004257,343,296,47
W00004258,379,343,36
W00004259,357,326,31
W00004260,304,255,49
W00004261,269,237,32
W00004262,304,277,27
W00004263,294,265,29
W00004264,356,331,25
W00004265,364,350,14
W00004266,482,429,53
W00004267,375,356,19
W00004268,275,248,27
W00004269,296,276,20
W00004270,254,224,30
W00004271,276,244,32
W00004272,285,247,38
W00004274,326,287,39
W00004275,324,298,26
W00004276,363,332,31
W00004277,447,397,50
W00004278,251,233,18
W00004279,253,234,19
W00004280,262,238,24
W00004281,322,302,20
W00004282,203,187,16
W00004283,218,206,12
W00004284,362,329,33
W00004285,255,238,17
W00004286,449,417,32
W00004288,281,248,33
W00004289,337,293,44
W00004290,333,298,35
W00004291,309,265,44
W00004292,251,225,26
W00004293,243,207,36
W00004294,367,320,47
W00004295,276,255,21
W00004296,263,246,17
W00004297,355,301,54
W00004298,250,217,33
W00004299,185,169,16
W00004300,588,504,84
W00004301,308,249,59
W00004302,293,235,58
W00004303,300,187,113
W00004304,179,153,26
W00004305,370,262,108
W00004306,329,232,97
W00004307,390,362,28
W00004308,279,244,35
W00004309,263,226,37
W00004310,262,235,27
W00004311,232,208,24
W00004312,261,222,39
W00004313,282,256,26
W00004314,263,236,27
W00004315,294,268,26
W00004316,264,233,31
W00004317,373,350,23
W00004318,252,236,16
W00004320,330,272,58
W00004321,251,241,10
W00004322,248,235,13
W00004323,215,201,14
W00004324,318,291,27
W00004325,248,231,17
W00004326,326,299,27
W00004327,307,287,20
W00004328,312,286,26
W00004329,297,279,18
W00004330,249,232,17
W00004331,251,223,28
W00004332,300,285,15
W00004333,226,216,10
W00004334,225,208,17
W00004335,242,223,19
W00004336,259,245,14
W00004337,256,233,23
W00004338,251,228,23
W00004339,306,289,17
W00004340,326,296,30
W00004341,344,274,70
W00004342,249,226,23
W00004343,268,247,21
W00004344,324,262,62
W00004345,264,237,27
W00004346,265,240,25
W00004347,251,224,27
W00004348,254,229,25
W00004349,243,220,23
W00004350,255,221,34
W00004351,291,266,25
W00004352,289,255,34
W00004353,267,240,27
W00004354,254,230,24
W00004355,305,283,22
W00004356,287,254,33
W00004357,283,266,17
W00004358,261,246,15
W00004359,243,214,29
W00004360,247,230,17
W00004361,164,155,9
W00004362,264,237,27
W00004363,348,279,69
W00004364,253,226,27
W00004365,289,257,32
W00004366,307,272,35
W00004367,319,284,35
W00004368,336,317,19
W00004369,279,261,18
W00004370,305,284,21
W00004371,276,261,15
W00004372,386,354,32
W00004373,266,264,2
W00004374,255,228,27
W00004375,211,192,19
W00004376,179,161,18
W00004377,252,233,19
W00004378,235,230,5
W00004379,395,362,33
W00004380,263,236,27
W00004381,339,310,29
W00004382,390,359,31
W00004383,259,245,14
W00004384,287,255,32
W00004385,250,232,18
W00004386,323,285,38
W00004387,271,254,17
W00004388,314,285,29
W00004389,256,224,32
W00004390,292,269,23
W00004391,255,238,17
W00004392,277,247,30
W00004393,297,250,47
W00004394,284,257,27
W00004395,282,268,14
W00004396,273,252,21
W00004397,303,282,21
W00004398,248,233,15
W00004399,266,258,8
W00004400,238,223,15
W00004401,275,267,8
W00004402,298,266,32
W00004403,302,268,34
W00004404,215,188,27
W00004405,441,391,50
W00004406,368,343,25
W00004407,254,226,28
W00004408,444,408,36
W00004409,283,257,26
W00004410,203,182,21
W00004411,388,347,41
W00004412,217,196,21
W00004413,267,228,39
W00004414,265,236,29
W00004415,224,201,23
W00004416,215,182,33
W00004417,186,171,15
W00004418,205,180,25
W00004419,208,196,12
W00004420,235,212,23
W00004421,259,228,31
W00004422,267,239,28
W00004423,261,221,40
W00004424,232,210,22
W00004425,275,254,21
W00004426,148,140,8
W00004427,248,226,22
W00004428,213,193,20
W00004429,281,246,35
W00004430,302,268,34
W00004431,404,362,42
W00004432,356,327,29
W00004433,260,234,26
W00004434,249,231,18
W00004435,258,233,25
W00004436,273,249,24
W00004437,234,217,17
W00004438,350,319,31
W00004439,235,214,21
W00004440,273,260,13
W00004441,328,309,19
W00004442,356,323,33
W00004443,241,225,16
W00004444,292,276,16
W00004445,290,243,47
W00004446,384,359,25
W00004448,222,214,8
W00004449,452,422,30
W00004450,275,259,16
W00004451,312,290,22
W00004452,260,237,23
W00004453,358,345,13
W00004454,260,240,20
W00004455,309,286,23
W00004456,294,277,17
W00004457,273,259,14
W00004458,278,270,8
W00004459,235,229,6
W00004460,239,219,20
W00004461,284,276,8
W00004462,249,229,20
W00004463,327,301,26
W00004464,277,261,16
W00004465,206,180,26
W00004466,238,226,12
W00004467,242,219,23
W00004468,232,222,10
W00004469,317,291,26
W00004470,241,233,8
W00004471,317,293,24
W00004472,319,307,12
W00004473,273,263,10
W00004474,312,282,30
W00004475,284,274,10
W00004476,221,214,7
W00004477,398,376,22
W00004478,334,312,22
W00004479,312,288,24
W00004482,284,265,19
W00004483,308,294,14
W00004484,344,299,45
W00004485,321,284,37
W00004486,379,322,57
W00004487,264,238,26
W00004488,278,251,27
W00004489,291,268,23
W00004490,266,255,11
W00004491,195,178,17
W00004492,233,205,28
W00004493,326,291,35
W00004494,401,359,42
W00004495,351,328,23
W00004496,447,397,50
W00004497,323,268,55
W00004498,420,370,50
W00004499,232,210,22
W00004500,324,301,23
W00004501,258,240,18
W00004502,317,282,35
W00004503,253,226,27
W00004504,327,288,39
W00004505,262,243,19
W00004506,279,259,20
W00004507,458,409,49
W00004508,301,288,13
W00004509,297,268,29
W00004510,372,343,29
W00004511,403,354,49
W00004512,344,310,34
W00004514,303,250,53
W00004515,275,237,38
W00004516,280,249,31
W00004517,333,281,52
W00004518,298,268,30
W00004520,316,270,46
W00004521,362,310,52
W00004522,333,243,90
W00004523,320,274,46
W00004524,300,226,74
W00004525,291,229,62
W00004526,225,172,53
W00004527,400,278,122
W00004528,262,184,78
W00004529,310,231,79
W00004530,283,208,75
W00004531,216,206,10
W00004532,284,267,17
W00004533,271,247,24
W00004534,296,274,22
W00004535,297,283,14
W00004536,281,270,11
W00004537,329,309,20
W00004538,293,280,13
W00004539,271,256,15
W00004540,354,339,15
W00004541,292,267,25
W00004542,282,267,15
W00004544,341,329,12
W00004545,287,271,16
W00004546,269,254,15
W00004547,266,247,19
W00004549,237,222,15
W00004550,276,260,16
W00004552,411,377,34
W00004553,368,328,40
W00004554,375,350,25
W00004555,271,249,22
W00004556,432,377,55
W00004557,292,263,29
W00004558,304,266,38
W00004559,290,268,22
W00004560,324,276,48
W00004561,180,171,9
W00004562,213,202,11
W00004563,354,318,36
W00004564,205,196,9
W00004565,315,287,28
W00004566,303,279,24
W00004567,169,163,6
W00004568,283,248,35
W00004569,264,231,33
W00004570,250,237,13
W00004571,338,289,49
W00004572,316,297,19
W00004573,190,186,4
W00004574,356,318,38
W00004575,238,218,20
W00004576,307,278,29
W00004577,219,202,17
W00004578,269,260,9
W00004579,239,221,18
W00004580,267,242,25
W00004581,262,236,26
W00004582,314,277,37
W00004583,275,238,37
W00004584,314,291,23
W00004586,307,261,46
W00004587,351,299,52
W00004588,262,230,32
W00004589,232,208,24
W00004590,466,409,57
W00004591,250,217,33
W00004592,222,198,24
W00004593,254,233,21
W00004594,252,230,22
W00004595,270,246,24
W00004596,348,309,39
W00004597,277,250,27
W00004598,341,306,35
W00004599,288,258,30
W00004600,314,295,19
W00004601,270,252,18
W00004602,303,289,14
W00004603,295,284,11
W00004604,265,250,15
W00004605,238,228,10
W00004606,273,257,16
W00004607,320,305,15
W00004608,198,195,3
W00004609,153,149,4
W00004610,348,340,8
W00004611,296,276,20
W00004612,219,209,10
W00004613,227,216,11
W00004614,277,260,17
W00004615,314,302,12
W00004616,278,265,13
W00004617,254,245,9
W00004618,245,223,22
W00004619,262,242,20
W00004620,340,335,5
W00004621,251,246,5
W00004622,285,277,8
W00004623,379,352,27
W00004624,266,257,9
W00004625,295,278,17
W00004626,254,247,7
W00004627,356,338,18
W00004628,277,266,11
W00004629,304,291,13
W00004630,210,183,27
W00004631,292,245,47
W00004632,224,189,35
W00004633,331,294,37
W00004634,425,397,28
W00004635,233,201,32
W00004636,242,215,27
W00004637,383,362,21
W00004638,286,263,23
W00004639,244,207,37
W00004640,236,214,22
W00004641,287,268,19
W00004642,348,326,22
W00004643,354,314,40
W00004644,310,266,44
W00004645,332,302,30
W00004646,429,388,41
W00004647,242,212,30
W00004648,387,345,42
W00004649,347,315,32
W00004650,418,374,44
W00004651,304,271,33
W00004652,334,282,52
W00004653,350,313,37
W00004654,369,337,32
W00004655,403,373,30
W00004656,461,416,45
W00004657,356,315,41
W00004658,401,356,45
W00004659,323,286,37
W00004660,222,197,25
W00004661,337,297,40
W00004662,389,347,42
W00004663,375,337,38
W00004664,423,389,34
W00004665,251,227,24
W00004666,246,217,29
W00004667,262,224,38
W00004668,319,291,28
W00004669,306,266,40
W00004670,312,270,42
W00004671,222,205,17
W00004672,275,237,38
W00004673,323,270,53
W00004674,373,319,54
W00004675,316,288,28
W00004676,281,243,38
W00004677,253,215,38
W00004678,325,280,45
W00004679,380,338,42
W00004680,279,246,33
W00004681,337,276,61
W00004682,282,270,12
W00004683,249,230,19
W00004684,294,263,31
W00004685,239,215,24
W00004686,275,247,28
W00004687,203,192,11
W00004688,242,223,19
W00004689,333,303,30
W00004690,221,199,22
W00004691,267,236,31
W00004692,279,241,38
W00004693,389,340,49
W00004694,245,211,34
W00004695,223,191,32
W00004696,227,216,11
W00004697,204,186,18
W00004698,261,238,23
W00004699,258,240,18
W00004700,207,189,18
W00004701,221,194,27
W00004702,240,224,16
W00004703,202,189,13
W00004704,231,219,12
W00004705,350,328,22
W00004706,384,366,18
W00004707,324,304,20
W00004709,292,285,7
W00004710,326,303,23
W00004711,321,300,21
W00004712,309,298,11
W00004713,292,275,17
W00004714,332,317,15
W00004715,251,234,17
W00004716,214,203,11
W00004717,336,321,15
W00004718,338,329,9
W00004719,309,294,15
W00004720,238,226,12
W00004721,273,261,12
W00004722,195,185,10
W00004723,210,194,16
W00004724,294,266,28
W00004725,298,266,32
W00004726,190,165,25
W00004728,323,281,42
W00004729,239,230,9
W00004730,379,341,38
W00004731,292,225,67
W00004732,365,279,86
W00004733,296,251,45
W00004735,333,292,41
W00004736,345,286,59
W00004737,286,258,28
W00004738,320,295,25
W00004739,304,276,28
W00004740,267,249,18
W00004741,427,393,34
W00004742,264,242,22
W00004743,265,249,16
W00004744,413,383,30
W00004745,296,278,18
W00004746,282,255,27
W00004747,255,242,13
W00004748,218,202,16
W00004749,252,236,16
W00004750,297,274,23
W00004751,226,210,16
W00004752,311,298,13
W00004753,341,318,23
W00004754,329,298,31
W00004755,240,222,18
W00004756,402,377,25
W00004757,310,274,36
W00004758,263,248,15
W00004759,287,270,17
W00004760,249,222,27
W00004761,281,252,29
W00004762,321,296,25
W00004763,199,189,10
W00004764,276,247,29
W00004765,270,237,33
W00004766,271,239,32
W00004767,147,145,2
W00004768,235,209,26
W00004769,233,222,11
W00004770,379,352,27
W00004771,253,231,22
W00004772,268,243,25
W00004773,268,248,20
W00004774,257,240,17
W00004775,275,253,22
W00004776,250,233,17
W00004777,279,259,20
W00004778,225,203,22
W00004779,272,265,7
W00004780,266,242,24
W00004781,332,292,40
W00004782,315,281,34
W00004783,307,283,24
W00004784,270,250,20
W00004785,302,278,24
W00004786,273,254,19
W00004787,245,228,17
W00004788,273,257,16
W00004789,332,297,35
W00004790,280,259,21
W00004791,273,250,23
W00004792,554,496,58
W00004793,323,290,33
W00004794,275,239,36
W00004795,229,216,13
W00004796,261,216,45
W00004797,270,230,40
W00004798,278,228,50
W00004799,276,241,35
W00004800,221,207,14
W00004801,272,241,31
W00004802,302,268,34
W00004803,261,242,19
W00004804,297,273,24
W00004805,220,208,12
W00004806,227,205,22
W00004807,273,246,27
W00004808,290,249,41
W00004809,396,362,34
W00004810,298,264,34
W00004811,295,247,48
W00004812,270,242,28
W00004813,144,126,18
W00004814,266,233,33
W00004815,255,229,26
W00004816,232,203,29
W00004817,245,230,15
W00004818,247,212,35
W00004819,265,246,19
W00004820,220,196,24
W00004821,287,263,24
W00004822,294,252,42
W00004823,297,267,30
W00004824,410,365,45
W00004825,226,204,22
W00004826,233,216,17
W00004827,277,249,28
W00004828,248,232,16
W00004829,261,241,20
W00004830,283,265,18
W00004831,307,280,27
W00004832,274,255,19
W00004833,531,475,56
W00004834,271,248,23
W00004836,232,201,31
W00004837,235,211,24
W00004838,334,290,44
W00004839,273,242,31
W00004840,251,234,17
W00004841,231,214,17
W00004842,269,246,23
W00004843,272,244,28
W00004844,290,270,20
W00004845,249,234,15
W00004846,212,196,16
W00004847,273,251,22
W00004848,341,326,15
W00004849,241,232,9
W00004850,239,227,12
W00004851,377,337,40
W00004852,306,267,39
W00004853,286,268,18
W00004854,258,238,20
W00004855,247,232,15
W00004856,294,272,22
W00004857,343,309,34
W00004858,299,276,23
W00004859,316,294,22
W00004860,255,239,16
W00004861,248,231,17
W00004862,323,309,14
W00004863,317,298,19
W00004864,310,288,22
W00004865,354,344,10
W00004866,298,277,21
W00004867,279,238,41
W00004868,330,307,23
W00004869,237,218,19
W00004870,305,282,23
W00004871,295,263,32
W00004872,252,233,19
W00004873,268,240,28
W00004874,273,251,22
W00004875,283,256,27
W00004877,262,235,27
W00004879,558,505,53
W00004882,290,269,21
W00004883,354,301,53
W00004884,265,205,60
W00004885,290,248,42
W00004886,326,284,42
W00004887,273,242,31
W00004888,376,330,46
W00004889,293,147,146
W00004890,248,146,102
W00004891,308,199,109
W00004892,271,137,134
W00004893,159,150,9
W00004894,265,251,14
W00004895,229,221,8
W00004896,317,296,21
W00004897,317,306,11
W00004898,340,315,25
W00004899,269,249,20
W00004900,182,172,10
W00004901,248,237,11
W00004902,230,224,6
W00004903,307,282,25
W00004904,104,94,10
W00004905,269,253,16
W00004906,225,209,16
W00004907,235,219,16
W00004908,217,204,13
W00004909,296,266,30
W00004910,251,236,15
W00004911,238,214,24
W00004912,271,236,35
W00004913,325,293,32
W00004914,208,198,10
W00004915,197,193,4
W00004916,231,223,8
W00004917,280,268,12
W00004918,223,208,15
W00004919,234,189,45
W00004920,228,188,40
W00004921,265,208,57
W00004922,255,205,50
W00004923,273,232,41
W00004924,272,257,15
W00004925,300,250,50
W00004926,295,236,59
W00004927,327,283,44
W00004928,279,245,34
W00004929,241,202,39
W00004930,310,268,42
W00004931,351,269,82
W00004932,364,268,96
W00004934,314,267,47
W00004935,296,255,41
W00004936,292,177,115
W00004937,218,122,96
W00004938,262,175,87
W00004939,284,197,87
W00004940,118,86,32
W00004941,343,192,151
W00004942,171,105,66
W00004943,210,124,86
W00004944,311,185,126
W00004945,260,168,92
W00004946,302,208,94
W00004947,257,249,8
W00004948,143,137,6
W00004949,141,130,11
W00004950,321,309,12
W00004951,249,241,8
W00004952,299,135,164
W00004953,408,304,104
W00004954,253,147,106
W00004955,355,225,130
W00004956,230,217,13
W00004958,374,351,23
W00004960,321,286,35
W00004961,248,224,24
W00004962,258,241,17
W00004963,265,254,11
W00004964,210,200,10
W00004965,300,278,22
W00004966,246,224,22
W00004968,296,280,16
W00004969,250,242,8
W00004970,215,197,18
W00004971,246,236,10
W00004972,260,236,24
W00004973,287,270,17
W00004974,226,216,10
W00004975,257,237,20
W00004976,194,180,14
W00004977,234,215,19
W00004978,188,176,12
W00004979,297,283,14
W00004980,270,259,11
W00004981,252,241,11
W00004982,242,240,2
W00004983,239,215,24
W00004984,252,234,18
W00004985,175,162,13
W00004986,272,247,25
W00004987,327,310,17
W00004988,208,194,14
W00004989,215,203,12
W00004990,215,200,15
W00004991,276,261,15
W00004992,153,147,6
W00004993,232,205,27
W00004994,204,188,16
W00004995,198,179,19
W00004996,198,181,17
W00004997,276,266,10
W00004998,310,268,42
W00004999,332,284,48
W00005000,291,272,19
W00005001,274,254,20
W00005002,311,290,21
W00005003,276,261,15
W00005004,256,236,20
W00005005,301,263,38
W00005006,302,266,36
W00005007,241,221,20
W00005008,279,244,35
W00005009,307,289,18
W00005010,255,231,24
W00005011,284,257,27
W00005012,277,261,16
W00005013,287,270,17
W00005014,261,238,23
W00005015,442,411,31
W00005016,308,293,15
W00005017,242,205,37
W00005018,204,177,27
W00005019,386,355,31
W00005020,308,277,31
W00005021,271,232,39
W00005022,330,302,28
W00005023,250,218,32
W00005024,281,258,23
W00005025,305,233,72
W00005026,343,278,65
W00005027,407,358,49
W00005028,449,343,106
W00005029,430,344,86
W00005030,391,297,94
W00005031,204,164,40
W00005032,328,263,65
W00005033,206,161,45
W00005034,233,187,46
W00005035,339,258,81
W00005036,347,282,65
W00005037,302,230,72
W00005038,306,236,70
W00005039,286,252,34
W00005040,256,211,45
W00005041,501,390,111
W00005042,307,291,16
W00005044,269,239,30
W00005045,308,274,34
W00005046,277,265,12
W00005047,271,251,20
W00005048,278,255,23
W00005049,355,333,22
W00005050,332,308,24
W00005051,243,218,25
W00005052,280,270,10
W00005053,430,382,48
W00005054,280,260,20
W00005055,312,298,14
W00005056,257,243,14
W00005057,290,271,19
W00005058,256,234,22
W00005059,336,313,23
W00005060,222,207,15
W00005061,249,232,17
W00005062,283,259,24
W00005063,249,233,16
W00005064,276,236,40
W00005065,261,229,32
W00005066,245,227,18
W00005067,275,261,14
W00005068,280,252,28
W00005069,309,277,32
W00005070,223,196,27
W00005071,264,231,33
W00005072,469,368,101
W00005073,161,138,23
W00005074,235,196,39
W00005075,350,287,63
W00005076,475,389,86
W00005077,235,210,25
W00005078,321,271,50
W00005080,239,233,6
W00005081,287,275,12
W00005082,265,242,23
W00005083,267,245,22
W00005084,316,306,10
W00005085,216,201,15
W00005086,187,180,7
W00005087,211,204,7
W00005088,388,354,34
W00005089,332,313,19
W00005090,249,240,9
W00005091,285,270,15
W00005092,162,154,8
W00005093,302,286,16
W00005094,186,177,9
W00005095,247,237,10
W00005096,242,229,13
W00005097,290,272,18
W00005098,344,327,17
W00005099,276,262,14
W00005100,344,322,22
W00005101,289,273,16
W00005102,259,244,15
W00005103,405,379,26
W00005104,278,267,11
W00005105,236,218,18
W00005106,277,257,20
W00005107,307,279,28
W00005108,287,268,19
W00005109,285,263,22
W00005110,236,214,22
W00005111,282,269,13
W00005112,287,258,29
W00005113,270,256,14
W00005114,292,280,12
W00005115,295,282,13
W00005116,372,340,32
W00005117,334,317,17
W00005118,314,289,25
W00005119,302,287,15
W00005120,272,257,15
W00005121,257,242,15
W00005122,240,229,11
W00005123,247,236,11
W00005124,249,239,10
W00005125,306,239,67
W00005126,252,210,42
W00005127,317,291,26
W00005128,344,309,35
W00005129,213,179,34
W00005130,232,195,37
W00005131,302,222,80
W00005132,301,288,13
W00005133,363,347,16
W00005134,283,264,19
W00005135,406,373,33
W00005136,235,221,14
W00005137,269,249,20
W00005138,417,386,31
W00005139,236,218,18
W00005140,265,259,6
W00005141,248,228,20
W00005142,231,221,10
W00005143,197,187,10
W00005144,246,236,10
W00005145,490,448,42
W00005146,255,232,23
W00005147,237,217,20
W00005148,546,494,52
W00005149,300,270,30
W00005150,262,235,27
W00005151,389,348,41
W00005152,248,233,15
W00005153,286,264,22
W00005154,264,235,29
W00005155,283,262,21
W00005156,223,164,59
W00005157,332,242,90
W00005158,273,210,63
W00005159,275,206,69
W00005160,258,189,69
W00005161,236,154,82
W00005162,279,178,101
W00005163,277,209,68
W00005164,254,176,78
W00005165,228,163,65
W00005166,226,171,55
W00005167,251,189,62
W00005168,182,151,31
W00005169,274,202,72
W00005171,306,235,71
W00005172,217,200,17
W00005173,242,214,28
W00005174,309,276,33
W00005176,300,275,25
W00005177,295,287,8
W00005178,275,258,17
W00005179,274,265,9
W00005180,419,391,28
W00005181,402,378,24
W00005182,321,308,13
W00005183,394,372,22
W00005184,357,328,29
W00005185,308,283,25
W00005186,260,247,13
W00005187,507,479,28
W00005188,381,337,44
W00005189,121,112,9
W00005190,231,219,12
W00005191,277,269,8
W00005192,357,333,24
W00005193,313,287,26
W00005194,316,281,35
W00005195,266,236,30
W00005196,310,294,16
W00005197,240,223,17
W00005198,281,264,17
W00005199,311,284,27
W00005202,441,385,56
W00005203,317,302,15
W00005204,323,294,29
W00005205,257,241,16
W00005206,240,229,11
W00005207,260,239,21
W00005211,272,259,13
W00005212,346,320,26
W00005213,355,330,25
W00005214,231,213,18
W00005215,293,275,18
W00005216,216,210,6
W00005217,306,280,26
W00005218,278,250,28
W00005219,296,273,23
W00005220,300,283,17
W00005221,261,242,19
W00005222,279,258,21
W00005223,271,246,25
W00005224,284,270,14
W00005225,315,273,42
W00005226,287,268,19
W00005227,274,247,27
W00005228,219,196,23
W00005229,242,222,20
W00005230,290,268,22
W00005231,208,197,11
W00005232,460,418,42
W00005233,256,221,35
W00005234,160,136,24
W00005235,534,475,59
W00005236,358,336,22
W00005237,382,355,27
W00005239,245,236,9
W00005240,244,233,11
W00005241,258,239,19
W00005243,255,238,17
W00005246,496,452,44
W00005247,283,266,17
W00005248,280,269,11
W00005249,224,219,5
W00005250,466,422,44
W00005251,497,458,39
W00005252,228,208,20
W00005253,256,232,24
W00005254,297,261,36
W00005255,253,231,22
W00005256,223,213,10
W00005257,259,229,30
W00005258,234,215,19
W00005259,322,292,30
W00005260,317,300,17
W00005261,259,237,22
W00005262,288,260,28
W00005263,285,269,16
W00005264,211,197,14
W00005265,391,358,33
W00005266,253,232,21
W00005267,256,246,10
W00005268,288,265,23
W00005269,251,241,10
W00005270,297,282,15
W00005271,277,254,23
W00005272,275,262,13
W00005273,251,235,16
W00005274,275,259,16
W00005275,255,242,13
W00005276,232,215,17
W00005277,330,311,19
W00005278,416,383,33
W00005279,226,213,13
W00005280,150,136,14
W00005281,291,274,17
W00005282,248,222,26
W00005283,303,289,14
W00005284,278,252,26
W00005285,247,231,16
W00005287,236,230,6
W00005288,318,294,24
W00005289,233,218,15
W00005294,274,257,17
W00005295,354,329,25
W00005296,391,354,37
W00005297,283,252,31
W00005298,259,236,23
W00005299,291,270,21
W00005300,158,149,9
W00005301,252,228,24
W00005302,258,247,11
W00005303,370,338,32
W00005304,303,279,24
W00005305,284,267,17
W00005306,254,227,27
W00005307,435,389,46
W00005309,273,260,13
W00005310,337,316,21
W00005311,328,314,14
W00005312,359,328,31
W00005313,518,479,39
W00005314,480,459,21
W00005315,293,280,13
W00005316,258,230,28
W00005317,282,257,25
W00005318,210,187,23
W00005319,274,256,18
W00005320,327,297,30
W00005321,252,235,17
W00005322,196,172,24
W00005324,296,274,22
W00005325,213,197,16
W00005326,196,182,14
W00005327,530,468,62
W00005329,205,187,18
W00005330,324,294,30
W00005331,319,296,23
W00005332,225,210,15
W00005333,288,261,27
W00005334,255,242,13
W00005335,274,245,29
W00005336,228,213,15
W00005337,287,266,21
W00005338,273,237,36
W00005339,548,488,60
W00005340,252,233,19
W00005341,248,227,21
W00005342,269,252,17
W00005343,302,281,21
W00005344,289,257,32
W00005346,300,275,25
W00005347,372,345,27
W00005348,222,196,26
W00005349,312,280,32
W00005350,333,319,14
W00005351,330,313,17
W00005352,235,214,21
W00005353,250,234,16
W00005354,199,191,8
W00005355,334,317,17
W00005356,195,190,5
W00005357,227,220,7
W00005358,267,239,28
W00005359,283,264,19
W00005360,266,239,27
W00005361,191,169,22
W00005362,301,268,33
W00005363,320,274,46
W00005364,257,239,18
W00005365,436,359,77
W00005366,246,208,38
W00005367,342,300,42
W00005368,264,225,39
W00005369,275,242,33
W00005370,278,257,21
W00005371,277,248,29
W00005372,229,214,15
W00005373,268,246,22
W00005374,229,209,20
W00005375,257,230,27
W00005376,291,274,17
W00005377,264,238,26
W00005378,258,239,19
W00005379,284,241,43
W00005380,257,233,24
W00005381,310,263,47
W00005382,283,263,20
W00005383,313,287,26
W00005384,243,229,14
W00005385,281,259,22
W00005386,285,246,39
W00005387,275,235,40
W00005388,286,241,45
W00005389,271,235,36
W00005390,201,185,16
W00005391,267,249,18
W00005392,310,274,36
W00005393,281,258,23
W00005394,284,257,27
W00005395,254,223,31
W00005396,247,212,35
W00005397,236,223,13
W00005398,285,253,32
W00005399,302,270,32
W00005400,300,258,42
W00005401,294,273,21
W00005402,334,310,24
W00005403,232,213,19
W00005404,326,290,36
W00005405,260,235,25
W00005406,249,239,10
W00005407,279,267,12
W00005408,227,213,14
W00005409,246,235,11
W00005410,270,245,25
W00005411,437,407,30
W00005412,218,209,9
W00005413,208,199,9
W00005414,283,265,18
W00005415,391,365,26
W00005416,344,314,30
W00005417,248,231,17
W00005418,294,276,18
W00005419,251,232,19
W00005420,321,302,19
W00005421,281,261,20
W00005422,201,191,10
W00005423,289,273,16
W00005424,301,288,13
W00005425,275,256,19
W00005426,328,307,21
W00005427,281,265,16
W00005428,283,261,22
W00005429,337,316,21
W00005430,539,485,54
W00005431,310,291,19
W00005432,322,304,18
W00005433,294,279,15
W00005434,237,211,26
W00005435,272,262,10
W00005436,206,197,9
W00005437,234,223,11
W00005438,271,256,15
W00005439,326,286,40
W00005440,300,278,22
W00005441,221,207,14
W00005442,264,234,30
W00005443,277,258,19
W00005444,238,223,15
W00005445,306,284,22
W00005446,180,174,6
W00005447,455,420,35
W00005448,316,295,21
W00005449,282,245,37
W00005450,290,275,15
W00005451,262,244,18
W00005452,329,317,12
W00005453,286,266,20
W00005454,250,233,17
W00005455,265,252,13
W00005456,281,264,17
W00005457,279,255,24
W00005458,481,450,31
W00005459,282,251,31
W00005460,263,247,16
W00005461,290,280,10
W00005462,197,182,15
W00005463,246,228,18
W00005464,227,207,20
W00005465,283,268,15
W00005466,341,317,24
W00005467,287,268,19
W00005468,306,273,33
W00005469,265,257,8
W00005470,259,238,21
W00005471,199,195,4
W00005472,292,276,16
W00005473,295,270,25
W00005474,244,228,16
W00005475,325,301,24
W00005476,242,232,10
W00005477,305,291,14
W00005478,321,304,17
W00005479,352,315,37
W00005482,308,282,26
W00005483,273,241,32
W00005484,441,416,25
W00005485,373,342,31
W00005486,266,254,12
W00005487,250,238,12
W00005488,313,291,22
W00005489,254,227,27
W00005490,271,250,21
W00005491,259,234,25
W00005492,343,302,41
W00005493,335,304,31
W00005494,315,276,39
W00005495,331,304,27
W00005496,320,278,42
W00005497,329,284,45
W00005498,361,327,34
W00005499,250,231,19
W00005500,463,431,32
W00005501,319,303,16
W00005502,285,267,18
W00005503,233,223,10
W00005504,254,240,14
W00005506,331,303,28
W00005507,282,257,25
W00005508,260,240,20
W00005510,287,272,15
W00005511,252,241,11
W00005512,263,242,21
W00005513,127,115,12
W00005514,219,200,19
W00005515,167,157,10
W00005516,374,338,36
W00005517,405,363,42
W00005518,335,294,41
W00005519,357,330,27
W00005520,318,296,22
W00005521,252,229,23
W00005522,309,282,27
W00005523,266,243,23
W00005524,338,298,40
W00005525,248,222,26
W00005526,291,256,35
W00005527,320,286,34
W00005528,282,246,36
W00005529,269,240,29
W00005530,291,275,16
W00005531,315,270,45
W00005532,272,265,7
W00005533,268,258,10
W00005534,289,265,24
W00005535,167,160,7
W00005536,233,228,5
W00005537,326,308,18
W00005538,299,277,22
W00005539,269,246,23
W00005540,288,272,16
W00005541,250,240,10
W00005542,260,251,9
W00005543,300,287,13
W00005544,283,251,32
W00005545,291,274,17
W00005546,303,284,19
W00005547,251,242,9
W00005548,358,335,23
W00005549,363,346,17
W00005550,287,261,26
W00005551,310,289,21
W00005552,220,205,15
W00005553,294,276,18
W00005554,238,218,20
W00005555,319,302,17
W00005556,225,207,18
W00005557,293,273,20
W00005558,306,287,19
W00005559,194,186,8
W00005560,326,301,25
W00005561,353,332,21
W00005562,275,252,23
W00005563,202,198,4
W00005564,207,197,10
W00005565,285,260,25
W00005566,302,279,23
W00005567,327,300,27
W00005568,302,283,19
W00005569,293,270,23
W00005570,293,261,32
W00005571,306,280,26
W00005572,336,314,22
W00005573,400,374,26
W00005574,222,211,11
W00005575,414,370,44
W00005576,385,352,33
W00005577,280,253,27
W00005578,335,311,24
W00005579,283,267,16
W00005580,308,275,33
W00005581,218,201,17
W00005582,208,195,13
W00005583,324,303,21
W00005584,301,277,24
W00005585,392,373,19
W00005586,316,289,27
W00005587,259,225,34
W00005588,267,252,15
W00005589,258,246,12
W00005590,284,267,17
W00005591,337,301,36
W00005592,305,291,14
W00005593,294,265,29
W00005594,298,278,20
W00005595,271,262,9
W00005596,291,265,26
W00005597,356,330,26
W00005598,319,290,29
W00005599,315,288,27
W00005600,261,256,5
W00005601,230,214,16
W00005603,355,324,31
W00005604,233,222,11
W00005605,495,439,56
W00005608,361,313,48
W00005609,222,188,34
W00005610,250,240,10
W00005611,299,277,22
W00005613,253,220,33
W00005614,207,184,23
W00005615,398,354,44
W00005616,334,278,56
W00005617,304,269,35
W00005618,304,265,39
W00005619,269,227,42
W00005620,269,226,43
W00005621,293,252,41
W00005622,259,246,13
W00005623,260,224,36
W00005624,328,298,30
W00005625,259,237,22
W00005627,308,259,49
W00005628,266,239,27
W00005629,371,340,31
W00005630,277,242,35
W00005631,344,305,39
W00005632,185,171,14
W00005633,226,197,29
W00005634,318,299,19
W00005635,325,286,39
W00005636,345,322,23
W00005637,336,303,33
W00005638,292,264,28
W00005639,264,248,16
W00005640,292,270,22
W00005641,318,299,19
W00005642,301,253,48
W00005643,281,256,25
W00005644,175,144,31
W00005645,259,246,13
W00005646,252,231,21
W00005647,389,351,38
W00005648,228,209,19
W00005650,289,263,26
W00005651,406,368,38
W00005652,300,279,21
W00005653,172,167,5
W00005654,325,307,18
W00005655,259,237,22
W00005656,299,275,24
W00005657,359,332,27
W00005658,196,190,6
W00005659,338,314,24
W00005660,252,239,13
W00005661,331,294,37
W00005662,281,270,11
W00005663,280,260,20
W00005664,254,239,15
W00005665,350,321,29
W00005666,251,242,9
W00005667,328,287,41
W00005668,272,250,22
W00005669,253,246,7
W00005670,269,252,17
W00005671,245,227,18
W00005672,240,217,23
W00005673,525,484,41
W00005674,261,234,27
W00005675,164,152,12
W00005676,317,268,49
W00005677,199,183,16
W00005678,244,222,22
W00005679,247,221,26
W00005680,325,309,16
W00005681,288,259,29
W00005683,267,248,19
W00005684,304,279,25
W00005686,323,305,18
W00005687,297,264,33
W00005688,247,217,30
W00005689,324,285,39
W00005690,277,249,28
W00005691,285,244,41
W00005692,316,276,40
W00005693,280,250,30
W00005694,286,262,24
W00005695,274,256,18
W00005696,283,258,25
W00005697,270,250,20
W00005698,255,239,16
W00005699,254,232,22
W00005700,224,192,32
W00005701,323,285,38
W00005702,281,262,19
W00005703,331,290,41
W00005704,299,282,17
W00005705,300,276,24
W00005706,333,303,30
W00005707,280,261,19
W00005708,328,299,29
W00005709,270,246,24
W00005710,269,242,27
W00005711,304,281,23
W00005712,316,282,34
W00005713,293,258,35
W00005714,277,249,28
W00005715,349,313,36
W00005716,411,370,41
W00005717,283,255,28
W00005718,329,295,34
W00005719,339,298,41
W00005720,271,234,37
W00005721,202,193,9
W00005722,292,258,34
W00005723,416,363,53
W00005724,236,203,33
W00005725,242,216,26
W00005726,336,283,53
W00005727,267,229,38
W00005728,284,248,36
W00005729,271,252,19
W00005730,231,196,35
W00005731,317,269,48
W00005732,247,218,29
W00005733,254,238,16
W00005734,385,328,57
W00005735,219,189,30
W00005736,523,468,55
W00005737,424,358,66
W00005738,358,315,43
W00005739,304,266,38
W00005740,268,247,21
W00005741,299,276,23
W00005742,256,232,24
W00005743,545,482,63
W00005744,224,214,10
W00005745,466,437,29
W00005746,248,223,25
W00005747,272,246,26
W00005748,276,257,19
W00005749,316,288,28
W00005750,310,282,28
W00005751,297,254,43
W00005752,287,254,33
W00005753,273,253,20
W00005754,284,250,34
W00005755,280,254,26
W00005756,264,232,32
W00005757,315,286,29
W00005758,232,214,18
W00005759,301,276,25
W00005760,324,275,49
W00005761,284,254,30
W00005762,508,458,50
W00005763,255,229,26
W00005764,272,257,15
W00005765,317,272,45
W00005766,310,290,20
W00005767,307,285,22
W00005768,254,231,23
W00005769,322,286,36
W00005770,208,188,20
W00005771,292,269,23
W00005773,217,194,23
W00005774,342,313,29
W00005775,265,244,21
W00005776,279,253,26
W00005777,322,282,40
W00005778,324,302,22
W00005779,241,206,35
W00005780,236,213,23
W00005781,302,271,31
W00005782,250,224,26
W00005783,256,232,24
W00005784,402,376,26
W00005785,406,380,26
W00005786,343,322,21
W00005787,279,257,22
W00005788,198,190,8
W00005789,250,222,28
W00005790,303,267,36
W00005791,321,293,28
W00005792,207,191,16
W00005793,241,217,24
W00005794,247,224,23
W00005795,288,254,34
W00005796,318,287,31
W00005797,423,388,35
W00005798,231,212,19
W00005799,284,267,17
W00005800,263,228,35
W00005801,313,268,45
W00005802,257,232,25
W00005803,270,243,27
W00005804,275,253,22
W00005805,255,235,20
W00005806,210,182,28
W00005807,213,206,7
W00005808,280,257,23
W00005809,236,203,33
W00005810,215,200,15
W00005811,288,259,29
W00005812,384,331,53
W00005813,299,263,36
W00005814,305,274,31
W00005815,245,221,24
W00005816,288,249,39
W00005817,339,297,42
W00005818,334,303,31
W00005819,223,197,26
W00005820,287,254,33
W00005821,330,289,41
W00005822,307,278,29
W00005823,269,252,17
W00005824,297,264,33
W00005825,275,266,9
W00005826,244,221,23
W00005827,190,168,22
W00005828,281,249,32
W00005829,327,295,32
W00005830,254,231,23
W00005831,340,318,22
W00005832,292,263,29
W00005833,375,326,49
W00005834,217,201,16
W00005835,233,215,18
W00005836,602,530,72
W00005837,421,359,62
W00005838,303,268,35
W00005839,358,300,58
W00005840,320,279,41
W00005841,411,370,41
W00005842,343,299,44
W00005843,404,378,26
W00005844,238,228,10
W00005845,289,266,23
W00005846,235,228,7
W00005847,528,474,54
W00005848,328,295,33
W00005849,276,261,15
W00005850,313,284,29
W00005851,272,249,23
W00005852,248,224,24
W00005853,220,201,19
W00005854,285,258,27
W00005855,291,264,27
W00005856,288,252,36
W00005857,169,162,7
W00005858,276,239,37
W00005859,242,220,22
W00005860,254,227,27
W00005861,212,188,24
W00005863,227,217,10
W00005864,273,247,26
W00005865,281,256,25
W00005866,296,258,38
W00005867,279,246,33
W00005868,252,234,18
W00005869,250,222,28
W00005870,295,278,17
W00005871,271,250,21
W00005872,223,211,12
W00005873,333,307,26
W00005874,234,204,30
W00005875,271,247,24
W00005876,221,201,20
W00005878,503,444,59
W00005879,465,411,54
W00005880,235,191,44
W00005881,172,158,14
W00005882,376,329,47
W00005883,517,455,62
W00005884,304,275,29
W00005885,326,283,43
W00005886,228,204,24
W00005887,301,262,39
W00005888,303,256,47
W00005889,325,289,36
W00005890,383,339,44
W00005891,423,377,46
W00005892,323,281,42
W00005894,323,261,62
W00005895,327,283,44
W00005896,274,251,23
W00005897,318,288,30
W00005898,311,284,27
W00005899,268,237,31
W00005900,358,323,35
W00005901,368,326,42
W00005902,303,260,43
W00005903,368,345,23
W00005905,193,175,18
W00005906,340,306,34
W00005907,269,261,8
W00005908,243,223,20
W00005909,280,257,23
W00005910,228,207,21
W00005911,260,239,21
W00005913,305,278,27
W00005914,364,320,44
W00005915,268,244,24
W00005916,255,240,15
W00005917,252,231,21
W00005918,303,280,23
W00005919,307,283,24
W00005920,407,367,40
W00005921,320,280,40
W00005922,259,240,19
W00005925,401,373,28
W00005926,245,219,26
W00005927,274,246,28
W00005928,438,411,27
W00005929,266,235,31
W00005930,209,199,10
W00005931,243,217,26
W00005933,317,287,30
W00005934,243,223,20
W00005935,315,276,39
W00005936,275,240,35
W00005938,242,224,18
W00005939,286,233,53
W00005940,271,242,29
W00005941,368,327,41
W00005942,240,210,30
W00005943,251,241,10
W00005944,226,192,34
W00005945,232,206,26
W00005946,317,287,30
W00005947,307,276,31
W00005948,225,201,24
W00005949,236,205,31
W00005950,222,205,17
W00005951,357,322,35
W00005952,275,237,38
W00005953,350,321,29
W00005954,358,338,20
W00005956,381,341,40
W00005957,413,362,51
W00005958,488,452,36
W00005959,301,274,27
W00005960,290,266,24
W00005961,327,291,36
W00005962,597,532,65
W00005963,301,277,24
W00005964,216,194,22
W00005965,291,261,30
W00005966,256,240,16
W00005967,381,337,44
W00005968,305,256,49
W00005969,590,541,49
W00005970,311,285,26
W00005971,323,276,47
W00005972,286,261,25
W00005973,240,218,22
W00005975,246,220,26
W00005976,357,323,34
W00005977,271,249,22
W00005978,257,238,19
W00005979,222,204,18
W00005980,264,240,24
W00005981,368,325,43
W00005982,230,213,17
W00005983,373,327,46
W00005984,266,248,18
W00005985,299,270,29
W00005986,243,222,21
W00005987,410,367,43
W00005990,526,467,59
W00005991,281,245,36
W00005994,272,251,21
W00005995,247,222,25
W00005996,326,303,23
W00005997,294,273,21
W00005998,327,294,33
W00005999,277,247,30
W00006000,196,183,13
W00006001,367,347,20
W00006002,139,132,7
W00006003,248,239,9
W00006004,341,302,39
W00006005,211,198,13
W00006006,278,260,18
W00006007,251,226,25
W00006008,313,291,22
W00006009,283,263,20
W00006010,247,234,13
W00006011,272,245,27
W00006012,304,281,23
W00006013,263,234,29
W00006014,328,309,19
W00006015,312,293,19
W00006016,258,238,20
W00006017,259,240,19
W00006018,286,266,20
W00006019,313,289,24
W00006020,293,272,21
W00006021,194,187,7
W00006022,369,335,34
W00006023,283,262,21
W00006024,250,224,26
W00006025,334,316,18
W00006026,261,243,18
W00006028,265,245,20
W00006029,313,268,45
W00006030,277,242,35
W00006031,303,271,32
W00006032,368,313,55
W00006033,229,210,19
W00006034,243,226,17
W00006035,264,242,22
W00006036,266,236,30
W00006037,281,263,18
W00006038,251,229,22
W00006039,281,259,22
W00006040,430,379,51
W00006041,388,359,29
W00006042,316,284,32
W00006043,322,293,29
W00006044,324,297,27
W00006045,322,302,20
W00006046,238,217,21
W00006047,243,211,32
W00006048,236,201,35
W00006049,261,235,26
W00006050,242,221,21
W00006051,327,302,25
W00006052,343,296,47
W00006053,268,244,24
W00006054,326,292,34
W00006055,318,284,34
W00006056,299,260,39
W00006057,307,293,14
W00006058,303,284,19
W00006059,239,219,20
W00006060,289,270,19
W00006061,305,247,58
W00006062,310,275,35
W00006063,256,240,16
W00006064,286,268,18
W00006065,290,268,22
W00006066,312,275,37
W00006067,247,219,28
W00006068,188,178,10
W00006069,273,240,33
W00006070,340,300,40
W00006071,227,212,15
W00006072,327,283,44
W00006073,314,292,22
W00006074,256,226,30
W00006075,289,262,27
W00006076,284,258,26
W00006077,273,248,25
W00006078,330,293,37
W00006079,284,259,25
W00006080,363,305,58
W00006081,343,307,36
W00006082,373,325,48
W00006083,258,233,25
W00006084,324,293,31
W00006085,300,271,29
W00006086,227,207,20
W00006087,340,316,24
W00006088,258,239,19
W00006089,456,396,60
W00006090,211,196,15
W00006091,145,139,6
W00006092,289,256,33
W00006093,258,235,23
W00006094,238,223,15
W00006095,385,319,66
W00006096,254,225,29
W00006097,445,383,62
W00006098,269,250,19
W00006099,278,260,18
W00006100,267,236,31
W00006101,274,223,51
W00006102,378,333,45
W00006103,426,374,52
W00006105,313,290,23
W00006106,356,326,30
W00006107,286,263,23
W00006108,228,203,25
W00006109,283,263,20
W00006110,209,193,16
W00006111,271,239,32
W00006112,254,225,29
W00006113,273,253,20
W00006114,275,236,39
W00006115,283,229,54
W00006116,312,289,23
W00006117,231,196,35
W00006118,242,216,26
W00006119,262,227,35
W00006120,584,515,69
W00006121,289,269,20
W00006122,383,349,34
W00006123,136,123,13
W00006124,201,172,29
W00006125,339,284,55
W00006126,239,218,21
W00006127,335,318,17
W00006129,329,269,60
W00006130,269,238,31
W00006131,272,242,30
W00006133,214,200,14
W00006137,441,345,96
W00006138,265,241,24
W00006139,363,305,58
W00006140,306,238,68
W00006141,337,296,41
W00006142,290,257,33
W00006143,315,276,39
W00006144,293,270,23
W00006145,386,325,61
W00006146,276,249,27
W00006147,308,271,37
W00006148,286,247,39
W00006149,334,302,32
W00006150,291,281,10
W00006151,255,240,15
W00006152,281,240,41
W00006153,268,252,16
W00006154,255,233,22
W00006155,296,274,22
W00006156,263,238,25
W00006157,229,219,10
W00006158,224,213,11
W00006159,325,314,11
W00006160,309,280,29
W00006161,236,219,17
W00006162,402,371,31
W00006163,320,303,17
W00006164,264,245,19
W00006166,256,224,32
W00006167,289,274,15
W00006168,276,247,29
W00006169,292,266,26
W00006170,271,246,25
W00006172,244,226,18
W00006173,427,407,20
W00006174,253,223,30
W00006175,248,238,10
W00006176,272,253,19
W00006177,220,208,12
W00006178,200,194,6
W00006179,285,266,19
W00006180,294,275,19
W00006181,299,278,21
W00006182,240,231,9
W00006183,290,264,26
W00006184,280,270,10
W00006185,324,295,29
W00006186,264,227,37
W00006187,286,255,31
W00006188,268,240,28
W00006189,275,243,32
W00006190,267,237,30
W00006191,232,219,13
W00006192,255,237,18
W00006193,236,224,12
W00006194,261,241,20
W00006195,277,240,37
W00006196,287,263,24
W00006197,308,267,41
W00006198,286,261,25
W00006199,258,230,28
W00006200,240,215,25
W00006201,252,228,24
W00006202,202,190,12
W00006203,247,226,21
W00006204,317,294,23
W00006205,163,150,13
W00006206,324,276,48
W00006207,262,241,21
W00006208,233,222,11
W00006209,404,343,61
W00006210,273,257,16
W00006211,356,332,24
W00006212,271,245,26
W00006213,228,216,12
W00006214,315,299,16
W00006215,333,304,29
W00006216,210,199,11
W00006217,269,262,7
W00006218,308,287,21
W00006219,265,246,19
W00006220,287,272,15
W00006221,370,327,43
W00006222,238,211,27
W00006223,272,242,30
W00006224,235,222,13
W00006225,245,217,28
W00006226,368,330,38
W00006227,300,263,37
W00006228,302,266,36
W00006229,211,187,24
W00006230,297,272,25
W00006231,215,184,31
W00006232,244,208,36
W00006233,247,225,22
W00006234,255,231,24
W00006235,206,190,16
W00006236,284,265,19
W00006237,246,221,25
W00006238,207,178,29
W00006239,198,180,18
W00006240,484,436,48
W00006241,266,235,31
W00006242,200,180,20
W00006243,278,246,32
W00006244,295,259,36
W00006245,267,242,25
W00006246,242,220,22
W00006247,130,110,20
W00006248,297,265,32
W00006249,528,480,48
W00006250,402,351,51
W00006251,443,398,45
W00006252,351,284,67
W00006253,274,244,30
W00006254,331,284,47
W00006255,354,296,58
W00006257,378,327,51
W00006259,398,352,46
W00006261,264,241,23
W00006262,214,198,16
W00006263,393,347,46
W00006264,315,254,61
W00006265,386,333,53
W00006266,185,168,17
W00006268,500,440,60
W00006269,357,312,45
W00006270,227,209,18
W00006271,253,233,20
W00006272,297,254,43
W00006273,378,336,42
W00006274,460,380,80
W00006275,310,295,15
W00006276,325,294,31
W00006277,197,174,23
W00006278,489,384,105
W00006280,303,275,28
W00006281,284,251,33
W00006282,179,160,19
W00006283,417,385,32
W00006284,427,371,56
W00006286,273,241,32
W00006287,246,200,46
W00006289,254,224,30
W00006290,308,268,40
W00006291,333,274,59
W00006292,246,203,43
W00006293,283,232,51
W00006294,284,235,49
W00006295,325,280,45
W00006296,274,234,40
W00006297,276,235,41
W00006298,279,238,41
W00006299,286,256,30
W00006300,293,262,31
W00006301,303,234,69
W00006302,310,256,54
W00006303,285,258,27
W00006304,360,293,67
W00006305,312,282,30
W00006306,272,245,27
W00006307,262,186,76
W00006308,284,237,47
W00006309,274,234,40
W00006310,290,244,46
W00006311,242,207,35
W00006312,274,220,54
W00006313,227,208,19
W00006314,292,255,37
W00006315,331,258,73
W00006316,462,390,72
W00006317,273,249,24
W00006318,309,275,34
W00006319,353,325,28
W00006320,316,291,25
W00006321,291,263,28
W00006322,285,266,19
W00006323,295,272,23
W00006324,327,296,31
W00006325,323,300,23
W00006326,222,215,7
W00006327,299,278,21
W00006328,254,241,13
W00006329,275,249,26
W00006330,265,242,23
W00006331,223,205,18
W00006332,225,211,14
W00006333,293,260,33
W00006334,225,210,15
W00006335,262,245,17
W00006336,184,176,8
W00006337,299,267,32
W00006338,369,314,55
W00006339,325,294,31
W00006340,275,255,20
W00006341,499,433,66
W00006342,278,261,17
W00006343,291,261,30
W00006344,240,213,27
W00006345,372,323,49
W00006346,248,225,23
W00006347,330,302,28
W00006348,251,219,32
W00006349,301,272,29
W00006350,237,223,14
W00006351,325,286,39
W00006352,251,225,26
W00006353,276,251,25
W00006354,235,225,10
W00006355,342,326,16
W00006356,355,314,41
W00006357,258,232,26
W00006358,243,221,22
W00006359,225,214,11
W00006360,308,269,39
W00006361,194,178,16
W00006362,267,249,18
W00006363,245,231,14
W00006364,314,288,26
W00006365,331,308,23
W00006366,289,273,16
W00006367,246,229,17
W00006368,225,198,27
W00006369,245,216,29
W00006370,262,233,29
W00006371,298,258,40
W00006372,271,251,20
W00006373,285,266,19
W00006374,269,241,28
W00006375,378,352,26
W00006376,211,202,9
W00006377,262,246,16
W00006378,315,283,32
W00006379,287,272,15
W00006380,262,238,24
W00006381,297,275,22
W00006382,296,243,53
W00006383,340,307,33
W00006384,316,289,27
W00006385,276,252,24
W00006386,336,302,34
W00006387,254,224,30
W00006388,197,178,19
W00006389,277,248,29
W00006390,329,306,23
W00006391,292,253,39
W00006392,283,255,28
W00006393,238,212,26
W00006394,280,261,19
W00006395,262,233,29
W00006396,274,229,45
W00006397,244,229,15
W00006398,322,272,50
W00006399,307,286,21
W00006400,273,248,25
W00006401,331,300,31
W00006402,312,288,24
W00006403,197,190,7
W00006404,267,246,21
W00006405,299,273,26
W00006406,294,279,15
W00006407,200,193,7
W00006408,260,250,10
W00006409,253,229,24
W00006410,194,191,3
W00006411,266,253,13
W00006412,291,275,16
W00006413,314,290,24
W00006414,289,261,28
W00006415,294,269,25
W00006416,332,309,23
W00006417,291,266,25
W00006418,224,208,16
W00006419,287,266,21
W00006420,219,198,21
W00006421,326,293,33
W00006422,323,296,27
W00006423,301,265,36
W00006424,303,274,29
W00006425,319,301,18
W00006426,228,219,9
W00006427,233,214,19
W00006428,347,316,31
W00006429,422,373,49
W00006430,359,324,35
W00006431,243,220,23
W00006432,466,418,48
W00006433,270,212,58
W00006434,221,187,34
W00006435,429,318,111
W00006437,253,202,51
W00006438,258,233,25
W00006439,557,438,119
W00006440,533,399,134
W00006441,244,219,25
W00006442,337,269,68
W00006443,274,237,37
W00006444,308,280,28
W00006445,546,400,146
W00006446,233,207,26
W00006447,274,238,36
W00006448,474,396,78
W00006449,340,282,58
W00006450,286,245,41
W00006451,279,246,33
W00006452,312,258,54
W00006453,321,259,62
W00006454,269,229,40
W00006455,240,215,25
W00006456,286,226,60
W00006457,260,230,30
W00006458,306,278,28
W00006459,274,250,24
W00006460,266,238,28
W00006461,301,253,48
W00006462,282,241,41
W00006463,256,223,33
W00006464,274,241,33
W00006465,308,270,38
W00006466,313,269,44
W00006467,257,212,45
W00006468,300,265,35
W00006469,274,238,36
W00006470,279,246,33
W00006471,361,320,41
W00006472,324,287,37
W00006473,198,181,17
W00006474,157,144,13
W00006475,241,214,27
W00006476,264,233,31
W00006477,260,201,59
W00006478,259,230,29
W00006479,311,259,52
W00006480,281,251,30
W00006481,175,154,21
W00006482,345,318,27
W00006483,147,139,8
W00006484,298,272,26
W00006485,389,333,56
W00006486,268,221,47
W00006487,263,236,27
W00006488,263,225,38
W00006489,282,255,27
W00006490,327,297,30
W00006491,207,194,13
W00006492,266,244,22
W00006493,262,246,16
W00006494,275,242,33
W00006495,291,252,39
W00006496,369,343,26
W00006497,298,258,40
W00006498,319,279,40
W00006499,239,202,37
W00006500,294,261,33
W00006501,335,302,33
W00006502,250,229,21
W00006503,418,383,35
W00006504,270,253,17
W00006505,226,206,20
W00006506,273,254,19
W00006507,310,285,25
W00006508,316,278,38
W00006509,305,281,24
W00006510,213,193,20
W00006511,313,289,24
W00006512,293,257,36
W00006513,196,178,18
W00006514,314,285,29
W00006515,439,348,91
W00006516,372,314,58
W00006517,296,274,22
W00006518,305,266,39
W00006519,258,237,21
W00006520,267,237,30
W00006521,262,242,20
W00006522,218,190,28
W00006523,247,223,24
W00006524,261,218,43
W00006525,233,207,26
W00006526,307,276,31
W00006527,182,172,10
W00006528,423,342,81
W00006529,253,231,22
W00006530,246,215,31
W00006531,353,323,30
W00006532,307,266,41
W00006533,299,259,40
W00006534,363,327,36
W00006535,262,243,19
W00006536,294,262,32
W00006537,288,256,32
W00006538,296,265,31
W00006539,244,219,25
W00006540,263,233,30
W00006541,274,232,42
W00006542,245,210,35
W00006543,269,230,39
W00006544,251,229,22
W00006545,272,222,50
W00006546,331,302,29
W00006547,295,263,32
W00006548,231,204,27
W00006549,303,261,42
W00006550,259,225,34
W00006551,604,531,73
W00006552,218,202,16
W00006553,298,286,12
W00006554,293,262,31
W00006555,256,229,27
W00006556,286,260,26
W00006557,281,248,33
W00006558,238,219,19
W00006559,314,291,23
W00006560,169,165,4
W00006561,255,235,20
W00006562,284,252,32
W00006564,570,497,73
W00006565,298,266,32
W00006566,376,344,32
W00006567,302,274,28
W00006568,221,205,16
W00006569,331,300,31
W00006570,279,250,29
W00006571,242,224,18
W00006572,261,239,22
W00006573,367,333,34
W00006574,256,225,31
W00006575,295,265,30
W00006576,280,263,17
W00006577,301,281,20
W00006578,272,253,19
W00006579,299,271,28
W00006580,277,258,19
W00006581,293,276,17
W00006583,261,252,9
W00006584,334,307,27
W00006585,269,245,24
W00006586,459,426,33
W00006587,322,298,24
W00006588,296,269,27
W00006589,329,309,20
W00006590,286,267,19
W00006592,277,251,26
W00006593,225,215,10
W00006594,287,269,18
W00006596,252,235,17
W00006597,261,225,36
W00006598,297,248,49
W00006599,295,253,42
W00006600,277,240,37
W00006601,314,281,33
W00006602,295,253,42
W00006603,268,235,33
W00006604,250,222,28
W00006605,248,219,29
W00006606,362,317,45
W00006607,251,214,37
W00006608,200,183,17
W00006609,315,302,13
W00006610,328,299,29
W00006611,303,280,23
W00006612,247,232,15
W00006613,243,222,21
W00006614,323,278,45
W00006615,325,290,35
W00006616,262,237,25
W00006617,289,252,37
W00006618,312,285,27
W00006619,329,309,20
W00006620,314,294,20
W00006621,313,289,24
W00006622,275,248,27
W00006623,333,294,39
W00006624,357,324,33
W00006625,431,393,38
W00006626,471,442,29
W00006627,225,206,19
W00006628,535,491,44
W00006629,334,297,37
W00006630,343,331,12
W00006631,302,271,31
W00006633,432,390,42
W00006634,296,285,11
W00006635,276,258,18
W00006636,250,218,32
W00006637,239,204,35
W00006638,236,194,42
W00006639,271,241,30
W00006640,342,269,73
W00006641,218,211,7
W00006642,306,261,45
W00006643,309,270,39
W00006644,218,203,15
W00006645,295,261,34
W00006646,234,215,19
W00006647,302,263,39
W00006648,356,306,50
W00006649,303,269,34
W00006650,270,245,25
W00006651,254,242,12
W00006652,224,184,40
W00006653,338,299,39
W00006654,282,262,20
W00006655,270,245,25
W00006656,296,268,28
W00006657,322,269,53
W00006658,251,232,19
W00006659,267,236,31
W00006660,299,260,39
W00006661,312,275,37
W00006662,201,178,23
W00006663,244,206,38
W00006664,186,150,36
W00006665,387,324,63
W00006666,249,210,39
W00006667,283,253,30
W00006668,293,262,31
W00006669,315,257,58
W00006670,262,233,29
W00006671,356,287,69
W00006672,214,200,14
W00006673,291,240,51
W00006674,319,263,56
W00006675,220,191,29
W00006676,323,264,59
W00006677,261,224,37
W00006678,255,233,22
W00006679,195,167,28
W00006680,284,252,32
W00006681,271,253,18
W00006682,250,232,18
W00006683,248,235,13
W00006684,205,185,20
W00006685,185,178,7
W00006686,227,212,15
W00006687,247,235,12
W00006688,348,294,54
W00006689,233,206,27
W00006690,239,224,15
W00006691,260,228,32
W00006692,306,283,23
W00006693,276,248,28
W00006694,271,231,40
W00006695,229,201,28
W00006696,302,274,28
W00006697,281,253,28
W00006698,284,251,33
W00006699,250,239,11
W00006700,271,243,28
W00006701,312,287,25
W00006702,248,232,16
W00006703,261,235,26
W00006704,300,260,40
W00006705,297,263,34
W00006706,254,242,12
W00006707,229,202,27
W00006708,283,258,25
W00006709,284,248,36
W00006710,297,267,30
W00006711,264,225,39
W00006712,228,217,11
W00006713,307,283,24
W00006714,288,266,22
W00006715,287,251,36
W00006716,189,178,11
W00006717,283,233,50
W00006718,219,204,15
W00006719,244,210,34
W00006720,257,239,18
W00006721,305,253,52
W00006722,302,251,51
W00006723,190,176,14
W00006724,249,217,32
W00006725,428,342,86
W00006726,313,258,55
W00006727,292,263,29
W00006728,270,227,43
W00006729,283,246,37
W00006730,257,217,40
W00006731,317,282,35
W00006732,314,278,36
W00006733,306,277,29
W00006734,284,252,32
W00006735,303,265,38
W00006736,199,178,21
W00006737,281,257,24
W00006738,322,270,52
W00006739,342,288,54
W00006740,345,317,28
W00006741,260,233,27
W00006742,286,249,37
W00006743,252,222,30
W00006744,258,218,40
W00006745,274,246,28
W00006746,292,259,33
W00006747,127,108,19
W00006748,307,267,40
W00006749,297,261,36
W00006750,297,250,47
W00006751,284,238,46
W00006752,281,248,33
W00006753,275,257,18
W00006754,322,288,34
W00006755,243,216,27
W00006756,328,291,37
W00006757,241,227,14
W00006758,252,235,17
W00006759,251,233,18
W00006760,317,294,23
W00006761,250,224,26
W00006762,330,297,33
W00006763,275,249,26
W00006765,376,339,37
W00006766,254,245,9
W00006767,403,369,34
W00006768,275,256,19
W00006769,265,233,32
W00006770,278,266,12
W00006772,320,278,42
W00006773,340,304,36
W00006774,427,395,32
W00006775,413,381,32
W00006776,389,359,30
W00006777,193,189,4
W00006779,547,505,42
W00006780,209,200,9
W00006781,297,280,17
W00006782,285,264,21
W00006783,221,199,22
W00006784,275,259,16
W00006785,260,232,28
W00006786,303,278,25
W00006787,269,254,15
W00006788,244,229,15
W00006789,295,279,16
W00006790,277,258,19
W00006791,304,286,18
W00006792,280,262,18
W00006793,254,233,21
W00006794,230,220,10
W00006795,290,258,32
W00006796,265,248,17
W00006797,241,229,12
W00006798,286,268,18
W00006799,354,337,17
W00006800,373,342,31
W00006801,262,247,15
W00006802,281,264,17
W00006803,299,265,34
W00006804,321,308,13
W00006805,183,165,18
W00006806,291,267,24
W00006807,258,248,10
W00006808,330,304,26
W00006809,228,222,6
W00006810,254,250,4
W00006811,305,279,26
W00006812,254,229,25
W00006813,271,261,10
W00006814,345,324,21
W00006815,448,435,13
W00006816,404,383,21
W00006817,185,179,6
W00006818,255,249,6
W00006819,256,255,1
W00006820,283,268,15
W00006821,289,279,10
W00006822,363,335,28
W00006823,319,305,14
W00006824,307,298,9
W00006825,266,263,3
W00006826,322,310,12
W00006827,249,221,28
W00006828,285,247,38
W00006829,302,269,33
W00006830,254,224,30
W00006831,282,236,46
W00006832,242,226,16
W00006833,196,166,30
W00006834,538,482,56
W00006835,93,86,7
W00006836,160,150,10
W00006837,396,355,41
W00006838,310,287,23
W00006839,346,321,25
W00006840,210,206,4
W00006841,224,210,14
W00006842,301,283,18
W00006843,239,226,13
W00006844,335,302,33
W00006845,286,269,17
W00006846,302,264,38
W00006847,312,295,17
W00006848,280,261,19
W00006849,282,259,23
W00006850,191,186,5
W00006851,278,268,10
W00006852,302,270,32
W00006853,270,255,15
W00006854,254,232,22
W00006855,284,270,14
W00006856,288,274,14
W00006857,296,287,9
W00006858,282,267,15
W00006859,377,360,17
W00006860,329,321,8
W00006861,319,306,13
W00006862,289,274,15
W00006863,274,258,16
W00006864,373,352,21
W00006865,286,268,18
W00006866,259,247,12
W00006867,268,242,26
W00006868,281,263,18
W00006869,323,308,15
W00006870,281,259,22
W00006871,235,222,13
W00006872,295,278,17
W00006873,212,194,18
W00006874,254,226,28
W00006875,353,346,7
W00006876,277,259,18
W00006877,282,254,28
W00006878,266,251,15
W00006879,275,251,24
W00006880,306,278,28
W00006881,289,269,20
W00006882,291,267,24
W00006883,230,214,16
W00006884,290,256,34
W00006885,426,393,33
W00006886,287,264,23
W00006887,257,234,23
W00006888,326,307,19
W00006890,351,325,26
W00006891,342,308,34
W00006892,267,253,14
W00006893,277,256,21
W00006894,389,343,46
W00006895,282,243,39
W00006896,281,268,13
W00006897,339,307,32
W00006898,188,174,14
W00006899,278,257,21
W00006900,471,419,52
W00006901,268,240,28
W00006902,269,248,21
W00006903,276,253,23
W00006904,246,220,26
W00006905,422,379,43
W00006906,329,298,31
W00006907,291,265,26
W00006909,301,281,20
W00006910,233,220,13
W00006911,258,220,38
W00006912,304,268,36
W00006913,252,226,26
W00006914,232,205,27
W00006915,346,295,51
W00006916,368,349,19
W00006917,422,367,55
W00006918,316,284,32
W00006919,302,270,32
W00006920,280,256,24
W00006921,297,259,38
W00006922,319,293,26
W00006923,273,252,21
W00006924,317,292,25
W00006925,303,267,36
W00006926,261,241,20
W00006927,334,304,30
W00006928,426,365,61
W00006929,271,238,33
W00006930,211,193,18
W00006931,276,236,40
W00006932,287,254,33
W00006933,240,230,10
W00006934,287,261,26
W00006935,206,195,11
W00006936,289,264,25
W00006937,293,283,10
W00006938,213,191,22
W00006940,408,370,38
W00006941,269,262,7
W00006942,319,298,21
W00006943,229,199,30
W00006944,442,385,57
W00006945,263,240,23
W00006946,324,302,22
W00006947,239,211,28
W00006948,304,286,18
W00006949,386,335,51
W00006950,282,254,28
W00006951,353,327,26
W00006952,295,255,40
W00006953,256,226,30
W00006954,307,276,31
W00006955,302,279,23
W00006956,237,225,12
W00006957,319,297,22
W00006958,283,248,35
W00006959,304,280,24
W00006960,301,261,40
W00006961,313,276,37
W00006962,247,229,18
W00006963,286,263,23
W00006964,266,246,20
W00006965,255,237,18
W00006966,282,251,31
W00006968,330,293,37
W00006969,262,241,21
W00006970,439,400,39
W00006971,225,179,46
W00006972,316,275,41
W00006973,335,301,34
W00006974,300,264,36
W00006975,362,320,42
W00006976,332,272,60
W00006977,363,307,56
W00006978,304,269,35
W00006979,235,185,50
W00006980,267,213,54
W00006981,267,230,37
W00006982,279,242,37
W00006983,354,303,51
W00006984,324,284,40
W00006985,228,209,19
W00006986,258,227,31
W00006987,259,227,32
W00006988,369,327,42
W00006989,278,258,20
W00006990,293,258,35
W00006991,336,296,40
W00006992,293,281,12
W00006993,464,405,59
W00006994,380,336,44
W00006995,395,361,34
W00006996,236,220,16
W00006997,318,274,44
W00006998,255,246,9
W00006999,294,270,24
W00007000,281,248,33
W00007001,246,220,26
W00007002,285,273,12
W00007003,297,278,19
W00007004,247,230,17
W00007005,304,270,34
W00007006,258,229,29
W00007007,286,259,27
W00007008,292,270,22
W00007009,284,262,22
W00007010,251,225,26
W00007011,278,259,19
W00007012,234,221,13
W00007013,294,276,18
W00007014,256,244,12
W00007015,355,331,24
W00007016,247,221,26
W00007017,248,234,14
W00007018,252,223,29
W00007019,329,295,34
W00007020,283,265,18
W00007021,324,298,26
W00007022,290,266,24
W00007023,302,271,31
W00007024,389,348,41
W00007025,310,270,40
W00007026,405,352,53
W00007027,264,230,34
W00007028,347,316,31
W00007029,249,234,15
W00007030,280,248,32
W00007031,312,296,16
W00007032,346,316,30
W00007033,279,251,28
W00007034,290,265,25
W00007035,470,403,67
W00007036,297,270,27
W00007037,319,291,28
W00007038,277,252,25
W00007039,283,257,26
W00007040,265,247,18
W00007041,303,272,31
W00007042,300,279,21
W00007043,221,207,14
W00007044,267,250,17
W00007045,291,254,37
W00007046,304,273,31
W00007047,288,268,20
W00007048,289,269,20
W00007049,313,286,27
W00007050,251,238,13
W00007051,243,229,14
W00007052,222,210,12
W00007053,313,286,27
W00007054,252,238,14
W00007055,355,333,22
W00007056,324,304,20
W00007057,304,265,39
W00007058,290,279,11
W00007059,268,257,11
W00007060,481,449,32
W00007061,249,232,17
W00007062,304,276,28
W00007063,297,277,20
W00007064,308,276,32
W00007065,239,232,7
W00007066,294,270,24
W00007067,483,413,70
W00007068,305,278,27
W00007069,286,264,22
W00007070,288,270,18
W00007071,216,204,12
W00007072,239,229,10
W00007073,321,294,27
W00007074,242,225,17
W00007075,310,293,17
W00007076,295,265,30
W00007077,258,237,21
W00007078,263,245,18
W00007079,350,327,23
W00007080,319,300,19
W00007081,241,225,16
W00007082,266,246,20
W00007083,344,322,22
W00007084,251,229,22
W00007085,253,238,15
W00007086,236,226,10
W00007087,247,235,12
W00007088,321,300,21
W00007089,294,283,11
W00007090,280,263,17
W00007091,280,270,10
W00007092,177,174,3
W00007093,305,278,27
W00007094,279,248,31
W00007095,317,300,17
W00007096,258,246,12
W00007097,279,256,23
W00007098,309,280,29
W00007099,133,132,1
W00007100,329,297,32
W00007101,419,384,35
W00007102,312,289,23
W00007103,188,175,13
W00007104,288,268,20
W00007105,265,250,15
W00007106,276,261,15
W00007108,197,185,12
W00007109,363,335,28
W00007110,246,224,22
W00007111,266,251,15
W00007112,328,298,30
W00007113,300,274,26
W00007114,317,298,19
W00007115,326,307,19
W00007116,247,227,20
W00007117,276,259,17
W00007118,292,268,24
W00007119,170,159,11
W00007120,317,291,26
W00007121,239,224,15
W00007122,305,292,13
W00007123,253,227,26
W00007124,241,224,17
W00007125,288,273,15
W00007126,281,264,17
W00007127,310,290,20
W00007128,320,294,26
W00007129,383,352,31
W00007130,310,287,23
W00007131,273,254,19
W00007132,301,267,34
W00007133,291,265,26
W00007134,264,242,22
W00007135,282,263,19
W00007136,253,229,24
W00007137,275,248,27
W00007138,324,294,30
W00007139,321,304,17
W00007140,401,383,18
W00007141,291,270,21
W00007142,248,217,31
W00007143,314,277,37
W00007144,266,242,24
W00007145,334,307,27
W00007147,445,402,43
W00007148,301,281,20
W00007149,283,259,24
W00007150,334,306,28
W00007151,385,345,40
W00007152,448,397,51
W00007153,257,228,29
W00007154,245,229,16
W00007155,292,278,14
W00007156,230,215,15
W00007157,443,392,51
W00007158,316,281,35
W00007159,339,303,36
W00007160,268,248,20
W00007161,322,287,35
W00007162,234,219,15
W00007163,250,236,14
W00007164,321,275,46
W00007165,311,290,21
W00007166,294,266,28
W00007167,212,194,18
W00007168,392,354,38
W00007169,274,253,21
W00007171,233,216,17
W00007172,328,305,23
W00007173,220,206,14
W00007174,314,285,29
W00007175,245,213,32
W00007176,251,215,36
W00007177,288,263,25
W00007178,254,231,23
W00007179,281,264,17
W00007181,280,242,38
W00007182,227,202,25
W00007183,248,221,27
W00007184,257,233,24
W00007185,263,237,26
W00007186,252,213,39
W00007187,536,433,103
W00007188,275,258,17
W00007190,320,274,46
W00007191,290,265,25
W00007192,466,389,77
W00007193,290,242,48
W00007194,247,216,31
W00007195,365,313,52
W00007196,255,223,32
W00007197,322,300,22
W00007198,222,191,31
W00007199,303,251,52
W00007200,237,222,15
W00007201,205,188,17
W00007202,254,224,30
W00007203,251,229,22
W00007204,253,240,13
W00007205,237,220,17
W00007206,284,258,26
W00007207,284,259,25
W00007208,319,302,17
W00007209,245,228,17
W00007210,278,261,17
W00007211,328,308,20
W00007212,167,149,18
W00007213,349,295,54
W00007214,419,382,37
W00007215,266,229,37
W00007216,369,316,53
W00007217,210,191,19
W00007218,228,207,21
W00007219,255,234,21
W00007220,219,193,26
W00007221,225,212,13
W00007222,225,219,6
W00007223,263,244,19
W00007224,301,265,36
W00007225,279,246,33
W00007226,239,222,17
W00007227,200,189,11
W00007228,311,278,33
W00007229,254,231,23
W00007230,263,248,15
W00007231,560,517,43
W00007232,303,284,19
W00007233,298,290,8
W00007234,274,256,18
W00007235,299,288,11
W00007236,281,257,24
W00007237,308,290,18
W00007238,280,271,9
W00007239,251,226,25
W00007240,330,306,24
W00007241,294,265,29
W00007242,339,310,29
W00007243,278,250,28
W00007244,348,317,31
W00007245,235,218,17
W00007246,251,231,20
W00007247,332,316,16
W00007248,304,288,16
W00007249,322,306,16
W00007250,299,288,11
W00007251,285,258,27
W00007252,333,319,14
W00007253,180,174,6
W00007254,281,266,15
W00007256,257,238,19
W00007257,140,137,3
W00007258,274,261,13
W00007259,346,325,21
W00007261,259,244,15
W00007262,271,263,8
W00007263,229,213,16
W00007264,303,290,13
W00007265,253,239,14
W00007266,358,327,31
W00007267,253,223,30
W00007268,319,287,32
W00007269,345,303,42
W00007270,400,360,40
W00007271,310,276,34
W00007272,368,319,49
W00007273,282,247,35
W00007274,287,260,27
W00007275,341,302,39
W00007276,274,250,24
W00007277,438,396,42
W00007278,275,257,18
W00007279,370,339,31
W00007280,436,403,33
W00007281,449,410,39
W00007282,313,275,38
W00007284,312,284,28
W00007285,270,258,12
W00007286,364,331,33
W00007287,283,267,16
W00007288,367,339,28
W00007289,302,286,16
W00007290,596,545,51
W00007291,379,347,32
W00007292,249,229,20
W00007293,461,404,57
W00007294,253,235,18
W00007295,392,364,28
W00007296,272,224,48
W00007297,339,322,17
W00007298,282,246,36
W00007299,299,243,56
W00007300,389,353,36
W00007301,275,241,34
W00007302,235,221,14
W00007303,298,249,49
W00007304,246,221,25
W00007305,242,230,12
W00007306,278,241,37
W00007307,476,432,44
W00007308,279,244,35
W00007309,340,305,35
W00007310,254,234,20
W00007311,206,194,12
W00007312,186,180,6
W00007313,258,236,22
W00007314,277,250,27
W00007315,266,223,43
W00007316,266,240,26
W00007318,276,248,28
W00007319,244,215,29
W00007320,371,326,45
W00007322,486,402,84
W00007323,229,203,26
W00007324,271,244,27
W00007325,264,238,26
W00007326,304,271,33
W00007327,318,289,29
W00007328,329,295,34
W00007329,306,286,20
W00007330,298,273,25
W00007331,270,249,21
W00007332,271,252,19
W00007333,247,238,9
W00007334,296,252,44
W00007335,424,376,48
W00007336,500,461,39
W00007337,322,299,23
W00007338,302,278,24
W00007339,257,237,20
W00007340,304,277,27
W00007341,255,242,13
W00007342,341,313,28
W00007343,274,252,22
W00007344,316,294,22
W00007345,271,261,10
W00007346,272,252,20
W00007347,412,379,33
W00007348,302,278,24
W00007349,261,233,28
W00007350,249,235,14
W00007351,336,303,33
W00007352,283,263,20
W00007353,178,169,9
W00007354,270,262,8
W00007355,255,232,23
W00007356,317,279,38
W00007357,274,250,24
W00007358,271,260,11
W00007359,374,354,20
W00007360,287,268,19
W00007361,202,193,9
W00007362,334,316,18
W00007363,276,256,20
W00007364,302,278,24
W00007365,279,251,28
W00007366,314,300,14
W00007367,265,247,18
W00007368,292,276,16
W00007369,273,256,17
W00007370,435,409,26
W00007371,322,303,19
W00007372,290,274,16
W00007373,242,232,10
W00007374,229,219,10
W00007375,314,300,14
W00007376,242,226,16
W00007377,212,209,3
W00007378,252,237,15
W00007379,304,284,20
W00007380,267,255,12
W00007381,290,273,17
W00007382,304,285,19
W00007383,254,240,14
W00007384,266,255,11
W00007385,271,254,17
W00007386,225,213,12
W00007387,311,288,23
W00007388,235,219,16
W00007389,238,223,15
W00007390,295,276,19
W00007391,285,262,23
W00007392,280,267,13
W00007393,361,332,29
W00007394,282,270,12
W00007395,320,291,29
W00007396,282,265,17
W00007397,173,168,5
W00007398,257,232,25
W00007399,301,280,21
W00007400,315,272,43
W00007401,381,327,54
W00007402,348,291,57
W00007403,261,228,33
W00007404,293,260,33
W00007405,289,265,24
W00007406,283,255,28
W00007407,246,228,18
W00007408,313,283,30
W00007409,394,361,33
W00007410,272,242,30
W00007411,254,230,24
W00007412,282,259,23
W00007413,391,354,37
W00007414,269,251,18
W00007415,298,273,25
W00007416,241,220,21
W00007417,326,300,26
W00007418,294,259,35
W00007419,276,252,24
W00007420,397,346,51
W00007421,256,231,25
W00007422,292,267,25
W00007423,265,242,23
W00007424,275,247,28
W00007425,452,402,50
W00007426,376,331,45
W00007427,354,314,40
W00007428,319,283,36
W00007429,407,368,39
W00007430,268,243,25
W00007431,244,212,32
W00007432,213,205,8
W00007433,276,255,21
W00007434,269,249,20
W00007435,265,249,16
W00007436,276,244,32
W00007437,235,217,18
W00007438,254,236,18
W00007439,237,224,13
W00007440,206,190,16
W00007441,209,184,25
W00007442,243,222,21
W00007443,192,171,21
W00007444,243,226,17
W00007445,279,243,36
W00007446,310,257,53
W00007447,263,219,44
W00007448,377,327,50
W00007450,349,320,29
W00007451,270,237,33
W00007452,273,239,34
W00007453,353,283,70
W00007454,403,334,69
W00007455,320,279,41
W00007456,275,240,35
W00007457,356,321,35
W00007458,280,241,39
W00007459,291,257,34
W00007460,337,305,32
W00007461,255,234,21
W00007462,306,256,50
W00007463,309,278,31
W00007464,329,304,25
W00007465,341,306,35
W00007466,300,274,26
W00007467,158,151,7
W00007468,306,295,11
W00007469,257,242,15
W00007470,264,240,24
W00007471,275,238,37
W00007472,295,266,29
W00007473,294,250,44
W00007474,368,341,27
W00007475,256,244,12
W00007476,291,260,31
W00007477,279,265,14
W00007478,435,406,29
W00007479,365,333,32
W00007480,253,234,19
W00007481,434,392,42
W00007482,246,224,22
W00007483,391,363,28
W00007484,275,261,14
W00007485,263,241,22
W00007486,306,292,14
W00007487,302,280,22
W00007488,502,420,82
W00007489,242,206,36
W00007490,249,208,41
W00007491,318,285,33
W00007492,168,164,4
W00007493,275,251,24
W00007494,252,227,25
W00007495,252,211,41
W00007496,333,283,50
W00007498,306,267,39
W00007499,342,311,31
W00007500,231,210,21
W00007501,262,225,37
W00007502,282,260,22
W00007503,230,217,13
W00007504,273,265,8
W00007505,228,217,11
W00007506,321,310,11
W00007507,282,267,15
W00007508,261,246,15
W00007509,297,270,27
W00007510,310,292,18
W00007511,244,233,11
W00007512,292,280,12
W00007513,258,249,9
W00007514,290,275,15
W00007515,204,195,9
W00007516,276,264,12
W00007517,227,220,7
W00007518,303,292,11
W00007519,469,452,17
W00007520,201,189,12
W00007521,396,373,23
W00007522,272,261,11
W00007523,272,254,18
W00007524,285,268,17
W00007525,305,284,21
W00007526,268,257,11
W00007527,306,276,30
W00007528,276,267,9
W00007529,276,259,17
W00007530,272,260,12
W00007531,236,227,9
W00007532,273,253,20
W00007533,264,253,11
W00007534,297,288,9
W00007535,280,260,20
W00007536,277,260,17
W00007537,240,227,13
W00007538,254,240,14
W00007539,235,225,10
W00007540,246,234,12
W00007541,275,255,20
W00007542,246,235,11
W00007543,255,242,13
W00007544,221,209,12
W00007545,137,134,3
W00007546,224,217,7
W00007547,576,541,35
W00007548,252,241,11
W00007549,232,219,13
W00007550,328,302,26
W00007551,296,273,23
W00007552,264,233,31
W00007553,254,239,15
W00007554,259,241,18
W00007555,343,319,24
W00007556,381,358,23
W00007557,203,190,13
W00007558,289,272,17
W00007559,262,247,15
W00007560,212,188,24
W00007561,265,251,14
W00007562,236,224,12
W00007563,253,240,13
W00007564,301,277,24
W00007565,231,213,18
W00007566,191,179,12
W00007567,265,247,18
W00007568,288,263,25
W00007569,120,119,1
W00007570,285,271,14
W00007571,296,282,14
W00007572,237,224,13
W00007573,220,210,10
W00007574,306,288,18
W00007575,240,228,12
W00007576,316,306,10
W00007577,291,278,13
W00007578,228,217,11
W00007579,253,236,17
W00007580,240,232,8
W00007581,293,276,17
W00007582,253,232,21
W00007583,254,244,10
W00007584,291,274,17
W00007585,306,283,23
W00007586,220,203,17
W00007587,278,272,6
W00007588,318,303,15
W00007589,292,278,14
W00007590,290,271,19
W00007591,244,235,9
W00007592,261,246,15
W00007593,279,264,15
W00007594,301,282,19
W00007595,306,294,12
W00007596,316,294,22
W00007597,213,209,4
W00007598,365,334,31
W00007599,219,214,5
W00007600,272,258,14
W00007601,273,261,12
W00007602,218,213,5
W00007603,249,236,13
W00007604,242,234,8
W00007605,247,237,10
W00007606,226,223,3
W00007607,523,489,34
W00007609,248,233,15
W00007610,235,226,9
W00007611,268,256,12
W00007612,258,251,7
W00007613,462,440,22
W00007614,338,322,16
W00007615,282,273,9
W00007616,208,199,9
W00007618,278,271,7
W00007619,286,274,12
W00007620,194,193,1
W00007621,312,307,5
W00007622,322,310,12
W00007623,478,441,37
W00007624,155,148,7
W00007625,302,289,13
W00007626,294,278,16
W00007627,187,183,4
W00007628,248,229,19
W00007629,339,329,10
W00007630,258,248,10
W00007631,309,277,32
W00007632,252,238,14
W00007633,232,228,4
W00007634,463,430,33
W00007635,233,227,6
W00007636,317,289,28
W00007637,196,187,9
W00007638,233,213,20
W00007640,343,318,25
W00007641,279,267,12
W00007642,343,314,29
W00007643,223,217,6
W00007644,241,228,13
W00007645,228,216,12
W00007646,238,228,10
W00007647,309,289,20
W00007648,208,198,10
W00007649,257,253,4
W00007650,227,212,15
W00007651,229,212,17
W00007652,251,238,13
W00007653,331,307,24
W00007654,300,294,6
W00007655,287,275,12
W00007656,243,235,8
W00007657,235,216,19
W00007658,283,268,15
W00007659,214,200,14
W00007660,237,230,7
W00007661,264,255,9
W00007662,252,246,6
W00007663,256,238,18
W00007664,215,206,9
W00007665,301,284,17
W00007666,324,304,20
W00007667,326,310,16
W00007668,394,368,26
W00007669,258,244,14
W00007670,290,275,15
W00007672,184,174,10
W00007673,288,270,18
W00007674,257,245,12
W00007675,253,235,18
W00007676,250,239,11
W00007677,242,224,18
W00007678,283,263,20
W00007679,278,263,15
W00007680,251,245,6
W00007681,291,274,17
W00007682,365,356,9
W00007683,285,268,17
W00007684,268,258,10
W00007685,231,217,14
W00007686,279,266,13
W00007687,232,220,12
W00007688,247,242,5
W00007689,204,199,5
W00007690,369,339,30
W00007691,102,97,5
W00007692,260,250,10
W00007693,373,344,29
W00007694,245,231,14
W00007695,227,212,15
W00007696,189,184,5
W00007697,289,282,7
W00007698,249,237,12
W00007699,175,167,8
W00007700,258,247,11
W00007701,244,225,19
W00007702,232,217,15
W00007703,267,253,14
W00007704,196,185,11
W00007705,264,253,11
W00007706,248,221,27
W00007707,227,213,14
W00007708,248,229,19
W00007709,377,349,28
W00007710,245,235,10
W00007711,205,194,11
W00007712,191,180,11
W00007713,266,247,19
W00007714,239,234,5
W00007715,240,225,15
W00007716,278,267,11
W00007717,268,247,21
W00007718,258,249,9
W00007719,264,248,16
W00007720,290,275,15
W00007721,124,118,6
W00007722,261,245,16
W00007723,259,242,17
W00007724,164,164,0
W00007725,269,256,13
W00007726,337,323,14
W00007727,301,280,21
W00007728,261,235,26
W00007729,213,200,13
W00007730,268,257,11
W00007731,252,236,16
W00007732,166,158,8
W00007733,275,270,5
W00007734,106,101,5
W00007735,242,233,9
W00007736,312,284,28
W00007737,270,257,13
W00007738,370,335,35
W00007739,263,254,9
W00007740,206,203,3
W00007741,285,252,33
W00007742,332,305,27
W00007743,320,284,36
W00007744,336,307,29
W00007745,269,247,22
W00007746,292,273,19
W00007747,318,282,36
W00007748,279,262,17
W00007749,301,274,27
W00007750,243,228,15
W00007751,383,346,37
W00007752,279,263,16
W00007753,264,241,23
W00007754,237,226,11
W00007755,329,290,39
W00007756,235,217,18
W00007757,325,291,34
W00007758,323,286,37
W00007759,308,270,38
W00007760,354,324,30
W00007761,418,386,32
W00007762,336,301,35
W00007763,321,289,32
W00007764,232,219,13
W00007765,182,173,9
W00007766,504,451,53
W00007767,325,282,43
W00007768,299,267,32
W00007769,236,224,12
W00007770,360,324,36
W00007771,267,236,31
W00007772,257,238,19
W00007773,237,222,15
W00007774,273,251,22
W00007775,242,220,22
W00007776,111,99,12
W00007777,245,231,14
W00007778,384,363,21
W00007779,274,238,36
W00007780,237,227,10
W00007781,332,310,22
W00007782,307,281,26
W00007783,249,231,18
W00007784,272,247,25
W00007785,216,208,8
W00007786,214,204,10
W00007787,245,233,12
W00007788,231,208,23
W00007789,252,239,13
W00007790,229,221,8
W00007791,247,228,19
W00007792,414,381,33
W00007793,459,429,30
W00007794,282,267,15
W00007795,302,280,22
W00007796,262,239,23
W00007797,313,299,14
W00007798,326,287,39
W00007799,379,350,29
W00007800,284,256,28
W00007801,234,219,15
W00007802,257,244,13
W00007803,313,301,12
W00007804,245,233,12
W00007805,263,248,15
W00007806,262,248,14
W00007807,306,277,29
W00007808,246,238,8
W00007809,238,224,14
W00007810,220,209,11
W00007811,308,286,22
W00007812,277,259,18
W00007813,246,220,26
W00007814,344,315,29
W00007815,278,260,18
W00007816,292,267,25
W00007817,304,274,30
W00007818,371,356,15
W00007819,118,112,6
W00007820,343,321,22
W00007821,269,255,14
W00007822,242,222,20
W00007823,346,331,15
W00007824,344,313,31
W00007825,302,282,20
W00007826,291,262,29
W00007827,225,214,11
W00007828,307,277,30
W00007829,294,277,17
W00007830,277,261,16
W00007831,281,261,20
W00007832,268,250,18
W00007833,272,241,31
W00007834,290,261,29
W00007835,269,250,19
W00007836,339,309,30
W00007837,258,238,20
W00007838,278,260,18
W00007839,335,319,16
W00007840,291,278,13
W00007841,322,301,21
W00007842,246,231,15
W00007843,315,285,30
W00007844,321,293,28
W00007845,282,271,11
W00007846,319,302,17
W00007847,313,289,24
W00007848,323,301,22
W00007849,289,267,22
W00007850,285,267,18
W00007851,286,274,12
W00007852,142,139,3
W00007853,431,401,30
W00007854,191,183,8
W00007855,218,207,11
W00007856,212,198,14
W00007857,373,351,22
W00007859,264,240,24
W00007860,290,276,14
W00007861,356,340,16
W00007863,311,296,15
W00007864,320,306,14
W00007865,278,259,19
W00007866,346,314,32
W00007868,279,267,12
W00007869,274,260,14
W00007870,310,284,26
W00007871,234,218,16
W00007872,274,263,11
W00007873,273,246,27
W00007874,250,238,12
W00007875,232,228,4
W00007876,312,294,18
W00007877,312,283,29
W00007878,306,289,17
W00007879,391,360,31
W00007880,123,116,7
W00007881,286,266,20
W00007882,269,252,17
W00007883,300,272,28
W00007884,357,330,27
W00007885,243,237,6
W00007886,230,223,7
W00007887,281,259,22
W00007888,184,180,4
W00007889,270,250,20
W00007890,256,241,15
W00007891,262,245,17
W00007892,237,226,11
W00007893,252,238,14
W00007894,279,263,16
W00007895,465,444,21
W00007896,202,190,12
W00007897,244,221,23
W00007898,292,267,25
W00007899,275,266,9
W00007900,294,279,15
W00007901,242,236,6
W00007902,261,252,9
W00007903,325,292,33
W00007904,291,279,12
W00007905,300,264,36
W00007906,281,259,22
W00007907,292,269,23
W00007908,259,250,9
W00007909,288,259,29
W00007910,277,261,16
W00007911,229,217,12
W00007912,319,300,19
W00007913,314,302,12
W00007914,272,260,12
W00007915,262,234,28
W00007916,274,251,23
W00007918,281,252,29
W00007919,245,228,17
W00007920,247,226,21
W00007921,237,225,12
W00007922,334,315,19
W00007923,248,229,19
W00007924,243,230,13
W00007925,255,236,19
W00007926,281,260,21
W00007927,282,259,23
W00007928,289,279,10
W00007929,186,168,18
W00007930,304,286,18
W00007931,209,192,17
W00007932,248,241,7
W00007933,289,265,24
W00007934,278,255,23
W00007935,403,367,36
W00007936,265,246,19
W00007937,256,228,28
W00007938,299,280,19
W00007939,251,234,17
W00007940,195,185,10
W00007941,303,285,18
W00007942,252,231,21
W00007943,253,230,23
W00007944,293,261,32
W00007945,267,247,20
W00007946,257,244,13
W00007948,312,286,26
W00007949,271,251,20
W00007950,268,252,16
W00007951,307,283,24
W00007952,260,238,22
W00007953,274,252,22
W00007954,322,296,26
W00007955,264,253,11
W00007956,299,283,16
W00007957,317,291,26
W00007958,304,282,22
W00007959,305,286,19
W00007960,316,300,16
W00007961,375,349,26
W00007962,327,310,17
W00007963,525,482,43
W00007964,249,240,9
W00007965,294,279,15
W00007966,270,245,25
W00007967,308,287,21
W00007969,296,260,36
W00007970,255,234,21
W00007971,206,194,12
W00007972,270,244,26
W00007973,281,256,25
W00007974,194,184,10
W00007975,274,249,25
W00007976,205,193,12
W00007977,279,267,12
W00007978,184,175,9
W00007979,343,324,19
W00007980,243,226,17
W00007981,258,241,17
W00007982,248,236,12
W00007983,267,248,19
W00007984,251,238,13
W00007985,326,301,25
W00007986,252,243,9
W00007987,287,276,11
W00007988,269,245,24
W00007989,276,252,24
W00007990,288,264,24
W00007991,291,270,21
W00007992,282,278,4
W00007993,261,241,20
W00007994,231,215,16
W00007995,303,286,17
W00007996,317,287,30
W00007997,266,247,19
W00007998,229,216,13
W00007999,257,246,11
W00008000,265,244,21
W00008001,351,313,38
W00008002,363,340,23
W00008003,243,232,11
W00008004,234,225,9
W00008005,281,261,20
W00008006,280,260,20
W00008007,324,290,34
W00008008,266,252,14
W00008009,246,233,13
W00008011,315,287,28
W00008012,422,385,37
W00008013,322,290,32
W00008014,112,110,2
W00008015,138,134,4
W00008016,129,118,11
W00008017,279,269,10
W00008018,268,247,21
W00008019,268,251,17
W00008020,306,285,21
W00008021,312,284,28
W00008022,288,269,19
W00008023,290,277,13
W00008024,248,228,20
W00008025,287,270,17
W00008026,312,289,23
W00008027,173,168,5
W00008028,294,265,29
W00008029,346,325,21
W00008030,202,185,17
W00008031,255,238,17
W00008032,331,314,17
W00008033,247,240,7
W00008034,245,228,17
W00008035,232,214,18
W00008036,423,384,39
W00008037,302,283,19
W00008038,245,224,21
W00008039,161,150,11
W00008040,359,336,23
W00008041,251,237,14
W00008042,284,260,24
W00008043,336,304,32
W00008044,291,274,17
W00008045,315,289,26
W00008046,293,273,20
W00008047,405,374,31
W00008049,365,338,27
W00008050,191,182,9
W00008051,288,262,26
W00008052,287,252,35
W00008053,268,255,13
W00008055,284,256,28
W00008056,208,185,23
W00008057,357,324,33
W00008058,246,232,14
W00008059,402,371,31
W00008060,272,244,28
W00008061,256,244,12
W00008062,290,262,28
W00008063,270,234,36
W00008064,274,251,23
W00008065,341,314,27
W00008066,299,276,23
W00008067,309,285,24
W00008068,101,97,4
W00008069,247,226,21
W00008070,316,291,25
W00008071,231,207,24
W00008072,289,277,12
W00008073,242,220,22
W00008074,248,235,13
W00008075,296,273,23
W00008076,323,292,31
W00008077,293,270,23
W00008078,281,257,24
W00008079,384,349,35
W00008080,472,440,32
W00008081,307,277,30
W00008082,315,291,24
W00008083,344,320,24
W00008084,407,386,21
W00008085,251,231,20
W00008086,297,273,24
W00008087,285,264,21
W00008088,299,279,20
W00008089,273,254,19
W00008090,324,298,26
W00008091,315,301,14
W00008092,328,309,19
W00008093,206,198,8
W00008094,310,277,33
W00008096,476,449,27
W00008097,240,232,8
W00008099,291,267,24
W00008100,312,285,27
W00008101,245,231,14
W00008102,313,298,15
W00008103,273,257,16
W00008104,257,240,17
W00008105,330,304,26
W00008106,302,281,21
W00008107,243,221,22
W00008108,298,268,30
W00008109,265,236,29
W00008110,284,258,26
W00008111,273,247,26
W00008112,460,424,36
W00008113,289,270,19
W00008114,266,245,21
W00008115,295,275,20
W00008116,250,230,20
W00008117,229,210,19
W00008118,260,226,34
W00008119,286,278,8
W00008120,231,210,21
W00008121,259,238,21
W00008122,253,224,29
W00008123,270,258,12
W00008124,273,255,18
W00008125,236,213,23
W00008126,250,236,14
W00008127,235,205,30
W00008128,276,250,26
W00008129,304,287,17
W00008130,307,286,21
W00008131,270,257,13
W00008132,367,344,23
W00008133,493,460,33
W00008134,519,493,26
W00008135,337,312,25
W00008136,229,218,11
W00008137,345,319,26
W00008138,315,294,21
W00008139,313,299,14
W00008140,262,238,24
W00008141,324,301,23
W00008142,432,390,42
W00008143,273,256,17
W00008144,314,297,17
W00008145,316,287,29
W00008146,205,193,12
W00008147,310,286,24
W00008148,357,324,33
W00008149,219,202,17
W00008150,467,431,36
W00008151,245,213,32
W00008152,244,223,21
W00008153,143,131,12
W00008154,252,237,15
W00008157,444,422,22
W00008159,491,448,43
W00008160,424,405,19
W00008161,292,270,22
W00008162,282,254,28
W00008163,256,240,16
W00008164,325,312,13
W00008165,367,345,22
W00008166,323,301,22
W00008167,311,288,23
W00008168,326,303,23
W00008169,347,321,26
W00008170,339,314,25
W00008171,360,331,29
W00008172,370,329,41
W00008173,313,285,28
W00008174,259,240,19
W00008175,260,244,16
W00008176,220,191,29
W00008177,264,241,23
W00008178,489,440,49
W00008179,248,222,26
W00008180,492,460,32
W00008181,282,256,26
W00008182,441,405,36
W00008183,335,302,33
W00008184,237,211,26
W00008185,276,247,29
W00008186,295,259,36
W00008187,309,286,23
W00008188,206,195,11
W00008189,226,213,13
W00008190,459,420,39
W00008191,297,271,26
W00008192,306,280,26
W00008193,256,235,21
W00008194,304,274,30
W00008195,209,197,12
W00008196,339,314,25
W00008197,275,262,13
W00008198,220,205,15
W00008199,268,244,24
W00008200,288,266,22
W00008201,334,303,31
W00008202,315,291,24
W00008203,282,263,19
W00008204,265,244,21
W00008205,166,156,10
W00008206,339,315,24
W00008207,296,282,14
W00008208,264,250,14
W00008209,202,191,11
W00008210,216,206,10
W00008211,200,185,15
W00008212,347,321,26
W00008213,305,286,19
W00008214,419,379,40
W00008215,298,280,18
W00008216,357,332,25
W00008217,217,202,15
W00008219,229,211,18
W00008220,201,183,18
W00008222,479,444,35
W00008223,323,306,17
W00008224,297,274,23
W00008225,239,223,16
W00008226,295,278,17
W00008227,212,203,9
W00008228,268,252,16
W00008229,322,298,24
W00008230,250,235,15
W00008231,300,279,21
W00008232,368,339,29
W00008233,284,252,32
W00008234,379,343,36
W00008235,322,295,27
W00008236,361,332,29
W00008237,340,309,31
W00008238,328,303,25
W00008239,400,350,50
W00008240,298,275,23
W00008241,309,293,16
W00008242,385,352,33
W00008243,331,316,15
W00008244,212,186,26
W00008245,253,221,32
W00008246,298,274,24
W00008247,270,256,14
W00008248,255,235,20
W00008249,308,285,23
W00008250,254,243,11
W00008251,330,308,22
W00008252,320,294,26
W00008253,301,279,22
W00008254,303,278,25
W00008255,342,317,25
W00008256,267,250,17
W00008257,342,314,28
W00008258,293,276,17
W00008260,249,237,12
W00008261,352,329,23
W00008262,236,219,17
W00008263,287,272,15
W00008264,259,236,23
W00008265,254,243,11
W00008266,185,183,2
W00008267,272,258,14
W00008268,269,248,21
W00008269,269,256,13
W00008270,291,261,30
W00008271,227,218,9
W00008272,287,267,20
W00008273,236,222,14
W00008274,281,265,16
W00008275,263,247,16
W00008276,275,260,15
W00008277,293,275,18
W00008278,396,372,24
W00008279,320,286,34
W00008280,247,227,20
W00008281,372,347,25
W00008282,278,264,14
W00008283,464,445,19
W00008284,401,363,38
W00008285,484,428,56
W00008286,312,283,29
W00008287,339,310,29
W00008288,290,265,25
W00008289,340,320,20
W00008290,253,243,10
W00008291,264,248,16
W00008292,281,272,9
W00008293,260,240,20
W00008294,270,258,12
W00008295,234,223,11
W00008296,271,254,17
W00008297,252,237,15
W00008298,439,396,43
W00008299,371,340,31
W00008300,233,218,15
W00008301,356,336,20
W00008302,225,205,20
W00008303,382,356,26
W00008304,373,352,21
W00008305,300,284,16
W00008306,395,364,31
W00008307,248,238,10
W00008308,312,292,20
W00008309,287,268,19
W00008311,557,517,40
W00008313,217,208,9
W00008314,159,153,6
W00008315,304,291,13
W00008316,385,344,41
W00008317,265,252,13
W00008318,337,312,25
W00008319,317,294,23
W00008320,339,316,23
W00008321,254,243,11
W00008322,283,260,23
W00008323,288,270,18
W00008324,235,223,12
W00008325,168,158,10
W00008326,250,226,24
W00008327,269,253,16
W00008328,263,246,17
W00008329,366,339,27
W00008330,259,243,16
W00008331,224,209,15
W00008332,280,268,12
W00008333,273,240,33
W00008334,185,178,7
W00008335,295,277,18
W00008336,393,350,43
W00008337,304,272,32
W00008338,298,263,35
W00008339,277,263,14
W00008340,398,362,36
W00008341,277,255,22
W00008342,271,266,5
W00008343,309,285,24
W00008344,303,269,34
W00008345,294,274,20
W00008346,485,433,52
W00008347,264,238,26
W00008348,378,356,22
W00008349,454,437,17
W00008350,364,315,49
W00008351,303,283,20
W00008352,430,390,40
W00008353,263,244,19
W00008354,338,299,39
W00008355,359,343,16
W00008356,305,282,23
W00008357,322,310,12
W00008358,294,268,26
W00008359,251,234,17
W00008360,256,239,17
W00008361,334,311,23
W00008362,303,279,24
W00008363,450,416,34
W00008364,388,353,35
W00008365,381,358,23
W00008366,264,242,22
W00008367,300,284,16
W00008368,328,307,21
W00008369,238,231,7
W00008370,325,305,20
W00008371,351,326,25
W00008372,366,346,20
W00008373,317,302,15
W00008374,351,322,29
W00008375,274,266,8
W00008376,304,289,15
W00008377,235,226,9
W00008378,379,347,32
W00008379,322,300,22
W00008380,313,277,36
W00008381,318,291,27
W00008382,295,269,26
W00008383,273,240,33
W00008384,295,271,24
W00008385,247,231,16
W00008386,282,266,16
W00008387,274,257,17
W00008388,312,298,14
W00008389,233,214,19
W00008390,262,256,6
W00008391,272,257,15
W00008392,232,216,16
W00008393,304,286,18
W00008394,340,315,25
W00008395,285,266,19
W00008396,285,268,17
W00008397,313,292,21
W00008398,292,271,21
W00008399,307,287,20
W00008400,269,260,9
W00008401,309,276,33
W00008402,306,283,23
W00008403,318,305,13
W00008404,245,219,26
W00008405,292,276,16
W00008406,259,242,17
W00008407,336,323,13
W00008408,221,211,10
W00008409,329,311,18
W00008411,258,234,24
W00008412,266,259,7
W00008413,188,183,5
W00008414,307,286,21
W00008415,243,225,18
W00008416,239,230,9
W00008417,236,223,13
W00008418,248,232,16
W00008419,208,197,11
W00008420,301,294,7
W00008421,217,202,15
W00008422,283,257,26
W00008423,226,216,10
W00008424,358,333,25
W00008425,290,271,19
W00008426,274,253,21
W00008427,251,241,10
W00008428,291,274,17
W00008429,265,251,14
W00008430,293,270,23
W00008431,296,283,13
W00008432,277,264,13
W00008433,502,452,50
W00008434,295,280,15
W00008435,249,233,16
W00008436,295,267,28
W00008437,307,288,19
W00008438,231,221,10
W00008439,458,440,18
W00008440,251,235,16
W00008441,258,245,13
W00008442,276,256,20
W00008443,360,339,21
W00008444,537,498,39
W00008445,208,200,8
W00008446,274,251,23
W00008447,295,280,15
W00008448,290,286,4
W00008449,248,225,23
W00008450,138,135,3
W00008451,305,272,33
W00008452,303,279,24
W00008453,294,276,18
W00008454,270,245,25
W00008455,273,251,22
W00008456,352,319,33
W00008457,275,252,23
W00008458,242,225,17
W00008459,297,270,27
W00008460,200,188,12
W00008461,270,249,21
W00008462,292,285,7
W00008463,360,349,11
W00008464,308,292,16
W00008465,255,242,13
W00008466,355,321,34
W00008467,343,336,7
W00008468,186,181,5
W00008469,290,274,16
W00008470,431,413,18
W00008471,310,286,24
W00008472,268,252,16
W00008473,251,240,11
W00008474,296,277,19
W00008475,263,252,11
W00008476,415,376,39
W00008477,271,252,19
W00008478,294,270,24
W00008479,263,255,8
W00008480,222,215,7
W00008481,311,289,22
W00008482,354,333,21
W00008483,248,242,6
W00008484,242,234,8
W00008485,283,266,17
W00008486,231,224,7
W00008487,254,240,14
W00008488,343,327,16
W00008489,271,248,23
W00008490,259,243,16
W00008491,310,292,18
W00008492,163,162,1
W00008493,372,339,33
W00008494,159,153,6
W00008495,315,286,29
W00008496,255,239,16
W00008497,312,288,24
W00008499,307,285,22
W00008500,298,273,25
W00008501,293,268,25
W00008503,283,257,26
W00008504,246,229,17
W00008505,339,307,32
W00008506,518,488,30
W00008507,257,245,12
W00008508,197,186,11
W00008509,420,387,33
W00008510,318,298,20
W00008511,347,317,30
W00008512,371,349,22
W00008513,142,128,14
W00008515,491,453,38
W00008516,264,247,17
W00008517,500,463,37
W00008518,404,375,29
W00008519,212,203,9
W00008520,376,358,18
W00008521,274,257,17
W00008522,198,185,13
W00008523,241,223,18
W00008524,313,291,22
W00008526,281,265,16
W00008527,280,268,12
W00008529,286,272,14
W00008530,203,194,9
W00008531,271,256,15
W00008532,247,232,15
W00008534,295,272,23
W00008535,264,252,12
W00008536,327,315,12
W00008537,388,366,22
W00008538,257,248,9
W00008539,284,267,17
W00008540,338,319,19
W00008542,286,275,11
W00008543,264,246,18
W00008544,409,392,17
W00008545,292,278,14
W00008546,249,239,10
W00008547,318,294,24
W00008548,285,269,16
W00008549,296,286,10
W00008550,349,325,24
W00008551,282,267,15
W00008552,507,426,81
W00008553,332,320,12
W00008554,220,207,13
W00008555,339,328,11
W00008556,581,542,39
W00008557,339,320,19
W00008558,266,239,27
W00008559,186,177,9
W00008560,273,254,19
W00008561,304,291,13
W00008562,274,265,9
W00008563,309,283,26
W00008564,169,166,3
W00008565,291,279,12
W00008566,435,415,20
W00008567,320,306,14
W00008569,208,199,9
W00008570,287,278,9
W00008571,297,279,18
W00008572,297,289,8
W00008573,285,277,8
W00008574,353,345,8
W00008575,294,283,11
W00008576,320,302,18
W00008577,277,255,22
W00008578,373,354,19
W00008579,303,277,26
W00008580,337,316,21
W00008581,301,283,18
W00008582,280,264,16
W00008583,284,266,18
W00008584,172,169,3
W00008585,312,289,23
W00008586,278,265,13
W00008587,249,234,15
W00008588,266,251,15
W00008589,281,272,9
W00008590,317,300,17
W00008591,153,146,7
W00008592,264,243,21
W00008593,295,275,20
W00008594,217,199,18
W00008595,299,276,23
W00008599,348,322,26
W00008600,334,308,26
W00008601,503,470,33
W00008602,381,358,23
W00008603,433,404,29
W00008604,343,321,22
W00008605,300,270,30
W00008606,342,332,10
W00008607,427,412,15
W00008608,336,317,19
W00008610,520,504,16
W00008611,349,322,27
W00008612,219,216,3
W00008613,341,332,9
W00008614,463,441,22
W00008615,529,503,26
W00008616,178,171,7
W00008618,228,216,12
W00008619,525,475,50
W00008620,374,350,24
W00008621,199,176,23
W00008622,500,460,40
W00008623,398,380,18
W00008624,336,319,17
W00008626,277,263,14
W00008627,295,286,9
W00008628,343,325,18
W00008629,376,354,22
W00008630,350,328,22
W00008631,299,283,16
W00008632,294,278,16
W00008633,321,305,16
W00008634,269,237,32
W00008635,279,263,16
W00008636,277,272,5
W00008637,273,263,10
W00008638,284,278,6
W00008639,247,227,20
W00008640,249,239,10
W00008641,265,249,16
W00008642,249,237,12
W00008643,357,326,31
W00008644,299,288,11
W00008645,242,238,4
W00008646,364,353,11
W00008647,101,99,2
W00008648,326,302,24
W00008649,352,334,18
W00008650,319,296,23
W00008651,274,254,20
W00008652,137,121,16
W00008653,294,281,13
W00008654,280,266,14
W00008656,348,328,20
W00008657,311,302,9
W00008658,306,283,23
W00008659,254,237,17
W00008660,272,248,24
W00008661,216,201,15
W00008662,358,338,20
W00008663,203,192,11
W00008665,286,267,19
W00008666,310,296,14
W00008667,305,287,18
W00008668,278,268,10
W00008669,314,292,22
W00008670,326,303,23
W00008671,191,181,10
W00008672,231,216,15
W00008673,321,300,21
W00008674,294,273,21
W00008675,195,185,10
W00008676,440,414,26
W00008678,508,477,31
W00008679,364,337,27
W00008680,300,274,26
W00008681,289,272,17
W00008682,239,227,12
W00008683,354,335,19
W00008684,270,260,10
W00008685,294,275,19
W00008686,311,279,32
W00008687,313,296,17
W00008688,311,293,18
W00008689,291,266,25
W00008690,265,253,12
W00008691,238,221,17
W00008692,400,362,38
W00008693,274,257,17
W00008694,251,237,14
W00008695,283,274,9
W00008696,310,290,20
W00008697,300,277,23
W00008698,311,279,32
W00008699,242,225,17
W00008700,285,265,20
W00008701,317,299,18
W00008702,355,332,23
W00008703,255,246,9
W00008704,287,278,9
W00008705,334,313,21
W00008706,312,282,30
W00008707,240,215,25
W00008708,273,250,23
W00008709,330,279,51
W00008710,242,229,13
W00008711,304,284,20
W00008712,216,207,9
W00008713,321,301,20
W00008714,262,253,9
W00008715,179,175,4
W00008716,382,367,15
W00008717,285,258,27
W00008718,254,244,10
W00008719,275,251,24
W00008720,277,261,16
W00008721,250,236,14
W00008722,240,222,18
W00008723,256,235,21
W00008724,279,259,20
W00008725,278,247,31
W00008726,291,271,20
W00008727,258,245,13
W00008728,288,253,35
W00008729,255,233,22
W00008730,209,201,8
W00008731,381,370,11
W00008732,412,391,21
W00008734,184,169,15
W00008735,270,261,9
W00008736,277,260,17
W00008737,311,284,27
W00008738,271,241,30
W00008739,228,215,13
W00008740,299,279,20
W00008741,367,354,13
W00008742,517,495,22
W00008743,261,244,17
W00008744,311,294,17
W00008745,235,226,9
W00008746,384,349,35
W00008750,223,207,16
W00008751,342,323,19
W00008752,138,137,1
W00008753,354,335,19
W00008755,144,144,0
W00008757,332,302,30
W00008758,268,261,7
W00008759,288,271,17
W00008760,346,320,26
W00008761,392,369,23
W00008763,374,351,23
W00008764,464,429,35
W00008765,292,275,17
W00008767,528,504,24
W00008768,383,374,9
W00008769,290,268,22
W00008770,278,249,29
W00008771,269,262,7
W00008773,304,291,13
W00008774,292,276,16
W00008775,305,295,10
W00008776,290,276,14
W00008777,329,299,30
W00008779,363,340,23
W00008780,409,380,29
W00008781,416,390,26
W00008782,366,353,13
W00008784,410,385,25
W00008785,378,353,25
W00008786,323,296,27
W00008788,398,368,30
W00008789,280,257,23
W00008790,276,257,19
W00008791,215,209,6
W00008792,263,243,20
W00008794,439,407,32
W00008795,375,344,31
W00008797,334,308,26
W00008798,420,363,57
W00008799,387,344,43
W00008800,375,343,32
W00008801,331,303,28
W00008803,359,338,21
W00008804,476,429,47
W00008807,432,389,43
W00008811,236,214,22
W00008813,247,219,28
W00008814,488,458,30
W00008816,395,387,8
W00008817,341,325,16
W00008818,521,487,34
W00008819,274,259,15
W00008820,609,538,71
W00008821,483,419,64
W00008822,329,297,32
W00008823,331,299,32
W00008824,422,394,28
W00008825,281,265,16
W00008826,362,327,35
W00008827,323,305,18
W00008828,318,294,24
W00008829,455,424,31
W00008830,311,285,26
W00008831,354,323,31
W00008832,241,218,23
W00008833,482,437,45
W00008834,281,271,10
W00008835,345,320,25
W00008836,255,241,14
W00008837,371,335,36
W00008838,248,226,22
W00008839,201,190,11
W00008840,361,333,28
W00008841,286,267,19
W00008842,412,371,41
W00008843,369,345,24
W00008844,305,275,30
W00008845,259,236,23
W00008846,231,208,23
W00008847,339,320,19
W00008848,279,256,23
W00008849,250,227,23
W00008850,399,368,31
W00008851,296,282,14
W00008852,223,201,22
W00008853,276,206,70
W00008854,316,237,79
W00008855,307,242,65
W00008856,263,205,58
W00008857,261,197,64
W00008858,251,192,59
W00008859,346,258,88
W00008860,243,181,62
W00008861,366,322,44
W00008862,235,188,47
W00008863,229,193,36
W00008864,290,245,45
W00008865,253,209,44
W00008866,240,171,69
W00008867,288,221,67
W00008868,302,236,66
W00008869,415,353,62
W00008870,309,247,62
W00008871,344,264,80
W00008872,272,234,38
W00008873,303,236,67
W00008874,351,271,80
W00008875,365,243,122
W00008877,308,238,70
W00008878,401,313,88
W00008879,284,187,97
W00008880,366,298,68
W00008881,349,291,58
W00008882,356,311,45
W00008883,280,254,26
W00008884,257,241,16
W00008886,364,232,132
W00008887,312,206,106
W00008888,227,203,24
W00008889,287,202,85
W00008890,289,197,92
W00008891,220,179,41
W00008892,312,169,143
W00008893,338,273,65
W00008894,313,220,93
W00008895,268,197,71
W00008896,234,176,58
W00008897,190,157,33
W00008899,474,430,44
W00008901,532,478,54
W00008902,544,480,64
W00008903,555,501,54
W00008906,424,391,33
W00008909,513,455,58
W00008910,625,573,52
W00008911,320,286,34
W00008912,536,487,49
W00008913,432,387,45
W00008915,432,413,19
W00008916,471,435,36
W00008918,478,429,49
W00008919,263,242,21
W00008920,474,426,48
W00008921,298,267,31
W00008922,537,488,49
W00008923,403,348,55
W00008924,490,442,48
W00008925,433,389,44
W00008926,351,301,50
W00008927,419,370,49
W00008929,377,343,34
W00008931,444,396,48
W00008932,551,494,57
W00008933,409,375,34
W00008934,289,221,68
W00008935,314,268,46
W00008936,331,241,90
W00008937,301,237,64
W00008938,292,241,51
W00008939,266,219,47
W00008940,274,200,74
W00008941,250,216,34
W00008942,243,177,66
W00008943,391,363,28
W00008945,277,240,37
W00008947,273,247,26
W00008948,337,300,37
W00008949,321,271,50
W00008950,363,331,32
W00008951,399,341,58
W00008952,318,286,32
W00008953,334,283,51
W00008954,341,298,43
W00008955,354,293,61
W00008956,302,276,26
W00008957,323,292,31
W00008958,267,235,32
W00008959,332,285,47
W00008960,360,318,42
W00008961,337,304,33
W00008962,256,226,30
W00008963,295,272,23
W00008964,326,303,23
W00008965,375,343,32
W00008966,306,258,48
W00008967,140,128,12
W00008969,274,246,28
W00008970,297,263,34
W00008971,326,284,42
W00008972,331,305,26
W00008974,271,240,31
W00008975,262,222,40
W00008976,327,302,25
W00008977,332,287,45
W00008978,213,201,12
W00008979,283,254,29
W00008980,303,272,31
W00008981,308,299,9
W00008982,248,240,8
W00008983,266,243,23
W00008984,338,306,32
W00008985,395,372,23
W00008986,334,321,13
W00008987,305,282,23
W00008988,294,275,19
W00008989,310,283,27
W00008990,276,258,18
W00008991,311,293,18
W00008992,352,327,25
W00008993,303,283,20
W00008994,258,242,16
W00008995,338,316,22
W00008996,280,253,27
W00008997,284,262,22
W00008998,304,284,20
W00008999,349,326,23
W00009000,352,313,39
W00009001,331,306,25
W00009002,383,363,20
W00009003,410,373,37
W00009004,310,299,11
W00009005,371,347,24
W00009006,288,269,19
W00009007,219,202,17
W00009008,330,302,28
W00009009,316,283,33
W00009010,320,302,18
W00009011,304,283,21
W00009012,234,211,23
W00009013,308,280,28
W00009014,345,317,28
W00009015,411,372,39
W00009016,232,216,16
W00009017,241,223,18
W00009018,285,276,9
W00009019,289,272,17
W00009020,259,241,18
W00009021,397,347,50
W00009022,235,213,22
W00009023,262,240,22
W00009024,306,285,21
W00009025,323,291,32
W00009026,261,230,31
W00009027,303,283,20
W00009028,190,184,6
W00009029,288,277,11
W00009030,301,283,18
W00009031,305,285,20
W00009032,296,278,18
W00009033,293,270,23
W00009034,295,261,34
W00009035,330,277,53
W00009036,356,329,27
W00009037,263,249,14
W00009038,223,210,13
W00009039,278,246,32
W00009040,296,270,26
W00009041,233,217,16
W00009042,281,249,32
W00009043,403,365,38
W00009044,224,211,13
W00009045,311,279,32
W00009046,233,209,24
W00009047,270,243,27
W00009048,305,269,36
W00009049,323,299,24
W00009050,299,274,25
W00009051,309,283,26
W00009052,198,189,9
W00009053,183,165,18
W00009054,323,288,35
W00009055,352,308,44
W00009056,302,276,26
W00009057,299,260,39
W00009058,210,184,26
W00009059,319,292,27
W00009060,329,298,31
W00009061,261,235,26
W00009062,248,216,32
W00009063,227,207,20
W00009064,301,275,26
W00009065,308,278,30
W00009066,314,284,30
W00009067,306,261,45
W00009068,257,226,31
W00009069,305,272,33
W00009070,334,294,40
W00009071,239,222,17
W00009072,273,254,19
W00009073,392,350,42
W00009074,361,312,49
W00009075,340,280,60
W00009077,340,288,52
W00009080,393,360,33
W00009081,297,259,38
W00009082,373,325,48
W00009084,291,249,42
W00009085,427,374,53
W00009086,329,268,61
W00009087,368,303,65
W00009088,472,419,53
W00009089,335,296,39
W00009090,370,323,47
W00009091,369,350,19
W00009092,283,258,25
W00009093,347,319,28
W00009094,233,217,16
W00009095,385,354,31
W00009096,432,376,56
W00009097,323,287,36
W00009098,368,337,31
W00009099,281,224,57
W00009100,386,354,32
W00009101,439,408,31
W00009102,262,239,23
W00009104,509,466,43
W00009105,430,389,41
W00009106,365,327,38
W00009107,347,308,39
W00009108,278,236,42
W00009109,190,182,8
W00009110,374,314,60
W00009111,323,285,38
W00009112,383,349,34
W00009113,326,279,47
W00009114,408,362,46
W00009115,304,281,23
W00009116,317,255,62
W00009117,449,413,36
W00009118,248,233,15
W00009119,353,324,29
W00009120,373,338,35
W00009121,295,286,9
W00009123,497,429,68
W00009125,343,297,46
W00009126,352,317,35
W00009127,334,293,41
W00009128,336,299,37
W00009129,441,409,32
W00009130,264,229,35
W00009131,328,289,39
W00009132,299,278,21
W00009133,297,282,15
W00009134,245,197,48
W00009135,377,354,23
W00009136,313,268,45
W00009137,227,187,40
W00009138,303,260,43
W00009139,282,258,24
W00009140,387,327,60
W00009141,457,421,36
W00009142,207,184,23
W00009143,284,237,47
W00009144,264,239,25
W00009145,289,254,35
W00009146,317,257,60
W00009147,279,246,33
W00009148,116,106,10
W00009149,361,299,62
W00009150,340,300,40
W00009151,317,283,34
W00009152,338,291,47
W00009153,296,279,17
W00009154,400,336,64
W00009155,181,167,14
W00009156,254,228,26
W00009157,478,421,57
W00009159,427,390,37
W00009160,329,282,47
W00009161,392,352,40
W00009162,266,224,42
W00009163,315,245,70
W00009164,320,265,55
W00009165,261,225,36
W00009166,301,260,41
W00009168,233,211,22
W00009169,340,285,55
W00009170,300,250,50
W00009171,508,466,42
W00009172,299,259,40
W00009173,245,216,29
W00009174,326,280,46
W00009175,326,274,52
W00009176,353,312,41
W00009177,321,289,32
W00009178,246,212,34
W00009179,319,287,32
W00009180,335,290,45
W00009181,516,463,53
W00009182,305,269,36
W00009183,411,360,51
W00009184,299,265,34
W00009186,269,186,83
W00009187,263,218,45
W00009188,311,269,42
W00009189,280,258,22
W00009190,303,282,21
W00009191,454,407,47
W00009192,220,192,28
W00009193,207,177,30
W00009194,351,309,42
W00009195,332,300,32
W00009196,275,225,50
W00009197,290,236,54
W00009198,420,280,140
W00009199,293,230,63
W00009200,293,234,59
W00009201,285,237,48
W00009202,253,212,41
W00009203,216,169,47
W00009204,242,204,38
W00009205,316,265,51
W00009206,287,252,35
W00009207,214,193,21
W00009208,316,279,37
W00009209,246,226,20
W00009210,224,203,21
W00009211,252,228,24
W00009212,239,203,36
W00009213,285,182,103
W00009214,250,226,24
W00009215,281,262,19
W00009216,336,287,49
W00009217,260,237,23
W00009218,297,265,32
W00009219,255,201,54
W00009220,318,282,36
W00009221,340,300,40
W00009222,264,252,12
W00009223,325,291,34
W00009224,295,268,27
W00009225,301,249,52
W00009226,321,292,29
W00009227,256,208,48
W00009228,254,215,39
W00009229,352,261,91
W00009230,340,312,28
W00009231,245,229,16
W00009232,333,299,34
W00009233,327,295,32
W00009234,234,198,36
W00009235,318,264,54
W00009236,354,319,35
W00009237,420,376,44
W00009238,283,236,47
W00009239,311,288,23
W00009240,289,256,33
W00009241,317,291,26
W00009242,331,293,38
W00009243,324,289,35
W00009244,258,218,40
W00009245,452,385,67
W00009246,337,293,44
W00009247,300,263,37
W00009248,281,252,29
W00009249,297,256,41
W00009250,273,246,27
W00009251,373,313,60
W00009252,406,353,53
W00009253,297,259,38
W00009254,334,302,32
W00009255,277,240,37
W00009256,362,314,48
W00009258,356,324,32
W00009259,259,243,16
W00009260,302,282,20
W00009261,333,295,38
W00009262,274,243,31
W00009263,387,345,42
W00009264,291,263,28
W00009265,263,239,24
W00009266,246,202,44
W00009267,225,197,28
W00009268,225,200,25
W00009269,260,241,19
W00009270,260,245,15
W00009271,217,195,22
W00009272,274,246,28
W00009273,226,201,25
W00009274,267,246,21
W00009275,233,208,25
W00009276,338,282,56
W00009277,265,232,33
W00009278,236,224,12
W00009279,262,234,28
W00009280,310,269,41
W00009281,366,320,46
W00009282,274,254,20
W00009283,303,258,45
W00009284,301,276,25
W00009285,314,264,50
W00009286,265,235,30
W00009287,273,243,30
W00009288,314,284,30
W00009289,274,258,16
W00009290,294,260,34
W00009291,209,200,9
W00009292,333,293,40
W00009293,359,323,36
W00009294,247,243,4
W00009295,363,344,19
W00009296,273,246,27
W00009297,317,295,22
W00009298,268,255,13
W00009299,369,363,6
W00009300,285,273,12
W00009301,322,293,29
W00009302,312,278,34
W00009303,270,247,23
W00009304,308,262,46
W00009305,252,236,16
W00009306,253,235,18
W00009307,311,285,26
W00009308,241,228,13
W00009309,313,293,20
W00009310,313,291,22
W00009311,281,252,29
W00009312,348,318,30
W00009313,190,176,14
W00009314,274,255,19
W00009315,289,247,42
W00009316,256,239,17
W00009317,297,284,13
W00009318,363,340,23
W00009319,314,293,21
W00009320,320,301,19
W00009321,297,263,34
W00009322,378,364,14
W00009323,337,309,28
W00009324,302,286,16
W00009325,364,338,26
W00009326,303,290,13
W00009327,274,254,20
W00009328,326,305,21
W00009329,328,309,19
W00009330,450,391,59
W00009331,362,344,18
W00009332,320,303,17
W00009333,342,311,31
W00009334,278,267,11
W00009335,340,324,16
W00009336,283,268,15
W00009337,481,444,37
W00009338,313,276,37
W00009339,370,350,20
W00009340,405,360,45
W00009341,312,279,33
W00009342,400,381,19
W00009343,274,256,18
W00009344,376,362,14
W00009345,381,356,25
W00009346,337,321,16
W00009347,253,221,32
W00009348,302,271,31
W00009349,273,257,16
W00009350,228,208,20
W00009351,339,324,15
W00009352,332,307,25
W00009353,331,311,20
W00009354,379,356,23
W00009355,254,237,17
W00009356,381,338,43
W00009357,300,278,22
W00009358,430,405,25
W00009359,255,227,28
W00009360,313,300,13
W00009361,409,377,32
W00009362,296,271,25
W00009363,190,184,6
W00009364,310,288,22
W00009365,249,229,20
W00009366,358,321,37
W00009367,292,280,12
W00009368,302,286,16
W00009369,399,381,18
W00009371,332,310,22
W00009372,342,305,37
W00009373,307,283,24
W00009374,307,290,17
W00009375,406,307,99
W00009376,387,319,68
W00009377,276,233,43
W00009378,355,295,60
W00009379,250,203,47
W00009380,252,207,45
W00009381,293,246,47
W00009382,277,238,39
W00009383,281,227,54
W00009384,345,268,77
W00009385,375,287,88
W00009386,412,374,38
W00009387,294,264,30
W00009389,365,317,48
W00009390,347,298,49
W00009391,415,381,34
W00009392,310,264,46
W00009393,243,215,28
W00009394,331,279,52
W00009395,280,223,57
W00009396,313,266,47
W00009397,339,286,53
W00009398,265,242,23
W00009399,301,250,51
W00009400,356,306,50
W00009401,312,272,40
W00009402,297,253,44
W00009403,326,285,41
W00009404,263,234,29
W00009405,250,233,17
W00009407,315,244,71
W00009408,246,229,17
W00009409,297,260,37
W00009410,351,328,23
W00009411,394,326,68
W00009412,311,265,46
W00009413,282,247,35
W00009414,266,244,22
W00009415,341,296,45
W00009416,343,299,44
W00009417,276,243,33
W00009418,269,236,33
W00009419,281,233,48
W00009420,334,292,42
W00009421,281,256,25
W00009422,318,265,53
W00009423,367,337,30
W00009424,370,347,23
W00009425,334,299,35
W00009426,286,254,32
W00009427,294,266,28
W00009428,389,356,33
W00009429,275,255,20
W00009430,238,211,27
W00009431,241,213,28
W00009432,261,234,27
W00009433,438,393,45
W00009434,400,378,22
W00009435,188,168,20
W00009436,313,280,33
W00009437,343,314,29
W00009438,232,210,22
W00009439,285,255,30
W00009440,297,267,30
W00009441,416,385,31
W00009442,205,175,30
W00009443,312,293,19
W00009444,298,272,26
W00009445,255,230,25
W00009446,381,350,31
W00009447,239,223,16
W00009448,306,290,16
W00009450,386,369,17
W00009451,374,324,50
W00009452,338,297,41
W00009453,344,277,67
W00009454,412,391,21
W00009455,182,168,14
W00009456,367,335,32
W00009457,325,282,43
W00009458,300,250,50
W00009459,244,220,24
W00009460,374,333,41
W00009461,281,242,39
W00009462,353,312,41
W00009463,337,293,44
W00009464,274,245,29
W00009465,429,386,43
W00009466,331,297,34
W00009467,316,275,41
W00009468,477,429,48
W00009469,228,205,23
W00009470,246,214,32
W00009472,238,213,25
W00009473,291,259,32
W00009474,331,266,65
W00009475,263,244,19
W00009476,622,580,42
W00009480,209,195,14
W00009481,375,348,27
W00009482,312,294,18
W00009483,187,178,9
W00009484,244,239,5
W00009486,347,301,46
W00009487,271,244,27
W00009488,325,300,25
W00009489,270,248,22
W00009490,457,420,37
W00009491,466,419,47
W00009492,199,180,19
W00009493,304,272,32
W00009494,443,402,41
W00009495,291,259,32
W00009496,303,279,24
W00009497,401,367,34
W00009499,256,236,20
W00009500,285,264,21
W00009501,365,328,37
W00009502,360,314,46
W00009503,557,481,76
W00009505,228,193,35
W00009506,287,261,26
W00009507,312,280,32
W00009508,314,285,29
W00009509,301,255,46
W00009510,311,287,24
W00009511,347,298,49
W00009512,369,314,55
W00009514,297,257,40
W00009515,294,254,40
W00009516,463,389,74
W00009517,275,232,43
W00009518,274,243,31
W00009519,224,204,20
W00009520,289,257,32
W00009521,296,271,25
W00009522,271,240,31
W00009524,264,235,29
W00009525,303,262,41
W00009526,367,313,54
W00009527,320,284,36
W00009528,250,229,21
W00009529,331,290,41
W00009530,255,230,25
W00009531,263,229,34
W00009532,305,283,22
W00009533,248,216,32
W00009534,193,176,17
W00009535,251,234,17
W00009536,256,230,26
W00009537,233,201,32
W00009538,205,193,12
W00009539,311,239,72
W00009540,280,235,45
W00009541,268,226,42
W00009542,245,183,62
W00009543,315,248,67
W00009544,280,233,47
W00009545,295,257,38
W00009546,238,213,25
W00009547,267,238,29
W00009548,272,236,36
W00009549,314,269,45
W00009550,250,227,23
W00009551,261,240,21
W00009552,234,210,24
W00009553,281,257,24
W00009554,237,208,29
W00009555,253,221,32
W00009556,315,270,45
W00009557,407,370,37
W00009558,305,244,61
W00009559,376,341,35
W00009560,420,393,27
W00009561,335,297,38
W00009562,303,291,12
W00009563,279,259,20
W00009564,338,295,43
W00009565,383,336,47
W00009566,408,372,36
W00009567,265,243,22
W00009568,379,347,32
W00009569,295,263,32
W00009570,421,392,29
W00009571,344,314,30
W00009572,337,303,34
W00009573,350,331,19
W00009574,365,325,40
W00009575,147,142,5
W00009576,270,237,33
W00009577,247,188,59
W00009578,276,212,64
W00009579,193,167,26
W00009580,289,246,43
W00009581,281,224,57
W00009582,281,225,56
W00009583,315,228,87
W00009584,282,215,67
W00009585,237,190,47
W00009586,321,266,55
W00009587,246,195,51
W00009588,302,277,25
W00009589,264,214,50
W00009590,253,185,68
W00009591,299,252,47
W00009592,281,223,58
W00009593,242,187,55
W00009594,283,226,57
W00009595,351,259,92
W00009596,265,194,71
W00009597,349,306,43
W00009598,436,416,20
W00009599,320,283,37
W00009600,310,292,18
W00009601,313,293,20
W00009602,301,271,30
W00009603,314,283,31
W00009604,251,232,19
W00009605,306,282,24
W00009606,263,247,16
W00009607,297,266,31
W00009608,315,295,20
W00009609,303,285,18
W00009610,369,323,46
W00009611,306,285,21
W00009612,300,270,30
W00009613,299,278,21
W00009614,282,258,24
W00009615,352,331,21
W00009616,356,331,25
W00009617,186,178,8
W00009618,318,287,31
W00009619,342,316,26
W00009620,294,267,27
W00009621,286,255,31
W00009622,269,251,18
W00009623,279,255,24
W00009624,468,437,31
W00009625,272,250,22
W00009626,285,274,11
W00009627,268,249,19
W00009629,358,318,40
W00009630,343,308,35
W00009631,302,276,26
W00009632,301,274,27
W00009633,314,286,28
W00009634,289,254,35
W00009635,299,272,27
W00009636,321,280,41
W00009637,273,246,27
W00009638,252,229,23
W00009639,413,378,35
W00009640,319,287,32
W00009641,245,222,23
W00009642,279,260,19
W00009643,270,230,40
W00009644,216,198,18
W00009645,409,382,27
W00009646,312,296,16
W00009647,357,322,35
W00009648,273,260,13
W00009649,363,345,18
W00009650,232,210,22
W00009651,380,351,29
W00009652,349,322,27
W00009653,429,394,35
W00009654,278,257,21
W00009655,290,274,16
W00009657,199,191,8
W00009658,276,248,28
W00009659,333,286,47
W00009660,321,285,36
W00009661,297,277,20
W00009662,300,282,18
W00009663,308,290,18
W00009664,286,265,21
W00009665,302,277,25
W00009666,144,139,5
W00009667,216,188,28
W00009668,265,231,34
W00009669,453,422,31
W00009670,387,364,23
W00009671,280,256,24
W00009672,315,279,36
W00009673,319,298,21
W00009675,313,286,27
W00009676,363,356,7
W00009677,262,244,18
W00009678,231,216,15
W00009679,351,321,30
W00009680,370,342,28
W00009681,298,292,6
W00009682,352,337,15
W00009683,304,281,23
W00009684,281,263,18
W00009686,307,288,19
W00009687,338,317,21
W00009688,292,269,23
W00009689,226,202,24
W00009690,434,397,37
W00009691,546,514,32
W00009692,349,317,32
W00009693,345,324,21
W00009694,228,214,14
W00009695,333,317,16
W00009696,288,272,16
W00009697,291,264,27
W00009698,257,236,21
W00009699,236,220,16
W00009700,281,261,20
W00009701,208,201,7
W00009702,369,339,30
W00009703,230,215,15
W00009704,318,298,20
W00009705,258,232,26
W00009706,307,286,21
W00009707,290,267,23
W00009708,319,294,25
W00009710,375,341,34
W00009711,334,304,30
W00009712,282,262,20
W00009713,368,343,25
W00009714,310,281,29
W00009715,369,351,18
W00009716,310,273,37
W00009717,272,231,41
W00009718,353,309,44
W00009719,308,289,19
W00009720,290,255,35
W00009721,249,231,18
W00009722,274,205,69
W00009723,277,193,84
W00009724,328,227,101
W00009725,312,231,81
W00009726,327,234,93
W00009727,283,241,42
W00009728,302,270,32
W00009729,276,243,33
W00009730,234,209,25
W00009731,248,220,28
W00009732,206,183,23
W00009733,286,235,51
W00009734,225,196,29
W00009735,521,472,49
W00009736,296,261,35
W00009737,275,242,33
W00009738,264,243,21
W00009739,327,280,47
W00009740,449,383,66
W00009741,331,266,65
W00009742,261,223,38
W00009743,303,272,31
W00009744,235,213,22
W00009745,263,222,41
W00009746,298,242,56
W00009747,255,208,47
W00009748,209,178,31
W00009749,354,253,101
W00009750,275,250,25
W00009751,422,353,69
W00009752,126,111,15
W00009753,197,157,40
W00009754,179,169,10
W00009755,253,204,49
W00009756,196,179,17
W00009757,317,257,60
W00009758,303,223,80
W00009759,256,205,51
W00009760,317,289,28
W00009761,302,249,53
W00009762,358,260,98
W00009763,286,249,37
W00009764,252,231,21
W00009765,269,209,60
W00009766,280,237,43
W00009767,318,224,94
W00009768,274,245,29
W00009769,199,187,12
W00009770,223,198,25
W00009771,218,199,19
W00009772,389,261,128
W00009773,157,112,45
W00009774,354,322,32
W00009775,237,218,19
W00009776,461,427,34
W00009777,345,308,37
W00009778,180,155,25
W00009779,307,282,25
W00009780,167,152,15
W00009781,337,300,37
W00009782,418,373,45
W00009783,286,250,36
W00009784,152,111,41
W00009785,416,288,128
W00009786,322,251,71
W00009787,374,336,38
W00009788,354,325,29
W00009789,155,136,19
W00009790,269,254,15
W00009791,372,341,31
W00009792,267,251,16
W00009793,98,89,9
W00009794,256,241,15
W00009795,262,248,14
W00009796,467,416,51
W00009797,178,165,13
W00009798,247,229,18
W00009800,419,372,47
W00009801,281,271,10
W00009802,297,277,20
W00009803,323,281,42
W00009804,446,411,35
W00009805,250,221,29
W00009806,277,255,22
W00009807,371,335,36
W00009808,307,290,17
W00009809,113,108,5
W00009810,289,258,31
W00009811,161,146,15
W00009813,258,236,22
W00009814,123,118,5
W00009815,273,239,34
W00009816,257,240,17
W00009817,421,398,23
W00009818,246,223,23
W00009819,210,193,17
W00009820,158,145,13
W00009821,290,261,29
W00009822,269,241,28
W00009823,467,398,69
W00009824,183,172,11
W00009825,339,305,34
W00009826,421,393,28
W00009827,300,266,34
W00009828,220,202,18
W00009829,253,237,16
W00009830,273,241,32
W00009831,135,125,10
W00009832,280,247,33
W00009833,253,225,28
W00009835,255,211,44
W00009836,342,326,16
W00009837,226,215,11
W00009838,162,150,12
W00009839,201,189,12
W00009840,328,307,21
W00009842,244,213,31
W00009843,282,249,33
W00009844,249,217,32
W00009845,133,119,14
W00009846,225,211,14
W00009847,292,256,36
W00009848,562,484,78
W00009849,307,276,31
W00009850,297,278,19
W00009851,127,115,12
W00009852,190,184,6
W00009853,114,105,9
W00009854,421,391,30
W00009856,226,213,13
W00009857,318,302,16
W00009858,265,243,22
W00009859,368,324,44
W00009860,297,281,16
W00009861,324,285,39
W00009862,412,361,51
W00009863,311,294,17
W00009864,414,393,21
W00009865,260,234,26
W00009866,322,303,19
W00009867,455,416,39
W00009868,365,345,20
W00009869,333,288,45
W00009870,269,248,21
W00009871,378,350,28
W00009872,302,272,30
W00009873,357,350,7
W00009874,159,149,10
W00009875,296,265,31
W00009877,266,248,18
W00009878,396,366,30
W00009879,328,299,29
W00009880,363,329,34
W00009881,382,336,46
W00009882,356,330,26
W00009883,308,278,30
W00009884,224,201,23
W00009885,305,286,19
W00009886,111,104,7
W00009887,192,175,17
W00009888,320,300,20
W00009889,145,138,7
W00009890,263,245,18
W00009891,328,291,37
W00009892,340,303,37
W00009893,297,245,52
W00009894,838,770,68
W00009895,406,361,45
W00009896,346,297,49
W00009897,399,306,93
W00009898,323,266,57
W00009899,317,243,74
W00009900,503,424,79
W00009901,353,313,40
W00009902,429,351,78
W00009903,321,244,77
W00009904,186,166,20
W00009905,251,200,51
W00009906,190,169,21
W00009907,310,257,53
W00009908,515,436,79
W00009909,379,284,95
W00009910,279,237,42
W00009911,373,293,80
W00009912,415,352,63
W00009913,258,222,36
W00009914,330,283,47
W00009915,266,225,41
W00009916,211,178,33
W00009917,379,352,27
W00009919,350,306,44
W00009920,481,424,57
W00009921,357,320,37
W00009922,248,217,31
W00009923,283,246,37
W00009924,271,232,39
W00009925,292,251,41
W00009926,229,200,29
W00009927,354,292,62
W00009928,448,396,52
W00009929,324,284,40
W00009930,277,244,33
W00009931,291,240,51
W00009932,348,302,46
W00009933,418,389,29
W00009934,330,305,25
W00009935,242,206,36
W00009936,345,306,39
W00009937,252,234,18
W00009938,265,252,13
W00009939,353,308,45
W00009940,190,166,24
W00009941,368,337,31
W00009942,265,246,19
W00009943,319,284,35
W00009944,276,241,35
W00009945,324,281,43
W00009946,266,246,20
W00009948,481,415,66
W00009949,477,436,41
W00009950,390,356,34
W00009951,402,364,38
W00009952,341,296,45
W00009953,430,393,37
W00009954,325,302,23
W00009955,289,265,24
W00009956,237,212,25
W00009957,286,259,27
W00009958,348,315,33
W00009959,597,531,66
W00009960,257,222,35
W00009961,405,363,42
W00009962,250,227,23
W00009963,397,352,45
W00009964,355,326,29
W00009965,271,248,23
W00009966,372,335,37
W00009967,419,371,48
W00009968,337,314,23
W00009969,127,114,13
W00009970,240,220,20
W00009971,392,354,38
W00009972,230,213,17
W00009973,373,330,43
W00009974,213,180,33
W00009975,354,313,41
W00009977,246,142,104
W00009978,254,138,116
W00009979,247,104,143
W00009980,203,116,87
W00009981,222,142,80
W00009982,1563,1461,102
W00009983,597,562,35
W00009985,353,335,18
W00009986,291,261,30
W00009987,329,289,40
W00009988,196,165,31
W00009989,341,195,146
W00009991,573,304,269
W00009992,276,184,92
W00009994,327,267,60
W00009995,313,232,81
W00009997,175,127,48
W00009998,164,131,33
W00010000,175,105,70
W00010001,283,201,82
W00010003,238,174,64
W00010004,390,270,120
W00010007,164,144,20
W00010009,272,234,38
W00010010,202,181,21
W00010011,258,232,26
W00010012,236,215,21
W00010013,300,263,37
W00010014,388,346,42
W00010015,265,226,39
W00010016,232,199,33
W00010017,284,244,40
W00010018,299,249,50
W00010021,309,272,37
W00010022,389,377,12
W00010023,391,340,51
W00010024,377,341,36
W00010025,192,156,36
W00010026,277,248,29
W00010027,515,454,61
W00010028,215,196,19
W00010029,316,285,31
W00010030,201,176,25
W00010031,255,239,16
W00010032,280,251,29
W00010033,289,246,43
W00010034,329,277,52
W00010035,236,222,14
W00010036,495,407,88
W00010037,321,289,32
W00010038,318,288,30
W00010039,265,233,32
W00010040,508,453,55
W00010042,414,368,46
W00010046,371,310,61
W00010048,168,128,40
W00010049,1472,1155,317
W00010051,120,80,40
W00010052,361,315,46
W00010054,297,131,166
W00010057,242,199,43
W00010058,254,223,31
W00010060,281,187,94
W00010061,110,75,35
W00010063,129,84,45
W00010064,140,106,34
W00010066,319,204,115
W00010067,272,214,58
W00010069,234,177,57
W00010070,251,237,14
W00010072,135,123,12
W00010073,1111,972,139
W00010075,313,302,11
W00010076,218,199,19
W00010078,379,327,52
W00010079,280,225,55
W00010081,293,217,76
W00010082,174,149,25
W00010084,343,299,44
W00010085,203,152,51
W00010087,237,219,18
W00010090,263,254,9
W00010091,142,132,10
W00010093,208,194,14
W00010094,178,159,19
W00010096,132,114,18
W00010097,219,205,14
W00010099,321,259,62
W00010100,218,181,37
W00010102,373,291,82
W00010103,320,227,93
W00010105,337,267,70
W00010106,331,271,60
W00010108,268,208,60
W00010109,391,354,37
W00010110,282,252,30
W00010111,355,327,28
W00010112,344,299,45
W00010113,228,201,27
W00010114,259,220,39
W00010115,896,776,120
W00010116,214,207,7
W00010118,335,314,21
W00010119,660,604,56
W00010120,285,265,20
W00010121,180,166,14
W00010122,236,224,12
W00010123,360,325,35
W00010124,269,256,13
W00010125,388,347,41
W00010127,250,212,38
W00010128,671,626,45
W00010129,167,139,28
W00010130,436,405,31
W00010131,347,339,8
W00010132,207,193,14
W00010133,309,278,31
W00010134,270,245,25
W00010135,369,332,37
W00010136,275,243,32
W00010137,328,309,19
W00010138,349,321,28
W00010139,296,266,30
W00010140,450,354,96
W00010141,172,153,19
W00010142,313,272,41
W00010143,273,251,22
W00010146,313,289,24
W00010147,231,210,21
W00010148,160,145,15
W00010149,335,307,28
W00010151,326,292,34
W00010152,392,334,58
W00010153,233,214,19
W00010154,279,254,25
W00010155,229,204,25
W00010156,183,169,14
W00010157,311,266,45
W00010158,331,288,43
W00010159,474,423,51
W00010160,186,165,21
W00010161,288,263,25
W00010162,262,239,23
W00010163,357,301,56
W00010164,213,189,24
W00010165,365,343,22
W00010166,292,258,34
W00010167,182,168,14
W00010168,240,219,21
W00010169,435,395,40
W00010170,192,182,10
W00010171,281,260,21
W00010172,339,299,40
W00010173,251,225,26
W00010174,248,220,28
W00010175,196,174,22
W00010176,356,321,35
W00010179,428,394,34
W00010180,345,298,47
W00010181,224,206,18
W00010182,331,279,52
W00010183,365,316,49
W00010184,278,246,32
W00010185,287,257,30
W00010186,181,163,18
W00010187,391,332,59
W00010188,140,120,20
W00010189,258,230,28
W00010190,293,267,26
W00010191,185,171,14
W00010192,484,413,71
W00010193,311,287,24
W00010194,363,328,35
W00010195,154,129,25
W00010196,169,160,9
W00010197,189,176,13
W00010198,265,251,14
W00010199,254,229,25
W00010200,247,233,14
W00010201,233,216,17
W00010202,212,195,17
W00010203,183,171,12
W00010204,224,202,22
W00010205,681,637,44
W00010206,240,227,13
W00010207,407,384,23
W00010208,192,180,12
W00010210,134,119,15
W00010211,149,141,8
W00010212,110,107,3
W00010213,133,124,9
W00010214,269,238,31
W00010215,219,197,22
W00010216,225,210,15
W00010217,248,222,26
W00010218,212,181,31
W00010219,321,282,39
W00010221,284,242,42
W00010222,319,260,59
W00010223,913,848,65
W00010224,202,184,18
W00010225,246,217,29
W00010227,267,219,48
W00010228,345,277,68
W00010229,189,164,25
W00010230,136,124,12
W00010231,258,193,65
W00010232,98,72,26
W00010233,291,256,35
W00010234,264,237,27
W00010235,315,268,47
W00010236,232,213,19
W00010237,347,307,40
W00010238,326,291,35
W00010239,118,108,10
W00010240,198,185,13
W00010242,284,269,15
W00010243,262,224,38
W00010244,272,253,19
W00010245,279,261,18
W00010246,188,166,22
W00010247,387,330,57
W00010248,443,370,73
W00010249,420,354,66
W00010250,390,330,60
W00010251,273,245,28
W00010252,210,188,22
W00010253,156,143,13
W00010254,134,117,17
W00010255,115,108,7
W00010256,333,308,25
W00010257,270,205,65
W00010259,330,272,58
W00010260,380,294,86
W00010261,321,276,45
W00010262,210,196,14
W00010263,276,251,25
W00010264,275,226,49
W00010265,147,140,7
W00010266,570,460,110
W00010267,346,297,49
W00010268,452,411,41
W00010269,532,474,58
W00010270,137,128,9
W00010271,142,134,8
W00010272,181,163,18
W00010273,250,218,32
W00010274,184,172,12
W00010275,246,200,46
W00010276,450,405,45
W00010277,167,154,13
W00010278,307,250,57
W00010279,155,147,8
W00010280,494,419,75
W00010281,102,95,7
W00010282,234,213,21
W00010283,281,253,28
W00010284,366,294,72
W00010285,307,264,43
W00010286,431,360,71
W00010287,361,327,34
W00010288,379,320,59
W00010289,525,441,84
W00010290,493,455,38
W00010291,347,305,42
W00010292,148,134,14
W00010293,273,254,19
W00010294,149,143,6
W00010295,155,137,18
W00010296,418,343,75
W00010297,489,401,88
W00010298,165,153,12
W00010299,194,175,19
W00010300,192,186,6
W00010301,379,334,45
W00010302,208,181,27
W00010303,227,201,26
W00010304,295,260,35
W00010305,520,463,57
W00010306,491,417,74
W00010307,559,429,130
W00010308,213,180,33
W00010309,118,103,15
W00010310,362,337,25
W00010311,302,276,26
W00010312,370,290,80
W00010313,99,89,10
W00010314,530,434,96
W00010315,215,183,32
W00010316,390,364,26
W00010317,278,255,23
W00010318,265,238,27
W00010319,308,282,26
W00010320,291,272,19
W00010321,300,259,41
W00010322,99,87,12
W00010323,199,180,19
W00010324,558,485,73
W00010325,253,225,28
W00010326,245,217,28
W00010327,113,110,3
W00010328,260,241,19
W00010329,184,172,12
W00010330,546,503,43
W00010331,130,121,9
W00010332,448,406,42
W00010333,204,195,9
W00010334,182,172,10
W00010335,189,177,12
W00010336,193,190,3
W00010337,152,139,13
W00010338,213,179,34
W00010339,531,495,36
W00010340,461,412,49
W00010341,441,396,45
W00010342,138,124,14
W00010343,552,514,38
W00010344,206,198,8
W00010345,167,158,9
W00010346,135,118,17
W00010347,341,322,19
W00010348,382,363,19
W00010349,313,280,33
W00010350,351,320,31
W00010351,439,402,37
W00010352,243,220,23
W00010353,304,264,40
W00010354,330,289,41
W00010355,390,360,30
W00010356,351,287,64
W00010357,266,181,85
W00010358,245,151,94
W00010359,198,185,13
W00010360,337,311,26
W00010361,298,194,104
W00010362,244,187,57
W00010363,170,147,23
W00010364,318,305,13
W00010365,454,431,23
W00010366,333,301,32
W00010367,323,286,37
W00010368,322,277,45
W00010369,258,230,28
W00010370,297,245,52
W00010371,204,183,21
W00010372,234,224,10
W00010373,184,169,15
W00010374,371,321,50
W00010375,329,271,58
W00010376,893,814,79
W00010377,188,170,18
W00010378,257,234,23
W00010379,253,244,9
W00010380,192,179,13
W00010381,335,304,31
W00010382,2148,2010,138
W00010383,372,287,85
W00010384,249,235,14
W00010385,1814,1730,84
W00010386,323,264,59
W00010387,284,269,15
W00010388,234,223,11
W00010389,274,239,35
W00010390,224,201,23
W00010391,362,336,26
W00010392,319,271,48
W00010393,253,220,33
W00010394,307,275,32
W00010395,309,283,26
W00010396,263,241,22
W00010397,198,176,22
W00010398,328,297,31
W00010399,289,272,17
W00010400,469,433,36
W00010401,308,269,39
W00010402,253,218,35
W00010403,111,94,17
W00010404,265,237,28
W00010405,138,117,21
W00010406,273,225,48
W00010407,204,182,22
W00010408,115,108,7
W00010409,304,269,35
W00010410,305,284,21
W00010411,276,255,21
W00010412,101,87,14
W00010413,188,175,13
W00010414,99,91,8
W00010415,309,279,30
W00010416,389,290,99
W00010417,268,243,25
W00010418,254,209,45
W00010419,372,345,27
W00010420,314,286,28
W00010421,220,189,31
W00010422,249,219,30
W00010423,379,334,45
W00010424,258,248,10
W00010425,292,269,23
W00010426,262,239,23
W00010427,317,279,38
W00010428,243,213,30
W00010429,303,284,19
W00010430,283,254,29
W00010431,247,235,12
W00010432,281,265,16
W00010433,197,178,19
W00010434,148,134,14
W00010435,278,238,40
W00010436,587,522,65
W00010437,335,311,24
W00010438,338,294,44
W00010439,328,288,40
W00010440,171,147,24
W00010441,254,226,28
W00010442,211,197,14
W00010443,257,222,35
W00010444,291,257,34
W00010445,295,249,46
W00010446,225,211,14
W00010447,190,180,10
W00010448,206,188,18
W00010449,252,228,24
W00010450,99,88,11
W00010451,234,215,19
W00010453,327,265,62
W00010454,338,306,32
W00010455,321,309,12
W00010456,409,365,44
W00010457,453,386,67
W00010458,310,209,101
W00010459,282,243,39
W00010460,162,122,40
W00010461,325,250,75
W00010462,177,151,26
W00010463,139,133,6
W00010464,142,126,16
W00010465,141,134,7
W00010466,453,430,23
W00010467,576,511,65
W00010468,1666,1581,85
W00010469,332,322,10
W00010470,245,236,9
W00010471,447,419,28
W00010472,461,350,111
W00010473,206,190,16
W00010474,468,430,38
W00010475,200,189,11
W00010476,330,295,35
W00010477,396,346,50
W00010478,254,223,31
W00010479,257,238,19
W00010480,103,92,11
W00010481,277,217,60
W00010482,368,337,31
W00010483,479,457,22
W00010484,240,207,33
W00010485,570,508,62
W00010486,214,209,5
W00010487,208,186,22
W00010488,304,269,35
W00010489,562,422,140
W00010490,97,93,4
W00010491,314,297,17
W00010492,128,121,7
W00010493,329,224,105
W00010494,142,129,13
W00010495,746,702,44
W00010496,349,312,37
W00010497,1713,1572,141
W00010498,1485,1351,134
W00010499,288,261,27
W00010500,248,223,25
W00010501,252,222,30
W00010502,223,200,23
W00010503,299,271,28
W00010504,277,247,30
W00010505,233,213,20
W00010506,256,244,12
W00010507,296,272,24
W00010508,352,299,53
W00010509,216,205,11
W00010510,118,102,16
W00010511,309,279,30
W00010512,298,275,23
W00010513,236,219,17
W00010514,261,246,15
W00010515,466,441,25
W00010516,123,111,12
W00010517,276,259,17
W00010518,246,226,20
W00010519,613,562,51
W00010520,284,263,21
W00010521,282,267,15
W00010522,314,273,41
W00010523,179,177,2
W00010524,238,230,8
W00010525,248,225,23
W00010526,263,243,20
W00010527,260,243,17
W00010528,378,341,37
W00010529,138,125,13
W00010530,292,251,41
W00010531,312,281,31
W00010532,317,289,28
W00010533,268,252,16
W00010534,325,310,15
W00010535,345,305,40
W00010536,354,322,32
W00010537,216,207,9
W00010538,315,271,44
W00010539,273,230,43
W00010540,251,242,9
W00010541,793,751,42
W00010542,174,170,4
W00010543,266,243,23
W00010544,334,306,28
W00010545,275,246,29
W00010546,205,179,26
W00010547,244,237,7
W00010548,286,264,22
W00010549,266,245,21
W00010550,294,252,42
W00010551,364,341,23
W00010552,248,222,26
W00010553,510,471,39
W00010554,199,185,14
W00010555,272,258,14
W00010556,204,155,49
W00010557,345,300,45
W00010558,289,262,27
W00010559,511,486,25
W00010560,273,251,22
W00010561,343,317,26
W00010562,333,284,49
W00010563,292,282,10
W00010564,318,288,30
W00010565,327,315,12
W00010566,367,324,43
W00010567,351,342,9
W00010568,398,361,37
W00010569,504,454,50
W00010570,224,206,18
W00010571,278,242,36
W00010572,136,107,29
W00010573,367,348,19
W00010574,238,215,23
W00010575,327,290,37
W00010576,242,217,25
W00010577,494,444,50
W00010578,266,243,23
W00010579,252,221,31
W00010580,615,541,74
W00010581,160,150,10
W00010582,270,239,31
W00010583,258,243,15
W00010584,331,310,21
W00010585,264,220,44
W00010586,258,238,20
W00010587,451,363,88
W00010588,334,302,32
W00010589,101,101,0
W00010590,199,181,18
W00010591,520,437,83
W00010592,384,343,41
W00010593,221,208,13
W00010594,295,272,23
W00010595,288,260,28
W00010596,283,242,41
W00010597,215,206,9
W00010598,320,296,24
W00010599,271,257,14
W00010600,270,213,57
W00010601,146,136,10
W00010602,282,242,40
W00010603,619,521,98
W00010604,130,119,11
W00010605,237,221,16
W00010606,271,255,16
W00010607,278,264,14
W00010608,230,223,7
W00010609,307,292,15
W00010610,252,221,31
W00010611,358,317,41
W00010612,216,165,51
W00010613,305,272,33
W00010614,328,285,43
W00010615,284,253,31
W00010616,328,294,34
W00010617,307,266,41
W00010618,160,139,21
W00010619,284,266,18
W00010620,311,297,14
W00010621,299,269,30
W00010622,244,207,37
W00010623,275,261,14
W00010624,269,248,21
W00010625,400,394,6
W00010626,286,268,18
W00010627,192,165,27
W00010628,335,310,25
W00010629,256,228,28
W00010630,514,469,45
W00010631,268,233,35
W00010632,470,468,2
W00010633,480,459,21
W00010634,435,383,52
W00010635,192,179,13
W00010636,256,197,59
W00010637,203,197,6
W00010638,198,173,25
W00010639,337,317,20
W00010640,355,326,29
W00010641,545,454,91
W00010642,290,255,35
W00010643,322,297,25
W00010644,277,242,35
W00010645,282,264,18
W00010646,357,311,46
W00010647,290,247,43
W00010648,359,323,36
W00010649,117,107,10
W00010650,268,253,15
W00010651,234,210,24
W00010652,287,158,129
W00010653,440,125,315
W00010654,199,185,14
W00010655,367,231,136
W00010656,312,281,31
W00010657,342,252,90
W00010658,331,308,23
W00010659,149,90,59
W00010660,95,53,42
W00010661,362,221,141
W00010662,302,275,27
W00010663,235,202,33
W00010664,268,199,69
W00010665,316,207,109
W00010666,307,254,53
W00010667,330,304,26
W00010668,282,205,77
W00010669,301,130,171
W00010670,309,219,90
W00010671,302,235,67
W00010672,281,251,30
W00010673,247,186,61
W00010674,288,130,158
W00010675,280,130,150
W00010676,313,299,14
W00010677,193,181,12
W00010678,287,106,181
W00010679,317,269,48
W00010680,293,249,44
W00010681,1804,1615,189
W00010682,308,239,69
W00010683,295,278,17
W00010684,284,276,8
W00010685,262,236,26
W00010686,350,313,37
W00010687,350,322,28
W00010688,331,212,119
W00010689,326,298,28
W00010690,208,190,18
W00010691,324,210,114
W00010692,268,249,19
W00010693,739,660,79
W00010694,388,273,115
W00010695,188,101,87
W00010696,205,159,46
W00010697,248,192,56
