OA,ts0360001,ts0360002,ts0360003
W00000001,353,118,235
W00000002,236,80,156
W00000003,357,130,227
W00000004,336,144,192
W00000005,460,126,334
W00000006,302,100,202
W00000008,244,98,146
W00000009,415,113,302
W00000010,286,176,110
W00000011,257,122,135
W00000012,288,122,166
W00000013,400,117,283
W00000014,252,93,159
W00000015,228,143,85
W00000016,199,106,93
W00000017,183,82,101
W00000018,211,91,120
W00000019,149,95,54
W00000020,193,73,120
W00000021,174,89,85
W00000022,297,79,218
W00000023,287,77,210
W00000024,371,110,261
W00000025,264,57,207
W00000026,275,71,204
W00000027,348,156,192
W00000028,287,117,170
W00000029,274,103,171
W00000030,377,93,284
W00000031,451,99,352
W00000032,200,41,159
W00000033,258,68,190
W00000034,264,69,195
W00000035,440,95,345
W00000036,256,66,190
W00000037,444,130,314
W00000038,429,135,294
W00000039,374,107,267
W00000040,283,113,170
W00000041,288,46,242
W00000042,187,98,89
W00000043,255,130,125
W00000044,494,192,302
W00000045,332,143,189
W00000046,280,128,152
W00000047,227,104,123
W00000048,258,132,126
W00000049,224,110,114
W00000050,201,90,111
W00000051,316,126,190
W00000052,269,62,207
W00000053,449,67,382
W00000054,262,65,197
W00000055,349,123,226
W00000056,325,86,239
W00000057,416,130,286
W00000058,261,120,141
W00000059,288,75,213
W00000060,246,105,141
W00000061,267,110,157
W00000062,379,119,260
W00000063,271,107,164
W00000064,239,43,196
W00000065,303,86,217
W00000066,283,59,224
W00000067,527,106,421
W00000068,410,87,323
W00000069,370,67,303
W00000070,409,99,310
W00000071,371,129,242
W00000072,250,47,203
W00000073,211,61,150
W00000074,188,59,129
W00000075,265,138,127
W00000076,251,113,138
W00000077,367,178,189
W00000078,270,114,156
W00000079,285,119,166
W00000080,356,137,219
W00000081,290,124,166
W00000082,387,144,243
W00000083,322,105,217
W00000084,127,64,63
W00000086,193,65,128
W00000087,173,88,85
W00000088,283,136,147
W00000090,150,55,95
W00000091,293,112,181
W00000092,173,112,61
W00000093,173,112,61
W00000094,266,146,120
W00000095,216,136,80
W00000096,203,105,98
W00000097,401,111,290
W00000098,315,90,225
W00000099,324,83,241
W00000100,253,121,132
W00000101,304,114,190
W00000102,301,159,142
W00000103,356,185,171
W00000104,278,83,195
W00000105,360,148,212
W00000106,300,98,202
W00000107,369,144,225
W00000108,475,196,279
W00000109,244,73,171
W00000110,319,118,201
W00000111,252,107,145
W00000112,285,79,206
W00000113,351,69,282
W00000114,360,110,250
W00000115,447,122,325
W00000116,395,159,236
W00000117,340,250,90
W00000118,294,128,166
W00000119,267,167,100
W00000120,367,143,224
W00000121,275,62,213
W00000122,315,64,251
W00000123,342,69,273
W00000124,428,117,311
W00000125,293,62,231
W00000126,446,123,323
W00000127,288,104,184
W00000128,276,101,175
W00000129,301,153,148
W00000130,166,91,75
W00000131,198,119,79
W00000132,305,129,176
W00000133,511,136,375
W00000134,325,110,215
W00000135,360,124,236
W00000136,312,72,240
W00000137,223,81,142
W00000138,304,82,222
W00000139,407,97,310
W00000140,407,110,297
W00000141,285,84,201
W00000142,296,133,163
W00000143,326,129,197
W00000144,267,98,169
W00000145,414,148,266
W00000146,270,101,169
W00000147,264,111,153
W00000148,164,75,89
W00000149,361,110,251
W00000150,328,133,195
W00000151,251,117,134
W00000152,283,118,165
W00000153,259,99,160
W00000154,272,141,131
W00000155,316,125,191
W00000156,246,96,150
W00000157,356,158,198
W00000158,317,154,163
W00000159,322,111,211
W00000160,271,93,178
W00000161,154,89,65
W00000162,263,88,175
W00000163,306,151,155
W00000164,172,98,74
W00000165,375,157,218
W00000166,246,120,126
W00000167,262,116,146
W00000168,262,108,154
W00000169,359,152,207
W00000170,234,68,166
W00000171,380,127,253
W00000172,521,165,356
W00000173,263,99,164
W00000174,250,100,150
W00000175,380,175,205
W00000176,296,107,189
W00000177,218,80,138
W00000178,338,139,199
W00000179,265,94,171
W00000180,260,112,148
W00000181,267,111,156
W00000182,254,121,133
W00000183,298,112,186
W00000184,271,107,164
W00000185,288,112,176
W00000186,262,125,137
W00000187,295,119,176
W00000188,178,105,73
W00000189,240,103,137
W00000190,186,106,80
W00000191,158,103,55
W00000192,353,121,232
W00000193,243,68,175
W00000194,338,151,187
W00000195,343,105,238
W00000196,305,118,187
W00000197,269,75,194
W00000198,325,122,203
W00000199,169,85,84
W00000200,308,115,193
W00000201,121,55,66
W00000202,305,163,142
W00000203,295,148,147
W00000204,184,109,75
W00000205,137,82,55
W00000206,255,145,110
W00000207,221,120,101
W00000208,408,88,320
W00000209,242,68,174
W00000210,513,91,422
W00000211,116,24,92
W00000212,252,52,200
W00000213,315,113,202
W00000214,340,112,228
W00000215,250,92,158
W00000216,277,80,197
W00000217,292,78,214
W00000218,244,76,168
W00000219,263,53,210
W00000220,377,90,287
W00000221,265,84,181
W00000222,253,101,152
W00000223,288,128,160
W00000224,254,111,143
W00000225,285,133,152
W00000226,315,117,198
W00000227,243,103,140
W00000228,247,48,199
W00000229,344,86,258
W00000230,283,85,198
W00000231,194,143,51
W00000232,222,122,100
W00000233,141,64,77
W00000234,116,74,42
W00000235,327,150,177
W00000236,273,70,203
W00000237,269,69,200
W00000238,262,47,215
W00000239,256,65,191
W00000240,169,40,129
W00000241,232,108,124
W00000242,220,110,110
W00000243,228,118,110
W00000244,246,133,113
W00000245,177,107,70
W00000246,277,153,124
W00000247,306,100,206
W00000248,158,90,68
W00000249,258,102,156
W00000250,133,71,62
W00000251,137,54,83
W00000252,163,58,105
W00000253,165,87,78
W00000254,184,76,108
W00000255,316,158,158
W00000256,244,63,181
W00000257,169,47,122
W00000258,483,176,307
W00000259,284,47,237
W00000260,277,99,178
W00000261,265,129,136
W00000262,328,55,273
W00000263,276,57,219
W00000264,255,64,191
W00000265,259,69,190
W00000266,270,29,241
W00000267,268,61,207
W00000268,232,35,197
W00000269,222,65,157
W00000270,291,62,229
W00000271,294,52,242
W00000272,218,40,178
W00000273,297,50,247
W00000274,180,40,140
W00000275,313,96,217
W00000276,334,55,279
W00000277,314,71,243
W00000278,256,81,175
W00000279,349,88,261
W00000280,310,63,247
W00000281,291,49,242
W00000282,235,49,186
W00000283,278,75,203
W00000284,207,78,129
W00000285,236,92,144
W00000286,290,84,206
W00000287,161,62,99
W00000288,155,63,92
W00000289,310,105,205
W00000290,283,122,161
W00000291,312,152,160
W00000292,284,136,148
W00000293,274,64,210
W00000294,256,33,223
W00000295,207,52,155
W00000296,247,40,207
W00000297,268,34,234
W00000298,334,51,283
W00000299,208,40,168
W00000300,234,61,173
W00000301,294,79,215
W00000302,373,125,248
W00000303,263,61,202
W00000304,337,177,160
W00000305,254,116,138
W00000306,288,131,157
W00000307,348,139,209
W00000308,229,97,132
W00000309,267,107,160
W00000310,301,87,214
W00000311,233,109,124
W00000312,418,112,306
W00000313,247,99,148
W00000314,317,82,235
W00000315,316,76,240
W00000316,289,86,203
W00000317,275,177,98
W00000318,367,236,131
W00000319,257,188,69
W00000322,354,70,284
W00000323,367,59,308
W00000324,325,92,233
W00000325,271,104,167
W00000326,298,78,220
W00000327,236,84,152
W00000328,326,126,200
W00000329,293,138,155
W00000330,584,149,435
W00000331,460,178,282
W00000332,281,89,192
W00000333,236,80,156
W00000334,275,48,227
W00000335,246,91,155
W00000336,238,59,179
W00000337,300,91,209
W00000338,275,93,182
W00000339,297,68,229
W00000340,270,124,146
W00000341,250,102,148
W00000342,250,60,190
W00000343,260,93,167
W00000344,235,73,162
W00000345,170,74,96
W00000346,320,82,238
W00000347,196,86,110
W00000348,372,146,226
W00000349,308,90,218
W00000350,178,73,105
W00000351,230,120,110
W00000352,221,101,120
W00000353,223,146,77
W00000354,285,96,189
W00000355,256,124,132
W00000356,227,107,120
W00000357,464,138,326
W00000358,278,70,208
W00000359,252,65,187
W00000360,269,63,206
W00000362,360,181,179
W00000363,288,80,208
W00000364,276,91,185
W00000365,306,51,255
W00000366,364,79,285
W00000367,338,86,252
W00000368,312,77,235
W00000369,291,67,224
W00000370,255,75,180
W00000371,280,97,183
W00000372,291,108,183
W00000373,260,125,135
W00000374,267,97,170
W00000375,276,101,175
W00000376,237,49,188
W00000377,252,74,178
W00000378,292,51,241
W00000379,320,50,270
W00000380,277,69,208
W00000381,241,48,193
W00000382,200,125,75
W00000383,306,147,159
W00000384,275,93,182
W00000385,173,67,106
W00000386,284,98,186
W00000387,258,116,142
W00000388,269,95,174
W00000389,239,110,129
W00000390,327,132,195
W00000391,208,98,110
W00000392,276,125,151
W00000393,317,211,106
W00000394,335,190,145
W00000395,373,182,191
W00000396,340,184,156
W00000397,266,157,109
W00000398,204,95,109
W00000399,294,92,202
W00000400,208,47,161
W00000401,232,71,161
W00000402,295,91,204
W00000403,127,33,94
W00000404,361,118,243
W00000406,329,145,184
W00000408,279,132,147
W00000409,343,190,153
W00000410,255,62,193
W00000411,226,80,146
W00000412,338,69,269
W00000413,169,53,116
W00000414,286,60,226
W00000415,289,76,213
W00000416,275,90,185
W00000417,237,89,148
W00000418,363,106,257
W00000419,382,119,263
W00000420,351,89,262
W00000421,334,151,183
W00000422,432,109,323
W00000423,263,88,175
W00000424,277,104,173
W00000425,292,75,217
W00000426,217,94,123
W00000427,219,162,57
W00000428,230,147,83
W00000429,222,154,68
W00000430,288,142,146
W00000431,299,126,173
W00000432,258,127,131
W00000433,247,144,103
W00000434,122,45,77
W00000435,335,68,267
W00000436,345,117,228
W00000437,305,80,225
W00000438,200,62,138
W00000439,274,62,212
W00000440,277,42,235
W00000441,296,53,243
W00000442,286,39,247
W00000443,316,50,266
W00000444,330,60,270
W00000445,284,83,201
W00000446,274,32,242
W00000447,327,77,250
W00000448,318,89,229
W00000449,339,54,285
W00000450,359,70,289
W00000451,295,44,251
W00000452,318,69,249
W00000453,380,61,319
W00000454,329,66,263
W00000455,324,75,249
W00000456,301,81,220
W00000457,296,62,234
W00000458,293,82,211
W00000459,326,63,263
W00000460,299,125,174
W00000461,179,58,121
W00000462,342,88,254
W00000463,277,100,177
W00000464,331,93,238
W00000465,293,88,205
W00000466,326,107,219
W00000467,316,88,228
W00000468,471,389,82
W00000469,367,256,111
W00000470,302,205,97
W00000472,303,234,69
W00000473,252,85,167
W00000474,283,56,227
W00000475,336,47,289
W00000476,354,86,268
W00000477,268,48,220
W00000478,219,38,181
W00000479,193,44,149
W00000480,280,36,244
W00000481,393,77,316
W00000482,376,91,285
W00000483,213,70,143
W00000484,206,67,139
W00000485,264,48,216
W00000486,233,53,180
W00000487,208,55,153
W00000488,281,77,204
W00000489,275,83,192
W00000490,317,60,257
W00000491,266,101,165
W00000492,311,55,256
W00000493,210,73,137
W00000494,298,75,223
W00000495,250,43,207
W00000496,343,57,286
W00000497,329,56,273
W00000498,300,65,235
W00000499,352,60,292
W00000500,296,53,243
W00000501,345,76,269
W00000502,543,86,457
W00000503,290,53,237
W00000504,297,56,241
W00000505,297,92,205
W00000506,304,88,216
W00000507,227,47,180
W00000508,420,103,317
W00000509,369,122,247
W00000510,148,55,93
W00000511,276,77,199
W00000512,290,77,213
W00000513,331,73,258
W00000514,244,81,163
W00000515,285,60,225
W00000516,290,76,214
W00000517,222,66,156
W00000518,276,92,184
W00000519,533,181,352
W00000520,358,113,245
W00000521,245,93,152
W00000522,282,98,184
W00000523,256,82,174
W00000524,430,156,274
W00000526,329,56,273
W00000527,242,48,194
W00000528,310,49,261
W00000529,270,57,213
W00000530,309,64,245
W00000531,285,63,222
W00000532,253,50,203
W00000533,271,76,195
W00000534,236,59,177
W00000535,295,48,247
W00000536,253,81,172
W00000537,382,64,318
W00000538,144,65,79
W00000539,276,144,132
W00000540,122,59,63
W00000541,259,114,145
W00000542,180,78,102
W00000543,194,99,95
W00000544,300,72,228
W00000545,238,99,139
W00000546,214,84,130
W00000549,276,71,205
W00000550,237,66,171
W00000551,317,65,252
W00000552,359,124,235
W00000553,241,51,190
W00000554,320,61,259
W00000555,231,74,157
W00000556,324,45,279
W00000557,302,52,250
W00000558,156,66,90
W00000559,228,46,182
W00000560,305,60,245
W00000561,279,89,190
W00000562,252,47,205
W00000563,295,66,229
W00000564,205,70,135
W00000565,161,57,104
W00000566,269,49,220
W00000567,180,46,134
W00000568,238,36,202
W00000569,383,47,336
W00000570,244,31,213
W00000571,281,41,240
W00000572,288,44,244
W00000573,323,43,280
W00000574,267,50,217
W00000575,236,59,177
W00000576,253,101,152
W00000577,271,84,187
W00000578,316,56,260
W00000579,372,95,277
W00000580,324,103,221
W00000581,341,88,253
W00000582,288,84,204
W00000583,299,86,213
W00000584,265,63,202
W00000585,347,67,280
W00000586,310,82,228
W00000587,283,74,209
W00000588,310,115,195
W00000589,218,66,152
W00000590,305,49,256
W00000591,290,65,225
W00000592,255,61,194
W00000593,275,61,214
W00000594,278,55,223
W00000595,340,95,245
W00000596,321,81,240
W00000597,251,81,170
W00000598,298,107,191
W00000599,304,86,218
W00000600,293,45,248
W00000601,287,78,209
W00000602,277,72,205
W00000603,256,143,113
W00000604,152,73,79
W00000605,223,96,127
W00000606,243,146,97
W00000607,232,143,89
W00000608,275,118,157
W00000609,202,142,60
W00000610,264,166,98
W00000611,275,114,161
W00000612,189,118,71
W00000613,307,157,150
W00000614,209,142,67
W00000615,263,118,145
W00000616,240,104,136
W00000617,242,45,197
W00000618,318,60,258
W00000619,269,88,181
W00000620,279,80,199
W00000621,303,70,233
W00000622,446,70,376
W00000623,247,63,184
W00000624,265,64,201
W00000625,332,66,266
W00000626,326,71,255
W00000627,341,166,175
W00000628,302,122,180
W00000629,221,203,18
W00000630,239,207,32
W00000631,213,179,34
W00000632,421,346,75
W00000633,387,308,79
W00000634,179,143,36
W00000635,263,216,47
W00000636,183,156,27
W00000637,267,226,41
W00000638,259,94,165
W00000639,213,132,81
W00000640,210,100,110
W00000641,247,110,137
W00000642,195,94,101
W00000643,302,145,157
W00000644,373,195,178
W00000645,295,154,141
W00000646,357,208,149
W00000647,309,140,169
W00000648,279,147,132
W00000649,379,163,216
W00000650,242,93,149
W00000651,249,126,123
W00000653,278,151,127
W00000655,235,94,141
W00000656,303,157,146
W00000657,340,139,201
W00000658,289,177,112
W00000659,310,166,144
W00000660,333,183,150
W00000661,332,196,136
W00000662,243,147,96
W00000663,262,123,139
W00000664,250,141,109
W00000665,132,92,40
W00000666,285,150,135
W00000667,322,184,138
W00000668,478,281,197
W00000669,299,216,83
W00000670,274,195,79
W00000671,277,221,56
W00000672,329,273,56
W00000673,399,320,79
W00000674,328,248,80
W00000675,295,198,97
W00000676,324,205,119
W00000677,322,221,101
W00000678,272,204,68
W00000679,260,178,82
W00000680,305,244,61
W00000681,263,185,78
W00000682,193,144,49
W00000683,262,138,124
W00000684,330,171,159
W00000685,370,237,133
W00000686,258,152,106
W00000687,227,148,79
W00000688,288,169,119
W00000689,196,131,65
W00000690,361,205,156
W00000691,215,140,75
W00000692,232,150,82
W00000693,376,194,182
W00000694,291,174,117
W00000695,335,173,162
W00000696,228,161,67
W00000697,242,187,55
W00000698,291,208,83
W00000699,308,211,97
W00000700,331,215,116
W00000701,246,185,61
W00000702,284,212,72
W00000703,214,172,42
W00000704,168,135,33
W00000705,258,190,68
W00000706,197,144,53
W00000707,233,182,51
W00000708,261,186,75
W00000709,221,161,60
W00000710,311,97,214
W00000711,248,93,155
W00000712,314,91,223
W00000713,196,73,123
W00000714,290,114,176
W00000715,357,108,249
W00000716,275,92,183
W00000717,326,234,92
W00000718,212,138,74
W00000719,245,166,79
W00000720,307,222,85
W00000721,204,155,49
W00000722,247,182,65
W00000723,229,166,63
W00000724,193,151,42
W00000725,240,177,63
W00000726,298,180,118
W00000727,254,192,62
W00000728,269,182,87
W00000729,385,251,134
W00000730,276,149,127
W00000731,372,156,216
W00000732,265,101,164
W00000733,273,151,122
W00000734,301,127,174
W00000735,298,78,220
W00000736,268,199,69
W00000737,237,160,77
W00000738,293,177,116
W00000739,215,147,68
W00000740,258,188,70
W00000741,347,217,130
W00000742,205,145,60
W00000743,340,227,113
W00000744,228,179,49
W00000745,293,175,118
W00000746,446,264,182
W00000747,338,211,127
W00000748,456,316,140
W00000749,390,290,100
W00000750,221,156,65
W00000752,229,182,47
W00000754,199,154,45
W00000756,190,135,55
W00000757,285,207,78
W00000758,470,287,183
W00000759,280,221,59
W00000760,206,141,65
W00000761,314,236,78
W00000762,215,165,50
W00000765,294,227,67
W00000766,338,256,82
W00000767,293,193,100
W00000768,291,202,89
W00000769,365,275,90
W00000770,333,247,86
W00000771,446,294,152
W00000772,269,191,78
W00000773,283,194,89
W00000774,228,178,50
W00000775,303,202,101
W00000776,405,331,74
W00000777,227,170,57
W00000778,305,237,68
W00000779,250,182,68
W00000780,269,197,72
W00000781,208,156,52
W00000782,343,282,61
W00000783,237,191,46
W00000784,169,130,39
W00000785,232,165,67
W00000786,267,228,39
W00000787,245,188,57
W00000788,240,184,56
W00000789,319,257,62
W00000790,243,191,52
W00000791,236,168,68
W00000792,212,171,41
W00000793,278,83,195
W00000794,286,82,204
W00000795,226,77,149
W00000796,258,83,175
W00000797,322,264,58
W00000798,341,289,52
W00000799,286,232,54
W00000800,558,452,106
W00000801,256,213,43
W00000802,334,284,50
W00000803,280,230,50
W00000804,377,303,74
W00000805,263,216,47
W00000806,264,237,27
W00000807,242,200,42
W00000808,256,233,23
W00000809,298,266,32
W00000810,250,207,43
W00000811,256,226,30
W00000812,243,213,30
W00000813,275,239,36
W00000814,403,341,62
W00000815,261,223,38
W00000816,277,203,74
W00000817,313,225,88
W00000818,231,171,60
W00000819,257,188,69
W00000820,235,140,95
W00000821,258,178,80
W00000822,230,175,55
W00000823,241,199,42
W00000824,225,182,43
W00000825,421,305,116
W00000826,243,189,54
W00000827,260,178,82
W00000828,226,178,48
W00000829,285,200,85
W00000830,244,193,51
W00000831,210,164,46
W00000832,228,151,77
W00000833,267,201,66
W00000834,296,195,101
W00000835,219,176,43
W00000836,221,180,41
W00000837,243,177,66
W00000838,265,182,83
W00000839,247,169,78
W00000840,282,213,69
W00000841,317,253,64
W00000842,311,224,87
W00000843,262,189,73
W00000844,266,188,78
W00000845,235,183,52
W00000846,354,268,86
W00000847,273,183,90
W00000848,262,210,52
W00000849,333,126,207
W00000850,347,150,197
W00000851,381,117,264
W00000852,327,88,239
W00000853,195,132,63
W00000854,459,249,210
W00000855,245,144,101
W00000856,237,146,91
W00000857,235,135,100
W00000858,210,119,91
W00000859,208,78,130
W00000860,274,160,114
W00000861,275,110,165
W00000862,260,105,155
W00000863,337,141,196
W00000864,302,88,214
W00000865,310,152,158
W00000866,288,116,172
W00000867,391,275,116
W00000868,268,154,114
W00000869,316,229,87
W00000870,321,199,122
W00000871,303,206,97
W00000872,409,323,86
W00000873,345,284,61
W00000874,287,197,90
W00000875,376,220,156
W00000876,507,325,182
W00000877,278,162,116
W00000878,292,187,105
W00000880,315,165,150
W00000881,302,176,126
W00000882,211,133,78
W00000883,325,201,124
W00000884,250,163,87
W00000885,253,149,104
W00000886,266,169,97
W00000887,279,170,109
W00000888,335,226,109
W00000889,298,220,78
W00000890,406,286,120
W00000891,285,180,105
W00000892,265,186,79
W00000893,347,248,99
W00000894,283,216,67
W00000895,231,182,49
W00000896,299,228,71
W00000897,224,162,62
W00000898,297,221,76
W00000899,228,180,48
W00000900,175,134,41
W00000901,234,155,79
W00000902,287,174,113
W00000903,349,263,86
W00000904,324,220,104
W00000905,309,211,98
W00000906,278,206,72
W00000907,351,131,220
W00000908,270,111,159
W00000909,279,119,160
W00000910,315,145,170
W00000911,271,133,138
W00000912,267,123,144
W00000913,344,186,158
W00000914,313,160,153
W00000915,276,161,115
W00000916,344,212,132
W00000917,328,156,172
W00000918,463,259,204
W00000919,304,162,142
W00000920,301,180,121
W00000921,293,202,91
W00000922,291,197,94
W00000923,204,139,65
W00000924,226,172,54
W00000925,238,173,65
W00000926,271,179,92
W00000927,315,201,114
W00000928,261,150,111
W00000929,248,159,89
W00000930,220,159,61
W00000931,264,176,88
W00000932,379,248,131
W00000933,270,187,83
W00000934,284,181,103
W00000935,250,150,100
W00000936,225,178,47
W00000937,231,204,27
W00000938,278,157,121
W00000939,269,146,123
W00000940,335,181,154
W00000941,292,182,110
W00000942,311,187,124
W00000943,341,217,124
W00000944,297,191,106
W00000945,322,211,111
W00000946,504,302,202
W00000947,311,224,87
W00000948,425,288,137
W00000949,296,194,102
W00000950,229,178,51
W00000951,302,228,74
W00000953,417,338,79
W00000954,224,165,59
W00000955,297,211,86
W00000956,267,197,70
W00000957,280,208,72
W00000958,240,181,59
W00000959,304,213,91
W00000960,354,298,56
W00000961,476,363,113
W00000962,314,236,78
W00000963,388,299,89
W00000964,390,270,120
W00000965,475,379,96
W00000966,268,204,64
W00000967,266,190,76
W00000968,249,212,37
W00000969,314,230,84
W00000970,297,234,63
W00000971,445,324,121
W00000972,318,228,90
W00000973,298,198,100
W00000974,384,268,116
W00000975,273,191,82
W00000976,329,236,93
W00000977,235,149,86
W00000978,360,323,37
W00000979,308,247,61
W00000980,106,91,15
W00000981,420,332,88
W00000982,206,175,31
W00000983,249,215,34
W00000984,306,264,42
W00000985,270,222,48
W00000986,418,192,226
W00000987,161,95,66
W00000988,278,153,125
W00000989,345,146,199
W00000990,196,152,44
W00000991,292,211,81
W00000992,204,160,44
W00000993,252,173,79
W00000994,272,181,91
W00000995,288,198,90
W00000996,264,164,100
W00000997,230,169,61
W00000998,206,159,47
W00000999,285,204,81
W00001000,276,185,91
W00001001,406,305,101
W00001002,327,236,91
W00001003,246,162,84
W00001004,315,260,55
W00001005,231,167,64
W00001006,275,194,81
W00001007,312,116,196
W00001008,341,88,253
W00001009,237,101,136
W00001010,357,139,218
W00001011,185,54,131
W00001012,382,129,253
W00001013,313,100,213
W00001014,197,71,126
W00001015,255,76,179
W00001016,211,100,111
W00001017,204,147,57
W00001018,267,186,81
W00001019,186,117,69
W00001020,256,212,44
W00001021,221,181,40
W00001022,184,145,39
W00001023,117,83,34
W00001024,258,213,45
W00001025,334,268,66
W00001026,224,101,123
W00001027,271,156,115
W00001028,303,153,150
W00001029,205,106,99
W00001030,221,100,121
W00001031,295,119,176
W00001032,298,149,149
W00001033,377,220,157
W00001034,236,149,87
W00001035,253,138,115
W00001036,249,132,117
W00001037,208,121,87
W00001038,344,215,129
W00001039,331,214,117
W00001040,228,164,64
W00001041,296,151,145
W00001042,381,215,166
W00001043,287,147,140
W00001044,361,178,183
W00001045,276,158,118
W00001046,420,214,206
W00001047,315,135,180
W00001048,338,170,168
W00001049,293,161,132
W00001050,360,173,187
W00001051,335,129,206
W00001052,269,101,168
W00001053,251,115,136
W00001054,242,133,109
W00001055,271,177,94
W00001056,180,118,62
W00001057,352,208,144
W00001058,338,232,106
W00001059,280,198,82
W00001060,211,113,98
W00001061,290,205,85
W00001062,231,146,85
W00001063,234,116,118
W00001064,313,147,166
W00001065,285,156,129
W00001066,282,220,62
W00001067,283,217,66
W00001068,335,263,72
W00001069,254,200,54
W00001070,273,200,73
W00001071,346,244,102
W00001072,301,209,92
W00001074,324,145,179
W00001075,246,125,121
W00001076,452,208,244
W00001077,306,148,158
W00001078,267,147,120
W00001079,318,209,109
W00001080,354,250,104
W00001081,268,178,90
W00001082,117,72,45
W00001083,282,207,75
W00001084,316,213,103
W00001085,365,291,74
W00001086,368,268,100
W00001087,319,208,111
W00001088,255,155,100
W00001089,263,154,109
W00001090,281,167,114
W00001091,306,166,140
W00001092,294,91,203
W00001093,298,135,163
W00001094,284,109,175
W00001095,293,141,152
W00001096,292,184,108
W00001097,342,177,165
W00001098,413,276,137
W00001099,317,188,129
W00001100,403,172,231
W00001101,403,214,189
W00001102,329,182,147
W00001103,222,110,112
W00001104,261,116,145
W00001105,353,196,157
W00001106,371,199,172
W00001107,321,156,165
W00001108,383,151,232
W00001109,269,197,72
W00001110,207,142,65
W00001111,418,303,115
W00001112,270,177,93
W00001113,226,154,72
W00001114,233,193,40
W00001115,321,226,95
W00001116,185,138,47
W00001117,207,151,56
W00001118,289,187,102
W00001119,361,267,94
W00001120,284,226,58
W00001121,246,176,70
W00001122,414,306,108
W00001123,460,238,222
W00001124,300,110,190
W00001125,244,127,117
W00001126,245,131,114
W00001127,224,111,113
W00001128,288,147,141
W00001129,321,247,74
W00001130,316,243,73
W00001131,310,229,81
W00001132,270,201,69
W00001133,367,254,113
W00001134,255,201,54
W00001135,213,173,40
W00001136,284,214,70
W00001137,246,215,31
W00001138,280,217,63
W00001139,302,223,79
W00001140,246,199,47
W00001141,294,245,49
W00001142,244,189,55
W00001143,329,260,69
W00001144,255,200,55
W00001145,210,179,31
W00001146,297,250,47
W00001147,302,226,76
W00001148,283,212,71
W00001149,243,193,50
W00001150,291,211,80
W00001151,260,201,59
W00001152,305,256,49
W00001153,192,157,35
W00001154,313,242,71
W00001155,264,228,36
W00001156,299,243,56
W00001157,263,205,58
W00001158,261,195,66
W00001159,310,240,70
W00001160,270,209,61
W00001161,281,203,78
W00001162,225,199,26
W00001163,204,180,24
W00001164,222,182,40
W00001166,278,208,70
W00001167,247,214,33
W00001168,219,193,26
W00001169,262,209,53
W00001170,249,197,52
W00001171,223,196,27
W00001172,229,201,28
W00001173,525,432,93
W00001174,254,213,41
W00001175,241,203,38
W00001176,319,264,55
W00001177,294,243,51
W00001178,235,204,31
W00001179,206,170,36
W00001180,237,185,52
W00001181,269,212,57
W00001182,249,200,49
W00001183,235,201,34
W00001184,210,169,41
W00001185,335,253,82
W00001186,208,170,38
W00001187,247,196,51
W00001188,181,145,36
W00001189,171,141,30
W00001190,240,199,41
W00001191,284,240,44
W00001192,220,186,34
W00001193,207,170,37
W00001194,286,216,70
W00001195,309,214,95
W00001196,234,179,55
W00001197,215,170,45
W00001198,321,228,93
W00001199,227,158,69
W00001200,216,150,66
W00001201,217,162,55
W00001202,340,267,73
W00001203,488,379,109
W00001204,426,313,113
W00001205,209,166,43
W00001206,221,169,52
W00001207,274,217,57
W00001208,217,168,49
W00001209,204,178,26
W00001210,227,190,37
W00001211,124,109,15
W00001212,550,462,88
W00001213,374,321,53
W00001214,307,230,77
W00001215,421,363,58
W00001216,290,247,43
W00001217,244,214,30
W00001218,220,190,30
W00001219,190,153,37
W00001220,286,239,47
W00001221,250,193,57
W00001222,258,219,39
W00001223,306,238,68
W00001224,283,232,51
W00001225,237,198,39
W00001226,241,170,71
W00001227,244,197,47
W00001228,254,212,42
W00001229,267,212,55
W00001230,251,163,88
W00001231,312,241,71
W00001232,255,200,55
W00001233,203,156,47
W00001234,227,169,58
W00001235,263,214,49
W00001236,338,262,76
W00001237,268,232,36
W00001238,369,283,86
W00001239,336,259,77
W00001240,310,232,78
W00001241,234,200,34
W00001242,305,257,48
W00001243,265,214,51
W00001244,250,208,42
W00001245,248,188,60
W00001246,299,230,69
W00001247,206,181,25
W00001248,204,178,26
W00001249,362,270,92
W00001250,337,268,69
W00001251,231,187,44
W00001252,229,190,39
W00001253,483,374,109
W00001255,293,231,62
W00001256,263,213,50
W00001257,271,217,54
W00001258,296,256,40
W00001259,242,183,59
W00001260,327,262,65
W00001261,302,255,47
W00001262,335,282,53
W00001263,286,265,21
W00001264,289,221,68
W00001265,348,282,66
W00001266,379,321,58
W00001267,334,273,61
W00001268,305,236,69
W00001269,384,298,86
W00001270,275,237,38
W00001271,346,296,50
W00001272,287,254,33
W00001273,322,277,45
W00001274,367,310,57
W00001275,300,257,43
W00001276,354,314,40
W00001277,431,375,56
W00001278,133,119,14
W00001279,310,276,34
W00001280,331,284,47
W00001281,200,170,30
W00001282,200,177,23
W00001283,419,369,50
W00001284,319,281,38
W00001285,256,225,31
W00001286,366,324,42
W00001287,458,383,75
W00001288,354,301,53
W00001289,324,270,54
W00001290,301,260,41
W00001291,392,336,56
W00001292,167,148,19
W00001293,156,133,23
W00001294,258,114,144
W00001295,278,144,134
W00001296,270,174,96
W00001297,218,125,93
W00001298,243,156,87
W00001299,244,121,123
W00001300,236,167,69
W00001301,345,242,103
W00001302,274,159,115
W00001303,283,140,143
W00001304,275,141,134
W00001305,202,90,112
W00001306,289,145,144
W00001307,261,111,150
W00001308,273,118,155
W00001309,286,108,178
W00001311,341,201,140
W00001312,309,160,149
W00001313,208,165,43
W00001314,414,274,140
W00001315,298,194,104
W00001316,238,176,62
W00001317,332,217,115
W00001318,303,218,85
W00001319,271,202,69
W00001320,229,161,68
W00001321,214,167,47
W00001322,247,203,44
W00001323,287,211,76
W00001324,352,257,95
W00001325,349,217,132
W00001326,248,138,110
W00001327,276,179,97
W00001328,301,195,106
W00001329,353,228,125
W00001330,255,164,91
W00001331,377,268,109
W00001332,336,220,116
W00001333,341,206,135
W00001334,325,210,115
W00001335,223,142,81
W00001336,282,225,57
W00001337,307,244,63
W00001338,296,229,67
W00001339,261,208,53
W00001340,297,245,52
W00001341,234,178,56
W00001342,320,260,60
W00001343,267,217,50
W00001344,295,256,39
W00001345,285,246,39
W00001346,257,221,36
W00001347,332,293,39
W00001348,241,208,33
W00001349,427,372,55
W00001350,288,255,33
W00001351,284,258,26
W00001352,216,182,34
W00001353,255,239,16
W00001354,227,210,17
W00001355,290,264,26
W00001356,419,355,64
W00001357,296,256,40
W00001358,283,246,37
W00001359,184,137,47
W00001360,359,304,55
W00001361,244,207,37
W00001362,408,345,63
W00001363,271,237,34
W00001364,268,219,49
W00001365,256,219,37
W00001366,286,242,44
W00001367,260,238,22
W00001368,304,253,51
W00001369,265,236,29
W00001370,263,234,29
W00001371,283,249,34
W00001372,309,277,32
W00001373,459,382,77
W00001374,273,257,16
W00001375,357,332,25
W00001376,320,298,22
W00001377,320,287,33
W00001378,307,279,28
W00001379,281,253,28
W00001380,303,268,35
W00001381,279,251,28
W00001382,230,215,15
W00001384,255,237,18
W00001385,276,246,30
W00001386,253,231,22
W00001387,289,248,41
W00001388,354,280,74
W00001389,348,253,95
W00001390,302,239,63
W00001391,431,337,94
W00001392,265,214,51
W00001393,154,120,34
W00001394,208,182,26
W00001395,292,245,47
W00001396,285,256,29
W00001397,276,231,45
W00001398,206,182,24
W00001399,265,232,33
W00001400,258,213,45
W00001401,327,284,43
W00001402,300,269,31
W00001403,299,252,47
W00001404,197,166,31
W00001405,286,248,38
W00001406,307,264,43
W00001407,252,212,40
W00001408,332,298,34
W00001409,302,260,42
W00001410,296,243,53
W00001411,153,140,13
W00001412,191,159,32
W00001413,326,272,54
W00001414,300,276,24
W00001415,226,192,34
W00001416,285,250,35
W00001417,332,278,54
W00001418,300,264,36
W00001419,280,249,31
W00001420,246,213,33
W00001421,228,198,30
W00001422,262,227,35
W00001423,446,387,59
W00001424,252,221,31
W00001425,238,205,33
W00001426,328,279,49
W00001427,465,389,76
W00001428,394,331,63
W00001429,501,407,94
W00001430,223,191,32
W00001431,232,195,37
W00001432,323,281,42
W00001433,273,234,39
W00001434,213,184,29
W00001435,277,241,36
W00001436,379,325,54
W00001437,210,179,31
W00001438,437,340,97
W00001439,407,363,44
W00001440,511,427,84
W00001442,356,303,53
W00001443,579,470,109
W00001444,245,226,19
W00001445,242,202,40
W00001446,273,245,28
W00001447,210,173,37
W00001448,255,198,57
W00001449,223,187,36
W00001450,324,263,61
W00001451,163,130,33
W00001452,240,185,55
W00001453,255,180,75
W00001454,124,82,42
W00001455,181,131,50
W00001456,252,198,54
W00001457,333,245,88
W00001458,281,209,72
W00001459,339,238,101
W00001460,263,200,63
W00001461,287,214,73
W00001462,416,316,100
W00001463,389,279,110
W00001464,222,176,46
W00001465,234,176,58
W00001466,211,172,39
W00001467,289,260,29
W00001468,294,251,43
W00001469,235,212,23
W00001470,284,263,21
W00001471,215,189,26
W00001472,282,246,36
W00001473,339,308,31
W00001474,295,260,35
W00001475,213,200,13
W00001476,354,324,30
W00001477,221,192,29
W00001478,313,283,30
W00001479,297,268,29
W00001480,343,308,35
W00001481,286,254,32
W00001482,317,293,24
W00001483,278,247,31
W00001484,294,264,30
W00001485,304,260,44
W00001486,311,285,26
W00001487,275,239,36
W00001488,291,251,40
W00001489,466,400,66
W00001490,301,262,39
W00001491,150,130,20
W00001492,285,255,30
W00001493,286,259,27
W00001494,298,276,22
W00001495,287,256,31
W00001496,240,207,33
W00001497,329,283,46
W00001498,227,208,19
W00001500,285,251,34
W00001501,337,295,42
W00001502,272,247,25
W00001503,234,214,20
W00001504,254,238,16
W00001505,290,256,34
W00001506,308,270,38
W00001507,307,276,31
W00001508,419,352,67
W00001509,325,279,46
W00001510,508,456,52
W00001511,299,267,32
W00001512,257,231,26
W00001513,307,268,39
W00001514,299,269,30
W00001515,444,404,40
W00001516,319,289,30
W00001517,368,335,33
W00001518,247,219,28
W00001519,269,250,19
W00001520,333,289,44
W00001521,421,363,58
W00001522,302,252,50
W00001523,320,287,33
W00001524,356,302,54
W00001525,334,293,41
W00001526,412,358,54
W00001527,348,290,58
W00001528,301,279,22
W00001530,309,272,37
W00001531,406,351,55
W00001532,375,326,49
W00001533,335,286,49
W00001534,205,185,20
W00001535,473,340,133
W00001536,235,211,24
W00001537,171,142,29
W00001538,280,235,45
W00001539,201,147,54
W00001540,338,261,77
W00001541,125,103,22
W00001542,311,269,42
W00001543,173,147,26
W00001544,150,130,20
W00001545,305,260,45
W00001546,285,247,38
W00001547,317,283,34
W00001548,248,222,26
W00001549,325,297,28
W00001550,411,344,67
W00001551,232,202,30
W00001552,284,249,35
W00001553,300,246,54
W00001554,218,188,30
W00001555,345,278,67
W00001556,314,270,44
W00001557,254,218,36
W00001558,239,208,31
W00001559,323,275,48
W00001560,254,213,41
W00001561,211,188,23
W00001562,132,122,10
W00001563,289,235,54
W00001565,317,266,51
W00001566,329,284,45
W00001567,439,381,58
W00001568,340,285,55
W00001569,312,286,26
W00001570,312,278,34
W00001572,195,161,34
W00001573,539,446,93
W00001574,241,197,44
W00001575,123,106,17
W00001576,349,295,54
W00001577,453,386,67
W00001578,277,219,58
W00001579,303,261,42
W00001580,340,297,43
W00001581,323,275,48
W00001582,438,371,67
W00001583,420,364,56
W00001584,354,306,48
W00001585,185,154,31
W00001586,282,239,43
W00001587,292,233,59
W00001588,303,248,55
W00001589,315,260,55
W00001590,245,199,46
W00001591,287,250,37
W00001592,245,195,50
W00001593,187,151,36
W00001594,202,168,34
W00001595,298,234,64
W00001596,270,212,58
W00001597,236,186,50
W00001598,288,244,44
W00001599,250,194,56
W00001600,230,186,44
W00001601,321,258,63
W00001602,250,187,63
W00001603,202,154,48
W00001604,317,259,58
W00001605,508,378,130
W00001608,158,127,31
W00001609,310,215,95
W00001610,229,165,64
W00001611,245,182,63
W00001612,335,268,67
W00001613,354,251,103
W00001614,283,234,49
W00001615,270,172,98
W00001616,201,141,60
W00001617,492,416,76
W00001618,269,238,31
W00001619,295,257,38
W00001620,209,184,25
W00001621,220,195,25
W00001622,254,223,31
W00001623,155,138,17
W00001624,321,279,42
W00001625,384,344,40
W00001626,399,330,69
W00001627,257,231,26
W00001628,321,276,45
W00001629,399,329,70
W00001630,224,177,47
W00001631,311,254,57
W00001632,295,268,27
W00001633,291,245,46
W00001634,312,273,39
W00001635,177,149,28
W00001636,457,379,78
W00001637,267,205,62
W00001638,258,215,43
W00001639,253,212,41
W00001640,276,219,57
W00001641,344,275,69
W00001642,304,244,60
W00001643,426,324,102
W00001644,302,248,54
W00001645,326,269,57
W00001646,293,235,58
W00001647,337,262,75
W00001648,372,285,87
W00001649,301,235,66
W00001650,263,222,41
W00001651,307,267,40
W00001652,211,170,41
W00001653,205,187,18
W00001654,282,243,39
W00001655,418,354,64
W00001656,275,221,54
W00001657,288,232,56
W00001658,299,247,52
W00001659,259,201,58
W00001660,273,222,51
W00001661,324,251,73
W00001662,256,224,32
W00001663,283,238,45
W00001664,366,314,52
W00001665,201,154,47
W00001666,224,190,34
W00001667,371,284,87
W00001668,294,242,52
W00001669,351,262,89
W00001670,410,329,81
W00001671,258,226,32
W00001672,283,242,41
W00001674,305,272,33
W00001675,301,278,23
W00001676,256,229,27
W00001677,289,269,20
W00001678,242,225,17
W00001679,195,183,12
W00001680,365,321,44
W00001681,317,278,39
W00001683,240,178,62
W00001684,295,241,54
W00001685,265,207,58
W00001686,258,188,70
W00001687,274,209,65
W00001688,265,212,53
W00001689,302,246,56
W00001690,473,365,108
W00001691,284,221,63
W00001692,298,228,70
W00001693,241,195,46
W00001694,330,268,62
W00001695,284,233,51
W00001696,253,203,50
W00001697,200,156,44
W00001698,300,238,62
W00001699,279,197,82
W00001700,271,199,72
W00001701,317,224,93
W00001702,370,251,119
W00001703,284,206,78
W00001704,274,181,93
W00001706,342,192,150
W00001707,302,261,41
W00001708,251,219,32
W00001709,268,200,68
W00001710,270,216,54
W00001711,244,211,33
W00001712,184,147,37
W00001713,438,360,78
W00001714,296,246,50
W00001715,316,260,56
W00001716,277,232,45
W00001717,454,357,97
W00001718,247,195,52
W00001719,170,136,34
W00001720,227,194,33
W00001721,261,218,43
W00001722,193,159,34
W00001723,307,257,50
W00001724,320,282,38
W00001725,261,216,45
W00001726,166,132,34
W00001727,571,470,101
W00001728,320,276,44
W00001729,277,219,58
W00001730,233,195,38
W00001731,205,167,38
W00001732,283,222,61
W00001733,304,235,69
W00001734,269,220,49
W00001735,436,335,101
W00001736,297,235,62
W00001737,326,282,44
W00001738,200,152,48
W00001739,273,215,58
W00001740,210,177,33
W00001741,282,214,68
W00001742,409,337,72
W00001743,398,340,58
W00001745,379,322,57
W00001746,171,151,20
W00001747,185,158,27
W00001748,434,356,78
W00001749,331,271,60
W00001750,327,272,55
W00001751,299,254,45
W00001752,345,297,48
W00001753,298,247,51
W00001754,327,265,62
W00001756,297,245,52
W00001757,283,240,43
W00001758,519,448,71
W00001759,279,238,41
W00001760,472,421,51
W00001761,279,249,30
W00001763,263,238,25
W00001765,282,259,23
W00001766,250,233,17
W00001767,265,248,17
W00001768,290,275,15
W00001769,382,355,27
W00001770,325,296,29
W00001771,290,256,34
W00001772,334,314,20
W00001773,241,221,20
W00001774,265,249,16
W00001775,289,266,23
W00001776,257,244,13
W00001777,324,304,20
W00001779,302,276,26
W00001780,270,256,14
W00001781,314,292,22
W00001782,294,269,25
W00001783,432,386,46
W00001784,287,262,25
W00001785,261,244,17
W00001786,316,292,24
W00001787,281,267,14
W00001788,464,421,43
W00001789,253,228,25
W00001791,307,278,29
W00001792,278,247,31
W00001793,252,228,24
W00001794,318,289,29
W00001795,282,252,30
W00001796,291,270,21
W00001797,279,245,34
W00001798,284,259,25
W00001799,313,282,31
W00001800,353,309,44
W00001801,450,409,41
W00001802,339,307,32
W00001803,230,202,28
W00001804,285,246,39
W00001805,277,252,25
W00001806,343,294,49
W00001807,269,241,28
W00001808,287,262,25
W00001809,294,261,33
W00001810,371,334,37
W00001811,253,218,35
W00001812,275,247,28
W00001813,138,104,34
W00001815,213,163,50
W00001816,289,199,90
W00001817,277,197,80
W00001818,200,155,45
W00001819,276,173,103
W00001820,367,275,92
W00001821,280,206,74
W00001822,441,329,112
W00001823,271,198,73
W00001824,349,254,95
W00001825,212,157,55
W00001826,212,177,35
W00001827,291,197,94
W00001828,297,246,51
W00001829,259,182,77
W00001830,232,176,56
W00001831,335,253,82
W00001832,275,242,33
W00001833,209,187,22
W00001834,225,196,29
W00001835,275,242,33
W00001836,315,275,40
W00001837,372,294,78
W00001838,235,197,38
W00001839,280,237,43
W00001840,306,267,39
W00001841,246,210,36
W00001842,257,210,47
W00001843,254,227,27
W00001844,260,213,47
W00001845,216,182,34
W00001846,263,214,49
W00001847,244,196,48
W00001848,241,201,40
W00001849,253,215,38
W00001850,306,269,37
W00001851,193,169,24
W00001852,278,248,30
W00001853,314,274,40
W00001854,245,211,34
W00001855,245,209,36
W00001856,280,259,21
W00001857,284,256,28
W00001858,274,251,23
W00001859,279,264,15
W00001860,345,306,39
W00001861,478,430,48
W00001862,243,205,38
W00001863,263,228,35
W00001864,262,211,51
W00001866,403,321,82
W00001867,474,387,87
W00001868,232,201,31
W00001869,291,258,33
W00001870,337,282,55
W00001871,249,211,38
W00001872,251,226,25
W00001874,252,210,42
W00001875,312,263,49
W00001876,241,204,37
W00001881,211,194,17
W00001882,335,279,56
W00001883,251,188,63
W00001884,247,202,45
W00001885,260,235,25
W00001886,233,194,39
W00001887,209,166,43
W00001888,453,381,72
W00001889,264,222,42
W00001890,146,125,21
W00001891,186,155,31
W00001892,329,289,40
W00001893,360,296,64
W00001894,250,232,18
W00001895,401,350,51
W00001896,289,253,36
W00001897,272,236,36
W00001898,311,268,43
W00001899,226,195,31
W00001900,357,290,67
W00001901,273,208,65
W00001902,276,219,57
W00001903,302,242,60
W00001904,266,210,56
W00001905,313,269,44
W00001906,328,279,49
W00001907,305,263,42
W00001908,326,274,52
W00001909,480,408,72
W00001910,302,248,54
W00001911,272,217,55
W00001912,226,194,32
W00001913,292,239,53
W00001914,320,275,45
W00001915,293,127,166
W00001916,195,109,86
W00001917,297,237,60
W00001918,297,182,115
W00001919,316,213,103
W00001920,210,129,81
W00001921,217,108,109
W00001922,199,145,54
W00001923,308,269,39
W00001924,281,253,28
W00001925,300,263,37
W00001926,235,187,48
W00001927,222,187,35
W00001928,306,266,40
W00001929,392,324,68
W00001930,311,261,50
W00001931,317,266,51
W00001932,335,290,45
W00001933,315,263,52
W00001934,371,329,42
W00001935,399,340,59
W00001936,186,155,31
W00001937,315,245,70
W00001938,324,253,71
W00001939,303,220,83
W00001940,350,252,98
W00001941,273,198,75
W00001942,311,241,70
W00001943,214,168,46
W00001944,255,184,71
W00001945,333,254,79
W00001946,245,191,54
W00001947,246,194,52
W00001948,308,242,66
W00001949,322,252,70
W00001950,303,249,54
W00001951,198,150,48
W00001952,374,293,81
W00001953,369,318,51
W00001954,281,232,49
W00001955,383,331,52
W00001956,281,185,96
W00001957,296,219,77
W00001958,254,218,36
W00001959,115,94,21
W00001960,255,204,51
W00001961,215,176,39
W00001962,315,271,44
W00001963,361,311,50
W00001964,308,271,37
W00001965,288,253,35
W00001966,249,211,38
W00001967,306,276,30
W00001968,272,228,44
W00001969,262,215,47
W00001970,274,222,52
W00001971,281,239,42
W00001972,230,184,46
W00001973,289,236,53
W00001974,328,273,55
W00001975,258,236,22
W00001976,360,297,63
W00001977,254,218,36
W00001978,260,223,37
W00001979,242,205,37
W00001980,331,286,45
W00001981,260,218,42
W00001982,277,246,31
W00001983,223,205,18
W00001984,281,251,30
W00001985,414,368,46
W00001986,400,343,57
W00001987,223,189,34
W00001988,253,209,44
W00001989,422,355,67
W00001990,248,209,39
W00001991,332,282,50
W00001992,218,182,36
W00001993,282,247,35
W00001994,322,280,42
W00001995,262,228,34
W00001996,222,190,32
W00001997,305,259,46
W00001998,304,242,62
W00001999,336,280,56
W00002000,239,215,24
W00002001,448,380,68
W00002002,234,197,37
W00002003,290,230,60
W00002004,256,213,43
W00002005,229,204,25
W00002006,280,226,54
W00002007,273,197,76
W00002008,266,214,52
W00002009,231,190,41
W00002010,342,283,59
W00002011,529,444,85
W00002014,405,318,87
W00002016,295,263,32
W00002017,210,179,31
W00002018,287,261,26
W00002019,467,391,76
W00002020,384,295,89
W00002021,284,262,22
W00002022,547,451,96
W00002023,290,253,37
W00002024,280,224,56
W00002025,246,218,28
W00002026,297,232,65
W00002027,210,185,25
W00002028,269,203,66
W00002029,274,214,60
W00002030,328,261,67
W00002031,233,198,35
W00002032,366,314,52
W00002033,230,187,43
W00002034,336,266,70
W00002035,293,232,61
W00002036,155,136,19
W00002037,204,180,24
W00002038,186,158,28
W00002039,318,262,56
W00002040,334,276,58
W00002041,354,307,47
W00002043,274,246,28
W00002044,250,211,39
W00002045,225,192,33
W00002046,316,283,33
W00002047,441,394,47
W00002049,390,345,45
W00002050,277,219,58
W00002051,285,210,75
W00002052,302,241,61
W00002053,170,133,37
W00002054,253,166,87
W00002055,307,244,63
W00002056,327,261,66
W00002057,304,254,50
W00002058,302,254,48
W00002059,271,212,59
W00002060,283,224,59
W00002061,284,241,43
W00002062,263,234,29
W00002063,240,204,36
W00002064,270,221,49
W00002065,258,211,47
W00002066,310,266,44
W00002067,274,231,43
W00002068,281,236,45
W00002069,304,245,59
W00002070,309,239,70
W00002071,206,172,34
W00002072,296,230,66
W00002073,304,234,70
W00002074,288,239,49
W00002075,237,173,64
W00002076,424,341,83
W00002077,232,202,30
W00002078,318,259,59
W00002079,293,256,37
W00002080,262,223,39
W00002081,274,239,35
W00002082,290,263,27
W00002083,266,218,48
W00002084,293,254,39
W00002085,252,203,49
W00002086,122,95,27
W00002087,484,421,63
W00002088,154,136,18
W00002089,265,235,30
W00002090,247,222,25
W00002091,277,234,43
W00002092,207,179,28
W00002093,252,223,29
W00002094,254,214,40
W00002095,309,269,40
W00002096,260,207,53
W00002097,232,207,25
W00002098,311,236,75
W00002099,274,224,50
W00002100,359,320,39
W00002101,245,204,41
W00002102,266,239,27
W00002103,235,193,42
W00002104,235,196,39
W00002105,266,224,42
W00002106,290,248,42
W00002107,250,220,30
W00002108,348,314,34
W00002109,320,280,40
W00002110,279,238,41
W00002111,329,281,48
W00002112,262,231,31
W00002113,271,219,52
W00002114,301,256,45
W00002115,540,409,131
W00002116,136,102,34
W00002117,103,84,19
W00002118,280,214,66
W00002119,296,218,78
W00002120,358,277,81
W00002121,305,222,83
W00002122,231,169,62
W00002123,580,497,83
W00002124,226,198,28
W00002125,312,260,52
W00002126,315,279,36
W00002127,309,269,40
W00002128,201,168,33
W00002129,581,467,114
W00002130,472,391,81
W00002131,258,220,38
W00002132,279,233,46
W00002133,183,155,28
W00002134,235,199,36
W00002135,281,246,35
W00002136,336,292,44
W00002137,229,191,38
W00002138,362,269,93
W00002139,417,364,53
W00002140,292,246,46
W00002141,315,290,25
W00002142,329,287,42
W00002143,255,218,37
W00002144,324,288,36
W00002145,376,348,28
W00002146,156,143,13
W00002147,560,485,75
W00002148,212,189,23
W00002149,228,200,28
W00002150,272,238,34
W00002151,353,318,35
W00002152,174,153,21
W00002153,277,210,67
W00002154,323,232,91
W00002155,369,254,115
W00002156,359,272,87
W00002157,337,244,93
W00002158,265,176,89
W00002159,273,162,111
W00002160,285,228,57
W00002161,293,222,71
W00002162,303,221,82
W00002163,287,210,77
W00002164,279,201,78
W00002165,361,294,67
W00002166,288,219,69
W00002167,281,216,65
W00002168,346,275,71
W00002169,318,223,95
W00002170,249,187,62
W00002171,291,230,61
W00002172,266,216,50
W00002173,400,328,72
W00002174,402,342,60
W00002175,277,235,42
W00002176,283,245,38
W00002177,313,275,38
W00002178,287,260,27
W00002179,278,242,36
W00002180,344,303,41
W00002181,303,223,80
W00002182,461,328,133
W00002183,260,190,70
W00002184,272,206,66
W00002185,296,180,116
W00002186,351,238,113
W00002187,299,215,84
W00002188,235,186,49
W00002189,277,152,125
W00002190,302,187,115
W00002191,271,192,79
W00002192,210,154,56
W00002193,238,174,64
W00002194,229,162,67
W00002195,291,202,89
W00002196,264,207,57
W00002197,291,251,40
W00002198,353,310,43
W00002199,265,229,36
W00002200,212,197,15
W00002201,301,269,32
W00002202,294,273,21
W00002203,405,361,44
W00002204,280,243,37
W00002205,383,337,46
W00002206,257,224,33
W00002207,232,200,32
W00002208,217,193,24
W00002209,257,218,39
W00002210,248,207,41
W00002211,285,240,45
W00002212,257,219,38
W00002213,193,170,23
W00002214,205,173,32
W00002215,297,278,19
W00002216,307,268,39
W00002217,309,267,42
W00002218,249,224,25
W00002219,226,199,27
W00002220,317,270,47
W00002221,250,200,50
W00002222,300,266,34
W00002223,294,263,31
W00002224,300,271,29
W00002225,354,327,27
W00002226,317,250,67
W00002227,122,102,20
W00002228,397,314,83
W00002229,183,160,23
W00002231,251,209,42
W00002232,236,193,43
W00002233,292,258,34
W00002234,219,192,27
W00002235,258,211,47
W00002236,333,311,22
W00002237,288,254,34
W00002238,363,339,24
W00002239,172,153,19
W00002240,420,357,63
W00002241,395,349,46
W00002242,218,201,17
W00002243,308,282,26
W00002244,295,253,42
W00002245,214,172,42
W00002246,233,204,29
W00002247,256,205,51
W00002248,229,193,36
W00002249,291,253,38
W00002250,336,278,58
W00002251,239,198,41
W00002253,333,264,69
W00002254,276,229,47
W00002255,403,349,54
W00002256,362,315,47
W00002257,343,298,45
W00002258,284,254,30
W00002259,302,247,55
W00002260,311,264,47
W00002261,317,278,39
W00002262,285,256,29
W00002263,334,301,33
W00002264,266,249,17
W00002265,268,236,32
W00002266,253,225,28
W00002267,249,223,26
W00002268,349,207,142
W00002269,284,152,132
W00002270,159,79,80
W00002271,241,110,131
W00002272,352,187,165
W00002273,249,147,102
W00002274,386,191,195
W00002275,426,220,206
W00002276,335,298,37
W00002277,341,303,38
W00002278,273,223,50
W00002279,362,320,42
W00002280,283,242,41
W00002281,326,275,51
W00002282,353,276,77
W00002283,337,277,60
W00002284,359,279,80
W00002285,389,301,88
W00002286,289,197,92
W00002287,326,238,88
W00002288,296,191,105
W00002289,377,253,124
W00002290,237,147,90
W00002291,333,282,51
W00002292,353,299,54
W00002293,204,176,28
W00002294,399,335,64
W00002295,321,267,54
W00002296,230,193,37
W00002297,291,228,63
W00002298,271,210,61
W00002299,244,208,36
W00002300,360,286,74
W00002301,329,275,54
W00002302,356,278,78
W00002303,296,254,42
W00002305,340,289,51
W00002306,239,169,70
W00002307,218,168,50
W00002308,407,286,121
W00002309,323,224,99
W00002310,314,235,79
W00002311,361,205,156
W00002312,356,193,163
W00002313,385,354,31
W00002314,356,337,19
W00002315,351,320,31
W00002316,297,278,19
W00002317,315,292,23
W00002320,246,219,27
W00002321,297,261,36
W00002323,354,298,56
W00002324,287,249,38
W00002325,415,355,60
W00002327,305,194,111
W00002328,362,200,162
W00002329,371,196,175
W00002330,147,81,66
W00002331,175,90,85
W00002332,232,134,98
W00002333,155,92,63
W00002335,363,326,37
W00002336,329,302,27
W00002337,312,266,46
W00002338,199,161,38
W00002339,453,344,109
W00002340,462,379,83
W00002341,307,255,52
W00002342,331,281,50
W00002343,431,358,73
W00002344,298,245,53
W00002345,342,283,59
W00002346,424,337,87
W00002347,224,176,48
W00002348,384,323,61
W00002349,380,336,44
W00002350,353,314,39
W00002351,376,297,79
W00002352,290,82,208
W00002353,246,89,157
W00002354,284,115,169
W00002355,294,124,170
W00002356,296,133,163
W00002357,274,136,138
W00002358,313,159,154
W00002359,370,338,32
W00002360,366,328,38
W00002361,367,327,40
W00002362,333,282,51
W00002363,284,236,48
W00002364,515,443,72
W00002365,376,278,98
W00002366,221,175,46
W00002367,315,258,57
W00002368,330,273,57
W00002369,248,193,55
W00002370,216,169,47
W00002371,266,229,37
W00002372,227,185,42
W00002373,307,276,31
W00002374,358,329,29
W00002375,303,270,33
W00002376,227,224,3
W00002377,263,238,25
W00002378,189,174,15
W00002379,257,232,25
W00002380,216,197,19
W00002381,224,195,29
W00002382,451,406,45
W00002383,308,283,25
W00002384,387,335,52
W00002385,330,253,77
W00002386,391,334,57
W00002387,399,352,47
W00002388,166,133,33
W00002389,282,241,41
W00002390,294,269,25
W00002391,196,185,11
W00002392,236,229,7
W00002393,297,267,30
W00002394,231,211,20
W00002395,252,233,19
W00002396,210,194,16
W00002397,265,241,24
W00002398,375,326,49
W00002399,302,270,32
W00002400,190,172,18
W00002401,147,118,29
W00002402,307,243,64
W00002403,315,240,75
W00002404,419,346,73
W00002405,175,148,27
W00002406,390,346,44
W00002407,330,281,49
W00002408,440,379,61
W00002409,330,178,152
W00002410,279,149,130
W00002411,293,174,119
W00002412,262,201,61
W00002413,341,254,87
W00002414,266,209,57
W00002415,278,233,45
W00002416,205,151,54
W00002417,240,221,19
W00002418,224,192,32
W00002419,200,180,20
W00002420,332,267,65
W00002421,248,213,35
W00002422,361,323,38
W00002424,199,178,21
W00002425,300,256,44
W00002426,315,262,53
W00002427,294,237,57
W00002429,291,254,37
W00002430,154,130,24
W00002431,383,343,40
W00002432,246,222,24
W00002433,234,193,41
W00002436,392,360,32
W00002437,287,256,31
W00002438,418,338,80
W00002439,305,248,57
W00002440,363,314,49
W00002441,332,274,58
W00002442,320,281,39
W00002443,360,300,60
W00002444,480,395,85
W00002445,378,318,60
W00002446,276,234,42
W00002447,237,207,30
W00002448,308,265,43
W00002449,234,191,43
W00002450,277,233,44
W00002451,129,114,15
W00002452,371,222,149
W00002453,264,156,108
W00002454,292,186,106
W00002455,353,204,149
W00002456,389,226,163
W00002457,459,237,222
W00002458,331,216,115
W00002459,235,156,79
W00002461,461,276,185
W00002463,197,137,60
W00002465,361,315,46
W00002466,313,262,51
W00002467,256,229,27
W00002468,304,256,48
W00002469,417,311,106
W00002470,378,329,49
W00002471,278,247,31
W00002472,201,167,34
W00002473,341,325,16
W00002474,335,302,33
W00002475,354,301,53
W00002476,375,323,52
W00002477,290,245,45
W00002478,241,186,55
W00002479,209,162,47
W00002480,265,195,70
W00002481,261,199,62
W00002482,295,228,67
W00002483,260,199,61
W00002484,311,223,88
W00002485,170,136,34
W00002486,212,163,49
W00002487,224,181,43
W00002488,266,218,48
W00002489,294,187,107
W00002490,252,144,108
W00002491,204,134,70
W00002492,243,136,107
W00002493,484,220,264
W00002494,398,289,109
W00002495,430,214,216
W00002496,281,138,143
W00002497,305,218,87
W00002498,363,243,120
W00002499,220,163,57
W00002500,254,188,66
W00002501,306,241,65
W00002502,491,373,118
W00002503,305,221,84
W00002504,373,284,89
W00002505,257,196,61
W00002506,240,180,60
W00002507,306,256,50
W00002508,229,176,53
W00002509,239,175,64
W00002510,240,174,66
W00002511,211,161,50
W00002512,308,253,55
W00002513,289,237,52
W00002514,278,232,46
W00002515,288,241,47
W00002516,246,92,154
W00002517,298,120,178
W00002518,317,116,201
W00002519,253,117,136
W00002520,230,97,133
W00002521,213,120,93
W00002522,301,107,194
W00002523,235,139,96
W00002524,226,125,101
W00002525,271,196,75
W00002526,279,183,96
W00002527,290,215,75
W00002528,313,218,95
W00002529,215,143,72
W00002530,117,71,46
W00002531,329,213,116
W00002532,308,226,82
W00002533,336,222,114
W00002534,354,266,88
W00002536,307,255,52
W00002537,321,272,49
W00002540,248,218,30
W00002541,382,330,52
W00002542,267,236,31
W00002543,325,264,61
W00002544,264,235,29
W00002545,371,322,49
W00002546,257,237,20
W00002547,318,262,56
W00002548,339,275,64
W00002549,246,209,37
W00002550,335,290,45
W00002551,275,235,40
W00002552,233,184,49
W00002553,277,213,64
W00002554,254,218,36
W00002555,294,252,42
W00002556,303,268,35
W00002557,116,93,23
W00002558,148,121,27
W00002560,239,208,31
W00002562,249,208,41
W00002563,274,240,34
W00002564,376,298,78
W00002565,381,334,47
W00002566,262,193,69
W00002567,296,247,49
W00002568,272,224,48
W00002569,367,308,59
W00002570,186,164,22
W00002571,242,213,29
W00002573,228,193,35
W00002574,148,116,32
W00002575,180,142,38
W00002576,224,188,36
W00002577,323,290,33
W00002578,290,240,50
W00002579,318,251,67
W00002580,276,240,36
W00002581,295,246,49
W00002582,270,226,44
W00002583,429,388,41
W00002584,175,167,8
W00002585,249,226,23
W00002586,276,250,26
W00002587,223,206,17
W00002588,297,277,20
W00002589,257,231,26
W00002590,295,272,23
W00002591,228,214,14
W00002592,236,215,21
W00002593,357,329,28
W00002594,292,260,32
W00002595,219,200,19
W00002596,371,351,20
W00002597,337,322,15
W00002598,244,189,55
W00002599,403,328,75
W00002600,286,239,47
W00002601,310,268,42
W00002602,225,189,36
W00002603,304,232,72
W00002604,260,221,39
W00002605,423,337,86
W00002606,545,384,161
W00002607,314,223,91
W00002608,368,280,88
W00002609,476,330,146
W00002610,271,225,46
W00002611,242,214,28
W00002612,364,301,63
W00002613,209,182,27
W00002614,201,171,30
W00002615,457,356,101
W00002616,266,215,51
W00002619,295,240,55
W00002620,250,216,34
W00002621,187,165,22
W00002622,217,185,32
W00002623,275,247,28
W00002624,320,288,32
W00002625,317,278,39
W00002627,479,412,67
W00002628,303,257,46
W00002629,236,192,44
W00002630,282,222,60
W00002631,209,165,44
W00002632,244,200,44
W00002633,263,220,43
W00002634,228,192,36
W00002636,275,240,35
W00002637,271,214,57
W00002638,361,316,45
W00002641,440,358,82
W00002642,240,196,44
W00002643,375,298,77
W00002644,241,204,37
W00002645,304,259,45
W00002646,238,175,63
W00002648,210,166,44
W00002649,348,193,155
W00002650,303,218,85
W00002651,282,160,122
W00002652,245,176,69
W00002653,283,194,89
W00002654,209,147,62
W00002655,367,265,102
W00002656,476,409,67
W00002657,266,232,34
W00002658,276,243,33
W00002659,321,288,33
W00002660,281,239,42
W00002661,172,151,21
W00002662,237,195,42
W00002663,307,260,47
W00002664,229,199,30
W00002665,214,189,25
W00002666,301,247,54
W00002667,391,339,52
W00002668,280,237,43
W00002669,466,383,83
W00002670,333,254,79
W00002671,257,220,37
W00002672,258,230,28
W00002673,308,250,58
W00002674,258,223,35
W00002675,218,176,42
W00002676,271,238,33
W00002677,243,209,34
W00002678,300,231,69
W00002679,137,121,16
W00002680,254,204,50
W00002681,169,139,30
W00002682,352,287,65
W00002683,214,174,40
W00002684,238,135,103
W00002685,273,161,112
W00002686,262,126,136
W00002687,247,113,134
W00002688,301,143,158
W00002689,327,166,161
W00002690,131,92,39
W00002691,244,104,140
W00002692,242,193,49
W00002693,356,283,73
W00002694,439,359,80
W00002695,346,187,159
W00002696,235,115,120
W00002697,306,155,151
W00002698,262,126,136
W00002699,234,135,99
W00002700,278,209,69
W00002701,253,139,114
W00002702,259,150,109
W00002703,328,180,148
W00002704,224,78,146
W00002705,238,70,168
W00002706,231,92,139
W00002707,171,71,100
W00002708,188,80,108
W00002709,198,78,120
W00002710,159,89,70
W00002711,398,219,179
W00002712,159,72,87
W00002713,225,102,123
W00002714,265,118,147
W00002715,225,110,115
W00002716,340,179,161
W00002717,123,53,70
W00002718,231,79,152
W00002719,455,190,265
W00002720,208,86,122
W00002721,272,68,204
W00002722,263,97,166
W00002723,231,99,132
W00002724,198,81,117
W00002725,193,63,130
W00002726,227,107,120
W00002727,219,82,137
W00002728,284,111,173
W00002729,190,85,105
W00002730,229,102,127
W00002731,427,191,236
W00002732,263,120,143
W00002733,202,103,99
W00002734,242,129,113
W00002736,377,162,215
W00002737,270,144,126
W00002738,258,169,89
W00002739,275,191,84
W00002740,267,199,68
W00002741,237,168,69
W00002742,313,253,60
W00002743,292,206,86
W00002744,255,145,110
W00002745,191,143,48
W00002746,252,169,83
W00002747,214,97,117
W00002748,326,222,104
W00002751,222,171,51
W00002752,329,220,109
W00002753,346,173,173
W00002754,250,114,136
W00002755,319,193,126
W00002756,386,169,217
W00002757,206,107,99
W00002758,236,121,115
W00002759,265,159,106
W00002760,255,153,102
W00002761,277,178,99
W00002762,314,165,149
W00002763,277,198,79
W00002764,233,168,65
W00002765,229,143,86
W00002766,276,180,96
W00002767,210,114,96
W00002768,124,73,51
W00002769,144,79,65
W00002770,282,151,131
W00002771,370,261,109
W00002772,325,142,183
W00002773,259,112,147
W00002774,307,136,171
W00002775,247,130,117
W00002776,285,132,153
W00002777,299,126,173
W00002778,224,137,87
W00002779,170,95,75
W00002780,177,111,66
W00002781,281,146,135
W00002782,247,145,102
W00002783,129,68,61
W00002784,345,126,219
W00002785,345,135,210
W00002786,262,110,152
W00002787,238,144,94
W00002788,255,139,116
W00002789,223,110,113
W00002790,203,86,117
W00002791,346,120,226
W00002792,283,96,187
W00002793,352,119,233
W00002794,264,130,134
W00002795,309,133,176
W00002796,285,149,136
W00002797,333,134,199
W00002798,256,104,152
W00002799,248,102,146
W00002800,190,79,111
W00002801,305,102,203
W00002802,294,127,167
W00002803,253,127,126
W00002805,253,112,141
W00002806,331,147,184
W00002807,258,118,140
W00002808,363,187,176
W00002809,266,141,125
W00002811,252,101,151
W00002812,284,131,153
W00002813,197,90,107
W00002814,367,149,218
W00002815,277,132,145
W00002816,283,95,188
W00002818,180,98,82
W00002819,215,91,124
W00002820,475,193,282
W00002821,293,146,147
W00002822,249,129,120
W00002823,340,152,188
W00002824,165,90,75
W00002825,237,109,128
W00002826,163,80,83
W00002827,226,108,118
W00002828,310,168,142
W00002829,178,87,91
W00002831,720,551,169
W00002832,266,133,133
W00002833,220,86,134
W00002834,463,236,227
W00002835,148,61,87
W00002836,264,105,159
W00002837,360,153,207
W00002838,300,85,215
W00002839,217,127,90
W00002840,223,122,101
W00002841,272,119,153
W00002842,380,230,150
W00002843,296,143,153
W00002844,147,62,85
W00002845,282,80,202
W00002846,235,77,158
W00002847,211,81,130
W00002848,189,98,91
W00002849,231,88,143
W00002850,164,72,92
W00002851,393,133,260
W00002852,289,119,170
W00002853,272,101,171
W00002854,253,100,153
W00002855,278,102,176
W00002856,352,119,233
W00002857,277,103,174
W00002858,349,169,180
W00002859,181,67,114
W00002860,258,102,156
W00002861,278,178,100
W00002862,301,154,147
W00002863,306,140,166
W00002864,301,141,160
W00002865,240,111,129
W00002866,240,137,103
W00002867,248,134,114
W00002868,171,110,61
W00002869,223,125,98
W00002870,194,101,93
W00002871,208,109,99
W00002872,205,85,120
W00002873,177,87,90
W00002874,188,110,78
W00002875,275,116,159
W00002876,276,112,164
W00002877,301,127,174
W00002878,322,169,153
W00002879,334,132,202
W00002880,327,167,160
W00002881,304,146,158
W00002882,248,110,138
W00002883,232,89,143
W00002884,318,144,174
W00002885,321,144,177
W00002886,275,139,136
W00002887,242,98,144
W00002888,295,142,153
W00002889,248,123,125
W00002890,237,107,130
W00002891,226,100,126
W00002892,240,105,135
W00002893,246,109,137
W00002894,205,66,139
W00002895,337,128,209
W00002896,339,154,185
W00002897,268,147,121
W00002898,158,82,76
W00002899,304,140,164
W00002900,389,174,215
W00002901,358,175,183
W00002902,204,90,114
W00002903,253,157,96
W00002904,251,98,153
W00002905,325,116,209
W00002906,243,107,136
W00002907,269,92,177
W00002908,182,110,72
W00002909,232,102,130
W00002910,336,200,136
W00002911,126,57,69
W00002912,227,115,112
W00002913,183,92,91
W00002914,233,123,110
W00002915,263,131,132
W00002916,196,75,121
W00002917,262,133,129
W00002918,360,143,217
W00002919,345,183,162
W00002920,283,137,146
W00002921,323,161,162
W00002922,283,133,150
W00002923,257,98,159
W00002924,251,148,103
W00002925,337,148,189
W00002926,241,95,146
W00002927,238,80,158
W00002928,304,121,183
W00002929,138,81,57
W00002930,240,108,132
W00002931,174,77,97
W00002932,353,127,226
W00002933,349,114,235
W00002934,206,98,108
W00002935,269,113,156
W00002936,190,82,108
W00002937,190,88,102
W00002938,520,170,350
W00002939,422,168,254
W00002940,392,132,260
W00002941,246,90,156
W00002942,302,103,199
W00002943,270,132,138
W00002944,314,111,203
W00002945,253,127,126
W00002946,248,140,108
W00002947,307,128,179
W00002948,265,139,126
W00002949,273,107,166
W00002950,357,112,245
W00002951,325,102,223
W00002952,383,134,249
W00002953,258,104,154
W00002954,340,170,170
W00002955,288,106,182
W00002956,376,315,61
W00002957,207,169,38
W00002958,373,315,58
W00002959,251,206,45
W00002960,421,345,76
W00002961,194,163,31
W00002962,258,217,41
W00002963,343,296,47
W00002966,217,171,46
W00002967,317,249,68
W00002968,246,190,56
W00002969,420,308,112
W00002970,274,231,43
W00002972,362,291,71
W00002974,295,254,41
W00002975,493,386,107
W00002976,363,302,61
W00002977,338,297,41
W00002978,370,156,214
W00002979,293,154,139
W00002980,273,122,151
W00002981,299,136,163
W00002982,293,130,163
W00002983,277,137,140
W00002984,266,112,154
W00002985,302,136,166
W00002986,426,184,242
W00002987,370,182,188
W00002988,329,162,167
W00002989,389,146,243
W00002990,448,121,327
W00002991,310,85,225
W00002992,206,98,108
W00002993,432,231,201
W00002994,356,144,212
W00002995,394,187,207
W00002996,291,138,153
W00002997,281,144,137
W00002998,196,94,102
W00002999,271,148,123
W00003000,260,129,131
W00003001,277,131,146
W00003002,283,248,35
W00003003,294,243,51
W00003004,253,199,54
W00003005,250,219,31
W00003006,365,318,47
W00003007,367,305,62
W00003008,229,182,47
W00003009,323,258,65
W00003010,374,240,134
W00003011,323,198,125
W00003012,319,203,116
W00003013,277,183,94
W00003014,260,150,110
W00003015,244,154,90
W00003016,292,149,143
W00003017,383,234,149
W00003018,242,130,112
W00003019,288,169,119
W00003020,343,228,115
W00003021,290,168,122
W00003022,326,215,111
W00003023,393,215,178
W00003024,312,200,112
W00003025,251,187,64
W00003026,395,243,152
W00003027,275,237,38
W00003028,252,221,31
W00003029,233,182,51
W00003030,314,241,73
W00003031,349,299,50
W00003032,300,246,54
W00003033,267,230,37
W00003034,255,202,53
W00003035,223,187,36
W00003036,350,295,55
W00003037,251,200,51
W00003038,310,272,38
W00003039,220,185,35
W00003040,333,281,52
W00003041,264,207,57
W00003042,240,210,30
W00003043,242,207,35
W00003044,256,204,52
W00003045,361,304,57
W00003046,371,297,74
W00003047,368,321,47
W00003048,243,201,42
W00003049,277,228,49
W00003050,237,188,49
W00003051,243,191,52
W00003052,241,217,24
W00003053,267,216,51
W00003054,289,238,51
W00003055,306,252,54
W00003056,338,285,53
W00003057,339,279,60
W00003058,221,183,38
W00003059,287,234,53
W00003060,169,133,36
W00003062,255,200,55
W00003063,231,198,33
W00003064,248,197,51
W00003065,462,360,102
W00003066,299,263,36
W00003067,155,132,23
W00003068,396,336,60
W00003069,438,397,41
W00003070,393,336,57
W00003071,438,391,47
W00003072,443,386,57
W00003073,451,369,82
W00003074,246,209,37
W00003075,340,284,56
W00003076,242,206,36
W00003077,124,105,19
W00003078,434,346,88
W00003079,341,308,33
W00003080,333,260,73
W00003081,268,223,45
W00003082,240,209,31
W00003083,202,184,18
W00003084,419,336,83
W00003085,439,370,69
W00003086,328,238,90
W00003087,372,268,104
W00003088,445,379,66
W00003089,376,248,128
W00003090,406,357,49
W00003091,403,345,58
W00003092,327,277,50
W00003093,247,218,29
W00003094,295,259,36
W00003095,445,262,183
W00003096,409,228,181
W00003097,399,231,168
W00003098,422,229,193
W00003099,316,222,94
W00003100,320,178,142
W00003101,280,226,54
W00003102,310,256,54
W00003103,269,243,26
W00003104,316,266,50
W00003105,221,191,30
W00003106,439,371,68
W00003107,428,352,76
W00003108,305,127,178
W00003109,335,176,159
W00003110,211,121,90
W00003111,230,138,92
W00003112,294,180,114
W00003113,212,93,119
W00003114,252,99,153
W00003115,387,189,198
W00003116,346,150,196
W00003117,299,182,117
W00003118,193,122,71
W00003119,411,245,166
W00003120,361,191,170
W00003121,306,162,144
W00003122,261,134,127
W00003123,325,290,35
W00003124,282,242,40
W00003125,312,281,31
W00003126,323,257,66
W00003127,366,308,58
W00003128,415,363,52
W00003129,333,234,99
W00003130,292,211,81
W00003131,338,278,60
W00003132,232,193,39
W00003133,136,105,31
W00003134,309,247,62
W00003135,319,254,65
W00003136,275,224,51
W00003137,233,196,37
W00003138,374,319,55
W00003139,393,323,70
W00003140,237,191,46
W00003141,272,238,34
W00003142,240,211,29
W00003143,268,219,49
W00003144,221,200,21
W00003146,278,253,25
W00003147,254,217,37
W00003149,227,194,33
W00003150,373,327,46
W00003151,179,149,30
W00003152,145,137,8
W00003153,269,248,21
W00003154,201,181,20
W00003155,316,279,37
W00003156,292,262,30
W00003157,311,283,28
W00003158,267,239,28
W00003159,280,244,36
W00003160,299,277,22
W00003161,239,223,16
W00003162,259,237,22
W00003163,265,230,35
W00003164,347,324,23
W00003165,363,324,39
W00003166,284,250,34
W00003167,370,349,21
W00003168,206,181,25
W00003169,318,296,22
W00003170,313,277,36
W00003172,432,389,43
W00003173,217,204,13
W00003174,434,387,47
W00003175,495,425,70
W00003177,445,395,50
W00003178,299,268,31
W00003179,228,205,23
W00003180,293,263,30
W00003181,220,207,13
W00003182,297,263,34
W00003183,296,271,25
W00003184,331,296,35
W00003185,250,219,31
W00003186,188,163,25
W00003187,498,338,160
W00003188,249,168,81
W00003189,226,172,54
W00003190,260,203,57
W00003191,273,200,73
W00003192,483,345,138
W00003193,313,241,72
W00003194,233,159,74
W00003195,398,297,101
W00003196,299,222,77
W00003197,409,325,84
W00003198,338,265,73
W00003199,274,146,128
W00003200,214,130,84
W00003201,250,147,103
W00003202,295,108,187
W00003203,316,272,44
W00003204,305,258,47
W00003205,329,312,17
W00003206,249,217,32
W00003207,290,268,22
W00003208,311,280,31
W00003209,308,270,38
W00003210,320,281,39
W00003211,225,188,37
W00003212,269,231,38
W00003213,254,232,22
W00003214,281,259,22
W00003215,262,236,26
W00003216,339,296,43
W00003217,213,190,23
W00003218,272,251,21
W00003219,207,182,25
W00003220,285,247,38
W00003221,263,236,27
W00003222,319,271,48
W00003223,271,246,25
W00003224,301,280,21
W00003225,265,241,24
W00003226,285,257,28
W00003227,277,224,53
W00003228,296,273,23
W00003229,276,246,30
W00003230,346,307,39
W00003231,326,301,25
W00003232,291,259,32
W00003233,287,243,44
W00003234,292,247,45
W00003235,282,253,29
W00003236,246,231,15
W00003237,359,314,45
W00003238,233,204,29
W00003239,350,321,29
W00003240,508,456,52
W00003241,353,332,21
W00003242,514,465,49
W00003243,331,301,30
W00003244,280,245,35
W00003245,229,203,26
W00003246,298,255,43
W00003247,300,278,22
W00003248,302,278,24
W00003249,251,217,34
W00003250,354,342,12
W00003251,342,311,31
W00003252,353,328,25
W00003253,334,295,39
W00003255,366,322,44
W00003256,309,271,38
W00003257,342,304,38
W00003258,406,360,46
W00003259,273,241,32
W00003260,305,276,29
W00003261,283,254,29
W00003262,253,227,26
W00003263,278,216,62
W00003264,269,235,34
W00003265,283,259,24
W00003266,269,239,30
W00003267,291,244,47
W00003268,403,363,40
W00003269,298,258,40
W00003270,304,269,35
W00003271,258,212,46
W00003272,250,207,43
W00003273,237,190,47
W00003274,316,265,51
W00003275,590,499,91
W00003276,282,231,51
W00003277,182,146,36
W00003279,265,209,56
W00003280,447,344,103
W00003281,189,152,37
W00003282,350,258,92
W00003283,284,193,91
W00003284,287,204,83
W00003285,310,217,93
W00003286,214,154,60
W00003287,402,275,127
W00003288,242,146,96
W00003289,278,163,115
W00003290,247,109,138
W00003291,298,135,163
W00003292,288,160,128
W00003293,243,122,121
W00003294,242,110,132
W00003295,193,102,91
W00003296,224,115,109
W00003297,180,161,19
W00003298,412,347,65
W00003299,317,251,66
W00003300,231,204,27
W00003301,214,195,19
W00003302,326,289,37
W00003303,216,196,20
W00003304,173,146,27
W00003305,174,150,24
W00003306,211,174,37
W00003307,107,89,18
W00003308,170,149,21
W00003309,176,149,27
W00003310,190,163,27
W00003311,127,101,26
W00003312,260,220,40
W00003313,192,161,31
W00003314,410,231,179
W00003315,380,243,137
W00003316,314,175,139
W00003317,382,234,148
W00003318,380,231,149
W00003319,510,396,114
W00003320,221,147,74
W00003321,232,156,76
W00003322,150,109,41
W00003323,191,134,57
W00003324,211,183,28
W00003325,278,236,42
W00003326,279,234,45
W00003327,226,191,35
W00003328,231,201,30
W00003329,224,187,37
W00003330,254,207,47
W00003331,256,210,46
W00003332,120,109,11
W00003333,170,156,14
W00003334,155,129,26
W00003335,192,173,19
W00003336,369,301,68
W00003337,104,91,13
W00003338,205,163,42
W00003339,266,222,44
W00003340,166,154,12
W00003341,152,131,21
W00003342,151,123,28
W00003343,262,229,33
W00003344,264,219,45
W00003345,228,175,53
W00003346,322,265,57
W00003347,316,266,50
W00003348,380,251,129
W00003349,242,175,67
W00003350,223,169,54
W00003351,371,253,118
W00003352,369,270,99
W00003353,374,265,109
W00003354,403,162,241
W00003355,345,101,244
W00003356,260,119,141
W00003357,286,105,181
W00003358,230,85,145
W00003359,368,174,194
W00003360,387,148,239
W00003361,292,151,141
W00003362,219,87,132
W00003363,199,100,99
W00003364,284,144,140
W00003365,283,128,155
W00003366,317,119,198
W00003367,291,96,195
W00003368,233,120,113
W00003369,229,96,133
W00003370,312,119,193
W00003372,392,193,199
W00003373,208,107,101
W00003374,286,143,143
W00003375,255,102,153
W00003376,269,103,166
W00003377,291,208,83
W00003378,279,207,72
W00003379,294,229,65
W00003380,286,218,68
W00003381,150,111,39
W00003382,291,164,127
W00003383,237,132,105
W00003384,384,242,142
W00003385,294,204,90
W00003386,249,179,70
W00003387,335,244,91
W00003388,275,222,53
W00003389,337,278,59
W00003390,276,189,87
W00003391,284,196,88
W00003392,335,236,99
W00003393,313,214,99
W00003394,296,181,115
W00003395,301,177,124
W00003396,309,185,124
W00003397,279,192,87
W00003398,281,210,71
W00003399,264,158,106
W00003400,324,190,134
W00003401,248,141,107
W00003402,297,186,111
W00003403,261,175,86
W00003404,206,112,94
W00003405,326,210,116
W00003406,252,151,101
W00003407,246,165,81
W00003408,219,135,84
W00003409,267,146,121
W00003410,249,127,122
W00003411,203,123,80
W00003412,319,194,125
W00003413,278,169,109
W00003414,272,159,113
W00003415,330,210,120
W00003416,252,149,103
W00003418,280,183,97
W00003419,296,168,128
W00003422,268,157,111
W00003423,561,353,208
W00003424,207,99,108
W00003425,314,158,156
W00003426,289,162,127
W00003427,315,138,177
W00003428,210,135,75
W00003429,276,169,107
W00003430,261,157,104
W00003431,280,163,117
W00003432,320,201,119
W00003433,278,179,99
W00003434,244,159,85
W00003435,279,131,148
W00003436,273,148,125
W00003437,337,226,111
W00003438,291,150,141
W00003439,241,149,92
W00003440,330,139,191
W00003441,339,173,166
W00003442,240,133,107
W00003443,338,186,152
W00003444,310,163,147
W00003445,247,133,114
W00003446,279,160,119
W00003447,195,130,65
W00003448,210,157,53
W00003449,208,135,73
W00003450,273,177,96
W00003451,288,191,97
W00003452,292,162,130
W00003453,246,128,118
W00003454,286,111,175
W00003455,299,139,160
W00003456,284,166,118
W00003457,505,303,202
W00003458,508,237,271
W00003459,393,191,202
W00003460,297,132,165
W00003463,298,130,168
W00003464,251,167,84
W00003465,320,174,146
W00003466,238,159,79
W00003467,299,175,124
W00003468,324,176,148
W00003469,286,170,116
W00003470,282,174,108
W00003471,187,106,81
W00003472,233,125,108
W00003473,265,151,114
W00003474,317,145,172
W00003475,293,115,178
W00003476,499,254,245
W00003477,240,127,113
W00003478,191,106,85
W00003479,218,104,114
W00003480,291,165,126
W00003481,195,111,84
W00003482,259,108,151
W00003483,290,128,162
W00003484,243,104,139
W00003485,356,154,202
W00003486,324,168,156
W00003487,307,162,145
W00003488,347,175,172
W00003489,366,174,192
W00003490,356,163,193
W00003491,312,142,170
W00003492,295,160,135
W00003493,309,154,155
W00003494,281,133,148
W00003495,419,211,208
W00003496,217,127,90
W00003497,295,185,110
W00003498,217,129,88
W00003499,380,207,173
W00003500,278,191,87
W00003501,338,254,84
W00003502,280,171,109
W00003503,366,190,176
W00003504,295,187,108
W00003505,272,205,67
W00003506,201,143,58
W00003507,274,174,100
W00003508,256,165,91
W00003509,245,153,92
W00003510,282,175,107
W00003511,317,166,151
W00003512,284,195,89
W00003513,253,147,106
W00003514,291,190,101
W00003515,263,179,84
W00003516,271,189,82
W00003517,336,164,172
W00003518,244,108,136
W00003519,152,101,51
W00003520,304,180,124
W00003521,254,185,69
W00003522,269,191,78
W00003523,249,162,87
W00003524,291,167,124
W00003525,330,201,129
W00003526,330,137,193
W00003527,270,122,148
W00003528,398,193,205
W00003529,329,135,194
W00003530,295,117,178
W00003533,303,148,155
W00003534,311,142,169
W00003535,283,122,161
W00003536,311,153,158
W00003537,326,145,181
W00003538,307,124,183
W00003539,348,170,178
W00003540,228,132,96
W00003542,338,271,67
W00003543,298,224,74
W00003544,249,174,75
W00003545,224,158,66
W00003546,280,206,74
W00003547,301,216,85
W00003548,223,146,77
W00003549,266,212,54
W00003550,286,217,69
W00003552,318,258,60
W00003553,283,211,72
W00003554,262,202,60
W00003555,234,160,74
W00003556,253,172,81
W00003557,221,157,64
W00003558,148,108,40
W00003559,289,125,164
W00003560,308,126,182
W00003561,309,117,192
W00003562,221,96,125
W00003563,337,165,172
W00003564,327,106,221
W00003565,316,119,197
W00003566,242,85,157
W00003567,497,164,333
W00003568,421,158,263
W00003569,436,180,256
W00003571,322,81,241
W00003572,188,79,109
W00003573,588,210,378
W00003574,409,150,259
W00003575,353,142,211
W00003576,322,136,186
W00003577,412,178,234
W00003578,270,135,135
W00003579,295,131,164
W00003580,263,143,120
W00003581,467,265,202
W00003582,307,189,118
W00003583,204,128,76
W00003584,269,152,117
W00003585,263,138,125
W00003586,316,138,178
W00003587,374,205,169
W00003588,335,187,148
W00003589,247,142,105
W00003590,340,199,141
W00003591,249,136,113
W00003592,276,165,111
W00003594,370,190,180
W00003595,243,131,112
W00003596,279,185,94
W00003597,244,132,112
W00003598,255,137,118
W00003599,344,183,161
W00003600,223,129,94
W00003601,274,136,138
W00003602,436,240,196
W00003603,247,119,128
W00003604,228,101,127
W00003605,261,120,141
W00003606,285,171,114
W00003607,311,172,139
W00003608,591,339,252
W00003609,243,126,117
W00003610,269,144,125
W00003611,447,228,219
W00003612,301,141,160
W00003613,417,302,115
W00003614,175,114,61
W00003615,190,108,82
W00003616,145,94,51
W00003617,183,124,59
W00003618,387,277,110
W00003619,293,178,115
W00003620,229,176,53
W00003621,248,188,60
W00003622,112,80,32
W00003623,162,129,33
W00003624,390,179,211
W00003625,386,189,197
W00003626,359,185,174
W00003627,329,167,162
W00003628,305,155,150
W00003629,278,137,141
W00003630,418,192,226
W00003631,365,142,223
W00003632,391,147,244
W00003633,274,111,163
W00003634,279,100,179
W00003635,294,131,163
W00003636,216,92,124
W00003637,281,121,160
W00003638,377,209,168
W00003639,274,126,148
W00003640,337,125,212
W00003641,251,117,134
W00003642,213,113,100
W00003643,211,75,136
W00003644,287,146,141
W00003645,219,100,119
W00003646,236,118,118
W00003647,295,127,168
W00003648,221,107,114
W00003649,222,117,105
W00003650,350,176,174
W00003651,183,117,66
W00003652,228,109,119
W00003653,225,125,100
W00003654,229,139,90
W00003655,277,162,115
W00003656,321,227,94
W00003657,346,118,228
W00003658,404,181,223
W00003659,242,115,127
W00003660,308,111,197
W00003661,283,108,175
W00003662,248,94,154
W00003664,222,83,139
W00003665,376,142,234
W00003666,279,100,179
W00003667,307,87,220
W00003668,286,110,176
W00003669,277,100,177
W00003670,339,135,204
W00003671,520,182,338
W00003672,240,93,147
W00003673,138,97,41
W00003674,196,92,104
W00003675,215,122,93
W00003676,233,166,67
W00003677,266,102,164
W00003678,259,139,120
W00003679,329,136,193
W00003680,276,134,142
W00003681,337,179,158
W00003682,295,154,141
W00003683,268,141,127
W00003684,216,91,125
W00003685,422,206,216
W00003686,306,125,181
W00003687,306,133,173
W00003688,242,90,152
W00003689,229,97,132
W00003690,296,138,158
W00003691,250,110,140
W00003692,354,159,195
W00003693,285,146,139
W00003694,222,124,98
W00003695,391,197,194
W00003696,265,116,149
W00003697,344,120,224
W00003698,324,153,171
W00003699,360,197,163
W00003700,329,149,180
W00003701,331,158,173
W00003702,375,165,210
W00003703,271,122,149
W00003704,284,158,126
W00003705,309,132,177
W00003706,336,185,151
W00003707,251,128,123
W00003708,379,225,154
W00003709,321,137,184
W00003710,166,65,101
W00003711,513,321,192
W00003712,354,169,185
W00003713,275,149,126
W00003714,200,124,76
W00003715,386,193,193
W00003716,414,208,206
W00003717,313,175,138
W00003718,302,146,156
W00003719,356,235,121
W00003720,232,116,116
W00003721,389,176,213
W00003722,387,214,173
W00003723,372,181,191
W00003724,283,147,136
W00003725,252,134,118
W00003726,540,205,335
W00003727,187,83,104
W00003728,269,124,145
W00003729,542,260,282
W00003730,230,105,125
W00003731,355,152,203
W00003732,289,146,143
W00003733,151,71,80
W00003734,299,122,177
W00003735,306,131,175
W00003736,266,107,159
W00003737,312,152,160
W00003738,292,164,128
W00003739,266,99,167
W00003741,456,246,210
W00003742,316,122,194
W00003743,380,144,236
W00003744,330,99,231
W00003745,368,149,219
W00003746,326,174,152
W00003747,439,202,237
W00003748,288,94,194
W00003749,456,190,266
W00003750,308,114,194
W00003751,314,126,188
W00003752,357,148,209
W00003753,278,105,173
W00003754,273,116,157
W00003755,301,94,207
W00003756,231,91,140
W00003757,280,91,189
W00003758,388,133,255
W00003759,281,76,205
W00003760,283,162,121
W00003761,266,138,128
W00003762,289,119,170
W00003763,225,122,103
W00003764,258,135,123
W00003765,216,98,118
W00003766,184,91,93
W00003767,215,139,76
W00003768,466,212,254
W00003769,230,102,128
W00003770,355,205,150
W00003771,230,108,122
W00003772,222,91,131
W00003773,403,168,235
W00003774,307,111,196
W00003775,271,148,123
W00003776,230,80,150
W00003777,271,137,134
W00003778,306,211,95
W00003779,296,215,81
W00003780,262,175,87
W00003781,298,182,116
W00003782,317,212,105
W00003783,267,136,131
W00003784,269,150,119
W00003785,244,168,76
W00003786,266,172,94
W00003787,269,145,124
W00003788,268,162,106
W00003789,306,207,99
W00003790,272,150,122
W00003791,323,201,122
W00003792,252,170,82
W00003793,409,273,136
W00003794,284,195,89
W00003795,227,147,80
W00003796,404,304,100
W00003797,330,210,120
W00003798,291,196,95
W00003799,258,177,81
W00003800,319,199,120
W00003801,274,153,121
W00003802,280,189,91
W00003803,271,163,108
W00003804,247,158,89
W00003805,220,139,81
W00003806,289,198,91
W00003807,273,190,83
W00003808,289,227,62
W00003809,250,165,85
W00003811,311,142,169
W00003812,333,160,173
W00003813,299,112,187
W00003814,361,153,208
W00003815,451,263,188
W00003817,350,181,169
W00003818,315,181,134
W00003819,349,238,111
W00003820,271,171,100
W00003821,326,197,129
W00003823,254,165,89
W00003824,202,116,86
W00003825,318,215,103
W00003826,266,175,91
W00003827,248,160,88
W00003828,266,180,86
W00003829,234,135,99
W00003830,401,145,256
W00003831,338,116,222
W00003832,351,142,209
W00003833,244,86,158
W00003834,346,127,219
W00003835,348,151,197
W00003836,477,214,263
W00003837,469,171,298
W00003838,272,108,164
W00003839,393,174,219
W00003840,292,130,162
W00003841,229,100,129
W00003842,298,160,138
W00003843,256,113,143
W00003844,331,118,213
W00003845,266,105,161
W00003846,295,117,178
W00003847,350,131,219
W00003848,500,180,320
W00003849,317,91,226
W00003850,268,98,170
W00003851,274,116,158
W00003852,255,97,158
W00003853,218,86,132
W00003854,275,97,178
W00003855,325,124,201
W00003856,259,125,134
W00003857,306,88,218
W00003858,325,124,201
W00003859,315,125,190
W00003860,288,94,194
W00003861,270,120,150
W00003862,257,86,171
W00003863,238,90,148
W00003864,236,82,154
W00003865,265,90,175
W00003866,310,132,178
W00003867,300,128,172
W00003868,284,148,136
W00003869,524,236,288
W00003870,315,165,150
W00003871,311,164,147
W00003872,456,217,239
W00003873,377,168,209
W00003874,245,113,132
W00003875,341,144,197
W00003876,378,201,177
W00003877,352,138,214
W00003878,248,90,158
W00003879,289,139,150
W00003880,200,98,102
W00003881,334,188,146
W00003882,232,117,115
W00003883,289,168,121
W00003884,522,242,280
W00003885,351,158,193
W00003886,422,191,231
W00003887,302,138,164
W00003888,396,152,244
W00003889,350,142,208
W00003890,365,174,191
W00003891,385,199,186
W00003892,416,197,219
W00003893,248,123,125
W00003894,396,157,239
W00003895,351,187,164
W00003896,308,176,132
W00003897,161,70,91
W00003898,367,218,149
W00003899,314,190,124
W00003900,224,137,87
W00003901,213,138,75
W00003902,224,131,93
W00003903,265,164,101
W00003904,288,146,142
W00003905,432,235,197
W00003906,303,163,140
W00003907,271,124,147
W00003908,372,177,195
W00003909,352,177,175
W00003910,301,137,164
W00003911,332,166,166
W00003912,305,135,170
W00003913,304,114,190
W00003914,252,114,138
W00003915,294,182,112
W00003916,308,135,173
W00003917,334,140,194
W00003918,476,215,261
W00003919,323,158,165
W00003920,373,184,189
W00003921,278,172,106
W00003922,342,143,199
W00003923,276,134,142
W00003924,268,132,136
W00003925,306,225,81
W00003926,253,194,59
W00003927,290,213,77
W00003928,236,158,78
W00003930,236,169,67
W00003931,263,207,56
W00003932,225,158,67
W00003933,333,234,99
W00003934,239,182,57
W00003935,277,204,73
W00003937,242,164,78
W00003938,295,216,79
W00003939,259,187,72
W00003940,465,290,175
W00003941,161,106,55
W00003943,285,165,120
W00003944,252,136,116
W00003945,258,132,126
W00003946,321,146,175
W00003947,242,180,62
W00003948,269,229,40
W00003949,208,172,36
W00003950,222,203,19
W00003951,274,242,32
W00003952,230,201,29
W00003953,310,278,32
W00003954,300,252,48
W00003955,251,208,43
W00003956,317,247,70
W00003957,122,104,18
W00003958,428,370,58
W00003960,371,342,29
W00003961,292,257,35
W00003962,244,218,26
W00003963,446,394,52
W00003964,264,238,26
W00003965,287,246,41
W00003966,279,230,49
W00003967,229,205,24
W00003968,277,241,36
W00003969,249,226,23
W00003970,306,275,31
W00003971,275,245,30
W00003972,310,290,20
W00003973,282,225,57
W00003975,330,287,43
W00003976,245,235,10
W00003977,310,280,30
W00003978,244,225,19
W00003979,125,106,19
W00003980,128,118,10
W00003981,149,138,11
W00003982,408,372,36
W00003983,413,373,40
W00003984,372,338,34
W00003986,292,276,16
W00003987,233,214,19
W00003988,406,362,44
W00003989,415,387,28
W00003990,243,227,16
W00003991,250,219,31
W00003992,166,151,15
W00003993,206,189,17
W00003995,222,203,19
W00003996,222,208,14
W00003997,535,473,62
W00003998,289,259,30
W00003999,230,206,24
W00004001,240,216,24
W00004002,228,209,19
W00004003,240,218,22
W00004004,498,456,42
W00004005,201,184,17
W00004006,196,177,19
W00004007,297,275,22
W00004008,195,178,17
W00004010,208,192,16
W00004011,132,125,7
W00004012,172,155,17
W00004013,231,202,29
W00004014,253,225,28
W00004015,225,209,16
W00004016,233,207,26
W00004017,221,194,27
W00004018,381,345,36
W00004019,264,228,36
W00004020,279,249,30
W00004021,269,238,31
W00004022,240,206,34
W00004023,186,161,25
W00004025,246,205,41
W00004026,188,164,24
W00004027,366,332,34
W00004028,404,375,29
W00004030,351,273,78
W00004031,337,211,126
W00004032,337,222,115
W00004033,433,309,124
W00004034,304,214,90
W00004035,304,222,82
W00004036,275,220,55
W00004037,271,192,79
W00004038,230,190,40
W00004039,187,141,46
W00004040,309,257,52
W00004041,266,205,61
W00004042,270,222,48
W00004043,333,251,82
W00004044,329,257,72
W00004045,286,240,46
W00004046,254,198,56
W00004047,280,217,63
W00004048,190,140,50
W00004049,299,224,75
W00004050,288,216,72
W00004051,224,155,69
W00004052,247,147,100
W00004053,240,170,70
W00004054,257,182,75
W00004055,270,235,35
W00004056,237,199,38
W00004057,300,283,17
W00004058,334,310,24
W00004059,278,242,36
W00004060,275,225,50
W00004061,255,233,22
W00004062,316,284,32
W00004063,248,219,29
W00004064,285,226,59
W00004065,326,270,56
W00004066,181,167,14
W00004067,306,283,23
W00004068,139,126,13
W00004069,175,148,27
W00004070,251,222,29
W00004072,276,232,44
W00004073,534,428,106
W00004074,232,200,32
W00004075,535,448,87
W00004076,263,231,32
W00004077,242,214,28
W00004078,416,340,76
W00004079,331,281,50
W00004080,250,222,28
W00004081,278,235,43
W00004082,353,312,41
W00004083,255,224,31
W00004084,288,254,34
W00004085,371,299,72
W00004086,282,238,44
W00004087,222,186,36
W00004088,318,278,40
W00004089,258,227,31
W00004090,334,310,24
W00004091,243,209,34
W00004092,233,206,27
W00004093,328,304,24
W00004094,187,172,15
W00004095,231,206,25
W00004096,320,279,41
W00004097,333,278,55
W00004098,289,256,33
W00004099,273,257,16
W00004100,307,287,20
W00004101,328,293,35
W00004102,215,195,20
W00004103,297,259,38
W00004104,290,256,34
W00004105,342,306,36
W00004106,216,188,28
W00004107,266,244,22
W00004108,321,282,39
W00004109,299,273,26
W00004110,287,253,34
W00004111,288,268,20
W00004112,277,246,31
W00004113,268,229,39
W00004114,244,230,14
W00004115,251,222,29
W00004116,270,239,31
W00004117,302,266,36
W00004118,242,211,31
W00004119,218,192,26
W00004120,302,276,26
W00004121,230,210,20
W00004122,287,260,27
W00004123,194,178,16
W00004124,195,174,21
W00004125,241,208,33
W00004126,255,226,29
W00004127,284,250,34
W00004128,232,201,31
W00004129,315,279,36
W00004130,272,234,38
W00004131,315,265,50
W00004132,240,210,30
W00004133,279,250,29
W00004134,277,237,40
W00004135,322,286,36
W00004136,280,256,24
W00004137,305,265,40
W00004138,258,239,19
W00004139,280,246,34
W00004140,357,303,54
W00004141,266,219,47
W00004142,314,256,58
W00004143,350,291,59
W00004144,161,145,16
W00004145,381,341,40
W00004146,297,266,31
W00004147,353,306,47
W00004148,242,208,34
W00004149,269,197,72
W00004150,231,177,54
W00004151,290,250,40
W00004152,301,216,85
W00004153,394,322,72
W00004154,393,294,99
W00004155,187,151,36
W00004157,477,390,87
W00004158,292,243,49
W00004159,343,286,57
W00004160,147,124,23
W00004161,317,278,39
W00004162,332,274,58
W00004163,445,383,62
W00004164,245,194,51
W00004165,300,250,50
W00004166,350,307,43
W00004167,212,176,36
W00004168,383,338,45
W00004169,408,334,74
W00004170,212,179,33
W00004171,294,258,36
W00004172,356,307,49
W00004173,177,149,28
W00004174,305,263,42
W00004175,264,200,64
W00004176,378,298,80
W00004177,321,259,62
W00004178,288,238,50
W00004179,303,241,62
W00004180,296,240,56
W00004181,268,219,49
W00004182,314,270,44
W00004183,197,169,28
W00004184,246,217,29
W00004186,259,213,46
W00004188,259,213,46
W00004189,257,222,35
W00004190,266,216,50
W00004191,289,245,44
W00004192,302,251,51
W00004196,217,181,36
W00004197,252,222,30
W00004198,237,195,42
W00004199,281,249,32
W00004200,277,243,34
W00004201,252,224,28
W00004202,345,307,38
W00004203,243,214,29
W00004204,277,243,34
W00004205,275,198,77
W00004206,214,172,42
W00004207,293,240,53
W00004208,135,110,25
W00004210,303,239,64
W00004211,260,189,71
W00004212,301,221,80
W00004213,198,156,42
W00004215,230,181,49
W00004216,254,189,65
W00004217,220,166,54
W00004218,246,180,66
W00004220,301,272,29
W00004221,270,240,30
W00004222,297,284,13
W00004223,300,259,41
W00004224,245,233,12
W00004225,280,257,23
W00004226,356,311,45
W00004227,291,275,16
W00004228,222,207,15
W00004229,323,305,18
W00004230,233,219,14
W00004232,284,251,33
W00004233,285,232,53
W00004234,265,225,40
W00004235,257,228,29
W00004236,275,241,34
W00004237,281,249,32
W00004238,252,231,21
W00004239,274,257,17
W00004240,275,263,12
W00004241,263,222,41
W00004242,344,297,47
W00004243,382,325,57
W00004244,225,184,41
W00004245,189,162,27
W00004246,432,327,105
W00004247,162,143,19
W00004248,312,246,66
W00004249,279,201,78
W00004250,347,277,70
W00004251,229,183,46
W00004252,532,386,146
W00004253,255,171,84
W00004254,289,217,72
W00004255,483,356,127
W00004256,571,417,154
W00004257,343,274,69
W00004258,379,316,63
W00004259,354,299,55
W00004260,305,234,71
W00004261,270,217,53
W00004262,304,249,55
W00004263,292,242,50
W00004264,356,313,43
W00004265,361,328,33
W00004266,482,411,71
W00004267,375,346,29
W00004268,275,241,34
W00004269,296,259,37
W00004270,254,200,54
W00004271,275,198,77
W00004272,285,207,78
W00004274,323,266,57
W00004275,324,267,57
W00004276,365,313,52
W00004277,446,381,65
W00004278,251,217,34
W00004279,253,214,39
W00004280,262,220,42
W00004281,322,292,30
W00004282,203,181,22
W00004283,218,189,29
W00004284,362,319,43
W00004285,255,218,37
W00004286,450,410,40
W00004288,280,227,53
W00004289,337,269,68
W00004290,334,274,60
W00004291,307,250,57
W00004292,252,202,50
W00004293,243,183,60
W00004294,365,285,80
W00004295,276,241,35
W00004296,262,227,35
W00004297,356,265,91
W00004298,250,187,63
W00004299,185,151,34
W00004300,588,439,149
W00004301,308,213,95
W00004302,293,199,94
W00004303,298,156,142
W00004304,180,116,64
W00004305,370,220,150
W00004306,329,171,158
W00004307,388,342,46
W00004308,279,235,44
W00004309,262,209,53
W00004310,261,217,44
W00004311,234,190,44
W00004312,259,200,59
W00004313,282,239,43
W00004314,263,208,55
W00004315,295,246,49
W00004316,262,221,41
W00004317,372,341,31
W00004318,251,217,34
W00004320,330,252,78
W00004321,250,225,25
W00004322,249,213,36
W00004323,218,177,41
W00004324,318,275,43
W00004325,247,217,30
W00004326,326,292,34
W00004327,307,269,38
W00004328,311,271,40
W00004329,297,269,28
W00004330,249,221,28
W00004331,249,203,46
W00004332,300,274,26
W00004333,226,201,25
W00004334,225,203,22
W00004335,243,210,33
W00004336,259,235,24
W00004337,255,218,37
W00004338,254,224,30
W00004339,305,270,35
W00004340,326,288,38
W00004341,344,247,97
W00004342,249,214,35
W00004343,267,237,30
W00004344,324,243,81
W00004345,264,224,40
W00004346,265,219,46
W00004347,251,215,36
W00004348,254,209,45
W00004349,243,195,48
W00004350,255,202,53
W00004351,290,257,33
W00004352,289,244,45
W00004353,267,215,52
W00004354,254,207,47
W00004355,305,265,40
W00004356,284,241,43
W00004357,284,258,26
W00004358,261,232,29
W00004359,243,200,43
W00004360,247,220,27
W00004361,164,144,20
W00004362,265,214,51
W00004363,348,246,102
W00004364,253,203,50
W00004365,287,243,44
W00004366,308,252,56
W00004367,319,261,58
W00004368,337,298,39
W00004369,279,235,44
W00004370,306,271,35
W00004371,276,244,32
W00004372,385,331,54
W00004373,266,248,18
W00004374,254,212,42
W00004375,211,183,28
W00004376,179,144,35
W00004377,252,227,25
W00004378,235,220,15
W00004379,395,349,46
W00004380,263,212,51
W00004381,339,293,46
W00004382,390,321,69
W00004383,258,231,27
W00004384,289,241,48
W00004385,250,220,30
W00004386,323,276,47
W00004387,271,239,32
W00004388,312,269,43
W00004389,253,210,43
W00004390,291,251,40
W00004391,256,223,33
W00004392,275,233,42
W00004393,297,237,60
W00004394,284,243,41
W00004395,282,246,36
W00004396,273,244,29
W00004397,303,260,43
W00004398,247,220,27
W00004399,267,243,24
W00004400,238,215,23
W00004401,275,256,19
W00004402,302,242,60
W00004403,301,253,48
W00004404,214,171,43
W00004405,440,370,70
W00004406,368,327,41
W00004407,252,214,38
W00004408,443,382,61
W00004409,284,236,48
W00004410,203,172,31
W00004411,388,311,77
W00004412,217,178,39
W00004413,268,209,59
W00004414,265,223,42
W00004415,224,184,40
W00004416,215,174,41
W00004417,186,162,24
W00004418,205,158,47
W00004419,210,185,25
W00004420,235,190,45
W00004421,261,212,49
W00004422,267,209,58
W00004423,261,204,57
W00004424,231,194,37
W00004425,275,235,40
W00004426,145,133,12
W00004427,249,217,32
W00004428,213,186,27
W00004429,281,228,53
W00004430,306,225,81
W00004431,404,331,73
W00004432,361,287,74
W00004433,260,203,57
W00004434,249,208,41
W00004435,258,196,62
W00004436,273,222,51
W00004437,234,185,49
W00004438,350,281,69
W00004439,235,200,35
W00004440,273,248,25
W00004441,326,309,17
W00004442,356,313,43
W00004443,239,211,28
W00004444,290,265,25
W00004445,289,222,67
W00004446,384,337,47
W00004448,222,203,19
W00004449,452,411,41
W00004450,275,247,28
W00004451,312,276,36
W00004452,260,220,40
W00004453,360,337,23
W00004454,260,228,32
W00004455,309,280,29
W00004456,294,266,28
W00004457,273,259,14
W00004458,280,255,25
W00004459,235,224,11
W00004460,239,206,33
W00004461,284,270,14
W00004462,247,224,23
W00004463,327,288,39
W00004464,277,257,20
W00004465,206,167,39
W00004466,235,207,28
W00004467,242,214,28
W00004468,233,221,12
W00004469,313,259,54
W00004470,241,227,14
W00004471,316,286,30
W00004472,319,292,27
W00004473,273,259,14
W00004474,310,264,46
W00004475,284,269,15
W00004476,221,204,17
W00004477,398,358,40
W00004478,334,306,28
W00004479,311,261,50
W00004482,284,247,37
W00004483,308,269,39
W00004484,344,261,83
W00004485,321,253,68
W00004486,378,291,87
W00004487,264,222,42
W00004488,278,227,51
W00004489,294,252,42
W00004490,270,249,21
W00004491,195,168,27
W00004492,233,190,43
W00004493,326,274,52
W00004494,402,340,62
W00004495,350,309,41
W00004496,447,362,85
W00004497,323,242,81
W00004498,420,341,79
W00004499,232,185,47
W00004500,322,281,41
W00004501,258,199,59
W00004502,317,250,67
W00004503,253,215,38
W00004504,326,258,68
W00004505,265,217,48
W00004506,280,234,46
W00004507,457,378,79
W00004508,302,268,34
W00004509,297,241,56
W00004510,372,305,67
W00004511,403,316,87
W00004512,343,267,76
W00004514,303,215,88
W00004515,274,198,76
W00004516,279,216,63
W00004517,332,219,113
W00004518,298,235,63
W00004520,316,232,84
W00004521,362,275,87
W00004522,332,183,149
W00004523,321,231,90
W00004524,302,194,108
W00004525,288,192,96
W00004526,224,142,82
W00004527,400,226,174
W00004528,262,159,103
W00004529,311,187,124
W00004530,283,164,119
W00004531,216,200,16
W00004532,285,256,29
W00004533,274,238,36
W00004534,296,268,28
W00004535,297,275,22
W00004536,281,249,32
W00004537,328,285,43
W00004538,293,266,27
W00004539,272,252,20
W00004540,354,324,30
W00004541,292,261,31
W00004542,280,262,18
W00004544,340,309,31
W00004545,286,262,24
W00004546,268,250,18
W00004547,265,246,19
W00004549,237,217,20
W00004550,276,255,21
W00004552,412,365,47
W00004553,368,311,57
W00004554,375,337,38
W00004555,268,226,42
W00004556,432,363,69
W00004557,292,248,44
W00004558,304,245,59
W00004559,290,245,45
W00004560,324,265,59
W00004561,180,163,17
W00004562,213,187,26
W00004563,355,307,48
W00004564,206,183,23
W00004565,317,269,48
W00004566,307,273,34
W00004567,169,161,8
W00004568,283,234,49
W00004569,264,212,52
W00004570,252,231,21
W00004571,338,266,72
W00004572,317,278,39
W00004573,189,181,8
W00004574,355,294,61
W00004575,238,203,35
W00004576,306,260,46
W00004577,219,188,31
W00004578,269,246,23
W00004579,242,216,26
W00004580,267,223,44
W00004581,262,210,52
W00004582,314,254,60
W00004583,276,220,56
W00004584,316,273,43
W00004586,308,252,56
W00004587,351,272,79
W00004588,263,212,51
W00004589,234,193,41
W00004590,465,386,79
W00004591,248,199,49
W00004592,222,181,41
W00004593,256,217,39
W00004594,253,209,44
W00004595,270,225,45
W00004596,349,299,50
W00004597,277,228,49
W00004598,341,289,52
W00004599,289,235,54
W00004600,315,292,23
W00004601,270,240,30
W00004602,302,284,18
W00004603,293,271,22
W00004604,266,245,21
W00004605,238,224,14
W00004606,273,253,20
W00004607,320,284,36
W00004608,198,192,6
W00004609,153,142,11
W00004610,352,319,33
W00004611,296,256,40
W00004612,219,200,19
W00004613,227,213,14
W00004614,277,258,19
W00004615,316,288,28
W00004616,278,266,12
W00004617,255,241,14
W00004618,245,213,32
W00004619,262,224,38
W00004620,342,309,33
W00004621,251,233,18
W00004622,286,266,20
W00004623,379,324,55
W00004624,264,242,22
W00004625,293,252,41
W00004626,255,230,25
W00004627,358,330,28
W00004628,277,261,16
W00004629,305,286,19
W00004630,210,178,32
W00004631,292,227,65
W00004632,225,168,57
W00004633,331,271,60
W00004634,425,381,44
W00004635,233,188,45
W00004636,242,209,33
W00004637,383,344,39
W00004638,286,256,30
W00004639,244,194,50
W00004640,238,199,39
W00004641,287,259,28
W00004642,348,308,40
W00004643,352,289,63
W00004644,310,251,59
W00004645,332,280,52
W00004646,429,378,51
W00004647,242,198,44
W00004648,387,327,60
W00004649,348,309,39
W00004650,418,359,59
W00004651,304,247,57
W00004652,335,260,75
W00004653,350,299,51
W00004654,367,311,56
W00004655,402,362,40
W00004656,461,406,55
W00004657,356,298,58
W00004658,402,342,60
W00004659,323,269,54
W00004660,222,185,37
W00004661,338,276,62
W00004662,389,336,53
W00004663,375,327,48
W00004664,423,368,55
W00004665,251,209,42
W00004666,245,192,53
W00004667,262,209,53
W00004668,319,281,38
W00004669,307,240,67
W00004670,313,244,69
W00004671,220,189,31
W00004672,273,225,48
W00004673,324,240,84
W00004674,373,271,102
W00004675,316,266,50
W00004676,280,214,66
W00004677,253,180,73
W00004678,325,252,73
W00004679,380,300,80
W00004680,278,218,60
W00004681,337,249,88
W00004682,282,261,21
W00004683,246,215,31
W00004684,294,243,51
W00004685,239,202,37
W00004686,276,238,38
W00004687,203,173,30
W00004688,244,201,43
W00004689,333,272,61
W00004690,221,192,29
W00004691,268,198,70
W00004692,279,222,57
W00004693,388,316,72
W00004694,245,193,52
W00004695,223,174,49
W00004696,227,208,19
W00004697,205,172,33
W00004698,261,222,39
W00004699,256,231,25
W00004700,207,185,22
W00004701,221,185,36
W00004702,240,209,31
W00004703,201,173,28
W00004704,232,212,20
W00004705,349,305,44
W00004706,384,347,37
W00004707,326,291,35
W00004709,292,265,27
W00004710,326,285,41
W00004711,321,285,36
W00004712,309,281,28
W00004713,293,264,29
W00004714,331,310,21
W00004715,253,213,40
W00004716,213,195,18
W00004717,337,301,36
W00004718,338,312,26
W00004719,307,286,21
W00004720,238,214,24
W00004721,273,253,20
W00004722,196,176,20
W00004723,208,183,25
W00004724,293,238,55
W00004725,298,249,49
W00004726,189,138,51
W00004728,322,251,71
W00004729,239,223,16
W00004730,378,311,67
W00004731,292,177,115
W00004732,365,238,127
W00004733,296,197,99
W00004735,333,234,99
W00004736,346,239,107
W00004737,286,216,70
W00004738,320,283,37
W00004739,305,265,40
W00004740,266,241,25
W00004741,427,376,51
W00004742,264,221,43
W00004743,267,235,32
W00004744,415,373,42
W00004745,295,260,35
W00004746,282,237,45
W00004747,256,227,29
W00004748,218,192,26
W00004749,249,222,27
W00004750,298,258,40
W00004751,226,198,28
W00004752,313,279,34
W00004753,341,305,36
W00004754,329,276,53
W00004755,240,214,26
W00004756,399,361,38
W00004757,309,255,54
W00004758,261,234,27
W00004759,287,251,36
W00004760,249,193,56
W00004761,280,227,53
W00004762,322,275,47
W00004763,201,170,31
W00004764,276,222,54
W00004765,270,225,45
W00004766,271,222,49
W00004767,149,137,12
W00004768,235,206,29
W00004769,233,212,21
W00004770,379,331,48
W00004771,252,218,34
W00004772,269,232,37
W00004773,270,234,36
W00004774,257,231,26
W00004775,275,243,32
W00004776,250,227,23
W00004777,279,237,42
W00004778,223,192,31
W00004779,272,261,11
W00004780,266,225,41
W00004781,333,279,54
W00004782,315,271,44
W00004783,304,273,31
W00004784,270,232,38
W00004785,302,267,35
W00004786,273,235,38
W00004787,245,219,26
W00004788,273,238,35
W00004789,334,267,67
W00004790,280,235,45
W00004791,271,232,39
W00004792,554,449,105
W00004793,322,275,47
W00004794,275,207,68
W00004795,229,204,25
W00004796,261,197,64
W00004797,270,209,61
W00004798,278,204,74
W00004799,276,227,49
W00004800,221,188,33
W00004801,271,205,66
W00004802,302,246,56
W00004803,261,216,45
W00004804,297,257,40
W00004805,219,192,27
W00004806,227,196,31
W00004807,274,222,52
W00004808,289,217,72
W00004809,396,327,69
W00004810,299,227,72
W00004811,295,225,70
W00004812,271,216,55
W00004813,144,119,25
W00004814,264,212,52
W00004815,255,202,53
W00004816,230,184,46
W00004817,247,205,42
W00004818,247,191,56
W00004819,266,223,43
W00004820,220,193,27
W00004821,287,250,37
W00004822,292,225,67
W00004823,297,253,44
W00004824,412,341,71
W00004825,226,189,37
W00004826,233,196,37
W00004827,277,228,49
W00004828,247,217,30
W00004829,261,222,39
W00004830,282,249,33
W00004831,309,269,40
W00004832,272,238,34
W00004833,531,436,95
W00004834,270,222,48
W00004836,232,173,59
W00004837,235,191,44
W00004838,334,272,62
W00004839,273,212,61
W00004840,252,222,30
W00004841,230,194,36
W00004842,268,235,33
W00004843,271,219,52
W00004844,289,240,49
W00004845,249,220,29
W00004846,212,179,33
W00004847,274,226,48
W00004848,341,311,30
W00004849,242,212,30
W00004850,240,215,25
W00004851,377,311,66
W00004852,307,248,59
W00004853,288,252,36
W00004854,260,215,45
W00004855,248,215,33
W00004856,294,243,51
W00004857,343,295,48
W00004858,299,255,44
W00004859,316,277,39
W00004860,255,230,25
W00004861,248,215,33
W00004862,323,283,40
W00004863,319,288,31
W00004864,310,274,36
W00004865,357,335,22
W00004866,298,268,30
W00004867,279,223,56
W00004868,330,288,42
W00004869,237,206,31
W00004870,304,264,40
W00004871,295,243,52
W00004872,252,222,30
W00004873,267,231,36
W00004874,273,232,41
W00004875,282,238,44
W00004877,262,214,48
W00004879,559,463,96
W00004882,290,242,48
W00004883,354,241,113
W00004884,265,167,98
W00004885,289,199,90
W00004886,326,249,77
W00004887,273,219,54
W00004888,376,273,103
W00004889,292,115,177
W00004890,248,111,137
W00004891,308,169,139
W00004892,271,105,166
W00004893,159,143,16
W00004894,265,219,46
W00004895,228,206,22
W00004896,315,286,29
W00004897,317,291,26
W00004898,338,298,40
W00004899,268,241,27
W00004900,183,169,14
W00004901,248,233,15
W00004902,230,214,16
W00004903,306,251,55
W00004904,103,82,21
W00004905,269,231,38
W00004906,224,191,33
W00004907,235,205,30
W00004908,217,183,34
W00004909,297,232,65
W00004910,251,221,30
W00004911,238,200,38
W00004912,271,225,46
W00004913,327,276,51
W00004914,208,188,20
W00004915,198,186,12
W00004916,231,206,25
W00004917,283,264,19
W00004918,223,201,22
W00004919,234,159,75
W00004920,228,172,56
W00004921,265,185,80
W00004922,255,197,58
W00004923,275,196,79
W00004924,272,246,26
W00004925,300,214,86
W00004926,300,213,87
W00004927,327,271,56
W00004928,281,228,53
W00004929,241,177,64
W00004930,310,245,65
W00004931,350,210,140
W00004932,364,206,158
W00004934,313,198,115
W00004935,296,196,100
W00004936,291,129,162
W00004937,220,94,126
W00004938,262,124,138
W00004939,283,146,137
W00004940,117,58,59
W00004941,343,140,203
W00004942,171,87,84
W00004943,210,99,111
W00004944,311,132,179
W00004945,259,131,128
W00004946,302,155,147
W00004947,257,243,14
W00004948,144,135,9
W00004949,141,126,15
W00004950,320,300,20
W00004951,249,229,20
W00004952,299,104,195
W00004953,409,189,220
W00004954,253,106,147
W00004955,355,174,181
W00004956,230,206,24
W00004958,374,332,42
W00004960,321,277,44
W00004961,247,208,39
W00004962,258,227,31
W00004963,265,244,21
W00004964,210,196,14
W00004965,300,264,36
W00004966,247,211,36
W00004968,296,274,22
W00004969,250,229,21
W00004970,217,188,29
W00004971,247,228,19
W00004972,260,222,38
W00004973,287,258,29
W00004974,226,201,25
W00004975,257,226,31
W00004976,194,170,24
W00004977,235,205,30
W00004978,188,163,25
W00004979,298,271,27
W00004980,270,243,27
W00004981,252,220,32
W00004982,244,229,15
W00004983,238,209,29
W00004984,251,219,32
W00004985,175,148,27
W00004986,272,234,38
W00004987,329,292,37
W00004988,208,178,30
W00004989,215,196,19
W00004990,214,186,28
W00004991,276,232,44
W00004992,153,135,18
W00004993,232,195,37
W00004994,204,165,39
W00004995,198,167,31
W00004996,198,177,21
W00004997,276,248,28
W00004998,310,254,56
W00004999,331,255,76
W00005000,290,251,39
W00005001,275,247,28
W00005002,311,276,35
W00005003,279,251,28
W00005004,256,224,32
W00005005,301,239,62
W00005006,301,247,54
W00005007,241,203,38
W00005008,279,225,54
W00005009,309,277,32
W00005010,255,213,42
W00005011,283,235,48
W00005012,279,249,30
W00005013,287,256,31
W00005014,262,230,32
W00005015,443,403,40
W00005016,309,271,38
W00005017,244,185,59
W00005018,204,136,68
W00005019,388,331,57
W00005020,310,245,65
W00005021,272,226,46
W00005022,330,286,44
W00005023,250,206,44
W00005024,281,230,51
W00005025,304,193,111
W00005026,344,233,111
W00005027,406,289,117
W00005028,449,289,160
W00005029,430,279,151
W00005030,391,234,157
W00005031,205,140,65
W00005032,327,200,127
W00005033,206,142,64
W00005034,234,156,78
W00005035,338,224,114
W00005036,349,243,106
W00005037,302,190,112
W00005038,306,205,101
W00005039,285,226,59
W00005040,256,166,90
W00005041,502,308,194
W00005042,306,270,36
W00005044,269,231,38
W00005045,306,263,43
W00005046,278,243,35
W00005047,271,240,31
W00005048,278,246,32
W00005049,355,322,33
W00005050,331,285,46
W00005051,243,201,42
W00005052,282,250,32
W00005053,430,354,76
W00005054,280,247,33
W00005055,313,280,33
W00005056,257,228,29
W00005057,289,258,31
W00005058,256,218,38
W00005059,334,298,36
W00005060,222,187,35
W00005061,248,220,28
W00005062,283,246,37
W00005063,249,217,32
W00005064,276,222,54
W00005065,261,219,42
W00005066,246,218,28
W00005067,275,247,28
W00005068,280,236,44
W00005069,309,250,59
W00005070,222,179,43
W00005071,266,205,61
W00005072,469,298,171
W00005073,161,127,34
W00005074,235,171,64
W00005075,351,239,112
W00005076,474,345,129
W00005077,235,178,57
W00005078,321,215,106
W00005080,239,220,19
W00005081,287,260,27
W00005082,265,226,39
W00005083,267,234,33
W00005084,317,300,17
W00005085,216,193,23
W00005086,187,168,19
W00005087,212,190,22
W00005088,390,344,46
W00005089,330,295,35
W00005090,249,234,15
W00005091,285,259,26
W00005092,163,148,15
W00005093,302,271,31
W00005094,186,168,18
W00005095,248,234,14
W00005096,242,223,19
W00005097,287,262,25
W00005098,343,308,35
W00005099,276,256,20
W00005100,344,319,25
W00005101,289,266,23
W00005102,259,230,29
W00005103,402,352,50
W00005104,278,254,24
W00005105,237,204,33
W00005106,279,248,31
W00005107,310,275,35
W00005108,287,251,36
W00005109,285,249,36
W00005110,237,206,31
W00005111,282,253,29
W00005112,287,247,40
W00005113,272,245,27
W00005114,292,267,25
W00005115,295,262,33
W00005116,372,320,52
W00005117,336,310,26
W00005118,314,274,40
W00005119,302,264,38
W00005120,272,236,36
W00005121,257,224,33
W00005122,240,215,25
W00005123,247,226,21
W00005124,249,232,17
W00005125,305,195,110
W00005126,253,181,72
W00005127,317,247,70
W00005128,345,268,77
W00005129,217,152,65
W00005130,232,168,64
W00005131,302,191,111
W00005132,301,279,22
W00005133,360,329,31
W00005134,283,248,35
W00005135,403,351,52
W00005136,236,211,25
W00005137,269,230,39
W00005138,416,366,50
W00005139,237,206,31
W00005140,264,249,15
W00005141,247,220,27
W00005142,231,210,21
W00005143,197,177,20
W00005144,245,221,24
W00005145,490,413,77
W00005146,254,218,36
W00005147,237,213,24
W00005148,549,452,97
W00005149,301,241,60
W00005150,262,213,49
W00005151,389,319,70
W00005152,248,220,28
W00005153,287,252,35
W00005154,264,222,42
W00005155,283,243,40
W00005156,223,130,93
W00005157,332,205,127
W00005158,272,180,92
W00005159,273,173,100
W00005160,257,145,112
W00005161,236,102,134
W00005162,275,133,142
W00005163,277,157,120
W00005164,253,119,134
W00005165,228,120,108
W00005166,226,140,86
W00005167,253,135,118
W00005168,182,131,51
W00005169,275,155,120
W00005171,305,181,124
W00005172,217,195,22
W00005173,241,196,45
W00005174,309,262,47
W00005176,299,259,40
W00005177,294,264,30
W00005178,275,249,26
W00005179,275,254,21
W00005180,418,378,40
W00005181,402,365,37
W00005182,321,294,27
W00005183,392,368,24
W00005184,358,321,37
W00005185,306,263,43
W00005186,260,240,20
W00005187,508,466,42
W00005188,379,325,54
W00005189,120,108,12
W00005190,232,220,12
W00005191,276,258,18
W00005192,356,311,45
W00005193,313,272,41
W00005194,313,272,41
W00005195,265,222,43
W00005196,310,285,25
W00005197,241,214,27
W00005198,281,248,33
W00005199,313,278,35
W00005202,441,368,73
W00005203,317,294,23
W00005204,325,282,43
W00005205,257,238,19
W00005206,240,218,22
W00005207,260,236,24
W00005211,270,252,18
W00005212,346,302,44
W00005213,355,310,45
W00005214,232,210,22
W00005215,293,259,34
W00005216,216,206,10
W00005217,307,269,38
W00005218,277,234,43
W00005219,296,262,34
W00005220,300,259,41
W00005221,260,232,28
W00005222,279,253,26
W00005223,272,232,40
W00005224,284,258,26
W00005225,312,263,49
W00005226,285,256,29
W00005227,274,233,41
W00005228,219,181,38
W00005229,243,217,26
W00005230,289,252,37
W00005231,208,185,23
W00005232,459,389,70
W00005233,254,212,42
W00005234,160,131,29
W00005235,535,443,92
W00005236,359,317,42
W00005237,383,350,33
W00005239,245,228,17
W00005240,244,229,15
W00005241,258,229,29
W00005243,255,232,23
W00005246,495,429,66
W00005247,283,257,26
W00005248,280,259,21
W00005249,224,215,9
W00005250,465,403,62
W00005251,497,431,66
W00005252,228,190,38
W00005253,257,212,45
W00005254,298,241,57
W00005255,253,203,50
W00005256,223,207,16
W00005257,259,209,50
W00005258,233,205,28
W00005259,321,282,39
W00005260,317,293,24
W00005261,259,212,47
W00005262,289,242,47
W00005263,285,256,29
W00005264,211,192,19
W00005265,389,351,38
W00005266,253,220,33
W00005267,256,243,13
W00005268,288,260,28
W00005269,251,232,19
W00005270,297,274,23
W00005271,278,244,34
W00005272,276,252,24
W00005273,250,227,23
W00005274,275,248,27
W00005275,256,235,21
W00005276,232,203,29
W00005277,330,292,38
W00005278,414,356,58
W00005279,226,198,28
W00005280,150,126,24
W00005281,291,262,29
W00005282,248,221,27
W00005283,304,275,29
W00005284,278,233,45
W00005285,247,225,22
W00005287,236,212,24
W00005288,317,290,27
W00005289,231,204,27
W00005294,274,237,37
W00005295,354,317,37
W00005296,389,336,53
W00005297,282,241,41
W00005298,261,222,39
W00005299,290,261,29
W00005300,159,144,15
W00005301,252,219,33
W00005302,258,232,26
W00005303,370,310,60
W00005304,303,261,42
W00005305,283,253,30
W00005306,254,218,36
W00005307,435,362,73
W00005309,273,249,24
W00005310,336,303,33
W00005311,325,286,39
W00005312,358,323,35
W00005313,518,459,59
W00005314,480,424,56
W00005315,290,266,24
W00005316,258,214,44
W00005317,282,243,39
W00005318,210,174,36
W00005319,274,235,39
W00005320,327,283,44
W00005321,254,226,28
W00005322,193,164,29
W00005324,296,261,35
W00005325,214,180,34
W00005326,196,174,22
W00005327,530,442,88
W00005329,205,173,32
W00005330,323,275,48
W00005331,319,286,33
W00005332,225,204,21
W00005333,289,246,43
W00005334,254,229,25
W00005335,274,233,41
W00005336,228,192,36
W00005337,287,246,41
W00005338,273,226,47
W00005339,549,450,99
W00005340,251,217,34
W00005341,247,227,20
W00005342,270,236,34
W00005343,302,274,28
W00005344,289,248,41
W00005346,302,262,40
W00005347,372,343,29
W00005348,222,180,42
W00005349,312,260,52
W00005350,333,305,28
W00005351,331,298,33
W00005352,235,211,24
W00005353,250,227,23
W00005354,200,182,18
W00005355,334,307,27
W00005356,195,186,9
W00005357,227,212,15
W00005358,266,239,27
W00005359,279,246,33
W00005360,266,230,36
W00005361,191,153,38
W00005362,301,254,47
W00005363,320,257,63
W00005364,259,220,39
W00005365,436,337,99
W00005366,244,186,58
W00005367,341,261,80
W00005368,265,213,52
W00005369,275,224,51
W00005370,278,254,24
W00005371,278,234,44
W00005372,228,202,26
W00005373,268,226,42
W00005374,229,196,33
W00005375,257,210,47
W00005376,291,255,36
W00005377,262,225,37
W00005378,259,232,27
W00005379,284,219,65
W00005380,255,219,36
W00005381,310,254,56
W00005382,283,246,37
W00005383,313,277,36
W00005384,243,217,26
W00005385,281,238,43
W00005386,285,232,53
W00005387,275,224,51
W00005388,286,231,55
W00005389,271,222,49
W00005390,201,179,22
W00005391,268,234,34
W00005392,310,258,52
W00005393,283,254,29
W00005394,284,245,39
W00005395,253,204,49
W00005396,247,194,53
W00005397,236,216,20
W00005398,285,241,44
W00005399,303,249,54
W00005400,300,243,57
W00005401,294,258,36
W00005402,334,301,33
W00005403,232,200,32
W00005404,326,264,62
W00005405,263,230,33
W00005406,249,234,15
W00005407,279,258,21
W00005408,226,204,22
W00005409,247,229,18
W00005410,270,242,28
W00005411,437,394,43
W00005412,218,195,23
W00005413,209,194,15
W00005414,284,247,37
W00005415,391,355,36
W00005416,341,298,43
W00005417,249,216,33
W00005418,294,260,34
W00005419,250,221,29
W00005420,320,293,27
W00005421,281,246,35
W00005422,202,187,15
W00005423,289,260,29
W00005424,302,266,36
W00005425,275,246,29
W00005426,331,297,34
W00005427,285,257,28
W00005428,283,249,34
W00005429,337,300,37
W00005430,539,477,62
W00005431,309,286,23
W00005432,321,281,40
W00005433,292,269,23
W00005434,237,196,41
W00005435,272,252,20
W00005436,207,182,25
W00005437,234,214,20
W00005438,271,248,23
W00005439,326,260,66
W00005440,300,264,36
W00005441,222,196,26
W00005442,265,216,49
W00005443,273,234,39
W00005444,238,212,26
W00005445,306,273,33
W00005446,180,169,11
W00005447,455,395,60
W00005448,315,279,36
W00005449,281,233,48
W00005450,290,258,32
W00005451,261,228,33
W00005452,329,304,25
W00005453,286,249,37
W00005454,249,224,25
W00005455,265,236,29
W00005456,280,248,32
W00005457,278,251,27
W00005458,481,430,51
W00005459,282,241,41
W00005460,263,231,32
W00005461,290,266,24
W00005462,199,172,27
W00005463,247,209,38
W00005464,226,197,29
W00005465,286,267,19
W00005466,341,291,50
W00005467,288,243,45
W00005468,305,254,51
W00005469,266,237,29
W00005470,260,217,43
W00005471,197,184,13
W00005472,292,267,25
W00005473,292,262,30
W00005474,245,223,22
W00005475,326,278,48
W00005476,242,222,20
W00005477,304,275,29
W00005478,321,295,26
W00005479,352,294,58
W00005482,308,275,33
W00005483,272,232,40
W00005484,441,392,49
W00005485,373,318,55
W00005486,266,234,32
W00005487,250,229,21
W00005488,313,284,29
W00005489,253,214,39
W00005490,271,237,34
W00005491,261,217,44
W00005492,342,274,68
W00005493,335,300,35
W00005494,313,261,52
W00005495,331,291,40
W00005496,320,266,54
W00005497,329,256,73
W00005498,361,308,53
W00005499,250,220,30
W00005500,463,418,45
W00005501,318,286,32
W00005502,285,245,40
W00005503,233,215,18
W00005504,253,233,20
W00005506,332,279,53
W00005507,282,245,37
W00005508,260,229,31
W00005510,287,253,34
W00005511,252,226,26
W00005512,263,231,32
W00005513,127,107,20
W00005514,221,186,35
W00005515,167,151,16
W00005516,375,318,57
W00005517,405,335,70
W00005518,333,274,59
W00005519,357,312,45
W00005520,317,284,33
W00005521,252,216,36
W00005522,309,277,32
W00005523,266,232,34
W00005524,338,292,46
W00005525,248,212,36
W00005526,290,245,45
W00005527,321,269,52
W00005528,279,239,40
W00005529,269,226,43
W00005530,292,254,38
W00005531,312,245,67
W00005532,272,255,17
W00005533,268,247,21
W00005534,287,257,30
W00005535,167,157,10
W00005536,236,219,17
W00005537,326,298,28
W00005538,299,263,36
W00005539,269,232,37
W00005540,288,262,26
W00005541,250,225,25
W00005542,262,245,17
W00005543,300,266,34
W00005544,283,230,53
W00005545,289,256,33
W00005546,303,277,26
W00005547,251,221,30
W00005548,358,317,41
W00005549,362,332,30
W00005550,287,236,51
W00005551,310,269,41
W00005552,220,190,30
W00005553,296,261,35
W00005554,238,204,34
W00005555,322,284,38
W00005556,224,198,26
W00005557,293,257,36
W00005558,306,269,37
W00005559,194,178,16
W00005560,326,290,36
W00005561,353,326,27
W00005562,276,234,42
W00005563,202,186,16
W00005564,207,189,18
W00005565,285,254,31
W00005566,303,265,38
W00005567,327,280,47
W00005568,302,268,34
W00005569,292,259,33
W00005570,292,256,36
W00005571,304,267,37
W00005572,336,299,37
W00005573,402,355,47
W00005574,221,195,26
W00005575,415,355,60
W00005576,385,337,48
W00005577,280,244,36
W00005578,335,292,43
W00005579,283,253,30
W00005580,307,252,55
W00005581,219,193,26
W00005582,207,187,20
W00005583,324,273,51
W00005584,301,268,33
W00005585,393,352,41
W00005586,315,278,37
W00005587,259,203,56
W00005588,268,245,23
W00005589,259,231,28
W00005590,284,250,34
W00005591,337,282,55
W00005592,304,282,22
W00005593,296,251,45
W00005594,298,263,35
W00005595,273,256,17
W00005596,290,255,35
W00005597,355,310,45
W00005598,319,275,44
W00005599,315,265,50
W00005600,263,242,21
W00005601,235,197,38
W00005603,356,305,51
W00005604,236,217,19
W00005605,495,409,86
W00005608,361,297,64
W00005609,222,173,49
W00005610,250,225,25
W00005611,299,265,34
W00005613,252,206,46
W00005614,207,173,34
W00005615,398,338,60
W00005616,335,263,72
W00005617,304,250,54
W00005618,302,247,55
W00005619,269,216,53
W00005620,268,213,55
W00005621,293,239,54
W00005622,259,237,22
W00005623,260,218,42
W00005624,324,291,33
W00005625,259,227,32
W00005627,308,251,57
W00005628,266,232,34
W00005629,371,325,46
W00005630,277,230,47
W00005631,347,293,54
W00005632,186,168,18
W00005633,225,189,36
W00005634,320,287,33
W00005635,325,275,50
W00005636,346,315,31
W00005637,336,289,47
W00005638,292,260,32
W00005639,264,230,34
W00005640,292,263,29
W00005641,318,278,40
W00005642,304,240,64
W00005643,282,248,34
W00005644,175,135,40
W00005645,259,233,26
W00005646,252,218,34
W00005647,389,331,58
W00005648,228,205,23
W00005650,288,248,40
W00005651,405,350,55
W00005652,300,262,38
W00005653,173,164,9
W00005654,325,289,36
W00005655,259,228,31
W00005656,299,268,31
W00005657,359,323,36
W00005658,196,184,12
W00005659,341,305,36
W00005660,252,229,23
W00005661,331,289,42
W00005662,281,261,20
W00005663,280,253,27
W00005664,254,235,19
W00005665,350,318,32
W00005666,250,232,18
W00005667,330,279,51
W00005668,270,237,33
W00005669,253,237,16
W00005670,270,242,28
W00005671,245,218,27
W00005672,240,209,31
W00005673,525,470,55
W00005674,261,237,24
W00005675,164,144,20
W00005676,313,257,56
W00005677,198,169,29
W00005678,244,209,35
W00005679,247,214,33
W00005680,323,297,26
W00005681,289,247,42
W00005683,267,240,27
W00005684,304,267,37
W00005686,323,296,27
W00005687,297,255,42
W00005688,247,202,45
W00005689,324,259,65
W00005690,276,231,45
W00005691,285,225,60
W00005692,313,256,57
W00005693,280,234,46
W00005694,286,251,35
W00005695,274,234,40
W00005696,283,244,39
W00005697,270,239,31
W00005698,257,220,37
W00005699,254,215,39
W00005700,223,180,43
W00005701,322,263,59
W00005702,282,245,37
W00005703,330,268,62
W00005704,299,271,28
W00005705,300,263,37
W00005706,333,298,35
W00005707,279,256,23
W00005708,328,285,43
W00005709,269,239,30
W00005710,269,229,40
W00005711,304,281,23
W00005712,316,278,38
W00005713,293,250,43
W00005714,278,241,37
W00005715,349,297,52
W00005716,411,342,69
W00005717,283,240,43
W00005718,329,284,45
W00005719,341,281,60
W00005720,274,216,58
W00005721,201,185,16
W00005722,292,244,48
W00005723,417,338,79
W00005724,236,186,50
W00005725,242,201,41
W00005726,337,267,70
W00005727,267,227,40
W00005728,282,229,53
W00005729,273,234,39
W00005730,231,181,50
W00005731,317,238,79
W00005732,246,207,39
W00005733,255,232,23
W00005734,385,306,79
W00005735,218,180,38
W00005736,524,425,99
W00005737,424,331,93
W00005738,358,292,66
W00005739,304,241,63
W00005740,270,239,31
W00005741,300,261,39
W00005742,256,218,38
W00005743,546,466,80
W00005744,222,206,16
W00005745,466,424,42
W00005746,249,207,42
W00005747,274,240,34
W00005748,276,245,31
W00005749,317,281,36
W00005750,310,272,38
W00005751,297,238,59
W00005752,287,233,54
W00005753,273,237,36
W00005754,286,246,40
W00005755,279,229,50
W00005756,266,224,42
W00005757,316,262,54
W00005758,231,210,21
W00005759,301,254,47
W00005760,324,265,59
W00005761,282,233,49
W00005762,507,434,73
W00005763,255,223,32
W00005764,272,252,20
W00005765,318,245,73
W00005766,311,284,27
W00005767,306,273,33
W00005768,255,221,34
W00005769,324,278,46
W00005770,210,184,26
W00005771,293,255,38
W00005773,215,174,41
W00005774,342,302,40
W00005775,265,231,34
W00005776,280,249,31
W00005777,323,271,52
W00005778,325,288,37
W00005779,242,197,45
W00005780,235,205,30
W00005781,301,260,41
W00005782,250,219,31
W00005783,256,224,32
W00005784,402,357,45
W00005785,406,365,41
W00005786,343,316,27
W00005787,278,251,27
W00005788,198,185,13
W00005789,250,216,34
W00005790,302,257,45
W00005791,321,279,42
W00005792,210,193,17
W00005793,241,217,24
W00005794,247,221,26
W00005795,288,250,38
W00005796,317,281,36
W00005797,423,371,52
W00005798,231,205,26
W00005799,284,258,26
W00005800,263,225,38
W00005801,313,253,60
W00005802,258,221,37
W00005803,270,240,30
W00005804,275,245,30
W00005805,255,220,35
W00005806,210,174,36
W00005807,213,201,12
W00005808,281,247,34
W00005809,237,185,52
W00005810,216,194,22
W00005811,291,250,41
W00005812,387,301,86
W00005813,301,256,45
W00005814,305,262,43
W00005815,245,214,31
W00005816,288,239,49
W00005817,340,286,54
W00005818,334,293,41
W00005819,223,184,39
W00005820,286,247,39
W00005821,331,272,59
W00005822,306,264,42
W00005823,269,241,28
W00005824,298,247,51
W00005825,276,256,20
W00005826,244,210,34
W00005827,188,163,25
W00005828,280,244,36
W00005829,328,293,35
W00005830,254,229,25
W00005831,340,305,35
W00005832,293,255,38
W00005833,374,310,64
W00005834,219,188,31
W00005835,233,210,23
W00005836,602,485,117
W00005837,419,326,93
W00005838,303,247,56
W00005839,358,279,79
W00005840,321,259,62
W00005841,407,343,64
W00005842,343,285,58
W00005843,404,355,49
W00005844,239,220,19
W00005845,290,261,29
W00005846,235,217,18
W00005847,529,462,67
W00005848,330,276,54
W00005849,275,247,28
W00005850,313,254,59
W00005851,272,230,42
W00005852,248,215,33
W00005853,217,188,29
W00005854,284,246,38
W00005855,291,246,45
W00005856,288,231,57
W00005857,169,158,11
W00005858,275,222,53
W00005859,242,205,37
W00005860,254,214,40
W00005861,211,178,33
W00005863,229,210,19
W00005864,273,239,34
W00005865,282,253,29
W00005866,296,243,53
W00005867,279,228,51
W00005868,252,214,38
W00005869,252,219,33
W00005870,295,276,19
W00005871,269,236,33
W00005872,223,199,24
W00005873,333,301,32
W00005874,236,192,44
W00005875,271,229,42
W00005876,221,198,23
W00005878,503,405,98
W00005879,464,386,78
W00005880,231,188,43
W00005881,172,147,25
W00005882,375,311,64
W00005883,517,409,108
W00005884,307,264,43
W00005885,326,266,60
W00005886,228,191,37
W00005887,302,246,56
W00005888,301,249,52
W00005889,324,266,58
W00005890,384,323,61
W00005891,423,358,65
W00005892,323,260,63
W00005894,323,238,85
W00005895,326,254,72
W00005896,274,231,43
W00005897,317,268,49
W00005898,311,273,38
W00005899,268,226,42
W00005900,358,304,54
W00005901,370,301,69
W00005902,303,248,55
W00005903,369,335,34
W00005905,193,165,28
W00005906,340,282,58
W00005907,271,252,19
W00005908,241,213,28
W00005909,281,252,29
W00005910,231,203,28
W00005911,264,225,39
W00005913,305,272,33
W00005914,365,317,48
W00005915,268,234,34
W00005916,255,232,23
W00005917,252,222,30
W00005918,304,273,31
W00005919,307,272,35
W00005920,407,349,58
W00005921,319,265,54
W00005922,260,225,35
W00005925,401,361,40
W00005926,244,210,34
W00005927,274,237,37
W00005928,437,392,45
W00005929,269,224,45
W00005930,208,191,17
W00005931,243,205,38
W00005933,317,272,45
W00005934,243,212,31
W00005935,315,265,50
W00005936,276,223,53
W00005938,242,208,34
W00005939,287,210,77
W00005940,270,229,41
W00005941,366,315,51
W00005942,240,198,42
W00005943,254,227,27
W00005944,226,183,43
W00005945,231,198,33
W00005946,320,275,45
W00005947,308,258,50
W00005948,225,188,37
W00005949,235,192,43
W00005950,222,194,28
W00005951,357,292,65
W00005952,275,213,62
W00005953,350,307,43
W00005954,357,308,49
W00005956,382,318,64
W00005957,412,333,79
W00005958,488,425,63
W00005959,303,256,47
W00005960,290,240,50
W00005961,327,285,42
W00005962,597,501,96
W00005963,300,266,34
W00005964,216,194,22
W00005965,291,247,44
W00005966,256,236,20
W00005967,381,321,60
W00005968,304,243,61
W00005969,590,512,78
W00005970,311,262,49
W00005971,322,260,62
W00005972,290,245,45
W00005973,240,203,37
W00005975,247,204,43
W00005976,356,316,40
W00005977,271,227,44
W00005978,257,228,29
W00005979,220,195,25
W00005980,264,230,34
W00005981,368,315,53
W00005982,232,206,26
W00005983,373,309,64
W00005984,264,228,36
W00005985,299,257,42
W00005986,241,216,25
W00005987,411,353,58
W00005990,527,453,74
W00005991,281,234,47
W00005994,272,245,27
W00005995,246,209,37
W00005996,326,277,49
W00005997,294,268,26
W00005998,324,279,45
W00005999,277,242,35
W00006000,196,178,18
W00006001,367,328,39
W00006002,138,127,11
W00006003,245,225,20
W00006004,341,289,52
W00006005,211,184,27
W00006006,278,246,32
W00006007,255,220,35
W00006008,315,279,36
W00006009,282,256,26
W00006010,247,222,25
W00006011,273,232,41
W00006012,303,269,34
W00006013,263,224,39
W00006014,328,291,37
W00006015,312,271,41
W00006016,258,227,31
W00006017,257,230,27
W00006018,287,259,28
W00006019,314,261,53
W00006020,294,258,36
W00006021,192,182,10
W00006022,367,319,48
W00006023,283,243,40
W00006024,250,205,45
W00006025,334,274,60
W00006026,261,241,20
W00006028,265,235,30
W00006029,313,249,64
W00006030,276,232,44
W00006031,304,260,44
W00006032,370,293,77
W00006033,229,194,35
W00006034,243,217,26
W00006035,264,232,32
W00006036,267,231,36
W00006037,280,242,38
W00006038,251,209,42
W00006039,280,248,32
W00006040,430,370,60
W00006041,388,345,43
W00006042,316,283,33
W00006043,322,283,39
W00006044,324,290,34
W00006045,322,292,30
W00006046,238,221,17
W00006047,243,201,42
W00006048,236,188,48
W00006049,261,224,37
W00006050,242,202,40
W00006051,328,277,51
W00006052,343,264,79
W00006053,268,238,30
W00006054,326,279,47
W00006055,318,266,52
W00006056,298,248,50
W00006057,307,280,27
W00006058,303,278,25
W00006059,239,207,32
W00006060,289,260,29
W00006061,305,237,68
W00006062,309,257,52
W00006063,254,216,38
W00006064,286,250,36
W00006065,290,249,41
W00006066,313,258,55
W00006067,247,209,38
W00006068,187,162,25
W00006069,274,222,52
W00006070,341,272,69
W00006071,227,192,35
W00006072,327,263,64
W00006073,314,270,44
W00006074,257,211,46
W00006075,289,249,40
W00006076,284,241,43
W00006077,273,233,40
W00006078,327,263,64
W00006079,285,240,45
W00006080,363,283,80
W00006081,343,281,62
W00006082,373,300,73
W00006083,258,223,35
W00006084,323,267,56
W00006085,301,262,39
W00006086,228,197,31
W00006087,340,294,46
W00006088,257,224,33
W00006089,456,370,86
W00006090,212,186,26
W00006091,145,129,16
W00006092,288,232,56
W00006093,258,213,45
W00006094,238,205,33
W00006095,385,296,89
W00006096,255,206,49
W00006097,445,359,86
W00006098,267,233,34
W00006099,278,253,25
W00006100,267,215,52
W00006101,277,207,70
W00006102,375,310,65
W00006103,426,342,84
W00006105,313,278,35
W00006106,357,311,46
W00006107,286,254,32
W00006108,227,194,33
W00006109,283,250,33
W00006110,209,181,28
W00006111,273,226,47
W00006112,253,215,38
W00006113,274,240,34
W00006114,274,216,58
W00006115,283,203,80
W00006116,314,276,38
W00006117,231,186,45
W00006118,242,206,36
W00006119,262,202,60
W00006120,586,486,100
W00006121,290,257,33
W00006122,383,325,58
W00006123,136,107,29
W00006124,201,165,36
W00006125,338,263,75
W00006126,239,206,33
W00006127,336,302,34
W00006129,329,249,80
W00006130,270,233,37
W00006131,272,232,40
W00006133,214,190,24
W00006137,440,320,120
W00006138,266,217,49
W00006139,363,282,81
W00006140,306,203,103
W00006141,337,272,65
W00006142,290,241,49
W00006143,314,256,58
W00006144,293,256,37
W00006145,385,311,74
W00006146,276,234,42
W00006147,305,258,47
W00006148,285,233,52
W00006149,334,277,57
W00006150,289,261,28
W00006151,256,234,22
W00006152,281,228,53
W00006153,267,245,22
W00006154,255,223,32
W00006155,296,260,36
W00006156,263,226,37
W00006157,229,209,20
W00006158,226,207,19
W00006159,326,303,23
W00006160,310,250,60
W00006161,236,206,30
W00006162,400,341,59
W00006163,321,301,20
W00006164,265,234,31
W00006166,256,212,44
W00006167,289,256,33
W00006168,276,236,40
W00006169,289,247,42
W00006170,271,235,36
W00006172,244,206,38
W00006173,427,389,38
W00006174,254,212,42
W00006175,248,229,19
W00006176,271,227,44
W00006177,222,203,19
W00006178,200,183,17
W00006179,286,258,28
W00006180,294,271,23
W00006181,299,272,27
W00006182,241,220,21
W00006183,290,255,35
W00006184,280,258,22
W00006185,322,277,45
W00006186,264,199,65
W00006187,286,230,56
W00006188,268,225,43
W00006189,275,227,48
W00006190,266,234,32
W00006191,234,207,27
W00006192,255,225,30
W00006193,236,212,24
W00006194,260,228,32
W00006195,278,220,58
W00006196,286,235,51
W00006197,308,254,54
W00006198,286,251,35
W00006199,258,220,38
W00006200,240,202,38
W00006201,251,219,32
W00006202,202,173,29
W00006203,247,218,29
W00006204,316,278,38
W00006205,163,145,18
W00006206,324,271,53
W00006207,262,233,29
W00006208,232,211,21
W00006209,405,318,87
W00006210,274,248,26
W00006211,356,318,38
W00006212,271,234,37
W00006213,228,211,17
W00006214,315,294,21
W00006215,333,287,46
W00006216,210,190,20
W00006217,267,253,14
W00006218,308,276,32
W00006219,263,244,19
W00006220,287,264,23
W00006221,368,302,66
W00006222,240,198,42
W00006223,272,229,43
W00006224,236,211,25
W00006225,248,216,32
W00006226,368,316,52
W00006227,300,247,53
W00006228,301,253,48
W00006229,211,184,27
W00006230,296,257,39
W00006231,215,175,40
W00006232,244,195,49
W00006233,246,211,35
W00006234,254,212,42
W00006235,205,187,18
W00006236,284,250,34
W00006237,247,213,34
W00006238,207,168,39
W00006239,198,169,29
W00006240,485,414,71
W00006241,265,225,40
W00006242,200,171,29
W00006243,278,237,41
W00006244,294,241,53
W00006245,267,232,35
W00006246,242,221,21
W00006247,130,101,29
W00006248,297,259,38
W00006249,528,463,65
W00006250,400,342,58
W00006251,442,382,60
W00006252,351,263,88
W00006253,274,224,50
W00006254,331,264,67
W00006255,353,274,79
W00006257,379,308,71
W00006259,399,336,63
W00006261,264,213,51
W00006262,214,187,27
W00006263,392,310,82
W00006264,317,231,86
W00006265,387,312,75
W00006266,184,157,27
W00006268,500,416,84
W00006269,357,291,66
W00006270,224,200,24
W00006271,253,223,30
W00006272,298,242,56
W00006273,378,318,60
W00006274,460,371,89
W00006275,309,273,36
W00006276,325,276,49
W00006277,196,162,34
W00006278,489,338,151
W00006280,303,269,34
W00006281,285,237,48
W00006282,179,158,21
W00006283,417,366,51
W00006284,427,349,78
W00006286,273,221,52
W00006287,246,199,47
W00006289,253,216,37
W00006290,307,249,58
W00006291,334,267,67
W00006292,247,190,57
W00006293,283,209,74
W00006294,284,222,62
W00006295,325,254,71
W00006296,274,224,50
W00006297,276,226,50
W00006298,280,220,60
W00006299,286,228,58
W00006300,292,241,51
W00006301,303,216,87
W00006302,310,236,74
W00006303,285,246,39
W00006304,361,272,89
W00006305,310,269,41
W00006306,272,233,39
W00006307,264,164,100
W00006308,285,216,69
W00006309,274,217,57
W00006310,290,224,66
W00006311,242,189,53
W00006312,274,202,72
W00006313,227,191,36
W00006314,292,233,59
W00006315,331,234,97
W00006316,463,371,92
W00006317,273,242,31
W00006318,309,260,49
W00006319,354,309,45
W00006320,316,275,41
W00006321,291,254,37
W00006322,285,258,27
W00006323,294,260,34
W00006324,325,285,40
W00006325,323,286,37
W00006326,225,193,32
W00006327,299,273,26
W00006328,254,230,24
W00006329,276,231,45
W00006330,265,234,31
W00006331,223,197,26
W00006332,225,203,22
W00006333,292,247,45
W00006334,228,207,21
W00006335,260,234,26
W00006336,184,168,16
W00006337,301,261,40
W00006338,370,289,81
W00006339,326,286,40
W00006340,275,237,38
W00006341,501,414,87
W00006342,278,251,27
W00006343,291,249,42
W00006344,240,198,42
W00006345,372,297,75
W00006346,248,212,36
W00006347,329,290,39
W00006348,250,204,46
W00006349,301,259,42
W00006350,236,214,22
W00006351,325,281,44
W00006352,251,218,33
W00006353,276,246,30
W00006354,234,213,21
W00006355,343,319,24
W00006356,356,290,66
W00006357,259,217,42
W00006358,246,208,38
W00006359,225,207,18
W00006360,307,255,52
W00006361,191,171,20
W00006362,267,239,28
W00006363,244,224,20
W00006364,313,275,38
W00006365,331,300,31
W00006366,289,263,26
W00006367,247,226,21
W00006368,225,192,33
W00006369,245,212,33
W00006370,259,228,31
W00006371,298,254,44
W00006372,272,246,26
W00006373,285,259,26
W00006374,269,236,33
W00006375,378,344,34
W00006376,211,199,12
W00006377,260,234,26
W00006378,315,269,46
W00006379,287,258,29
W00006380,265,236,29
W00006381,297,271,26
W00006382,297,225,72
W00006383,340,283,57
W00006384,316,283,33
W00006385,276,240,36
W00006386,336,296,40
W00006387,253,208,45
W00006388,198,172,26
W00006389,278,236,42
W00006390,329,288,41
W00006391,291,245,46
W00006392,283,243,40
W00006393,238,202,36
W00006394,280,248,32
W00006395,262,221,41
W00006396,273,216,57
W00006397,244,217,27
W00006398,322,255,67
W00006399,307,268,39
W00006400,273,240,33
W00006401,331,289,42
W00006402,311,277,34
W00006403,197,183,14
W00006404,267,248,19
W00006405,297,252,45
W00006406,294,273,21
W00006407,200,190,10
W00006408,260,244,16
W00006409,253,220,33
W00006410,193,183,10
W00006411,266,240,26
W00006412,291,268,23
W00006413,314,280,34
W00006414,289,258,31
W00006415,296,261,35
W00006416,332,295,37
W00006417,294,258,36
W00006418,224,203,21
W00006419,287,256,31
W00006420,219,184,35
W00006421,326,284,42
W00006422,323,289,34
W00006423,301,242,59
W00006424,302,266,36
W00006425,321,283,38
W00006426,228,202,26
W00006427,233,216,17
W00006428,347,301,46
W00006429,423,347,76
W00006430,359,301,58
W00006431,244,207,37
W00006432,466,395,71
W00006433,270,199,71
W00006434,221,177,44
W00006435,429,287,142
W00006437,253,189,64
W00006438,259,215,44
W00006439,557,411,146
W00006440,533,359,174
W00006441,245,212,33
W00006442,338,244,94
W00006443,274,231,43
W00006444,309,263,46
W00006445,546,351,195
W00006446,233,191,42
W00006447,274,221,53
W00006448,476,371,105
W00006449,338,261,77
W00006450,286,232,54
W00006451,280,215,65
W00006452,312,238,74
W00006453,321,234,87
W00006454,269,216,53
W00006455,240,199,41
W00006456,285,200,85
W00006457,260,227,33
W00006458,306,267,39
W00006459,273,235,38
W00006460,264,225,39
W00006461,301,229,72
W00006462,280,225,55
W00006463,256,211,45
W00006464,274,226,48
W00006465,308,256,52
W00006466,313,251,62
W00006467,256,207,49
W00006468,300,246,54
W00006469,276,235,41
W00006470,280,233,47
W00006471,361,291,70
W00006472,325,268,57
W00006473,200,178,22
W00006474,152,139,13
W00006475,241,203,38
W00006476,264,210,54
W00006477,261,179,82
W00006478,262,210,52
W00006479,310,233,77
W00006480,282,209,73
W00006481,174,134,40
W00006482,346,291,55
W00006483,147,139,8
W00006484,298,255,43
W00006485,392,307,85
W00006486,268,207,61
W00006487,261,220,41
W00006488,262,217,45
W00006489,281,241,40
W00006490,327,285,42
W00006491,206,186,20
W00006492,266,242,24
W00006493,265,231,34
W00006494,275,226,49
W00006495,290,242,48
W00006496,369,333,36
W00006497,297,247,50
W00006498,319,266,53
W00006499,239,189,50
W00006500,294,253,41
W00006501,334,285,49
W00006502,251,214,37
W00006503,418,364,54
W00006504,270,247,23
W00006505,226,195,31
W00006506,274,251,23
W00006507,308,271,37
W00006508,314,271,43
W00006509,306,264,42
W00006510,212,184,28
W00006511,313,276,37
W00006512,293,247,46
W00006513,196,171,25
W00006514,314,273,41
W00006515,440,315,125
W00006516,371,300,71
W00006517,298,266,32
W00006518,306,251,55
W00006519,259,221,38
W00006520,267,225,42
W00006521,262,227,35
W00006522,218,177,41
W00006523,248,216,32
W00006524,261,204,57
W00006525,232,194,38
W00006526,307,258,49
W00006527,182,164,18
W00006528,423,332,91
W00006529,251,219,32
W00006530,245,201,44
W00006531,354,309,45
W00006532,307,249,58
W00006533,298,240,58
W00006534,362,317,45
W00006535,264,225,39
W00006536,294,251,43
W00006537,288,246,42
W00006538,297,246,51
W00006539,244,212,32
W00006540,262,219,43
W00006541,273,208,65
W00006542,245,201,44
W00006543,269,217,52
W00006544,249,217,32
W00006545,273,222,51
W00006546,331,272,59
W00006547,295,249,46
W00006548,237,193,44
W00006549,303,249,54
W00006550,259,209,50
W00006551,606,498,108
W00006552,218,190,28
W00006553,298,277,21
W00006554,293,261,32
W00006555,256,213,43
W00006556,285,246,39
W00006557,280,235,45
W00006558,240,210,30
W00006559,314,272,42
W00006560,169,158,11
W00006561,255,223,32
W00006562,283,235,48
W00006564,570,483,87
W00006565,298,260,38
W00006566,376,324,52
W00006567,302,258,44
W00006568,219,197,22
W00006569,331,273,58
W00006570,281,243,38
W00006571,242,215,27
W00006572,264,229,35
W00006573,369,322,47
W00006574,256,211,45
W00006575,297,258,39
W00006576,280,257,23
W00006577,301,270,31
W00006578,272,235,37
W00006579,299,257,42
W00006580,278,252,26
W00006581,295,266,29
W00006583,262,239,23
W00006584,334,293,41
W00006585,269,233,36
W00006586,459,409,50
W00006587,322,289,33
W00006588,296,256,40
W00006589,330,291,39
W00006590,286,261,25
W00006592,276,234,42
W00006593,225,202,23
W00006594,287,261,26
W00006596,253,224,29
W00006597,262,214,48
W00006598,297,229,68
W00006599,296,248,48
W00006600,277,231,46
W00006601,314,272,42
W00006602,294,238,56
W00006603,269,222,47
W00006604,250,215,35
W00006605,249,207,42
W00006606,363,305,58
W00006607,250,195,55
W00006608,201,185,16
W00006609,315,298,17
W00006610,328,293,35
W00006611,301,269,32
W00006612,247,221,26
W00006613,243,210,33
W00006614,323,253,70
W00006615,327,269,58
W00006616,262,226,36
W00006617,289,239,50
W00006618,312,272,40
W00006619,329,302,27
W00006620,314,274,40
W00006621,314,272,42
W00006622,275,227,48
W00006623,333,290,43
W00006624,357,310,47
W00006625,431,374,57
W00006626,470,431,39
W00006627,225,197,28
W00006628,536,482,54
W00006629,334,287,47
W00006630,342,316,26
W00006631,303,264,39
W00006633,432,373,59
W00006634,300,276,24
W00006635,274,253,21
W00006636,249,199,50
W00006637,239,188,51
W00006638,239,179,60
W00006639,269,225,44
W00006640,342,263,79
W00006641,218,200,18
W00006642,306,250,56
W00006643,310,249,61
W00006644,219,186,33
W00006645,295,243,52
W00006646,234,206,28
W00006647,302,253,49
W00006648,357,291,66
W00006649,303,247,56
W00006650,270,235,35
W00006651,254,235,19
W00006652,226,180,46
W00006653,338,284,54
W00006654,282,247,35
W00006655,269,231,38
W00006656,296,267,29
W00006657,321,241,80
W00006658,251,212,39
W00006659,267,222,45
W00006660,297,244,53
W00006661,313,263,50
W00006662,201,165,36
W00006663,244,193,51
W00006664,186,137,49
W00006665,388,302,86
W00006666,248,197,51
W00006667,283,235,48
W00006668,293,250,43
W00006669,315,235,80
W00006670,261,208,53
W00006671,356,267,89
W00006672,214,191,23
W00006673,292,214,78
W00006674,321,228,93
W00006675,220,179,41
W00006676,322,238,84
W00006677,261,209,52
W00006678,254,213,41
W00006679,195,147,48
W00006680,284,231,53
W00006681,271,246,25
W00006682,251,217,34
W00006683,249,221,28
W00006684,208,186,22
W00006685,184,177,7
W00006686,226,203,23
W00006687,247,215,32
W00006688,348,264,84
W00006689,233,198,35
W00006690,237,208,29
W00006691,260,217,43
W00006692,307,271,36
W00006693,274,240,34
W00006694,268,210,58
W00006695,229,189,40
W00006696,302,267,35
W00006697,281,242,39
W00006698,284,243,41
W00006699,251,225,26
W00006700,269,232,37
W00006701,312,271,41
W00006702,249,222,27
W00006703,261,225,36
W00006704,300,243,57
W00006705,297,248,49
W00006706,252,237,15
W00006707,230,184,46
W00006708,282,235,47
W00006709,284,228,56
W00006710,297,253,44
W00006711,265,210,55
W00006712,228,205,23
W00006713,308,278,30
W00006714,287,257,30
W00006715,287,233,54
W00006716,189,165,24
W00006717,286,218,68
W00006718,219,197,22
W00006719,244,204,40
W00006720,256,221,35
W00006721,305,247,58
W00006722,302,233,69
W00006723,190,164,26
W00006724,249,206,43
W00006725,427,296,131
W00006726,313,247,66
W00006727,291,241,50
W00006728,270,199,71
W00006729,283,225,58
W00006730,258,208,50
W00006731,317,256,61
W00006732,314,267,47
W00006733,306,255,51
W00006734,281,231,50
W00006735,303,255,48
W00006736,201,176,25
W00006737,281,236,45
W00006738,320,261,59
W00006739,342,269,73
W00006740,345,304,41
W00006741,260,230,30
W00006742,291,245,46
W00006743,252,216,36
W00006744,259,217,42
W00006745,273,231,42
W00006746,294,245,49
W00006747,130,103,27
W00006748,307,245,62
W00006749,298,253,45
W00006750,297,244,53
W00006751,284,229,55
W00006752,281,233,48
W00006753,275,239,36
W00006754,321,275,46
W00006755,243,203,40
W00006756,328,278,50
W00006757,243,216,27
W00006758,253,227,26
W00006759,252,216,36
W00006760,317,275,42
W00006761,251,218,33
W00006762,329,284,45
W00006763,276,244,32
W00006765,375,322,53
W00006766,254,238,16
W00006767,400,356,44
W00006768,275,245,30
W00006769,265,217,48
W00006770,278,253,25
W00006772,320,258,62
W00006773,340,285,55
W00006774,426,361,65
W00006775,413,344,69
W00006776,388,335,53
W00006777,196,181,15
W00006779,548,468,80
W00006780,209,192,17
W00006781,297,275,22
W00006782,285,259,26
W00006783,221,193,28
W00006784,277,251,26
W00006785,259,220,39
W00006786,303,264,39
W00006787,270,245,25
W00006788,244,223,21
W00006789,295,264,31
W00006790,278,245,33
W00006791,304,264,40
W00006792,280,242,38
W00006793,254,224,30
W00006794,231,210,21
W00006795,289,246,43
W00006796,265,233,32
W00006797,241,221,20
W00006798,287,255,32
W00006799,354,334,20
W00006800,373,315,58
W00006801,262,230,32
W00006802,281,240,41
W00006803,298,250,48
W00006804,321,300,21
W00006805,181,150,31
W00006806,290,246,44
W00006807,257,240,17
W00006808,330,289,41
W00006809,228,214,14
W00006810,254,246,8
W00006811,305,271,34
W00006812,254,209,45
W00006813,271,257,14
W00006814,346,317,29
W00006815,447,426,21
W00006816,404,372,32
W00006817,187,177,10
W00006818,255,242,13
W00006819,256,243,13
W00006820,283,266,17
W00006821,289,270,19
W00006822,363,326,37
W00006823,319,284,35
W00006824,308,296,12
W00006825,264,257,7
W00006826,323,303,20
W00006827,247,209,38
W00006828,285,232,53
W00006829,303,254,49
W00006830,255,219,36
W00006831,282,218,64
W00006832,244,216,28
W00006833,195,158,37
W00006834,538,451,87
W00006835,93,84,9
W00006836,160,145,15
W00006837,397,337,60
W00006838,310,271,39
W00006839,345,314,31
W00006840,210,201,9
W00006841,222,196,26
W00006842,301,272,29
W00006843,238,219,19
W00006844,336,285,51
W00006845,285,253,32
W00006846,300,255,45
W00006847,310,277,33
W00006848,282,250,32
W00006849,283,247,36
W00006850,193,186,7
W00006851,277,263,14
W00006852,302,261,41
W00006853,270,237,33
W00006854,254,224,30
W00006855,285,262,23
W00006856,286,256,30
W00006857,295,276,19
W00006858,282,259,23
W00006859,377,350,27
W00006860,329,309,20
W00006861,318,297,21
W00006862,293,267,26
W00006863,274,243,31
W00006864,373,338,35
W00006865,286,262,24
W00006866,260,230,30
W00006867,268,230,38
W00006868,281,250,31
W00006869,323,290,33
W00006870,281,256,25
W00006871,236,211,25
W00006872,294,267,27
W00006873,212,189,23
W00006874,253,214,39
W00006875,353,332,21
W00006876,277,255,22
W00006877,282,242,40
W00006878,267,237,30
W00006879,275,241,34
W00006880,306,260,46
W00006881,289,257,32
W00006882,290,247,43
W00006883,230,197,33
W00006884,290,248,42
W00006885,426,376,50
W00006886,286,248,38
W00006887,257,234,23
W00006888,325,297,28
W00006890,352,306,46
W00006891,342,299,43
W00006892,265,238,27
W00006893,277,250,27
W00006894,390,320,70
W00006895,282,240,42
W00006896,281,261,20
W00006897,339,287,52
W00006898,188,170,18
W00006899,278,240,38
W00006900,470,399,71
W00006901,268,226,42
W00006902,269,234,35
W00006903,275,238,37
W00006904,245,212,33
W00006905,422,352,70
W00006906,328,280,48
W00006907,290,260,30
W00006909,301,264,37
W00006910,235,218,17
W00006911,258,210,48
W00006912,304,258,46
W00006913,252,213,39
W00006914,232,199,33
W00006915,346,277,69
W00006916,368,332,36
W00006917,422,357,65
W00006918,316,276,40
W00006919,302,256,46
W00006920,280,239,41
W00006921,300,250,50
W00006922,320,284,36
W00006923,273,240,33
W00006924,318,278,40
W00006925,306,253,53
W00006926,260,226,34
W00006927,335,284,51
W00006928,426,352,74
W00006929,271,225,46
W00006930,211,189,22
W00006931,277,223,54
W00006932,287,242,45
W00006933,239,218,21
W00006934,287,247,40
W00006935,206,187,19
W00006936,289,243,46
W00006937,294,273,21
W00006938,214,176,38
W00006940,408,349,59
W00006941,268,250,18
W00006942,319,282,37
W00006943,229,189,40
W00006944,442,371,71
W00006945,263,230,33
W00006946,324,292,32
W00006947,240,201,39
W00006948,303,280,23
W00006949,386,321,65
W00006950,282,250,32
W00006951,354,309,45
W00006952,297,246,51
W00006953,257,218,39
W00006954,307,258,49
W00006955,303,273,30
W00006956,237,214,23
W00006957,318,284,34
W00006958,283,248,35
W00006959,304,274,30
W00006960,301,256,45
W00006961,313,268,45
W00006962,246,221,25
W00006963,287,259,28
W00006964,269,239,30
W00006965,255,234,21
W00006966,282,247,35
W00006968,327,279,48
W00006969,262,230,32
W00006970,440,388,52
W00006971,221,164,57
W00006972,316,260,56
W00006973,335,278,57
W00006974,300,254,46
W00006975,362,298,64
W00006976,332,250,82
W00006977,362,286,76
W00006978,304,260,44
W00006979,235,176,59
W00006980,267,204,63
W00006981,267,213,54
W00006982,279,228,51
W00006983,354,290,64
W00006984,326,274,52
W00006985,228,203,25
W00006986,258,223,35
W00006987,261,214,47
W00006988,369,303,66
W00006989,278,250,28
W00006990,292,238,54
W00006991,336,276,60
W00006992,293,272,21
W00006993,465,403,62
W00006994,381,326,55
W00006995,393,345,48
W00006996,236,214,22
W00006997,318,278,40
W00006998,255,234,21
W00006999,294,267,27
W00007000,279,240,39
W00007001,245,207,38
W00007002,285,261,24
W00007003,297,271,26
W00007004,247,218,29
W00007005,303,246,57
W00007006,259,222,37
W00007007,286,247,39
W00007008,293,261,32
W00007009,284,250,34
W00007010,251,212,39
W00007011,278,246,32
W00007012,234,209,25
W00007013,294,269,25
W00007014,256,237,19
W00007015,354,321,33
W00007016,247,219,28
W00007017,247,220,27
W00007018,251,214,37
W00007019,332,293,39
W00007020,283,254,29
W00007021,324,279,45
W00007022,289,258,31
W00007023,302,263,39
W00007024,389,333,56
W00007025,308,250,58
W00007026,406,328,78
W00007027,265,224,41
W00007028,347,302,45
W00007029,251,218,33
W00007030,277,241,36
W00007031,312,284,28
W00007032,346,306,40
W00007033,279,235,44
W00007034,287,251,36
W00007035,469,385,84
W00007036,299,259,40
W00007037,319,276,43
W00007038,277,238,39
W00007039,282,245,37
W00007040,265,233,32
W00007041,304,269,35
W00007042,300,266,34
W00007043,221,195,26
W00007044,267,241,26
W00007045,288,241,47
W00007046,302,252,50
W00007047,289,269,20
W00007048,289,260,29
W00007049,315,282,33
W00007050,252,231,21
W00007051,244,217,27
W00007052,221,201,20
W00007053,311,263,48
W00007054,251,234,17
W00007055,355,319,36
W00007056,323,296,27
W00007057,304,254,50
W00007058,290,275,15
W00007059,267,256,11
W00007060,481,434,47
W00007061,248,217,31
W00007062,301,263,38
W00007063,297,267,30
W00007064,310,265,45
W00007065,240,225,15
W00007066,297,265,32
W00007067,483,402,81
W00007068,303,268,35
W00007069,285,254,31
W00007070,288,263,25
W00007071,219,200,19
W00007072,239,224,15
W00007073,321,278,43
W00007074,243,226,17
W00007075,310,280,30
W00007076,295,257,38
W00007077,257,231,26
W00007078,263,233,30
W00007079,349,318,31
W00007080,318,286,32
W00007081,243,219,24
W00007082,266,237,29
W00007083,345,315,30
W00007084,251,224,27
W00007085,253,230,23
W00007086,235,223,12
W00007087,247,227,20
W00007088,321,290,31
W00007089,294,276,18
W00007090,278,255,23
W00007091,280,258,22
W00007092,178,167,11
W00007093,304,268,36
W00007094,278,235,43
W00007095,317,286,31
W00007096,258,242,16
W00007097,279,252,27
W00007098,308,274,34
W00007099,133,130,3
W00007100,329,295,34
W00007101,419,379,40
W00007102,312,288,24
W00007103,188,162,26
W00007104,289,260,29
W00007105,265,247,18
W00007106,276,252,24
W00007108,197,183,14
W00007109,365,323,42
W00007110,246,215,31
W00007111,263,240,23
W00007112,328,296,32
W00007113,300,261,39
W00007114,317,290,27
W00007115,326,294,32
W00007116,247,221,26
W00007117,278,252,26
W00007118,292,256,36
W00007119,170,159,11
W00007120,315,281,34
W00007121,236,218,18
W00007122,305,289,16
W00007123,254,216,38
W00007124,241,224,17
W00007125,288,263,25
W00007126,281,249,32
W00007127,310,281,29
W00007128,320,283,37
W00007129,383,344,39
W00007130,311,281,30
W00007131,273,242,31
W00007132,301,256,45
W00007133,291,259,32
W00007134,264,235,29
W00007135,283,251,32
W00007136,255,222,33
W00007137,274,244,30
W00007138,324,284,40
W00007139,321,296,25
W00007140,402,373,29
W00007141,290,260,30
W00007142,248,201,47
W00007143,309,250,59
W00007144,266,231,35
W00007145,332,299,33
W00007147,448,380,68
W00007148,303,272,31
W00007149,282,247,35
W00007150,333,293,40
W00007151,385,333,52
W00007152,448,375,73
W00007153,254,218,36
W00007154,245,220,25
W00007155,292,262,30
W00007156,230,206,24
W00007157,443,383,60
W00007158,316,260,56
W00007159,339,285,54
W00007160,267,227,40
W00007161,322,279,43
W00007162,232,218,14
W00007163,250,235,15
W00007164,321,260,61
W00007165,311,282,29
W00007166,294,256,38
W00007167,212,184,28
W00007168,392,335,57
W00007169,275,236,39
W00007171,233,213,20
W00007172,328,292,36
W00007173,220,195,25
W00007174,315,268,47
W00007175,245,202,43
W00007176,251,199,52
W00007177,288,253,35
W00007178,254,217,37
W00007179,281,250,31
W00007181,282,231,51
W00007182,227,195,32
W00007183,248,214,34
W00007184,257,218,39
W00007185,262,225,37
W00007186,252,204,48
W00007187,536,414,122
W00007188,275,250,25
W00007190,319,261,58
W00007191,288,262,26
W00007192,466,366,100
W00007193,290,232,58
W00007194,247,204,43
W00007195,364,300,64
W00007196,255,214,41
W00007197,322,296,26
W00007198,222,184,38
W00007199,303,228,75
W00007200,236,210,26
W00007201,205,176,29
W00007202,254,211,43
W00007203,251,208,43
W00007204,252,226,26
W00007205,237,214,23
W00007206,283,244,39
W00007207,284,250,34
W00007208,319,287,32
W00007209,245,225,20
W00007210,276,249,27
W00007211,328,293,35
W00007212,168,145,23
W00007213,347,271,76
W00007214,417,370,47
W00007215,266,216,50
W00007216,369,295,74
W00007217,212,184,28
W00007218,225,199,26
W00007219,257,224,33
W00007220,219,176,43
W00007221,227,203,24
W00007222,225,211,14
W00007223,261,241,20
W00007224,301,251,50
W00007225,280,231,49
W00007226,238,209,29
W00007227,200,179,21
W00007228,313,264,49
W00007229,254,224,30
W00007230,263,243,20
W00007231,560,516,44
W00007232,302,275,27
W00007233,297,285,12
W00007234,274,246,28
W00007235,299,276,23
W00007236,281,257,24
W00007237,307,288,19
W00007238,280,265,15
W00007239,251,227,24
W00007240,329,291,38
W00007241,294,250,44
W00007242,339,296,43
W00007243,278,240,38
W00007244,348,308,40
W00007245,235,214,21
W00007246,251,223,28
W00007247,329,310,19
W00007248,304,282,22
W00007249,325,298,27
W00007250,299,277,22
W00007251,285,248,37
W00007252,332,314,18
W00007253,182,172,10
W00007254,281,261,20
W00007256,257,227,30
W00007257,140,137,3
W00007258,271,253,18
W00007259,346,313,33
W00007261,259,232,27
W00007262,271,255,16
W00007263,229,205,24
W00007264,303,284,19
W00007265,253,232,21
W00007266,358,307,51
W00007267,253,214,39
W00007268,319,268,51
W00007269,347,294,53
W00007270,400,338,62
W00007271,310,255,55
W00007272,369,306,63
W00007273,282,243,39
W00007274,285,245,40
W00007275,341,286,55
W00007276,274,249,25
W00007277,438,370,68
W00007278,275,243,32
W00007279,370,324,46
W00007280,435,389,46
W00007281,449,394,55
W00007282,313,270,43
W00007284,315,281,34
W00007285,270,251,19
W00007286,364,315,49
W00007287,282,264,18
W00007288,367,333,34
W00007289,305,269,36
W00007290,596,525,71
W00007291,379,335,44
W00007292,249,222,27
W00007293,464,386,78
W00007294,253,229,24
W00007295,392,348,44
W00007296,271,219,52
W00007297,339,304,35
W00007298,282,247,35
W00007299,299,226,73
W00007300,389,333,56
W00007301,275,230,45
W00007302,235,218,17
W00007303,298,234,64
W00007304,246,211,35
W00007305,242,216,26
W00007306,278,226,52
W00007307,477,414,63
W00007308,281,232,49
W00007309,340,285,55
W00007310,252,224,28
W00007311,208,188,20
W00007312,186,177,9
W00007313,258,230,28
W00007314,278,246,32
W00007315,266,212,54
W00007316,266,234,32
W00007318,277,239,38
W00007319,247,205,42
W00007320,372,318,54
W00007322,486,384,102
W00007323,230,189,41
W00007324,269,240,29
W00007325,263,229,34
W00007326,305,257,48
W00007327,318,288,30
W00007328,329,292,37
W00007329,307,275,32
W00007330,298,270,28
W00007331,270,236,34
W00007332,271,245,26
W00007333,247,226,21
W00007334,296,239,57
W00007335,424,371,53
W00007336,500,454,46
W00007337,322,286,36
W00007338,303,272,31
W00007339,257,237,20
W00007340,304,262,42
W00007341,256,240,16
W00007342,344,302,42
W00007343,274,245,29
W00007344,316,290,26
W00007345,270,253,17
W00007346,274,249,25
W00007347,411,367,44
W00007348,302,264,38
W00007349,261,223,38
W00007350,249,227,22
W00007351,336,297,39
W00007352,283,250,33
W00007353,178,165,13
W00007354,271,255,16
W00007355,255,230,25
W00007356,315,266,49
W00007357,274,246,28
W00007358,271,244,27
W00007359,374,343,31
W00007360,287,259,28
W00007361,205,184,21
W00007362,334,306,28
W00007363,276,246,30
W00007364,302,270,32
W00007365,279,246,33
W00007366,314,296,18
W00007367,265,241,24
W00007368,292,267,25
W00007369,273,239,34
W00007370,435,397,38
W00007371,322,290,32
W00007372,290,269,21
W00007373,243,223,20
W00007374,229,210,19
W00007375,314,290,24
W00007376,242,223,19
W00007377,213,204,9
W00007378,252,226,26
W00007379,304,274,30
W00007380,266,253,13
W00007381,293,261,32
W00007382,305,280,25
W00007383,254,230,24
W00007384,265,242,23
W00007385,271,254,17
W00007386,224,206,18
W00007387,311,283,28
W00007388,235,216,19
W00007389,238,214,24
W00007390,295,270,25
W00007391,285,253,32
W00007392,280,255,25
W00007393,362,329,33
W00007394,282,264,18
W00007395,319,283,36
W00007396,282,257,25
W00007397,173,165,8
W00007398,258,216,42
W00007399,301,277,24
W00007400,315,264,51
W00007401,381,315,66
W00007402,348,283,65
W00007403,259,218,41
W00007404,295,241,54
W00007405,288,245,43
W00007406,283,242,41
W00007407,245,223,22
W00007408,313,269,44
W00007409,393,346,47
W00007410,272,230,42
W00007411,254,219,35
W00007412,282,255,27
W00007413,390,332,58
W00007414,269,246,23
W00007415,298,275,23
W00007416,241,217,24
W00007417,327,275,52
W00007418,292,249,43
W00007419,276,243,33
W00007420,397,332,65
W00007421,257,224,33
W00007422,291,258,33
W00007423,265,230,35
W00007424,276,227,49
W00007425,453,385,68
W00007426,376,315,61
W00007427,353,286,67
W00007428,319,263,56
W00007429,407,348,59
W00007430,269,238,31
W00007431,243,198,45
W00007432,213,195,18
W00007433,275,254,21
W00007434,268,239,29
W00007435,265,245,20
W00007436,274,231,43
W00007437,235,210,25
W00007438,254,216,38
W00007439,237,216,21
W00007440,206,186,20
W00007441,209,178,31
W00007442,242,216,26
W00007443,190,158,32
W00007444,242,212,30
W00007445,279,230,49
W00007446,310,247,63
W00007447,264,208,56
W00007448,377,309,68
W00007450,348,296,52
W00007451,270,221,49
W00007452,273,228,45
W00007453,353,256,97
W00007454,403,321,82
W00007455,318,253,65
W00007456,275,229,46
W00007457,355,303,52
W00007458,277,231,46
W00007459,289,237,52
W00007460,337,292,45
W00007461,255,228,27
W00007462,306,231,75
W00007463,309,263,46
W00007464,329,284,45
W00007465,341,291,50
W00007466,301,265,36
W00007467,157,146,11
W00007468,306,287,19
W00007469,258,235,23
W00007470,265,240,25
W00007471,275,229,46
W00007472,295,248,47
W00007473,293,232,61
W00007474,368,315,53
W00007475,259,236,23
W00007476,292,265,27
W00007477,279,252,27
W00007478,437,391,46
W00007479,365,332,33
W00007480,253,234,19
W00007481,435,373,62
W00007482,246,220,26
W00007483,391,354,37
W00007484,275,251,24
W00007485,263,231,32
W00007486,306,279,27
W00007487,302,265,37
W00007488,501,394,107
W00007489,239,201,38
W00007490,249,196,53
W00007491,319,269,50
W00007492,168,162,6
W00007493,276,237,39
W00007494,253,219,34
W00007495,252,197,55
W00007496,333,259,74
W00007498,308,258,50
W00007499,342,303,39
W00007500,231,194,37
W00007501,262,215,47
W00007502,282,254,28
W00007503,230,217,13
W00007504,271,263,8
W00007505,224,215,9
W00007506,321,304,17
W00007507,279,256,23
W00007508,261,244,17
W00007509,297,266,31
W00007510,310,289,21
W00007511,245,224,21
W00007512,292,270,22
W00007513,258,245,13
W00007514,290,267,23
W00007515,204,190,14
W00007516,276,261,15
W00007517,227,220,7
W00007518,300,276,24
W00007519,469,433,36
W00007520,201,185,16
W00007521,396,355,41
W00007522,273,255,18
W00007523,272,249,23
W00007524,286,261,25
W00007525,304,275,29
W00007526,266,245,21
W00007527,306,270,36
W00007528,276,261,15
W00007529,276,255,21
W00007530,274,256,18
W00007531,235,228,7
W00007532,273,236,37
W00007533,261,248,13
W00007534,298,280,18
W00007535,280,249,31
W00007536,277,254,23
W00007537,239,223,16
W00007538,254,238,16
W00007539,236,219,17
W00007540,246,236,10
W00007541,275,249,26
W00007542,246,229,17
W00007543,255,235,20
W00007544,220,203,17
W00007545,137,132,5
W00007546,225,211,14
W00007547,577,524,53
W00007548,252,243,9
W00007549,232,215,17
W00007550,325,292,33
W00007551,296,264,32
W00007552,264,229,35
W00007553,253,229,24
W00007554,262,240,22
W00007555,342,317,25
W00007556,381,350,31
W00007557,206,185,21
W00007558,289,264,25
W00007559,260,238,22
W00007560,212,185,27
W00007561,265,244,21
W00007562,236,218,18
W00007563,254,234,20
W00007564,301,263,38
W00007565,229,216,13
W00007566,191,173,18
W00007567,265,239,26
W00007568,290,254,36
W00007569,121,118,3
W00007570,285,265,20
W00007571,296,276,20
W00007572,237,219,18
W00007573,220,203,17
W00007574,306,280,26
W00007575,240,224,16
W00007576,315,297,18
W00007577,291,266,25
W00007578,228,205,23
W00007579,253,228,25
W00007580,243,229,14
W00007581,294,271,23
W00007582,253,231,22
W00007583,254,236,18
W00007584,291,271,20
W00007585,306,275,31
W00007586,220,200,20
W00007587,279,259,20
W00007588,318,295,23
W00007589,292,269,23
W00007590,289,271,18
W00007591,245,223,22
W00007592,260,236,24
W00007593,280,260,20
W00007594,301,275,26
W00007595,304,290,14
W00007596,316,291,25
W00007597,217,214,3
W00007598,366,323,43
W00007599,218,212,6
W00007600,272,247,25
W00007601,274,257,17
W00007602,218,208,10
W00007603,251,236,15
W00007604,242,228,14
W00007605,247,237,10
W00007606,229,220,9
W00007607,523,480,43
W00007609,248,234,14
W00007610,235,224,11
W00007611,268,253,15
W00007612,258,240,18
W00007613,463,426,37
W00007614,336,314,22
W00007615,282,268,14
W00007616,208,193,15
W00007618,278,262,16
W00007619,286,273,13
W00007620,194,189,5
W00007621,312,306,6
W00007622,322,304,18
W00007623,474,417,57
W00007624,156,145,11
W00007625,302,285,17
W00007626,294,275,19
W00007627,187,182,5
W00007628,247,226,21
W00007629,340,318,22
W00007630,258,245,13
W00007631,308,277,31
W00007632,251,232,19
W00007633,232,224,8
W00007634,463,416,47
W00007635,233,217,16
W00007636,314,273,41
W00007637,196,187,9
W00007638,232,202,30
W00007640,343,317,26
W00007641,279,257,22
W00007642,341,307,34
W00007643,224,212,12
W00007644,241,215,26
W00007645,228,212,16
W00007646,243,232,11
W00007647,309,286,23
W00007648,208,190,18
W00007649,257,250,7
W00007650,227,209,18
W00007651,231,203,28
W00007652,250,225,25
W00007653,331,304,27
W00007654,300,287,13
W00007655,287,273,14
W00007656,244,230,14
W00007657,235,212,23
W00007658,283,264,19
W00007659,214,196,18
W00007660,237,230,7
W00007661,264,254,10
W00007662,252,239,13
W00007663,256,232,24
W00007664,215,205,10
W00007665,300,280,20
W00007666,324,292,32
W00007667,325,297,28
W00007668,394,353,41
W00007669,258,236,22
W00007670,291,274,17
W00007672,184,171,13
W00007673,286,263,23
W00007674,253,235,18
W00007675,252,230,22
W00007676,250,235,15
W00007677,242,219,23
W00007678,283,257,26
W00007679,279,259,20
W00007680,250,238,12
W00007681,291,264,27
W00007682,365,343,22
W00007683,285,262,23
W00007684,267,250,17
W00007685,226,209,17
W00007686,280,252,28
W00007687,232,224,8
W00007688,247,238,9
W00007689,203,199,4
W00007690,369,324,45
W00007691,101,94,7
W00007692,260,245,15
W00007693,373,334,39
W00007694,245,229,16
W00007695,227,207,20
W00007696,189,184,5
W00007697,289,278,11
W00007698,249,218,31
W00007699,175,164,11
W00007700,258,243,15
W00007701,245,218,27
W00007702,232,211,21
W00007703,267,246,21
W00007704,197,182,15
W00007705,264,244,20
W00007706,248,210,38
W00007707,227,207,20
W00007708,248,219,29
W00007709,377,329,48
W00007710,245,231,14
W00007711,205,189,16
W00007712,191,179,12
W00007713,266,243,23
W00007714,239,231,8
W00007715,240,221,19
W00007716,278,262,16
W00007717,268,234,34
W00007718,258,241,17
W00007719,264,240,24
W00007720,290,266,24
W00007721,124,117,7
W00007722,261,240,21
W00007723,258,237,21
W00007724,164,159,5
W00007725,269,249,20
W00007726,337,317,20
W00007727,301,271,30
W00007728,261,222,39
W00007729,214,199,15
W00007730,268,251,17
W00007731,253,227,26
W00007732,166,152,14
W00007733,273,261,12
W00007734,107,99,8
W00007735,242,223,19
W00007736,310,286,24
W00007737,270,245,25
W00007738,370,333,37
W00007739,262,245,17
W00007740,206,202,4
W00007741,284,247,37
W00007742,329,308,21
W00007743,320,279,41
W00007744,336,290,46
W00007745,268,240,28
W00007746,291,263,28
W00007747,319,275,44
W00007748,279,257,22
W00007749,302,269,33
W00007750,243,226,17
W00007751,384,337,47
W00007752,278,259,19
W00007753,266,233,33
W00007754,237,223,14
W00007755,329,284,45
W00007756,235,205,30
W00007757,328,286,42
W00007758,323,266,57
W00007759,309,260,49
W00007760,353,308,45
W00007761,418,367,51
W00007762,336,289,47
W00007763,321,278,43
W00007764,232,218,14
W00007765,178,162,16
W00007766,503,441,62
W00007767,325,285,40
W00007768,299,260,39
W00007769,236,219,17
W00007770,359,318,41
W00007771,267,238,29
W00007772,257,236,21
W00007773,237,215,22
W00007774,273,250,23
W00007775,242,215,27
W00007776,111,93,18
W00007777,245,228,17
W00007778,384,352,32
W00007779,268,232,36
W00007780,237,226,11
W00007781,332,299,33
W00007782,304,268,36
W00007783,249,232,17
W00007784,272,246,26
W00007785,216,198,18
W00007786,213,195,18
W00007787,245,230,15
W00007788,230,208,22
W00007789,252,232,20
W00007790,229,216,13
W00007791,248,218,30
W00007792,415,375,40
W00007793,461,422,39
W00007794,282,256,26
W00007795,302,276,26
W00007796,261,237,24
W00007797,314,294,20
W00007798,325,273,52
W00007799,380,346,34
W00007800,287,250,37
W00007801,234,217,17
W00007802,255,238,17
W00007803,312,293,19
W00007804,246,230,16
W00007805,264,237,27
W00007806,262,244,18
W00007807,307,269,38
W00007808,246,231,15
W00007809,238,217,21
W00007810,223,207,16
W00007811,306,282,24
W00007812,278,248,30
W00007813,246,214,32
W00007814,344,310,34
W00007815,277,254,23
W00007816,293,259,34
W00007817,304,264,40
W00007818,372,353,19
W00007819,118,107,11
W00007820,338,312,26
W00007821,269,249,20
W00007822,243,221,22
W00007823,345,319,26
W00007824,345,308,37
W00007825,300,270,30
W00007826,291,251,40
W00007827,226,207,19
W00007828,306,276,30
W00007829,294,270,24
W00007830,277,259,18
W00007831,281,257,24
W00007832,268,242,26
W00007833,273,233,40
W00007834,290,248,42
W00007835,269,237,32
W00007836,340,307,33
W00007837,259,228,31
W00007838,275,246,29
W00007839,335,313,22
W00007840,292,263,29
W00007841,322,288,34
W00007842,247,225,22
W00007843,316,279,37
W00007844,321,284,37
W00007845,281,265,16
W00007846,319,295,24
W00007847,310,294,16
W00007848,325,300,25
W00007849,290,259,31
W00007850,287,261,26
W00007851,284,254,30
W00007852,140,135,5
W00007853,431,401,30
W00007854,191,177,14
W00007855,219,209,10
W00007856,212,196,16
W00007857,374,334,40
W00007859,261,237,24
W00007860,290,270,20
W00007861,356,325,31
W00007863,312,289,23
W00007864,320,292,28
W00007865,278,258,20
W00007866,345,313,32
W00007868,279,260,19
W00007869,273,249,24
W00007870,310,280,30
W00007871,234,213,21
W00007872,274,256,18
W00007873,272,237,35
W00007874,250,233,17
W00007875,232,215,17
W00007876,310,287,23
W00007877,312,278,34
W00007878,306,281,25
W00007879,391,354,37
W00007880,120,109,11
W00007881,287,253,34
W00007882,269,245,24
W00007883,300,269,31
W00007884,357,320,37
W00007885,245,233,12
W00007886,230,215,15
W00007887,281,257,24
W00007888,187,177,10
W00007889,270,249,21
W00007890,256,237,19
W00007891,262,230,32
W00007892,237,224,13
W00007893,252,232,20
W00007894,279,251,28
W00007895,465,437,28
W00007896,203,192,11
W00007897,242,212,30
W00007898,292,259,33
W00007899,275,261,14
W00007900,294,275,19
W00007901,243,226,17
W00007902,261,250,11
W00007903,325,286,39
W00007904,291,279,12
W00007905,299,260,39
W00007906,283,260,23
W00007907,292,265,27
W00007908,260,244,16
W00007909,290,253,37
W00007910,278,261,17
W00007911,227,209,18
W00007912,316,291,25
W00007913,314,293,21
W00007914,271,255,16
W00007915,263,227,36
W00007916,274,247,27
W00007918,281,248,33
W00007919,245,220,25
W00007920,250,220,30
W00007921,237,224,13
W00007922,337,313,24
W00007923,248,222,26
W00007924,243,227,16
W00007925,257,229,28
W00007926,281,263,18
W00007927,284,254,30
W00007928,288,271,17
W00007929,186,162,24
W00007930,304,279,25
W00007931,209,193,16
W00007932,248,236,12
W00007933,290,260,30
W00007934,278,248,30
W00007935,403,358,45
W00007936,265,234,31
W00007937,256,221,35
W00007938,299,272,27
W00007939,252,227,25
W00007940,195,179,16
W00007941,303,276,27
W00007942,252,226,26
W00007943,253,225,28
W00007944,293,253,40
W00007945,267,238,29
W00007946,256,237,19
W00007948,312,276,36
W00007949,270,240,30
W00007950,267,244,23
W00007951,307,268,39
W00007952,260,235,25
W00007953,276,241,35
W00007954,321,291,30
W00007955,264,249,15
W00007956,299,273,26
W00007957,316,283,33
W00007958,304,275,29
W00007959,305,286,19
W00007960,315,294,21
W00007961,374,342,32
W00007962,327,299,28
W00007963,525,455,70
W00007964,249,236,13
W00007965,294,276,18
W00007966,270,240,30
W00007967,307,275,32
W00007969,296,251,45
W00007970,254,236,18
W00007971,206,190,16
W00007972,268,232,36
W00007973,281,256,25
W00007974,194,179,15
W00007975,273,242,31
W00007976,205,193,12
W00007977,279,262,17
W00007978,184,173,11
W00007979,343,323,20
W00007980,243,220,23
W00007981,258,233,25
W00007982,248,234,14
W00007983,268,242,26
W00007984,248,223,25
W00007985,327,295,32
W00007986,251,239,12
W00007987,288,270,18
W00007988,269,239,30
W00007989,276,248,28
W00007990,289,252,37
W00007991,291,261,30
W00007992,282,266,16
W00007993,261,235,26
W00007994,231,209,22
W00007995,304,283,21
W00007996,317,270,47
W00007997,264,232,32
W00007998,229,202,27
W00007999,257,241,16
W00008000,265,242,23
W00008001,350,304,46
W00008002,363,326,37
W00008003,244,225,19
W00008004,236,221,15
W00008005,281,255,26
W00008006,281,254,27
W00008007,325,278,47
W00008008,265,242,23
W00008009,242,234,8
W00008011,315,285,30
W00008012,424,385,39
W00008013,323,288,35
W00008014,111,109,2
W00008015,136,134,2
W00008016,129,113,16
W00008017,279,260,19
W00008018,267,238,29
W00008019,268,243,25
W00008020,306,270,36
W00008021,312,283,29
W00008022,288,259,29
W00008023,290,270,20
W00008024,252,226,26
W00008025,287,264,23
W00008026,312,276,36
W00008027,173,164,9
W00008028,292,266,26
W00008029,347,326,21
W00008030,202,180,22
W00008031,255,233,22
W00008032,331,305,26
W00008033,247,227,20
W00008034,244,215,29
W00008035,234,214,20
W00008036,423,363,60
W00008037,302,276,26
W00008038,245,220,25
W00008039,161,142,19
W00008040,361,333,28
W00008041,250,230,20
W00008042,284,261,23
W00008043,336,296,40
W00008044,292,263,29
W00008045,315,285,30
W00008046,297,261,36
W00008047,403,360,43
W00008049,365,314,51
W00008050,191,183,8
W00008051,287,256,31
W00008052,288,248,40
W00008053,267,246,21
W00008055,284,250,34
W00008056,208,167,41
W00008057,357,307,50
W00008058,245,232,13
W00008059,402,353,49
W00008060,272,235,37
W00008061,257,234,23
W00008062,290,255,35
W00008063,268,219,49
W00008064,275,238,37
W00008065,339,306,33
W00008066,297,268,29
W00008067,309,274,35
W00008068,101,93,8
W00008069,243,222,21
W00008070,316,286,30
W00008071,231,197,34
W00008072,292,268,24
W00008073,242,216,26
W00008074,248,223,25
W00008075,295,262,33
W00008076,322,281,41
W00008077,293,259,34
W00008078,282,245,37
W00008079,384,345,39
W00008080,472,414,58
W00008081,307,269,38
W00008082,317,282,35
W00008083,344,311,33
W00008084,405,370,35
W00008085,251,235,16
W00008086,296,271,25
W00008087,284,265,19
W00008088,299,275,24
W00008089,273,253,20
W00008090,325,283,42
W00008091,315,296,19
W00008092,328,307,21
W00008093,206,194,12
W00008094,311,274,37
W00008096,476,439,37
W00008097,240,223,17
W00008099,290,266,24
W00008100,312,267,45
W00008101,245,226,19
W00008102,313,292,21
W00008103,274,256,18
W00008104,257,239,18
W00008105,331,301,30
W00008106,301,269,32
W00008107,243,218,25
W00008108,297,259,38
W00008109,260,221,39
W00008110,286,254,32
W00008111,271,240,31
W00008112,460,393,67
W00008113,289,266,23
W00008114,267,237,30
W00008115,295,270,25
W00008116,250,221,29
W00008117,231,202,29
W00008118,260,218,42
W00008119,287,272,15
W00008120,231,202,29
W00008121,259,227,32
W00008122,253,221,32
W00008123,269,252,17
W00008124,273,253,20
W00008125,236,210,26
W00008126,253,229,24
W00008127,235,198,37
W00008128,276,230,46
W00008129,304,286,18
W00008130,307,285,22
W00008131,268,248,20
W00008132,367,336,31
W00008133,494,448,46
W00008134,519,479,40
W00008135,337,305,32
W00008136,229,206,23
W00008137,345,300,45
W00008138,318,286,32
W00008139,313,287,26
W00008140,262,232,30
W00008141,322,286,36
W00008142,434,374,60
W00008143,273,247,26
W00008144,313,288,25
W00008145,316,276,40
W00008146,204,181,23
W00008147,310,269,41
W00008148,357,304,53
W00008149,219,200,19
W00008150,467,418,49
W00008151,244,202,42
W00008152,245,222,23
W00008153,145,128,17
W00008154,251,238,13
W00008157,444,408,36
W00008159,491,431,60
W00008160,424,391,33
W00008161,292,265,27
W00008162,278,244,34
W00008163,255,221,34
W00008164,326,302,24
W00008165,367,332,35
W00008166,323,294,29
W00008167,311,280,31
W00008168,325,293,32
W00008169,347,308,39
W00008170,339,302,37
W00008171,360,316,44
W00008172,370,316,54
W00008173,313,271,42
W00008174,260,219,41
W00008175,257,236,21
W00008176,220,185,35
W00008177,263,236,27
W00008178,489,423,66
W00008179,248,208,40
W00008180,494,448,46
W00008181,279,250,29
W00008182,441,387,54
W00008183,335,289,46
W00008184,237,207,30
W00008185,275,243,32
W00008186,295,264,31
W00008187,309,274,35
W00008188,209,187,22
W00008189,227,200,27
W00008190,458,386,72
W00008191,297,261,36
W00008192,306,268,38
W00008193,256,227,29
W00008194,304,252,52
W00008195,210,196,14
W00008196,339,305,34
W00008197,275,251,24
W00008198,220,192,28
W00008199,268,235,33
W00008200,288,263,25
W00008201,333,298,35
W00008202,316,282,34
W00008203,282,258,24
W00008204,265,242,23
W00008205,166,155,11
W00008206,340,301,39
W00008207,296,277,19
W00008208,265,238,27
W00008209,201,186,15
W00008210,217,203,14
W00008211,200,183,17
W00008212,347,313,34
W00008213,304,283,21
W00008214,420,374,46
W00008215,298,283,15
W00008216,358,328,30
W00008217,217,200,17
W00008219,232,211,21
W00008220,201,179,22
W00008222,477,419,58
W00008223,324,296,28
W00008224,296,270,26
W00008225,241,219,22
W00008226,295,268,27
W00008227,212,193,19
W00008228,268,238,30
W00008229,322,291,31
W00008230,250,229,21
W00008231,300,270,30
W00008232,368,328,40
W00008233,284,246,38
W00008234,379,329,50
W00008235,322,291,31
W00008236,361,328,33
W00008237,341,311,30
W00008238,328,301,27
W00008239,400,335,65
W00008240,297,267,30
W00008241,311,282,29
W00008242,385,346,39
W00008243,332,310,22
W00008244,212,182,30
W00008245,253,219,34
W00008246,298,265,33
W00008247,270,246,24
W00008248,257,229,28
W00008249,308,279,29
W00008250,255,242,13
W00008251,329,302,27
W00008252,320,292,28
W00008253,298,276,22
W00008254,303,272,31
W00008255,342,304,38
W00008256,266,241,25
W00008257,342,304,38
W00008258,294,274,20
W00008260,251,234,17
W00008261,349,321,28
W00008262,236,209,27
W00008263,288,266,22
W00008264,259,230,29
W00008265,254,242,12
W00008266,184,179,5
W00008267,271,251,20
W00008268,269,231,38
W00008269,268,249,19
W00008270,291,252,39
W00008271,227,209,18
W00008272,290,259,31
W00008273,234,217,17
W00008274,281,259,22
W00008275,263,242,21
W00008276,277,254,23
W00008277,293,266,27
W00008278,396,358,38
W00008279,321,268,53
W00008280,247,224,23
W00008281,372,328,44
W00008282,278,257,21
W00008283,464,443,21
W00008284,401,358,43
W00008285,481,398,83
W00008286,312,265,47
W00008287,339,301,38
W00008288,290,264,26
W00008289,340,310,30
W00008290,253,237,16
W00008291,264,243,21
W00008292,281,260,21
W00008293,260,242,18
W00008294,271,242,29
W00008295,234,221,13
W00008296,272,248,24
W00008297,252,228,24
W00008298,437,393,44
W00008299,371,334,37
W00008300,232,209,23
W00008301,356,328,28
W00008302,225,200,25
W00008303,381,348,33
W00008304,374,334,40
W00008305,300,272,28
W00008306,394,348,46
W00008307,249,231,18
W00008308,313,277,36
W00008309,288,269,19
W00008311,558,499,59
W00008313,215,197,18
W00008314,161,154,7
W00008315,303,279,24
W00008316,386,334,52
W00008317,265,241,24
W00008318,340,308,32
W00008319,315,282,33
W00008320,339,311,28
W00008321,254,235,19
W00008322,281,259,22
W00008323,287,262,25
W00008324,235,220,15
W00008325,168,153,15
W00008326,250,217,33
W00008327,266,238,28
W00008328,263,235,28
W00008329,366,325,41
W00008330,259,231,28
W00008331,224,208,16
W00008332,280,256,24
W00008333,272,231,41
W00008334,184,177,7
W00008335,293,263,30
W00008336,392,345,47
W00008337,303,259,44
W00008338,299,262,37
W00008339,278,263,15
W00008340,397,359,38
W00008341,276,251,25
W00008342,271,258,13
W00008343,309,281,28
W00008344,303,263,40
W00008345,291,263,28
W00008346,485,417,68
W00008347,264,237,27
W00008348,380,338,42
W00008349,455,419,36
W00008350,364,301,63
W00008351,303,274,29
W00008352,429,379,50
W00008353,263,233,30
W00008354,338,289,49
W00008355,359,334,25
W00008356,305,268,37
W00008357,324,306,18
W00008358,293,254,39
W00008359,249,226,23
W00008360,256,239,17
W00008361,332,295,37
W00008362,304,271,33
W00008363,449,413,36
W00008364,388,347,41
W00008365,381,343,38
W00008366,264,232,32
W00008367,300,282,18
W00008368,328,303,25
W00008369,237,226,11
W00008370,325,298,27
W00008371,351,320,31
W00008372,366,329,37
W00008373,318,296,22
W00008374,353,312,41
W00008375,274,256,18
W00008376,305,284,21
W00008377,235,223,12
W00008378,376,344,32
W00008379,322,301,21
W00008380,314,266,48
W00008381,319,285,34
W00008382,295,265,30
W00008383,273,239,34
W00008384,295,263,32
W00008385,247,225,22
W00008386,282,260,22
W00008387,274,248,26
W00008388,313,288,25
W00008389,234,209,25
W00008390,261,244,17
W00008391,274,250,24
W00008392,233,210,23
W00008393,304,282,22
W00008394,340,300,40
W00008395,286,259,27
W00008396,283,267,16
W00008397,313,277,36
W00008398,292,266,26
W00008399,305,284,21
W00008400,270,262,8
W00008401,309,274,35
W00008402,306,273,33
W00008403,318,304,14
W00008404,244,211,33
W00008405,290,272,18
W00008406,258,244,14
W00008407,336,317,19
W00008408,221,206,15
W00008409,329,299,30
W00008411,258,230,28
W00008412,267,254,13
W00008413,190,176,14
W00008414,307,285,22
W00008415,242,218,24
W00008416,238,224,14
W00008417,236,216,20
W00008418,248,225,23
W00008419,208,197,11
W00008420,300,287,13
W00008421,217,201,16
W00008422,282,252,30
W00008423,227,214,13
W00008424,357,325,32
W00008425,290,266,24
W00008426,273,253,20
W00008427,251,236,15
W00008428,292,261,31
W00008429,267,249,18
W00008430,296,272,24
W00008431,296,282,14
W00008432,277,249,28
W00008433,501,446,55
W00008434,298,276,22
W00008435,247,231,16
W00008436,294,253,41
W00008437,307,281,26
W00008438,231,211,20
W00008439,460,424,36
W00008440,251,227,24
W00008441,257,234,23
W00008442,276,248,28
W00008443,361,328,33
W00008444,536,469,67
W00008445,208,193,15
W00008446,274,245,29
W00008447,295,270,25
W00008448,289,277,12
W00008449,248,217,31
W00008450,140,135,5
W00008451,305,262,43
W00008452,303,267,36
W00008453,296,264,32
W00008454,271,236,35
W00008455,273,238,35
W00008456,352,301,51
W00008457,276,245,31
W00008458,240,220,20
W00008459,298,261,37
W00008460,199,183,16
W00008461,269,232,37
W00008462,291,278,13
W00008463,360,338,22
W00008464,308,287,21
W00008465,255,235,20
W00008466,355,309,46
W00008467,343,330,13
W00008468,187,177,10
W00008469,290,267,23
W00008470,431,396,35
W00008471,310,282,28
W00008472,268,246,22
W00008473,253,237,16
W00008474,297,274,23
W00008475,264,244,20
W00008476,414,374,40
W00008477,271,245,26
W00008478,294,268,26
W00008479,263,248,15
W00008480,222,211,11
W00008481,312,293,19
W00008482,354,328,26
W00008483,248,239,9
W00008484,241,235,6
W00008485,283,261,22
W00008486,231,221,10
W00008487,254,236,18
W00008488,343,314,29
W00008489,273,251,22
W00008490,259,234,25
W00008491,309,285,24
W00008492,163,163,0
W00008493,372,331,41
W00008494,160,145,15
W00008495,313,270,43
W00008496,254,231,23
W00008497,311,270,41
W00008499,307,274,33
W00008500,298,262,36
W00008501,294,260,34
W00008503,283,254,29
W00008504,244,222,22
W00008505,335,298,37
W00008506,521,475,46
W00008507,257,232,25
W00008508,196,173,23
W00008509,419,359,60
W00008510,318,292,26
W00008511,347,307,40
W00008512,371,332,39
W00008513,141,127,14
W00008515,491,426,65
W00008516,264,248,16
W00008517,499,445,54
W00008518,404,360,44
W00008519,214,195,19
W00008520,376,353,23
W00008521,273,257,16
W00008522,198,184,14
W00008523,241,219,22
W00008524,312,291,21
W00008526,282,263,19
W00008527,280,264,16
W00008529,286,264,22
W00008530,203,190,13
W00008531,272,251,21
W00008532,246,230,16
W00008534,292,261,31
W00008535,264,250,14
W00008536,327,308,19
W00008537,387,357,30
W00008538,258,243,15
W00008539,283,265,18
W00008540,340,315,25
W00008542,286,269,17
W00008543,264,246,18
W00008544,409,371,38
W00008545,293,267,26
W00008546,246,233,13
W00008547,318,285,33
W00008548,285,265,20
W00008549,297,280,17
W00008550,350,325,25
W00008551,282,266,16
W00008552,507,431,76
W00008553,332,317,15
W00008554,220,202,18
W00008555,340,322,18
W00008556,582,520,62
W00008557,337,310,27
W00008558,266,235,31
W00008559,189,179,10
W00008560,274,239,35
W00008561,304,285,19
W00008562,274,254,20
W00008563,309,278,31
W00008564,170,164,6
W00008565,291,269,22
W00008566,434,409,25
W00008567,320,300,20
W00008569,208,197,11
W00008570,287,270,17
W00008571,297,275,22
W00008572,298,282,16
W00008573,285,275,10
W00008574,356,340,16
W00008575,293,272,21
W00008576,322,294,28
W00008577,277,250,27
W00008578,373,337,36
W00008579,301,269,32
W00008580,340,308,32
W00008581,300,274,26
W00008582,278,256,22
W00008583,284,250,34
W00008584,171,163,8
W00008585,311,285,26
W00008586,280,262,18
W00008587,246,222,24
W00008588,266,241,25
W00008589,281,262,19
W00008590,317,293,24
W00008591,153,144,9
W00008592,263,235,28
W00008593,293,274,19
W00008594,217,198,19
W00008595,298,263,35
W00008599,348,309,39
W00008600,334,293,41
W00008601,502,452,50
W00008602,381,340,41
W00008603,433,391,42
W00008604,343,310,33
W00008605,298,260,38
W00008606,342,318,24
W00008607,426,403,23
W00008608,336,303,33
W00008610,522,501,21
W00008611,348,319,29
W00008612,219,212,7
W00008613,342,326,16
W00008614,467,427,40
W00008615,529,502,27
W00008616,178,172,6
W00008618,228,216,12
W00008619,523,474,49
W00008620,374,348,26
W00008621,199,171,28
W00008622,500,450,50
W00008623,398,366,32
W00008624,338,315,23
W00008626,278,265,13
W00008627,295,282,13
W00008628,344,316,28
W00008629,376,342,34
W00008630,350,325,25
W00008631,298,282,16
W00008632,295,276,19
W00008633,321,298,23
W00008634,269,240,29
W00008635,279,253,26
W00008636,278,270,8
W00008637,275,253,22
W00008638,283,272,11
W00008639,247,229,18
W00008640,251,237,14
W00008641,265,245,20
W00008642,247,233,14
W00008643,355,319,36
W00008644,299,280,19
W00008645,242,229,13
W00008646,364,346,18
W00008647,101,96,5
W00008648,323,293,30
W00008649,354,332,22
W00008650,318,286,32
W00008651,274,256,18
W00008652,137,119,18
W00008653,294,273,21
W00008654,281,259,22
W00008656,348,316,32
W00008657,311,287,24
W00008658,304,275,29
W00008659,254,230,24
W00008660,273,250,23
W00008661,216,197,19
W00008662,358,330,28
W00008663,203,189,14
W00008665,286,260,26
W00008666,310,284,26
W00008667,305,275,30
W00008668,276,260,16
W00008669,314,289,25
W00008670,326,292,34
W00008671,191,181,10
W00008672,229,203,26
W00008673,322,285,37
W00008674,292,264,28
W00008675,195,180,15
W00008676,440,389,51
W00008678,508,460,48
W00008679,365,332,33
W00008680,298,262,36
W00008681,288,261,27
W00008682,243,219,24
W00008683,355,332,23
W00008684,270,259,11
W00008685,293,268,25
W00008686,310,270,40
W00008687,313,285,28
W00008688,311,278,33
W00008689,291,262,29
W00008690,265,244,21
W00008691,238,214,24
W00008692,401,356,45
W00008693,274,258,16
W00008694,250,236,14
W00008695,283,265,18
W00008696,310,279,31
W00008697,300,261,39
W00008698,312,285,27
W00008699,241,222,19
W00008700,285,254,31
W00008701,317,287,30
W00008702,355,328,27
W00008703,254,241,13
W00008704,286,262,24
W00008705,334,312,22
W00008706,312,280,32
W00008707,240,212,28
W00008708,273,248,25
W00008709,330,272,58
W00008710,241,225,16
W00008711,304,274,30
W00008712,215,198,17
W00008713,320,294,26
W00008714,264,247,17
W00008715,179,175,4
W00008716,382,364,18
W00008717,285,251,34
W00008718,255,233,22
W00008719,275,245,30
W00008720,278,253,25
W00008721,250,230,20
W00008722,241,222,19
W00008723,255,229,26
W00008724,279,253,26
W00008725,278,238,40
W00008726,292,269,23
W00008727,258,240,18
W00008728,288,249,39
W00008729,255,223,32
W00008730,209,199,10
W00008731,379,356,23
W00008732,412,385,27
W00008734,184,167,17
W00008735,270,250,20
W00008736,277,252,25
W00008737,313,277,36
W00008738,268,227,41
W00008739,228,213,15
W00008740,299,275,24
W00008741,367,357,10
W00008742,517,481,36
W00008743,261,237,24
W00008744,310,282,28
W00008745,235,221,14
W00008746,384,337,47
W00008750,223,194,29
W00008751,343,319,24
W00008752,135,128,7
W00008753,358,328,30
W00008755,144,144,0
W00008757,332,295,37
W00008758,267,254,13
W00008759,288,274,14
W00008760,346,303,43
W00008761,392,348,44
W00008763,372,339,33
W00008764,464,429,35
W00008765,292,274,18
W00008767,528,496,32
W00008768,383,366,17
W00008769,293,270,23
W00008770,276,236,40
W00008771,269,255,14
W00008773,303,277,26
W00008774,292,264,28
W00008775,303,286,17
W00008776,291,272,19
W00008777,329,294,35
W00008779,363,317,46
W00008780,409,361,48
W00008781,416,370,46
W00008782,366,344,22
W00008784,410,371,39
W00008785,378,336,42
W00008786,322,279,43
W00008788,398,361,37
W00008789,280,258,22
W00008790,274,246,28
W00008791,215,204,11
W00008792,263,232,31
W00008794,439,393,46
W00008795,375,328,47
W00008797,334,295,39
W00008798,418,355,63
W00008799,387,332,55
W00008800,375,343,32
W00008801,331,285,46
W00008803,359,324,35
W00008804,474,409,65
W00008807,434,377,57
W00008811,236,208,28
W00008813,248,206,42
W00008814,488,455,33
W00008816,395,381,14
W00008817,340,327,13
W00008818,523,475,48
W00008819,278,253,25
W00008820,610,515,95
W00008821,483,398,85
W00008822,329,285,44
W00008823,331,290,41
W00008824,420,383,37
W00008825,281,255,26
W00008826,363,314,49
W00008827,323,294,29
W00008828,317,280,37
W00008829,455,409,46
W00008830,311,280,31
W00008831,355,314,41
W00008832,243,210,33
W00008833,480,411,69
W00008834,281,264,17
W00008835,346,317,29
W00008836,255,239,16
W00008837,371,324,47
W00008838,248,218,30
W00008839,201,185,16
W00008840,361,326,35
W00008841,286,263,23
W00008842,413,358,55
W00008843,369,343,26
W00008844,305,268,37
W00008845,259,231,28
W00008846,229,195,34
W00008847,339,316,23
W00008848,278,251,27
W00008849,248,224,24
W00008850,400,357,43
W00008851,296,274,22
W00008852,224,194,30
W00008853,275,182,93
W00008854,315,219,96
W00008855,304,230,74
W00008856,263,193,70
W00008857,259,183,76
W00008858,253,172,81
W00008859,344,244,100
W00008860,243,161,82
W00008861,365,315,50
W00008862,234,181,53
W00008863,229,180,49
W00008864,290,219,71
W00008865,255,200,55
W00008866,240,150,90
W00008867,288,202,86
W00008868,302,215,87
W00008869,415,327,88
W00008870,309,234,75
W00008871,344,249,95
W00008872,269,215,54
W00008873,303,218,85
W00008874,354,259,95
W00008875,365,226,139
W00008877,307,219,88
W00008878,402,275,127
W00008879,283,170,113
W00008880,366,284,82
W00008881,349,284,65
W00008882,355,289,66
W00008883,280,244,36
W00008884,257,206,51
W00008886,363,208,155
W00008887,311,182,129
W00008888,227,194,33
W00008889,291,186,105
W00008890,289,186,103
W00008891,219,165,54
W00008892,312,161,151
W00008893,340,251,89
W00008894,311,214,97
W00008895,266,175,91
W00008896,234,160,74
W00008897,190,144,46
W00008899,473,421,52
W00008901,532,472,60
W00008902,544,465,79
W00008903,555,487,68
W00008906,426,385,41
W00008909,512,448,64
W00008910,622,558,64
W00008911,319,283,36
W00008912,538,477,61
W00008913,432,380,52
W00008915,435,408,27
W00008916,471,420,51
W00008918,477,414,63
W00008919,263,236,27
W00008920,473,413,60
W00008921,298,254,44
W00008922,539,476,63
W00008923,403,317,86
W00008924,490,439,51
W00008925,435,372,63
W00008926,356,283,73
W00008927,417,354,63
W00008929,378,339,39
W00008931,444,387,57
W00008932,550,479,71
W00008933,407,358,49
W00008934,290,204,86
W00008935,315,250,65
W00008936,331,209,122
W00008937,301,226,75
W00008938,292,226,66
W00008939,265,197,68
W00008940,274,178,96
W00008941,249,204,45
W00008942,243,160,83
W00008943,393,352,41
W00008945,277,231,46
W00008947,273,234,39
W00008948,337,263,74
W00008949,321,255,66
W00008950,363,314,49
W00008951,400,324,76
W00008952,318,262,56
W00008953,334,255,79
W00008954,341,279,62
W00008955,353,273,80
W00008956,302,258,44
W00008957,323,277,46
W00008958,269,231,38
W00008959,332,273,59
W00008960,361,305,56
W00008961,337,303,34
W00008962,256,219,37
W00008963,293,257,36
W00008964,327,297,30
W00008965,373,331,42
W00008966,306,240,66
W00008967,140,118,22
W00008969,274,233,41
W00008970,297,251,46
W00008971,326,271,55
W00008972,331,295,36
W00008974,271,228,43
W00008975,262,203,59
W00008976,326,290,36
W00008977,332,275,57
W00008978,213,183,30
W00008979,282,244,38
W00008980,306,263,43
W00008981,312,293,19
W00008982,249,233,16
W00008983,265,240,25
W00008984,338,291,47
W00008985,394,365,29
W00008986,333,310,23
W00008987,303,271,32
W00008988,294,270,24
W00008989,309,281,28
W00008990,277,239,38
W00008991,311,283,28
W00008992,352,327,25
W00008993,303,274,29
W00008994,258,233,25
W00008995,339,312,27
W00008996,279,247,32
W00008997,287,264,23
W00008998,304,277,27
W00008999,349,318,31
W00009000,352,304,48
W00009001,331,295,36
W00009002,383,346,37
W00009003,410,370,40
W00009004,310,288,22
W00009005,371,348,23
W00009006,288,260,28
W00009007,221,194,27
W00009008,331,290,41
W00009009,316,276,40
W00009010,320,297,23
W00009011,304,279,25
W00009012,232,204,28
W00009013,309,266,43
W00009014,346,319,27
W00009015,409,349,60
W00009016,232,216,16
W00009017,241,215,26
W00009018,285,262,23
W00009019,289,265,24
W00009020,261,238,23
W00009021,397,346,51
W00009022,233,206,27
W00009023,262,229,33
W00009024,306,271,35
W00009025,323,286,37
W00009026,262,218,44
W00009027,303,278,25
W00009028,188,174,14
W00009029,289,266,23
W00009030,301,272,29
W00009031,305,277,28
W00009032,296,261,35
W00009033,293,259,34
W00009034,295,248,47
W00009035,330,265,65
W00009036,357,309,48
W00009037,263,237,26
W00009038,223,208,15
W00009039,279,235,44
W00009040,294,257,37
W00009041,233,206,27
W00009042,283,231,52
W00009043,406,356,50
W00009044,223,203,20
W00009045,311,267,44
W00009046,235,198,37
W00009047,269,235,34
W00009048,305,252,53
W00009049,322,292,30
W00009050,302,261,41
W00009051,309,274,35
W00009052,198,184,14
W00009053,182,154,28
W00009054,322,271,51
W00009055,352,282,70
W00009056,302,262,40
W00009057,299,247,52
W00009058,210,170,40
W00009059,318,278,40
W00009060,330,265,65
W00009061,261,220,41
W00009062,247,201,46
W00009063,229,195,34
W00009064,301,264,37
W00009065,310,262,48
W00009066,314,274,40
W00009067,308,256,52
W00009068,259,210,49
W00009069,305,261,44
W00009070,334,280,54
W00009071,241,214,27
W00009072,274,244,30
W00009073,392,351,41
W00009074,363,308,55
W00009075,340,255,85
W00009077,340,270,70
W00009080,394,354,40
W00009081,298,246,52
W00009082,373,310,63
W00009084,291,244,47
W00009085,427,354,73
W00009086,329,256,73
W00009087,369,288,81
W00009088,472,406,66
W00009089,335,286,49
W00009090,370,318,52
W00009091,369,344,25
W00009092,283,241,42
W00009093,347,313,34
W00009094,233,200,33
W00009095,385,343,42
W00009096,433,370,63
W00009097,323,272,51
W00009098,371,318,53
W00009099,280,220,60
W00009100,387,335,52
W00009101,439,404,35
W00009102,262,217,45
W00009104,508,471,37
W00009105,430,373,57
W00009106,365,308,57
W00009107,347,296,51
W00009108,279,227,52
W00009109,190,175,15
W00009110,374,299,75
W00009111,323,273,50
W00009112,382,336,46
W00009113,326,269,57
W00009114,408,348,60
W00009115,305,277,28
W00009116,317,256,61
W00009117,449,412,37
W00009118,248,230,18
W00009119,353,307,46
W00009120,374,327,47
W00009121,295,284,11
W00009123,496,431,65
W00009125,343,292,51
W00009126,352,309,43
W00009127,334,290,44
W00009128,336,286,50
W00009129,439,400,39
W00009130,263,222,41
W00009131,328,278,50
W00009132,299,278,21
W00009133,296,265,31
W00009134,246,182,64
W00009135,378,352,26
W00009136,313,254,59
W00009137,227,180,47
W00009138,301,240,61
W00009139,282,243,39
W00009140,387,306,81
W00009141,455,400,55
W00009142,208,173,35
W00009143,284,225,59
W00009144,265,230,35
W00009145,289,246,43
W00009146,317,235,82
W00009147,279,243,36
W00009148,115,105,10
W00009149,360,295,65
W00009150,340,291,49
W00009151,317,268,49
W00009152,338,281,57
W00009153,297,264,33
W00009154,398,329,69
W00009155,182,157,25
W00009156,254,215,39
W00009157,477,399,78
W00009159,427,381,46
W00009160,329,273,56
W00009161,393,332,61
W00009162,266,209,57
W00009163,314,225,89
W00009164,320,243,77
W00009165,264,217,47
W00009166,301,245,56
W00009168,234,201,33
W00009169,341,259,82
W00009170,300,237,63
W00009171,508,456,52
W00009172,300,248,52
W00009173,245,202,43
W00009174,327,254,73
W00009175,326,263,63
W00009176,353,299,54
W00009177,320,263,57
W00009178,243,204,39
W00009179,319,276,43
W00009180,335,276,59
W00009181,517,438,79
W00009182,305,257,48
W00009183,411,336,75
W00009184,299,251,48
W00009186,269,177,92
W00009187,263,198,65
W00009188,313,253,60
W00009189,280,255,25
W00009190,303,272,31
W00009191,454,381,73
W00009192,223,183,40
W00009193,207,169,38
W00009194,350,294,56
W00009195,332,275,57
W00009196,276,203,73
W00009197,289,215,74
W00009198,420,257,163
W00009199,293,215,78
W00009200,294,216,78
W00009201,283,226,57
W00009202,253,200,53
W00009203,216,158,58
W00009204,242,188,54
W00009205,316,247,69
W00009206,287,247,40
W00009207,216,183,33
W00009208,316,264,52
W00009209,246,211,35
W00009210,224,193,31
W00009211,255,220,35
W00009212,238,195,43
W00009213,285,168,117
W00009214,251,216,35
W00009215,280,245,35
W00009216,336,275,61
W00009217,260,226,34
W00009218,295,245,50
W00009219,255,185,70
W00009220,319,267,52
W00009221,340,291,49
W00009222,265,245,20
W00009223,326,275,51
W00009224,297,262,35
W00009225,302,236,66
W00009226,321,284,37
W00009227,256,191,65
W00009228,254,205,49
W00009229,349,230,119
W00009230,340,311,29
W00009231,244,223,21
W00009232,333,291,42
W00009233,327,276,51
W00009234,236,188,48
W00009235,316,253,63
W00009236,354,307,47
W00009237,420,374,46
W00009238,283,223,60
W00009239,311,272,39
W00009240,289,238,51
W00009241,317,295,22
W00009242,331,280,51
W00009243,325,268,57
W00009244,255,201,54
W00009245,455,358,97
W00009246,337,271,66
W00009247,302,249,53
W00009248,281,239,42
W00009249,297,238,59
W00009250,274,225,49
W00009251,373,300,73
W00009252,406,317,89
W00009253,297,254,43
W00009254,332,286,46
W00009255,276,223,53
W00009256,362,282,80
W00009258,353,316,37
W00009259,259,234,25
W00009260,302,278,24
W00009261,333,277,56
W00009262,274,233,41
W00009263,385,318,67
W00009264,289,251,38
W00009265,263,228,35
W00009266,246,195,51
W00009267,226,194,32
W00009268,225,188,37
W00009269,260,226,34
W00009270,261,234,27
W00009271,217,185,32
W00009272,274,237,37
W00009273,226,192,34
W00009274,269,232,37
W00009275,233,203,30
W00009276,339,266,73
W00009277,267,218,49
W00009278,236,213,23
W00009279,262,213,49
W00009280,310,256,54
W00009281,365,312,53
W00009282,274,240,34
W00009283,303,237,66
W00009284,301,262,39
W00009285,314,257,57
W00009286,265,226,39
W00009287,273,224,49
W00009288,314,277,37
W00009289,273,241,32
W00009290,294,234,60
W00009291,209,188,21
W00009292,333,276,57
W00009293,359,311,48
W00009294,247,233,14
W00009295,363,337,26
W00009296,273,233,40
W00009297,318,288,30
W00009298,266,244,22
W00009299,372,352,20
W00009300,286,265,21
W00009301,321,287,34
W00009302,312,274,38
W00009303,270,235,35
W00009304,311,255,56
W00009305,252,227,25
W00009306,251,229,22
W00009307,310,273,37
W00009308,241,224,17
W00009309,313,279,34
W00009310,313,285,28
W00009311,281,238,43
W00009312,349,290,59
W00009313,190,168,22
W00009314,274,247,27
W00009315,292,236,56
W00009316,257,236,21
W00009317,297,279,18
W00009318,365,339,26
W00009319,314,297,17
W00009320,320,298,22
W00009321,297,251,46
W00009322,378,354,24
W00009323,337,306,31
W00009324,302,277,25
W00009325,364,324,40
W00009326,305,275,30
W00009327,274,254,20
W00009328,326,298,28
W00009329,330,309,21
W00009330,450,391,59
W00009331,361,323,38
W00009332,321,297,24
W00009333,342,296,46
W00009334,278,249,29
W00009335,340,310,30
W00009336,282,252,30
W00009337,480,433,47
W00009338,313,268,45
W00009339,371,347,24
W00009340,402,362,40
W00009341,312,275,37
W00009342,400,365,35
W00009343,274,239,35
W00009344,376,350,26
W00009345,382,358,24
W00009346,333,311,22
W00009347,253,211,42
W00009348,302,269,33
W00009349,273,242,31
W00009350,229,208,21
W00009351,340,317,23
W00009352,333,298,35
W00009353,333,303,30
W00009354,380,341,39
W00009355,254,229,25
W00009356,381,332,49
W00009357,302,267,35
W00009358,432,378,54
W00009359,255,225,30
W00009360,313,292,21
W00009361,409,370,39
W00009362,296,259,37
W00009363,191,182,9
W00009364,310,284,26
W00009365,249,227,22
W00009366,358,310,48
W00009367,293,268,25
W00009368,302,277,25
W00009369,399,369,30
W00009371,335,304,31
W00009372,343,297,46
W00009373,307,272,35
W00009374,307,284,23
W00009375,409,293,116
W00009376,387,287,100
W00009377,276,212,64
W00009378,354,267,87
W00009379,253,181,72
W00009380,252,193,59
W00009381,294,224,70
W00009382,278,221,57
W00009383,281,212,69
W00009384,346,239,107
W00009385,375,281,94
W00009386,412,352,60
W00009387,291,252,39
W00009389,365,298,67
W00009390,347,284,63
W00009391,415,362,53
W00009392,311,253,58
W00009393,243,211,32
W00009394,331,248,83
W00009395,282,208,74
W00009396,313,251,62
W00009397,340,262,78
W00009398,265,236,29
W00009399,299,227,72
W00009400,356,290,66
W00009401,311,263,48
W00009402,297,233,64
W00009403,327,274,53
W00009404,263,222,41
W00009405,250,226,24
W00009407,313,216,97
W00009408,248,231,17
W00009409,297,243,54
W00009410,351,317,34
W00009411,394,301,93
W00009412,311,250,61
W00009413,283,223,60
W00009414,266,234,32
W00009415,340,282,58
W00009416,344,283,61
W00009417,276,233,43
W00009418,266,227,39
W00009419,280,210,70
W00009420,335,278,57
W00009421,280,246,34
W00009422,316,241,75
W00009423,369,327,42
W00009424,370,333,37
W00009425,334,286,48
W00009426,285,252,33
W00009427,293,260,33
W00009428,388,345,43
W00009429,275,248,27
W00009430,238,202,36
W00009431,241,203,38
W00009432,262,232,30
W00009433,438,356,82
W00009434,399,369,30
W00009435,188,163,25
W00009436,313,268,45
W00009437,341,311,30
W00009438,232,199,33
W00009439,286,246,40
W00009440,297,252,45
W00009441,417,376,41
W00009442,205,163,42
W00009443,312,284,28
W00009444,298,264,34
W00009445,255,222,33
W00009446,379,343,36
W00009447,238,212,26
W00009448,306,279,27
W00009450,390,359,31
W00009451,374,315,59
W00009452,337,275,62
W00009453,344,275,69
W00009454,413,380,33
W00009455,182,166,16
W00009456,367,324,43
W00009457,325,265,60
W00009458,300,249,51
W00009459,244,213,31
W00009460,373,325,48
W00009461,281,234,47
W00009462,353,291,62
W00009463,336,286,50
W00009464,274,235,39
W00009465,429,376,53
W00009466,331,286,45
W00009467,316,278,38
W00009468,477,413,64
W00009469,228,200,28
W00009470,246,206,40
W00009472,239,202,37
W00009473,291,246,45
W00009474,333,249,84
W00009475,263,237,26
W00009476,625,568,57
W00009480,211,194,17
W00009481,374,334,40
W00009482,312,286,26
W00009483,190,166,24
W00009484,244,234,10
W00009486,347,296,51
W00009487,268,234,34
W00009488,325,295,30
W00009489,270,233,37
W00009490,457,396,61
W00009491,466,393,73
W00009492,198,171,27
W00009493,302,251,51
W00009494,443,387,56
W00009495,291,246,45
W00009496,302,264,38
W00009497,401,346,55
W00009499,256,228,28
W00009500,287,260,27
W00009501,367,317,50
W00009502,360,303,57
W00009503,555,451,104
W00009505,228,179,49
W00009506,289,248,41
W00009507,317,267,50
W00009508,315,264,51
W00009509,300,243,57
W00009510,309,260,49
W00009511,347,271,76
W00009512,369,292,77
W00009514,297,244,53
W00009515,297,246,51
W00009516,463,350,113
W00009517,275,215,60
W00009518,273,230,43
W00009519,224,190,34
W00009520,289,231,58
W00009521,295,260,35
W00009522,272,232,40
W00009524,263,232,31
W00009525,303,243,60
W00009526,368,294,74
W00009527,320,264,56
W00009528,249,225,24
W00009529,331,278,53
W00009530,254,221,33
W00009531,263,219,44
W00009532,305,260,45
W00009533,248,210,38
W00009534,191,169,22
W00009535,250,217,33
W00009536,258,218,40
W00009537,233,192,41
W00009538,206,192,14
W00009539,311,210,101
W00009540,282,209,73
W00009541,268,213,55
W00009542,245,172,73
W00009543,316,230,86
W00009544,281,219,62
W00009545,295,240,55
W00009546,238,209,29
W00009547,267,230,37
W00009548,271,214,57
W00009549,313,253,60
W00009550,253,216,37
W00009551,261,227,34
W00009552,234,199,35
W00009553,281,246,35
W00009554,235,195,40
W00009555,251,203,48
W00009556,315,252,63
W00009557,407,378,29
W00009558,305,233,72
W00009559,373,338,35
W00009560,420,388,32
W00009561,335,294,41
W00009562,303,279,24
W00009563,279,248,31
W00009564,338,277,61
W00009565,384,339,45
W00009566,408,368,40
W00009567,265,240,25
W00009568,378,341,37
W00009569,295,258,37
W00009570,421,397,24
W00009571,344,304,40
W00009572,335,303,32
W00009573,349,318,31
W00009574,364,324,40
W00009575,147,140,7
W00009576,268,220,48
W00009577,247,174,73
W00009578,276,182,94
W00009579,193,159,34
W00009580,289,229,60
W00009581,279,206,73
W00009582,281,220,61
W00009583,315,206,109
W00009584,283,195,88
W00009585,237,168,69
W00009586,321,250,71
W00009587,246,178,68
W00009588,305,266,39
W00009589,265,193,72
W00009590,253,176,77
W00009591,299,243,56
W00009592,279,210,69
W00009593,246,178,68
W00009594,283,207,76
W00009595,351,228,123
W00009596,268,183,85
W00009597,349,292,57
W00009598,433,395,38
W00009599,320,268,52
W00009600,309,277,32
W00009601,311,284,27
W00009602,301,267,34
W00009603,314,289,25
W00009604,251,225,26
W00009605,305,265,40
W00009606,262,244,18
W00009607,297,256,41
W00009608,315,293,22
W00009609,303,279,24
W00009610,369,303,66
W00009611,306,275,31
W00009612,300,261,39
W00009613,299,267,32
W00009614,281,241,40
W00009615,351,327,24
W00009616,354,321,33
W00009617,182,171,11
W00009618,318,290,28
W00009619,342,301,41
W00009620,294,274,20
W00009621,287,260,27
W00009622,268,233,35
W00009623,278,250,28
W00009624,470,428,42
W00009625,272,253,19
W00009626,285,268,17
W00009627,268,240,28
W00009629,357,298,59
W00009630,344,302,42
W00009631,303,264,39
W00009632,302,262,40
W00009633,313,278,35
W00009634,289,245,44
W00009635,299,264,35
W00009636,321,259,62
W00009637,274,231,43
W00009638,253,231,22
W00009639,414,356,58
W00009640,319,273,46
W00009641,246,217,29
W00009642,279,253,26
W00009643,271,210,61
W00009644,217,191,26
W00009645,408,381,27
W00009646,312,290,22
W00009647,357,311,46
W00009648,273,250,23
W00009649,363,339,24
W00009650,231,205,26
W00009651,380,340,40
W00009652,349,322,27
W00009653,428,375,53
W00009654,278,238,40
W00009655,290,264,26
W00009657,199,178,21
W00009658,277,236,41
W00009659,333,275,58
W00009660,323,279,44
W00009661,294,262,32
W00009662,300,272,28
W00009663,310,278,32
W00009664,286,250,36
W00009665,302,268,34
W00009666,142,136,6
W00009667,216,179,37
W00009668,265,221,44
W00009669,453,407,46
W00009670,388,352,36
W00009671,280,251,29
W00009672,314,283,31
W00009673,318,286,32
W00009675,313,273,40
W00009676,365,355,10
W00009677,262,233,29
W00009678,231,215,16
W00009679,349,304,45
W00009680,370,328,42
W00009681,298,288,10
W00009682,352,314,38
W00009683,301,270,31
W00009684,281,251,30
W00009686,307,278,29
W00009687,336,295,41
W00009688,292,256,36
W00009689,226,199,27
W00009690,434,401,33
W00009691,546,503,43
W00009692,349,302,47
W00009693,345,317,28
W00009694,231,207,24
W00009695,334,303,31
W00009696,288,266,22
W00009697,287,261,26
W00009698,257,227,30
W00009699,236,211,25
W00009700,281,254,27
W00009701,208,193,15
W00009702,369,337,32
W00009703,230,202,28
W00009704,318,286,32
W00009705,257,219,38
W00009706,306,275,31
W00009707,289,253,36
W00009708,319,281,38
W00009710,375,333,42
W00009711,334,284,50
W00009712,281,252,29
W00009713,369,329,40
W00009714,310,274,36
W00009715,370,340,30
W00009716,309,250,59
W00009717,272,216,56
W00009718,354,300,54
W00009719,308,272,36
W00009720,290,242,48
W00009721,249,223,26
W00009722,274,190,84
W00009723,278,186,92
W00009724,330,214,116
W00009725,312,207,105
W00009726,328,212,116
W00009727,283,221,62
W00009728,301,258,43
W00009729,276,227,49
W00009730,234,195,39
W00009731,248,207,41
W00009732,206,174,32
W00009733,286,220,66
W00009734,226,184,42
W00009735,521,469,52
W00009736,295,252,43
W00009737,273,233,40
W00009738,267,233,34
W00009739,329,268,61
W00009740,448,362,86
W00009741,331,239,92
W00009742,260,216,44
W00009743,301,260,41
W00009744,236,204,32
W00009745,259,202,57
W00009746,297,219,78
W00009747,253,189,64
W00009748,209,169,40
W00009749,354,235,119
W00009750,275,238,37
W00009751,422,323,99
W00009752,126,99,27
W00009753,198,151,47
W00009754,179,164,15
W00009755,253,191,62
W00009756,196,168,28
W00009757,317,242,75
W00009758,303,189,114
W00009759,255,197,58
W00009760,316,281,35
W00009761,302,229,73
W00009762,356,228,128
W00009763,285,229,56
W00009764,252,215,37
W00009765,269,193,76
W00009766,280,224,56
W00009767,318,202,116
W00009768,275,232,43
W00009769,200,180,20
W00009770,223,181,42
W00009771,218,182,36
W00009772,390,196,194
W00009773,158,83,75
W00009774,354,319,35
W00009775,237,203,34
W00009776,461,403,58
W00009777,344,273,71
W00009778,180,134,46
W00009779,306,251,55
W00009780,166,136,30
W00009781,340,286,54
W00009782,419,333,86
W00009783,286,238,48
W00009784,153,98,55
W00009785,416,238,178
W00009786,322,208,114
W00009787,374,326,48
W00009788,354,309,45
W00009789,155,130,25
W00009790,269,244,25
W00009791,372,316,56
W00009792,267,235,32
W00009793,99,77,22
W00009794,257,225,32
W00009795,263,251,12
W00009796,467,397,70
W00009797,179,162,17
W00009798,247,225,22
W00009800,417,341,76
W00009801,281,263,18
W00009802,297,276,21
W00009803,324,284,40
W00009804,446,409,37
W00009805,250,219,31
W00009806,278,247,31
W00009807,372,325,47
W00009808,306,282,24
W00009809,113,104,9
W00009810,289,243,46
W00009811,161,134,27
W00009813,258,225,33
W00009814,126,114,12
W00009815,273,238,35
W00009816,256,234,22
W00009817,421,381,40
W00009818,245,214,31
W00009819,210,182,28
W00009820,159,137,22
W00009821,292,253,39
W00009822,269,233,36
W00009823,466,386,80
W00009824,185,165,20
W00009825,339,297,42
W00009826,421,380,41
W00009827,300,256,44
W00009828,221,189,32
W00009829,253,229,24
W00009830,273,241,32
W00009831,135,121,14
W00009832,280,236,44
W00009833,250,204,46
W00009835,255,201,54
W00009836,342,301,41
W00009837,225,211,14
W00009838,164,142,22
W00009839,200,179,21
W00009840,329,290,39
W00009842,246,202,44
W00009843,280,225,55
W00009844,250,208,42
W00009845,133,118,15
W00009846,226,203,23
W00009847,292,240,52
W00009848,562,456,106
W00009849,307,257,50
W00009850,296,265,31
W00009851,127,111,16
W00009852,190,174,16
W00009853,117,101,16
W00009854,421,378,43
W00009856,227,206,21
W00009857,320,296,24
W00009858,264,231,33
W00009859,367,319,48
W00009860,297,265,32
W00009861,324,281,43
W00009862,413,349,64
W00009863,311,279,32
W00009864,414,378,36
W00009865,264,223,41
W00009866,323,294,29
W00009867,455,385,70
W00009868,365,338,27
W00009869,333,289,44
W00009870,272,240,32
W00009871,376,335,41
W00009872,300,266,34
W00009873,357,351,6
W00009874,159,142,17
W00009875,294,267,27
W00009877,266,246,20
W00009878,396,352,44
W00009879,328,295,33
W00009880,364,316,48
W00009881,382,333,49
W00009882,356,313,43
W00009883,308,266,42
W00009884,225,200,25
W00009885,305,270,35
W00009886,112,102,10
W00009887,192,164,28
W00009888,320,288,32
W00009889,145,139,6
W00009890,265,228,37
W00009891,326,278,48
W00009892,338,293,45
W00009893,299,229,70
W00009894,838,745,93
W00009895,406,339,67
W00009896,346,271,75
W00009897,398,273,125
W00009898,322,244,78
W00009899,317,224,93
W00009900,503,397,106
W00009901,353,284,69
W00009902,430,326,104
W00009903,321,225,96
W00009904,186,159,27
W00009905,251,189,62
W00009906,189,159,30
W00009907,312,241,71
W00009908,515,406,109
W00009909,380,261,119
W00009910,279,217,62
W00009911,373,279,94
W00009912,416,307,109
W00009913,259,198,61
W00009914,330,273,57
W00009915,266,200,66
W00009916,211,169,42
W00009917,379,339,40
W00009919,351,294,57
W00009920,482,406,76
W00009921,357,300,57
W00009922,248,209,39
W00009923,283,225,58
W00009924,271,221,50
W00009925,293,238,55
W00009926,229,189,40
W00009927,354,272,82
W00009928,448,387,61
W00009929,324,274,50
W00009930,277,236,41
W00009931,291,234,57
W00009932,348,283,65
W00009933,416,371,45
W00009934,330,280,50
W00009935,242,187,55
W00009936,345,267,78
W00009937,253,222,31
W00009938,265,234,31
W00009939,353,271,82
W00009940,194,155,39
W00009941,368,320,48
W00009942,265,232,33
W00009943,319,276,43
W00009944,275,218,57
W00009945,324,250,74
W00009946,266,232,34
W00009948,481,405,76
W00009949,477,411,66
W00009950,390,334,56
W00009951,400,332,68
W00009952,342,272,70
W00009953,430,382,48
W00009954,325,290,35
W00009955,289,251,38
W00009956,237,198,39
W00009957,286,243,43
W00009958,349,304,45
W00009959,596,498,98
W00009960,258,216,42
W00009961,406,347,59
W00009962,249,219,30
W00009963,398,335,63
W00009964,353,302,51
W00009965,271,234,37
W00009966,372,318,54
W00009967,417,350,67
W00009968,336,300,36
W00009969,127,109,18
W00009970,240,211,29
W00009971,392,335,57
W00009972,230,207,23
W00009973,372,306,66
W00009974,214,160,54
W00009975,355,303,52
W00009977,244,79,165
W00009978,252,97,155
W00009979,247,56,191
W00009980,204,89,115
W00009981,222,116,106
W00009982,1563,1427,136
W00009983,599,551,48
W00009985,353,316,37
W00009986,291,225,66
W00009987,329,277,52
W00009988,194,136,58
W00009989,341,133,208
W00009991,572,194,378
W00009992,278,157,121
W00009994,327,231,96
W00009995,313,180,133
W00009997,174,88,86
W00009998,163,101,62
W00010000,175,80,95
W00010001,283,156,127
W00010003,239,126,113
W00010004,390,232,158
W00010007,163,125,38
W00010009,272,205,67
W00010010,203,163,40
W00010011,258,215,43
W00010012,237,190,47
W00010013,300,236,64
W00010014,387,300,87
W00010015,265,211,54
W00010016,232,179,53
W00010017,283,246,37
W00010018,298,216,82
W00010021,309,247,62
W00010022,389,359,30
W00010023,391,296,95
W00010024,378,300,78
W00010025,192,136,56
W00010026,277,235,42
W00010027,515,407,108
W00010028,214,181,33
W00010029,314,257,57
W00010030,202,167,35
W00010031,255,228,27
W00010032,280,236,44
W00010033,288,219,69
W00010034,331,243,88
W00010035,236,209,27
W00010036,498,377,121
W00010037,321,273,48
W00010038,319,266,53
W00010039,265,210,55
W00010040,511,431,80
W00010042,416,348,68
W00010046,374,271,103
W00010048,167,112,55
W00010049,1473,1125,348
W00010051,120,57,63
W00010052,362,295,67
W00010054,297,111,186
W00010057,242,184,58
W00010058,254,217,37
W00010060,281,140,141
W00010061,111,55,56
W00010063,131,71,60
W00010064,139,95,44
W00010066,316,166,150
W00010067,272,204,68
W00010069,234,153,81
W00010070,251,225,26
W00010072,135,115,20
W00010073,1112,941,171
W00010075,313,293,20
W00010076,219,189,30
W00010078,379,297,82
W00010079,280,186,94
W00010081,293,183,110
W00010082,175,128,47
W00010084,343,270,73
W00010085,203,121,82
W00010087,238,201,37
W00010090,263,246,17
W00010091,142,128,14
W00010093,210,188,22
W00010094,178,153,25
W00010096,132,106,26
W00010097,219,201,18
W00010099,321,218,103
W00010100,220,128,92
W00010102,373,249,124
W00010103,320,184,136
W00010105,335,217,118
W00010106,332,228,104
W00010108,268,179,89
W00010109,391,334,57
W00010110,282,245,37
W00010111,355,315,40
W00010112,344,276,68
W00010113,229,179,50
W00010114,258,195,63
W00010115,896,774,122
W00010116,214,201,13
W00010118,335,309,26
W00010119,660,597,63
W00010120,285,256,29
W00010121,179,164,15
W00010122,235,218,17
W00010123,361,314,47
W00010124,270,251,19
W00010125,389,342,47
W00010127,250,200,50
W00010128,671,617,54
W00010129,167,129,38
W00010130,434,399,35
W00010131,347,328,19
W00010132,207,193,14
W00010133,310,268,42
W00010134,271,232,39
W00010135,369,309,60
W00010136,275,236,39
W00010137,331,303,28
W00010138,348,313,35
W00010139,297,255,42
W00010140,450,330,120
W00010141,172,143,29
W00010142,313,269,44
W00010143,273,244,29
W00010146,313,279,34
W00010147,229,202,27
W00010148,160,140,20
W00010149,334,294,40
W00010151,326,273,53
W00010152,390,308,82
W00010153,235,206,29
W00010154,279,245,34
W00010155,229,196,33
W00010156,183,161,22
W00010157,311,250,61
W00010158,333,280,53
W00010159,474,396,78
W00010160,186,157,29
W00010161,288,256,32
W00010162,262,216,46
W00010163,357,288,69
W00010164,213,177,36
W00010165,365,326,39
W00010166,292,257,35
W00010167,180,156,24
W00010168,241,210,31
W00010169,434,380,54
W00010170,194,172,22
W00010171,281,244,37
W00010172,338,294,44
W00010173,252,219,33
W00010174,247,205,42
W00010175,195,163,32
W00010176,356,297,59
W00010179,429,378,51
W00010180,345,296,49
W00010181,225,195,30
W00010182,331,258,73
W00010183,364,300,64
W00010184,278,233,45
W00010185,289,245,44
W00010186,181,157,24
W00010187,392,317,75
W00010188,139,116,23
W00010189,259,223,36
W00010190,294,257,37
W00010191,185,161,24
W00010192,484,393,91
W00010193,311,278,33
W00010194,363,317,46
W00010195,155,128,27
W00010196,169,154,15
W00010197,189,168,21
W00010198,266,237,29
W00010199,254,211,43
W00010200,245,222,23
W00010201,232,204,28
W00010202,212,188,24
W00010203,184,168,16
W00010204,224,190,34
W00010205,681,622,59
W00010206,240,219,21
W00010207,407,362,45
W00010208,191,175,16
W00010210,137,114,23
W00010211,150,136,14
W00010212,110,102,8
W00010213,132,114,18
W00010214,269,233,36
W00010215,218,192,26
W00010216,226,201,25
W00010217,247,211,36
W00010218,212,170,42
W00010219,321,278,43
W00010221,284,230,54
W00010222,319,243,76
W00010223,913,834,79
W00010224,202,177,25
W00010225,246,209,37
W00010227,267,201,66
W00010228,345,256,89
W00010229,189,157,32
W00010230,136,120,16
W00010231,259,183,76
W00010232,99,68,31
W00010233,288,237,51
W00010234,264,220,44
W00010235,317,251,66
W00010236,231,202,29
W00010237,347,277,70
W00010238,325,254,71
W00010239,118,100,18
W00010240,198,182,16
W00010242,285,256,29
W00010243,263,202,61
W00010244,272,240,32
W00010245,279,249,30
W00010246,188,164,24
W00010247,387,315,72
W00010248,443,338,105
W00010249,422,318,104
W00010250,390,300,90
W00010251,273,240,33
W00010252,212,177,35
W00010253,156,134,22
W00010254,131,109,22
W00010255,117,110,7
W00010256,333,290,43
W00010257,270,185,85
W00010259,331,254,77
W00010260,380,257,123
W00010261,321,264,57
W00010262,210,190,20
W00010263,279,237,42
W00010264,276,218,58
W00010265,147,135,12
W00010266,570,444,126
W00010267,346,280,66
W00010268,452,390,62
W00010269,531,459,72
W00010270,137,122,15
W00010271,143,133,10
W00010272,180,164,16
W00010273,250,198,52
W00010274,184,158,26
W00010275,245,186,59
W00010276,450,375,75
W00010277,166,135,31
W00010278,307,238,69
W00010279,154,141,13
W00010280,495,388,107
W00010281,104,88,16
W00010282,238,209,29
W00010283,281,247,34
W00010284,365,258,107
W00010285,307,250,57
W00010286,431,333,98
W00010287,361,298,63
W00010288,380,301,79
W00010289,525,409,116
W00010290,492,437,55
W00010291,347,285,62
W00010292,148,122,26
W00010293,277,234,43
W00010294,149,139,10
W00010295,153,120,33
W00010296,414,320,94
W00010297,488,364,124
W00010298,160,147,13
W00010299,193,161,32
W00010300,193,182,11
W00010301,379,315,64
W00010302,208,172,36
W00010303,227,191,36
W00010304,294,244,50
W00010305,520,439,81
W00010306,491,388,103
W00010307,558,390,168
W00010308,214,167,47
W00010309,118,102,16
W00010310,362,325,37
W00010311,302,252,50
W00010312,370,256,114
W00010313,100,88,12
W00010314,530,402,128
W00010315,216,175,41
W00010316,391,357,34
W00010317,278,247,31
W00010318,265,228,37
W00010319,308,283,25
W00010320,291,264,27
W00010321,300,248,52
W00010322,99,79,20
W00010323,199,174,25
W00010324,558,471,87
W00010325,253,223,30
W00010326,245,215,30
W00010327,113,103,10
W00010328,260,231,29
W00010329,183,166,17
W00010330,546,499,47
W00010331,130,112,18
W00010332,449,388,61
W00010333,204,191,13
W00010334,180,169,11
W00010335,189,174,15
W00010336,193,185,8
W00010337,153,136,17
W00010338,213,175,38
W00010339,531,488,43
W00010340,461,403,58
W00010341,441,387,54
W00010342,137,122,15
W00010343,554,498,56
W00010344,206,197,9
W00010345,167,150,17
W00010346,136,112,24
W00010347,341,314,27
W00010348,383,355,28
W00010349,313,269,44
W00010350,353,307,46
W00010351,439,386,53
W00010352,245,217,28
W00010353,304,259,45
W00010354,332,277,55
W00010355,391,327,64
W00010356,351,240,111
W00010357,267,127,140
W00010358,244,107,137
W00010359,198,172,26
W00010360,337,283,54
W00010361,298,150,148
W00010362,244,145,99
W00010363,170,133,37
W00010364,318,289,29
W00010365,454,422,32
W00010366,334,283,51
W00010367,323,270,53
W00010368,323,248,75
W00010369,258,221,37
W00010370,297,198,99
W00010371,204,173,31
W00010372,234,212,22
W00010373,184,164,20
W00010374,371,302,69
W00010375,329,241,88
W00010376,893,796,97
W00010377,188,163,25
W00010378,257,221,36
W00010379,252,228,24
W00010380,192,167,25
W00010381,336,297,39
W00010382,2148,1981,167
W00010383,372,215,157
W00010384,249,230,19
W00010385,1815,1631,184
W00010386,323,218,105
W00010387,284,261,23
W00010388,234,205,29
W00010389,273,219,54
W00010390,222,192,30
W00010391,361,320,41
W00010392,321,231,90
W00010393,252,198,54
W00010394,307,260,47
W00010395,311,260,51
W00010396,261,216,45
W00010397,198,169,29
W00010398,326,281,45
W00010399,289,264,25
W00010400,468,422,46
W00010401,308,251,57
W00010402,253,210,43
W00010403,110,87,23
W00010404,265,226,39
W00010405,138,110,28
W00010406,274,193,81
W00010407,204,172,32
W00010408,115,99,16
W00010409,304,251,53
W00010410,306,280,26
W00010411,276,232,44
W00010412,103,80,23
W00010413,187,168,19
W00010414,99,80,19
W00010415,309,261,48
W00010416,389,218,171
W00010417,266,225,41
W00010418,253,188,65
W00010419,373,318,55
W00010420,314,274,40
W00010421,219,173,46
W00010422,247,208,39
W00010423,380,324,56
W00010424,258,234,24
W00010425,292,254,38
W00010426,262,231,31
W00010427,317,261,56
W00010428,242,200,42
W00010429,303,265,38
W00010430,283,236,47
W00010431,247,222,25
W00010432,281,251,30
W00010433,197,167,30
W00010434,149,126,23
W00010435,279,219,60
W00010436,587,525,62
W00010437,334,279,55
W00010438,338,278,60
W00010439,328,264,64
W00010440,169,133,36
W00010441,254,215,39
W00010442,211,183,28
W00010443,256,209,47
W00010444,292,245,47
W00010445,295,222,73
W00010446,225,200,25
W00010447,193,171,22
W00010448,206,169,37
W00010449,251,215,36
W00010450,99,82,17
W00010451,235,205,30
W00010453,327,246,81
W00010454,338,287,51
W00010455,321,302,19
W00010456,409,338,71
W00010457,453,343,110
W00010458,310,149,161
W00010459,283,224,59
W00010460,162,105,57
W00010461,325,226,99
W00010462,177,140,37
W00010463,141,125,16
W00010464,141,116,25
W00010465,141,131,10
W00010466,454,412,42
W00010467,576,472,104
W00010468,1666,1531,135
W00010469,332,314,18
W00010470,245,235,10
W00010471,447,404,43
W00010472,461,305,156
W00010473,206,174,32
W00010474,468,410,58
W00010475,200,177,23
W00010476,331,293,38
W00010477,396,331,65
W00010478,253,210,43
W00010479,259,221,38
W00010480,100,75,25
W00010481,277,181,96
W00010482,368,300,68
W00010483,481,431,50
W00010484,241,189,52
W00010485,569,460,109
W00010486,216,202,14
W00010487,208,169,39
W00010488,304,251,53
W00010489,562,343,219
W00010490,96,79,17
W00010491,313,281,32
W00010492,128,112,16
W00010493,330,181,149
W00010494,140,123,17
W00010495,747,688,59
W00010496,351,312,39
W00010497,1715,1532,183
W00010498,1485,1315,170
W00010499,288,253,35
W00010500,249,215,34
W00010501,252,201,51
W00010502,224,189,35
W00010503,299,258,41
W00010504,277,232,45
W00010505,233,202,31
W00010506,256,232,24
W00010507,292,266,26
W00010508,352,289,63
W00010509,217,203,14
W00010510,118,105,13
W00010511,309,271,38
W00010512,295,271,24
W00010513,236,214,22
W00010514,261,248,13
W00010515,467,436,31
W00010516,123,108,15
W00010517,279,255,24
W00010518,245,216,29
W00010519,612,551,61
W00010520,285,253,32
W00010521,283,258,25
W00010522,316,254,62
W00010523,180,170,10
W00010524,238,215,23
W00010525,248,222,26
W00010526,263,229,34
W00010527,260,238,22
W00010528,378,315,63
W00010529,138,120,18
W00010530,292,239,53
W00010531,310,272,38
W00010532,317,277,40
W00010533,268,245,23
W00010534,323,294,29
W00010535,345,285,60
W00010536,354,313,41
W00010537,214,200,14
W00010538,315,259,56
W00010539,274,214,60
W00010540,250,231,19
W00010541,792,746,46
W00010542,174,167,7
W00010543,266,234,32
W00010544,337,296,41
W00010545,274,237,37
W00010546,205,171,34
W00010547,245,231,14
W00010548,286,258,28
W00010549,265,238,27
W00010550,296,229,67
W00010551,364,320,44
W00010552,248,216,32
W00010553,510,455,55
W00010554,199,168,31
W00010555,271,252,19
W00010556,204,141,63
W00010557,345,277,68
W00010558,289,246,43
W00010559,511,472,39
W00010560,272,249,23
W00010561,343,316,27
W00010562,333,260,73
W00010563,292,272,20
W00010564,317,272,45
W00010565,326,298,28
W00010566,366,310,56
W00010567,351,330,21
W00010568,401,351,50
W00010569,504,443,61
W00010570,223,196,27
W00010571,278,226,52
W00010572,136,97,39
W00010573,367,340,27
W00010574,238,201,37
W00010575,327,275,52
W00010576,242,209,33
W00010577,494,416,78
W00010578,268,234,34
W00010579,252,214,38
W00010580,617,523,94
W00010581,160,136,24
W00010582,274,232,42
W00010583,256,232,24
W00010584,331,306,25
W00010585,264,215,49
W00010586,258,230,28
W00010587,451,339,112
W00010588,333,285,48
W00010589,100,97,3
W00010590,202,173,29
W00010591,520,417,103
W00010592,384,329,55
W00010593,221,199,22
W00010594,295,262,33
W00010595,288,239,49
W00010596,283,231,52
W00010597,215,193,22
W00010598,322,285,37
W00010599,271,248,23
W00010600,268,208,60
W00010601,145,133,12
W00010602,283,228,55
W00010603,619,518,101
W00010604,129,118,11
W00010605,236,215,21
W00010606,272,241,31
W00010607,278,260,18
W00010608,230,214,16
W00010609,307,281,26
W00010610,251,202,49
W00010611,357,303,54
W00010612,216,141,75
W00010613,305,259,46
W00010614,329,260,69
W00010615,284,242,42
W00010616,328,294,34
W00010617,307,246,61
W00010618,160,133,27
W00010619,284,245,39
W00010620,311,287,24
W00010621,299,250,49
W00010622,246,198,48
W00010623,275,249,26
W00010624,269,241,28
W00010625,401,385,16
W00010626,287,263,24
W00010627,190,162,28
W00010628,334,310,24
W00010629,255,221,34
W00010630,514,461,53
W00010631,269,229,40
W00010632,470,459,11
W00010633,480,457,23
W00010634,435,374,61
W00010635,193,179,14
W00010636,256,168,88
W00010637,203,197,6
W00010638,198,165,33
W00010639,335,302,33
W00010640,355,318,37
W00010641,545,449,96
W00010642,293,241,52
W00010643,322,290,32
W00010644,277,232,45
W00010645,282,252,30
W00010646,359,294,65
W00010647,287,233,54
W00010648,360,325,35
W00010649,118,103,15
W00010650,269,241,28
W00010651,234,195,39
W00010652,287,134,153
W00010653,440,114,326
W00010654,199,163,36
W00010655,367,163,204
W00010656,312,248,64
W00010657,341,191,150
W00010658,331,294,37
W00010659,149,80,69
W00010660,93,47,46
W00010661,361,139,222
W00010662,302,248,54
W00010663,235,167,68
W00010664,269,159,110
W00010665,316,156,160
W00010666,305,220,85
W00010667,330,287,43
W00010668,283,159,124
W00010669,302,81,221
W00010670,308,136,172
W00010671,303,178,125
W00010672,282,236,46
W00010673,249,147,102
W00010674,289,95,194
W00010675,280,82,198
W00010676,316,276,40
W00010677,193,173,20
W00010678,287,75,212
W00010679,316,233,83
W00010680,293,219,74
W00010681,1806,1545,261
W00010682,308,197,111
W00010683,295,256,39
W00010684,286,264,22
W00010685,262,194,68
W00010686,349,288,61
W00010687,350,300,50
W00010688,332,161,171
W00010689,326,272,54
W00010690,208,182,26
W00010691,324,147,177
W00010692,268,237,31
W00010693,739,635,104
W00010694,387,200,187
W00010695,188,69,119
W00010696,205,135,70
W00010697,248,146,102
