OA,ts0350001,ts0350002,ts0350003
W00000001,354,142,212
W00000002,236,103,133
W00000003,357,174,183
W00000004,336,184,152
W00000005,460,214,246
W00000006,302,140,162
W00000008,246,134,112
W00000009,413,172,241
W00000010,286,204,82
W00000011,255,137,118
W00000012,288,150,138
W00000013,400,180,220
W00000014,252,158,94
W00000015,227,169,58
W00000016,199,137,62
W00000017,183,116,67
W00000018,213,140,73
W00000019,150,114,36
W00000020,193,116,77
W00000021,170,112,58
W00000022,298,106,192
W00000023,286,91,195
W00000024,371,119,252
W00000025,265,74,191
W00000026,275,88,187
W00000027,350,171,179
W00000028,286,158,128
W00000029,274,119,155
W00000030,377,119,258
W00000031,451,138,313
W00000032,199,67,132
W00000033,258,87,171
W00000034,264,98,166
W00000035,440,133,307
W00000036,256,86,170
W00000037,444,147,297
W00000038,429,200,229
W00000039,375,135,240
W00000040,283,127,156
W00000041,287,56,231
W00000042,187,115,72
W00000043,255,158,97
W00000044,494,254,240
W00000045,332,169,163
W00000046,280,155,125
W00000047,226,127,99
W00000048,258,156,102
W00000049,224,144,80
W00000050,201,128,73
W00000051,316,157,159
W00000052,269,80,189
W00000053,449,105,344
W00000054,262,83,179
W00000055,351,137,214
W00000056,325,139,186
W00000057,416,169,247
W00000058,260,147,113
W00000059,290,116,174
W00000060,247,128,119
W00000061,267,137,130
W00000062,379,163,216
W00000063,271,138,133
W00000064,237,39,198
W00000065,303,108,195
W00000066,282,88,194
W00000067,526,132,394
W00000068,410,121,289
W00000069,370,88,282
W00000070,409,142,267
W00000071,376,169,207
W00000072,252,73,179
W00000073,212,86,126
W00000074,188,71,117
W00000075,266,189,77
W00000076,252,170,82
W00000077,369,245,124
W00000078,271,174,97
W00000079,287,165,122
W00000080,355,229,126
W00000081,287,172,115
W00000082,387,223,164
W00000083,321,168,153
W00000084,129,85,44
W00000086,192,97,95
W00000087,172,109,63
W00000088,285,157,128
W00000090,150,76,74
W00000091,294,142,152
W00000092,173,124,49
W00000093,173,121,52
W00000094,266,177,89
W00000095,216,158,58
W00000096,203,122,81
W00000097,401,163,238
W00000098,314,105,209
W00000099,326,101,225
W00000100,254,144,110
W00000101,304,140,164
W00000102,298,194,104
W00000103,354,218,136
W00000104,278,139,139
W00000105,360,171,189
W00000106,301,134,167
W00000107,369,186,183
W00000108,475,240,235
W00000109,244,76,168
W00000110,319,138,181
W00000111,252,128,124
W00000112,287,87,200
W00000113,352,101,251
W00000114,359,129,230
W00000115,447,162,285
W00000116,393,216,177
W00000117,339,260,79
W00000118,292,174,118
W00000119,267,200,67
W00000120,367,194,173
W00000121,275,82,193
W00000122,315,98,217
W00000123,342,87,255
W00000124,426,138,288
W00000125,293,85,208
W00000126,445,141,304
W00000127,288,137,151
W00000128,276,139,137
W00000129,301,197,104
W00000130,166,104,62
W00000131,200,147,53
W00000132,306,162,144
W00000133,511,184,327
W00000134,322,153,169
W00000135,358,163,195
W00000136,312,114,198
W00000137,223,112,111
W00000138,303,102,201
W00000139,406,116,290
W00000140,407,132,275
W00000141,285,106,179
W00000142,297,164,133
W00000143,326,196,130
W00000144,267,161,106
W00000145,413,256,157
W00000146,270,154,116
W00000147,264,155,109
W00000148,164,102,62
W00000149,361,209,152
W00000150,328,212,116
W00000151,251,149,102
W00000152,283,179,104
W00000153,258,158,100
W00000154,273,210,63
W00000155,318,204,114
W00000156,246,119,127
W00000157,356,189,167
W00000158,317,169,148
W00000159,322,141,181
W00000160,271,100,171
W00000161,156,98,58
W00000162,263,113,150
W00000163,306,184,122
W00000164,172,103,69
W00000165,375,253,122
W00000166,243,162,81
W00000167,262,185,77
W00000168,263,185,78
W00000169,359,252,107
W00000170,235,134,101
W00000171,380,230,150
W00000172,521,296,225
W00000173,263,161,102
W00000174,250,129,121
W00000175,380,202,178
W00000176,294,151,143
W00000177,216,107,109
W00000178,338,168,170
W00000179,264,135,129
W00000180,260,186,74
W00000181,267,171,96
W00000182,254,169,85
W00000183,297,188,109
W00000184,272,172,100
W00000185,289,186,103
W00000186,261,184,77
W00000187,295,204,91
W00000188,180,122,58
W00000189,240,133,107
W00000190,185,127,58
W00000191,158,125,33
W00000192,354,156,198
W00000193,244,108,136
W00000194,338,179,159
W00000195,343,121,222
W00000196,305,146,159
W00000197,269,93,176
W00000198,325,148,177
W00000199,169,107,62
W00000200,308,165,143
W00000201,121,78,43
W00000202,305,211,94
W00000203,295,216,79
W00000204,183,135,48
W00000205,136,89,47
W00000206,256,182,74
W00000207,221,154,67
W00000208,408,149,259
W00000209,242,81,161
W00000210,511,156,355
W00000211,114,52,62
W00000212,252,82,170
W00000213,315,177,138
W00000214,339,157,182
W00000215,250,116,134
W00000216,277,122,155
W00000217,292,145,147
W00000218,243,116,127
W00000219,264,101,163
W00000220,377,173,204
W00000221,265,128,137
W00000222,253,136,117
W00000223,288,145,143
W00000224,254,155,99
W00000225,285,169,116
W00000226,315,157,158
W00000227,243,131,112
W00000228,245,51,194
W00000229,344,110,234
W00000230,283,99,184
W00000231,194,154,40
W00000232,223,153,70
W00000233,142,79,63
W00000234,116,84,32
W00000235,327,175,152
W00000236,273,84,189
W00000237,272,61,211
W00000238,262,55,207
W00000239,256,75,181
W00000240,169,53,116
W00000241,232,153,79
W00000242,219,142,77
W00000243,228,141,87
W00000244,243,170,73
W00000245,177,123,54
W00000246,277,183,94
W00000247,305,163,142
W00000248,157,94,63
W00000249,257,146,111
W00000250,134,79,55
W00000251,136,69,67
W00000252,163,72,91
W00000253,165,96,69
W00000254,184,92,92
W00000255,314,176,138
W00000256,245,104,141
W00000257,169,68,101
W00000258,485,215,270
W00000259,284,71,213
W00000260,277,98,179
W00000261,266,150,116
W00000262,328,78,250
W00000263,277,73,204
W00000264,254,90,164
W00000265,259,90,169
W00000266,270,38,232
W00000267,269,64,205
W00000268,232,39,193
W00000269,222,82,140
W00000270,291,52,239
W00000271,295,67,228
W00000272,218,47,171
W00000273,297,42,255
W00000274,180,56,124
W00000275,313,105,208
W00000276,332,60,272
W00000277,314,90,224
W00000278,256,102,154
W00000279,349,102,247
W00000280,308,61,247
W00000281,291,65,226
W00000282,237,69,168
W00000283,277,95,182
W00000284,206,81,125
W00000285,235,109,126
W00000286,290,107,183
W00000287,160,72,88
W00000288,154,88,66
W00000289,309,127,182
W00000290,283,147,136
W00000291,312,185,127
W00000292,283,157,126
W00000293,274,98,176
W00000294,256,60,196
W00000295,207,74,133
W00000296,249,47,202
W00000297,268,45,223
W00000298,333,94,239
W00000299,209,49,160
W00000300,233,90,143
W00000301,295,94,201
W00000302,373,134,239
W00000303,263,77,186
W00000304,336,203,133
W00000305,253,135,118
W00000306,288,143,145
W00000307,348,169,179
W00000308,229,116,113
W00000309,269,142,127
W00000310,300,100,200
W00000311,234,130,104
W00000312,418,138,280
W00000313,248,119,129
W00000314,318,107,211
W00000315,316,96,220
W00000316,291,121,170
W00000317,275,207,68
W00000318,367,272,95
W00000319,255,198,57
W00000322,355,112,243
W00000323,365,74,291
W00000324,325,101,224
W00000325,270,127,143
W00000326,298,102,196
W00000327,233,103,130
W00000328,326,200,126
W00000329,294,180,114
W00000330,584,256,328
W00000331,460,261,199
W00000332,278,132,146
W00000333,236,83,153
W00000334,274,56,218
W00000335,246,108,138
W00000336,238,72,166
W00000337,300,99,201
W00000338,276,116,160
W00000339,297,100,197
W00000340,270,151,119
W00000341,250,119,131
W00000342,251,91,160
W00000343,260,108,152
W00000344,232,89,143
W00000345,169,91,78
W00000346,320,118,202
W00000347,196,101,95
W00000348,371,162,209
W00000349,308,137,171
W00000350,180,85,95
W00000351,230,143,87
W00000352,223,125,98
W00000353,223,168,55
W00000354,285,127,158
W00000355,253,152,101
W00000356,227,130,97
W00000357,466,154,312
W00000358,278,86,192
W00000359,254,82,172
W00000360,269,68,201
W00000362,361,214,147
W00000363,287,88,199
W00000364,276,118,158
W00000365,306,83,223
W00000366,364,96,268
W00000367,338,109,229
W00000368,313,105,208
W00000369,290,105,185
W00000370,255,112,143
W00000371,280,120,160
W00000372,293,178,115
W00000373,261,165,96
W00000374,267,117,150
W00000375,276,146,130
W00000376,238,70,168
W00000377,250,84,166
W00000378,292,68,224
W00000379,320,61,259
W00000380,277,73,204
W00000381,241,62,179
W00000382,200,129,71
W00000383,306,164,142
W00000384,277,130,147
W00000385,174,83,91
W00000386,284,129,155
W00000387,258,140,118
W00000388,272,112,160
W00000389,238,150,88
W00000390,325,186,139
W00000391,207,136,71
W00000392,276,190,86
W00000393,317,231,86
W00000394,337,232,105
W00000395,374,245,129
W00000396,340,232,108
W00000397,266,194,72
W00000398,204,126,78
W00000399,294,95,199
W00000400,208,60,148
W00000401,232,87,145
W00000402,293,114,179
W00000403,127,47,80
W00000404,361,135,226
W00000406,329,163,166
W00000408,277,161,116
W00000409,343,193,150
W00000410,256,82,174
W00000411,227,87,140
W00000412,339,98,241
W00000413,169,75,94
W00000414,287,68,219
W00000415,289,99,190
W00000416,275,102,173
W00000417,237,104,133
W00000418,363,133,230
W00000419,383,134,249
W00000420,352,103,249
W00000421,334,166,168
W00000422,434,98,336
W00000423,263,114,149
W00000424,276,124,152
W00000425,292,96,196
W00000426,216,105,111
W00000427,220,170,50
W00000428,229,164,65
W00000429,222,174,48
W00000430,288,185,103
W00000431,302,146,156
W00000432,258,151,107
W00000433,247,164,83
W00000434,122,53,69
W00000435,333,79,254
W00000436,344,133,211
W00000437,303,99,204
W00000438,200,72,128
W00000439,275,44,231
W00000440,277,47,230
W00000441,297,48,249
W00000442,286,65,221
W00000443,314,72,242
W00000444,330,75,255
W00000445,284,83,201
W00000446,274,41,233
W00000447,328,76,252
W00000448,319,108,211
W00000449,339,69,270
W00000450,358,81,277
W00000451,293,68,225
W00000452,320,72,248
W00000453,380,80,300
W00000454,329,81,248
W00000455,323,91,232
W00000456,304,100,204
W00000457,295,76,219
W00000458,293,107,186
W00000459,326,75,251
W00000460,300,184,116
W00000461,181,105,76
W00000462,343,163,180
W00000463,276,164,112
W00000464,332,189,143
W00000465,293,152,141
W00000466,324,169,155
W00000467,316,185,131
W00000468,468,404,64
W00000469,367,278,89
W00000470,302,209,93
W00000472,303,243,60
W00000473,252,103,149
W00000474,282,65,217
W00000475,336,88,248
W00000476,355,105,250
W00000477,268,45,223
W00000478,218,42,176
W00000479,193,58,135
W00000480,280,56,224
W00000481,393,97,296
W00000482,377,109,268
W00000483,213,76,137
W00000484,206,80,126
W00000485,264,56,208
W00000486,232,54,178
W00000487,208,80,128
W00000488,281,88,193
W00000489,275,89,186
W00000490,315,63,252
W00000491,266,120,146
W00000492,311,70,241
W00000493,210,86,124
W00000494,298,95,203
W00000495,250,56,194
W00000496,343,64,279
W00000497,328,64,264
W00000498,300,84,216
W00000499,352,93,259
W00000500,297,61,236
W00000501,346,109,237
W00000502,544,126,418
W00000503,288,62,226
W00000504,297,84,213
W00000505,298,125,173
W00000506,304,120,184
W00000507,227,64,163
W00000508,422,137,285
W00000509,369,124,245
W00000510,152,67,85
W00000511,275,87,188
W00000512,291,95,196
W00000513,332,83,249
W00000514,244,87,157
W00000515,285,71,214
W00000516,289,88,201
W00000517,221,66,155
W00000518,276,112,164
W00000519,535,272,263
W00000520,358,162,196
W00000521,245,123,122
W00000522,281,141,140
W00000523,256,108,148
W00000524,430,214,216
W00000526,331,74,257
W00000527,242,53,189
W00000528,311,59,252
W00000529,271,65,206
W00000530,309,69,240
W00000531,285,61,224
W00000532,253,63,190
W00000533,268,82,186
W00000534,236,80,156
W00000535,297,77,220
W00000536,255,85,170
W00000537,382,85,297
W00000538,144,70,74
W00000539,276,156,120
W00000540,123,68,55
W00000541,259,131,128
W00000542,180,90,90
W00000543,194,112,82
W00000544,300,89,211
W00000545,237,128,109
W00000546,214,106,108
W00000549,276,108,168
W00000550,238,77,161
W00000551,317,70,247
W00000552,359,144,215
W00000553,243,56,187
W00000554,321,82,239
W00000555,233,81,152
W00000556,324,63,261
W00000557,300,77,223
W00000558,156,79,77
W00000559,228,59,169
W00000560,303,69,234
W00000561,277,115,162
W00000562,252,75,177
W00000563,295,102,193
W00000564,205,83,122
W00000565,160,63,97
W00000566,269,66,203
W00000567,178,56,122
W00000568,239,46,193
W00000569,383,63,320
W00000570,243,63,180
W00000571,282,51,231
W00000572,288,61,227
W00000573,323,55,268
W00000574,268,62,206
W00000575,236,96,140
W00000576,253,131,122
W00000577,273,101,172
W00000578,315,67,248
W00000579,373,129,244
W00000580,324,132,192
W00000581,341,108,233
W00000582,288,89,199
W00000583,300,94,206
W00000584,265,91,174
W00000585,347,83,264
W00000586,310,106,204
W00000587,283,81,202
W00000588,310,121,189
W00000589,218,76,142
W00000590,305,68,237
W00000591,290,66,224
W00000592,257,70,187
W00000593,275,89,186
W00000594,278,86,192
W00000595,339,128,211
W00000596,323,107,216
W00000597,250,107,143
W00000598,298,133,165
W00000599,304,101,203
W00000600,295,52,243
W00000601,287,90,197
W00000602,277,80,197
W00000603,255,173,82
W00000604,149,79,70
W00000605,222,129,93
W00000606,243,177,66
W00000607,232,176,56
W00000608,275,159,116
W00000609,199,151,48
W00000610,265,193,72
W00000611,275,164,111
W00000612,189,132,57
W00000613,307,183,124
W00000614,210,163,47
W00000615,265,151,114
W00000616,240,111,129
W00000617,242,57,185
W00000618,318,64,254
W00000619,268,100,168
W00000620,282,82,200
W00000621,303,89,214
W00000622,446,114,332
W00000623,247,77,170
W00000624,266,76,190
W00000625,331,95,236
W00000626,326,101,225
W00000627,340,206,134
W00000628,303,153,150
W00000629,221,211,10
W00000630,239,220,19
W00000631,213,189,24
W00000632,421,363,58
W00000633,387,330,57
W00000634,179,148,31
W00000635,263,234,29
W00000636,183,162,21
W00000637,262,244,18
W00000638,259,136,123
W00000639,213,146,67
W00000640,210,121,89
W00000641,247,124,123
W00000642,193,106,87
W00000643,302,162,140
W00000644,373,222,151
W00000645,295,180,115
W00000646,357,245,112
W00000647,309,175,134
W00000648,280,188,92
W00000649,380,226,154
W00000650,242,139,103
W00000651,250,144,106
W00000653,279,193,86
W00000655,233,131,102
W00000656,303,185,118
W00000657,340,184,156
W00000658,289,203,86
W00000659,310,199,111
W00000660,331,206,125
W00000661,332,260,72
W00000662,242,174,68
W00000663,262,174,88
W00000664,250,193,57
W00000665,132,101,31
W00000666,285,191,94
W00000667,322,248,74
W00000668,479,324,155
W00000669,299,256,43
W00000670,276,221,55
W00000671,277,241,36
W00000672,330,289,41
W00000673,399,346,53
W00000674,328,269,59
W00000675,294,232,62
W00000676,324,234,90
W00000677,322,244,78
W00000678,272,222,50
W00000679,260,212,48
W00000680,305,261,44
W00000681,262,219,43
W00000682,194,163,31
W00000683,264,169,95
W00000684,329,236,93
W00000685,370,320,50
W00000686,260,188,72
W00000687,228,186,42
W00000688,289,214,75
W00000689,197,155,42
W00000690,364,267,97
W00000691,215,157,58
W00000692,231,181,50
W00000693,375,249,126
W00000694,288,225,63
W00000695,336,232,104
W00000696,228,186,42
W00000697,241,207,34
W00000698,291,223,68
W00000699,308,242,66
W00000700,331,259,72
W00000701,246,207,39
W00000702,285,232,53
W00000703,214,177,37
W00000704,168,142,26
W00000705,258,217,41
W00000706,198,167,31
W00000707,233,197,36
W00000708,258,215,43
W00000709,226,186,40
W00000710,311,136,175
W00000711,246,114,132
W00000712,314,133,181
W00000713,195,111,84
W00000714,290,154,136
W00000715,357,186,171
W00000716,275,132,143
W00000717,324,260,64
W00000718,214,165,49
W00000719,244,192,52
W00000720,307,254,53
W00000721,205,165,40
W00000722,247,207,40
W00000723,228,177,51
W00000724,195,170,25
W00000725,242,204,38
W00000726,298,228,70
W00000727,256,214,42
W00000728,269,203,66
W00000729,385,306,79
W00000730,277,196,81
W00000731,372,179,193
W00000732,265,134,131
W00000733,274,179,95
W00000734,301,146,155
W00000735,298,107,191
W00000736,270,218,52
W00000737,237,184,53
W00000738,293,211,82
W00000739,215,169,46
W00000740,260,220,40
W00000741,346,267,79
W00000742,204,166,38
W00000743,339,261,78
W00000744,228,195,33
W00000745,292,225,67
W00000746,446,300,146
W00000747,338,256,82
W00000748,456,346,110
W00000749,388,314,74
W00000750,221,172,49
W00000752,228,187,41
W00000754,199,166,33
W00000756,190,155,35
W00000757,285,229,56
W00000758,470,340,130
W00000759,279,224,55
W00000760,205,155,50
W00000761,313,259,54
W00000762,215,182,33
W00000765,292,245,47
W00000766,338,291,47
W00000767,294,233,61
W00000768,291,227,64
W00000769,365,307,58
W00000770,330,277,53
W00000771,446,339,107
W00000772,269,203,66
W00000773,283,224,59
W00000774,227,184,43
W00000775,303,237,66
W00000776,405,357,48
W00000777,227,188,39
W00000778,305,251,54
W00000779,250,196,54
W00000780,271,223,48
W00000781,208,171,37
W00000782,342,291,51
W00000783,237,212,25
W00000784,168,145,23
W00000785,235,185,50
W00000786,267,238,29
W00000787,245,207,38
W00000788,240,195,45
W00000789,320,286,34
W00000790,244,200,44
W00000791,237,200,37
W00000792,212,190,22
W00000793,278,116,162
W00000794,284,121,163
W00000795,226,96,130
W00000796,256,130,126
W00000797,322,282,40
W00000798,342,309,33
W00000799,286,252,34
W00000800,557,491,66
W00000801,257,227,30
W00000802,333,296,37
W00000803,280,246,34
W00000804,376,321,55
W00000805,263,227,36
W00000806,264,244,20
W00000807,242,216,26
W00000808,259,243,16
W00000809,298,273,25
W00000810,251,216,35
W00000811,255,231,24
W00000812,244,226,18
W00000813,275,248,27
W00000814,404,360,44
W00000815,261,235,26
W00000816,277,232,45
W00000817,313,266,47
W00000818,231,192,39
W00000819,258,218,40
W00000820,235,174,61
W00000821,258,206,52
W00000822,230,192,38
W00000823,242,213,29
W00000824,225,190,35
W00000825,421,367,54
W00000826,244,211,33
W00000827,259,220,39
W00000828,226,196,30
W00000829,285,229,56
W00000830,242,215,27
W00000831,210,181,29
W00000832,228,172,56
W00000833,268,223,45
W00000834,296,223,73
W00000835,219,193,26
W00000836,219,191,28
W00000837,243,206,37
W00000838,267,214,53
W00000839,248,191,57
W00000840,282,241,41
W00000841,315,271,44
W00000842,311,255,56
W00000843,262,212,50
W00000844,265,218,47
W00000845,235,200,35
W00000846,354,298,56
W00000847,273,217,56
W00000848,262,223,39
W00000849,333,141,192
W00000850,347,189,158
W00000851,381,140,241
W00000852,326,99,227
W00000853,194,156,38
W00000854,457,315,142
W00000855,246,176,70
W00000856,237,177,60
W00000857,235,174,61
W00000858,211,148,63
W00000859,210,115,95
W00000860,274,197,77
W00000861,275,122,153
W00000862,260,112,148
W00000863,336,160,176
W00000864,302,99,203
W00000865,310,164,146
W00000866,288,125,163
W00000867,390,320,70
W00000868,269,196,73
W00000869,317,250,67
W00000870,321,252,69
W00000871,303,241,62
W00000872,409,350,59
W00000873,345,314,31
W00000874,287,238,49
W00000875,376,277,99
W00000876,507,400,107
W00000877,278,199,79
W00000878,293,215,78
W00000880,315,226,89
W00000881,302,234,68
W00000882,211,152,59
W00000883,325,243,82
W00000884,251,200,51
W00000885,254,189,65
W00000886,266,200,66
W00000887,278,211,67
W00000888,333,271,62
W00000889,298,246,52
W00000890,403,318,85
W00000891,286,223,63
W00000892,266,207,59
W00000893,348,285,63
W00000894,283,243,40
W00000895,229,196,33
W00000896,294,251,43
W00000897,225,186,39
W00000898,297,246,51
W00000899,228,195,33
W00000900,174,155,19
W00000901,234,192,42
W00000902,287,216,71
W00000903,350,292,58
W00000904,324,250,74
W00000905,309,258,51
W00000906,278,237,41
W00000907,351,201,150
W00000908,270,154,116
W00000909,278,162,116
W00000910,316,205,111
W00000911,272,159,113
W00000912,268,170,98
W00000913,344,250,94
W00000914,313,221,92
W00000915,274,203,71
W00000916,344,266,78
W00000917,328,223,105
W00000918,463,307,156
W00000919,303,200,103
W00000920,301,232,69
W00000921,293,236,57
W00000922,291,232,59
W00000923,205,169,36
W00000924,224,197,27
W00000925,239,185,54
W00000926,271,209,62
W00000927,319,252,67
W00000928,261,191,70
W00000929,250,202,48
W00000930,220,183,37
W00000931,261,208,53
W00000932,380,287,93
W00000933,270,217,53
W00000934,285,208,77
W00000935,250,185,65
W00000936,225,189,36
W00000937,231,211,20
W00000938,278,201,77
W00000939,269,187,82
W00000940,334,225,109
W00000941,293,214,79
W00000942,311,236,75
W00000943,341,259,82
W00000944,298,218,80
W00000945,322,257,65
W00000946,504,380,124
W00000947,310,247,63
W00000948,428,324,104
W00000949,296,213,83
W00000950,229,195,34
W00000951,302,248,54
W00000953,417,358,59
W00000954,224,181,43
W00000955,299,232,67
W00000956,267,222,45
W00000957,280,231,49
W00000958,240,197,43
W00000959,304,240,64
W00000960,357,314,43
W00000961,475,400,75
W00000962,313,264,49
W00000963,386,326,60
W00000964,388,302,86
W00000965,475,415,60
W00000966,268,227,41
W00000967,265,206,59
W00000968,250,209,41
W00000969,314,244,70
W00000970,297,259,38
W00000971,445,375,70
W00000972,317,248,69
W00000973,298,231,67
W00000974,384,302,82
W00000975,273,220,53
W00000976,330,269,61
W00000977,236,189,47
W00000978,360,338,22
W00000979,307,267,40
W00000980,105,96,9
W00000981,419,356,63
W00000982,204,182,22
W00000983,250,226,24
W00000984,306,279,27
W00000985,270,238,32
W00000986,418,264,154
W00000987,164,110,54
W00000988,278,190,88
W00000989,345,183,162
W00000990,195,161,34
W00000991,293,243,50
W00000992,208,173,35
W00000993,253,201,52
W00000994,272,214,58
W00000995,288,217,71
W00000996,264,204,60
W00000997,231,191,40
W00000998,206,177,29
W00000999,287,234,53
W00001000,276,220,56
W00001001,406,344,62
W00001002,327,276,51
W00001003,246,191,55
W00001004,315,280,35
W00001005,231,198,33
W00001006,275,221,54
W00001007,309,133,176
W00001008,340,113,227
W00001009,235,111,124
W00001010,357,173,184
W00001011,185,66,119
W00001012,383,144,239
W00001013,313,107,206
W00001014,197,67,130
W00001015,255,80,175
W00001016,211,118,93
W00001017,204,165,39
W00001018,267,210,57
W00001019,187,145,42
W00001020,258,229,29
W00001021,220,193,27
W00001022,184,158,26
W00001023,117,90,27
W00001024,257,231,26
W00001025,334,292,42
W00001026,224,128,96
W00001027,271,212,59
W00001028,303,190,113
W00001029,205,142,63
W00001030,221,118,103
W00001031,297,164,133
W00001032,299,178,121
W00001033,377,247,130
W00001034,236,180,56
W00001035,253,184,69
W00001036,249,165,84
W00001037,208,151,57
W00001038,344,265,79
W00001039,331,244,87
W00001040,229,179,50
W00001041,294,190,104
W00001042,378,257,121
W00001043,286,188,98
W00001044,357,236,121
W00001045,276,201,75
W00001046,422,265,157
W00001047,315,169,146
W00001048,338,212,126
W00001049,295,209,86
W00001050,358,215,143
W00001051,335,169,166
W00001052,266,139,127
W00001053,251,151,100
W00001054,242,168,74
W00001055,271,220,51
W00001056,180,146,34
W00001057,352,259,93
W00001058,340,292,48
W00001059,282,226,56
W00001060,211,137,74
W00001061,290,245,45
W00001062,231,178,53
W00001063,234,142,92
W00001064,313,175,138
W00001065,284,189,95
W00001066,283,232,51
W00001067,282,234,48
W00001068,335,288,47
W00001069,255,222,33
W00001070,273,218,55
W00001071,347,268,79
W00001072,301,246,55
W00001074,324,161,163
W00001075,247,142,105
W00001076,453,245,208
W00001077,306,179,127
W00001078,268,161,107
W00001079,318,248,70
W00001080,353,283,70
W00001081,268,207,61
W00001082,118,79,39
W00001083,283,227,56
W00001084,315,248,67
W00001085,364,315,49
W00001086,368,299,69
W00001087,319,218,101
W00001088,254,176,78
W00001089,264,188,76
W00001090,281,188,93
W00001091,305,195,110
W00001092,294,113,181
W00001093,298,156,142
W00001094,285,139,146
W00001095,295,168,127
W00001096,292,199,93
W00001097,343,220,123
W00001098,412,308,104
W00001099,317,241,76
W00001100,403,230,173
W00001101,404,252,152
W00001102,329,225,104
W00001103,217,112,105
W00001104,263,135,128
W00001105,353,218,135
W00001106,371,229,142
W00001107,322,204,118
W00001108,384,186,198
W00001109,272,226,46
W00001110,209,166,43
W00001111,419,322,97
W00001112,269,218,51
W00001113,226,176,50
W00001114,234,201,33
W00001115,322,245,77
W00001116,185,148,37
W00001117,209,167,42
W00001118,288,229,59
W00001119,361,292,69
W00001120,285,243,42
W00001121,248,206,42
W00001122,414,346,68
W00001123,460,275,185
W00001124,300,122,178
W00001125,244,147,97
W00001126,246,157,89
W00001127,223,120,103
W00001128,288,169,119
W00001129,320,261,59
W00001130,316,258,58
W00001131,311,248,63
W00001132,270,222,48
W00001133,368,289,79
W00001134,255,220,35
W00001135,215,188,27
W00001136,283,236,47
W00001137,245,217,28
W00001138,281,236,45
W00001139,302,238,64
W00001140,246,216,30
W00001141,294,266,28
W00001142,244,203,41
W00001143,329,281,48
W00001144,255,218,37
W00001145,209,192,17
W00001146,296,256,40
W00001147,302,245,57
W00001148,283,238,45
W00001149,244,210,34
W00001150,291,228,63
W00001151,260,221,39
W00001152,305,269,36
W00001153,193,164,29
W00001154,313,268,45
W00001155,265,235,30
W00001156,299,262,37
W00001157,263,227,36
W00001158,261,214,47
W00001159,310,260,50
W00001160,270,230,40
W00001161,280,220,60
W00001162,225,209,16
W00001163,204,192,12
W00001164,221,194,27
W00001166,279,233,46
W00001167,248,224,24
W00001168,220,207,13
W00001169,261,222,39
W00001170,249,216,33
W00001171,223,205,18
W00001172,229,205,24
W00001173,525,465,60
W00001174,255,230,25
W00001175,241,207,34
W00001176,317,283,34
W00001177,294,256,38
W00001178,235,210,25
W00001179,207,174,33
W00001180,237,205,32
W00001181,269,231,38
W00001182,249,211,38
W00001183,235,214,21
W00001184,209,185,24
W00001185,335,271,64
W00001186,209,180,29
W00001187,247,209,38
W00001188,181,161,20
W00001189,172,148,24
W00001190,240,211,29
W00001191,284,249,35
W00001192,219,199,20
W00001193,207,182,25
W00001194,286,239,47
W00001195,309,253,56
W00001196,234,191,43
W00001197,213,181,32
W00001198,321,261,60
W00001199,225,175,50
W00001200,212,177,35
W00001201,218,180,38
W00001202,341,295,46
W00001203,488,414,74
W00001204,425,345,80
W00001205,208,179,29
W00001206,220,185,35
W00001207,274,242,32
W00001208,217,185,32
W00001209,204,188,16
W00001210,227,202,25
W00001211,123,109,14
W00001212,551,490,61
W00001213,374,334,40
W00001214,307,268,39
W00001215,421,393,28
W00001216,289,263,26
W00001217,244,226,18
W00001218,218,201,17
W00001219,190,172,18
W00001220,286,253,33
W00001221,251,205,46
W00001222,256,232,24
W00001223,306,262,44
W00001224,284,245,39
W00001225,236,208,28
W00001226,240,189,51
W00001227,244,216,28
W00001228,256,223,33
W00001229,266,231,35
W00001230,252,187,65
W00001231,311,253,58
W00001232,255,221,34
W00001233,205,175,30
W00001234,225,188,37
W00001235,263,216,47
W00001236,337,285,52
W00001237,268,239,29
W00001238,369,307,62
W00001239,336,279,57
W00001240,310,255,55
W00001241,233,204,29
W00001242,306,272,34
W00001243,265,226,39
W00001244,251,224,27
W00001245,248,199,49
W00001246,300,247,53
W00001247,206,186,20
W00001248,204,186,18
W00001249,361,293,68
W00001250,337,287,50
W00001251,232,199,33
W00001252,229,208,21
W00001253,482,406,76
W00001255,294,246,48
W00001256,263,230,33
W00001257,271,238,33
W00001258,296,268,28
W00001259,239,203,36
W00001260,327,275,52
W00001261,302,261,41
W00001262,335,294,41
W00001263,287,265,22
W00001264,291,241,50
W00001265,347,296,51
W00001266,379,326,53
W00001267,334,297,37
W00001268,302,257,45
W00001269,384,331,53
W00001270,277,245,32
W00001271,346,319,27
W00001272,287,262,25
W00001273,322,286,36
W00001274,367,316,51
W00001275,300,263,37
W00001276,354,328,26
W00001277,431,380,51
W00001278,133,122,11
W00001279,312,283,29
W00001280,332,302,30
W00001281,200,180,20
W00001282,201,186,15
W00001283,419,386,33
W00001284,319,284,35
W00001285,256,231,25
W00001286,366,339,27
W00001287,458,402,56
W00001288,357,319,38
W00001289,324,287,37
W00001290,301,265,36
W00001291,392,350,42
W00001292,167,150,17
W00001293,156,148,8
W00001294,258,140,118
W00001295,279,184,95
W00001296,270,204,66
W00001297,218,155,63
W00001298,241,178,63
W00001299,244,159,85
W00001300,236,188,48
W00001301,345,274,71
W00001302,273,195,78
W00001303,283,172,111
W00001304,277,164,113
W00001305,200,106,94
W00001306,287,165,122
W00001307,261,130,131
W00001308,275,146,129
W00001309,286,142,144
W00001311,341,247,94
W00001312,310,195,115
W00001313,208,180,28
W00001314,415,307,108
W00001315,299,217,82
W00001316,238,195,43
W00001317,332,255,77
W00001318,303,241,62
W00001319,271,221,50
W00001320,229,183,46
W00001321,216,189,27
W00001322,247,220,27
W00001323,287,246,41
W00001324,354,283,71
W00001325,350,241,109
W00001326,248,165,83
W00001327,276,203,73
W00001328,301,216,85
W00001329,352,273,79
W00001330,254,210,44
W00001331,372,298,74
W00001332,336,254,82
W00001333,341,248,93
W00001334,325,250,75
W00001335,223,157,66
W00001336,282,246,36
W00001337,307,260,47
W00001338,296,248,48
W00001339,261,224,37
W00001340,298,264,34
W00001341,232,197,35
W00001342,320,276,44
W00001343,267,233,34
W00001344,297,267,30
W00001345,285,267,18
W00001346,257,231,26
W00001347,332,299,33
W00001348,240,209,31
W00001349,428,385,43
W00001350,286,265,21
W00001351,286,265,21
W00001352,216,198,18
W00001353,256,243,13
W00001354,229,218,11
W00001355,290,274,16
W00001356,419,378,41
W00001357,298,266,32
W00001358,284,257,27
W00001359,184,157,27
W00001360,359,324,35
W00001361,244,215,29
W00001362,409,369,40
W00001363,270,233,37
W00001364,268,235,33
W00001365,259,226,33
W00001366,285,256,29
W00001367,260,241,19
W00001368,304,274,30
W00001369,265,245,20
W00001370,260,238,22
W00001371,283,257,26
W00001372,309,286,23
W00001373,459,410,49
W00001374,270,263,7
W00001375,358,340,18
W00001376,319,302,17
W00001377,319,297,22
W00001378,307,280,27
W00001379,282,261,21
W00001380,303,275,28
W00001381,280,266,14
W00001382,230,220,10
W00001384,257,243,14
W00001385,277,257,20
W00001386,253,243,10
W00001387,289,259,30
W00001388,353,305,48
W00001389,348,286,62
W00001390,302,248,54
W00001391,431,363,68
W00001392,265,228,37
W00001393,154,134,20
W00001394,208,191,17
W00001395,290,258,32
W00001396,284,266,18
W00001397,274,250,24
W00001398,206,193,13
W00001399,265,238,27
W00001400,258,226,32
W00001401,327,297,30
W00001402,300,277,23
W00001403,299,263,36
W00001404,199,178,21
W00001405,287,258,29
W00001406,307,270,37
W00001407,252,226,26
W00001408,332,307,25
W00001409,302,276,26
W00001410,296,249,47
W00001411,153,143,10
W00001412,191,167,24
W00001413,327,278,49
W00001414,303,284,19
W00001415,226,203,23
W00001416,285,263,22
W00001417,332,309,23
W00001418,300,274,26
W00001419,280,255,25
W00001420,246,223,23
W00001421,229,209,20
W00001422,264,233,31
W00001423,447,396,51
W00001424,250,228,22
W00001425,238,216,22
W00001426,327,299,28
W00001427,465,412,53
W00001428,394,347,47
W00001429,501,435,66
W00001430,225,201,24
W00001431,233,204,29
W00001432,323,291,32
W00001433,272,250,22
W00001434,213,194,19
W00001435,275,247,28
W00001436,379,326,53
W00001437,210,198,12
W00001438,438,369,69
W00001439,404,364,40
W00001440,511,461,50
W00001442,356,318,38
W00001443,581,506,75
W00001444,246,226,20
W00001445,241,211,30
W00001446,274,258,16
W00001447,210,189,21
W00001448,252,219,33
W00001449,220,195,25
W00001450,323,268,55
W00001451,162,135,27
W00001452,241,197,44
W00001453,255,202,53
W00001454,124,94,30
W00001455,182,146,36
W00001456,253,211,42
W00001457,334,270,64
W00001458,282,239,43
W00001459,339,263,76
W00001460,262,216,46
W00001461,287,240,47
W00001462,416,338,78
W00001463,390,301,89
W00001464,221,191,30
W00001465,236,203,33
W00001466,211,192,19
W00001467,289,264,25
W00001468,294,274,20
W00001469,235,223,12
W00001470,283,264,19
W00001471,215,200,15
W00001472,282,256,26
W00001473,338,313,25
W00001474,295,269,26
W00001475,216,209,7
W00001476,355,333,22
W00001477,222,201,21
W00001478,313,299,14
W00001479,297,270,27
W00001480,341,312,29
W00001481,286,256,30
W00001482,317,293,24
W00001483,277,249,28
W00001484,291,268,23
W00001485,304,278,26
W00001486,311,291,20
W00001487,275,250,25
W00001488,295,264,31
W00001489,466,409,57
W00001490,301,277,24
W00001491,150,142,8
W00001492,285,260,25
W00001493,287,268,19
W00001494,299,281,18
W00001495,287,266,21
W00001496,240,220,20
W00001497,329,301,28
W00001498,230,211,19
W00001500,285,256,29
W00001501,337,305,32
W00001502,272,255,17
W00001503,234,218,16
W00001504,254,241,13
W00001505,290,270,20
W00001506,308,278,30
W00001507,307,276,31
W00001508,419,375,44
W00001509,324,294,30
W00001510,508,461,47
W00001511,299,268,31
W00001512,258,237,21
W00001513,305,282,23
W00001514,299,280,19
W00001515,444,406,38
W00001516,319,299,20
W00001517,368,346,22
W00001518,248,226,22
W00001519,269,251,18
W00001520,334,306,28
W00001521,419,371,48
W00001522,301,265,36
W00001523,320,296,24
W00001524,356,316,40
W00001525,335,307,28
W00001526,412,385,27
W00001527,348,314,34
W00001528,301,284,17
W00001530,309,285,24
W00001531,407,355,52
W00001532,374,340,34
W00001533,335,290,45
W00001534,205,194,11
W00001535,470,376,94
W00001536,235,216,19
W00001537,170,153,17
W00001538,280,244,36
W00001539,201,164,37
W00001540,336,285,51
W00001541,125,113,12
W00001542,310,283,27
W00001543,175,151,24
W00001544,151,136,15
W00001545,305,277,28
W00001546,286,257,29
W00001547,317,283,34
W00001548,248,227,21
W00001549,324,298,26
W00001550,412,364,48
W00001551,232,204,28
W00001552,284,258,26
W00001553,300,258,42
W00001554,219,202,17
W00001555,344,299,45
W00001556,314,273,41
W00001557,254,227,27
W00001558,239,208,31
W00001559,322,284,38
W00001560,254,216,38
W00001561,212,199,13
W00001562,131,124,7
W00001563,290,250,40
W00001565,315,283,32
W00001566,328,283,45
W00001567,438,400,38
W00001568,340,306,34
W00001569,312,293,19
W00001570,313,281,32
W00001572,195,175,20
W00001573,539,468,71
W00001574,241,205,36
W00001575,122,105,17
W00001576,349,316,33
W00001577,452,400,52
W00001578,276,235,41
W00001579,304,270,34
W00001580,337,311,26
W00001581,323,285,38
W00001582,438,391,47
W00001583,419,384,35
W00001584,354,305,49
W00001585,185,161,24
W00001586,280,247,33
W00001587,293,254,39
W00001588,305,268,37
W00001589,316,269,47
W00001590,244,207,37
W00001591,287,265,22
W00001592,245,210,35
W00001593,187,165,22
W00001594,201,174,27
W00001595,297,253,44
W00001596,271,233,38
W00001597,236,197,39
W00001598,289,256,33
W00001599,249,208,41
W00001600,230,198,32
W00001601,321,282,39
W00001602,250,210,40
W00001603,203,168,35
W00001604,317,271,46
W00001605,508,436,72
W00001608,158,138,20
W00001609,308,229,79
W00001610,226,182,44
W00001611,244,203,41
W00001612,335,285,50
W00001613,354,289,65
W00001614,283,255,28
W00001615,270,205,65
W00001616,201,163,38
W00001617,493,428,65
W00001618,269,249,20
W00001619,296,271,25
W00001620,209,184,25
W00001621,220,202,18
W00001622,254,227,27
W00001623,154,146,8
W00001624,318,291,27
W00001625,384,352,32
W00001626,399,346,53
W00001627,257,232,25
W00001628,320,285,35
W00001629,399,350,49
W00001630,225,185,40
W00001631,310,265,45
W00001632,296,274,22
W00001633,291,259,32
W00001634,310,282,28
W00001635,178,161,17
W00001636,457,393,64
W00001637,267,227,40
W00001638,258,226,32
W00001639,253,230,23
W00001640,275,234,41
W00001641,344,283,61
W00001642,304,267,37
W00001643,425,357,68
W00001644,302,269,33
W00001645,330,291,39
W00001646,291,239,52
W00001647,337,278,59
W00001648,373,315,58
W00001649,301,248,53
W00001650,263,230,33
W00001651,307,267,40
W00001652,212,192,20
W00001653,205,187,18
W00001654,283,253,30
W00001655,419,372,47
W00001656,275,235,40
W00001657,288,259,29
W00001658,298,260,38
W00001659,259,223,36
W00001660,273,241,32
W00001661,325,274,51
W00001662,255,237,18
W00001663,282,250,32
W00001664,365,326,39
W00001665,202,170,32
W00001666,222,195,27
W00001667,371,313,58
W00001668,294,252,42
W00001669,351,282,69
W00001670,410,352,58
W00001671,257,229,28
W00001672,282,253,29
W00001674,305,279,26
W00001675,301,281,20
W00001676,256,237,19
W00001677,289,273,16
W00001678,242,227,15
W00001679,197,186,11
W00001680,364,338,26
W00001681,317,289,28
W00001683,243,192,51
W00001684,295,257,38
W00001685,265,225,40
W00001686,258,208,50
W00001687,275,215,60
W00001688,261,231,30
W00001689,302,259,43
W00001690,473,395,78
W00001691,283,242,41
W00001692,298,253,45
W00001693,241,209,32
W00001694,326,283,43
W00001695,284,239,45
W00001696,253,218,35
W00001697,200,173,27
W00001698,300,251,49
W00001699,280,211,69
W00001700,271,208,63
W00001701,318,241,77
W00001702,372,274,98
W00001703,283,227,56
W00001704,274,193,81
W00001706,342,217,125
W00001707,302,269,33
W00001708,251,232,19
W00001709,265,206,59
W00001710,270,225,45
W00001711,239,220,19
W00001712,184,156,28
W00001713,438,376,62
W00001714,294,260,34
W00001715,317,280,37
W00001716,277,251,26
W00001717,453,383,70
W00001718,249,212,37
W00001719,171,140,31
W00001720,227,203,24
W00001721,261,234,27
W00001722,192,163,29
W00001723,308,278,30
W00001724,320,285,35
W00001725,262,233,29
W00001726,166,128,38
W00001727,571,506,65
W00001728,319,282,37
W00001729,277,235,42
W00001730,234,204,30
W00001731,204,173,31
W00001732,283,239,44
W00001733,303,239,64
W00001734,267,242,25
W00001735,435,356,79
W00001736,296,257,39
W00001737,327,295,32
W00001738,200,162,38
W00001739,271,233,38
W00001740,210,180,30
W00001741,283,236,47
W00001742,409,363,46
W00001743,395,355,40
W00001745,380,336,44
W00001746,171,147,24
W00001747,185,166,19
W00001748,434,373,61
W00001749,332,299,33
W00001750,326,283,43
W00001751,302,270,32
W00001752,345,307,38
W00001753,300,265,35
W00001754,326,288,38
W00001756,297,258,39
W00001757,283,254,29
W00001758,518,463,55
W00001759,279,247,32
W00001760,472,438,34
W00001761,279,261,18
W00001763,263,241,22
W00001765,282,264,18
W00001766,250,236,14
W00001767,265,255,10
W00001768,290,281,9
W00001769,383,362,21
W00001770,323,304,19
W00001771,292,263,29
W00001772,335,317,18
W00001773,241,232,9
W00001774,265,249,16
W00001775,289,273,16
W00001776,257,249,8
W00001777,324,308,16
W00001779,301,278,23
W00001780,271,259,12
W00001781,314,302,12
W00001782,295,274,21
W00001783,433,395,38
W00001784,289,275,14
W00001785,261,244,17
W00001786,316,297,19
W00001787,281,268,13
W00001788,463,433,30
W00001789,254,240,14
W00001791,307,289,18
W00001792,278,255,23
W00001793,253,235,18
W00001794,319,298,21
W00001795,282,269,13
W00001796,292,277,15
W00001797,279,249,30
W00001798,285,271,14
W00001799,314,276,38
W00001800,353,326,27
W00001801,450,412,38
W00001802,339,317,22
W00001803,229,212,17
W00001804,285,262,23
W00001805,277,261,16
W00001806,343,309,34
W00001807,268,246,22
W00001808,287,267,20
W00001809,296,282,14
W00001810,371,337,34
W00001811,255,229,26
W00001812,275,257,18
W00001813,140,109,31
W00001815,213,177,36
W00001816,289,229,60
W00001817,277,222,55
W00001818,200,167,33
W00001819,275,206,69
W00001820,370,297,73
W00001821,280,224,56
W00001822,443,365,78
W00001823,270,219,51
W00001824,349,286,63
W00001825,213,186,27
W00001826,209,183,26
W00001827,291,226,65
W00001828,297,262,35
W00001829,260,205,55
W00001830,232,194,38
W00001831,337,285,52
W00001832,272,247,25
W00001833,209,191,18
W00001834,225,194,31
W00001835,275,252,23
W00001836,316,281,35
W00001837,371,315,56
W00001838,234,214,20
W00001839,280,255,25
W00001840,306,276,30
W00001841,246,225,21
W00001842,257,224,33
W00001843,254,238,16
W00001844,260,224,36
W00001845,216,188,28
W00001846,263,232,31
W00001847,245,223,22
W00001848,241,207,34
W00001849,252,222,30
W00001850,306,270,36
W00001851,194,180,14
W00001852,278,250,28
W00001853,314,289,25
W00001854,245,226,19
W00001855,244,217,27
W00001856,280,269,11
W00001857,284,265,19
W00001858,274,257,17
W00001859,281,269,12
W00001860,342,317,25
W00001861,478,442,36
W00001862,244,209,35
W00001863,263,242,21
W00001864,262,223,39
W00001866,403,340,63
W00001867,474,401,73
W00001868,233,209,24
W00001869,295,268,27
W00001870,337,286,51
W00001871,249,221,28
W00001872,252,225,27
W00001874,252,224,28
W00001875,312,270,42
W00001876,239,217,22
W00001881,211,197,14
W00001882,335,281,54
W00001883,250,194,56
W00001884,247,214,33
W00001885,260,243,17
W00001886,233,206,27
W00001887,209,175,34
W00001888,453,397,56
W00001889,264,228,36
W00001890,147,132,15
W00001891,186,167,19
W00001892,329,307,22
W00001893,362,322,40
W00001894,250,234,16
W00001895,401,362,39
W00001896,290,261,29
W00001897,271,246,25
W00001898,310,283,27
W00001899,226,205,21
W00001900,357,313,44
W00001901,273,241,32
W00001902,277,239,38
W00001903,302,267,35
W00001904,266,224,42
W00001905,313,281,32
W00001906,330,292,38
W00001907,305,272,33
W00001908,326,287,39
W00001909,480,429,51
W00001910,302,266,36
W00001911,273,239,34
W00001912,226,197,29
W00001913,292,251,41
W00001914,320,291,29
W00001915,293,148,145
W00001916,195,140,55
W00001917,293,252,41
W00001918,297,220,77
W00001919,316,234,82
W00001920,212,150,62
W00001921,217,145,72
W00001922,199,166,33
W00001923,310,287,23
W00001924,281,262,19
W00001925,299,279,20
W00001926,234,212,22
W00001927,222,202,20
W00001928,305,278,27
W00001929,393,345,48
W00001930,311,283,28
W00001931,317,277,40
W00001932,335,300,35
W00001933,315,289,26
W00001934,371,351,20
W00001935,400,359,41
W00001936,187,171,16
W00001937,315,262,53
W00001938,326,278,48
W00001939,303,241,62
W00001940,350,283,67
W00001941,273,213,60
W00001942,312,267,45
W00001943,214,182,32
W00001944,256,208,48
W00001945,333,283,50
W00001946,242,204,38
W00001947,246,205,41
W00001948,308,260,48
W00001949,322,263,59
W00001950,304,263,41
W00001951,198,171,27
W00001952,374,305,69
W00001953,369,319,50
W00001954,282,244,38
W00001955,383,340,43
W00001956,281,216,65
W00001957,295,233,62
W00001958,254,237,17
W00001959,115,99,16
W00001960,255,214,41
W00001961,215,183,32
W00001962,315,281,34
W00001963,361,328,33
W00001964,309,277,32
W00001965,288,266,22
W00001966,249,230,19
W00001967,306,288,18
W00001968,272,232,40
W00001969,261,232,29
W00001970,274,240,34
W00001971,283,248,35
W00001972,230,190,40
W00001973,289,253,36
W00001974,326,287,39
W00001975,258,243,15
W00001976,363,310,53
W00001977,254,224,30
W00001978,260,226,34
W00001979,239,214,25
W00001980,329,296,33
W00001981,260,229,31
W00001982,275,257,18
W00001983,223,213,10
W00001984,281,261,20
W00001985,414,372,42
W00001986,400,364,36
W00001987,225,200,25
W00001988,256,223,33
W00001989,422,366,56
W00001990,248,219,29
W00001991,332,289,43
W00001992,218,190,28
W00001993,282,257,25
W00001994,322,286,36
W00001995,263,238,25
W00001996,222,205,17
W00001997,306,283,23
W00001998,306,261,45
W00001999,336,306,30
W00002000,238,217,21
W00002001,450,394,56
W00002002,232,207,25
W00002003,290,250,40
W00002004,255,214,41
W00002005,230,215,15
W00002006,280,244,36
W00002007,273,219,54
W00002008,264,225,39
W00002009,231,201,30
W00002010,342,299,43
W00002011,529,476,53
W00002014,403,341,62
W00002016,295,270,25
W00002017,210,184,26
W00002018,284,265,19
W00002019,467,400,67
W00002020,385,316,69
W00002021,284,270,14
W00002022,547,461,86
W00002023,290,259,31
W00002024,280,236,44
W00002025,246,236,10
W00002026,297,259,38
W00002027,213,198,15
W00002028,269,218,51
W00002029,275,234,41
W00002030,328,274,54
W00002031,234,210,24
W00002032,365,333,32
W00002033,230,199,31
W00002034,335,285,50
W00002035,293,244,49
W00002036,155,137,18
W00002037,204,177,27
W00002038,188,158,30
W00002039,320,275,45
W00002040,334,288,46
W00002041,356,321,35
W00002043,275,261,14
W00002044,250,220,30
W00002045,225,216,9
W00002046,316,296,20
W00002047,441,418,23
W00002049,390,359,31
W00002050,277,240,37
W00002051,286,240,46
W00002052,302,265,37
W00002053,170,158,12
W00002054,252,192,60
W00002055,306,269,37
W00002056,327,301,26
W00002057,304,272,32
W00002058,302,273,29
W00002059,271,230,41
W00002060,283,247,36
W00002061,282,253,29
W00002062,262,234,28
W00002063,240,220,20
W00002064,271,233,38
W00002065,257,228,29
W00002066,310,284,26
W00002067,274,244,30
W00002068,281,248,33
W00002069,303,251,52
W00002070,309,266,43
W00002071,206,188,18
W00002072,296,245,51
W00002073,304,260,44
W00002074,288,253,35
W00002075,237,200,37
W00002076,424,364,60
W00002077,230,216,14
W00002078,318,275,43
W00002079,293,267,26
W00002080,262,239,23
W00002081,276,252,24
W00002082,289,270,19
W00002083,264,227,37
W00002084,294,265,29
W00002085,252,217,35
W00002086,122,105,17
W00002087,484,435,49
W00002088,154,144,10
W00002089,264,237,27
W00002090,245,230,15
W00002091,278,251,27
W00002092,207,191,16
W00002093,252,227,25
W00002094,254,226,28
W00002095,309,285,24
W00002096,257,216,41
W00002097,233,210,23
W00002098,311,255,56
W00002099,274,241,33
W00002100,360,337,23
W00002101,245,209,36
W00002102,266,241,25
W00002103,235,213,22
W00002104,239,215,24
W00002105,268,235,33
W00002106,292,258,34
W00002107,250,230,20
W00002108,349,324,25
W00002109,319,296,23
W00002110,279,244,35
W00002111,330,296,34
W00002112,263,234,29
W00002113,271,232,39
W00002114,301,277,24
W00002115,540,447,93
W00002116,137,117,20
W00002117,103,89,14
W00002118,282,230,52
W00002119,296,237,59
W00002120,357,309,48
W00002121,304,251,53
W00002122,231,196,35
W00002123,580,514,66
W00002124,226,205,21
W00002125,312,281,31
W00002126,315,285,30
W00002127,309,279,30
W00002128,201,176,25
W00002129,579,495,84
W00002130,473,411,62
W00002131,257,229,28
W00002132,279,244,35
W00002133,183,161,22
W00002134,235,205,30
W00002135,281,261,20
W00002136,336,301,35
W00002137,229,205,24
W00002138,362,290,72
W00002139,418,382,36
W00002140,292,259,33
W00002141,316,295,21
W00002142,329,299,30
W00002143,255,227,28
W00002144,326,299,27
W00002145,376,362,14
W00002146,157,148,9
W00002147,560,506,54
W00002148,213,195,18
W00002149,228,204,24
W00002150,272,246,26
W00002151,354,330,24
W00002152,174,160,14
W00002153,277,235,42
W00002154,323,255,68
W00002155,369,282,87
W00002156,359,312,47
W00002157,338,259,79
W00002158,265,196,69
W00002159,273,195,78
W00002160,284,253,31
W00002161,293,245,48
W00002162,303,244,59
W00002163,287,226,61
W00002164,280,224,56
W00002165,361,312,49
W00002166,288,234,54
W00002167,281,235,46
W00002168,346,294,52
W00002169,318,254,64
W00002170,250,215,35
W00002171,291,250,41
W00002172,266,238,28
W00002173,401,349,52
W00002174,402,350,52
W00002175,277,261,16
W00002176,283,263,20
W00002177,313,281,32
W00002178,287,269,18
W00002179,279,251,28
W00002180,342,312,30
W00002181,303,246,57
W00002182,461,375,86
W00002183,260,211,49
W00002184,272,228,44
W00002185,296,207,89
W00002186,351,267,84
W00002187,298,243,55
W00002188,235,208,27
W00002189,278,186,92
W00002190,302,211,91
W00002191,273,211,62
W00002192,210,167,43
W00002193,238,181,57
W00002194,229,183,46
W00002195,291,231,60
W00002196,264,226,38
W00002197,291,262,29
W00002198,354,322,32
W00002199,264,244,20
W00002200,214,200,14
W00002201,301,274,27
W00002202,294,277,17
W00002203,405,375,30
W00002204,280,254,26
W00002205,383,353,30
W00002206,259,235,24
W00002207,232,207,25
W00002208,218,192,26
W00002209,256,233,23
W00002210,248,220,28
W00002211,285,250,35
W00002212,257,233,24
W00002213,193,173,20
W00002214,205,185,20
W00002215,296,278,18
W00002216,307,285,22
W00002217,311,275,36
W00002218,253,230,23
W00002219,225,203,22
W00002220,316,278,38
W00002221,250,216,34
W00002222,300,268,32
W00002223,294,262,32
W00002224,297,267,30
W00002225,354,339,15
W00002226,317,263,54
W00002227,123,108,15
W00002228,397,319,78
W00002229,183,170,13
W00002231,251,225,26
W00002232,236,210,26
W00002233,292,279,13
W00002234,221,198,23
W00002235,256,223,33
W00002236,334,314,20
W00002237,286,262,24
W00002238,365,342,23
W00002239,172,153,19
W00002240,421,369,52
W00002241,395,364,31
W00002242,218,204,14
W00002243,308,289,19
W00002244,295,270,25
W00002245,214,184,30
W00002246,233,216,17
W00002247,256,218,38
W00002248,228,205,23
W00002249,291,261,30
W00002250,337,300,37
W00002251,239,214,25
W00002253,336,274,62
W00002254,279,242,37
W00002255,402,371,31
W00002256,361,320,41
W00002257,343,300,43
W00002258,283,258,25
W00002259,304,264,40
W00002260,311,259,52
W00002261,317,285,32
W00002262,286,268,18
W00002263,334,305,29
W00002264,266,255,11
W00002265,266,247,19
W00002266,252,233,19
W00002267,247,231,16
W00002268,348,273,75
W00002269,284,212,72
W00002270,159,118,41
W00002271,241,159,82
W00002272,354,229,125
W00002273,247,153,94
W00002274,386,221,165
W00002275,426,223,203
W00002276,336,305,31
W00002277,340,316,24
W00002278,273,247,26
W00002279,362,326,36
W00002280,283,255,28
W00002281,326,292,34
W00002282,354,300,54
W00002283,337,297,40
W00002284,359,313,46
W00002285,387,345,42
W00002286,290,220,70
W00002287,326,273,53
W00002288,296,226,70
W00002289,377,304,73
W00002290,237,167,70
W00002291,332,288,44
W00002292,353,318,35
W00002293,205,192,13
W00002294,399,343,56
W00002295,321,285,36
W00002296,230,207,23
W00002297,291,243,48
W00002298,271,225,46
W00002299,244,216,28
W00002300,361,307,54
W00002301,330,289,41
W00002302,356,298,58
W00002303,296,264,32
W00002305,340,308,32
W00002306,238,192,46
W00002307,218,185,33
W00002308,407,319,88
W00002309,323,247,76
W00002310,316,276,40
W00002311,361,238,123
W00002312,356,232,124
W00002313,385,368,17
W00002314,356,347,9
W00002315,351,331,20
W00002316,297,288,9
W00002317,315,304,11
W00002320,246,230,16
W00002321,298,269,29
W00002323,354,309,45
W00002324,287,262,25
W00002325,415,376,39
W00002327,304,243,61
W00002328,362,252,110
W00002329,373,257,116
W00002330,148,110,38
W00002331,175,108,67
W00002332,230,149,81
W00002333,155,99,56
W00002335,363,341,22
W00002336,329,314,15
W00002337,312,279,33
W00002338,199,169,30
W00002339,452,376,76
W00002340,464,412,52
W00002341,307,271,36
W00002342,331,308,23
W00002343,431,378,53
W00002344,297,265,32
W00002345,342,296,46
W00002346,422,362,60
W00002347,224,179,45
W00002348,384,350,34
W00002349,380,348,32
W00002350,353,325,28
W00002351,376,320,56
W00002352,291,112,179
W00002353,244,111,133
W00002354,284,141,143
W00002355,295,145,150
W00002356,296,147,149
W00002357,274,159,115
W00002358,313,163,150
W00002359,370,345,25
W00002360,365,337,28
W00002361,367,332,35
W00002362,333,304,29
W00002363,284,257,27
W00002364,515,475,40
W00002365,375,302,73
W00002366,222,196,26
W00002367,315,282,33
W00002368,333,295,38
W00002369,250,220,30
W00002370,215,183,32
W00002371,266,236,30
W00002372,227,200,27
W00002373,307,290,17
W00002374,358,337,21
W00002375,303,277,26
W00002376,227,224,3
W00002377,262,251,11
W00002378,189,178,11
W00002379,257,239,18
W00002380,216,202,14
W00002381,224,211,13
W00002382,452,427,25
W00002383,304,285,19
W00002384,387,354,33
W00002385,329,282,47
W00002386,391,353,38
W00002387,399,364,35
W00002388,166,151,15
W00002389,282,260,22
W00002390,294,276,18
W00002391,195,180,15
W00002392,237,228,9
W00002393,297,275,22
W00002394,228,213,15
W00002395,252,234,18
W00002396,210,204,6
W00002397,265,249,16
W00002398,375,336,39
W00002399,302,269,33
W00002400,190,175,15
W00002401,147,125,22
W00002402,308,271,37
W00002403,315,263,52
W00002404,419,364,55
W00002405,175,153,22
W00002406,388,357,31
W00002407,330,300,30
W00002408,440,395,45
W00002409,330,189,141
W00002410,279,164,115
W00002411,294,179,115
W00002412,262,214,48
W00002413,341,276,65
W00002414,266,228,38
W00002415,278,240,38
W00002416,205,167,38
W00002417,239,225,14
W00002418,224,195,29
W00002419,200,190,10
W00002420,331,285,46
W00002421,245,218,27
W00002422,361,337,24
W00002424,199,184,15
W00002425,300,273,27
W00002426,314,280,34
W00002427,294,250,44
W00002429,291,259,32
W00002430,156,134,22
W00002431,383,354,29
W00002432,246,231,15
W00002433,234,196,38
W00002436,392,372,20
W00002437,287,262,25
W00002438,420,368,52
W00002439,305,249,56
W00002440,363,326,37
W00002441,331,285,46
W00002442,320,290,30
W00002443,360,313,47
W00002444,481,431,50
W00002445,378,338,40
W00002446,276,238,38
W00002447,238,215,23
W00002448,308,271,37
W00002449,234,208,26
W00002450,277,245,32
W00002451,128,117,11
W00002452,370,236,134
W00002453,262,178,84
W00002454,293,214,79
W00002455,353,225,128
W00002456,389,273,116
W00002457,458,266,192
W00002458,330,245,85
W00002459,235,173,62
W00002461,461,314,147
W00002463,197,157,40
W00002465,363,316,47
W00002466,315,282,33
W00002467,256,234,22
W00002468,304,275,29
W00002469,418,343,75
W00002470,378,340,38
W00002471,278,258,20
W00002472,200,173,27
W00002473,341,332,9
W00002474,335,308,27
W00002475,354,317,37
W00002476,374,332,42
W00002477,290,261,29
W00002478,239,193,46
W00002479,209,175,34
W00002480,261,212,49
W00002481,261,211,50
W00002482,294,261,33
W00002483,260,221,39
W00002484,311,255,56
W00002485,170,145,25
W00002486,213,180,33
W00002487,224,192,32
W00002488,266,234,32
W00002489,294,212,82
W00002490,252,161,91
W00002491,204,141,63
W00002492,243,158,85
W00002493,483,254,229
W00002494,399,313,86
W00002495,429,279,150
W00002496,282,175,107
W00002497,305,238,67
W00002498,363,257,106
W00002499,219,181,38
W00002500,255,208,47
W00002501,306,262,44
W00002502,491,433,58
W00002503,305,242,63
W00002504,373,319,54
W00002505,257,219,38
W00002506,240,195,45
W00002507,307,275,32
W00002508,229,190,39
W00002509,239,196,43
W00002510,240,193,47
W00002511,211,187,24
W00002512,308,278,30
W00002513,288,255,33
W00002514,276,244,32
W00002515,287,257,30
W00002516,246,127,119
W00002517,298,169,129
W00002518,317,163,154
W00002519,252,150,102
W00002520,230,136,94
W00002521,213,138,75
W00002522,301,154,147
W00002523,235,157,78
W00002524,224,153,71
W00002525,273,224,49
W00002526,279,213,66
W00002527,290,242,48
W00002528,313,239,74
W00002529,215,161,54
W00002530,116,79,37
W00002531,328,244,84
W00002532,308,260,48
W00002533,336,259,77
W00002534,354,293,61
W00002536,305,276,29
W00002537,321,280,41
W00002540,248,228,20
W00002541,382,345,37
W00002542,270,246,24
W00002543,326,277,49
W00002544,265,245,20
W00002545,371,331,40
W00002546,256,239,17
W00002547,318,274,44
W00002548,338,289,49
W00002549,243,213,30
W00002550,335,302,33
W00002551,275,246,29
W00002552,233,209,24
W00002553,276,231,45
W00002554,254,220,34
W00002555,295,268,27
W00002556,305,289,16
W00002557,115,101,14
W00002558,146,132,14
W00002560,239,212,27
W00002562,249,215,34
W00002563,274,251,23
W00002564,376,318,58
W00002565,382,335,47
W00002566,262,216,46
W00002567,297,261,36
W00002568,272,236,36
W00002569,365,315,50
W00002570,187,172,15
W00002571,242,221,21
W00002573,228,200,28
W00002574,149,131,18
W00002575,180,156,24
W00002576,224,195,29
W00002577,324,291,33
W00002578,291,258,33
W00002579,318,262,56
W00002580,274,243,31
W00002581,295,269,26
W00002582,270,235,35
W00002583,429,399,30
W00002584,175,166,9
W00002585,251,227,24
W00002586,276,260,16
W00002587,222,208,14
W00002588,295,278,17
W00002589,257,235,22
W00002590,295,277,18
W00002591,229,217,12
W00002592,236,223,13
W00002593,357,329,28
W00002594,292,262,30
W00002595,218,204,14
W00002596,371,356,15
W00002597,338,325,13
W00002598,244,204,40
W00002599,402,335,67
W00002600,284,252,32
W00002601,310,274,36
W00002602,222,204,18
W00002603,303,252,51
W00002604,260,230,30
W00002605,422,363,59
W00002606,545,431,114
W00002607,313,254,59
W00002608,368,302,66
W00002609,476,371,105
W00002610,270,236,34
W00002611,241,212,29
W00002612,364,314,50
W00002613,206,186,20
W00002614,201,183,18
W00002615,457,382,75
W00002616,266,227,39
W00002619,295,255,40
W00002620,252,229,23
W00002621,189,168,21
W00002622,215,189,26
W00002623,275,253,22
W00002624,320,296,24
W00002625,320,283,37
W00002627,480,420,60
W00002628,302,271,31
W00002629,236,201,35
W00002630,282,236,46
W00002631,209,177,32
W00002632,245,214,31
W00002633,263,232,31
W00002634,227,209,18
W00002636,274,246,28
W00002637,270,227,43
W00002638,361,339,22
W00002641,439,392,47
W00002642,240,204,36
W00002643,373,316,57
W00002644,241,220,21
W00002645,304,264,40
W00002646,239,201,38
W00002648,210,180,30
W00002649,348,242,106
W00002650,303,258,45
W00002651,281,205,76
W00002652,245,200,45
W00002653,283,217,66
W00002654,209,159,50
W00002655,367,304,63
W00002656,477,435,42
W00002657,266,238,28
W00002658,275,258,17
W00002659,321,292,29
W00002660,281,246,35
W00002661,171,160,11
W00002662,238,215,23
W00002663,307,275,32
W00002664,229,215,14
W00002665,214,191,23
W00002666,300,262,38
W00002667,391,357,34
W00002668,281,257,24
W00002669,466,407,59
W00002670,333,284,49
W00002671,257,228,29
W00002672,258,238,20
W00002673,307,272,35
W00002674,260,237,23
W00002675,217,194,23
W00002676,272,252,20
W00002677,243,222,21
W00002678,300,250,50
W00002679,134,123,11
W00002680,254,221,33
W00002681,169,140,29
W00002682,353,305,48
W00002683,214,183,31
W00002684,238,178,60
W00002685,273,207,66
W00002686,263,181,82
W00002687,246,158,88
W00002688,301,203,98
W00002689,326,216,110
W00002690,131,104,27
W00002691,244,154,90
W00002692,242,209,33
W00002693,352,304,48
W00002694,438,371,67
W00002695,346,249,97
W00002696,233,160,73
W00002697,306,213,93
W00002698,262,179,83
W00002699,233,182,51
W00002700,278,246,32
W00002701,251,177,74
W00002702,259,204,55
W00002703,325,235,90
W00002704,224,94,130
W00002705,237,82,155
W00002706,231,110,121
W00002707,172,94,78
W00002708,189,103,86
W00002709,198,90,108
W00002710,159,100,59
W00002711,395,257,138
W00002712,159,94,65
W00002713,224,138,86
W00002714,266,158,108
W00002715,225,134,91
W00002716,338,199,139
W00002717,123,63,60
W00002718,231,119,112
W00002719,455,249,206
W00002720,208,109,99
W00002721,272,111,161
W00002722,263,126,137
W00002723,230,125,105
W00002724,198,102,96
W00002725,193,100,93
W00002726,227,127,100
W00002727,219,121,98
W00002728,285,150,135
W00002729,190,117,73
W00002730,227,146,81
W00002731,427,275,152
W00002732,263,159,104
W00002733,201,128,73
W00002734,242,158,84
W00002736,377,199,178
W00002737,269,166,103
W00002738,258,190,68
W00002739,274,214,60
W00002740,266,210,56
W00002741,240,176,64
W00002742,315,272,43
W00002743,292,221,71
W00002744,255,145,110
W00002745,193,159,34
W00002746,251,180,71
W00002747,215,123,92
W00002748,325,221,104
W00002751,222,176,46
W00002752,329,235,94
W00002753,345,243,102
W00002754,250,155,95
W00002755,319,237,82
W00002756,386,236,150
W00002757,206,138,68
W00002758,236,160,76
W00002759,267,199,68
W00002760,255,203,52
W00002761,278,220,58
W00002762,314,234,80
W00002763,274,212,62
W00002764,233,182,51
W00002765,229,158,71
W00002766,277,211,66
W00002767,210,153,57
W00002768,125,86,39
W00002769,144,101,43
W00002770,282,178,104
W00002771,370,282,88
W00002772,324,165,159
W00002773,259,128,131
W00002774,308,157,151
W00002775,247,154,93
W00002776,285,155,130
W00002777,298,148,150
W00002778,224,150,74
W00002779,170,123,47
W00002780,177,129,48
W00002781,280,182,98
W00002782,246,166,80
W00002783,131,89,42
W00002784,346,149,197
W00002785,345,173,172
W00002786,261,132,129
W00002787,238,151,87
W00002788,258,157,101
W00002789,223,125,98
W00002790,203,105,98
W00002791,344,132,212
W00002792,283,133,150
W00002793,352,172,180
W00002794,263,156,107
W00002795,309,163,146
W00002796,285,173,112
W00002797,333,159,174
W00002798,255,135,120
W00002799,246,125,121
W00002800,190,98,92
W00002801,304,143,161
W00002802,292,169,123
W00002803,254,143,111
W00002805,253,136,117
W00002806,332,169,163
W00002807,259,157,102
W00002808,365,208,157
W00002809,266,181,85
W00002811,252,123,129
W00002812,284,148,136
W00002813,197,115,82
W00002814,369,195,174
W00002815,280,169,111
W00002816,283,121,162
W00002818,180,112,68
W00002819,217,111,106
W00002820,475,227,248
W00002821,293,163,130
W00002822,249,155,94
W00002823,340,190,150
W00002824,165,104,61
W00002825,238,161,77
W00002826,162,108,54
W00002827,226,139,87
W00002828,312,186,126
W00002829,179,105,74
W00002831,718,569,149
W00002832,265,152,113
W00002833,221,106,115
W00002834,464,291,173
W00002835,148,77,71
W00002836,263,131,132
W00002837,362,196,166
W00002838,301,106,195
W00002839,218,148,70
W00002840,224,142,82
W00002841,272,143,129
W00002842,380,265,115
W00002843,296,166,130
W00002844,147,76,71
W00002845,281,96,185
W00002846,235,100,135
W00002847,211,95,116
W00002848,189,114,75
W00002849,234,117,117
W00002850,164,90,74
W00002851,393,186,207
W00002852,287,159,128
W00002853,272,140,132
W00002854,253,141,112
W00002855,278,123,155
W00002856,352,149,203
W00002857,277,122,155
W00002858,350,182,168
W00002859,183,87,96
W00002860,258,119,139
W00002861,278,193,85
W00002862,300,170,130
W00002863,307,163,144
W00002864,301,158,143
W00002865,240,124,116
W00002866,240,151,89
W00002867,248,136,112
W00002868,172,124,48
W00002869,223,130,93
W00002870,195,113,82
W00002871,205,119,86
W00002872,206,111,95
W00002873,178,101,77
W00002874,188,123,65
W00002875,275,126,149
W00002876,275,125,150
W00002877,300,144,156
W00002878,322,185,137
W00002879,334,157,177
W00002880,327,186,141
W00002881,304,170,134
W00002882,248,131,117
W00002883,231,129,102
W00002884,322,191,131
W00002885,321,173,148
W00002886,275,156,119
W00002887,242,122,120
W00002888,294,155,139
W00002889,247,145,102
W00002890,239,108,131
W00002891,227,114,113
W00002892,240,116,124
W00002893,245,113,132
W00002894,205,95,110
W00002895,338,160,178
W00002896,338,160,178
W00002897,266,165,101
W00002898,158,86,72
W00002899,304,153,151
W00002900,389,194,195
W00002901,358,187,171
W00002902,204,124,80
W00002903,253,165,88
W00002904,250,123,127
W00002905,325,150,175
W00002906,242,121,121
W00002907,269,123,146
W00002908,184,124,60
W00002909,232,130,102
W00002910,337,232,105
W00002911,125,74,51
W00002912,227,132,95
W00002913,184,108,76
W00002914,233,147,86
W00002915,263,160,103
W00002916,196,101,95
W00002917,262,157,105
W00002918,362,180,182
W00002919,345,218,127
W00002920,283,156,127
W00002921,324,197,127
W00002922,283,168,115
W00002923,257,129,128
W00002924,251,169,82
W00002925,337,193,144
W00002926,240,122,118
W00002927,238,92,146
W00002928,304,141,163
W00002929,138,96,42
W00002930,240,137,103
W00002931,174,91,83
W00002932,353,169,184
W00002933,349,146,203
W00002934,204,120,84
W00002935,269,156,113
W00002936,189,105,84
W00002937,190,116,74
W00002938,523,239,284
W00002939,419,226,193
W00002940,392,172,220
W00002941,244,102,142
W00002942,303,146,157
W00002943,270,146,124
W00002944,314,132,182
W00002945,252,147,105
W00002946,248,152,96
W00002947,307,151,156
W00002948,265,149,116
W00002949,273,119,154
W00002950,357,153,204
W00002951,328,146,182
W00002952,383,170,213
W00002953,257,118,139
W00002954,341,200,141
W00002955,288,113,175
W00002956,376,328,48
W00002957,207,188,19
W00002958,373,345,28
W00002959,253,227,26
W00002960,420,367,53
W00002961,196,173,23
W00002962,258,238,20
W00002963,343,313,30
W00002966,216,192,24
W00002967,318,278,40
W00002968,245,222,23
W00002969,423,347,76
W00002970,274,245,29
W00002972,361,310,51
W00002974,295,262,33
W00002975,492,422,70
W00002976,363,315,48
W00002977,338,311,27
W00002978,370,208,162
W00002979,293,177,116
W00002980,272,150,122
W00002981,299,176,123
W00002982,290,162,128
W00002983,277,155,122
W00002984,264,149,115
W00002985,302,170,132
W00002986,425,195,230
W00002987,368,215,153
W00002988,329,189,140
W00002989,386,178,208
W00002990,449,159,290
W00002991,310,107,203
W00002992,206,105,101
W00002993,432,256,176
W00002994,357,161,196
W00002995,396,206,190
W00002996,291,146,145
W00002997,281,178,103
W00002998,196,113,83
W00002999,271,178,93
W00003000,260,153,107
W00003001,277,149,128
W00003002,283,261,22
W00003003,294,262,32
W00003004,253,222,31
W00003005,250,222,28
W00003006,367,329,38
W00003007,367,326,41
W00003008,233,204,29
W00003009,323,284,39
W00003010,373,276,97
W00003011,323,233,90
W00003012,319,247,72
W00003013,277,201,76
W00003014,260,187,73
W00003015,244,187,57
W00003016,293,208,85
W00003017,383,287,96
W00003018,242,162,80
W00003019,288,200,88
W00003020,342,258,84
W00003021,290,210,80
W00003022,325,243,82
W00003023,393,265,128
W00003024,313,234,79
W00003025,251,201,50
W00003026,395,289,106
W00003027,274,250,24
W00003028,252,237,15
W00003029,235,201,34
W00003030,316,262,54
W00003031,349,299,50
W00003032,302,260,42
W00003033,269,244,25
W00003034,255,220,35
W00003035,223,197,26
W00003036,350,319,31
W00003037,251,222,29
W00003038,310,287,23
W00003039,220,190,30
W00003040,332,302,30
W00003041,265,225,40
W00003042,240,217,23
W00003043,241,218,23
W00003044,256,224,32
W00003045,361,331,30
W00003046,371,323,48
W00003047,367,334,33
W00003048,243,218,25
W00003049,278,245,33
W00003050,235,209,26
W00003051,245,201,44
W00003052,241,229,12
W00003053,267,238,29
W00003054,289,255,34
W00003055,310,280,30
W00003056,338,286,52
W00003057,339,298,41
W00003058,219,196,23
W00003059,287,248,39
W00003060,170,151,19
W00003062,256,225,31
W00003063,231,208,23
W00003064,249,221,28
W00003065,460,391,69
W00003066,301,280,21
W00003067,155,137,18
W00003068,397,355,42
W00003069,440,405,35
W00003070,392,356,36
W00003071,438,411,27
W00003072,442,401,41
W00003073,451,399,52
W00003074,245,218,27
W00003075,337,313,24
W00003076,242,224,18
W00003077,124,108,16
W00003078,435,369,66
W00003079,341,319,22
W00003080,333,288,45
W00003081,268,239,29
W00003082,241,209,32
W00003083,202,193,9
W00003084,418,367,51
W00003085,439,392,47
W00003086,328,284,44
W00003087,370,302,68
W00003088,445,392,53
W00003089,376,288,88
W00003090,406,371,35
W00003091,404,369,35
W00003092,326,295,31
W00003093,246,223,23
W00003094,295,260,35
W00003095,445,329,116
W00003096,410,277,133
W00003097,397,282,115
W00003098,422,289,133
W00003099,316,250,66
W00003100,318,214,104
W00003101,280,240,40
W00003102,310,283,27
W00003103,271,251,20
W00003104,315,275,40
W00003105,221,200,21
W00003106,437,399,38
W00003107,425,374,51
W00003108,305,170,135
W00003109,335,224,111
W00003110,211,150,61
W00003111,230,167,63
W00003112,295,203,92
W00003113,212,116,96
W00003114,252,132,120
W00003115,387,225,162
W00003116,343,170,173
W00003117,297,202,95
W00003118,193,129,64
W00003119,411,279,132
W00003120,361,227,134
W00003121,305,189,116
W00003122,263,153,110
W00003123,325,297,28
W00003124,282,247,35
W00003125,312,281,31
W00003126,323,281,42
W00003127,368,329,39
W00003128,415,380,35
W00003129,333,266,67
W00003130,292,239,53
W00003131,339,287,52
W00003132,233,201,32
W00003133,136,119,17
W00003134,309,269,40
W00003135,318,276,42
W00003136,278,249,29
W00003137,233,208,25
W00003138,374,335,39
W00003139,393,357,36
W00003140,237,216,21
W00003141,272,255,17
W00003142,241,225,16
W00003143,267,240,27
W00003144,221,207,14
W00003146,278,261,17
W00003147,254,223,31
W00003149,227,205,22
W00003150,373,334,39
W00003151,179,161,18
W00003152,145,139,6
W00003153,270,255,15
W00003154,201,184,17
W00003155,318,290,28
W00003156,289,276,13
W00003157,311,290,21
W00003158,269,248,21
W00003159,280,266,14
W00003160,302,285,17
W00003161,239,233,6
W00003162,260,243,17
W00003163,265,248,17
W00003164,347,336,11
W00003165,364,330,34
W00003166,284,258,26
W00003167,373,351,22
W00003168,206,192,14
W00003169,318,307,11
W00003170,312,286,26
W00003172,432,401,31
W00003173,216,208,8
W00003174,434,392,42
W00003175,495,452,43
W00003177,446,407,39
W00003178,299,275,24
W00003179,229,216,13
W00003180,293,275,18
W00003181,220,211,9
W00003182,297,278,19
W00003183,295,276,19
W00003184,331,299,32
W00003185,250,231,19
W00003186,189,170,19
W00003187,499,375,124
W00003188,248,195,53
W00003189,224,185,39
W00003190,261,216,45
W00003191,274,224,50
W00003192,484,386,98
W00003193,312,267,45
W00003194,233,176,57
W00003195,401,329,72
W00003196,299,241,58
W00003197,408,351,57
W00003198,338,291,47
W00003199,279,174,105
W00003200,214,160,54
W00003201,252,165,87
W00003202,296,165,131
W00003203,318,296,22
W00003204,304,269,35
W00003205,329,314,15
W00003206,247,230,17
W00003207,292,277,15
W00003208,311,293,18
W00003209,308,282,26
W00003210,319,293,26
W00003211,225,198,27
W00003212,269,238,31
W00003213,255,245,10
W00003214,281,263,18
W00003215,264,250,14
W00003216,338,309,29
W00003217,213,195,18
W00003218,272,257,15
W00003219,210,191,19
W00003220,285,257,28
W00003221,263,238,25
W00003222,317,284,33
W00003223,272,259,13
W00003224,301,284,17
W00003225,264,248,16
W00003226,285,261,24
W00003227,278,241,37
W00003228,299,279,20
W00003229,278,259,19
W00003230,346,318,28
W00003231,326,307,19
W00003232,292,270,22
W00003233,287,259,28
W00003234,292,271,21
W00003235,280,256,24
W00003236,246,234,12
W00003237,359,330,29
W00003238,233,212,21
W00003239,349,327,22
W00003240,508,470,38
W00003241,353,333,20
W00003242,514,487,27
W00003243,331,308,23
W00003244,281,261,20
W00003245,229,207,22
W00003246,298,274,24
W00003247,301,285,16
W00003248,301,289,12
W00003249,250,222,28
W00003250,355,348,7
W00003251,344,322,22
W00003252,353,334,19
W00003253,331,298,33
W00003255,366,333,33
W00003256,308,281,27
W00003257,342,318,24
W00003258,406,381,25
W00003259,275,254,21
W00003260,303,286,17
W00003261,283,264,19
W00003262,253,234,19
W00003263,278,238,40
W00003264,269,245,24
W00003265,283,264,19
W00003266,269,247,22
W00003267,291,257,34
W00003268,403,370,33
W00003269,297,272,25
W00003270,304,280,24
W00003271,258,225,33
W00003272,252,217,35
W00003273,237,198,39
W00003274,315,276,39
W00003275,589,525,64
W00003276,284,242,42
W00003277,183,160,23
W00003279,265,228,37
W00003280,447,378,69
W00003281,189,165,24
W00003282,350,287,63
W00003283,283,214,69
W00003284,286,221,65
W00003285,310,249,61
W00003286,212,177,35
W00003287,400,308,92
W00003288,242,186,56
W00003289,278,181,97
W00003290,246,128,118
W00003291,298,173,125
W00003292,287,193,94
W00003293,242,153,89
W00003294,242,142,100
W00003295,193,125,68
W00003296,224,132,92
W00003297,178,168,10
W00003298,410,355,55
W00003299,317,274,43
W00003300,231,205,26
W00003301,214,195,19
W00003302,328,300,28
W00003303,216,203,13
W00003304,173,154,19
W00003305,175,153,22
W00003306,212,188,24
W00003307,107,97,10
W00003308,170,153,17
W00003309,176,156,20
W00003310,190,172,18
W00003311,125,108,17
W00003312,260,238,22
W00003313,191,172,19
W00003314,410,273,137
W00003315,379,300,79
W00003316,314,221,93
W00003317,381,281,100
W00003318,380,286,94
W00003319,510,440,70
W00003320,222,170,52
W00003321,232,191,41
W00003322,151,121,30
W00003323,191,158,33
W00003324,211,187,24
W00003325,278,249,29
W00003326,279,252,27
W00003327,226,201,25
W00003328,230,205,25
W00003329,225,202,23
W00003330,253,216,37
W00003331,256,218,38
W00003332,121,110,11
W00003333,170,155,15
W00003334,155,134,21
W00003335,192,173,19
W00003336,369,319,50
W00003337,104,93,11
W00003338,205,173,32
W00003339,266,231,35
W00003340,166,162,4
W00003341,152,139,13
W00003342,151,135,16
W00003343,262,232,30
W00003344,264,232,32
W00003345,229,194,35
W00003346,323,276,47
W00003347,316,286,30
W00003348,382,296,86
W00003349,242,198,44
W00003350,223,191,32
W00003351,371,284,87
W00003352,369,303,66
W00003353,374,303,71
W00003354,403,207,196
W00003355,345,123,222
W00003356,261,147,114
W00003357,286,133,153
W00003358,229,124,105
W00003359,368,197,171
W00003360,387,182,205
W00003361,293,191,102
W00003362,218,125,93
W00003363,199,141,58
W00003364,284,171,113
W00003365,283,168,115
W00003366,317,174,143
W00003367,292,145,147
W00003368,233,162,71
W00003369,229,131,98
W00003370,313,183,130
W00003372,392,253,139
W00003373,208,132,76
W00003374,286,184,102
W00003375,255,143,112
W00003376,269,132,137
W00003377,293,220,73
W00003378,279,246,33
W00003379,294,254,40
W00003380,286,252,34
W00003381,148,124,24
W00003382,290,213,77
W00003383,237,172,65
W00003384,384,282,102
W00003385,296,235,61
W00003386,248,213,35
W00003387,333,274,59
W00003388,275,245,30
W00003389,335,306,29
W00003390,277,233,44
W00003391,287,226,61
W00003392,335,286,49
W00003393,314,257,57
W00003394,298,212,86
W00003395,301,224,77
W00003396,309,230,79
W00003397,279,221,58
W00003398,281,240,41
W00003399,264,186,78
W00003400,326,225,101
W00003401,248,174,74
W00003402,297,222,75
W00003403,261,205,56
W00003404,207,141,66
W00003405,326,254,72
W00003406,252,175,77
W00003407,247,202,45
W00003408,220,164,56
W00003409,267,176,91
W00003410,249,168,81
W00003411,202,152,50
W00003412,321,238,83
W00003413,278,202,76
W00003414,272,199,73
W00003415,332,251,81
W00003416,252,187,65
W00003418,280,223,57
W00003419,296,210,86
W00003422,269,206,63
W00003423,561,427,134
W00003424,208,123,85
W00003425,313,195,118
W00003426,288,203,85
W00003427,315,178,137
W00003428,211,160,51
W00003429,276,206,70
W00003430,261,194,67
W00003431,280,207,73
W00003432,320,245,75
W00003433,278,212,66
W00003434,244,185,59
W00003435,282,171,111
W00003436,274,187,87
W00003437,337,272,65
W00003438,291,184,107
W00003439,241,178,63
W00003440,330,169,161
W00003441,337,211,126
W00003442,240,169,71
W00003443,339,237,102
W00003444,309,226,83
W00003445,247,174,73
W00003446,277,194,83
W00003447,195,147,48
W00003448,210,167,43
W00003449,208,160,48
W00003450,272,195,77
W00003451,290,218,72
W00003452,292,192,100
W00003453,248,158,90
W00003454,287,162,125
W00003455,298,183,115
W00003456,283,214,69
W00003457,504,376,128
W00003458,509,306,203
W00003459,393,236,157
W00003460,297,178,119
W00003463,298,175,123
W00003464,251,190,61
W00003465,320,207,113
W00003466,236,192,44
W00003467,299,244,55
W00003468,324,217,107
W00003469,284,215,69
W00003470,282,200,82
W00003471,187,124,63
W00003472,232,135,97
W00003473,265,169,96
W00003474,317,182,135
W00003475,294,139,155
W00003476,500,273,227
W00003477,241,141,100
W00003478,191,118,73
W00003479,218,115,103
W00003480,291,192,99
W00003481,195,128,67
W00003482,258,145,113
W00003483,290,151,139
W00003484,241,131,110
W00003485,358,175,183
W00003486,324,191,133
W00003487,307,180,127
W00003488,347,196,151
W00003489,365,189,176
W00003490,356,183,173
W00003491,312,164,148
W00003492,295,171,124
W00003493,309,178,131
W00003494,282,165,117
W00003495,419,255,164
W00003496,217,121,96
W00003497,295,240,55
W00003498,217,173,44
W00003499,380,267,113
W00003500,276,228,48
W00003501,338,285,53
W00003502,279,202,77
W00003503,369,264,105
W00003504,294,225,69
W00003505,273,237,36
W00003506,201,167,34
W00003507,273,214,59
W00003508,256,195,61
W00003509,246,183,63
W00003510,284,213,71
W00003511,317,232,85
W00003512,284,226,58
W00003513,253,182,71
W00003514,291,237,54
W00003515,265,213,52
W00003516,271,224,47
W00003517,338,218,120
W00003518,244,153,91
W00003519,153,133,20
W00003520,304,217,87
W00003521,254,207,47
W00003522,268,224,44
W00003523,249,184,65
W00003524,289,210,79
W00003525,330,241,89
W00003526,330,175,155
W00003527,268,156,112
W00003528,398,239,159
W00003529,329,186,143
W00003530,295,158,137
W00003533,303,182,121
W00003534,310,191,119
W00003535,283,178,105
W00003536,311,185,126
W00003537,325,189,136
W00003538,308,153,155
W00003539,347,188,159
W00003540,227,156,71
W00003542,336,292,44
W00003543,298,252,46
W00003544,249,204,45
W00003545,221,182,39
W00003546,278,244,34
W00003547,301,241,60
W00003548,223,180,43
W00003549,266,237,29
W00003550,286,234,52
W00003552,317,282,35
W00003553,283,235,48
W00003554,262,238,24
W00003555,232,197,35
W00003556,256,203,53
W00003557,221,180,41
W00003558,148,132,16
W00003559,289,165,124
W00003560,309,167,142
W00003561,308,138,170
W00003562,221,126,95
W00003563,337,215,122
W00003564,327,132,195
W00003565,316,150,166
W00003566,242,106,136
W00003567,498,213,285
W00003568,421,185,236
W00003569,436,224,212
W00003571,322,112,210
W00003572,188,108,80
W00003573,588,271,317
W00003574,409,168,241
W00003575,354,180,174
W00003576,322,175,147
W00003577,411,227,184
W00003578,270,169,101
W00003579,295,179,116
W00003580,264,185,79
W00003581,467,328,139
W00003582,307,221,86
W00003583,204,141,63
W00003584,269,187,82
W00003585,264,177,87
W00003586,317,179,138
W00003587,374,244,130
W00003588,336,227,109
W00003589,248,178,70
W00003590,340,242,98
W00003591,249,169,80
W00003592,279,203,76
W00003594,372,248,124
W00003595,242,176,66
W00003596,279,231,48
W00003597,245,171,74
W00003598,255,171,84
W00003599,345,225,120
W00003600,223,160,63
W00003601,274,182,92
W00003602,437,308,129
W00003603,245,172,73
W00003604,228,142,86
W00003605,261,174,87
W00003606,285,224,61
W00003607,310,204,106
W00003608,593,404,189
W00003609,243,165,78
W00003610,269,187,82
W00003611,445,298,147
W00003612,301,189,112
W00003613,417,330,87
W00003614,175,136,39
W00003615,192,139,53
W00003616,145,108,37
W00003617,183,154,29
W00003618,387,308,79
W00003619,293,213,80
W00003620,229,197,32
W00003621,249,217,32
W00003622,112,91,21
W00003623,162,143,19
W00003624,387,200,187
W00003625,386,199,187
W00003626,361,216,145
W00003627,329,212,117
W00003628,304,173,131
W00003629,278,150,128
W00003630,418,217,201
W00003631,365,162,203
W00003632,392,174,218
W00003633,274,151,123
W00003634,280,101,179
W00003635,294,160,134
W00003636,216,126,90
W00003637,281,155,126
W00003638,379,235,144
W00003639,272,150,122
W00003640,337,163,174
W00003641,251,171,80
W00003642,213,149,64
W00003643,211,112,99
W00003644,287,194,93
W00003645,219,133,86
W00003646,233,136,97
W00003647,295,195,100
W00003648,221,142,79
W00003649,223,153,70
W00003650,352,218,134
W00003651,183,137,46
W00003652,227,132,95
W00003653,225,146,79
W00003654,231,167,64
W00003655,277,180,97
W00003656,321,240,81
W00003657,347,187,160
W00003658,404,223,181
W00003659,240,165,75
W00003660,305,169,136
W00003661,282,142,140
W00003662,248,132,116
W00003664,222,123,99
W00003665,377,210,167
W00003666,278,155,123
W00003667,307,135,172
W00003668,289,162,127
W00003669,277,162,115
W00003670,339,158,181
W00003671,520,212,308
W00003672,239,109,130
W00003673,139,97,42
W00003674,197,104,93
W00003675,215,141,74
W00003676,231,179,52
W00003677,264,134,130
W00003678,260,162,98
W00003679,329,171,158
W00003680,276,153,123
W00003681,336,208,128
W00003682,295,178,117
W00003683,263,165,98
W00003684,216,104,112
W00003685,422,246,176
W00003686,306,143,163
W00003687,306,156,150
W00003688,242,99,143
W00003689,229,108,121
W00003690,296,164,132
W00003691,249,134,115
W00003692,354,160,194
W00003693,285,149,136
W00003694,219,134,85
W00003695,391,219,172
W00003696,265,159,106
W00003697,344,131,213
W00003698,324,192,132
W00003699,360,228,132
W00003700,330,171,159
W00003701,331,188,143
W00003702,375,206,169
W00003703,271,144,127
W00003704,285,174,111
W00003705,312,179,133
W00003706,336,198,138
W00003707,251,155,96
W00003708,381,244,137
W00003709,320,124,196
W00003710,166,72,94
W00003711,513,382,131
W00003712,355,220,135
W00003713,274,178,96
W00003714,201,148,53
W00003715,387,240,147
W00003716,415,274,141
W00003717,314,220,94
W00003718,302,192,110
W00003719,357,277,80
W00003720,232,140,92
W00003721,389,237,152
W00003722,388,249,139
W00003723,372,235,137
W00003724,283,194,89
W00003725,252,172,80
W00003726,541,291,250
W00003727,186,100,86
W00003728,268,162,106
W00003729,542,305,237
W00003730,230,140,90
W00003731,354,190,164
W00003732,290,191,99
W00003733,150,94,56
W00003734,302,154,148
W00003735,306,172,134
W00003736,266,136,130
W00003737,311,163,148
W00003738,292,178,114
W00003739,266,126,140
W00003741,456,278,178
W00003742,319,138,181
W00003743,377,191,186
W00003744,330,131,199
W00003745,368,189,179
W00003746,326,205,121
W00003747,438,250,188
W00003748,288,115,173
W00003749,455,220,235
W00003750,307,172,135
W00003751,314,162,152
W00003752,357,174,183
W00003753,278,135,143
W00003754,273,166,107
W00003755,301,134,167
W00003756,231,128,103
W00003757,280,116,164
W00003758,390,165,225
W00003759,280,117,163
W00003760,283,204,79
W00003761,268,168,100
W00003762,290,158,132
W00003763,225,143,82
W00003764,258,154,104
W00003765,215,127,88
W00003766,184,120,64
W00003767,215,153,62
W00003768,466,245,221
W00003769,230,137,93
W00003770,355,233,122
W00003771,232,140,92
W00003772,222,103,119
W00003773,403,199,204
W00003774,307,133,174
W00003775,269,166,103
W00003776,230,99,131
W00003777,271,181,90
W00003778,309,241,68
W00003779,297,264,33
W00003780,263,214,49
W00003781,298,228,70
W00003782,317,255,62
W00003783,266,167,99
W00003784,269,171,98
W00003785,245,196,49
W00003786,266,205,61
W00003787,268,189,79
W00003788,268,202,66
W00003789,308,253,55
W00003790,272,201,71
W00003791,322,240,82
W00003792,252,201,51
W00003793,407,323,84
W00003794,284,205,79
W00003795,228,183,45
W00003796,404,343,61
W00003797,330,249,81
W00003798,292,224,68
W00003799,259,202,57
W00003800,318,245,73
W00003801,274,202,72
W00003802,280,228,52
W00003803,271,204,67
W00003804,248,196,52
W00003805,221,175,46
W00003806,291,226,65
W00003807,268,225,43
W00003808,289,257,32
W00003809,250,199,51
W00003811,311,159,152
W00003812,331,180,151
W00003813,299,120,179
W00003814,361,217,144
W00003815,451,314,137
W00003817,350,214,136
W00003818,313,223,90
W00003819,349,279,70
W00003820,271,199,72
W00003821,326,230,96
W00003823,255,215,40
W00003824,203,139,64
W00003825,320,259,61
W00003826,266,213,53
W00003827,248,182,66
W00003828,266,216,50
W00003829,235,171,64
W00003830,401,208,193
W00003831,338,166,172
W00003832,350,195,155
W00003833,243,113,130
W00003834,346,159,187
W00003835,348,171,177
W00003836,477,252,225
W00003837,470,225,245
W00003838,272,141,131
W00003839,393,210,183
W00003840,291,177,114
W00003841,230,139,91
W00003842,298,213,85
W00003843,253,138,115
W00003844,330,199,131
W00003845,267,183,84
W00003846,295,150,145
W00003847,350,156,194
W00003848,500,216,284
W00003849,317,126,191
W00003850,267,117,150
W00003851,274,135,139
W00003852,255,142,113
W00003853,217,119,98
W00003854,274,120,154
W00003855,321,145,176
W00003856,260,143,117
W00003857,306,134,172
W00003858,325,159,166
W00003859,315,157,158
W00003860,288,126,162
W00003861,269,141,128
W00003862,258,111,147
W00003863,239,136,103
W00003864,239,111,128
W00003865,266,117,149
W00003866,310,155,155
W00003867,302,147,155
W00003868,284,170,114
W00003869,524,310,214
W00003870,315,201,114
W00003871,311,203,108
W00003872,456,248,208
W00003873,377,221,156
W00003874,245,158,87
W00003875,341,174,167
W00003876,379,228,151
W00003877,353,174,179
W00003878,248,115,133
W00003879,289,173,116
W00003880,200,124,76
W00003881,334,231,103
W00003882,232,152,80
W00003883,290,192,98
W00003884,521,295,226
W00003885,350,212,138
W00003886,421,223,198
W00003887,301,166,135
W00003888,396,218,178
W00003889,350,187,163
W00003890,367,230,137
W00003891,385,252,133
W00003892,416,251,165
W00003893,248,171,77
W00003894,396,224,172
W00003895,354,240,114
W00003896,308,212,96
W00003897,160,89,71
W00003898,367,276,91
W00003899,314,244,70
W00003900,224,177,47
W00003901,211,164,47
W00003902,224,160,64
W00003903,265,194,71
W00003904,288,176,112
W00003905,435,273,162
W00003906,303,183,120
W00003907,270,151,119
W00003908,372,195,177
W00003909,354,192,162
W00003910,301,178,123
W00003911,333,216,117
W00003912,305,193,112
W00003913,304,149,155
W00003914,252,160,92
W00003915,296,231,65
W00003916,308,178,130
W00003917,334,204,130
W00003918,475,310,165
W00003919,325,207,118
W00003920,373,256,117
W00003921,278,201,77
W00003922,342,211,131
W00003923,276,170,106
W00003924,269,165,104
W00003925,309,256,53
W00003926,253,208,45
W00003927,290,245,45
W00003928,234,193,41
W00003930,236,191,45
W00003931,263,224,39
W00003932,225,179,46
W00003933,335,274,61
W00003934,239,211,28
W00003935,277,218,59
W00003937,242,189,53
W00003938,295,236,59
W00003939,258,221,37
W00003940,465,338,127
W00003941,159,120,39
W00003943,285,203,82
W00003944,252,172,80
W00003945,260,168,92
W00003946,321,181,140
W00003947,242,198,44
W00003948,268,238,30
W00003949,207,188,19
W00003950,223,207,16
W00003951,273,242,31
W00003952,230,210,20
W00003953,310,284,26
W00003954,300,273,27
W00003955,254,218,36
W00003956,317,267,50
W00003957,122,105,17
W00003958,428,381,47
W00003960,371,354,17
W00003961,292,276,16
W00003962,244,225,19
W00003963,446,415,31
W00003964,264,243,21
W00003965,287,258,29
W00003966,279,244,35
W00003967,227,213,14
W00003968,277,252,25
W00003969,249,237,12
W00003970,303,284,19
W00003971,275,253,22
W00003972,311,295,16
W00003973,282,248,34
W00003975,331,304,27
W00003976,245,238,7
W00003977,310,290,20
W00003978,244,236,8
W00003979,125,118,7
W00003980,129,122,7
W00003981,149,142,7
W00003982,408,379,29
W00003983,415,366,49
W00003984,372,339,33
W00003986,292,268,24
W00003987,232,215,17
W00003988,407,360,47
W00003989,415,382,33
W00003990,244,233,11
W00003991,250,231,19
W00003992,166,155,11
W00003993,206,191,15
W00003995,225,212,13
W00003996,224,210,14
W00003997,536,501,35
W00003998,289,270,19
W00003999,231,212,19
W00004001,239,222,17
W00004002,228,209,19
W00004003,242,224,18
W00004004,498,470,28
W00004005,200,181,19
W00004006,196,188,8
W00004007,297,277,20
W00004008,195,182,13
W00004010,208,194,14
W00004011,130,128,2
W00004012,171,156,15
W00004013,232,206,26
W00004014,254,246,8
W00004015,225,213,12
W00004016,234,220,14
W00004017,221,195,26
W00004018,381,353,28
W00004019,262,232,30
W00004020,279,252,27
W00004021,269,239,30
W00004022,240,199,41
W00004023,187,165,22
W00004025,246,215,31
W00004026,188,167,21
W00004027,366,332,34
W00004028,404,371,33
W00004030,351,287,64
W00004031,337,245,92
W00004032,336,256,80
W00004033,434,324,110
W00004034,304,239,65
W00004035,305,252,53
W00004036,275,235,40
W00004037,270,211,59
W00004038,229,198,31
W00004039,187,156,31
W00004040,306,271,35
W00004041,266,229,37
W00004042,270,232,38
W00004043,335,275,60
W00004044,330,283,47
W00004045,286,262,24
W00004046,254,209,45
W00004047,279,233,46
W00004048,190,164,26
W00004049,299,244,55
W00004050,288,241,47
W00004051,224,183,41
W00004052,248,170,78
W00004053,240,192,48
W00004054,257,206,51
W00004055,269,243,26
W00004056,235,209,26
W00004057,300,284,16
W00004058,333,311,22
W00004059,278,243,35
W00004060,276,239,37
W00004061,255,237,18
W00004062,316,298,18
W00004063,248,225,23
W00004064,285,248,37
W00004065,326,283,43
W00004066,181,167,14
W00004067,306,292,14
W00004068,138,129,9
W00004069,176,160,16
W00004070,251,231,20
W00004072,277,241,36
W00004073,534,444,90
W00004074,232,209,23
W00004075,534,474,60
W00004076,263,237,26
W00004077,242,223,19
W00004078,416,359,57
W00004079,331,292,39
W00004080,250,226,24
W00004081,279,239,40
W00004082,353,320,33
W00004083,257,232,25
W00004084,288,255,33
W00004085,369,317,52
W00004086,283,244,39
W00004087,222,196,26
W00004088,318,291,27
W00004089,258,235,23
W00004090,334,315,19
W00004091,243,224,19
W00004092,233,220,13
W00004093,328,311,17
W00004094,187,178,9
W00004095,231,214,17
W00004096,320,292,28
W00004097,332,293,39
W00004098,289,264,25
W00004099,274,256,18
W00004100,308,299,9
W00004101,329,296,33
W00004102,215,206,9
W00004103,297,266,31
W00004104,290,268,22
W00004105,343,316,27
W00004106,214,187,27
W00004107,264,249,15
W00004108,322,296,26
W00004109,297,282,15
W00004110,287,262,25
W00004111,289,274,15
W00004112,277,251,26
W00004113,268,247,21
W00004114,244,228,16
W00004115,251,231,20
W00004116,270,250,20
W00004117,301,272,29
W00004118,239,223,16
W00004119,218,192,26
W00004120,302,276,26
W00004121,233,216,17
W00004122,287,266,21
W00004123,193,181,12
W00004124,194,185,9
W00004125,240,216,24
W00004126,255,231,24
W00004127,284,267,17
W00004128,229,213,16
W00004129,315,290,25
W00004130,272,239,33
W00004131,315,286,29
W00004132,240,217,23
W00004133,281,258,23
W00004134,276,256,20
W00004135,322,292,30
W00004136,283,261,22
W00004137,305,287,18
W00004138,258,240,18
W00004139,283,253,30
W00004140,358,325,33
W00004141,266,233,33
W00004142,314,277,37
W00004143,351,309,42
W00004144,161,149,12
W00004145,381,335,46
W00004146,297,275,22
W00004147,353,314,39
W00004148,242,221,21
W00004149,269,225,44
W00004150,231,192,39
W00004151,291,264,27
W00004152,302,242,60
W00004153,394,354,40
W00004154,392,329,63
W00004155,187,167,20
W00004157,478,413,65
W00004158,294,260,34
W00004159,345,294,51
W00004160,147,132,15
W00004161,317,282,35
W00004162,332,287,45
W00004163,446,404,42
W00004164,245,214,31
W00004165,300,261,39
W00004166,351,323,28
W00004167,212,184,28
W00004168,383,363,20
W00004169,408,358,50
W00004170,212,187,25
W00004171,289,270,19
W00004172,356,326,30
W00004173,176,158,18
W00004174,308,267,41
W00004175,264,220,44
W00004176,378,320,58
W00004177,321,272,49
W00004178,286,246,40
W00004179,305,266,39
W00004180,296,261,35
W00004181,268,231,37
W00004182,314,286,28
W00004183,197,178,19
W00004184,247,227,20
W00004186,260,235,25
W00004188,258,229,29
W00004189,257,222,35
W00004190,266,228,38
W00004191,289,256,33
W00004192,302,254,48
W00004196,217,191,26
W00004197,252,234,18
W00004198,237,215,22
W00004199,279,253,26
W00004200,278,264,14
W00004201,252,231,21
W00004202,343,315,28
W00004203,241,216,25
W00004204,276,253,23
W00004205,276,226,50
W00004206,214,193,21
W00004207,295,253,42
W00004208,135,120,15
W00004210,303,255,48
W00004211,260,216,44
W00004212,302,254,48
W00004213,198,168,30
W00004215,229,197,32
W00004216,254,213,41
W00004217,219,182,37
W00004218,246,214,32
W00004220,301,275,26
W00004221,269,254,15
W00004222,297,287,10
W00004223,299,267,32
W00004224,246,236,10
W00004225,278,269,9
W00004226,356,309,47
W00004227,292,277,15
W00004228,222,210,12
W00004229,323,307,16
W00004230,233,226,7
W00004232,284,248,36
W00004233,285,253,32
W00004234,263,227,36
W00004235,260,238,22
W00004236,274,245,29
W00004237,281,264,17
W00004238,252,239,13
W00004239,274,261,13
W00004240,274,263,11
W00004241,264,227,37
W00004242,342,296,46
W00004243,383,339,44
W00004244,225,198,27
W00004245,190,168,22
W00004246,432,354,78
W00004247,162,154,8
W00004248,312,262,50
W00004249,281,222,59
W00004250,347,300,47
W00004251,229,191,38
W00004252,532,429,103
W00004253,255,188,67
W00004254,290,231,59
W00004255,481,396,85
W00004256,570,456,114
W00004257,343,280,63
W00004258,378,339,39
W00004259,354,318,36
W00004260,305,251,54
W00004261,269,229,40
W00004262,304,270,34
W00004263,293,258,35
W00004264,356,326,30
W00004265,364,343,21
W00004266,483,418,65
W00004267,375,350,25
W00004268,276,247,29
W00004269,296,275,21
W00004270,254,218,36
W00004271,276,238,38
W00004272,285,235,50
W00004274,323,279,44
W00004275,323,291,32
W00004276,365,323,42
W00004277,447,388,59
W00004278,251,224,27
W00004279,253,227,26
W00004280,263,234,29
W00004281,322,301,21
W00004282,202,184,18
W00004283,218,196,22
W00004284,363,325,38
W00004285,255,232,23
W00004286,449,414,35
W00004288,280,235,45
W00004289,338,285,53
W00004290,335,290,45
W00004291,310,255,55
W00004292,252,214,38
W00004293,243,197,46
W00004294,367,307,60
W00004295,277,251,26
W00004296,263,235,28
W00004297,355,294,61
W00004298,249,210,39
W00004299,185,164,21
W00004300,588,492,96
W00004301,308,241,67
W00004302,291,225,66
W00004303,298,178,120
W00004304,180,146,34
W00004305,370,249,121
W00004306,329,212,117
W00004307,390,354,36
W00004308,278,242,36
W00004309,265,224,41
W00004310,261,225,36
W00004311,231,192,39
W00004312,260,214,46
W00004313,283,248,35
W00004314,263,228,35
W00004315,295,261,34
W00004316,263,228,35
W00004317,372,348,24
W00004318,252,232,20
W00004320,330,265,65
W00004321,250,240,10
W00004322,248,232,16
W00004323,218,198,20
W00004324,318,277,41
W00004325,247,227,20
W00004326,327,295,32
W00004327,305,274,31
W00004328,311,281,30
W00004329,297,274,23
W00004330,249,228,21
W00004331,251,215,36
W00004332,298,272,26
W00004333,226,211,15
W00004334,225,206,19
W00004335,243,216,27
W00004336,259,244,15
W00004337,255,230,25
W00004338,252,228,24
W00004339,306,286,20
W00004340,326,292,34
W00004341,344,264,80
W00004342,249,220,29
W00004343,268,247,21
W00004344,324,251,73
W00004345,264,234,30
W00004346,265,233,32
W00004347,251,222,29
W00004348,254,223,31
W00004349,242,215,27
W00004350,256,218,38
W00004351,287,255,32
W00004352,289,248,41
W00004353,267,229,38
W00004354,255,222,33
W00004355,305,279,26
W00004356,284,246,38
W00004357,283,259,24
W00004358,260,243,17
W00004359,243,209,34
W00004360,247,227,20
W00004361,164,149,15
W00004362,265,233,32
W00004363,348,269,79
W00004364,253,220,33
W00004365,288,249,39
W00004366,307,263,44
W00004367,318,272,46
W00004368,336,311,25
W00004369,279,257,22
W00004370,306,276,30
W00004371,275,254,21
W00004372,385,351,34
W00004373,265,255,10
W00004374,254,224,30
W00004375,211,189,22
W00004376,179,150,29
W00004377,252,232,20
W00004378,235,228,7
W00004379,395,356,39
W00004380,265,234,31
W00004381,338,308,30
W00004382,390,357,33
W00004383,258,235,23
W00004384,290,252,38
W00004385,252,231,21
W00004386,323,280,43
W00004387,271,247,24
W00004388,314,278,36
W00004389,253,218,35
W00004390,291,262,29
W00004391,256,231,25
W00004392,276,243,33
W00004393,300,244,56
W00004394,284,250,34
W00004395,281,262,19
W00004396,273,248,25
W00004397,300,282,18
W00004398,246,231,15
W00004399,267,253,14
W00004400,238,216,22
W00004401,274,266,8
W00004402,301,266,35
W00004403,302,262,40
W00004404,215,180,35
W00004405,439,384,55
W00004406,369,333,36
W00004407,253,216,37
W00004408,444,401,43
W00004409,287,251,36
W00004410,203,177,26
W00004411,387,338,49
W00004412,217,191,26
W00004413,268,222,46
W00004414,268,234,34
W00004415,225,195,30
W00004416,216,181,35
W00004417,186,168,18
W00004418,205,174,31
W00004419,208,189,19
W00004420,236,210,26
W00004421,261,229,32
W00004422,267,229,38
W00004423,261,213,48
W00004424,232,205,27
W00004425,275,251,24
W00004426,145,134,11
W00004427,248,223,25
W00004428,213,188,25
W00004429,281,243,38
W00004430,304,257,47
W00004431,404,347,57
W00004432,359,317,42
W00004433,260,227,33
W00004434,250,227,23
W00004435,258,222,36
W00004436,273,238,35
W00004437,234,208,26
W00004438,350,316,34
W00004439,234,212,22
W00004440,273,255,18
W00004441,326,306,20
W00004442,357,322,35
W00004443,241,220,21
W00004444,290,271,19
W00004445,290,237,53
W00004446,385,352,33
W00004448,223,212,11
W00004449,454,419,35
W00004450,275,257,18
W00004451,311,289,22
W00004452,260,235,25
W00004453,359,345,14
W00004454,259,236,23
W00004455,309,284,25
W00004456,294,273,21
W00004457,273,258,15
W00004458,280,267,13
W00004459,235,229,6
W00004460,239,219,20
W00004461,284,272,12
W00004462,249,224,25
W00004463,327,298,29
W00004464,277,256,21
W00004465,207,178,29
W00004466,238,225,13
W00004467,242,215,27
W00004468,234,224,10
W00004469,315,271,44
W00004470,241,231,10
W00004471,317,286,31
W00004472,319,305,14
W00004473,273,262,11
W00004474,310,271,39
W00004475,285,272,13
W00004476,220,211,9
W00004477,400,371,29
W00004478,332,305,27
W00004479,312,281,31
W00004482,284,258,26
W00004483,308,284,24
W00004484,343,293,50
W00004485,321,277,44
W00004486,378,318,60
W00004487,264,229,35
W00004488,279,247,32
W00004489,294,267,27
W00004490,270,251,19
W00004491,196,177,19
W00004492,233,202,31
W00004493,326,290,36
W00004494,404,353,51
W00004495,350,319,31
W00004496,446,388,58
W00004497,321,265,56
W00004498,420,353,67
W00004499,232,197,35
W00004500,324,298,26
W00004501,258,230,28
W00004502,317,274,43
W00004503,253,222,31
W00004504,326,277,49
W00004505,265,236,29
W00004506,280,253,27
W00004507,455,401,54
W00004508,302,281,21
W00004509,297,258,39
W00004510,370,331,39
W00004511,403,345,58
W00004512,344,295,49
W00004514,305,240,65
W00004515,274,227,47
W00004516,280,241,39
W00004517,335,268,67
W00004518,298,258,40
W00004520,315,261,54
W00004521,362,295,67
W00004522,332,227,105
W00004523,322,274,48
W00004524,302,218,84
W00004525,288,225,63
W00004526,224,166,58
W00004527,400,266,134
W00004528,261,180,81
W00004529,311,220,91
W00004530,283,196,87
W00004531,217,206,11
W00004532,285,266,19
W00004533,274,242,32
W00004534,296,274,22
W00004535,297,279,18
W00004536,281,266,15
W00004537,329,300,29
W00004538,292,274,18
W00004539,272,254,18
W00004540,354,338,16
W00004541,292,270,22
W00004542,283,269,14
W00004544,342,323,19
W00004545,286,263,23
W00004546,269,252,17
W00004547,265,243,22
W00004549,237,220,17
W00004550,276,259,17
W00004552,411,373,38
W00004553,371,318,53
W00004554,375,340,35
W00004555,270,240,30
W00004556,432,371,61
W00004557,294,257,37
W00004558,304,256,48
W00004559,290,263,27
W00004560,324,273,51
W00004561,182,171,11
W00004562,213,194,19
W00004563,355,310,45
W00004564,205,193,12
W00004565,317,284,33
W00004566,305,274,31
W00004567,169,161,8
W00004568,283,246,37
W00004569,264,225,39
W00004570,250,236,14
W00004571,338,277,61
W00004572,317,287,30
W00004573,190,186,4
W00004574,355,315,40
W00004575,238,213,25
W00004576,307,269,38
W00004577,217,197,20
W00004578,269,255,14
W00004579,239,220,19
W00004580,267,242,25
W00004581,263,224,39
W00004582,314,271,43
W00004583,275,228,47
W00004584,314,282,32
W00004586,308,253,55
W00004587,351,287,64
W00004588,263,221,42
W00004589,233,205,28
W00004590,465,400,65
W00004591,250,208,42
W00004592,222,190,32
W00004593,255,226,29
W00004594,255,220,35
W00004595,269,239,30
W00004596,348,300,48
W00004597,277,247,30
W00004598,341,296,45
W00004599,288,250,38
W00004600,314,292,22
W00004601,270,250,20
W00004602,304,287,17
W00004603,293,279,14
W00004604,265,247,18
W00004605,238,226,12
W00004606,273,256,17
W00004607,320,302,18
W00004608,198,192,6
W00004609,153,149,4
W00004610,349,339,10
W00004611,296,275,21
W00004612,219,207,12
W00004613,228,214,14
W00004614,277,260,17
W00004615,315,299,16
W00004616,278,266,12
W00004617,252,241,11
W00004618,245,221,24
W00004619,262,236,26
W00004620,341,327,14
W00004621,252,242,10
W00004622,288,278,10
W00004623,379,346,33
W00004624,265,254,11
W00004625,295,269,26
W00004626,255,242,13
W00004627,356,334,22
W00004628,277,262,15
W00004629,305,288,17
W00004630,210,182,28
W00004631,291,236,55
W00004632,224,188,36
W00004633,332,288,44
W00004634,425,390,35
W00004635,232,189,43
W00004636,242,212,30
W00004637,383,358,25
W00004638,286,256,30
W00004639,244,202,42
W00004640,236,212,24
W00004641,288,260,28
W00004642,348,312,36
W00004643,351,301,50
W00004644,310,261,49
W00004645,331,295,36
W00004646,428,376,52
W00004647,241,206,35
W00004648,388,338,50
W00004649,348,307,41
W00004650,418,361,57
W00004651,304,263,41
W00004652,337,275,62
W00004653,350,305,45
W00004654,369,321,48
W00004655,402,366,36
W00004656,461,409,52
W00004657,356,308,48
W00004658,401,348,53
W00004659,326,285,41
W00004660,222,189,33
W00004661,340,290,50
W00004662,389,337,52
W00004663,375,333,42
W00004664,424,382,42
W00004665,252,222,30
W00004666,246,210,36
W00004667,262,215,47
W00004668,319,286,33
W00004669,306,260,46
W00004670,312,262,50
W00004671,220,197,23
W00004672,273,224,49
W00004673,323,262,61
W00004674,374,304,70
W00004675,316,281,35
W00004676,280,236,44
W00004677,253,209,44
W00004678,325,276,49
W00004679,380,320,60
W00004680,280,239,41
W00004681,337,267,70
W00004682,282,269,13
W00004683,248,226,22
W00004684,294,251,43
W00004685,239,209,30
W00004686,276,244,32
W00004687,203,185,18
W00004688,242,218,24
W00004689,333,297,36
W00004690,221,192,29
W00004691,268,222,46
W00004692,279,233,46
W00004693,389,331,58
W00004694,242,202,40
W00004695,223,186,37
W00004696,227,214,13
W00004697,205,181,24
W00004698,261,233,28
W00004699,259,233,26
W00004700,207,185,22
W00004701,221,188,33
W00004702,240,220,20
W00004703,201,185,16
W00004704,233,213,20
W00004705,349,315,34
W00004706,384,363,21
W00004707,326,302,24
W00004709,292,276,16
W00004710,323,294,29
W00004711,321,290,31
W00004712,308,297,11
W00004713,292,270,22
W00004714,331,315,16
W00004715,250,228,22
W00004716,214,199,15
W00004717,335,317,18
W00004718,338,322,16
W00004719,308,284,24
W00004720,238,223,15
W00004721,273,257,16
W00004722,195,182,13
W00004723,210,189,21
W00004724,293,257,36
W00004725,298,264,34
W00004726,190,151,39
W00004728,322,263,59
W00004729,238,224,14
W00004730,377,336,41
W00004731,292,213,79
W00004732,367,264,103
W00004733,295,246,49
W00004735,332,279,53
W00004736,346,266,80
W00004737,286,248,38
W00004738,320,284,36
W00004739,304,265,39
W00004740,266,246,20
W00004741,427,388,39
W00004742,264,238,26
W00004743,266,245,21
W00004744,415,370,45
W00004745,296,268,28
W00004746,285,256,29
W00004747,255,230,25
W00004748,219,197,22
W00004749,252,228,24
W00004750,297,271,26
W00004751,226,205,21
W00004752,313,293,20
W00004753,341,308,33
W00004754,329,286,43
W00004755,240,215,25
W00004756,402,366,36
W00004757,310,263,47
W00004758,263,244,19
W00004759,287,262,25
W00004760,249,212,37
W00004761,280,238,42
W00004762,322,289,33
W00004763,199,176,23
W00004764,276,236,40
W00004765,270,237,33
W00004766,272,237,35
W00004767,149,145,4
W00004768,234,203,31
W00004769,235,217,18
W00004770,379,343,36
W00004771,253,225,28
W00004772,269,235,34
W00004773,268,246,22
W00004774,257,239,18
W00004775,275,249,26
W00004776,251,231,20
W00004777,279,256,23
W00004778,225,203,22
W00004779,272,263,9
W00004780,266,233,33
W00004781,330,282,48
W00004782,313,278,35
W00004783,306,277,29
W00004784,270,249,21
W00004785,302,274,28
W00004786,273,247,26
W00004787,245,222,23
W00004788,274,252,22
W00004789,333,295,38
W00004790,279,254,25
W00004791,274,241,33
W00004792,554,473,81
W00004793,323,285,38
W00004794,275,228,47
W00004795,229,212,17
W00004796,261,209,52
W00004797,270,224,46
W00004798,278,218,60
W00004799,278,234,44
W00004800,221,201,20
W00004801,271,230,41
W00004802,302,261,41
W00004803,262,235,27
W00004804,298,266,32
W00004805,217,200,17
W00004806,227,199,28
W00004807,275,233,42
W00004808,292,237,55
W00004809,396,345,51
W00004810,298,255,43
W00004811,293,237,56
W00004812,270,235,35
W00004813,143,124,19
W00004814,264,224,40
W00004815,255,222,33
W00004816,230,196,34
W00004817,247,222,25
W00004818,246,204,42
W00004819,266,240,26
W00004820,220,189,31
W00004821,287,261,26
W00004822,293,238,55
W00004823,295,264,31
W00004824,412,355,57
W00004825,226,195,31
W00004826,233,207,26
W00004827,277,244,33
W00004828,246,229,17
W00004829,261,236,25
W00004830,282,257,25
W00004831,307,275,32
W00004832,272,248,24
W00004833,531,455,76
W00004834,270,233,37
W00004836,232,199,33
W00004837,237,206,31
W00004838,334,278,56
W00004839,273,223,50
W00004840,251,228,23
W00004841,230,207,23
W00004842,269,243,26
W00004843,270,237,33
W00004844,290,266,24
W00004845,249,228,21
W00004846,213,192,21
W00004847,273,239,34
W00004848,341,323,18
W00004849,242,224,18
W00004850,239,220,19
W00004851,377,325,52
W00004852,305,262,43
W00004853,288,263,25
W00004854,258,229,29
W00004855,250,223,27
W00004856,294,264,30
W00004857,342,303,39
W00004858,299,273,26
W00004859,316,285,31
W00004860,255,235,20
W00004861,249,229,20
W00004862,324,303,21
W00004863,317,290,27
W00004864,310,280,30
W00004865,357,344,13
W00004866,297,274,23
W00004867,280,229,51
W00004868,330,303,27
W00004869,237,212,25
W00004870,304,276,28
W00004871,295,257,38
W00004872,252,230,22
W00004873,268,236,32
W00004874,273,249,24
W00004875,284,246,38
W00004877,262,230,32
W00004879,557,495,62
W00004882,290,264,26
W00004883,354,281,73
W00004884,265,196,69
W00004885,289,238,51
W00004886,326,270,56
W00004887,273,236,37
W00004888,376,321,55
W00004889,293,137,156
W00004890,248,133,115
W00004891,309,191,118
W00004892,271,125,146
W00004893,159,146,13
W00004894,265,243,22
W00004895,230,215,15
W00004896,317,289,28
W00004897,317,295,22
W00004898,340,297,43
W00004899,269,247,22
W00004900,182,168,14
W00004901,247,237,10
W00004902,230,221,9
W00004903,308,274,34
W00004904,104,92,12
W00004905,270,251,19
W00004906,224,202,22
W00004907,235,216,19
W00004908,217,198,19
W00004909,297,258,39
W00004910,250,235,15
W00004911,238,208,30
W00004912,269,223,46
W00004913,325,288,37
W00004914,208,193,15
W00004915,198,192,6
W00004916,231,214,17
W00004917,281,265,16
W00004918,223,203,20
W00004919,234,179,55
W00004920,228,178,50
W00004921,265,200,65
W00004922,255,193,62
W00004923,275,226,49
W00004924,274,254,20
W00004925,300,242,58
W00004926,298,231,67
W00004927,325,282,43
W00004928,279,237,42
W00004929,241,194,47
W00004930,312,260,52
W00004931,350,257,93
W00004932,366,255,111
W00004934,314,254,60
W00004935,296,245,51
W00004936,291,165,126
W00004937,218,116,102
W00004938,262,163,99
W00004939,283,187,96
W00004940,117,74,43
W00004941,343,186,157
W00004942,171,103,68
W00004943,211,120,91
W00004944,312,168,144
W00004945,259,152,107
W00004946,302,201,101
W00004947,257,245,12
W00004948,143,133,10
W00004949,143,127,16
W00004950,321,302,19
W00004951,249,235,14
W00004952,298,121,177
W00004953,409,276,133
W00004954,253,137,116
W00004955,355,210,145
W00004956,227,211,16
W00004958,374,344,30
W00004960,321,287,34
W00004961,248,219,29
W00004962,257,240,17
W00004963,265,253,12
W00004964,210,197,13
W00004965,300,273,27
W00004966,246,224,22
W00004968,295,273,22
W00004969,250,240,10
W00004970,217,190,27
W00004971,246,229,17
W00004972,260,235,25
W00004973,287,265,22
W00004974,226,209,17
W00004975,258,231,27
W00004976,194,175,19
W00004977,235,211,24
W00004978,188,172,16
W00004979,298,278,20
W00004980,270,255,15
W00004981,251,238,13
W00004982,243,235,8
W00004983,238,209,29
W00004984,252,228,24
W00004985,174,158,16
W00004986,275,244,31
W00004987,329,306,23
W00004988,208,193,15
W00004989,214,201,13
W00004990,214,193,21
W00004991,276,250,26
W00004992,153,141,12
W00004993,232,196,36
W00004994,204,185,19
W00004995,198,172,26
W00004996,198,177,21
W00004997,276,264,12
W00004998,308,253,55
W00004999,332,270,62
W00005000,291,266,25
W00005001,276,250,26
W00005002,311,284,27
W00005003,277,258,19
W00005004,258,229,29
W00005005,301,258,43
W00005006,301,263,38
W00005007,241,217,24
W00005008,279,237,42
W00005009,307,289,18
W00005010,256,227,29
W00005011,284,252,32
W00005012,277,254,23
W00005013,286,264,22
W00005014,262,237,25
W00005015,442,408,34
W00005016,309,293,16
W00005017,244,196,48
W00005018,205,173,32
W00005019,388,347,41
W00005020,307,270,37
W00005021,271,224,47
W00005022,332,297,35
W00005023,250,214,36
W00005024,281,252,29
W00005025,305,221,84
W00005026,344,270,74
W00005027,407,351,56
W00005028,449,322,127
W00005029,428,331,97
W00005030,393,279,114
W00005031,204,157,47
W00005032,327,252,75
W00005033,206,153,53
W00005034,233,182,51
W00005035,339,251,88
W00005036,349,276,73
W00005037,302,221,81
W00005038,306,229,77
W00005039,286,249,37
W00005040,256,206,50
W00005041,502,372,130
W00005042,306,281,25
W00005044,270,235,35
W00005045,308,267,41
W00005046,278,259,19
W00005047,272,248,24
W00005048,278,248,30
W00005049,355,322,33
W00005050,333,299,34
W00005051,243,214,29
W00005052,281,264,17
W00005053,430,373,57
W00005054,280,254,26
W00005055,313,292,21
W00005056,258,242,16
W00005057,290,263,27
W00005058,256,228,28
W00005059,334,298,36
W00005060,222,200,22
W00005061,250,223,27
W00005062,283,252,31
W00005063,249,228,21
W00005064,276,231,45
W00005065,262,222,40
W00005066,246,225,21
W00005067,276,251,25
W00005068,280,242,38
W00005069,309,267,42
W00005070,223,187,36
W00005071,266,218,48
W00005072,469,344,125
W00005073,159,132,27
W00005074,235,187,48
W00005075,350,274,76
W00005076,475,375,100
W00005077,237,200,37
W00005078,322,259,63
W00005080,239,229,10
W00005081,286,273,13
W00005082,265,240,25
W00005083,267,242,25
W00005084,317,301,16
W00005085,216,195,21
W00005086,187,178,9
W00005087,210,198,12
W00005088,390,352,38
W00005089,329,307,22
W00005090,251,237,14
W00005091,285,264,21
W00005092,164,154,10
W00005093,303,283,20
W00005094,186,177,9
W00005095,249,235,14
W00005096,242,226,16
W00005097,290,268,22
W00005098,342,324,18
W00005099,276,261,15
W00005100,344,319,25
W00005101,289,273,16
W00005102,259,241,18
W00005103,402,373,29
W00005104,278,265,13
W00005105,237,218,19
W00005106,277,248,29
W00005107,307,278,29
W00005108,288,261,27
W00005109,285,262,23
W00005110,237,216,21
W00005111,282,262,20
W00005112,287,257,30
W00005113,271,247,24
W00005114,294,279,15
W00005115,295,280,15
W00005116,372,331,41
W00005117,334,312,22
W00005118,314,283,31
W00005119,302,282,20
W00005120,272,253,19
W00005121,257,235,22
W00005122,240,226,14
W00005123,247,236,11
W00005124,249,237,12
W00005125,306,228,78
W00005126,253,204,49
W00005127,317,279,38
W00005128,344,295,49
W00005129,214,171,43
W00005130,232,187,45
W00005131,302,210,92
W00005132,301,284,17
W00005133,363,341,22
W00005134,283,261,22
W00005135,406,368,38
W00005136,235,219,16
W00005137,267,242,25
W00005138,417,379,38
W00005139,237,217,20
W00005140,264,254,10
W00005141,247,226,21
W00005142,231,214,17
W00005143,197,185,12
W00005144,248,232,16
W00005145,490,443,47
W00005146,255,227,28
W00005147,237,215,22
W00005148,550,484,66
W00005149,300,257,43
W00005150,260,227,33
W00005151,390,338,52
W00005152,248,228,20
W00005153,286,252,34
W00005154,264,231,33
W00005155,283,255,28
W00005156,223,158,65
W00005157,331,230,101
W00005158,272,198,74
W00005159,275,198,77
W00005160,257,171,86
W00005161,236,147,89
W00005162,275,162,113
W00005163,277,195,82
W00005164,252,171,81
W00005165,228,153,75
W00005166,224,166,58
W00005167,256,182,74
W00005168,182,147,35
W00005169,275,196,79
W00005171,305,229,76
W00005172,217,195,22
W00005173,242,200,42
W00005174,309,272,37
W00005176,300,267,33
W00005177,297,276,21
W00005178,274,252,22
W00005179,274,255,19
W00005180,420,384,36
W00005181,402,368,34
W00005182,321,305,16
W00005183,392,365,27
W00005184,357,323,34
W00005185,308,281,27
W00005186,260,238,22
W00005187,508,468,40
W00005188,380,332,48
W00005189,120,109,11
W00005190,231,217,14
W00005191,277,265,12
W00005192,355,327,28
W00005193,313,284,29
W00005194,315,276,39
W00005195,267,226,41
W00005196,310,292,18
W00005197,240,220,20
W00005198,280,258,22
W00005199,311,278,33
W00005202,441,377,64
W00005203,317,300,17
W00005204,325,287,38
W00005205,257,236,21
W00005206,240,225,15
W00005207,260,231,29
W00005211,271,255,16
W00005212,346,313,33
W00005213,354,327,27
W00005214,232,211,21
W00005215,293,270,23
W00005216,219,211,8
W00005217,308,276,32
W00005218,277,244,33
W00005219,296,267,29
W00005220,300,278,22
W00005221,261,238,23
W00005222,279,256,23
W00005223,272,238,34
W00005224,283,260,23
W00005225,312,274,38
W00005226,287,260,27
W00005227,274,245,29
W00005228,219,189,30
W00005229,243,218,25
W00005230,289,257,32
W00005231,208,190,18
W00005232,459,403,56
W00005233,255,216,39
W00005234,160,132,28
W00005235,535,453,82
W00005236,358,331,27
W00005237,382,348,34
W00005239,246,231,15
W00005240,244,226,18
W00005241,258,238,20
W00005243,255,238,17
W00005246,496,444,52
W00005247,283,261,22
W00005248,278,265,13
W00005249,224,214,10
W00005250,466,412,54
W00005251,497,447,50
W00005252,227,196,31
W00005253,257,226,31
W00005254,297,257,40
W00005255,253,221,32
W00005256,224,208,16
W00005257,261,220,41
W00005258,233,211,22
W00005259,322,285,37
W00005260,317,296,21
W00005261,259,227,32
W00005262,289,255,34
W00005263,284,266,18
W00005264,211,194,17
W00005265,389,354,35
W00005266,254,230,24
W00005267,256,242,14
W00005268,288,260,28
W00005269,251,239,12
W00005270,297,279,18
W00005271,277,245,32
W00005272,276,257,19
W00005273,251,230,21
W00005274,275,255,20
W00005275,255,241,14
W00005276,232,212,20
W00005277,330,308,22
W00005278,415,376,39
W00005279,225,203,22
W00005280,149,132,17
W00005281,291,267,24
W00005282,246,218,28
W00005283,304,279,25
W00005284,278,243,35
W00005285,246,228,18
W00005287,236,226,10
W00005288,318,282,36
W00005289,231,215,16
W00005294,274,247,27
W00005295,354,323,31
W00005296,390,350,40
W00005297,283,244,39
W00005298,261,230,31
W00005299,290,267,23
W00005300,158,150,8
W00005301,250,223,27
W00005302,258,242,16
W00005303,370,321,49
W00005304,303,271,32
W00005305,286,263,23
W00005306,254,223,31
W00005307,435,379,56
W00005309,273,247,26
W00005310,335,312,23
W00005311,325,302,23
W00005312,359,324,35
W00005313,518,473,45
W00005314,480,446,34
W00005315,290,260,30
W00005316,259,225,34
W00005317,283,250,33
W00005318,210,187,23
W00005319,274,252,22
W00005320,326,289,37
W00005321,254,232,22
W00005322,194,168,26
W00005324,296,268,28
W00005325,215,188,27
W00005326,196,179,17
W00005327,530,455,75
W00005329,205,183,22
W00005330,324,282,42
W00005331,319,294,25
W00005332,225,199,26
W00005333,289,255,34
W00005334,255,236,19
W00005335,274,241,33
W00005336,229,210,19
W00005337,286,257,29
W00005338,273,230,43
W00005339,551,467,84
W00005340,251,222,29
W00005341,244,221,23
W00005342,269,242,27
W00005343,302,277,25
W00005344,289,249,40
W00005346,300,272,28
W00005347,374,330,44
W00005348,222,189,33
W00005349,312,273,39
W00005350,333,309,24
W00005351,331,306,25
W00005352,235,203,32
W00005353,250,230,20
W00005354,200,188,12
W00005355,334,309,25
W00005356,195,187,8
W00005357,227,217,10
W00005358,266,238,28
W00005359,283,252,31
W00005360,266,232,34
W00005361,193,162,31
W00005362,302,257,45
W00005363,316,266,50
W00005364,257,233,24
W00005365,436,344,92
W00005366,246,187,59
W00005367,341,285,56
W00005368,265,221,44
W00005369,275,228,47
W00005370,278,257,21
W00005371,278,238,40
W00005372,229,208,21
W00005373,268,235,33
W00005374,229,204,25
W00005375,257,222,35
W00005376,291,270,21
W00005377,262,225,37
W00005378,258,233,25
W00005379,284,231,53
W00005380,253,227,26
W00005381,310,257,53
W00005382,283,259,24
W00005383,311,279,32
W00005384,243,222,21
W00005385,281,242,39
W00005386,282,238,44
W00005387,275,224,51
W00005388,284,236,48
W00005389,269,229,40
W00005390,201,182,19
W00005391,266,240,26
W00005392,310,259,51
W00005393,280,257,23
W00005394,284,252,32
W00005395,255,217,38
W00005396,247,201,46
W00005397,236,223,13
W00005398,285,247,38
W00005399,302,262,40
W00005400,300,250,50
W00005401,294,265,29
W00005402,334,303,31
W00005403,230,206,24
W00005404,325,275,50
W00005405,263,229,34
W00005406,251,236,15
W00005407,279,265,14
W00005408,226,210,16
W00005409,247,231,16
W00005410,270,242,28
W00005411,437,405,32
W00005412,218,207,11
W00005413,209,196,13
W00005414,284,262,22
W00005415,390,359,31
W00005416,341,305,36
W00005417,248,225,23
W00005418,295,272,23
W00005419,251,228,23
W00005420,321,291,30
W00005421,281,258,23
W00005422,201,190,11
W00005423,289,265,24
W00005424,302,275,27
W00005425,273,253,20
W00005426,327,297,30
W00005427,282,263,19
W00005428,283,255,28
W00005429,337,309,28
W00005430,539,481,58
W00005431,308,291,17
W00005432,320,296,24
W00005433,294,273,21
W00005434,237,202,35
W00005435,272,257,15
W00005436,206,184,22
W00005437,235,222,13
W00005438,271,249,22
W00005439,327,276,51
W00005440,300,272,28
W00005441,222,205,17
W00005442,265,228,37
W00005443,273,249,24
W00005444,239,210,29
W00005445,306,281,25
W00005446,180,172,8
W00005447,455,412,43
W00005448,317,288,29
W00005449,280,239,41
W00005450,290,266,24
W00005451,262,231,31
W00005452,329,312,17
W00005453,286,253,33
W00005454,250,225,25
W00005455,266,244,22
W00005456,281,262,19
W00005457,277,253,24
W00005458,478,440,38
W00005459,282,242,40
W00005460,263,235,28
W00005461,292,272,20
W00005462,199,178,21
W00005463,245,219,26
W00005464,226,199,27
W00005465,286,264,22
W00005466,340,305,35
W00005467,287,260,27
W00005468,306,257,49
W00005469,266,254,12
W00005470,260,229,31
W00005471,198,192,6
W00005472,292,271,21
W00005473,292,267,25
W00005474,245,224,21
W00005475,325,288,37
W00005476,242,224,18
W00005477,304,284,20
W00005478,318,297,21
W00005479,352,303,49
W00005482,309,278,31
W00005483,273,236,37
W00005484,441,406,35
W00005485,373,333,40
W00005486,266,248,18
W00005487,250,236,14
W00005488,313,287,26
W00005489,254,223,31
W00005490,271,246,25
W00005491,259,225,34
W00005492,343,288,55
W00005493,335,296,39
W00005494,315,269,46
W00005495,331,298,33
W00005496,320,266,54
W00005497,328,278,50
W00005498,360,319,41
W00005499,250,228,22
W00005500,463,420,43
W00005501,319,298,21
W00005502,285,260,25
W00005503,233,215,18
W00005504,254,233,21
W00005506,331,296,35
W00005507,282,254,28
W00005508,260,233,27
W00005510,287,263,24
W00005511,248,233,15
W00005512,263,242,21
W00005513,127,112,15
W00005514,220,200,20
W00005515,167,153,14
W00005516,375,334,41
W00005517,405,354,51
W00005518,333,285,48
W00005519,359,327,32
W00005520,318,289,29
W00005521,252,224,28
W00005522,311,280,31
W00005523,266,233,33
W00005524,338,291,47
W00005525,250,219,31
W00005526,290,251,39
W00005527,320,270,50
W00005528,282,238,44
W00005529,269,236,33
W00005530,291,268,23
W00005531,315,264,51
W00005532,272,259,13
W00005533,268,258,10
W00005534,289,262,27
W00005535,167,155,12
W00005536,236,226,10
W00005537,326,306,20
W00005538,299,270,29
W00005539,269,244,25
W00005540,288,270,18
W00005541,250,235,15
W00005542,262,251,11
W00005543,300,280,20
W00005544,282,248,34
W00005545,289,266,23
W00005546,303,279,24
W00005547,251,233,18
W00005548,358,320,38
W00005549,363,344,19
W00005550,285,249,36
W00005551,310,280,30
W00005552,220,202,18
W00005553,295,271,24
W00005554,239,216,23
W00005555,322,300,22
W00005556,225,203,22
W00005557,293,268,25
W00005558,306,280,26
W00005559,191,182,9
W00005560,326,291,35
W00005561,354,324,30
W00005562,276,249,27
W00005563,202,190,12
W00005564,206,187,19
W00005565,285,255,30
W00005566,303,268,35
W00005567,327,291,36
W00005568,302,279,23
W00005569,292,268,24
W00005570,293,257,36
W00005571,304,274,30
W00005572,337,307,30
W00005573,402,372,30
W00005574,222,205,17
W00005575,414,368,46
W00005576,385,350,35
W00005577,280,245,35
W00005578,333,304,29
W00005579,283,261,22
W00005580,310,267,43
W00005581,218,189,29
W00005582,207,182,25
W00005583,324,293,31
W00005584,301,272,29
W00005585,392,364,28
W00005586,315,282,33
W00005587,259,213,46
W00005588,267,248,19
W00005589,258,239,19
W00005590,284,261,23
W00005591,337,289,48
W00005592,303,287,16
W00005593,294,260,34
W00005594,298,274,24
W00005595,273,254,19
W00005596,290,260,30
W00005597,356,322,34
W00005598,319,279,40
W00005599,315,287,28
W00005600,262,252,10
W00005601,233,208,25
W00005603,355,319,36
W00005604,234,220,14
W00005605,495,426,69
W00005608,361,306,55
W00005609,221,183,38
W00005610,250,240,10
W00005611,299,272,27
W00005613,253,214,39
W00005614,207,181,26
W00005615,398,348,50
W00005616,334,271,63
W00005617,304,260,44
W00005618,302,262,40
W00005619,269,222,47
W00005620,268,221,47
W00005621,293,246,47
W00005622,260,244,16
W00005623,260,221,39
W00005624,326,301,25
W00005625,256,228,28
W00005627,308,252,56
W00005628,266,233,33
W00005629,371,336,35
W00005630,277,232,45
W00005631,344,293,51
W00005632,185,171,14
W00005633,226,196,30
W00005634,319,297,22
W00005635,325,281,44
W00005636,342,312,30
W00005637,336,300,36
W00005638,292,259,33
W00005639,264,242,22
W00005640,292,271,21
W00005641,319,298,21
W00005642,304,251,53
W00005643,282,254,28
W00005644,175,141,34
W00005645,258,235,23
W00005646,252,229,23
W00005647,389,346,43
W00005648,228,203,25
W00005650,288,258,30
W00005651,406,359,47
W00005652,300,274,26
W00005653,172,167,5
W00005654,325,304,21
W00005655,259,235,24
W00005656,299,276,23
W00005657,358,327,31
W00005658,196,188,8
W00005659,341,309,32
W00005660,252,230,22
W00005661,331,290,41
W00005662,281,264,17
W00005663,280,258,22
W00005664,254,236,18
W00005665,351,319,32
W00005666,252,230,22
W00005667,326,278,48
W00005668,272,248,24
W00005669,253,245,8
W00005670,269,249,20
W00005671,245,223,22
W00005672,240,215,25
W00005673,527,482,45
W00005674,262,234,28
W00005675,166,150,16
W00005676,318,265,53
W00005677,199,181,18
W00005678,244,214,30
W00005679,248,214,34
W00005680,323,304,19
W00005681,286,256,30
W00005683,264,245,19
W00005684,305,279,26
W00005686,323,302,21
W00005687,297,257,40
W00005688,249,212,37
W00005689,323,276,47
W00005690,277,245,32
W00005691,285,237,48
W00005692,313,265,48
W00005693,280,244,36
W00005694,286,256,30
W00005695,273,248,25
W00005696,283,253,30
W00005697,270,243,27
W00005698,257,227,30
W00005699,254,232,22
W00005700,224,190,34
W00005701,322,277,45
W00005702,281,256,25
W00005703,330,279,51
W00005704,299,274,25
W00005705,300,273,27
W00005706,333,294,39
W00005707,279,256,23
W00005708,329,289,40
W00005709,271,243,28
W00005710,270,238,32
W00005711,304,281,23
W00005712,317,282,35
W00005713,293,255,38
W00005714,277,244,33
W00005715,348,310,38
W00005716,411,361,50
W00005717,283,244,39
W00005718,329,291,38
W00005719,342,294,48
W00005720,273,225,48
W00005721,202,194,8
W00005722,293,254,39
W00005723,417,355,62
W00005724,236,193,43
W00005725,239,211,28
W00005726,336,280,56
W00005727,267,226,41
W00005728,282,241,41
W00005729,274,243,31
W00005730,232,192,40
W00005731,317,259,58
W00005732,249,215,34
W00005733,258,233,25
W00005734,385,319,66
W00005735,220,184,36
W00005736,524,452,72
W00005737,424,349,75
W00005738,357,304,53
W00005739,304,262,42
W00005740,268,241,27
W00005741,302,271,31
W00005742,256,225,31
W00005743,545,468,77
W00005744,222,211,11
W00005745,466,437,29
W00005746,251,214,37
W00005747,274,247,27
W00005748,276,254,22
W00005749,317,279,38
W00005750,310,276,34
W00005751,297,249,48
W00005752,287,248,39
W00005753,274,248,26
W00005754,287,248,39
W00005755,280,246,34
W00005756,266,225,41
W00005757,316,280,36
W00005758,232,214,18
W00005759,301,267,34
W00005760,323,267,56
W00005761,282,247,35
W00005762,506,449,57
W00005763,255,229,26
W00005764,272,256,16
W00005765,319,263,56
W00005766,310,286,24
W00005767,306,277,29
W00005768,254,227,27
W00005769,323,275,48
W00005770,208,182,26
W00005771,293,266,27
W00005773,217,191,26
W00005774,344,307,37
W00005775,265,237,28
W00005776,280,254,26
W00005777,322,280,42
W00005778,325,290,35
W00005779,238,200,38
W00005780,233,205,28
W00005781,303,272,31
W00005782,250,222,28
W00005783,256,228,28
W00005784,403,367,36
W00005785,406,381,25
W00005786,343,320,23
W00005787,278,253,25
W00005788,198,187,11
W00005789,251,219,32
W00005790,299,259,40
W00005791,321,294,27
W00005792,209,188,21
W00005793,242,215,27
W00005794,247,224,23
W00005795,288,254,34
W00005796,321,283,38
W00005797,423,384,39
W00005798,231,210,21
W00005799,284,265,19
W00005800,263,228,35
W00005801,313,265,48
W00005802,256,227,29
W00005803,270,241,29
W00005804,275,250,25
W00005805,255,224,31
W00005806,209,178,31
W00005807,212,203,9
W00005808,281,257,24
W00005809,236,197,39
W00005810,217,200,17
W00005811,288,257,31
W00005812,387,328,59
W00005813,303,260,43
W00005814,306,271,35
W00005815,245,218,27
W00005816,288,242,46
W00005817,340,294,46
W00005818,335,297,38
W00005819,222,196,26
W00005820,287,250,37
W00005821,330,276,54
W00005822,307,273,34
W00005823,272,247,25
W00005824,298,257,41
W00005825,274,262,12
W00005826,244,217,27
W00005827,190,166,24
W00005828,281,249,32
W00005829,327,291,36
W00005830,254,228,26
W00005831,339,308,31
W00005832,293,262,31
W00005833,374,318,56
W00005834,217,195,22
W00005835,233,209,24
W00005836,603,523,80
W00005837,421,347,74
W00005838,303,257,46
W00005839,357,296,61
W00005840,321,279,42
W00005841,409,355,54
W00005842,344,296,48
W00005843,404,365,39
W00005844,238,223,15
W00005845,289,262,27
W00005846,235,226,9
W00005847,527,465,62
W00005848,328,288,40
W00005849,277,260,17
W00005850,313,277,36
W00005851,272,242,30
W00005852,248,223,25
W00005853,219,198,21
W00005854,284,250,34
W00005855,291,257,34
W00005856,288,242,46
W00005857,169,162,7
W00005858,274,234,40
W00005859,242,216,26
W00005860,254,223,31
W00005861,213,186,27
W00005863,227,211,16
W00005864,273,244,29
W00005865,282,253,29
W00005866,297,255,42
W00005867,279,242,37
W00005868,252,232,20
W00005869,252,220,32
W00005870,295,277,18
W00005871,269,247,22
W00005872,223,207,16
W00005873,333,295,38
W00005874,236,200,36
W00005875,271,244,27
W00005876,221,199,22
W00005878,503,433,70
W00005879,465,399,66
W00005880,231,185,46
W00005881,170,154,16
W00005882,375,322,53
W00005883,517,442,75
W00005884,304,271,33
W00005885,326,278,48
W00005886,227,200,27
W00005887,301,254,47
W00005888,301,253,48
W00005889,325,278,47
W00005890,385,332,53
W00005891,423,370,53
W00005892,323,281,42
W00005894,323,254,69
W00005895,326,277,49
W00005896,274,244,30
W00005897,317,279,38
W00005898,311,282,29
W00005899,268,231,37
W00005900,357,309,48
W00005901,368,318,50
W00005902,303,256,47
W00005903,368,343,25
W00005905,193,170,23
W00005906,340,305,35
W00005907,269,255,14
W00005908,240,219,21
W00005909,280,257,23
W00005910,228,206,22
W00005911,260,236,24
W00005913,306,274,32
W00005914,365,320,45
W00005915,267,237,30
W00005916,256,243,13
W00005917,252,225,27
W00005918,302,278,24
W00005919,307,280,27
W00005920,407,365,42
W00005921,321,278,43
W00005922,260,240,20
W00005925,401,365,36
W00005926,244,214,30
W00005927,274,244,30
W00005928,437,405,32
W00005929,267,230,37
W00005930,208,193,15
W00005931,243,209,34
W00005933,316,283,33
W00005934,243,216,27
W00005935,315,269,46
W00005936,275,232,43
W00005938,242,217,25
W00005939,287,228,59
W00005940,271,236,35
W00005941,368,323,45
W00005942,240,197,43
W00005943,254,235,19
W00005944,227,189,38
W00005945,233,200,33
W00005946,320,278,42
W00005947,307,273,34
W00005948,225,193,32
W00005949,235,198,37
W00005950,222,199,23
W00005951,357,304,53
W00005952,275,232,43
W00005953,350,313,37
W00005954,358,330,28
W00005956,381,328,53
W00005957,412,352,60
W00005958,488,446,42
W00005959,302,269,33
W00005960,289,257,32
W00005961,327,289,38
W00005962,597,521,76
W00005963,300,270,30
W00005964,216,186,30
W00005965,291,254,37
W00005966,256,236,20
W00005967,383,327,56
W00005968,305,256,49
W00005969,590,533,57
W00005970,311,279,32
W00005971,322,266,56
W00005972,288,254,34
W00005973,239,213,26
W00005975,247,218,29
W00005976,357,319,38
W00005977,271,245,26
W00005978,258,236,22
W00005979,222,203,19
W00005980,264,235,29
W00005981,368,322,46
W00005982,230,208,22
W00005983,373,320,53
W00005984,264,242,22
W00005985,299,266,33
W00005986,240,215,25
W00005987,410,360,50
W00005990,527,457,70
W00005991,281,238,43
W00005994,272,247,25
W00005995,244,215,29
W00005996,326,291,35
W00005997,294,268,26
W00005998,324,287,37
W00005999,277,244,33
W00006000,196,178,18
W00006001,366,338,28
W00006002,138,129,9
W00006003,246,231,15
W00006004,342,307,35
W00006005,211,194,17
W00006006,278,256,22
W00006007,254,224,30
W00006008,315,286,29
W00006009,284,259,25
W00006010,247,230,17
W00006011,271,240,31
W00006012,303,276,27
W00006013,263,231,32
W00006014,328,298,30
W00006015,311,285,26
W00006016,258,235,23
W00006017,257,237,20
W00006018,283,251,32
W00006019,313,281,32
W00006020,296,268,28
W00006021,194,184,10
W00006022,369,330,39
W00006023,283,258,25
W00006024,250,216,34
W00006025,334,309,25
W00006026,261,241,20
W00006028,265,241,24
W00006029,313,259,54
W00006030,276,235,41
W00006031,302,264,38
W00006032,370,304,66
W00006033,228,202,26
W00006034,243,222,21
W00006035,264,235,29
W00006036,267,232,35
W00006037,280,258,22
W00006038,251,218,33
W00006039,283,257,26
W00006040,429,373,56
W00006041,388,355,33
W00006042,316,286,30
W00006043,322,292,30
W00006044,324,296,28
W00006045,322,301,21
W00006046,239,212,27
W00006047,242,208,34
W00006048,237,195,42
W00006049,262,224,38
W00006050,242,216,26
W00006051,327,294,33
W00006052,343,281,62
W00006053,268,244,24
W00006054,326,282,44
W00006055,319,279,40
W00006056,298,246,52
W00006057,304,285,19
W00006058,304,277,27
W00006059,239,213,26
W00006060,289,266,23
W00006061,305,244,61
W00006062,309,271,38
W00006063,254,228,26
W00006064,286,258,28
W00006065,290,261,29
W00006066,314,269,45
W00006067,246,215,31
W00006068,186,169,17
W00006069,273,232,41
W00006070,340,289,51
W00006071,227,206,21
W00006072,327,275,52
W00006073,314,283,31
W00006074,256,219,37
W00006075,289,258,31
W00006076,284,248,36
W00006077,273,241,32
W00006078,329,283,46
W00006079,287,251,36
W00006080,363,294,69
W00006081,343,294,49
W00006082,373,321,52
W00006083,258,229,29
W00006084,325,288,37
W00006085,300,265,35
W00006086,228,204,24
W00006087,341,310,31
W00006088,256,233,23
W00006089,455,384,71
W00006090,212,196,16
W00006091,145,130,15
W00006092,289,251,38
W00006093,258,222,36
W00006094,238,213,25
W00006095,384,306,78
W00006096,254,214,40
W00006097,445,370,75
W00006098,269,244,25
W00006099,278,255,23
W00006100,267,230,37
W00006101,277,215,62
W00006102,378,319,59
W00006103,427,369,58
W00006105,313,286,27
W00006106,357,322,35
W00006107,286,258,28
W00006108,227,197,30
W00006109,283,254,29
W00006110,208,192,16
W00006111,271,235,36
W00006112,253,218,35
W00006113,273,250,23
W00006114,274,228,46
W00006115,283,220,63
W00006116,312,276,36
W00006117,231,188,43
W00006118,240,208,32
W00006119,262,221,41
W00006120,585,509,76
W00006121,290,264,26
W00006122,383,339,44
W00006123,136,122,14
W00006124,201,170,31
W00006125,339,276,63
W00006126,239,212,27
W00006127,335,311,24
W00006129,329,261,68
W00006130,269,237,32
W00006131,272,243,29
W00006133,214,196,18
W00006137,443,338,105
W00006138,266,234,32
W00006139,362,297,65
W00006140,306,227,79
W00006141,339,292,47
W00006142,290,245,45
W00006143,316,267,49
W00006144,293,259,34
W00006145,386,325,61
W00006146,275,244,31
W00006147,308,267,41
W00006148,286,238,48
W00006149,334,291,43
W00006150,289,273,16
W00006151,255,236,19
W00006152,281,234,47
W00006153,267,249,18
W00006154,255,228,27
W00006155,296,270,26
W00006156,263,228,35
W00006157,229,216,13
W00006158,226,212,14
W00006159,326,310,16
W00006160,309,270,39
W00006161,237,213,24
W00006162,399,368,31
W00006163,321,302,19
W00006164,265,242,23
W00006166,256,216,40
W00006167,289,262,27
W00006168,276,237,39
W00006169,289,253,36
W00006170,272,238,34
W00006172,244,222,22
W00006173,427,404,23
W00006174,253,221,32
W00006175,248,236,12
W00006176,271,241,30
W00006177,220,202,18
W00006178,200,190,10
W00006179,285,266,19
W00006180,294,273,21
W00006181,299,275,24
W00006182,240,229,11
W00006183,290,258,32
W00006184,280,270,10
W00006185,322,285,37
W00006186,264,218,46
W00006187,286,254,32
W00006188,265,235,30
W00006189,275,236,39
W00006190,267,232,35
W00006191,233,212,21
W00006192,255,233,22
W00006193,238,223,15
W00006194,259,232,27
W00006195,279,237,42
W00006196,288,256,32
W00006197,308,261,47
W00006198,286,251,35
W00006199,258,221,37
W00006200,241,214,27
W00006201,252,225,27
W00006202,202,186,16
W00006203,247,225,22
W00006204,316,291,25
W00006205,163,147,16
W00006206,324,270,54
W00006207,262,230,32
W00006208,233,219,14
W00006209,404,338,66
W00006210,274,248,26
W00006211,356,332,24
W00006212,271,240,31
W00006213,228,212,16
W00006214,315,294,21
W00006215,333,297,36
W00006216,212,197,15
W00006217,267,257,10
W00006218,308,286,22
W00006219,264,241,23
W00006220,287,268,19
W00006221,369,309,60
W00006222,238,208,30
W00006223,273,237,36
W00006224,235,215,20
W00006225,245,205,40
W00006226,368,326,42
W00006227,300,262,38
W00006228,300,264,36
W00006229,212,184,28
W00006230,296,268,28
W00006231,214,181,33
W00006232,244,202,42
W00006233,244,218,26
W00006234,256,226,30
W00006235,205,185,20
W00006236,284,264,20
W00006237,246,221,25
W00006238,208,172,36
W00006239,197,175,22
W00006240,485,435,50
W00006241,267,226,41
W00006242,200,177,23
W00006243,278,242,36
W00006244,294,254,40
W00006245,267,238,29
W00006246,242,215,27
W00006247,130,109,21
W00006248,297,261,36
W00006249,527,469,58
W00006250,400,342,58
W00006251,442,390,52
W00006252,351,280,71
W00006253,274,233,41
W00006254,331,277,54
W00006255,353,290,63
W00006257,379,317,62
W00006259,399,348,51
W00006261,264,234,30
W00006262,215,195,20
W00006263,392,332,60
W00006264,316,246,70
W00006265,387,329,58
W00006266,185,165,20
W00006268,500,430,70
W00006269,357,306,51
W00006270,224,204,20
W00006271,253,229,24
W00006272,297,252,45
W00006273,378,323,55
W00006274,461,372,89
W00006275,312,287,25
W00006276,325,292,33
W00006277,196,166,30
W00006278,489,369,120
W00006280,303,275,28
W00006281,285,246,39
W00006282,179,158,21
W00006283,417,382,35
W00006284,427,363,64
W00006286,273,236,37
W00006287,245,192,53
W00006289,254,218,36
W00006290,307,259,48
W00006291,334,263,71
W00006292,247,199,48
W00006293,283,224,59
W00006294,284,229,55
W00006295,325,266,59
W00006296,274,224,50
W00006297,276,227,49
W00006298,279,227,52
W00006299,286,248,38
W00006300,293,258,35
W00006301,305,227,78
W00006302,310,251,59
W00006303,285,247,38
W00006304,361,284,77
W00006305,310,277,33
W00006306,271,237,34
W00006307,264,180,84
W00006308,286,232,54
W00006309,274,232,42
W00006310,290,233,57
W00006311,242,205,37
W00006312,274,213,61
W00006313,227,203,24
W00006314,292,252,40
W00006315,331,244,87
W00006316,463,387,76
W00006317,273,245,28
W00006318,309,265,44
W00006319,356,318,38
W00006320,317,285,32
W00006321,291,261,30
W00006322,285,263,22
W00006323,295,272,23
W00006324,325,292,33
W00006325,321,293,28
W00006326,223,215,8
W00006327,299,272,27
W00006328,254,235,19
W00006329,275,239,36
W00006330,265,241,24
W00006331,223,209,14
W00006332,225,205,20
W00006333,292,252,40
W00006334,229,215,14
W00006335,263,242,21
W00006336,184,171,13
W00006337,299,262,37
W00006338,368,305,63
W00006339,326,286,40
W00006340,275,249,26
W00006341,498,415,83
W00006342,278,251,27
W00006343,293,259,34
W00006344,240,208,32
W00006345,374,310,64
W00006346,248,222,26
W00006347,329,299,30
W00006348,250,216,34
W00006349,301,265,36
W00006350,238,215,23
W00006351,326,283,43
W00006352,251,222,29
W00006353,276,243,33
W00006354,234,220,14
W00006355,341,321,20
W00006356,356,302,54
W00006357,259,233,26
W00006358,246,220,26
W00006359,225,214,11
W00006360,307,264,43
W00006361,191,177,14
W00006362,267,241,26
W00006363,243,225,18
W00006364,312,285,27
W00006365,332,303,29
W00006366,289,268,21
W00006367,246,225,21
W00006368,225,197,28
W00006369,245,214,31
W00006370,259,229,30
W00006371,298,254,44
W00006372,271,240,31
W00006373,284,263,21
W00006374,269,240,29
W00006375,378,346,32
W00006376,211,198,13
W00006377,260,244,16
W00006378,315,280,35
W00006379,287,264,23
W00006380,265,234,31
W00006381,297,273,24
W00006382,297,234,63
W00006383,340,297,43
W00006384,316,285,31
W00006385,276,250,26
W00006386,336,292,44
W00006387,253,218,35
W00006388,198,175,23
W00006389,279,242,37
W00006390,329,296,33
W00006391,292,250,42
W00006392,283,248,35
W00006393,238,209,29
W00006394,280,258,22
W00006395,262,229,33
W00006396,274,220,54
W00006397,243,220,23
W00006398,322,257,65
W00006399,308,275,33
W00006400,273,242,31
W00006401,331,295,36
W00006402,312,281,31
W00006403,198,189,9
W00006404,267,244,23
W00006405,298,266,32
W00006406,294,278,16
W00006407,200,192,8
W00006408,259,246,13
W00006409,253,225,28
W00006410,194,187,7
W00006411,266,246,20
W00006412,289,266,23
W00006413,314,282,32
W00006414,289,255,34
W00006415,297,265,32
W00006416,330,303,27
W00006417,293,260,33
W00006418,222,204,18
W00006419,286,261,25
W00006420,219,195,24
W00006421,326,289,37
W00006422,323,294,29
W00006423,301,264,37
W00006424,302,269,33
W00006425,318,292,26
W00006426,228,217,11
W00006427,233,213,20
W00006428,346,315,31
W00006429,421,365,56
W00006430,359,311,48
W00006431,244,217,27
W00006432,465,406,59
W00006433,270,201,69
W00006434,221,182,39
W00006435,429,303,126
W00006437,253,190,63
W00006438,259,228,31
W00006439,557,428,129
W00006440,533,381,152
W00006441,244,215,29
W00006442,338,259,79
W00006443,274,223,51
W00006444,310,276,34
W00006445,546,389,157
W00006446,234,200,34
W00006447,275,229,46
W00006448,475,387,88
W00006449,340,265,75
W00006450,286,239,47
W00006451,279,230,49
W00006452,311,249,62
W00006453,321,250,71
W00006454,269,228,41
W00006455,240,208,32
W00006456,286,217,69
W00006457,260,227,33
W00006458,306,274,32
W00006459,273,251,22
W00006460,265,232,33
W00006461,301,250,51
W00006462,281,237,44
W00006463,256,219,37
W00006464,274,233,41
W00006465,308,257,51
W00006466,313,265,48
W00006467,257,209,48
W00006468,301,263,38
W00006469,276,239,37
W00006470,280,241,39
W00006471,361,309,52
W00006472,327,280,47
W00006473,199,178,21
W00006474,157,143,14
W00006475,241,212,29
W00006476,264,225,39
W00006477,260,191,69
W00006478,261,216,45
W00006479,311,246,65
W00006480,282,241,41
W00006481,174,149,25
W00006482,347,313,34
W00006483,147,139,8
W00006484,300,264,36
W00006485,389,314,75
W00006486,270,215,55
W00006487,262,230,32
W00006488,263,217,46
W00006489,282,251,31
W00006490,326,285,41
W00006491,208,193,15
W00006492,267,238,29
W00006493,264,245,19
W00006494,275,234,41
W00006495,290,243,47
W00006496,369,340,29
W00006497,298,256,42
W00006498,320,269,51
W00006499,239,198,41
W00006500,294,259,35
W00006501,335,297,38
W00006502,249,216,33
W00006503,419,380,39
W00006504,270,249,21
W00006505,228,209,19
W00006506,274,256,18
W00006507,309,278,31
W00006508,312,271,41
W00006509,304,273,31
W00006510,212,187,25
W00006511,313,285,28
W00006512,293,251,42
W00006513,196,173,23
W00006514,314,276,38
W00006515,440,339,101
W00006516,370,307,63
W00006517,298,272,26
W00006518,306,264,42
W00006519,258,230,28
W00006520,268,237,31
W00006521,261,236,25
W00006522,217,184,33
W00006523,248,217,31
W00006524,261,217,44
W00006525,232,201,31
W00006526,308,270,38
W00006527,182,168,14
W00006528,423,333,90
W00006529,253,224,29
W00006530,246,215,31
W00006531,356,317,39
W00006532,307,251,56
W00006533,299,252,47
W00006534,362,325,37
W00006535,264,240,24
W00006536,292,253,39
W00006537,288,252,36
W00006538,296,256,40
W00006539,244,212,32
W00006540,262,229,33
W00006541,272,220,52
W00006542,245,207,38
W00006543,269,228,41
W00006544,251,217,34
W00006545,273,217,56
W00006546,331,293,38
W00006547,296,258,38
W00006548,234,197,37
W00006549,303,254,49
W00006550,259,221,38
W00006551,606,518,88
W00006552,218,194,24
W00006553,298,281,17
W00006554,292,261,31
W00006555,256,224,32
W00006556,286,246,40
W00006557,280,235,45
W00006558,241,215,26
W00006559,313,285,28
W00006560,169,162,7
W00006561,255,230,25
W00006562,282,248,34
W00006564,570,488,82
W00006565,298,257,41
W00006566,376,343,33
W00006567,301,264,37
W00006568,219,198,21
W00006569,332,294,38
W00006570,279,245,34
W00006571,242,222,20
W00006572,262,235,27
W00006573,367,326,41
W00006574,256,218,38
W00006575,296,264,32
W00006576,280,260,20
W00006577,301,274,27
W00006578,272,243,29
W00006579,299,264,35
W00006580,277,251,26
W00006581,293,271,22
W00006583,261,248,13
W00006584,334,302,32
W00006585,269,235,34
W00006586,459,413,46
W00006587,322,292,30
W00006588,296,258,38
W00006589,329,298,31
W00006590,286,264,22
W00006592,278,246,32
W00006593,224,207,17
W00006594,287,267,20
W00006596,252,229,23
W00006597,261,218,43
W00006598,298,241,57
W00006599,295,247,48
W00006600,277,240,37
W00006601,314,279,35
W00006602,294,243,51
W00006603,269,231,38
W00006604,250,216,34
W00006605,248,210,38
W00006606,362,309,53
W00006607,250,207,43
W00006608,199,182,17
W00006609,315,295,20
W00006610,327,293,34
W00006611,304,271,33
W00006612,247,228,19
W00006613,244,215,29
W00006614,323,265,58
W00006615,325,281,44
W00006616,262,232,30
W00006617,289,250,39
W00006618,312,278,34
W00006619,329,305,24
W00006620,315,292,23
W00006621,314,286,28
W00006622,275,245,30
W00006623,333,286,47
W00006624,357,319,38
W00006625,432,389,43
W00006626,470,436,34
W00006627,225,206,19
W00006628,535,486,49
W00006629,334,292,42
W00006630,342,331,11
W00006631,302,266,36
W00006633,432,388,44
W00006634,299,286,13
W00006635,274,253,21
W00006636,251,215,36
W00006637,239,194,45
W00006638,237,185,52
W00006639,269,235,34
W00006640,342,261,81
W00006641,216,204,12
W00006642,306,255,51
W00006643,309,258,51
W00006644,219,194,25
W00006645,296,254,42
W00006646,233,208,25
W00006647,303,257,46
W00006648,358,299,59
W00006649,303,259,44
W00006650,270,241,29
W00006651,254,237,17
W00006652,224,177,47
W00006653,338,293,45
W00006654,282,255,27
W00006655,270,243,27
W00006656,296,265,31
W00006657,321,258,63
W00006658,251,224,27
W00006659,267,233,34
W00006660,297,259,38
W00006661,312,268,44
W00006662,201,176,25
W00006663,244,203,41
W00006664,185,141,44
W00006665,387,318,69
W00006666,249,193,56
W00006667,283,250,33
W00006668,293,251,42
W00006669,315,244,71
W00006670,261,222,39
W00006671,356,280,76
W00006672,214,195,19
W00006673,291,226,65
W00006674,320,250,70
W00006675,220,186,34
W00006676,322,248,74
W00006677,261,213,48
W00006678,255,221,34
W00006679,195,159,36
W00006680,284,240,44
W00006681,271,251,20
W00006682,251,219,32
W00006683,249,226,23
W00006684,207,182,25
W00006685,185,178,7
W00006686,227,209,18
W00006687,245,220,25
W00006688,350,290,60
W00006689,233,207,26
W00006690,239,219,20
W00006691,261,223,38
W00006692,306,278,28
W00006693,275,245,30
W00006694,269,221,48
W00006695,228,196,32
W00006696,302,264,38
W00006697,281,252,29
W00006698,285,249,36
W00006699,252,237,15
W00006700,268,235,33
W00006701,313,284,29
W00006702,248,227,21
W00006703,260,227,33
W00006704,300,255,45
W00006705,297,254,43
W00006706,251,237,14
W00006707,229,202,27
W00006708,282,251,31
W00006709,283,246,37
W00006710,297,258,39
W00006711,265,215,50
W00006712,228,215,13
W00006713,310,282,28
W00006714,287,262,25
W00006715,287,246,41
W00006716,189,177,12
W00006717,282,225,57
W00006718,219,201,18
W00006719,243,203,40
W00006720,256,232,24
W00006721,307,248,59
W00006722,302,241,61
W00006723,190,173,17
W00006724,249,206,43
W00006725,428,328,100
W00006726,313,255,58
W00006727,293,261,32
W00006728,270,220,50
W00006729,283,240,43
W00006730,257,212,45
W00006731,317,276,41
W00006732,314,268,46
W00006733,306,271,35
W00006734,282,246,36
W00006735,303,259,44
W00006736,201,175,26
W00006737,281,250,31
W00006738,324,267,57
W00006739,342,286,56
W00006740,345,314,31
W00006741,260,233,27
W00006742,289,248,41
W00006743,254,216,38
W00006744,259,218,41
W00006745,274,234,40
W00006746,292,256,36
W00006747,130,104,26
W00006748,307,260,47
W00006749,300,256,44
W00006750,297,242,55
W00006751,286,236,50
W00006752,281,246,35
W00006753,277,255,22
W00006754,322,280,42
W00006755,243,205,38
W00006756,329,287,42
W00006757,241,222,19
W00006758,253,227,26
W00006759,252,221,31
W00006760,317,281,36
W00006761,251,216,35
W00006762,329,290,39
W00006763,276,244,32
W00006765,373,335,38
W00006766,254,240,14
W00006767,403,370,33
W00006768,275,251,24
W00006769,265,230,35
W00006770,278,264,14
W00006772,320,274,46
W00006773,339,299,40
W00006774,427,385,42
W00006775,413,370,43
W00006776,389,349,40
W00006777,195,186,9
W00006779,547,496,51
W00006780,210,197,13
W00006781,297,276,21
W00006782,285,260,25
W00006783,221,195,26
W00006784,275,258,17
W00006785,256,225,31
W00006786,304,270,34
W00006787,269,247,22
W00006788,244,226,18
W00006789,295,279,16
W00006790,278,252,26
W00006791,303,280,23
W00006792,281,257,24
W00006793,254,228,26
W00006794,231,219,12
W00006795,290,254,36
W00006796,265,239,26
W00006797,240,225,15
W00006798,286,266,20
W00006799,354,339,15
W00006800,374,333,41
W00006801,262,247,15
W00006802,283,256,27
W00006803,300,256,44
W00006804,321,299,22
W00006805,183,161,22
W00006806,290,259,31
W00006807,257,246,11
W00006808,328,298,30
W00006809,225,218,7
W00006810,254,247,7
W00006811,305,277,28
W00006812,254,220,34
W00006813,271,259,12
W00006814,345,321,24
W00006815,446,427,19
W00006816,405,380,25
W00006817,187,178,9
W00006818,255,247,8
W00006819,256,247,9
W00006820,283,266,17
W00006821,289,274,15
W00006822,363,335,28
W00006823,319,300,19
W00006824,308,298,10
W00006825,267,260,7
W00006826,323,306,17
W00006827,248,221,27
W00006828,285,241,44
W00006829,303,264,39
W00006830,255,217,38
W00006831,282,230,52
W00006832,241,220,21
W00006833,194,162,32
W00006834,541,478,63
W00006835,93,86,7
W00006836,160,148,12
W00006837,396,348,48
W00006838,311,280,31
W00006839,345,317,28
W00006840,210,206,4
W00006841,224,202,22
W00006842,301,283,18
W00006843,239,217,22
W00006844,336,300,36
W00006845,286,264,22
W00006846,302,256,46
W00006847,312,292,20
W00006848,280,256,24
W00006849,283,255,28
W00006850,194,185,9
W00006851,278,264,14
W00006852,302,262,40
W00006853,270,250,20
W00006854,254,229,25
W00006855,285,268,17
W00006856,287,271,16
W00006857,296,285,11
W00006858,283,266,17
W00006859,377,358,19
W00006860,330,321,9
W00006861,319,304,15
W00006862,292,268,24
W00006863,274,255,19
W00006864,373,341,32
W00006865,286,265,21
W00006866,259,245,14
W00006867,268,238,30
W00006868,281,249,32
W00006869,323,300,23
W00006870,281,249,32
W00006871,236,212,24
W00006872,295,277,18
W00006873,212,189,23
W00006874,254,220,34
W00006875,353,344,9
W00006876,278,254,24
W00006877,282,247,35
W00006878,264,246,18
W00006879,275,242,33
W00006880,304,273,31
W00006881,289,266,23
W00006882,291,262,29
W00006883,231,209,22
W00006884,290,252,38
W00006885,426,383,43
W00006886,286,260,26
W00006887,257,233,24
W00006888,325,302,23
W00006890,352,316,36
W00006891,342,306,36
W00006892,264,246,18
W00006893,278,251,27
W00006894,390,335,55
W00006895,282,239,43
W00006896,282,264,18
W00006897,339,301,38
W00006898,188,173,15
W00006899,278,249,29
W00006900,470,409,61
W00006901,268,233,35
W00006902,269,241,28
W00006903,276,246,30
W00006904,245,212,33
W00006905,422,369,53
W00006906,330,286,44
W00006907,290,262,28
W00006909,300,271,29
W00006910,235,218,17
W00006911,258,213,45
W00006912,305,263,42
W00006913,252,219,33
W00006914,231,199,32
W00006915,346,289,57
W00006916,368,345,23
W00006917,421,361,60
W00006918,316,277,39
W00006919,301,261,40
W00006920,280,253,27
W00006921,301,255,46
W00006922,319,287,32
W00006923,274,248,26
W00006924,317,283,34
W00006925,304,262,42
W00006926,260,240,20
W00006927,332,297,35
W00006928,426,356,70
W00006929,271,231,40
W00006930,211,195,16
W00006931,276,231,45
W00006932,287,250,37
W00006933,239,223,16
W00006934,287,250,37
W00006935,206,192,14
W00006936,289,254,35
W00006937,294,275,19
W00006938,214,189,25
W00006940,407,364,43
W00006941,268,259,9
W00006942,320,294,26
W00006943,229,198,31
W00006944,442,379,63
W00006945,263,233,30
W00006946,324,298,26
W00006947,240,213,27
W00006948,304,278,26
W00006949,386,329,57
W00006950,282,254,28
W00006951,353,313,40
W00006952,297,256,41
W00006953,256,222,34
W00006954,307,268,39
W00006955,305,275,30
W00006956,237,223,14
W00006957,319,295,24
W00006958,283,247,36
W00006959,304,279,25
W00006960,301,260,41
W00006961,313,272,41
W00006962,246,224,22
W00006963,286,258,28
W00006964,268,244,24
W00006965,255,233,22
W00006966,282,248,34
W00006968,329,285,44
W00006969,262,232,30
W00006970,440,397,43
W00006971,224,176,48
W00006972,316,269,47
W00006973,335,293,42
W00006974,300,254,46
W00006975,362,310,52
W00006976,332,264,68
W00006977,364,299,65
W00006978,305,267,38
W00006979,236,183,53
W00006980,267,205,62
W00006981,267,227,40
W00006982,279,240,39
W00006983,354,295,59
W00006984,326,282,44
W00006985,227,204,23
W00006986,257,225,32
W00006987,261,225,36
W00006988,369,324,45
W00006989,278,256,22
W00006990,292,249,43
W00006991,336,290,46
W00006992,293,275,18
W00006993,464,405,59
W00006994,380,335,45
W00006995,393,353,40
W00006996,238,217,21
W00006997,319,274,45
W00006998,255,242,13
W00006999,294,267,27
W00007000,279,246,33
W00007001,247,218,29
W00007002,285,269,16
W00007003,297,272,25
W00007004,249,228,21
W00007005,303,267,36
W00007006,258,229,29
W00007007,289,257,32
W00007008,294,270,24
W00007009,284,257,27
W00007010,251,222,29
W00007011,279,257,22
W00007012,234,220,14
W00007013,294,273,21
W00007014,256,241,15
W00007015,354,326,28
W00007016,249,221,28
W00007017,250,230,20
W00007018,252,218,34
W00007019,332,297,35
W00007020,283,262,21
W00007021,324,290,34
W00007022,289,263,26
W00007023,300,267,33
W00007024,389,341,48
W00007025,309,263,46
W00007026,406,344,62
W00007027,261,227,34
W00007028,347,309,38
W00007029,249,229,20
W00007030,280,242,38
W00007031,313,295,18
W00007032,346,309,37
W00007033,280,243,37
W00007034,290,260,30
W00007035,469,398,71
W00007036,299,272,27
W00007037,318,288,30
W00007038,277,242,35
W00007039,283,254,29
W00007040,265,244,21
W00007041,303,273,30
W00007042,300,271,29
W00007043,221,198,23
W00007044,267,247,20
W00007045,289,252,37
W00007046,302,266,36
W00007047,290,266,24
W00007048,289,267,22
W00007049,313,283,30
W00007050,252,234,18
W00007051,243,227,16
W00007052,223,206,17
W00007053,310,280,30
W00007054,251,236,15
W00007055,355,324,31
W00007056,323,301,22
W00007057,304,265,39
W00007058,290,275,15
W00007059,268,257,11
W00007060,480,443,37
W00007061,249,234,15
W00007062,303,271,32
W00007063,297,269,28
W00007064,309,272,37
W00007065,239,231,8
W00007066,297,264,33
W00007067,483,401,82
W00007068,305,277,28
W00007069,284,258,26
W00007070,288,262,26
W00007071,216,198,18
W00007072,240,226,14
W00007073,324,290,34
W00007074,243,223,20
W00007075,311,285,26
W00007076,295,263,32
W00007077,257,233,24
W00007078,263,243,20
W00007079,349,323,26
W00007080,318,296,22
W00007081,243,224,19
W00007082,267,242,25
W00007083,345,316,29
W00007084,252,229,23
W00007085,253,238,15
W00007086,235,224,11
W00007087,248,234,14
W00007088,321,296,25
W00007089,294,281,13
W00007090,280,264,16
W00007091,280,265,15
W00007092,177,169,8
W00007093,305,279,26
W00007094,280,244,36
W00007095,317,298,19
W00007096,258,246,12
W00007097,278,256,22
W00007098,307,276,31
W00007099,133,132,1
W00007100,329,296,33
W00007101,419,384,35
W00007102,312,285,27
W00007103,186,173,13
W00007104,289,268,21
W00007105,265,248,17
W00007106,276,260,16
W00007108,197,183,14
W00007109,364,331,33
W00007110,246,222,24
W00007111,266,245,21
W00007112,328,295,33
W00007113,300,266,34
W00007114,317,294,23
W00007115,326,306,20
W00007116,245,223,22
W00007117,276,261,15
W00007118,291,262,29
W00007119,170,155,15
W00007120,317,286,31
W00007121,237,223,14
W00007122,303,287,16
W00007123,255,225,30
W00007124,244,225,19
W00007125,289,271,18
W00007126,282,254,28
W00007127,310,286,24
W00007128,319,287,32
W00007129,383,347,36
W00007130,310,280,30
W00007131,273,253,20
W00007132,296,257,39
W00007133,292,261,31
W00007134,264,238,26
W00007135,286,261,25
W00007136,254,227,27
W00007137,278,242,36
W00007138,324,289,35
W00007139,322,304,18
W00007140,401,376,25
W00007141,289,260,29
W00007142,247,214,33
W00007143,312,271,41
W00007144,266,230,36
W00007145,333,304,29
W00007147,448,391,57
W00007148,303,277,26
W00007149,282,259,23
W00007150,333,297,36
W00007151,385,340,45
W00007152,446,400,46
W00007153,255,220,35
W00007154,245,226,19
W00007155,292,277,15
W00007156,229,212,17
W00007157,443,383,60
W00007158,315,277,38
W00007159,339,298,41
W00007160,268,241,27
W00007161,321,283,38
W00007162,230,218,12
W00007163,250,230,20
W00007164,321,262,59
W00007165,312,283,29
W00007166,294,261,33
W00007167,212,193,19
W00007168,392,353,39
W00007169,275,248,27
W00007171,233,214,19
W00007172,328,299,29
W00007173,220,200,20
W00007174,315,280,35
W00007175,245,210,35
W00007176,251,211,40
W00007177,288,258,30
W00007178,254,225,29
W00007179,281,258,23
W00007181,282,245,37
W00007182,226,200,26
W00007183,248,217,31
W00007184,257,230,27
W00007185,264,236,28
W00007186,253,209,44
W00007187,536,428,108
W00007188,275,254,21
W00007190,320,267,53
W00007191,288,262,26
W00007192,466,378,88
W00007193,290,240,50
W00007194,246,209,37
W00007195,366,311,55
W00007196,255,215,40
W00007197,321,299,22
W00007198,222,186,36
W00007199,303,242,61
W00007200,236,216,20
W00007201,205,187,18
W00007202,254,222,32
W00007203,251,225,26
W00007204,251,238,13
W00007205,237,218,19
W00007206,284,249,35
W00007207,284,255,29
W00007208,321,304,17
W00007209,245,226,19
W00007210,278,259,19
W00007211,327,305,22
W00007212,168,146,22
W00007213,347,288,59
W00007214,419,379,40
W00007215,266,225,41
W00007216,369,313,56
W00007217,209,185,24
W00007218,228,201,27
W00007219,258,232,26
W00007220,219,184,35
W00007221,227,208,19
W00007222,225,213,12
W00007223,263,239,24
W00007224,303,259,44
W00007225,280,241,39
W00007226,238,217,21
W00007227,198,187,11
W00007228,311,272,39
W00007229,254,231,23
W00007230,263,245,18
W00007231,559,513,46
W00007232,302,278,24
W00007233,297,285,12
W00007234,274,253,21
W00007235,299,287,12
W00007236,281,254,27
W00007237,308,287,21
W00007238,280,271,9
W00007239,251,224,27
W00007240,330,301,29
W00007241,294,262,32
W00007242,339,303,36
W00007243,278,246,32
W00007244,348,315,33
W00007245,234,216,18
W00007246,251,231,20
W00007247,332,314,18
W00007248,304,284,20
W00007249,322,305,17
W00007250,299,286,13
W00007251,284,251,33
W00007252,333,315,18
W00007253,181,170,11
W00007254,281,263,18
W00007256,257,233,24
W00007257,139,137,2
W00007258,272,258,14
W00007259,346,321,25
W00007261,259,243,16
W00007262,271,263,8
W00007263,230,211,19
W00007264,304,287,17
W00007265,253,237,16
W00007266,358,319,39
W00007267,253,217,36
W00007268,319,283,36
W00007269,345,298,47
W00007270,400,357,43
W00007271,311,269,42
W00007272,369,317,52
W00007273,282,244,38
W00007274,285,258,27
W00007275,340,294,46
W00007276,274,248,26
W00007277,438,389,49
W00007278,276,255,21
W00007279,370,334,36
W00007280,436,401,35
W00007281,448,404,44
W00007282,313,271,42
W00007284,314,281,33
W00007285,270,254,16
W00007286,364,332,32
W00007287,284,266,18
W00007288,367,335,32
W00007289,305,280,25
W00007290,596,540,56
W00007291,378,345,33
W00007292,249,226,23
W00007293,464,401,63
W00007294,253,233,20
W00007295,392,354,38
W00007296,272,220,52
W00007297,339,318,21
W00007298,282,238,44
W00007299,299,235,64
W00007300,388,349,39
W00007301,275,240,35
W00007302,235,218,17
W00007303,298,242,56
W00007304,246,218,28
W00007305,242,214,28
W00007306,277,236,41
W00007307,476,423,53
W00007308,278,231,47
W00007309,340,298,42
W00007310,254,232,22
W00007311,208,192,16
W00007312,186,179,7
W00007313,258,233,25
W00007314,278,249,29
W00007315,266,214,52
W00007316,269,242,27
W00007318,276,243,33
W00007319,245,211,34
W00007320,368,320,48
W00007322,486,389,97
W00007323,230,198,32
W00007324,271,245,26
W00007325,263,238,25
W00007326,305,273,32
W00007327,318,291,27
W00007328,331,293,38
W00007329,306,288,18
W00007330,298,273,25
W00007331,270,246,24
W00007332,271,252,19
W00007333,247,230,17
W00007334,296,247,49
W00007335,423,368,55
W00007336,500,458,42
W00007337,322,299,23
W00007338,302,276,26
W00007339,257,237,20
W00007340,304,269,35
W00007341,255,237,18
W00007342,343,311,32
W00007343,274,250,24
W00007344,315,288,27
W00007345,273,263,10
W00007346,273,252,21
W00007347,412,378,34
W00007348,302,273,29
W00007349,261,229,32
W00007350,249,237,12
W00007351,335,300,35
W00007352,283,259,24
W00007353,179,167,12
W00007354,270,257,13
W00007355,254,229,25
W00007356,315,275,40
W00007357,274,248,26
W00007358,271,257,14
W00007359,374,343,31
W00007360,287,265,22
W00007361,204,191,13
W00007362,334,309,25
W00007363,277,249,28
W00007364,302,274,28
W00007365,278,248,30
W00007366,314,297,17
W00007367,265,248,17
W00007368,292,268,24
W00007369,273,255,18
W00007370,435,407,28
W00007371,322,299,23
W00007372,289,271,18
W00007373,242,230,12
W00007374,229,216,13
W00007375,316,293,23
W00007376,242,224,18
W00007377,212,204,8
W00007378,252,232,20
W00007379,304,280,24
W00007380,267,255,12
W00007381,292,269,23
W00007382,305,285,20
W00007383,254,240,14
W00007384,266,250,16
W00007385,271,251,20
W00007386,224,206,18
W00007387,311,287,24
W00007388,237,221,16
W00007389,238,222,16
W00007390,295,277,18
W00007391,285,259,26
W00007392,283,266,17
W00007393,361,327,34
W00007394,281,267,14
W00007395,320,288,32
W00007396,282,258,24
W00007397,173,165,8
W00007398,258,233,25
W00007399,301,277,24
W00007400,316,265,51
W00007401,381,323,58
W00007402,348,280,68
W00007403,261,225,36
W00007404,294,257,37
W00007405,288,258,30
W00007406,283,252,31
W00007407,246,223,23
W00007408,313,278,35
W00007409,393,356,37
W00007410,272,231,41
W00007411,254,230,24
W00007412,282,257,25
W00007413,391,348,43
W00007414,269,247,22
W00007415,298,272,26
W00007416,240,220,20
W00007417,327,294,33
W00007418,290,255,35
W00007419,276,250,26
W00007420,397,340,57
W00007421,256,224,32
W00007422,291,265,26
W00007423,265,230,35
W00007424,277,243,34
W00007425,451,397,54
W00007426,376,321,55
W00007427,353,303,50
W00007428,319,274,45
W00007429,408,363,45
W00007430,268,239,29
W00007431,243,207,36
W00007432,213,199,14
W00007433,276,250,26
W00007434,267,247,20
W00007435,263,251,12
W00007436,274,242,32
W00007437,234,215,19
W00007438,254,233,21
W00007439,237,222,15
W00007440,206,184,22
W00007441,209,178,31
W00007442,243,216,27
W00007443,195,171,24
W00007444,243,225,18
W00007445,280,241,39
W00007446,312,249,63
W00007447,264,216,48
W00007448,377,318,59
W00007450,348,306,42
W00007451,270,229,41
W00007452,273,233,40
W00007453,353,270,83
W00007454,403,323,80
W00007455,320,274,46
W00007456,275,230,45
W00007457,356,310,46
W00007458,279,237,42
W00007459,291,252,39
W00007460,337,303,34
W00007461,255,222,33
W00007462,306,245,61
W00007463,309,275,34
W00007464,329,300,29
W00007465,342,295,47
W00007466,301,273,28
W00007467,157,147,10
W00007468,306,290,16
W00007469,259,241,18
W00007470,265,239,26
W00007471,275,235,40
W00007472,295,255,40
W00007473,294,239,55
W00007474,367,341,26
W00007475,256,239,17
W00007476,290,257,33
W00007477,279,263,16
W00007478,437,403,34
W00007479,366,332,34
W00007480,254,235,19
W00007481,434,387,47
W00007482,246,221,25
W00007483,391,360,31
W00007484,275,255,20
W00007485,263,233,30
W00007486,306,290,16
W00007487,302,276,26
W00007488,503,415,88
W00007489,241,201,40
W00007490,249,202,47
W00007491,319,275,44
W00007492,168,160,8
W00007493,276,242,34
W00007494,253,223,30
W00007495,252,206,46
W00007496,334,278,56
W00007498,308,262,46
W00007499,342,304,38
W00007500,231,201,30
W00007501,262,219,43
W00007502,283,263,20
W00007503,230,214,16
W00007504,271,263,8
W00007505,228,217,11
W00007506,321,309,12
W00007507,282,267,15
W00007508,261,243,18
W00007509,297,268,29
W00007510,310,292,18
W00007511,244,230,14
W00007512,292,277,15
W00007513,259,249,10
W00007514,289,273,16
W00007515,204,195,9
W00007516,277,264,13
W00007517,227,219,8
W00007518,305,293,12
W00007519,469,447,22
W00007520,201,188,13
W00007521,394,366,28
W00007522,272,256,16
W00007523,272,247,25
W00007524,285,267,18
W00007525,305,280,25
W00007526,268,251,17
W00007527,306,270,36
W00007528,276,265,11
W00007529,275,256,19
W00007530,274,260,14
W00007531,236,226,10
W00007532,274,250,24
W00007533,264,253,11
W00007534,297,287,10
W00007535,280,256,24
W00007536,277,257,20
W00007537,240,223,17
W00007538,254,233,21
W00007539,235,220,15
W00007540,246,235,11
W00007541,275,251,24
W00007542,245,233,12
W00007543,257,240,17
W00007544,220,209,11
W00007545,137,132,5
W00007546,223,214,9
W00007547,577,530,47
W00007548,252,239,13
W00007549,232,219,13
W00007550,328,304,24
W00007551,296,270,26
W00007552,264,228,36
W00007553,253,233,20
W00007554,259,241,18
W00007555,340,317,23
W00007556,380,353,27
W00007557,204,192,12
W00007558,288,268,20
W00007559,260,242,18
W00007560,213,187,26
W00007561,265,248,17
W00007562,236,224,12
W00007563,253,238,15
W00007564,301,271,30
W00007565,229,212,17
W00007566,191,177,14
W00007567,266,246,20
W00007568,290,262,28
W00007569,120,119,1
W00007570,285,269,16
W00007571,296,275,21
W00007572,237,224,13
W00007573,220,207,13
W00007574,306,282,24
W00007575,240,227,13
W00007576,315,303,12
W00007577,291,275,16
W00007578,229,217,12
W00007579,253,234,19
W00007580,242,233,9
W00007581,293,272,21
W00007582,254,229,25
W00007583,254,242,12
W00007584,290,270,20
W00007585,306,280,26
W00007586,219,200,19
W00007587,279,260,19
W00007588,318,303,15
W00007589,294,280,14
W00007590,289,267,22
W00007591,245,234,11
W00007592,260,246,14
W00007593,279,262,17
W00007594,301,284,17
W00007595,306,290,16
W00007596,316,295,21
W00007597,214,208,6
W00007598,365,336,29
W00007599,218,213,5
W00007600,272,254,18
W00007601,274,258,16
W00007602,218,210,8
W00007603,251,236,15
W00007604,242,233,9
W00007605,245,232,13
W00007606,229,225,4
W00007607,523,488,35
W00007609,248,232,16
W00007610,235,225,10
W00007611,268,252,16
W00007612,258,248,10
W00007613,463,436,27
W00007614,337,315,22
W00007615,282,271,11
W00007616,208,196,12
W00007618,278,269,9
W00007619,286,275,11
W00007620,194,192,2
W00007621,313,306,7
W00007622,322,307,15
W00007623,474,431,43
W00007624,156,147,9
W00007625,301,289,12
W00007626,293,272,21
W00007627,187,182,5
W00007628,245,223,22
W00007629,339,323,16
W00007630,258,247,11
W00007631,309,277,32
W00007632,250,235,15
W00007633,232,224,8
W00007634,463,426,37
W00007635,233,223,10
W00007636,314,282,32
W00007637,196,186,10
W00007638,232,210,22
W00007640,343,315,28
W00007641,279,265,14
W00007642,341,308,33
W00007643,223,219,4
W00007644,241,225,16
W00007645,228,212,16
W00007646,237,230,7
W00007647,311,286,25
W00007648,208,198,10
W00007649,257,252,5
W00007650,227,212,15
W00007651,228,212,16
W00007652,251,240,11
W00007653,331,305,26
W00007654,300,293,7
W00007655,289,274,15
W00007656,245,234,11
W00007657,233,213,20
W00007658,280,264,16
W00007659,214,197,17
W00007660,237,229,8
W00007661,264,253,11
W00007662,255,244,11
W00007663,256,234,22
W00007664,215,206,9
W00007665,301,286,15
W00007666,324,303,21
W00007667,326,308,18
W00007668,394,361,33
W00007669,258,236,22
W00007670,290,276,14
W00007672,184,173,11
W00007673,289,268,21
W00007674,257,239,18
W00007675,253,234,19
W00007676,250,238,12
W00007677,242,220,22
W00007678,283,262,21
W00007679,278,262,16
W00007680,250,242,8
W00007681,291,270,21
W00007682,365,355,10
W00007683,287,271,16
W00007684,268,256,12
W00007685,230,213,17
W00007686,280,264,16
W00007687,232,222,10
W00007688,247,240,7
W00007689,204,199,5
W00007690,369,334,35
W00007691,102,96,6
W00007692,260,248,12
W00007693,373,340,33
W00007694,244,232,12
W00007695,227,212,15
W00007696,189,187,2
W00007697,290,279,11
W00007698,248,233,15
W00007699,175,167,8
W00007700,259,248,11
W00007701,244,222,22
W00007702,232,214,18
W00007703,270,255,15
W00007704,197,183,14
W00007705,264,253,11
W00007706,248,215,33
W00007707,227,213,14
W00007708,248,227,21
W00007709,379,348,31
W00007710,245,235,10
W00007711,205,193,12
W00007712,191,178,13
W00007713,266,245,21
W00007714,239,233,6
W00007715,240,221,19
W00007716,278,262,16
W00007717,268,239,29
W00007718,258,247,11
W00007719,264,246,18
W00007720,290,271,19
W00007721,124,118,6
W00007722,261,241,20
W00007723,259,240,19
W00007724,163,163,0
W00007725,269,257,12
W00007726,339,318,21
W00007727,301,277,24
W00007728,261,232,29
W00007729,213,202,11
W00007730,270,256,14
W00007731,251,232,19
W00007732,166,154,12
W00007733,275,265,10
W00007734,106,99,7
W00007735,242,230,12
W00007736,308,276,32
W00007737,270,253,17
W00007738,369,334,35
W00007739,262,251,11
W00007740,206,205,1
W00007741,285,249,36
W00007742,333,299,34
W00007743,320,281,39
W00007744,336,302,34
W00007745,268,243,25
W00007746,294,270,24
W00007747,319,279,40
W00007748,279,259,20
W00007749,302,273,29
W00007750,243,228,15
W00007751,384,341,43
W00007752,278,263,15
W00007753,264,237,27
W00007754,236,224,12
W00007755,330,287,43
W00007756,235,211,24
W00007757,326,283,43
W00007758,323,284,39
W00007759,309,273,36
W00007760,354,315,39
W00007761,418,384,34
W00007762,336,295,41
W00007763,321,287,34
W00007764,232,219,13
W00007765,181,171,10
W00007766,504,446,58
W00007767,325,280,45
W00007768,299,264,35
W00007769,236,222,14
W00007770,359,320,39
W00007771,267,236,31
W00007772,257,236,21
W00007773,237,217,20
W00007774,273,252,21
W00007775,242,219,23
W00007776,111,96,15
W00007777,245,225,20
W00007778,385,364,21
W00007779,271,238,33
W00007780,237,226,11
W00007781,332,306,26
W00007782,304,279,25
W00007783,250,230,20
W00007784,272,244,28
W00007785,216,206,10
W00007786,214,205,9
W00007787,245,231,14
W00007788,230,208,22
W00007789,252,237,15
W00007790,230,218,12
W00007791,248,226,22
W00007792,415,376,39
W00007793,459,428,31
W00007794,282,265,17
W00007795,302,280,22
W00007796,262,231,31
W00007797,313,298,15
W00007798,326,281,45
W00007799,380,348,32
W00007800,288,252,36
W00007801,235,216,19
W00007802,258,241,17
W00007803,314,297,17
W00007804,245,230,15
W00007805,263,244,19
W00007806,262,246,16
W00007807,308,275,33
W00007808,246,232,14
W00007809,238,221,17
W00007810,221,208,13
W00007811,308,285,23
W00007812,277,254,23
W00007813,248,221,27
W00007814,344,311,33
W00007815,278,255,23
W00007816,292,266,26
W00007817,304,273,31
W00007818,372,356,16
W00007819,118,108,10
W00007820,341,312,29
W00007821,269,251,18
W00007822,242,221,21
W00007823,345,329,16
W00007824,345,312,33
W00007825,302,277,25
W00007826,291,258,33
W00007827,226,215,11
W00007828,307,275,32
W00007829,295,277,18
W00007830,278,259,19
W00007831,281,258,23
W00007832,268,248,20
W00007833,273,239,34
W00007834,290,260,30
W00007835,270,247,23
W00007836,340,307,33
W00007837,259,234,25
W00007838,276,256,20
W00007839,337,317,20
W00007840,292,276,16
W00007841,322,296,26
W00007842,246,225,21
W00007843,316,284,32
W00007844,321,288,33
W00007845,281,271,10
W00007846,319,301,18
W00007847,313,290,23
W00007848,323,298,25
W00007849,290,261,29
W00007850,287,264,23
W00007851,286,265,21
W00007852,142,139,3
W00007853,431,401,30
W00007854,193,182,11
W00007855,218,207,11
W00007856,215,197,18
W00007857,374,339,35
W00007859,261,233,28
W00007860,291,274,17
W00007861,356,335,21
W00007863,311,293,18
W00007864,321,308,13
W00007865,278,258,20
W00007866,345,311,34
W00007868,279,264,15
W00007869,273,257,16
W00007870,310,283,27
W00007871,235,220,15
W00007872,275,260,15
W00007873,271,248,23
W00007874,250,235,15
W00007875,232,222,10
W00007876,310,290,20
W00007877,312,282,30
W00007878,306,284,22
W00007879,391,353,38
W00007880,123,116,7
W00007881,287,260,27
W00007882,269,245,24
W00007883,300,272,28
W00007884,357,329,28
W00007885,245,236,9
W00007886,230,220,10
W00007887,281,253,28
W00007888,185,180,5
W00007889,270,247,23
W00007890,255,240,15
W00007891,262,240,22
W00007892,237,226,11
W00007893,249,238,11
W00007894,278,262,16
W00007895,465,439,26
W00007896,203,191,12
W00007897,243,222,21
W00007898,292,264,28
W00007899,275,264,11
W00007900,294,278,16
W00007901,242,234,8
W00007902,259,249,10
W00007903,323,291,32
W00007904,291,279,12
W00007905,300,263,37
W00007906,283,260,23
W00007907,292,266,26
W00007908,260,246,14
W00007909,290,256,34
W00007910,277,256,21
W00007911,227,215,12
W00007912,319,297,22
W00007913,313,296,17
W00007914,272,257,15
W00007915,262,233,29
W00007916,275,250,25
W00007918,281,252,29
W00007919,247,221,26
W00007920,251,224,27
W00007921,237,224,13
W00007922,335,313,22
W00007923,248,222,26
W00007924,243,228,15
W00007925,256,232,24
W00007926,281,260,21
W00007927,282,252,30
W00007928,289,278,11
W00007929,186,166,20
W00007930,304,282,22
W00007931,208,191,17
W00007932,248,241,7
W00007933,290,266,24
W00007934,278,254,24
W00007935,403,364,39
W00007936,265,245,20
W00007937,256,227,29
W00007938,299,277,22
W00007939,252,231,21
W00007940,195,182,13
W00007941,303,286,17
W00007942,253,227,26
W00007943,254,229,25
W00007944,295,259,36
W00007945,267,243,24
W00007946,257,242,15
W00007948,312,285,27
W00007949,270,252,18
W00007950,267,248,19
W00007951,304,282,22
W00007952,260,236,24
W00007953,275,246,29
W00007954,323,292,31
W00007955,264,251,13
W00007956,299,274,25
W00007957,316,287,29
W00007958,304,277,27
W00007959,306,286,20
W00007960,316,299,17
W00007961,375,342,33
W00007962,326,303,23
W00007963,525,476,49
W00007964,250,239,11
W00007965,294,273,21
W00007966,270,248,22
W00007967,308,284,24
W00007969,296,261,35
W00007970,255,232,23
W00007971,206,191,15
W00007972,271,239,32
W00007973,281,254,27
W00007974,194,181,13
W00007975,276,245,31
W00007976,206,195,11
W00007977,279,258,21
W00007978,184,173,11
W00007979,345,319,26
W00007980,244,223,21
W00007981,258,237,21
W00007982,248,233,15
W00007983,267,246,21
W00007984,250,236,14
W00007985,328,298,30
W00007986,254,243,11
W00007987,288,272,16
W00007988,269,244,25
W00007989,279,248,31
W00007990,289,260,29
W00007991,292,266,26
W00007992,282,276,6
W00007993,261,241,20
W00007994,231,214,17
W00007995,305,286,19
W00007996,317,282,35
W00007997,264,245,19
W00007998,229,214,15
W00007999,256,244,12
W00008000,265,239,26
W00008001,349,305,44
W00008002,363,339,24
W00008003,243,228,15
W00008004,234,223,11
W00008005,281,261,20
W00008006,281,260,21
W00008007,325,287,38
W00008008,265,249,16
W00008009,245,232,13
W00008011,315,285,30
W00008012,424,385,39
W00008013,322,288,34
W00008014,112,110,2
W00008015,138,134,4
W00008016,128,116,12
W00008017,279,267,12
W00008018,267,243,24
W00008019,269,244,25
W00008020,306,282,24
W00008021,313,282,31
W00008022,286,261,25
W00008023,290,272,18
W00008024,248,229,19
W00008025,287,270,17
W00008026,311,284,27
W00008027,173,163,10
W00008028,294,258,36
W00008029,347,325,22
W00008030,203,186,17
W00008031,254,235,19
W00008032,331,310,21
W00008033,246,233,13
W00008034,244,222,22
W00008035,234,213,21
W00008036,423,372,51
W00008037,302,279,23
W00008038,245,221,24
W00008039,161,147,14
W00008040,359,331,28
W00008041,248,231,17
W00008042,284,258,26
W00008043,335,302,33
W00008044,292,272,20
W00008045,315,286,29
W00008046,294,270,24
W00008047,403,370,33
W00008049,365,336,29
W00008050,191,181,10
W00008051,287,256,31
W00008052,288,251,37
W00008053,267,249,18
W00008055,284,255,29
W00008056,208,183,25
W00008057,357,316,41
W00008058,245,229,16
W00008059,401,363,38
W00008060,272,244,28
W00008061,256,241,15
W00008062,290,255,35
W00008063,270,233,37
W00008064,273,244,29
W00008065,341,311,30
W00008066,299,273,26
W00008067,308,281,27
W00008068,101,95,6
W00008069,245,223,22
W00008070,317,287,30
W00008071,232,205,27
W00008072,292,274,18
W00008073,242,219,23
W00008074,250,235,15
W00008075,297,269,28
W00008076,323,291,32
W00008077,293,267,26
W00008078,282,252,30
W00008079,384,343,41
W00008080,472,432,40
W00008081,307,273,34
W00008082,315,287,28
W00008083,344,312,32
W00008084,404,379,25
W00008085,251,230,21
W00008086,296,271,25
W00008087,285,266,19
W00008088,299,276,23
W00008089,273,254,19
W00008090,325,294,31
W00008091,315,301,14
W00008092,329,305,24
W00008093,206,197,9
W00008094,311,278,33
W00008096,477,443,34
W00008097,240,227,13
W00008099,290,263,27
W00008100,310,281,29
W00008101,245,229,16
W00008102,313,293,20
W00008103,273,254,19
W00008104,257,237,20
W00008105,330,301,29
W00008106,300,279,21
W00008107,243,219,24
W00008108,297,265,32
W00008109,263,232,31
W00008110,285,255,30
W00008111,271,243,28
W00008112,461,414,47
W00008113,289,269,20
W00008114,268,245,23
W00008115,294,272,22
W00008116,250,223,27
W00008117,229,208,21
W00008118,259,219,40
W00008119,286,276,10
W00008120,233,211,22
W00008121,259,233,26
W00008122,253,221,32
W00008123,270,254,16
W00008124,273,254,19
W00008125,236,210,26
W00008126,253,236,17
W00008127,237,202,35
W00008128,275,243,32
W00008129,303,282,21
W00008130,307,284,23
W00008131,268,249,19
W00008132,367,337,30
W00008133,493,451,42
W00008134,519,488,31
W00008135,336,308,28
W00008136,228,213,15
W00008137,345,310,35
W00008138,316,288,28
W00008139,313,293,20
W00008140,261,236,25
W00008141,325,299,26
W00008142,432,380,52
W00008143,273,248,25
W00008144,314,288,26
W00008145,316,280,36
W00008146,204,188,16
W00008147,312,279,33
W00008148,357,311,46
W00008149,220,202,18
W00008150,467,423,44
W00008151,246,213,33
W00008152,244,220,24
W00008153,142,123,19
W00008154,253,233,20
W00008157,444,419,25
W00008159,491,440,51
W00008160,424,399,25
W00008161,292,268,24
W00008162,281,250,31
W00008163,255,234,21
W00008164,327,309,18
W00008165,368,336,32
W00008166,323,296,27
W00008167,311,282,29
W00008168,326,299,27
W00008169,347,320,27
W00008170,339,308,31
W00008171,360,323,37
W00008172,370,324,46
W00008173,313,283,30
W00008174,258,231,27
W00008175,260,242,18
W00008176,220,185,35
W00008177,263,240,23
W00008178,487,435,52
W00008179,248,220,28
W00008180,494,461,33
W00008181,282,250,32
W00008182,441,397,44
W00008183,335,302,33
W00008184,237,209,28
W00008185,275,245,30
W00008186,293,256,37
W00008187,309,283,26
W00008188,206,191,15
W00008189,226,208,18
W00008190,458,412,46
W00008191,297,267,30
W00008192,305,274,31
W00008193,256,231,25
W00008194,304,263,41
W00008195,209,197,12
W00008196,339,306,33
W00008197,275,259,16
W00008198,220,201,19
W00008199,268,245,23
W00008200,288,263,25
W00008201,333,298,35
W00008202,315,285,30
W00008203,284,263,21
W00008204,266,246,20
W00008205,166,156,10
W00008206,339,311,28
W00008207,297,278,19
W00008208,265,247,18
W00008209,202,191,11
W00008210,216,204,12
W00008211,199,185,14
W00008212,347,321,26
W00008213,304,280,24
W00008214,419,376,43
W00008215,298,278,20
W00008216,361,328,33
W00008217,217,201,16
W00008219,230,212,18
W00008220,199,179,20
W00008222,479,434,45
W00008223,324,301,23
W00008224,296,271,25
W00008225,239,221,18
W00008226,294,271,23
W00008227,212,201,11
W00008228,268,246,22
W00008229,322,288,34
W00008230,250,233,17
W00008231,301,273,28
W00008232,367,335,32
W00008233,284,249,35
W00008234,379,337,42
W00008235,322,291,31
W00008236,361,330,31
W00008237,341,309,32
W00008238,328,299,29
W00008239,401,348,53
W00008240,298,272,26
W00008241,308,288,20
W00008242,385,348,37
W00008243,332,314,18
W00008244,212,182,30
W00008245,253,220,33
W00008246,298,271,27
W00008247,273,258,15
W00008248,256,235,21
W00008249,308,282,26
W00008250,254,240,14
W00008251,330,302,28
W00008252,322,294,28
W00008253,298,279,19
W00008254,300,277,23
W00008255,342,313,29
W00008256,265,244,21
W00008257,342,311,31
W00008258,294,268,26
W00008260,249,234,15
W00008261,349,319,30
W00008262,235,215,20
W00008263,287,271,16
W00008264,258,231,27
W00008265,254,243,11
W00008266,184,180,4
W00008267,271,253,18
W00008268,269,242,27
W00008269,269,256,13
W00008270,293,257,36
W00008271,226,219,7
W00008272,288,264,24
W00008273,236,218,18
W00008274,281,264,17
W00008275,263,244,19
W00008276,275,257,18
W00008277,293,266,27
W00008278,396,366,30
W00008279,321,283,38
W00008280,247,227,20
W00008281,372,344,28
W00008282,278,259,19
W00008283,464,445,19
W00008284,401,360,41
W00008285,482,420,62
W00008286,312,281,31
W00008287,339,308,31
W00008288,290,266,24
W00008289,340,319,21
W00008290,252,241,11
W00008291,263,244,19
W00008292,281,268,13
W00008293,261,238,23
W00008294,271,257,14
W00008295,235,219,16
W00008296,271,251,20
W00008297,254,234,20
W00008298,437,394,43
W00008299,371,335,36
W00008300,232,217,15
W00008301,356,337,19
W00008302,225,200,25
W00008303,382,354,28
W00008304,374,350,24
W00008305,300,279,21
W00008306,395,359,36
W00008307,249,237,12
W00008308,312,290,22
W00008309,285,267,18
W00008311,557,507,50
W00008313,217,205,12
W00008314,160,150,10
W00008315,303,290,13
W00008316,385,340,45
W00008317,265,249,16
W00008318,337,306,31
W00008319,315,297,18
W00008320,339,312,27
W00008321,254,239,15
W00008322,282,258,24
W00008323,287,270,17
W00008324,236,223,13
W00008325,168,158,10
W00008326,250,224,26
W00008327,269,244,25
W00008328,263,247,16
W00008329,366,329,37
W00008330,259,242,17
W00008331,224,206,18
W00008332,280,264,16
W00008333,273,238,35
W00008334,184,172,12
W00008335,295,274,21
W00008336,391,343,48
W00008337,303,268,35
W00008338,299,263,36
W00008339,277,262,15
W00008340,400,359,41
W00008341,276,251,25
W00008342,271,263,8
W00008343,309,280,29
W00008344,303,267,36
W00008345,293,270,23
W00008346,485,427,58
W00008347,264,236,28
W00008348,380,349,31
W00008349,456,433,23
W00008350,364,311,53
W00008351,303,278,25
W00008352,429,384,45
W00008353,263,237,26
W00008354,338,290,48
W00008355,359,333,26
W00008356,304,277,27
W00008357,322,307,15
W00008358,294,263,31
W00008359,248,231,17
W00008360,256,237,19
W00008361,334,299,35
W00008362,303,273,30
W00008363,450,413,37
W00008364,388,349,39
W00008365,381,357,24
W00008366,264,240,24
W00008367,300,283,17
W00008368,328,303,25
W00008369,238,232,6
W00008370,325,303,22
W00008371,351,317,34
W00008372,364,344,20
W00008373,316,299,17
W00008374,351,319,32
W00008375,274,262,12
W00008376,305,290,15
W00008377,235,223,12
W00008378,379,346,33
W00008379,322,294,28
W00008380,316,278,38
W00008381,316,288,28
W00008382,295,266,29
W00008383,273,240,33
W00008384,295,268,27
W00008385,247,227,20
W00008386,282,263,19
W00008387,275,253,22
W00008388,312,296,16
W00008389,234,215,19
W00008390,262,256,6
W00008391,272,255,17
W00008392,233,215,18
W00008393,304,279,25
W00008394,341,310,31
W00008395,285,259,26
W00008396,288,263,25
W00008397,310,287,23
W00008398,292,267,25
W00008399,306,282,24
W00008400,270,260,10
W00008401,309,275,34
W00008402,305,283,22
W00008403,318,306,12
W00008404,245,211,34
W00008405,292,272,20
W00008406,258,240,18
W00008407,336,319,17
W00008408,221,209,12
W00008409,329,308,21
W00008411,258,232,26
W00008412,267,258,9
W00008413,189,182,7
W00008414,307,286,21
W00008415,242,223,19
W00008416,238,226,12
W00008417,236,220,16
W00008418,248,229,19
W00008419,208,199,9
W00008420,303,295,8
W00008421,217,202,15
W00008422,282,253,29
W00008423,227,213,14
W00008424,358,333,25
W00008425,294,274,20
W00008426,273,253,20
W00008427,253,239,14
W00008428,291,273,18
W00008429,267,252,15
W00008430,293,267,26
W00008431,295,282,13
W00008432,277,261,16
W00008433,501,450,51
W00008434,297,278,19
W00008435,249,231,18
W00008436,294,260,34
W00008437,307,284,23
W00008438,231,218,13
W00008439,458,435,23
W00008440,251,230,21
W00008441,258,243,15
W00008442,276,256,20
W00008443,361,337,24
W00008444,537,493,44
W00008445,208,197,11
W00008446,274,249,25
W00008447,295,276,19
W00008448,290,284,6
W00008449,248,220,28
W00008450,138,133,5
W00008451,305,271,34
W00008452,303,272,31
W00008453,295,275,20
W00008454,270,241,29
W00008455,273,246,27
W00008456,352,312,40
W00008457,278,251,27
W00008458,240,222,18
W00008459,297,268,29
W00008460,199,185,14
W00008461,269,242,27
W00008462,291,285,6
W00008463,360,345,15
W00008464,308,292,16
W00008465,255,242,13
W00008466,355,323,32
W00008467,343,330,13
W00008468,187,181,6
W00008469,290,271,19
W00008470,429,410,19
W00008471,310,286,24
W00008472,267,247,20
W00008473,252,238,14
W00008474,297,273,24
W00008475,265,251,14
W00008476,414,371,43
W00008477,270,249,21
W00008478,294,266,28
W00008479,262,252,10
W00008480,222,215,7
W00008481,311,292,19
W00008482,351,323,28
W00008483,248,240,8
W00008484,244,234,10
W00008485,283,262,21
W00008486,231,223,8
W00008487,253,238,15
W00008488,341,322,19
W00008489,272,250,22
W00008490,260,242,18
W00008491,310,288,22
W00008492,163,162,1
W00008493,372,335,37
W00008494,158,147,11
W00008495,313,281,32
W00008496,254,237,17
W00008497,312,282,30
W00008499,307,281,26
W00008500,298,268,30
W00008501,295,262,33
W00008503,283,256,27
W00008504,243,224,19
W00008505,339,304,35
W00008506,520,483,37
W00008507,257,241,16
W00008508,198,182,16
W00008509,421,380,41
W00008510,319,294,25
W00008511,347,313,34
W00008512,373,348,25
W00008513,142,128,14
W00008515,491,445,46
W00008516,264,247,17
W00008517,499,459,40
W00008518,404,370,34
W00008519,213,197,16
W00008520,376,356,20
W00008521,273,255,18
W00008522,197,182,15
W00008523,240,219,21
W00008524,313,286,27
W00008526,283,264,19
W00008527,280,263,17
W00008529,288,271,17
W00008530,203,193,10
W00008531,272,255,17
W00008532,247,234,13
W00008534,292,267,25
W00008535,267,250,17
W00008536,327,311,16
W00008537,388,358,30
W00008538,258,247,11
W00008539,283,265,18
W00008540,340,320,20
W00008542,286,271,15
W00008543,264,242,22
W00008544,409,387,22
W00008545,293,274,19
W00008546,249,239,10
W00008547,317,295,22
W00008548,284,266,18
W00008549,294,279,15
W00008550,349,321,28
W00008551,282,269,13
W00008552,509,425,84
W00008553,332,322,10
W00008554,220,205,15
W00008555,340,324,16
W00008556,581,536,45
W00008557,337,319,18
W00008558,267,237,30
W00008559,189,175,14
W00008560,272,252,20
W00008561,304,289,15
W00008562,274,263,11
W00008563,310,282,28
W00008564,170,165,5
W00008565,291,277,14
W00008566,434,412,22
W00008567,320,305,15
W00008569,209,197,12
W00008570,285,276,9
W00008571,298,280,18
W00008572,298,287,11
W00008573,285,275,10
W00008574,356,345,11
W00008575,294,284,10
W00008576,319,301,18
W00008577,277,252,25
W00008578,373,348,25
W00008579,301,276,25
W00008580,336,309,27
W00008581,301,281,20
W00008582,277,263,14
W00008583,284,261,23
W00008584,172,169,3
W00008585,309,280,29
W00008586,279,268,11
W00008587,249,234,15
W00008588,266,246,20
W00008589,281,268,13
W00008590,317,297,20
W00008591,153,146,7
W00008592,264,239,25
W00008593,293,275,18
W00008594,217,202,15
W00008595,299,275,24
W00008599,347,314,33
W00008600,334,305,29
W00008601,503,466,37
W00008602,380,348,32
W00008603,433,403,30
W00008604,343,318,25
W00008605,298,270,28
W00008606,342,329,13
W00008607,427,405,22
W00008608,337,312,25
W00008610,517,500,17
W00008611,349,319,30
W00008612,219,210,9
W00008613,342,324,18
W00008614,462,432,30
W00008615,531,499,32
W00008616,178,172,6
W00008618,228,214,14
W00008619,523,474,49
W00008620,374,355,19
W00008621,199,177,22
W00008622,498,451,47
W00008623,398,378,20
W00008624,336,310,26
W00008626,278,263,15
W00008627,295,286,9
W00008628,343,324,19
W00008629,375,352,23
W00008630,350,328,22
W00008631,299,282,17
W00008632,294,274,20
W00008633,320,304,16
W00008634,269,237,32
W00008635,279,258,21
W00008636,277,271,6
W00008637,275,256,19
W00008638,283,275,8
W00008639,247,227,20
W00008640,249,236,13
W00008641,265,244,21
W00008642,246,233,13
W00008643,358,327,31
W00008644,299,282,17
W00008645,242,237,5
W00008646,364,350,14
W00008647,101,98,3
W00008648,325,294,31
W00008649,354,332,22
W00008650,316,288,28
W00008651,274,254,20
W00008652,136,122,14
W00008653,295,277,18
W00008654,280,261,19
W00008656,348,324,24
W00008657,311,296,15
W00008658,304,282,22
W00008659,254,234,20
W00008660,272,239,33
W00008661,215,200,15
W00008662,360,338,22
W00008663,203,189,14
W00008665,285,264,21
W00008666,310,294,16
W00008667,305,282,23
W00008668,278,257,21
W00008669,314,291,23
W00008670,327,301,26
W00008671,193,182,11
W00008672,229,214,15
W00008673,321,294,27
W00008674,292,268,24
W00008675,195,181,14
W00008676,441,408,33
W00008678,508,473,35
W00008679,365,336,29
W00008680,300,268,32
W00008681,287,270,17
W00008682,240,222,18
W00008683,353,333,20
W00008684,270,257,13
W00008685,295,271,24
W00008686,308,274,34
W00008687,313,296,17
W00008688,311,289,22
W00008689,291,262,29
W00008690,264,248,16
W00008691,237,216,21
W00008692,401,355,46
W00008693,275,253,22
W00008694,250,234,16
W00008695,283,271,12
W00008696,310,285,25
W00008697,300,270,30
W00008698,312,282,30
W00008699,241,222,19
W00008700,285,260,25
W00008701,317,297,20
W00008702,355,327,28
W00008703,254,244,10
W00008704,287,276,11
W00008705,334,312,22
W00008706,313,282,31
W00008707,240,212,28
W00008708,273,244,29
W00008709,330,275,55
W00008710,241,227,14
W00008711,304,279,25
W00008712,216,204,12
W00008713,322,303,19
W00008714,263,251,12
W00008715,179,174,5
W00008716,382,366,16
W00008717,285,256,29
W00008718,255,241,14
W00008719,275,250,25
W00008720,277,258,19
W00008721,249,235,14
W00008722,241,223,18
W00008723,255,232,23
W00008724,279,258,21
W00008725,278,243,35
W00008726,291,269,22
W00008727,258,241,17
W00008728,288,249,39
W00008729,255,233,22
W00008730,209,199,10
W00008731,379,363,16
W00008732,412,389,23
W00008734,184,167,17
W00008735,270,259,11
W00008736,277,255,22
W00008737,311,276,35
W00008738,270,238,32
W00008739,228,216,12
W00008740,299,276,23
W00008741,367,356,11
W00008742,516,489,27
W00008743,261,244,17
W00008744,310,294,16
W00008745,236,225,11
W00008746,384,343,41
W00008750,223,203,20
W00008751,344,320,24
W00008752,138,137,1
W00008753,358,333,25
W00008755,144,144,0
W00008757,330,299,31
W00008758,268,259,9
W00008759,288,264,24
W00008760,346,317,29
W00008761,392,359,33
W00008763,372,344,28
W00008764,464,423,41
W00008765,292,273,19
W00008767,529,497,32
W00008768,383,371,12
W00008769,292,268,24
W00008770,276,244,32
W00008771,269,261,8
W00008773,304,291,13
W00008774,292,274,18
W00008775,304,294,10
W00008776,291,277,14
W00008777,330,293,37
W00008779,361,334,27
W00008780,409,374,35
W00008781,416,383,33
W00008782,367,349,18
W00008784,410,377,33
W00008785,378,341,37
W00008786,322,284,38
W00008788,398,364,34
W00008789,280,250,30
W00008790,274,249,25
W00008791,215,209,6
W00008792,263,236,27
W00008794,439,400,39
W00008795,375,336,39
W00008797,334,303,31
W00008798,418,356,62
W00008799,388,338,50
W00008800,375,341,34
W00008801,331,297,34
W00008803,359,329,30
W00008804,477,424,53
W00008807,434,378,56
W00008811,236,206,30
W00008813,246,210,36
W00008814,489,456,33
W00008816,398,379,19
W00008817,340,317,23
W00008818,521,472,49
W00008819,276,257,19
W00008820,610,528,82
W00008821,483,415,68
W00008822,329,293,36
W00008823,331,295,36
W00008824,419,391,28
W00008825,281,261,20
W00008826,362,324,38
W00008827,323,298,25
W00008828,317,292,25
W00008829,455,414,41
W00008830,311,280,31
W00008831,355,319,36
W00008832,243,215,28
W00008833,480,431,49
W00008834,281,270,11
W00008835,346,296,50
W00008836,255,230,25
W00008837,369,328,41
W00008838,248,225,23
W00008839,203,186,17
W00008840,361,327,34
W00008841,286,269,17
W00008842,412,371,41
W00008843,369,347,22
W00008844,305,272,33
W00008845,259,233,26
W00008846,231,205,26
W00008847,339,316,23
W00008848,278,253,25
W00008849,246,226,20
W00008850,402,365,37
W00008851,295,281,14
W00008852,224,201,23
W00008853,276,196,80
W00008854,317,229,88
W00008855,306,238,68
W00008856,264,201,63
W00008857,259,194,65
W00008858,253,186,67
W00008859,343,253,90
W00008860,243,174,69
W00008861,365,317,48
W00008862,236,182,54
W00008863,229,188,41
W00008864,290,237,53
W00008865,253,204,49
W00008866,240,164,76
W00008867,288,218,70
W00008868,302,226,76
W00008869,414,349,65
W00008870,309,244,65
W00008871,344,254,90
W00008872,270,229,41
W00008873,303,225,78
W00008874,353,264,89
W00008875,365,235,130
W00008877,308,227,81
W00008878,402,301,101
W00008879,284,184,100
W00008880,364,285,79
W00008881,349,284,65
W00008882,357,309,48
W00008883,280,252,28
W00008884,257,240,17
W00008886,366,223,143
W00008887,311,192,119
W00008888,226,199,27
W00008889,292,200,92
W00008890,289,185,104
W00008891,219,175,44
W00008892,312,163,149
W00008893,336,266,70
W00008894,311,216,95
W00008895,266,182,84
W00008896,234,169,65
W00008897,190,154,36
W00008899,473,418,55
W00008901,532,467,65
W00008902,544,471,73
W00008903,555,490,65
W00008906,424,387,37
W00008909,513,451,62
W00008910,622,562,60
W00008911,319,283,36
W00008912,537,479,58
W00008913,432,379,53
W00008915,435,407,28
W00008916,472,426,46
W00008918,478,418,60
W00008919,263,239,24
W00008920,474,416,58
W00008921,298,260,38
W00008922,537,473,64
W00008923,403,334,69
W00008924,490,437,53
W00008925,435,383,52
W00008926,354,293,61
W00008927,415,357,58
W00008929,378,330,48
W00008931,444,386,58
W00008932,550,479,71
W00008933,408,363,45
W00008934,289,213,76
W00008935,314,264,50
W00008936,331,234,97
W00008937,301,233,68
W00008938,291,234,57
W00008939,265,215,50
W00008940,274,191,83
W00008941,249,211,38
W00008942,245,174,71
W00008943,391,353,38
W00008945,277,237,40
W00008947,273,241,32
W00008948,338,284,54
W00008949,322,268,54
W00008950,363,321,42
W00008951,399,330,69
W00008952,316,281,35
W00008953,334,276,58
W00008954,341,288,53
W00008955,354,289,65
W00008956,302,274,28
W00008957,323,285,38
W00008958,271,231,40
W00008959,332,278,54
W00008960,361,309,52
W00008961,334,302,32
W00008962,257,215,42
W00008963,294,265,29
W00008964,323,296,27
W00008965,375,333,42
W00008966,306,253,53
W00008967,140,129,11
W00008969,274,240,34
W00008970,297,258,39
W00008971,327,280,47
W00008972,331,297,34
W00008974,272,239,33
W00008975,262,212,50
W00008976,325,294,31
W00008977,332,277,55
W00008978,213,193,20
W00008979,282,248,34
W00008980,304,262,42
W00008981,308,296,12
W00008982,249,239,10
W00008983,266,239,27
W00008984,338,299,39
W00008985,395,372,23
W00008986,332,316,16
W00008987,305,279,26
W00008988,297,275,22
W00008989,309,280,29
W00008990,277,253,24
W00008991,311,285,26
W00008992,352,328,24
W00008993,304,282,22
W00008994,257,238,19
W00008995,339,312,27
W00008996,278,244,34
W00008997,284,265,19
W00008998,303,279,24
W00008999,351,323,28
W00009000,351,309,42
W00009001,331,301,30
W00009002,382,361,21
W00009003,410,370,40
W00009004,310,296,14
W00009005,371,349,22
W00009006,288,265,23
W00009007,220,197,23
W00009008,331,295,36
W00009009,316,282,34
W00009010,320,297,23
W00009011,304,281,23
W00009012,232,202,30
W00009013,307,278,29
W00009014,345,314,31
W00009015,410,367,43
W00009016,232,213,19
W00009017,242,222,20
W00009018,285,275,10
W00009019,290,271,19
W00009020,261,238,23
W00009021,397,344,53
W00009022,235,212,23
W00009023,262,237,25
W00009024,306,282,24
W00009025,324,295,29
W00009026,261,224,37
W00009027,303,281,22
W00009028,190,184,6
W00009029,287,274,13
W00009030,301,279,22
W00009031,303,284,19
W00009032,296,274,22
W00009033,293,264,29
W00009034,295,259,36
W00009035,330,270,60
W00009036,356,323,33
W00009037,263,246,17
W00009038,223,208,15
W00009039,279,240,39
W00009040,296,267,29
W00009041,233,212,21
W00009042,281,241,40
W00009043,406,361,45
W00009044,225,207,18
W00009045,310,267,43
W00009046,233,208,25
W00009047,270,240,30
W00009048,305,264,41
W00009049,321,299,22
W00009050,299,271,28
W00009051,309,281,28
W00009052,200,189,11
W00009053,181,158,23
W00009054,322,280,42
W00009055,353,304,49
W00009056,302,272,30
W00009057,301,259,42
W00009058,210,180,30
W00009059,319,291,28
W00009060,329,287,42
W00009061,261,228,33
W00009062,248,213,35
W00009063,229,201,28
W00009064,302,274,28
W00009065,308,272,36
W00009066,314,280,34
W00009067,306,260,46
W00009068,258,222,36
W00009069,305,265,40
W00009070,335,291,44
W00009071,241,215,26
W00009072,275,252,23
W00009073,392,342,50
W00009074,363,308,55
W00009075,340,272,68
W00009077,340,279,61
W00009080,393,349,44
W00009081,297,250,47
W00009082,373,314,59
W00009084,291,248,43
W00009085,426,362,64
W00009086,329,258,71
W00009087,369,299,70
W00009088,473,408,65
W00009089,332,289,43
W00009090,370,319,51
W00009091,369,347,22
W00009092,283,250,33
W00009093,347,312,35
W00009094,232,210,22
W00009095,386,349,37
W00009096,432,371,61
W00009097,325,275,50
W00009098,371,324,47
W00009099,281,220,61
W00009100,387,344,43
W00009101,439,389,50
W00009102,261,231,30
W00009104,508,467,41
W00009105,430,374,56
W00009106,364,323,41
W00009107,347,294,53
W00009108,279,227,52
W00009109,190,175,15
W00009110,374,300,74
W00009111,323,269,54
W00009112,385,343,42
W00009113,326,267,59
W00009114,409,356,53
W00009115,305,278,27
W00009116,317,247,70
W00009117,449,410,39
W00009118,248,231,17
W00009119,352,308,44
W00009120,374,327,47
W00009121,295,287,8
W00009123,496,419,77
W00009125,343,288,55
W00009126,352,310,42
W00009127,334,286,48
W00009128,337,294,43
W00009129,444,408,36
W00009130,264,223,41
W00009131,328,274,54
W00009132,299,276,23
W00009133,297,280,17
W00009134,243,191,52
W00009135,377,350,27
W00009136,310,264,46
W00009137,227,181,46
W00009138,303,257,46
W00009139,282,256,26
W00009140,387,322,65
W00009141,458,409,49
W00009142,206,182,24
W00009143,284,229,55
W00009144,265,231,34
W00009145,288,247,41
W00009146,317,250,67
W00009147,279,242,37
W00009148,116,103,13
W00009149,362,300,62
W00009150,340,296,44
W00009151,317,283,34
W00009152,338,286,52
W00009153,297,268,29
W00009154,398,329,69
W00009155,182,160,22
W00009156,254,220,34
W00009157,478,407,71
W00009159,427,388,39
W00009160,332,278,54
W00009161,393,341,52
W00009162,267,212,55
W00009163,316,238,78
W00009164,320,260,60
W00009165,262,223,39
W00009166,301,255,46
W00009168,233,202,31
W00009169,342,280,62
W00009170,300,245,55
W00009171,508,462,46
W00009172,300,258,42
W00009173,245,209,36
W00009174,330,275,55
W00009175,326,268,58
W00009176,353,307,46
W00009177,318,276,42
W00009178,243,204,39
W00009179,319,280,39
W00009180,335,285,50
W00009181,516,457,59
W00009182,305,264,41
W00009183,411,348,63
W00009184,299,258,41
W00009186,269,184,85
W00009187,263,212,51
W00009188,314,263,51
W00009189,280,256,24
W00009190,303,271,32
W00009191,454,396,58
W00009192,223,189,34
W00009193,207,165,42
W00009194,351,298,53
W00009195,331,289,42
W00009196,274,220,54
W00009197,290,223,67
W00009198,420,270,150
W00009199,293,222,71
W00009200,295,228,67
W00009201,285,229,56
W00009202,251,203,48
W00009203,217,165,52
W00009204,242,200,42
W00009205,316,262,54
W00009206,287,254,33
W00009207,218,193,25
W00009208,316,274,42
W00009209,246,218,28
W00009210,224,201,23
W00009211,256,226,30
W00009212,238,198,40
W00009213,285,175,110
W00009214,250,223,27
W00009215,281,258,23
W00009216,336,286,50
W00009217,261,236,25
W00009218,298,255,43
W00009219,255,196,59
W00009220,319,282,37
W00009221,340,296,44
W00009222,264,252,12
W00009223,326,289,37
W00009224,295,265,30
W00009225,300,242,58
W00009226,321,283,38
W00009227,256,206,50
W00009228,254,212,42
W00009229,352,254,98
W00009230,340,313,27
W00009231,245,228,17
W00009232,332,293,39
W00009233,327,287,40
W00009234,235,195,40
W00009235,316,261,55
W00009236,354,316,38
W00009237,420,373,47
W00009238,283,232,51
W00009239,312,282,30
W00009240,289,251,38
W00009241,317,288,29
W00009242,332,288,44
W00009243,325,282,43
W00009244,257,212,45
W00009245,452,375,77
W00009246,337,284,53
W00009247,299,258,41
W00009248,281,246,35
W00009249,297,249,48
W00009250,274,243,31
W00009251,372,308,64
W00009252,403,340,63
W00009253,297,258,39
W00009254,334,290,44
W00009255,276,237,39
W00009256,362,310,52
W00009258,355,310,45
W00009259,257,237,20
W00009260,302,279,23
W00009261,333,289,44
W00009262,274,235,39
W00009263,385,335,50
W00009264,289,257,32
W00009265,263,229,34
W00009266,246,199,47
W00009267,226,195,31
W00009268,225,199,26
W00009269,260,234,26
W00009270,261,242,19
W00009271,217,191,26
W00009272,274,240,34
W00009273,225,195,30
W00009274,267,242,25
W00009275,233,203,30
W00009276,338,275,63
W00009277,263,225,38
W00009278,236,221,15
W00009279,262,228,34
W00009280,309,262,47
W00009281,365,316,49
W00009282,274,249,25
W00009283,304,253,51
W00009284,301,272,29
W00009285,314,259,55
W00009286,266,235,31
W00009287,273,232,41
W00009288,314,280,34
W00009289,275,251,24
W00009290,294,250,44
W00009291,208,195,13
W00009292,333,285,48
W00009293,359,318,41
W00009294,247,241,6
W00009295,363,344,19
W00009296,273,241,32
W00009297,316,296,20
W00009298,267,254,13
W00009299,370,359,11
W00009300,288,274,14
W00009301,321,287,34
W00009302,312,275,37
W00009303,270,243,27
W00009304,308,254,54
W00009305,251,230,21
W00009306,252,233,19
W00009307,310,279,31
W00009308,241,225,16
W00009309,312,286,26
W00009310,313,290,23
W00009311,281,251,30
W00009312,348,305,43
W00009313,190,174,16
W00009314,274,250,24
W00009315,290,243,47
W00009316,256,238,18
W00009317,297,282,15
W00009318,367,335,32
W00009319,314,290,24
W00009320,320,296,24
W00009321,297,258,39
W00009322,378,359,19
W00009323,338,302,36
W00009324,302,286,16
W00009325,366,335,31
W00009326,305,285,20
W00009327,274,252,22
W00009328,326,302,24
W00009329,330,309,21
W00009330,450,389,61
W00009331,360,338,22
W00009332,320,299,21
W00009333,342,305,37
W00009334,278,255,23
W00009335,340,319,21
W00009336,283,263,20
W00009337,480,439,41
W00009338,313,272,41
W00009339,369,348,21
W00009340,405,358,47
W00009341,312,276,36
W00009342,400,378,22
W00009343,275,252,23
W00009344,376,357,19
W00009345,380,351,29
W00009346,336,312,24
W00009347,253,217,36
W00009348,302,267,35
W00009349,272,253,19
W00009350,229,205,24
W00009351,339,322,17
W00009352,332,303,29
W00009353,333,312,21
W00009354,379,343,36
W00009355,254,236,18
W00009356,381,329,52
W00009357,301,274,27
W00009358,432,398,34
W00009359,254,225,29
W00009360,313,292,21
W00009361,409,374,35
W00009362,296,263,33
W00009363,190,184,6
W00009364,310,284,26
W00009365,249,229,20
W00009366,356,317,39
W00009367,293,275,18
W00009368,302,285,17
W00009369,398,373,25
W00009371,336,314,22
W00009372,343,305,38
W00009373,308,276,32
W00009374,307,289,18
W00009375,409,302,107
W00009376,387,309,78
W00009377,276,220,56
W00009378,351,286,65
W00009379,250,201,49
W00009380,252,200,52
W00009381,294,239,55
W00009382,277,228,49
W00009383,281,219,62
W00009384,345,258,87
W00009385,375,284,91
W00009386,412,369,43
W00009387,292,256,36
W00009389,365,309,56
W00009390,347,289,58
W00009391,415,372,43
W00009392,310,259,51
W00009393,243,210,33
W00009394,331,270,61
W00009395,280,220,60
W00009396,313,260,53
W00009397,340,279,61
W00009398,264,235,29
W00009399,301,247,54
W00009400,355,298,57
W00009401,311,264,47
W00009402,297,245,52
W00009403,326,269,57
W00009404,262,230,32
W00009405,250,227,23
W00009407,315,234,81
W00009408,247,224,23
W00009409,296,253,43
W00009410,351,322,29
W00009411,394,313,81
W00009412,311,259,52
W00009413,283,232,51
W00009414,266,236,30
W00009415,342,295,47
W00009416,343,294,49
W00009417,276,241,35
W00009418,266,228,38
W00009419,282,223,59
W00009420,334,285,49
W00009421,280,251,29
W00009422,316,256,60
W00009423,369,333,36
W00009424,370,340,30
W00009425,334,295,39
W00009426,286,245,41
W00009427,293,264,29
W00009428,388,349,39
W00009429,275,250,25
W00009430,237,200,37
W00009431,241,210,31
W00009432,263,233,30
W00009433,438,382,56
W00009434,399,372,27
W00009435,186,164,22
W00009436,313,272,41
W00009437,342,311,31
W00009438,232,205,27
W00009439,282,240,42
W00009440,297,261,36
W00009441,417,378,39
W00009442,205,172,33
W00009443,314,292,22
W00009444,298,262,36
W00009445,255,223,32
W00009446,379,345,34
W00009447,239,217,22
W00009448,306,286,20
W00009450,386,360,26
W00009451,374,317,57
W00009452,338,290,48
W00009453,344,273,71
W00009454,412,383,29
W00009455,181,162,19
W00009456,367,324,43
W00009457,325,273,52
W00009458,300,244,56
W00009459,244,214,30
W00009460,374,330,44
W00009461,281,239,42
W00009462,353,303,50
W00009463,337,284,53
W00009464,274,239,35
W00009465,428,373,55
W00009466,331,289,42
W00009467,316,268,48
W00009468,479,423,56
W00009469,228,200,28
W00009470,246,210,36
W00009472,238,207,31
W00009473,291,254,37
W00009474,332,260,72
W00009475,263,235,28
W00009476,622,569,53
W00009480,209,192,17
W00009481,374,343,31
W00009482,312,291,21
W00009483,189,172,17
W00009484,243,236,7
W00009486,345,297,48
W00009487,271,237,34
W00009488,325,295,30
W00009489,270,244,26
W00009490,457,415,42
W00009491,466,418,48
W00009492,200,180,20
W00009493,302,270,32
W00009494,443,396,47
W00009495,291,251,40
W00009496,303,277,26
W00009497,401,359,42
W00009499,256,232,24
W00009500,287,257,30
W00009501,365,322,43
W00009502,360,308,52
W00009503,555,468,87
W00009505,228,183,45
W00009506,287,256,31
W00009507,312,273,39
W00009508,315,280,35
W00009509,301,247,54
W00009510,311,279,32
W00009511,348,283,65
W00009512,369,305,64
W00009514,297,251,46
W00009515,297,244,53
W00009516,463,375,88
W00009517,275,220,55
W00009518,273,234,39
W00009519,224,201,23
W00009520,289,254,35
W00009521,296,264,32
W00009522,272,238,34
W00009524,264,232,32
W00009525,303,255,48
W00009526,368,303,65
W00009527,320,279,41
W00009528,250,227,23
W00009529,331,289,42
W00009530,254,224,30
W00009531,263,222,41
W00009532,305,279,26
W00009533,248,215,33
W00009534,192,172,20
W00009535,253,228,25
W00009536,258,225,33
W00009537,237,198,39
W00009538,205,190,15
W00009539,311,231,80
W00009540,281,228,53
W00009541,268,220,48
W00009542,245,183,62
W00009543,315,242,73
W00009544,281,228,53
W00009545,295,255,40
W00009546,238,209,29
W00009547,267,235,32
W00009548,272,233,39
W00009549,314,263,51
W00009550,252,223,29
W00009551,261,237,24
W00009552,234,207,27
W00009553,281,253,28
W00009554,235,205,30
W00009555,254,212,42
W00009556,313,261,52
W00009557,410,366,44
W00009558,305,234,71
W00009559,373,330,43
W00009560,421,380,41
W00009561,335,295,40
W00009562,303,286,17
W00009563,279,253,26
W00009564,338,284,54
W00009565,387,330,57
W00009566,408,359,49
W00009567,265,235,30
W00009568,378,335,43
W00009569,295,258,37
W00009570,421,385,36
W00009571,343,299,44
W00009572,336,291,45
W00009573,350,328,22
W00009574,365,303,62
W00009575,146,140,6
W00009576,270,232,38
W00009577,248,187,61
W00009578,276,206,70
W00009579,193,159,34
W00009580,289,233,56
W00009581,280,221,59
W00009582,281,221,60
W00009583,313,219,94
W00009584,282,205,77
W00009585,237,181,56
W00009586,321,257,64
W00009587,247,190,57
W00009588,305,262,43
W00009589,264,208,56
W00009590,253,182,71
W00009591,299,247,52
W00009592,279,215,64
W00009593,245,186,59
W00009594,283,218,65
W00009595,351,254,97
W00009596,268,191,77
W00009597,346,297,49
W00009598,433,397,36
W00009599,322,275,47
W00009600,309,290,19
W00009601,312,287,25
W00009602,305,267,38
W00009603,314,279,35
W00009604,251,232,19
W00009605,307,276,31
W00009606,264,243,21
W00009607,297,263,34
W00009608,315,292,23
W00009609,303,284,19
W00009610,369,312,57
W00009611,306,278,28
W00009612,300,264,36
W00009613,299,273,26
W00009614,281,252,29
W00009615,353,324,29
W00009616,354,329,25
W00009617,186,174,12
W00009618,318,287,31
W00009619,342,313,29
W00009620,295,273,22
W00009621,285,255,30
W00009622,269,248,21
W00009623,279,252,27
W00009624,468,434,34
W00009625,271,255,16
W00009626,285,273,12
W00009627,269,243,26
W00009629,358,313,45
W00009630,342,296,46
W00009631,303,274,29
W00009632,304,266,38
W00009633,314,283,31
W00009634,289,244,45
W00009635,299,270,29
W00009636,320,273,47
W00009637,273,243,30
W00009638,253,229,24
W00009639,414,366,48
W00009640,319,282,37
W00009641,246,215,31
W00009642,281,256,25
W00009643,269,206,63
W00009644,215,192,23
W00009645,409,375,34
W00009646,312,296,16
W00009647,357,314,43
W00009648,273,255,18
W00009649,363,340,23
W00009650,232,208,24
W00009651,380,350,30
W00009652,349,317,32
W00009653,428,390,38
W00009654,278,254,24
W00009655,290,265,25
W00009657,199,185,14
W00009658,278,247,31
W00009659,332,276,56
W00009660,321,281,40
W00009661,296,271,25
W00009662,301,275,26
W00009663,307,286,21
W00009664,286,256,30
W00009665,302,274,28
W00009666,140,136,4
W00009667,216,183,33
W00009668,265,230,35
W00009669,453,412,41
W00009670,388,360,28
W00009671,280,255,25
W00009672,314,278,36
W00009673,321,294,27
W00009675,313,282,31
W00009676,363,356,7
W00009677,262,241,21
W00009678,232,210,22
W00009679,350,316,34
W00009680,370,338,32
W00009681,297,288,9
W00009682,352,333,19
W00009683,302,273,29
W00009684,281,257,24
W00009686,306,281,25
W00009687,336,309,27
W00009688,292,262,30
W00009689,226,200,26
W00009690,434,397,37
W00009691,546,507,39
W00009692,349,307,42
W00009693,345,320,25
W00009694,230,209,21
W00009695,334,314,20
W00009696,288,269,19
W00009697,290,259,31
W00009698,257,231,26
W00009699,238,209,29
W00009700,281,258,23
W00009701,208,198,10
W00009702,369,341,28
W00009703,230,211,19
W00009704,321,300,21
W00009705,258,227,31
W00009706,307,285,22
W00009707,289,266,23
W00009708,319,291,28
W00009710,375,340,35
W00009711,334,292,42
W00009712,282,262,20
W00009713,366,340,26
W00009714,310,280,30
W00009715,369,351,18
W00009716,310,264,46
W00009717,270,224,46
W00009718,353,308,45
W00009719,308,281,27
W00009720,289,249,40
W00009721,249,225,24
W00009722,274,201,73
W00009723,277,185,92
W00009724,330,224,106
W00009725,312,219,93
W00009726,328,222,106
W00009727,286,235,51
W00009728,302,270,32
W00009729,276,241,35
W00009730,235,204,31
W00009731,248,212,36
W00009732,206,179,27
W00009733,285,224,61
W00009734,225,190,35
W00009735,522,471,51
W00009736,295,255,40
W00009737,274,240,34
W00009738,266,239,27
W00009739,329,270,59
W00009740,451,378,73
W00009741,334,255,79
W00009742,260,221,39
W00009743,303,258,45
W00009744,231,209,22
W00009745,260,208,52
W00009746,298,236,62
W00009747,254,199,55
W00009748,209,176,33
W00009749,353,248,105
W00009750,275,242,33
W00009751,422,346,76
W00009752,126,110,16
W00009753,198,159,39
W00009754,179,166,13
W00009755,253,198,55
W00009756,196,172,24
W00009757,319,245,74
W00009758,305,216,89
W00009759,256,199,57
W00009760,317,284,33
W00009761,302,245,57
W00009762,356,253,103
W00009763,285,244,41
W00009764,253,224,29
W00009765,269,199,70
W00009766,280,227,53
W00009767,319,217,102
W00009768,275,237,38
W00009769,199,181,18
W00009770,223,192,31
W00009771,218,192,26
W00009772,389,251,138
W00009773,157,111,46
W00009774,354,318,36
W00009775,237,210,27
W00009776,461,420,41
W00009777,345,298,47
W00009778,180,146,34
W00009779,306,272,34
W00009780,166,152,14
W00009781,337,295,42
W00009782,419,364,55
W00009783,286,242,44
W00009784,152,106,46
W00009785,416,278,138
W00009786,322,238,84
W00009787,374,331,43
W00009788,354,322,32
W00009789,155,133,22
W00009790,268,252,16
W00009791,372,333,39
W00009792,267,243,24
W00009793,99,87,12
W00009794,256,240,16
W00009795,263,248,15
W00009796,467,413,54
W00009797,178,165,13
W00009798,247,229,18
W00009800,420,364,56
W00009801,279,272,7
W00009802,297,275,22
W00009803,324,280,44
W00009804,445,404,41
W00009805,250,217,33
W00009806,278,248,30
W00009807,372,330,42
W00009808,307,285,22
W00009809,113,107,6
W00009810,289,252,37
W00009811,161,143,18
W00009813,258,235,23
W00009814,125,119,6
W00009815,271,230,41
W00009816,255,238,17
W00009817,423,390,33
W00009818,246,219,27
W00009819,211,188,23
W00009820,159,141,18
W00009821,292,259,33
W00009822,269,238,31
W00009823,467,384,83
W00009824,185,165,20
W00009825,339,304,35
W00009826,421,393,28
W00009827,300,263,37
W00009828,221,201,20
W00009829,253,235,18
W00009830,273,241,32
W00009831,135,123,12
W00009832,279,243,36
W00009833,250,217,33
W00009835,255,203,52
W00009836,342,320,22
W00009837,225,213,12
W00009838,163,148,15
W00009839,200,182,18
W00009840,329,302,27
W00009842,244,209,35
W00009843,280,247,33
W00009844,250,211,39
W00009845,133,115,18
W00009846,226,205,21
W00009847,292,253,39
W00009848,561,464,97
W00009849,307,272,35
W00009850,297,271,26
W00009851,127,113,14
W00009852,190,183,7
W00009853,115,103,12
W00009854,421,390,31
W00009856,227,207,20
W00009857,318,302,16
W00009858,264,239,25
W00009859,368,318,50
W00009860,297,281,16
W00009861,324,278,46
W00009862,412,358,54
W00009863,310,293,17
W00009864,414,388,26
W00009865,263,230,33
W00009866,322,295,27
W00009867,455,407,48
W00009868,367,340,27
W00009869,333,287,46
W00009870,274,244,30
W00009871,378,348,30
W00009872,300,269,31
W00009873,356,346,10
W00009874,159,147,12
W00009875,294,257,37
W00009877,266,247,19
W00009878,398,359,39
W00009879,328,298,30
W00009880,364,322,42
W00009881,382,336,46
W00009882,356,329,27
W00009883,308,275,33
W00009884,224,198,26
W00009885,307,279,28
W00009886,112,106,6
W00009887,192,176,16
W00009888,320,296,24
W00009889,145,139,6
W00009890,263,234,29
W00009891,327,286,41
W00009892,340,303,37
W00009893,297,236,61
W00009894,838,759,79
W00009895,406,348,58
W00009896,346,295,51
W00009897,399,295,104
W00009898,322,261,61
W00009899,317,238,79
W00009900,503,414,89
W00009901,353,305,48
W00009902,429,339,90
W00009903,321,244,77
W00009904,186,167,19
W00009905,251,193,58
W00009906,190,166,24
W00009907,310,249,61
W00009908,515,417,98
W00009909,381,280,101
W00009910,279,231,48
W00009911,373,282,91
W00009912,415,346,69
W00009913,262,216,46
W00009914,331,276,55
W00009915,265,209,56
W00009916,211,172,39
W00009917,379,348,31
W00009919,350,303,47
W00009920,481,415,66
W00009921,357,319,38
W00009922,248,213,35
W00009923,284,235,49
W00009924,271,230,41
W00009925,292,247,45
W00009926,229,198,31
W00009927,354,289,65
W00009928,448,390,58
W00009929,324,286,38
W00009930,277,240,37
W00009931,291,235,56
W00009932,345,293,52
W00009933,418,380,38
W00009934,330,303,27
W00009935,242,201,41
W00009936,343,278,65
W00009937,252,227,25
W00009938,263,242,21
W00009939,353,296,57
W00009940,192,163,29
W00009941,368,330,38
W00009942,264,242,22
W00009943,320,277,43
W00009944,272,232,40
W00009945,324,276,48
W00009946,266,238,28
W00009948,480,410,70
W00009949,476,423,53
W00009950,390,349,41
W00009951,401,361,40
W00009952,341,288,53
W00009953,430,388,42
W00009954,325,292,33
W00009955,289,258,31
W00009956,237,203,34
W00009957,285,250,35
W00009958,348,310,38
W00009959,597,516,81
W00009960,256,216,40
W00009961,405,359,46
W00009962,250,226,24
W00009963,396,345,51
W00009964,353,313,40
W00009965,271,246,25
W00009966,372,332,40
W00009967,417,366,51
W00009968,336,304,32
W00009969,126,109,17
W00009970,240,215,25
W00009971,392,344,48
W00009972,229,208,21
W00009973,372,325,47
W00009974,214,172,42
W00009975,355,305,50
W00009977,247,131,116
W00009978,253,127,126
W00009979,247,95,152
W00009980,203,105,98
W00009981,222,139,83
W00009982,1563,1431,132
W00009983,599,552,47
W00009985,353,325,28
W00009986,293,253,40
W00009987,329,281,48
W00009988,194,158,36
W00009989,341,182,159
W00009991,574,289,285
W00009992,276,179,97
W00009994,327,255,72
W00009995,313,225,88
W00009997,174,118,56
W00009998,164,125,39
W00010000,175,101,74
W00010001,283,191,92
W00010003,237,160,77
W00010004,390,256,134
W00010007,163,135,28
W00010009,270,227,43
W00010010,203,173,30
W00010011,259,228,31
W00010012,237,211,26
W00010013,300,256,44
W00010014,387,328,59
W00010015,265,222,43
W00010016,232,196,36
W00010017,285,242,43
W00010018,299,246,53
W00010021,309,268,41
W00010022,389,374,15
W00010023,391,332,59
W00010024,379,337,42
W00010025,192,150,42
W00010026,277,243,34
W00010027,513,449,64
W00010028,215,189,26
W00010029,313,271,42
W00010030,203,175,28
W00010031,255,240,15
W00010032,280,248,32
W00010033,288,238,50
W00010034,331,274,57
W00010035,237,221,16
W00010036,498,405,93
W00010037,322,284,38
W00010038,318,279,39
W00010039,265,223,42
W00010040,510,442,68
W00010042,414,362,52
W00010046,371,289,82
W00010048,168,125,43
W00010049,1472,1118,354
W00010051,120,77,43
W00010052,361,304,57
W00010054,297,118,179
W00010057,242,197,45
W00010058,255,217,38
W00010060,281,174,107
W00010061,110,70,40
W00010063,129,75,54
W00010064,140,106,34
W00010066,319,186,133
W00010067,272,210,62
W00010069,234,174,60
W00010070,252,234,18
W00010072,135,122,13
W00010073,1113,943,170
W00010075,313,299,14
W00010076,217,195,22
W00010078,382,316,66
W00010079,280,213,67
W00010081,293,211,82
W00010082,174,140,34
W00010084,343,294,49
W00010085,203,144,59
W00010087,238,211,27
W00010090,264,251,13
W00010091,142,128,14
W00010093,209,191,18
W00010094,178,158,20
W00010096,130,110,20
W00010097,219,204,15
W00010099,321,249,72
W00010100,218,176,42
W00010102,373,289,84
W00010103,320,212,108
W00010105,337,252,85
W00010106,332,257,75
W00010108,268,196,72
W00010109,391,339,52
W00010110,282,248,34
W00010111,355,320,35
W00010112,344,294,50
W00010113,229,194,35
W00010114,260,216,44
W00010115,896,761,135
W00010116,213,203,10
W00010118,334,307,27
W00010119,659,597,62
W00010120,285,256,29
W00010121,180,161,19
W00010122,235,216,19
W00010123,361,317,44
W00010124,269,253,16
W00010125,389,341,48
W00010127,250,206,44
W00010128,671,623,48
W00010129,167,140,27
W00010130,435,400,35
W00010131,347,333,14
W00010132,207,193,14
W00010133,309,275,34
W00010134,271,239,32
W00010135,369,325,44
W00010136,275,238,37
W00010137,328,303,25
W00010138,348,313,35
W00010139,295,259,36
W00010140,450,349,101
W00010141,172,149,23
W00010142,313,268,45
W00010143,273,245,28
W00010146,314,278,36
W00010147,231,204,27
W00010148,160,141,19
W00010149,335,303,32
W00010151,326,283,43
W00010152,393,320,73
W00010153,233,211,22
W00010154,279,249,30
W00010155,229,200,29
W00010156,183,166,17
W00010157,311,260,51
W00010158,332,288,44
W00010159,474,414,60
W00010160,186,160,26
W00010161,288,252,36
W00010162,262,234,28
W00010163,358,291,67
W00010164,213,180,33
W00010165,364,335,29
W00010166,292,258,34
W00010167,179,162,17
W00010168,239,216,23
W00010169,435,387,48
W00010170,191,178,13
W00010171,281,254,27
W00010172,339,294,45
W00010173,252,220,32
W00010174,248,215,33
W00010175,195,171,24
W00010176,356,312,44
W00010179,428,387,41
W00010180,345,290,55
W00010181,224,202,22
W00010182,331,267,64
W00010183,364,309,55
W00010184,278,246,32
W00010185,287,251,36
W00010186,181,159,22
W00010187,392,320,72
W00010188,140,114,26
W00010189,259,230,29
W00010190,293,264,29
W00010191,185,163,22
W00010192,484,408,76
W00010193,311,281,30
W00010194,363,317,46
W00010195,155,127,28
W00010196,169,155,14
W00010197,190,174,16
W00010198,265,251,14
W00010199,254,220,34
W00010200,247,229,18
W00010201,233,206,27
W00010202,212,191,21
W00010203,183,169,14
W00010204,223,198,25
W00010205,681,636,45
W00010206,238,221,17
W00010207,407,379,28
W00010208,192,174,18
W00010210,137,116,21
W00010211,150,133,17
W00010212,110,106,4
W00010213,134,122,12
W00010214,269,231,38
W00010215,219,192,27
W00010216,228,207,21
W00010217,247,217,30
W00010218,212,178,34
W00010219,320,276,44
W00010221,284,242,42
W00010222,320,255,65
W00010223,913,834,79
W00010224,202,174,28
W00010225,246,209,37
W00010227,267,208,59
W00010228,346,265,81
W00010229,189,160,29
W00010230,136,122,14
W00010231,259,188,71
W00010232,98,72,26
W00010233,294,250,44
W00010234,264,231,33
W00010235,316,261,55
W00010236,231,207,24
W00010237,347,303,44
W00010238,325,283,42
W00010239,118,107,11
W00010240,198,184,14
W00010242,285,265,20
W00010243,260,212,48
W00010244,272,247,25
W00010245,279,258,21
W00010246,188,166,22
W00010247,387,323,64
W00010248,443,368,75
W00010249,422,343,79
W00010250,391,319,72
W00010251,273,239,34
W00010252,210,180,30
W00010253,156,141,15
W00010254,134,116,18
W00010255,116,106,10
W00010256,333,304,29
W00010257,270,197,73
W00010259,332,264,68
W00010260,380,283,97
W00010261,321,268,53
W00010262,210,198,12
W00010263,278,245,33
W00010264,275,218,57
W00010265,147,137,10
W00010266,570,445,125
W00010267,346,292,54
W00010268,452,406,46
W00010269,531,463,68
W00010270,137,127,10
W00010271,143,134,9
W00010272,180,163,17
W00010273,249,214,35
W00010274,184,166,18
W00010275,246,196,50
W00010276,450,391,59
W00010277,167,152,15
W00010278,308,243,65
W00010279,155,141,14
W00010280,495,406,89
W00010281,102,95,7
W00010282,235,212,23
W00010283,282,253,29
W00010284,367,286,81
W00010285,307,258,49
W00010286,433,346,87
W00010287,361,313,48
W00010288,379,313,66
W00010289,525,425,100
W00010290,492,445,47
W00010291,347,305,42
W00010292,148,130,18
W00010293,276,245,31
W00010294,149,142,7
W00010295,151,127,24
W00010296,414,336,78
W00010297,489,387,102
W00010298,163,148,15
W00010299,193,172,21
W00010300,194,186,8
W00010301,379,326,53
W00010302,208,179,29
W00010303,227,199,28
W00010304,295,254,41
W00010305,520,450,70
W00010306,491,407,84
W00010307,561,411,150
W00010308,214,174,40
W00010309,119,105,14
W00010310,362,331,31
W00010311,302,265,37
W00010312,370,286,84
W00010313,99,90,9
W00010314,530,423,107
W00010315,217,180,37
W00010316,390,358,32
W00010317,279,251,28
W00010318,265,235,30
W00010319,309,281,28
W00010320,291,268,23
W00010321,300,259,41
W00010322,99,84,15
W00010323,199,177,22
W00010324,559,481,78
W00010325,253,223,30
W00010326,245,217,28
W00010327,113,111,2
W00010328,262,241,21
W00010329,184,172,12
W00010330,546,501,45
W00010331,129,122,7
W00010332,446,396,50
W00010333,204,191,13
W00010334,180,164,16
W00010335,189,174,15
W00010336,192,185,7
W00010337,154,137,17
W00010338,213,176,37
W00010339,532,487,45
W00010340,461,406,55
W00010341,441,393,48
W00010342,138,123,15
W00010343,554,508,46
W00010344,206,197,9
W00010345,167,155,12
W00010346,135,118,17
W00010347,341,315,26
W00010348,383,360,23
W00010349,313,272,41
W00010350,348,315,33
W00010351,439,388,51
W00010352,245,220,25
W00010353,304,262,42
W00010354,332,289,43
W00010355,392,355,37
W00010356,351,274,77
W00010357,267,172,95
W00010358,244,145,99
W00010359,197,182,15
W00010360,337,291,46
W00010361,298,180,118
W00010362,244,172,72
W00010363,170,139,31
W00010364,318,298,20
W00010365,454,426,28
W00010366,333,294,39
W00010367,324,278,46
W00010368,323,265,58
W00010369,258,223,35
W00010370,297,241,56
W00010371,205,177,28
W00010372,234,217,17
W00010373,181,167,14
W00010374,371,317,54
W00010375,329,265,64
W00010376,894,794,100
W00010377,188,165,23
W00010378,256,231,25
W00010379,252,244,8
W00010380,192,175,17
W00010381,336,300,36
W00010382,2147,1998,149
W00010383,372,269,103
W00010384,249,234,15
W00010385,1814,1707,107
W00010386,322,249,73
W00010387,284,265,19
W00010388,233,216,17
W00010389,273,230,43
W00010390,225,194,31
W00010391,363,330,33
W00010392,320,251,69
W00010393,253,218,35
W00010394,307,268,39
W00010395,311,274,37
W00010396,261,226,35
W00010397,198,172,26
W00010398,328,291,37
W00010399,289,265,24
W00010400,468,423,45
W00010401,307,262,45
W00010402,253,209,44
W00010403,109,89,20
W00010404,265,228,37
W00010405,138,116,22
W00010406,274,214,60
W00010407,205,177,28
W00010408,115,108,7
W00010409,304,265,39
W00010410,306,282,24
W00010411,276,249,27
W00010412,101,88,13
W00010413,188,173,15
W00010414,100,91,9
W00010415,309,271,38
W00010416,389,272,117
W00010417,265,232,33
W00010418,253,205,48
W00010419,372,337,35
W00010420,314,278,36
W00010421,218,181,37
W00010422,246,214,32
W00010423,379,330,49
W00010424,258,245,13
W00010425,292,267,25
W00010426,262,236,26
W00010427,317,274,43
W00010428,243,208,35
W00010429,304,281,23
W00010430,283,239,44
W00010431,247,230,17
W00010432,281,257,24
W00010433,197,172,25
W00010434,149,130,19
W00010435,277,229,48
W00010436,587,509,78
W00010437,335,304,31
W00010438,338,284,54
W00010439,328,280,48
W00010440,171,139,32
W00010441,254,222,32
W00010442,211,193,18
W00010443,257,214,43
W00010444,291,245,46
W00010445,295,245,50
W00010446,224,209,15
W00010447,193,181,12
W00010448,206,182,24
W00010449,252,223,29
W00010450,99,85,14
W00010451,235,207,28
W00010453,327,255,72
W00010454,338,296,42
W00010455,321,305,16
W00010456,406,357,49
W00010457,453,383,70
W00010458,310,198,112
W00010459,282,234,48
W00010460,162,112,50
W00010461,326,243,83
W00010462,177,150,27
W00010463,139,127,12
W00010464,141,124,17
W00010465,141,134,7
W00010466,453,422,31
W00010467,576,499,77
W00010468,1666,1568,98
W00010469,332,318,14
W00010470,244,235,9
W00010471,446,413,33
W00010472,461,330,131
W00010473,206,186,20
W00010474,468,423,45
W00010475,200,185,15
W00010476,330,290,40
W00010477,395,337,58
W00010478,253,210,43
W00010479,257,233,24
W00010480,103,89,14
W00010481,277,210,67
W00010482,368,321,47
W00010483,481,450,31
W00010484,241,203,38
W00010485,570,497,73
W00010486,214,207,7
W00010487,208,176,32
W00010488,303,265,38
W00010489,562,409,153
W00010490,97,91,6
W00010491,314,292,22
W00010492,128,119,9
W00010493,330,218,112
W00010494,140,130,10
W00010495,746,701,45
W00010496,349,307,42
W00010497,1712,1549,163
W00010498,1485,1322,163
W00010499,288,260,28
W00010500,249,221,28
W00010501,253,206,47
W00010502,224,198,26
W00010503,299,268,31
W00010504,277,239,38
W00010505,233,211,22
W00010506,254,239,15
W00010507,293,269,24
W00010508,353,296,57
W00010509,217,205,12
W00010510,118,102,16
W00010511,309,277,32
W00010512,298,271,27
W00010513,235,217,18
W00010514,261,244,17
W00010515,467,428,39
W00010516,123,108,15
W00010517,279,255,24
W00010518,246,226,20
W00010519,609,548,61
W00010520,285,260,25
W00010521,284,267,17
W00010522,316,269,47
W00010523,180,174,6
W00010524,238,222,16
W00010525,247,221,26
W00010526,263,235,28
W00010527,260,241,19
W00010528,378,330,48
W00010529,138,120,18
W00010530,292,247,45
W00010531,313,276,37
W00010532,317,289,28
W00010533,268,250,18
W00010534,323,307,16
W00010535,345,300,45
W00010536,352,315,37
W00010537,214,201,13
W00010538,315,267,48
W00010539,273,224,49
W00010540,249,234,15
W00010541,793,744,49
W00010542,174,168,6
W00010543,266,241,25
W00010544,336,302,34
W00010545,274,245,29
W00010546,205,175,30
W00010547,245,232,13
W00010548,286,260,26
W00010549,264,240,24
W00010550,295,245,50
W00010551,364,339,25
W00010552,249,221,28
W00010553,509,461,48
W00010554,199,178,21
W00010555,271,254,17
W00010556,204,152,52
W00010557,345,298,47
W00010558,289,258,31
W00010559,511,475,36
W00010560,273,240,33
W00010561,343,314,29
W00010562,333,280,53
W00010563,292,279,13
W00010564,317,280,37
W00010565,327,306,21
W00010566,367,317,50
W00010567,352,335,17
W00010568,401,349,52
W00010569,502,451,51
W00010570,223,201,22
W00010571,279,233,46
W00010572,136,107,29
W00010573,367,340,27
W00010574,239,210,29
W00010575,326,283,43
W00010576,242,213,29
W00010577,495,435,60
W00010578,266,235,31
W00010579,252,218,34
W00010580,616,532,84
W00010581,160,148,12
W00010582,273,240,33
W00010583,258,238,20
W00010584,332,307,25
W00010585,264,219,45
W00010586,259,232,27
W00010587,451,354,97
W00010588,332,300,32
W00010589,101,100,1
W00010590,202,178,24
W00010591,520,424,96
W00010592,383,339,44
W00010593,219,201,18
W00010594,295,273,22
W00010595,288,252,36
W00010596,283,237,46
W00010597,215,203,12
W00010598,320,292,28
W00010599,271,247,24
W00010600,269,212,57
W00010601,145,134,11
W00010602,283,236,47
W00010603,619,520,99
W00010604,130,120,10
W00010605,237,213,24
W00010606,271,249,22
W00010607,278,258,20
W00010608,230,221,9
W00010609,307,284,23
W00010610,249,218,31
W00010611,358,316,42
W00010612,216,161,55
W00010613,305,270,35
W00010614,328,277,51
W00010615,284,248,36
W00010616,328,292,36
W00010617,308,263,45
W00010618,160,137,23
W00010619,284,261,23
W00010620,309,294,15
W00010621,299,266,33
W00010622,246,207,39
W00010623,275,255,20
W00010624,269,244,25
W00010625,400,386,14
W00010626,287,264,23
W00010627,190,165,25
W00010628,335,313,22
W00010629,256,222,34
W00010630,513,466,47
W00010631,269,228,41
W00010632,470,462,8
W00010633,480,453,27
W00010634,435,378,57
W00010635,192,178,14
W00010636,256,189,67
W00010637,203,196,7
W00010638,198,170,28
W00010639,337,311,26
W00010640,355,321,34
W00010641,545,448,97
W00010642,293,254,39
W00010643,321,292,29
W00010644,276,237,39
W00010645,282,263,19
W00010646,358,305,53
W00010647,287,240,47
W00010648,360,321,39
W00010649,117,103,14
W00010650,271,250,21
W00010651,234,201,33
W00010652,286,148,138
W00010653,440,118,322
W00010654,199,176,23
W00010655,367,216,151
W00010656,313,281,32
W00010657,340,236,104
W00010658,330,302,28
W00010659,150,86,64
W00010660,94,51,43
W00010661,359,203,156
W00010662,301,271,30
W00010663,234,195,39
W00010664,271,187,84
W00010665,316,199,117
W00010666,305,249,56
W00010667,330,300,30
W00010668,281,183,98
W00010669,302,110,192
W00010670,309,204,105
W00010671,303,220,83
W00010672,281,249,32
W00010673,248,177,71
W00010674,288,127,161
W00010675,280,113,167
W00010676,316,298,18
W00010677,193,181,12
W00010678,287,99,188
W00010679,315,257,58
W00010680,293,242,51
W00010681,1806,1564,242
W00010682,308,229,79
W00010683,294,270,24
W00010684,284,275,9
W00010685,262,229,33
W00010686,348,301,47
W00010687,352,322,30
W00010688,331,200,131
W00010689,326,291,35
W00010690,208,184,24
W00010691,324,186,138
W00010692,268,246,22
W00010693,738,653,85
W00010694,388,251,137
W00010695,188,92,96
W00010696,205,156,49
W00010697,248,180,68
