OA,ts0680001,ts0680002,ts0680003
E00000001,176,18,158
E00000003,245,44,201
E00000005,107,5,102
E00000007,147,16,131
E00000010,176,11,165
E00000013,240,18,222
E00000018,242,19,223
E00000019,360,48,312
E00000020,196,17,179
E00000021,343,32,311
E00000022,208,21,187
E00000023,202,41,161
E00000024,363,68,295
E00000025,327,70,257
E00000028,221,88,133
E00000029,278,78,200
E00000030,294,66,228
E00000031,139,29,110
E00000032,340,80,260
E00000037,289,67,222
E00000038,383,104,279
E00000039,330,118,212
E00000040,333,97,236
E00000041,294,80,214
E00000042,195,26,169
E00000043,311,108,203
E00000045,267,82,185
E00000046,306,69,237
E00000048,456,181,275
E00000049,381,90,291
E00000050,483,186,297
E00000051,488,117,371
E00000052,404,125,279
E00000053,414,102,312
E00000054,396,106,290
E00000055,435,99,336
E00000056,422,155,267
E00000057,369,132,237
E00000059,212,62,150
E00000060,251,64,187
E00000061,250,55,195
E00000063,278,70,208
E00000064,316,76,240
E00000066,547,171,376
E00000067,318,89,229
E00000068,340,90,250
E00000069,428,168,260
E00000070,371,88,283
E00000071,299,76,223
E00000072,324,98,226
E00000073,309,81,228
E00000074,291,82,209
E00000075,323,83,240
E00000076,340,112,228
E00000077,352,95,257
E00000078,312,85,227
E00000079,350,82,268
E00000080,526,161,365
E00000081,330,89,241
E00000082,331,83,248
E00000083,323,91,232
E00000084,320,81,239
E00000085,287,80,207
E00000086,338,100,238
E00000087,246,68,178
E00000088,340,84,256
E00000089,316,93,223
E00000090,351,98,253
E00000091,562,199,363
E00000092,366,86,280
E00000093,343,96,247
E00000094,403,127,276
E00000095,497,143,354
E00000096,319,62,257
E00000097,334,89,245
E00000098,281,75,206
E00000099,105,11,94
E00000100,399,109,290
E00000101,360,104,256
E00000102,373,106,267
E00000103,450,134,316
E00000104,439,148,291
E00000106,360,94,266
E00000107,365,101,264
E00000108,318,101,217
E00000109,440,139,301
E00000110,313,98,215
E00000111,406,103,303
E00000112,330,98,232
E00000113,484,160,324
E00000114,380,123,257
E00000115,338,91,247
E00000116,351,88,263
E00000117,219,59,160
E00000118,340,110,230
E00000119,332,97,235
E00000120,361,120,241
E00000121,345,91,254
E00000122,323,90,233
E00000123,445,102,343
E00000124,341,106,235
E00000125,428,135,293
E00000128,283,68,215
E00000129,372,98,274
E00000130,369,96,273
E00000131,325,78,247
E00000132,363,105,258
E00000133,313,90,223
E00000134,410,105,305
E00000135,332,90,242
E00000136,347,79,268
E00000137,398,98,300
E00000138,383,130,253
E00000139,413,131,282
E00000140,375,99,276
E00000141,331,135,196
E00000142,335,119,216
E00000143,327,99,228
E00000144,294,68,226
E00000145,219,29,190
E00000146,279,72,207
E00000147,335,84,251
E00000148,161,23,138
E00000149,313,67,246
E00000150,401,103,298
E00000151,419,103,316
E00000152,293,65,228
E00000153,323,56,267
E00000154,328,83,245
E00000155,517,118,399
E00000156,376,101,275
E00000157,335,115,220
E00000158,426,120,306
E00000159,443,126,317
E00000160,393,125,268
E00000161,376,135,241
E00000162,305,67,238
E00000163,490,188,302
E00000164,436,190,246
E00000165,307,99,208
E00000166,170,34,136
E00000167,328,83,245
E00000168,492,150,342
E00000169,325,82,243
E00000170,374,91,283
E00000171,370,101,269
E00000172,410,110,300
E00000173,441,124,317
E00000174,340,69,271
E00000175,412,113,299
E00000176,352,86,266
E00000177,204,46,158
E00000178,383,98,285
E00000179,354,94,260
E00000180,306,81,225
E00000181,409,70,339
E00000182,312,65,247
E00000183,294,54,240
E00000184,333,61,272
E00000185,302,49,253
E00000186,350,72,278
E00000187,318,82,236
E00000188,303,68,235
E00000189,276,53,223
E00000190,261,62,199
E00000191,288,76,212
E00000192,316,61,255
E00000193,317,75,242
E00000194,344,54,290
E00000195,433,82,351
E00000196,313,79,234
E00000197,333,92,241
E00000198,219,86,133
E00000199,402,119,283
E00000200,351,97,254
E00000201,359,104,255
E00000202,373,120,253
E00000203,378,108,270
E00000204,372,98,274
E00000205,476,155,321
E00000206,288,89,199
E00000207,306,88,218
E00000208,366,91,275
E00000209,312,83,229
E00000210,405,117,288
E00000211,374,141,233
E00000212,165,29,136
E00000213,346,92,254
E00000214,333,91,242
E00000215,311,98,213
E00000216,346,90,256
E00000217,246,51,195
E00000218,310,70,240
E00000219,360,122,238
E00000220,339,79,260
E00000221,376,103,273
E00000222,395,122,273
E00000223,321,86,235
E00000224,321,99,222
E00000225,384,147,237
E00000226,303,77,226
E00000227,346,95,251
E00000228,393,105,288
E00000229,347,103,244
E00000230,379,112,267
E00000231,352,97,255
E00000232,379,95,284
E00000234,407,107,300
E00000236,330,87,243
E00000237,449,137,312
E00000238,374,161,213
E00000240,392,124,268
E00000243,394,178,216
E00000244,345,118,227
E00000245,365,169,196
E00000246,309,95,214
E00000247,412,128,284
E00000249,316,86,230
E00000251,477,134,343
E00000252,361,94,267
E00000253,107,33,74
E00000255,357,97,260
E00000256,161,51,110
E00000257,368,105,263
E00000258,234,75,159
E00000259,292,89,203
E00000260,284,76,208
E00000261,263,71,192
E00000263,546,171,375
E00000265,273,74,199
E00000266,345,90,255
E00000267,290,69,221
E00000268,340,89,251
E00000269,418,132,286
E00000270,352,92,260
E00000271,287,82,205
E00000272,347,93,254
E00000273,322,93,229
E00000274,303,85,218
E00000275,360,76,284
E00000276,499,133,366
E00000277,330,72,258
E00000278,280,72,208
E00000279,237,67,170
E00000280,366,144,222
E00000282,307,73,234
E00000283,328,85,243
E00000284,338,107,231
E00000285,285,87,198
E00000286,328,85,243
E00000287,353,112,241
E00000288,466,134,332
E00000289,297,76,221
E00000290,320,92,228
E00000291,293,74,219
E00000292,317,100,217
E00000293,315,71,244
E00000294,387,113,274
E00000295,314,65,249
E00000296,387,110,277
E00000297,346,104,242
E00000298,346,85,261
E00000299,328,85,243
E00000300,448,149,299
E00000301,411,142,269
E00000302,317,66,251
E00000303,378,117,261
E00000304,200,42,158
E00000305,453,133,320
E00000306,308,87,221
E00000307,367,76,291
E00000308,322,87,235
E00000309,304,133,171
E00000310,462,134,328
E00000311,448,136,312
E00000312,343,90,253
E00000313,442,118,324
E00000314,441,117,324
E00000315,304,89,215
E00000316,383,99,284
E00000317,229,85,144
E00000318,201,42,159
E00000319,297,63,234
E00000320,426,126,300
E00000321,313,86,227
E00000322,334,91,243
E00000323,242,50,192
E00000324,372,109,263
E00000325,351,96,255
E00000326,406,116,290
E00000327,305,90,215
E00000328,438,144,294
E00000329,306,81,225
E00000330,259,87,172
E00000331,392,135,257
E00000332,490,129,361
E00000333,437,136,301
E00000334,414,104,310
E00000335,401,97,304
E00000336,496,127,369
E00000337,322,84,238
E00000338,402,106,296
E00000340,335,68,267
E00000341,490,146,344
E00000342,398,104,294
E00000343,457,117,340
E00000344,443,105,338
E00000345,463,111,352
E00000346,476,120,356
E00000347,413,114,299
E00000348,482,121,361
E00000349,457,135,322
E00000350,352,79,273
E00000351,481,159,322
E00000353,425,100,325
E00000354,609,252,357
E00000355,429,126,303
E00000356,412,114,298
E00000357,474,160,314
E00000358,313,111,202
E00000360,324,90,234
E00000361,315,87,228
E00000362,342,100,242
E00000363,358,103,255
E00000364,313,79,234
E00000365,260,73,187
E00000366,301,75,226
E00000367,402,109,293
E00000368,318,98,220
E00000369,311,77,234
E00000370,372,121,251
E00000371,288,73,215
E00000372,345,106,239
E00000373,341,84,257
E00000374,360,91,269
E00000375,291,102,189
E00000376,385,91,294
E00000377,286,72,214
E00000378,282,69,213
E00000379,392,101,291
E00000380,413,131,282
E00000381,358,101,257
E00000382,341,107,234
E00000383,291,75,216
E00000384,328,77,251
E00000385,293,87,206
E00000386,397,83,314
E00000387,375,115,260
E00000388,367,90,277
E00000389,373,111,262
E00000390,395,140,255
E00000391,323,97,226
E00000392,339,110,229
E00000393,432,125,307
E00000394,373,112,261
E00000395,387,101,286
E00000396,307,73,234
E00000397,343,92,251
E00000398,346,90,256
E00000399,337,107,230
E00000400,375,101,274
E00000401,327,87,240
E00000402,351,93,258
E00000403,394,113,281
E00000404,385,98,287
E00000405,422,114,308
E00000406,347,104,243
E00000407,338,87,251
E00000408,300,94,206
E00000409,325,71,254
E00000410,294,83,211
E00000411,284,72,212
E00000412,309,67,242
E00000413,313,101,212
E00000414,325,100,225
E00000415,314,85,229
E00000416,409,106,303
E00000417,334,101,233
E00000418,372,126,246
E00000419,321,102,219
E00000420,316,84,232
E00000421,386,118,268
E00000422,400,97,303
E00000423,305,87,218
E00000424,475,120,355
E00000425,404,126,278
E00000426,353,109,244
E00000427,334,80,254
E00000428,411,130,281
E00000429,329,108,221
E00000430,306,103,203
E00000431,463,147,316
E00000432,350,117,233
E00000433,304,117,187
E00000434,381,128,253
E00000435,365,108,257
E00000436,353,122,231
E00000437,392,117,275
E00000438,415,149,266
E00000439,283,69,214
E00000440,353,102,251
E00000441,367,86,281
E00000442,278,80,198
E00000443,291,83,208
E00000444,341,127,214
E00000445,390,105,285
E00000446,350,115,235
E00000447,225,59,166
E00000448,299,72,227
E00000449,351,97,254
E00000450,318,109,209
E00000451,423,178,245
E00000453,431,148,283
E00000454,278,85,193
E00000455,508,142,366
E00000456,392,123,269
E00000457,437,116,321
E00000461,344,128,216
E00000462,337,112,225
E00000463,445,113,332
E00000464,535,196,339
E00000465,387,100,287
E00000466,311,90,221
E00000467,358,107,251
E00000468,359,131,228
E00000469,473,141,332
E00000470,432,127,305
E00000471,440,134,306
E00000472,328,91,237
E00000475,336,116,220
E00000476,325,149,176
E00000477,441,178,263
E00000478,387,113,274
E00000479,382,140,242
E00000480,324,100,224
E00000481,333,96,237
E00000482,359,108,251
E00000483,374,91,283
E00000484,398,108,290
E00000485,417,134,283
E00000487,279,65,214
E00000488,381,105,276
E00000489,461,161,300
E00000490,384,104,280
E00000491,341,101,240
E00000492,333,102,231
E00000493,340,92,248
E00000494,417,108,309
E00000495,330,87,243
E00000496,325,89,236
E00000497,335,98,237
E00000498,292,77,215
E00000499,343,97,246
E00000500,320,80,240
E00000501,240,53,187
E00000502,315,102,213
E00000503,309,76,233
E00000504,262,85,177
E00000505,375,120,255
E00000506,439,124,315
E00000507,370,103,267
E00000508,304,79,225
E00000509,290,83,207
E00000510,355,95,260
E00000511,430,115,315
E00000512,301,62,239
E00000513,353,80,273
E00000514,302,99,203
E00000515,230,56,174
E00000516,271,94,177
E00000517,302,78,224
E00000518,278,67,211
E00000519,319,79,240
E00000520,454,119,335
E00000521,365,95,270
E00000522,230,68,162
E00000523,361,99,262
E00000524,340,107,233
E00000525,433,156,277
E00000526,389,112,277
E00000527,400,89,311
E00000528,300,96,204
E00000529,190,41,149
E00000530,260,87,173
E00000531,287,86,201
E00000532,391,101,290
E00000533,296,47,249
E00000534,343,92,251
E00000535,328,86,242
E00000536,227,93,134
E00000537,369,115,254
E00000538,294,81,213
E00000539,319,60,259
E00000540,293,64,229
E00000541,299,75,224
E00000542,174,45,129
E00000543,378,100,278
E00000544,444,138,306
E00000545,321,70,251
E00000547,409,122,287
E00000548,433,142,291
E00000549,255,54,201
E00000550,355,105,250
E00000551,291,79,212
E00000552,385,120,265
E00000553,439,152,287
E00000554,368,80,288
E00000555,425,122,303
E00000556,401,109,292
E00000557,301,89,212
E00000558,319,110,209
E00000559,356,99,257
E00000560,345,80,265
E00000561,350,85,265
E00000562,457,112,345
E00000563,259,50,209
E00000564,314,87,227
E00000565,301,78,223
E00000566,381,98,283
E00000567,337,84,253
E00000568,401,128,273
E00000569,369,103,266
E00000570,298,67,231
E00000571,405,120,285
E00000572,386,96,290
E00000573,471,100,371
E00000574,289,53,236
E00000575,375,118,257
E00000576,351,86,265
E00000577,261,65,196
E00000578,388,75,313
E00000579,485,126,359
E00000580,356,81,275
E00000581,409,70,339
E00000583,432,96,336
E00000584,326,80,246
E00000585,365,88,277
E00000586,330,76,254
E00000587,336,85,251
E00000588,371,89,282
E00000589,317,52,265
E00000590,338,69,269
E00000591,332,75,257
E00000592,360,88,272
E00000593,356,65,291
E00000594,330,70,260
E00000595,398,97,301
E00000596,321,78,243
E00000597,322,68,254
E00000598,420,129,291
E00000599,334,78,256
E00000600,343,78,265
E00000601,351,73,278
E00000602,281,40,241
E00000603,305,62,243
E00000604,345,49,296
E00000605,386,71,315
E00000606,315,80,235
E00000607,409,75,334
E00000608,333,95,238
E00000609,438,98,340
E00000610,322,54,268
E00000611,323,71,252
E00000612,344,88,256
E00000613,368,64,304
E00000614,331,72,259
E00000615,304,64,240
E00000616,375,103,272
E00000617,284,59,225
E00000618,278,59,219
E00000619,363,66,297
E00000620,373,84,289
E00000622,250,47,203
E00000624,287,89,198
E00000625,363,90,273
E00000626,294,57,237
E00000627,330,99,231
E00000628,402,84,318
E00000629,370,60,310
E00000630,296,58,238
E00000631,333,78,255
E00000632,290,81,209
E00000633,377,109,268
E00000634,407,111,296
E00000635,279,51,228
E00000636,364,99,265
E00000637,373,108,265
E00000638,362,99,263
E00000640,354,88,266
E00000641,301,77,224
E00000642,325,74,251
E00000643,301,74,227
E00000644,325,94,231
E00000645,327,100,227
E00000646,356,81,275
E00000647,395,100,295
E00000648,345,76,269
E00000649,290,87,203
E00000650,384,104,280
E00000651,505,122,383
E00000652,207,56,151
E00000653,386,94,292
E00000654,325,81,244
E00000655,328,59,269
E00000656,320,79,241
E00000657,421,117,304
E00000658,547,164,383
E00000659,280,60,220
E00000660,413,146,267
E00000661,399,102,297
E00000662,319,78,241
E00000663,239,49,190
E00000664,435,95,340
E00000666,304,84,220
E00000667,405,114,291
E00000668,277,76,201
E00000669,357,78,279
E00000670,372,79,293
E00000671,289,52,237
E00000672,344,69,275
E00000674,373,88,285
E00000675,255,35,220
E00000676,342,70,272
E00000677,231,41,190
E00000678,286,72,214
E00000679,365,68,297
E00000681,268,65,203
E00000682,309,89,220
E00000683,297,68,229
E00000684,281,56,225
E00000685,383,55,328
E00000686,265,39,226
E00000687,269,52,217
E00000688,331,77,254
E00000689,381,120,261
E00000690,390,106,284
E00000691,281,56,225
E00000692,368,136,232
E00000693,299,76,223
E00000694,376,101,275
E00000695,368,106,262
E00000697,359,91,268
E00000698,550,103,447
E00000699,334,63,271
E00000700,308,68,240
E00000701,316,95,221
E00000702,425,77,348
E00000703,375,104,271
E00000704,253,35,218
E00000705,357,103,254
E00000706,315,58,257
E00000707,386,70,316
E00000708,381,83,298
E00000709,334,95,239
E00000710,480,96,384
E00000711,462,85,377
E00000712,346,56,290
E00000713,341,80,261
E00000714,327,75,252
E00000715,357,91,266
E00000716,422,98,324
E00000717,288,95,193
E00000718,309,80,229
E00000719,275,49,226
E00000720,336,78,258
E00000721,378,70,308
E00000722,293,78,215
E00000723,284,61,223
E00000724,180,25,155
E00000725,342,77,265
E00000726,444,77,367
E00000727,418,101,317
E00000728,466,68,398
E00000730,477,111,366
E00000732,434,89,345
E00000737,286,107,179
E00000738,277,83,194
E00000739,441,171,270
E00000740,257,75,182
E00000742,338,107,231
E00000743,270,86,184
E00000745,301,108,193
E00000746,195,67,128
E00000747,287,136,151
E00000748,530,180,350
E00000749,176,38,138
E00000750,284,124,160
E00000751,416,110,306
E00000752,309,70,239
E00000754,381,91,290
E00000755,259,75,184
E00000756,266,64,202
E00000757,263,55,208
E00000758,212,42,170
E00000761,486,102,384
E00000763,255,49,206
E00000767,364,107,257
E00000768,340,58,282
E00000769,554,91,463
E00000770,437,120,317
E00000771,533,120,413
E00000772,230,45,185
E00000773,309,73,236
E00000774,295,60,235
E00000775,385,100,285
E00000776,363,87,276
E00000777,300,51,249
E00000778,341,77,264
E00000779,378,86,292
E00000780,321,87,234
E00000781,489,79,410
E00000782,368,75,293
E00000783,232,37,195
E00000785,402,90,312
E00000786,452,93,359
E00000787,298,53,245
E00000788,280,64,216
E00000789,218,35,183
E00000790,200,45,155
E00000791,242,67,175
E00000792,320,99,221
E00000793,330,74,256
E00000794,378,101,277
E00000795,342,77,265
E00000796,341,89,252
E00000797,322,86,236
E00000798,293,74,219
E00000799,328,93,235
E00000800,391,113,278
E00000801,304,70,234
E00000802,301,70,231
E00000803,234,42,192
E00000804,436,111,325
E00000805,374,95,279
E00000806,326,84,242
E00000807,272,76,196
E00000808,281,60,221
E00000809,247,87,160
E00000810,266,51,215
E00000811,364,68,296
E00000812,376,63,313
E00000813,365,75,290
E00000814,259,65,194
E00000815,260,42,218
E00000816,329,96,233
E00000817,413,102,311
E00000818,291,41,250
E00000819,320,57,263
E00000820,316,65,251
E00000821,187,22,165
E00000822,214,47,167
E00000823,349,77,272
E00000824,263,57,206
E00000825,205,25,180
E00000826,237,42,195
E00000827,338,62,276
E00000828,268,52,216
E00000829,332,74,258
E00000830,518,96,422
E00000831,337,69,268
E00000832,302,56,246
E00000833,238,41,197
E00000834,293,63,230
E00000835,271,45,226
E00000836,307,54,253
E00000837,198,34,164
E00000838,228,57,171
E00000839,291,56,235
E00000840,367,98,269
E00000841,302,66,236
E00000842,350,79,271
E00000843,485,114,371
E00000844,295,64,231
E00000845,327,75,252
E00000846,463,131,332
E00000847,303,51,252
E00000848,331,76,255
E00000849,336,106,230
E00000850,254,35,219
E00000851,322,66,256
E00000852,289,75,214
E00000853,300,83,217
E00000854,326,79,247
E00000855,350,77,273
E00000856,333,92,241
E00000857,363,138,225
E00000858,347,76,271
E00000859,195,49,146
E00000860,318,75,243
E00000861,303,67,236
E00000863,299,54,245
E00000864,364,85,279
E00000865,422,98,324
E00000866,307,38,269
E00000867,312,81,231
E00000868,273,60,213
E00000869,305,57,248
E00000870,241,51,190
E00000871,315,75,240
E00000872,328,150,178
E00000873,345,88,257
E00000874,214,29,185
E00000875,230,52,178
E00000876,312,91,221
E00000877,346,75,271
E00000878,390,67,323
E00000880,291,63,228
E00000881,349,88,261
E00000882,408,135,273
E00000883,296,71,225
E00000884,257,43,214
E00000885,280,59,221
E00000886,309,65,244
E00000887,268,52,216
E00000888,225,42,183
E00000889,288,67,221
E00000890,408,69,339
E00000891,296,55,241
E00000892,351,100,251
E00000893,288,43,245
E00000894,296,57,239
E00000895,330,68,262
E00000896,239,45,194
E00000897,189,35,154
E00000898,354,83,271
E00000899,341,93,248
E00000900,286,56,230
E00000901,256,39,217
E00000902,309,81,228
E00000903,192,29,163
E00000904,203,36,167
E00000905,302,73,229
E00000906,254,37,217
E00000907,299,79,220
E00000908,267,60,207
E00000909,376,71,305
E00000910,329,79,250
E00000911,333,34,299
E00000912,280,59,221
E00000913,355,54,301
E00000914,227,41,186
E00000915,290,63,227
E00000916,277,38,239
E00000917,189,38,151
E00000918,194,13,181
E00000919,363,81,282
E00000920,359,65,294
E00000921,338,80,258
E00000922,359,92,267
E00000923,218,39,179
E00000924,312,79,233
E00000925,375,110,265
E00000926,332,77,255
E00000927,333,87,246
E00000928,366,102,264
E00000929,401,103,298
E00000930,389,116,273
E00000931,414,155,259
E00000932,436,122,314
E00000934,393,141,252
E00000935,383,91,292
E00000936,475,96,379
E00000937,424,109,315
E00000938,397,115,282
E00000939,427,112,315
E00000940,318,77,241
E00000941,401,109,292
E00000943,400,80,320
E00000944,447,118,329
E00000945,335,97,238
E00000947,425,90,335
E00000948,379,91,288
E00000949,300,41,259
E00000950,332,78,254
E00000951,363,89,274
E00000952,363,85,278
E00000953,461,106,355
E00000954,356,69,287
E00000955,412,130,282
E00000956,347,79,268
E00000958,511,139,372
E00000959,450,116,334
E00000960,409,85,324
E00000961,463,139,324
E00000962,431,136,295
E00000963,368,110,258
E00000964,324,79,245
E00000965,267,60,207
E00000966,279,59,220
E00000967,297,69,228
E00000968,449,93,356
E00000969,315,62,253
E00000970,326,85,241
E00000971,309,50,259
E00000972,358,84,274
E00000973,292,55,237
E00000974,275,47,228
E00000975,304,68,236
E00000976,386,95,291
E00000977,431,98,333
E00000978,277,54,223
E00000979,348,73,275
E00000980,267,48,219
E00000981,424,119,305
E00000982,391,105,286
E00000983,361,92,269
E00000984,361,56,305
E00000985,315,70,245
E00000986,352,68,284
E00000987,336,69,267
E00000988,301,72,229
E00000990,270,61,209
E00000991,336,38,298
E00000992,371,69,302
E00000993,329,77,252
E00000994,219,26,193
E00000995,252,35,217
E00000996,342,68,274
E00000997,559,165,394
E00000998,247,38,209
E00000999,346,58,288
E00001000,269,43,226
E00001001,243,38,205
E00001002,406,105,301
E00001003,328,72,256
E00001004,370,76,294
E00001005,332,55,277
E00001006,402,120,282
E00001007,348,85,263
E00001008,350,65,285
E00001009,313,52,261
E00001010,315,57,258
E00001011,353,78,275
E00001012,169,35,134
E00001013,375,59,316
E00001014,399,71,328
E00001015,408,124,284
E00001016,280,30,250
E00001017,273,60,213
E00001018,263,69,194
E00001019,229,41,188
E00001020,344,102,242
E00001021,393,116,277
E00001022,272,59,213
E00001023,275,68,207
E00001024,306,87,219
E00001025,352,95,257
E00001026,363,74,289
E00001027,291,67,224
E00001028,389,77,312
E00001029,241,37,204
E00001030,289,70,219
E00001031,307,70,237
E00001032,279,39,240
E00001033,235,50,185
E00001034,238,54,184
E00001035,262,29,233
E00001036,227,36,191
E00001037,361,88,273
E00001038,278,62,216
E00001039,188,24,164
E00001040,245,45,200
E00001041,136,3,133
E00001042,233,43,190
E00001043,348,91,257
E00001044,261,43,218
E00001045,272,40,232
E00001046,377,134,243
E00001047,374,101,273
E00001048,431,80,351
E00001049,361,92,269
E00001050,375,80,295
E00001051,277,45,232
E00001052,277,52,225
E00001053,338,80,258
E00001054,260,48,212
E00001055,349,60,289
E00001056,345,67,278
E00001057,377,85,292
E00001058,302,79,223
E00001059,404,100,304
E00001060,196,27,169
E00001061,454,125,329
E00001062,520,168,352
E00001063,417,153,264
E00001064,338,117,221
E00001065,368,115,253
E00001066,477,126,351
E00001067,423,121,302
E00001068,438,153,285
E00001069,476,75,401
E00001071,347,73,274
E00001072,465,130,335
E00001073,361,113,248
E00001074,449,118,331
E00001075,420,113,307
E00001076,309,67,242
E00001077,398,107,291
E00001078,288,109,179
E00001079,273,103,170
E00001081,411,109,302
E00001082,383,108,275
E00001083,328,93,235
E00001084,374,115,259
E00001085,429,109,320
E00001086,413,91,322
E00001087,350,95,255
E00001089,456,129,327
E00001090,268,62,206
E00001091,371,95,276
E00001092,474,156,318
E00001093,437,149,288
E00001094,486,183,303
E00001095,366,110,256
E00001096,324,142,182
E00001097,498,195,303
E00001098,464,121,343
E00001099,351,87,264
E00001100,362,121,241
E00001101,320,82,238
E00001102,280,72,208
E00001103,437,153,284
E00001104,398,133,265
E00001105,332,82,250
E00001106,347,85,262
E00001107,465,150,315
E00001108,403,101,302
E00001109,386,103,283
E00001110,365,90,275
E00001111,382,102,280
E00001112,345,98,247
E00001113,349,100,249
E00001114,533,109,424
E00001115,326,82,244
E00001116,264,66,198
E00001117,282,69,213
E00001118,420,134,286
E00001119,272,71,201
E00001120,348,89,259
E00001121,329,78,251
E00001122,285,58,227
E00001123,316,96,220
E00001124,392,115,277
E00001125,389,131,258
E00001126,335,76,259
E00001127,304,79,225
E00001128,410,94,316
E00001129,356,102,254
E00001130,349,76,273
E00001131,317,81,236
E00001132,291,48,243
E00001133,286,62,224
E00001134,366,61,305
E00001135,359,93,266
E00001136,445,91,354
E00001137,365,78,287
E00001138,348,96,252
E00001139,365,84,281
E00001140,255,46,209
E00001141,329,65,264
E00001142,394,94,300
E00001143,332,53,279
E00001144,334,72,262
E00001145,419,101,318
E00001146,357,93,264
E00001147,345,72,273
E00001148,326,76,250
E00001149,294,67,227
E00001150,393,86,307
E00001151,318,74,244
E00001152,334,87,247
E00001153,366,69,297
E00001154,327,60,267
E00001155,242,57,185
E00001156,182,36,146
E00001157,355,72,283
E00001158,433,134,299
E00001159,335,59,276
E00001160,492,135,357
E00001161,391,103,288
E00001162,244,55,189
E00001163,383,105,278
E00001164,230,48,182
E00001165,378,97,281
E00001166,395,87,308
E00001167,326,109,217
E00001168,378,133,245
E00001169,383,127,256
E00001170,264,78,186
E00001171,311,79,232
E00001172,359,99,260
E00001173,392,111,281
E00001174,461,137,324
E00001175,307,81,226
E00001176,276,66,210
E00001177,435,127,308
E00001178,408,84,324
E00001179,440,87,353
E00001180,250,42,208
E00001181,431,101,330
E00001182,296,70,226
E00001183,483,148,335
E00001184,351,83,268
E00001185,360,73,287
E00001186,350,110,240
E00001187,374,84,290
E00001188,289,74,215
E00001189,410,110,300
E00001191,408,74,334
E00001192,284,53,231
E00001193,444,134,310
E00001194,273,47,226
E00001195,279,73,206
E00001196,341,100,241
E00001197,285,72,213
E00001198,282,80,202
E00001199,326,87,239
E00001200,369,135,234
E00001201,371,125,246
E00001202,372,116,256
E00001203,181,33,148
E00001204,305,79,226
E00001205,390,166,224
E00001207,275,69,206
E00001208,336,73,263
E00001209,323,71,252
E00001210,299,57,242
E00001212,269,61,208
E00001213,304,51,253
E00001214,226,32,194
E00001215,271,40,231
E00001216,259,40,219
E00001217,285,54,231
E00001218,276,57,219
E00001219,324,72,252
E00001220,510,129,381
E00001221,304,62,242
E00001222,313,72,241
E00001223,346,48,298
E00001224,267,51,216
E00001226,272,47,225
E00001227,308,63,245
E00001228,345,71,274
E00001229,300,53,247
E00001230,341,54,287
E00001231,208,24,184
E00001232,171,33,138
E00001233,351,70,281
E00001234,289,36,253
E00001235,505,112,393
E00001236,275,53,222
E00001237,384,59,325
E00001238,293,52,241
E00001239,287,56,231
E00001240,291,57,234
E00001241,282,64,218
E00001242,313,71,242
E00001243,352,53,299
E00001244,326,38,288
E00001245,203,20,183
E00001246,221,18,203
E00001247,283,30,253
E00001248,386,61,325
E00001249,316,60,256
E00001250,282,65,217
E00001251,344,51,293
E00001252,227,40,187
E00001253,216,35,181
E00001254,398,65,333
E00001255,420,91,329
E00001256,336,86,250
E00001257,356,86,270
E00001258,275,59,216
E00001259,290,69,221
E00001261,298,49,249
E00001262,374,87,287
E00001265,379,55,324
E00001266,226,26,200
E00001267,269,52,217
E00001268,352,64,288
E00001269,252,49,203
E00001270,407,60,347
E00001271,580,103,477
E00001272,302,65,237
E00001273,436,110,326
E00001274,336,74,262
E00001275,421,73,348
E00001276,325,65,260
E00001277,453,170,283
E00001278,345,88,257
E00001279,317,91,226
E00001280,262,63,199
E00001281,418,86,332
E00001282,354,72,282
E00001283,386,90,296
E00001284,251,47,204
E00001285,319,70,249
E00001286,304,48,256
E00001288,507,99,408
E00001289,338,69,269
E00001290,349,72,277
E00001291,547,131,416
E00001292,291,64,227
E00001293,374,86,288
E00001294,489,129,360
E00001295,519,201,318
E00001296,313,67,246
E00001297,367,111,256
E00001298,382,88,294
E00001299,310,77,233
E00001300,348,88,260
E00001301,319,72,247
E00001302,282,54,228
E00001303,313,56,257
E00001304,313,61,252
E00001305,465,73,392
E00001306,397,62,335
E00001307,301,52,249
E00001308,336,37,299
E00001309,332,90,242
E00001310,169,24,145
E00001311,351,86,265
E00001312,342,58,284
E00001313,250,43,207
E00001314,337,54,283
E00001315,211,20,191
E00001316,273,62,211
E00001317,400,111,289
E00001318,294,49,245
E00001319,351,76,275
E00001320,327,61,266
E00001321,341,80,261
E00001322,474,129,345
E00001323,363,84,279
E00001324,345,64,281
E00001325,249,65,184
E00001326,328,68,260
E00001327,311,64,247
E00001328,302,65,237
E00001329,351,107,244
E00001330,352,67,285
E00001331,229,35,194
E00001333,241,36,205
E00001334,249,36,213
E00001335,354,84,270
E00001336,312,59,253
E00001337,334,63,271
E00001338,308,56,252
E00001339,305,72,233
E00001340,330,69,261
E00001341,294,54,240
E00001342,253,48,205
E00001343,313,68,245
E00001344,309,70,239
E00001345,336,52,284
E00001346,346,64,282
E00001347,316,58,258
E00001348,329,73,256
E00001349,269,35,234
E00001350,254,54,200
E00001351,198,26,172
E00001352,398,59,339
E00001353,363,67,296
E00001354,270,48,222
E00001355,347,69,278
E00001356,289,30,259
E00001357,218,31,187
E00001358,348,68,280
E00001359,230,27,203
E00001360,376,108,268
E00001361,291,89,202
E00001362,399,117,282
E00001363,340,97,243
E00001364,355,95,260
E00001365,350,73,277
E00001366,356,91,265
E00001367,282,47,235
E00001368,327,78,249
E00001369,316,54,262
E00001370,308,57,251
E00001371,341,45,296
E00001372,345,67,278
E00001374,320,51,269
E00001375,358,78,280
E00001376,359,89,270
E00001377,124,12,112
E00001378,291,78,213
E00001379,433,100,333
E00001380,341,68,273
E00001381,314,63,251
E00001382,301,77,224
E00001383,282,71,211
E00001384,265,46,219
E00001385,333,79,254
E00001386,321,69,252
E00001387,311,54,257
E00001388,339,71,268
E00001389,318,64,254
E00001390,242,37,205
E00001391,350,86,264
E00001392,308,50,258
E00001393,331,66,265
E00001394,374,108,266
E00001395,302,67,235
E00001396,415,81,334
E00001397,342,83,259
E00001398,319,79,240
E00001399,270,57,213
E00001400,315,71,244
E00001401,268,56,212
E00001402,448,96,352
E00001403,442,83,359
E00001404,304,68,236
E00001405,422,88,334
E00001406,346,95,251
E00001407,480,109,371
E00001408,165,18,147
E00001410,326,64,262
E00001411,249,82,167
E00001412,279,41,238
E00001413,314,73,241
E00001415,299,73,226
E00001416,300,66,234
E00001417,411,137,274
E00001418,252,55,197
E00001419,302,53,249
E00001420,311,85,226
E00001421,309,70,239
E00001422,236,12,224
E00001423,383,78,305
E00001424,316,55,261
E00001425,284,57,227
E00001426,255,37,218
E00001427,320,58,262
E00001428,263,39,224
E00001429,423,86,337
E00001430,295,66,229
E00001431,227,38,189
E00001432,348,61,287
E00001433,259,35,224
E00001434,307,57,250
E00001435,324,71,253
E00001436,349,98,251
E00001437,256,42,214
E00001438,277,48,229
E00001439,368,70,298
E00001440,254,47,207
E00001441,317,69,248
E00001442,298,76,222
E00001443,282,72,210
E00001444,326,73,253
E00001445,268,50,218
E00001446,343,76,267
E00001447,359,77,282
E00001448,311,47,264
E00001449,324,62,262
E00001450,282,50,232
E00001451,323,55,268
E00001452,239,44,195
E00001453,348,61,287
E00001454,213,35,178
E00001455,357,50,307
E00001456,296,48,248
E00001457,319,47,272
E00001458,305,55,250
E00001459,281,50,231
E00001460,358,78,280
E00001461,272,45,227
E00001462,320,45,275
E00001463,244,40,204
E00001464,373,78,295
E00001465,344,60,284
E00001466,394,84,310
E00001467,297,52,245
E00001468,351,85,266
E00001469,181,29,152
E00001470,231,40,191
E00001471,355,72,283
E00001472,335,88,247
E00001474,344,78,266
E00001475,322,57,265
E00001476,364,69,295
E00001477,253,51,202
E00001478,453,75,378
E00001479,256,27,229
E00001480,271,53,218
E00001481,331,67,264
E00001482,244,42,202
E00001483,342,81,261
E00001484,235,45,190
E00001485,231,48,183
E00001486,315,50,265
E00001487,334,68,266
E00001488,359,77,282
E00001489,342,77,265
E00001490,382,70,312
E00001491,327,70,257
E00001492,386,77,309
E00001493,306,66,240
E00001494,368,65,303
E00001495,436,92,344
E00001496,423,102,321
E00001497,401,95,306
E00001498,396,80,316
E00001499,352,54,298
E00001500,346,64,282
E00001503,293,50,243
E00001504,264,54,210
E00001505,445,136,309
E00001506,460,103,357
E00001507,141,6,135
E00001508,339,56,283
E00001509,437,83,354
E00001511,355,71,284
E00001512,427,83,344
E00001514,447,78,369
E00001516,399,65,334
E00001517,510,106,404
E00001518,372,100,272
E00001519,399,86,313
E00001520,283,56,227
E00001521,249,61,188
E00001522,540,160,380
E00001523,423,90,333
E00001524,344,94,250
E00001525,448,75,373
E00001526,338,100,238
E00001527,402,160,242
E00001528,303,68,235
E00001529,364,84,280
E00001530,329,50,279
E00001531,439,176,263
E00001534,384,78,306
E00001535,313,64,249
E00001536,432,120,312
E00001537,311,73,238
E00001538,266,59,207
E00001539,394,101,293
E00001540,512,84,428
E00001541,331,90,241
E00001542,389,109,280
E00001543,359,67,292
E00001544,306,58,248
E00001545,431,121,310
E00001546,427,101,326
E00001547,419,110,309
E00001548,305,68,237
E00001549,392,74,318
E00001550,375,81,294
E00001551,431,91,340
E00001552,188,29,159
E00001553,379,86,293
E00001554,320,88,232
E00001555,403,98,305
E00001556,286,54,232
E00001557,487,175,312
E00001558,283,62,221
E00001559,363,87,276
E00001560,288,59,229
E00001561,312,58,254
E00001562,277,74,203
E00001563,299,71,228
E00001564,306,65,241
E00001565,294,57,237
E00001566,308,71,237
E00001567,515,111,404
E00001568,336,75,261
E00001570,290,58,232
E00001571,328,60,268
E00001572,368,53,315
E00001574,290,41,249
E00001575,334,56,278
E00001576,263,44,219
E00001577,439,75,364
E00001578,365,74,291
E00001579,396,75,321
E00001580,263,48,215
E00001581,328,22,306
E00001582,297,64,233
E00001583,250,53,197
E00001584,248,27,221
E00001585,301,64,237
E00001586,265,66,199
E00001587,285,76,209
E00001588,275,65,210
E00001589,347,80,267
E00001590,382,62,320
E00001591,396,114,282
E00001592,327,57,270
E00001593,229,49,180
E00001594,326,71,255
E00001595,257,48,209
E00001596,434,82,352
E00001597,283,61,222
E00001598,352,76,276
E00001599,273,59,214
E00001600,311,68,243
E00001601,302,61,241
E00001602,325,63,262
E00001603,344,76,268
E00001604,286,53,233
E00001605,313,59,254
E00001606,342,67,275
E00001607,342,66,276
E00001608,330,68,262
E00001609,236,37,199
E00001610,322,66,256
E00001611,352,74,278
E00001612,303,54,249
E00001613,352,87,265
E00001614,288,43,245
E00001615,262,36,226
E00001616,300,65,235
E00001617,224,30,194
E00001618,498,109,389
E00001619,373,63,310
E00001620,279,46,233
E00001621,254,42,212
E00001622,313,65,248
E00001623,201,15,186
E00001624,287,57,230
E00001625,210,24,186
E00001626,346,77,269
E00001627,348,82,266
E00001628,302,68,234
E00001629,283,48,235
E00001630,345,88,257
E00001631,315,63,252
E00001633,322,64,258
E00001634,262,64,198
E00001635,389,100,289
E00001636,222,50,172
E00001637,346,72,274
E00001638,420,112,308
E00001639,302,90,212
E00001640,380,84,296
E00001641,227,71,156
E00001642,351,89,262
E00001643,366,75,291
E00001644,339,83,256
E00001645,351,93,258
E00001646,329,99,230
E00001647,358,75,283
E00001648,292,90,202
E00001649,352,78,274
E00001650,279,54,225
E00001651,316,43,273
E00001652,342,75,267
E00001653,313,60,253
E00001654,312,60,252
E00001655,301,60,241
E00001656,261,40,221
E00001657,246,45,201
E00001658,288,71,217
E00001659,347,94,253
E00001660,317,76,241
E00001661,297,54,243
E00001662,283,51,232
E00001663,289,52,237
E00001664,358,61,297
E00001665,316,58,258
E00001666,330,48,282
E00001667,331,80,251
E00001668,333,82,251
E00001669,326,58,268
E00001670,245,57,188
E00001671,211,27,184
E00001672,257,45,212
E00001673,324,68,256
E00001674,353,73,280
E00001675,272,45,227
E00001676,345,81,264
E00001677,261,39,222
E00001678,402,70,332
E00001679,285,47,238
E00001680,287,74,213
E00001681,334,61,273
E00001682,361,85,276
E00001683,301,63,238
E00001684,245,77,168
E00001685,335,73,262
E00001686,311,59,252
E00001687,287,50,237
E00001688,207,18,189
E00001689,327,62,265
E00001690,233,34,199
E00001691,369,85,284
E00001692,328,67,261
E00001693,312,55,257
E00001694,380,80,300
E00001695,387,75,312
E00001696,299,51,248
E00001697,283,49,234
E00001698,295,55,240
E00001699,355,76,279
E00001700,339,57,282
E00001701,346,66,280
E00001702,252,44,208
E00001703,310,49,261
E00001704,280,39,241
E00001705,288,62,226
E00001706,276,48,228
E00001707,324,78,246
E00001708,259,41,218
E00001709,346,82,264
E00001710,181,21,160
E00001711,310,68,242
E00001712,319,60,259
E00001713,260,54,206
E00001714,341,52,289
E00001715,330,73,257
E00001716,373,82,291
E00001717,303,63,240
E00001718,358,60,298
E00001719,333,67,266
E00001720,294,60,234
E00001721,287,37,250
E00001722,341,82,259
E00001723,356,69,287
E00001724,351,66,285
E00001725,393,74,319
E00001726,319,50,269
E00001727,299,54,245
E00001728,308,51,257
E00001729,323,65,258
E00001730,367,84,283
E00001731,351,74,277
E00001732,311,57,254
E00001733,301,43,258
E00001734,298,42,256
E00001735,306,53,253
E00001736,293,62,231
E00001737,218,34,184
E00001738,321,73,248
E00001739,278,38,240
E00001740,294,52,242
E00001741,337,58,279
E00001742,326,68,258
E00001743,299,38,261
E00001744,289,52,237
E00001745,302,51,251
E00001746,278,49,229
E00001747,298,50,248
E00001748,355,56,299
E00001749,287,31,256
E00001750,266,53,213
E00001751,277,42,235
E00001752,333,72,261
E00001753,289,44,245
E00001754,291,62,229
E00001755,253,30,223
E00001756,311,56,255
E00001757,211,41,170
E00001758,354,58,296
E00001759,349,60,289
E00001760,281,47,234
E00001761,273,66,207
E00001762,284,54,230
E00001763,357,81,276
E00001764,307,53,254
E00001765,364,72,292
E00001766,298,66,232
E00001767,279,41,238
E00001768,378,56,322
E00001769,265,47,218
E00001770,315,61,254
E00001771,246,39,207
E00001772,348,62,286
E00001773,395,94,301
E00001774,397,78,319
E00001775,331,55,276
E00001776,451,82,369
E00001777,296,49,247
E00001778,291,58,233
E00001779,318,65,253
E00001780,265,47,218
E00001781,283,50,233
E00001782,258,54,204
E00001783,271,58,213
E00001784,264,44,220
E00001785,307,49,258
E00001786,348,74,274
E00001788,295,57,238
E00001789,280,53,227
E00001790,352,83,269
E00001791,242,35,207
E00001792,379,86,293
E00001793,426,66,360
E00001794,312,56,256
E00001795,269,62,207
E00001796,331,77,254
E00001797,281,49,232
E00001798,279,42,237
E00001799,326,96,230
E00001800,313,63,250
E00001802,331,75,256
E00001803,383,72,311
E00001804,207,25,182
E00001805,288,68,220
E00001806,309,57,252
E00001807,335,64,271
E00001808,316,92,224
E00001809,316,68,248
E00001810,354,58,296
E00001811,293,34,259
E00001812,268,36,232
E00001813,343,106,237
E00001814,279,60,219
E00001815,332,56,276
E00001816,227,44,183
E00001817,264,46,218
E00001818,326,64,262
E00001819,346,72,274
E00001820,319,59,260
E00001821,207,42,165
E00001822,402,109,293
E00001823,293,85,208
E00001824,369,97,272
E00001825,308,76,232
E00001826,146,58,88
E00001827,150,57,93
E00001828,280,100,180
E00001829,369,89,280
E00001830,336,105,231
E00001831,240,30,210
E00001832,301,59,242
E00001833,279,54,225
E00001834,448,101,347
E00001835,258,34,224
E00001836,435,101,334
E00001837,334,79,255
E00001838,360,85,275
E00001839,218,27,191
E00001840,255,43,212
E00001841,358,60,298
E00001843,276,49,227
E00001844,300,70,230
E00001845,225,28,197
E00001846,274,35,239
E00001847,350,51,299
E00001849,254,50,204
E00001851,262,56,206
E00001852,312,68,244
E00001853,309,61,248
E00001854,286,77,209
E00001855,272,59,213
E00001856,311,90,221
E00001857,313,67,246
E00001858,245,36,209
E00001859,212,35,177
E00001860,237,36,201
E00001861,245,39,206
E00001862,379,129,250
E00001864,307,75,232
E00001865,360,114,246
E00001866,272,62,210
E00001867,345,84,261
E00001868,312,54,258
E00001869,306,40,266
E00001870,289,58,231
E00001871,247,63,184
E00001872,292,49,243
E00001873,302,64,238
E00001874,387,87,300
E00001875,309,66,243
E00001876,319,68,251
E00001877,133,15,118
E00001878,341,75,266
E00001879,298,59,239
E00001880,309,66,243
E00001881,232,42,190
E00001882,231,55,176
E00001883,318,52,266
E00001884,257,46,211
E00001885,344,55,289
E00001886,282,52,230
E00001887,162,20,142
E00001888,333,65,268
E00001889,246,58,188
E00001890,289,77,212
E00001891,298,58,240
E00001892,326,52,274
E00001893,377,129,248
E00001894,227,48,179
E00001895,383,98,285
E00001896,427,108,319
E00001897,179,28,151
E00001898,283,58,225
E00001899,302,48,254
E00001900,291,48,243
E00001901,291,43,248
E00001902,255,39,216
E00001903,376,88,288
E00001904,282,56,226
E00001905,305,53,252
E00001906,360,67,293
E00001907,512,128,384
E00001908,428,67,361
E00001909,321,67,254
E00001910,194,16,178
E00001911,324,59,265
E00001912,504,100,404
E00001913,255,44,211
E00001914,292,53,239
E00001915,212,31,181
E00001916,162,33,129
E00001917,296,54,242
E00001918,326,66,260
E00001919,333,63,270
E00001920,294,49,245
E00001921,315,56,259
E00001922,301,43,258
E00001923,336,79,257
E00001924,293,66,227
E00001925,364,90,274
E00001926,333,70,263
E00001927,328,60,268
E00001928,291,64,227
E00001929,407,98,309
E00001930,388,82,306
E00001931,344,88,256
E00001932,229,38,191
E00001933,266,51,215
E00001934,337,69,268
E00001935,323,118,205
E00001936,322,68,254
E00001937,346,66,280
E00001938,378,67,311
E00001939,326,62,264
E00001940,315,64,251
E00001941,349,70,279
E00001943,221,39,182
E00001944,311,66,245
E00001945,347,45,302
E00001946,292,63,229
E00001947,288,57,231
E00001948,273,75,198
E00001949,257,44,213
E00001950,337,61,276
E00001951,239,21,218
E00001952,254,51,203
E00001953,377,73,304
E00001954,310,51,259
E00001955,439,84,355
E00001956,319,84,235
E00001957,393,65,328
E00001958,344,81,263
E00001959,319,72,247
E00001960,304,61,243
E00001961,312,53,259
E00001962,268,50,218
E00001963,324,72,252
E00001964,326,56,270
E00001965,406,100,306
E00001966,326,59,267
E00001967,264,36,228
E00001968,285,51,234
E00001969,299,53,246
E00001970,361,66,295
E00001971,345,67,278
E00001972,418,111,307
E00001973,256,42,214
E00001974,539,201,338
E00001975,289,92,197
E00001976,289,70,219
E00001977,334,56,278
E00001980,330,68,262
E00001982,267,46,221
E00001983,241,53,188
E00001984,421,131,290
E00001985,344,97,247
E00001986,345,95,250
E00001987,328,70,258
E00001988,212,45,167
E00001989,446,104,342
E00001990,288,37,251
E00001991,352,117,235
E00001993,325,89,236
E00001994,314,89,225
E00001995,367,99,268
E00001996,254,45,209
E00001997,325,95,230
E00001998,326,75,251
E00002000,350,97,253
E00002001,290,80,210
E00002002,406,106,300
E00002004,280,35,245
E00002005,300,65,235
E00002006,285,60,225
E00002007,355,84,271
E00002008,342,46,296
E00002009,380,76,304
E00002010,469,106,363
E00002011,337,48,289
E00002012,353,68,285
E00002013,361,74,287
E00002014,312,52,260
E00002015,380,78,302
E00002016,372,83,289
E00002017,370,83,287
E00002018,334,64,270
E00002019,323,61,262
E00002020,320,77,243
E00002021,320,62,258
E00002022,253,50,203
E00002023,312,56,256
E00002024,376,88,288
E00002025,302,65,237
E00002026,322,67,255
E00002027,352,49,303
E00002028,308,35,273
E00002029,329,80,249
E00002030,262,64,198
E00002031,397,102,295
E00002032,308,65,243
E00002033,328,65,263
E00002034,366,73,293
E00002035,280,53,227
E00002036,223,37,186
E00002037,409,97,312
E00002038,347,62,285
E00002039,284,56,228
E00002040,372,138,234
E00002042,464,135,329
E00002043,380,88,292
E00002044,315,82,233
E00002045,296,56,240
E00002046,224,35,189
E00002047,322,69,253
E00002048,302,87,215
E00002049,317,76,241
E00002050,260,46,214
E00002051,285,63,222
E00002052,291,73,218
E00002053,407,97,310
E00002054,326,52,274
E00002055,295,55,240
E00002056,355,81,274
E00002057,257,50,207
E00002058,277,42,235
E00002059,281,43,238
E00002060,252,27,225
E00002061,323,59,264
E00002062,266,43,223
E00002063,281,49,232
E00002064,231,21,210
E00002065,312,56,256
E00002066,385,74,311
E00002067,201,7,194
E00002068,252,61,191
E00002069,212,59,153
E00002070,422,119,303
E00002072,349,109,240
E00002073,263,53,210
E00002075,210,22,188
E00002076,418,55,363
E00002077,240,44,196
E00002078,393,78,315
E00002079,162,22,140
E00002080,170,19,151
E00002081,185,41,144
E00002082,329,63,266
E00002083,308,72,236
E00002084,225,51,174
E00002085,494,98,396
E00002086,272,66,206
E00002087,249,46,203
E00002088,290,57,233
E00002089,282,45,237
E00002090,242,47,195
E00002091,259,51,208
E00002092,305,53,252
E00002093,238,29,209
E00002094,379,74,305
E00002095,352,91,261
E00002096,227,37,190
E00002097,320,65,255
E00002098,305,35,270
E00002099,335,74,261
E00002100,347,63,284
E00002101,200,14,186
E00002102,239,40,199
E00002103,333,63,270
E00002104,238,39,199
E00002105,275,34,241
E00002106,294,59,235
E00002107,227,39,188
E00002108,400,117,283
E00002109,364,109,255
E00002110,438,120,318
E00002111,336,109,227
E00002112,222,52,170
E00002114,233,65,168
E00002115,360,106,254
E00002117,370,118,252
E00002118,311,95,216
E00002120,499,136,363
E00002121,193,58,135
E00002123,220,32,188
E00002124,224,59,165
E00002125,293,67,226
E00002126,438,118,320
E00002127,359,102,257
E00002128,316,84,232
E00002129,359,97,262
E00002130,401,108,293
E00002131,391,107,284
E00002132,212,41,171
E00002133,344,62,282
E00002134,378,115,263
E00002135,339,100,239
E00002136,308,55,253
E00002137,352,94,258
E00002138,231,68,163
E00002139,230,77,153
E00002140,259,70,189
E00002141,332,95,237
E00002142,211,35,176
E00002143,397,107,290
E00002144,358,96,262
E00002145,357,84,273
E00002146,322,80,242
E00002147,309,43,266
E00002148,296,97,199
E00002149,296,58,238
E00002150,352,67,285
E00002151,358,105,253
E00002152,314,73,241
E00002153,345,54,291
E00002154,322,58,264
E00002155,245,38,207
E00002156,278,56,222
E00002157,345,73,272
E00002158,308,71,237
E00002159,293,57,236
E00002160,310,70,240
E00002161,387,73,314
E00002162,308,56,252
E00002163,388,84,304
E00002164,312,49,263
E00002165,345,85,260
E00002166,313,82,231
E00002167,298,68,230
E00002168,295,66,229
E00002169,356,108,248
E00002170,343,81,262
E00002171,303,72,231
E00002172,341,50,291
E00002173,336,61,275
E00002174,335,81,254
E00002175,263,43,220
E00002176,321,55,266
E00002177,453,77,376
E00002178,331,64,267
E00002179,329,56,273
E00002180,268,38,230
E00002181,303,43,260
E00002182,317,56,261
E00002183,162,12,150
E00002184,278,47,231
E00002185,373,60,313
E00002186,256,43,213
E00002187,290,50,240
E00002188,287,58,229
E00002189,330,53,277
E00002190,427,72,355
E00002191,359,76,283
E00002192,274,53,221
E00002193,327,69,258
E00002194,310,64,246
E00002195,394,72,322
E00002196,336,64,272
E00002197,304,68,236
E00002198,271,59,212
E00002199,289,60,229
E00002200,324,59,265
E00002201,352,59,293
E00002202,320,61,259
E00002203,296,48,248
E00002204,292,59,233
E00002205,386,86,300
E00002206,284,55,229
E00002207,296,42,254
E00002208,382,93,289
E00002209,333,62,271
E00002210,299,70,229
E00002211,325,72,253
E00002212,254,37,217
E00002213,315,68,247
E00002214,321,83,238
E00002215,296,59,237
E00002216,337,76,261
E00002217,365,84,281
E00002218,346,67,279
E00002219,344,65,279
E00002220,347,59,288
E00002221,318,72,246
E00002222,375,77,298
E00002223,328,70,258
E00002224,356,98,258
E00002225,298,72,226
E00002226,323,76,247
E00002227,359,82,277
E00002228,364,80,284
E00002229,329,76,253
E00002230,347,71,276
E00002231,295,53,242
E00002232,344,58,286
E00002233,358,69,289
E00002234,314,54,260
E00002235,370,69,301
E00002236,247,34,213
E00002237,338,57,281
E00002238,381,76,305
E00002239,343,54,289
E00002240,402,81,321
E00002241,338,71,267
E00002242,291,64,227
E00002243,319,24,295
E00002244,247,50,197
E00002245,343,80,263
E00002246,333,78,255
E00002247,246,46,200
E00002248,317,69,248
E00002249,267,60,207
E00002250,339,70,269
E00002251,309,74,235
E00002252,405,197,208
E00002253,345,70,275
E00002254,228,40,188
E00002255,323,51,272
E00002256,330,56,274
E00002257,208,18,190
E00002258,255,45,210
E00002260,346,70,276
E00002261,207,35,172
E00002262,225,37,188
E00002263,476,158,318
E00002264,256,44,212
E00002265,306,54,252
E00002266,409,84,325
E00002267,268,31,237
E00002268,230,26,204
E00002269,327,57,270
E00002270,312,62,250
E00002271,289,59,230
E00002272,426,86,340
E00002273,324,64,260
E00002274,342,62,280
E00002275,384,124,260
E00002279,375,117,258
E00002280,346,83,263
E00002281,520,163,357
E00002282,256,78,178
E00002283,314,75,239
E00002284,383,106,277
E00002285,370,107,263
E00002286,386,142,244
E00002287,281,75,206
E00002288,421,128,293
E00002289,327,100,227
E00002290,314,104,210
E00002291,335,109,226
E00002292,279,73,206
E00002293,385,107,278
E00002294,257,66,191
E00002296,442,133,309
E00002297,300,99,201
E00002298,431,126,305
E00002299,290,92,198
E00002300,301,98,203
E00002301,253,45,208
E00002302,183,41,142
E00002303,274,86,188
E00002304,384,133,251
E00002305,206,57,149
E00002306,274,58,216
E00002307,392,115,277
E00002308,272,71,201
E00002309,154,10,144
E00002310,422,85,337
E00002311,358,98,260
E00002312,416,56,360
E00002314,505,117,388
E00002316,534,114,420
E00002319,376,77,299
E00002321,398,73,325
E00002323,424,114,310
E00002324,413,77,336
E00002325,429,70,359
E00002326,347,93,254
E00002327,248,60,188
E00002328,359,84,275
E00002329,573,136,437
E00002330,366,97,269
E00002331,442,94,348
E00002333,507,114,393
E00002334,442,95,347
E00002336,588,151,437
E00002337,387,88,299
E00002339,346,83,263
E00002340,466,80,386
E00002341,413,103,310
E00002343,448,94,354
E00002345,272,47,225
E00002346,417,61,356
E00002347,388,77,311
E00002348,368,75,293
E00002349,318,65,253
E00002350,252,37,215
E00002351,446,115,331
E00002352,377,101,276
E00002353,252,66,186
E00002354,369,102,267
E00002355,297,75,222
E00002356,357,70,287
E00002357,371,76,295
E00002358,374,108,266
E00002359,394,92,302
E00002360,287,86,201
E00002361,389,91,298
E00002362,412,95,317
E00002363,392,89,303
E00002364,530,153,377
E00002365,391,94,297
E00002366,425,81,344
E00002367,551,100,451
E00002368,290,82,208
E00002369,405,102,303
E00002370,510,133,377
E00002372,444,104,340
E00002373,335,82,253
E00002374,424,131,293
E00002375,229,59,170
E00002376,324,93,231
E00002377,412,125,287
E00002378,567,197,370
E00002379,511,106,405
E00002380,354,80,274
E00002381,395,77,318
E00002382,363,76,287
E00002383,288,52,236
E00002385,308,75,233
E00002386,241,25,216
E00002387,563,105,458
E00002388,385,95,290
E00002389,310,91,219
E00002390,254,33,221
E00002391,268,59,209
E00002392,444,79,365
E00002393,453,60,393
E00002394,430,96,334
E00002395,368,77,291
E00002396,259,52,207
E00002397,327,97,230
E00002398,415,109,306
E00002399,338,56,282
E00002400,328,74,254
E00002401,306,58,248
E00002402,307,50,257
E00002403,362,56,306
E00002404,263,62,201
E00002405,248,46,202
E00002406,399,101,298
E00002407,263,41,222
E00002408,208,37,171
E00002409,223,55,168
E00002410,280,70,210
E00002411,313,61,252
E00002412,215,45,170
E00002413,386,75,311
E00002414,329,58,271
E00002415,293,44,249
E00002416,316,32,284
E00002417,248,35,213
E00002418,290,68,222
E00002419,329,71,258
E00002420,233,40,193
E00002421,379,99,280
E00002422,375,83,292
E00002423,405,99,306
E00002424,524,185,339
E00002426,381,108,273
E00002427,395,116,279
E00002428,459,135,324
E00002429,347,104,243
E00002430,338,94,244
E00002431,351,72,279
E00002432,471,182,289
E00002433,502,154,348
E00002434,421,113,308
E00002435,410,153,257
E00002436,470,143,327
E00002437,366,89,277
E00002438,320,64,256
E00002439,368,88,280
E00002440,318,92,226
E00002441,321,110,211
E00002442,338,91,247
E00002444,356,113,243
E00002445,312,80,232
E00002446,389,118,271
E00002448,305,60,245
E00002449,280,58,222
E00002450,244,57,187
E00002451,546,130,416
E00002452,380,47,333
E00002453,378,81,297
E00002454,358,71,287
E00002455,420,84,336
E00002456,294,82,212
E00002457,323,71,252
E00002458,385,93,292
E00002459,503,137,366
E00002460,343,63,280
E00002461,394,97,297
E00002462,315,81,234
E00002463,367,82,285
E00002464,345,86,259
E00002465,234,33,201
E00002466,298,57,241
E00002467,519,195,324
E00002468,291,82,209
E00002469,393,78,315
E00002470,235,44,191
E00002471,242,60,182
E00002472,314,64,250
E00002473,396,86,310
E00002474,381,67,314
E00002475,317,54,263
E00002476,526,117,409
E00002477,354,69,285
E00002478,307,76,231
E00002479,376,73,303
E00002480,462,89,373
E00002481,478,102,376
E00002482,307,87,220
E00002483,289,76,213
E00002484,406,69,337
E00002486,361,95,266
E00002487,418,130,288
E00002488,242,66,176
E00002489,322,89,233
E00002490,445,102,343
E00002491,421,137,284
E00002492,377,76,301
E00002493,367,72,295
E00002494,381,67,314
E00002495,344,125,219
E00002496,402,95,307
E00002497,375,90,285
E00002498,400,102,298
E00002499,390,98,292
E00002500,340,59,281
E00002501,311,82,229
E00002502,439,110,329
E00002503,377,91,286
E00002504,352,97,255
E00002505,367,79,288
E00002506,278,55,223
E00002507,410,78,332
E00002508,322,63,259
E00002509,398,98,300
E00002510,339,74,265
E00002511,422,106,316
E00002512,341,92,249
E00002513,338,89,249
E00002514,395,62,333
E00002515,389,86,303
E00002516,415,80,335
E00002517,353,72,281
E00002518,381,67,314
E00002520,342,103,239
E00002521,373,92,281
E00002522,432,106,326
E00002523,401,89,312
E00002524,336,79,257
E00002526,466,121,345
E00002527,207,48,159
E00002528,355,96,259
E00002529,474,109,365
E00002530,434,98,336
E00002531,283,82,201
E00002533,399,94,305
E00002534,354,106,248
E00002535,381,122,259
E00002536,388,68,320
E00002537,360,100,260
E00002538,503,125,378
E00002540,330,88,242
E00002541,429,117,312
E00002542,486,145,341
E00002544,313,86,227
E00002545,497,143,354
E00002546,463,82,381
E00002547,232,61,171
E00002548,266,68,198
E00002549,384,76,308
E00002550,356,110,246
E00002552,300,96,204
E00002553,273,52,221
E00002554,307,61,246
E00002555,328,92,236
E00002556,534,120,414
E00002559,340,85,255
E00002560,335,99,236
E00002561,379,99,280
E00002562,339,76,263
E00002563,239,64,175
E00002564,352,103,249
E00002565,351,98,253
E00002566,251,59,192
E00002567,447,106,341
E00002568,290,75,215
E00002569,348,84,264
E00002570,118,42,76
E00002571,281,35,246
E00002572,309,54,255
E00002573,387,90,297
E00002575,260,37,223
E00002576,265,53,212
E00002577,417,91,326
E00002578,364,83,281
E00002579,384,72,312
E00002580,461,126,335
E00002581,315,78,237
E00002582,292,63,229
E00002583,470,108,362
E00002584,285,66,219
E00002585,368,74,294
E00002586,432,90,342
E00002587,341,79,262
E00002588,352,85,267
E00002589,402,86,316
E00002591,368,69,299
E00002592,313,50,263
E00002593,347,62,285
E00002594,355,71,284
E00002595,387,82,305
E00002596,395,82,313
E00002597,332,69,263
E00002598,360,78,282
E00002599,319,42,277
E00002600,264,39,225
E00002601,409,89,320
E00002602,396,100,296
E00002603,401,84,317
E00002604,376,71,305
E00002605,250,42,208
E00002606,209,26,183
E00002607,185,30,155
E00002608,403,64,339
E00002609,424,111,313
E00002610,439,106,333
E00002611,378,62,316
E00002612,411,80,331
E00002613,375,70,305
E00002614,418,105,313
E00002615,339,84,255
E00002616,322,73,249
E00002617,349,67,282
E00002618,208,44,164
E00002619,319,38,281
E00002620,365,74,291
E00002621,331,60,271
E00002622,342,61,281
E00002623,420,84,336
E00002624,304,38,266
E00002625,234,24,210
E00002626,346,56,290
E00002627,386,101,285
E00002628,545,72,473
E00002629,570,154,416
E00002630,339,55,284
E00002631,375,53,322
E00002632,374,49,325
E00002633,359,52,307
E00002634,317,77,240
E00002635,481,92,389
E00002636,346,85,261
E00002637,351,86,265
E00002638,392,85,307
E00002639,346,56,290
E00002640,196,32,164
E00002641,349,38,311
E00002642,312,54,258
E00002643,243,47,196
E00002644,241,50,191
E00002645,255,60,195
E00002646,186,27,159
E00002647,281,57,224
E00002648,260,57,203
E00002649,376,47,329
E00002650,283,67,216
E00002651,280,76,204
E00002652,306,64,242
E00002653,268,75,193
E00002654,274,34,240
E00002655,236,30,206
E00002657,273,52,221
E00002658,231,29,202
E00002659,278,35,243
E00002660,193,50,143
E00002661,380,105,275
E00002662,317,62,255
E00002663,255,34,221
E00002664,346,69,277
E00002665,368,114,254
E00002667,552,126,426
E00002668,451,106,345
E00002669,186,46,140
E00002670,474,116,358
E00002672,373,79,294
E00002676,453,83,370
E00002677,371,141,230
E00002678,285,109,176
E00002679,310,72,238
E00002680,228,31,197
E00002681,350,116,234
E00002682,364,52,312
E00002683,206,43,163
E00002684,249,44,205
E00002685,302,69,233
E00002686,248,34,214
E00002687,466,81,385
E00002688,257,50,207
E00002689,304,51,253
E00002690,227,20,207
E00002691,265,43,222
E00002692,373,83,290
E00002693,347,72,275
E00002694,383,63,320
E00002695,333,63,270
E00002696,351,63,288
E00002697,484,90,394
E00002698,274,67,207
E00002699,406,95,311
E00002700,416,80,336
E00002701,587,60,527
E00002702,400,105,295
E00002703,233,34,199
E00002704,303,54,249
E00002705,283,95,188
E00002707,261,38,223
E00002708,306,42,264
E00002709,213,28,185
E00002710,211,36,175
E00002711,276,48,228
E00002712,193,35,158
E00002713,360,84,276
E00002714,203,35,168
E00002715,350,74,276
E00002716,274,51,223
E00002717,310,26,284
E00002718,257,36,221
E00002719,339,111,228
E00002720,132,17,115
E00002721,292,72,220
E00002722,292,39,253
E00002723,362,68,294
E00002724,265,44,221
E00002725,259,35,224
E00002726,211,52,159
E00002727,338,75,263
E00002728,226,58,168
E00002729,348,72,276
E00002730,396,100,296
E00002731,474,110,364
E00002732,423,67,356
E00002733,388,90,298
E00002734,326,53,273
E00002735,335,68,267
E00002736,437,119,318
E00002737,367,74,293
E00002738,355,94,261
E00002739,417,105,312
E00002740,412,87,325
E00002741,320,84,236
E00002742,333,71,262
E00002743,322,86,236
E00002744,382,68,314
E00002745,290,59,231
E00002746,291,89,202
E00002748,455,84,371
E00002750,333,62,271
E00002751,335,51,284
E00002752,362,71,291
E00002753,349,43,306
E00002754,331,60,271
E00002755,372,91,281
E00002756,372,55,317
E00002757,352,49,303
E00002758,374,72,302
E00002759,421,88,333
E00002760,355,74,281
E00002761,374,69,305
E00002762,427,112,315
E00002763,346,105,241
E00002764,459,117,342
E00002765,343,92,251
E00002766,378,75,303
E00002767,391,84,307
E00002768,357,81,276
E00002769,337,78,259
E00002770,394,99,295
E00002771,359,59,300
E00002772,297,57,240
E00002773,354,72,282
E00002775,467,101,366
E00002776,303,53,250
E00002777,409,97,312
E00002778,334,84,250
E00002779,271,47,224
E00002780,339,80,259
E00002781,469,83,386
E00002783,428,81,347
E00002784,383,86,297
E00002786,493,69,424
E00002787,172,22,150
E00002788,400,92,308
E00002789,273,66,207
E00002790,423,141,282
E00002791,428,70,358
E00002792,373,72,301
E00002793,374,47,327
E00002794,531,108,423
E00002795,431,76,355
E00002796,307,50,257
E00002797,352,88,264
E00002798,336,65,271
E00002799,350,78,272
E00002800,357,75,282
E00002801,375,84,291
E00002802,411,89,322
E00002803,408,83,325
E00002804,369,76,293
E00002805,518,140,378
E00002806,424,90,334
E00002807,385,70,315
E00002808,162,21,141
E00002809,312,62,250
E00002810,209,53,156
E00002811,298,46,252
E00002812,307,61,246
E00002813,251,62,189
E00002814,252,37,215
E00002815,401,60,341
E00002816,331,60,271
E00002817,269,45,224
E00002818,301,41,260
E00002819,334,58,276
E00002821,305,56,249
E00002822,475,91,384
E00002823,224,40,184
E00002824,518,169,349
E00002825,310,38,272
E00002826,339,70,269
E00002827,231,37,194
E00002828,282,78,204
E00002829,281,52,229
E00002830,299,79,220
E00002831,377,89,288
E00002832,278,53,225
E00002833,389,63,326
E00002834,353,68,285
E00002835,341,66,275
E00002836,248,44,204
E00002837,300,73,227
E00002838,320,65,255
E00002839,336,62,274
E00002840,455,70,385
E00002841,330,54,276
E00002842,285,57,228
E00002843,244,58,186
E00002844,307,66,241
E00002845,307,51,256
E00002846,404,106,298
E00002847,360,100,260
E00002848,303,75,228
E00002849,550,109,441
E00002851,419,86,333
E00002852,356,59,297
E00002854,401,90,311
E00002855,399,67,332
E00002856,383,60,323
E00002857,323,72,251
E00002858,370,89,281
E00002859,456,92,364
E00002861,490,113,377
E00002862,411,96,315
E00002863,415,92,323
E00002864,387,73,314
E00002865,401,84,317
E00002866,499,140,359
E00002867,357,53,304
E00002868,384,73,311
E00002869,468,120,348
E00002870,407,88,319
E00002871,443,84,359
E00002872,369,60,309
E00002873,385,71,314
E00002874,431,76,355
E00002875,413,78,335
E00002876,422,86,336
E00002877,248,49,199
E00002878,347,75,272
E00002880,419,91,328
E00002881,304,76,228
E00002882,348,83,265
E00002886,401,80,321
E00002887,380,93,287
E00002888,257,64,193
E00002891,453,142,311
E00002892,594,225,369
E00002893,337,99,238
E00002894,375,109,266
E00002897,374,96,278
E00002898,326,67,259
E00002899,174,37,137
E00002900,337,106,231
E00002901,307,109,198
E00002902,335,109,226
E00002903,284,79,205
E00002904,317,81,236
E00002905,250,65,185
E00002906,357,98,259
E00002907,509,183,326
E00002908,362,96,266
E00002909,413,134,279
E00002910,241,62,179
E00002911,291,74,217
E00002912,403,124,279
E00002913,462,150,312
E00002914,378,96,282
E00002915,424,164,260
E00002916,298,89,209
E00002917,479,156,323
E00002918,322,103,219
E00002919,433,128,305
E00002920,364,80,284
E00002921,328,90,238
E00002922,257,97,160
E00002923,454,194,260
E00002924,498,142,356
E00002925,387,111,276
E00002926,272,111,161
E00002928,369,98,271
E00002929,296,78,218
E00002930,554,134,420
E00002931,288,56,232
E00002932,335,64,271
E00002933,515,105,410
E00002935,420,92,328
E00002936,355,76,279
E00002937,452,112,340
E00002938,319,79,240
E00002939,367,92,275
E00002940,469,129,340
E00002941,480,127,353
E00002942,401,91,310
E00002943,395,73,322
E00002944,464,124,340
E00002945,360,79,281
E00002946,508,139,369
E00002947,491,102,389
E00002948,337,77,260
E00002949,464,92,372
E00002950,368,86,282
E00002951,566,153,413
E00002953,207,37,170
E00002954,230,44,186
E00002955,379,62,317
E00002956,326,87,239
E00002957,241,66,175
E00002958,389,97,292
E00002959,422,112,310
E00002960,439,99,340
E00002961,324,67,257
E00002962,361,97,264
E00002963,341,86,255
E00002964,314,81,233
E00002965,377,101,276
E00002966,372,91,281
E00002967,496,109,387
E00002969,281,54,227
E00002970,365,81,284
E00002971,607,120,487
E00002972,445,84,361
E00002973,301,72,229
E00002974,367,80,287
E00002976,525,115,410
E00002980,360,76,284
E00002981,395,107,288
E00002983,444,77,367
E00002984,487,123,364
E00002985,486,108,378
E00002986,503,120,383
E00002987,334,55,279
E00002988,358,83,275
E00002989,428,98,330
E00002990,354,59,295
E00002991,453,60,393
E00002992,570,107,463
E00002993,437,102,335
E00002994,425,84,341
E00002995,386,58,328
E00002996,404,98,306
E00002997,507,107,400
E00002998,425,110,315
E00002999,358,91,267
E00003000,443,92,351
E00003001,452,147,305
E00003002,275,46,229
E00003003,405,86,319
E00003004,291,58,233
E00003005,322,59,263
E00003006,454,101,353
E00003007,476,92,384
E00003008,458,83,375
E00003009,441,94,347
E00003010,256,55,201
E00003011,221,34,187
E00003012,331,87,244
E00003013,342,84,258
E00003014,429,105,324
E00003015,277,67,210
E00003016,220,53,167
E00003017,395,102,293
E00003018,426,105,321
E00003019,282,65,217
E00003020,256,45,211
E00003021,283,79,204
E00003022,344,101,243
E00003023,339,91,248
E00003024,342,98,244
E00003025,410,108,302
E00003026,278,57,221
E00003027,449,116,333
E00003028,386,71,315
E00003029,297,63,234
E00003030,402,85,317
E00003031,328,66,262
E00003032,363,82,281
E00003033,308,66,242
E00003034,350,64,286
E00003035,377,93,284
E00003036,368,81,287
E00003037,310,64,246
E00003038,286,69,217
E00003039,457,104,353
E00003041,514,112,402
E00003042,563,123,440
E00003043,416,71,345
E00003046,509,83,426
E00003047,484,114,370
E00003048,529,144,385
E00003050,491,86,405
E00003051,572,138,434
E00003052,532,123,409
E00003053,499,100,399
E00003054,467,78,389
E00003056,529,127,402
E00003057,464,72,392
E00003058,530,104,426
E00003061,582,139,443
E00003062,578,122,456
E00003063,432,98,334
E00003064,410,113,297
E00003065,469,100,369
E00003068,413,87,326
E00003069,287,68,219
E00003070,424,89,335
E00003071,426,104,322
E00003072,320,64,256
E00003073,278,41,237
E00003075,327,72,255
E00003076,424,113,311
E00003077,392,128,264
E00003078,522,148,374
E00003079,311,76,235
E00003080,293,66,227
E00003081,415,112,303
E00003082,316,94,222
E00003083,258,41,217
E00003084,330,84,246
E00003085,370,87,283
E00003086,292,68,224
E00003087,297,73,224
E00003088,361,79,282
E00003089,283,57,226
E00003090,501,130,371
E00003091,325,72,253
E00003092,295,49,246
E00003093,279,53,226
E00003094,317,70,247
E00003095,408,82,326
E00003096,363,49,314
E00003097,420,53,367
E00003098,245,36,209
E00003099,380,78,302
E00003100,273,55,218
E00003101,286,34,252
E00003102,547,162,385
E00003103,238,48,190
E00003104,381,69,312
E00003105,452,78,374
E00003106,340,40,300
E00003107,380,91,289
E00003108,362,81,281
E00003110,241,45,196
E00003111,333,79,254
E00003112,255,38,217
E00003113,407,62,345
E00003114,238,31,207
E00003115,228,48,180
E00003116,378,69,309
E00003117,349,68,281
E00003118,341,25,316
E00003119,308,70,238
E00003120,324,67,257
E00003122,343,74,269
E00003123,367,89,278
E00003124,281,50,231
E00003125,295,52,243
E00003126,285,57,228
E00003127,159,28,131
E00003128,337,71,266
E00003129,299,48,251
E00003130,349,74,275
E00003131,344,66,278
E00003132,427,82,345
E00003133,350,70,280
E00003134,412,86,326
E00003135,331,85,246
E00003136,240,44,196
E00003137,204,37,167
E00003138,296,73,223
E00003139,419,91,328
E00003140,388,104,284
E00003141,360,86,274
E00003142,319,72,247
E00003143,392,78,314
E00003144,398,73,325
E00003145,310,66,244
E00003146,529,115,414
E00003147,273,62,211
E00003148,343,79,264
E00003149,342,58,284
E00003150,275,40,235
E00003151,263,41,222
E00003152,287,60,227
E00003153,275,56,219
E00003154,376,92,284
E00003155,337,46,291
E00003156,285,44,241
E00003157,348,66,282
E00003158,478,109,369
E00003159,336,78,258
E00003160,281,34,247
E00003161,279,44,235
E00003162,233,52,181
E00003163,371,91,280
E00003164,343,48,295
E00003165,334,67,267
E00003166,377,90,287
E00003167,374,78,296
E00003168,331,46,285
E00003169,293,32,261
E00003170,193,34,159
E00003171,303,64,239
E00003172,320,60,260
E00003173,326,72,254
E00003174,299,46,253
E00003176,333,72,261
E00003177,299,66,233
E00003178,287,64,223
E00003179,296,70,226
E00003180,312,52,260
E00003181,402,58,344
E00003182,379,70,309
E00003183,346,49,297
E00003184,316,48,268
E00003185,358,75,283
E00003186,274,43,231
E00003187,366,69,297
E00003188,462,50,412
E00003189,387,69,318
E00003190,368,80,288
E00003191,469,101,368
E00003192,277,54,223
E00003194,330,68,262
E00003195,342,77,265
E00003196,324,64,260
E00003197,407,98,309
E00003198,356,90,266
E00003199,334,76,258
E00003200,342,65,277
E00003201,247,43,204
E00003202,348,73,275
E00003203,291,63,228
E00003204,382,81,301
E00003206,304,65,239
E00003207,312,70,242
E00003208,287,94,193
E00003209,284,62,222
E00003210,305,76,229
E00003211,355,81,274
E00003212,304,86,218
E00003213,288,63,225
E00003214,245,47,198
E00003215,350,77,273
E00003216,278,64,214
E00003217,279,56,223
E00003218,318,75,243
E00003219,299,51,248
E00003220,263,47,216
E00003221,310,51,259
E00003222,302,46,256
E00003223,281,51,230
E00003224,299,68,231
E00003225,282,45,237
E00003226,250,34,216
E00003227,251,38,213
E00003228,300,60,240
E00003229,307,68,239
E00003230,341,69,272
E00003231,182,23,159
E00003232,429,93,336
E00003233,306,77,229
E00003234,277,73,204
E00003235,394,102,292
E00003236,231,44,187
E00003237,477,102,375
E00003238,332,51,281
E00003239,363,68,295
E00003240,283,37,246
E00003241,213,48,165
E00003242,414,66,348
E00003243,584,105,479
E00003244,259,60,199
E00003245,284,52,232
E00003246,298,57,241
E00003247,286,54,232
E00003248,278,59,219
E00003249,291,57,234
E00003250,305,56,249
E00003251,381,75,306
E00003252,225,58,167
E00003253,238,45,193
E00003254,433,81,352
E00003255,394,70,324
E00003256,334,90,244
E00003257,316,72,244
E00003258,325,63,262
E00003259,248,47,201
E00003260,207,43,164
E00003261,243,38,205
E00003262,250,63,187
E00003263,305,55,250
E00003265,364,83,281
E00003266,328,64,264
E00003267,337,55,282
E00003268,386,75,311
E00003269,290,64,226
E00003270,425,74,351
E00003271,331,45,286
E00003272,386,96,290
E00003273,318,71,247
E00003275,248,33,215
E00003276,445,81,364
E00003277,317,77,240
E00003278,343,63,280
E00003279,279,66,213
E00003280,294,85,209
E00003281,365,82,283
E00003282,294,64,230
E00003283,274,59,215
E00003284,201,29,172
E00003285,265,54,211
E00003286,299,50,249
E00003287,363,85,278
E00003288,326,51,275
E00003289,297,64,233
E00003290,364,86,278
E00003291,292,48,244
E00003292,173,16,157
E00003293,314,67,247
E00003294,259,34,225
E00003295,313,71,242
E00003296,317,62,255
E00003297,317,77,240
E00003298,315,54,261
E00003299,251,59,192
E00003300,324,69,255
E00003301,319,65,254
E00003302,340,70,270
E00003303,316,70,246
E00003304,257,30,227
E00003305,315,53,262
E00003306,300,52,248
E00003307,314,56,258
E00003308,338,56,282
E00003309,292,52,240
E00003310,327,45,282
E00003311,254,41,213
E00003312,335,64,271
E00003313,299,56,243
E00003314,329,87,242
E00003315,330,67,263
E00003316,437,81,356
E00003318,316,72,244
E00003319,367,81,286
E00003320,307,73,234
E00003321,295,66,229
E00003322,296,54,242
E00003323,284,58,226
E00003324,316,56,260
E00003325,322,78,244
E00003326,361,91,270
E00003327,289,37,252
E00003328,338,77,261
E00003329,306,51,255
E00003330,392,33,359
E00003331,299,55,244
E00003332,245,47,198
E00003333,367,81,286
E00003334,291,53,238
E00003335,310,60,250
E00003336,357,70,287
E00003337,439,86,353
E00003338,436,157,279
E00003339,390,74,316
E00003340,266,37,229
E00003341,291,56,235
E00003342,290,55,235
E00003343,237,28,209
E00003344,276,40,236
E00003345,310,75,235
E00003346,351,94,257
E00003347,277,46,231
E00003348,261,79,182
E00003349,284,45,239
E00003350,294,73,221
E00003351,343,71,272
E00003352,305,60,245
E00003353,307,55,252
E00003354,318,57,261
E00003356,254,29,225
E00003357,301,47,254
E00003358,285,77,208
E00003359,285,49,236
E00003360,248,35,213
E00003361,266,46,220
E00003362,356,73,283
E00003363,220,28,192
E00003364,319,63,256
E00003365,302,84,218
E00003366,278,59,219
E00003367,375,66,309
E00003368,424,93,331
E00003369,369,69,300
E00003370,261,33,228
E00003371,307,68,239
E00003372,277,63,214
E00003373,356,70,286
E00003374,333,63,270
E00003375,273,49,224
E00003376,285,33,252
E00003377,345,92,253
E00003378,291,33,258
E00003379,298,43,255
E00003380,271,17,254
E00003381,310,65,245
E00003382,172,38,134
E00003383,250,40,210
E00003384,335,79,256
E00003385,218,42,176
E00003386,264,51,213
E00003387,264,48,216
E00003388,255,35,220
E00003389,298,59,239
E00003390,373,110,263
E00003391,289,38,251
E00003392,290,54,236
E00003393,294,43,251
E00003394,263,46,217
E00003395,244,52,192
E00003396,354,97,257
E00003397,235,63,172
E00003398,258,45,213
E00003399,199,31,168
E00003400,223,34,189
E00003401,308,53,255
E00003402,245,46,199
E00003403,288,49,239
E00003404,259,48,211
E00003405,369,94,275
E00003406,253,43,210
E00003407,309,66,243
E00003408,223,32,191
E00003409,348,48,300
E00003410,343,78,265
E00003411,292,61,231
E00003412,283,59,224
E00003413,248,50,198
E00003414,239,47,192
E00003415,273,36,237
E00003416,246,52,194
E00003417,204,26,178
E00003418,400,52,348
E00003419,441,88,353
E00003420,227,30,197
E00003421,251,41,210
E00003422,155,16,139
E00003423,282,92,190
E00003424,303,59,244
E00003425,259,47,212
E00003426,228,33,195
E00003427,222,53,169
E00003428,294,54,240
E00003429,265,54,211
E00003430,257,66,191
E00003431,300,60,240
E00003432,187,24,163
E00003433,316,38,278
E00003434,185,13,172
E00003435,415,98,317
E00003436,233,19,214
E00003437,285,46,239
E00003438,244,29,215
E00003439,210,17,193
E00003440,283,41,242
E00003441,377,59,318
E00003442,341,47,294
E00003443,236,28,208
E00003444,309,24,285
E00003445,270,32,238
E00003446,281,25,256
E00003447,301,45,256
E00003448,279,25,254
E00003449,221,21,200
E00003450,336,35,301
E00003451,290,36,254
E00003452,299,40,259
E00003453,321,45,276
E00003454,240,29,211
E00003455,256,50,206
E00003456,261,31,230
E00003457,232,36,196
E00003458,297,50,247
E00003459,281,34,247
E00003460,193,54,139
E00003461,231,52,179
E00003462,163,43,120
E00003463,188,19,169
E00003465,239,29,210
E00003466,182,21,161
E00003467,308,31,277
E00003468,401,62,339
E00003469,198,18,180
E00003470,309,38,271
E00003471,133,11,122
E00003472,213,33,180
E00003474,291,52,239
E00003475,299,56,243
E00003476,179,23,156
E00003477,218,28,190
E00003478,224,42,182
E00003479,201,22,179
E00003480,478,100,378
E00003481,168,7,161
E00003482,231,19,212
E00003483,265,45,220
E00003484,136,27,109
E00003485,221,46,175
E00003486,214,31,183
E00003487,154,27,127
E00003488,229,51,178
E00003489,168,20,148
E00003490,290,86,204
E00003491,167,32,135
E00003492,156,21,135
E00003493,310,84,226
E00003494,327,108,219
E00003495,225,38,187
E00003496,303,47,256
E00003497,234,29,205
E00003498,434,62,372
E00003499,279,29,250
E00003500,260,37,223
E00003501,277,55,222
E00003502,274,50,224
E00003503,394,125,269
E00003504,324,71,253
E00003505,287,56,231
E00003506,273,53,220
E00003507,205,36,169
E00003508,505,126,379
E00003509,332,91,241
E00003510,284,54,230
E00003512,326,110,216
E00003513,397,140,257
E00003514,364,93,271
E00003516,310,80,230
E00003517,305,84,221
E00003518,325,59,266
E00003519,264,38,226
E00003520,320,54,266
E00003521,307,59,248
E00003522,422,85,337
E00003523,295,71,224
E00003524,436,86,350
E00003525,242,30,212
E00003526,320,83,237
E00003527,255,45,210
E00003528,318,51,267
E00003529,306,71,235
E00003530,157,7,150
E00003531,427,98,329
E00003532,228,29,199
E00003533,254,33,221
E00003534,236,32,204
E00003535,234,44,190
E00003536,251,34,217
E00003537,269,56,213
E00003538,191,25,166
E00003539,217,19,198
E00003540,266,36,230
E00003541,330,41,289
E00003542,318,56,262
E00003543,310,85,225
E00003544,319,53,266
E00003545,285,53,232
E00003546,390,87,303
E00003547,255,58,197
E00003548,325,87,238
E00003549,457,125,332
E00003550,311,69,242
E00003551,244,41,203
E00003552,233,46,187
E00003553,255,61,194
E00003554,404,92,312
E00003555,308,67,241
E00003556,364,72,292
E00003557,348,103,245
E00003558,430,99,331
E00003559,249,63,186
E00003560,326,74,252
E00003561,318,59,259
E00003562,354,75,279
E00003563,240,41,199
E00003564,243,51,192
E00003565,307,46,261
E00003566,270,45,225
E00003567,305,63,242
E00003568,334,93,241
E00003569,289,58,231
E00003570,274,52,222
E00003571,280,62,218
E00003572,273,73,200
E00003573,306,69,237
E00003574,311,37,274
E00003575,289,67,222
E00003576,270,50,220
E00003577,356,73,283
E00003578,263,47,216
E00003579,335,72,263
E00003580,312,90,222
E00003581,308,62,246
E00003582,355,80,275
E00003583,332,65,267
E00003584,311,84,227
E00003585,217,32,185
E00003586,162,19,143
E00003587,284,98,186
E00003588,273,48,225
E00003589,295,60,235
E00003590,273,68,205
E00003591,269,39,230
E00003592,309,59,250
E00003593,354,83,271
E00003594,389,141,248
E00003595,271,71,200
E00003596,279,61,218
E00003597,306,75,231
E00003598,310,82,228
E00003599,258,48,210
E00003600,280,37,243
E00003601,299,41,258
E00003602,232,28,204
E00003603,229,42,187
E00003604,222,32,190
E00003605,247,31,216
E00003606,422,74,348
E00003607,235,52,183
E00003608,394,53,341
E00003609,218,41,177
E00003610,288,82,206
E00003611,377,58,319
E00003612,280,72,208
E00003613,307,66,241
E00003614,271,61,210
E00003615,310,61,249
E00003616,320,44,276
E00003617,285,47,238
E00003618,275,65,210
E00003619,147,3,144
E00003620,214,34,180
E00003621,315,65,250
E00003622,251,19,232
E00003623,400,45,355
E00003624,276,25,251
E00003625,260,62,198
E00003626,262,41,221
E00003628,237,33,204
E00003629,185,29,156
E00003630,279,47,232
E00003631,258,38,220
E00003632,230,40,190
E00003633,257,72,185
E00003634,342,72,270
E00003635,235,33,202
E00003636,280,50,230
E00003637,245,27,218
E00003638,207,48,159
E00003639,210,51,159
E00003640,352,42,310
E00003641,262,42,220
E00003642,202,28,174
E00003643,319,51,268
E00003644,300,42,258
E00003645,318,46,272
E00003646,475,95,380
E00003647,195,42,153
E00003648,301,42,259
E00003649,276,31,245
E00003650,340,52,288
E00003651,367,61,306
E00003653,214,40,174
E00003654,398,54,344
E00003655,303,36,267
E00003656,265,29,236
E00003657,402,103,299
E00003658,394,60,334
E00003659,367,88,279
E00003660,214,36,178
E00003661,280,52,228
E00003662,250,46,204
E00003663,305,70,235
E00003664,341,76,265
E00003665,355,77,278
E00003666,238,48,190
E00003667,344,65,279
E00003668,313,61,252
E00003669,328,70,258
E00003670,540,120,420
E00003671,254,59,195
E00003672,270,45,225
E00003673,308,75,233
E00003674,370,102,268
E00003675,326,67,259
E00003676,545,116,429
E00003677,248,39,209
E00003678,290,43,247
E00003679,347,73,274
E00003680,287,52,235
E00003681,292,58,234
E00003682,234,47,187
E00003683,296,59,237
E00003684,326,60,266
E00003685,268,72,196
E00003686,276,62,214
E00003687,296,45,251
E00003688,276,63,213
E00003689,265,36,229
E00003690,285,61,224
E00003691,325,70,255
E00003692,268,37,231
E00003693,322,70,252
E00003694,267,61,206
E00003695,287,58,229
E00003696,345,79,266
E00003697,285,52,233
E00003698,337,82,255
E00003699,307,72,235
E00003700,320,65,255
E00003701,339,74,265
E00003702,270,39,231
E00003703,211,38,173
E00003704,322,68,254
E00003705,358,87,271
E00003706,345,69,276
E00003707,340,79,261
E00003708,273,42,231
E00003709,380,88,292
E00003710,275,47,228
E00003711,342,69,273
E00003712,369,86,283
E00003713,352,73,279
E00003714,354,96,258
E00003715,295,56,239
E00003716,325,69,256
E00003717,263,62,201
E00003718,426,94,332
E00003719,361,73,288
E00003720,253,40,213
E00003721,244,62,182
E00003722,280,64,216
E00003723,394,89,305
E00003724,299,67,232
E00003725,202,40,162
E00003726,328,70,258
E00003727,268,59,209
E00003728,247,47,200
E00003729,388,82,306
E00003730,325,65,260
E00003731,339,74,265
E00003732,210,34,176
E00003733,421,71,350
E00003734,345,70,275
E00003735,291,64,227
E00003736,308,66,242
E00003737,260,53,207
E00003738,295,44,251
E00003739,252,55,197
E00003740,310,64,246
E00003741,207,35,172
E00003742,299,62,237
E00003743,335,69,266
E00003744,322,73,249
E00003745,310,64,246
E00003746,324,63,261
E00003747,380,93,287
E00003748,359,73,286
E00003749,385,96,289
E00003750,418,118,300
E00003751,325,77,248
E00003752,315,69,246
E00003753,346,63,283
E00003754,269,63,206
E00003755,286,54,232
E00003756,348,87,261
E00003758,358,84,274
E00003759,348,63,285
E00003760,299,72,227
E00003761,307,66,241
E00003762,339,86,253
E00003763,383,67,316
E00003764,280,67,213
E00003765,193,4,189
E00003766,291,44,247
E00003767,247,26,221
E00003768,304,52,252
E00003769,255,48,207
E00003770,307,65,242
E00003771,346,43,303
E00003772,169,22,147
E00003773,371,86,285
E00003774,347,60,287
E00003775,267,24,243
E00003776,327,76,251
E00003777,305,91,214
E00003778,242,19,223
E00003779,311,70,241
E00003780,250,55,195
E00003781,362,85,277
E00003782,251,54,197
E00003783,342,82,260
E00003784,386,99,287
E00003785,323,77,246
E00003786,312,61,251
E00003787,303,48,255
E00003788,236,56,180
E00003789,250,35,215
E00003790,327,78,249
E00003791,376,83,293
E00003792,411,84,327
E00003793,265,47,218
E00003795,345,75,270
E00003796,397,95,302
E00003797,329,83,246
E00003798,260,37,223
E00003799,306,57,249
E00003800,299,50,249
E00003801,222,35,187
E00003802,347,66,281
E00003803,418,101,317
E00003804,346,84,262
E00003805,307,69,238
E00003806,294,78,216
E00003807,291,63,228
E00003808,309,60,249
E00003809,243,68,175
E00003810,307,83,224
E00003811,292,64,228
E00003812,278,61,217
E00003813,324,51,273
E00003814,267,43,224
E00003815,285,48,237
E00003816,226,47,179
E00003817,173,17,156
E00003818,348,103,245
E00003819,387,88,299
E00003820,277,62,215
E00003821,336,77,259
E00003822,305,80,225
E00003823,292,83,209
E00003824,313,76,237
E00003825,261,44,217
E00003826,270,53,217
E00003827,289,57,232
E00003828,291,85,206
E00003829,297,54,243
E00003830,356,91,265
E00003831,323,82,241
E00003832,279,61,218
E00003833,274,65,209
E00003834,285,72,213
E00003835,247,52,195
E00003836,324,65,259
E00003837,262,34,228
E00003838,254,37,217
E00003839,256,55,201
E00003840,318,75,243
E00003841,283,39,244
E00003842,321,44,277
E00003843,333,61,272
E00003844,256,35,221
E00003845,268,36,232
E00003846,324,55,269
E00003847,265,45,220
E00003848,262,37,225
E00003849,314,53,261
E00003850,289,43,246
E00003851,306,46,260
E00003853,315,61,254
E00003854,292,42,250
E00003855,336,85,251
E00003856,219,63,156
E00003857,374,149,225
E00003859,347,85,262
E00003860,317,102,215
E00003861,415,113,302
E00003862,312,52,260
E00003863,404,133,271
E00003864,291,95,196
E00003865,249,77,172
E00003866,275,43,232
E00003867,308,60,248
E00003868,248,37,211
E00003869,323,56,267
E00003870,292,73,219
E00003871,268,29,239
E00003872,232,34,198
E00003873,294,56,238
E00003874,278,52,226
E00003875,281,45,236
E00003876,318,53,265
E00003877,271,40,231
E00003878,284,46,238
E00003879,285,49,236
E00003880,256,38,218
E00003881,250,35,215
E00003882,311,45,266
E00003883,300,54,246
E00003884,305,36,269
E00003885,301,75,226
E00003886,359,87,272
E00003887,300,49,251
E00003888,239,20,219
E00003889,285,43,242
E00003890,328,75,253
E00003891,411,82,329
E00003892,336,73,263
E00003893,300,93,207
E00003894,338,71,267
E00003895,274,36,238
E00003896,193,21,172
E00003897,273,59,214
E00003898,288,47,241
E00003899,292,37,255
E00003900,287,38,249
E00003901,264,49,215
E00003902,267,56,211
E00003903,294,33,261
E00003904,245,59,186
E00003905,240,32,208
E00003906,328,43,285
E00003907,255,48,207
E00003908,194,30,164
E00003909,289,48,241
E00003910,227,28,199
E00003911,372,84,288
E00003912,233,48,185
E00003913,231,63,168
E00003914,261,64,197
E00003915,286,59,227
E00003916,346,123,223
E00003917,276,47,229
E00003918,319,77,242
E00003919,348,74,274
E00003920,208,20,188
E00003921,343,73,270
E00003922,294,43,251
E00003923,225,33,192
E00003924,269,63,206
E00003925,353,73,280
E00003926,382,82,300
E00003927,333,67,266
E00003928,383,95,288
E00003929,222,56,166
E00003930,303,53,250
E00003931,439,127,312
E00003932,354,81,273
E00003933,250,47,203
E00003934,213,43,170
E00003935,305,45,260
E00003936,198,31,167
E00003937,220,45,175
E00003938,265,46,219
E00003939,252,43,209
E00003940,294,44,250
E00003941,244,60,184
E00003942,278,51,227
E00003943,310,53,257
E00003944,289,41,248
E00003945,296,47,249
E00003946,238,52,186
E00003947,209,37,172
E00003948,363,71,292
E00003949,363,70,293
E00003950,290,49,241
E00003951,306,54,252
E00003952,327,47,280
E00003953,409,83,326
E00003954,340,55,285
E00003955,275,60,215
E00003956,365,84,281
E00003957,253,37,216
E00003958,302,61,241
E00003959,331,64,267
E00003960,319,47,272
E00003961,266,29,237
E00003962,365,49,316
E00003963,308,63,245
E00003964,293,60,233
E00003965,325,68,257
E00003966,256,48,208
E00003967,352,75,277
E00003968,281,52,229
E00003969,300,64,236
E00003970,369,64,305
E00003971,269,37,232
E00003972,320,57,263
E00003973,257,50,207
E00003974,362,82,280
E00003975,317,56,261
E00003976,295,68,227
E00003977,260,47,213
E00003978,355,76,279
E00003979,255,54,201
E00003980,289,60,229
E00003981,259,47,212
E00003982,302,58,244
E00003983,249,32,217
E00003984,179,20,159
E00003985,314,66,248
E00003986,272,50,222
E00003987,235,35,200
E00003988,311,64,247
E00003989,283,55,228
E00003990,305,56,249
E00003991,284,61,223
E00003992,326,105,221
E00003993,248,31,217
E00003994,306,49,257
E00003995,320,62,258
E00003996,215,42,173
E00003997,251,31,220
E00003998,374,66,308
E00003999,293,54,239
E00004000,479,83,396
E00004001,348,52,296
E00004002,339,56,283
E00004003,396,70,326
E00004004,281,72,209
E00004005,282,48,234
E00004006,303,67,236
E00004007,293,52,241
E00004008,271,44,227
E00004009,227,32,195
E00004010,227,42,185
E00004011,334,73,261
E00004012,321,90,231
E00004013,405,55,350
E00004014,284,44,240
E00004015,140,27,113
E00004016,256,71,185
E00004017,516,118,398
E00004018,289,54,235
E00004020,282,74,208
E00004022,259,43,216
E00004023,259,46,213
E00004024,253,45,208
E00004025,207,33,174
E00004026,220,52,168
E00004027,276,79,197
E00004028,126,13,113
E00004029,350,76,274
E00004030,307,62,245
E00004031,314,57,257
E00004032,282,89,193
E00004033,326,79,247
E00004034,406,69,337
E00004035,290,64,226
E00004036,231,60,171
E00004037,374,75,299
E00004038,357,65,292
E00004039,284,53,231
E00004040,249,31,218
E00004041,284,41,243
E00004042,260,43,217
E00004043,279,56,223
E00004044,198,25,173
E00004045,229,24,205
E00004046,303,47,256
E00004047,326,87,239
E00004048,284,76,208
E00004049,297,37,260
E00004050,251,54,197
E00004051,330,70,260
E00004052,341,67,274
E00004053,348,75,273
E00004054,313,68,245
E00004055,287,63,224
E00004056,327,61,266
E00004057,283,55,228
E00004058,313,62,251
E00004059,219,21,198
E00004060,292,56,236
E00004061,369,92,277
E00004062,277,47,230
E00004063,299,65,234
E00004064,277,56,221
E00004065,301,62,239
E00004066,330,88,242
E00004067,287,57,230
E00004068,314,76,238
E00004069,307,72,235
E00004070,261,49,212
E00004071,314,58,256
E00004072,202,32,170
E00004073,235,25,210
E00004074,356,84,272
E00004075,311,61,250
E00004076,338,65,273
E00004077,370,79,291
E00004078,404,104,300
E00004079,323,61,262
E00004080,406,83,323
E00004081,353,73,280
E00004082,254,48,206
E00004083,422,76,346
E00004084,227,33,194
E00004085,308,64,244
E00004086,308,63,245
E00004087,297,72,225
E00004088,380,82,298
E00004089,345,61,284
E00004090,368,58,310
E00004091,401,65,336
E00004092,274,33,241
E00004093,314,61,253
E00004094,273,71,202
E00004095,297,42,255
E00004096,315,60,255
E00004097,142,0,142
E00004098,345,49,296
E00004099,315,53,262
E00004100,298,44,254
E00004101,363,49,314
E00004102,290,53,237
E00004103,273,34,239
E00004104,339,81,258
E00004105,357,78,279
E00004106,300,60,240
E00004107,328,87,241
E00004108,318,62,256
E00004109,240,40,200
E00004110,306,88,218
E00004111,329,69,260
E00004112,343,85,258
E00004113,317,66,251
E00004114,323,72,251
E00004115,247,44,203
E00004116,343,88,255
E00004117,342,74,268
E00004118,313,52,261
E00004119,350,89,261
E00004120,265,34,231
E00004121,227,49,178
E00004122,211,53,158
E00004123,258,71,187
E00004124,151,34,117
E00004125,226,22,204
E00004126,246,36,210
E00004127,203,28,175
E00004128,294,51,243
E00004129,250,38,212
E00004130,202,34,168
E00004131,235,44,191
E00004132,171,38,133
E00004133,197,33,164
E00004134,154,29,125
E00004135,127,10,117
E00004136,191,40,151
E00004137,212,24,188
E00004138,194,21,173
E00004140,190,26,164
E00004141,190,24,166
E00004142,218,34,184
E00004143,214,42,172
E00004145,256,36,220
E00004146,218,34,184
E00004147,183,25,158
E00004148,163,28,135
E00004149,337,62,275
E00004150,234,42,192
E00004151,213,27,186
E00004152,231,40,191
E00004153,217,52,165
E00004154,193,42,151
E00004155,249,65,184
E00004156,209,38,171
E00004157,216,44,172
E00004158,301,76,225
E00004159,404,136,268
E00004160,187,44,143
E00004161,190,37,153
E00004162,207,25,182
E00004163,342,85,257
E00004164,339,89,250
E00004165,342,87,255
E00004166,366,131,235
E00004167,235,65,170
E00004168,180,21,159
E00004169,285,74,211
E00004172,185,29,156
E00004173,545,413,132
E00004174,142,36,106
E00004175,261,67,194
E00004177,240,173,67
E00004179,283,56,227
E00004180,184,75,109
E00004181,320,68,252
E00004182,144,39,105
E00004183,164,25,139
E00004184,194,54,140
E00004185,245,93,152
E00004187,276,80,196
E00004188,106,33,73
E00004189,158,69,89
E00004190,314,62,252
E00004193,520,269,251
E00004194,175,42,133
E00004195,263,91,172
E00004196,163,43,120
E00004197,190,57,133
E00004198,229,77,152
E00004199,270,55,215
E00004200,170,31,139
E00004201,214,33,181
E00004202,153,1,152
E00004203,307,79,228
E00004204,247,34,213
E00004205,345,57,288
E00004206,286,64,222
E00004207,360,110,250
E00004208,321,125,196
E00004209,251,44,207
E00004210,281,69,212
E00004211,226,61,165
E00004212,289,59,230
E00004213,451,106,345
E00004215,232,42,190
E00004216,251,52,199
E00004217,249,37,212
E00004218,298,63,235
E00004219,336,55,281
E00004220,171,34,137
E00004221,191,32,159
E00004222,202,33,169
E00004223,376,105,271
E00004224,248,36,212
E00004225,413,138,275
E00004226,232,60,172
E00004227,239,57,182
E00004228,160,24,136
E00004229,296,47,249
E00004230,220,41,179
E00004231,266,66,200
E00004232,153,23,130
E00004233,211,33,178
E00004234,195,34,161
E00004235,360,100,260
E00004236,251,43,208
E00004237,233,58,175
E00004238,349,68,281
E00004239,171,26,145
E00004240,286,63,223
E00004241,274,63,211
E00004242,122,26,96
E00004243,224,54,170
E00004244,246,54,192
E00004245,261,42,219
E00004246,230,61,169
E00004247,362,86,276
E00004248,389,89,300
E00004249,210,23,187
E00004250,252,64,188
E00004251,230,36,194
E00004252,220,39,181
E00004253,496,99,397
E00004254,248,71,177
E00004255,285,83,202
E00004256,295,79,216
E00004257,227,54,173
E00004258,214,38,176
E00004259,260,71,189
E00004260,360,122,238
E00004261,288,95,193
E00004262,493,111,382
E00004263,303,87,216
E00004264,336,94,242
E00004265,254,37,217
E00004266,307,82,225
E00004268,285,53,232
E00004269,211,32,179
E00004270,466,149,317
E00004271,289,62,227
E00004272,225,52,173
E00004273,381,74,307
E00004274,245,40,205
E00004275,167,26,141
E00004276,229,57,172
E00004277,191,20,171
E00004278,184,49,135
E00004279,244,41,203
E00004280,213,46,167
E00004281,268,47,221
E00004282,258,36,222
E00004283,234,41,193
E00004284,237,33,204
E00004285,247,44,203
E00004286,269,46,223
E00004287,238,41,197
E00004288,235,36,199
E00004289,203,26,177
E00004290,290,50,240
E00004291,344,86,258
E00004292,334,119,215
E00004293,250,49,201
E00004294,435,46,389
E00004295,435,82,353
E00004296,347,95,252
E00004297,287,48,239
E00004298,267,63,204
E00004299,270,49,221
E00004300,283,57,226
E00004301,421,83,338
E00004302,222,28,194
E00004303,258,38,220
E00004304,331,69,262
E00004305,302,74,228
E00004306,273,42,231
E00004307,338,72,266
E00004308,255,47,208
E00004309,262,59,203
E00004310,306,65,241
E00004311,269,78,191
E00004312,257,49,208
E00004313,230,39,191
E00004314,262,42,220
E00004315,282,53,229
E00004316,191,27,164
E00004317,385,76,309
E00004318,264,48,216
E00004319,257,36,221
E00004320,242,44,198
E00004321,296,82,214
E00004322,282,61,221
E00004323,415,86,329
E00004324,244,52,192
E00004325,251,69,182
E00004326,204,41,163
E00004327,275,53,222
E00004328,235,49,186
E00004329,297,71,226
E00004330,273,38,235
E00004331,254,58,196
E00004332,188,39,149
E00004333,228,34,194
E00004334,212,45,167
E00004335,242,58,184
E00004336,307,45,262
E00004337,234,58,176
E00004338,232,47,185
E00004339,341,59,282
E00004340,208,44,164
E00004341,193,35,158
E00004342,221,59,162
E00004343,224,36,188
E00004344,257,52,205
E00004345,257,52,205
E00004346,234,45,189
E00004347,202,44,158
E00004348,332,74,258
E00004349,270,65,205
E00004350,246,49,197
E00004351,211,38,173
E00004352,286,84,202
E00004353,432,95,337
E00004354,204,45,159
E00004355,249,53,196
E00004356,242,43,199
E00004357,261,65,196
E00004358,320,70,250
E00004359,264,68,196
E00004360,234,47,187
E00004361,214,31,183
E00004362,472,135,337
E00004363,366,92,274
E00004364,480,107,373
E00004365,242,41,201
E00004366,142,10,132
E00004367,448,110,338
E00004368,248,43,205
E00004369,241,45,196
E00004370,218,29,189
E00004371,193,46,147
E00004372,283,81,202
E00004373,150,38,112
E00004374,214,71,143
E00004375,208,34,174
E00004376,355,64,291
E00004377,225,60,165
E00004378,275,47,228
E00004379,227,26,201
E00004380,307,68,239
E00004381,247,44,203
E00004382,250,55,195
E00004383,192,30,162
E00004384,204,40,164
E00004385,187,39,148
E00004386,200,45,155
E00004387,170,25,145
E00004388,187,31,156
E00004389,241,42,199
E00004390,230,35,195
E00004391,297,78,219
E00004392,235,48,187
E00004393,222,32,190
E00004394,174,24,150
E00004395,263,54,209
E00004396,256,55,201
E00004397,276,63,213
E00004398,212,42,170
E00004399,366,108,258
E00004400,313,67,246
E00004401,217,33,184
E00004402,221,47,174
E00004403,274,55,219
E00004404,243,53,190
E00004405,249,47,202
E00004406,227,34,193
E00004407,283,47,236
E00004408,231,48,183
E00004409,264,58,206
E00004410,237,44,193
E00004411,194,32,162
E00004412,242,40,202
E00004413,204,37,167
E00004414,227,54,173
E00004415,242,45,197
E00004416,237,52,185
E00004417,253,65,188
E00004418,203,29,174
E00004419,221,27,194
E00004420,197,34,163
E00004421,267,58,209
E00004422,137,19,118
E00004423,231,40,191
E00004424,191,24,167
E00004425,280,41,239
E00004426,228,43,185
E00004427,259,65,194
E00004428,186,26,160
E00004429,228,38,190
E00004430,183,28,155
E00004431,228,49,179
E00004432,259,51,208
E00004433,267,60,207
E00004435,224,27,197
E00004436,290,54,236
E00004437,239,64,175
E00004438,203,35,168
E00004439,227,48,179
E00004440,219,45,174
E00004441,245,47,198
E00004442,223,75,148
E00004444,399,133,266
E00004445,228,37,191
E00004446,303,80,223
E00004448,293,48,245
E00004450,321,48,273
E00004451,249,46,203
E00004452,295,68,227
E00004453,400,118,282
E00004454,483,152,331
E00004455,230,75,155
E00004456,400,118,282
E00004458,385,70,315
E00004459,276,71,205
E00004460,274,54,220
E00004461,342,108,234
E00004462,203,39,164
E00004463,313,89,224
E00004465,336,75,261
E00004466,195,17,178
E00004467,309,67,242
E00004469,222,33,189
E00004470,322,72,250
E00004471,204,23,181
E00004472,351,73,278
E00004473,229,47,182
E00004474,304,57,247
E00004475,281,78,203
E00004476,316,88,228
E00004477,244,40,204
E00004478,432,85,347
E00004479,271,53,218
E00004480,246,46,200
E00004481,322,74,248
E00004482,279,61,218
E00004483,262,54,208
E00004484,275,76,199
E00004485,256,48,208
E00004486,289,49,240
E00004487,193,22,171
E00004488,212,58,154
E00004489,253,51,202
E00004490,229,51,178
E00004491,284,56,228
E00004492,318,50,268
E00004493,131,18,113
E00004494,384,51,333
E00004495,207,28,179
E00004496,280,51,229
E00004497,219,40,179
E00004498,328,84,244
E00004499,365,96,269
E00004500,142,10,132
E00004501,99,9,90
E00004502,240,42,198
E00004503,231,43,188
E00004504,316,72,244
E00004505,323,77,246
E00004506,324,76,248
E00004507,217,42,175
E00004508,288,38,250
E00004509,329,75,254
E00004510,279,49,230
E00004511,288,52,236
E00004512,234,36,198
E00004513,243,44,199
E00004514,252,52,200
E00004515,225,48,177
E00004516,276,65,211
E00004517,259,52,207
E00004518,217,48,169
E00004519,215,46,169
E00004520,229,59,170
E00004521,203,55,148
E00004522,330,117,213
E00004523,248,69,179
E00004524,243,70,173
E00004525,248,62,186
E00004526,326,121,205
E00004527,143,26,117
E00004528,183,31,152
E00004529,278,61,217
E00004530,223,43,180
E00004531,246,40,206
E00004532,262,61,201
E00004534,218,48,170
E00004535,164,45,119
E00004536,245,37,208
E00004537,124,19,105
E00004538,172,40,132
E00004539,264,58,206
E00004540,311,75,236
E00004541,205,50,155
E00004542,331,88,243
E00004543,159,17,142
E00004544,265,84,181
E00004545,312,83,229
E00004546,210,56,154
E00004547,366,118,248
E00004548,230,38,192
E00004549,222,48,174
E00004550,333,98,235
E00004551,381,67,314
E00004552,332,112,220
E00004553,283,61,222
E00004554,303,103,200
E00004555,300,99,201
E00004556,262,71,191
E00004557,149,22,127
E00004558,245,55,190
E00004559,543,337,206
E00004560,231,42,189
E00004561,149,30,119
E00004562,248,57,191
E00004564,273,72,201
E00004565,225,66,159
E00004566,313,80,233
E00004567,397,137,260
E00004568,341,68,273
E00004569,443,88,355
E00004570,272,52,220
E00004571,249,51,198
E00004572,343,70,273
E00004573,282,48,234
E00004574,317,68,249
E00004575,302,35,267
E00004576,295,71,224
E00004577,327,63,264
E00004578,267,37,230
E00004579,227,56,171
E00004580,291,45,246
E00004581,231,36,195
E00004582,247,53,194
E00004583,338,56,282
E00004584,451,66,385
E00004585,238,41,197
E00004586,224,44,180
E00004587,231,39,192
E00004588,285,26,259
E00004589,244,45,199
E00004590,206,32,174
E00004591,242,53,189
E00004592,195,28,167
E00004593,439,75,364
E00004594,217,35,182
E00004595,287,50,237
E00004596,218,28,190
E00004597,256,55,201
E00004598,277,71,206
E00004599,256,75,181
E00004600,323,111,212
E00004601,278,96,182
E00004602,231,42,189
E00004603,359,112,247
E00004604,362,72,290
E00004605,251,58,193
E00004606,329,85,244
E00004607,188,27,161
E00004608,346,99,247
E00004610,291,93,198
E00004611,196,15,181
E00004612,271,63,208
E00004613,276,43,233
E00004614,471,93,378
E00004615,188,22,166
E00004616,240,36,204
E00004617,191,16,175
E00004618,225,31,194
E00004619,206,41,165
E00004620,261,33,228
E00004621,282,64,218
E00004622,366,77,289
E00004623,298,62,236
E00004624,290,50,240
E00004625,344,81,263
E00004626,283,27,256
E00004627,207,39,168
E00004628,212,56,156
E00004629,196,21,175
E00004630,258,60,198
E00004631,253,41,212
E00004632,284,70,214
E00004633,261,76,185
E00004634,265,41,224
E00004635,285,75,210
E00004636,254,62,192
E00004637,407,133,274
E00004638,381,97,284
E00004639,203,46,157
E00004640,331,85,246
E00004641,353,111,242
E00004642,318,101,217
E00004643,336,63,273
E00004644,427,135,292
E00004645,178,24,154
E00004646,222,66,156
E00004647,267,85,182
E00004649,187,64,123
E00004650,229,40,189
E00004651,129,18,111
E00004652,211,41,170
E00004655,294,185,109
E00004658,531,224,307
E00004659,320,97,223
E00004660,213,42,171
E00004661,224,66,158
E00004662,176,44,132
E00004663,307,90,217
E00004664,280,72,208
E00004665,249,44,205
E00004666,376,213,163
E00004667,149,35,114
E00004668,153,34,119
E00004669,289,94,195
E00004670,256,82,174
E00004671,551,272,279
E00004672,171,62,109
E00004673,257,67,190
E00004674,245,68,177
E00004675,167,44,123
E00004676,120,36,84
E00004678,380,115,265
E00004679,158,31,127
E00004680,947,850,97
E00004681,201,42,159
E00004682,182,64,118
E00004683,176,56,120
E00004684,300,82,218
E00004685,261,90,171
E00004686,301,97,204
E00004687,183,30,153
E00004688,390,127,263
E00004689,313,118,195
E00004690,221,73,148
E00004691,230,64,166
E00004692,248,87,161
E00004693,315,102,213
E00004694,253,100,153
E00004695,293,125,168
E00004696,329,121,208
E00004697,191,77,114
E00004699,376,141,235
E00004700,286,76,210
E00004701,259,75,184
E00004702,226,67,159
E00004703,260,63,197
E00004704,285,87,198
E00004705,282,56,226
E00004706,345,98,247
E00004707,410,155,255
E00004708,153,23,130
E00004709,327,104,223
E00004710,241,55,186
E00004711,310,86,224
E00004712,234,42,192
E00004713,157,21,136
E00004714,252,29,223
E00004715,276,80,196
E00004717,269,41,228
E00004719,397,124,273
E00004720,108,17,91
E00004721,275,89,186
E00004723,283,102,181
E00004724,281,99,182
E00004725,366,144,222
E00004726,234,51,183
E00004727,273,91,182
E00004728,282,90,192
E00004729,226,62,164
E00004730,162,41,121
E00004731,597,186,411
E00004733,338,77,261
E00004736,190,34,156
E00004738,233,25,208
E00004739,226,47,179
E00004741,295,73,222
E00004742,300,72,228
E00004743,373,135,238
E00004744,254,55,199
E00004745,263,77,186
E00004746,294,95,199
E00004747,372,125,247
E00004748,313,96,217
E00004749,532,184,348
E00004750,519,177,342
E00004751,205,38,167
E00004752,297,75,222
E00004753,293,101,192
E00004754,296,102,194
E00004755,204,72,132
E00004756,213,71,142
E00004757,368,172,196
E00004758,206,89,117
E00004759,286,78,208
E00004760,190,46,144
E00004761,152,46,106
E00004762,283,117,166
E00004763,200,54,146
E00004764,217,90,127
E00004765,206,56,150
E00004766,224,30,194
E00004767,304,59,245
E00004768,267,62,205
E00004769,269,43,226
E00004770,194,30,164
E00004771,273,62,211
E00004772,247,45,202
E00004773,226,39,187
E00004774,212,30,182
E00004775,245,47,198
E00004776,268,40,228
E00004777,278,75,203
E00004778,246,36,210
E00004779,269,69,200
E00004780,214,64,150
E00004781,435,112,323
E00004782,222,39,183
E00004783,288,73,215
E00004784,400,102,298
E00004785,341,103,238
E00004786,192,23,169
E00004787,312,50,262
E00004788,219,46,173
E00004789,190,76,114
E00004790,250,35,215
E00004791,242,38,204
E00004792,256,35,221
E00004793,247,41,206
E00004794,491,116,375
E00004795,233,37,196
E00004796,244,34,210
E00004797,402,88,314
E00004798,232,33,199
E00004799,264,44,220
E00004801,257,44,213
E00004802,233,38,195
E00004803,238,58,180
E00004804,210,32,178
E00004805,234,60,174
E00004806,225,33,192
E00004807,250,60,190
E00004808,231,62,169
E00004809,258,55,203
E00004810,302,58,244
E00004811,279,52,227
E00004812,376,91,285
E00004813,325,56,269
E00004814,192,14,178
E00004816,204,32,172
E00004817,234,48,186
E00004818,195,20,175
E00004819,262,57,205
E00004820,244,42,202
E00004821,172,10,162
E00004822,298,62,236
E00004823,360,89,271
E00004824,191,22,169
E00004825,192,21,171
E00004826,212,17,195
E00004827,298,64,234
E00004828,228,25,203
E00004829,222,36,186
E00004830,306,60,246
E00004831,240,55,185
E00004833,271,34,237
E00004834,405,75,330
E00004835,515,199,316
E00004836,256,56,200
E00004837,537,148,389
E00004838,242,28,214
E00004839,334,40,294
E00004840,209,29,180
E00004841,272,59,213
E00004842,239,37,202
E00004843,212,27,185
E00004844,250,36,214
E00004845,197,15,182
E00004846,259,34,225
E00004847,227,22,205
E00004848,318,62,256
E00004849,247,37,210
E00004850,358,47,311
E00004851,188,30,158
E00004852,245,32,213
E00004853,253,35,218
E00004854,266,49,217
E00004855,283,50,233
E00004856,244,39,205
E00004857,404,92,312
E00004858,302,72,230
E00004859,414,95,319
E00004860,149,25,124
E00004861,275,54,221
E00004862,271,66,205
E00004863,257,59,198
E00004864,335,80,255
E00004865,286,61,225
E00004866,372,122,250
E00004867,229,42,187
E00004868,218,37,181
E00004869,208,34,174
E00004870,228,47,181
E00004871,333,82,251
E00004872,254,41,213
E00004873,298,54,244
E00004874,310,63,247
E00004875,226,41,185
E00004876,280,66,214
E00004877,272,63,209
E00004878,298,55,243
E00004879,242,65,177
E00004880,210,29,181
E00004881,141,20,121
E00004882,301,49,252
E00004883,328,70,258
E00004884,557,97,460
E00004885,410,99,311
E00004886,297,45,252
E00004887,214,22,192
E00004888,181,38,143
E00004889,280,51,229
E00004890,205,37,168
E00004891,228,33,195
E00004892,401,84,317
E00004893,228,50,178
E00004894,255,55,200
E00004895,199,25,174
E00004896,277,51,226
E00004897,276,35,241
E00004898,275,55,220
E00004899,283,40,243
E00004900,276,37,239
E00004901,275,52,223
E00004902,314,55,259
E00004904,267,55,212
E00004905,279,60,219
E00004906,260,41,219
E00004907,275,43,232
E00004908,272,36,236
E00004909,351,53,298
E00004910,252,47,205
E00004911,269,56,213
E00004912,293,55,238
E00004913,219,65,154
E00004914,323,62,261
E00004916,331,79,252
E00004917,361,90,271
E00004918,373,98,275
E00004920,187,33,154
E00004921,382,89,293
E00004922,321,61,260
E00004923,325,56,269
E00004924,287,61,226
E00004925,330,42,288
E00004926,316,70,246
E00004927,323,49,274
E00004928,378,74,304
E00004929,240,59,181
E00004930,313,71,242
E00004931,308,50,258
E00004932,336,47,289
E00004933,339,83,256
E00004934,314,53,261
E00004935,317,46,271
E00004936,429,94,335
E00004937,392,86,306
E00004938,340,63,277
E00004939,314,59,255
E00004940,294,52,242
E00004941,320,51,269
E00004942,275,44,231
E00004943,296,43,253
E00004944,322,81,241
E00004945,340,109,231
E00004946,303,71,232
E00004947,300,57,243
E00004948,328,61,267
E00004949,289,51,238
E00004950,318,75,243
E00004951,342,85,257
E00004952,396,81,315
E00004953,321,74,247
E00004954,340,71,269
E00004955,353,46,307
E00004956,254,45,209
E00004957,305,73,232
E00004958,298,63,235
E00004959,373,88,285
E00004960,370,95,275
E00004961,282,77,205
E00004962,291,70,221
E00004963,283,83,200
E00004964,356,106,250
E00004965,260,79,181
E00004966,367,118,249
E00004967,268,65,203
E00004968,361,87,274
E00004969,238,45,193
E00004970,266,69,197
E00004971,352,94,258
E00004973,349,99,250
E00004974,340,95,245
E00004975,354,73,281
E00004976,328,60,268
E00004977,257,48,209
E00004978,254,71,183
E00004979,333,68,265
E00004980,352,66,286
E00004981,201,37,164
E00004982,242,44,198
E00004983,261,48,213
E00004984,236,47,189
E00004985,310,66,244
E00004986,315,87,228
E00004987,403,113,290
E00004988,281,55,226
E00004989,310,93,217
E00004990,337,70,267
E00004992,379,80,299
E00004993,353,98,255
E00004994,328,86,242
E00004995,364,92,272
E00004996,271,69,202
E00004998,291,68,223
E00004999,305,70,235
E00005000,459,102,357
E00005001,345,88,257
E00005002,353,69,284
E00005003,294,74,220
E00005004,300,59,241
E00005005,293,72,221
E00005006,311,81,230
E00005007,444,113,331
E00005008,338,110,228
E00005009,406,115,291
E00005011,455,113,342
E00005012,287,78,209
E00005013,353,95,258
E00005014,352,101,251
E00005015,481,113,368
E00005016,373,88,285
E00005017,275,77,198
E00005018,295,68,227
E00005019,352,104,248
E00005021,327,94,233
E00005022,238,69,169
E00005023,389,106,283
E00005024,268,112,156
E00005025,302,86,216
E00005026,145,38,107
E00005027,304,95,209
E00005028,423,82,341
E00005029,350,93,257
E00005030,227,35,192
E00005032,314,101,213
E00005033,283,81,202
E00005034,335,82,253
E00005035,267,67,200
E00005036,321,78,243
E00005039,358,100,258
E00005040,348,100,248
E00005041,531,134,397
E00005042,404,111,293
E00005043,383,102,281
E00005044,415,130,285
E00005045,350,73,277
E00005046,433,120,313
E00005047,321,88,233
E00005048,302,88,214
E00005049,315,83,232
E00005050,435,138,297
E00005051,353,101,252
E00005052,465,109,356
E00005053,285,79,206
E00005054,234,54,180
E00005055,454,111,343
E00005056,291,43,248
E00005057,312,51,261
E00005058,307,73,234
E00005059,299,51,248
E00005060,267,62,205
E00005061,376,81,295
E00005062,305,119,186
E00005063,325,64,261
E00005064,338,83,255
E00005065,317,56,261
E00005066,355,100,255
E00005067,293,64,229
E00005068,315,64,251
E00005069,283,71,212
E00005070,278,48,230
E00005071,208,20,188
E00005072,311,52,259
E00005073,287,37,250
E00005074,315,67,248
E00005075,269,38,231
E00005076,255,44,211
E00005077,235,37,198
E00005078,320,61,259
E00005079,307,42,265
E00005080,331,59,272
E00005081,308,49,259
E00005082,231,39,192
E00005083,386,79,307
E00005084,317,53,264
E00005085,232,30,202
E00005086,331,79,252
E00005087,310,47,263
E00005088,321,66,255
E00005089,227,40,187
E00005090,273,34,239
E00005091,351,69,282
E00005092,248,28,220
E00005093,241,59,182
E00005094,517,93,424
E00005095,348,76,272
E00005097,410,74,336
E00005098,346,64,282
E00005099,426,90,336
E00005100,302,53,249
E00005101,350,70,280
E00005103,281,61,220
E00005104,306,50,256
E00005105,306,55,251
E00005106,311,55,256
E00005107,317,56,261
E00005108,462,145,317
E00005109,398,75,323
E00005110,310,61,249
E00005111,331,67,264
E00005112,287,68,219
E00005113,343,57,286
E00005114,346,81,265
E00005115,498,67,431
E00005116,364,73,291
E00005117,324,49,275
E00005118,422,79,343
E00005119,326,72,254
E00005120,364,64,300
E00005121,360,72,288
E00005122,347,73,274
E00005123,383,75,308
E00005124,312,75,237
E00005125,361,69,292
E00005126,313,64,249
E00005127,262,47,215
E00005128,386,74,312
E00005129,339,62,277
E00005130,259,26,233
E00005131,550,123,427
E00005132,367,70,297
E00005133,433,70,363
E00005134,283,49,234
E00005135,256,60,196
E00005136,439,74,365
E00005137,333,65,268
E00005138,292,63,229
E00005139,291,44,247
E00005140,360,55,305
E00005141,257,46,211
E00005142,290,34,256
E00005143,261,56,205
E00005144,281,35,246
E00005145,328,44,284
E00005146,277,53,224
E00005147,267,35,232
E00005148,275,67,208
E00005149,274,47,227
E00005150,254,33,221
E00005151,300,46,254
E00005152,235,35,200
E00005153,264,34,230
E00005154,365,59,306
E00005155,263,45,218
E00005156,301,64,237
E00005157,311,68,243
E00005158,281,62,219
E00005159,255,54,201
E00005160,230,49,181
E00005161,213,41,172
E00005162,298,67,231
E00005163,236,47,189
E00005164,251,42,209
E00005165,291,57,234
E00005166,370,78,292
E00005167,282,62,220
E00005168,189,27,162
E00005169,266,62,204
E00005170,286,60,226
E00005171,467,149,318
E00005172,191,24,167
E00005173,207,39,168
E00005174,202,36,166
E00005175,248,45,203
E00005176,313,59,254
E00005177,254,53,201
E00005178,258,45,213
E00005179,284,54,230
E00005180,433,105,328
E00005181,256,36,220
E00005182,215,40,175
E00005183,277,55,222
E00005184,236,44,192
E00005185,233,60,173
E00005186,242,43,199
E00005187,258,66,192
E00005188,211,45,166
E00005189,209,30,179
E00005190,258,58,200
E00005191,321,43,278
E00005192,292,69,223
E00005193,206,34,172
E00005194,257,61,196
E00005195,413,102,311
E00005196,264,55,209
E00005198,206,27,179
E00005199,253,37,216
E00005200,199,15,184
E00005201,262,38,224
E00005203,233,50,183
E00005204,231,55,176
E00005205,320,57,263
E00005208,223,41,182
E00005209,327,51,276
E00005210,309,102,207
E00005211,324,72,252
E00005212,311,74,237
E00005213,403,63,340
E00005214,502,113,389
E00005215,278,62,216
E00005216,266,65,201
E00005217,217,38,179
E00005218,271,60,211
E00005219,234,44,190
E00005220,254,39,215
E00005221,212,42,170
E00005222,242,38,204
E00005223,246,26,220
E00005224,383,91,292
E00005225,442,66,376
E00005227,280,55,225
E00005228,231,45,186
E00005229,281,42,239
E00005230,219,36,183
E00005231,282,51,231
E00005232,194,38,156
E00005233,291,60,231
E00005234,300,75,225
E00005235,156,26,130
E00005236,343,95,248
E00005237,282,72,210
E00005238,342,44,298
E00005239,149,12,137
E00005241,271,59,212
E00005242,256,42,214
E00005243,323,30,293
E00005244,229,52,177
E00005245,226,46,180
E00005246,394,102,292
E00005247,331,121,210
E00005248,415,124,291
E00005249,330,85,245
E00005250,300,79,221
E00005251,304,99,205
E00005252,349,154,195
E00005253,364,140,224
E00005254,393,131,262
E00005255,350,138,212
E00005256,338,129,209
E00005257,309,104,205
E00005258,356,148,208
E00005259,318,124,194
E00005260,397,96,301
E00005261,301,108,193
E00005262,351,137,214
E00005263,317,65,252
E00005264,340,100,240
E00005265,377,150,227
E00005266,365,109,256
E00005267,318,106,212
E00005268,342,106,236
E00005269,343,126,217
E00005270,349,90,259
E00005271,277,68,209
E00005272,362,114,248
E00005273,370,143,227
E00005274,206,51,155
E00005275,212,44,168
E00005276,313,84,229
E00005277,393,144,249
E00005278,299,29,270
E00005279,231,83,148
E00005280,331,72,259
E00005281,317,72,245
E00005282,342,99,243
E00005283,276,46,230
E00005284,271,69,202
E00005285,300,66,234
E00005286,262,45,217
E00005287,279,54,225
E00005288,280,59,221
E00005289,294,58,236
E00005290,292,63,229
E00005291,312,50,262
E00005292,273,58,215
E00005293,254,38,216
E00005294,322,49,273
E00005295,314,44,270
E00005296,307,45,262
E00005297,298,36,262
E00005298,355,75,280
E00005299,295,42,253
E00005300,323,64,259
E00005301,246,37,209
E00005302,226,31,195
E00005303,161,11,150
E00005304,368,66,302
E00005305,189,43,146
E00005306,321,77,244
E00005307,383,72,311
E00005308,338,65,273
E00005309,321,93,228
E00005310,220,28,192
E00005311,344,77,267
E00005312,242,34,208
E00005313,319,101,218
E00005314,243,20,223
E00005315,321,65,256
E00005316,306,54,252
E00005317,261,51,210
E00005318,264,64,200
E00005319,284,46,238
E00005320,257,32,225
E00005321,302,74,228
E00005322,232,34,198
E00005323,328,64,264
E00005324,301,59,242
E00005325,274,54,220
E00005326,470,103,367
E00005327,289,52,237
E00005328,342,51,291
E00005329,348,81,267
E00005330,343,42,301
E00005331,356,61,295
E00005332,368,67,301
E00005333,239,38,201
E00005334,337,35,302
E00005335,302,80,222
E00005336,390,107,283
E00005337,303,74,229
E00005339,354,53,301
E00005340,246,37,209
E00005341,280,59,221
E00005342,270,60,210
E00005343,286,63,223
E00005344,336,65,271
E00005345,518,119,399
E00005346,272,54,218
E00005347,320,75,245
E00005348,288,60,228
E00005349,376,73,303
E00005350,293,61,232
E00005351,294,57,237
E00005352,327,62,265
E00005353,410,81,329
E00005354,274,54,220
E00005355,352,54,298
E00005356,303,68,235
E00005357,378,93,285
E00005358,279,53,226
E00005359,344,64,280
E00005360,278,46,232
E00005361,308,53,255
E00005362,305,64,241
E00005363,268,53,215
E00005364,351,71,280
E00005365,219,70,149
E00005366,348,109,239
E00005367,347,75,272
E00005368,317,93,224
E00005369,360,112,248
E00005370,293,79,214
E00005371,232,61,171
E00005372,265,57,208
E00005373,363,88,275
E00005374,368,96,272
E00005375,282,104,178
E00005376,296,68,228
E00005377,303,66,237
E00005378,344,86,258
E00005379,328,78,250
E00005380,331,102,229
E00005381,355,91,264
E00005382,220,38,182
E00005383,331,69,262
E00005384,293,70,223
E00005385,374,78,296
E00005386,312,86,226
E00005387,311,92,219
E00005388,355,120,235
E00005389,329,64,265
E00005390,392,108,284
E00005391,428,123,305
E00005392,304,52,252
E00005393,282,52,230
E00005394,336,77,259
E00005395,346,68,278
E00005396,381,86,295
E00005397,445,76,369
E00005398,407,89,318
E00005399,328,48,280
E00005400,349,74,275
E00005401,339,98,241
E00005402,326,98,228
E00005404,399,120,279
E00005405,491,89,402
E00005406,349,101,248
E00005407,327,59,268
E00005408,280,67,213
E00005409,410,92,318
E00005410,328,56,272
E00005411,316,51,265
E00005412,360,76,284
E00005413,342,68,274
E00005414,278,44,234
E00005415,291,37,254
E00005416,277,80,197
E00005417,322,63,259
E00005418,287,52,235
E00005419,413,87,326
E00005420,314,62,252
E00005421,329,57,272
E00005422,364,76,288
E00005423,368,59,309
E00005424,416,72,344
E00005425,347,68,279
E00005426,170,16,154
E00005427,330,70,260
E00005428,419,90,329
E00005429,266,44,222
E00005430,426,75,351
E00005431,299,60,239
E00005432,297,45,252
E00005433,499,100,399
E00005435,401,76,325
E00005436,165,36,129
E00005437,406,81,325
E00005438,306,68,238
E00005439,330,79,251
E00005440,350,66,284
E00005441,344,63,281
E00005442,307,64,243
E00005443,388,58,330
E00005444,434,85,349
E00005445,321,58,263
E00005446,296,45,251
E00005447,271,44,227
E00005448,249,52,197
E00005449,243,44,199
E00005450,291,66,225
E00005451,356,90,266
E00005452,275,39,236
E00005453,321,72,249
E00005454,381,84,297
E00005455,483,116,367
E00005456,266,71,195
E00005457,440,90,350
E00005458,393,51,342
E00005459,343,64,279
E00005461,209,54,155
E00005462,407,72,335
E00005463,298,49,249
E00005465,303,81,222
E00005466,177,17,160
E00005467,372,77,295
E00005469,355,65,290
E00005470,384,86,298
E00005471,305,42,263
E00005472,349,80,269
E00005473,281,58,223
E00005474,351,63,288
E00005475,253,33,220
E00005476,316,58,258
E00005477,419,89,330
E00005478,413,120,293
E00005479,323,72,251
E00005480,338,85,253
E00005481,278,41,237
E00005482,358,59,299
E00005483,352,78,274
E00005484,372,77,295
E00005485,344,81,263
E00005486,274,42,232
E00005487,300,55,245
E00005488,327,78,249
E00005489,274,38,236
E00005490,223,35,188
E00005491,325,63,262
E00005492,317,93,224
E00005493,304,45,259
E00005494,308,55,253
E00005495,326,72,254
E00005496,314,48,266
E00005497,342,70,272
E00005498,365,80,285
E00005499,328,77,251
E00005500,393,72,321
E00005501,332,65,267
E00005502,324,73,251
E00005503,356,63,293
E00005504,370,77,293
E00005505,291,64,227
E00005506,249,45,204
E00005507,382,71,311
E00005508,334,65,269
E00005509,363,77,286
E00005510,267,38,229
E00005511,337,57,280
E00005512,309,74,235
E00005513,318,59,259
E00005514,332,53,279
E00005515,363,70,293
E00005516,320,56,264
E00005517,287,48,239
E00005518,323,67,256
E00005519,368,90,278
E00005520,419,117,302
E00005521,358,89,269
E00005522,282,83,199
E00005523,343,85,258
E00005524,310,92,218
E00005525,243,50,193
E00005526,425,128,297
E00005528,452,99,353
E00005529,323,105,218
E00005530,439,124,315
E00005531,373,82,291
E00005532,256,55,201
E00005533,253,30,223
E00005534,460,132,328
E00005535,295,54,241
E00005536,292,67,225
E00005537,282,47,235
E00005538,302,70,232
E00005539,292,66,226
E00005540,250,41,209
E00005541,203,43,160
E00005542,293,59,234
E00005543,540,139,401
E00005544,286,62,224
E00005545,282,58,224
E00005546,227,55,172
E00005547,410,83,327
E00005548,191,31,160
E00005549,328,107,221
E00005550,285,84,201
E00005551,329,77,252
E00005552,296,81,215
E00005553,370,75,295
E00005554,196,74,122
E00005555,460,138,322
E00005556,360,88,272
E00005557,353,50,303
E00005558,260,68,192
E00005559,285,81,204
E00005560,437,130,307
E00005561,230,54,176
E00005562,289,62,227
E00005563,234,43,191
E00005564,450,131,319
E00005565,216,43,173
E00005566,568,164,404
E00005567,389,84,305
E00005568,319,98,221
E00005570,299,74,225
E00005571,273,59,214
E00005572,362,102,260
E00005573,297,46,251
E00005574,246,38,208
E00005575,296,41,255
E00005576,323,52,271
E00005577,351,63,288
E00005578,377,79,298
E00005579,324,60,264
E00005580,323,49,274
E00005581,314,55,259
E00005582,279,64,215
E00005583,317,44,273
E00005584,257,46,211
E00005585,268,48,220
E00005586,287,43,244
E00005587,345,71,274
E00005588,306,69,237
E00005589,297,42,255
E00005590,328,40,288
E00005591,254,37,217
E00005592,367,59,308
E00005593,274,36,238
E00005594,380,150,230
E00005595,349,70,279
E00005596,346,58,288
E00005597,306,62,244
E00005598,297,57,240
E00005599,335,72,263
E00005600,312,46,266
E00005601,318,46,272
E00005602,339,65,274
E00005603,300,50,250
E00005604,314,69,245
E00005605,234,24,210
E00005606,350,93,257
E00005607,295,62,233
E00005608,342,61,281
E00005609,308,124,184
E00005610,410,101,309
E00005611,321,64,257
E00005612,263,51,212
E00005613,237,34,203
E00005614,315,42,273
E00005615,312,53,259
E00005616,296,49,247
E00005617,340,72,268
E00005618,198,21,177
E00005619,336,70,266
E00005620,355,78,277
E00005621,186,18,168
E00005622,324,47,277
E00005623,254,46,208
E00005624,261,33,228
E00005625,320,45,275
E00005626,324,40,284
E00005627,312,46,266
E00005628,350,74,276
E00005629,272,36,236
E00005630,344,61,283
E00005631,317,54,263
E00005632,327,77,250
E00005633,325,71,254
E00005634,358,70,288
E00005635,305,108,197
E00005636,285,95,190
E00005637,276,40,236
E00005638,328,145,183
E00005639,285,105,180
E00005640,310,100,210
E00005641,290,111,179
E00005642,329,57,272
E00005643,338,128,210
E00005644,367,146,221
E00005645,165,36,129
E00005646,286,54,232
E00005647,279,68,211
E00005648,362,81,281
E00005649,338,42,296
E00005650,239,37,202
E00005651,296,51,245
E00005652,226,34,192
E00005653,196,24,172
E00005654,245,43,202
E00005655,333,80,253
E00005656,281,36,245
E00005657,247,50,197
E00005658,288,31,257
E00005659,334,77,257
E00005660,263,59,204
E00005661,273,59,214
E00005662,217,35,182
E00005663,349,142,207
E00005664,277,66,211
E00005665,300,70,230
E00005666,409,103,306
E00005667,289,48,241
E00005668,261,47,214
E00005669,310,74,236
E00005670,240,23,217
E00005671,253,44,209
E00005672,225,38,187
E00005673,314,60,254
E00005674,228,58,170
E00005675,392,80,312
E00005676,312,40,272
E00005677,407,65,342
E00005678,255,47,208
E00005679,269,57,212
E00005680,493,93,400
E00005681,232,36,196
E00005682,247,57,190
E00005683,244,50,194
E00005684,162,18,144
E00005685,333,37,296
E00005686,186,27,159
E00005687,411,42,369
E00005688,217,48,169
E00005689,248,66,182
E00005690,256,77,179
E00005691,239,45,194
E00005692,233,42,191
E00005693,220,31,189
E00005694,166,9,157
E00005695,267,42,225
E00005696,294,74,220
E00005697,187,31,156
E00005698,210,45,165
E00005699,275,61,214
E00005700,271,52,219
E00005701,222,49,173
E00005702,272,56,216
E00005703,316,63,253
E00005704,322,66,256
E00005705,245,53,192
E00005706,422,100,322
E00005708,299,65,234
E00005709,230,30,200
E00005710,240,34,206
E00005711,292,52,240
E00005712,271,62,209
E00005713,315,60,255
E00005714,410,115,295
E00005715,381,98,283
E00005716,445,126,319
E00005718,281,84,197
E00005719,453,89,364
E00005720,336,55,281
E00005721,345,78,267
E00005722,393,95,298
E00005723,300,60,240
E00005724,332,60,272
E00005725,367,101,266
E00005726,357,74,283
E00005727,380,105,275
E00005728,451,99,352
E00005729,355,96,259
E00005730,263,59,204
E00005731,336,70,266
E00005732,373,100,273
E00005733,267,62,205
E00005734,295,63,232
E00005735,267,52,215
E00005736,287,55,232
E00005737,309,64,245
E00005738,391,76,315
E00005739,313,67,246
E00005740,367,72,295
E00005741,310,46,264
E00005742,327,78,249
E00005743,386,78,308
E00005744,355,85,270
E00005745,307,75,232
E00005746,175,14,161
E00005747,379,91,288
E00005748,296,43,253
E00005749,381,101,280
E00005751,257,49,208
E00005752,272,74,198
E00005753,259,62,197
E00005754,274,77,197
E00005755,253,75,178
E00005756,316,73,243
E00005757,277,79,198
E00005758,350,105,245
E00005759,416,103,313
E00005760,345,81,264
E00005761,261,50,211
E00005762,256,64,192
E00005763,220,58,162
E00005764,389,103,286
E00005765,525,117,408
E00005766,342,79,263
E00005767,226,36,190
E00005768,281,70,211
E00005769,244,39,205
E00005770,359,49,310
E00005771,329,92,237
E00005772,325,68,257
E00005773,336,61,275
E00005774,340,32,308
E00005775,388,65,323
E00005776,257,35,222
E00005777,430,79,351
E00005778,333,71,262
E00005779,262,76,186
E00005780,258,67,191
E00005781,356,82,274
E00005782,346,86,260
E00005783,358,69,289
E00005784,324,50,274
E00005785,348,89,259
E00005786,287,58,229
E00005787,300,69,231
E00005788,320,58,262
E00005789,348,84,264
E00005790,268,60,208
E00005791,404,82,322
E00005792,380,86,294
E00005793,354,80,274
E00005794,325,81,244
E00005795,239,34,205
E00005796,250,49,201
E00005797,230,63,167
E00005798,321,77,244
E00005799,322,58,264
E00005800,315,70,245
E00005801,430,102,328
E00005802,317,57,260
E00005803,383,66,317
E00005804,288,60,228
E00005805,424,84,340
E00005806,287,60,227
E00005807,306,68,238
E00005808,269,39,230
E00005809,352,86,266
E00005810,216,28,188
E00005811,282,62,220
E00005812,338,76,262
E00005813,356,76,280
E00005814,403,127,276
E00005816,448,92,356
E00005817,372,66,306
E00005818,343,108,235
E00005819,310,81,229
E00005820,265,44,221
E00005821,376,60,316
E00005822,256,49,207
E00005823,385,77,308
E00005824,328,79,249
E00005825,367,65,302
E00005826,195,32,163
E00005827,401,86,315
E00005828,279,87,192
E00005829,292,84,208
E00005830,296,73,223
E00005831,258,42,216
E00005832,236,62,174
E00005833,280,74,206
E00005834,394,50,344
E00005835,371,98,273
E00005837,304,81,223
E00005838,335,62,273
E00005839,175,34,141
E00005840,420,144,276
E00005841,290,104,186
E00005842,272,74,198
E00005843,387,73,314
E00005844,519,113,406
E00005845,337,76,261
E00005846,294,69,225
E00005848,277,50,227
E00005849,327,75,252
E00005850,394,64,330
E00005851,369,91,278
E00005852,399,78,321
E00005853,376,105,271
E00005854,272,54,218
E00005855,313,64,249
E00005856,270,49,221
E00005857,341,66,275
E00005858,222,57,165
E00005859,294,68,226
E00005860,277,109,168
E00005861,389,99,290
E00005862,287,63,224
E00005863,290,53,237
E00005864,377,115,262
E00005865,328,94,234
E00005866,291,74,217
E00005867,428,106,322
E00005869,326,96,230
E00005871,420,113,307
E00005872,389,113,276
E00005873,398,108,290
E00005874,174,39,135
E00005875,423,131,292
E00005876,346,99,247
E00005877,345,99,246
E00005878,426,141,285
E00005879,366,117,249
E00005880,374,68,306
E00005881,297,68,229
E00005882,366,76,290
E00005883,250,52,198
E00005884,370,62,308
E00005885,227,33,194
E00005886,310,60,250
E00005887,307,65,242
E00005888,319,64,255
E00005889,263,64,199
E00005890,283,64,219
E00005892,370,91,279
E00005893,383,121,262
E00005894,316,80,236
E00005895,329,83,246
E00005896,299,73,226
E00005897,370,96,274
E00005898,297,68,229
E00005899,247,62,185
E00005900,361,80,281
E00005901,318,69,249
E00005902,392,107,285
E00005903,300,70,230
E00005904,314,93,221
E00005905,274,70,204
E00005906,390,109,281
E00005907,323,81,242
E00005908,284,77,207
E00005909,365,89,276
E00005910,324,88,236
E00005911,199,39,160
E00005912,439,98,341
E00005913,395,89,306
E00005914,333,103,230
E00005915,270,60,210
E00005916,193,41,152
E00005917,320,63,257
E00005918,238,50,188
E00005919,219,45,174
E00005920,346,79,267
E00005921,147,24,123
E00005922,261,52,209
E00005923,208,31,177
E00005924,430,96,334
E00005925,238,35,203
E00005926,249,53,196
E00005927,391,92,299
E00005928,290,70,220
E00005929,267,50,217
E00005930,223,42,181
E00005931,347,70,277
E00005932,314,81,233
E00005933,339,67,272
E00005934,263,52,211
E00005935,348,74,274
E00005936,266,52,214
E00005937,293,66,227
E00005938,272,64,208
E00005939,275,66,209
E00005940,247,52,195
E00005941,320,69,251
E00005942,477,147,330
E00005943,277,63,214
E00005944,287,58,229
E00005945,177,24,153
E00005946,313,82,231
E00005947,274,53,221
E00005948,308,55,253
E00005949,197,36,161
E00005950,279,76,203
E00005951,251,52,199
E00005952,387,118,269
E00005953,293,55,238
E00005954,266,64,202
E00005955,253,60,193
E00005956,256,48,208
E00005957,213,43,170
E00005958,169,42,127
E00005959,325,75,250
E00005960,200,40,160
E00005961,264,73,191
E00005962,369,71,298
E00005963,543,159,384
E00005964,253,69,184
E00005965,365,86,279
E00005966,397,72,325
E00005967,226,33,193
E00005969,333,110,223
E00005970,341,58,283
E00005971,230,48,182
E00005972,365,78,287
E00005973,344,91,253
E00005974,347,81,266
E00005975,311,70,241
E00005976,331,80,251
E00005977,326,67,259
E00005978,303,95,208
E00005979,331,103,228
E00005980,335,56,279
E00005981,224,56,168
E00005982,349,61,288
E00005983,401,68,333
E00005984,378,86,292
E00005985,305,70,235
E00005986,326,84,242
E00005987,290,55,235
E00005988,293,60,233
E00005989,392,109,283
E00005990,366,82,284
E00005991,284,46,238
E00005992,324,80,244
E00005993,387,96,291
E00005994,323,75,248
E00005995,246,41,205
E00005996,394,84,310
E00005997,350,75,275
E00005998,248,58,190
E00005999,279,42,237
E00006000,271,40,231
E00006001,374,95,279
E00006002,361,111,250
E00006003,335,66,269
E00006004,500,113,387
E00006005,298,66,232
E00006006,298,70,228
E00006007,278,55,223
E00006008,260,44,216
E00006009,245,44,201
E00006010,274,43,231
E00006011,359,54,305
E00006012,464,142,322
E00006013,344,71,273
E00006014,289,48,241
E00006015,330,57,273
E00006016,219,52,167
E00006017,357,71,286
E00006018,151,58,93
E00006019,398,94,304
E00006020,282,54,228
E00006021,430,85,345
E00006022,295,68,227
E00006023,320,62,258
E00006024,296,61,235
E00006025,211,32,179
E00006026,254,47,207
E00006027,337,137,200
E00006028,300,71,229
E00006029,324,111,213
E00006030,263,50,213
E00006031,341,124,217
E00006032,345,77,268
E00006033,275,54,221
E00006034,279,57,222
E00006035,280,71,209
E00006036,244,41,203
E00006037,308,36,272
E00006038,360,94,266
E00006039,337,78,259
E00006040,393,64,329
E00006041,279,49,230
E00006042,311,68,243
E00006043,192,58,134
E00006044,327,62,265
E00006045,326,79,247
E00006046,419,114,305
E00006047,329,85,244
E00006048,312,88,224
E00006049,321,81,240
E00006050,294,70,224
E00006051,303,92,211
E00006052,217,44,173
E00006053,340,86,254
E00006054,348,52,296
E00006055,351,81,270
E00006056,249,56,193
E00006057,318,55,263
E00006058,418,110,308
E00006059,372,92,280
E00006060,313,71,242
E00006061,383,85,298
E00006062,393,93,300
E00006063,428,125,303
E00006064,362,77,285
E00006065,302,62,240
E00006066,331,99,232
E00006067,428,105,323
E00006068,345,78,267
E00006069,567,180,387
E00006071,335,106,229
E00006072,332,90,242
E00006073,391,108,283
E00006074,171,57,114
E00006075,469,100,369
E00006076,388,135,253
E00006077,459,115,344
E00006078,428,109,319
E00006079,422,82,340
E00006080,393,77,316
E00006081,550,110,440
E00006082,471,126,345
E00006083,484,134,350
E00006084,460,104,356
E00006085,377,100,277
E00006086,477,121,356
E00006087,448,114,334
E00006088,503,85,418
E00006089,450,139,311
E00006090,364,108,256
E00006091,294,53,241
E00006092,399,74,325
E00006093,283,36,247
E00006094,334,45,289
E00006095,269,38,231
E00006096,227,41,186
E00006097,324,78,246
E00006098,240,27,213
E00006099,276,36,240
E00006100,216,22,194
E00006101,205,28,177
E00006102,309,55,254
E00006103,241,64,177
E00006104,282,29,253
E00006105,297,53,244
E00006106,249,44,205
E00006107,284,48,236
E00006108,286,50,236
E00006109,297,68,229
E00006110,297,61,236
E00006111,311,54,257
E00006112,286,53,233
E00006113,302,70,232
E00006114,265,56,209
E00006115,402,58,344
E00006116,273,48,225
E00006118,274,44,230
E00006119,329,52,277
E00006120,226,35,191
E00006121,159,18,141
E00006122,269,49,220
E00006123,263,38,225
E00006124,309,40,269
E00006125,314,49,265
E00006127,300,41,259
E00006128,195,18,177
E00006130,431,62,369
E00006131,272,39,233
E00006132,191,27,164
E00006133,255,51,204
E00006134,272,40,232
E00006135,323,61,262
E00006136,331,38,293
E00006137,251,37,214
E00006138,309,43,266
E00006139,296,53,243
E00006140,260,59,201
E00006141,326,73,253
E00006142,295,47,248
E00006143,246,34,212
E00006144,257,45,212
E00006145,349,86,263
E00006146,303,57,246
E00006147,259,51,208
E00006148,284,65,219
E00006149,440,81,359
E00006150,337,65,272
E00006151,298,64,234
E00006153,260,37,223
E00006154,247,32,215
E00006155,349,72,277
E00006156,241,55,186
E00006157,409,84,325
E00006158,267,45,222
E00006159,233,33,200
E00006160,303,80,223
E00006161,302,57,245
E00006162,278,59,219
E00006163,326,55,271
E00006164,278,44,234
E00006165,263,35,228
E00006166,450,82,368
E00006167,266,59,207
E00006168,198,39,159
E00006169,186,19,167
E00006170,266,48,218
E00006171,319,54,265
E00006172,278,42,236
E00006173,196,20,176
E00006174,191,31,160
E00006175,292,59,233
E00006176,350,35,315
E00006177,244,38,206
E00006178,306,39,267
E00006179,251,31,220
E00006180,284,47,237
E00006181,585,166,419
E00006182,255,50,205
E00006183,293,50,243
E00006185,324,75,249
E00006186,334,96,238
E00006187,296,46,250
E00006188,253,30,223
E00006190,339,73,266
E00006191,384,87,297
E00006192,470,85,385
E00006194,344,83,261
E00006195,260,44,216
E00006197,423,82,341
E00006198,504,120,384
E00006199,406,91,315
E00006200,253,56,197
E00006201,343,89,254
E00006202,328,59,269
E00006203,372,82,290
E00006204,528,102,426
E00006205,437,97,340
E00006206,437,84,353
E00006207,443,86,357
E00006208,345,71,274
E00006209,434,71,363
E00006210,346,95,251
E00006211,450,73,377
E00006212,416,96,320
E00006213,235,63,172
E00006214,328,73,255
E00006216,507,132,375
E00006217,340,74,266
E00006218,255,47,208
E00006219,322,55,267
E00006220,379,91,288
E00006221,453,113,340
E00006224,345,66,279
E00006225,427,96,331
E00006226,386,89,297
E00006227,289,70,219
E00006228,425,74,351
E00006229,380,82,298
E00006230,420,63,357
E00006231,398,81,317
E00006232,277,31,246
E00006233,206,31,175
E00006234,297,63,234
E00006235,286,43,243
E00006236,101,36,65
E00006237,262,69,193
E00006238,226,60,166
E00006239,470,121,349
E00006240,224,53,171
E00006241,370,77,293
E00006242,325,83,242
E00006243,324,70,254
E00006244,352,76,276
E00006245,317,63,254
E00006246,350,68,282
E00006247,314,49,265
E00006248,282,62,220
E00006249,538,96,442
E00006251,341,75,266
E00006252,339,59,280
E00006253,310,72,238
E00006254,250,53,197
E00006255,310,72,238
E00006256,360,99,261
E00006257,355,77,278
E00006258,333,79,254
E00006259,314,64,250
E00006260,338,93,245
E00006262,285,66,219
E00006263,307,69,238
E00006264,296,80,216
E00006265,297,44,253
E00006266,291,65,226
E00006267,275,42,233
E00006268,369,89,280
E00006269,342,93,249
E00006270,428,61,367
E00006271,317,77,240
E00006272,336,67,269
E00006273,351,81,270
E00006274,331,87,244
E00006275,359,106,253
E00006276,310,75,235
E00006277,365,88,277
E00006278,354,105,249
E00006279,354,103,251
E00006280,404,83,321
E00006281,515,147,368
E00006282,355,123,232
E00006283,264,58,206
E00006284,370,99,271
E00006285,362,82,280
E00006286,394,120,274
E00006287,356,92,264
E00006288,297,79,218
E00006289,430,103,327
E00006290,362,81,281
E00006291,340,63,277
E00006292,468,113,355
E00006293,351,85,266
E00006295,442,138,304
E00006296,277,67,210
E00006298,394,82,312
E00006299,449,89,360
E00006300,400,75,325
E00006301,392,72,320
E00006302,342,73,269
E00006303,393,81,312
E00006304,459,104,355
E00006305,371,85,286
E00006307,307,66,241
E00006308,356,79,277
E00006309,335,77,258
E00006310,345,74,271
E00006311,355,75,280
E00006312,296,54,242
E00006313,271,46,225
E00006314,525,161,364
E00006315,356,99,257
E00006316,311,48,263
E00006317,363,87,276
E00006318,337,88,249
E00006319,417,73,344
E00006320,328,93,235
E00006321,285,65,220
E00006322,363,82,281
E00006323,428,93,335
E00006324,301,55,246
E00006325,517,113,404
E00006326,395,82,313
E00006327,344,89,255
E00006328,332,63,269
E00006329,275,52,223
E00006330,398,87,311
E00006331,295,55,240
E00006332,277,70,207
E00006333,483,94,389
E00006334,411,117,294
E00006335,365,103,262
E00006336,451,88,363
E00006337,287,62,225
E00006338,385,93,292
E00006339,388,97,291
E00006340,318,59,259
E00006341,332,81,251
E00006342,458,94,364
E00006343,368,78,290
E00006344,364,115,249
E00006345,309,61,248
E00006346,380,96,284
E00006347,344,78,266
E00006348,552,107,445
E00006349,392,92,300
E00006350,393,92,301
E00006351,312,70,242
E00006352,230,43,187
E00006353,309,74,235
E00006354,263,49,214
E00006355,326,69,257
E00006356,271,60,211
E00006357,365,71,294
E00006358,308,60,248
E00006359,198,25,173
E00006360,287,43,244
E00006361,226,45,181
E00006362,314,97,217
E00006363,257,68,189
E00006364,376,69,307
E00006365,268,71,197
E00006366,288,30,258
E00006367,289,26,263
E00006368,343,77,266
E00006369,270,57,213
E00006370,397,66,331
E00006371,215,54,161
E00006372,377,70,307
E00006373,301,75,226
E00006374,446,99,347
E00006375,442,81,361
E00006376,380,74,306
E00006377,288,61,227
E00006378,289,59,230
E00006379,423,77,346
E00006380,259,46,213
E00006381,334,91,243
E00006382,264,51,213
E00006383,306,96,210
E00006384,297,79,218
E00006385,335,77,258
E00006386,241,58,183
E00006387,361,69,292
E00006388,309,64,245
E00006389,322,72,250
E00006390,234,41,193
E00006391,308,90,218
E00006392,283,68,215
E00006393,277,68,209
E00006394,327,34,293
E00006395,300,83,217
E00006396,336,77,259
E00006397,406,92,314
E00006398,405,108,297
E00006399,222,45,177
E00006400,322,86,236
E00006401,287,60,227
E00006402,303,70,233
E00006403,372,74,298
E00006404,309,70,239
E00006405,385,119,266
E00006406,250,49,201
E00006407,433,153,280
E00006408,345,152,193
E00006409,332,89,243
E00006410,373,79,294
E00006411,347,87,260
E00006412,311,103,208
E00006413,338,87,251
E00006414,246,43,203
E00006415,330,80,250
E00006416,365,103,262
E00006417,311,71,240
E00006418,341,97,244
E00006419,435,88,347
E00006420,337,66,271
E00006421,452,95,357
E00006422,362,82,280
E00006423,350,67,283
E00006424,362,82,280
E00006425,350,98,252
E00006426,357,73,284
E00006427,367,107,260
E00006428,269,59,210
E00006429,332,101,231
E00006430,221,41,180
E00006431,285,57,228
E00006432,297,63,234
E00006433,377,116,261
E00006434,347,62,285
E00006435,259,40,219
E00006436,276,60,216
E00006437,246,57,189
E00006438,324,75,249
E00006439,319,83,236
E00006440,371,90,281
E00006441,274,70,204
E00006442,333,100,233
E00006443,395,93,302
E00006444,504,131,373
E00006445,472,106,366
E00006446,406,83,323
E00006447,407,90,317
E00006448,472,104,368
E00006449,522,113,409
E00006450,529,171,358
E00006451,380,78,302
E00006452,439,85,354
E00006453,457,101,356
E00006454,421,112,309
E00006455,504,125,379
E00006456,448,105,343
E00006457,515,105,410
E00006458,412,76,336
E00006459,361,105,256
E00006460,475,101,374
E00006462,444,113,331
E00006464,392,82,310
E00006465,384,66,318
E00006466,400,109,291
E00006467,370,94,276
E00006468,375,72,303
E00006469,428,72,356
E00006470,379,95,284
E00006471,460,106,354
E00006472,417,106,311
E00006473,408,94,314
E00006474,309,69,240
E00006475,275,49,226
E00006476,359,88,271
E00006477,414,104,310
E00006478,409,115,294
E00006479,368,70,298
E00006480,322,63,259
E00006481,330,85,245
E00006482,317,73,244
E00006483,289,74,215
E00006484,281,64,217
E00006485,184,32,152
E00006486,291,82,209
E00006487,380,80,300
E00006488,282,57,225
E00006489,384,84,300
E00006491,210,33,177
E00006492,253,42,211
E00006493,174,35,139
E00006494,280,57,223
E00006496,293,74,219
E00006497,255,54,201
E00006498,425,106,319
E00006499,290,51,239
E00006500,293,68,225
E00006501,270,51,219
E00006502,272,67,205
E00006503,263,49,214
E00006504,346,56,290
E00006505,238,40,198
E00006506,290,42,248
E00006507,369,100,269
E00006508,285,49,236
E00006509,207,35,172
E00006510,294,73,221
E00006511,387,98,289
E00006512,253,64,189
E00006513,242,55,187
E00006514,334,82,252
E00006515,335,82,253
E00006516,254,44,210
E00006517,437,86,351
E00006518,360,84,276
E00006519,351,86,265
E00006521,332,68,264
E00006522,300,70,230
E00006523,393,82,311
E00006524,372,105,267
E00006525,379,79,300
E00006526,399,91,308
E00006527,450,88,362
E00006528,358,69,289
E00006529,365,77,288
E00006530,325,65,260
E00006531,292,44,248
E00006532,311,71,240
E00006533,320,71,249
E00006534,515,90,425
E00006535,334,73,261
E00006536,323,56,267
E00006537,378,71,307
E00006538,351,69,282
E00006539,351,83,268
E00006540,442,105,337
E00006541,373,105,268
E00006542,316,72,244
E00006543,370,103,267
E00006544,344,67,277
E00006545,499,91,408
E00006546,477,96,381
E00006547,385,88,297
E00006548,367,74,293
E00006549,314,62,252
E00006550,419,107,312
E00006551,406,105,301
E00006552,457,113,344
E00006553,402,75,327
E00006554,387,76,311
E00006555,381,97,284
E00006556,419,119,300
E00006557,378,81,297
E00006558,331,65,266
E00006559,310,60,250
E00006560,373,87,286
E00006561,312,61,251
E00006562,372,117,255
E00006563,375,94,281
E00006564,306,85,221
E00006565,468,150,318
E00006566,306,92,214
E00006567,331,103,228
E00006568,313,57,256
E00006569,371,82,289
E00006570,416,116,300
E00006571,331,88,243
E00006572,376,86,290
E00006573,340,72,268
E00006574,341,64,277
E00006575,294,55,239
E00006576,364,71,293
E00006577,549,164,385
E00006578,328,71,257
E00006579,289,61,228
E00006580,417,101,316
E00006581,351,76,275
E00006582,440,83,357
E00006583,553,145,408
E00006585,320,106,214
E00006586,288,46,242
E00006587,377,87,290
E00006588,467,143,324
E00006589,290,62,228
E00006590,382,113,269
E00006591,368,90,278
E00006592,380,93,287
E00006593,315,62,253
E00006594,415,105,310
E00006595,402,98,304
E00006596,405,105,300
E00006597,395,102,293
E00006598,299,49,250
E00006599,355,92,263
E00006600,388,107,281
E00006601,374,92,282
E00006602,378,85,293
E00006603,309,61,248
E00006604,308,93,215
E00006605,310,67,243
E00006606,307,74,233
E00006607,323,69,254
E00006608,276,71,205
E00006609,329,89,240
E00006610,399,111,288
E00006611,412,97,315
E00006612,376,105,271
E00006613,285,73,212
E00006614,306,64,242
E00006615,283,95,188
E00006616,277,70,207
E00006617,318,94,224
E00006618,432,137,295
E00006619,344,96,248
E00006620,333,92,241
E00006621,373,109,264
E00006622,370,117,253
E00006623,332,89,243
E00006624,358,86,272
E00006625,411,102,309
E00006626,416,119,297
E00006627,374,96,278
E00006628,231,44,187
E00006629,390,111,279
E00006630,391,93,298
E00006631,323,93,230
E00006632,356,105,251
E00006633,346,136,210
E00006634,477,143,334
E00006635,314,86,228
E00006636,366,103,263
E00006637,366,98,268
E00006638,378,100,278
E00006639,341,115,226
E00006640,249,40,209
E00006643,391,90,301
E00006644,483,125,358
E00006646,540,127,413
E00006647,409,103,306
E00006648,378,98,280
E00006650,486,137,349
E00006651,483,149,334
E00006652,497,117,380
E00006653,309,85,224
E00006654,478,70,408
E00006655,454,122,332
E00006656,308,82,226
E00006657,499,75,424
E00006658,476,104,372
E00006659,351,101,250
E00006660,386,79,307
E00006661,394,88,306
E00006662,322,66,256
E00006663,407,91,316
E00006664,478,84,394
E00006665,367,79,288
E00006666,424,98,326
E00006667,328,79,249
E00006668,507,120,387
E00006669,268,60,208
E00006670,526,50,476
E00006671,296,81,215
E00006672,361,97,264
E00006673,384,63,321
E00006674,317,70,247
E00006675,382,89,293
E00006676,478,77,401
E00006677,357,86,271
E00006678,410,78,332
E00006679,336,73,263
E00006680,269,41,228
E00006681,493,117,376
E00006682,347,63,284
E00006683,344,73,271
E00006684,509,117,392
E00006685,211,38,173
E00006686,277,59,218
E00006687,324,66,258
E00006688,376,68,308
E00006689,387,90,297
E00006690,397,84,313
E00006691,436,100,336
E00006692,285,51,234
E00006693,304,72,232
E00006694,277,49,228
E00006695,427,95,332
E00006696,347,85,262
E00006697,266,44,222
E00006698,395,64,331
E00006699,543,109,434
E00006701,415,66,349
E00006702,355,58,297
E00006703,425,101,324
E00006704,415,119,296
E00006705,332,77,255
E00006706,360,85,275
E00006707,383,79,304
E00006708,451,132,319
E00006709,372,86,286
E00006710,386,99,287
E00006711,410,108,302
E00006712,443,132,311
E00006713,254,36,218
E00006714,149,44,105
E00006715,266,86,180
E00006716,305,52,253
E00006717,336,66,270
E00006718,286,49,237
E00006719,284,50,234
E00006720,311,49,262
E00006721,455,79,376
E00006722,301,91,210
E00006723,217,32,185
E00006724,316,48,268
E00006725,303,71,232
E00006726,310,54,256
E00006727,214,40,174
E00006728,155,31,124
E00006731,176,45,131
E00006735,338,51,287
E00006737,446,99,347
E00006738,274,61,213
E00006739,302,66,236
E00006740,291,39,252
E00006741,232,33,199
E00006742,273,46,227
E00006743,428,102,326
E00006744,326,69,257
E00006745,419,49,370
E00006746,295,74,221
E00006747,477,70,407
E00006748,487,106,381
E00006749,312,42,270
E00006750,383,64,319
E00006751,322,48,274
E00006752,341,64,277
E00006753,507,62,445
E00006754,137,29,108
E00006755,183,26,157
E00006756,371,41,330
E00006757,277,57,220
E00006759,316,108,208
E00006761,439,104,335
E00006762,370,103,267
E00006763,500,96,404
E00006764,463,92,371
E00006766,408,117,291
E00006767,486,137,349
E00006768,569,125,444
E00006769,480,104,376
E00006771,320,71,249
E00006772,460,137,323
E00006773,454,103,351
E00006774,560,146,414
E00006776,445,125,320
E00006777,491,151,340
E00006778,485,119,366
E00006782,458,115,343
E00006783,459,98,361
E00006784,552,155,397
E00006785,582,133,449
E00006786,556,128,428
E00006787,428,107,321
E00006790,525,138,387
E00006791,509,113,396
E00006793,388,84,304
E00006794,471,112,359
E00006795,581,161,420
E00006796,544,129,415
E00006797,446,93,353
E00006800,431,90,341
E00006801,483,131,352
E00006802,485,144,341
E00006804,565,151,414
E00006806,397,125,272
E00006807,577,160,417
E00006809,442,136,306
E00006810,564,141,423
E00006811,398,96,302
E00006812,554,145,409
E00006813,466,105,361
E00006814,516,120,396
E00006815,239,63,176
E00006817,431,103,328
E00006818,412,111,301
E00006819,430,112,318
E00006820,280,61,219
E00006821,240,33,207
E00006822,230,42,188
E00006823,336,56,280
E00006824,291,77,214
E00006825,337,54,283
E00006826,341,65,276
E00006827,286,57,229
E00006828,377,72,305
E00006829,238,42,196
E00006830,214,33,181
E00006831,249,39,210
E00006832,326,71,255
E00006833,267,54,213
E00006834,308,53,255
E00006835,267,49,218
E00006836,263,56,207
E00006837,253,43,210
E00006838,236,46,190
E00006839,288,52,236
E00006840,266,52,214
E00006841,267,49,218
E00006842,315,65,250
E00006843,245,60,185
E00006844,237,41,196
E00006845,319,27,292
E00006846,290,51,239
E00006847,291,55,236
E00006848,297,37,260
E00006849,302,49,253
E00006850,169,18,151
E00006851,219,40,179
E00006852,244,38,206
E00006853,281,69,212
E00006854,272,53,219
E00006855,428,48,380
E00006856,288,47,241
E00006857,499,96,403
E00006858,376,49,327
E00006860,414,73,341
E00006861,382,73,309
E00006862,305,66,239
E00006863,351,57,294
E00006864,156,15,141
E00006865,302,57,245
E00006866,262,51,211
E00006867,310,71,239
E00006868,331,40,291
E00006869,335,58,277
E00006870,253,34,219
E00006871,324,54,270
E00006872,333,69,264
E00006873,178,26,152
E00006874,282,56,226
E00006875,325,57,268
E00006876,272,65,207
E00006877,356,51,305
E00006878,275,45,230
E00006879,301,54,247
E00006880,301,57,244
E00006881,364,66,298
E00006882,308,81,227
E00006883,331,76,255
E00006884,339,66,273
E00006885,303,59,244
E00006886,300,72,228
E00006887,307,71,236
E00006888,261,50,211
E00006889,288,43,245
E00006890,280,68,212
E00006891,228,35,193
E00006893,242,28,214
E00006894,423,70,353
E00006895,204,35,169
E00006896,335,62,273
E00006897,455,59,396
E00006898,220,17,203
E00006899,259,41,218
E00006901,358,66,292
E00006903,346,60,286
E00006904,295,45,250
E00006905,197,45,152
E00006906,302,51,251
E00006907,313,59,254
E00006908,303,52,251
E00006909,288,49,239
E00006910,346,55,291
E00006911,200,40,160
E00006912,384,86,298
E00006913,371,53,318
E00006914,262,42,220
E00006915,295,63,232
E00006916,278,58,220
E00006917,318,46,272
E00006918,357,72,285
E00006920,390,108,282
E00006921,335,49,286
E00006922,302,50,252
E00006923,373,64,309
E00006924,319,70,249
E00006925,264,40,224
E00006926,323,65,258
E00006927,430,130,300
E00006928,366,104,262
E00006929,422,87,335
E00006930,427,63,364
E00006931,312,62,250
E00006932,317,50,267
E00006933,348,74,274
E00006934,384,80,304
E00006935,361,59,302
E00006936,317,45,272
E00006937,458,103,355
E00006938,352,58,294
E00006939,206,41,165
E00006940,591,60,531
E00006941,351,51,300
E00006942,390,78,312
E00006943,378,64,314
E00006944,271,44,227
E00006945,358,55,303
E00006946,372,60,312
E00006947,328,56,272
E00006948,302,60,242
E00006949,341,70,271
E00006950,317,82,235
E00006951,277,56,221
E00006952,272,23,249
E00006953,337,68,269
E00006954,309,59,250
E00006955,295,67,228
E00006956,322,59,263
E00006957,315,57,258
E00006958,345,59,286
E00006959,265,47,218
E00006960,282,32,250
E00006961,356,71,285
E00006962,283,40,243
E00006963,485,125,360
E00006964,315,58,257
E00006965,322,54,268
E00006966,299,55,244
E00006967,168,22,146
E00006968,471,81,390
E00006969,332,52,280
E00006970,316,48,268
E00006971,291,55,236
E00006972,347,57,290
E00006973,430,88,342
E00006974,365,73,292
E00006975,316,46,270
E00006976,360,94,266
E00006977,345,73,272
E00006978,326,39,287
E00006979,245,24,221
E00006980,300,65,235
E00006981,311,53,258
E00006982,273,50,223
E00006983,368,56,312
E00006984,302,67,235
E00006985,294,54,240
E00006986,319,69,250
E00006987,284,36,248
E00006988,351,89,262
E00006989,372,89,283
E00006990,205,22,183
E00006991,333,48,285
E00006992,308,64,244
E00006993,285,65,220
E00006994,316,68,248
E00006995,288,68,220
E00006996,252,54,198
E00006997,338,94,244
E00006998,304,60,244
E00006999,342,79,263
E00007000,265,51,214
E00007001,321,100,221
E00007002,299,101,198
E00007003,403,121,282
E00007004,298,80,218
E00007005,310,56,254
E00007006,181,45,136
E00007007,308,59,249
E00007008,290,85,205
E00007009,245,77,168
E00007010,283,70,213
E00007011,183,38,145
E00007012,340,76,264
E00007013,347,81,266
E00007014,361,98,263
E00007015,241,33,208
E00007016,510,144,366
E00007017,266,60,206
E00007019,310,71,239
E00007020,296,74,222
E00007021,209,36,173
E00007022,333,100,233
E00007023,192,31,161
E00007024,250,48,202
E00007025,231,44,187
E00007027,292,83,209
E00007028,274,62,212
E00007029,347,51,296
E00007030,278,26,252
E00007031,349,111,238
E00007032,245,25,220
E00007033,420,106,314
E00007034,247,37,210
E00007035,379,84,295
E00007036,311,87,224
E00007037,262,55,207
E00007038,313,66,247
E00007039,298,54,244
E00007040,348,58,290
E00007041,334,80,254
E00007042,332,87,245
E00007043,387,99,288
E00007044,311,71,240
E00007045,380,88,292
E00007047,386,74,312
E00007049,413,101,312
E00007050,383,99,284
E00007052,399,76,323
E00007053,361,70,291
E00007054,404,94,310
E00007055,414,80,334
E00007056,480,52,428
E00007057,436,80,356
E00007058,257,43,214
E00007059,289,60,229
E00007060,320,56,264
E00007061,414,94,320
E00007062,254,66,188
E00007063,345,62,283
E00007064,185,22,163
E00007066,375,71,304
E00007067,330,66,264
E00007068,276,46,230
E00007069,301,57,244
E00007070,289,56,233
E00007071,334,67,267
E00007072,323,67,256
E00007073,283,74,209
E00007074,385,115,270
E00007075,349,94,255
E00007076,486,157,329
E00007077,479,212,267
E00007078,498,157,341
E00007079,246,45,201
E00007080,281,75,206
E00007081,406,96,310
E00007082,199,53,146
E00007083,387,84,303
E00007084,466,169,297
E00007085,380,103,277
E00007086,357,107,250
E00007087,266,82,184
E00007088,373,108,265
E00007089,331,82,249
E00007090,302,59,243
E00007092,220,40,180
E00007093,151,31,120
E00007094,338,118,220
E00007096,230,70,160
E00007098,255,10,245
E00007099,376,114,262
E00007100,371,73,298
E00007101,282,88,194
E00007102,334,97,237
E00007103,267,75,192
E00007105,294,86,208
E00007106,322,109,213
E00007107,266,51,215
E00007108,407,119,288
E00007109,351,84,267
E00007110,381,105,276
E00007111,439,122,317
E00007112,220,68,152
E00007113,337,89,248
E00007114,382,124,258
E00007115,336,97,239
E00007116,342,93,249
E00007117,332,86,246
E00007118,228,48,180
E00007119,313,88,225
E00007120,315,84,231
E00007121,377,118,259
E00007122,256,65,191
E00007123,347,113,234
E00007124,413,116,297
E00007125,347,70,277
E00007126,414,121,293
E00007127,448,123,325
E00007128,398,125,273
E00007129,277,95,182
E00007130,416,128,288
E00007131,386,102,284
E00007132,302,82,220
E00007133,421,99,322
E00007134,360,108,252
E00007135,336,103,233
E00007136,300,77,223
E00007137,360,87,273
E00007138,330,77,253
E00007139,299,81,218
E00007140,374,95,279
E00007141,330,100,230
E00007142,277,76,201
E00007143,369,95,274
E00007144,366,119,247
E00007146,239,65,174
E00007147,340,79,261
E00007148,319,77,242
E00007149,215,72,143
E00007150,222,67,155
E00007151,230,65,165
E00007152,175,46,129
E00007153,390,118,272
E00007154,291,83,208
E00007155,384,117,267
E00007156,556,166,390
E00007157,418,118,300
E00007158,371,91,280
E00007159,360,111,249
E00007160,341,83,258
E00007161,377,118,259
E00007162,331,87,244
E00007163,382,116,266
E00007164,343,93,250
E00007165,397,112,285
E00007166,330,87,243
E00007167,304,126,178
E00007168,324,89,235
E00007170,491,139,352
E00007171,247,45,202
E00007172,402,105,297
E00007173,440,138,302
E00007174,357,122,235
E00007175,262,71,191
E00007176,391,119,272
E00007177,416,97,319
E00007179,379,128,251
E00007180,302,91,211
E00007181,387,120,267
E00007182,275,74,201
E00007183,358,109,249
E00007184,358,115,243
E00007185,303,98,205
E00007186,342,101,241
E00007187,369,93,276
E00007188,398,113,285
E00007189,337,100,237
E00007191,471,141,330
E00007192,466,133,333
E00007193,339,101,238
E00007194,386,141,245
E00007195,364,121,243
E00007196,312,90,222
E00007197,315,73,242
E00007198,359,69,290
E00007199,335,87,248
E00007200,353,97,256
E00007201,305,86,219
E00007202,284,72,212
E00007203,330,96,234
E00007204,308,91,217
E00007205,341,107,234
E00007206,459,119,340
E00007207,398,121,277
E00007208,341,74,267
E00007209,324,63,261
E00007210,279,60,219
E00007211,421,101,320
E00007212,316,45,271
E00007213,281,48,233
E00007215,173,30,143
E00007216,270,32,238
E00007217,254,32,222
E00007218,243,37,206
E00007219,278,57,221
E00007220,292,73,219
E00007221,412,62,350
E00007222,345,60,285
E00007223,257,47,210
E00007224,365,86,279
E00007225,405,79,326
E00007226,295,40,255
E00007227,300,53,247
E00007228,364,65,299
E00007229,253,49,204
E00007230,330,73,257
E00007231,332,72,260
E00007232,224,24,200
E00007233,263,47,216
E00007234,374,85,289
E00007235,322,74,248
E00007236,339,70,269
E00007237,289,53,236
E00007238,228,34,194
E00007239,209,25,184
E00007240,330,82,248
E00007241,358,64,294
E00007242,322,60,262
E00007243,293,62,231
E00007244,363,85,278
E00007245,234,47,187
E00007246,279,50,229
E00007247,283,63,220
E00007248,303,64,239
E00007249,385,104,281
E00007250,319,84,235
E00007251,289,72,217
E00007252,269,61,208
E00007253,429,97,332
E00007254,198,39,159
E00007255,343,71,272
E00007256,371,75,296
E00007257,411,113,298
E00007258,334,81,253
E00007259,408,93,315
E00007260,444,88,356
E00007261,433,98,335
E00007262,366,92,274
E00007263,357,101,256
E00007264,335,92,243
E00007265,314,85,229
E00007266,496,190,306
E00007267,394,123,271
E00007268,342,107,235
E00007269,307,65,242
E00007270,358,90,268
E00007271,350,107,243
E00007272,450,176,274
E00007273,319,104,215
E00007274,316,81,235
E00007275,297,95,202
E00007276,437,123,314
E00007277,303,76,227
E00007278,346,91,255
E00007279,361,129,232
E00007280,334,86,248
E00007281,318,75,243
E00007282,407,104,303
E00007283,254,74,180
E00007284,293,82,211
E00007285,348,101,247
E00007286,309,52,257
E00007287,507,151,356
E00007288,523,245,278
E00007289,350,71,279
E00007290,304,52,252
E00007291,316,67,249
E00007292,309,90,219
E00007293,349,56,293
E00007294,332,34,298
E00007295,267,67,200
E00007296,210,33,177
E00007297,234,31,203
E00007298,296,71,225
E00007299,272,42,230
E00007300,255,45,210
E00007301,182,29,153
E00007302,285,48,237
E00007303,313,55,258
E00007304,342,77,265
E00007305,274,61,213
E00007306,235,39,196
E00007307,278,52,226
E00007308,218,55,163
E00007309,393,69,324
E00007310,301,58,243
E00007311,260,30,230
E00007312,490,116,374
E00007313,306,60,246
E00007314,324,50,274
E00007315,324,69,255
E00007316,366,89,277
E00007317,317,49,268
E00007318,345,67,278
E00007319,325,67,258
E00007320,323,80,243
E00007321,349,81,268
E00007322,380,82,298
E00007323,388,98,290
E00007324,527,117,410
E00007325,224,38,186
E00007326,332,68,264
E00007327,241,46,195
E00007328,368,82,286
E00007329,233,44,189
E00007330,220,40,180
E00007331,365,98,267
E00007332,322,60,262
E00007333,281,50,231
E00007334,285,51,234
E00007335,419,127,292
E00007336,162,36,126
E00007337,345,114,231
E00007338,343,84,259
E00007339,414,144,270
E00007340,327,85,242
E00007341,394,127,267
E00007342,418,101,317
E00007343,345,101,244
E00007344,285,60,225
E00007345,323,66,257
E00007346,419,98,321
E00007347,210,37,173
E00007348,372,112,260
E00007349,275,78,197
E00007350,388,110,278
E00007351,383,121,262
E00007352,157,37,120
E00007353,174,55,119
E00007354,364,90,274
E00007355,331,82,249
E00007356,375,98,277
E00007357,398,98,300
E00007358,382,80,302
E00007359,288,77,211
E00007360,257,78,179
E00007361,311,97,214
E00007362,437,100,337
E00007363,321,77,244
E00007364,330,65,265
E00007365,375,94,281
E00007366,366,115,251
E00007367,338,80,258
E00007368,309,74,235
E00007369,346,83,263
E00007370,471,124,347
E00007371,323,80,243
E00007372,399,88,311
E00007373,325,64,261
E00007374,414,78,336
E00007375,440,126,314
E00007376,288,82,206
E00007378,384,85,299
E00007379,343,90,253
E00007381,336,80,256
E00007382,265,72,193
E00007383,411,126,285
E00007384,368,134,234
E00007385,320,101,219
E00007386,411,122,289
E00007387,321,99,222
E00007388,345,92,253
E00007389,377,146,231
E00007390,287,89,198
E00007391,353,91,262
E00007392,398,110,288
E00007393,255,64,191
E00007394,408,98,310
E00007395,321,98,223
E00007396,347,79,268
E00007397,404,124,280
E00007398,381,99,282
E00007399,412,163,249
E00007400,378,102,276
E00007401,284,98,186
E00007402,299,104,195
E00007403,377,108,269
E00007404,380,117,263
E00007405,429,147,282
E00007406,412,113,299
E00007407,314,90,224
E00007408,504,167,337
E00007409,397,127,270
E00007410,363,94,269
E00007411,357,98,259
E00007412,440,126,314
E00007413,345,114,231
E00007414,269,66,203
E00007415,284,69,215
E00007416,366,77,289
E00007417,316,53,263
E00007418,343,59,284
E00007419,292,64,228
E00007420,425,77,348
E00007421,448,102,346
E00007422,364,101,263
E00007423,318,54,264
E00007424,363,89,274
E00007425,337,78,259
E00007426,299,63,236
E00007427,363,68,295
E00007428,398,81,317
E00007429,308,57,251
E00007430,305,43,262
E00007431,310,68,242
E00007432,467,112,355
E00007433,305,50,255
E00007434,426,72,354
E00007435,310,58,252
E00007436,309,53,256
E00007437,345,56,289
E00007438,385,75,310
E00007439,290,45,245
E00007440,289,53,236
E00007441,350,65,285
E00007442,401,72,329
E00007443,498,71,427
E00007444,300,50,250
E00007445,300,66,234
E00007446,325,69,256
E00007447,346,77,269
E00007448,334,65,269
E00007449,205,39,166
E00007450,496,100,396
E00007451,432,100,332
E00007452,207,50,157
E00007453,322,51,271
E00007454,220,33,187
E00007455,359,75,284
E00007456,360,86,274
E00007457,288,63,225
E00007458,370,81,289
E00007459,354,89,265
E00007460,331,90,241
E00007461,406,129,277
E00007462,419,146,273
E00007463,400,117,283
E00007464,381,107,274
E00007469,553,224,329
E00007472,371,89,282
E00007473,416,141,275
E00007474,417,153,264
E00007475,198,26,172
E00007476,402,124,278
E00007477,221,69,152
E00007478,347,109,238
E00007479,401,157,244
E00007480,197,58,139
E00007482,298,81,217
E00007484,325,99,226
E00007486,363,109,254
E00007487,559,193,366
E00007488,398,106,292
E00007489,255,60,195
E00007492,391,78,313
E00007493,378,105,273
E00007494,361,104,257
E00007495,363,111,252
E00007496,343,84,259
E00007497,435,126,309
E00007498,367,110,257
E00007499,489,117,372
E00007500,360,83,277
E00007501,352,91,261
E00007502,325,113,212
E00007503,326,95,231
E00007504,300,85,215
E00007505,301,62,239
E00007506,325,84,241
E00007507,529,135,394
E00007508,337,82,255
E00007509,371,129,242
E00007510,512,119,393
E00007511,362,92,270
E00007512,543,219,324
E00007513,420,117,303
E00007514,405,119,286
E00007515,354,113,241
E00007516,254,72,182
E00007517,362,107,255
E00007518,347,95,252
E00007519,364,96,268
E00007520,355,109,246
E00007521,368,106,262
E00007522,306,89,217
E00007523,291,59,232
E00007524,326,74,252
E00007525,355,87,268
E00007526,284,69,215
E00007527,246,34,212
E00007529,292,59,233
E00007530,261,53,208
E00007531,337,68,269
E00007532,335,73,262
E00007533,346,85,261
E00007534,308,70,238
E00007535,397,119,278
E00007536,405,116,289
E00007537,204,37,167
E00007538,341,81,260
E00007539,354,85,269
E00007540,300,65,235
E00007541,287,70,217
E00007542,364,103,261
E00007543,407,102,305
E00007544,341,71,270
E00007545,337,96,241
E00007546,171,24,147
E00007547,292,65,227
E00007548,367,78,289
E00007549,310,58,252
E00007550,390,94,296
E00007551,305,70,235
E00007552,225,73,152
E00007553,231,42,189
E00007554,365,80,285
E00007555,330,66,264
E00007556,317,78,239
E00007557,250,42,208
E00007558,485,111,374
E00007559,243,44,199
E00007560,318,49,269
E00007561,311,52,259
E00007562,281,57,224
E00007563,311,57,254
E00007564,425,96,329
E00007565,251,49,202
E00007566,359,58,301
E00007567,347,59,288
E00007568,320,79,241
E00007569,342,76,266
E00007570,400,72,328
E00007571,251,53,198
E00007572,354,72,282
E00007573,419,78,341
E00007575,371,86,285
E00007576,255,53,202
E00007577,175,22,153
E00007578,367,93,274
E00007579,366,78,288
E00007580,333,84,249
E00007581,362,90,272
E00007583,304,42,262
E00007584,323,55,268
E00007585,315,98,217
E00007586,369,75,294
E00007587,535,126,409
E00007588,385,63,322
E00007589,298,52,246
E00007590,589,181,408
E00007591,294,70,224
E00007594,256,79,177
E00007595,368,80,288
E00007596,343,73,270
E00007597,339,68,271
E00007598,377,67,310
E00007599,304,62,242
E00007600,294,55,239
E00007601,300,56,244
E00007602,284,52,232
E00007603,498,152,346
E00007604,373,63,310
E00007605,400,105,295
E00007606,320,55,265
E00007607,490,98,392
E00007608,377,75,302
E00007609,361,55,306
E00007610,349,42,307
E00007611,280,47,233
E00007612,353,68,285
E00007613,351,53,298
E00007614,337,52,285
E00007615,352,67,285
E00007616,496,67,429
E00007617,297,46,251
E00007618,332,60,272
E00007619,290,50,240
E00007620,317,62,255
E00007621,272,63,209
E00007622,273,69,204
E00007623,318,61,257
E00007624,325,70,255
E00007625,273,71,202
E00007626,319,70,249
E00007627,334,68,266
E00007628,426,73,353
E00007629,334,71,263
E00007630,285,53,232
E00007631,247,43,204
E00007632,239,36,203
E00007633,323,54,269
E00007634,235,35,200
E00007635,446,71,375
E00007636,228,54,174
E00007637,274,86,188
E00007638,321,59,262
E00007639,283,74,209
E00007640,368,76,292
E00007641,301,54,247
E00007642,297,61,236
E00007643,265,70,195
E00007644,330,65,265
E00007645,336,64,272
E00007646,326,81,245
E00007647,335,60,275
E00007648,361,55,306
E00007649,314,59,255
E00007650,300,63,237
E00007651,299,64,235
E00007652,353,76,277
E00007653,313,54,259
E00007654,207,38,169
E00007655,331,67,264
E00007656,315,58,257
E00007657,348,63,285
E00007658,325,69,256
E00007659,236,38,198
E00007660,280,46,234
E00007661,197,17,180
E00007662,299,60,239
E00007663,260,46,214
E00007664,356,62,294
E00007665,535,131,404
E00007666,348,83,265
E00007667,327,69,258
E00007668,378,101,277
E00007669,285,92,193
E00007670,411,112,299
E00007671,218,60,158
E00007672,207,58,149
E00007673,474,152,322
E00007674,365,93,272
E00007675,322,91,231
E00007676,375,85,290
E00007677,371,117,254
E00007678,355,111,244
E00007679,403,120,283
E00007680,479,215,264
E00007681,467,215,252
E00007682,431,119,312
E00007683,408,108,300
E00007684,444,153,291
E00007685,360,77,283
E00007686,334,65,269
E00007687,394,93,301
E00007688,326,72,254
E00007689,370,101,269
E00007690,265,67,198
E00007691,357,83,274
E00007692,323,71,252
E00007693,370,98,272
E00007694,368,89,279
E00007695,385,136,249
E00007696,432,114,318
E00007697,348,98,250
E00007698,365,130,235
E00007699,371,102,269
E00007700,447,145,302
E00007701,310,95,215
E00007702,319,87,232
E00007703,330,105,225
E00007704,352,103,249
E00007705,309,51,258
E00007706,380,122,258
E00007707,364,90,274
E00007708,322,59,263
E00007709,269,52,217
E00007710,328,104,224
E00007711,335,90,245
E00007712,404,95,309
E00007713,442,96,346
E00007714,512,160,352
E00007715,350,82,268
E00007716,318,88,230
E00007717,324,97,227
E00007718,355,76,279
E00007719,380,112,268
E00007720,376,98,278
E00007721,342,85,257
E00007722,377,61,316
E00007723,347,83,264
E00007724,367,100,267
E00007726,399,101,298
E00007727,469,154,315
E00007728,330,94,236
E00007729,408,134,274
E00007730,197,37,160
E00007732,409,92,317
E00007733,261,91,170
E00007734,370,100,270
E00007735,415,138,277
E00007736,236,73,163
E00007737,279,64,215
E00007738,225,58,167
E00007739,426,81,345
E00007741,266,76,190
E00007742,452,141,311
E00007743,353,68,285
E00007745,437,147,290
E00007746,403,124,279
E00007747,343,91,252
E00007750,434,144,290
E00007751,356,82,274
E00007752,350,99,251
E00007753,322,61,261
E00007754,356,79,277
E00007755,285,45,240
E00007757,291,43,248
E00007758,263,48,215
E00007759,251,34,217
E00007760,282,49,233
E00007761,350,80,270
E00007762,203,33,170
E00007763,304,49,255
E00007764,373,82,291
E00007765,317,71,246
E00007766,345,60,285
E00007767,404,71,333
E00007768,363,85,278
E00007769,378,58,320
E00007770,267,38,229
E00007771,357,61,296
E00007772,332,70,262
E00007773,346,82,264
E00007774,322,43,279
E00007775,295,62,233
E00007776,358,65,293
E00007777,283,40,243
E00007778,326,65,261
E00007779,315,57,258
E00007780,349,81,268
E00007781,329,73,256
E00007782,328,48,280
E00007783,276,52,224
E00007784,379,49,330
E00007785,340,47,293
E00007786,266,46,220
E00007787,409,73,336
E00007788,262,49,213
E00007789,307,63,244
E00007790,336,69,267
E00007791,279,58,221
E00007792,263,46,217
E00007793,328,66,262
E00007794,419,89,330
E00007795,375,104,271
E00007796,420,128,292
E00007798,301,104,197
E00007799,317,93,224
E00007800,326,69,257
E00007801,303,58,245
E00007802,325,64,261
E00007803,400,122,278
E00007804,286,60,226
E00007805,349,96,253
E00007806,298,59,239
E00007807,295,76,219
E00007808,409,102,307
E00007809,307,64,243
E00007810,269,56,213
E00007811,310,99,211
E00007812,338,61,277
E00007813,410,108,302
E00007814,294,60,234
E00007815,181,41,140
E00007816,243,72,171
E00007817,324,53,271
E00007818,292,95,197
E00007819,283,85,198
E00007820,454,90,364
E00007821,460,202,258
E00007822,277,90,187
E00007823,341,112,229
E00007824,318,88,230
E00007825,554,222,332
E00007826,323,106,217
E00007827,332,113,219
E00007828,342,107,235
E00007829,386,116,270
E00007830,331,87,244
E00007831,289,86,203
E00007832,266,101,165
E00007833,286,74,212
E00007834,327,87,240
E00007835,351,91,260
E00007836,261,66,195
E00007837,407,132,275
E00007838,285,80,205
E00007839,224,34,190
E00007840,242,49,193
E00007841,164,15,149
E00007842,210,19,191
E00007843,273,44,229
E00007844,286,40,246
E00007845,256,53,203
E00007846,212,24,188
E00007847,227,48,179
E00007848,248,43,205
E00007849,262,60,202
E00007850,235,36,199
E00007851,295,59,236
E00007852,307,44,263
E00007853,411,108,303
E00007854,182,11,171
E00007855,238,78,160
E00007856,242,42,200
E00007857,233,32,201
E00007858,247,34,213
E00007859,219,51,168
E00007860,258,41,217
E00007861,193,57,136
E00007862,268,56,212
E00007863,175,31,144
E00007865,254,55,199
E00007866,293,65,228
E00007867,200,57,143
E00007869,199,52,147
E00007870,242,56,186
E00007871,276,47,229
E00007872,286,68,218
E00007873,189,16,173
E00007874,196,21,175
E00007875,212,29,183
E00007876,249,56,193
E00007877,247,47,200
E00007878,328,60,268
E00007879,180,23,157
E00007880,151,32,119
E00007881,304,52,252
E00007882,244,36,208
E00007883,226,28,198
E00007884,275,43,232
E00007885,278,57,221
E00007886,206,20,186
E00007887,291,56,235
E00007888,228,35,193
E00007889,249,46,203
E00007890,295,59,236
E00007891,400,89,311
E00007892,274,50,224
E00007893,297,58,239
E00007894,283,47,236
E00007895,369,98,271
E00007896,238,62,176
E00007897,261,39,222
E00007898,263,47,216
E00007899,227,38,189
E00007900,365,92,273
E00007901,220,40,180
E00007902,349,51,298
E00007903,345,89,256
E00007904,344,65,279
E00007905,309,64,245
E00007906,330,82,248
E00007907,321,57,264
E00007908,324,59,265
E00007909,411,85,326
E00007910,283,49,234
E00007912,301,62,239
E00007913,187,22,165
E00007914,309,71,238
E00007915,372,140,232
E00007916,302,97,205
E00007917,362,92,270
E00007918,409,140,269
E00007919,516,145,371
E00007920,234,33,201
E00007921,353,67,286
E00007922,234,34,200
E00007923,322,121,201
E00007924,288,57,231
E00007925,352,143,209
E00007926,310,48,262
E00007927,533,133,400
E00007928,313,72,241
E00007929,354,98,256
E00007930,338,73,265
E00007931,350,70,280
E00007932,305,81,224
E00007933,359,110,249
E00007934,294,40,254
E00007935,309,48,261
E00007936,338,68,270
E00007937,324,51,273
E00007938,228,48,180
E00007939,280,35,245
E00007940,248,32,216
E00007941,302,65,237
E00007942,340,62,278
E00007943,234,38,196
E00007944,276,48,228
E00007945,278,43,235
E00007946,356,96,260
E00007947,341,70,271
E00007948,294,40,254
E00007949,291,56,235
E00007950,260,43,217
E00007951,250,58,192
E00007952,267,50,217
E00007953,313,83,230
E00007954,329,63,266
E00007955,299,76,223
E00007956,362,95,267
E00007957,358,53,305
E00007958,359,62,297
E00007959,290,50,240
E00007960,339,83,256
E00007961,284,52,232
E00007962,248,42,206
E00007963,433,90,343
E00007964,246,48,198
E00007965,236,56,180
E00007966,311,61,250
E00007967,334,63,271
E00007968,235,39,196
E00007969,348,96,252
E00007970,293,73,220
E00007971,270,59,211
E00007972,286,64,222
E00007973,285,52,233
E00007974,192,16,176
E00007975,261,38,223
E00007976,225,34,191
E00007977,293,54,239
E00007978,269,61,208
E00007979,297,59,238
E00007980,300,82,218
E00007981,363,80,283
E00007982,274,44,230
E00007983,348,79,269
E00007984,252,56,196
E00007985,333,61,272
E00007986,298,64,234
E00007987,350,94,256
E00007988,246,46,200
E00007989,222,34,188
E00007990,218,29,189
E00007991,206,25,181
E00007992,255,25,230
E00007993,368,76,292
E00007994,273,54,219
E00007995,380,81,299
E00007996,273,40,233
E00007997,226,55,171
E00007998,264,63,201
E00007999,340,71,269
E00008000,311,67,244
E00008001,291,51,240
E00008002,273,44,229
E00008003,259,45,214
E00008004,352,72,280
E00008005,275,61,214
E00008006,393,84,309
E00008007,266,46,220
E00008008,341,57,284
E00008009,301,63,238
E00008010,297,62,235
E00008011,214,20,194
E00008012,348,69,279
E00008013,293,51,242
E00008014,309,58,251
E00008015,289,61,228
E00008016,351,55,296
E00008017,330,88,242
E00008019,340,72,268
E00008020,302,55,247
E00008021,353,53,300
E00008022,355,144,211
E00008023,386,134,252
E00008024,244,43,201
E00008025,206,45,161
E00008026,231,44,187
E00008027,195,17,178
E00008028,244,57,187
E00008030,281,46,235
E00008033,291,56,235
E00008035,223,23,200
E00008036,247,44,203
E00008037,370,79,291
E00008038,540,107,433
E00008039,347,62,285
E00008040,432,83,349
E00008041,307,55,252
E00008042,248,38,210
E00008043,309,56,253
E00008044,285,79,206
E00008045,276,59,217
E00008046,205,17,188
E00008047,288,62,226
E00008048,237,31,206
E00008049,453,83,370
E00008050,278,46,232
E00008051,283,68,215
E00008052,328,70,258
E00008053,281,57,224
E00008054,268,51,217
E00008055,279,44,235
E00008056,202,24,178
E00008057,228,62,166
E00008059,359,87,272
E00008064,377,99,278
E00008068,331,88,243
E00008071,332,86,246
E00008072,327,81,246
E00008074,391,98,293
E00008078,279,73,206
E00008079,574,191,383
E00008080,310,73,237
E00008082,299,80,219
E00008083,404,128,276
E00008084,322,69,253
E00008085,256,40,216
E00008086,386,90,296
E00008088,311,66,245
E00008089,399,100,299
E00008090,209,25,184
E00008091,491,114,377
E00008093,230,28,202
E00008094,320,86,234
E00008095,315,52,263
E00008096,396,91,305
E00008097,354,71,283
E00008099,300,51,249
E00008100,374,89,285
E00008101,382,78,304
E00008102,332,66,266
E00008103,292,69,223
E00008104,404,85,319
E00008105,405,102,303
E00008107,395,72,323
E00008108,402,94,308
E00008109,292,65,227
E00008110,326,72,254
E00008111,299,94,205
E00008112,159,35,124
E00008113,570,146,424
E00008114,276,51,225
E00008115,470,117,353
E00008116,263,60,203
E00008117,350,66,284
E00008118,288,61,227
E00008119,294,77,217
E00008120,499,128,371
E00008121,344,76,268
E00008122,275,50,225
E00008123,287,40,247
E00008124,255,56,199
E00008125,342,75,267
E00008126,149,21,128
E00008127,269,64,205
E00008128,224,43,181
E00008129,379,100,279
E00008130,329,65,264
E00008132,432,95,337
E00008133,512,112,400
E00008134,254,39,215
E00008135,284,62,222
E00008138,217,42,175
E00008139,357,112,245
E00008140,441,87,354
E00008141,331,91,240
E00008142,308,62,246
E00008143,314,96,218
E00008144,235,79,156
E00008145,309,93,216
E00008146,270,61,209
E00008147,370,85,285
E00008148,349,92,257
E00008149,370,145,225
E00008153,375,76,299
E00008155,302,87,215
E00008156,310,91,219
E00008158,300,93,207
E00008159,190,39,151
E00008161,289,58,231
E00008164,254,28,226
E00008165,349,77,272
E00008166,204,37,167
E00008167,294,41,253
E00008168,178,34,144
E00008169,236,31,205
E00008170,264,47,217
E00008171,239,46,193
E00008172,333,63,270
E00008173,214,30,184
E00008174,263,39,224
E00008175,210,31,179
E00008176,306,64,242
E00008177,318,70,248
E00008178,222,44,178
E00008179,231,41,190
E00008180,223,25,198
E00008181,210,16,194
E00008182,244,45,199
E00008183,261,94,167
E00008184,227,40,187
E00008185,337,73,264
E00008186,239,72,167
E00008187,321,82,239
E00008188,270,61,209
E00008189,229,38,191
E00008191,284,62,222
E00008192,339,74,265
E00008193,361,89,272
E00008194,289,71,218
E00008195,396,84,312
E00008196,299,77,222
E00008197,272,66,206
E00008198,196,36,160
E00008199,368,40,328
E00008200,269,46,223
E00008201,287,57,230
E00008202,276,58,218
E00008203,246,55,191
E00008204,210,40,170
E00008205,268,59,209
E00008206,299,73,226
E00008207,262,69,193
E00008208,400,94,306
E00008209,320,79,241
E00008210,289,66,223
E00008211,161,27,134
E00008212,328,83,245
E00008213,285,46,239
E00008214,348,84,264
E00008215,306,74,232
E00008216,288,73,215
E00008217,365,98,267
E00008219,300,59,241
E00008220,280,56,224
E00008221,395,110,285
E00008222,179,22,157
E00008223,426,73,353
E00008225,263,62,201
E00008226,352,68,284
E00008228,237,48,189
E00008229,310,61,249
E00008230,303,73,230
E00008231,344,68,276
E00008232,294,70,224
E00008233,151,20,131
E00008234,340,83,257
E00008235,335,88,247
E00008236,260,38,222
E00008237,521,85,436
E00008238,323,91,232
E00008239,294,52,242
E00008240,233,44,189
E00008241,331,94,237
E00008242,335,78,257
E00008243,363,116,247
E00008244,298,72,226
E00008245,251,70,181
E00008246,238,72,166
E00008247,282,73,209
E00008248,319,110,209
E00008249,293,54,239
E00008250,296,72,224
E00008251,343,102,241
E00008252,305,75,230
E00008253,265,51,214
E00008254,257,59,198
E00008255,335,87,248
E00008256,226,48,178
E00008257,301,92,209
E00008258,352,112,240
E00008259,190,41,149
E00008260,237,36,201
E00008261,324,88,236
E00008262,201,26,175
E00008263,228,49,179
E00008264,338,83,255
E00008265,275,65,210
E00008266,290,43,247
E00008267,355,57,298
E00008268,268,53,215
E00008269,328,53,275
E00008270,252,52,200
E00008271,233,68,165
E00008272,308,60,248
E00008273,313,58,255
E00008274,339,79,260
E00008275,318,61,257
E00008276,293,80,213
E00008277,277,60,217
E00008279,585,155,430
E00008280,275,31,244
E00008282,230,36,194
E00008283,393,68,325
E00008284,252,34,218
E00008285,527,84,443
E00008287,211,21,190
E00008288,207,38,169
E00008290,458,93,365
E00008291,311,99,212
E00008293,229,53,176
E00008294,318,59,259
E00008296,279,49,230
E00008297,453,70,383
E00008298,301,77,224
E00008299,395,49,346
E00008300,259,27,232
E00008301,115,9,106
E00008302,211,23,188
E00008303,217,34,183
E00008304,313,64,249
E00008305,301,52,249
E00008306,497,105,392
E00008307,273,65,208
E00008310,516,165,351
E00008311,355,97,258
E00008312,248,54,194
E00008313,293,55,238
E00008314,317,54,263
E00008316,374,83,291
E00008318,382,87,295
E00008319,363,60,303
E00008320,262,69,193
E00008321,189,34,155
E00008322,345,143,202
E00008323,263,54,209
E00008324,245,86,159
E00008325,278,52,226
E00008326,371,73,298
E00008327,319,48,271
E00008328,336,82,254
E00008329,463,137,326
E00008330,175,25,150
E00008331,314,81,233
E00008332,427,72,355
E00008333,445,110,335
E00008334,356,102,254
E00008335,512,177,335
E00008336,281,57,224
E00008337,373,74,299
E00008338,383,73,310
E00008339,418,82,336
E00008340,319,81,238
E00008341,411,90,321
E00008342,481,101,380
E00008343,374,74,300
E00008344,207,55,152
E00008345,362,71,291
E00008346,457,99,358
E00008347,344,68,276
E00008348,460,123,337
E00008350,239,70,169
E00008352,358,91,267
E00008353,333,75,258
E00008354,284,65,219
E00008355,264,98,166
E00008356,538,142,396
E00008357,483,106,377
E00008359,195,39,156
E00008360,243,51,192
E00008361,227,48,179
E00008362,293,66,227
E00008363,307,64,243
E00008364,239,52,187
E00008365,278,41,237
E00008366,263,55,208
E00008367,262,61,201
E00008368,280,63,217
E00008369,261,55,206
E00008370,340,65,275
E00008371,247,55,192
E00008372,294,72,222
E00008373,323,76,247
E00008374,318,46,272
E00008375,319,70,249
E00008376,478,147,331
E00008377,264,52,212
E00008378,309,71,238
E00008379,273,60,213
E00008380,318,68,250
E00008381,350,92,258
E00008382,320,62,258
E00008383,349,80,269
E00008384,265,44,221
E00008385,326,55,271
E00008386,248,48,200
E00008387,238,50,188
E00008388,278,59,219
E00008389,229,57,172
E00008390,334,80,254
E00008391,290,61,229
E00008392,332,71,261
E00008393,318,58,260
E00008394,310,80,230
E00008395,326,69,257
E00008396,364,79,285
E00008397,338,61,277
E00008398,245,48,197
E00008399,412,75,337
E00008400,299,45,254
E00008401,308,59,249
E00008402,272,58,214
E00008403,272,61,211
E00008404,281,83,198
E00008406,740,99,641
E00008407,298,62,236
E00008408,347,120,227
E00008409,340,93,247
E00008411,250,78,172
E00008412,321,116,205
E00008413,332,105,227
E00008414,309,87,222
E00008415,180,31,149
E00008416,455,131,324
E00008417,441,131,310
E00008418,309,106,203
E00008419,288,74,214
E00008421,336,99,237
E00008423,290,84,206
E00008425,307,89,218
E00008426,329,99,230
E00008427,211,34,177
E00008428,508,171,337
E00008430,145,40,105
E00008431,375,128,247
E00008432,245,75,170
E00008433,258,66,192
E00008434,268,79,189
E00008435,490,151,339
E00008436,230,74,156
E00008437,190,52,138
E00008438,225,79,146
E00008439,296,50,246
E00008440,497,120,377
E00008441,275,82,193
E00008442,300,101,199
E00008443,293,68,225
E00008444,440,117,323
E00008445,271,51,220
E00008446,424,108,316
E00008448,382,84,298
E00008451,369,144,225
E00008452,220,49,171
E00008453,282,79,203
E00008454,453,81,372
E00008456,182,31,151
E00008457,478,86,392
E00008458,230,48,182
E00008459,252,19,233
E00008460,256,60,196
E00008461,297,39,258
E00008463,395,91,304
E00008464,401,76,325
E00008465,436,111,325
E00008466,585,198,387
E00008467,302,97,205
E00008468,262,61,201
E00008469,341,59,282
E00008470,213,58,155
E00008471,178,47,131
E00008472,372,94,278
E00008473,432,128,304
E00008474,340,125,215
E00008475,176,36,140
E00008476,531,224,307
E00008477,407,113,294
E00008478,348,82,266
E00008479,438,163,275
E00008480,420,151,269
E00008481,266,58,208
E00008482,338,116,222
E00008483,372,112,260
E00008484,278,72,206
E00008485,394,104,290
E00008486,304,69,235
E00008487,362,129,233
E00008488,170,44,126
E00008489,358,64,294
E00008490,208,70,138
E00008491,277,51,226
E00008492,266,89,177
E00008493,287,90,197
E00008494,270,57,213
E00008495,256,37,219
E00008497,171,35,136
E00008498,216,41,175
E00008499,251,62,189
E00008500,207,42,165
E00008501,352,75,277
E00008502,235,55,180
E00008503,290,69,221
E00008505,252,58,194
E00008507,252,57,195
E00008508,341,104,237
E00008509,281,80,201
E00008510,192,49,143
E00008513,307,79,228
E00008514,219,55,164
E00008516,265,70,195
E00008517,216,59,157
E00008518,349,81,268
E00008519,323,92,231
E00008520,375,101,274
E00008521,132,41,91
E00008522,414,132,282
E00008524,227,47,180
E00008525,330,113,217
E00008527,399,92,307
E00008528,347,87,260
E00008529,259,57,202
E00008530,309,80,229
E00008531,225,57,168
E00008532,327,105,222
E00008533,487,149,338
E00008534,275,44,231
E00008535,240,51,189
E00008536,318,78,240
E00008537,260,38,222
E00008538,259,39,220
E00008539,205,17,188
E00008540,165,29,136
E00008542,391,50,341
E00008543,443,118,325
E00008544,282,81,201
E00008545,260,28,232
E00008548,217,32,185
E00008549,319,45,274
E00008550,178,23,155
E00008552,248,31,217
E00008554,279,33,246
E00008555,226,25,201
E00008557,272,39,233
E00008558,279,86,193
E00008559,267,95,172
E00008560,321,39,282
E00008561,226,60,166
E00008562,237,29,208
E00008563,231,41,190
E00008564,331,60,271
E00008565,351,56,295
E00008566,215,22,193
E00008568,151,22,129
E00008570,296,30,266
E00008571,289,50,239
E00008572,424,92,332
E00008573,295,41,254
E00008574,266,33,233
E00008575,245,52,193
E00008576,240,94,146
E00008577,290,76,214
E00008578,441,77,364
E00008579,400,64,336
E00008580,483,149,334
E00008581,367,121,246
E00008583,396,103,293
E00008584,505,141,364
E00008585,266,70,196
E00008586,480,210,270
E00008587,443,168,275
E00008588,234,62,172
E00008589,456,154,302
E00008590,492,169,323
E00008591,316,93,223
E00008592,407,156,251
E00008593,239,91,148
E00008594,440,134,306
E00008596,542,145,397
E00008597,420,147,273
E00008598,367,93,274
E00008599,391,121,270
E00008600,434,96,338
E00008601,362,112,250
E00008602,279,67,212
E00008603,432,140,292
E00008604,358,41,317
E00008605,494,155,339
E00008606,302,70,232
E00008607,316,28,288
E00008609,250,58,192
E00008610,414,108,306
E00008611,452,86,366
E00008612,314,80,234
E00008613,350,78,272
E00008619,158,29,129
E00008620,171,31,140
E00008621,294,55,239
E00008622,400,108,292
E00008623,301,108,193
E00008624,285,78,207
E00008625,345,115,230
E00008626,292,94,198
E00008627,252,81,171
E00008628,296,86,210
E00008629,273,90,183
E00008630,446,67,379
E00008631,470,127,343
E00008632,366,95,271
E00008633,310,34,276
E00008634,331,50,281
E00008635,418,50,368
E00008636,450,64,386
E00008637,299,40,259
E00008638,323,49,274
E00008639,367,54,313
E00008640,340,86,254
E00008641,242,56,186
E00008642,284,52,232
E00008643,270,48,222
E00008644,303,36,267
E00008646,275,51,224
E00008647,181,26,155
E00008648,316,66,250
E00008649,263,46,217
E00008650,297,42,255
E00008651,267,48,219
E00008652,233,48,185
E00008653,244,52,192
E00008654,283,63,220
E00008655,249,50,199
E00008656,241,46,195
E00008657,172,37,135
E00008658,282,68,214
E00008659,477,93,384
E00008660,297,61,236
E00008661,457,78,379
E00008662,354,70,284
E00008663,289,61,228
E00008664,299,60,239
E00008665,286,55,231
E00008666,445,76,369
E00008667,272,40,232
E00008668,347,87,260
E00008669,255,36,219
E00008670,266,44,222
E00008671,296,67,229
E00008672,299,64,235
E00008673,294,52,242
E00008674,369,32,337
E00008675,259,37,222
E00008676,237,56,181
E00008677,246,9,237
E00008678,237,45,192
E00008679,318,77,241
E00008680,315,49,266
E00008681,234,26,208
E00008682,373,42,331
E00008683,298,87,211
E00008684,311,69,242
E00008685,322,62,260
E00008686,333,41,292
E00008687,206,48,158
E00008689,252,62,190
E00008691,387,58,329
E00008692,436,81,355
E00008694,320,35,285
E00008695,423,57,366
E00008696,274,61,213
E00008698,282,45,237
E00008699,348,40,308
E00008700,233,35,198
E00008702,282,53,229
E00008704,188,27,161
E00008705,315,53,262
E00008706,216,49,167
E00008707,593,87,506
E00008708,318,37,281
E00008709,369,78,291
E00008710,271,37,234
E00008711,254,64,190
E00008712,271,48,223
E00008713,419,127,292
E00008714,281,33,248
E00008715,224,61,163
E00008716,240,78,162
E00008717,449,117,332
E00008718,393,92,301
E00008719,307,99,208
E00008720,374,100,274
E00008721,314,43,271
E00008722,310,39,271
E00008723,242,57,185
E00008725,241,34,207
E00008726,267,39,228
E00008727,257,24,233
E00008728,227,21,206
E00008729,277,87,190
E00008731,263,34,229
E00008732,284,97,187
E00008734,253,66,187
E00008735,295,83,212
E00008737,306,67,239
E00008739,443,97,346
E00008740,137,10,127
E00008742,355,66,289
E00008743,359,116,243
E00008744,239,64,175
E00008745,405,51,354
E00008746,362,88,274
E00008747,258,59,199
E00008748,325,81,244
E00008750,236,30,206
E00008752,246,55,191
E00008753,325,50,275
E00008754,325,34,291
E00008756,486,87,399
E00008757,314,71,243
E00008758,224,41,183
E00008760,364,68,296
E00008762,329,43,286
E00008763,325,40,285
E00008764,265,57,208
E00008765,450,54,396
E00008766,246,34,212
E00008767,294,55,239
E00008768,389,42,347
E00008769,248,45,203
E00008770,345,40,305
E00008771,125,13,112
E00008772,267,38,229
E00008773,221,65,156
E00008774,177,32,145
E00008775,319,99,220
E00008776,332,93,239
E00008777,291,94,197
E00008778,255,66,189
E00008779,373,73,300
E00008780,258,65,193
E00008781,304,75,229
E00008782,209,26,183
E00008783,456,184,272
E00008785,182,33,149
E00008786,159,40,119
E00008787,230,59,171
E00008788,372,84,288
E00008789,284,47,237
E00008790,228,43,185
E00008791,454,80,374
E00008792,435,93,342
E00008793,334,51,283
E00008794,373,81,292
E00008795,309,50,259
E00008796,575,125,450
E00008798,382,83,299
E00008799,391,50,341
E00008801,360,100,260
E00008802,254,78,176
E00008803,480,111,369
E00008804,267,38,229
E00008806,350,41,309
E00008807,297,47,250
E00008808,361,91,270
E00008809,346,61,285
E00008810,443,75,368
E00008811,359,44,315
E00008812,314,63,251
E00008813,309,48,261
E00008814,278,69,209
E00008815,352,48,304
E00008816,294,55,239
E00008817,298,72,226
E00008818,333,50,283
E00008819,220,34,186
E00008820,341,67,274
E00008821,307,79,228
E00008822,251,22,229
E00008823,333,139,194
E00008824,437,124,313
E00008825,261,75,186
E00008827,196,32,164
E00008828,246,39,207
E00008829,307,37,270
E00008830,207,40,167
E00008831,423,88,335
E00008832,382,57,325
E00008833,329,45,284
E00008834,443,172,271
E00008838,382,82,300
E00008839,362,67,295
E00008840,346,60,286
E00008841,323,74,249
E00008842,399,72,327
E00008844,327,103,224
E00008846,481,90,391
E00008847,303,65,238
E00008848,320,78,242
E00008849,223,53,170
E00008850,336,93,243
E00008851,280,76,204
E00008852,357,42,315
E00008853,183,32,151
E00008854,293,49,244
E00008856,313,93,220
E00008857,383,75,308
E00008858,294,65,229
E00008859,334,88,246
E00008860,385,86,299
E00008861,405,132,273
E00008864,256,51,205
E00008865,300,74,226
E00008866,272,58,214
E00008867,300,43,257
E00008868,175,23,152
E00008869,292,103,189
E00008870,320,73,247
E00008871,347,83,264
E00008872,283,27,256
E00008874,482,147,335
E00008875,329,94,235
E00008877,258,49,209
E00008878,352,61,291
E00008879,329,45,284
E00008880,288,74,214
E00008881,215,40,175
E00008882,342,48,294
E00008883,306,70,236
E00008884,227,24,203
E00008885,217,28,189
E00008886,236,36,200
E00008887,259,70,189
E00008889,545,89,456
E00008890,247,49,198
E00008891,321,79,242
E00008892,239,58,181
E00008893,201,40,161
E00008894,275,82,193
E00008895,279,64,215
E00008896,236,62,174
E00008897,296,64,232
E00008898,305,89,216
E00008899,229,65,164
E00008900,509,121,388
E00008901,287,85,202
E00008902,237,51,186
E00008906,277,56,221
E00008907,243,50,193
E00008908,397,86,311
E00008909,306,79,227
E00008910,200,29,171
E00008911,399,114,285
E00008912,382,112,270
E00008913,246,51,195
E00008914,151,15,136
E00008915,261,45,216
E00008916,248,70,178
E00008917,336,77,259
E00008918,336,81,255
E00008919,281,47,234
E00008920,320,111,209
E00008921,365,105,260
E00008922,303,52,251
E00008923,418,141,277
E00008924,403,57,346
E00008926,336,77,259
E00008928,270,52,218
E00008930,210,45,165
E00008935,310,64,246
E00008936,204,61,143
E00008937,381,91,290
E00008938,199,51,148
E00008939,362,77,285
E00008940,199,61,138
E00008941,559,98,461
E00008942,445,66,379
E00008943,529,86,443
E00008944,506,92,414
E00008945,420,88,332
E00008946,449,81,368
E00008947,443,153,290
E00008948,382,143,239
E00008949,286,52,234
E00008950,457,81,376
E00008951,356,60,296
E00008952,365,84,281
E00008953,343,62,281
E00008954,462,73,389
E00008955,326,41,285
E00008956,323,64,259
E00008957,320,58,262
E00008958,305,52,253
E00008959,425,122,303
E00008960,334,86,248
E00008961,488,87,401
E00008962,402,87,315
E00008963,367,93,274
E00008965,398,135,263
E00008967,265,37,228
E00008968,313,55,258
E00008970,274,62,212
E00008971,379,63,316
E00008972,280,90,190
E00008973,412,125,287
E00008974,468,112,356
E00008975,300,75,225
E00008976,254,83,171
E00008977,267,77,190
E00008978,357,143,214
E00008979,365,157,208
E00008980,323,78,245
E00008981,240,62,178
E00008982,377,86,291
E00008983,264,49,215
E00008984,427,85,342
E00008985,289,80,209
E00008986,217,53,164
E00008987,219,53,166
E00008988,196,24,172
E00008989,293,59,234
E00008990,268,52,216
E00008991,286,51,235
E00008992,245,48,197
E00008993,230,46,184
E00008994,267,48,219
E00008995,275,37,238
E00008996,201,30,171
E00008997,326,58,268
E00008998,355,118,237
E00008999,290,57,233
E00009000,334,102,232
E00009001,351,119,232
E00009002,288,103,185
E00009003,285,104,181
E00009005,379,148,231
E00009006,300,119,181
E00009007,252,59,193
E00009008,221,56,165
E00009012,286,88,198
E00009014,272,58,214
E00009015,235,90,145
E00009016,439,111,328
E00009017,308,79,229
E00009018,150,64,86
E00009019,311,99,212
E00009021,482,87,395
E00009022,502,187,315
E00009023,227,46,181
E00009024,332,131,201
E00009025,309,96,213
E00009027,469,161,308
E00009029,433,105,328
E00009030,425,145,280
E00009031,308,77,231
E00009032,366,171,195
E00009033,417,165,252
E00009034,362,169,193
E00009035,360,116,244
E00009036,474,185,289
E00009037,431,140,291
E00009038,250,49,201
E00009039,203,43,160
E00009040,450,228,222
E00009041,256,82,174
E00009042,315,109,206
E00009043,395,106,289
E00009044,339,100,239
E00009045,289,52,237
E00009046,282,62,220
E00009047,284,48,236
E00009048,354,48,306
E00009049,329,79,250
E00009050,283,35,248
E00009051,190,23,167
E00009052,364,65,299
E00009053,368,66,302
E00009054,304,33,271
E00009056,233,33,200
E00009057,267,51,216
E00009058,238,46,192
E00009060,266,42,224
E00009062,226,42,184
E00009063,258,45,213
E00009064,345,79,266
E00009066,389,120,269
E00009067,417,98,319
E00009068,289,66,223
E00009069,265,57,208
E00009070,202,49,153
E00009071,375,72,303
E00009072,284,56,228
E00009073,388,83,305
E00009074,250,37,213
E00009075,314,68,246
E00009076,430,51,379
E00009077,443,117,326
E00009078,302,54,248
E00009079,239,66,173
E00009082,288,79,209
E00009083,411,92,319
E00009084,327,67,260
E00009085,183,57,126
E00009086,267,113,154
E00009087,254,101,153
E00009089,261,81,180
E00009090,382,139,243
E00009091,331,118,213
E00009092,209,55,154
E00009093,385,130,255
E00009094,199,67,132
E00009095,95,31,64
E00009096,464,196,268
E00009097,377,146,231
E00009098,314,88,226
E00009099,411,161,250
E00009100,262,119,143
E00009101,278,70,208
E00009102,314,101,213
E00009103,370,98,272
E00009104,303,94,209
E00009105,204,60,144
E00009106,522,148,374
E00009107,307,85,222
E00009109,271,92,179
E00009110,277,81,196
E00009112,294,62,232
E00009113,282,47,235
E00009114,387,68,319
E00009115,394,66,328
E00009116,281,42,239
E00009117,341,76,265
E00009118,340,88,252
E00009119,381,69,312
E00009120,458,76,382
E00009121,407,94,313
E00009122,303,41,262
E00009123,368,47,321
E00009124,427,79,348
E00009125,260,51,209
E00009126,236,31,205
E00009127,228,42,186
E00009128,280,34,246
E00009129,317,41,276
E00009130,313,40,273
E00009131,414,71,343
E00009132,374,89,285
E00009133,315,56,259
E00009134,355,62,293
E00009135,260,42,218
E00009136,366,100,266
E00009137,305,45,260
E00009138,322,41,281
E00009140,295,45,250
E00009141,195,28,167
E00009142,305,37,268
E00009143,426,33,393
E00009144,371,71,300
E00009145,217,24,193
E00009146,291,39,252
E00009147,299,55,244
E00009148,311,44,267
E00009149,312,130,182
E00009151,413,107,306
E00009152,364,58,306
E00009153,264,61,203
E00009154,299,82,217
E00009155,292,38,254
E00009156,451,88,363
E00009157,242,54,188
E00009158,253,43,210
E00009159,390,76,314
E00009160,315,63,252
E00009161,220,33,187
E00009162,210,35,175
E00009163,218,37,181
E00009164,381,47,334
E00009165,280,38,242
E00009167,264,53,211
E00009168,161,25,136
E00009169,213,44,169
E00009170,292,92,200
E00009171,209,24,185
E00009172,209,36,173
E00009173,311,84,227
E00009174,238,57,181
E00009175,391,66,325
E00009176,271,46,225
E00009177,272,55,217
E00009178,236,30,206
E00009179,307,103,204
E00009180,328,84,244
E00009181,353,105,248
E00009182,359,121,238
E00009183,348,102,246
E00009184,232,51,181
E00009185,248,43,205
E00009186,408,132,276
E00009187,197,31,166
E00009188,267,73,194
E00009190,303,79,224
E00009191,332,47,285
E00009192,359,71,288
E00009194,469,104,365
E00009195,318,49,269
E00009196,223,66,157
E00009197,419,64,355
E00009198,205,40,165
E00009199,296,70,226
E00009200,405,79,326
E00009201,216,32,184
E00009202,143,19,124
E00009203,213,44,169
E00009204,278,34,244
E00009205,369,70,299
E00009206,195,33,162
E00009207,337,60,277
E00009208,305,86,219
E00009209,322,90,232
E00009210,435,120,315
E00009212,265,88,177
E00009213,504,143,361
E00009214,233,68,165
E00009215,162,40,122
E00009216,360,71,289
E00009217,221,31,190
E00009218,299,103,196
E00009219,225,75,150
E00009221,210,31,179
E00009222,134,19,115
E00009223,238,50,188
E00009227,281,67,214
E00009228,329,64,265
E00009229,238,20,218
E00009230,370,63,307
E00009231,202,35,167
E00009232,182,26,156
E00009233,364,88,276
E00009234,266,45,221
E00009235,194,30,164
E00009236,174,31,143
E00009237,257,63,194
E00009238,261,46,215
E00009239,253,43,210
E00009240,242,55,187
E00009241,235,53,182
E00009242,260,70,190
E00009243,126,21,105
E00009244,363,43,320
E00009245,142,17,125
E00009246,192,20,172
E00009247,251,34,217
E00009248,353,57,296
E00009249,195,30,165
E00009250,183,35,148
E00009251,279,35,244
E00009252,309,43,266
E00009253,271,61,210
E00009254,352,51,301
E00009255,338,84,254
E00009256,198,51,147
E00009257,263,63,200
E00009258,228,36,192
E00009259,210,53,157
E00009260,221,53,168
E00009261,199,27,172
E00009262,205,24,181
E00009263,245,32,213
E00009264,181,25,156
E00009265,172,31,141
E00009266,236,45,191
E00009267,226,25,201
E00009268,139,19,120
E00009269,299,63,236
E00009270,208,32,176
E00009271,248,61,187
E00009272,199,42,157
E00009273,277,58,219
E00009274,229,30,199
E00009275,375,80,295
E00009276,301,53,248
E00009277,237,33,204
E00009278,334,69,265
E00009279,230,32,198
E00009280,221,27,194
E00009281,289,71,218
E00009282,331,81,250
E00009283,214,41,173
E00009284,208,41,167
E00009285,225,34,191
E00009286,304,71,233
E00009287,279,61,218
E00009288,224,22,202
E00009289,263,43,220
E00009291,291,54,237
E00009292,314,63,251
E00009293,243,50,193
E00009294,234,42,192
E00009295,339,46,293
E00009296,312,67,245
E00009297,578,259,319
E00009298,289,43,246
E00009299,198,47,151
E00009300,209,40,169
E00009301,279,51,228
E00009302,218,29,189
E00009303,267,45,222
E00009304,337,52,285
E00009305,253,54,199
E00009306,263,38,225
E00009307,328,66,262
E00009308,184,21,163
E00009309,254,40,214
E00009310,240,48,192
E00009311,256,42,214
E00009312,294,84,210
E00009313,320,57,263
E00009314,280,75,205
E00009315,453,78,375
E00009316,363,82,281
E00009317,247,31,216
E00009318,246,40,206
E00009319,291,35,256
E00009320,291,47,244
E00009321,261,42,219
E00009322,213,37,176
E00009324,293,59,234
E00009325,226,45,181
E00009326,232,36,196
E00009327,274,40,234
E00009328,274,98,176
E00009329,182,22,160
E00009330,228,38,190
E00009331,302,72,230
E00009332,204,20,184
E00009333,141,18,123
E00009334,313,77,236
E00009335,232,45,187
E00009336,302,79,223
E00009337,250,53,197
E00009338,146,24,122
E00009339,234,53,181
E00009340,292,65,227
E00009341,149,27,122
E00009342,229,34,195
E00009343,205,55,150
E00009344,239,64,175
E00009345,169,29,140
E00009346,183,32,151
E00009348,230,59,171
E00009349,265,59,206
E00009350,243,36,207
E00009351,280,51,229
E00009352,205,37,168
E00009353,214,48,166
E00009354,599,166,433
E00009355,246,81,165
E00009356,184,42,142
E00009357,200,54,146
E00009358,263,34,229
E00009359,229,30,199
E00009360,415,120,295
E00009361,338,102,236
E00009362,345,77,268
E00009363,325,74,251
E00009366,179,29,150
E00009367,251,26,225
E00009368,300,53,247
E00009369,271,48,223
E00009373,331,78,253
E00009374,290,69,221
E00009375,287,55,232
E00009376,370,100,270
E00009377,239,50,189
E00009378,431,111,320
E00009379,216,24,192
E00009380,315,75,240
E00009381,219,40,179
E00009383,372,105,267
E00009384,202,41,161
E00009385,302,60,242
E00009386,150,37,113
E00009387,460,115,345
E00009388,235,40,195
E00009389,211,32,179
E00009390,374,67,307
E00009391,339,55,284
E00009392,411,70,341
E00009393,274,29,245
E00009394,181,12,169
E00009395,348,63,285
E00009396,228,41,187
E00009397,319,52,267
E00009398,345,51,294
E00009399,225,38,187
E00009400,311,71,240
E00009402,253,62,191
E00009403,211,26,185
E00009404,255,46,209
E00009405,359,109,250
E00009406,326,53,273
E00009407,279,50,229
E00009408,244,39,205
E00009409,197,24,173
E00009410,179,39,140
E00009411,272,69,203
E00009412,217,23,194
E00009413,276,33,243
E00009414,150,31,119
E00009415,313,58,255
E00009416,243,37,206
E00009417,288,53,235
E00009418,260,60,200
E00009419,446,106,340
E00009420,285,57,228
E00009421,288,62,226
E00009422,278,55,223
E00009423,318,59,259
E00009424,227,37,190
E00009425,299,76,223
E00009426,256,43,213
E00009427,354,79,275
E00009428,200,57,143
E00009429,289,74,215
E00009430,336,99,237
E00009431,277,54,223
E00009432,330,66,264
E00009433,365,80,285
E00009434,254,50,204
E00009435,233,42,191
E00009436,238,63,175
E00009437,263,52,211
E00009439,367,85,282
E00009440,428,64,364
E00009441,188,33,155
E00009442,228,43,185
E00009443,271,66,205
E00009444,333,117,216
E00009445,254,67,187
E00009446,237,61,176
E00009447,228,50,178
E00009448,238,42,196
E00009449,319,69,250
E00009450,307,70,237
E00009451,298,61,237
E00009452,272,47,225
E00009453,380,104,276
E00009454,345,93,252
E00009455,306,85,221
E00009456,312,82,230
E00009457,307,74,233
E00009458,223,48,175
E00009459,224,25,199
E00009460,229,38,191
E00009462,309,72,237
E00009463,561,148,413
E00009464,280,60,220
E00009465,177,26,151
E00009466,297,68,229
E00009467,394,54,340
E00009468,348,53,295
E00009469,163,9,154
E00009470,252,51,201
E00009471,278,49,229
E00009472,281,77,204
E00009473,241,57,184
E00009474,153,15,138
E00009475,205,27,178
E00009476,179,13,166
E00009477,199,36,163
E00009478,179,37,142
E00009479,207,45,162
E00009480,313,69,244
E00009481,250,48,202
E00009482,220,38,182
E00009483,195,55,140
E00009484,234,49,185
E00009485,194,19,175
E00009486,438,65,373
E00009487,583,209,374
E00009488,140,24,116
E00009490,243,40,203
E00009491,403,97,306
E00009492,178,30,148
E00009493,226,57,169
E00009494,215,30,185
E00009495,206,40,166
E00009496,251,81,170
E00009497,251,72,179
E00009498,160,35,125
E00009499,333,86,247
E00009500,249,45,204
E00009501,227,53,174
E00009502,333,73,260
E00009503,355,73,282
E00009504,277,47,230
E00009505,238,23,215
E00009506,289,66,223
E00009507,271,43,228
E00009508,246,38,208
E00009509,351,81,270
E00009510,292,67,225
E00009511,256,58,198
E00009512,292,43,249
E00009513,201,40,161
E00009514,161,32,129
E00009515,275,43,232
E00009516,283,62,221
E00009518,391,82,309
E00009520,379,85,294
E00009521,408,92,316
E00009522,285,48,237
E00009523,314,65,249
E00009524,309,39,270
E00009525,220,22,198
E00009526,331,61,270
E00009527,271,46,225
E00009528,245,24,221
E00009529,333,78,255
E00009530,289,56,233
E00009531,354,70,284
E00009532,189,12,177
E00009533,300,84,216
E00009534,255,48,207
E00009535,254,47,207
E00009536,310,78,232
E00009537,227,34,193
E00009538,211,33,178
E00009539,271,87,184
E00009540,170,25,145
E00009541,182,19,163
E00009542,200,38,162
E00009543,170,32,138
E00009544,389,60,329
E00009545,244,41,203
E00009546,252,47,205
E00009547,283,68,215
E00009548,200,31,169
E00009549,209,19,190
E00009550,156,23,133
E00009551,139,19,120
E00009552,252,42,210
E00009553,218,42,176
E00009554,183,17,166
E00009555,234,31,203
E00009556,395,125,270
E00009557,175,31,144
E00009558,333,111,222
E00009559,163,28,135
E00009560,293,87,206
E00009561,154,43,111
E00009562,274,33,241
E00009563,165,31,134
E00009564,241,57,184
E00009565,275,28,247
E00009566,272,61,211
E00009567,243,48,195
E00009568,207,50,157
E00009569,221,27,194
E00009570,311,78,233
E00009571,319,54,265
E00009572,162,18,144
E00009573,260,59,201
E00009574,278,69,209
E00009575,249,58,191
E00009576,287,74,213
E00009577,218,34,184
E00009578,229,42,187
E00009579,220,44,176
E00009580,221,36,185
E00009581,154,8,146
E00009582,176,12,164
E00009583,177,32,145
E00009584,126,18,108
E00009585,305,93,212
E00009586,274,69,205
E00009587,215,53,162
E00009588,197,32,165
E00009589,270,63,207
E00009590,303,62,241
E00009591,216,37,179
E00009592,217,21,196
E00009593,221,27,194
E00009594,317,73,244
E00009595,307,58,249
E00009596,280,55,225
E00009597,303,72,231
E00009598,289,72,217
E00009599,262,61,201
E00009600,214,21,193
E00009601,382,91,291
E00009602,295,74,221
E00009603,249,59,190
E00009604,347,89,258
E00009605,240,38,202
E00009606,280,55,225
E00009607,267,53,214
E00009608,344,66,278
E00009609,263,43,220
E00009610,232,29,203
E00009611,259,56,203
E00009612,294,60,234
E00009613,224,23,201
E00009614,156,9,147
E00009615,270,42,228
E00009616,278,63,215
E00009617,269,63,206
E00009618,227,53,174
E00009619,236,40,196
E00009620,231,17,214
E00009621,251,45,206
E00009622,256,39,217
E00009623,253,39,214
E00009624,296,74,222
E00009625,334,57,277
E00009626,259,54,205
E00009627,329,65,264
E00009628,298,74,224
E00009629,304,52,252
E00009630,299,48,251
E00009631,209,14,195
E00009632,312,80,232
E00009633,281,44,237
E00009634,267,68,199
E00009635,300,62,238
E00009636,270,57,213
E00009637,297,55,242
E00009638,335,98,237
E00009639,284,88,196
E00009640,276,66,210
E00009641,308,69,239
E00009642,251,51,200
E00009643,356,89,267
E00009644,385,86,299
E00009645,350,100,250
E00009646,242,38,204
E00009647,214,59,155
E00009648,456,256,200
E00009649,281,66,215
E00009651,260,67,193
E00009652,183,36,147
E00009653,261,46,215
E00009654,260,45,215
E00009655,252,59,193
E00009656,268,47,221
E00009657,185,34,151
E00009659,205,45,160
E00009660,202,26,176
E00009661,209,48,161
E00009662,374,48,326
E00009663,249,37,212
E00009664,227,13,214
E00009665,142,38,104
E00009666,172,28,144
E00009667,218,16,202
E00009668,292,31,261
E00009669,271,39,232
E00009670,212,26,186
E00009671,301,50,251
E00009672,195,23,172
E00009673,172,27,145
E00009674,210,49,161
E00009675,205,41,164
E00009676,319,81,238
E00009677,219,45,174
E00009678,286,75,211
E00009679,348,71,277
E00009680,271,63,208
E00009681,152,13,139
E00009683,246,46,200
E00009684,268,41,227
E00009685,251,31,220
E00009686,207,45,162
E00009687,276,57,219
E00009688,311,69,242
E00009689,248,46,202
E00009690,331,80,251
E00009691,313,50,263
E00009692,324,70,254
E00009693,302,93,209
E00009694,416,122,294
E00009695,267,54,213
E00009696,535,133,402
E00009697,245,51,194
E00009698,334,77,257
E00009699,176,21,155
E00009700,452,84,368
E00009701,381,77,304
E00009702,248,28,220
E00009703,262,46,216
E00009705,252,36,216
E00009706,282,47,235
E00009707,275,34,241
E00009708,206,25,181
E00009709,224,48,176
E00009710,258,31,227
E00009711,250,58,192
E00009712,298,85,213
E00009713,194,36,158
E00009714,315,35,280
E00009716,184,26,158
E00009717,327,83,244
E00009718,342,42,300
E00009720,310,61,249
E00009721,307,35,272
E00009722,362,54,308
E00009723,290,45,245
E00009724,302,53,249
E00009725,281,38,243
E00009726,335,77,258
E00009727,247,42,205
E00009728,296,47,249
E00009732,345,56,289
E00009733,271,46,225
E00009734,241,42,199
E00009735,208,32,176
E00009736,213,42,171
E00009737,249,38,211
E00009738,249,40,209
E00009739,168,63,105
E00009740,267,55,212
E00009741,309,62,247
E00009742,231,40,191
E00009743,237,45,192
E00009744,282,52,230
E00009745,208,41,167
E00009746,322,55,267
E00009747,255,50,205
E00009748,270,45,225
E00009749,191,36,155
E00009750,232,42,190
E00009751,190,38,152
E00009752,313,60,253
E00009753,279,42,237
E00009754,241,33,208
E00009755,274,44,230
E00009756,355,52,303
E00009757,239,49,190
E00009758,270,38,232
E00009759,301,46,255
E00009760,239,49,190
E00009761,324,54,270
E00009762,237,53,184
E00009763,372,64,308
E00009764,233,23,210
E00009765,255,74,181
E00009766,281,80,201
E00009767,297,69,228
E00009768,300,69,231
E00009769,283,61,222
E00009770,187,24,163
E00009771,218,56,162
E00009772,247,65,182
E00009773,245,49,196
E00009774,311,70,241
E00009775,247,45,202
E00009776,341,110,231
E00009777,292,81,211
E00009778,253,52,201
E00009779,370,87,283
E00009780,243,38,205
E00009781,213,37,176
E00009782,275,58,217
E00009783,326,65,261
E00009784,174,26,148
E00009786,192,22,170
E00009787,237,41,196
E00009788,380,77,303
E00009789,315,59,256
E00009790,268,40,228
E00009791,197,25,172
E00009792,290,49,241
E00009793,279,56,223
E00009794,337,94,243
E00009795,244,42,202
E00009796,408,133,275
E00009797,331,90,241
E00009798,298,87,211
E00009799,409,129,280
E00009800,391,117,274
E00009801,311,64,247
E00009802,386,128,258
E00009803,479,147,332
E00009805,374,143,231
E00009806,386,98,288
E00009807,329,99,230
E00009808,256,88,168
E00009809,308,82,226
E00009810,353,82,271
E00009811,395,125,270
E00009812,300,87,213
E00009813,284,52,232
E00009814,336,92,244
E00009815,294,86,208
E00009816,279,67,212
E00009817,384,53,331
E00009818,290,41,249
E00009820,244,30,214
E00009821,371,73,298
E00009822,308,62,246
E00009823,342,71,271
E00009824,385,85,300
E00009825,207,36,171
E00009826,269,80,189
E00009827,367,98,269
E00009828,327,95,232
E00009829,305,94,211
E00009830,324,100,224
E00009831,317,97,220
E00009832,268,65,203
E00009833,273,51,222
E00009834,261,67,194
E00009835,363,107,256
E00009836,235,50,185
E00009837,199,40,159
E00009838,343,83,260
E00009839,290,57,233
E00009840,339,93,246
E00009841,352,108,244
E00009842,340,116,224
E00009843,343,87,256
E00009844,383,120,263
E00009845,299,44,255
E00009846,353,98,255
E00009847,355,105,250
E00009848,298,76,222
E00009849,318,67,251
E00009850,279,52,227
E00009851,391,94,297
E00009852,317,79,238
E00009853,223,37,186
E00009854,312,72,240
E00009855,360,95,265
E00009856,290,44,246
E00009857,333,81,252
E00009858,214,44,170
E00009859,280,41,239
E00009860,333,69,264
E00009861,218,42,176
E00009862,288,54,234
E00009863,337,87,250
E00009864,333,100,233
E00009865,358,109,249
E00009866,338,73,265
E00009867,508,91,417
E00009868,265,50,215
E00009869,345,75,270
E00009870,246,39,207
E00009871,360,72,288
E00009872,330,59,271
E00009873,341,63,278
E00009874,251,57,194
E00009875,374,67,307
E00009876,410,81,329
E00009877,547,110,437
E00009878,263,61,202
E00009879,252,46,206
E00009880,243,35,208
E00009881,317,76,241
E00009882,272,68,204
E00009883,299,41,258
E00009884,394,92,302
E00009885,273,79,194
E00009886,214,56,158
E00009887,283,88,195
E00009888,276,62,214
E00009889,275,47,228
E00009890,213,33,180
E00009892,261,40,221
E00009893,351,62,289
E00009894,284,46,238
E00009895,299,56,243
E00009896,423,118,305
E00009897,305,60,245
E00009898,300,61,239
E00009899,294,53,241
E00009900,463,88,375
E00009901,380,65,315
E00009902,472,61,411
E00009903,282,40,242
E00009904,370,98,272
E00009905,362,60,302
E00009906,334,74,260
E00009907,381,113,268
E00009908,294,57,237
E00009909,558,124,434
E00009910,383,83,300
E00009911,283,52,231
E00009912,258,37,221
E00009913,356,74,282
E00009914,298,54,244
E00009915,532,123,409
E00009916,348,70,278
E00009917,325,74,251
E00009918,289,41,248
E00009919,373,90,283
E00009920,314,72,242
E00009921,353,53,300
E00009922,405,86,319
E00009923,344,69,275
E00009924,349,74,275
E00009925,299,47,252
E00009926,406,59,347
E00009927,465,89,376
E00009928,430,73,357
E00009929,268,60,208
E00009930,315,67,248
E00009931,227,61,166
E00009932,384,88,296
E00009933,273,59,214
E00009934,356,73,283
E00009935,280,65,215
E00009936,255,59,196
E00009937,409,70,339
E00009938,336,63,273
E00009939,565,148,417
E00009940,394,87,307
E00009941,324,72,252
E00009942,327,65,262
E00009943,409,100,309
E00009944,320,57,263
E00009945,278,35,243
E00009946,306,54,252
E00009947,281,41,240
E00009948,251,53,198
E00009949,292,57,235
E00009950,255,43,212
E00009951,217,44,173
E00009952,291,65,226
E00009953,220,36,184
E00009954,351,69,282
E00009955,208,27,181
E00009956,288,46,242
E00009957,297,58,239
E00009958,283,72,211
E00009959,245,38,207
E00009960,257,49,208
E00009961,231,31,200
E00009962,323,61,262
E00009963,232,36,196
E00009964,236,35,201
E00009965,242,39,203
E00009967,251,32,219
E00009968,203,43,160
E00009969,203,25,178
E00009970,310,51,259
E00009971,198,35,163
E00009972,321,66,255
E00009973,193,25,168
E00009974,236,40,196
E00009975,251,45,206
E00009976,246,48,198
E00009978,267,37,230
E00009979,203,23,180
E00009980,225,26,199
E00009982,245,35,210
E00009983,229,29,200
E00009984,258,43,215
E00009985,272,36,236
E00009986,319,73,246
E00009987,287,49,238
E00009988,372,103,269
E00009990,235,50,185
E00009991,247,52,195
E00009992,374,108,266
E00009993,343,97,246
E00009994,359,112,247
E00009995,323,80,243
E00009996,229,33,196
E00009997,297,48,249
E00009998,345,67,278
E00009999,175,37,138
E00010000,259,44,215
E00010001,255,46,209
E00010002,237,58,179
E00010003,230,30,200
E00010004,314,59,255
E00010005,330,98,232
E00010006,307,83,224
E00010007,249,60,189
E00010008,399,108,291
E00010009,228,34,194
E00010010,262,60,202
E00010011,293,77,216
E00010012,350,87,263
E00010013,316,86,230
E00010014,219,46,173
E00010015,250,37,213
E00010016,321,65,256
E00010017,284,37,247
E00010018,337,64,273
E00010019,319,95,224
E00010021,243,47,196
E00010022,359,80,279
E00010023,216,33,183
E00010024,309,81,228
E00010026,461,198,263
E00010027,449,85,364
E00010029,254,34,220
E00010030,297,42,255
E00010032,286,27,259
E00010033,378,49,329
E00010035,391,66,325
E00010036,335,64,271
E00010037,368,54,314
E00010038,357,45,312
E00010039,323,64,259
E00010041,403,68,335
E00010042,406,65,341
E00010043,306,51,255
E00010044,328,56,272
E00010045,310,39,271
E00010046,269,48,221
E00010047,310,48,262
E00010048,300,54,246
E00010049,474,98,376
E00010050,252,38,214
E00010051,237,46,191
E00010052,313,49,264
E00010053,252,42,210
E00010054,359,44,315
E00010055,569,92,477
E00010056,406,49,357
E00010057,280,42,238
E00010058,287,41,246
E00010059,277,40,237
E00010060,432,56,376
E00010061,272,35,237
E00010062,286,38,248
E00010064,368,111,257
E00010065,313,69,244
E00010066,241,34,207
E00010067,223,57,166
E00010068,286,64,222
E00010069,180,22,158
E00010070,347,66,281
E00010071,287,38,249
E00010072,276,56,220
E00010073,210,38,172
E00010074,235,32,203
E00010075,234,36,198
E00010076,276,35,241
E00010077,265,61,204
E00010078,231,50,181
E00010079,267,51,216
E00010080,195,23,172
E00010081,187,30,157
E00010082,259,26,233
E00010083,243,44,199
E00010084,268,55,213
E00010085,309,62,247
E00010086,204,18,186
E00010087,214,36,178
E00010088,206,18,188
E00010089,194,43,151
E00010090,170,29,141
E00010091,241,41,200
E00010092,243,28,215
E00010093,276,62,214
E00010094,228,49,179
E00010095,336,32,304
E00010096,259,43,216
E00010097,197,21,176
E00010098,139,21,118
E00010099,262,31,231
E00010100,271,49,222
E00010101,304,59,245
E00010102,214,47,167
E00010103,281,65,216
E00010104,404,70,334
E00010105,393,83,310
E00010106,458,70,388
E00010107,269,46,223
E00010108,216,33,183
E00010109,289,49,240
E00010110,378,79,299
E00010111,283,43,240
E00010112,255,41,214
E00010114,226,43,183
E00010115,242,60,182
E00010116,241,45,196
E00010117,266,54,212
E00010118,235,39,196
E00010119,306,79,227
E00010120,237,40,197
E00010121,242,28,214
E00010122,244,44,200
E00010123,323,60,263
E00010124,338,79,259
E00010125,279,62,217
E00010126,253,62,191
E00010127,224,31,193
E00010128,391,57,334
E00010130,247,43,204
E00010131,278,37,241
E00010132,295,62,233
E00010133,252,33,219
E00010134,214,30,184
E00010135,229,42,187
E00010136,260,29,231
E00010137,288,40,248
E00010138,299,48,251
E00010139,349,80,269
E00010140,319,74,245
E00010141,270,58,212
E00010142,370,71,299
E00010143,255,40,215
E00010144,267,43,224
E00010145,218,36,182
E00010146,248,38,210
E00010147,270,46,224
E00010148,175,34,141
E00010149,267,41,226
E00010150,373,107,266
E00010152,326,71,255
E00010153,233,45,188
E00010154,246,40,206
E00010155,227,14,213
E00010156,269,43,226
E00010157,297,58,239
E00010158,363,78,285
E00010159,340,82,258
E00010160,225,41,184
E00010161,267,57,210
E00010162,409,81,328
E00010163,322,63,259
E00010164,309,73,236
E00010165,295,34,261
E00010166,253,57,196
E00010167,279,46,233
E00010168,250,43,207
E00010169,334,61,273
E00010170,202,35,167
E00010171,307,55,252
E00010172,324,55,269
E00010173,262,57,205
E00010174,299,52,247
E00010176,282,54,228
E00010177,257,49,208
E00010178,285,54,231
E00010179,245,51,194
E00010180,343,64,279
E00010181,277,60,217
E00010182,331,64,267
E00010183,330,58,272
E00010184,344,45,299
E00010185,343,39,304
E00010186,282,56,226
E00010187,376,61,315
E00010188,301,36,265
E00010189,319,47,272
E00010190,318,44,274
E00010191,310,43,267
E00010192,485,103,382
E00010193,312,43,269
E00010194,549,120,429
E00010195,314,45,269
E00010196,405,58,347
E00010197,297,65,232
E00010198,276,49,227
E00010199,280,48,232
E00010200,414,78,336
E00010201,340,63,277
E00010202,330,69,261
E00010204,546,141,405
E00010205,353,70,283
E00010206,258,67,191
E00010207,275,53,222
E00010208,297,48,249
E00010209,307,47,260
E00010210,284,55,229
E00010211,334,66,268
E00010212,366,68,298
E00010213,247,86,161
E00010214,312,66,246
E00010216,350,130,220
E00010217,407,113,294
E00010218,365,117,248
E00010219,352,98,254
E00010220,338,97,241
E00010221,302,70,232
E00010222,266,85,181
E00010223,315,85,230
E00010224,281,73,208
E00010225,225,40,185
E00010226,365,140,225
E00010227,524,144,380
E00010228,265,70,195
E00010229,303,102,201
E00010230,323,100,223
E00010231,396,109,287
E00010232,301,78,223
E00010233,332,106,226
E00010234,343,95,248
E00010235,317,78,239
E00010236,470,118,352
E00010237,476,78,398
E00010238,256,73,183
E00010239,348,78,270
E00010240,322,92,230
E00010241,448,91,357
E00010242,280,68,212
E00010243,357,76,281
E00010244,239,40,199
E00010245,261,47,214
E00010247,351,98,253
E00010248,406,106,300
E00010249,411,112,299
E00010250,245,50,195
E00010252,580,164,416
E00010253,282,61,221
E00010254,439,115,324
E00010256,347,81,266
E00010257,270,65,205
E00010258,272,43,229
E00010259,373,62,311
E00010260,296,35,261
E00010261,327,53,274
E00010262,357,91,266
E00010263,394,84,310
E00010264,253,44,209
E00010265,375,70,305
E00010266,367,85,282
E00010267,269,51,218
E00010268,359,61,298
E00010269,313,54,259
E00010270,375,61,314
E00010271,313,40,273
E00010272,337,56,281
E00010273,260,51,209
E00010274,314,57,257
E00010275,294,54,240
E00010276,413,80,333
E00010277,237,32,205
E00010278,416,74,342
E00010279,413,47,366
E00010280,358,67,291
E00010281,360,53,307
E00010282,340,55,285
E00010283,293,42,251
E00010284,300,53,247
E00010285,349,50,299
E00010286,296,51,245
E00010287,415,48,367
E00010288,271,47,224
E00010289,417,70,347
E00010290,341,67,274
E00010291,340,49,291
E00010292,390,83,307
E00010293,317,109,208
E00010294,420,82,338
E00010295,341,106,235
E00010296,370,112,258
E00010297,325,100,225
E00010298,391,91,300
E00010299,500,227,273
E00010300,306,83,223
E00010301,438,205,233
E00010302,285,81,204
E00010303,496,234,262
E00010304,390,96,294
E00010305,346,90,256
E00010306,299,95,204
E00010308,390,97,293
E00010309,291,53,238
E00010310,420,62,358
E00010311,564,87,477
E00010312,433,96,337
E00010313,362,79,283
E00010314,222,57,165
E00010315,289,71,218
E00010316,407,139,268
E00010317,435,212,223
E00010318,299,50,249
E00010319,318,61,257
E00010320,534,241,293
E00010321,348,88,260
E00010322,386,112,274
E00010324,426,131,295
E00010325,274,57,217
E00010326,465,86,379
E00010327,332,52,280
E00010328,379,52,327
E00010329,509,153,356
E00010330,451,165,286
E00010331,362,124,238
E00010332,378,118,260
E00010333,447,208,239
E00010334,280,46,234
E00010335,232,30,202
E00010336,301,56,245
E00010337,250,30,220
E00010338,377,66,311
E00010339,299,53,246
E00010340,273,40,233
E00010341,360,62,298
E00010342,318,48,270
E00010343,295,59,236
E00010344,256,41,215
E00010345,307,46,261
E00010346,293,47,246
E00010347,243,24,219
E00010348,220,25,195
E00010349,282,28,254
E00010350,301,49,252
E00010351,281,43,238
E00010352,247,28,219
E00010353,231,40,191
E00010354,180,18,162
E00010355,227,29,198
E00010356,214,29,185
E00010357,287,36,251
E00010358,270,52,218
E00010359,253,35,218
E00010360,260,55,205
E00010361,324,48,276
E00010362,239,29,210
E00010363,240,27,213
E00010364,287,33,254
E00010365,266,65,201
E00010366,211,25,186
E00010367,275,36,239
E00010368,258,33,225
E00010369,246,47,199
E00010370,244,25,219
E00010371,336,65,271
E00010372,298,37,261
E00010373,291,76,215
E00010374,406,55,351
E00010375,343,72,271
E00010376,484,106,378
E00010377,424,78,346
E00010378,255,61,194
E00010379,278,38,240
E00010380,395,57,338
E00010381,274,49,225
E00010382,303,30,273
E00010383,409,126,283
E00010385,263,45,218
E00010386,379,79,300
E00010387,380,76,304
E00010388,449,123,326
E00010389,349,70,279
E00010390,318,81,237
E00010391,362,64,298
E00010392,280,76,204
E00010393,255,49,206
E00010394,471,63,408
E00010395,354,72,282
E00010396,268,57,211
E00010397,275,64,211
E00010398,271,54,217
E00010399,359,65,294
E00010400,379,101,278
E00010401,274,62,212
E00010402,342,53,289
E00010403,401,177,224
E00010404,344,81,263
E00010406,332,47,285
E00010407,258,38,220
E00010409,459,101,358
E00010410,237,41,196
E00010412,364,72,292
E00010413,233,30,203
E00010414,300,81,219
E00010415,360,73,287
E00010416,280,42,238
E00010417,315,53,262
E00010418,309,50,259
E00010419,332,60,272
E00010420,348,81,267
E00010421,390,95,295
E00010422,293,73,220
E00010423,346,88,258
E00010424,356,94,262
E00010426,234,67,167
E00010427,329,78,251
E00010428,426,119,307
E00010429,472,156,316
E00010430,350,80,270
E00010431,301,79,222
E00010433,239,51,188
E00010434,440,54,386
E00010435,344,94,250
E00010436,508,106,402
E00010437,359,95,264
E00010438,487,156,331
E00010439,246,70,176
E00010440,381,91,290
E00010441,368,75,293
E00010442,412,101,311
E00010443,368,80,288
E00010444,360,93,267
E00010445,408,78,330
E00010446,286,72,214
E00010448,389,88,301
E00010449,341,89,252
E00010451,276,70,206
E00010452,455,95,360
E00010453,312,93,219
E00010454,314,56,258
E00010455,489,101,388
E00010456,374,64,310
E00010457,264,35,229
E00010458,342,68,274
E00010459,443,107,336
E00010460,412,75,337
E00010461,382,77,305
E00010462,373,61,312
E00010463,427,84,343
E00010464,374,67,307
E00010465,315,55,260
E00010466,303,71,232
E00010467,382,93,289
E00010468,298,78,220
E00010469,320,77,243
E00010470,354,116,238
E00010471,271,30,241
E00010472,204,55,149
E00010473,184,48,136
E00010474,333,59,274
E00010475,226,65,161
E00010476,353,67,286
E00010479,338,70,268
E00010480,350,44,306
E00010481,308,56,252
E00010482,378,66,312
E00010483,443,45,398
E00010484,346,65,281
E00010485,328,62,266
E00010486,419,93,326
E00010487,291,64,227
E00010488,322,55,267
E00010489,341,50,291
E00010490,271,30,241
E00010491,580,187,393
E00010492,292,36,256
E00010493,274,37,237
E00010494,303,70,233
E00010495,320,83,237
E00010496,340,66,274
E00010497,290,83,207
E00010498,405,105,300
E00010499,378,107,271
E00010500,326,66,260
E00010501,319,83,236
E00010502,284,58,226
E00010503,318,69,249
E00010504,334,95,239
E00010505,280,69,211
E00010506,278,73,205
E00010507,332,92,240
E00010508,338,82,256
E00010509,319,77,242
E00010510,284,76,208
E00010511,514,112,402
E00010512,364,76,288
E00010513,337,70,267
E00010514,359,87,272
E00010515,441,103,338
E00010516,341,78,263
E00010517,308,86,222
E00010518,276,80,196
E00010519,326,68,258
E00010520,384,84,300
E00010521,360,115,245
E00010522,360,98,262
E00010523,348,63,285
E00010524,326,68,258
E00010525,410,114,296
E00010526,461,92,369
E00010527,355,89,266
E00010528,186,41,145
E00010529,367,106,261
E00010530,402,106,296
E00010531,357,65,292
E00010532,304,38,266
E00010533,471,120,351
E00010534,349,62,287
E00010535,327,56,271
E00010536,305,65,240
E00010537,324,59,265
E00010538,396,74,322
E00010539,379,54,325
E00010540,402,80,322
E00010541,413,144,269
E00010542,300,54,246
E00010543,382,55,327
E00010544,392,82,310
E00010545,445,84,361
E00010546,346,79,267
E00010547,430,82,348
E00010548,367,72,295
E00010549,357,63,294
E00010550,389,113,276
E00010551,382,78,304
E00010552,393,107,286
E00010553,527,101,426
E00010554,305,101,204
E00010555,355,67,288
E00010556,405,58,347
E00010557,243,39,204
E00010558,474,94,380
E00010559,485,123,362
E00010560,244,43,201
E00010561,282,76,206
E00010562,356,71,285
E00010563,370,73,297
E00010564,316,49,267
E00010565,264,42,222
E00010566,304,40,264
E00010567,311,57,254
E00010568,339,50,289
E00010569,361,72,289
E00010570,318,82,236
E00010571,454,93,361
E00010572,395,103,292
E00010573,464,105,359
E00010574,368,75,293
E00010575,380,99,281
E00010576,273,57,216
E00010577,407,99,308
E00010578,424,109,315
E00010579,481,106,375
E00010580,396,83,313
E00010581,407,92,315
E00010582,496,105,391
E00010583,390,75,315
E00010584,408,85,323
E00010585,478,120,358
E00010586,433,116,317
E00010587,396,72,324
E00010588,427,113,314
E00010589,465,114,351
E00010590,372,68,304
E00010591,304,53,251
E00010592,364,85,279
E00010593,327,69,258
E00010594,380,91,289
E00010595,438,103,335
E00010596,236,28,208
E00010597,338,63,275
E00010598,185,40,145
E00010599,384,82,302
E00010600,339,67,272
E00010601,340,73,267
E00010602,260,50,210
E00010603,261,52,209
E00010604,299,70,229
E00010605,333,61,272
E00010606,326,57,269
E00010607,357,65,292
E00010608,309,49,260
E00010609,328,62,266
E00010610,323,47,276
E00010611,284,50,234
E00010612,390,74,316
E00010613,349,78,271
E00010614,427,77,350
E00010615,275,64,211
E00010616,388,78,310
E00010617,426,61,365
E00010618,325,50,275
E00010619,361,61,300
E00010623,391,92,299
E00010624,262,43,219
E00010625,280,39,241
E00010626,267,52,215
E00010627,361,83,278
E00010628,216,36,180
E00010629,338,77,261
E00010630,435,89,346
E00010631,454,104,350
E00010632,431,114,317
E00010633,424,76,348
E00010634,391,88,303
E00010635,491,106,385
E00010636,395,96,299
E00010637,408,104,304
E00010638,372,80,292
E00010639,372,77,295
E00010640,390,76,314
E00010641,430,108,322
E00010642,403,100,303
E00010643,418,97,321
E00010644,410,77,333
E00010645,476,95,381
E00010646,532,156,376
E00010647,553,132,421
E00010649,228,65,163
E00010650,251,74,177
E00010651,529,144,385
E00010652,471,87,384
E00010653,371,84,287
E00010654,411,90,321
E00010655,456,119,337
E00010656,392,93,299
E00010657,417,106,311
E00010658,266,47,219
E00010660,558,128,430
E00010661,303,65,238
E00010662,343,63,280
E00010663,370,52,318
E00010665,258,86,172
E00010666,455,106,349
E00010668,328,80,248
E00010670,252,47,205
E00010671,409,96,313
E00010673,244,56,188
E00010674,229,41,188
E00010675,415,88,327
E00010677,500,96,404
E00010678,394,81,313
E00010679,376,73,303
E00010681,448,79,369
E00010682,335,76,259
E00010683,358,64,294
E00010684,321,63,258
E00010685,314,52,262
E00010686,425,88,337
E00010687,330,58,272
E00010688,300,54,246
E00010689,360,85,275
E00010690,309,67,242
E00010691,444,85,359
E00010692,349,91,258
E00010693,294,68,226
E00010694,251,43,208
E00010695,400,106,294
E00010696,529,100,429
E00010697,299,37,262
E00010698,384,96,288
E00010699,382,104,278
E00010700,378,81,297
E00010701,395,94,301
E00010702,305,46,259
E00010703,386,97,289
E00010704,366,97,269
E00010705,826,709,117
E00010706,288,73,215
E00010707,234,38,196
E00010708,167,22,145
E00010709,239,101,138
E00010710,243,38,205
E00010711,305,35,270
E00010712,400,107,293
E00010713,225,40,185
E00010714,278,57,221
E00010715,331,92,239
E00010716,261,54,207
E00010717,453,91,362
E00010718,362,61,301
E00010719,400,72,328
E00010720,433,102,331
E00010721,247,46,201
E00010722,437,80,357
E00010723,321,76,245
E00010724,140,48,92
E00010725,170,27,143
E00010726,333,82,251
E00010727,392,81,311
E00010728,330,73,257
E00010729,346,74,272
E00010730,376,67,309
E00010731,286,66,220
E00010732,333,61,272
E00010733,314,75,239
E00010734,392,106,286
E00010735,387,110,277
E00010736,411,93,318
E00010737,276,57,219
E00010738,298,50,248
E00010739,380,93,287
E00010740,371,99,272
E00010741,404,102,302
E00010742,373,100,273
E00010743,129,18,111
E00010744,358,56,302
E00010745,411,81,330
E00010746,365,53,312
E00010747,267,38,229
E00010748,359,84,275
E00010749,366,61,305
E00010750,417,73,344
E00010751,328,78,250
E00010752,233,51,182
E00010753,355,79,276
E00010754,415,110,305
E00010755,349,64,285
E00010756,269,63,206
E00010757,346,88,258
E00010758,289,68,221
E00010759,340,96,244
E00010760,276,64,212
E00010761,300,42,258
E00010762,379,88,291
E00010763,338,71,267
E00010764,331,65,266
E00010765,238,46,192
E00010766,469,100,369
E00010767,244,36,208
E00010768,414,95,319
E00010769,400,64,336
E00010770,332,65,267
E00010771,300,76,224
E00010772,432,124,308
E00010773,362,68,294
E00010774,331,65,266
E00010775,363,100,263
E00010776,351,67,284
E00010777,358,59,299
E00010778,344,46,298
E00010779,304,46,258
E00010780,385,106,279
E00010781,342,53,289
E00010782,304,52,252
E00010783,346,66,280
E00010784,316,61,255
E00010785,426,158,268
E00010786,300,48,252
E00010787,334,89,245
E00010788,291,58,233
E00010789,306,47,259
E00010790,322,49,273
E00010791,373,78,295
E00010792,245,62,183
E00010793,396,73,323
E00010794,413,74,339
E00010795,358,64,294
E00010796,319,75,244
E00010797,333,71,262
E00010798,317,71,246
E00010799,363,74,289
E00010800,311,54,257
E00010801,455,100,355
E00010802,392,62,330
E00010803,400,86,314
E00010804,421,85,336
E00010805,347,49,298
E00010806,266,69,197
E00010807,348,54,294
E00010808,408,95,313
E00010809,289,54,235
E00010810,346,87,259
E00010811,335,61,274
E00010812,352,69,283
E00010813,255,73,182
E00010814,474,93,381
E00010815,380,71,309
E00010817,333,67,266
E00010818,366,89,277
E00010819,379,92,287
E00010820,329,63,266
E00010821,388,93,295
E00010822,370,86,284
E00010823,345,79,266
E00010824,388,78,310
E00010825,399,86,313
E00010826,446,114,332
E00010827,375,74,301
E00010828,390,78,312
E00010829,391,76,315
E00010830,317,68,249
E00010831,341,61,280
E00010832,344,75,269
E00010833,400,76,324
E00010834,384,63,321
E00010835,340,75,265
E00010836,361,99,262
E00010837,403,89,314
E00010838,419,124,295
E00010839,341,68,273
E00010840,457,94,363
E00010842,392,87,305
E00010843,379,59,320
E00010844,327,95,232
E00010845,403,89,314
E00010846,349,88,261
E00010847,357,85,272
E00010848,382,81,301
E00010849,396,83,313
E00010850,504,124,380
E00010851,398,63,335
E00010852,472,92,380
E00010853,370,80,290
E00010854,377,75,302
E00010855,410,97,313
E00010856,286,79,207
E00010857,379,77,302
E00010858,359,95,264
E00010859,444,86,358
E00010860,482,87,395
E00010861,457,120,337
E00010862,389,104,285
E00010863,442,79,363
E00010864,463,88,375
E00010865,305,66,239
E00010866,418,99,319
E00010867,306,82,224
E00010868,389,68,321
E00010869,491,76,415
E00010870,391,80,311
E00010871,388,64,324
E00010872,324,72,252
E00010873,276,50,226
E00010874,398,82,316
E00010875,335,78,257
E00010876,314,63,251
E00010877,364,51,313
E00010878,374,90,284
E00010879,466,81,385
E00010880,425,70,355
E00010881,491,77,414
E00010882,434,86,348
E00010883,396,47,349
E00010884,353,75,278
E00010885,322,46,276
E00010886,434,85,349
E00010887,380,78,302
E00010888,285,63,222
E00010889,417,86,331
E00010890,354,78,276
E00010891,401,85,316
E00010892,389,88,301
E00010893,433,70,363
E00010894,368,51,317
E00010895,373,59,314
E00010896,430,103,327
E00010897,515,70,445
E00010898,405,72,333
E00010899,436,76,360
E00010900,342,70,272
E00010901,459,105,354
E00010902,371,78,293
E00010903,304,82,222
E00010907,407,100,307
E00010908,267,60,207
E00010909,531,115,416
E00010912,423,91,332
E00010913,360,92,268
E00010914,349,76,273
E00010915,388,103,285
E00010916,338,74,264
E00010917,415,98,317
E00010918,403,95,308
E00010919,369,90,279
E00010920,420,88,332
E00010921,271,51,220
E00010922,252,51,201
E00010923,406,63,343
E00010925,503,110,393
E00010926,477,128,349
E00010927,372,92,280
E00010928,437,99,338
E00010930,355,92,263
E00010931,323,72,251
E00010932,318,47,271
E00010933,370,79,291
E00010934,329,84,245
E00010935,237,42,195
E00010936,324,72,252
E00010937,270,52,218
E00010938,328,79,249
E00010939,273,44,229
E00010940,312,69,243
E00010941,265,46,219
E00010942,309,49,260
E00010943,473,84,389
E00010944,267,45,222
E00010945,339,51,288
E00010946,344,68,276
E00010947,307,62,245
E00010948,321,67,254
E00010949,316,77,239
E00010950,308,70,238
E00010951,224,32,192
E00010952,288,76,212
E00010953,334,55,279
E00010954,377,78,299
E00010955,415,97,318
E00010956,314,67,247
E00010957,376,74,302
E00010958,314,82,232
E00010959,291,57,234
E00010960,253,58,195
E00010961,376,99,277
E00010962,303,49,254
E00010963,386,78,308
E00010964,395,109,286
E00010965,359,85,274
E00010966,317,78,239
E00010967,453,110,343
E00010968,339,103,236
E00010969,330,87,243
E00010970,352,64,288
E00010971,333,72,261
E00010972,343,69,274
E00010973,242,24,218
E00010974,391,85,306
E00010975,357,83,274
E00010976,360,92,268
E00010977,396,74,322
E00010978,324,89,235
E00010979,371,92,279
E00010980,367,75,292
E00010981,411,120,291
E00010982,291,67,224
E00010983,243,51,192
E00010984,351,85,266
E00010985,323,77,246
E00010986,298,71,227
E00010987,362,69,293
E00010988,398,105,293
E00010989,364,81,283
E00010990,328,59,269
E00010991,319,69,250
E00010992,373,112,261
E00010993,371,68,303
E00010994,406,88,318
E00010996,493,105,388
E00010997,392,92,300
E00010998,364,63,301
E00010999,374,70,304
E00011000,343,75,268
E00011001,447,86,361
E00011002,375,72,303
E00011003,489,82,407
E00011004,514,151,363
E00011005,386,61,325
E00011006,445,101,344
E00011007,480,72,408
E00011008,481,88,393
E00011009,461,107,354
E00011010,379,94,285
E00011011,401,85,316
E00011012,421,79,342
E00011013,449,101,348
E00011014,437,137,300
E00011015,337,71,266
E00011016,500,121,379
E00011017,538,113,425
E00011018,337,71,266
E00011019,500,152,348
E00011020,332,66,266
E00011021,307,51,256
E00011022,384,73,311
E00011023,377,71,306
E00011025,329,68,261
E00011026,414,88,326
E00011027,354,67,287
E00011028,353,70,283
E00011029,285,65,220
E00011030,368,85,283
E00011031,307,68,239
E00011032,385,101,284
E00011033,390,97,293
E00011034,329,85,244
E00011035,308,72,236
E00011036,375,81,294
E00011038,444,123,321
E00011039,338,66,272
E00011040,420,148,272
E00011041,362,89,273
E00011042,356,77,279
E00011043,417,92,325
E00011044,340,69,271
E00011045,416,97,319
E00011046,568,183,385
E00011047,374,87,287
E00011048,354,76,278
E00011049,299,54,245
E00011050,393,102,291
E00011052,572,145,427
E00011053,340,104,236
E00011055,405,89,316
E00011056,469,134,335
E00011057,253,60,193
E00011058,277,60,217
E00011059,420,101,319
E00011060,422,113,309
E00011061,458,105,353
E00011063,370,91,279
E00011064,433,102,331
E00011065,326,105,221
E00011066,332,88,244
E00011067,383,96,287
E00011068,364,94,270
E00011069,439,98,341
E00011070,264,46,218
E00011071,391,112,279
E00011072,308,77,231
E00011073,385,119,266
E00011074,360,108,252
E00011075,333,90,243
E00011076,215,35,180
E00011077,455,112,343
E00011078,392,106,286
E00011079,400,88,312
E00011081,551,126,425
E00011082,352,77,275
E00011083,357,83,274
E00011084,421,90,331
E00011085,383,84,299
E00011086,419,104,315
E00011087,385,90,295
E00011088,312,82,230
E00011089,362,71,291
E00011090,344,94,250
E00011091,278,47,231
E00011092,371,74,297
E00011093,423,101,322
E00011094,339,70,269
E00011095,344,78,266
E00011096,386,93,293
E00011097,377,96,281
E00011098,405,86,319
E00011099,361,82,279
E00011100,374,105,269
E00011101,366,100,266
E00011102,303,71,232
E00011103,507,155,352
E00011104,375,98,277
E00011105,333,70,263
E00011106,390,80,310
E00011107,336,68,268
E00011108,364,106,258
E00011109,410,119,291
E00011110,332,63,269
E00011111,400,99,301
E00011112,322,72,250
E00011113,400,112,288
E00011114,319,57,262
E00011115,379,79,300
E00011116,307,54,253
E00011117,324,52,272
E00011118,300,71,229
E00011119,312,61,251
E00011121,292,62,230
E00011122,199,36,163
E00011123,377,64,313
E00011124,285,41,244
E00011125,377,75,302
E00011126,573,64,509
E00011127,375,62,313
E00011128,243,37,206
E00011129,296,45,251
E00011130,379,76,303
E00011131,325,68,257
E00011132,266,37,229
E00011133,351,52,299
E00011134,353,89,264
E00011136,245,55,190
E00011137,419,115,304
E00011139,312,44,268
E00011140,299,69,230
E00011141,324,60,264
E00011142,298,80,218
E00011144,420,111,309
E00011145,403,101,302
E00011146,322,72,250
E00011147,369,94,275
E00011148,403,93,310
E00011149,400,75,325
E00011150,489,137,352
E00011151,348,67,281
E00011152,418,143,275
E00011153,422,105,317
E00011154,398,105,293
E00011155,437,108,329
E00011156,399,91,308
E00011157,343,83,260
E00011158,375,106,269
E00011159,469,120,349
E00011161,417,116,301
E00011163,433,120,313
E00011164,344,82,262
E00011165,556,130,426
E00011166,266,58,208
E00011167,403,100,303
E00011168,402,95,307
E00011169,485,119,366
E00011170,370,135,235
E00011171,392,87,305
E00011172,342,60,282
E00011174,301,64,237
E00011175,379,79,300
E00011176,367,80,287
E00011177,304,57,247
E00011178,287,44,243
E00011179,362,85,277
E00011180,339,86,253
E00011181,353,84,269
E00011182,388,93,295
E00011183,283,50,233
E00011184,301,71,230
E00011186,318,58,260
E00011187,320,49,271
E00011188,363,92,271
E00011189,317,62,255
E00011190,467,119,348
E00011191,346,75,271
E00011192,337,71,266
E00011193,374,83,291
E00011194,356,75,281
E00011197,388,77,311
E00011198,317,79,238
E00011199,367,88,279
E00011200,404,92,312
E00011201,342,72,270
E00011202,391,107,284
E00011203,310,78,232
E00011204,310,67,243
E00011205,361,85,276
E00011206,508,128,380
E00011207,385,77,308
E00011208,330,66,264
E00011209,475,134,341
E00011210,331,104,227
E00011211,296,84,212
E00011212,315,83,232
E00011213,390,55,335
E00011214,324,83,241
E00011215,451,115,336
E00011216,335,110,225
E00011217,284,51,233
E00011218,262,49,213
E00011219,497,89,408
E00011220,289,50,239
E00011221,336,69,267
E00011222,328,55,273
E00011223,381,66,315
E00011224,271,62,209
E00011225,290,79,211
E00011226,280,51,229
E00011228,148,8,140
E00011229,333,43,290
E00011230,542,126,416
E00011231,314,53,261
E00011232,537,133,404
E00011233,341,79,262
E00011234,316,70,246
E00011235,473,159,314
E00011237,378,104,274
E00011238,321,59,262
E00011239,215,64,151
E00011240,374,64,310
E00011241,390,67,323
E00011242,342,66,276
E00011243,403,90,313
E00011244,335,69,266
E00011245,299,46,253
E00011246,370,87,283
E00011247,297,37,260
E00011248,314,58,256
E00011249,260,49,211
E00011250,349,78,271
E00011251,295,47,248
E00011252,325,68,257
E00011253,404,93,311
E00011254,410,98,312
E00011255,325,79,246
E00011256,293,68,225
E00011257,301,65,236
E00011258,261,47,214
E00011259,302,56,246
E00011260,163,4,159
E00011261,333,72,261
E00011262,327,51,276
E00011263,312,45,267
E00011264,288,50,238
E00011265,282,40,242
E00011266,270,46,224
E00011267,288,39,249
E00011268,287,43,244
E00011269,396,79,317
E00011270,326,74,252
E00011271,340,88,252
E00011272,251,36,215
E00011273,310,51,259
E00011274,297,61,236
E00011275,238,48,190
E00011276,277,65,212
E00011277,313,52,261
E00011278,258,55,203
E00011279,210,57,153
E00011280,269,45,224
E00011281,267,28,239
E00011282,304,70,234
E00011283,261,47,214
E00011284,332,65,267
E00011285,297,45,252
E00011286,307,56,251
E00011287,407,85,322
E00011288,328,71,257
E00011289,239,30,209
E00011290,347,70,277
E00011291,334,72,262
E00011292,258,55,203
E00011293,313,71,242
E00011294,335,47,288
E00011295,263,47,216
E00011296,361,71,290
E00011297,371,93,278
E00011299,314,66,248
E00011300,395,98,297
E00011301,312,43,269
E00011302,327,50,277
E00011303,351,83,268
E00011304,348,55,293
E00011305,338,90,248
E00011306,303,63,240
E00011307,283,50,233
E00011308,295,55,240
E00011309,316,91,225
E00011310,171,21,150
E00011311,306,41,265
E00011312,251,35,216
E00011313,279,71,208
E00011314,311,63,248
E00011315,257,44,213
E00011316,339,81,258
E00011317,281,30,251
E00011318,328,71,257
E00011319,313,65,248
E00011320,112,19,93
E00011321,251,35,216
E00011322,296,50,246
E00011323,219,24,195
E00011324,334,55,279
E00011325,520,85,435
E00011326,356,42,314
E00011327,273,39,234
E00011328,261,35,226
E00011329,295,46,249
E00011330,321,51,270
E00011331,394,71,323
E00011332,230,33,197
E00011333,450,82,368
E00011334,335,60,275
E00011335,282,51,231
E00011336,336,55,281
E00011337,351,53,298
E00011338,314,54,260
E00011339,324,51,273
E00011340,309,53,256
E00011341,344,58,286
E00011342,294,25,269
E00011343,370,91,279
E00011344,359,75,284
E00011345,383,91,292
E00011346,302,53,249
E00011347,416,75,341
E00011348,359,60,299
E00011349,267,40,227
E00011350,335,76,259
E00011351,295,48,247
E00011352,377,94,283
E00011353,333,60,273
E00011354,359,71,288
E00011355,394,78,316
E00011356,328,65,263
E00011357,371,65,306
E00011358,291,38,253
E00011359,325,54,271
E00011360,436,92,344
E00011361,354,97,257
E00011362,307,56,251
E00011363,454,137,317
E00011364,275,61,214
E00011365,309,64,245
E00011366,136,23,113
E00011367,328,69,259
E00011368,371,73,298
E00011369,489,125,364
E00011370,404,107,297
E00011371,357,63,294
E00011372,299,77,222
E00011373,361,87,274
E00011374,266,50,216
E00011375,330,64,266
E00011376,357,95,262
E00011377,310,70,240
E00011378,271,87,184
E00011379,356,114,242
E00011380,240,87,153
E00011381,325,89,236
E00011382,275,102,173
E00011384,366,85,281
E00011385,312,72,240
E00011386,226,75,151
E00011387,197,37,160
E00011388,219,54,165
E00011389,333,67,266
E00011390,329,79,250
E00011391,348,66,282
E00011392,282,143,139
E00011393,277,77,200
E00011394,392,119,273
E00011395,183,17,166
E00011396,253,81,172
E00011397,256,45,211
E00011398,362,118,244
E00011399,219,50,169
E00011400,274,106,168
E00011401,404,103,301
E00011402,435,109,326
E00011403,217,32,185
E00011404,310,85,225
E00011405,341,88,253
E00011406,355,92,263
E00011407,224,54,170
E00011408,286,75,211
E00011409,328,75,253
E00011410,296,73,223
E00011411,272,44,228
E00011412,359,66,293
E00011413,352,71,281
E00011414,317,51,266
E00011415,232,26,206
E00011416,276,39,237
E00011417,310,47,263
E00011418,287,23,264
E00011419,320,59,261
E00011420,283,28,255
E00011421,320,73,247
E00011422,224,24,200
E00011423,278,48,230
E00011424,284,36,248
E00011425,314,55,259
E00011426,238,24,214
E00011427,312,53,259
E00011428,261,32,229
E00011429,305,68,237
E00011430,313,44,269
E00011431,157,8,149
E00011432,230,21,209
E00011433,396,93,303
E00011434,312,57,255
E00011435,373,63,310
E00011436,308,57,251
E00011437,299,35,264
E00011438,305,51,254
E00011439,288,32,256
E00011440,293,52,241
E00011441,339,48,291
E00011442,269,48,221
E00011443,378,75,303
E00011444,399,65,334
E00011445,293,37,256
E00011446,354,62,292
E00011447,258,33,225
E00011448,410,67,343
E00011449,354,65,289
E00011450,494,51,443
E00011451,334,68,266
E00011452,237,20,217
E00011453,383,70,313
E00011454,222,32,190
E00011455,249,36,213
E00011456,278,57,221
E00011458,293,53,240
E00011459,303,55,248
E00011460,266,52,214
E00011461,283,39,244
E00011462,281,59,222
E00011463,285,36,249
E00011464,304,49,255
E00011465,245,54,191
E00011466,273,53,220
E00011467,298,53,245
E00011468,308,83,225
E00011469,328,87,241
E00011470,231,48,183
E00011471,291,75,216
E00011472,280,51,229
E00011473,464,97,367
E00011474,351,67,284
E00011475,298,69,229
E00011476,225,34,191
E00011477,507,121,386
E00011478,305,76,229
E00011479,214,26,188
E00011480,260,54,206
E00011481,319,59,260
E00011482,312,56,256
E00011483,270,30,240
E00011484,220,36,184
E00011485,253,30,223
E00011486,358,67,291
E00011487,305,50,255
E00011488,222,29,193
E00011490,225,29,196
E00011492,313,50,263
E00011493,340,86,254
E00011494,323,92,231
E00011495,366,55,311
E00011496,318,74,244
E00011497,400,68,332
E00011498,324,76,248
E00011499,332,63,269
E00011500,354,83,271
E00011501,384,103,281
E00011502,354,77,277
E00011503,291,61,230
E00011504,355,79,276
E00011505,348,81,267
E00011506,318,76,242
E00011507,310,77,233
E00011508,498,87,411
E00011509,354,78,276
E00011510,269,47,222
E00011511,393,49,344
E00011512,227,55,172
E00011513,306,78,228
E00011515,360,91,269
E00011516,344,48,296
E00011517,313,63,250
E00011518,321,63,258
E00011519,320,49,271
E00011520,256,47,209
E00011521,342,101,241
E00011522,252,46,206
E00011523,313,57,256
E00011524,257,50,207
E00011525,289,70,219
E00011526,433,96,337
E00011527,296,36,260
E00011528,314,64,250
E00011529,382,91,291
E00011530,401,104,297
E00011531,316,58,258
E00011532,253,37,216
E00011533,383,111,272
E00011534,400,171,229
E00011535,317,93,224
E00011536,269,43,226
E00011537,407,69,338
E00011538,359,88,271
E00011539,347,100,247
E00011540,274,46,228
E00011541,316,114,202
E00011542,389,93,296
E00011543,344,56,288
E00011544,329,87,242
E00011545,378,103,275
E00011546,355,79,276
E00011547,398,114,284
E00011548,320,77,243
E00011549,315,52,263
E00011550,182,12,170
E00011551,259,22,237
E00011552,368,82,286
E00011553,407,108,299
E00011554,349,97,252
E00011555,363,78,285
E00011556,213,29,184
E00011558,364,95,269
E00011559,298,54,244
E00011560,330,78,252
E00011561,386,103,283
E00011562,327,102,225
E00011563,386,115,271
E00011564,275,43,232
E00011565,393,148,245
E00011566,331,110,221
E00011567,317,74,243
E00011568,312,67,245
E00011569,294,77,217
E00011570,322,78,244
E00011571,308,67,241
E00011572,303,72,231
E00011573,365,47,318
E00011574,173,12,161
E00011575,378,72,306
E00011576,350,70,280
E00011577,360,59,301
E00011578,321,54,267
E00011579,397,81,316
E00011580,338,117,221
E00011581,298,36,262
E00011582,353,64,289
E00011583,353,62,291
E00011584,347,67,280
E00011585,332,66,266
E00011586,382,91,291
E00011587,320,59,261
E00011588,332,64,268
E00011589,340,59,281
E00011590,336,75,261
E00011591,291,58,233
E00011592,300,51,249
E00011593,324,63,261
E00011594,335,52,283
E00011595,328,55,273
E00011596,340,64,276
E00011597,273,61,212
E00011598,293,51,242
E00011599,316,57,259
E00011601,349,72,277
E00011602,297,29,268
E00011603,427,71,356
E00011604,267,50,217
E00011605,342,71,271
E00011606,379,78,301
E00011607,317,52,265
E00011608,270,47,223
E00011609,402,65,337
E00011610,352,70,282
E00011611,286,65,221
E00011612,282,33,249
E00011613,317,65,252
E00011614,282,54,228
E00011615,266,66,200
E00011616,296,61,235
E00011617,352,70,282
E00011618,313,41,272
E00011619,351,79,272
E00011620,318,58,260
E00011621,312,69,243
E00011622,314,85,229
E00011623,315,58,257
E00011624,407,93,314
E00011625,357,85,272
E00011626,297,54,243
E00011627,322,68,254
E00011628,306,69,237
E00011629,311,54,257
E00011630,328,60,268
E00011631,302,58,244
E00011632,372,93,279
E00011633,267,59,208
E00011634,327,96,231
E00011635,313,57,256
E00011636,345,72,273
E00011637,281,46,235
E00011638,286,56,230
E00011639,369,79,290
E00011640,379,103,276
E00011641,365,70,295
E00011642,293,51,242
E00011643,286,58,228
E00011644,309,72,237
E00011645,331,74,257
E00011646,483,117,366
E00011647,353,63,290
E00011648,378,92,286
E00011649,348,82,266
E00011650,257,54,203
E00011651,302,61,241
E00011652,263,43,220
E00011653,285,37,248
E00011654,297,50,247
E00011655,347,61,286
E00011656,344,64,280
E00011657,335,55,280
E00011658,321,62,259
E00011659,313,35,278
E00011660,319,68,251
E00011661,190,29,161
E00011662,299,76,223
E00011663,381,70,311
E00011664,206,12,194
E00011665,309,66,243
E00011666,334,57,277
E00011667,332,77,255
E00011668,417,70,347
E00011669,323,44,279
E00011670,302,53,249
E00011671,292,58,234
E00011672,283,65,218
E00011673,345,62,283
E00011674,321,59,262
E00011675,310,56,254
E00011676,359,89,270
E00011677,373,86,287
E00011678,332,56,276
E00011679,344,70,274
E00011680,299,49,250
E00011681,392,80,312
E00011682,421,71,350
E00011683,362,75,287
E00011684,333,58,275
E00011685,312,57,255
E00011686,278,42,236
E00011687,292,29,263
E00011688,306,61,245
E00011689,363,46,317
E00011690,278,48,230
E00011691,305,73,232
E00011692,390,99,291
E00011693,304,82,222
E00011694,360,61,299
E00011695,267,45,222
E00011696,282,46,236
E00011697,285,39,246
E00011698,274,39,235
E00011699,278,41,237
E00011700,304,43,261
E00011701,328,54,274
E00011702,288,40,248
E00011703,311,53,258
E00011704,304,48,256
E00011705,285,57,228
E00011706,316,46,270
E00011707,407,68,339
E00011708,348,62,286
E00011709,230,63,167
E00011710,338,62,276
E00011711,287,45,242
E00011712,519,136,383
E00011713,412,87,325
E00011714,314,75,239
E00011715,311,79,232
E00011716,333,76,257
E00011717,368,108,260
E00011718,339,62,277
E00011719,326,70,256
E00011720,391,81,310
E00011721,321,69,252
E00011722,319,77,242
E00011723,333,67,266
E00011724,375,94,281
E00011725,306,65,241
E00011726,412,81,331
E00011727,395,91,304
E00011728,450,109,341
E00011729,318,63,255
E00011730,398,76,322
E00011731,365,74,291
E00011732,296,45,251
E00011733,187,20,167
E00011734,339,51,288
E00011735,267,41,226
E00011736,440,87,353
E00011737,148,16,132
E00011739,282,47,235
E00011740,337,59,278
E00011741,273,46,227
E00011743,373,78,295
E00011744,297,66,231
E00011745,328,54,274
E00011746,322,76,246
E00011747,258,51,207
E00011748,247,36,211
E00011749,279,32,247
E00011750,221,31,190
E00011751,281,58,223
E00011753,413,79,334
E00011754,293,68,225
E00011755,262,49,213
E00011756,246,50,196
E00011757,453,113,340
E00011758,406,77,329
E00011759,296,54,242
E00011761,397,81,316
E00011762,431,89,342
E00011764,284,26,258
E00011765,382,85,297
E00011766,492,130,362
E00011767,273,49,224
E00011768,310,55,255
E00011769,269,66,203
E00011770,288,47,241
E00011771,257,47,210
E00011772,300,56,244
E00011773,337,69,268
E00011774,296,60,236
E00011775,331,68,263
E00011776,357,67,290
E00011777,323,67,256
E00011778,275,42,233
E00011779,234,24,210
E00011780,354,74,280
E00011781,336,65,271
E00011782,355,83,272
E00011783,321,53,268
E00011784,294,56,238
E00011785,341,84,257
E00011786,270,41,229
E00011787,458,70,388
E00011788,308,57,251
E00011789,335,55,280
E00011790,301,41,260
E00011791,205,25,180
E00011792,376,66,310
E00011793,343,56,287
E00011794,305,56,249
E00011795,216,33,183
E00011796,246,34,212
E00011797,280,47,233
E00011798,233,35,198
E00011799,250,27,223
E00011800,254,61,193
E00011801,237,40,197
E00011802,237,30,207
E00011803,219,21,198
E00011804,285,46,239
E00011805,427,71,356
E00011806,304,41,263
E00011807,354,48,306
E00011808,323,54,269
E00011809,264,49,215
E00011810,323,62,261
E00011811,329,45,284
E00011812,323,59,264
E00011813,285,26,259
E00011814,326,56,270
E00011815,363,47,316
E00011816,281,41,240
E00011817,194,52,142
E00011818,403,57,346
E00011819,316,46,270
E00011820,302,51,251
E00011822,290,57,233
E00011823,284,57,227
E00011824,310,60,250
E00011825,312,59,253
E00011826,315,60,255
E00011827,382,94,288
E00011828,318,64,254
E00011829,177,39,138
E00011830,385,83,302
E00011831,336,62,274
E00011832,319,80,239
E00011833,377,101,276
E00011834,351,87,264
E00011835,337,54,283
E00011836,325,78,247
E00011837,403,115,288
E00011838,382,82,300
E00011839,373,100,273
E00011840,336,105,231
E00011841,316,66,250
E00011842,303,67,236
E00011843,338,76,262
E00011844,393,89,304
E00011845,319,78,241
E00011846,369,102,267
E00011847,403,90,313
E00011848,342,69,273
E00011849,492,112,380
E00011850,184,48,136
E00011851,297,50,247
E00011853,386,78,308
E00011854,306,57,249
E00011855,329,62,267
E00011856,310,72,238
E00011857,348,82,266
E00011858,319,72,247
E00011859,331,69,262
E00011860,467,129,338
E00011861,116,28,88
E00011862,303,81,222
E00011863,333,47,286
E00011864,317,49,268
E00011865,376,58,318
E00011866,338,65,273
E00011867,317,48,269
E00011868,289,56,233
E00011869,291,57,234
E00011870,314,47,267
E00011871,278,41,237
E00011873,350,69,281
E00011874,237,60,177
E00011875,334,67,267
E00011876,295,51,244
E00011878,305,60,245
E00011879,370,70,300
E00011880,313,48,265
E00011881,291,48,243
E00011882,297,46,251
E00011883,272,54,218
E00011884,191,38,153
E00011885,297,54,243
E00011886,328,67,261
E00011887,308,73,235
E00011888,325,40,285
E00011889,518,90,428
E00011890,258,41,217
E00011891,315,57,258
E00011892,308,56,252
E00011893,361,84,277
E00011894,307,54,253
E00011895,369,69,300
E00011896,328,61,267
E00011897,292,48,244
E00011898,273,51,222
E00011899,366,65,301
E00011900,363,65,298
E00011901,294,48,246
E00011902,342,71,271
E00011903,353,63,290
E00011904,312,36,276
E00011905,355,58,297
E00011906,325,42,283
E00011907,272,43,229
E00011908,285,62,223
E00011909,282,46,236
E00011910,363,72,291
E00011911,433,65,368
E00011912,296,62,234
E00011913,329,60,269
E00011914,412,84,328
E00011915,263,49,214
E00011916,304,33,271
E00011917,313,54,259
E00011918,345,63,282
E00011919,324,78,246
E00011920,361,74,287
E00011921,356,74,282
E00011922,339,65,274
E00011923,305,54,251
E00011924,262,37,225
E00011925,293,36,257
E00011926,299,42,257
E00011927,381,82,299
E00011928,265,29,236
E00011929,293,48,245
E00011930,247,26,221
E00011931,343,80,263
E00011932,311,58,253
E00011933,298,65,233
E00011934,258,46,212
E00011935,314,50,264
E00011936,370,70,300
E00011937,317,54,263
E00011938,296,65,231
E00011939,321,51,270
E00011940,345,82,263
E00011941,440,110,330
E00011942,511,162,349
E00011943,462,114,348
E00011944,473,144,329
E00011945,472,155,317
E00011946,384,117,267
E00011947,354,63,291
E00011948,442,121,321
E00011949,415,102,313
E00011950,451,143,308
E00011951,443,117,326
E00011952,380,92,288
E00011953,403,103,300
E00011954,453,117,336
E00011955,393,98,295
E00011956,446,109,337
E00011957,465,82,383
E00011958,398,74,324
E00011959,458,145,313
E00011960,353,86,267
E00011961,347,90,257
E00011962,406,141,265
E00011963,299,83,216
E00011964,394,84,310
E00011965,390,112,278
E00011966,309,93,216
E00011967,395,96,299
E00011968,474,122,352
E00011969,317,75,242
E00011970,412,95,317
E00011971,436,122,314
E00011972,278,82,196
E00011973,388,113,275
E00011974,467,147,320
E00011975,425,132,293
E00011977,409,114,295
E00011978,506,143,363
E00011979,339,92,247
E00011980,496,117,379
E00011982,413,92,321
E00011984,466,85,381
E00011986,346,69,277
E00011987,345,93,252
E00011988,256,44,212
E00011989,379,84,295
E00011990,365,84,281
E00011991,423,116,307
E00011992,390,83,307
E00011993,517,120,397
E00011994,407,125,282
E00011995,447,136,311
E00011996,470,146,324
E00011997,402,114,288
E00011998,390,106,284
E00011999,334,80,254
E00012000,283,96,187
E00012001,350,106,244
E00012003,469,142,327
E00012004,316,77,239
E00012005,410,122,288
E00012006,430,114,316
E00012007,278,54,224
E00012008,428,110,318
E00012009,370,84,286
E00012010,410,106,304
E00012011,394,89,305
E00012012,314,67,247
E00012013,247,40,207
E00012015,284,70,214
E00012016,413,100,313
E00012017,364,76,288
E00012018,513,169,344
E00012019,407,90,317
E00012020,296,52,244
E00012021,362,86,276
E00012023,595,230,365
E00012024,393,110,283
E00012025,253,57,196
E00012026,356,76,280
E00012027,331,64,267
E00012028,320,82,238
E00012029,407,112,295
E00012030,318,94,224
E00012031,268,52,216
E00012032,332,99,233
E00012033,324,101,223
E00012034,431,90,341
E00012035,314,88,226
E00012036,362,125,237
E00012037,317,72,245
E00012038,328,91,237
E00012039,319,83,236
E00012040,267,62,205
E00012041,278,71,207
E00012042,330,83,247
E00012043,219,35,184
E00012044,295,42,253
E00012045,316,66,250
E00012046,365,81,284
E00012047,309,42,267
E00012048,316,57,259
E00012049,268,52,216
E00012050,368,68,300
E00012051,311,55,256
E00012052,295,67,228
E00012053,334,73,261
E00012054,308,71,237
E00012055,282,50,232
E00012056,310,84,226
E00012057,316,65,251
E00012058,318,62,256
E00012059,348,67,281
E00012060,342,59,283
E00012061,331,74,257
E00012062,342,78,264
E00012063,465,65,400
E00012064,314,69,245
E00012065,322,62,260
E00012066,337,55,282
E00012067,321,57,264
E00012068,305,70,235
E00012069,346,71,275
E00012070,247,40,207
E00012071,319,52,267
E00012072,345,83,262
E00012073,330,59,271
E00012074,263,58,205
E00012075,378,77,301
E00012076,346,62,284
E00012077,262,42,220
E00012078,341,63,278
E00012079,402,73,329
E00012080,402,107,295
E00012081,358,99,259
E00012082,341,100,241
E00012083,339,89,250
E00012084,521,110,411
E00012085,408,87,321
E00012086,347,77,270
E00012087,431,109,322
E00012088,392,90,302
E00012089,351,105,246
E00012090,296,52,244
E00012091,383,91,292
E00012092,439,101,338
E00012093,381,93,288
E00012094,348,105,243
E00012095,348,74,274
E00012096,353,77,276
E00012097,384,95,289
E00012098,389,126,263
E00012099,418,76,342
E00012100,379,114,265
E00012101,292,66,226
E00012102,328,76,252
E00012103,218,45,173
E00012104,371,118,253
E00012105,368,86,282
E00012106,481,145,336
E00012107,405,85,320
E00012108,392,87,305
E00012109,381,83,298
E00012110,328,90,238
E00012111,386,105,281
E00012112,279,67,212
E00012114,312,62,250
E00012115,292,54,238
E00012116,308,73,235
E00012117,319,46,273
E00012118,321,53,268
E00012119,327,52,275
E00012120,247,44,203
E00012121,340,50,290
E00012122,294,61,233
E00012123,350,67,283
E00012124,315,60,255
E00012126,344,79,265
E00012127,271,49,222
E00012128,363,82,281
E00012129,362,68,294
E00012130,331,76,255
E00012131,428,84,344
E00012132,295,52,243
E00012133,286,57,229
E00012134,315,63,252
E00012135,260,31,229
E00012136,269,35,234
E00012137,210,21,189
E00012138,292,45,247
E00012139,355,83,272
E00012140,347,75,272
E00012141,268,32,236
E00012142,312,53,259
E00012143,318,71,247
E00012144,335,71,264
E00012145,397,80,317
E00012146,344,94,250
E00012147,344,49,295
E00012148,190,18,172
E00012149,318,80,238
E00012150,286,45,241
E00012151,449,79,370
E00012152,464,69,395
E00012153,284,62,222
E00012154,282,47,235
E00012155,158,25,133
E00012156,388,68,320
E00012157,189,33,156
E00012158,237,38,199
E00012159,226,27,199
E00012160,309,59,250
E00012161,254,43,211
E00012162,301,64,237
E00012163,312,52,260
E00012164,338,69,269
E00012165,280,50,230
E00012166,264,35,229
E00012167,350,58,292
E00012168,208,22,186
E00012169,293,76,217
E00012170,274,41,233
E00012171,344,78,266
E00012172,287,61,226
E00012173,291,43,248
E00012174,316,91,225
E00012175,323,70,253
E00012176,206,46,160
E00012177,444,77,367
E00012178,310,73,237
E00012179,269,31,238
E00012180,329,94,235
E00012181,428,111,317
E00012182,381,79,302
E00012183,406,100,306
E00012184,342,59,283
E00012185,332,75,257
E00012186,425,88,337
E00012187,439,114,325
E00012188,508,91,417
E00012189,346,73,273
E00012190,354,70,284
E00012191,428,95,333
E00012192,418,106,312
E00012194,360,68,292
E00012195,333,57,276
E00012196,436,96,340
E00012197,436,107,329
E00012198,337,73,264
E00012199,369,63,306
E00012200,387,74,313
E00012201,406,104,302
E00012202,341,51,290
E00012203,394,88,306
E00012204,275,73,202
E00012205,309,64,245
E00012206,380,73,307
E00012207,397,138,259
E00012208,265,102,163
E00012209,357,100,257
E00012210,406,89,317
E00012211,378,101,277
E00012212,340,90,250
E00012213,386,95,291
E00012214,339,97,242
E00012215,304,66,238
E00012216,318,67,251
E00012217,385,103,282
E00012218,350,74,276
E00012219,278,48,230
E00012220,329,93,236
E00012221,330,69,261
E00012222,319,81,238
E00012223,414,103,311
E00012224,310,76,234
E00012225,333,52,281
E00012226,330,81,249
E00012227,332,65,267
E00012228,414,103,311
E00012229,316,84,232
E00012230,337,68,269
E00012231,398,107,291
E00012232,423,105,318
E00012233,349,73,276
E00012234,336,64,272
E00012235,399,91,308
E00012236,330,69,261
E00012237,367,95,272
E00012238,307,68,239
E00012239,378,87,291
E00012240,343,65,278
E00012241,277,61,216
E00012242,378,89,289
E00012243,374,94,280
E00012244,388,85,303
E00012245,323,75,248
E00012246,339,59,280
E00012247,326,63,263
E00012248,301,68,233
E00012249,301,50,251
E00012250,336,65,271
E00012251,359,84,275
E00012252,357,54,303
E00012253,355,55,300
E00012254,207,21,186
E00012255,359,62,297
E00012256,267,33,234
E00012257,333,59,274
E00012258,314,52,262
E00012259,355,93,262
E00012260,246,41,205
E00012261,406,68,338
E00012262,304,68,236
E00012263,382,90,292
E00012264,302,56,246
E00012265,318,49,269
E00012266,313,66,247
E00012267,388,72,316
E00012268,289,59,230
E00012269,291,58,233
E00012270,351,55,296
E00012271,312,71,241
E00012272,286,58,228
E00012273,343,58,285
E00012274,367,83,284
E00012275,370,72,298
E00012276,274,44,230
E00012277,340,72,268
E00012278,292,40,252
E00012279,294,63,231
E00012280,375,59,316
E00012281,316,72,244
E00012282,444,82,362
E00012283,287,53,234
E00012284,315,55,260
E00012285,287,41,246
E00012286,285,36,249
E00012287,229,39,190
E00012288,337,73,264
E00012289,307,55,252
E00012290,304,49,255
E00012291,298,60,238
E00012292,329,56,273
E00012293,275,46,229
E00012294,304,58,246
E00012295,284,33,251
E00012296,290,45,245
E00012297,314,87,227
E00012298,354,57,297
E00012299,347,79,268
E00012300,398,74,324
E00012301,294,53,241
E00012302,352,68,284
E00012303,342,78,264
E00012304,344,79,265
E00012305,264,41,223
E00012306,320,57,263
E00012307,270,57,213
E00012308,364,84,280
E00012309,311,58,253
E00012310,350,68,282
E00012311,271,37,234
E00012312,378,73,305
E00012313,283,62,221
E00012314,355,63,292
E00012315,401,64,337
E00012316,333,52,281
E00012317,340,55,285
E00012318,222,33,189
E00012319,275,54,221
E00012320,307,70,237
E00012321,222,25,197
E00012322,266,46,220
E00012323,246,45,201
E00012324,377,68,309
E00012325,260,68,192
E00012326,317,69,248
E00012327,306,50,256
E00012328,194,27,167
E00012329,361,66,295
E00012330,241,37,204
E00012331,258,54,204
E00012332,376,64,312
E00012333,339,73,266
E00012334,368,91,277
E00012335,295,53,242
E00012336,280,34,246
E00012337,226,43,183
E00012338,311,65,246
E00012339,282,47,235
E00012340,329,62,267
E00012341,316,77,239
E00012342,338,63,275
E00012343,275,54,221
E00012344,146,21,125
E00012345,285,43,242
E00012346,367,79,288
E00012347,394,96,298
E00012348,313,62,251
E00012349,285,61,224
E00012350,436,70,366
E00012351,304,46,258
E00012352,253,52,201
E00012353,331,65,266
E00012354,312,59,253
E00012355,324,77,247
E00012356,311,63,248
E00012357,269,73,196
E00012358,275,42,233
E00012359,294,69,225
E00012360,308,53,255
E00012361,287,55,232
E00012362,341,71,270
E00012363,373,69,304
E00012364,319,79,240
E00012365,278,54,224
E00012366,319,75,244
E00012367,276,53,223
E00012368,257,57,200
E00012369,191,28,163
E00012370,294,54,240
E00012371,375,88,287
E00012372,233,47,186
E00012373,296,56,240
E00012374,384,75,309
E00012375,435,102,333
E00012376,308,65,243
E00012377,333,71,262
E00012378,289,75,214
E00012379,339,54,285
E00012380,309,53,256
E00012381,336,60,276
E00012382,361,89,272
E00012383,366,87,279
E00012384,368,134,234
E00012385,387,147,240
E00012386,452,87,365
E00012387,402,128,274
E00012388,544,151,393
E00012389,418,124,294
E00012390,347,74,273
E00012391,413,117,296
E00012392,167,14,153
E00012393,427,105,322
E00012394,378,95,283
E00012395,377,93,284
E00012396,394,95,299
E00012397,443,137,306
E00012398,369,77,292
E00012399,369,97,272
E00012400,468,129,339
E00012401,463,141,322
E00012402,460,118,342
E00012403,406,99,307
E00012404,429,101,328
E00012405,412,78,334
E00012406,450,112,338
E00012407,328,92,236
E00012408,429,86,343
E00012409,446,120,326
E00012410,409,98,311
E00012411,505,147,358
E00012412,338,93,245
E00012413,370,72,298
E00012414,370,109,261
E00012415,388,89,299
E00012416,371,98,273
E00012417,389,106,283
E00012418,396,105,291
E00012419,369,121,248
E00012420,284,59,225
E00012421,326,50,276
E00012422,269,39,230
E00012423,333,85,248
E00012424,276,48,228
E00012425,304,54,250
E00012426,289,48,241
E00012427,273,62,211
E00012428,410,75,335
E00012431,390,81,309
E00012432,350,81,269
E00012433,318,69,249
E00012434,218,42,176
E00012435,331,60,271
E00012436,431,99,332
E00012437,368,48,320
E00012438,354,67,287
E00012439,294,54,240
E00012441,241,40,201
E00012443,411,105,306
E00012444,307,75,232
E00012445,378,89,289
E00012446,329,70,259
E00012447,303,62,241
E00012448,370,84,286
E00012449,402,108,294
E00012450,342,48,294
E00012451,358,79,279
E00012452,324,69,255
E00012453,392,77,315
E00012454,351,78,273
E00012455,402,71,331
E00012456,458,144,314
E00012457,462,106,356
E00012458,452,145,307
E00012459,479,144,335
E00012460,384,97,287
E00012461,340,90,250
E00012462,421,86,335
E00012463,413,126,287
E00012465,370,90,280
E00012466,470,136,334
E00012467,324,80,244
E00012468,356,98,258
E00012469,312,97,215
E00012470,423,99,324
E00012471,356,67,289
E00012472,341,86,255
E00012474,423,104,319
E00012475,544,164,380
E00012476,363,91,272
E00012477,468,126,342
E00012478,372,93,279
E00012479,267,67,200
E00012480,564,122,442
E00012481,514,101,413
E00012482,463,160,303
E00012483,404,119,285
E00012485,439,153,286
E00012486,245,42,203
E00012487,548,218,330
E00012488,424,79,345
E00012489,261,44,217
E00012490,450,163,287
E00012491,280,50,230
E00012492,364,75,289
E00012494,334,71,263
E00012495,329,73,256
E00012496,358,60,298
E00012497,353,99,254
E00012498,368,68,300
E00012499,316,65,251
E00012501,313,82,231
E00012502,307,54,253
E00012503,258,44,214
E00012504,359,49,310
E00012505,434,85,349
E00012506,280,34,246
E00012507,273,40,233
E00012508,336,60,276
E00012509,309,54,255
E00012511,369,58,311
E00012513,225,23,202
E00012514,288,59,229
E00012515,330,62,268
E00012516,409,94,315
E00012517,337,65,272
E00012518,363,52,311
E00012519,408,93,315
E00012520,376,94,282
E00012521,367,49,318
E00012524,364,84,280
E00012525,363,72,291
E00012526,312,74,238
E00012527,413,106,307
E00012528,375,108,267
E00012529,402,110,292
E00012530,218,30,188
E00012531,435,277,158
E00012532,411,172,239
E00012533,377,130,247
E00012534,307,54,253
E00012535,239,47,192
E00012537,363,95,268
E00012538,306,64,242
E00012539,200,36,164
E00012540,269,24,245
E00012542,333,75,258
E00012543,293,47,246
E00012544,285,68,217
E00012545,246,60,186
E00012546,202,28,174
E00012547,376,77,299
E00012548,252,65,187
E00012549,382,95,287
E00012550,472,102,370
E00012551,224,50,174
E00012552,307,79,228
E00012553,291,76,215
E00012554,404,94,310
E00012555,378,108,270
E00012556,285,75,210
E00012557,298,82,216
E00012558,238,48,190
E00012559,317,89,228
E00012560,363,73,290
E00012561,254,66,188
E00012562,308,51,257
E00012563,319,83,236
E00012564,1525,1413,112
E00012565,623,502,121
E00012566,333,91,242
E00012567,398,88,310
E00012568,237,41,196
E00012569,366,72,294
E00012570,334,77,257
E00012571,403,75,328
E00012572,395,107,288
E00012573,459,105,354
E00012574,414,81,333
E00012575,442,106,336
E00012576,340,78,262
E00012577,340,98,242
E00012578,340,76,264
E00012579,287,64,223
E00012580,347,105,242
E00012581,141,13,128
E00012582,287,42,245
E00012583,349,58,291
E00012584,357,58,299
E00012585,264,63,201
E00012587,298,39,259
E00012590,457,132,325
E00012591,332,74,258
E00012592,319,79,240
E00012593,314,81,233
E00012594,330,75,255
E00012595,351,77,274
E00012596,292,56,236
E00012597,333,70,263
E00012599,352,45,307
E00012600,277,53,224
E00012601,498,139,359
E00012602,397,91,306
E00012603,473,124,349
E00012604,278,57,221
E00012605,466,66,400
E00012606,483,117,366
E00012607,310,41,269
E00012608,280,59,221
E00012609,228,28,200
E00012610,244,46,198
E00012611,314,54,260
E00012613,222,44,178
E00012614,289,62,227
E00012615,260,45,215
E00012617,225,44,181
E00012618,379,63,316
E00012619,233,34,199
E00012621,223,23,200
E00012622,228,39,189
E00012623,304,43,261
E00012624,302,49,253
E00012625,333,57,276
E00012626,303,47,256
E00012627,261,58,203
E00012628,221,34,187
E00012629,314,64,250
E00012630,334,79,255
E00012631,356,63,293
E00012632,325,68,257
E00012633,264,49,215
E00012634,249,46,203
E00012635,323,63,260
E00012636,314,50,264
E00012637,316,46,270
E00012638,394,69,325
E00012639,387,95,292
E00012640,481,151,330
E00012641,350,61,289
E00012642,472,136,336
E00012643,333,104,229
E00012644,369,104,265
E00012645,367,99,268
E00012646,389,98,291
E00012647,361,94,267
E00012648,387,106,281
E00012649,426,119,307
E00012650,417,106,311
E00012651,476,119,357
E00012652,335,91,244
E00012653,406,101,305
E00012654,320,69,251
E00012656,332,105,227
E00012657,351,98,253
E00012658,339,61,278
E00012659,441,167,274
E00012660,272,52,220
E00012661,345,95,250
E00012662,297,69,228
E00012663,391,91,300
E00012664,249,54,195
E00012665,374,123,251
E00012666,323,71,252
E00012667,362,114,248
E00012668,299,48,251
E00012669,358,102,256
E00012670,350,114,236
E00012671,274,45,229
E00012672,325,101,224
E00012673,299,82,217
E00012674,202,26,176
E00012675,319,96,223
E00012676,243,41,202
E00012677,218,35,183
E00012678,398,113,285
E00012679,205,27,178
E00012680,297,77,220
E00012681,314,71,243
E00012682,370,76,294
E00012683,513,110,403
E00012684,235,42,193
E00012685,253,55,198
E00012686,377,88,289
E00012687,385,86,299
E00012688,497,120,377
E00012689,296,59,237
E00012690,358,99,259
E00012691,503,121,382
E00012692,544,117,427
E00012693,377,95,282
E00012694,353,97,256
E00012695,381,65,316
E00012696,344,84,260
E00012697,400,91,309
E00012698,460,71,389
E00012700,353,63,290
E00012703,198,29,169
E00012704,447,127,320
E00012705,321,88,233
E00012706,407,91,316
E00012707,465,220,245
E00012708,302,58,244
E00012709,164,15,149
E00012710,309,93,216
E00012711,307,97,210
E00012712,319,94,225
E00012713,345,65,280
E00012714,439,92,347
E00012715,385,95,290
E00012716,421,106,315
E00012717,449,104,345
E00012719,413,83,330
E00012720,426,126,300
E00012721,431,86,345
E00012722,421,87,334
E00012723,399,143,256
E00012724,331,70,261
E00012725,374,105,269
E00012726,354,68,286
E00012727,377,90,287
E00012728,411,67,344
E00012729,458,91,367
E00012730,259,55,204
E00012731,377,73,304
E00012732,434,82,352
E00012733,470,146,324
E00012734,279,61,218
E00012735,341,71,270
E00012736,544,187,357
E00012738,328,66,262
E00012739,455,97,358
E00012740,299,49,250
E00012741,317,69,248
E00012742,469,98,371
E00012743,332,87,245
E00012744,168,30,138
E00012745,376,81,295
E00012746,278,63,215
E00012747,405,112,293
E00012749,375,87,288
E00012750,362,93,269
E00012753,379,96,283
E00012754,287,51,236
E00012755,237,39,198
E00012757,310,70,240
E00012759,297,67,230
E00012761,348,59,289
E00012762,416,73,343
E00012764,486,100,386
E00012766,289,48,241
E00012767,256,43,213
E00012768,261,76,185
E00012769,269,32,237
E00012770,270,42,228
E00012771,341,72,269
E00012772,351,47,304
E00012773,304,54,250
E00012774,366,85,281
E00012775,357,129,228
E00012776,288,93,195
E00012777,287,55,232
E00012778,289,50,239
E00012779,336,62,274
E00012780,335,90,245
E00012781,252,40,212
E00012782,234,74,160
E00012783,466,92,374
E00012784,240,42,198
E00012785,247,47,200
E00012786,270,41,229
E00012787,217,34,183
E00012788,486,53,433
E00012789,316,74,242
E00012790,245,39,206
E00012791,170,17,153
E00012792,277,58,219
E00012793,317,75,242
E00012794,288,80,208
E00012795,265,66,199
E00012796,301,72,229
E00012797,321,73,248
E00012798,226,40,186
E00012799,274,61,213
E00012800,337,73,264
E00012801,364,83,281
E00012802,330,69,261
E00012803,305,63,242
E00012804,476,156,320
E00012805,230,38,192
E00012806,271,66,205
E00012807,276,46,230
E00012808,232,46,186
E00012809,271,44,227
E00012810,311,48,263
E00012811,471,63,408
E00012812,320,58,262
E00012813,276,55,221
E00012814,287,54,233
E00012815,333,86,247
E00012816,277,51,226
E00012817,296,53,243
E00012818,305,71,234
E00012819,177,31,146
E00012820,190,23,167
E00012821,215,33,182
E00012822,365,87,278
E00012823,434,42,392
E00012824,289,70,219
E00012825,281,59,222
E00012826,251,45,206
E00012827,277,49,228
E00012828,367,71,296
E00012829,228,19,209
E00012830,255,39,216
E00012831,288,67,221
E00012832,316,75,241
E00012833,249,52,197
E00012834,329,66,263
E00012835,297,74,223
E00012836,297,58,239
E00012837,287,40,247
E00012838,275,62,213
E00012839,233,45,188
E00012840,418,120,298
E00012841,276,73,203
E00012842,342,91,251
E00012843,184,33,151
E00012844,329,84,245
E00012845,273,56,217
E00012846,236,48,188
E00012847,286,52,234
E00012848,261,67,194
E00012849,266,64,202
E00012850,309,81,228
E00012851,236,38,198
E00012852,307,81,226
E00012853,250,37,213
E00012854,207,25,182
E00012855,343,86,257
E00012856,258,33,225
E00012857,307,61,246
E00012858,455,82,373
E00012859,468,120,348
E00012860,419,101,318
E00012861,374,78,296
E00012862,383,66,317
E00012863,451,67,384
E00012864,475,93,382
E00012865,363,89,274
E00012866,480,117,363
E00012867,359,83,276
E00012868,464,122,342
E00012869,305,76,229
E00012870,293,64,229
E00012871,325,109,216
E00012872,576,114,462
E00012873,399,94,305
E00012875,367,109,258
E00012876,531,129,402
E00012877,585,140,445
E00012878,245,56,189
E00012879,464,114,350
E00012880,406,74,332
E00012881,475,86,389
E00012882,450,83,367
E00012883,369,100,269
E00012884,468,96,372
E00012885,558,91,467
E00012886,507,87,420
E00012887,466,90,376
E00012888,451,100,351
E00012889,371,94,277
E00012890,352,89,263
E00012891,439,87,352
E00012892,582,212,370
E00012893,518,135,383
E00012894,365,80,285
E00012895,355,57,298
E00012896,337,86,251
E00012897,367,65,302
E00012898,426,64,362
E00012899,388,86,302
E00012900,332,67,265
E00012902,485,65,420
E00012903,283,68,215
E00012904,265,58,207
E00012905,413,83,330
E00012906,382,78,304
E00012907,434,90,344
E00012908,436,102,334
E00012909,310,82,228
E00012910,464,104,360
E00012911,358,91,267
E00012912,306,58,248
E00012913,418,94,324
E00012914,324,60,264
E00012915,438,95,343
E00012916,408,71,337
E00012917,437,95,342
E00012918,382,87,295
E00012919,360,68,292
E00012920,423,81,342
E00012923,371,89,282
E00012925,344,72,272
E00012926,354,66,288
E00012927,421,92,329
E00012928,300,66,234
E00012929,352,92,260
E00012930,535,133,402
E00012931,297,57,240
E00012932,252,58,194
E00012933,298,59,239
E00012934,243,60,183
E00012936,344,105,239
E00012937,315,75,240
E00012939,473,102,371
E00012940,290,51,239
E00012941,248,46,202
E00012942,293,58,235
E00012943,417,92,325
E00012944,311,74,237
E00012945,323,78,245
E00012946,398,108,290
E00012947,224,41,183
E00012948,348,79,269
E00012949,196,63,133
E00012951,374,95,279
E00012952,457,115,342
E00012953,348,67,281
E00012954,375,83,292
E00012955,301,54,247
E00012956,335,86,249
E00012957,345,88,257
E00012958,416,97,319
E00012959,293,70,223
E00012960,369,111,258
E00012961,431,144,287
E00012962,249,44,205
E00012963,344,87,257
E00012964,460,82,378
E00012965,428,126,302
E00012966,336,98,238
E00012967,414,124,290
E00012969,409,97,312
E00012971,347,83,264
E00012972,322,80,242
E00012973,451,99,352
E00012974,344,101,243
E00012975,369,77,292
E00012976,368,100,268
E00012977,260,58,202
E00012978,444,123,321
E00012979,295,62,233
E00012980,246,55,191
E00012981,365,91,274
E00012982,327,94,233
E00012983,304,89,215
E00012984,215,40,175
E00012985,307,50,257
E00012986,299,61,238
E00012987,281,88,193
E00012988,398,109,289
E00012989,376,61,315
E00012990,469,109,360
E00012991,470,127,343
E00012992,251,84,167
E00012993,312,91,221
E00012994,325,57,268
E00012995,351,80,271
E00012996,369,76,293
E00012997,235,40,195
E00012998,361,69,292
E00012999,328,60,268
E00013000,343,87,256
E00013001,289,55,234
E00013002,338,72,266
E00013003,227,48,179
E00013004,292,41,251
E00013005,330,55,275
E00013006,324,50,274
E00013007,382,86,296
E00013008,288,62,226
E00013009,374,63,311
E00013010,303,58,245
E00013011,376,72,304
E00013013,472,159,313
E00013014,357,78,279
E00013015,386,87,299
E00013016,365,97,268
E00013017,348,80,268
E00013019,335,75,260
E00013020,339,84,255
E00013021,283,64,219
E00013022,322,91,231
E00013023,467,83,384
E00013024,464,115,349
E00013025,534,123,411
E00013026,491,94,397
E00013027,413,80,333
E00013028,409,108,301
E00013029,462,93,369
E00013030,310,76,234
E00013031,448,96,352
E00013032,316,79,237
E00013035,396,88,308
E00013036,415,93,322
E00013037,400,98,302
E00013038,271,46,225
E00013039,410,78,332
E00013040,335,98,237
E00013041,576,152,424
E00013043,410,87,323
E00013044,416,89,327
E00013045,566,139,427
E00013046,347,93,254
E00013047,463,113,350
E00013048,390,75,315
E00013049,579,74,505
E00013050,458,97,361
E00013051,421,110,311
E00013052,391,98,293
E00013053,462,126,336
E00013054,391,76,315
E00013055,430,111,319
E00013056,332,82,250
E00013057,342,115,227
E00013058,279,75,204
E00013059,361,76,285
E00013060,331,89,242
E00013061,440,104,336
E00013062,414,67,347
E00013063,471,94,377
E00013064,418,146,272
E00013065,425,97,328
E00013066,401,106,295
E00013067,477,92,385
E00013068,362,98,264
E00013070,497,94,403
E00013071,533,105,428
E00013072,364,82,282
E00013074,407,84,323
E00013075,223,42,181
E00013076,469,116,353
E00013078,337,77,260
E00013079,431,87,344
E00013080,366,54,312
E00013081,428,87,341
E00013082,362,93,269
E00013083,417,90,327
E00013084,350,111,239
E00013085,388,96,292
E00013086,342,108,234
E00013087,338,104,234
E00013088,541,116,425
E00013089,320,90,230
E00013090,517,147,370
E00013091,410,137,273
E00013092,484,134,350
E00013093,394,65,329
E00013094,449,86,363
E00013095,435,102,333
E00013096,420,127,293
E00013097,425,130,295
E00013098,376,96,280
E00013099,519,109,410
E00013100,415,109,306
E00013101,496,156,340
E00013102,423,151,272
E00013103,438,120,318
E00013104,404,84,320
E00013105,373,82,291
E00013106,428,114,314
E00013107,486,89,397
E00013108,450,109,341
E00013109,489,112,377
E00013110,411,100,311
E00013111,554,137,417
E00013112,336,92,244
E00013113,542,164,378
E00013114,315,97,218
E00013115,342,89,253
E00013116,423,105,318
E00013117,387,94,293
E00013118,474,117,357
E00013119,390,80,310
E00013121,378,68,310
E00013122,275,52,223
E00013123,437,75,362
E00013124,450,82,368
E00013125,446,90,356
E00013126,287,72,215
E00013127,458,86,372
E00013129,400,88,312
E00013130,515,128,387
E00013131,445,76,369
E00013133,578,227,351
E00013136,557,117,440
E00013138,529,129,400
E00013140,385,98,287
E00013141,397,69,328
E00013142,269,58,211
E00013144,431,114,317
E00013146,235,51,184
E00013147,335,52,283
E00013148,317,78,239
E00013149,294,66,228
E00013150,341,97,244
E00013152,417,73,344
E00013153,395,103,292
E00013154,502,130,372
E00013155,264,68,196
E00013156,395,80,315
E00013157,380,88,292
E00013158,416,88,328
E00013159,385,84,301
E00013160,369,112,257
E00013161,368,102,266
E00013162,360,85,275
E00013163,525,165,360
E00013164,361,91,270
E00013166,423,88,335
E00013167,580,140,440
E00013168,305,45,260
E00013169,432,85,347
E00013170,295,85,210
E00013171,551,127,424
E00013172,422,122,300
E00013174,308,103,205
E00013175,474,116,358
E00013177,334,103,231
E00013178,475,136,339
E00013179,452,89,363
E00013180,542,115,427
E00013181,482,115,367
E00013182,256,64,192
E00013183,268,45,223
E00013184,371,91,280
E00013185,433,87,346
E00013186,394,97,297
E00013187,428,85,343
E00013188,414,81,333
E00013189,452,82,370
E00013190,519,104,415
E00013191,517,129,388
E00013192,397,80,317
E00013193,382,96,286
E00013194,304,67,237
E00013195,297,57,240
E00013196,387,87,300
E00013197,381,82,299
E00013198,359,72,287
E00013199,360,94,266
E00013200,312,68,244
E00013201,376,75,301
E00013202,397,80,317
E00013203,385,83,302
E00013204,242,49,193
E00013205,351,68,283
E00013206,359,78,281
E00013207,324,58,266
E00013208,330,51,279
E00013209,316,62,254
E00013210,312,60,252
E00013211,184,25,159
E00013212,317,67,250
E00013213,368,72,296
E00013214,375,97,278
E00013215,516,107,409
E00013217,555,95,460
E00013221,302,75,227
E00013222,529,104,425
E00013223,460,121,339
E00013224,471,80,391
E00013225,438,102,336
E00013226,485,90,395
E00013227,341,86,255
E00013228,525,113,412
E00013232,500,82,418
E00013233,370,68,302
E00013234,504,95,409
E00013235,541,103,438
E00013236,510,83,427
E00013237,462,93,369
E00013238,488,80,408
E00013239,387,114,273
E00013241,249,42,207
E00013242,259,37,222
E00013243,271,53,218
E00013244,420,117,303
E00013245,295,60,235
E00013246,312,55,257
E00013247,304,64,240
E00013248,301,62,239
E00013249,373,88,285
E00013250,375,87,288
E00013251,327,62,265
E00013252,382,109,273
E00013253,360,119,241
E00013254,240,28,212
E00013255,304,103,201
E00013256,314,78,236
E00013257,253,91,162
E00013258,235,76,159
E00013259,389,155,234
E00013260,266,68,198
E00013261,221,26,195
E00013262,457,136,321
E00013263,419,57,362
E00013264,223,48,175
E00013265,265,66,199
E00013266,439,59,380
E00013267,387,91,296
E00013268,253,84,169
E00013269,405,118,287
E00013270,459,107,352
E00013271,308,70,238
E00013272,295,66,229
E00013273,375,102,273
E00013274,381,82,299
E00013276,533,132,401
E00013277,501,116,385
E00013278,430,65,365
E00013279,401,89,312
E00013280,311,62,249
E00013281,286,54,232
E00013282,524,101,423
E00013283,314,61,253
E00013284,381,59,322
E00013285,374,65,309
E00013286,409,75,334
E00013287,302,60,242
E00013288,452,77,375
E00013289,378,73,305
E00013290,331,66,265
E00013292,365,71,294
E00013293,331,66,265
E00013294,301,58,243
E00013295,345,68,277
E00013296,315,69,246
E00013297,487,112,375
E00013298,431,103,328
E00013299,275,44,231
E00013300,265,56,209
E00013302,377,78,299
E00013303,378,63,315
E00013304,359,79,280
E00013306,355,77,278
E00013307,307,58,249
E00013308,393,59,334
E00013309,387,46,341
E00013310,425,65,360
E00013311,399,70,329
E00013312,426,92,334
E00013313,325,67,258
E00013314,355,92,263
E00013315,300,54,246
E00013316,352,98,254
E00013317,258,44,214
E00013318,306,67,239
E00013320,293,67,226
E00013321,389,74,315
E00013323,407,87,320
E00013324,161,24,137
E00013327,342,83,259
E00013328,370,87,283
E00013330,330,78,252
E00013331,367,97,270
E00013332,276,59,217
E00013333,235,25,210
E00013334,258,20,238
E00013335,222,59,163
E00013336,272,63,209
E00013337,370,93,277
E00013338,324,67,257
E00013341,299,69,230
E00013342,303,58,245
E00013343,372,95,277
E00013344,295,50,245
E00013345,314,70,244
E00013346,279,48,231
E00013347,261,28,233
E00013348,224,11,213
E00013349,216,34,182
E00013350,270,41,229
E00013351,252,40,212
E00013352,261,42,219
E00013353,345,68,277
E00013354,232,45,187
E00013355,185,22,163
E00013356,323,53,270
E00013357,298,69,229
E00013358,308,39,269
E00013359,216,22,194
E00013360,155,11,144
E00013361,275,56,219
E00013362,330,75,255
E00013363,235,34,201
E00013364,228,32,196
E00013365,226,41,185
E00013366,255,42,213
E00013367,270,69,201
E00013368,300,63,237
E00013369,223,28,195
E00013370,228,32,196
E00013371,275,39,236
E00013372,245,35,210
E00013373,257,51,206
E00013374,215,46,169
E00013375,315,35,280
E00013376,450,183,267
E00013378,284,49,235
E00013379,278,43,235
E00013380,328,57,271
E00013381,324,56,268
E00013383,254,58,196
E00013384,171,17,154
E00013385,300,50,250
E00013386,246,45,201
E00013387,206,31,175
E00013388,253,32,221
E00013389,202,16,186
E00013390,331,35,296
E00013391,198,36,162
E00013392,509,151,358
E00013393,227,47,180
E00013395,191,33,158
E00013397,435,61,374
E00013398,279,38,241
E00013399,397,66,331
E00013400,177,23,154
E00013401,224,29,195
E00013402,205,37,168
E00013403,231,12,219
E00013404,281,48,233
E00013405,250,43,207
E00013406,289,36,253
E00013407,215,42,173
E00013408,288,35,253
E00013409,341,51,290
E00013410,238,40,198
E00013411,310,40,270
E00013412,271,40,231
E00013413,200,23,177
E00013414,381,108,273
E00013415,317,88,229
E00013416,315,82,233
E00013417,308,87,221
E00013418,266,75,191
E00013419,330,50,280
E00013420,346,52,294
E00013421,348,62,286
E00013422,239,36,203
E00013423,205,19,186
E00013424,281,62,219
E00013425,388,58,330
E00013426,193,25,168
E00013428,321,189,132
E00013429,208,39,169
E00013430,129,6,123
E00013431,162,48,114
E00013432,331,92,239
E00013434,216,35,181
E00013435,351,64,287
E00013437,205,43,162
E00013439,171,54,117
E00013441,224,65,159
E00013442,357,97,260
E00013443,412,104,308
E00013444,305,64,241
E00013445,205,37,168
E00013446,228,40,188
E00013447,308,61,247
E00013448,219,47,172
E00013449,212,56,156
E00013450,131,22,109
E00013452,275,76,199
E00013454,352,138,214
E00013455,276,48,228
E00013457,208,43,165
E00013458,447,110,337
E00013460,341,78,263
E00013461,434,108,326
E00013462,215,48,167
E00013463,227,47,180
E00013464,310,77,233
E00013465,198,22,176
E00013466,297,74,223
E00013467,331,76,255
E00013468,240,48,192
E00013469,218,22,196
E00013470,545,155,390
E00013471,253,50,203
E00013472,248,82,166
E00013473,400,118,282
E00013474,392,84,308
E00013475,156,27,129
E00013477,290,66,224
E00013478,304,69,235
E00013479,272,32,240
E00013480,289,51,238
E00013481,370,104,266
E00013482,342,92,250
E00013483,268,76,192
E00013484,187,25,162
E00013485,312,115,197
E00013486,329,72,257
E00013487,371,83,288
E00013488,569,278,291
E00013489,309,99,210
E00013490,218,22,196
E00013492,282,53,229
E00013493,299,84,215
E00013494,771,43,728
E00013495,206,33,173
E00013496,261,65,196
E00013497,257,50,207
E00013500,290,55,235
E00013501,408,109,299
E00013502,330,63,267
E00013503,295,95,200
E00013504,283,45,238
E00013506,284,63,221
E00013507,166,20,146
E00013508,280,30,250
E00013509,213,40,173
E00013510,193,27,166
E00013511,210,34,176
E00013512,300,28,272
E00013513,249,46,203
E00013514,255,23,232
E00013515,250,36,214
E00013516,283,35,248
E00013517,200,16,184
E00013518,221,39,182
E00013519,160,16,144
E00013520,375,53,322
E00013521,287,68,219
E00013522,259,39,220
E00013523,264,59,205
E00013524,272,52,220
E00013525,273,35,238
E00013526,461,91,370
E00013527,363,84,279
E00013528,278,51,227
E00013529,265,29,236
E00013530,410,124,286
E00013531,297,61,236
E00013532,300,49,251
E00013533,321,50,271
E00013534,415,111,304
E00013535,237,32,205
E00013536,232,30,202
E00013538,240,47,193
E00013539,231,36,195
E00013540,270,67,203
E00013541,398,55,343
E00013542,215,15,200
E00013543,262,72,190
E00013544,337,54,283
E00013545,210,43,167
E00013546,239,49,190
E00013547,352,55,297
E00013548,333,91,242
E00013549,310,53,257
E00013550,422,203,219
E00013551,222,22,200
E00013552,258,36,222
E00013553,263,42,221
E00013554,422,258,164
E00013555,319,218,101
E00013556,260,42,218
E00013557,318,33,285
E00013558,336,59,277
E00013559,167,21,146
E00013560,241,37,204
E00013561,271,68,203
E00013562,227,45,182
E00013563,197,28,169
E00013564,278,55,223
E00013565,365,90,275
E00013566,284,58,226
E00013567,246,45,201
E00013568,241,57,184
E00013569,325,143,182
E00013570,231,157,74
E00013571,325,91,234
E00013572,308,36,272
E00013573,189,41,148
E00013574,340,83,257
E00013575,237,40,197
E00013576,227,50,177
E00013577,382,111,271
E00013578,216,38,178
E00013579,248,40,208
E00013580,268,66,202
E00013581,266,23,243
E00013582,345,89,256
E00013583,439,89,350
E00013584,301,65,236
E00013585,303,50,253
E00013586,227,40,187
E00013587,305,50,255
E00013588,293,56,237
E00013589,286,45,241
E00013591,241,47,194
E00013592,256,87,169
E00013593,292,76,216
E00013595,235,55,180
E00013596,268,43,225
E00013597,392,60,332
E00013598,305,75,230
E00013599,295,64,231
E00013600,273,29,244
E00013601,238,35,203
E00013602,259,54,205
E00013603,238,29,209
E00013604,568,108,460
E00013605,246,59,187
E00013606,435,96,339
E00013608,199,35,164
E00013609,315,76,239
E00013610,309,57,252
E00013611,270,46,224
E00013612,322,100,222
E00013613,345,112,233
E00013614,307,106,201
E00013615,398,117,281
E00013616,267,73,194
E00013617,278,74,204
E00013619,249,48,201
E00013620,381,128,253
E00013622,174,21,153
E00013624,177,26,151
E00013625,280,48,232
E00013626,342,63,279
E00013627,314,57,257
E00013628,327,89,238
E00013629,280,59,221
E00013630,209,35,174
E00013631,428,65,363
E00013632,303,52,251
E00013633,269,55,214
E00013635,211,45,166
E00013636,330,74,256
E00013637,309,61,248
E00013638,332,45,287
E00013639,333,64,269
E00013640,368,77,291
E00013641,226,48,178
E00013642,355,52,303
E00013643,225,19,206
E00013644,208,26,182
E00013645,217,27,190
E00013646,237,26,211
E00013647,224,27,197
E00013648,147,16,131
E00013649,198,22,176
E00013650,254,58,196
E00013651,271,24,247
E00013652,338,65,273
E00013653,321,81,240
E00013654,186,30,156
E00013655,450,95,355
E00013656,454,81,373
E00013657,268,31,237
E00013658,259,58,201
E00013659,290,41,249
E00013660,206,33,173
E00013662,284,57,227
E00013663,296,52,244
E00013664,301,60,241
E00013665,342,67,275
E00013667,495,115,380
E00013668,260,58,202
E00013669,352,36,316
E00013670,332,72,260
E00013671,240,47,193
E00013672,274,34,240
E00013673,177,47,130
E00013674,322,48,274
E00013675,416,70,346
E00013676,252,45,207
E00013677,348,83,265
E00013678,421,73,348
E00013679,253,69,184
E00013680,322,36,286
E00013681,120,27,93
E00013682,369,48,321
E00013683,256,48,208
E00013684,252,46,206
E00013685,228,38,190
E00013687,277,35,242
E00013688,257,47,210
E00013689,184,23,161
E00013690,283,37,246
E00013691,349,72,277
E00013693,233,46,187
E00013694,304,63,241
E00013695,410,77,333
E00013696,239,63,176
E00013697,282,35,247
E00013698,275,59,216
E00013699,329,111,218
E00013700,286,48,238
E00013701,292,57,235
E00013702,327,77,250
E00013703,301,76,225
E00013704,238,58,180
E00013705,384,105,279
E00013706,358,87,271
E00013707,425,86,339
E00013708,279,42,237
E00013709,337,62,275
E00013710,245,30,215
E00013711,423,104,319
E00013712,250,49,201
E00013713,338,80,258
E00013714,283,69,214
E00013715,287,45,242
E00013716,304,64,240
E00013717,307,69,238
E00013718,278,70,208
E00013719,229,35,194
E00013720,361,96,265
E00013721,361,83,278
E00013722,290,72,218
E00013723,203,45,158
E00013724,428,99,329
E00013725,270,53,217
E00013726,217,39,178
E00013727,297,80,217
E00013728,305,45,260
E00013729,302,57,245
E00013730,212,32,180
E00013731,256,39,217
E00013732,187,46,141
E00013733,267,55,212
E00013734,226,42,184
E00013735,279,38,241
E00013736,233,40,193
E00013737,251,71,180
E00013738,217,43,174
E00013739,245,53,192
E00013740,230,40,190
E00013741,300,88,212
E00013742,181,42,139
E00013743,296,86,210
E00013744,341,49,292
E00013745,355,56,299
E00013746,265,38,227
E00013747,301,37,264
E00013748,243,64,179
E00013749,280,80,200
E00013751,477,134,343
E00013752,330,40,290
E00013754,354,78,276
E00013755,274,50,224
E00013756,399,111,288
E00013757,169,34,135
E00013758,410,99,311
E00013760,400,94,306
E00013762,202,29,173
E00013763,198,24,174
E00013764,321,103,218
E00013765,202,35,167
E00013766,256,44,212
E00013767,296,73,223
E00013768,222,44,178
E00013769,242,31,211
E00013770,307,41,266
E00013771,302,68,234
E00013772,409,176,233
E00013773,206,34,172
E00013774,296,57,239
E00013776,337,60,277
E00013777,242,33,209
E00013778,283,35,248
E00013780,259,42,217
E00013781,297,71,226
E00013782,322,110,212
E00013783,433,104,329
E00013784,291,61,230
E00013785,341,86,255
E00013786,234,37,197
E00013787,225,25,200
E00013788,275,37,238
E00013789,301,68,233
E00013790,336,50,286
E00013791,356,67,289
E00013792,344,57,287
E00013793,209,45,164
E00013794,336,68,268
E00013795,387,160,227
E00013796,245,25,220
E00013797,251,43,208
E00013798,204,40,164
E00013799,287,50,237
E00013800,210,33,177
E00013802,338,82,256
E00013803,204,34,170
E00013804,194,25,169
E00013805,188,13,175
E00013806,277,30,247
E00013807,379,73,306
E00013808,226,42,184
E00013809,333,42,291
E00013810,285,78,207
E00013811,230,49,181
E00013812,273,40,233
E00013814,273,80,193
E00013815,263,60,203
E00013816,289,142,147
E00013817,254,53,201
E00013818,415,75,340
E00013819,208,48,160
E00013820,179,36,143
E00013821,296,38,258
E00013822,144,11,133
E00013823,160,11,149
E00013824,286,35,251
E00013825,245,42,203
E00013826,244,19,225
E00013827,301,58,243
E00013828,268,35,233
E00013829,283,54,229
E00013830,273,56,217
E00013831,308,26,282
E00013832,235,32,203
E00013833,222,47,175
E00013834,293,51,242
E00013835,537,142,395
E00013836,229,21,208
E00013837,310,75,235
E00013838,301,75,226
E00013839,226,37,189
E00013840,285,70,215
E00013841,294,30,264
E00013842,201,30,171
E00013843,172,36,136
E00013844,289,40,249
E00013845,273,51,222
E00013846,282,45,237
E00013847,283,90,193
E00013848,266,78,188
E00013849,293,87,206
E00013850,238,61,177
E00013851,279,39,240
E00013852,227,26,201
E00013853,300,42,258
E00013854,207,22,185
E00013855,295,46,249
E00013856,518,16,502
E00013857,495,213,282
E00013858,358,108,250
E00013859,405,142,263
E00013860,295,76,219
E00013861,269,51,218
E00013862,191,21,170
E00013863,235,27,208
E00013864,327,50,277
E00013865,416,54,362
E00013866,317,44,273
E00013867,291,47,244
E00013868,271,53,218
E00013869,265,42,223
E00013870,251,27,224
E00013871,259,60,199
E00013872,257,43,214
E00013873,250,48,202
E00013874,187,29,158
E00013875,388,99,289
E00013876,313,66,247
E00013877,446,86,360
E00013878,260,51,209
E00013879,285,50,235
E00013880,262,64,198
E00013881,284,80,204
E00013882,244,53,191
E00013883,267,71,196
E00013884,253,55,198
E00013885,131,28,103
E00013886,384,78,306
E00013887,404,88,316
E00013888,392,79,313
E00013889,273,50,223
E00013890,328,51,277
E00013891,297,51,246
E00013893,289,36,253
E00013894,303,67,236
E00013895,216,23,193
E00013896,185,30,155
E00013897,214,21,193
E00013898,264,46,218
E00013899,212,30,182
E00013900,308,49,259
E00013901,225,24,201
E00013902,307,64,243
E00013903,274,65,209
E00013904,247,46,201
E00013905,378,71,307
E00013906,245,35,210
E00013907,222,45,177
E00013908,436,102,334
E00013909,207,33,174
E00013910,240,47,193
E00013911,251,65,186
E00013912,275,79,196
E00013913,218,38,180
E00013914,300,65,235
E00013915,257,34,223
E00013916,308,42,266
E00013917,216,54,162
E00013918,337,66,271
E00013919,214,44,170
E00013920,257,39,218
E00013921,283,49,234
E00013922,284,74,210
E00013923,172,20,152
E00013924,223,27,196
E00013925,199,17,182
E00013926,506,70,436
E00013927,243,21,222
E00013928,262,31,231
E00013929,339,28,311
E00013930,290,51,239
E00013932,355,54,301
E00013933,333,85,248
E00013934,307,88,219
E00013935,218,30,188
E00013936,321,73,248
E00013938,342,79,263
E00013939,265,52,213
E00013940,166,16,150
E00013941,229,34,195
E00013942,297,51,246
E00013943,236,25,211
E00013944,477,81,396
E00013945,171,42,129
E00013946,179,33,146
E00013947,297,53,244
E00013948,251,43,208
E00013949,270,35,235
E00013950,231,36,195
E00013951,238,63,175
E00013952,199,34,165
E00013953,226,46,180
E00013954,307,29,278
E00013956,261,45,216
E00013957,314,52,262
E00013958,212,30,182
E00013959,370,97,273
E00013960,325,65,260
E00013961,424,60,364
E00013962,300,68,232
E00013963,282,49,233
E00013964,220,27,193
E00013965,286,43,243
E00013966,230,37,193
E00013967,213,45,168
E00013969,335,98,237
E00013970,236,49,187
E00013971,254,42,212
E00013972,310,46,264
E00013973,283,66,217
E00013974,234,51,183
E00013975,285,65,220
E00013977,239,53,186
E00013978,243,38,205
E00013979,297,70,227
E00013980,255,81,174
E00013981,192,34,158
E00013982,277,37,240
E00013983,275,31,244
E00013984,247,38,209
E00013985,236,20,216
E00013986,234,28,206
E00013988,245,35,210
E00013989,435,86,349
E00013990,211,25,186
E00013991,310,27,283
E00013992,356,96,260
E00013993,244,28,216
E00013994,338,90,248
E00013995,262,33,229
E00013996,281,54,227
E00013997,413,101,312
E00013998,285,69,216
E00013999,262,14,248
E00014000,265,32,233
E00014001,247,37,210
E00014002,340,65,275
E00014003,271,60,211
E00014004,186,36,150
E00014005,328,96,232
E00014006,244,63,181
E00014007,272,32,240
E00014008,185,29,156
E00014009,345,71,274
E00014010,342,129,213
E00014011,276,25,251
E00014012,176,28,148
E00014013,270,48,222
E00014014,308,54,254
E00014015,296,55,241
E00014016,268,30,238
E00014017,279,43,236
E00014018,325,58,267
E00014019,311,38,273
E00014020,204,16,188
E00014021,299,62,237
E00014022,273,33,240
E00014023,247,41,206
E00014024,291,41,250
E00014025,325,50,275
E00014026,314,61,253
E00014027,209,44,165
E00014028,277,48,229
E00014029,304,61,243
E00014030,240,83,157
E00014031,263,42,221
E00014032,259,35,224
E00014033,352,65,287
E00014034,329,46,283
E00014035,221,29,192
E00014036,206,40,166
E00014037,256,32,224
E00014038,201,41,160
E00014039,263,36,227
E00014040,305,53,252
E00014041,279,31,248
E00014043,199,35,164
E00014044,227,39,188
E00014045,218,43,175
E00014047,217,34,183
E00014048,186,55,131
E00014049,244,42,202
E00014050,150,42,108
E00014051,184,63,121
E00014052,212,25,187
E00014053,129,17,112
E00014054,167,37,130
E00014055,216,45,171
E00014056,198,30,168
E00014057,156,30,126
E00014058,158,35,123
E00014061,195,37,158
E00014062,196,43,153
E00014063,165,21,144
E00014064,241,56,185
E00014065,229,32,197
E00014066,204,47,157
E00014067,267,65,202
E00014068,208,47,161
E00014069,245,86,159
E00014070,237,54,183
E00014071,227,71,156
E00014072,260,53,207
E00014073,193,42,151
E00014074,221,75,146
E00014075,209,37,172
E00014076,197,39,158
E00014077,236,51,185
E00014078,167,28,139
E00014079,164,30,134
E00014080,143,24,119
E00014081,175,43,132
E00014082,127,24,103
E00014083,137,56,81
E00014084,139,47,92
E00014085,160,72,88
E00014086,271,47,224
E00014087,165,39,126
E00014088,161,23,138
E00014089,165,27,138
E00014090,150,31,119
E00014091,138,33,105
E00014092,120,23,97
E00014093,153,31,122
E00014094,154,32,122
E00014095,159,25,134
E00014096,173,36,137
E00014097,127,23,104
E00014098,143,20,123
E00014099,148,26,122
E00014100,227,46,181
E00014101,204,38,166
E00014102,176,44,132
E00014103,143,37,106
E00014104,199,40,159
E00014105,214,51,163
E00014107,146,38,108
E00014108,234,41,193
E00014109,147,25,122
E00014110,218,41,177
E00014111,173,39,134
E00014112,337,67,270
E00014116,178,38,140
E00014117,233,61,172
E00014118,186,30,156
E00014119,269,57,212
E00014120,200,39,161
E00014121,139,33,106
E00014122,141,32,109
E00014123,309,59,250
E00014124,501,151,350
E00014125,255,53,202
E00014126,246,67,179
E00014127,190,31,159
E00014128,184,27,157
E00014129,101,14,87
E00014130,220,50,170
E00014131,132,13,119
E00014132,173,24,149
E00014133,175,37,138
E00014134,178,31,147
E00014135,394,99,295
E00014136,139,27,112
E00014137,197,43,154
E00014138,285,43,242
E00014139,154,37,117
E00014140,196,46,150
E00014141,187,28,159
E00014142,214,44,170
E00014143,157,23,134
E00014144,208,41,167
E00014145,157,38,119
E00014146,193,51,142
E00014147,178,36,142
E00014148,196,50,146
E00014149,141,12,129
E00014150,253,31,222
E00014151,490,72,418
E00014152,288,31,257
E00014153,202,29,173
E00014154,288,66,222
E00014155,152,14,138
E00014156,119,17,102
E00014157,391,82,309
E00014158,131,20,111
E00014159,160,23,137
E00014160,163,36,127
E00014161,190,38,152
E00014162,318,35,283
E00014163,249,27,222
E00014164,208,25,183
E00014165,213,33,180
E00014166,160,24,136
E00014167,180,22,158
E00014168,211,23,188
E00014169,280,24,256
E00014170,247,47,200
E00014171,202,24,178
E00014172,240,39,201
E00014173,151,20,131
E00014174,252,46,206
E00014175,288,28,260
E00014176,263,28,235
E00014177,294,67,227
E00014178,224,48,176
E00014179,159,29,130
E00014180,233,41,192
E00014181,179,25,154
E00014183,182,39,143
E00014184,238,25,213
E00014185,193,34,159
E00014186,177,36,141
E00014187,201,52,149
E00014188,191,41,150
E00014189,165,43,122
E00014190,159,31,128
E00014191,253,57,196
E00014192,249,49,200
E00014193,137,45,92
E00014194,136,23,113
E00014195,130,29,101
E00014196,145,26,119
E00014197,190,35,155
E00014198,157,31,126
E00014199,160,40,120
E00014200,133,33,100
E00014201,191,40,151
E00014202,193,41,152
E00014203,164,27,137
E00014204,215,48,167
E00014205,169,31,138
E00014206,97,16,81
E00014207,248,55,193
E00014208,116,17,99
E00014209,166,35,131
E00014210,200,43,157
E00014211,184,31,153
E00014212,136,21,115
E00014213,172,29,143
E00014214,224,59,165
E00014215,152,29,123
E00014217,261,98,163
E00014218,285,59,226
E00014219,113,5,108
E00014220,261,46,215
E00014221,243,44,199
E00014222,148,26,122
E00014223,190,34,156
E00014224,177,37,140
E00014225,154,17,137
E00014226,181,28,153
E00014227,285,56,229
E00014228,125,12,113
E00014229,130,16,114
E00014230,169,34,135
E00014231,188,51,137
E00014232,140,15,125
E00014233,132,9,123
E00014234,165,38,127
E00014236,177,29,148
E00014237,112,25,87
E00014239,177,41,136
E00014240,466,114,352
E00014241,151,37,114
E00014242,252,65,187
E00014244,173,38,135
E00014247,151,35,116
E00014248,170,27,143
E00014249,459,117,342
E00014250,168,40,128
E00014251,127,24,103
E00014252,185,30,155
E00014254,137,17,120
E00014255,147,34,113
E00014256,162,23,139
E00014257,170,25,145
E00014258,275,49,226
E00014260,171,36,135
E00014261,174,31,143
E00014262,170,22,148
E00014263,219,25,194
E00014264,213,43,170
E00014265,148,40,108
E00014266,190,23,167
E00014267,244,49,195
E00014268,203,30,173
E00014269,180,31,149
E00014270,143,46,97
E00014271,241,67,174
E00014272,165,17,148
E00014273,175,44,131
E00014274,200,71,129
E00014275,235,45,190
E00014276,203,40,163
E00014277,187,51,136
E00014278,144,36,108
E00014279,157,38,119
E00014280,125,34,91
E00014282,302,84,218
E00014284,130,23,107
E00014285,221,56,165
E00014286,301,78,223
E00014287,111,20,91
E00014289,196,41,155
E00014290,184,39,145
E00014291,141,15,126
E00014292,214,59,155
E00014293,239,56,183
E00014294,159,32,127
E00014295,221,41,180
E00014296,207,38,169
E00014297,163,24,139
E00014298,147,21,126
E00014299,232,65,167
E00014300,314,54,260
E00014301,396,59,337
E00014302,177,27,150
E00014303,185,37,148
E00014304,230,45,185
E00014305,527,119,408
E00014309,485,125,360
E00014310,211,48,163
E00014311,188,43,145
E00014312,362,86,276
E00014314,234,41,193
E00014315,106,12,94
E00014316,193,34,159
E00014321,233,76,157
E00014322,189,32,157
E00014323,313,55,258
E00014324,280,57,223
E00014325,243,48,195
E00014326,199,34,165
E00014327,220,34,186
E00014328,336,47,289
E00014329,243,29,214
E00014330,176,26,150
E00014331,186,40,146
E00014332,167,33,134
E00014334,124,30,94
E00014335,226,40,186
E00014336,178,28,150
E00014337,115,3,112
E00014338,140,42,98
E00014339,158,27,131
E00014341,181,40,141
E00014342,176,24,152
E00014344,394,82,312
E00014345,143,20,123
E00014347,195,33,162
E00014348,214,17,197
E00014351,142,21,121
E00014353,120,26,94
E00014354,393,143,250
E00014356,112,39,73
E00014357,126,19,107
E00014358,124,22,102
E00014359,135,12,123
E00014360,163,24,139
E00014361,117,18,99
E00014362,222,34,188
E00014363,177,20,157
E00014364,171,37,134
E00014365,183,41,142
E00014366,149,38,111
E00014367,158,35,123
E00014368,179,33,146
E00014370,160,21,139
E00014371,172,36,136
E00014372,185,37,148
E00014373,163,33,130
E00014374,389,72,317
E00014375,379,74,305
E00014376,255,32,223
E00014377,318,87,231
E00014378,275,40,235
E00014379,264,77,187
E00014380,254,62,192
E00014381,172,26,146
E00014382,390,90,300
E00014383,223,42,181
E00014384,256,57,199
E00014385,243,66,177
E00014386,309,48,261
E00014387,253,53,200
E00014388,189,32,157
E00014389,175,37,138
E00014390,367,91,276
E00014391,323,79,244
E00014392,205,39,166
E00014393,264,56,208
E00014394,566,136,430
E00014395,170,21,149
E00014396,246,34,212
E00014397,317,55,262
E00014398,257,45,212
E00014399,120,14,106
E00014400,132,30,102
E00014401,129,16,113
E00014402,459,169,290
E00014403,186,44,142
E00014404,207,45,162
E00014405,146,42,104
E00014406,333,94,239
E00014407,318,38,280
E00014408,179,31,148
E00014409,281,100,181
E00014410,220,42,178
E00014411,182,22,160
E00014412,403,68,335
E00014413,179,27,152
E00014414,229,54,175
E00014415,379,54,325
E00014416,254,27,227
E00014417,199,55,144
E00014418,186,17,169
E00014419,349,95,254
E00014420,189,19,170
E00014421,211,29,182
E00014422,236,52,184
E00014423,231,27,204
E00014424,259,57,202
E00014425,224,49,175
E00014426,257,54,203
E00014427,238,48,190
E00014428,235,44,191
E00014429,304,36,268
E00014430,208,29,179
E00014431,213,29,184
E00014432,216,38,178
E00014433,236,30,206
E00014434,212,47,165
E00014435,207,51,156
E00014436,201,42,159
E00014437,183,32,151
E00014438,217,24,193
E00014439,202,34,168
E00014440,512,105,407
E00014441,395,86,309
E00014442,209,39,170
E00014446,291,80,211
E00014447,350,83,267
E00014448,286,64,222
E00014449,274,62,212
E00014450,223,47,176
E00014451,220,44,176
E00014452,551,99,452
E00014453,175,29,146
E00014454,238,34,204
E00014455,287,38,249
E00014456,291,67,224
E00014457,228,29,199
E00014458,240,50,190
E00014459,204,37,167
E00014460,318,74,244
E00014461,483,94,389
E00014462,327,80,247
E00014463,173,22,151
E00014464,270,52,218
E00014465,260,58,202
E00014466,319,91,228
E00014468,308,95,213
E00014469,291,78,213
E00014470,352,83,269
E00014471,127,22,105
E00014473,200,34,166
E00014474,249,43,206
E00014475,167,22,145
E00014476,168,14,154
E00014477,112,24,88
E00014478,203,35,168
E00014479,143,22,121
E00014480,171,25,146
E00014481,215,38,177
E00014482,195,25,170
E00014483,168,30,138
E00014484,156,26,130
E00014485,249,39,210
E00014486,241,62,179
E00014487,218,35,183
E00014488,152,24,128
E00014489,146,30,116
E00014490,152,30,122
E00014491,243,29,214
E00014492,124,26,98
E00014493,215,41,174
E00014494,188,41,147
E00014495,185,25,160
E00014496,154,23,131
E00014497,169,39,130
E00014498,112,22,90
E00014499,144,19,125
E00014500,107,8,99
E00014501,174,19,155
E00014502,143,30,113
E00014505,179,35,144
E00014506,165,36,129
E00014507,235,43,192
E00014508,172,39,133
E00014509,161,23,138
E00014510,137,27,110
E00014511,147,47,100
E00014512,201,59,142
E00014513,163,64,99
E00014514,196,39,157
E00014516,233,61,172
E00014518,164,33,131
E00014520,216,37,179
E00014521,188,40,148
E00014522,147,23,124
E00014523,266,83,183
E00014524,214,70,144
E00014525,238,48,190
E00014526,121,29,92
E00014527,152,36,116
E00014528,225,45,180
E00014529,117,40,77
E00014530,173,44,129
E00014531,119,17,102
E00014532,160,38,122
E00014533,196,58,138
E00014534,151,35,116
E00014535,186,44,142
E00014536,166,55,111
E00014537,270,56,214
E00014538,208,48,160
E00014539,212,37,175
E00014540,165,43,122
E00014541,204,53,151
E00014542,193,40,153
E00014543,178,37,141
E00014544,157,40,117
E00014545,213,21,192
E00014546,223,44,179
E00014547,297,55,242
E00014548,204,57,147
E00014549,195,25,170
E00014550,521,146,375
E00014551,199,40,159
E00014552,419,102,317
E00014553,169,41,128
E00014554,223,71,152
E00014555,166,20,146
E00014556,180,34,146
E00014557,239,46,193
E00014558,226,51,175
E00014559,189,21,168
E00014560,233,40,193
E00014561,189,15,174
E00014562,196,38,158
E00014563,190,41,149
E00014564,217,37,180
E00014565,164,18,146
E00014566,244,48,196
E00014567,313,41,272
E00014568,179,30,149
E00014569,212,45,167
E00014570,230,45,185
E00014571,256,46,210
E00014572,185,15,170
E00014573,195,37,158
E00014574,389,140,249
E00014575,219,48,171
E00014576,189,33,156
E00014577,259,124,135
E00014578,223,39,184
E00014579,252,68,184
E00014580,227,60,167
E00014581,217,28,189
E00014582,146,24,122
E00014583,136,23,113
E00014584,209,37,172
E00014585,159,27,132
E00014586,126,18,108
E00014587,136,13,123
E00014588,114,18,96
E00014589,157,18,139
E00014590,268,54,214
E00014591,191,32,159
E00014592,178,38,140
E00014593,213,38,175
E00014594,164,31,133
E00014596,423,27,396
E00014598,187,24,163
E00014599,189,50,139
E00014600,245,54,191
E00014601,171,26,145
E00014602,179,33,146
E00014603,187,22,165
E00014604,194,66,128
E00014605,175,23,152
E00014606,120,14,106
E00014607,253,44,209
E00014609,184,37,147
E00014611,181,29,152
E00014612,107,14,93
E00014614,296,40,256
E00014615,330,89,241
E00014616,256,32,224
E00014617,289,28,261
E00014618,267,59,208
E00014619,279,93,186
E00014620,340,79,261
E00014621,477,124,353
E00014622,443,108,335
E00014623,270,46,224
E00014624,223,58,165
E00014625,264,61,203
E00014626,287,73,214
E00014627,238,67,171
E00014628,305,65,240
E00014629,182,45,137
E00014630,154,37,117
E00014631,286,88,198
E00014632,270,89,181
E00014633,293,58,235
E00014634,241,32,209
E00014635,233,53,180
E00014636,424,58,366
E00014637,353,62,291
E00014638,205,40,165
E00014639,319,58,261
E00014640,285,55,230
E00014641,113,15,98
E00014642,506,83,423
E00014643,232,39,193
E00014644,365,56,309
E00014645,216,38,178
E00014646,264,46,218
E00014647,152,26,126
E00014648,245,56,189
E00014649,200,41,159
E00014650,119,15,104
E00014651,156,28,128
E00014652,338,65,273
E00014653,155,39,116
E00014654,154,11,143
E00014655,205,36,169
E00014656,160,23,137
E00014657,173,29,144
E00014658,288,99,189
E00014659,200,23,177
E00014660,227,32,195
E00014662,241,61,180
E00014664,347,37,310
E00014665,172,36,136
E00014666,357,68,289
E00014667,304,66,238
E00014668,201,46,155
E00014669,195,37,158
E00014670,191,35,156
E00014671,164,27,137
E00014672,167,22,145
E00014673,202,49,153
E00014675,357,93,264
E00014676,327,85,242
E00014677,375,87,288
E00014678,339,74,265
E00014679,368,77,291
E00014680,354,83,271
E00014681,338,68,270
E00014682,293,56,237
E00014683,322,77,245
E00014684,305,69,236
E00014686,338,91,247
E00014687,383,99,284
E00014688,352,85,267
E00014689,410,102,308
E00014690,246,44,202
E00014691,324,89,235
E00014692,324,66,258
E00014693,305,74,231
E00014694,266,54,212
E00014695,303,68,235
E00014696,309,68,241
E00014697,359,82,277
E00014698,329,63,266
E00014699,290,65,225
E00014700,326,72,254
E00014701,346,90,256
E00014702,279,48,231
E00014703,280,59,221
E00014704,239,25,214
E00014705,224,38,186
E00014706,264,47,217
E00014707,360,54,306
E00014708,311,74,237
E00014709,185,19,166
E00014710,303,87,216
E00014711,180,12,168
E00014712,204,21,183
E00014713,220,47,173
E00014714,146,13,133
E00014715,192,30,162
E00014716,206,31,175
E00014717,281,74,207
E00014718,275,68,207
E00014719,321,69,252
E00014720,297,67,230
E00014721,329,98,231
E00014722,334,72,262
E00014723,201,38,163
E00014724,222,22,200
E00014725,228,48,180
E00014726,300,46,254
E00014727,203,32,171
E00014728,198,31,167
E00014729,323,82,241
E00014730,434,141,293
E00014731,231,31,200
E00014732,260,68,192
E00014733,225,27,198
E00014734,336,89,247
E00014735,196,25,171
E00014736,320,66,254
E00014737,152,11,141
E00014738,309,86,223
E00014739,476,119,357
E00014740,359,76,283
E00014741,300,71,229
E00014742,424,92,332
E00014743,289,66,223
E00014744,547,118,429
E00014745,313,67,246
E00014746,343,68,275
E00014747,333,72,261
E00014748,345,64,281
E00014749,326,50,276
E00014750,280,50,230
E00014751,417,86,331
E00014752,299,50,249
E00014753,347,92,255
E00014754,314,82,232
E00014755,331,67,264
E00014756,309,64,245
E00014757,372,100,272
E00014758,341,61,280
E00014759,353,86,267
E00014760,326,86,240
E00014761,351,69,282
E00014762,344,75,269
E00014763,268,48,220
E00014764,350,77,273
E00014765,345,69,276
E00014767,301,63,238
E00014768,304,57,247
E00014769,307,74,233
E00014770,273,62,211
E00014771,330,82,248
E00014772,297,52,245
E00014773,300,68,232
E00014774,302,62,240
E00014775,394,88,306
E00014776,369,101,268
E00014777,278,49,229
E00014778,296,72,224
E00014779,336,100,236
E00014780,381,118,263
E00014781,331,78,253
E00014782,253,47,206
E00014783,364,95,269
E00014784,296,69,227
E00014785,386,120,266
E00014786,356,101,255
E00014787,320,76,244
E00014788,313,82,231
E00014789,326,95,231
E00014790,264,73,191
E00014791,351,100,251
E00014792,361,101,260
E00014794,299,74,225
E00014795,267,62,205
E00014796,355,92,263
E00014797,296,67,229
E00014798,390,99,291
E00014799,318,86,232
E00014801,280,59,221
E00014802,408,94,314
E00014803,308,60,248
E00014804,367,98,269
E00014805,347,72,275
E00014806,282,73,209
E00014807,377,72,305
E00014808,310,72,238
E00014809,291,69,222
E00014810,284,50,234
E00014811,358,72,286
E00014812,282,50,232
E00014813,292,73,219
E00014814,355,73,282
E00014815,331,64,267
E00014816,333,61,272
E00014817,313,76,237
E00014818,372,76,296
E00014819,178,17,161
E00014820,339,77,262
E00014821,325,61,264
E00014822,282,50,232
E00014823,308,63,245
E00014824,317,58,259
E00014825,340,79,261
E00014826,377,57,320
E00014827,316,62,254
E00014828,329,53,276
E00014829,328,70,258
E00014830,254,38,216
E00014831,348,67,281
E00014832,254,43,211
E00014833,328,90,238
E00014834,301,65,236
E00014835,242,48,194
E00014836,302,72,230
E00014837,310,57,253
E00014838,277,50,227
E00014839,313,67,246
E00014840,287,58,229
E00014841,279,54,225
E00014842,315,53,262
E00014843,281,55,226
E00014844,290,43,247
E00014845,508,132,376
E00014846,285,52,233
E00014847,299,54,245
E00014848,283,57,226
E00014849,332,62,270
E00014850,442,90,352
E00014851,295,58,237
E00014852,308,48,260
E00014853,193,23,170
E00014854,208,33,175
E00014855,268,41,227
E00014856,400,94,306
E00014857,531,96,435
E00014858,403,60,343
E00014859,327,61,266
E00014860,278,43,235
E00014861,493,90,403
E00014862,385,88,297
E00014863,304,81,223
E00014865,254,55,199
E00014866,380,84,296
E00014867,240,61,179
E00014868,253,33,220
E00014869,365,72,293
E00014870,396,122,274
E00014871,316,75,241
E00014872,302,67,235
E00014873,282,96,186
E00014874,318,57,261
E00014875,270,77,193
E00014876,259,43,216
E00014877,403,114,289
E00014878,304,58,246
E00014879,276,73,203
E00014880,303,111,192
E00014881,417,89,328
E00014882,251,55,196
E00014883,338,112,226
E00014884,295,73,222
E00014885,314,87,227
E00014886,260,63,197
E00014887,286,64,222
E00014888,339,77,262
E00014889,416,109,307
E00014890,252,38,214
E00014891,369,89,280
E00014892,309,69,240
E00014893,342,89,253
E00014894,315,61,254
E00014895,281,69,212
E00014896,295,70,225
E00014897,286,75,211
E00014898,257,61,196
E00014899,373,74,299
E00014900,326,87,239
E00014901,331,75,256
E00014902,341,72,269
E00014903,309,70,239
E00014904,363,95,268
E00014905,344,84,260
E00014906,205,32,173
E00014907,359,94,265
E00014908,329,81,248
E00014909,330,68,262
E00014910,296,52,244
E00014911,354,100,254
E00014912,305,67,238
E00014913,340,79,261
E00014914,295,56,239
E00014915,321,53,268
E00014916,382,90,292
E00014917,339,78,261
E00014918,203,54,149
E00014919,357,104,253
E00014920,422,118,304
E00014921,462,222,240
E00014922,205,40,165
E00014923,324,58,266
E00014924,390,91,299
E00014926,318,57,261
E00014927,337,100,237
E00014928,303,87,216
E00014929,504,261,243
E00014930,422,93,329
E00014931,286,82,204
E00014932,327,106,221
E00014933,375,107,268
E00014934,426,91,335
E00014935,276,65,211
E00014936,306,64,242
E00014937,349,93,256
E00014939,294,121,173
E00014940,236,51,185
E00014941,219,32,187
E00014942,334,109,225
E00014943,223,26,197
E00014944,236,30,206
E00014945,240,24,216
E00014946,229,28,201
E00014947,263,27,236
E00014948,387,178,209
E00014950,332,66,266
E00014951,233,40,193
E00014952,364,113,251
E00014953,313,90,223
E00014955,283,66,217
E00014956,291,68,223
E00014957,285,59,226
E00014958,514,111,403
E00014959,398,105,293
E00014960,316,57,259
E00014961,343,84,259
E00014962,431,271,160
E00014963,300,91,209
E00014964,404,126,278
E00014965,329,84,245
E00014966,405,112,293
E00014967,373,100,273
E00014968,241,69,172
E00014969,268,81,187
E00014970,376,109,267
E00014971,358,81,277
E00014972,252,74,178
E00014973,416,115,301
E00014974,169,43,126
E00014975,436,145,291
E00014976,330,90,240
E00014977,373,103,270
E00014978,402,118,284
E00014979,299,78,221
E00014980,283,54,229
E00014981,541,114,427
E00014982,361,78,283
E00014983,321,48,273
E00014984,317,57,260
E00014985,307,48,259
E00014986,252,37,215
E00014987,340,67,273
E00014988,287,50,237
E00014989,325,59,266
E00014990,367,75,292
E00014991,397,90,307
E00014992,325,71,254
E00014993,380,76,304
E00014994,336,70,266
E00014995,314,58,256
E00014996,304,62,242
E00014997,391,125,266
E00014998,202,40,162
E00014999,301,81,220
E00015000,318,67,251
E00015001,309,52,257
E00015002,308,79,229
E00015003,322,61,261
E00015004,335,61,274
E00015005,296,56,240
E00015006,293,59,234
E00015007,336,65,271
E00015008,437,81,356
E00015009,338,63,275
E00015010,322,63,259
E00015011,255,42,213
E00015012,364,76,288
E00015013,431,91,340
E00015014,357,82,275
E00015015,327,62,265
E00015016,376,77,299
E00015017,265,44,221
E00015018,323,65,258
E00015019,213,49,164
E00015020,361,82,279
E00015021,342,104,238
E00015022,273,73,200
E00015023,293,73,220
E00015024,252,54,198
E00015025,299,55,244
E00015026,331,71,260
E00015027,336,80,256
E00015028,368,92,276
E00015029,286,51,235
E00015030,354,81,273
E00015031,346,60,286
E00015032,318,62,256
E00015033,382,79,303
E00015034,292,43,249
E00015035,184,12,172
E00015036,332,63,269
E00015037,326,121,205
E00015038,283,73,210
E00015039,201,15,186
E00015041,230,15,215
E00015042,236,33,203
E00015043,187,41,146
E00015044,267,44,223
E00015046,245,57,188
E00015047,229,44,185
E00015048,241,38,203
E00015049,272,45,227
E00015050,238,19,219
E00015051,235,37,198
E00015052,232,40,192
E00015053,216,16,200
E00015054,303,60,243
E00015055,243,24,219
E00015056,263,39,224
E00015057,202,18,184
E00015058,248,35,213
E00015059,265,43,222
E00015060,192,19,173
E00015061,181,15,166
E00015062,242,40,202
E00015063,240,25,215
E00015065,146,12,134
E00015066,395,58,337
E00015067,417,43,374
E00015068,309,61,248
E00015069,233,43,190
E00015070,334,92,242
E00015071,224,35,189
E00015072,264,67,197
E00015073,301,52,249
E00015074,333,42,291
E00015075,299,41,258
E00015076,226,22,204
E00015077,293,68,225
E00015078,162,9,153
E00015079,177,18,159
E00015080,288,40,248
E00015081,409,73,336
E00015082,207,19,188
E00015083,288,54,234
E00015084,266,73,193
E00015085,255,50,205
E00015086,276,54,222
E00015087,362,73,289
E00015088,282,64,218
E00015089,253,50,203
E00015090,244,40,204
E00015091,388,76,312
E00015092,302,58,244
E00015093,232,47,185
E00015094,331,84,247
E00015095,289,65,224
E00015096,293,87,206
E00015097,244,48,196
E00015098,315,71,244
E00015099,289,42,247
E00015100,274,65,209
E00015101,192,47,145
E00015102,230,45,185
E00015103,251,29,222
E00015104,254,67,187
E00015105,197,21,176
E00015106,180,11,169
E00015107,152,27,125
E00015108,283,53,230
E00015109,320,71,249
E00015110,300,68,232
E00015111,319,67,252
E00015112,241,42,199
E00015113,268,58,210
E00015114,277,56,221
E00015115,288,65,223
E00015116,294,57,237
E00015117,466,111,355
E00015118,382,83,299
E00015119,352,71,281
E00015120,410,97,313
E00015121,409,94,315
E00015122,285,55,230
E00015123,370,77,293
E00015124,294,53,241
E00015125,304,69,235
E00015126,373,82,291
E00015127,250,44,206
E00015128,318,64,254
E00015129,281,77,204
E00015130,338,73,265
E00015131,300,63,237
E00015132,308,68,240
E00015133,305,60,245
E00015135,366,89,277
E00015136,325,92,233
E00015137,365,63,302
E00015138,235,44,191
E00015139,345,64,281
E00015140,413,105,308
E00015141,276,65,211
E00015142,351,100,251
E00015143,282,90,192
E00015144,337,75,262
E00015145,423,132,291
E00015146,331,86,245
E00015147,321,86,235
E00015148,309,83,226
E00015149,369,91,278
E00015150,363,91,272
E00015151,339,103,236
E00015152,354,92,262
E00015153,369,95,274
E00015154,274,69,205
E00015155,329,104,225
E00015156,299,76,223
E00015157,393,112,281
E00015158,339,53,286
E00015159,368,104,264
E00015160,314,66,248
E00015161,320,66,254
E00015162,332,107,225
E00015163,310,82,228
E00015164,280,70,210
E00015165,373,86,287
E00015167,479,119,360
E00015168,372,51,321
E00015169,244,40,204
E00015171,207,21,186
E00015172,118,13,105
E00015173,177,29,148
E00015175,243,72,171
E00015176,223,53,170
E00015178,176,48,128
E00015179,202,70,132
E00015181,188,19,169
E00015182,186,23,163
E00015183,162,76,86
E00015184,234,60,174
E00015185,257,25,232
E00015186,109,37,72
E00015187,260,66,194
E00015188,104,22,82
E00015189,398,89,309
E00015190,343,75,268
E00015191,169,31,138
E00015192,247,59,188
E00015193,96,11,85
E00015194,147,30,117
E00015195,398,83,315
E00015196,139,14,125
E00015197,232,40,192
E00015198,192,38,154
E00015199,352,77,275
E00015201,365,126,239
E00015202,116,12,104
E00015203,387,70,317
E00015204,378,90,288
E00015205,295,28,267
E00015206,330,108,222
E00015207,486,115,371
E00015208,372,42,330
E00015209,361,59,302
E00015210,280,43,237
E00015211,252,34,218
E00015212,229,19,210
E00015213,315,52,263
E00015214,327,73,254
E00015215,316,47,269
E00015216,178,16,162
E00015217,297,31,266
E00015218,240,27,213
E00015219,439,22,417
E00015220,247,31,216
E00015221,364,36,328
E00015222,276,29,247
E00015223,241,19,222
E00015224,232,43,189
E00015225,219,40,179
E00015226,274,53,221
E00015227,366,88,278
E00015228,459,60,399
E00015229,167,14,153
E00015230,207,20,187
E00015231,277,34,243
E00015232,414,52,362
E00015234,275,32,243
E00015235,347,57,290
E00015236,243,41,202
E00015237,265,24,241
E00015238,241,65,176
E00015239,348,83,265
E00015240,282,40,242
E00015241,491,66,425
E00015242,317,81,236
E00015243,234,36,198
E00015244,486,93,393
E00015245,260,62,198
E00015246,343,78,265
E00015247,247,63,184
E00015249,365,57,308
E00015250,350,47,303
E00015251,242,28,214
E00015252,221,24,197
E00015253,297,57,240
E00015254,299,41,258
E00015255,292,56,236
E00015256,227,29,198
E00015257,402,21,381
E00015258,340,77,263
E00015259,300,46,254
E00015260,309,59,250
E00015261,325,80,245
E00015262,239,20,219
E00015263,133,20,113
E00015264,237,36,201
E00015265,285,56,229
E00015266,171,46,125
E00015267,280,29,251
E00015268,293,29,264
E00015269,365,45,320
E00015270,259,30,229
E00015271,261,28,233
E00015272,306,62,244
E00015273,275,50,225
E00015274,321,44,277
E00015275,264,35,229
E00015276,300,50,250
E00015277,184,39,145
E00015278,268,66,202
E00015279,221,50,171
E00015280,229,18,211
E00015281,353,31,322
E00015282,275,46,229
E00015283,401,36,365
E00015284,180,24,156
E00015285,260,29,231
E00015286,263,74,189
E00015287,365,86,279
E00015288,288,23,265
E00015289,361,28,333
E00015290,360,80,280
E00015291,284,25,259
E00015292,330,65,265
E00015293,405,30,375
E00015294,241,19,222
E00015295,257,36,221
E00015296,272,23,249
E00015297,265,41,224
E00015298,299,49,250
E00015299,254,17,237
E00015300,250,25,225
E00015301,238,26,212
E00015302,192,24,168
E00015303,219,28,191
E00015304,359,48,311
E00015305,327,33,294
E00015306,228,48,180
E00015307,249,43,206
E00015308,253,43,210
E00015309,304,51,253
E00015311,348,56,292
E00015312,221,31,190
E00015313,192,20,172
E00015314,269,45,224
E00015315,250,36,214
E00015316,328,27,301
E00015317,300,48,252
E00015318,270,57,213
E00015319,279,38,241
E00015320,243,55,188
E00015321,412,27,385
E00015322,230,43,187
E00015323,230,32,198
E00015324,351,24,327
E00015325,214,31,183
E00015326,220,35,185
E00015327,236,29,207
E00015328,318,48,270
E00015329,122,16,106
E00015330,339,55,284
E00015331,328,82,246
E00015332,372,117,255
E00015333,226,51,175
E00015334,323,46,277
E00015335,402,43,359
E00015336,301,52,249
E00015337,241,31,210
E00015338,294,21,273
E00015339,328,47,281
E00015340,271,72,199
E00015341,252,41,211
E00015343,233,41,192
E00015344,323,86,237
E00015345,328,38,290
E00015346,288,40,248
E00015347,354,57,297
E00015348,305,41,264
E00015349,280,45,235
E00015350,428,102,326
E00015351,338,57,281
E00015352,142,26,116
E00015354,331,68,263
E00015355,284,84,200
E00015356,227,24,203
E00015357,360,104,256
E00015358,272,72,200
E00015359,537,137,400
E00015360,311,77,234
E00015361,374,138,236
E00015362,457,131,326
E00015363,382,90,292
E00015364,328,79,249
E00015366,297,83,214
E00015367,338,68,270
E00015368,322,97,225
E00015369,341,106,235
E00015370,219,23,196
E00015371,267,67,200
E00015372,314,59,255
E00015373,430,93,337
E00015374,298,41,257
E00015375,281,84,197
E00015376,382,102,280
E00015378,402,102,300
E00015379,263,47,216
E00015380,284,57,227
E00015381,376,121,255
E00015382,450,51,399
E00015383,266,38,228
E00015384,414,57,357
E00015385,166,28,138
E00015386,245,19,226
E00015387,313,47,266
E00015388,367,50,317
E00015389,272,84,188
E00015390,331,18,313
E00015391,339,31,308
E00015392,277,42,235
E00015393,373,65,308
E00015394,435,42,393
E00015395,291,63,228
E00015396,304,86,218
E00015397,507,49,458
E00015398,443,67,376
E00015400,420,72,348
E00015401,460,73,387
E00015402,367,110,257
E00015403,263,42,221
E00015404,457,83,374
E00015405,322,63,259
E00015406,248,49,199
E00015407,269,55,214
E00015408,342,38,304
E00015409,297,63,234
E00015410,366,39,327
E00015411,297,21,276
E00015412,371,36,335
E00015413,266,17,249
E00015414,389,62,327
E00015416,359,45,314
E00015417,276,43,233
E00015418,287,22,265
E00015419,278,25,253
E00015421,262,24,238
E00015422,178,14,164
E00015423,348,36,312
E00015424,207,10,197
E00015425,385,40,345
E00015426,343,39,304
E00015427,284,51,233
E00015428,330,22,308
E00015429,317,28,289
E00015430,317,46,271
E00015431,262,19,243
E00015432,282,40,242
E00015433,381,65,316
E00015434,400,30,370
E00015435,249,56,193
E00015436,258,45,213
E00015437,427,107,320
E00015438,266,39,227
E00015439,298,74,224
E00015440,280,57,223
E00015441,242,41,201
E00015442,264,87,177
E00015443,282,56,226
E00015444,213,53,160
E00015445,298,67,231
E00015446,279,49,230
E00015447,350,99,251
E00015448,240,52,188
E00015449,383,72,311
E00015450,173,64,109
E00015451,230,45,185
E00015452,256,61,195
E00015453,219,51,168
E00015454,225,54,171
E00015455,291,50,241
E00015456,299,74,225
E00015457,344,99,245
E00015458,213,42,171
E00015459,250,32,218
E00015460,256,70,186
E00015461,261,43,218
E00015462,312,74,238
E00015463,274,57,217
E00015464,244,31,213
E00015465,338,82,256
E00015466,226,25,201
E00015467,214,55,159
E00015468,260,30,230
E00015469,332,46,286
E00015470,260,47,213
E00015471,215,37,178
E00015472,320,34,286
E00015473,172,54,118
E00015474,161,37,124
E00015475,269,70,199
E00015476,296,54,242
E00015477,227,36,191
E00015478,293,64,229
E00015479,373,85,288
E00015480,279,62,217
E00015481,310,84,226
E00015482,403,149,254
E00015483,180,40,140
E00015484,382,90,292
E00015485,359,65,294
E00015486,248,66,182
E00015487,234,25,209
E00015488,396,63,333
E00015489,400,77,323
E00015490,394,44,350
E00015491,383,52,331
E00015492,227,32,195
E00015493,400,67,333
E00015494,317,65,252
E00015495,345,51,294
E00015496,279,58,221
E00015497,283,61,222
E00015498,309,86,223
E00015499,321,83,238
E00015501,281,23,258
E00015502,424,146,278
E00015503,283,36,247
E00015504,290,39,251
E00015505,337,42,295
E00015506,312,39,273
E00015507,316,76,240
E00015508,469,68,401
E00015509,312,54,258
E00015510,349,34,315
E00015511,325,72,253
E00015512,266,56,210
E00015513,322,61,261
E00015514,298,47,251
E00015515,259,49,210
E00015516,281,65,216
E00015517,404,96,308
E00015518,364,84,280
E00015519,315,68,247
E00015520,465,99,366
E00015522,408,72,336
E00015523,388,65,323
E00015524,365,70,295
E00015525,445,39,406
E00015526,359,88,271
E00015527,258,59,199
E00015528,276,53,223
E00015529,249,42,207
E00015530,356,66,290
E00015531,203,41,162
E00015532,215,40,175
E00015533,189,31,158
E00015534,214,54,160
E00015535,248,59,189
E00015536,268,40,228
E00015537,343,81,262
E00015538,201,38,163
E00015539,264,55,209
E00015540,203,45,158
E00015541,257,44,213
E00015542,292,75,217
E00015543,229,55,174
E00015544,297,81,216
E00015545,379,98,281
E00015546,257,68,189
E00015547,269,70,199
E00015548,323,86,237
E00015549,431,73,358
E00015550,313,85,228
E00015551,302,59,243
E00015552,413,133,280
E00015553,306,66,240
E00015554,296,50,246
E00015555,262,52,210
E00015556,283,63,220
E00015557,303,59,244
E00015558,406,107,299
E00015559,283,60,223
E00015560,292,79,213
E00015561,299,65,234
E00015562,267,65,202
E00015563,323,36,287
E00015564,288,48,240
E00015565,215,43,172
E00015566,230,36,194
E00015567,397,81,316
E00015568,289,58,231
E00015569,283,54,229
E00015570,286,38,248
E00015571,187,27,160
E00015572,278,53,225
E00015573,298,77,221
E00015574,290,28,262
E00015575,319,35,284
E00015576,440,62,378
E00015577,364,66,298
E00015578,316,74,242
E00015579,336,28,308
E00015580,314,22,292
E00015581,300,66,234
E00015582,288,50,238
E00015583,246,60,186
E00015584,337,77,260
E00015585,349,47,302
E00015586,255,78,177
E00015587,551,100,451
E00015588,581,168,413
E00015589,360,134,226
E00015591,458,100,358
E00015592,396,71,325
E00015593,368,82,286
E00015594,303,72,231
E00015595,409,36,373
E00015596,285,59,226
E00015597,350,61,289
E00015598,416,84,332
E00015600,325,97,228
E00015601,314,69,245
E00015602,286,57,229
E00015603,282,57,225
E00015604,276,33,243
E00015605,255,49,206
E00015606,283,47,236
E00015607,296,53,243
E00015608,278,29,249
E00015609,277,27,250
E00015611,542,188,354
E00015612,275,23,252
E00015613,285,21,264
E00015614,332,30,302
E00015615,308,45,263
E00015616,388,46,342
E00015617,216,23,193
E00015618,379,44,335
E00015619,298,49,249
E00015620,286,65,221
E00015621,214,14,200
E00015623,389,79,310
E00015624,263,27,236
E00015625,310,77,233
E00015627,463,204,259
E00015628,388,44,344
E00015629,261,58,203
E00015630,356,50,306
E00015631,295,69,226
E00015632,217,40,177
E00015633,329,43,286
E00015634,396,89,307
E00015635,321,29,292
E00015636,294,47,247
E00015637,267,30,237
E00015638,305,31,274
E00015639,188,17,171
E00015640,178,17,161
E00015641,278,31,247
E00015642,479,133,346
E00015643,277,65,212
E00015644,270,21,249
E00015645,283,5,278
E00015646,208,36,172
E00015647,226,22,204
E00015648,319,46,273
E00015649,342,83,259
E00015650,299,47,252
E00015651,272,65,207
E00015652,419,41,378
E00015653,322,40,282
E00015654,228,33,195
E00015655,303,45,258
E00015656,210,18,192
E00015657,337,54,283
E00015658,212,30,182
E00015659,249,42,207
E00015660,259,46,213
E00015661,302,30,272
E00015662,309,64,245
E00015663,248,45,203
E00015664,281,56,225
E00015665,258,42,216
E00015667,252,49,203
E00015668,208,31,177
E00015669,210,43,167
E00015670,218,57,161
E00015671,224,44,180
E00015672,383,31,352
E00015673,230,34,196
E00015674,189,9,180
E00015675,373,88,285
E00015676,306,67,239
E00015677,343,82,261
E00015678,389,23,366
E00015679,264,32,232
E00015680,316,63,253
E00015681,192,28,164
E00015682,419,106,313
E00015683,187,42,145
E00015684,327,32,295
E00015686,206,26,180
E00015687,360,65,295
E00015688,205,15,190
E00015689,229,64,165
E00015690,392,76,316
E00015691,242,49,193
E00015692,515,180,335
E00015693,319,69,250
E00015694,217,22,195
E00015695,292,54,238
E00015696,292,58,234
E00015697,408,97,311
E00015698,251,40,211
E00015699,280,68,212
E00015700,291,81,210
E00015701,225,52,173
E00015702,248,63,185
E00015704,349,87,262
E00015706,441,113,328
E00015707,150,20,130
E00015708,362,83,279
E00015709,383,88,295
E00015710,232,35,197
E00015711,298,58,240
E00015712,265,53,212
E00015713,300,47,253
E00015714,218,36,182
E00015715,218,25,193
E00015716,269,36,233
E00015717,280,64,216
E00015719,334,66,268
E00015720,303,45,258
E00015721,295,78,217
E00015722,323,56,267
E00015723,467,52,415
E00015724,337,64,273
E00015726,249,36,213
E00015727,279,77,202
E00015728,272,47,225
E00015729,312,47,265
E00015730,289,45,244
E00015731,348,52,296
E00015732,280,55,225
E00015733,253,70,183
E00015734,567,130,437
E00015735,346,53,293
E00015736,195,30,165
E00015737,446,66,380
E00015738,273,48,225
E00015739,222,19,203
E00015740,295,41,254
E00015741,284,65,219
E00015742,394,107,287
E00015743,306,49,257
E00015744,257,49,208
E00015745,506,127,379
E00015746,351,51,300
E00015747,470,64,406
E00015748,239,32,207
E00015749,309,79,230
E00015750,250,16,234
E00015751,408,51,357
E00015752,321,44,277
E00015753,380,51,329
E00015754,387,115,272
E00015755,243,30,213
E00015756,282,41,241
E00015757,247,59,188
E00015758,341,78,263
E00015759,307,69,238
E00015760,301,83,218
E00015761,292,76,216
E00015763,304,89,215
E00015764,281,43,238
E00015765,214,27,187
E00015766,233,41,192
E00015767,279,78,201
E00015768,257,40,217
E00015769,339,39,300
E00015770,389,103,286
E00015771,256,47,209
E00015772,233,25,208
E00015773,396,66,330
E00015774,332,70,262
E00015775,321,41,280
E00015776,283,24,259
E00015777,233,53,180
E00015778,276,69,207
E00015779,345,77,268
E00015781,403,87,316
E00015782,286,43,243
E00015783,230,59,171
E00015784,444,90,354
E00015785,219,35,184
E00015786,261,23,238
E00015787,386,60,326
E00015788,456,112,344
E00015789,419,52,367
E00015790,296,54,242
E00015791,353,96,257
E00015792,355,41,314
E00015793,220,33,187
E00015794,328,81,247
E00015795,226,22,204
E00015796,306,31,275
E00015798,352,89,263
E00015799,213,35,178
E00015800,535,101,434
E00015802,277,55,222
E00015803,339,59,280
E00015804,403,69,334
E00015805,235,26,209
E00015806,306,65,241
E00015807,327,59,268
E00015808,319,80,239
E00015809,246,30,216
E00015810,290,48,242
E00015811,295,32,263
E00015812,293,50,243
E00015813,218,31,187
E00015814,302,58,244
E00015815,314,72,242
E00015816,374,78,296
E00015817,309,51,258
E00015818,291,38,253
E00015819,335,70,265
E00015820,283,70,213
E00015821,342,63,279
E00015822,242,38,204
E00015824,261,36,225
E00015825,260,43,217
E00015826,348,74,274
E00015827,233,43,190
E00015828,267,46,221
E00015829,272,64,208
E00015830,343,75,268
E00015831,291,50,241
E00015832,193,35,158
E00015833,163,25,138
E00015834,233,46,187
E00015835,223,28,195
E00015836,280,80,200
E00015837,227,31,196
E00015838,269,62,207
E00015839,243,41,202
E00015840,177,39,138
E00015841,309,62,247
E00015842,267,72,195
E00015843,324,64,260
E00015844,263,66,197
E00015845,221,29,192
E00015846,271,35,236
E00015847,323,63,260
E00015848,356,84,272
E00015849,342,61,281
E00015850,371,46,325
E00015851,300,45,255
E00015852,358,64,294
E00015853,390,48,342
E00015854,209,36,173
E00015855,264,48,216
E00015856,317,68,249
E00015857,326,70,256
E00015858,345,75,270
E00015859,334,78,256
E00015860,314,54,260
E00015861,379,95,284
E00015862,378,61,317
E00015863,334,106,228
E00015864,408,72,336
E00015865,369,70,299
E00015866,357,56,301
E00015867,212,29,183
E00015868,280,57,223
E00015869,204,34,170
E00015870,271,41,230
E00015871,240,39,201
E00015872,314,40,274
E00015873,276,52,224
E00015874,325,51,274
E00015875,443,83,360
E00015876,303,78,225
E00015877,382,82,300
E00015878,274,54,220
E00015879,317,78,239
E00015880,305,67,238
E00015881,542,89,453
E00015882,448,91,357
E00015883,329,66,263
E00015884,263,44,219
E00015885,296,66,230
E00015886,362,57,305
E00015887,309,61,248
E00015888,334,86,248
E00015889,321,65,256
E00015890,299,77,222
E00015891,292,71,221
E00015892,301,84,217
E00015893,286,59,227
E00015894,233,24,209
E00015895,322,47,275
E00015896,275,43,232
E00015897,410,102,308
E00015898,386,61,325
E00015899,303,60,243
E00015900,337,56,281
E00015901,334,66,268
E00015902,320,46,274
E00015903,291,36,255
E00015904,286,47,239
E00015905,269,50,219
E00015906,360,93,267
E00015907,292,52,240
E00015909,294,52,242
E00015910,302,29,273
E00015911,304,33,271
E00015912,353,98,255
E00015913,312,35,277
E00015914,275,46,229
E00015915,344,48,296
E00015916,275,35,240
E00015917,259,40,219
E00015918,358,61,297
E00015919,264,55,209
E00015920,304,94,210
E00015921,329,67,262
E00015922,337,56,281
E00015923,293,54,239
E00015924,355,52,303
E00015925,218,46,172
E00015926,379,81,298
E00015927,288,49,239
E00015928,237,31,206
E00015929,265,28,237
E00015930,250,53,197
E00015931,311,40,271
E00015932,285,42,243
E00015933,239,38,201
E00015934,239,42,197
E00015935,396,69,327
E00015936,286,56,230
E00015937,242,28,214
E00015938,219,23,196
E00015939,356,32,324
E00015940,331,49,282
E00015941,455,54,401
E00015942,219,22,197
E00015943,287,58,229
E00015944,233,36,197
E00015945,256,67,189
E00015946,221,33,188
E00015947,439,63,376
E00015948,285,42,243
E00015949,258,77,181
E00015950,233,40,193
E00015951,213,28,185
E00015952,310,72,238
E00015953,293,81,212
E00015954,238,42,196
E00015955,311,60,251
E00015956,359,89,270
E00015957,267,51,216
E00015958,332,62,270
E00015959,269,33,236
E00015960,261,31,230
E00015961,239,43,196
E00015962,255,46,209
E00015963,333,78,255
E00015964,287,63,224
E00015965,321,51,270
E00015966,335,52,283
E00015967,315,98,217
E00015968,222,35,187
E00015969,252,49,203
E00015970,242,32,210
E00015971,320,65,255
E00015972,320,80,240
E00015973,253,39,214
E00015974,204,21,183
E00015975,167,15,152
E00015976,292,69,223
E00015977,205,35,170
E00015978,257,51,206
E00015979,194,18,176
E00015980,225,27,198
E00015981,226,42,184
E00015982,325,61,264
E00015983,305,45,260
E00015984,493,94,399
E00015985,322,36,286
E00015986,359,73,286
E00015987,453,56,397
E00015988,321,82,239
E00015989,385,111,274
E00015990,519,129,390
E00015991,340,66,274
E00015992,348,58,290
E00015993,245,38,207
E00015994,306,59,247
E00015995,320,63,257
E00015996,330,57,273
E00015997,483,82,401
E00015998,392,67,325
E00015999,225,31,194
E00016000,256,42,214
E00016001,250,50,200
E00016002,422,73,349
E00016003,232,47,185
E00016004,393,132,261
E00016005,328,79,249
E00016006,437,83,354
E00016007,339,87,252
E00016008,396,82,314
E00016009,281,63,218
E00016010,213,42,171
E00016011,446,84,362
E00016012,295,65,230
E00016013,355,48,307
E00016014,283,60,223
E00016015,384,87,297
E00016016,398,74,324
E00016017,395,104,291
E00016018,292,52,240
E00016019,241,23,218
E00016020,429,110,319
E00016021,251,24,227
E00016022,277,38,239
E00016023,294,31,263
E00016025,156,15,141
E00016026,272,32,240
E00016027,297,53,244
E00016028,263,75,188
E00016029,322,63,259
E00016030,286,53,233
E00016031,372,112,260
E00016032,378,77,301
E00016033,318,98,220
E00016034,339,53,286
E00016035,402,107,295
E00016036,291,93,198
E00016037,322,88,234
E00016038,412,128,284
E00016039,353,101,252
E00016040,451,145,306
E00016041,481,140,341
E00016042,235,27,208
E00016043,132,28,104
E00016044,237,65,172
E00016045,431,130,301
E00016046,492,151,341
E00016047,304,53,251
E00016048,250,39,211
E00016049,294,50,244
E00016050,362,62,300
E00016051,297,28,269
E00016052,281,40,241
E00016053,333,40,293
E00016054,324,48,276
E00016055,297,39,258
E00016056,253,31,222
E00016057,324,81,243
E00016058,308,98,210
E00016059,316,57,259
E00016060,255,32,223
E00016061,263,58,205
E00016062,215,29,186
E00016063,321,33,288
E00016064,316,101,215
E00016065,309,83,226
E00016066,271,48,223
E00016067,306,68,238
E00016068,404,100,304
E00016069,388,57,331
E00016070,246,36,210
E00016071,279,38,241
E00016072,301,47,254
E00016073,225,27,198
E00016074,414,89,325
E00016075,314,64,250
E00016076,385,90,295
E00016077,231,28,203
E00016078,250,46,204
E00016079,290,24,266
E00016080,279,59,220
E00016083,344,77,267
E00016084,560,62,498
E00016086,262,50,212
E00016087,212,54,158
E00016088,200,41,159
E00016089,261,47,214
E00016090,312,25,287
E00016091,362,110,252
E00016092,233,49,184
E00016093,287,52,235
E00016094,333,78,255
E00016096,409,52,357
E00016097,332,30,302
E00016098,295,80,215
E00016100,337,51,286
E00016101,251,46,205
E00016102,477,95,382
E00016103,273,47,226
E00016104,344,95,249
E00016105,295,59,236
E00016106,232,43,189
E00016107,319,53,266
E00016108,210,35,175
E00016109,408,50,358
E00016110,341,72,269
E00016111,311,57,254
E00016112,283,67,216
E00016113,363,79,284
E00016114,279,60,219
E00016115,322,73,249
E00016116,336,78,258
E00016117,287,66,221
E00016118,334,53,281
E00016119,311,69,242
E00016120,282,60,222
E00016121,244,44,200
E00016122,334,87,247
E00016123,269,58,211
E00016124,325,101,224
E00016125,355,103,252
E00016126,333,50,283
E00016127,401,92,309
E00016128,333,90,243
E00016129,307,81,226
E00016130,320,82,238
E00016131,353,89,264
E00016132,280,61,219
E00016133,344,104,240
E00016134,250,52,198
E00016135,306,64,242
E00016136,315,99,216
E00016137,393,124,269
E00016138,268,63,205
E00016139,375,125,250
E00016140,268,50,218
E00016141,309,88,221
E00016143,393,92,301
E00016144,284,64,220
E00016145,265,75,190
E00016146,301,75,226
E00016147,327,77,250
E00016148,290,75,215
E00016149,280,64,216
E00016150,337,112,225
E00016151,260,83,177
E00016152,237,46,191
E00016153,248,32,216
E00016154,274,57,217
E00016155,378,68,310
E00016156,317,70,247
E00016157,345,101,244
E00016158,282,56,226
E00016159,358,71,287
E00016160,268,47,221
E00016161,309,51,258
E00016162,239,42,197
E00016163,269,61,208
E00016164,310,69,241
E00016165,249,41,208
E00016166,161,32,129
E00016167,238,46,192
E00016168,138,12,126
E00016169,247,44,203
E00016170,375,77,298
E00016171,250,28,222
E00016172,207,23,184
E00016173,271,54,217
E00016174,253,44,209
E00016175,316,50,266
E00016176,292,70,222
E00016177,230,37,193
E00016178,254,54,200
E00016179,314,62,252
E00016180,243,40,203
E00016181,281,50,231
E00016182,318,69,249
E00016183,206,23,183
E00016184,226,21,205
E00016185,217,30,187
E00016186,438,76,362
E00016187,293,52,241
E00016188,270,44,226
E00016189,301,58,243
E00016190,231,31,200
E00016191,254,33,221
E00016192,338,64,274
E00016193,260,45,215
E00016194,280,67,213
E00016195,242,42,200
E00016196,412,105,307
E00016197,299,30,269
E00016198,379,132,247
E00016200,339,112,227
E00016202,426,87,339
E00016204,248,36,212
E00016205,223,25,198
E00016206,246,36,210
E00016208,256,51,205
E00016209,449,135,314
E00016210,449,103,346
E00016211,258,69,189
E00016212,304,89,215
E00016213,358,106,252
E00016214,359,72,287
E00016215,329,76,253
E00016216,328,61,267
E00016217,349,52,297
E00016218,212,26,186
E00016219,296,62,234
E00016220,222,29,193
E00016221,301,48,253
E00016222,342,66,276
E00016223,205,28,177
E00016224,287,35,252
E00016225,240,50,190
E00016226,314,92,222
E00016227,383,130,253
E00016228,290,69,221
E00016229,392,53,339
E00016230,348,66,282
E00016231,310,62,248
E00016232,308,76,232
E00016233,325,82,243
E00016235,298,81,217
E00016237,282,69,213
E00016238,387,106,281
E00016239,373,75,298
E00016241,222,51,171
E00016244,306,67,239
E00016245,454,152,302
E00016246,168,33,135
E00016247,304,58,246
E00016248,297,40,257
E00016249,232,36,196
E00016250,264,65,199
E00016252,317,56,261
E00016253,281,63,218
E00016254,270,42,228
E00016255,209,29,180
E00016256,265,41,224
E00016257,358,80,278
E00016258,379,85,294
E00016259,298,76,222
E00016260,329,67,262
E00016261,326,49,277
E00016262,264,50,214
E00016263,227,43,184
E00016264,290,39,251
E00016265,474,89,385
E00016266,392,86,306
E00016267,275,52,223
E00016268,447,87,360
E00016269,336,71,265
E00016270,279,46,233
E00016271,359,88,271
E00016272,313,59,254
E00016273,365,60,305
E00016274,355,70,285
E00016275,392,91,301
E00016276,362,44,318
E00016277,299,61,238
E00016278,280,56,224
E00016279,292,55,237
E00016280,262,43,219
E00016281,414,103,311
E00016282,338,68,270
E00016283,330,63,267
E00016284,281,50,231
E00016285,251,23,228
E00016286,352,53,299
E00016287,312,64,248
E00016288,330,71,259
E00016289,297,60,237
E00016290,340,93,247
E00016291,474,93,381
E00016292,309,78,231
E00016293,383,98,285
E00016294,281,48,233
E00016295,349,94,255
E00016296,252,48,204
E00016297,302,49,253
E00016298,412,101,311
E00016299,368,82,286
E00016300,344,49,295
E00016301,368,74,294
E00016302,271,43,228
E00016303,375,71,304
E00016304,306,41,265
E00016305,258,56,202
E00016306,304,54,250
E00016307,353,84,269
E00016308,334,70,264
E00016309,266,45,221
E00016310,228,51,177
E00016311,310,67,243
E00016312,336,75,261
E00016313,231,41,190
E00016314,257,38,219
E00016315,368,56,312
E00016316,297,54,243
E00016317,301,60,241
E00016318,280,54,226
E00016319,235,47,188
E00016320,256,37,219
E00016321,319,58,261
E00016322,406,83,323
E00016323,241,53,188
E00016324,363,75,288
E00016325,278,43,235
E00016326,290,64,226
E00016327,299,53,246
E00016328,268,54,214
E00016329,343,85,258
E00016330,258,43,215
E00016331,368,85,283
E00016332,385,75,310
E00016333,244,49,195
E00016334,510,144,366
E00016335,202,39,163
E00016336,329,61,268
E00016337,316,62,254
E00016338,337,56,281
E00016339,311,75,236
E00016340,308,61,247
E00016341,313,79,234
E00016342,251,47,204
E00016343,334,74,260
E00016344,447,74,373
E00016345,258,42,216
E00016346,277,71,206
E00016348,208,58,150
E00016349,341,100,241
E00016350,327,80,247
E00016351,487,127,360
E00016352,282,81,201
E00016353,322,94,228
E00016354,211,45,166
E00016356,341,100,241
E00016357,332,86,246
E00016358,276,64,212
E00016359,308,63,245
E00016360,439,107,332
E00016361,247,49,198
E00016362,332,102,230
E00016363,371,100,271
E00016364,298,66,232
E00016365,213,34,179
E00016366,255,67,188
E00016367,178,38,140
E00016368,277,44,233
E00016369,314,83,231
E00016370,403,94,309
E00016371,298,84,214
E00016372,296,81,215
E00016373,351,89,262
E00016374,256,46,210
E00016375,294,96,198
E00016376,316,90,226
E00016377,272,67,205
E00016378,304,81,223
E00016379,326,95,231
E00016380,283,91,192
E00016381,365,92,273
E00016382,272,67,205
E00016383,356,106,250
E00016384,299,59,240
E00016385,400,80,320
E00016386,218,25,193
E00016387,329,79,250
E00016388,306,56,250
E00016389,323,102,221
E00016390,220,62,158
E00016391,317,63,254
E00016392,330,88,242
E00016393,306,95,211
E00016394,313,88,225
E00016396,226,29,197
E00016398,257,36,221
E00016399,515,149,366
E00016401,573,225,348
E00016402,302,83,219
E00016403,356,124,232
E00016404,343,52,291
E00016405,314,52,262
E00016406,344,100,244
E00016407,246,40,206
E00016408,300,69,231
E00016409,363,101,262
E00016410,295,42,253
E00016411,347,84,263
E00016412,452,111,341
E00016413,305,82,223
E00016414,332,72,260
E00016415,326,93,233
E00016416,252,71,181
E00016417,330,90,240
E00016419,368,137,231
E00016420,331,130,201
E00016421,262,71,191
E00016422,481,172,309
E00016423,309,97,212
E00016424,297,92,205
E00016426,289,89,200
E00016427,278,93,185
E00016428,352,71,281
E00016429,230,33,197
E00016430,252,71,181
E00016431,511,76,435
E00016432,400,75,325
E00016435,467,142,325
E00016436,404,90,314
E00016437,489,145,344
E00016438,247,35,212
E00016440,262,89,173
E00016441,384,67,317
E00016442,353,144,209
E00016443,287,62,225
E00016444,328,54,274
E00016445,306,66,240
E00016446,335,50,285
E00016447,257,45,212
E00016448,318,60,258
E00016449,275,60,215
E00016450,235,34,201
E00016451,305,59,246
E00016452,283,67,216
E00016453,197,26,171
E00016454,235,47,188
E00016455,223,50,173
E00016456,266,50,216
E00016457,285,40,245
E00016458,263,53,210
E00016459,255,62,193
E00016460,345,87,258
E00016462,288,49,239
E00016464,264,72,192
E00016465,220,48,172
E00016466,248,44,204
E00016467,299,39,260
E00016468,235,53,182
E00016469,319,65,254
E00016470,243,49,194
E00016471,227,67,160
E00016472,252,41,211
E00016473,294,68,226
E00016474,244,42,202
E00016475,221,68,153
E00016476,317,82,235
E00016477,244,31,213
E00016478,179,34,145
E00016479,234,70,164
E00016480,259,78,181
E00016481,344,71,273
E00016482,252,78,174
E00016483,256,38,218
E00016484,332,80,252
E00016485,267,50,217
E00016486,397,72,325
E00016487,266,67,199
E00016488,308,74,234
E00016489,316,69,247
E00016490,361,63,298
E00016491,232,36,196
E00016492,263,50,213
E00016493,348,75,273
E00016494,321,61,260
E00016495,189,25,164
E00016496,251,46,205
E00016497,259,56,203
E00016498,526,97,429
E00016499,447,130,317
E00016500,313,97,216
E00016501,386,73,313
E00016502,231,34,197
E00016503,185,18,167
E00016504,289,60,229
E00016505,317,65,252
E00016506,311,66,245
E00016507,219,40,179
E00016508,319,55,264
E00016509,403,72,331
E00016510,235,41,194
E00016511,339,70,269
E00016512,288,49,239
E00016513,314,75,239
E00016514,275,51,224
E00016515,327,71,256
E00016516,286,81,205
E00016517,204,37,167
E00016518,322,49,273
E00016519,235,42,193
E00016520,285,68,217
E00016521,231,48,183
E00016522,266,57,209
E00016523,206,30,176
E00016524,337,68,269
E00016525,222,18,204
E00016526,255,40,215
E00016527,217,57,160
E00016528,220,34,186
E00016529,247,44,203
E00016530,278,77,201
E00016531,347,85,262
E00016532,218,42,176
E00016533,289,60,229
E00016534,361,77,284
E00016535,254,59,195
E00016536,314,74,240
E00016537,282,75,207
E00016538,335,69,266
E00016539,363,101,262
E00016540,293,69,224
E00016541,339,44,295
E00016542,356,84,272
E00016543,317,63,254
E00016544,306,66,240
E00016545,341,98,243
E00016546,282,65,217
E00016547,345,60,285
E00016548,331,66,265
E00016549,358,85,273
E00016550,283,55,228
E00016551,412,103,309
E00016552,299,62,237
E00016553,334,82,252
E00016554,275,45,230
E00016555,348,67,281
E00016556,313,56,257
E00016557,207,52,155
E00016559,321,55,266
E00016560,339,69,270
E00016562,326,73,253
E00016563,485,123,362
E00016564,331,61,270
E00016565,293,49,244
E00016566,279,58,221
E00016567,183,64,119
E00016569,292,60,232
E00016571,295,46,249
E00016572,287,49,238
E00016573,324,65,259
E00016574,275,49,226
E00016575,229,33,196
E00016576,267,43,224
E00016577,340,78,262
E00016578,241,44,197
E00016580,342,66,276
E00016583,249,59,190
E00016584,569,81,488
E00016585,294,52,242
E00016587,426,96,330
E00016588,333,70,263
E00016589,286,53,233
E00016590,339,43,296
E00016591,290,60,230
E00016592,394,94,300
E00016593,424,96,328
E00016594,331,70,261
E00016595,276,92,184
E00016596,321,76,245
E00016597,267,59,208
E00016598,518,94,424
E00016599,281,69,212
E00016600,360,98,262
E00016601,316,85,231
E00016602,307,74,233
E00016603,450,105,345
E00016604,238,52,186
E00016605,466,75,391
E00016606,404,88,316
E00016607,205,32,173
E00016608,192,38,154
E00016609,249,46,203
E00016610,307,75,232
E00016611,192,31,161
E00016612,213,49,164
E00016613,384,78,306
E00016614,344,99,245
E00016615,332,88,244
E00016616,253,48,205
E00016617,318,64,254
E00016618,231,77,154
E00016619,282,56,226
E00016620,272,67,205
E00016621,223,75,148
E00016622,247,52,195
E00016623,309,35,274
E00016624,263,28,235
E00016625,313,45,268
E00016626,334,76,258
E00016628,365,50,315
E00016629,425,107,318
E00016630,324,50,274
E00016631,331,58,273
E00016632,479,114,365
E00016633,274,57,217
E00016640,345,59,286
E00016641,373,104,269
E00016642,449,84,365
E00016643,276,34,242
E00016645,322,42,280
E00016646,346,65,281
E00016647,362,97,265
E00016648,301,41,260
E00016649,286,50,236
E00016650,295,58,237
E00016651,529,92,437
E00016652,297,76,221
E00016653,273,67,206
E00016654,211,49,162
E00016655,318,50,268
E00016656,417,61,356
E00016657,225,58,167
E00016658,216,40,176
E00016659,241,46,195
E00016660,331,68,263
E00016661,280,43,237
E00016662,278,50,228
E00016663,326,62,264
E00016664,361,62,299
E00016666,287,45,242
E00016667,354,68,286
E00016668,206,32,174
E00016669,218,41,177
E00016670,286,69,217
E00016671,131,18,113
E00016672,316,69,247
E00016673,311,32,279
E00016674,538,116,422
E00016675,237,68,169
E00016676,269,68,201
E00016678,280,80,200
E00016679,236,68,168
E00016680,266,31,235
E00016682,180,14,166
E00016683,303,66,237
E00016684,202,23,179
E00016685,316,85,231
E00016686,351,92,259
E00016687,185,31,154
E00016688,306,75,231
E00016689,290,59,231
E00016690,306,85,221
E00016691,316,65,251
E00016693,427,156,271
E00016695,243,48,195
E00016696,250,77,173
E00016697,312,86,226
E00016699,259,74,185
E00016701,420,145,275
E00016703,294,84,210
E00016705,376,79,297
E00016706,283,50,233
E00016708,324,63,261
E00016709,416,108,308
E00016710,384,136,248
E00016711,435,115,320
E00016712,318,82,236
E00016713,367,75,292
E00016714,356,86,270
E00016715,309,67,242
E00016716,296,66,230
E00016717,196,39,157
E00016718,247,57,190
E00016719,304,83,221
E00016720,310,52,258
E00016721,279,95,184
E00016722,366,121,245
E00016723,247,58,189
E00016724,264,52,212
E00016725,203,34,169
E00016726,203,59,144
E00016727,300,61,239
E00016728,248,55,193
E00016729,249,47,202
E00016730,316,66,250
E00016731,306,63,243
E00016732,303,63,240
E00016733,289,59,230
E00016734,267,42,225
E00016735,351,69,282
E00016737,267,30,237
E00016738,394,75,319
E00016739,292,72,220
E00016740,300,56,244
E00016741,254,27,227
E00016742,325,51,274
E00016743,238,39,199
E00016744,333,64,269
E00016745,365,93,272
E00016746,328,57,271
E00016747,240,36,204
E00016748,267,51,216
E00016749,269,51,218
E00016750,255,40,215
E00016751,279,69,210
E00016752,357,76,281
E00016753,286,49,237
E00016754,255,41,214
E00016755,417,90,327
E00016756,291,75,216
E00016757,260,58,202
E00016758,305,74,231
E00016759,298,68,230
E00016760,230,32,198
E00016761,294,63,231
E00016762,327,69,258
E00016763,295,49,246
E00016764,261,68,193
E00016765,222,35,187
E00016766,351,106,245
E00016767,235,40,195
E00016768,300,66,234
E00016769,349,107,242
E00016770,139,17,122
E00016771,356,75,281
E00016772,346,56,290
E00016773,227,66,161
E00016774,347,76,271
E00016775,255,85,170
E00016776,300,49,251
E00016777,330,70,260
E00016778,287,60,227
E00016779,215,42,173
E00016780,462,89,373
E00016781,283,69,214
E00016782,565,113,452
E00016783,289,44,245
E00016784,293,55,238
E00016785,235,33,202
E00016786,235,44,191
E00016787,479,148,331
E00016788,267,53,214
E00016789,366,75,291
E00016790,219,48,171
E00016791,285,56,229
E00016792,435,141,294
E00016793,215,41,174
E00016794,210,49,161
E00016795,260,53,207
E00016796,438,102,336
E00016797,354,76,278
E00016799,315,65,250
E00016800,281,78,203
E00016801,321,46,275
E00016802,366,79,287
E00016803,232,51,181
E00016804,343,83,260
E00016805,348,61,287
E00016806,231,47,184
E00016807,348,72,276
E00016808,228,67,161
E00016809,296,34,262
E00016810,328,51,277
E00016811,335,50,285
E00016812,314,55,259
E00016813,298,45,253
E00016814,277,39,238
E00016815,298,60,238
E00016816,253,46,207
E00016817,329,58,271
E00016818,289,50,239
E00016819,246,31,215
E00016820,274,64,210
E00016822,337,78,259
E00016823,267,58,209
E00016824,252,44,208
E00016825,177,48,129
E00016826,378,87,291
E00016827,309,58,251
E00016828,240,51,189
E00016829,250,33,217
E00016830,323,66,257
E00016831,250,62,188
E00016832,242,55,187
E00016833,348,71,277
E00016834,408,100,308
E00016835,293,52,241
E00016836,266,54,212
E00016837,254,46,208
E00016838,229,78,151
E00016839,261,42,219
E00016840,323,81,242
E00016841,330,96,234
E00016842,208,42,166
E00016843,302,81,221
E00016844,225,42,183
E00016845,307,62,245
E00016846,269,46,223
E00016847,215,69,146
E00016848,218,42,176
E00016849,267,56,211
E00016850,228,41,187
E00016851,323,60,263
E00016852,207,36,171
E00016853,431,111,320
E00016854,263,61,202
E00016855,202,31,171
E00016856,342,72,270
E00016857,281,66,215
E00016858,213,60,153
E00016859,307,49,258
E00016860,328,48,280
E00016861,397,79,318
E00016862,292,48,244
E00016863,445,66,379
E00016864,299,70,229
E00016865,337,61,276
E00016866,323,64,259
E00016867,252,31,221
E00016868,258,44,214
E00016869,236,39,197
E00016870,316,65,251
E00016871,316,61,255
E00016872,318,75,243
E00016873,326,87,239
E00016874,284,55,229
E00016875,236,45,191
E00016876,204,31,173
E00016877,209,38,171
E00016878,276,67,209
E00016879,397,75,322
E00016880,498,159,339
E00016881,371,90,281
E00016883,346,67,279
E00016884,316,62,254
E00016885,305,46,259
E00016886,314,53,261
E00016887,235,41,194
E00016888,298,65,233
E00016889,272,64,208
E00016890,281,67,214
E00016891,341,66,275
E00016892,288,62,226
E00016893,299,44,255
E00016894,320,64,256
E00016895,275,42,233
E00016896,264,39,225
E00016897,503,102,401
E00016898,253,38,215
E00016899,208,17,191
E00016900,335,47,288
E00016901,217,51,166
E00016902,294,58,236
E00016903,310,55,255
E00016904,222,47,175
E00016905,269,60,209
E00016906,251,38,213
E00016907,327,86,241
E00016908,230,43,187
E00016909,348,106,242
E00016910,346,114,232
E00016911,374,100,274
E00016912,278,77,201
E00016913,386,110,276
E00016914,244,68,176
E00016915,274,72,202
E00016916,358,89,269
E00016917,452,101,351
E00016918,518,107,411
E00016919,322,52,270
E00016920,316,76,240
E00016921,272,58,214
E00016922,265,57,208
E00016923,342,76,266
E00016924,412,67,345
E00016925,384,60,324
E00016926,351,97,254
E00016927,273,40,233
E00016928,418,126,292
E00016929,270,69,201
E00016930,581,130,451
E00016931,253,64,189
E00016932,295,87,208
E00016933,528,151,377
E00016934,355,67,288
E00016935,391,85,306
E00016936,335,86,249
E00016937,441,99,342
E00016938,297,77,220
E00016939,300,72,228
E00016940,255,56,199
E00016941,379,87,292
E00016942,313,75,238
E00016943,258,74,184
E00016944,316,54,262
E00016945,347,102,245
E00016946,429,99,330
E00016947,157,28,129
E00016948,364,129,235
E00016949,368,122,246
E00016950,293,65,228
E00016951,291,97,194
E00016952,247,47,200
E00016953,251,55,196
E00016954,266,95,171
E00016955,334,108,226
E00016956,273,95,178
E00016957,328,106,222
E00016958,337,103,234
E00016959,298,60,238
E00016960,242,47,195
E00016961,339,95,244
E00016962,436,136,300
E00016963,342,87,255
E00016964,340,74,266
E00016965,354,107,247
E00016966,216,66,150
E00016967,361,108,253
E00016968,299,72,227
E00016969,397,96,301
E00016971,341,93,248
E00016972,187,28,159
E00016973,222,25,197
E00016974,302,41,261
E00016975,197,28,169
E00016976,305,59,246
E00016977,271,39,232
E00016978,262,25,237
E00016979,203,22,181
E00016980,265,40,225
E00016981,312,43,269
E00016982,263,26,237
E00016983,274,47,227
E00016984,352,61,291
E00016985,293,100,193
E00016986,259,40,219
E00016987,278,53,225
E00016988,336,29,307
E00016989,230,35,195
E00016990,195,22,173
E00016991,263,42,221
E00016992,283,77,206
E00016993,346,100,246
E00016994,275,55,220
E00016995,362,41,321
E00016996,249,86,163
E00016997,334,44,290
E00016998,235,46,189
E00016999,307,55,252
E00017000,255,54,201
E00017001,325,67,258
E00017002,306,56,250
E00017003,344,44,300
E00017004,300,48,252
E00017005,296,44,252
E00017006,273,41,232
E00017007,286,42,244
E00017008,329,84,245
E00017009,294,73,221
E00017010,281,51,230
E00017011,351,75,276
E00017012,360,78,282
E00017013,355,90,265
E00017014,362,73,289
E00017015,366,62,304
E00017016,397,69,328
E00017017,373,75,298
E00017018,346,81,265
E00017019,216,24,192
E00017020,314,65,249
E00017021,315,42,273
E00017022,307,54,253
E00017023,321,64,257
E00017024,345,78,267
E00017025,306,59,247
E00017026,243,46,197
E00017027,360,75,285
E00017028,306,62,244
E00017029,388,88,300
E00017030,355,42,313
E00017031,311,61,250
E00017032,296,70,226
E00017033,356,82,274
E00017034,359,98,261
E00017035,280,52,228
E00017036,286,34,252
E00017037,390,58,332
E00017038,328,57,271
E00017039,262,44,218
E00017040,293,36,257
E00017041,221,26,195
E00017043,296,50,246
E00017044,284,53,231
E00017045,265,34,231
E00017046,217,21,196
E00017047,406,71,335
E00017048,345,56,289
E00017049,242,35,207
E00017050,242,36,206
E00017051,499,61,438
E00017052,284,37,247
E00017053,280,40,240
E00017054,247,46,201
E00017055,288,37,251
E00017056,338,70,268
E00017057,228,36,192
E00017058,376,75,301
E00017059,316,71,245
E00017061,262,27,235
E00017062,300,38,262
E00017063,317,77,240
E00017064,339,57,282
E00017065,308,50,258
E00017066,385,79,306
E00017067,251,36,215
E00017068,414,86,328
E00017069,315,70,245
E00017070,358,100,258
E00017071,422,109,313
E00017072,541,108,433
E00017073,358,76,282
E00017074,354,85,269
E00017075,390,81,309
E00017076,277,49,228
E00017077,217,37,180
E00017078,299,66,233
E00017079,353,113,240
E00017080,313,73,240
E00017081,297,62,235
E00017082,468,136,332
E00017083,303,95,208
E00017084,334,96,238
E00017085,408,134,274
E00017086,315,89,226
E00017087,345,90,255
E00017088,278,85,193
E00017089,441,122,319
E00017090,211,34,177
E00017091,291,81,210
E00017092,424,56,368
E00017093,273,61,212
E00017094,321,80,241
E00017095,339,79,260
E00017096,408,102,306
E00017097,298,48,250
E00017098,373,92,281
E00017099,404,60,344
E00017100,235,24,211
E00017101,390,99,291
E00017102,373,52,321
E00017103,322,86,236
E00017104,273,49,224
E00017105,225,43,182
E00017106,198,37,161
E00017107,300,45,255
E00017108,284,37,247
E00017109,246,38,208
E00017110,205,21,184
E00017111,325,58,267
E00017112,322,58,264
E00017113,248,27,221
E00017114,227,21,206
E00017115,250,31,219
E00017116,251,58,193
E00017117,252,45,207
E00017118,188,34,154
E00017119,285,62,223
E00017120,327,70,257
E00017121,243,28,215
E00017122,212,24,188
E00017123,273,54,219
E00017124,322,51,271
E00017125,261,32,229
E00017126,262,61,201
E00017127,277,56,221
E00017128,357,88,269
E00017129,315,80,235
E00017130,241,49,192
E00017131,289,67,222
E00017132,323,87,236
E00017133,314,62,252
E00017134,225,47,178
E00017135,226,57,169
E00017137,306,67,239
E00017138,314,93,221
E00017140,395,69,326
E00017141,305,56,249
E00017142,358,74,284
E00017143,303,66,237
E00017144,275,53,222
E00017145,299,60,239
E00017146,390,103,287
E00017147,356,57,299
E00017148,224,40,184
E00017149,367,112,255
E00017150,412,88,324
E00017151,246,80,166
E00017152,275,58,217
E00017153,314,111,203
E00017157,275,75,200
E00017158,335,107,228
E00017159,342,102,240
E00017160,326,103,223
E00017161,265,60,205
E00017162,358,86,272
E00017163,323,65,258
E00017164,503,133,370
E00017165,442,98,344
E00017166,353,83,270
E00017167,359,79,280
E00017168,392,66,326
E00017169,311,51,260
E00017170,388,93,295
E00017171,442,80,362
E00017172,342,54,288
E00017173,426,84,342
E00017174,329,91,238
E00017175,281,56,225
E00017176,413,80,333
E00017177,368,61,307
E00017178,383,62,321
E00017179,340,66,274
E00017180,328,67,261
E00017181,322,54,268
E00017182,326,42,284
E00017183,444,98,346
E00017184,329,56,273
E00017185,350,69,281
E00017186,347,63,284
E00017187,260,39,221
E00017188,269,50,219
E00017189,362,65,297
E00017190,307,49,258
E00017191,314,54,260
E00017192,241,29,212
E00017193,388,87,301
E00017194,312,54,258
E00017195,308,67,241
E00017196,198,49,149
E00017197,238,43,195
E00017198,188,32,156
E00017199,293,54,239
E00017200,221,25,196
E00017201,189,23,166
E00017202,226,26,200
E00017203,346,53,293
E00017204,217,27,190
E00017205,273,35,238
E00017206,230,31,199
E00017207,301,38,263
E00017208,209,28,181
E00017209,262,43,219
E00017210,309,49,260
E00017211,270,44,226
E00017212,277,40,237
E00017213,195,34,161
E00017214,280,36,244
E00017215,223,37,186
E00017216,199,18,181
E00017217,110,15,95
E00017218,262,57,205
E00017219,200,29,171
E00017220,269,47,222
E00017221,213,38,175
E00017222,246,55,191
E00017223,227,29,198
E00017224,263,36,227
E00017225,267,29,238
E00017226,204,35,169
E00017227,215,48,167
E00017228,238,36,202
E00017229,231,38,193
E00017230,190,22,168
E00017231,285,58,227
E00017232,312,63,249
E00017233,343,47,296
E00017234,368,73,295
E00017235,195,45,150
E00017236,338,63,275
E00017237,419,70,349
E00017238,308,48,260
E00017239,301,39,262
E00017241,303,78,225
E00017242,187,28,159
E00017243,373,93,280
E00017244,313,80,233
E00017245,222,26,196
E00017246,317,57,260
E00017247,198,44,154
E00017248,322,47,275
E00017249,311,62,249
E00017250,381,94,287
E00017251,236,36,200
E00017252,321,57,264
E00017253,364,83,281
E00017254,351,77,274
E00017255,513,138,375
E00017256,364,79,285
E00017257,347,89,258
E00017258,312,76,236
E00017259,284,73,211
E00017260,253,43,210
E00017261,391,92,299
E00017262,244,51,193
E00017263,377,89,288
E00017264,314,69,245
E00017265,350,84,266
E00017266,247,41,206
E00017267,562,120,442
E00017268,389,79,310
E00017269,423,121,302
E00017270,408,85,323
E00017271,179,55,124
E00017272,441,106,335
E00017273,302,60,242
E00017274,366,94,272
E00017275,331,69,262
E00017276,284,69,215
E00017277,261,56,205
E00017278,447,116,331
E00017279,288,58,230
E00017280,450,113,337
E00017281,209,43,166
E00017282,294,84,210
E00017283,319,61,258
E00017284,313,64,249
E00017285,337,76,261
E00017286,314,59,255
E00017287,341,46,295
E00017288,315,88,227
E00017289,337,73,264
E00017290,372,84,288
E00017291,361,44,317
E00017293,345,83,262
E00017294,354,65,289
E00017295,337,70,267
E00017296,352,70,282
E00017297,394,82,312
E00017298,325,69,256
E00017299,332,69,263
E00017300,285,49,236
E00017301,302,56,246
E00017302,270,62,208
E00017303,263,46,217
E00017304,511,106,405
E00017305,325,77,248
E00017306,338,67,271
E00017307,322,50,272
E00017308,370,66,304
E00017309,268,53,215
E00017310,399,90,309
E00017311,346,69,277
E00017312,327,78,249
E00017313,301,42,259
E00017314,229,40,189
E00017315,380,88,292
E00017316,334,78,256
E00017317,330,47,283
E00017318,252,27,225
E00017319,286,51,235
E00017320,384,77,307
E00017321,270,42,228
E00017322,372,91,281
E00017323,268,57,211
E00017324,267,51,216
E00017325,275,62,213
E00017326,361,87,274
E00017327,303,72,231
E00017328,279,58,221
E00017329,303,66,237
E00017330,365,88,277
E00017331,347,89,258
E00017332,336,47,289
E00017333,330,51,279
E00017334,347,58,289
E00017335,372,70,302
E00017336,294,64,230
E00017337,326,68,258
E00017338,312,68,244
E00017339,334,82,252
E00017340,303,57,246
E00017341,267,49,218
E00017342,325,65,260
E00017343,242,44,198
E00017344,255,54,201
E00017345,371,91,280
E00017346,322,86,236
E00017347,309,66,243
E00017348,325,54,271
E00017349,236,33,203
E00017350,293,58,235
E00017351,334,75,259
E00017352,362,81,281
E00017353,577,158,419
E00017354,352,102,250
E00017355,473,128,345
E00017356,349,61,288
E00017358,325,84,241
E00017359,402,104,298
E00017360,380,90,290
E00017361,314,68,246
E00017362,442,101,341
E00017363,317,96,221
E00017364,365,74,291
E00017365,353,111,242
E00017366,387,158,229
E00017367,349,83,266
E00017368,317,61,256
E00017369,290,59,231
E00017370,335,70,265
E00017371,270,73,197
E00017372,259,73,186
E00017373,333,80,253
E00017374,369,86,283
E00017375,314,69,245
E00017376,259,60,199
E00017377,417,91,326
E00017378,310,43,267
E00017379,378,113,265
E00017380,375,95,280
E00017381,319,74,245
E00017382,339,73,266
E00017383,305,75,230
E00017384,319,58,261
E00017385,406,94,312
E00017386,305,71,234
E00017387,247,47,200
E00017388,400,112,288
E00017389,316,70,246
E00017390,335,86,249
E00017391,361,73,288
E00017392,299,74,225
E00017393,271,52,219
E00017394,236,49,187
E00017395,307,80,227
E00017396,308,69,239
E00017397,358,94,264
E00017398,347,79,268
E00017399,292,51,241
E00017400,305,60,245
E00017401,279,79,200
E00017402,323,70,253
E00017403,489,101,388
E00017404,319,62,257
E00017405,377,69,308
E00017406,332,74,258
E00017407,332,50,282
E00017408,365,71,294
E00017409,311,59,252
E00017410,293,57,236
E00017411,301,41,260
E00017412,302,58,244
E00017413,277,39,238
E00017414,418,110,308
E00017415,269,69,200
E00017416,283,64,219
E00017417,350,100,250
E00017418,310,73,237
E00017419,234,53,181
E00017420,258,59,199
E00017421,272,44,228
E00017422,284,66,218
E00017423,290,70,220
E00017424,248,54,194
E00017425,265,47,218
E00017426,244,43,201
E00017427,356,87,269
E00017428,276,62,214
E00017429,196,34,162
E00017430,302,59,243
E00017431,278,65,213
E00017432,237,43,194
E00017433,272,49,223
E00017434,276,55,221
E00017435,170,7,163
E00017436,346,58,288
E00017438,334,80,254
E00017439,303,46,257
E00017440,184,25,159
E00017441,299,83,216
E00017442,275,74,201
E00017443,168,33,135
E00017444,322,60,262
E00017445,220,48,172
E00017446,348,78,270
E00017447,347,70,277
E00017448,434,87,347
E00017449,333,81,252
E00017450,324,64,260
E00017452,385,80,305
E00017453,315,68,247
E00017454,349,79,270
E00017455,391,95,296
E00017456,397,101,296
E00017457,444,132,312
E00017458,319,86,233
E00017459,339,100,239
E00017460,338,84,254
E00017461,439,108,331
E00017462,491,136,355
E00017463,310,82,228
E00017464,360,55,305
E00017465,339,78,261
E00017466,359,80,279
E00017467,305,66,239
E00017468,299,67,232
E00017469,387,76,311
E00017470,251,47,204
E00017471,327,61,266
E00017472,265,37,228
E00017473,262,61,201
E00017474,378,100,278
E00017475,331,68,263
E00017476,332,67,265
E00017477,455,82,373
E00017478,335,66,269
E00017479,259,56,203
E00017480,227,32,195
E00017481,244,35,209
E00017482,292,40,252
E00017483,294,40,254
E00017484,222,15,207
E00017485,207,33,174
E00017486,244,47,197
E00017487,192,41,151
E00017488,275,56,219
E00017489,344,36,308
E00017490,252,55,197
E00017491,188,37,151
E00017492,299,69,230
E00017493,265,41,224
E00017494,377,44,333
E00017495,414,66,348
E00017497,208,13,195
E00017498,347,62,285
E00017499,288,54,234
E00017500,218,34,184
E00017501,171,24,147
E00017502,195,30,165
E00017503,323,55,268
E00017504,264,44,220
E00017505,260,59,201
E00017506,241,44,197
E00017507,293,49,244
E00017508,211,26,185
E00017509,259,57,202
E00017510,230,34,196
E00017511,280,65,215
E00017512,209,30,179
E00017513,255,50,205
E00017514,206,33,173
E00017515,292,60,232
E00017516,227,44,183
E00017517,308,77,231
E00017518,194,19,175
E00017519,207,42,165
E00017520,417,92,325
E00017521,335,91,244
E00017522,287,57,230
E00017523,315,71,244
E00017524,364,100,264
E00017525,345,82,263
E00017526,266,44,222
E00017527,282,46,236
E00017528,280,49,231
E00017529,256,60,196
E00017530,187,13,174
E00017531,348,74,274
E00017532,311,82,229
E00017533,326,81,245
E00017534,225,27,198
E00017535,321,92,229
E00017536,215,38,177
E00017537,278,53,225
E00017538,249,31,218
E00017539,193,21,172
E00017540,230,23,207
E00017541,208,24,184
E00017542,453,118,335
E00017543,282,51,231
E00017544,259,54,205
E00017545,305,44,261
E00017546,356,73,283
E00017547,285,59,226
E00017548,337,78,259
E00017549,337,75,262
E00017550,429,111,318
E00017551,316,74,242
E00017552,286,60,226
E00017553,307,61,246
E00017554,290,54,236
E00017555,291,61,230
E00017556,385,77,308
E00017557,332,82,250
E00017558,310,72,238
E00017559,455,98,357
E00017560,331,63,268
E00017561,339,68,271
E00017562,354,70,284
E00017563,345,89,256
E00017564,331,58,273
E00017565,296,71,225
E00017566,340,70,270
E00017567,368,58,310
E00017568,365,90,275
E00017569,388,96,292
E00017570,185,22,163
E00017571,283,54,229
E00017572,354,41,313
E00017573,266,56,210
E00017574,283,66,217
E00017575,284,63,221
E00017576,344,95,249
E00017578,255,41,214
E00017579,331,87,244
E00017580,318,78,240
E00017581,308,74,234
E00017582,358,93,265
E00017583,402,75,327
E00017584,297,75,222
E00017585,315,67,248
E00017586,334,64,270
E00017587,352,71,281
E00017588,312,73,239
E00017589,297,69,228
E00017590,241,64,177
E00017591,291,72,219
E00017592,394,108,286
E00017593,389,71,318
E00017594,311,68,243
E00017595,335,74,261
E00017596,269,69,200
E00017597,299,64,235
E00017598,363,90,273
E00017599,273,49,224
E00017600,294,65,229
E00017601,397,85,312
E00017602,319,74,245
E00017603,278,67,211
E00017604,291,51,240
E00017605,422,99,323
E00017607,400,93,307
E00017608,316,72,244
E00017609,313,72,241
E00017610,450,247,203
E00017611,476,132,344
E00017612,276,53,223
E00017614,262,70,192
E00017616,132,38,94
E00017617,266,65,201
E00017618,322,85,237
E00017619,300,76,224
E00017620,350,95,255
E00017621,294,72,222
E00017623,302,73,229
E00017624,304,88,216
E00017625,280,59,221
E00017627,322,95,227
E00017628,469,130,339
E00017629,296,65,231
E00017630,369,80,289
E00017631,439,70,369
E00017632,281,68,213
E00017633,232,52,180
E00017634,380,102,278
E00017635,221,47,174
E00017636,211,44,167
E00017637,252,43,209
E00017638,179,39,140
E00017639,201,49,152
E00017640,187,50,137
E00017641,260,56,204
E00017642,185,41,144
E00017644,378,102,276
E00017645,329,74,255
E00017646,371,119,252
E00017647,459,140,319
E00017649,534,129,405
E00017650,481,107,374
E00017654,436,139,297
E00017655,336,86,250
E00017656,371,105,266
E00017657,402,121,281
E00017658,371,117,254
E00017659,377,114,263
E00017660,528,164,364
E00017661,369,119,250
E00017662,447,125,322
E00017663,334,102,232
E00017664,287,78,209
E00017665,332,92,240
E00017666,227,52,175
E00017668,156,12,144
E00017669,460,131,329
E00017671,450,122,328
E00017672,396,120,276
E00017673,322,103,219
E00017674,300,71,229
E00017676,477,141,336
E00017677,299,67,232
E00017678,481,137,344
E00017679,491,130,361
E00017680,345,111,234
E00017682,590,202,388
E00017683,372,93,279
E00017684,191,51,140
E00017685,279,63,216
E00017686,308,73,235
E00017687,223,47,176
E00017688,241,46,195
E00017689,385,107,278
E00017690,347,94,253
E00017691,460,117,343
E00017692,462,122,340
E00017693,425,95,330
E00017694,311,89,222
E00017695,302,91,211
E00017696,317,97,220
E00017697,428,108,320
E00017698,479,132,347
E00017699,210,41,169
E00017700,264,53,211
E00017701,372,99,273
E00017702,521,162,359
E00017703,317,87,230
E00017704,335,89,246
E00017705,515,128,387
E00017706,340,81,259
E00017707,318,78,240
E00017708,485,125,360
E00017709,296,69,227
E00017710,304,91,213
E00017711,490,162,328
E00017712,233,59,174
E00017713,391,127,264
E00017715,332,98,234
E00017718,263,37,226
E00017719,333,70,263
E00017720,223,53,170
E00017721,276,60,216
E00017722,540,110,430
E00017725,313,91,222
E00017728,524,176,348
E00017729,276,62,214
E00017733,290,85,205
E00017734,196,44,152
E00017735,282,87,195
E00017736,286,81,205
E00017738,297,72,225
E00017739,358,74,284
E00017740,197,51,146
E00017741,504,143,361
E00017742,368,100,268
E00017743,255,53,202
E00017744,427,108,319
E00017745,258,55,203
E00017746,416,105,311
E00017747,479,158,321
E00017748,358,112,246
E00017751,502,110,392
E00017754,392,77,315
E00017758,554,154,400
E00017759,437,71,366
E00017760,299,78,221
E00017761,283,78,205
E00017762,277,65,212
E00017763,353,84,269
E00017764,309,90,219
E00017765,412,109,303
E00017766,402,112,290
E00017767,237,49,188
E00017768,328,65,263
E00017769,473,129,344
E00017770,291,84,207
E00017771,335,84,251
E00017772,326,104,222
E00017773,255,74,181
E00017774,492,128,364
E00017775,318,89,229
E00017776,440,99,341
E00017777,499,156,343
E00017778,213,57,156
E00017779,172,43,129
E00017780,290,69,221
E00017781,367,116,251
E00017782,304,74,230
E00017783,391,119,272
E00017784,293,81,212
E00017785,480,129,351
E00017786,373,108,265
E00017787,346,82,264
E00017788,446,165,281
E00017789,313,68,245
E00017790,414,109,305
E00017791,551,151,400
E00017792,357,109,248
E00017793,288,63,225
E00017794,404,121,283
E00017795,358,89,269
E00017796,382,78,304
E00017797,376,98,278
E00017798,398,103,295
E00017799,412,145,267
E00017801,433,126,307
E00017802,474,154,320
E00017803,461,110,351
E00017804,531,154,377
E00017805,449,96,353
E00017806,399,113,286
E00017807,394,103,291
E00017808,500,142,358
E00017810,408,112,296
E00017811,356,99,257
E00017812,280,73,207
E00017814,435,124,311
E00017816,542,148,394
E00017817,396,110,286
E00017818,518,194,324
E00017819,564,114,450
E00017820,472,153,319
E00017821,392,95,297
E00017822,387,122,265
E00017823,512,167,345
E00017824,419,120,299
E00017825,388,120,268
E00017826,573,174,399
E00017827,496,120,376
E00017828,504,152,352
E00017829,482,122,360
E00017830,402,110,292
E00017833,495,135,360
E00017834,257,53,204
E00017835,415,146,269
E00017836,507,143,364
E00017837,495,117,378
E00017839,467,94,373
E00017840,558,159,399
E00017841,365,78,287
E00017842,402,102,300
E00017843,399,124,275
E00017844,538,150,388
E00017845,532,119,413
E00017846,403,119,284
E00017847,380,106,274
E00017848,363,100,263
E00017849,456,127,329
E00017854,291,90,201
E00017855,489,129,360
E00017856,539,173,366
E00017857,349,125,224
E00017858,370,109,261
E00017860,442,149,293
E00017861,386,121,265
E00017862,382,128,254
E00017863,511,172,339
E00017865,371,132,239
E00017866,300,73,227
E00017867,346,113,233
E00017870,349,97,252
E00017871,494,165,329
E00017872,321,65,256
E00017873,261,89,172
E00017874,357,152,205
E00017875,546,171,375
E00017876,227,70,157
E00017877,262,94,168
E00017878,163,54,109
E00017879,302,108,194
E00017880,476,147,329
E00017881,182,58,124
E00017882,387,77,310
E00017883,205,52,153
E00017884,362,100,262
E00017885,253,63,190
E00017886,385,124,261
E00017887,275,69,206
E00017888,259,81,178
E00017889,365,123,242
E00017890,330,95,235
E00017891,311,104,207
E00017892,389,130,259
E00017893,433,125,308
E00017894,278,98,180
E00017895,302,94,208
E00017896,304,83,221
E00017897,301,88,213
E00017898,314,78,236
E00017899,333,108,225
E00017900,328,72,256
E00017901,323,70,253
E00017903,422,91,331
E00017904,225,45,180
E00017905,340,73,267
E00017906,299,58,241
E00017907,311,64,247
E00017908,312,68,244
E00017909,279,74,205
E00017910,320,80,240
E00017911,316,85,231
E00017912,384,83,301
E00017913,386,82,304
E00017914,257,61,196
E00017915,331,68,263
E00017916,318,48,270
E00017917,369,76,293
E00017918,331,63,268
E00017919,386,80,306
E00017920,300,83,217
E00017921,405,85,320
E00017922,440,96,344
E00017923,372,90,282
E00017924,264,41,223
E00017926,380,96,284
E00017927,405,80,325
E00017928,277,79,198
E00017930,255,68,187
E00017931,378,110,268
E00017933,428,125,303
E00017934,415,93,322
E00017935,413,99,314
E00017936,353,81,272
E00017937,435,99,336
E00017938,227,40,187
E00017939,218,34,184
E00017940,453,101,352
E00017941,390,94,296
E00017942,488,132,356
E00017943,368,70,298
E00017944,389,91,298
E00017945,371,55,316
E00017946,384,74,310
E00017947,395,117,278
E00017948,249,47,202
E00017949,177,47,130
E00017952,465,173,292
E00017953,364,72,292
E00017954,305,67,238
E00017955,432,112,320
E00017956,358,78,280
E00017957,451,120,331
E00017958,388,116,272
E00017959,527,92,435
E00017961,335,99,236
E00017962,261,62,199
E00017963,409,112,297
E00017965,348,67,281
E00017967,382,108,274
E00017968,277,51,226
E00017969,332,90,242
E00017970,258,66,192
E00017971,476,129,347
E00017972,359,51,308
E00017973,491,137,354
E00017974,363,74,289
E00017975,369,57,312
E00017976,296,63,233
E00017977,387,80,307
E00017978,316,80,236
E00017979,329,61,268
E00017980,387,103,284
E00017981,396,149,247
E00017982,554,130,424
E00017983,543,157,386
E00017984,381,125,256
E00017985,381,113,268
E00017986,417,118,299
E00017987,361,90,271
E00017988,361,95,266
E00017989,425,131,294
E00017990,464,137,327
E00017991,399,98,301
E00017992,402,112,290
E00017994,418,135,283
E00017995,495,106,389
E00017996,389,103,286
E00017997,497,128,369
E00017999,563,170,393
E00018001,513,128,385
E00018003,356,93,263
E00018004,449,146,303
E00018005,391,112,279
E00018006,502,167,335
E00018009,333,111,222
E00018010,386,123,263
E00018012,348,108,240
E00018013,439,118,321
E00018015,407,103,304
E00018016,371,83,288
E00018017,503,165,338
E00018018,548,154,394
E00018019,470,127,343
E00018020,409,108,301
E00018021,499,144,355
E00018022,450,144,306
E00018023,532,161,371
E00018024,314,66,248
E00018025,378,96,282
E00018026,381,116,265
E00018027,227,36,191
E00018028,513,131,382
E00018030,542,171,371
E00018031,473,121,352
E00018032,476,128,348
E00018033,364,92,272
E00018034,453,110,343
E00018035,239,63,176
E00018036,576,271,305
E00018038,455,115,340
E00018040,333,86,247
E00018041,379,94,285
E00018042,314,85,229
E00018043,511,119,392
E00018044,462,147,315
E00018045,452,131,321
E00018046,420,150,270
E00018047,499,169,330
E00018048,286,84,202
E00018049,423,158,265
E00018050,367,135,232
E00018051,240,80,160
E00018052,347,98,249
E00018053,312,95,217
E00018054,353,107,246
E00018055,178,50,128
E00018056,412,139,273
E00018057,396,134,262
E00018058,487,161,326
E00018059,395,131,264
E00018060,562,208,354
E00018061,347,140,207
E00018062,429,116,313
E00018063,566,182,384
E00018064,464,148,316
E00018065,394,115,279
E00018066,438,143,295
E00018067,401,116,285
E00018068,366,107,259
E00018069,313,70,243
E00018070,394,128,266
E00018071,359,101,258
E00018072,422,144,278
E00018073,341,116,225
E00018074,379,143,236
E00018075,546,206,340
E00018076,403,136,267
E00018077,552,191,361
E00018078,390,133,257
E00018080,334,121,213
E00018081,434,145,289
E00018082,531,147,384
E00018083,392,99,293
E00018084,316,73,243
E00018085,342,103,239
E00018086,486,137,349
E00018087,443,120,323
E00018088,375,93,282
E00018089,215,29,186
E00018090,426,163,263
E00018091,417,126,291
E00018092,398,112,286
E00018093,467,146,321
E00018094,357,77,280
E00018095,457,122,335
E00018096,414,127,287
E00018097,397,90,307
E00018098,460,110,350
E00018099,377,106,271
E00018100,490,154,336
E00018101,351,83,268
E00018102,559,183,376
E00018104,323,85,238
E00018105,353,104,249
E00018106,536,171,365
E00018107,341,98,243
E00018108,354,97,257
E00018109,474,134,340
E00018111,389,105,284
E00018112,339,82,257
E00018113,414,127,287
E00018114,456,133,323
E00018115,307,88,219
E00018116,362,105,257
E00018117,309,47,262
E00018118,249,38,211
E00018119,328,65,263
E00018120,574,204,370
E00018121,542,166,376
E00018122,412,150,262
E00018123,295,60,235
E00018124,398,106,292
E00018125,448,141,307
E00018126,396,100,296
E00018127,391,79,312
E00018129,451,93,358
E00018130,313,87,226
E00018131,329,100,229
E00018132,299,70,229
E00018133,312,75,237
E00018134,218,44,174
E00018135,407,134,273
E00018138,375,91,284
E00018139,262,66,196
E00018140,336,107,229
E00018141,345,95,250
E00018142,397,118,279
E00018143,282,75,207
E00018144,266,76,190
E00018145,341,82,259
E00018146,417,130,287
E00018147,232,62,170
E00018148,147,43,104
E00018149,279,69,210
E00018150,233,65,168
E00018151,348,88,260
E00018152,265,65,200
E00018153,507,144,363
E00018154,353,96,257
E00018155,269,68,201
E00018156,299,70,229
E00018157,258,51,207
E00018158,431,126,305
E00018159,339,81,258
E00018160,431,99,332
E00018161,413,108,305
E00018162,384,119,265
E00018163,285,68,217
E00018164,366,111,255
E00018165,429,130,299
E00018166,443,114,329
E00018167,468,143,325
E00018168,388,88,300
E00018170,317,77,240
E00018171,500,159,341
E00018172,380,92,288
E00018173,440,98,342
E00018174,453,135,318
E00018175,362,102,260
E00018178,448,142,306
E00018179,358,106,252
E00018180,447,106,341
E00018181,306,106,200
E00018182,455,127,328
E00018183,457,120,337
E00018184,473,134,339
E00018185,419,121,298
E00018186,292,59,233
E00018187,286,78,208
E00018188,348,94,254
E00018190,338,96,242
E00018191,402,119,283
E00018193,528,141,387
E00018194,388,110,278
E00018195,396,90,306
E00018197,413,66,347
E00018198,358,44,314
E00018201,399,106,293
E00018204,285,62,223
E00018206,332,83,249
E00018208,266,78,188
E00018209,367,96,271
E00018210,291,97,194
E00018211,329,86,243
E00018212,361,93,268
E00018213,333,105,228
E00018214,171,52,119
E00018215,268,97,171
E00018218,313,79,234
E00018220,366,101,265
E00018221,438,97,341
E00018222,267,39,228
E00018223,337,72,265
E00018224,330,74,256
E00018225,258,41,217
E00018226,385,98,287
E00018227,324,70,254
E00018230,283,35,248
E00018231,285,69,216
E00018233,493,72,421
E00018235,314,58,256
E00018236,212,59,153
E00018237,265,72,193
E00018238,321,75,246
E00018239,336,87,249
E00018240,330,134,196
E00018241,302,79,223
E00018242,212,70,142
E00018246,127,31,96
E00018250,335,63,272
E00018251,260,48,212
E00018252,318,89,229
E00018253,385,69,316
E00018254,247,33,214
E00018255,328,71,257
E00018257,454,123,331
E00018259,364,67,297
E00018260,316,91,225
E00018262,325,104,221
E00018263,529,146,383
E00018264,392,123,269
E00018267,304,79,225
E00018268,228,72,156
E00018269,486,160,326
E00018270,240,89,151
E00018271,226,76,150
E00018272,513,184,329
E00018273,386,125,261
E00018274,491,148,343
E00018275,264,73,191
E00018276,413,126,287
E00018277,454,148,306
E00018278,473,137,336
E00018279,379,113,266
E00018280,318,92,226
E00018282,340,111,229
E00018283,243,67,176
E00018284,302,61,241
E00018285,336,71,265
E00018286,357,106,251
E00018287,416,92,324
E00018288,362,94,268
E00018289,365,125,240
E00018291,376,97,279
E00018292,274,79,195
E00018293,440,124,316
E00018294,275,87,188
E00018295,482,138,344
E00018296,303,75,228
E00018297,423,57,366
E00018298,315,48,267
E00018299,343,77,266
E00018300,286,75,211
E00018302,411,110,301
E00018303,495,80,415
E00018304,361,80,281
E00018305,192,51,141
E00018306,328,75,253
E00018307,352,63,289
E00018308,334,75,259
E00018309,328,84,244
E00018310,383,83,300
E00018311,201,49,152
E00018312,313,82,231
E00018313,351,87,264
E00018314,320,73,247
E00018315,599,123,476
E00018316,487,113,374
E00018317,513,116,397
E00018318,251,54,197
E00018319,292,82,210
E00018320,485,195,290
E00018321,384,68,316
E00018322,242,41,201
E00018323,223,32,191
E00018324,280,39,241
E00018325,323,54,269
E00018326,282,73,209
E00018327,343,75,268
E00018328,384,82,302
E00018329,351,100,251
E00018330,384,110,274
E00018331,365,85,280
E00018332,352,91,261
E00018333,226,36,190
E00018334,410,65,345
E00018335,513,97,416
E00018336,409,126,283
E00018337,514,121,393
E00018339,445,120,325
E00018340,389,96,293
E00018341,395,98,297
E00018342,331,90,241
E00018343,294,85,209
E00018344,350,86,264
E00018345,376,100,276
E00018347,354,62,292
E00018348,380,97,283
E00018349,358,73,285
E00018350,443,113,330
E00018351,359,73,286
E00018352,350,107,243
E00018353,316,76,240
E00018354,419,98,321
E00018355,453,111,342
E00018356,414,113,301
E00018357,501,125,376
E00018358,435,99,336
E00018359,412,101,311
E00018360,438,98,340
E00018361,392,111,281
E00018362,447,102,345
E00018363,424,111,313
E00018364,397,104,293
E00018365,369,86,283
E00018366,433,104,329
E00018367,371,89,282
E00018368,413,90,323
E00018370,383,116,267
E00018371,483,131,352
E00018372,407,67,340
E00018373,319,66,253
E00018374,420,95,325
E00018375,414,111,303
E00018376,175,37,138
E00018377,462,122,340
E00018378,211,28,183
E00018379,458,120,338
E00018380,344,76,268
E00018381,526,125,401
E00018382,389,97,292
E00018383,529,142,387
E00018384,324,69,255
E00018385,332,69,263
E00018386,419,102,317
E00018387,453,139,314
E00018389,496,110,386
E00018390,401,99,302
E00018392,302,53,249
E00018393,370,116,254
E00018394,500,118,382
E00018395,293,43,250
E00018396,391,96,295
E00018397,448,96,352
E00018398,376,85,291
E00018399,381,80,301
E00018400,353,77,276
E00018401,338,118,220
E00018402,425,111,314
E00018403,347,81,266
E00018404,420,83,337
E00018405,318,59,259
E00018406,354,87,267
E00018407,375,89,286
E00018408,335,71,264
E00018409,298,69,229
E00018410,272,48,224
E00018411,297,61,236
E00018412,351,72,279
E00018413,324,73,251
E00018414,378,82,296
E00018415,336,67,269
E00018416,267,41,226
E00018417,343,57,286
E00018418,311,71,240
E00018419,307,36,271
E00018420,261,54,207
E00018421,252,37,215
E00018422,229,23,206
E00018423,279,49,230
E00018424,318,60,258
E00018425,331,76,255
E00018426,365,110,255
E00018427,252,44,208
E00018428,281,43,238
E00018429,335,55,280
E00018430,315,60,255
E00018431,310,56,254
E00018432,333,74,259
E00018433,375,81,294
E00018434,329,71,258
E00018435,317,73,244
E00018436,230,30,200
E00018437,271,65,206
E00018438,367,86,281
E00018439,297,47,250
E00018440,285,61,224
E00018441,298,65,233
E00018443,385,99,286
E00018444,250,51,199
E00018445,211,55,156
E00018446,336,82,254
E00018447,336,100,236
E00018448,444,106,338
E00018449,504,160,344
E00018450,312,90,222
E00018451,338,87,251
E00018452,443,124,319
E00018453,378,135,243
E00018454,391,121,270
E00018455,261,78,183
E00018456,329,89,240
E00018457,370,104,266
E00018458,403,101,302
E00018459,431,132,299
E00018460,385,101,284
E00018463,437,114,323
E00018464,532,151,381
E00018465,383,103,280
E00018466,394,105,289
E00018467,252,67,185
E00018468,404,107,297
E00018469,247,61,186
E00018470,535,126,409
E00018471,532,156,376
E00018472,485,133,352
E00018473,476,141,335
E00018474,530,140,390
E00018475,335,94,241
E00018476,444,127,317
E00018477,532,104,428
E00018478,334,48,286
E00018480,376,83,293
E00018481,283,45,238
E00018482,294,52,242
E00018483,264,54,210
E00018484,220,45,175
E00018485,336,80,256
E00018486,301,59,242
E00018488,272,64,208
E00018489,316,61,255
E00018490,251,54,197
E00018491,333,67,266
E00018492,313,53,260
E00018494,231,39,192
E00018495,257,41,216
E00018496,343,64,279
E00018497,465,59,406
E00018498,276,31,245
E00018499,307,45,262
E00018500,155,33,122
E00018501,256,60,196
E00018502,262,43,219
E00018503,304,60,244
E00018504,371,81,290
E00018505,394,89,305
E00018506,295,64,231
E00018507,322,58,264
E00018508,267,63,204
E00018509,325,85,240
E00018510,396,101,295
E00018511,453,107,346
E00018512,430,96,334
E00018513,403,102,301
E00018514,402,105,297
E00018515,335,64,271
E00018516,433,130,303
E00018517,444,130,314
E00018518,335,81,254
E00018519,393,101,292
E00018520,466,127,339
E00018521,387,96,291
E00018522,408,92,316
E00018523,368,87,281
E00018524,392,95,297
E00018525,312,102,210
E00018526,430,110,320
E00018527,422,84,338
E00018528,355,71,284
E00018529,459,108,351
E00018530,372,87,285
E00018531,404,103,301
E00018532,492,123,369
E00018533,456,137,319
E00018534,456,141,315
E00018535,469,115,354
E00018536,472,113,359
E00018537,379,79,300
E00018538,488,111,377
E00018539,483,124,359
E00018540,348,101,247
E00018541,349,81,268
E00018542,546,159,387
E00018546,551,132,419
E00018548,475,108,367
E00018549,386,126,260
E00018550,541,170,371
E00018551,446,114,332
E00018552,405,90,315
E00018553,486,118,368
E00018554,392,88,304
E00018555,447,106,341
E00018556,338,87,251
E00018557,370,104,266
E00018558,473,116,357
E00018559,424,111,313
E00018560,404,111,293
E00018561,401,114,287
E00018562,551,171,380
E00018563,369,91,278
E00018564,364,101,263
E00018565,404,132,272
E00018566,426,160,266
E00018567,441,110,331
E00018568,405,118,287
E00018569,439,124,315
E00018570,463,131,332
E00018571,463,146,317
E00018573,391,88,303
E00018574,364,89,275
E00018575,416,102,314
E00018576,397,102,295
E00018577,372,98,274
E00018578,370,89,281
E00018579,381,94,287
E00018580,401,109,292
E00018581,384,113,271
E00018582,292,68,224
E00018583,280,77,203
E00018584,215,37,178
E00018585,417,117,300
E00018586,366,105,261
E00018587,259,47,212
E00018588,314,64,250
E00018589,271,56,215
E00018590,396,80,316
E00018591,339,101,238
E00018594,467,89,378
E00018595,346,92,254
E00018596,347,85,262
E00018597,432,100,332
E00018598,374,81,293
E00018599,461,114,347
E00018600,457,109,348
E00018601,460,114,346
E00018602,368,89,279
E00018603,428,111,317
E00018604,409,94,315
E00018605,388,117,271
E00018606,301,64,237
E00018607,250,51,199
E00018608,362,82,280
E00018610,344,68,276
E00018611,277,61,216
E00018612,354,63,291
E00018613,286,56,230
E00018614,246,39,207
E00018615,271,63,208
E00018616,305,68,237
E00018617,422,74,348
E00018618,494,116,378
E00018619,414,114,300
E00018620,370,83,287
E00018621,333,76,257
E00018622,427,111,316
E00018623,487,141,346
E00018624,358,113,245
E00018625,260,63,197
E00018626,426,94,332
E00018628,330,89,241
E00018629,442,116,326
E00018630,431,104,327
E00018631,375,96,279
E00018632,377,107,270
E00018633,424,96,328
E00018634,349,81,268
E00018635,394,90,304
E00018636,339,105,234
E00018637,245,79,166
E00018638,318,43,275
E00018639,386,96,290
E00018640,295,59,236
E00018641,427,102,325
E00018642,295,70,225
E00018643,348,67,281
E00018644,438,97,341
E00018646,381,86,295
E00018647,339,89,250
E00018648,322,72,250
E00018649,332,89,243
E00018650,329,65,264
E00018651,413,110,303
E00018652,477,117,360
E00018653,360,87,273
E00018654,348,68,280
E00018655,331,98,233
E00018656,302,79,223
E00018657,342,92,250
E00018658,413,85,328
E00018659,364,85,279
E00018660,251,40,211
E00018661,454,109,345
E00018662,407,69,338
E00018663,351,90,261
E00018664,408,112,296
E00018665,357,107,250
E00018666,402,95,307
E00018667,293,76,217
E00018669,302,94,208
E00018670,335,114,221
E00018671,302,78,224
E00018672,227,53,174
E00018673,252,46,206
E00018674,333,82,251
E00018675,357,91,266
E00018676,309,73,236
E00018677,309,84,225
E00018678,367,106,261
E00018679,279,51,228
E00018680,409,82,327
E00018681,401,100,301
E00018683,446,117,329
E00018684,469,121,348
E00018685,396,107,289
E00018686,415,105,310
E00018688,466,114,352
E00018689,432,133,299
E00018690,471,113,358
E00018691,392,110,282
E00018692,414,96,318
E00018693,489,144,345
E00018694,421,115,306
E00018695,444,124,320
E00018696,356,113,243
E00018697,389,95,294
E00018698,484,105,379
E00018699,414,99,315
E00018700,405,98,307
E00018701,337,81,256
E00018702,361,94,267
E00018703,328,96,232
E00018704,296,94,202
E00018705,413,106,307
E00018706,422,91,331
E00018707,395,112,283
E00018708,489,119,370
E00018709,410,101,309
E00018710,442,103,339
E00018711,389,78,311
E00018712,409,96,313
E00018714,405,100,305
E00018716,378,93,285
E00018717,267,52,215
E00018718,355,103,252
E00018719,373,70,303
E00018720,381,100,281
E00018721,276,50,226
E00018722,347,85,262
E00018723,220,52,168
E00018724,297,74,223
E00018725,361,86,275
E00018726,330,63,267
E00018727,313,68,245
E00018728,327,83,244
E00018729,340,67,273
E00018730,285,60,225
E00018731,263,60,203
E00018732,359,68,291
E00018733,328,70,258
E00018734,349,101,248
E00018735,409,98,311
E00018736,337,56,281
E00018737,217,34,183
E00018738,360,101,259
E00018739,436,87,349
E00018740,351,82,269
E00018741,281,55,226
E00018742,277,68,209
E00018743,348,75,273
E00018744,311,61,250
E00018745,335,78,257
E00018746,242,46,196
E00018747,290,62,228
E00018748,368,100,268
E00018749,406,121,285
E00018750,355,90,265
E00018751,445,153,292
E00018752,444,136,308
E00018753,501,172,329
E00018754,480,128,352
E00018755,361,95,266
E00018756,447,124,323
E00018757,145,43,102
E00018758,320,99,221
E00018759,405,117,288
E00018760,290,86,204
E00018761,454,138,316
E00018762,522,153,369
E00018763,521,157,364
E00018764,447,138,309
E00018765,442,137,305
E00018766,349,101,248
E00018767,456,146,310
E00018768,360,134,226
E00018769,367,113,254
E00018770,325,81,244
E00018771,241,81,160
E00018773,292,66,226
E00018774,220,77,143
E00018775,460,147,313
E00018776,233,76,157
E00018777,408,117,291
E00018779,421,139,282
E00018780,262,73,189
E00018781,387,102,285
E00018784,430,119,311
E00018785,263,78,185
E00018786,503,153,350
E00018787,308,95,213
E00018788,485,161,324
E00018789,478,128,350
E00018790,473,138,335
E00018791,414,117,297
E00018792,473,114,359
E00018793,403,89,314
E00018795,464,140,324
E00018797,420,126,294
E00018798,454,104,350
E00018799,430,104,326
E00018800,337,76,261
E00018801,402,92,310
E00018802,443,125,318
E00018803,384,104,280
E00018804,222,42,180
E00018805,413,131,282
E00018806,495,148,347
E00018807,450,128,322
E00018808,429,111,318
E00018809,451,166,285
E00018810,404,113,291
E00018811,503,116,387
E00018812,353,89,264
E00018813,380,114,266
E00018814,393,120,273
E00018816,416,118,298
E00018817,510,136,374
E00018818,447,142,305
E00018819,474,93,381
E00018820,371,93,278
E00018821,426,112,314
E00018822,283,44,239
E00018823,275,52,223
E00018824,308,52,256
E00018825,368,77,291
E00018826,358,84,274
E00018827,299,38,261
E00018828,317,58,259
E00018829,236,31,205
E00018830,303,53,250
E00018831,243,49,194
E00018832,367,86,281
E00018833,282,59,223
E00018834,377,105,272
E00018835,380,88,292
E00018836,328,70,258
E00018837,324,69,255
E00018838,265,28,237
E00018839,329,68,261
E00018840,330,76,254
E00018841,262,33,229
E00018842,383,94,289
E00018843,294,53,241
E00018844,295,63,232
E00018845,261,27,234
E00018846,361,87,274
E00018847,375,79,296
E00018848,393,51,342
E00018849,427,68,359
E00018850,292,45,247
E00018851,286,48,238
E00018852,285,50,235
E00018853,391,76,315
E00018854,324,80,244
E00018855,421,94,327
E00018857,250,63,187
E00018859,390,92,298
E00018860,345,53,292
E00018861,325,93,232
E00018862,408,100,308
E00018864,488,125,363
E00018865,384,87,297
E00018866,375,106,269
E00018867,420,110,310
E00018868,417,117,300
E00018869,479,131,348
E00018871,492,154,338
E00018872,375,97,278
E00018873,360,84,276
E00018874,432,120,312
E00018876,353,108,245
E00018877,453,142,311
E00018878,376,130,246
E00018879,485,128,357
E00018880,418,107,311
E00018881,454,134,320
E00018883,434,85,349
E00018884,414,84,330
E00018885,501,131,370
E00018886,416,113,303
E00018887,388,113,275
E00018888,519,142,377
E00018889,368,91,277
E00018890,422,115,307
E00018891,401,94,307
E00018892,391,77,314
E00018893,342,72,270
E00018894,197,47,150
E00018895,475,100,375
E00018896,155,14,141
E00018897,220,71,149
E00018898,374,103,271
E00018899,287,102,185
E00018900,339,73,266
E00018901,302,62,240
E00018902,392,155,237
E00018903,441,151,290
E00018904,306,65,241
E00018905,333,81,252
E00018906,298,61,237
E00018907,271,52,219
E00018908,308,67,241
E00018909,365,98,267
E00018910,405,90,315
E00018911,323,65,258
E00018912,322,57,265
E00018913,317,61,256
E00018914,407,94,313
E00018915,274,56,218
E00018916,545,109,436
E00018917,317,56,261
E00018918,398,114,284
E00018919,303,65,238
E00018920,341,81,260
E00018921,367,64,303
E00018922,290,60,230
E00018923,305,54,251
E00018924,395,83,312
E00018925,343,74,269
E00018926,404,93,311
E00018927,340,80,260
E00018928,366,72,294
E00018929,381,94,287
E00018930,348,101,247
E00018931,362,85,277
E00018932,418,115,303
E00018933,470,160,310
E00018934,505,109,396
E00018935,493,112,381
E00018936,458,135,323
E00018937,460,127,333
E00018939,529,143,386
E00018943,455,133,322
E00018944,292,74,218
E00018945,421,114,307
E00018946,380,91,289
E00018947,403,92,311
E00018948,293,84,209
E00018949,420,120,300
E00018950,376,113,263
E00018951,399,100,299
E00018952,398,103,295
E00018953,370,114,256
E00018954,240,64,176
E00018955,502,171,331
E00018956,356,99,257
E00018958,296,84,212
E00018959,459,114,345
E00018960,459,109,350
E00018961,507,143,364
E00018962,327,68,259
E00018963,438,93,345
E00018964,379,74,305
E00018965,301,39,262
E00018966,280,40,240
E00018967,316,55,261
E00018968,336,65,271
E00018969,311,63,248
E00018970,297,57,240
E00018971,205,33,172
E00018972,357,37,320
E00018973,212,32,180
E00018974,240,38,202
E00018975,268,38,230
E00018976,297,59,238
E00018977,297,61,236
E00018978,301,54,247
E00018979,265,63,202
E00018980,204,31,173
E00018981,333,62,271
E00018982,322,74,248
E00018983,160,17,143
E00018984,289,66,223
E00018985,344,70,274
E00018986,242,46,196
E00018987,222,34,188
E00018988,224,22,202
E00018989,230,36,194
E00018990,232,49,183
E00018991,214,15,199
E00018992,236,28,208
E00018993,294,17,277
E00018994,314,47,267
E00018995,260,24,236
E00018996,348,47,301
E00018997,200,20,180
E00018998,280,21,259
E00018999,174,11,163
E00019000,285,34,251
E00019001,157,27,130
E00019002,316,61,255
E00019003,282,46,236
E00019004,361,94,267
E00019005,537,117,420
E00019006,481,128,353
E00019007,290,74,216
E00019008,279,79,200
E00019009,412,112,300
E00019010,338,105,233
E00019012,317,64,253
E00019013,317,55,262
E00019014,336,71,265
E00019015,354,87,267
E00019016,411,131,280
E00019017,456,108,348
E00019018,333,83,250
E00019019,456,115,341
E00019020,400,80,320
E00019022,372,65,307
E00019023,286,71,215
E00019024,515,139,376
E00019025,455,112,343
E00019026,395,115,280
E00019027,393,109,284
E00019028,416,100,316
E00019029,321,105,216
E00019030,306,59,247
E00019031,339,84,255
E00019032,391,98,293
E00019033,360,94,266
E00019034,346,101,245
E00019035,354,82,272
E00019036,333,84,249
E00019037,423,107,316
E00019038,420,110,310
E00019039,428,102,326
E00019040,220,40,180
E00019041,329,63,266
E00019042,320,72,248
E00019043,396,99,297
E00019044,279,60,219
E00019045,157,28,129
E00019046,439,85,354
E00019047,381,103,278
E00019048,204,41,163
E00019049,341,71,270
E00019050,288,57,231
E00019051,334,63,271
E00019052,389,72,317
E00019053,210,41,169
E00019054,394,84,310
E00019055,335,78,257
E00019056,284,51,233
E00019057,307,72,235
E00019058,312,60,252
E00019059,369,79,290
E00019060,241,37,204
E00019061,311,54,257
E00019062,351,85,266
E00019063,234,66,168
E00019064,134,26,108
E00019065,310,68,242
E00019066,314,66,248
E00019067,269,38,231
E00019068,278,60,218
E00019069,297,64,233
E00019070,267,45,222
E00019071,309,68,241
E00019072,346,82,264
E00019073,177,13,164
E00019074,347,65,282
E00019075,303,57,246
E00019076,242,33,209
E00019077,347,89,258
E00019078,407,90,317
E00019079,254,45,209
E00019080,194,22,172
E00019081,209,33,176
E00019082,324,70,254
E00019083,328,68,260
E00019084,236,39,197
E00019085,289,72,217
E00019086,326,89,237
E00019087,309,67,242
E00019088,294,78,216
E00019089,281,65,216
E00019090,269,59,210
E00019091,212,25,187
E00019092,190,20,170
E00019093,165,22,143
E00019094,278,83,195
E00019095,291,52,239
E00019096,419,104,315
E00019097,336,81,255
E00019098,350,89,261
E00019099,288,70,218
E00019100,337,89,248
E00019101,342,73,269
E00019102,277,52,225
E00019103,284,43,241
E00019104,290,40,250
E00019105,250,32,218
E00019106,343,102,241
E00019107,329,89,240
E00019108,329,104,225
E00019109,280,56,224
E00019110,329,76,253
E00019111,312,97,215
E00019112,394,124,270
E00019113,281,44,237
E00019114,313,57,256
E00019115,240,44,196
E00019116,327,86,241
E00019117,293,70,223
E00019118,326,77,249
E00019119,276,55,221
E00019120,259,48,211
E00019121,279,52,227
E00019122,250,49,201
E00019123,307,70,237
E00019124,338,79,259
E00019125,293,60,233
E00019126,417,69,348
E00019127,338,84,254
E00019128,323,74,249
E00019129,234,41,193
E00019130,304,84,220
E00019131,332,88,244
E00019132,261,52,209
E00019133,324,76,248
E00019134,333,88,245
E00019135,353,114,239
E00019136,367,89,278
E00019137,306,69,237
E00019138,285,83,202
E00019139,381,107,274
E00019140,302,69,233
E00019141,301,76,225
E00019142,263,56,207
E00019143,330,85,245
E00019144,291,64,227
E00019145,418,107,311
E00019146,316,78,238
E00019147,340,48,292
E00019148,306,79,227
E00019149,318,73,245
E00019150,278,72,206
E00019151,279,77,202
E00019152,285,54,231
E00019153,408,68,340
E00019154,269,50,219
E00019155,216,27,189
E00019156,331,72,259
E00019157,255,45,210
E00019158,220,28,192
E00019159,270,40,230
E00019160,336,85,251
E00019161,234,44,190
E00019162,320,67,253
E00019163,459,62,397
E00019164,264,65,199
E00019165,355,96,259
E00019166,307,75,232
E00019167,302,63,239
E00019168,331,63,268
E00019169,296,74,222
E00019170,317,72,245
E00019171,284,64,220
E00019172,277,80,197
E00019173,337,90,247
E00019174,329,69,260
E00019175,234,45,189
E00019176,300,55,245
E00019177,305,81,224
E00019178,302,70,232
E00019179,336,94,242
E00019180,337,89,248
E00019181,257,40,217
E00019182,315,66,249
E00019183,221,45,176
E00019184,305,74,231
E00019185,330,82,248
E00019186,366,81,285
E00019187,252,31,221
E00019188,293,86,207
E00019189,329,87,242
E00019190,288,79,209
E00019191,354,102,252
E00019192,478,116,362
E00019193,265,51,214
E00019194,222,48,174
E00019195,336,37,299
E00019196,228,55,173
E00019197,362,109,253
E00019198,294,67,227
E00019199,347,88,259
E00019200,292,76,216
E00019201,297,61,236
E00019202,308,79,229
E00019203,237,43,194
E00019204,302,77,225
E00019205,345,106,239
E00019206,307,70,237
E00019207,263,62,201
E00019208,224,43,181
E00019209,227,35,192
E00019210,318,77,241
E00019211,303,49,254
E00019212,307,46,261
E00019213,318,65,253
E00019214,369,96,273
E00019215,331,66,265
E00019216,299,56,243
E00019217,290,48,242
E00019218,365,88,277
E00019219,315,73,242
E00019220,334,83,251
E00019221,301,58,243
E00019222,300,75,225
E00019223,411,89,322
E00019224,279,56,223
E00019225,276,48,228
E00019226,323,59,264
E00019227,289,50,239
E00019228,288,63,225
E00019229,276,55,221
E00019230,292,57,235
E00019231,260,38,222
E00019232,311,51,260
E00019233,268,40,228
E00019234,331,62,269
E00019235,328,72,256
E00019236,284,49,235
E00019237,251,35,216
E00019238,241,30,211
E00019239,304,40,264
E00019240,373,86,287
E00019241,310,50,260
E00019242,239,43,196
E00019243,355,79,276
E00019244,310,65,245
E00019245,300,59,241
E00019246,242,52,190
E00019247,350,97,253
E00019248,330,63,267
E00019249,291,60,231
E00019250,342,77,265
E00019251,263,45,218
E00019252,276,53,223
E00019253,221,41,180
E00019254,261,43,218
E00019255,304,55,249
E00019256,294,60,234
E00019257,281,67,214
E00019258,229,51,178
E00019259,336,86,250
E00019260,202,27,175
E00019261,242,38,204
E00019262,326,81,245
E00019263,309,62,247
E00019264,278,46,232
E00019265,294,68,226
E00019266,202,33,169
E00019267,216,40,176
E00019268,299,57,242
E00019269,294,48,246
E00019270,299,69,230
E00019271,338,79,259
E00019272,357,80,277
E00019273,308,41,267
E00019274,217,32,185
E00019275,258,42,216
E00019276,354,66,288
E00019277,369,45,324
E00019278,318,75,243
E00019279,257,66,191
E00019280,219,59,160
E00019281,261,62,199
E00019282,256,62,194
E00019283,282,85,197
E00019284,294,65,229
E00019285,191,42,149
E00019286,277,72,205
E00019287,268,58,210
E00019288,327,91,236
E00019289,335,82,253
E00019290,283,59,224
E00019291,388,105,283
E00019293,323,80,243
E00019294,312,64,248
E00019295,223,36,187
E00019296,531,117,414
E00019297,234,29,205
E00019298,304,77,227
E00019299,268,55,213
E00019300,289,60,229
E00019301,123,24,99
E00019303,241,40,201
E00019304,303,41,262
E00019305,261,46,215
E00019306,349,66,283
E00019307,298,63,235
E00019308,310,77,233
E00019309,292,49,243
E00019310,325,63,262
E00019311,327,64,263
E00019312,376,86,290
E00019313,356,125,231
E00019314,275,58,217
E00019315,369,68,301
E00019316,358,91,267
E00019317,332,80,252
E00019318,366,84,282
E00019319,118,12,106
E00019320,422,125,297
E00019321,428,129,299
E00019322,386,71,315
E00019323,319,67,252
E00019324,332,73,259
E00019325,366,86,280
E00019326,335,71,264
E00019327,337,78,259
E00019328,355,76,279
E00019330,364,86,278
E00019331,364,69,295
E00019332,349,95,254
E00019333,352,77,275
E00019334,379,97,282
E00019335,314,54,260
E00019336,285,60,225
E00019337,390,101,289
E00019338,298,42,256
E00019339,294,62,232
E00019340,262,50,212
E00019341,239,47,192
E00019342,329,76,253
E00019343,219,39,180
E00019344,287,56,231
E00019345,322,51,271
E00019346,322,86,236
E00019347,188,29,159
E00019348,205,27,178
E00019349,362,95,267
E00019350,158,16,142
E00019351,292,44,248
E00019352,208,21,187
E00019353,259,36,223
E00019354,322,69,253
E00019355,291,47,244
E00019356,346,65,281
E00019358,316,67,249
E00019359,273,42,231
E00019360,282,57,225
E00019361,331,61,270
E00019362,284,55,229
E00019363,244,50,194
E00019364,234,25,209
E00019365,276,45,231
E00019366,312,71,241
E00019367,260,68,192
E00019368,240,51,189
E00019369,228,32,196
E00019370,257,57,200
E00019371,319,84,235
E00019372,300,75,225
E00019373,301,46,255
E00019374,291,50,241
E00019375,333,79,254
E00019376,213,25,188
E00019377,311,70,241
E00019378,244,35,209
E00019379,213,44,169
E00019380,255,40,215
E00019381,209,48,161
E00019382,290,68,222
E00019383,322,68,254
E00019384,364,87,277
E00019385,330,59,271
E00019386,257,47,210
E00019387,253,50,203
E00019388,339,70,269
E00019389,251,42,209
E00019390,200,30,170
E00019391,229,53,176
E00019392,247,61,186
E00019393,241,38,203
E00019394,302,69,233
E00019395,277,49,228
E00019396,222,20,202
E00019397,220,23,197
E00019398,276,51,225
E00019399,258,46,212
E00019400,276,52,224
E00019401,260,57,203
E00019402,292,54,238
E00019403,221,35,186
E00019404,335,48,287
E00019405,331,90,241
E00019406,287,54,233
E00019407,348,57,291
E00019408,379,59,320
E00019409,381,101,280
E00019410,253,35,218
E00019411,267,51,216
E00019412,455,93,362
E00019413,249,57,192
E00019414,349,79,270
E00019415,413,68,345
E00019416,298,53,245
E00019417,235,35,200
E00019418,342,83,259
E00019419,428,116,312
E00019420,292,58,234
E00019421,283,58,225
E00019422,267,55,212
E00019423,286,48,238
E00019424,257,63,194
E00019425,255,20,235
E00019426,515,114,401
E00019427,260,44,216
E00019428,280,77,203
E00019429,343,64,279
E00019430,369,105,264
E00019431,265,61,204
E00019432,300,38,262
E00019433,241,38,203
E00019434,265,66,199
E00019435,241,39,202
E00019436,337,83,254
E00019437,209,24,185
E00019438,263,53,210
E00019439,174,15,159
E00019440,257,53,204
E00019441,246,45,201
E00019442,276,47,229
E00019443,315,72,243
E00019444,388,81,307
E00019445,378,88,290
E00019446,258,51,207
E00019447,338,92,246
E00019448,521,119,402
E00019449,363,73,290
E00019450,252,49,203
E00019451,267,49,218
E00019452,373,95,278
E00019453,308,53,255
E00019454,291,55,236
E00019455,353,83,270
E00019456,346,76,270
E00019457,277,46,231
E00019458,291,83,208
E00019459,317,60,257
E00019460,302,58,244
E00019461,266,41,225
E00019462,292,51,241
E00019463,296,68,228
E00019464,268,51,217
E00019465,301,60,241
E00019466,226,62,164
E00019467,325,82,243
E00019468,292,82,210
E00019469,313,77,236
E00019470,424,71,353
E00019471,308,62,246
E00019472,246,32,214
E00019473,377,99,278
E00019475,384,92,292
E00019476,376,101,275
E00019477,299,78,221
E00019478,231,29,202
E00019479,205,21,184
E00019480,412,81,331
E00019481,232,47,185
E00019482,278,111,167
E00019483,249,45,204
E00019484,265,71,194
E00019485,294,43,251
E00019486,248,34,214
E00019487,239,59,180
E00019488,256,54,202
E00019489,201,28,173
E00019490,163,14,149
E00019491,284,63,221
E00019492,375,47,328
E00019493,232,31,201
E00019494,218,13,205
E00019495,295,72,223
E00019496,215,37,178
E00019497,260,44,216
E00019498,212,29,183
E00019499,290,61,229
E00019500,329,79,250
E00019501,214,40,174
E00019502,195,24,171
E00019503,288,63,225
E00019504,278,62,216
E00019505,269,59,210
E00019506,350,90,260
E00019507,244,45,199
E00019508,257,29,228
E00019509,268,28,240
E00019510,213,44,169
E00019511,256,54,202
E00019512,165,7,158
E00019513,215,17,198
E00019514,219,43,176
E00019515,290,61,229
E00019516,193,30,163
E00019517,191,33,158
E00019518,411,122,289
E00019519,217,35,182
E00019520,358,73,285
E00019521,344,74,270
E00019522,256,57,199
E00019523,284,52,232
E00019524,337,55,282
E00019525,252,39,213
E00019526,311,74,237
E00019527,293,64,229
E00019528,384,100,284
E00019529,287,29,258
E00019530,373,75,298
E00019531,258,56,202
E00019532,395,104,291
E00019533,277,52,225
E00019534,308,71,237
E00019535,349,63,286
E00019536,287,70,217
E00019537,384,82,302
E00019538,314,85,229
E00019539,287,57,230
E00019540,310,70,240
E00019542,313,71,242
E00019543,332,101,231
E00019544,196,59,137
E00019545,294,69,225
E00019546,311,65,246
E00019547,240,36,204
E00019548,399,171,228
E00019549,286,90,196
E00019550,316,63,253
E00019551,330,70,260
E00019552,290,52,238
E00019553,330,56,274
E00019554,299,59,240
E00019555,261,48,213
E00019556,316,49,267
E00019557,298,65,233
E00019558,294,61,233
E00019559,247,40,207
E00019560,237,34,203
E00019561,365,113,252
E00019562,265,53,212
E00019563,173,32,141
E00019564,283,65,218
E00019565,317,56,261
E00019566,237,39,198
E00019567,223,47,176
E00019568,210,28,182
E00019569,234,23,211
E00019570,311,46,265
E00019571,317,64,253
E00019572,321,84,237
E00019573,293,73,220
E00019574,279,57,222
E00019575,303,63,240
E00019576,198,11,187
E00019577,321,61,260
E00019578,267,52,215
E00019579,315,29,286
E00019580,306,67,239
E00019581,278,58,220
E00019582,324,63,261
E00019583,318,79,239
E00019584,297,58,239
E00019585,348,96,252
E00019586,297,35,262
E00019587,272,46,226
E00019588,240,39,201
E00019589,300,52,248
E00019590,279,66,213
E00019591,300,70,230
E00019592,250,37,213
E00019593,285,79,206
E00019594,321,77,244
E00019595,270,53,217
E00019596,223,51,172
E00019597,340,73,267
E00019598,298,66,232
E00019599,259,38,221
E00019600,221,39,182
E00019601,341,56,285
E00019602,281,53,228
E00019603,260,52,208
E00019604,433,86,347
E00019605,327,77,250
E00019606,347,86,261
E00019607,180,17,163
E00019608,299,71,228
E00019609,264,64,200
E00019610,233,35,198
E00019611,279,30,249
E00019612,288,51,237
E00019613,231,44,187
E00019614,291,72,219
E00019615,222,38,184
E00019616,247,42,205
E00019617,389,112,277
E00019618,222,28,194
E00019619,237,48,189
E00019620,304,79,225
E00019621,264,65,199
E00019622,361,95,266
E00019623,275,45,230
E00019624,298,77,221
E00019625,358,79,279
E00019626,329,67,262
E00019627,281,72,209
E00019628,265,61,204
E00019629,324,83,241
E00019630,231,44,187
E00019631,320,68,252
E00019632,313,74,239
E00019633,343,90,253
E00019634,315,93,222
E00019635,310,73,237
E00019636,310,76,234
E00019637,347,87,260
E00019638,363,104,259
E00019639,329,91,238
E00019640,325,84,241
E00019641,283,53,230
E00019642,328,77,251
E00019643,267,68,199
E00019644,293,77,216
E00019645,358,79,279
E00019646,376,102,274
E00019647,311,78,233
E00019648,248,51,197
E00019649,265,72,193
E00019650,326,83,243
E00019651,307,75,232
E00019652,329,79,250
E00019653,284,80,204
E00019654,304,52,252
E00019655,353,90,263
E00019656,335,75,260
E00019657,299,50,249
E00019658,298,77,221
E00019659,291,36,255
E00019660,318,58,260
E00019661,303,62,241
E00019662,248,39,209
E00019663,275,59,216
E00019664,371,96,275
E00019665,299,58,241
E00019666,390,92,298
E00019667,280,51,229
E00019668,260,42,218
E00019669,295,64,231
E00019670,362,73,289
E00019671,340,74,266
E00019672,276,52,224
E00019673,336,66,270
E00019674,300,66,234
E00019675,365,67,298
E00019676,296,68,228
E00019677,336,64,272
E00019678,277,51,226
E00019679,355,76,279
E00019680,363,65,298
E00019681,377,66,311
E00019682,374,91,283
E00019683,325,67,258
E00019684,303,73,230
E00019685,416,105,311
E00019686,379,63,316
E00019687,320,50,270
E00019688,288,75,213
E00019689,363,64,299
E00019690,325,68,257
E00019691,438,90,348
E00019692,341,42,299
E00019694,498,109,389
E00019695,469,95,374
E00019696,259,40,219
E00019697,297,51,246
E00019698,343,61,282
E00019699,223,31,192
E00019700,332,49,283
E00019701,266,37,229
E00019702,349,53,296
E00019703,331,65,266
E00019704,350,70,280
E00019705,435,73,362
E00019706,507,192,315
E00019707,283,45,238
E00019709,310,85,225
E00019710,407,134,273
E00019711,230,32,198
E00019712,231,41,190
E00019713,546,291,255
E00019714,239,91,148
E00019716,450,102,348
E00019717,515,228,287
E00019718,239,29,210
E00019719,418,109,309
E00019720,295,76,219
E00019721,304,99,205
E00019722,255,28,227
E00019723,272,70,202
E00019724,198,30,168
E00019725,437,80,357
E00019726,260,54,206
E00019727,412,68,344
E00019728,321,82,239
E00019729,324,96,228
E00019730,193,23,170
E00019731,317,84,233
E00019732,378,116,262
E00019733,230,37,193
E00019734,520,145,375
E00019735,424,107,317
E00019736,349,47,302
E00019737,241,43,198
E00019739,356,75,281
E00019741,307,36,271
E00019742,187,26,161
E00019743,373,83,290
E00019744,339,52,287
E00019745,362,71,291
E00019746,177,42,135
E00019747,283,56,227
E00019748,359,83,276
E00019749,314,72,242
E00019750,521,139,382
E00019751,287,55,232
E00019752,411,75,336
E00019753,207,35,172
E00019754,478,99,379
E00019755,227,40,187
E00019756,451,97,354
E00019757,323,73,250
E00019758,337,34,303
E00019759,434,138,296
E00019760,464,137,327
E00019761,353,98,255
E00019762,292,33,259
E00019763,433,100,333
E00019764,511,93,418
E00019765,316,77,239
E00019766,283,45,238
E00019767,299,75,224
E00019768,233,37,196
E00019769,288,65,223
E00019770,221,48,173
E00019772,304,59,245
E00019773,388,52,336
E00019774,402,51,351
E00019778,123,7,116
E00019779,331,34,297
E00019780,310,59,251
E00019781,371,95,276
E00019782,212,39,173
E00019783,253,44,209
E00019784,455,152,303
E00019785,217,36,181
E00019787,370,78,292
E00019788,314,74,240
E00019789,277,36,241
E00019791,370,62,308
E00019793,231,33,198
E00019794,240,47,193
E00019796,210,51,159
E00019797,389,236,153
E00019800,247,83,164
E00019801,373,110,263
E00019802,253,64,189
E00019804,254,84,170
E00019805,262,42,220
E00019806,282,75,207
E00019807,260,41,219
E00019810,240,44,196
E00019811,252,58,194
E00019812,234,22,212
E00019813,379,86,293
E00019814,282,93,189
E00019815,213,68,145
E00019816,246,72,174
E00019817,420,104,316
E00019818,283,29,254
E00019819,269,85,184
E00019820,315,104,211
E00019822,425,94,331
E00019823,259,37,222
E00019824,471,145,326
E00019825,387,237,150
E00019826,330,83,247
E00019827,262,85,177
E00019828,537,204,333
E00019829,272,75,197
E00019830,306,77,229
E00019831,152,38,114
E00019833,284,89,195
E00019834,273,85,188
E00019836,427,103,324
E00019838,285,51,234
E00019841,532,265,267
E00019842,225,48,177
E00019843,402,48,354
E00019844,197,77,120
E00019845,223,56,167
E00019847,334,121,213
E00019848,147,37,110
E00019849,300,52,248
E00019850,329,66,263
E00019851,299,59,240
E00019852,282,74,208
E00019853,268,47,221
E00019854,308,57,251
E00019855,322,111,211
E00019856,252,56,196
E00019857,252,37,215
E00019858,297,57,240
E00019859,253,33,220
E00019860,253,34,219
E00019861,178,24,154
E00019862,377,110,267
E00019863,270,31,239
E00019864,295,59,236
E00019865,429,122,307
E00019866,314,48,266
E00019867,462,92,370
E00019869,233,64,169
E00019870,454,148,306
E00019871,281,53,228
E00019872,394,73,321
E00019873,354,164,190
E00019874,224,53,171
E00019875,241,47,194
E00019876,386,94,292
E00019877,333,78,255
E00019878,355,65,290
E00019879,331,83,248
E00019880,298,95,203
E00019881,200,54,146
E00019882,449,152,297
E00019883,252,88,164
E00019884,302,94,208
E00019885,240,51,189
E00019886,434,69,365
E00019887,303,45,258
E00019888,237,30,207
E00019889,320,68,252
E00019890,305,48,257
E00019891,313,58,255
E00019892,356,73,283
E00019893,370,58,312
E00019894,364,57,307
E00019895,376,100,276
E00019896,345,62,283
E00019897,374,80,294
E00019898,337,33,304
E00019900,285,32,253
E00019901,342,45,297
E00019902,371,68,303
E00019903,369,82,287
E00019904,275,46,229
E00019905,239,48,191
E00019906,247,19,228
E00019907,292,57,235
E00019908,305,39,266
E00019909,319,72,247
E00019910,275,43,232
E00019911,262,41,221
E00019912,402,62,340
E00019913,331,49,282
E00019914,282,41,241
E00019915,152,21,131
E00019916,282,35,247
E00019917,346,61,285
E00019918,300,36,264
E00019919,299,43,256
E00019920,282,40,242
E00019921,263,50,213
E00019922,412,101,311
E00019924,208,40,168
E00019926,300,88,212
E00019927,341,86,255
E00019928,296,76,220
E00019929,264,70,194
E00019930,382,122,260
E00019931,401,84,317
E00019933,361,81,280
E00019934,323,59,264
E00019935,488,98,390
E00019937,243,50,193
E00019938,395,64,331
E00019942,209,76,133
E00019943,215,46,169
E00019944,276,82,194
E00019945,297,76,221
E00019947,299,79,220
E00019948,268,44,224
E00019949,277,32,245
E00019950,406,124,282
E00019953,324,90,234
E00019955,212,47,165
E00019956,396,99,297
E00019957,453,127,326
E00019958,453,143,310
E00019959,300,49,251
E00019960,471,115,356
E00019961,345,101,244
E00019962,229,44,185
E00019963,372,70,302
E00019965,273,81,192
E00019968,237,59,178
E00019971,204,25,179
E00019972,138,8,130
E00019973,246,83,163
E00019974,236,20,216
E00019975,144,14,130
E00019976,312,114,198
E00019977,117,42,75
E00019978,285,64,221
E00019979,196,22,174
E00019980,257,73,184
E00019981,294,95,199
E00019982,347,118,229
E00019983,285,57,228
E00019984,354,126,228
E00019985,372,96,276
E00019987,265,53,212
E00019988,318,93,225
E00019989,148,30,118
E00019990,297,104,193
E00019992,403,89,314
E00019995,164,19,145
E00019997,325,60,265
E00019998,318,77,241
E00019999,214,108,106
E00020000,282,97,185
E00020001,296,66,230
E00020002,454,130,324
E00020003,282,84,198
E00020004,274,81,193
E00020005,353,70,283
E00020006,258,35,223
E00020007,170,60,110
E00020008,394,218,176
E00020009,327,66,261
E00020010,294,31,263
E00020011,302,37,265
E00020013,396,72,324
E00020014,498,77,421
E00020015,309,86,223
E00020016,353,81,272
E00020017,506,110,396
E00020018,225,27,198
E00020019,268,60,208
E00020020,397,53,344
E00020021,357,36,321
E00020022,178,30,148
E00020023,257,41,216
E00020024,301,76,225
E00020025,236,30,206
E00020026,322,91,231
E00020027,206,18,188
E00020028,346,32,314
E00020029,255,50,205
E00020030,271,66,205
E00020031,314,79,235
E00020032,204,39,165
E00020034,237,48,189
E00020035,266,49,217
E00020036,222,42,180
E00020037,379,79,300
E00020039,188,40,148
E00020040,331,92,239
E00020041,264,57,207
E00020043,246,60,186
E00020045,307,98,209
E00020046,328,90,238
E00020047,285,68,217
E00020048,280,71,209
E00020049,323,81,242
E00020050,272,78,194
E00020052,510,111,399
E00020053,269,51,218
E00020054,455,147,308
E00020055,337,54,283
E00020056,264,68,196
E00020057,300,62,238
E00020059,411,76,335
E00020060,556,88,468
E00020061,422,97,325
E00020062,429,111,318
E00020063,454,177,277
E00020064,383,89,294
E00020065,355,134,221
E00020066,322,89,233
E00020067,317,76,241
E00020068,327,101,226
E00020069,287,108,179
E00020070,348,99,249
E00020071,520,133,387
E00020072,251,25,226
E00020073,359,75,284
E00020074,364,104,260
E00020075,230,55,175
E00020076,399,109,290
E00020077,405,128,277
E00020078,412,47,365
E00020079,228,38,190
E00020080,336,77,259
E00020081,377,113,264
E00020082,485,55,430
E00020083,271,95,176
E00020084,541,95,446
E00020087,292,68,224
E00020088,289,79,210
E00020089,250,54,196
E00020090,253,34,219
E00020091,191,44,147
E00020092,239,55,184
E00020093,195,39,156
E00020094,258,65,193
E00020095,329,77,252
E00020096,201,35,166
E00020097,303,89,214
E00020098,405,113,292
E00020099,260,55,205
E00020100,346,84,262
E00020102,196,17,179
E00020103,104,15,89
E00020104,144,17,127
E00020105,189,30,159
E00020107,268,36,232
E00020108,193,23,170
E00020109,257,54,203
E00020110,246,35,211
E00020111,276,56,220
E00020112,202,20,182
E00020113,379,55,324
E00020114,329,47,282
E00020115,311,86,225
E00020116,238,70,168
E00020117,296,48,248
E00020118,225,34,191
E00020119,218,31,187
E00020120,304,82,222
E00020121,299,58,241
E00020122,246,79,167
E00020123,357,95,262
E00020124,469,175,294
E00020125,228,59,169
E00020126,340,68,272
E00020127,427,147,280
E00020128,245,54,191
E00020129,228,56,172
E00020130,243,77,166
E00020131,260,47,213
E00020132,314,110,204
E00020133,331,90,241
E00020134,572,158,414
E00020137,227,29,198
E00020138,257,66,191
E00020139,154,7,147
E00020140,322,69,253
E00020141,310,56,254
E00020142,316,36,280
E00020144,318,59,259
E00020145,380,48,332
E00020146,294,56,238
E00020147,323,83,240
E00020148,549,123,426
E00020149,396,64,332
E00020150,286,63,223
E00020151,205,37,168
E00020152,365,83,282
E00020153,325,72,253
E00020154,437,116,321
E00020155,309,50,259
E00020156,354,78,276
E00020157,338,53,285
E00020158,412,72,340
E00020161,246,40,206
E00020164,338,63,275
E00020165,352,75,277
E00020166,255,51,204
E00020167,315,77,238
E00020168,421,80,341
E00020169,237,54,183
E00020170,330,59,271
E00020171,344,70,274
E00020172,287,50,237
E00020173,277,44,233
E00020174,290,54,236
E00020175,223,33,190
E00020176,304,64,240
E00020177,302,58,244
E00020179,270,70,200
E00020180,344,86,258
E00020181,355,89,266
E00020182,321,100,221
E00020183,308,66,242
E00020184,449,119,330
E00020185,419,91,328
E00020186,357,87,270
E00020188,252,73,179
E00020190,249,56,193
E00020192,301,69,232
E00020193,313,52,261
E00020194,550,159,391
E00020195,267,57,210
E00020196,253,59,194
E00020197,298,94,204
E00020199,550,80,470
E00020200,311,66,245
E00020201,483,105,378
E00020202,492,86,406
E00020203,427,113,314
E00020204,422,122,300
E00020206,193,46,147
E00020207,439,127,312
E00020208,264,70,194
E00020209,332,52,280
E00020210,477,91,386
E00020211,322,65,257
E00020212,228,61,167
E00020213,313,61,252
E00020214,290,70,220
E00020215,292,52,240
E00020216,308,57,251
E00020217,328,58,270
E00020218,331,79,252
E00020219,353,89,264
E00020220,560,290,270
E00020221,268,34,234
E00020222,261,68,193
E00020223,334,74,260
E00020224,356,74,282
E00020225,275,57,218
E00020226,292,56,236
E00020227,238,53,185
E00020228,318,50,268
E00020229,397,66,331
E00020230,258,51,207
E00020231,264,51,213
E00020232,315,54,261
E00020233,280,46,234
E00020234,322,41,281
E00020235,289,69,220
E00020236,332,76,256
E00020238,393,86,307
E00020239,279,33,246
E00020240,266,31,235
E00020241,530,98,432
E00020242,336,54,282
E00020243,351,46,305
E00020244,360,121,239
E00020245,366,134,232
E00020246,449,85,364
E00020247,243,16,227
E00020248,277,59,218
E00020249,344,73,271
E00020250,386,101,285
E00020251,392,79,313
E00020252,367,79,288
E00020253,370,100,270
E00020254,273,50,223
E00020257,314,50,264
E00020259,241,15,226
E00020260,206,14,192
E00020261,260,19,241
E00020262,174,8,166
E00020263,228,51,177
E00020264,338,73,265
E00020266,326,80,246
E00020267,169,5,164
E00020268,149,5,144
E00020269,392,38,354
E00020270,322,30,292
E00020271,180,5,175
E00020273,251,48,203
E00020274,353,76,277
E00020275,329,71,258
E00020276,287,57,230
E00020277,236,30,206
E00020278,285,63,222
E00020280,279,78,201
E00020281,309,73,236
E00020282,249,50,199
E00020286,310,48,262
E00020287,209,31,178
E00020289,265,49,216
E00020290,272,34,238
E00020291,132,29,103
E00020292,301,13,288
E00020293,322,44,278
E00020294,347,107,240
E00020295,353,103,250
E00020296,279,74,205
E00020298,273,38,235
E00020299,213,33,180
E00020300,266,38,228
E00020301,271,67,204
E00020302,238,42,196
E00020303,277,41,236
E00020304,285,61,224
E00020305,254,30,224
E00020307,498,67,431
E00020309,322,67,255
E00020310,165,18,147
E00020311,286,63,223
E00020312,248,34,214
E00020313,269,74,195
E00020314,267,55,212
E00020315,323,90,233
E00020317,301,113,188
E00020318,429,91,338
E00020319,273,66,207
E00020320,371,62,309
E00020321,305,113,192
E00020323,496,79,417
E00020324,324,92,232
E00020325,358,114,244
E00020326,307,69,238
E00020327,278,97,181
E00020328,269,82,187
E00020329,278,51,227
E00020330,350,29,321
E00020331,317,46,271
E00020332,250,65,185
E00020333,346,81,265
E00020334,304,44,260
E00020335,421,85,336
E00020336,335,71,264
E00020337,254,45,209
E00020338,375,74,301
E00020339,438,148,290
E00020340,336,62,274
E00020341,208,40,168
E00020342,234,43,191
E00020344,347,88,259
E00020345,261,34,227
E00020346,268,76,192
E00020347,296,75,221
E00020348,223,35,188
E00020349,212,43,169
E00020350,240,41,199
E00020351,296,88,208
E00020352,369,102,267
E00020353,518,129,389
E00020354,288,67,221
E00020355,262,51,211
E00020357,325,97,228
E00020358,250,75,175
E00020359,273,67,206
E00020360,310,79,231
E00020361,277,37,240
E00020362,231,48,183
E00020363,200,21,179
E00020364,248,37,211
E00020365,558,124,434
E00020366,299,65,234
E00020367,239,34,205
E00020368,378,103,275
E00020369,278,49,229
E00020370,340,80,260
E00020371,187,34,153
E00020372,273,87,186
E00020373,289,77,212
E00020374,302,90,212
E00020375,296,59,237
E00020376,364,54,310
E00020377,285,60,225
E00020379,228,44,184
E00020380,209,20,189
E00020381,340,51,289
E00020382,307,66,241
E00020383,202,40,162
E00020384,334,43,291
E00020385,247,24,223
E00020386,268,47,221
E00020387,187,10,177
E00020388,220,27,193
E00020389,311,56,255
E00020390,313,57,256
E00020391,321,72,249
E00020392,286,65,221
E00020393,256,45,211
E00020394,380,113,267
E00020395,238,43,195
E00020396,251,39,212
E00020397,343,58,285
E00020398,320,96,224
E00020399,246,64,182
E00020400,312,100,212
E00020401,324,61,263
E00020402,261,53,208
E00020403,358,91,267
E00020404,304,100,204
E00020405,273,75,198
E00020406,265,65,200
E00020407,317,53,264
E00020408,497,89,408
E00020409,294,85,209
E00020410,424,140,284
E00020411,230,36,194
E00020412,312,79,233
E00020413,297,78,219
E00020415,315,22,293
E00020416,263,9,254
E00020417,275,29,246
E00020418,257,45,212
E00020419,449,83,366
E00020420,294,31,263
E00020421,342,47,295
E00020422,239,25,214
E00020423,264,50,214
E00020424,210,30,180
E00020425,348,37,311
E00020426,241,25,216
E00020427,377,40,337
E00020428,239,30,209
E00020429,271,40,231
E00020430,338,77,261
E00020431,254,58,196
E00020432,299,72,227
E00020433,293,64,229
E00020434,208,9,199
E00020435,318,49,269
E00020436,168,13,155
E00020437,281,27,254
E00020438,220,17,203
E00020439,359,86,273
E00020440,318,58,260
E00020441,439,45,394
E00020442,307,52,255
E00020443,437,54,383
E00020444,461,67,394
E00020445,348,54,294
E00020447,359,58,301
E00020448,330,44,286
E00020449,248,29,219
E00020451,299,51,248
E00020452,190,25,165
E00020453,264,21,243
E00020454,214,29,185
E00020455,293,60,233
E00020457,313,41,272
E00020458,349,32,317
E00020459,419,100,319
E00020460,298,78,220
E00020461,335,41,294
E00020462,274,41,233
E00020463,398,80,318
E00020464,287,51,236
E00020465,272,52,220
E00020466,299,58,241
E00020468,285,68,217
E00020469,275,42,233
E00020470,241,32,209
E00020471,285,46,239
E00020472,325,52,273
E00020473,531,147,384
E00020474,413,132,281
E00020475,274,36,238
E00020476,328,89,239
E00020478,402,103,299
E00020479,391,113,278
E00020480,301,46,255
E00020481,375,60,315
E00020482,435,89,346
E00020483,281,54,227
E00020484,323,42,281
E00020485,357,54,303
E00020487,385,69,316
E00020488,247,26,221
E00020489,334,61,273
E00020490,310,45,265
E00020491,252,31,221
E00020492,246,50,196
E00020493,362,43,319
E00020494,259,35,224
E00020495,236,50,186
E00020496,273,49,224
E00020497,227,40,187
E00020498,286,81,205
E00020499,274,67,207
E00020500,277,72,205
E00020501,341,74,267
E00020502,322,83,239
E00020503,324,70,254
E00020504,281,59,222
E00020505,455,97,358
E00020506,395,83,312
E00020507,376,93,283
E00020508,241,46,195
E00020509,255,43,212
E00020510,310,85,225
E00020511,254,41,213
E00020512,265,55,210
E00020513,369,106,263
E00020514,364,85,279
E00020515,327,74,253
E00020516,309,71,238
E00020517,393,95,298
E00020518,436,139,297
E00020519,308,86,222
E00020520,393,86,307
E00020521,310,57,253
E00020522,332,81,251
E00020523,335,63,272
E00020524,493,105,388
E00020525,299,89,210
E00020526,329,59,270
E00020527,331,81,250
E00020528,380,96,284
E00020529,357,85,272
E00020530,347,81,266
E00020531,369,89,280
E00020532,327,70,257
E00020533,285,51,234
E00020534,310,55,255
E00020535,398,98,300
E00020536,314,68,246
E00020537,372,107,265
E00020538,366,84,282
E00020539,284,53,231
E00020540,355,87,268
E00020541,336,74,262
E00020542,326,62,264
E00020543,265,44,221
E00020544,263,44,219
E00020545,350,73,277
E00020546,290,50,240
E00020547,263,55,208
E00020548,286,66,220
E00020549,293,43,250
E00020550,345,76,269
E00020551,344,71,273
E00020552,328,62,266
E00020553,326,54,272
E00020554,271,60,211
E00020555,332,62,270
E00020556,345,60,285
E00020557,361,89,272
E00020558,336,67,269
E00020559,213,44,169
E00020560,305,67,238
E00020561,401,103,298
E00020562,266,69,197
E00020563,252,49,203
E00020565,458,100,358
E00020566,219,65,154
E00020567,118,31,87
E00020568,250,28,222
E00020569,386,90,296
E00020570,160,44,116
E00020571,281,76,205
E00020572,387,87,300
E00020573,333,102,231
E00020574,251,65,186
E00020575,313,97,216
E00020576,424,105,319
E00020577,382,102,280
E00020578,291,74,217
E00020579,476,115,361
E00020580,394,125,269
E00020581,315,79,236
E00020582,233,69,164
E00020583,321,46,275
E00020584,270,36,234
E00020585,300,72,228
E00020586,387,80,307
E00020587,345,65,280
E00020588,335,71,264
E00020589,311,68,243
E00020590,311,55,256
E00020591,301,64,237
E00020592,299,49,250
E00020593,248,38,210
E00020594,479,98,381
E00020595,346,82,264
E00020596,396,85,311
E00020597,385,84,301
E00020598,298,48,250
E00020599,218,19,199
E00020600,340,68,272
E00020601,147,15,132
E00020602,255,52,203
E00020603,254,39,215
E00020604,333,67,266
E00020605,197,38,159
E00020606,300,43,257
E00020607,257,34,223
E00020608,255,73,182
E00020609,287,41,246
E00020610,249,52,197
E00020611,330,89,241
E00020612,385,100,285
E00020613,190,33,157
E00020614,283,73,210
E00020615,354,78,276
E00020616,305,84,221
E00020617,340,88,252
E00020618,289,65,224
E00020619,211,42,169
E00020620,261,61,200
E00020621,311,58,253
E00020622,315,61,254
E00020623,242,52,190
E00020624,389,87,302
E00020625,269,50,219
E00020626,345,73,272
E00020627,212,44,168
E00020628,303,73,230
E00020629,326,62,264
E00020630,394,62,332
E00020631,298,67,231
E00020632,182,42,140
E00020633,233,30,203
E00020634,346,82,264
E00020635,284,56,228
E00020636,255,47,208
E00020637,343,63,280
E00020638,300,58,242
E00020639,425,95,330
E00020640,276,48,228
E00020641,265,55,210
E00020642,204,32,172
E00020643,378,74,304
E00020644,397,80,317
E00020645,228,44,184
E00020646,421,118,303
E00020647,263,38,225
E00020648,389,93,296
E00020649,347,76,271
E00020650,265,52,213
E00020651,285,46,239
E00020652,314,73,241
E00020653,328,81,247
E00020654,256,46,210
E00020655,329,56,273
E00020656,294,55,239
E00020657,252,39,213
E00020658,407,97,310
E00020659,306,60,246
E00020660,350,83,267
E00020661,306,51,255
E00020662,347,64,283
E00020663,249,35,214
E00020664,325,61,264
E00020665,357,72,285
E00020666,497,92,405
E00020667,342,60,282
E00020668,385,107,278
E00020669,318,56,262
E00020670,311,82,229
E00020671,277,69,208
E00020672,345,75,270
E00020673,287,73,214
E00020674,352,84,268
E00020675,237,56,181
E00020676,279,60,219
E00020677,361,71,290
E00020678,264,49,215
E00020679,363,100,263
E00020680,354,91,263
E00020681,321,73,248
E00020682,364,94,270
E00020683,364,81,283
E00020684,342,79,263
E00020685,329,85,244
E00020686,306,70,236
E00020687,255,63,192
E00020688,353,79,274
E00020689,327,59,268
E00020690,350,61,289
E00020692,347,77,270
E00020693,313,47,266
E00020694,353,69,284
E00020695,348,77,271
E00020696,308,47,261
E00020697,417,70,347
E00020698,288,59,229
E00020699,314,75,239
E00020700,313,55,258
E00020702,367,77,290
E00020703,347,56,291
E00020704,383,78,305
E00020705,288,37,251
E00020706,334,70,264
E00020707,377,85,292
E00020708,373,87,286
E00020709,295,74,221
E00020710,357,88,269
E00020711,362,72,290
E00020712,361,86,275
E00020713,328,79,249
E00020714,321,70,251
E00020715,354,86,268
E00020716,386,90,296
E00020718,378,81,297
E00020719,239,24,215
E00020720,327,61,266
E00020721,302,62,240
E00020722,372,65,307
E00020723,335,73,262
E00020724,258,54,204
E00020725,350,83,267
E00020726,284,60,224
E00020727,342,92,250
E00020728,229,29,200
E00020729,369,70,299
E00020730,288,64,224
E00020731,356,78,278
E00020732,362,71,291
E00020733,261,30,231
E00020734,319,50,269
E00020735,295,50,245
E00020736,343,76,267
E00020737,327,61,266
E00020738,337,69,268
E00020739,353,70,283
E00020740,397,121,276
E00020741,249,37,212
E00020742,436,102,334
E00020743,355,74,281
E00020744,212,24,188
E00020745,347,73,274
E00020746,348,84,264
E00020747,292,68,224
E00020748,318,56,262
E00020749,343,69,274
E00020750,398,78,320
E00020751,392,75,317
E00020752,316,60,256
E00020753,371,93,278
E00020754,396,87,309
E00020755,319,73,246
E00020756,351,85,266
E00020757,479,113,366
E00020758,507,135,372
E00020759,255,49,206
E00020760,223,68,155
E00020761,332,82,250
E00020763,434,134,300
E00020764,287,82,205
E00020765,284,79,205
E00020766,343,84,259
E00020767,339,81,258
E00020768,311,60,251
E00020769,212,50,162
E00020770,304,65,239
E00020771,347,93,254
E00020772,380,92,288
E00020773,270,53,217
E00020774,269,53,216
E00020775,246,49,197
E00020776,323,78,245
E00020777,321,55,266
E00020778,397,92,305
E00020779,263,82,181
E00020780,426,73,353
E00020781,477,135,342
E00020782,362,91,271
E00020783,429,108,321
E00020784,327,74,253
E00020785,412,119,293
E00020786,302,71,231
E00020787,392,80,312
E00020788,383,81,302
E00020789,362,101,261
E00020790,324,70,254
E00020791,395,90,305
E00020792,325,69,256
E00020793,326,76,250
E00020794,420,92,328
E00020795,383,75,308
E00020796,400,104,296
E00020797,218,46,172
E00020798,325,63,262
E00020799,347,77,270
E00020800,314,65,249
E00020801,353,60,293
E00020802,339,65,274
E00020803,252,49,203
E00020804,363,69,294
E00020805,385,85,300
E00020806,377,72,305
E00020807,377,95,282
E00020808,366,73,293
E00020809,339,57,282
E00020810,270,37,233
E00020811,363,85,278
E00020812,340,78,262
E00020813,387,94,293
E00020814,382,85,297
E00020815,237,41,196
E00020816,292,65,227
E00020817,400,94,306
E00020818,261,43,218
E00020819,266,38,228
E00020820,280,61,219
E00020821,258,52,206
E00020822,355,73,282
E00020823,357,76,281
E00020824,280,61,219
E00020825,262,61,201
E00020826,309,68,241
E00020828,286,58,228
E00020830,284,62,222
E00020831,202,22,180
E00020832,236,99,137
E00020833,300,69,231
E00020834,206,38,168
E00020835,252,42,210
E00020836,201,46,155
E00020837,387,97,290
E00020838,275,98,177
E00020839,217,31,186
E00020840,231,50,181
E00020841,338,103,235
E00020842,261,54,207
E00020844,270,53,217
E00020845,354,88,266
E00020846,286,70,216
E00020847,404,109,295
E00020848,455,93,362
E00020849,273,61,212
E00020850,252,64,188
E00020851,271,55,216
E00020852,312,60,252
E00020853,293,64,229
E00020854,325,71,254
E00020855,191,24,167
E00020856,238,39,199
E00020857,334,54,280
E00020858,316,63,253
E00020859,302,57,245
E00020860,374,77,297
E00020861,313,63,250
E00020862,300,43,257
E00020863,332,82,250
E00020864,268,80,188
E00020865,313,59,254
E00020866,382,85,297
E00020867,375,119,256
E00020868,299,55,244
E00020869,444,122,322
E00020870,273,55,218
E00020871,322,72,250
E00020872,303,65,238
E00020873,339,91,248
E00020874,361,64,297
E00020875,279,43,236
E00020876,347,66,281
E00020877,358,65,293
E00020878,383,89,294
E00020879,370,80,290
E00020880,323,79,244
E00020881,314,60,254
E00020882,247,49,198
E00020883,466,107,359
E00020884,444,127,317
E00020885,260,45,215
E00020886,325,96,229
E00020887,324,79,245
E00020888,262,53,209
E00020889,312,74,238
E00020890,308,52,256
E00020891,245,14,231
E00020892,329,75,254
E00020893,235,41,194
E00020894,265,62,203
E00020895,395,48,347
E00020896,412,55,357
E00020897,225,41,184
E00020898,159,20,139
E00020899,205,29,176
E00020900,256,51,205
E00020901,327,61,266
E00020902,262,70,192
E00020903,239,35,204
E00020904,326,49,277
E00020905,257,49,208
E00020906,289,59,230
E00020907,294,49,245
E00020908,231,45,186
E00020909,253,41,212
E00020910,271,58,213
E00020911,200,34,166
E00020912,211,27,184
E00020913,295,53,242
E00020914,306,68,238
E00020915,211,28,183
E00020916,281,64,217
E00020917,238,40,198
E00020918,249,61,188
E00020919,268,41,227
E00020920,238,42,196
E00020921,213,40,173
E00020922,299,62,237
E00020923,235,35,200
E00020924,244,54,190
E00020925,287,46,241
E00020926,182,28,154
E00020927,328,68,260
E00020928,251,43,208
E00020929,323,61,262
E00020930,268,49,219
E00020931,345,72,273
E00020932,185,16,169
E00020933,340,61,279
E00020934,363,70,293
E00020935,255,44,211
E00020936,304,59,245
E00020937,240,25,215
E00020938,306,73,233
E00020939,236,54,182
E00020940,193,23,170
E00020941,265,46,219
E00020942,254,40,214
E00020943,271,40,231
E00020944,282,55,227
E00020945,291,69,222
E00020946,306,64,242
E00020947,342,73,269
E00020948,279,67,212
E00020949,312,67,245
E00020950,343,67,276
E00020951,312,69,243
E00020952,260,46,214
E00020953,283,51,232
E00020954,265,51,214
E00020955,250,56,194
E00020956,219,37,182
E00020957,275,59,216
E00020958,266,42,224
E00020959,320,87,233
E00020960,265,73,192
E00020961,259,48,211
E00020962,287,70,217
E00020963,286,57,229
E00020964,269,64,205
E00020965,328,65,263
E00020966,283,50,233
E00020967,276,53,223
E00020969,284,55,229
E00020970,370,65,305
E00020971,247,31,216
E00020972,328,76,252
E00020973,424,149,275
E00020974,210,34,176
E00020975,337,85,252
E00020976,330,55,275
E00020977,293,50,243
E00020978,366,77,289
E00020979,443,113,330
E00020980,346,87,259
E00020981,336,63,273
E00020982,455,139,316
E00020983,316,81,235
E00020984,300,42,258
E00020985,387,77,310
E00020986,234,35,199
E00020987,250,38,212
E00020988,274,62,212
E00020989,321,68,253
E00020990,293,53,240
E00020991,309,71,238
E00020992,260,32,228
E00020993,293,59,234
E00020994,259,21,238
E00020995,308,62,246
E00020997,271,58,213
E00020998,283,54,229
E00020999,314,50,264
E00021000,272,67,205
E00021001,397,102,295
E00021002,270,41,229
E00021003,283,49,234
E00021005,397,91,306
E00021006,337,54,283
E00021007,432,87,345
E00021008,361,86,275
E00021009,335,92,243
E00021010,315,63,252
E00021011,291,73,218
E00021012,302,71,231
E00021013,240,47,193
E00021014,308,60,248
E00021015,306,63,243
E00021016,274,49,225
E00021017,226,36,190
E00021018,235,44,191
E00021019,322,81,241
E00021020,407,125,282
E00021021,263,37,226
E00021022,342,75,267
E00021023,292,51,241
E00021024,285,65,220
E00021025,303,83,220
E00021026,271,50,221
E00021027,375,68,307
E00021028,275,56,219
E00021029,257,49,208
E00021030,258,51,207
E00021031,310,57,253
E00021032,280,49,231
E00021033,349,77,272
E00021034,265,53,212
E00021035,223,46,177
E00021036,226,35,191
E00021037,291,55,236
E00021038,375,74,301
E00021039,313,52,261
E00021040,264,61,203
E00021041,398,77,321
E00021042,397,77,320
E00021043,362,78,284
E00021044,290,52,238
E00021045,243,27,216
E00021046,273,54,219
E00021047,244,30,214
E00021048,204,46,158
E00021049,231,55,176
E00021050,262,86,176
E00021051,363,87,276
E00021052,209,38,171
E00021053,354,68,286
E00021054,243,67,176
E00021055,366,65,301
E00021056,289,64,225
E00021057,235,28,207
E00021058,302,49,253
E00021059,194,41,153
E00021060,314,61,253
E00021061,255,49,206
E00021062,408,106,302
E00021063,300,74,226
E00021064,331,87,244
E00021065,290,58,232
E00021066,355,61,294
E00021067,298,81,217
E00021068,232,49,183
E00021069,299,72,227
E00021070,397,106,291
E00021071,291,75,216
E00021073,410,92,318
E00021074,348,104,244
E00021075,319,103,216
E00021076,322,67,255
E00021077,309,75,234
E00021078,331,62,269
E00021079,250,35,215
E00021080,495,107,388
E00021081,338,78,260
E00021082,320,86,234
E00021083,354,99,255
E00021084,338,84,254
E00021085,325,68,257
E00021086,200,44,156
E00021087,307,73,234
E00021088,356,97,259
E00021089,388,100,288
E00021090,297,66,231
E00021091,305,65,240
E00021092,233,71,162
E00021094,303,57,246
E00021095,244,73,171
E00021096,236,70,166
E00021097,221,39,182
E00021098,244,53,191
E00021099,337,64,273
E00021100,296,61,235
E00021101,203,27,176
E00021102,219,38,181
E00021103,231,50,181
E00021105,278,62,216
E00021106,306,75,231
E00021107,463,102,361
E00021109,289,54,235
E00021110,230,21,209
E00021111,329,57,272
E00021112,482,117,365
E00021113,299,52,247
E00021114,337,47,290
E00021115,383,57,326
E00021116,268,49,219
E00021117,327,66,261
E00021118,359,86,273
E00021119,306,66,240
E00021120,449,87,362
E00021121,311,68,243
E00021122,471,114,357
E00021123,428,108,320
E00021124,299,78,221
E00021125,257,52,205
E00021126,326,63,263
E00021127,266,58,208
E00021128,331,64,267
E00021129,336,72,264
E00021130,255,53,202
E00021131,268,53,215
E00021132,194,38,156
E00021133,244,35,209
E00021134,313,43,270
E00021135,359,66,293
E00021136,370,81,289
E00021137,366,64,302
E00021138,338,76,262
E00021139,332,63,269
E00021140,331,67,264
E00021141,310,70,240
E00021143,369,119,250
E00021145,249,36,213
E00021146,440,219,221
E00021147,201,34,167
E00021148,273,52,221
E00021149,283,75,208
E00021150,283,87,196
E00021151,352,62,290
E00021152,370,74,296
E00021153,276,24,252
E00021154,450,102,348
E00021155,281,34,247
E00021156,241,44,197
E00021157,280,84,196
E00021158,294,81,213
E00021159,584,113,471
E00021160,274,73,201
E00021161,398,83,315
E00021162,293,46,247
E00021163,446,87,359
E00021164,369,98,271
E00021165,367,102,265
E00021166,383,102,281
E00021167,350,76,274
E00021168,337,30,307
E00021169,418,85,333
E00021170,423,112,311
E00021172,261,27,234
E00021173,411,89,322
E00021174,205,10,195
E00021175,364,67,297
E00021176,412,113,299
E00021177,384,121,263
E00021179,275,49,226
E00021180,431,129,302
E00021181,234,51,183
E00021182,394,74,320
E00021183,253,27,226
E00021184,142,31,111
E00021185,310,61,249
E00021186,432,89,343
E00021187,310,116,194
E00021188,244,24,220
E00021189,352,79,273
E00021190,496,119,377
E00021191,326,86,240
E00021192,321,102,219
E00021193,320,46,274
E00021194,481,131,350
E00021195,331,82,249
E00021196,355,114,241
E00021198,353,89,264
E00021199,230,68,162
E00021200,306,70,236
E00021201,295,74,221
E00021202,287,89,198
E00021203,375,99,276
E00021204,451,100,351
E00021205,201,49,152
E00021206,207,80,127
E00021207,213,18,195
E00021208,292,76,216
E00021209,213,71,142
E00021210,239,54,185
E00021211,326,62,264
E00021212,234,69,165
E00021213,363,112,251
E00021214,504,211,293
E00021215,456,153,303
E00021216,281,72,209
E00021218,485,86,399
E00021219,281,46,235
E00021220,361,65,296
E00021223,456,93,363
E00021224,462,109,353
E00021225,349,71,278
E00021227,276,48,228
E00021228,386,111,275
E00021229,417,133,284
E00021230,267,45,222
E00021231,218,25,193
E00021235,148,59,89
E00021236,461,149,312
E00021239,453,91,362
E00021240,364,40,324
E00021241,240,45,195
E00021243,373,100,273
E00021244,328,60,268
E00021245,251,70,181
E00021246,408,125,283
E00021247,369,127,242
E00021248,327,116,211
E00021249,180,22,158
E00021251,283,86,197
E00021252,254,44,210
E00021253,288,53,235
E00021254,206,39,167
E00021255,226,31,195
E00021256,218,36,182
E00021257,222,38,184
E00021258,428,151,277
E00021259,486,113,373
E00021260,340,67,273
E00021261,254,41,213
E00021262,278,63,215
E00021263,308,49,259
E00021266,222,27,195
E00021267,308,87,221
E00021268,301,69,232
E00021271,401,87,314
E00021272,218,39,179
E00021273,310,51,259
E00021274,536,156,380
E00021275,298,63,235
E00021277,247,44,203
E00021278,174,50,124
E00021279,427,104,323
E00021280,410,84,326
E00021282,361,78,283
E00021286,220,34,186
E00021288,224,0,224
E00021289,328,122,206
E00021290,340,108,232
E00021292,283,79,204
E00021294,564,183,381
E00021295,334,48,286
E00021296,371,36,335
E00021297,376,76,300
E00021298,399,64,335
E00021299,385,87,298
E00021300,491,83,408
E00021301,434,143,291
E00021302,374,64,310
E00021303,305,62,243
E00021304,363,112,251
E00021305,219,39,180
E00021306,242,29,213
E00021307,429,59,370
E00021308,535,150,385
E00021309,478,49,429
E00021310,267,64,203
E00021311,323,92,231
E00021312,303,68,235
E00021313,420,68,352
E00021315,187,4,183
E00021316,291,77,214
E00021317,336,60,276
E00021318,386,71,315
E00021319,318,81,237
E00021320,308,55,253
E00021321,328,25,303
E00021322,353,102,251
E00021323,346,93,253
E00021324,342,58,284
E00021325,328,86,242
E00021326,397,104,293
E00021327,389,78,311
E00021328,398,127,271
E00021329,435,108,327
E00021330,436,140,296
E00021331,93,28,65
E00021332,447,141,306
E00021333,314,68,246
E00021334,372,95,277
E00021335,507,134,373
E00021336,257,99,158
E00021337,289,59,230
E00021339,315,79,236
E00021340,425,62,363
E00021342,249,88,161
E00021344,477,150,327
E00021345,307,109,198
E00021346,335,123,212
E00021347,363,120,243
E00021349,390,115,275
E00021350,342,104,238
E00021351,314,101,213
E00021352,245,50,195
E00021353,253,56,197
E00021354,464,127,337
E00021355,288,63,225
E00021357,302,89,213
E00021359,470,169,301
E00021360,355,126,229
E00021361,553,178,375
E00021363,366,124,242
E00021364,516,155,361
E00021365,265,54,211
E00021367,351,150,201
E00021371,242,77,165
E00021372,570,145,425
E00021375,239,87,152
E00021377,495,137,358
E00021379,287,56,231
E00021380,512,56,456
E00021382,433,165,268
E00021383,435,133,302
E00021384,231,26,205
E00021386,473,122,351
E00021388,371,93,278
E00021392,335,60,275
E00021393,441,126,315
E00021394,356,124,232
E00021395,279,89,190
E00021396,334,99,235
E00021397,554,188,366
E00021398,448,128,320
E00021399,322,43,279
E00021400,444,104,340
E00021402,257,44,213
E00021404,437,43,394
E00021407,422,121,301
E00021408,346,39,307
E00021409,232,12,220
E00021410,520,151,369
E00021411,356,93,263
E00021412,377,107,270
E00021413,362,90,272
E00021414,337,106,231
E00021415,354,111,243
E00021416,352,92,260
E00021417,267,52,215
E00021418,205,23,182
E00021419,434,165,269
E00021420,246,45,201
E00021421,390,96,294
E00021422,172,50,122
E00021423,382,92,290
E00021424,167,15,152
E00021425,242,24,218
E00021426,326,113,213
E00021427,222,10,212
E00021430,320,106,214
E00021431,314,74,240
E00021432,469,160,309
E00021434,476,155,321
E00021437,339,97,242
E00021439,228,73,155
E00021440,416,158,258
E00021441,307,60,247
E00021442,294,61,233
E00021443,247,54,193
E00021444,277,60,217
E00021445,327,114,213
E00021446,342,116,226
E00021447,248,43,205
E00021448,329,85,244
E00021449,309,54,255
E00021450,150,19,131
E00021451,368,135,233
E00021452,213,47,166
E00021453,293,44,249
E00021454,317,96,221
E00021455,331,102,229
E00021458,283,22,261
E00021459,239,47,192
E00021460,366,63,303
E00021461,213,32,181
E00021462,285,79,206
E00021463,331,90,241
E00021464,274,76,198
E00021465,377,112,265
E00021467,345,119,226
E00021468,285,80,205
E00021469,450,146,304
E00021470,280,88,192
E00021471,327,107,220
E00021473,366,165,201
E00021474,365,110,255
E00021475,525,113,412
E00021476,433,154,279
E00021477,385,68,317
E00021479,406,122,284
E00021480,255,46,209
E00021481,582,150,432
E00021482,449,115,334
E00021484,397,69,328
E00021485,479,123,356
E00021486,589,190,399
E00021488,453,94,359
E00021489,311,114,197
E00021490,279,98,181
E00021492,450,93,357
E00021493,455,152,303
E00021496,284,92,192
E00021497,442,137,305
E00021498,417,128,289
E00021500,282,30,252
E00021501,352,70,282
E00021502,375,81,294
E00021503,328,95,233
E00021504,362,87,275
E00021505,263,67,196
E00021506,443,95,348
E00021507,362,74,288
E00021508,553,205,348
E00021509,574,195,379
E00021510,191,22,169
E00021511,174,17,157
E00021516,239,36,203
E00021517,435,66,369
E00021518,302,60,242
E00021519,519,140,379
E00021520,212,37,175
E00021521,214,42,172
E00021522,422,87,335
E00021524,532,161,371
E00021525,286,61,225
E00021526,288,45,243
E00021527,303,83,220
E00021528,227,53,174
E00021529,154,24,130
E00021532,265,41,224
E00021533,224,13,211
E00021534,190,12,178
E00021536,256,47,209
E00021537,325,46,279
E00021539,259,32,227
E00021541,210,13,197
E00021542,164,26,138
E00021543,254,11,243
E00021544,187,26,161
E00021546,164,15,149
E00021547,319,78,241
E00021549,343,92,251
E00021550,512,153,359
E00021552,240,59,181
E00021553,364,110,254
E00021554,246,53,193
E00021555,389,98,291
E00021556,260,43,217
E00021557,366,53,313
E00021559,312,47,265
E00021560,523,148,375
E00021561,235,51,184
E00021562,339,79,260
E00021563,353,62,291
E00021564,328,101,227
E00021565,253,68,185
E00021566,342,82,260
E00021567,348,67,281
E00021569,548,148,400
E00021572,367,111,256
E00021574,251,68,183
E00021577,252,63,189
E00021582,339,70,269
E00021583,520,143,377
E00021584,288,56,232
E00021585,442,112,330
E00021586,442,151,291
E00021587,411,130,281
E00021588,356,109,247
E00021590,374,107,267
E00021591,465,146,319
E00021592,275,67,208
E00021593,209,24,185
E00021594,377,113,264
E00021595,603,151,452
E00021596,356,61,295
E00021597,337,93,244
E00021598,202,26,176
E00021599,328,33,295
E00021600,309,35,274
E00021601,186,23,163
E00021602,296,67,229
E00021603,181,12,169
E00021604,319,77,242
E00021605,287,48,239
E00021606,260,20,240
E00021607,222,43,179
E00021608,210,21,189
E00021610,322,73,249
E00021611,348,33,315
E00021612,310,51,259
E00021613,173,14,159
E00021614,241,36,205
E00021615,198,17,181
E00021616,561,159,402
E00021617,218,23,195
E00021618,278,112,166
E00021621,340,91,249
E00021622,211,19,192
E00021624,330,20,310
E00021626,267,23,244
E00021628,176,12,164
E00021629,209,17,192
E00021631,256,33,223
E00021632,237,35,202
E00021633,205,12,193
E00021634,383,29,354
E00021635,205,16,189
E00021636,275,75,200
E00021637,487,139,348
E00021639,286,77,209
E00021640,347,98,249
E00021641,386,86,300
E00021642,323,100,223
E00021643,254,67,187
E00021644,407,110,297
E00021646,495,164,331
E00021648,205,29,176
E00021649,324,81,243
E00021650,244,35,209
E00021651,218,22,196
E00021652,248,24,224
E00021653,218,70,148
E00021654,350,99,251
E00021655,462,138,324
E00021656,582,185,397
E00021657,165,10,155
E00021658,168,20,148
E00021659,412,108,304
E00021660,291,77,214
E00021661,404,92,312
E00021662,512,132,380
E00021663,207,30,177
E00021665,450,140,310
E00021667,452,126,326
E00021668,407,73,334
E00021669,513,167,346
E00021670,377,137,240
E00021671,296,81,215
E00021672,395,72,323
E00021673,274,50,224
E00021674,354,77,277
E00021675,446,126,320
E00021676,184,19,165
E00021677,296,58,238
E00021678,512,110,402
E00021679,346,84,262
E00021680,506,104,402
E00021681,235,31,204
E00021682,213,56,157
E00021683,416,116,300
E00021685,499,150,349
E00021686,294,47,247
E00021687,376,76,300
E00021688,421,98,323
E00021690,511,133,378
E00021691,378,95,283
E00021692,317,35,282
E00021693,408,81,327
E00021694,446,117,329
E00021695,379,40,339
E00021697,348,69,279
E00021698,267,28,239
E00021699,359,79,280
E00021700,439,108,331
E00021701,493,70,423
E00021702,360,124,236
E00021703,570,104,466
E00021704,404,105,299
E00021705,371,105,266
E00021706,261,71,190
E00021707,391,103,288
E00021708,361,79,282
E00021709,270,68,202
E00021710,267,64,203
E00021711,448,83,365
E00021712,238,21,217
E00021713,245,75,170
E00021714,197,31,166
E00021715,281,66,215
E00021716,265,46,219
E00021717,223,46,177
E00021718,336,46,290
E00021719,140,42,98
E00021722,265,35,230
E00021723,354,83,271
E00021724,223,25,198
E00021725,200,29,171
E00021726,229,73,156
E00021727,278,91,187
E00021728,238,63,175
E00021729,376,106,270
E00021730,208,59,149
E00021731,428,137,291
E00021732,214,46,168
E00021736,418,117,301
E00021737,259,67,192
E00021738,287,70,217
E00021740,348,97,251
E00021741,177,20,157
E00021742,437,108,329
E00021743,326,83,243
E00021745,232,59,173
E00021746,206,31,175
E00021748,532,119,413
E00021752,385,115,270
E00021753,245,80,165
E00021754,234,69,165
E00021755,384,126,258
E00021756,194,28,166
E00021757,267,68,199
E00021758,332,89,243
E00021759,377,116,261
E00021760,316,80,236
E00021761,377,176,201
E00021762,344,85,259
E00021763,407,136,271
E00021764,488,110,378
E00021766,398,103,295
E00021767,290,48,242
E00021768,459,97,362
E00021769,402,80,322
E00021770,322,77,245
E00021772,219,35,184
E00021773,299,54,245
E00021774,326,72,254
E00021775,355,80,275
E00021776,370,104,266
E00021777,305,80,225
E00021778,332,72,260
E00021779,391,82,309
E00021780,191,43,148
E00021781,250,75,175
E00021782,434,100,334
E00021783,378,78,300
E00021784,292,83,209
E00021785,203,53,150
E00021786,364,76,288
E00021787,450,107,343
E00021788,391,145,246
E00021789,455,121,334
E00021790,400,73,327
E00021791,304,130,174
E00021792,379,67,312
E00021793,262,86,176
E00021794,200,46,154
E00021795,307,119,188
E00021796,331,67,264
E00021797,334,90,244
E00021800,258,54,204
E00021801,251,46,205
E00021802,190,25,165
E00021803,231,45,186
E00021804,258,56,202
E00021805,255,60,195
E00021807,334,59,275
E00021808,348,83,265
E00021809,313,61,252
E00021811,348,55,293
E00021812,378,58,320
E00021813,349,72,277
E00021814,403,97,306
E00021815,238,79,159
E00021816,160,36,124
E00021817,442,81,361
E00021818,395,81,314
E00021819,480,126,354
E00021820,343,83,260
E00021821,327,45,282
E00021822,241,54,187
E00021823,262,44,218
E00021824,470,89,381
E00021825,258,31,227
E00021826,152,21,131
E00021827,403,103,300
E00021828,280,43,237
E00021829,311,72,239
E00021830,294,88,206
E00021831,224,50,174
E00021832,283,91,192
E00021833,331,87,244
E00021834,278,67,211
E00021835,267,63,204
E00021836,450,108,342
E00021837,277,65,212
E00021838,282,43,239
E00021839,384,77,307
E00021840,359,83,276
E00021841,375,100,275
E00021842,403,89,314
E00021843,317,64,253
E00021844,551,187,364
E00021845,377,83,294
E00021846,275,51,224
E00021847,353,80,273
E00021848,325,69,256
E00021849,366,73,293
E00021850,361,68,293
E00021851,284,63,221
E00021852,382,96,286
E00021853,366,83,283
E00021854,359,61,298
E00021855,317,61,256
E00021856,417,92,325
E00021857,254,78,176
E00021858,374,84,290
E00021859,376,114,262
E00021860,419,121,298
E00021861,487,127,360
E00021862,376,107,269
E00021863,374,107,267
E00021864,268,64,204
E00021865,325,67,258
E00021866,260,51,209
E00021867,275,62,213
E00021868,313,77,236
E00021869,350,69,281
E00021870,385,95,290
E00021871,257,48,209
E00021873,335,73,262
E00021874,441,120,321
E00021875,289,66,223
E00021876,256,33,223
E00021878,380,63,317
E00021879,236,27,209
E00021880,439,97,342
E00021881,309,59,250
E00021882,350,76,274
E00021883,326,51,275
E00021884,269,55,214
E00021885,258,56,202
E00021886,350,42,308
E00021887,191,0,191
E00021888,222,26,196
E00021889,411,98,313
E00021890,362,65,297
E00021891,367,65,302
E00021892,207,36,171
E00021893,359,64,295
E00021894,238,55,183
E00021895,254,50,204
E00021896,234,45,189
E00021897,257,23,234
E00021898,407,117,290
E00021899,169,16,153
E00021900,348,75,273
E00021901,313,70,243
E00021902,404,78,326
E00021903,312,58,254
E00021904,202,28,174
E00021905,371,80,291
E00021906,216,43,173
E00021907,184,18,166
E00021908,575,108,467
E00021909,300,46,254
E00021910,353,80,273
E00021911,542,143,399
E00021912,182,25,157
E00021913,293,43,250
E00021914,353,73,280
E00021915,323,64,259
E00021916,284,44,240
E00021917,326,78,248
E00021918,237,50,187
E00021919,326,83,243
E00021920,356,82,274
E00021921,301,69,232
E00021922,331,64,267
E00021923,243,37,206
E00021924,319,70,249
E00021925,276,42,234
E00021926,287,67,220
E00021927,339,70,269
E00021928,300,53,247
E00021929,328,67,261
E00021930,342,94,248
E00021931,360,73,287
E00021932,281,72,209
E00021933,323,75,248
E00021934,343,61,282
E00021935,321,75,246
E00021936,284,43,241
E00021937,367,84,283
E00021938,302,58,244
E00021939,307,52,255
E00021940,310,63,247
E00021941,321,61,260
E00021942,351,57,294
E00021944,410,90,320
E00021945,357,86,271
E00021946,510,119,391
E00021947,282,67,215
E00021949,433,113,320
E00021950,313,46,267
E00021951,312,69,243
E00021952,396,81,315
E00021953,321,65,256
E00021954,466,127,339
E00021955,434,102,332
E00021956,408,69,339
E00021957,326,60,266
E00021958,358,77,281
E00021959,426,91,335
E00021960,443,95,348
E00021961,354,74,280
E00021962,288,53,235
E00021963,375,70,305
E00021964,266,31,235
E00021965,338,84,254
E00021966,335,79,256
E00021967,265,39,226
E00021969,439,107,332
E00021970,289,50,239
E00021971,401,104,297
E00021972,331,113,218
E00021973,306,51,255
E00021974,381,72,309
E00021975,397,83,314
E00021976,338,52,286
E00021977,333,55,278
E00021978,353,67,286
E00021979,383,55,328
E00021980,327,78,249
E00021981,467,92,375
E00021982,312,36,276
E00021983,363,101,262
E00021984,340,59,281
E00021985,274,48,226
E00021986,409,78,331
E00021987,282,32,250
E00021988,473,85,388
E00021989,294,58,236
E00021991,269,45,224
E00021992,260,58,202
E00021993,333,75,258
E00021994,271,38,233
E00021995,409,68,341
E00021996,298,38,260
E00021997,319,53,266
E00021998,437,89,348
E00021999,290,54,236
E00022000,372,86,286
E00022001,314,45,269
E00022002,332,57,275
E00022003,442,108,334
E00022004,258,44,214
E00022005,380,77,303
E00022006,271,52,219
E00022007,392,40,352
E00022008,356,74,282
E00022009,279,42,237
E00022010,359,71,288
E00022011,298,35,263
E00022012,418,102,316
E00022013,361,86,275
E00022014,374,68,306
E00022015,347,73,274
E00022016,236,33,203
E00022017,323,62,261
E00022018,368,99,269
E00022019,333,49,284
E00022020,292,67,225
E00022021,312,56,256
E00022022,399,87,312
E00022023,290,58,232
E00022024,351,71,280
E00022025,326,64,262
E00022026,378,63,315
E00022027,417,100,317
E00022028,388,83,305
E00022029,428,100,328
E00022030,358,81,277
E00022031,534,125,409
E00022032,356,71,285
E00022033,448,112,336
E00022034,266,36,230
E00022035,282,67,215
E00022036,320,58,262
E00022037,457,92,365
E00022039,353,91,262
E00022040,511,150,361
E00022041,366,122,244
E00022043,342,59,283
E00022044,324,60,264
E00022045,316,73,243
E00022046,424,117,307
E00022047,246,36,210
E00022048,288,63,225
E00022049,360,89,271
E00022050,303,64,239
E00022051,346,88,258
E00022052,312,71,241
E00022053,496,115,381
E00022054,322,67,255
E00022055,227,24,203
E00022056,356,75,281
E00022057,224,44,180
E00022058,359,63,296
E00022059,300,58,242
E00022060,245,39,206
E00022061,379,51,328
E00022062,343,77,266
E00022063,380,92,288
E00022064,280,60,220
E00022065,402,84,318
E00022066,280,61,219
E00022067,315,81,234
E00022068,315,78,237
E00022069,298,63,235
E00022070,319,47,272
E00022071,351,60,291
E00022072,367,64,303
E00022073,257,59,198
E00022074,237,35,202
E00022075,363,58,305
E00022076,328,68,260
E00022077,330,82,248
E00022078,309,52,257
E00022079,250,40,210
E00022080,401,88,313
E00022082,336,58,278
E00022083,368,81,287
E00022084,198,35,163
E00022085,317,21,296
E00022086,430,116,314
E00022087,389,85,304
E00022089,368,92,276
E00022090,342,65,277
E00022091,269,47,222
E00022092,320,35,285
E00022093,293,67,226
E00022094,326,58,268
E00022095,299,70,229
E00022096,278,54,224
E00022097,290,58,232
E00022098,343,59,284
E00022099,369,77,292
E00022100,394,82,312
E00022101,387,85,302
E00022102,355,64,291
E00022103,336,69,267
E00022106,375,56,319
E00022107,371,79,292
E00022108,298,58,240
E00022109,287,51,236
E00022110,314,59,255
E00022111,236,37,199
E00022112,556,123,433
E00022113,339,91,248
E00022114,338,60,278
E00022115,372,127,245
E00022116,263,58,205
E00022117,333,75,258
E00022118,354,105,249
E00022119,412,112,300
E00022120,361,100,261
E00022121,408,79,329
E00022122,321,74,247
E00022123,334,70,264
E00022125,196,34,162
E00022127,429,138,291
E00022128,417,111,306
E00022130,310,79,231
E00022131,370,121,249
E00022132,335,98,237
E00022133,400,100,300
E00022134,305,69,236
E00022135,338,100,238
E00022136,294,75,219
E00022137,390,82,308
E00022138,371,103,268
E00022139,423,106,317
E00022140,331,64,267
E00022141,343,97,246
E00022142,318,92,226
E00022143,305,76,229
E00022144,315,68,247
E00022145,359,94,265
E00022146,304,62,242
E00022147,322,62,260
E00022148,353,88,265
E00022149,340,70,270
E00022150,261,87,174
E00022151,284,66,218
E00022152,252,41,211
E00022153,350,59,291
E00022154,489,89,400
E00022155,378,79,299
E00022156,425,105,320
E00022158,334,61,273
E00022159,265,38,227
E00022160,275,36,239
E00022161,258,48,210
E00022162,294,37,257
E00022163,284,51,233
E00022164,390,116,274
E00022165,334,69,265
E00022166,415,74,341
E00022167,207,37,170
E00022168,381,67,314
E00022169,327,49,278
E00022170,376,56,320
E00022171,407,75,332
E00022172,311,57,254
E00022173,417,114,303
E00022174,316,95,221
E00022175,230,34,196
E00022176,353,62,291
E00022177,323,46,277
E00022178,411,137,274
E00022181,218,36,182
E00022182,343,59,284
E00022183,236,41,195
E00022184,310,63,247
E00022185,344,66,278
E00022186,184,23,161
E00022187,323,68,255
E00022188,220,28,192
E00022189,532,116,416
E00022190,204,27,177
E00022191,307,59,248
E00022192,337,65,272
E00022193,302,75,227
E00022194,329,54,275
E00022195,445,93,352
E00022196,237,30,207
E00022197,378,93,285
E00022198,276,48,228
E00022199,446,90,356
E00022200,306,73,233
E00022201,265,51,214
E00022202,278,39,239
E00022203,278,57,221
E00022204,341,56,285
E00022205,352,74,278
E00022206,333,73,260
E00022207,387,78,309
E00022208,335,48,287
E00022209,327,55,272
E00022210,309,54,255
E00022211,355,77,278
E00022212,444,75,369
E00022213,320,59,261
E00022214,239,61,178
E00022215,279,56,223
E00022216,336,77,259
E00022217,242,50,192
E00022218,333,75,258
E00022219,417,87,330
E00022220,281,55,226
E00022222,363,85,278
E00022223,297,52,245
E00022224,260,65,195
E00022225,343,64,279
E00022226,361,80,281
E00022227,358,79,279
E00022228,317,57,260
E00022229,503,118,385
E00022230,437,102,335
E00022232,363,78,285
E00022233,321,54,267
E00022234,490,119,371
E00022235,370,73,297
E00022236,369,74,295
E00022237,381,94,287
E00022238,309,63,246
E00022239,431,99,332
E00022240,542,132,410
E00022241,319,61,258
E00022242,305,66,239
E00022243,310,56,254
E00022244,348,79,269
E00022246,334,77,257
E00022247,343,79,264
E00022248,410,97,313
E00022249,305,86,219
E00022250,356,68,288
E00022251,183,27,156
E00022252,297,48,249
E00022253,377,82,295
E00022254,362,97,265
E00022255,327,62,265
E00022256,301,71,230
E00022257,210,36,174
E00022258,365,71,294
E00022259,415,96,319
E00022260,294,48,246
E00022261,557,116,441
E00022262,499,80,419
E00022263,372,89,283
E00022264,514,94,420
E00022265,393,82,311
E00022266,424,103,321
E00022267,298,69,229
E00022268,363,69,294
E00022269,555,134,421
E00022270,321,72,249
E00022271,451,124,327
E00022272,499,110,389
E00022273,505,84,421
E00022274,418,117,301
E00022275,429,93,336
E00022278,374,60,314
E00022279,328,60,268
E00022280,414,110,304
E00022281,396,94,302
E00022287,567,201,366
E00022288,344,79,265
E00022289,411,75,336
E00022290,415,152,263
E00022291,456,117,339
E00022292,349,80,269
E00022293,283,67,216
E00022294,328,60,268
E00022295,346,53,293
E00022296,391,124,267
E00022297,304,70,234
E00022298,390,121,269
E00022299,396,117,279
E00022300,393,91,302
E00022301,366,108,258
E00022302,300,72,228
E00022303,243,75,168
E00022304,276,60,216
E00022305,422,85,337
E00022306,316,57,259
E00022307,492,77,415
E00022308,302,38,264
E00022309,403,86,317
E00022310,464,99,365
E00022311,312,52,260
E00022312,310,40,270
E00022313,296,67,229
E00022314,312,47,265
E00022316,332,78,254
E00022317,295,38,257
E00022318,366,67,299
E00022319,352,41,311
E00022320,333,49,284
E00022321,260,42,218
E00022322,342,50,292
E00022323,310,64,246
E00022324,287,54,233
E00022325,327,48,279
E00022326,329,57,272
E00022327,335,75,260
E00022329,229,39,190
E00022330,164,27,137
E00022331,245,47,198
E00022332,308,84,224
E00022333,255,45,210
E00022334,304,53,251
E00022335,309,63,246
E00022336,368,74,294
E00022337,336,59,277
E00022338,353,55,298
E00022339,243,34,209
E00022340,267,38,229
E00022341,399,80,319
E00022342,380,120,260
E00022343,367,107,260
E00022344,428,132,296
E00022345,312,66,246
E00022346,418,68,350
E00022347,399,88,311
E00022348,373,74,299
E00022349,377,92,285
E00022351,187,29,158
E00022352,420,73,347
E00022353,304,59,245
E00022354,491,115,376
E00022356,563,147,416
E00022357,478,111,367
E00022358,382,69,313
E00022359,386,74,312
E00022360,373,91,282
E00022361,399,104,295
E00022362,426,83,343
E00022363,311,54,257
E00022364,353,54,299
E00022366,467,115,352
E00022367,325,70,255
E00022368,486,122,364
E00022369,356,64,292
E00022370,473,44,429
E00022371,356,74,282
E00022372,279,56,223
E00022373,355,64,291
E00022374,263,63,200
E00022375,228,38,190
E00022376,497,152,345
E00022377,405,110,295
E00022378,342,61,281
E00022379,386,87,299
E00022380,366,82,284
E00022381,372,80,292
E00022382,292,55,237
E00022383,401,88,313
E00022384,286,59,227
E00022385,277,48,229
E00022386,347,71,276
E00022387,291,56,235
E00022388,345,81,264
E00022389,323,74,249
E00022390,232,53,179
E00022391,412,88,324
E00022392,364,76,288
E00022393,298,66,232
E00022394,360,76,284
E00022395,346,85,261
E00022396,345,74,271
E00022397,366,92,274
E00022398,440,80,360
E00022399,405,101,304
E00022400,350,79,271
E00022401,325,84,241
E00022402,411,115,296
E00022403,392,90,302
E00022404,429,102,327
E00022405,148,44,104
E00022406,332,90,242
E00022407,274,83,191
E00022408,363,80,283
E00022409,392,81,311
E00022410,291,43,248
E00022411,268,31,237
E00022412,456,113,343
E00022413,438,81,357
E00022414,563,144,419
E00022415,279,51,228
E00022416,236,37,199
E00022417,249,34,215
E00022418,238,40,198
E00022419,237,68,169
E00022420,359,113,246
E00022421,467,187,280
E00022422,367,93,274
E00022423,438,151,287
E00022424,429,114,315
E00022425,312,60,252
E00022426,395,122,273
E00022427,260,52,208
E00022428,210,17,193
E00022429,292,65,227
E00022430,473,100,373
E00022431,374,91,283
E00022432,344,60,284
E00022433,371,84,287
E00022434,256,28,228
E00022435,328,57,271
E00022436,385,63,322
E00022437,269,48,221
E00022439,450,114,336
E00022440,331,62,269
E00022441,371,84,287
E00022442,246,55,191
E00022443,355,78,277
E00022444,478,85,393
E00022445,462,85,377
E00022446,323,55,268
E00022447,366,90,276
E00022448,230,38,192
E00022449,344,67,277
E00022450,349,72,277
E00022451,396,85,311
E00022452,343,93,250
E00022453,369,74,295
E00022454,344,70,274
E00022455,281,47,234
E00022456,264,55,209
E00022457,193,50,143
E00022458,297,88,209
E00022459,384,105,279
E00022460,472,170,302
E00022461,275,48,227
E00022462,306,67,239
E00022463,251,50,201
E00022464,444,136,308
E00022465,316,75,241
E00022466,457,148,309
E00022467,521,178,343
E00022468,299,98,201
E00022469,298,73,225
E00022470,174,34,140
E00022471,326,68,258
E00022472,248,38,210
E00022473,133,58,75
E00022474,405,95,310
E00022475,235,30,205
E00022476,378,79,299
E00022477,349,91,258
E00022478,421,80,341
E00022479,355,81,274
E00022480,356,78,278
E00022481,305,62,243
E00022482,349,77,272
E00022483,471,93,378
E00022484,363,131,232
E00022485,308,51,257
E00022486,463,132,331
E00022487,373,67,306
E00022488,431,64,367
E00022489,269,56,213
E00022490,311,26,285
E00022491,319,49,270
E00022492,231,26,205
E00022493,321,53,268
E00022494,353,53,300
E00022495,336,42,294
E00022497,404,51,353
E00022498,339,25,314
E00022499,365,35,330
E00022500,339,33,306
E00022501,265,50,215
E00022502,387,18,369
E00022503,297,52,245
E00022504,278,42,236
E00022505,288,21,267
E00022506,275,26,249
E00022507,313,58,255
E00022508,399,79,320
E00022509,309,65,244
E00022510,404,105,299
E00022511,379,112,267
E00022512,298,42,256
E00022513,149,30,119
E00022514,333,103,230
E00022515,209,13,196
E00022516,300,80,220
E00022517,467,67,400
E00022518,272,71,201
E00022519,251,13,238
E00022520,332,45,287
E00022521,232,11,221
E00022522,295,40,255
E00022523,339,54,285
E00022524,230,26,204
E00022525,344,76,268
E00022526,395,51,344
E00022527,276,52,224
E00022528,317,25,292
E00022529,415,54,361
E00022530,289,61,228
E00022531,263,11,252
E00022532,206,17,189
E00022533,241,52,189
E00022534,220,27,193
E00022535,259,51,208
E00022536,266,43,223
E00022537,310,51,259
E00022538,267,19,248
E00022539,298,58,240
E00022540,246,26,220
E00022541,515,38,477
E00022542,313,52,261
E00022543,331,52,279
E00022544,309,33,276
E00022545,228,13,215
E00022546,323,55,268
E00022547,248,34,214
E00022548,221,32,189
E00022549,301,38,263
E00022550,252,23,229
E00022551,144,2,142
E00022552,335,80,255
E00022553,243,25,218
E00022554,211,22,189
E00022555,206,25,181
E00022556,272,20,252
E00022557,179,23,156
E00022558,259,32,227
E00022559,249,44,205
E00022560,274,61,213
E00022561,202,36,166
E00022562,258,32,226
E00022563,269,22,247
E00022564,249,43,206
E00022565,193,13,180
E00022566,249,52,197
E00022567,289,55,234
E00022568,267,42,225
E00022569,288,28,260
E00022570,255,42,213
E00022571,273,41,232
E00022572,219,7,212
E00022573,198,23,175
E00022574,357,49,308
E00022575,416,93,323
E00022576,322,52,270
E00022577,289,55,234
E00022579,466,59,407
E00022580,333,57,276
E00022581,340,48,292
E00022582,368,79,289
E00022583,547,166,381
E00022585,352,84,268
E00022586,237,22,215
E00022587,211,22,189
E00022588,189,23,166
E00022589,395,26,369
E00022590,201,20,181
E00022591,262,29,233
E00022592,359,85,274
E00022593,315,55,260
E00022594,295,36,259
E00022595,225,14,211
E00022596,255,21,234
E00022597,245,59,186
E00022598,298,56,242
E00022599,297,79,218
E00022600,249,35,214
E00022601,238,21,217
E00022603,303,47,256
E00022604,339,57,282
E00022605,236,29,207
E00022606,339,82,257
E00022607,231,21,210
E00022608,226,41,185
E00022609,288,42,246
E00022610,270,36,234
E00022611,303,60,243
E00022612,393,58,335
E00022613,278,34,244
E00022614,278,32,246
E00022615,382,47,335
E00022616,313,69,244
E00022618,236,46,190
E00022619,421,47,374
E00022620,282,37,245
E00022621,280,31,249
E00022622,432,128,304
E00022623,358,51,307
E00022624,226,18,208
E00022625,305,42,263
E00022626,270,21,249
E00022627,259,30,229
E00022628,282,68,214
E00022629,276,47,229
E00022630,169,15,154
E00022631,356,36,320
E00022632,233,42,191
E00022633,198,20,178
E00022634,332,57,275
E00022635,206,17,189
E00022636,247,24,223
E00022637,220,16,204
E00022638,249,50,199
E00022639,372,74,298
E00022640,301,35,266
E00022641,300,95,205
E00022642,297,38,259
E00022643,327,56,271
E00022644,257,25,232
E00022645,218,19,199
E00022646,305,53,252
E00022647,226,25,201
E00022648,251,29,222
E00022650,342,80,262
E00022651,312,44,268
E00022652,324,67,257
E00022653,257,28,229
E00022654,295,51,244
E00022655,317,57,260
E00022656,301,39,262
E00022657,289,29,260
E00022658,266,38,228
E00022659,299,47,252
E00022660,265,46,219
E00022661,225,26,199
E00022662,297,59,238
E00022663,250,37,213
E00022664,259,63,196
E00022665,262,30,232
E00022666,238,58,180
E00022667,448,62,386
E00022668,295,33,262
E00022669,338,25,313
E00022672,297,63,234
E00022673,292,50,242
E00022674,418,43,375
E00022675,285,37,248
E00022676,220,37,183
E00022677,440,57,383
E00022678,329,31,298
E00022679,295,16,279
E00022680,248,38,210
E00022681,182,28,154
E00022684,288,23,265
E00022685,272,40,232
E00022686,204,22,182
E00022688,247,29,218
E00022689,273,38,235
E00022690,273,33,240
E00022691,275,42,233
E00022692,383,60,323
E00022693,243,38,205
E00022694,243,27,216
E00022695,303,36,267
E00022696,258,48,210
E00022697,277,44,233
E00022698,238,45,193
E00022699,264,19,245
E00022700,311,22,289
E00022701,290,57,233
E00022702,242,40,202
E00022703,281,50,231
E00022704,255,59,196
E00022705,277,50,227
E00022706,298,56,242
E00022707,358,99,259
E00022708,342,64,278
E00022709,231,25,206
E00022710,271,11,260
E00022711,394,35,359
E00022712,318,21,297
E00022713,272,36,236
E00022714,417,32,385
E00022716,295,104,191
E00022717,195,19,176
E00022718,286,42,244
E00022719,299,25,274
E00022720,500,50,450
E00022721,276,46,230
E00022722,349,42,307
E00022723,280,37,243
E00022724,258,41,217
E00022726,353,98,255
E00022727,303,59,244
E00022728,417,96,321
E00022729,331,67,264
E00022730,453,113,340
E00022731,259,45,214
E00022732,333,77,256
E00022733,413,71,342
E00022734,175,21,154
E00022735,173,19,154
E00022736,260,52,208
E00022737,322,62,260
E00022738,255,60,195
E00022739,287,68,219
E00022740,183,15,168
E00022741,291,42,249
E00022742,340,75,265
E00022743,328,103,225
E00022744,337,98,239
E00022745,378,94,284
E00022746,348,85,263
E00022747,362,106,256
E00022748,346,64,282
E00022749,321,63,258
E00022750,555,270,285
E00022751,406,65,341
E00022752,375,98,277
E00022753,310,64,246
E00022754,314,74,240
E00022755,305,51,254
E00022756,320,46,274
E00022757,337,70,267
E00022758,239,49,190
E00022759,459,173,286
E00022760,549,112,437
E00022761,405,99,306
E00022762,477,77,400
E00022763,277,47,230
E00022764,289,60,229
E00022765,385,74,311
E00022766,315,87,228
E00022767,311,81,230
E00022768,298,60,238
E00022769,242,38,204
E00022770,275,46,229
E00022771,326,54,272
E00022773,275,49,226
E00022774,261,34,227
E00022775,491,85,406
E00022776,315,58,257
E00022777,290,65,225
E00022778,264,48,216
E00022779,489,135,354
E00022780,467,58,409
E00022781,374,52,322
E00022782,244,37,207
E00022783,202,43,159
E00022784,283,58,225
E00022785,282,43,239
E00022786,172,62,110
E00022787,320,57,263
E00022788,262,55,207
E00022789,343,69,274
E00022790,337,68,269
E00022791,484,120,364
E00022793,283,34,249
E00022794,320,45,275
E00022796,248,17,231
E00022797,276,47,229
E00022798,292,37,255
E00022799,282,43,239
E00022800,252,60,192
E00022801,236,65,171
E00022802,205,44,161
E00022803,287,25,262
E00022804,223,36,187
E00022805,347,76,271
E00022806,296,62,234
E00022807,276,48,228
E00022808,380,73,307
E00022809,340,52,288
E00022810,345,66,279
E00022811,368,69,299
E00022812,383,112,271
E00022813,380,53,327
E00022814,312,45,267
E00022815,358,72,286
E00022816,243,61,182
E00022817,345,57,288
E00022818,263,72,191
E00022819,361,43,318
E00022820,184,30,154
E00022821,459,86,373
E00022822,218,32,186
E00022823,337,114,223
E00022824,307,101,206
E00022825,309,40,269
E00022826,313,96,217
E00022827,333,117,216
E00022828,306,58,248
E00022829,526,368,158
E00022830,353,90,263
E00022831,224,54,170
E00022832,304,53,251
E00022833,386,124,262
E00022834,324,85,239
E00022835,244,43,201
E00022836,469,117,352
E00022838,449,86,363
E00022839,378,117,261
E00022840,285,33,252
E00022841,249,31,218
E00022843,409,110,299
E00022844,254,64,190
E00022845,227,36,191
E00022846,229,59,170
E00022847,230,74,156
E00022848,327,97,230
E00022849,390,74,316
E00022850,353,37,316
E00022851,314,63,251
E00022852,243,55,188
E00022853,373,30,343
E00022854,252,33,219
E00022855,270,62,208
E00022856,192,16,176
E00022857,414,61,353
E00022858,337,40,297
E00022862,299,38,261
E00022863,316,70,246
E00022864,291,55,236
E00022865,338,54,284
E00022866,205,26,179
E00022867,297,59,238
E00022868,314,50,264
E00022869,373,31,342
E00022871,416,59,357
E00022872,340,58,282
E00022873,266,72,194
E00022874,150,20,130
E00022875,333,54,279
E00022876,193,8,185
E00022877,342,37,305
E00022878,177,13,164
E00022879,236,32,204
E00022880,240,45,195
E00022881,271,25,246
E00022882,263,44,219
E00022884,211,27,184
E00022885,263,46,217
E00022886,300,36,264
E00022887,277,40,237
E00022888,214,12,202
E00022889,243,50,193
E00022890,378,19,359
E00022891,241,55,186
E00022892,256,59,197
E00022893,323,64,259
E00022894,411,53,358
E00022895,202,36,166
E00022896,393,61,332
E00022897,179,18,161
E00022898,331,52,279
E00022900,223,43,180
E00022901,213,32,181
E00022902,134,53,81
E00022903,243,55,188
E00022904,283,58,225
E00022905,319,76,243
E00022906,172,26,146
E00022907,314,43,271
E00022908,318,86,232
E00022909,288,78,210
E00022910,376,46,330
E00022911,271,16,255
E00022912,142,19,123
E00022914,450,33,417
E00022915,213,17,196
E00022916,310,16,294
E00022917,287,55,232
E00022919,300,33,267
E00022920,277,57,220
E00022921,206,16,190
E00022922,311,32,279
E00022923,262,21,241
E00022924,297,15,282
E00022925,198,20,178
E00022926,291,40,251
E00022927,350,39,311
E00022928,388,87,301
E00022929,294,50,244
E00022930,293,65,228
E00022931,380,103,277
E00022932,378,88,290
E00022933,375,84,291
E00022934,340,91,249
E00022935,269,70,199
E00022936,367,99,268
E00022937,355,86,269
E00022938,360,89,271
E00022939,303,59,244
E00022940,397,134,263
E00022941,341,100,241
E00022942,370,85,285
E00022943,310,86,224
E00022944,330,96,234
E00022945,264,51,213
E00022946,310,46,264
E00022947,280,56,224
E00022948,352,74,278
E00022949,322,84,238
E00022950,409,110,299
E00022951,361,100,261
E00022952,198,15,183
E00022953,360,80,280
E00022954,307,88,219
E00022956,366,60,306
E00022958,216,22,194
E00022959,342,85,257
E00022960,281,28,253
E00022961,286,51,235
E00022962,271,40,231
E00022963,234,26,208
E00022964,296,40,256
E00022965,280,36,244
E00022966,355,59,296
E00022967,253,21,232
E00022968,272,45,227
E00022969,240,32,208
E00022970,256,26,230
E00022976,396,123,273
E00022977,235,37,198
E00022978,235,18,217
E00022979,201,23,178
E00022980,360,86,274
E00022981,256,66,190
E00022982,333,75,258
E00022983,328,16,312
E00022984,339,52,287
E00022985,295,83,212
E00022987,227,19,208
E00022988,215,49,166
E00022989,219,22,197
E00022990,310,69,241
E00022991,308,72,236
E00022992,270,45,225
E00022993,290,78,212
E00022994,254,31,223
E00022995,379,45,334
E00022996,247,47,200
E00022997,349,85,264
E00022998,216,42,174
E00022999,214,53,161
E00023000,385,85,300
E00023001,444,118,326
E00023002,319,62,257
E00023003,253,66,187
E00023004,330,130,200
E00023005,600,176,424
E00023007,305,64,241
E00023008,384,135,249
E00023009,342,93,249
E00023010,356,145,211
E00023011,357,44,313
E00023013,375,41,334
E00023014,379,120,259
E00023015,409,136,273
E00023016,308,62,246
E00023017,255,48,207
E00023018,468,151,317
E00023019,425,114,311
E00023020,285,85,200
E00023021,259,67,192
E00023022,256,55,201
E00023023,372,75,297
E00023024,283,77,206
E00023025,431,117,314
E00023026,322,94,228
E00023027,213,33,180
E00023028,311,88,223
E00023029,251,45,206
E00023030,288,35,253
E00023031,395,109,286
E00023032,509,288,221
E00023033,373,126,247
E00023034,344,41,303
E00023035,271,44,227
E00023036,308,95,213
E00023037,328,115,213
E00023038,526,282,244
E00023039,360,140,220
E00023040,372,132,240
E00023041,389,146,243
E00023042,351,87,264
E00023043,226,53,173
E00023044,204,21,183
E00023045,321,55,266
E00023046,242,43,199
E00023047,191,19,172
E00023048,222,40,182
E00023052,243,58,185
E00023053,216,31,185
E00023054,281,27,254
E00023055,319,31,288
E00023056,404,28,376
E00023057,455,99,356
E00023058,395,98,297
E00023059,241,45,196
E00023060,413,29,384
E00023061,311,68,243
E00023062,261,52,209
E00023063,279,41,238
E00023064,304,72,232
E00023065,340,71,269
E00023066,384,72,312
E00023067,325,52,273
E00023068,306,64,242
E00023069,372,105,267
E00023070,307,69,238
E00023071,357,76,281
E00023072,282,35,247
E00023073,303,48,255
E00023074,343,34,309
E00023075,467,75,392
E00023076,253,45,208
E00023077,216,11,205
E00023079,326,86,240
E00023080,242,26,216
E00023081,182,20,162
E00023082,298,50,248
E00023083,259,38,221
E00023084,248,33,215
E00023085,247,54,193
E00023086,222,50,172
E00023087,263,62,201
E00023088,234,41,193
E00023089,327,40,287
E00023091,313,43,270
E00023092,298,59,239
E00023093,281,42,239
E00023094,310,47,263
E00023095,391,81,310
E00023096,407,18,389
E00023097,272,45,227
E00023098,266,38,228
E00023099,279,36,243
E00023100,352,40,312
E00023101,343,44,299
E00023102,261,56,205
E00023103,247,39,208
E00023104,316,44,272
E00023105,280,52,228
E00023106,333,37,296
E00023107,249,30,219
E00023108,258,26,232
E00023109,255,42,213
E00023110,323,59,264
E00023111,319,35,284
E00023112,299,32,267
E00023113,322,57,265
E00023114,247,27,220
E00023115,311,52,259
E00023116,246,35,211
E00023117,284,40,244
E00023118,308,62,246
E00023119,246,33,213
E00023120,238,38,200
E00023121,252,29,223
E00023122,320,43,277
E00023123,263,40,223
E00023124,372,79,293
E00023125,297,27,270
E00023126,338,50,288
E00023127,261,30,231
E00023128,271,27,244
E00023129,283,29,254
E00023130,250,33,217
E00023131,388,49,339
E00023132,273,25,248
E00023133,340,39,301
E00023134,256,36,220
E00023135,469,55,414
E00023136,327,66,261
E00023137,277,59,218
E00023138,240,16,224
E00023140,281,41,240
E00023141,329,45,284
E00023142,277,46,231
E00023143,251,51,200
E00023144,326,72,254
E00023145,227,24,203
E00023146,283,60,223
E00023147,313,35,278
E00023148,244,51,193
E00023149,279,69,210
E00023151,220,83,137
E00023152,373,112,261
E00023153,394,104,290
E00023155,232,43,189
E00023156,240,45,195
E00023157,215,32,183
E00023158,444,100,344
E00023159,213,15,198
E00023160,328,58,270
E00023161,316,78,238
E00023162,366,63,303
E00023163,252,40,212
E00023164,306,60,246
E00023165,275,36,239
E00023166,298,67,231
E00023167,279,53,226
E00023168,214,32,182
E00023169,293,40,253
E00023170,402,57,345
E00023171,379,67,312
E00023172,241,26,215
E00023173,333,57,276
E00023174,295,40,255
E00023175,263,65,198
E00023176,224,27,197
E00023177,289,53,236
E00023178,319,70,249
E00023179,286,67,219
E00023180,263,54,209
E00023181,267,51,216
E00023183,289,45,244
E00023184,335,65,270
E00023185,248,24,224
E00023186,218,29,189
E00023187,315,72,243
E00023188,308,55,253
E00023189,341,38,303
E00023190,297,59,238
E00023191,330,62,268
E00023192,241,44,197
E00023193,270,53,217
E00023196,320,39,281
E00023197,271,29,242
E00023198,314,46,268
E00023199,256,23,233
E00023200,252,36,216
E00023201,352,49,303
E00023202,349,58,291
E00023203,305,43,262
E00023204,350,39,311
E00023205,290,34,256
E00023206,376,63,313
E00023207,395,73,322
E00023208,350,56,294
E00023209,279,58,221
E00023210,222,41,181
E00023211,274,52,222
E00023212,250,28,222
E00023213,331,45,286
E00023214,223,38,185
E00023215,284,45,239
E00023216,311,51,260
E00023217,241,22,219
E00023218,236,47,189
E00023219,280,62,218
E00023220,280,62,218
E00023221,281,28,253
E00023222,282,56,226
E00023223,259,34,225
E00023224,280,48,232
E00023225,253,28,225
E00023226,199,18,181
E00023227,265,59,206
E00023228,279,38,241
E00023229,275,39,236
E00023231,228,34,194
E00023232,357,92,265
E00023233,244,49,195
E00023234,273,40,233
E00023235,296,57,239
E00023236,372,53,319
E00023237,373,58,315
E00023238,427,79,348
E00023239,385,72,313
E00023240,469,74,395
E00023241,234,43,191
E00023242,448,82,366
E00023243,323,32,291
E00023244,415,62,353
E00023245,371,95,276
E00023246,253,44,209
E00023247,380,86,294
E00023248,324,106,218
E00023249,376,73,303
E00023250,316,49,267
E00023251,309,85,224
E00023252,428,129,299
E00023253,319,126,193
E00023254,368,69,299
E00023255,309,51,258
E00023256,387,61,326
E00023257,363,62,301
E00023258,359,39,320
E00023259,249,47,202
E00023260,438,122,316
E00023261,407,68,339
E00023262,392,73,319
E00023263,386,115,271
E00023264,404,76,328
E00023265,293,96,197
E00023266,218,56,162
E00023267,345,71,274
E00023268,263,57,206
E00023269,508,96,412
E00023270,524,67,457
E00023271,248,31,217
E00023272,327,56,271
E00023273,290,94,196
E00023274,262,39,223
E00023275,299,71,228
E00023276,263,46,217
E00023277,279,38,241
E00023278,289,54,235
E00023279,327,65,262
E00023280,308,60,248
E00023281,333,54,279
E00023282,287,57,230
E00023283,346,74,272
E00023284,253,21,232
E00023285,235,29,206
E00023286,378,110,268
E00023287,278,43,235
E00023288,382,56,326
E00023290,330,62,268
E00023291,407,61,346
E00023292,279,53,226
E00023293,327,77,250
E00023294,315,78,237
E00023295,314,79,235
E00023296,315,49,266
E00023297,312,86,226
E00023298,292,32,260
E00023299,303,59,244
E00023300,271,46,225
E00023301,294,57,237
E00023302,379,68,311
E00023303,246,30,216
E00023304,486,77,409
E00023305,328,69,259
E00023306,270,42,228
E00023307,318,79,239
E00023308,287,66,221
E00023309,308,60,248
E00023310,300,53,247
E00023311,271,55,216
E00023312,207,35,172
E00023313,227,50,177
E00023314,290,69,221
E00023315,225,42,183
E00023316,277,38,239
E00023317,221,18,203
E00023318,291,49,242
E00023319,342,71,271
E00023320,275,63,212
E00023321,221,25,196
E00023322,269,62,207
E00023323,278,64,214
E00023324,561,105,456
E00023325,306,73,233
E00023326,240,41,199
E00023327,268,55,213
E00023328,241,48,193
E00023329,297,54,243
E00023330,279,59,220
E00023331,313,64,249
E00023332,335,92,243
E00023333,224,27,197
E00023334,322,78,244
E00023335,279,38,241
E00023337,417,111,306
E00023338,387,91,296
E00023339,388,120,268
E00023340,288,71,217
E00023341,539,103,436
E00023342,315,92,223
E00023343,380,83,297
E00023344,517,125,392
E00023345,313,79,234
E00023346,298,84,214
E00023347,275,73,202
E00023348,341,118,223
E00023349,279,68,211
E00023350,424,117,307
E00023351,286,50,236
E00023352,257,40,217
E00023353,319,76,243
E00023354,363,105,258
E00023355,299,61,238
E00023356,326,59,267
E00023357,324,51,273
E00023358,243,34,209
E00023359,282,52,230
E00023360,264,40,224
E00023361,301,66,235
E00023362,285,31,254
E00023363,342,71,271
E00023364,255,40,215
E00023365,308,78,230
E00023366,304,83,221
E00023368,267,42,225
E00023369,316,65,251
E00023370,306,68,238
E00023371,361,92,269
E00023372,292,53,239
E00023373,283,53,230
E00023374,338,74,264
E00023375,287,50,237
E00023376,314,80,234
E00023377,393,87,306
E00023378,359,84,275
E00023379,272,45,227
E00023380,242,45,197
E00023381,337,79,258
E00023382,289,85,204
E00023383,448,97,351
E00023384,260,35,225
E00023385,304,67,237
E00023386,270,44,226
E00023387,453,130,323
E00023388,364,82,282
E00023389,333,83,250
E00023390,516,95,421
E00023391,314,67,247
E00023392,298,78,220
E00023393,293,72,221
E00023394,395,90,305
E00023395,163,9,154
E00023396,283,51,232
E00023397,280,59,221
E00023398,298,52,246
E00023399,263,40,223
E00023400,306,59,247
E00023401,220,14,206
E00023402,267,46,221
E00023403,276,39,237
E00023404,295,55,240
E00023405,271,21,250
E00023406,333,65,268
E00023407,364,88,276
E00023408,289,63,226
E00023409,302,58,244
E00023410,268,73,195
E00023411,341,76,265
E00023412,254,73,181
E00023413,367,73,294
E00023414,121,18,103
E00023415,343,79,264
E00023416,297,36,261
E00023418,218,55,163
E00023419,336,64,272
E00023421,224,25,199
E00023422,366,68,298
E00023423,245,38,207
E00023424,211,36,175
E00023425,182,39,143
E00023426,308,71,237
E00023427,191,42,149
E00023428,242,44,198
E00023429,323,45,278
E00023430,204,47,157
E00023431,326,70,256
E00023432,206,52,154
E00023433,235,59,176
E00023434,403,118,285
E00023435,342,100,242
E00023436,266,52,214
E00023437,113,22,91
E00023438,277,80,197
E00023439,402,77,325
E00023440,231,42,189
E00023441,296,69,227
E00023442,194,53,141
E00023443,200,36,164
E00023444,263,43,220
E00023445,345,107,238
E00023446,214,24,190
E00023447,333,67,266
E00023448,412,84,328
E00023449,261,64,197
E00023450,305,26,279
E00023451,351,45,306
E00023452,382,76,306
E00023453,201,33,168
E00023454,245,52,193
E00023455,222,36,186
E00023456,225,23,202
E00023458,200,16,184
E00023459,222,42,180
E00023460,155,20,135
E00023461,282,40,242
E00023462,230,30,200
E00023463,214,54,160
E00023464,186,33,153
E00023465,185,30,155
E00023466,290,56,234
E00023467,285,45,240
E00023468,214,45,169
E00023469,334,84,250
E00023470,229,47,182
E00023471,193,20,173
E00023472,477,23,454
E00023473,228,31,197
E00023474,189,36,153
E00023475,197,34,163
E00023476,426,71,355
E00023477,313,39,274
E00023478,379,94,285
E00023479,306,29,277
E00023480,202,23,179
E00023481,190,40,150
E00023482,344,38,306
E00023483,328,62,266
E00023484,215,28,187
E00023485,102,22,80
E00023486,188,43,145
E00023487,198,47,151
E00023488,275,30,245
E00023489,339,39,300
E00023490,568,177,391
E00023491,259,38,221
E00023492,149,29,120
E00023493,250,52,198
E00023494,354,113,241
E00023495,219,39,180
E00023496,145,21,124
E00023497,169,33,136
E00023498,228,48,180
E00023499,260,44,216
E00023500,295,106,189
E00023501,325,122,203
E00023502,304,80,224
E00023503,106,10,96
E00023504,170,17,153
E00023505,171,28,143
E00023506,208,14,194
E00023507,238,79,159
E00023508,177,28,149
E00023509,247,38,209
E00023510,183,32,151
E00023511,156,27,129
E00023512,192,35,157
E00023513,116,21,95
E00023514,223,73,150
E00023515,159,32,127
E00023516,185,43,142
E00023517,380,117,263
E00023518,240,76,164
E00023519,286,95,191
E00023520,230,61,169
E00023521,221,55,166
E00023522,345,89,256
E00023523,135,43,92
E00023524,125,26,99
E00023525,173,48,125
E00023526,259,71,188
E00023527,298,67,231
E00023528,175,43,132
E00023529,248,57,191
E00023532,270,59,211
E00023533,203,43,160
E00023537,241,28,213
E00023538,321,87,234
E00023539,362,104,258
E00023540,332,71,261
E00023541,183,25,158
E00023542,216,34,182
E00023543,302,68,234
E00023544,283,87,196
E00023545,250,52,198
E00023546,212,17,195
E00023547,243,60,183
E00023548,326,88,238
E00023549,284,89,195
E00023550,296,69,227
E00023551,307,75,232
E00023552,231,36,195
E00023554,255,72,183
E00023555,265,55,210
E00023556,238,53,185
E00023557,141,15,126
E00023558,194,48,146
E00023559,192,25,167
E00023560,156,21,135
E00023561,129,5,124
E00023562,201,9,192
E00023564,506,105,401
E00023565,450,115,335
E00023566,437,108,329
E00023567,329,67,262
E00023569,325,84,241
E00023570,318,57,261
E00023571,381,108,273
E00023572,303,75,228
E00023573,276,55,221
E00023574,432,99,333
E00023575,408,80,328
E00023576,238,62,176
E00023577,431,93,338
E00023578,456,121,335
E00023579,421,82,339
E00023580,309,80,229
E00023581,438,106,332
E00023585,360,97,263
E00023586,409,69,340
E00023587,309,40,269
E00023588,345,54,291
E00023589,259,56,203
E00023590,321,55,266
E00023591,300,55,245
E00023592,367,63,304
E00023593,368,90,278
E00023595,545,145,400
E00023596,311,36,275
E00023597,246,42,204
E00023598,389,52,337
E00023599,216,54,162
E00023600,208,33,175
E00023601,411,80,331
E00023602,176,20,156
E00023603,410,73,337
E00023604,461,109,352
E00023605,238,39,199
E00023606,454,87,367
E00023608,220,31,189
E00023609,269,58,211
E00023610,258,67,191
E00023611,257,46,211
E00023612,439,113,326
E00023613,247,42,205
E00023614,307,46,261
E00023615,309,38,271
E00023616,354,54,300
E00023617,649,140,509
E00023618,229,61,168
E00023620,378,199,179
E00023621,231,27,204
E00023622,234,36,198
E00023623,176,40,136
E00023624,161,21,140
E00023625,183,32,151
E00023626,215,40,175
E00023627,169,40,129
E00023628,214,38,176
E00023629,300,87,213
E00023630,192,27,165
E00023631,214,34,180
E00023632,177,28,149
E00023633,209,20,189
E00023634,235,52,183
E00023635,267,50,217
E00023636,276,88,188
E00023637,240,66,174
E00023638,171,17,154
E00023639,154,6,148
E00023640,326,73,253
E00023641,183,28,155
E00023643,212,23,189
E00023644,151,26,125
E00023646,175,27,148
E00023647,458,292,166
E00023648,223,54,169
E00023649,187,25,162
E00023650,165,33,132
E00023651,274,88,186
E00023652,141,23,118
E00023653,271,48,223
E00023655,186,23,163
E00023656,203,16,187
E00023658,131,11,120
E00023659,119,18,101
E00023660,120,27,93
E00023661,166,37,129
E00023662,156,33,123
E00023663,125,22,103
E00023664,334,64,270
E00023665,156,33,123
E00023666,303,82,221
E00023668,109,13,96
E00023669,383,69,314
E00023670,205,52,153
E00023671,133,21,112
E00023672,198,43,155
E00023674,138,20,118
E00023675,160,36,124
E00023676,152,35,117
E00023678,129,23,106
E00023679,156,33,123
E00023680,154,35,119
E00023681,363,95,268
E00023682,154,8,146
E00023685,164,28,136
E00023686,169,27,142
E00023688,116,17,99
E00023689,235,69,166
E00023690,124,25,99
E00023691,114,31,83
E00023692,193,35,158
E00023694,181,42,139
E00023695,324,80,244
E00023696,210,23,187
E00023697,307,58,249
E00023698,177,40,137
E00023699,147,48,99
E00023700,194,43,151
E00023701,236,71,165
E00023702,173,23,150
E00023703,206,36,170
E00023704,168,21,147
E00023705,145,23,122
E00023706,224,52,172
E00023707,192,31,161
E00023708,158,24,134
E00023709,229,37,192
E00023710,186,46,140
E00023711,176,30,146
E00023712,187,24,163
E00023713,213,38,175
E00023714,240,56,184
E00023715,213,39,174
E00023717,174,21,153
E00023718,183,19,164
E00023719,182,29,153
E00023720,255,51,204
E00023721,267,39,228
E00023723,194,9,185
E00023724,155,23,132
E00023725,349,41,308
E00023726,190,30,160
E00023727,187,27,160
E00023728,257,36,221
E00023729,237,60,177
E00023730,221,31,190
E00023731,229,35,194
E00023732,220,54,166
E00023733,251,45,206
E00023734,250,47,203
E00023737,226,92,134
E00023738,218,46,172
E00023739,238,52,186
E00023740,261,104,157
E00023741,159,41,118
E00023744,257,34,223
E00023745,267,70,197
E00023746,427,72,355
E00023747,247,25,222
E00023748,308,45,263
E00023749,386,55,331
E00023750,257,54,203
E00023751,141,24,117
E00023752,192,33,159
E00023753,272,32,240
E00023754,440,127,313
E00023755,273,61,212
E00023756,341,88,253
E00023757,129,7,122
E00023758,144,35,109
E00023759,155,31,124
E00023760,336,74,262
E00023761,357,96,261
E00023762,537,141,396
E00023763,405,98,307
E00023764,484,125,359
E00023765,402,38,364
E00023766,198,25,173
E00023767,193,17,176
E00023768,126,18,108
E00023769,213,40,173
E00023770,108,20,88
E00023771,140,21,119
E00023772,699,7,692
E00023773,139,31,108
E00023774,318,79,239
E00023775,160,25,135
E00023776,188,31,157
E00023777,277,25,252
E00023778,148,14,134
E00023779,293,49,244
E00023780,202,34,168
E00023781,244,47,197
E00023782,254,73,181
E00023783,208,26,182
E00023784,180,20,160
E00023785,192,15,177
E00023786,260,35,225
E00023787,255,45,210
E00023788,210,30,180
E00023789,378,118,260
E00023790,324,92,232
E00023791,571,82,489
E00023792,433,49,384
E00023793,365,100,265
E00023794,240,87,153
E00023795,361,103,258
E00023796,229,29,200
E00023797,294,61,233
E00023798,265,65,200
E00023799,218,46,172
E00023800,190,28,162
E00023801,472,171,301
E00023802,260,35,225
E00023803,246,36,210
E00023804,247,39,208
E00023805,263,60,203
E00023806,215,28,187
E00023807,201,35,166
E00023808,220,28,192
E00023809,308,42,266
E00023810,220,38,182
E00023811,199,40,159
E00023812,120,57,63
E00023813,270,117,153
E00023814,522,148,374
E00023815,226,43,183
E00023816,128,20,108
E00023817,241,44,197
E00023818,605,240,365
E00023819,269,50,219
E00023820,138,25,113
E00023821,152,19,133
E00023822,200,31,169
E00023823,192,53,139
E00023824,248,63,185
E00023825,125,25,100
E00023826,199,31,168
E00023827,173,24,149
E00023828,238,50,188
E00023829,120,16,104
E00023830,216,39,177
E00023831,123,14,109
E00023832,179,18,161
E00023833,194,55,139
E00023834,413,114,299
E00023835,141,20,121
E00023836,252,41,211
E00023837,141,20,121
E00023838,278,42,236
E00023839,260,47,213
E00023840,109,22,87
E00023841,215,34,181
E00023842,218,44,174
E00023843,205,27,178
E00023844,160,35,125
E00023845,254,45,209
E00023846,271,65,206
E00023847,98,22,76
E00023848,178,21,157
E00023849,405,89,316
E00023851,340,75,265
E00023852,349,57,292
E00023853,312,63,249
E00023854,391,81,310
E00023855,395,81,314
E00023856,358,95,263
E00023857,276,63,213
E00023858,278,45,233
E00023859,270,36,234
E00023860,246,42,204
E00023861,275,60,215
E00023862,401,85,316
E00023863,306,51,255
E00023864,349,59,290
E00023865,345,64,281
E00023866,279,81,198
E00023867,302,79,223
E00023869,339,61,278
E00023870,521,99,422
E00023871,344,59,285
E00023872,538,207,331
E00023873,343,47,296
E00023874,307,46,261
E00023875,328,76,252
E00023876,416,65,351
E00023878,542,155,387
E00023879,340,78,262
E00023880,193,44,149
E00023881,299,65,234
E00023883,292,88,204
E00023884,143,21,122
E00023885,216,35,181
E00023886,297,48,249
E00023887,194,39,155
E00023888,295,76,219
E00023889,307,95,212
E00023890,257,26,231
E00023891,305,96,209
E00023892,234,50,184
E00023893,361,84,277
E00023894,320,75,245
E00023895,185,40,145
E00023896,169,26,143
E00023897,214,58,156
E00023898,271,66,205
E00023899,177,53,124
E00023901,269,65,204
E00023902,184,54,130
E00023903,154,66,88
E00023904,168,45,123
E00023905,272,48,224
E00023906,189,34,155
E00023907,234,43,191
E00023908,196,28,168
E00023909,175,32,143
E00023910,246,47,199
E00023911,172,2,170
E00023912,248,51,197
E00023913,440,87,353
E00023914,241,35,206
E00023916,145,42,103
E00023917,239,53,186
E00023918,192,19,173
E00023919,277,48,229
E00023920,154,42,112
E00023921,172,28,144
E00023922,199,26,173
E00023923,155,31,124
E00023924,148,32,116
E00023925,197,32,165
E00023926,214,37,177
E00023927,549,146,403
E00023928,259,57,202
E00023929,281,33,248
E00023931,245,46,199
E00023932,318,134,184
E00023933,238,52,186
E00023934,221,44,177
E00023935,178,22,156
E00023936,351,173,178
E00023937,200,26,174
E00023938,499,58,441
E00023939,206,23,183
E00023941,212,40,172
E00023942,133,15,118
E00023943,292,50,242
E00023944,186,36,150
E00023945,482,237,245
E00023946,518,66,452
E00023947,264,47,217
E00023948,374,49,325
E00023949,204,27,177
E00023950,154,25,129
E00023951,232,39,193
E00023953,141,19,122
E00023954,227,35,192
E00023955,229,36,193
E00023956,238,47,191
E00023957,165,27,138
E00023958,258,37,221
E00023959,200,19,181
E00023960,214,31,183
E00023963,119,17,102
E00023964,261,23,238
E00023965,264,71,193
E00023966,166,14,152
E00023967,153,16,137
E00023968,132,26,106
E00023969,124,18,106
E00023971,137,31,106
E00023972,222,26,196
E00023974,244,63,181
E00023975,276,67,209
E00023977,122,20,102
E00023978,106,12,94
E00023979,125,22,103
E00023980,104,22,82
E00023981,144,19,125
E00023982,266,64,202
E00023985,212,36,176
E00023986,149,22,127
E00023987,149,27,122
E00023988,161,29,132
E00023989,217,42,175
E00023990,247,39,208
E00023991,138,8,130
E00023992,127,12,115
E00023993,346,58,288
E00023994,149,25,124
E00023995,108,22,86
E00023996,174,24,150
E00023999,214,24,190
E00024002,450,79,371
E00024004,248,60,188
E00024005,288,75,213
E00024006,320,83,237
E00024007,258,68,190
E00024008,268,38,230
E00024009,135,22,113
E00024010,288,78,210
E00024011,345,96,249
E00024012,236,48,188
E00024013,211,30,181
E00024014,198,45,153
E00024016,184,35,149
E00024017,188,45,143
E00024018,146,14,132
E00024019,176,20,156
E00024020,253,55,198
E00024021,255,41,214
E00024022,257,47,210
E00024023,332,64,268
E00024024,472,103,369
E00024025,227,32,195
E00024026,218,21,197
E00024028,235,23,212
E00024029,199,31,168
E00024030,391,110,281
E00024031,241,117,124
E00024032,224,45,179
E00024033,138,17,121
E00024034,186,18,168
E00024036,159,15,144
E00024037,119,18,101
E00024038,178,17,161
E00024039,238,48,190
E00024040,181,22,159
E00024041,253,15,238
E00024042,190,16,174
E00024043,258,18,240
E00024044,166,11,155
E00024045,210,38,172
E00024046,226,23,203
E00024047,260,51,209
E00024048,163,40,123
E00024050,134,16,118
E00024052,256,24,232
E00024053,237,30,207
E00024054,196,47,149
E00024055,177,21,156
E00024056,223,39,184
E00024057,206,24,182
E00024058,390,78,312
E00024059,148,31,117
E00024060,188,18,170
E00024061,190,44,146
E00024062,149,18,131
E00024063,174,24,150
E00024064,176,32,144
E00024065,167,15,152
E00024066,121,13,108
E00024067,250,45,205
E00024068,439,23,416
E00024069,148,10,138
E00024070,336,85,251
E00024071,177,17,160
E00024072,355,80,275
E00024073,355,97,258
E00024074,306,82,224
E00024075,361,85,276
E00024076,352,105,247
E00024077,230,20,210
E00024078,254,69,185
E00024079,206,58,148
E00024080,345,96,249
E00024081,253,52,201
E00024083,260,59,201
E00024084,233,30,203
E00024085,579,140,439
E00024086,320,67,253
E00024087,241,34,207
E00024088,237,34,203
E00024089,343,57,286
E00024090,138,22,116
E00024091,350,109,241
E00024093,263,51,212
E00024094,319,72,247
E00024095,262,59,203
E00024096,276,51,225
E00024097,353,77,276
E00024098,274,55,219
E00024099,276,72,204
E00024100,343,82,261
E00024101,315,94,221
E00024103,471,119,352
E00024104,376,115,261
E00024105,206,41,165
E00024106,280,77,203
E00024107,283,104,179
E00024108,385,65,320
E00024109,255,41,214
E00024112,138,15,123
E00024113,194,32,162
E00024115,149,19,130
E00024116,167,9,158
E00024117,186,43,143
E00024118,157,20,137
E00024121,307,62,245
E00024122,251,35,216
E00024123,182,35,147
E00024124,358,62,296
E00024125,159,36,123
E00024126,190,36,154
E00024128,240,50,190
E00024129,193,34,159
E00024133,232,53,179
E00024134,317,78,239
E00024135,213,28,185
E00024136,308,42,266
E00024137,168,21,147
E00024138,208,22,186
E00024140,241,34,207
E00024141,342,99,243
E00024142,251,47,204
E00024143,326,80,246
E00024144,253,44,209
E00024145,350,72,278
E00024146,285,58,227
E00024147,301,42,259
E00024148,340,94,246
E00024150,225,48,177
E00024151,287,74,213
E00024152,293,91,202
E00024153,295,83,212
E00024154,336,57,279
E00024155,284,76,208
E00024156,356,89,267
E00024157,369,127,242
E00024158,320,103,217
E00024159,246,31,215
E00024160,288,55,233
E00024161,321,67,254
E00024162,289,60,229
E00024163,260,63,197
E00024164,370,75,295
E00024165,173,25,148
E00024166,331,57,274
E00024167,311,49,262
E00024168,264,40,224
E00024169,205,26,179
E00024170,264,47,217
E00024171,389,67,322
E00024172,277,56,221
E00024173,219,34,185
E00024175,301,68,233
E00024176,304,72,232
E00024177,365,94,271
E00024178,330,68,262
E00024179,328,45,283
E00024180,275,52,223
E00024181,261,44,217
E00024182,240,32,208
E00024183,409,81,328
E00024184,284,51,233
E00024185,207,20,187
E00024186,297,49,248
E00024187,307,60,247
E00024188,327,57,270
E00024190,240,31,209
E00024191,282,72,210
E00024192,452,98,354
E00024193,339,70,269
E00024194,279,33,246
E00024195,265,33,232
E00024196,241,36,205
E00024197,270,37,233
E00024198,283,32,251
E00024200,297,26,271
E00024201,301,44,257
E00024202,315,52,263
E00024203,298,59,239
E00024204,247,50,197
E00024205,261,37,224
E00024206,241,35,206
E00024207,321,60,261
E00024208,526,97,429
E00024210,284,26,258
E00024211,294,57,237
E00024212,255,41,214
E00024213,241,52,189
E00024215,353,61,292
E00024216,394,109,285
E00024217,297,55,242
E00024218,263,39,224
E00024219,524,124,400
E00024220,162,27,135
E00024221,213,21,192
E00024222,383,72,311
E00024223,415,84,331
E00024224,312,47,265
E00024225,468,120,348
E00024226,200,24,176
E00024227,244,20,224
E00024228,347,57,290
E00024229,296,64,232
E00024230,253,37,216
E00024231,235,47,188
E00024232,212,28,184
E00024233,291,45,246
E00024234,309,57,252
E00024235,375,113,262
E00024236,319,47,272
E00024237,265,51,214
E00024238,346,26,320
E00024239,324,48,276
E00024240,244,27,217
E00024241,249,45,204
E00024242,258,26,232
E00024243,271,31,240
E00024244,260,46,214
E00024245,209,25,184
E00024246,276,30,246
E00024247,259,35,224
E00024248,276,32,244
E00024249,298,55,243
E00024250,296,64,232
E00024251,305,51,254
E00024252,330,54,276
E00024253,235,53,182
E00024254,200,37,163
E00024255,269,42,227
E00024256,346,120,226
E00024257,272,85,187
E00024258,258,61,197
E00024259,298,50,248
E00024260,218,34,184
E00024261,314,55,259
E00024262,279,49,230
E00024263,337,79,258
E00024264,276,44,232
E00024265,266,32,234
E00024266,271,46,225
E00024267,265,47,218
E00024268,261,39,222
E00024269,277,31,246
E00024270,261,38,223
E00024271,212,32,180
E00024272,200,17,183
E00024273,210,31,179
E00024274,284,42,242
E00024275,229,60,169
E00024276,360,132,228
E00024277,298,46,252
E00024278,325,70,255
E00024279,228,33,195
E00024280,398,140,258
E00024281,406,131,275
E00024282,360,71,289
E00024283,242,60,182
E00024284,336,117,219
E00024285,327,25,302
E00024286,294,56,238
E00024287,313,96,217
E00024288,364,99,265
E00024289,302,45,257
E00024290,235,22,213
E00024291,269,49,220
E00024292,264,63,201
E00024293,291,47,244
E00024294,300,53,247
E00024295,316,51,265
E00024296,246,34,212
E00024297,260,73,187
E00024298,299,76,223
E00024299,253,41,212
E00024300,395,103,292
E00024301,213,51,162
E00024302,224,34,190
E00024303,201,17,184
E00024304,287,81,206
E00024305,289,46,243
E00024306,237,62,175
E00024307,299,97,202
E00024308,313,37,276
E00024309,241,32,209
E00024310,274,48,226
E00024311,377,83,294
E00024312,261,42,219
E00024314,327,41,286
E00024315,263,72,191
E00024316,385,141,244
E00024317,414,157,257
E00024318,382,142,240
E00024319,389,49,340
E00024320,277,45,232
E00024321,263,52,211
E00024322,420,67,353
E00024323,273,56,217
E00024324,299,48,251
E00024325,265,36,229
E00024326,284,40,244
E00024327,274,40,234
E00024328,249,43,206
E00024329,452,73,379
E00024330,218,32,186
E00024331,293,51,242
E00024332,388,83,305
E00024333,277,64,213
E00024334,263,40,223
E00024335,242,38,204
E00024336,313,62,251
E00024337,284,62,222
E00024338,288,57,231
E00024339,247,48,199
E00024340,383,90,293
E00024341,353,111,242
E00024342,356,106,250
E00024343,284,77,207
E00024344,351,87,264
E00024345,277,94,183
E00024346,215,43,172
E00024347,316,47,269
E00024348,262,45,217
E00024349,282,53,229
E00024350,235,30,205
E00024351,363,78,285
E00024352,268,46,222
E00024353,229,35,194
E00024354,310,54,256
E00024355,300,57,243
E00024356,397,78,319
E00024357,246,40,206
E00024358,256,37,219
E00024359,388,83,305
E00024360,233,41,192
E00024361,319,62,257
E00024362,334,57,277
E00024363,314,64,250
E00024364,235,36,199
E00024365,297,68,229
E00024366,318,87,231
E00024367,480,174,306
E00024369,391,121,270
E00024370,499,143,356
E00024371,324,81,243
E00024372,430,94,336
E00024373,283,73,210
E00024374,284,89,195
E00024375,384,122,262
E00024376,409,106,303
E00024377,310,106,204
E00024378,509,180,329
E00024379,374,135,239
E00024380,330,108,222
E00024381,346,112,234
E00024383,475,181,294
E00024384,300,97,203
E00024385,354,107,247
E00024386,442,125,317
E00024387,514,150,364
E00024388,317,68,249
E00024389,341,70,271
E00024391,224,37,187
E00024392,486,158,328
E00024394,266,74,192
E00024395,279,67,212
E00024396,287,84,203
E00024397,314,59,255
E00024398,441,71,370
E00024399,325,54,271
E00024400,295,43,252
E00024401,506,120,386
E00024402,355,61,294
E00024403,199,16,183
E00024404,254,40,214
E00024405,454,154,300
E00024406,426,153,273
E00024407,487,134,353
E00024408,480,138,342
E00024409,488,151,337
E00024410,464,140,324
E00024411,464,122,342
E00024412,300,93,207
E00024413,478,95,383
E00024416,169,12,157
E00024417,387,153,234
E00024418,309,99,210
E00024419,353,104,249
E00024420,262,70,192
E00024421,272,80,192
E00024422,456,144,312
E00024423,404,132,272
E00024424,260,62,198
E00024425,280,78,202
E00024426,267,85,182
E00024427,253,70,183
E00024428,327,109,218
E00024429,409,134,275
E00024430,239,68,171
E00024431,263,68,195
E00024432,141,10,131
E00024433,255,57,198
E00024434,388,136,252
E00024435,258,97,161
E00024436,361,97,264
E00024437,304,76,228
E00024438,282,51,231
E00024439,166,10,156
E00024440,245,40,205
E00024441,223,46,177
E00024442,297,77,220
E00024443,449,138,311
E00024444,220,39,181
E00024445,355,105,250
E00024446,400,158,242
E00024447,469,134,335
E00024448,419,151,268
E00024449,319,75,244
E00024450,467,190,277
E00024451,314,79,235
E00024452,358,91,267
E00024453,368,107,261
E00024454,407,160,247
E00024455,317,76,241
E00024456,435,188,247
E00024457,294,93,201
E00024458,209,37,172
E00024459,411,148,263
E00024460,320,88,232
E00024461,374,115,259
E00024462,288,84,204
E00024463,351,106,245
E00024464,267,66,201
E00024465,301,80,221
E00024466,274,61,213
E00024467,268,52,216
E00024468,298,70,228
E00024469,340,104,236
E00024470,377,108,269
E00024471,233,62,171
E00024472,299,63,236
E00024473,294,50,244
E00024474,230,32,198
E00024475,363,97,266
E00024476,298,61,237
E00024477,306,54,252
E00024478,357,48,309
E00024479,244,36,208
E00024480,263,40,223
E00024481,329,85,244
E00024482,312,51,261
E00024483,235,33,202
E00024484,458,169,289
E00024485,418,111,307
E00024486,214,37,177
E00024487,365,94,271
E00024488,279,69,210
E00024489,301,60,241
E00024490,256,34,222
E00024491,321,58,263
E00024492,285,53,232
E00024493,354,74,280
E00024494,264,58,206
E00024495,274,74,200
E00024496,255,49,206
E00024497,340,73,267
E00024498,408,126,282
E00024499,384,141,243
E00024500,298,63,235
E00024501,272,52,220
E00024502,451,206,245
E00024503,385,107,278
E00024504,419,105,314
E00024505,508,183,325
E00024506,389,138,251
E00024507,321,84,237
E00024508,233,48,185
E00024509,235,47,188
E00024510,297,49,248
E00024511,334,109,225
E00024512,296,73,223
E00024513,316,92,224
E00024514,285,90,195
E00024515,310,54,256
E00024516,393,161,232
E00024517,272,58,214
E00024518,319,61,258
E00024519,286,55,231
E00024520,332,56,276
E00024521,268,58,210
E00024522,261,44,217
E00024523,304,60,244
E00024524,244,41,203
E00024525,256,58,198
E00024526,290,56,234
E00024527,321,76,245
E00024528,301,50,251
E00024529,313,81,232
E00024530,372,86,286
E00024531,331,68,263
E00024532,284,43,241
E00024533,324,78,246
E00024535,472,124,348
E00024536,293,46,247
E00024537,336,142,194
E00024538,406,144,262
E00024539,232,54,178
E00024540,457,148,309
E00024541,550,190,360
E00024542,246,15,231
E00024543,227,32,195
E00024544,366,102,264
E00024545,282,81,201
E00024546,305,91,214
E00024547,235,31,204
E00024548,378,130,248
E00024551,416,132,284
E00024552,484,197,287
E00024553,373,113,260
E00024554,399,123,276
E00024555,238,60,178
E00024556,347,112,235
E00024557,363,100,263
E00024558,333,107,226
E00024559,364,101,263
E00024560,354,93,261
E00024561,450,111,339
E00024562,388,104,284
E00024563,372,105,267
E00024565,380,112,268
E00024566,413,116,297
E00024567,374,117,257
E00024568,544,222,322
E00024569,287,81,206
E00024570,383,137,246
E00024571,387,116,271
E00024572,228,61,167
E00024573,565,186,379
E00024574,240,43,197
E00024575,322,93,229
E00024576,400,138,262
E00024577,303,74,229
E00024578,264,42,222
E00024579,277,52,225
E00024580,238,47,191
E00024581,241,68,173
E00024582,295,88,207
E00024583,334,90,244
E00024584,331,89,242
E00024585,446,100,346
E00024586,395,125,270
E00024587,190,35,155
E00024588,287,71,216
E00024589,319,70,249
E00024590,320,84,236
E00024591,269,60,209
E00024592,255,42,213
E00024593,239,57,182
E00024594,188,30,158
E00024595,292,48,244
E00024596,354,32,322
E00024597,270,42,228
E00024598,242,57,185
E00024599,283,40,243
E00024600,302,67,235
E00024601,404,88,316
E00024602,276,41,235
E00024603,324,69,255
E00024604,291,38,253
E00024605,441,138,303
E00024606,388,124,264
E00024607,238,22,216
E00024608,257,42,215
E00024609,218,56,162
E00024610,330,111,219
E00024611,293,62,231
E00024612,556,171,385
E00024613,277,61,216
E00024614,310,83,227
E00024615,224,37,187
E00024616,296,82,214
E00024617,339,111,228
E00024618,241,36,205
E00024619,337,99,238
E00024620,468,107,361
E00024621,353,93,260
E00024622,245,50,195
E00024623,369,120,249
E00024624,523,135,388
E00024625,513,166,347
E00024626,527,170,357
E00024627,308,44,264
E00024628,274,31,243
E00024629,266,53,213
E00024630,341,83,258
E00024631,291,87,204
E00024632,463,178,285
E00024633,497,179,318
E00024634,411,133,278
E00024635,268,45,223
E00024636,436,76,360
E00024637,176,18,158
E00024638,305,69,236
E00024639,243,52,191
E00024640,206,37,169
E00024641,194,20,174
E00024642,231,34,197
E00024643,237,37,200
E00024644,173,26,147
E00024645,387,128,259
E00024646,352,116,236
E00024647,230,45,185
E00024648,243,65,178
E00024649,279,78,201
E00024650,356,119,237
E00024651,274,61,213
E00024652,207,34,173
E00024653,450,165,285
E00024654,280,54,226
E00024655,368,101,267
E00024656,258,69,189
E00024657,228,49,179
E00024659,318,85,233
E00024660,155,4,151
E00024661,333,86,247
E00024662,290,48,242
E00024663,330,92,238
E00024664,299,60,239
E00024665,400,117,283
E00024666,388,119,269
E00024667,317,83,234
E00024668,313,122,191
E00024669,486,207,279
E00024670,388,131,257
E00024671,430,123,307
E00024672,229,50,179
E00024673,309,88,221
E00024674,338,84,254
E00024675,247,61,186
E00024676,479,181,298
E00024677,312,66,246
E00024678,485,163,322
E00024679,371,156,215
E00024680,382,108,274
E00024681,382,110,272
E00024682,327,105,222
E00024683,335,92,243
E00024684,325,102,223
E00024685,308,79,229
E00024686,339,98,241
E00024687,540,240,300
E00024688,275,41,234
E00024689,250,42,208
E00024690,290,83,207
E00024691,335,89,246
E00024692,309,74,235
E00024693,321,82,239
E00024694,336,78,258
E00024695,323,80,243
E00024696,262,59,203
E00024697,218,55,163
E00024698,322,68,254
E00024699,414,102,312
E00024700,294,78,216
E00024701,311,81,230
E00024702,307,67,240
E00024703,429,117,312
E00024705,221,31,190
E00024706,258,38,220
E00024708,329,72,257
E00024709,321,47,274
E00024710,213,37,176
E00024711,294,54,240
E00024712,282,52,230
E00024713,162,30,132
E00024714,277,59,218
E00024715,328,52,276
E00024716,304,41,263
E00024717,243,48,195
E00024718,224,23,201
E00024719,218,30,188
E00024720,258,43,215
E00024721,188,35,153
E00024722,353,80,273
E00024723,281,57,224
E00024724,373,47,326
E00024725,250,31,219
E00024726,282,39,243
E00024727,257,47,210
E00024728,121,12,109
E00024729,322,59,263
E00024730,277,57,220
E00024731,297,59,238
E00024732,285,75,210
E00024733,281,40,241
E00024734,235,30,205
E00024735,232,46,186
E00024736,212,37,175
E00024737,210,10,200
E00024738,267,44,223
E00024739,247,35,212
E00024740,257,38,219
E00024741,396,26,370
E00024742,280,47,233
E00024743,205,35,170
E00024744,314,61,253
E00024745,347,64,283
E00024746,231,27,204
E00024747,235,33,202
E00024748,286,31,255
E00024749,226,30,196
E00024750,212,20,192
E00024751,322,48,274
E00024752,245,36,209
E00024753,263,45,218
E00024754,186,23,163
E00024755,274,54,220
E00024756,281,59,222
E00024757,295,67,228
E00024758,270,36,234
E00024759,423,91,332
E00024760,320,51,269
E00024761,241,39,202
E00024762,292,76,216
E00024763,254,85,169
E00024764,237,30,207
E00024765,424,114,310
E00024766,384,60,324
E00024767,240,34,206
E00024768,380,69,311
E00024769,265,43,222
E00024770,246,23,223
E00024771,273,24,249
E00024772,333,41,292
E00024773,343,44,299
E00024774,199,26,173
E00024775,243,43,200
E00024776,285,46,239
E00024777,277,52,225
E00024778,236,25,211
E00024779,280,47,233
E00024780,261,65,196
E00024781,317,74,243
E00024782,237,44,193
E00024783,401,66,335
E00024784,341,49,292
E00024785,425,62,363
E00024786,182,26,156
E00024787,430,67,363
E00024788,307,42,265
E00024789,318,51,267
E00024790,285,60,225
E00024791,258,45,213
E00024792,263,47,216
E00024793,281,42,239
E00024794,408,81,327
E00024796,285,44,241
E00024797,315,50,265
E00024798,229,32,197
E00024799,141,23,118
E00024800,252,53,199
E00024801,359,85,274
E00024802,248,28,220
E00024803,285,42,243
E00024804,367,58,309
E00024805,373,48,325
E00024806,287,19,268
E00024807,162,14,148
E00024808,273,49,224
E00024809,374,68,306
E00024810,265,26,239
E00024811,388,69,319
E00024812,274,53,221
E00024813,280,68,212
E00024814,348,88,260
E00024815,293,65,228
E00024816,318,69,249
E00024817,242,37,205
E00024819,269,28,241
E00024820,312,56,256
E00024821,265,33,232
E00024822,296,69,227
E00024823,326,69,257
E00024824,338,53,285
E00024825,413,92,321
E00024827,310,60,250
E00024828,191,28,163
E00024829,329,72,257
E00024830,413,60,353
E00024831,307,54,253
E00024832,381,65,316
E00024833,358,65,293
E00024834,313,57,256
E00024835,262,41,221
E00024836,300,70,230
E00024837,457,89,368
E00024838,306,46,260
E00024839,220,43,177
E00024840,326,87,239
E00024841,176,6,170
E00024842,208,35,173
E00024843,268,32,236
E00024844,280,48,232
E00024845,392,55,337
E00024846,317,48,269
E00024847,298,71,227
E00024848,271,78,193
E00024849,286,44,242
E00024850,230,62,168
E00024851,260,43,217
E00024852,304,75,229
E00024853,288,30,258
E00024854,191,23,168
E00024855,324,50,274
E00024856,317,69,248
E00024857,156,32,124
E00024858,261,52,209
E00024859,273,34,239
E00024860,328,75,253
E00024861,270,34,236
E00024862,254,50,204
E00024863,294,56,238
E00024864,251,42,209
E00024865,316,65,251
E00024866,391,100,291
E00024867,332,84,248
E00024868,247,34,213
E00024870,298,44,254
E00024871,217,27,190
E00024872,308,72,236
E00024873,223,43,180
E00024874,282,34,248
E00024875,217,25,192
E00024876,242,27,215
E00024877,296,38,258
E00024878,263,30,233
E00024879,293,43,250
E00024880,326,55,271
E00024881,330,43,287
E00024882,269,40,229
E00024883,315,53,262
E00024884,243,26,217
E00024885,333,84,249
E00024886,244,40,204
E00024887,306,38,268
E00024888,279,63,216
E00024889,289,44,245
E00024891,290,42,248
E00024892,282,56,226
E00024893,326,71,255
E00024894,281,52,229
E00024895,301,73,228
E00024896,197,28,169
E00024897,337,78,259
E00024898,296,68,228
E00024899,284,64,220
E00024900,344,67,277
E00024901,277,64,213
E00024902,422,64,358
E00024903,264,62,202
E00024904,270,44,226
E00024905,242,48,194
E00024906,293,62,231
E00024907,281,51,230
E00024908,283,58,225
E00024909,320,53,267
E00024910,326,99,227
E00024911,294,45,249
E00024912,239,31,208
E00024913,291,45,246
E00024914,297,52,245
E00024915,215,47,168
E00024916,218,25,193
E00024917,354,77,277
E00024918,283,51,232
E00024919,315,89,226
E00024920,292,50,242
E00024921,259,47,212
E00024922,282,63,219
E00024923,259,38,221
E00024924,298,75,223
E00024925,292,70,222
E00024926,363,70,293
E00024927,299,44,255
E00024929,292,88,204
E00024930,319,81,238
E00024932,270,72,198
E00024933,379,102,277
E00024934,273,43,230
E00024935,232,39,193
E00024937,252,43,209
E00024938,369,103,266
E00024939,234,30,204
E00024940,244,45,199
E00024941,270,63,207
E00024942,292,43,249
E00024943,283,78,205
E00024944,324,64,260
E00024945,250,48,202
E00024946,228,30,198
E00024947,449,100,349
E00024948,228,18,210
E00024949,218,34,184
E00024950,183,29,154
E00024951,276,35,241
E00024952,350,104,246
E00024953,362,120,242
E00024954,243,46,197
E00024955,253,68,185
E00024956,294,86,208
E00024958,275,58,217
E00024959,180,30,150
E00024960,295,45,250
E00024961,304,51,253
E00024962,305,56,249
E00024963,287,44,243
E00024964,222,30,192
E00024965,257,62,195
E00024966,315,66,249
E00024967,308,65,243
E00024968,247,43,204
E00024969,339,81,258
E00024970,468,72,396
E00024971,448,89,359
E00024972,475,109,366
E00024973,310,52,258
E00024974,266,80,186
E00024975,203,31,172
E00024976,225,29,196
E00024977,273,48,225
E00024978,260,31,229
E00024979,280,31,249
E00024980,254,40,214
E00024981,282,45,237
E00024982,271,32,239
E00024983,258,28,230
E00024984,365,30,335
E00024986,233,40,193
E00024987,331,43,288
E00024988,356,80,276
E00024989,342,111,231
E00024990,293,37,256
E00024991,307,89,218
E00024992,272,41,231
E00024993,242,46,196
E00024994,254,51,203
E00024995,270,59,211
E00024996,285,47,238
E00024997,260,41,219
E00024998,313,59,254
E00024999,263,32,231
E00025000,316,67,249
E00025001,311,60,251
E00025002,304,59,245
E00025003,187,55,132
E00025004,436,91,345
E00025005,247,41,206
E00025006,258,61,197
E00025007,317,82,235
E00025008,311,49,262
E00025009,286,97,189
E00025010,318,75,243
E00025011,341,51,290
E00025012,262,33,229
E00025013,292,70,222
E00025014,288,81,207
E00025015,349,121,228
E00025016,300,70,230
E00025017,355,142,213
E00025018,327,76,251
E00025019,233,40,193
E00025020,380,115,265
E00025021,294,68,226
E00025022,376,84,292
E00025023,300,69,231
E00025024,361,89,272
E00025025,397,61,336
E00025026,269,34,235
E00025027,267,40,227
E00025028,274,60,214
E00025029,289,68,221
E00025030,240,45,195
E00025031,236,58,178
E00025032,245,49,196
E00025033,418,107,311
E00025034,263,65,198
E00025035,269,53,216
E00025036,406,107,299
E00025037,277,56,221
E00025038,283,47,236
E00025039,269,60,209
E00025040,303,65,238
E00025041,266,42,224
E00025042,297,50,247
E00025043,299,83,216
E00025044,293,58,235
E00025045,340,88,252
E00025046,307,53,254
E00025047,273,76,197
E00025048,288,64,224
E00025049,192,19,173
E00025050,233,25,208
E00025051,234,19,215
E00025052,265,44,221
E00025053,287,47,240
E00025054,311,39,272
E00025055,408,80,328
E00025056,200,23,177
E00025057,269,28,241
E00025058,278,43,235
E00025059,350,73,277
E00025060,279,37,242
E00025061,238,25,213
E00025062,324,46,278
E00025063,350,85,265
E00025064,365,74,291
E00025065,264,48,216
E00025066,261,43,218
E00025067,190,24,166
E00025068,381,74,307
E00025069,223,22,201
E00025070,291,43,248
E00025071,308,75,233
E00025072,272,70,202
E00025073,234,48,186
E00025074,315,81,234
E00025075,266,76,190
E00025076,237,51,186
E00025077,471,121,350
E00025078,354,80,274
E00025079,274,56,218
E00025080,290,56,234
E00025081,243,29,214
E00025082,272,42,230
E00025083,304,102,202
E00025084,239,53,186
E00025085,289,60,229
E00025086,378,107,271
E00025087,250,51,199
E00025088,245,28,217
E00025089,216,46,170
E00025090,267,52,215
E00025091,354,119,235
E00025092,264,39,225
E00025093,247,52,195
E00025094,280,57,223
E00025095,254,66,188
E00025096,286,54,232
E00025097,217,39,178
E00025098,181,36,145
E00025099,257,49,208
E00025100,176,38,138
E00025101,297,77,220
E00025102,294,83,211
E00025103,251,56,195
E00025104,344,112,232
E00025105,221,49,172
E00025106,267,42,225
E00025107,323,46,277
E00025108,319,75,244
E00025109,257,48,209
E00025110,381,122,259
E00025111,289,46,243
E00025112,291,45,246
E00025113,319,43,276
E00025114,369,78,291
E00025115,292,49,243
E00025116,283,57,226
E00025117,530,105,425
E00025118,302,50,252
E00025119,386,119,267
E00025120,284,48,236
E00025121,282,64,218
E00025122,241,75,166
E00025123,270,47,223
E00025124,195,21,174
E00025125,285,56,229
E00025126,308,52,256
E00025127,290,46,244
E00025128,285,43,242
E00025129,277,45,232
E00025130,281,47,234
E00025131,244,46,198
E00025132,184,22,162
E00025133,380,122,258
E00025134,277,56,221
E00025135,261,15,246
E00025136,482,117,365
E00025137,379,56,323
E00025138,340,75,265
E00025139,272,62,210
E00025140,323,53,270
E00025141,312,64,248
E00025142,346,63,283
E00025143,249,39,210
E00025144,285,58,227
E00025145,439,105,334
E00025146,446,92,354
E00025147,249,27,222
E00025148,303,47,256
E00025149,211,26,185
E00025150,285,44,241
E00025151,350,81,269
E00025152,248,34,214
E00025153,321,91,230
E00025154,263,70,193
E00025155,265,58,207
E00025156,328,72,256
E00025157,272,42,230
E00025158,268,74,194
E00025159,270,63,207
E00025160,290,48,242
E00025161,319,73,246
E00025162,301,69,232
E00025163,259,51,208
E00025164,294,48,246
E00025165,190,20,170
E00025166,279,49,230
E00025167,275,30,245
E00025168,282,58,224
E00025169,224,25,199
E00025170,271,54,217
E00025171,252,39,213
E00025172,278,51,227
E00025173,226,37,189
E00025174,434,58,376
E00025175,255,39,216
E00025176,322,59,263
E00025177,318,84,234
E00025178,207,17,190
E00025179,282,42,240
E00025180,285,54,231
E00025181,262,39,223
E00025182,278,54,224
E00025183,291,62,229
E00025184,223,21,202
E00025185,271,34,237
E00025186,329,87,242
E00025187,256,22,234
E00025188,272,54,218
E00025189,174,30,144
E00025190,291,60,231
E00025191,267,37,230
E00025192,286,52,234
E00025193,305,44,261
E00025194,319,75,244
E00025195,393,44,349
E00025197,253,44,209
E00025198,327,82,245
E00025199,311,80,231
E00025200,411,104,307
E00025201,319,81,238
E00025202,223,50,173
E00025203,341,80,261
E00025204,377,93,284
E00025205,263,49,214
E00025206,282,64,218
E00025207,334,58,276
E00025208,399,66,333
E00025209,286,79,207
E00025210,485,155,330
E00025211,394,97,297
E00025212,224,24,200
E00025213,241,53,188
E00025214,313,48,265
E00025215,299,64,235
E00025216,294,58,236
E00025217,311,43,268
E00025218,338,52,286
E00025219,269,56,213
E00025220,269,47,222
E00025221,255,45,210
E00025222,243,32,211
E00025223,225,39,186
E00025224,286,51,235
E00025225,321,64,257
E00025226,220,35,185
E00025227,374,63,311
E00025228,227,33,194
E00025229,300,52,248
E00025230,255,57,198
E00025231,234,47,187
E00025232,252,46,206
E00025233,267,58,209
E00025234,257,64,193
E00025235,242,42,200
E00025236,466,92,374
E00025237,258,41,217
E00025238,293,41,252
E00025239,331,50,281
E00025240,319,52,267
E00025241,295,54,241
E00025242,260,33,227
E00025243,346,95,251
E00025244,272,32,240
E00025245,256,31,225
E00025246,270,37,233
E00025247,320,69,251
E00025248,200,18,182
E00025249,193,39,154
E00025250,334,91,243
E00025251,258,36,222
E00025252,300,63,237
E00025253,263,72,191
E00025254,422,79,343
E00025255,283,74,209
E00025256,348,66,282
E00025257,338,67,271
E00025258,272,60,212
E00025259,375,119,256
E00025260,372,74,298
E00025261,332,52,280
E00025262,294,34,260
E00025263,262,70,192
E00025264,253,60,193
E00025265,298,47,251
E00025266,222,10,212
E00025267,262,42,220
E00025268,165,18,147
E00025269,172,33,139
E00025270,261,51,210
E00025271,227,37,190
E00025272,250,75,175
E00025273,311,69,242
E00025274,262,35,227
E00025275,304,62,242
E00025276,274,51,223
E00025277,318,64,254
E00025278,294,67,227
E00025279,364,68,296
E00025280,350,71,279
E00025281,188,34,154
E00025282,275,54,221
E00025284,334,63,271
E00025285,371,76,295
E00025286,289,80,209
E00025287,309,40,269
E00025288,236,51,185
E00025289,348,80,268
E00025290,267,47,220
E00025291,271,47,224
E00025292,269,70,199
E00025293,315,59,256
E00025294,299,52,247
E00025295,303,46,257
E00025296,266,45,221
E00025297,242,44,198
E00025298,293,49,244
E00025299,302,73,229
E00025300,247,29,218
E00025301,279,48,231
E00025302,226,18,208
E00025303,206,24,182
E00025304,336,64,272
E00025305,377,69,308
E00025306,310,60,250
E00025307,248,31,217
E00025309,274,41,233
E00025310,269,51,218
E00025311,356,57,299
E00025312,287,62,225
E00025313,282,57,225
E00025314,292,48,244
E00025315,283,46,237
E00025316,395,79,316
E00025317,258,37,221
E00025318,277,52,225
E00025319,284,48,236
E00025320,274,49,225
E00025321,259,39,220
E00025322,278,41,237
E00025323,371,83,288
E00025324,216,57,159
E00025325,272,51,221
E00025326,325,72,253
E00025327,227,25,202
E00025328,291,48,243
E00025329,213,32,181
E00025330,246,63,183
E00025331,301,46,255
E00025332,236,33,203
E00025333,299,65,234
E00025334,321,73,248
E00025335,275,52,223
E00025336,255,42,213
E00025337,508,116,392
E00025339,315,51,264
E00025341,191,26,165
E00025342,313,30,283
E00025343,340,80,260
E00025344,282,67,215
E00025345,374,134,240
E00025346,233,26,207
E00025347,224,68,156
E00025348,429,89,340
E00025349,191,21,170
E00025351,234,41,193
E00025352,250,35,215
E00025353,232,51,181
E00025354,201,29,172
E00025355,243,32,211
E00025356,282,61,221
E00025357,394,127,267
E00025359,265,41,224
E00025360,308,87,221
E00025361,337,69,268
E00025362,273,37,236
E00025363,311,61,250
E00025364,302,86,216
E00025365,469,73,396
E00025366,226,38,188
E00025367,319,98,221
E00025368,233,53,180
E00025370,281,66,215
E00025371,267,56,211
E00025372,291,56,235
E00025373,138,20,118
E00025374,196,43,153
E00025375,312,67,245
E00025376,308,65,243
E00025377,386,59,327
E00025378,394,78,316
E00025379,211,24,187
E00025380,235,30,205
E00025381,296,58,238
E00025382,192,26,166
E00025383,248,38,210
E00025384,275,54,221
E00025385,222,30,192
E00025386,289,42,247
E00025387,202,25,177
E00025388,283,54,229
E00025389,372,52,320
E00025390,296,44,252
E00025391,346,99,247
E00025392,252,50,202
E00025393,267,33,234
E00025394,285,32,253
E00025395,299,49,250
E00025396,231,34,197
E00025397,248,44,204
E00025398,389,90,299
E00025399,265,55,210
E00025400,220,24,196
E00025401,218,17,201
E00025402,254,44,210
E00025403,235,36,199
E00025404,255,46,209
E00025405,263,59,204
E00025406,306,62,244
E00025407,312,55,257
E00025409,593,263,330
E00025410,281,66,215
E00025411,220,52,168
E00025412,243,34,209
E00025413,248,40,208
E00025414,337,78,259
E00025415,396,89,307
E00025416,226,45,181
E00025417,296,59,237
E00025418,255,41,214
E00025419,217,44,173
E00025420,365,67,298
E00025421,270,51,219
E00025422,326,64,262
E00025423,311,86,225
E00025424,445,122,323
E00025425,278,65,213
E00025427,511,159,352
E00025428,342,79,263
E00025430,328,103,225
E00025432,329,90,239
E00025433,398,118,280
E00025434,277,57,220
E00025435,307,67,240
E00025436,401,73,328
E00025437,286,64,222
E00025438,330,54,276
E00025439,457,136,321
E00025440,303,66,237
E00025441,393,105,288
E00025442,304,73,231
E00025443,297,80,217
E00025444,402,140,262
E00025445,313,75,238
E00025446,544,166,378
E00025447,285,69,216
E00025448,286,59,227
E00025449,425,77,348
E00025450,278,54,224
E00025451,268,45,223
E00025452,138,16,122
E00025453,321,65,256
E00025454,354,110,244
E00025455,219,54,165
E00025456,388,127,261
E00025457,245,58,187
E00025458,216,25,191
E00025459,299,56,243
E00025460,353,155,198
E00025461,344,123,221
E00025462,405,32,373
E00025463,288,63,225
E00025464,316,80,236
E00025465,238,63,175
E00025466,267,61,206
E00025467,305,58,247
E00025468,568,79,489
E00025469,287,41,246
E00025470,251,31,220
E00025471,148,3,145
E00025472,208,12,196
E00025474,245,29,216
E00025475,241,35,206
E00025476,353,68,285
E00025477,240,36,204
E00025478,241,51,190
E00025479,330,51,279
E00025480,317,66,251
E00025481,316,52,264
E00025482,228,27,201
E00025483,294,61,233
E00025484,274,45,229
E00025485,288,50,238
E00025486,294,64,230
E00025487,265,38,227
E00025488,279,75,204
E00025489,245,42,203
E00025490,287,56,231
E00025491,397,92,305
E00025492,289,56,233
E00025493,300,56,244
E00025494,263,45,218
E00025495,258,48,210
E00025496,357,86,271
E00025497,312,55,257
E00025498,291,68,223
E00025499,265,52,213
E00025500,330,75,255
E00025501,283,22,261
E00025502,283,58,225
E00025503,414,131,283
E00025504,310,70,240
E00025505,382,109,273
E00025506,443,117,326
E00025507,394,125,269
E00025508,348,134,214
E00025509,467,178,289
E00025510,419,146,273
E00025511,477,180,297
E00025512,409,141,268
E00025513,445,179,266
E00025514,395,146,249
E00025515,456,213,243
E00025516,507,251,256
E00025517,480,213,267
E00025518,353,151,202
E00025519,330,68,262
E00025520,250,33,217
E00025521,359,45,314
E00025522,330,55,275
E00025523,312,50,262
E00025524,182,26,156
E00025525,268,62,206
E00025526,285,59,226
E00025527,294,51,243
E00025528,343,80,263
E00025529,406,107,299
E00025530,221,48,173
E00025532,285,68,217
E00025533,370,76,294
E00025534,241,35,206
E00025535,375,56,319
E00025536,313,67,246
E00025537,287,48,239
E00025538,282,44,238
E00025539,362,58,304
E00025540,292,49,243
E00025541,290,52,238
E00025542,315,52,263
E00025543,272,22,250
E00025544,273,50,223
E00025545,342,63,279
E00025546,269,57,212
E00025547,255,45,210
E00025548,379,37,342
E00025549,229,22,207
E00025550,281,38,243
E00025551,302,48,254
E00025552,318,49,269
E00025553,270,41,229
E00025554,236,41,195
E00025555,201,17,184
E00025556,352,53,299
E00025557,372,78,294
E00025558,284,44,240
E00025559,260,45,215
E00025560,302,70,232
E00025561,327,54,273
E00025562,228,28,200
E00025563,302,67,235
E00025564,284,54,230
E00025565,270,46,224
E00025566,478,119,359
E00025567,307,82,225
E00025568,287,49,238
E00025569,321,73,248
E00025570,329,59,270
E00025571,232,26,206
E00025572,365,84,281
E00025573,337,79,258
E00025574,247,51,196
E00025575,302,63,239
E00025576,296,54,242
E00025577,266,43,223
E00025578,336,88,248
E00025579,317,52,265
E00025580,433,82,351
E00025581,332,80,252
E00025582,283,51,232
E00025583,361,75,286
E00025584,235,34,201
E00025585,277,48,229
E00025586,355,56,299
E00025587,338,109,229
E00025588,268,50,218
E00025589,310,41,269
E00025590,291,50,241
E00025591,242,36,206
E00025592,335,71,264
E00025593,281,60,221
E00025594,280,47,233
E00025595,260,43,217
E00025596,287,55,232
E00025597,167,10,157
E00025598,245,31,214
E00025599,324,76,248
E00025600,258,32,226
E00025602,303,43,260
E00025603,276,64,212
E00025605,207,52,155
E00025607,334,124,210
E00025608,487,165,322
E00025611,424,147,277
E00025612,400,131,269
E00025613,268,68,200
E00025614,283,122,161
E00025615,412,180,232
E00025616,187,43,144
E00025617,469,179,290
E00025618,279,95,184
E00025619,229,89,140
E00025621,415,151,264
E00025622,205,40,165
E00025623,466,184,282
E00025625,372,135,237
E00025626,274,71,203
E00025627,324,100,224
E00025628,280,67,213
E00025629,575,234,341
E00025630,404,158,246
E00025631,470,186,284
E00025632,359,146,213
E00025633,406,231,175
E00025634,521,202,319
E00025635,306,103,203
E00025636,583,220,363
E00025638,294,74,220
E00025639,339,113,226
E00025640,299,30,269
E00025641,333,64,269
E00025642,281,65,216
E00025643,511,123,388
E00025644,306,74,232
E00025645,202,28,174
E00025646,290,57,233
E00025647,356,96,260
E00025648,380,83,297
E00025649,295,54,241
E00025650,241,39,202
E00025651,331,77,254
E00025652,304,71,233
E00025653,301,65,236
E00025654,290,41,249
E00025655,345,80,265
E00025656,208,48,160
E00025657,182,11,171
E00025658,320,53,267
E00025659,347,59,288
E00025660,288,53,235
E00025661,402,81,321
E00025662,280,60,220
E00025663,365,72,293
E00025664,310,57,253
E00025666,282,50,232
E00025667,298,69,229
E00025668,301,72,229
E00025669,251,58,193
E00025670,308,64,244
E00025671,270,48,222
E00025672,290,64,226
E00025673,305,84,221
E00025674,295,62,233
E00025675,251,41,210
E00025676,316,80,236
E00025677,359,70,289
E00025678,337,79,258
E00025680,228,20,208
E00025681,252,57,195
E00025682,295,88,207
E00025684,334,52,282
E00025685,252,39,213
E00025687,294,63,231
E00025688,241,51,190
E00025689,283,66,217
E00025690,490,123,367
E00025691,322,45,277
E00025692,261,37,224
E00025693,278,38,240
E00025694,297,55,242
E00025695,224,44,180
E00025696,349,71,278
E00025697,390,90,300
E00025698,281,64,217
E00025699,323,43,280
E00025700,231,44,187
E00025701,279,48,231
E00025702,327,115,212
E00025703,332,51,281
E00025704,244,39,205
E00025705,435,65,370
E00025706,216,13,203
E00025707,164,15,149
E00025708,271,62,209
E00025709,337,59,278
E00025710,319,99,220
E00025711,277,75,202
E00025712,275,49,226
E00025713,297,84,213
E00025714,343,126,217
E00025715,183,11,172
E00025716,295,20,275
E00025717,280,65,215
E00025718,304,84,220
E00025719,387,57,330
E00025720,432,42,390
E00025721,311,78,233
E00025722,282,74,208
E00025723,245,49,196
E00025724,292,61,231
E00025725,533,138,395
E00025726,395,140,255
E00025727,220,26,194
E00025728,381,123,258
E00025729,280,76,204
E00025730,354,125,229
E00025731,319,101,218
E00025732,370,125,245
E00025733,459,116,343
E00025734,374,125,249
E00025735,415,111,304
E00025736,542,160,382
E00025737,317,86,231
E00025738,357,117,240
E00025739,375,104,271
E00025740,356,108,248
E00025741,394,138,256
E00025742,362,132,230
E00025743,324,94,230
E00025744,303,85,218
E00025745,487,153,334
E00025746,219,49,170
E00025747,323,93,230
E00025748,447,148,299
E00025749,310,96,214
E00025750,341,84,257
E00025751,348,94,254
E00025752,265,69,196
E00025753,332,96,236
E00025754,328,103,225
E00025756,348,67,281
E00025757,244,73,171
E00025758,330,86,244
E00025759,327,94,233
E00025760,336,121,215
E00025761,399,158,241
E00025762,279,73,206
E00025763,388,138,250
E00025764,326,99,227
E00025765,282,65,217
E00025766,321,123,198
E00025767,375,101,274
E00025768,381,136,245
E00025769,303,53,250
E00025771,285,94,191
E00025772,187,39,148
E00025773,407,150,257
E00025774,316,114,202
E00025775,260,79,181
E00025776,341,121,220
E00025777,328,104,224
E00025778,401,121,280
E00025779,268,78,190
E00025780,137,31,106
E00025781,306,112,194
E00025782,278,87,191
E00025786,336,107,229
E00025787,315,68,247
E00025788,559,148,411
E00025790,300,97,203
E00025791,297,97,200
E00025793,340,138,202
E00025794,355,125,230
E00025795,359,118,241
E00025796,419,108,311
E00025797,319,95,224
E00025798,344,105,239
E00025799,417,139,278
E00025800,337,125,212
E00025801,382,137,245
E00025802,219,37,182
E00025803,234,29,205
E00025804,197,18,179
E00025805,185,40,145
E00025806,229,30,199
E00025807,305,66,239
E00025808,253,41,212
E00025809,354,113,241
E00025810,227,45,182
E00025811,296,78,218
E00025812,240,49,191
E00025813,365,118,247
E00025814,358,83,275
E00025815,228,42,186
E00025816,289,62,227
E00025817,337,89,248
E00025818,304,61,243
E00025819,391,86,305
E00025820,345,85,260
E00025821,344,112,232
E00025822,380,132,248
E00025823,370,122,248
E00025825,286,46,240
E00025826,275,71,204
E00025827,261,41,220
E00025828,283,59,224
E00025829,225,50,175
E00025830,323,100,223
E00025832,544,180,364
E00025833,274,92,182
E00025834,380,133,247
E00025835,469,160,309
E00025836,535,147,388
E00025838,340,93,247
E00025840,209,40,169
E00025841,377,119,258
E00025842,521,174,347
E00025843,465,147,318
E00025844,461,113,348
E00025845,454,119,335
E00025846,319,116,203
E00025850,352,90,262
E00025851,367,103,264
E00025852,331,88,243
E00025853,329,74,255
E00025855,304,103,201
E00025856,359,76,283
E00025858,338,135,203
E00025859,362,135,227
E00025862,273,38,235
E00025863,194,22,172
E00025864,276,64,212
E00025865,329,55,274
E00025866,240,48,192
E00025867,267,56,211
E00025868,289,66,223
E00025869,310,63,247
E00025870,301,83,218
E00025871,230,50,180
E00025872,310,108,202
E00025873,293,54,239
E00025875,247,9,238
E00025876,240,43,197
E00025877,293,63,230
E00025878,221,38,183
E00025879,322,57,265
E00025880,285,55,230
E00025882,274,62,212
E00025883,195,26,169
E00025884,329,78,251
E00025885,253,42,211
E00025886,286,51,235
E00025887,283,45,238
E00025888,297,62,235
E00025889,305,91,214
E00025890,281,97,184
E00025891,308,50,258
E00025892,241,75,166
E00025893,215,43,172
E00025894,316,116,200
E00025895,374,113,261
E00025896,468,151,317
E00025897,304,71,233
E00025898,249,53,196
E00025899,303,62,241
E00025900,274,67,207
E00025901,300,72,228
E00025902,331,76,255
E00025903,255,81,174
E00025904,354,103,251
E00025905,348,89,259
E00025906,329,125,204
E00025907,347,102,245
E00025908,311,56,255
E00025909,342,87,255
E00025910,333,78,255
E00025911,332,102,230
E00025912,322,99,223
E00025913,355,107,248
E00025914,368,106,262
E00025915,354,125,229
E00025916,309,90,219
E00025917,335,99,236
E00025918,321,85,236
E00025919,303,82,221
E00025920,283,72,211
E00025921,275,60,215
E00025922,314,90,224
E00025923,401,100,301
E00025924,338,95,243
E00025926,289,62,227
E00025927,321,90,231
E00025928,328,71,257
E00025929,427,118,309
E00025930,334,101,233
E00025931,396,105,291
E00025932,386,98,288
E00025933,277,26,251
E00025934,338,110,228
E00025935,397,133,264
E00025936,322,79,243
E00025937,385,116,269
E00025938,380,148,232
E00025939,396,94,302
E00025940,274,75,199
E00025941,361,111,250
E00025942,336,100,236
E00025943,345,86,259
E00025944,247,85,162
E00025945,289,73,216
E00025948,302,64,238
E00025949,288,86,202
E00025951,183,36,147
E00025953,175,35,140
E00025954,231,65,166
E00025955,298,88,210
E00025957,370,46,324
E00025958,169,36,133
E00025959,227,38,189
E00025961,222,38,184
E00025962,298,89,209
E00025964,234,62,172
E00025968,228,65,163
E00025969,420,100,320
E00025970,257,92,165
E00025976,343,55,288
E00025988,159,74,85
E00025989,163,25,138
E00025994,123,28,95
E00025995,312,119,193
E00025996,288,54,234
E00025997,354,137,217
E00025998,401,58,343
E00026000,372,126,246
E00026001,351,78,273
E00026002,257,77,180
E00026003,297,89,208
E00026004,231,54,177
E00026005,291,52,239
E00026006,288,48,240
E00026007,499,131,368
E00026008,330,97,233
E00026009,368,103,265
E00026010,211,63,148
E00026011,284,68,216
E00026012,229,21,208
E00026014,421,142,279
E00026015,229,29,200
E00026017,318,90,228
E00026018,290,53,237
E00026019,199,24,175
E00026020,351,129,222
E00026022,337,77,260
E00026023,242,72,170
E00026024,262,71,191
E00026025,316,112,204
E00026026,297,67,230
E00026027,447,70,377
E00026028,358,124,234
E00026030,410,139,271
E00026031,334,81,253
E00026032,306,57,249
E00026033,330,73,257
E00026034,214,7,207
E00026035,344,57,287
E00026036,541,193,348
E00026038,550,190,360
E00026039,393,124,269
E00026040,360,123,237
E00026041,269,69,200
E00026042,526,172,354
E00026043,502,189,313
E00026045,473,149,324
E00026046,523,179,344
E00026047,463,175,288
E00026048,456,128,328
E00026049,528,151,377
E00026053,354,81,273
E00026054,495,191,304
E00026055,177,44,133
E00026056,525,177,348
E00026058,552,198,354
E00026059,342,96,246
E00026060,522,192,330
E00026065,442,160,282
E00026066,429,153,276
E00026067,452,149,303
E00026068,326,96,230
E00026070,464,171,293
E00026071,377,118,259
E00026072,535,196,339
E00026073,395,150,245
E00026075,313,69,244
E00026076,268,58,210
E00026077,282,46,236
E00026078,268,60,208
E00026079,273,37,236
E00026080,258,26,232
E00026081,234,29,205
E00026082,237,33,204
E00026083,217,14,203
E00026084,249,39,210
E00026085,178,12,166
E00026086,221,32,189
E00026087,370,65,305
E00026088,305,51,254
E00026089,281,49,232
E00026090,284,36,248
E00026091,367,100,267
E00026092,182,8,174
E00026093,304,79,225
E00026094,276,57,219
E00026095,273,50,223
E00026096,295,68,227
E00026097,316,79,237
E00026098,299,55,244
E00026099,262,50,212
E00026100,419,39,380
E00026101,246,40,206
E00026102,284,59,225
E00026103,236,33,203
E00026104,173,22,151
E00026105,273,47,226
E00026106,234,50,184
E00026107,266,35,231
E00026108,164,4,160
E00026109,329,39,290
E00026110,198,17,181
E00026111,203,46,157
E00026112,348,31,317
E00026113,343,50,293
E00026114,321,42,279
E00026115,284,41,243
E00026116,217,14,203
E00026117,207,26,181
E00026118,246,30,216
E00026119,235,47,188
E00026120,291,51,240
E00026121,326,72,254
E00026122,240,40,200
E00026123,281,51,230
E00026124,278,46,232
E00026125,334,79,255
E00026126,290,61,229
E00026127,267,52,215
E00026128,422,102,320
E00026129,365,119,246
E00026130,303,103,200
E00026131,313,78,235
E00026132,422,88,334
E00026133,297,80,217
E00026134,286,73,213
E00026136,418,101,317
E00026137,473,127,346
E00026138,129,13,116
E00026139,419,140,279
E00026140,323,64,259
E00026141,236,50,186
E00026143,301,64,237
E00026144,352,103,249
E00026145,206,32,174
E00026146,409,143,266
E00026147,509,166,343
E00026148,262,71,191
E00026149,335,100,235
E00026150,357,120,237
E00026151,384,104,280
E00026152,314,84,230
E00026153,389,87,302
E00026154,325,114,211
E00026155,402,115,287
E00026156,194,18,176
E00026157,273,69,204
E00026158,535,171,364
E00026159,438,131,307
E00026160,379,122,257
E00026161,406,141,265
E00026162,430,143,287
E00026163,429,152,277
E00026164,522,156,366
E00026165,425,142,283
E00026166,186,22,164
E00026167,501,176,325
E00026168,335,71,264
E00026169,241,29,212
E00026170,299,89,210
E00026171,314,58,256
E00026172,264,28,236
E00026173,318,69,249
E00026174,174,28,146
E00026175,215,35,180
E00026176,258,49,209
E00026177,277,37,240
E00026178,324,96,228
E00026179,290,57,233
E00026180,221,27,194
E00026181,318,62,256
E00026182,256,52,204
E00026183,388,80,308
E00026184,245,31,214
E00026185,300,62,238
E00026186,290,53,237
E00026187,308,52,256
E00026188,308,62,246
E00026189,308,64,244
E00026190,259,30,229
E00026191,277,61,216
E00026192,338,60,278
E00026193,218,21,197
E00026194,298,23,275
E00026195,219,23,196
E00026196,188,23,165
E00026197,245,33,212
E00026198,335,66,269
E00026199,324,62,262
E00026200,281,60,221
E00026201,266,36,230
E00026202,389,90,299
E00026203,293,55,238
E00026204,424,60,364
E00026205,284,52,232
E00026206,319,79,240
E00026207,283,53,230
E00026208,452,65,387
E00026209,312,70,242
E00026210,243,45,198
E00026211,276,47,229
E00026212,324,58,266
E00026213,310,74,236
E00026214,219,36,183
E00026215,269,60,209
E00026216,318,58,260
E00026217,257,46,211
E00026218,343,104,239
E00026219,348,110,238
E00026220,335,96,239
E00026221,299,92,207
E00026222,366,63,303
E00026223,482,157,325
E00026224,560,196,364
E00026225,537,165,372
E00026227,240,78,162
E00026228,403,177,226
E00026230,402,95,307
E00026231,268,77,191
E00026232,205,36,169
E00026233,392,124,268
E00026234,305,71,234
E00026235,487,138,349
E00026236,212,52,160
E00026237,261,52,209
E00026238,436,130,306
E00026239,542,158,384
E00026241,462,159,303
E00026242,379,135,244
E00026243,442,100,342
E00026244,209,52,157
E00026245,516,144,372
E00026246,378,111,267
E00026247,338,102,236
E00026248,528,184,344
E00026250,288,66,222
E00026251,610,554,56
E00026252,539,135,404
E00026254,250,60,190
E00026255,299,110,189
E00026257,285,71,214
E00026258,229,38,191
E00026259,202,21,181
E00026260,240,64,176
E00026261,309,88,221
E00026262,281,88,193
E00026263,392,114,278
E00026264,233,47,186
E00026265,267,69,198
E00026266,326,123,203
E00026267,316,80,236
E00026268,321,97,224
E00026269,383,137,246
E00026270,393,126,267
E00026272,276,66,210
E00026273,313,80,233
E00026274,474,139,335
E00026275,390,97,293
E00026277,347,99,248
E00026278,282,76,206
E00026279,297,85,212
E00026280,128,18,110
E00026281,250,51,199
E00026282,352,102,250
E00026283,435,78,357
E00026284,324,106,218
E00026285,278,65,213
E00026286,255,63,192
E00026287,339,112,227
E00026288,430,96,334
E00026289,225,45,180
E00026290,326,80,246
E00026291,309,94,215
E00026292,294,63,231
E00026293,253,40,213
E00026294,367,107,260
E00026295,278,60,218
E00026296,318,73,245
E00026297,248,51,197
E00026298,312,55,257
E00026299,288,69,219
E00026300,262,66,196
E00026301,311,63,248
E00026302,381,130,251
E00026304,324,103,221
E00026305,431,171,260
E00026306,392,83,309
E00026307,425,118,307
E00026308,357,120,237
E00026309,320,138,182
E00026310,464,158,306
E00026312,454,133,321
E00026313,418,136,282
E00026314,449,143,306
E00026315,575,170,405
E00026316,494,178,316
E00026317,308,103,205
E00026318,208,35,173
E00026319,291,82,209
E00026320,298,59,239
E00026321,282,85,197
E00026322,278,64,214
E00026323,406,150,256
E00026324,347,76,271
E00026325,419,144,275
E00026326,352,120,232
E00026327,245,80,165
E00026328,384,136,248
E00026329,407,144,263
E00026330,336,98,238
E00026331,337,108,229
E00026332,377,146,231
E00026333,349,104,245
E00026335,329,70,259
E00026336,291,87,204
E00026337,444,116,328
E00026338,482,151,331
E00026343,345,106,239
E00026344,399,117,282
E00026345,253,72,181
E00026346,325,114,211
E00026348,428,150,278
E00026349,380,90,290
E00026350,301,87,214
E00026351,267,72,195
E00026352,355,115,240
E00026353,377,52,325
E00026354,342,95,247
E00026355,404,118,286
E00026356,274,93,181
E00026357,304,112,192
E00026358,404,179,225
E00026359,407,142,265
E00026360,246,65,181
E00026361,399,146,253
E00026362,325,84,241
E00026363,326,139,187
E00026364,261,76,185
E00026365,270,83,187
E00026366,413,114,299
E00026367,268,83,185
E00026369,390,128,262
E00026371,464,194,270
E00026372,359,93,266
E00026373,298,88,210
E00026374,255,50,205
E00026375,448,147,301
E00026376,284,70,214
E00026379,305,54,251
E00026381,221,58,163
E00026383,336,83,253
E00026387,275,75,200
E00026392,290,70,220
E00026393,170,73,97
E00026395,399,192,207
E00026396,106,16,90
E00026397,295,77,218
E00026398,287,89,198
E00026400,212,50,162
E00026402,294,78,216
E00026403,315,105,210
E00026405,248,65,183
E00026406,229,20,209
E00026407,229,58,171
E00026408,157,51,106
E00026409,436,93,343
E00026410,371,82,289
E00026411,417,120,297
E00026412,403,139,264
E00026413,527,153,374
E00026414,251,47,204
E00026415,529,172,357
E00026416,384,99,285
E00026417,418,210,208
E00026418,330,82,248
E00026419,341,80,261
E00026420,355,127,228
E00026421,272,72,200
E00026422,254,21,233
E00026423,337,79,258
E00026424,270,58,212
E00026425,185,37,148
E00026426,445,128,317
E00026427,378,79,299
E00026428,315,64,251
E00026429,265,54,211
E00026430,322,68,254
E00026431,331,78,253
E00026432,367,114,253
E00026433,343,102,241
E00026434,426,127,299
E00026435,370,101,269
E00026436,375,97,278
E00026437,454,91,363
E00026438,344,82,262
E00026439,245,28,217
E00026440,373,95,278
E00026441,373,121,252
E00026442,409,103,306
E00026443,342,84,258
E00026444,390,116,274
E00026445,375,98,277
E00026446,480,114,366
E00026447,371,99,272
E00026448,480,127,353
E00026449,468,127,341
E00026450,286,77,209
E00026451,316,79,237
E00026452,450,171,279
E00026453,410,120,290
E00026454,436,122,314
E00026455,348,129,219
E00026457,358,126,232
E00026458,276,72,204
E00026459,294,73,221
E00026460,223,45,178
E00026461,454,156,298
E00026462,233,79,154
E00026463,451,157,294
E00026464,388,89,299
E00026465,447,204,243
E00026466,479,180,299
E00026467,264,83,181
E00026468,267,52,215
E00026469,248,41,207
E00026470,390,138,252
E00026471,312,90,222
E00026472,453,168,285
E00026473,348,115,233
E00026474,344,128,216
E00026475,385,134,251
E00026476,417,138,279
E00026477,407,127,280
E00026478,252,64,188
E00026479,201,50,151
E00026480,281,55,226
E00026481,292,59,233
E00026482,333,68,265
E00026483,263,38,225
E00026484,309,89,220
E00026485,283,59,224
E00026487,268,63,205
E00026488,285,91,194
E00026489,361,108,253
E00026490,285,86,199
E00026491,391,120,271
E00026492,310,60,250
E00026493,500,258,242
E00026495,474,174,300
E00026496,563,199,364
E00026497,244,72,172
E00026498,440,156,284
E00026501,345,107,238
E00026502,475,175,300
E00026503,422,141,281
E00026504,427,158,269
E00026505,292,100,192
E00026506,504,168,336
E00026507,427,140,287
E00026508,357,131,226
E00026510,393,230,163
E00026511,407,157,250
E00026512,457,155,302
E00026514,497,147,350
E00026515,351,82,269
E00026516,525,198,327
E00026519,578,225,353
E00026521,518,204,314
E00026522,446,147,299
E00026523,507,192,315
E00026524,329,113,216
E00026525,395,150,245
E00026526,275,80,195
E00026527,346,110,236
E00026528,330,103,227
E00026529,149,40,109
E00026530,375,270,105
E00026531,356,97,259
E00026532,355,109,246
E00026533,504,275,229
E00026534,369,118,251
E00026537,308,67,241
E00026539,556,198,358
E00026540,519,210,309
E00026542,484,207,277
E00026543,376,143,233
E00026544,442,181,261
E00026545,396,139,257
E00026547,492,190,302
E00026548,475,193,282
E00026550,554,235,319
E00026552,325,121,204
E00026553,437,153,284
E00026554,415,120,295
E00026555,346,123,223
E00026556,278,57,221
E00026557,318,98,220
E00026558,424,119,305
E00026561,395,134,261
E00026563,346,126,220
E00026564,356,135,221
E00026565,342,111,231
E00026566,534,266,268
E00026567,453,218,235
E00026568,498,228,270
E00026569,537,251,286
E00026570,471,220,251
E00026571,331,82,249
E00026572,455,224,231
E00026573,328,79,249
E00026574,331,116,215
E00026575,290,37,253
E00026576,284,51,233
E00026577,304,54,250
E00026578,374,124,250
E00026579,318,61,257
E00026580,330,102,228
E00026581,326,87,239
E00026582,310,93,217
E00026583,147,20,127
E00026584,459,178,281
E00026585,305,68,237
E00026586,559,232,327
E00026587,343,82,261
E00026588,354,123,231
E00026589,325,95,230
E00026590,317,49,268
E00026591,346,75,271
E00026592,359,65,294
E00026593,368,80,288
E00026594,289,60,229
E00026595,338,131,207
E00026596,275,30,245
E00026597,274,47,227
E00026598,279,88,191
E00026599,382,137,245
E00026600,255,53,202
E00026601,237,37,200
E00026602,253,23,230
E00026603,393,81,312
E00026604,245,52,193
E00026605,264,46,218
E00026606,232,58,174
E00026608,277,37,240
E00026609,261,45,216
E00026610,238,30,208
E00026611,289,45,244
E00026613,263,56,207
E00026614,299,71,228
E00026615,280,53,227
E00026616,332,104,228
E00026617,327,114,213
E00026618,255,61,194
E00026619,242,46,196
E00026620,323,112,211
E00026621,256,50,206
E00026622,192,36,156
E00026623,291,61,230
E00026624,384,124,260
E00026625,256,41,215
E00026626,258,60,198
E00026627,340,118,222
E00026628,332,48,284
E00026629,302,103,199
E00026630,328,104,224
E00026631,213,44,169
E00026632,181,13,168
E00026634,529,149,380
E00026635,322,99,223
E00026636,278,69,209
E00026638,309,38,271
E00026639,394,131,263
E00026640,249,52,197
E00026641,218,38,180
E00026642,290,66,224
E00026643,311,97,214
E00026644,273,81,192
E00026645,327,101,226
E00026646,319,80,239
E00026647,277,86,191
E00026648,317,116,201
E00026649,271,57,214
E00026650,240,56,184
E00026651,242,73,169
E00026652,384,131,253
E00026653,349,101,248
E00026654,267,77,190
E00026655,317,82,235
E00026656,474,76,398
E00026657,200,46,154
E00026658,201,37,164
E00026659,255,66,189
E00026660,377,75,302
E00026661,290,45,245
E00026662,314,99,215
E00026663,322,59,263
E00026664,280,83,197
E00026665,342,30,312
E00026666,240,44,196
E00026667,292,45,247
E00026668,365,106,259
E00026669,445,80,365
E00026670,293,74,219
E00026671,324,98,226
E00026672,256,43,213
E00026673,240,38,202
E00026674,335,67,268
E00026675,280,41,239
E00026676,254,10,244
E00026677,311,64,247
E00026678,275,53,222
E00026679,366,70,296
E00026680,280,80,200
E00026681,234,39,195
E00026682,286,25,261
E00026683,295,41,254
E00026684,357,63,294
E00026685,242,36,206
E00026686,196,22,174
E00026687,218,17,201
E00026688,281,42,239
E00026689,410,100,310
E00026690,251,61,190
E00026691,271,42,229
E00026692,311,56,255
E00026693,253,68,185
E00026694,209,49,160
E00026695,261,60,201
E00026696,379,94,285
E00026697,281,65,216
E00026698,282,62,220
E00026699,313,99,214
E00026700,281,45,236
E00026701,399,53,346
E00026702,354,237,117
E00026703,368,161,207
E00026704,343,103,240
E00026705,352,86,266
E00026706,307,83,224
E00026707,305,65,240
E00026708,331,78,253
E00026709,285,93,192
E00026710,258,83,175
E00026711,195,42,153
E00026712,227,41,186
E00026713,334,97,237
E00026714,221,31,190
E00026715,319,63,256
E00026716,238,55,183
E00026717,251,44,207
E00026718,442,174,268
E00026719,269,55,214
E00026720,370,76,294
E00026721,315,46,269
E00026722,428,215,213
E00026723,426,309,117
E00026724,449,148,301
E00026725,314,86,228
E00026726,554,476,78
E00026727,303,103,200
E00026728,527,330,197
E00026730,383,137,246
E00026731,363,105,258
E00026732,243,110,133
E00026733,307,99,208
E00026734,454,251,203
E00026735,341,101,240
E00026736,333,76,257
E00026737,302,81,221
E00026738,554,382,172
E00026739,308,84,224
E00026740,292,107,185
E00026741,327,152,175
E00026742,313,76,237
E00026743,332,93,239
E00026744,229,25,204
E00026745,315,75,240
E00026746,311,82,229
E00026747,259,49,210
E00026748,480,210,270
E00026749,363,85,278
E00026750,486,182,304
E00026752,322,164,158
E00026753,443,147,296
E00026754,461,99,362
E00026755,380,121,259
E00026756,455,282,173
E00026758,1028,961,67
E00026759,315,180,135
E00026760,503,439,64
E00026761,172,47,125
E00026764,568,315,253
E00026766,578,271,307
E00026767,393,119,274
E00026768,380,96,284
E00026769,372,182,190
E00026770,483,149,334
E00026771,302,70,232
E00026772,422,253,169
E00026773,310,97,213
E00026774,336,105,231
E00026775,450,153,297
E00026776,133,14,119
E00026777,227,63,164
E00026778,451,163,288
E00026779,508,196,312
E00026780,418,201,217
E00026781,412,189,223
E00026782,387,206,181
E00026783,521,184,337
E00026784,463,138,325
E00026785,423,73,350
E00026786,239,42,197
E00026787,355,99,256
E00026788,287,57,230
E00026789,239,35,204
E00026790,292,63,229
E00026791,250,52,198
E00026792,253,59,194
E00026793,316,94,222
E00026795,307,75,232
E00026796,302,68,234
E00026797,273,43,230
E00026798,297,73,224
E00026799,178,6,172
E00026800,298,54,244
E00026801,327,70,257
E00026802,305,44,261
E00026803,326,61,265
E00026804,303,46,257
E00026806,466,74,392
E00026807,270,53,217
E00026808,239,45,194
E00026809,241,58,183
E00026810,334,20,314
E00026811,340,81,259
E00026812,303,57,246
E00026813,368,94,274
E00026814,286,57,229
E00026815,296,81,215
E00026816,317,71,246
E00026817,281,54,227
E00026818,308,77,231
E00026819,266,65,201
E00026821,410,109,301
E00026822,368,71,297
E00026823,415,70,345
E00026824,333,92,241
E00026825,224,33,191
E00026826,356,92,264
E00026827,313,59,254
E00026828,399,117,282
E00026829,306,59,247
E00026830,337,75,262
E00026831,377,76,301
E00026832,371,78,293
E00026833,414,64,350
E00026834,364,52,312
E00026835,324,59,265
E00026837,292,52,240
E00026838,232,29,203
E00026840,224,25,199
E00026841,299,41,258
E00026842,437,111,326
E00026843,301,64,237
E00026844,329,101,228
E00026845,383,69,314
E00026846,300,71,229
E00026847,280,52,228
E00026848,405,115,290
E00026849,368,77,291
E00026850,467,80,387
E00026851,409,91,318
E00026852,345,75,270
E00026854,502,124,378
E00026855,288,62,226
E00026856,245,43,202
E00026857,329,55,274
E00026858,339,61,278
E00026859,120,14,106
E00026860,304,76,228
E00026861,396,152,244
E00026862,334,143,191
E00026863,341,155,186
E00026864,335,100,235
E00026865,375,147,228
E00026866,342,154,188
E00026867,315,177,138
E00026868,225,79,146
E00026869,254,67,187
E00026870,346,130,216
E00026871,381,135,246
E00026872,411,194,217
E00026873,409,174,235
E00026874,343,114,229
E00026875,404,262,142
E00026876,373,122,251
E00026877,550,167,383
E00026878,455,174,281
E00026879,390,125,265
E00026880,360,91,269
E00026881,256,49,207
E00026882,260,57,203
E00026883,317,96,221
E00026884,323,107,216
E00026885,289,53,236
E00026886,292,51,241
E00026887,320,93,227
E00026888,279,64,215
E00026889,378,66,312
E00026890,310,55,255
E00026891,227,31,196
E00026892,227,79,148
E00026893,503,310,193
E00026894,487,411,76
E00026895,314,111,203
E00026896,291,115,176
E00026897,476,376,100
E00026898,336,194,142
E00026899,344,193,151
E00026900,409,287,122
E00026901,439,320,119
E00026902,404,188,216
E00026903,466,298,168
E00026904,280,153,127
E00026905,581,498,83
E00026906,232,43,189
E00026907,259,55,204
E00026909,278,50,228
E00026910,318,74,244
E00026912,316,94,222
E00026913,286,62,224
E00026914,284,61,223
E00026915,295,73,222
E00026916,290,67,223
E00026917,353,80,273
E00026918,247,62,185
E00026919,254,50,204
E00026920,289,61,228
E00026921,316,71,245
E00026922,333,94,239
E00026923,290,67,223
E00026924,265,45,220
E00026925,254,34,220
E00026926,364,91,273
E00026927,282,79,203
E00026928,281,59,222
E00026929,257,57,200
E00026930,319,89,230
E00026931,264,47,217
E00026932,296,61,235
E00026934,252,45,207
E00026935,330,78,252
E00026936,363,72,291
E00026937,551,129,422
E00026938,242,42,200
E00026939,355,80,275
E00026940,301,82,219
E00026941,282,67,215
E00026942,365,108,257
E00026943,305,68,237
E00026945,462,161,301
E00026946,367,101,266
E00026948,120,23,97
E00026949,431,123,308
E00026950,320,115,205
E00026952,443,140,303
E00026953,490,163,327
E00026954,495,207,288
E00026957,320,77,243
E00026958,356,111,245
E00026959,395,110,285
E00026960,316,82,234
E00026961,125,52,73
E00026962,331,114,217
E00026963,402,130,272
E00026964,294,89,205
E00026965,230,54,176
E00026966,239,62,177
E00026967,382,101,281
E00026968,239,37,202
E00026969,353,76,277
E00026970,345,59,286
E00026971,369,89,280
E00026972,348,60,288
E00026973,559,193,366
E00026974,548,191,357
E00026975,399,146,253
E00026976,501,162,339
E00026977,232,33,199
E00026978,311,50,261
E00026979,250,37,213
E00026980,362,65,297
E00026981,345,67,278
E00026983,313,63,250
E00026984,486,83,403
E00026985,324,95,229
E00026986,309,103,206
E00026987,275,41,234
E00026988,292,44,248
E00026989,270,82,188
E00026990,294,49,245
E00026991,292,60,232
E00026992,248,45,203
E00026993,257,66,191
E00026994,300,50,250
E00026995,262,57,205
E00026996,219,33,186
E00026997,334,91,243
E00026998,238,62,176
E00026999,257,51,206
E00027000,410,125,285
E00027001,259,50,209
E00027002,392,104,288
E00027003,257,54,203
E00027004,288,72,216
E00027005,242,47,195
E00027006,551,154,397
E00027007,498,133,365
E00027008,299,53,246
E00027009,258,66,192
E00027010,338,61,277
E00027011,323,53,270
E00027012,267,43,224
E00027013,227,34,193
E00027014,354,65,289
E00027015,276,47,229
E00027016,273,53,220
E00027017,361,113,248
E00027018,236,64,172
E00027019,255,77,178
E00027020,336,56,280
E00027021,353,107,246
E00027022,304,43,261
E00027023,279,48,231
E00027024,266,57,209
E00027025,298,50,248
E00027026,331,94,237
E00027027,273,39,234
E00027029,316,63,253
E00027030,425,143,282
E00027031,306,85,221
E00027032,359,108,251
E00027033,335,81,254
E00027034,309,54,255
E00027035,266,40,226
E00027036,313,89,224
E00027037,364,125,239
E00027038,263,71,192
E00027039,318,78,240
E00027040,333,68,265
E00027041,276,48,228
E00027043,344,98,246
E00027044,273,35,238
E00027045,286,49,237
E00027046,371,75,296
E00027047,371,109,262
E00027048,249,49,200
E00027049,264,42,222
E00027050,356,83,273
E00027051,388,104,284
E00027052,339,89,250
E00027053,227,48,179
E00027054,254,37,217
E00027055,318,73,245
E00027056,245,49,196
E00027057,330,75,255
E00027058,286,45,241
E00027059,306,60,246
E00027060,271,40,231
E00027061,354,97,257
E00027062,288,55,233
E00027063,371,103,268
E00027065,200,32,168
E00027066,362,75,287
E00027067,298,56,242
E00027068,263,52,211
E00027069,249,27,222
E00027070,254,41,213
E00027071,245,29,216
E00027072,312,71,241
E00027073,265,39,226
E00027074,260,62,198
E00027075,324,74,250
E00027076,238,30,208
E00027077,267,38,229
E00027078,304,47,257
E00027079,247,41,206
E00027080,418,152,266
E00027081,316,55,261
E00027082,410,158,252
E00027085,425,156,269
E00027086,506,193,313
E00027087,460,163,297
E00027088,208,22,186
E00027089,354,104,250
E00027090,367,138,229
E00027091,245,59,186
E00027092,360,104,256
E00027093,254,65,189
E00027094,493,162,331
E00027095,450,154,296
E00027097,458,134,324
E00027099,512,132,380
E00027100,279,45,234
E00027101,195,82,113
E00027102,407,179,228
E00027103,444,163,281
E00027105,334,139,195
E00027106,564,246,318
E00027107,426,177,249
E00027108,434,146,288
E00027109,195,58,137
E00027110,438,178,260
E00027111,444,184,260
E00027112,360,138,222
E00027113,355,69,286
E00027114,198,22,176
E00027115,317,56,261
E00027116,353,75,278
E00027117,284,54,230
E00027118,231,41,190
E00027119,309,65,244
E00027120,247,56,191
E00027121,268,34,234
E00027122,260,38,222
E00027123,277,51,226
E00027124,299,40,259
E00027125,277,35,242
E00027126,334,79,255
E00027127,224,31,193
E00027128,206,19,187
E00027129,259,68,191
E00027130,253,29,224
E00027131,265,38,227
E00027132,284,66,218
E00027133,234,58,176
E00027134,263,31,232
E00027135,204,12,192
E00027136,224,23,201
E00027137,187,23,164
E00027138,275,45,230
E00027139,195,16,179
E00027140,266,50,216
E00027141,293,69,224
E00027142,300,39,261
E00027143,240,49,191
E00027144,295,53,242
E00027145,315,65,250
E00027146,261,60,201
E00027147,230,38,192
E00027148,260,32,228
E00027149,314,62,252
E00027150,207,34,173
E00027151,420,55,365
E00027152,418,83,335
E00027153,287,38,249
E00027154,276,45,231
E00027155,307,66,241
E00027156,280,49,231
E00027157,327,58,269
E00027158,316,53,263
E00027159,249,43,206
E00027160,333,66,267
E00027161,243,35,208
E00027162,257,38,219
E00027163,273,41,232
E00027164,292,56,236
E00027165,284,47,237
E00027166,232,37,195
E00027167,291,49,242
E00027168,262,56,206
E00027169,239,31,208
E00027170,304,78,226
E00027171,257,41,216
E00027172,189,15,174
E00027173,266,47,219
E00027174,214,22,192
E00027175,379,57,322
E00027176,281,63,218
E00027177,166,20,146
E00027178,229,40,189
E00027179,403,62,341
E00027180,242,28,214
E00027181,314,46,268
E00027182,213,16,197
E00027183,289,55,234
E00027184,203,35,168
E00027185,358,56,302
E00027186,264,44,220
E00027187,287,71,216
E00027189,255,48,207
E00027190,314,76,238
E00027191,326,39,287
E00027192,355,77,278
E00027193,245,41,204
E00027194,319,85,234
E00027195,204,28,176
E00027196,258,36,222
E00027197,251,59,192
E00027198,173,26,147
E00027199,289,50,239
E00027200,326,73,253
E00027201,293,69,224
E00027202,300,51,249
E00027203,294,63,231
E00027204,262,49,213
E00027205,228,53,175
E00027206,310,49,261
E00027207,239,32,207
E00027208,279,44,235
E00027209,277,43,234
E00027210,317,57,260
E00027211,279,54,225
E00027212,288,66,222
E00027213,395,81,314
E00027214,396,105,291
E00027215,401,85,316
E00027216,247,52,195
E00027217,308,66,242
E00027218,276,26,250
E00027219,391,72,319
E00027220,285,92,193
E00027221,286,71,215
E00027222,291,47,244
E00027223,222,40,182
E00027224,339,98,241
E00027225,237,79,158
E00027226,361,95,266
E00027227,333,90,243
E00027228,299,80,219
E00027229,255,60,195
E00027230,266,61,205
E00027231,274,48,226
E00027232,284,58,226
E00027233,400,165,235
E00027234,285,64,221
E00027235,287,78,209
E00027236,364,136,228
E00027237,263,82,181
E00027238,351,104,247
E00027239,244,73,171
E00027240,459,112,347
E00027241,415,116,299
E00027242,271,61,210
E00027243,283,38,245
E00027244,333,119,214
E00027245,417,151,266
E00027246,222,42,180
E00027247,497,186,311
E00027248,332,98,234
E00027249,278,72,206
E00027250,488,132,356
E00027253,484,150,334
E00027254,276,66,210
E00027255,244,38,206
E00027259,194,45,149
E00027260,281,90,191
E00027261,121,15,106
E00027262,226,24,202
E00027263,270,75,195
E00027264,237,76,161
E00027265,424,143,281
E00027266,247,52,195
E00027267,241,77,164
E00027268,326,98,228
E00027269,269,62,207
E00027270,201,47,154
E00027271,216,55,161
E00027272,279,88,191
E00027273,292,52,240
E00027274,318,61,257
E00027275,237,47,190
E00027276,263,43,220
E00027277,247,42,205
E00027278,278,43,235
E00027279,256,59,197
E00027280,225,36,189
E00027281,280,32,248
E00027282,566,146,420
E00027283,254,45,209
E00027285,322,34,288
E00027286,232,29,203
E00027287,245,70,175
E00027288,280,50,230
E00027289,283,51,232
E00027290,319,77,242
E00027291,307,62,245
E00027292,320,80,240
E00027293,289,41,248
E00027294,303,52,251
E00027295,280,55,225
E00027296,298,38,260
E00027297,264,41,223
E00027298,326,70,256
E00027299,300,48,252
E00027300,241,43,198
E00027301,262,29,233
E00027302,284,45,239
E00027303,216,27,189
E00027304,301,59,242
E00027305,297,51,246
E00027306,277,56,221
E00027307,237,33,204
E00027308,260,49,211
E00027309,252,52,200
E00027310,268,38,230
E00027311,285,47,238
E00027312,286,43,243
E00027313,244,42,202
E00027314,306,59,247
E00027315,220,31,189
E00027316,146,10,136
E00027317,271,49,222
E00027318,284,48,236
E00027319,264,49,215
E00027320,350,72,278
E00027321,293,51,242
E00027322,167,24,143
E00027323,281,47,234
E00027324,330,63,267
E00027325,307,27,280
E00027326,427,82,345
E00027327,351,81,270
E00027328,342,80,262
E00027329,256,43,213
E00027330,294,42,252
E00027331,251,43,208
E00027332,311,48,263
E00027333,220,23,197
E00027334,242,59,183
E00027335,257,25,232
E00027336,228,30,198
E00027337,244,41,203
E00027338,275,39,236
E00027339,216,35,181
E00027340,238,35,203
E00027341,253,41,212
E00027342,228,33,195
E00027343,283,35,248
E00027344,241,51,190
E00027345,263,35,228
E00027346,367,87,280
E00027347,366,54,312
E00027348,259,33,226
E00027349,333,61,272
E00027350,272,54,218
E00027351,300,59,241
E00027352,225,36,189
E00027353,350,85,265
E00027354,218,16,202
E00027355,301,50,251
E00027357,314,92,222
E00027358,321,65,256
E00027359,276,46,230
E00027360,446,57,389
E00027361,221,44,177
E00027362,265,41,224
E00027363,240,48,192
E00027364,208,16,192
E00027365,230,39,191
E00027366,110,22,88
E00027367,311,37,274
E00027368,294,56,238
E00027369,260,40,220
E00027370,344,41,303
E00027371,222,17,205
E00027372,310,62,248
E00027373,237,35,202
E00027374,263,41,222
E00027375,227,44,183
E00027376,258,35,223
E00027377,237,45,192
E00027378,250,34,216
E00027379,268,40,228
E00027380,265,43,222
E00027381,500,102,398
E00027382,343,64,279
E00027383,283,56,227
E00027384,268,51,217
E00027385,288,39,249
E00027386,208,39,169
E00027387,358,61,297
E00027388,288,53,235
E00027389,389,40,349
E00027390,310,57,253
E00027391,297,57,240
E00027392,223,47,176
E00027393,260,56,204
E00027394,332,75,257
E00027395,128,22,106
E00027396,278,47,231
E00027397,273,47,226
E00027398,276,55,221
E00027399,282,73,209
E00027400,244,31,213
E00027401,226,41,185
E00027402,288,66,222
E00027403,205,23,182
E00027404,150,10,140
E00027405,251,40,211
E00027406,368,78,290
E00027407,283,58,225
E00027408,376,60,316
E00027409,265,49,216
E00027410,344,43,301
E00027411,314,48,266
E00027412,332,72,260
E00027413,380,81,299
E00027414,224,40,184
E00027415,349,56,293
E00027416,331,63,268
E00027417,246,49,197
E00027418,279,35,244
E00027419,306,50,256
E00027420,316,66,250
E00027421,241,37,204
E00027422,332,54,278
E00027423,330,49,281
E00027424,334,66,268
E00027425,303,62,241
E00027426,277,43,234
E00027427,254,34,220
E00027428,226,32,194
E00027429,258,50,208
E00027430,493,89,404
E00027431,358,47,311
E00027432,251,46,205
E00027433,206,25,181
E00027434,271,46,225
E00027435,253,31,222
E00027436,360,59,301
E00027437,284,60,224
E00027438,267,35,232
E00027439,292,57,235
E00027440,255,51,204
E00027441,274,44,230
E00027442,261,44,217
E00027443,126,10,116
E00027444,200,34,166
E00027445,288,59,229
E00027446,384,160,224
E00027447,326,73,253
E00027448,337,81,256
E00027450,361,91,270
E00027451,335,101,234
E00027455,278,42,236
E00027457,385,94,291
E00027458,410,104,306
E00027459,325,61,264
E00027460,210,40,170
E00027461,322,101,221
E00027463,259,78,181
E00027464,160,27,133
E00027465,307,38,269
E00027466,340,82,258
E00027467,225,39,186
E00027468,146,29,117
E00027469,285,116,169
E00027470,261,58,203
E00027472,230,65,165
E00027473,290,95,195
E00027478,311,73,238
E00027479,530,197,333
E00027480,425,158,267
E00027481,204,25,179
E00027483,513,188,325
E00027485,384,142,242
E00027487,507,192,315
E00027488,527,203,324
E00027489,329,103,226
E00027490,400,134,266
E00027491,330,102,228
E00027493,429,158,271
E00027495,321,80,241
E00027496,422,123,299
E00027497,366,69,297
E00027498,490,159,331
E00027499,462,159,303
E00027500,352,89,263
E00027501,359,115,244
E00027502,320,98,222
E00027504,339,136,203
E00027505,401,136,265
E00027506,410,125,285
E00027507,320,116,204
E00027508,365,155,210
E00027510,479,176,303
E00027512,276,37,239
E00027513,516,124,392
E00027514,290,45,245
E00027515,309,59,250
E00027516,330,58,272
E00027517,326,60,266
E00027518,268,53,215
E00027519,279,55,224
E00027520,178,23,155
E00027521,313,59,254
E00027522,224,25,199
E00027523,182,38,144
E00027524,308,98,210
E00027526,295,82,213
E00027527,552,228,324
E00027528,404,139,265
E00027529,239,63,176
E00027530,405,134,271
E00027531,487,166,321
E00027532,358,122,236
E00027535,413,121,292
E00027536,552,181,371
E00027537,425,116,309
E00027538,472,155,317
E00027539,295,67,228
E00027540,270,63,207
E00027541,461,171,290
E00027542,412,140,272
E00027543,362,85,277
E00027544,373,97,276
E00027545,444,72,372
E00027546,256,43,213
E00027547,237,27,210
E00027548,278,56,222
E00027549,268,61,207
E00027550,287,91,196
E00027551,293,46,247
E00027552,280,50,230
E00027553,194,31,163
E00027554,253,43,210
E00027555,284,43,241
E00027556,311,71,240
E00027557,220,26,194
E00027558,188,21,167
E00027559,255,51,204
E00027560,201,30,171
E00027561,274,39,235
E00027562,222,47,175
E00027563,282,43,239
E00027564,295,47,248
E00027565,284,47,237
E00027566,244,32,212
E00027567,263,36,227
E00027568,296,60,236
E00027569,231,38,193
E00027570,255,43,212
E00027571,266,53,213
E00027572,270,55,215
E00027573,285,44,241
E00027574,271,27,244
E00027575,225,25,200
E00027576,406,108,298
E00027577,246,57,189
E00027578,193,20,173
E00027579,196,36,160
E00027580,268,56,212
E00027581,313,100,213
E00027582,316,53,263
E00027583,428,79,349
E00027584,259,48,211
E00027585,250,43,207
E00027586,291,35,256
E00027587,307,52,255
E00027588,422,88,334
E00027589,238,28,210
E00027590,285,37,248
E00027591,249,54,195
E00027592,288,64,224
E00027593,250,44,206
E00027594,283,40,243
E00027596,252,51,201
E00027597,361,74,287
E00027598,221,35,186
E00027599,203,41,162
E00027600,221,41,180
E00027601,256,56,200
E00027602,242,40,202
E00027604,328,67,261
E00027605,292,76,216
E00027606,328,99,229
E00027607,295,91,204
E00027608,313,77,236
E00027609,157,15,142
E00027610,236,66,170
E00027611,322,113,209
E00027612,518,107,411
E00027613,241,59,182
E00027614,339,122,217
E00027615,319,107,212
E00027616,459,184,275
E00027617,503,204,299
E00027618,421,150,271
E00027619,382,98,284
E00027620,376,124,252
E00027621,262,46,216
E00027622,301,39,262
E00027623,336,53,283
E00027624,282,34,248
E00027625,438,143,295
E00027627,418,92,326
E00027628,390,116,274
E00027629,244,97,147
E00027630,542,170,372
E00027631,512,192,320
E00027633,223,57,166
E00027634,559,205,354
E00027635,432,123,309
E00027638,352,78,274
E00027639,344,148,196
E00027641,114,18,96
E00027642,509,162,347
E00027643,393,137,256
E00027644,472,136,336
E00027646,459,164,295
E00027647,371,106,265
E00027649,350,76,274
E00027651,517,209,308
E00027653,502,183,319
E00027654,479,174,305
E00027655,361,47,314
E00027656,251,81,170
E00027657,370,79,291
E00027658,332,67,265
E00027659,183,28,155
E00027661,192,34,158
E00027662,344,55,289
E00027663,228,47,181
E00027664,352,131,221
E00027665,363,108,255
E00027666,219,40,179
E00027667,233,46,187
E00027668,306,122,184
E00027669,222,39,183
E00027670,465,132,333
E00027671,428,159,269
E00027672,237,32,205
E00027673,238,45,193
E00027674,325,79,246
E00027675,375,99,276
E00027676,305,63,242
E00027677,373,88,285
E00027678,369,72,297
E00027679,426,153,273
E00027680,313,68,245
E00027681,409,133,276
E00027682,179,32,147
E00027683,204,36,168
E00027684,394,122,272
E00027685,421,159,262
E00027686,283,68,215
E00027687,384,95,289
E00027688,258,45,213
E00027689,261,56,205
E00027690,317,107,210
E00027691,441,147,294
E00027693,365,117,248
E00027694,373,123,250
E00027695,414,124,290
E00027696,299,40,259
E00027697,311,68,243
E00027698,442,145,297
E00027699,472,133,339
E00027700,400,105,295
E00027701,458,137,321
E00027702,334,84,250
E00027703,433,132,301
E00027704,353,119,234
E00027705,406,140,266
E00027706,260,49,211
E00027707,295,56,239
E00027708,422,130,292
E00027709,393,138,255
E00027710,390,130,260
E00027711,246,48,198
E00027712,373,96,277
E00027713,275,43,232
E00027714,374,115,259
E00027715,417,109,308
E00027716,233,47,186
E00027717,274,38,236
E00027718,318,72,246
E00027719,281,43,238
E00027720,319,55,264
E00027721,325,50,275
E00027722,543,106,437
E00027723,281,41,240
E00027724,338,53,285
E00027725,254,46,208
E00027726,276,68,208
E00027727,258,43,215
E00027728,200,39,161
E00027729,290,47,243
E00027730,257,26,231
E00027731,245,47,198
E00027732,298,67,231
E00027733,218,27,191
E00027734,421,68,353
E00027735,251,46,205
E00027736,273,53,220
E00027738,198,25,173
E00027739,238,45,193
E00027740,225,31,194
E00027741,392,73,319
E00027742,276,41,235
E00027743,278,55,223
E00027744,329,79,250
E00027745,279,54,225
E00027746,427,156,271
E00027747,402,113,289
E00027748,270,58,212
E00027749,481,126,355
E00027750,271,67,204
E00027751,320,105,215
E00027752,487,135,352
E00027753,498,153,345
E00027754,428,119,309
E00027755,468,117,351
E00027756,293,90,203
E00027757,475,139,336
E00027758,442,155,287
E00027759,432,126,306
E00027760,585,142,443
E00027761,137,34,103
E00027762,304,80,224
E00027763,316,84,232
E00027764,378,123,255
E00027765,488,109,379
E00027766,310,97,213
E00027767,205,60,145
E00027768,255,68,187
E00027769,309,95,214
E00027770,226,49,177
E00027771,210,52,158
E00027772,118,13,105
E00027773,140,0,140
E00027776,148,21,127
E00027777,292,76,216
E00027778,207,35,172
E00027779,214,27,187
E00027780,373,70,303
E00027781,468,109,359
E00027782,393,84,309
E00027783,285,74,211
E00027784,515,129,386
E00027785,280,60,220
E00027786,195,29,166
E00027787,296,39,257
E00027788,296,66,230
E00027790,231,29,202
E00027791,278,47,231
E00027792,268,45,223
E00027793,252,56,196
E00027794,305,51,254
E00027795,280,49,231
E00027796,272,44,228
E00027797,301,43,258
E00027798,351,101,250
E00027799,295,59,236
E00027800,286,53,233
E00027801,220,34,186
E00027802,351,96,255
E00027803,428,137,291
E00027804,321,89,232
E00027805,346,92,254
E00027806,186,33,153
E00027807,252,62,190
E00027808,330,59,271
E00027809,231,50,181
E00027810,255,45,210
E00027811,274,59,215
E00027812,303,94,209
E00027813,351,80,271
E00027814,261,46,215
E00027815,373,90,283
E00027816,263,32,231
E00027817,282,48,234
E00027818,322,74,248
E00027819,383,51,332
E00027820,293,101,192
E00027821,229,38,191
E00027822,322,33,289
E00027823,222,24,198
E00027824,145,33,112
E00027825,268,51,217
E00027826,224,36,188
E00027827,274,59,215
E00027828,273,76,197
E00027829,301,98,203
E00027830,286,59,227
E00027831,287,62,225
E00027832,261,55,206
E00027833,252,33,219
E00027834,240,42,198
E00027835,297,71,226
E00027836,196,31,165
E00027837,209,20,189
E00027838,244,38,206
E00027839,271,61,210
E00027840,276,64,212
E00027841,220,44,176
E00027842,305,55,250
E00027843,243,23,220
E00027844,237,37,200
E00027845,262,32,230
E00027846,238,34,204
E00027847,237,49,188
E00027848,155,9,146
E00027849,277,40,237
E00027850,331,65,266
E00027851,282,61,221
E00027852,217,15,202
E00027853,254,51,203
E00027854,279,57,222
E00027855,325,74,251
E00027856,259,52,207
E00027857,225,25,200
E00027858,411,100,311
E00027859,228,36,192
E00027861,263,50,213
E00027862,290,56,234
E00027863,247,69,178
E00027865,267,39,228
E00027866,292,70,222
E00027867,283,53,230
E00027868,269,53,216
E00027869,356,65,291
E00027870,321,52,269
E00027871,303,38,265
E00027872,278,69,209
E00027873,294,50,244
E00027874,290,59,231
E00027875,231,35,196
E00027876,295,50,245
E00027877,220,44,176
E00027878,297,53,244
E00027879,298,55,243
E00027880,294,50,244
E00027881,285,45,240
E00027882,257,38,219
E00027884,204,37,167
E00027886,165,13,152
E00027887,408,104,304
E00027888,226,43,183
E00027889,209,27,182
E00027891,265,62,203
E00027892,362,112,250
E00027893,262,46,216
E00027894,363,66,297
E00027895,232,27,205
E00027897,320,87,233
E00027898,295,90,205
E00027899,283,46,237
E00027900,244,74,170
E00027901,337,92,245
E00027902,350,88,262
E00027903,381,144,237
E00027904,240,40,200
E00027905,311,58,253
E00027906,236,35,201
E00027907,280,47,233
E00027908,284,47,237
E00027909,255,34,221
E00027910,257,42,215
E00027911,159,18,141
E00027912,201,31,170
E00027913,289,92,197
E00027914,287,69,218
E00027915,292,46,246
E00027916,321,60,261
E00027917,264,32,232
E00027918,291,68,223
E00027919,350,100,250
E00027920,362,65,297
E00027921,386,104,282
E00027922,243,39,204
E00027923,292,65,227
E00027924,231,30,201
E00027925,245,31,214
E00027926,323,39,284
E00027927,339,67,272
E00027928,311,63,248
E00027929,348,56,292
E00027930,232,36,196
E00027931,208,29,179
E00027932,273,46,227
E00027933,221,22,199
E00027934,221,37,184
E00027935,310,52,258
E00027936,192,17,175
E00027937,238,48,190
E00027938,311,34,277
E00027940,254,37,217
E00027941,251,55,196
E00027942,335,68,267
E00027943,291,34,257
E00027944,299,40,259
E00027945,280,52,228
E00027946,279,49,230
E00027947,272,35,237
E00027948,301,60,241
E00027949,234,19,215
E00027950,315,54,261
E00027951,227,28,199
E00027952,273,44,229
E00027953,307,34,273
E00027954,362,103,259
E00027955,266,47,219
E00027956,315,70,245
E00027957,218,58,160
E00027958,208,15,193
E00027959,259,50,209
E00027960,305,58,247
E00027961,276,46,230
E00027962,315,98,217
E00027963,497,97,400
E00027964,367,70,297
E00027965,328,88,240
E00027966,311,75,236
E00027967,252,70,182
E00027968,258,85,173
E00027969,389,96,293
E00027970,289,74,215
E00027971,405,97,308
E00027972,234,39,195
E00027973,237,67,170
E00027974,280,45,235
E00027975,359,83,276
E00027976,328,92,236
E00027977,324,55,269
E00027978,218,32,186
E00027979,249,49,200
E00027980,329,57,272
E00027981,342,89,253
E00027983,334,44,290
E00027984,176,31,145
E00027985,279,59,220
E00027986,272,57,215
E00027987,229,47,182
E00027988,292,63,229
E00027989,300,62,238
E00027990,183,22,161
E00027991,236,62,174
E00027992,280,70,210
E00027993,310,57,253
E00027994,187,23,164
E00027995,374,69,305
E00027996,324,33,291
E00027997,268,45,223
E00027998,288,49,239
E00027999,242,34,208
E00028000,261,37,224
E00028001,174,16,158
E00028002,269,48,221
E00028003,212,46,166
E00028004,292,62,230
E00028005,314,61,253
E00028006,334,45,289
E00028007,390,138,252
E00028008,305,80,225
E00028009,235,38,197
E00028010,260,75,185
E00028011,266,61,205
E00028012,282,70,212
E00028013,222,31,191
E00028014,204,30,174
E00028015,396,81,315
E00028016,214,27,187
E00028017,199,33,166
E00028018,391,69,322
E00028019,284,64,220
E00028020,242,38,204
E00028021,204,45,159
E00028022,233,31,202
E00028023,264,37,227
E00028024,276,59,217
E00028025,292,50,242
E00028026,215,34,181
E00028027,241,34,207
E00028028,541,153,388
E00028029,143,27,116
E00028030,258,22,236
E00028031,318,68,250
E00028032,234,54,180
E00028033,288,61,227
E00028034,240,41,199
E00028035,334,96,238
E00028036,383,132,251
E00028037,336,89,247
E00028038,281,41,240
E00028039,279,48,231
E00028040,272,78,194
E00028041,242,54,188
E00028042,218,41,177
E00028043,268,78,190
E00028044,323,71,252
E00028045,246,35,211
E00028046,193,26,167
E00028047,286,78,208
E00028048,255,60,195
E00028049,363,74,289
E00028050,236,30,206
E00028051,266,50,216
E00028052,264,42,222
E00028053,235,30,205
E00028054,324,64,260
E00028055,299,67,232
E00028056,251,37,214
E00028057,349,70,279
E00028058,165,23,142
E00028059,262,39,223
E00028060,329,76,253
E00028061,242,62,180
E00028062,306,63,243
E00028063,185,21,164
E00028064,213,28,185
E00028065,206,27,179
E00028066,287,63,224
E00028067,374,92,282
E00028068,283,32,251
E00028069,289,59,230
E00028070,310,64,246
E00028071,297,45,252
E00028072,265,44,221
E00028073,391,68,323
E00028074,373,85,288
E00028075,272,66,206
E00028076,269,50,219
E00028077,286,58,228
E00028078,305,56,249
E00028079,238,41,197
E00028080,248,36,212
E00028081,296,40,256
E00028082,239,36,203
E00028083,296,41,255
E00028084,297,57,240
E00028085,286,59,227
E00028086,296,62,234
E00028087,284,61,223
E00028088,309,68,241
E00028089,293,57,236
E00028090,253,84,169
E00028091,275,59,216
E00028092,156,6,150
E00028093,310,49,261
E00028094,240,26,214
E00028095,248,44,204
E00028096,509,120,389
E00028097,334,36,298
E00028098,322,97,225
E00028099,282,37,245
E00028100,418,79,339
E00028101,407,138,269
E00028102,464,105,359
E00028103,354,100,254
E00028104,426,64,362
E00028105,313,50,263
E00028106,275,80,195
E00028107,534,158,376
E00028108,272,75,197
E00028110,453,119,334
E00028111,359,106,253
E00028113,369,104,265
E00028114,426,110,316
E00028115,342,112,230
E00028116,282,77,205
E00028117,353,110,243
E00028118,329,62,267
E00028119,330,42,288
E00028120,261,33,228
E00028121,305,60,245
E00028122,252,53,199
E00028123,268,53,215
E00028124,266,56,210
E00028125,285,67,218
E00028126,264,46,218
E00028127,240,29,211
E00028128,451,97,354
E00028129,214,30,184
E00028130,259,28,231
E00028131,291,36,255
E00028132,308,41,267
E00028133,374,66,308
E00028134,308,77,231
E00028135,224,24,200
E00028136,223,36,187
E00028137,238,38,200
E00028138,293,57,236
E00028139,349,67,282
E00028140,326,68,258
E00028141,302,63,239
E00028142,245,38,207
E00028143,233,23,210
E00028144,292,43,249
E00028145,297,62,235
E00028146,273,53,220
E00028147,438,76,362
E00028148,265,51,214
E00028149,302,78,224
E00028150,280,58,222
E00028151,328,108,220
E00028152,286,72,214
E00028153,262,43,219
E00028154,243,29,214
E00028155,266,33,233
E00028156,284,102,182
E00028157,212,24,188
E00028158,409,141,268
E00028159,340,85,255
E00028161,409,140,269
E00028162,374,114,260
E00028163,344,119,225
E00028164,491,147,344
E00028165,444,148,296
E00028166,494,104,390
E00028167,275,77,198
E00028168,313,90,223
E00028169,364,112,252
E00028170,406,142,264
E00028171,373,92,281
E00028172,491,155,336
E00028173,411,151,260
E00028174,230,48,182
E00028176,261,40,221
E00028177,253,39,214
E00028178,313,85,228
E00028180,268,54,214
E00028181,355,116,239
E00028182,316,73,243
E00028183,330,82,248
E00028184,221,74,147
E00028185,283,43,240
E00028186,368,103,265
E00028187,382,154,228
E00028188,349,103,246
E00028189,264,98,166
E00028190,347,107,240
E00028191,311,63,248
E00028192,288,47,241
E00028193,275,44,231
E00028194,297,48,249
E00028195,307,65,242
E00028196,274,48,226
E00028197,333,71,262
E00028198,379,77,302
E00028199,349,77,272
E00028200,302,65,237
E00028201,320,69,251
E00028202,327,64,263
E00028203,300,64,236
E00028204,333,44,289
E00028205,390,58,332
E00028206,375,77,298
E00028207,360,69,291
E00028208,330,64,266
E00028209,255,38,217
E00028210,332,58,274
E00028211,225,28,197
E00028212,281,35,246
E00028213,336,57,279
E00028214,282,27,255
E00028215,316,45,271
E00028216,400,80,320
E00028217,295,39,256
E00028218,324,52,272
E00028219,289,40,249
E00028220,285,53,232
E00028221,252,19,233
E00028222,278,51,227
E00028223,278,43,235
E00028224,406,51,355
E00028225,274,41,233
E00028226,187,29,158
E00028227,117,9,108
E00028228,238,27,211
E00028229,252,39,213
E00028230,439,145,294
E00028231,469,153,316
E00028232,399,147,252
E00028233,352,123,229
E00028235,123,4,119
E00028236,417,135,282
E00028237,254,77,177
E00028238,239,50,189
E00028239,378,136,242
E00028240,234,60,174
E00028241,391,121,270
E00028242,419,95,324
E00028243,415,151,264
E00028244,436,179,257
E00028245,312,86,226
E00028246,432,172,260
E00028247,510,150,360
E00028248,412,130,282
E00028249,289,92,197
E00028250,502,201,301
E00028251,342,101,241
E00028252,364,124,240
E00028253,329,103,226
E00028254,302,100,202
E00028255,285,57,228
E00028256,277,83,194
E00028257,406,109,297
E00028258,425,114,311
E00028259,414,132,282
E00028260,411,103,308
E00028261,375,140,235
E00028262,297,74,223
E00028263,320,93,227
E00028264,409,144,265
E00028265,282,84,198
E00028266,158,32,126
E00028267,326,94,232
E00028268,401,96,305
E00028269,384,83,301
E00028270,312,63,249
E00028271,233,44,189
E00028272,264,57,207
E00028273,497,158,339
E00028274,502,165,337
E00028275,212,39,173
E00028276,352,86,266
E00028277,328,88,240
E00028278,373,117,256
E00028279,401,114,287
E00028280,366,117,249
E00028281,223,38,185
E00028282,209,38,171
E00028283,195,25,170
E00028284,337,60,277
E00028285,376,82,294
E00028286,189,27,162
E00028287,246,36,210
E00028288,316,67,249
E00028289,268,51,217
E00028290,252,39,213
E00028291,219,19,200
E00028292,470,119,351
E00028293,300,78,222
E00028294,177,26,151
E00028295,210,23,187
E00028296,280,59,221
E00028297,401,100,301
E00028298,273,32,241
E00028299,209,34,175
E00028300,477,58,419
E00028301,270,47,223
E00028302,298,50,248
E00028304,279,45,234
E00028305,254,30,224
E00028307,400,79,321
E00028308,222,49,173
E00028309,285,60,225
E00028311,336,78,258
E00028312,342,62,280
E00028313,400,151,249
E00028314,335,83,252
E00028315,142,13,129
E00028316,171,32,139
E00028317,121,7,114
E00028318,320,93,227
E00028319,187,18,169
E00028320,339,72,267
E00028321,268,42,226
E00028322,266,47,219
E00028323,317,60,257
E00028324,340,77,263
E00028325,281,28,253
E00028327,271,59,212
E00028328,308,94,214
E00028329,369,53,316
E00028330,335,73,262
E00028331,220,38,182
E00028332,373,74,299
E00028333,245,35,210
E00028334,260,62,198
E00028335,305,49,256
E00028336,236,32,204
E00028338,282,44,238
E00028339,356,57,299
E00028340,230,57,173
E00028342,241,49,192
E00028343,245,33,212
E00028344,223,32,191
E00028345,284,56,228
E00028346,288,52,236
E00028347,378,95,283
E00028349,249,41,208
E00028350,261,43,218
E00028351,331,59,272
E00028352,196,31,165
E00028353,328,71,257
E00028354,410,104,306
E00028355,173,16,157
E00028356,292,69,223
E00028357,330,69,261
E00028358,269,65,204
E00028359,362,124,238
E00028360,220,29,191
E00028361,173,12,161
E00028362,282,48,234
E00028363,265,50,215
E00028364,321,89,232
E00028365,354,84,270
E00028366,307,61,246
E00028367,204,46,158
E00028369,241,61,180
E00028370,196,22,174
E00028372,309,59,250
E00028374,229,45,184
E00028375,148,10,138
E00028378,377,90,287
E00028379,123,3,120
E00028385,397,138,259
E00028387,184,20,164
E00028388,229,44,185
E00028390,1922,1724,198
E00028392,424,153,271
E00028393,222,38,184
E00028394,184,49,135
E00028395,295,90,205
E00028396,215,47,168
E00028397,252,32,220
E00028398,282,77,205
E00028399,477,118,359
E00028400,369,134,235
E00028401,429,211,218
E00028402,461,146,315
E00028404,346,101,245
E00028405,200,21,179
E00028408,362,100,262
E00028410,304,88,216
E00028411,494,180,314
E00028412,220,34,186
E00028413,227,77,150
E00028415,265,85,180
E00028417,304,71,233
E00028418,259,64,195
E00028419,381,127,254
E00028420,313,90,223
E00028421,326,95,231
E00028422,237,62,175
E00028425,296,53,243
E00028426,272,58,214
E00028427,287,66,221
E00028429,297,38,259
E00028430,318,63,255
E00028431,276,59,217
E00028433,103,14,89
E00028434,268,59,209
E00028435,221,25,196
E00028436,127,7,120
E00028437,234,62,172
E00028438,283,57,226
E00028439,354,74,280
E00028440,326,78,248
E00028441,254,46,208
E00028442,408,117,291
E00028443,367,62,305
E00028444,230,31,199
E00028445,266,56,210
E00028446,186,35,151
E00028447,304,70,234
E00028448,236,39,197
E00028449,213,54,159
E00028450,288,62,226
E00028451,293,61,232
E00028452,314,64,250
E00028453,257,54,203
E00028454,291,54,237
E00028455,235,42,193
E00028456,277,53,224
E00028457,340,37,303
E00028458,316,53,263
E00028459,351,121,230
E00028460,320,101,219
E00028461,296,81,215
E00028462,255,65,190
E00028463,307,49,258
E00028464,327,58,269
E00028465,325,55,270
E00028466,364,64,300
E00028467,280,50,230
E00028468,282,51,231
E00028469,239,34,205
E00028470,292,60,232
E00028471,312,38,274
E00028472,294,52,242
E00028473,294,57,237
E00028474,287,62,225
E00028475,257,47,210
E00028476,272,47,225
E00028477,227,34,193
E00028478,251,70,181
E00028479,263,53,210
E00028480,341,41,300
E00028481,251,34,217
E00028482,327,41,286
E00028483,346,63,283
E00028484,247,37,210
E00028485,270,55,215
E00028486,216,30,186
E00028487,313,68,245
E00028488,369,59,310
E00028489,265,48,217
E00028490,311,66,245
E00028491,267,42,225
E00028492,284,48,236
E00028493,282,60,222
E00028494,309,60,249
E00028495,268,46,222
E00028496,189,24,165
E00028497,218,74,144
E00028498,292,46,246
E00028499,302,37,265
E00028500,360,45,315
E00028501,273,29,244
E00028502,258,46,212
E00028503,553,80,473
E00028504,349,57,292
E00028505,222,8,214
E00028506,252,49,203
E00028507,260,31,229
E00028508,335,47,288
E00028509,305,31,274
E00028510,303,65,238
E00028511,378,87,291
E00028512,267,48,219
E00028513,350,70,280
E00028514,292,54,238
E00028515,409,77,332
E00028516,306,63,243
E00028517,294,36,258
E00028518,397,34,363
E00028519,271,50,221
E00028520,217,38,179
E00028521,287,46,241
E00028522,255,33,222
E00028523,280,57,223
E00028524,256,46,210
E00028525,441,75,366
E00028526,194,19,175
E00028527,148,16,132
E00028528,219,13,206
E00028529,150,4,146
E00028530,288,31,257
E00028531,279,36,243
E00028532,232,39,193
E00028534,526,134,392
E00028535,317,103,214
E00028536,304,58,246
E00028537,263,35,228
E00028539,323,78,245
E00028540,294,70,224
E00028541,301,48,253
E00028542,247,26,221
E00028543,352,63,289
E00028544,276,49,227
E00028545,235,54,181
E00028546,284,65,219
E00028547,274,100,174
E00028548,271,60,211
E00028549,324,70,254
E00028550,289,120,169
E00028551,303,58,245
E00028552,289,101,188
E00028553,260,26,234
E00028554,194,24,170
E00028555,272,56,216
E00028556,298,100,198
E00028557,285,27,258
E00028558,251,34,217
E00028559,198,10,188
E00028560,266,54,212
E00028561,240,37,203
E00028562,196,17,179
E00028563,231,25,206
E00028564,323,68,255
E00028565,243,50,193
E00028566,239,40,199
E00028567,285,49,236
E00028568,263,46,217
E00028569,417,93,324
E00028570,281,39,242
E00028571,321,54,267
E00028572,341,70,271
E00028573,315,74,241
E00028575,315,71,244
E00028576,246,51,195
E00028577,409,139,270
E00028578,300,50,250
E00028579,358,76,282
E00028580,283,103,180
E00028581,375,127,248
E00028582,240,37,203
E00028584,315,85,230
E00028585,255,53,202
E00028587,344,112,232
E00028588,437,175,262
E00028590,443,126,317
E00028591,438,172,266
E00028592,195,45,150
E00028594,323,84,239
E00028595,182,32,150
E00028596,261,59,202
E00028597,428,157,271
E00028598,517,225,292
E00028599,419,121,298
E00028600,263,70,193
E00028601,278,72,206
E00028602,342,103,239
E00028603,231,48,183
E00028604,520,85,435
E00028605,342,124,218
E00028606,300,71,229
E00028607,393,145,248
E00028608,281,79,202
E00028609,319,96,223
E00028610,196,37,159
E00028611,267,51,216
E00028612,285,83,202
E00028613,229,42,187
E00028616,144,35,109
E00028617,387,117,270
E00028620,305,80,225
E00028621,225,45,180
E00028622,409,118,291
E00028623,263,93,170
E00028624,352,95,257
E00028625,370,115,255
E00028626,327,105,222
E00028628,270,53,217
E00028629,244,71,173
E00028630,466,148,318
E00028631,322,80,242
E00028632,340,74,266
E00028633,365,78,287
E00028634,339,69,270
E00028638,182,48,134
E00028639,311,84,227
E00028640,255,75,180
E00028641,434,102,332
E00028642,354,106,248
E00028643,277,106,171
E00028644,433,159,274
E00028645,272,72,200
E00028646,257,73,184
E00028647,352,58,294
E00028648,371,80,291
E00028649,274,66,208
E00028650,335,117,218
E00028651,322,97,225
E00028652,316,102,214
E00028653,232,49,183
E00028654,235,42,193
E00028655,294,88,206
E00028656,288,50,238
E00028657,250,39,211
E00028658,380,83,297
E00028659,322,93,229
E00028660,304,86,218
E00028661,420,132,288
E00028662,374,137,237
E00028663,318,123,195
E00028664,356,126,230
E00028665,456,166,290
E00028666,288,83,205
E00028667,461,185,276
E00028668,313,106,207
E00028669,292,52,240
E00028670,244,49,195
E00028671,295,106,189
E00028672,185,42,143
E00028673,258,64,194
E00028674,209,40,169
E00028675,254,67,187
E00028677,254,41,213
E00028681,409,100,309
E00028684,252,29,223
E00028686,230,42,188
E00028688,216,42,174
E00028689,284,52,232
E00028690,212,32,180
E00028692,319,95,224
E00028693,292,59,233
E00028695,280,63,217
E00028696,378,131,247
E00028697,362,110,252
E00028698,317,72,245
E00028699,281,83,198
E00028701,223,36,187
E00028702,325,79,246
E00028703,273,78,195
E00028704,246,60,186
E00028705,322,86,236
E00028706,330,29,301
E00028707,299,55,244
E00028708,273,25,248
E00028709,223,30,193
E00028710,286,72,214
E00028711,351,82,269
E00028712,282,68,214
E00028713,281,68,213
E00028714,312,62,250
E00028715,301,79,222
E00028716,330,55,275
E00028717,310,81,229
E00028718,393,80,313
E00028719,307,54,253
E00028720,294,65,229
E00028721,310,75,235
E00028722,263,68,195
E00028723,293,93,200
E00028724,229,50,179
E00028725,192,30,162
E00028726,245,50,195
E00028727,228,28,200
E00028728,277,29,248
E00028729,215,52,163
E00028730,219,24,195
E00028731,260,57,203
E00028732,264,50,214
E00028733,237,48,189
E00028734,347,42,305
E00028735,232,31,201
E00028736,280,49,231
E00028737,262,49,213
E00028738,272,54,218
E00028739,264,52,212
E00028740,330,76,254
E00028741,208,36,172
E00028742,254,33,221
E00028743,264,52,212
E00028746,266,37,229
E00028747,299,44,255
E00028748,303,42,261
E00028749,242,21,221
E00028752,249,26,223
E00028753,527,369,158
E00028754,322,58,264
E00028755,331,78,253
E00028756,217,62,155
E00028757,136,38,98
E00028758,154,18,136
E00028759,345,129,216
E00028760,469,150,319
E00028761,217,32,185
E00028762,147,3,144
E00028763,203,24,179
E00028764,135,6,129
E00028765,390,129,261
E00028766,172,51,121
E00028769,220,10,210
E00028770,244,65,179
E00028772,544,136,408
E00028773,236,49,187
E00028776,313,114,199
E00028777,310,110,200
E00028778,305,58,247
E00028780,403,206,197
E00028781,241,79,162
E00028783,263,122,141
E00028784,296,30,266
E00028785,259,45,214
E00028786,216,28,188
E00028787,250,43,207
E00028788,213,41,172
E00028789,269,37,232
E00028790,303,99,204
E00028791,312,58,254
E00028792,231,19,212
E00028793,170,23,147
E00028794,301,61,240
E00028795,462,114,348
E00028796,301,39,262
E00028797,210,33,177
E00028798,344,81,263
E00028799,289,52,237
E00028800,311,28,283
E00028801,258,76,182
E00028802,298,60,238
E00028803,223,35,188
E00028804,266,42,224
E00028805,194,29,165
E00028806,231,46,185
E00028807,305,70,235
E00028808,302,54,248
E00028809,255,42,213
E00028810,257,81,176
E00028811,236,84,152
E00028812,216,20,196
E00028813,251,53,198
E00028814,227,80,147
E00028815,257,59,198
E00028816,458,98,360
E00028817,209,27,182
E00028818,269,42,227
E00028819,261,40,221
E00028820,226,31,195
E00028821,269,46,223
E00028822,276,52,224
E00028823,281,54,227
E00028824,264,30,234
E00028825,292,41,251
E00028826,464,85,379
E00028827,275,35,240
E00028828,362,118,244
E00028829,465,124,341
E00028830,258,40,218
E00028831,203,26,177
E00028832,305,68,237
E00028833,214,38,176
E00028834,370,70,300
E00028835,206,40,166
E00028836,227,42,185
E00028837,260,40,220
E00028838,438,73,365
E00028839,278,39,239
E00028840,326,56,270
E00028841,256,44,212
E00028842,294,46,248
E00028843,359,76,283
E00028844,341,48,293
E00028845,428,85,343
E00028846,350,96,254
E00028847,329,79,250
E00028848,283,38,245
E00028849,259,50,209
E00028850,275,53,222
E00028851,332,95,237
E00028852,289,49,240
E00028853,246,42,204
E00028854,280,54,226
E00028855,299,59,240
E00028856,265,60,205
E00028857,451,87,364
E00028858,350,76,274
E00028859,333,63,270
E00028860,282,56,226
E00028861,340,69,271
E00028862,317,69,248
E00028863,248,49,199
E00028864,283,56,227
E00028865,271,68,203
E00028866,237,36,201
E00028867,272,94,178
E00028868,330,67,263
E00028869,239,70,169
E00028870,250,57,193
E00028871,216,52,164
E00028872,229,31,198
E00028873,227,35,192
E00028874,157,15,142
E00028875,366,104,262
E00028876,295,57,238
E00028877,270,47,223
E00028878,257,75,182
E00028880,229,38,191
E00028881,332,47,285
E00028882,272,51,221
E00028883,230,41,189
E00028884,336,73,263
E00028885,233,39,194
E00028886,237,48,189
E00028888,252,61,191
E00028889,271,65,206
E00028890,246,41,205
E00028891,257,43,214
E00028892,247,38,209
E00028893,306,91,215
E00028894,287,91,196
E00028895,360,86,274
E00028896,248,45,203
E00028897,238,38,200
E00028898,238,39,199
E00028899,240,61,179
E00028900,220,31,189
E00028901,294,48,246
E00028902,289,61,228
E00028903,243,58,185
E00028904,241,50,191
E00028905,227,63,164
E00028906,223,43,180
E00028907,171,31,140
E00028908,140,15,125
E00028909,510,142,368
E00028910,330,61,269
E00028911,282,79,203
E00028912,248,48,200
E00028913,194,32,162
E00028914,339,104,235
E00028915,265,29,236
E00028916,389,101,288
E00028917,227,24,203
E00028918,293,42,251
E00028919,344,48,296
E00028920,254,37,217
E00028921,316,45,271
E00028922,264,52,212
E00028923,280,48,232
E00028924,295,45,250
E00028925,508,116,392
E00028926,239,47,192
E00028927,234,31,203
E00028928,343,99,244
E00028929,291,68,223
E00028930,267,41,226
E00028931,284,37,247
E00028932,280,65,215
E00028933,258,27,231
E00028934,302,54,248
E00028935,293,53,240
E00028936,262,34,228
E00028937,238,25,213
E00028938,452,80,372
E00028939,266,49,217
E00028940,394,74,320
E00028941,332,53,279
E00028942,298,56,242
E00028943,381,89,292
E00028944,271,44,227
E00028945,289,71,218
E00028946,229,27,202
E00028947,178,22,156
E00028948,264,39,225
E00028949,271,65,206
E00028950,270,57,213
E00028952,281,36,245
E00028953,310,91,219
E00028955,211,26,185
E00028956,304,62,242
E00028957,215,33,182
E00028958,256,25,231
E00028959,296,39,257
E00028960,282,77,205
E00028961,192,14,178
E00028962,310,66,244
E00028963,280,40,240
E00028964,263,39,224
E00028965,194,46,148
E00028966,159,10,149
E00028967,416,94,322
E00028968,184,34,150
E00028969,198,54,144
E00028970,155,31,124
E00028971,224,25,199
E00028972,311,58,253
E00028973,257,51,206
E00028974,295,63,232
E00028975,493,108,385
E00028976,271,33,238
E00028977,249,44,205
E00028978,235,56,179
E00028980,152,11,141
E00028981,215,46,169
E00028982,276,52,224
E00028983,434,125,309
E00028984,227,32,195
E00028985,307,81,226
E00028986,390,103,287
E00028987,259,46,213
E00028988,324,76,248
E00028992,304,60,244
E00028993,357,122,235
E00028994,281,49,232
E00028995,289,62,227
E00028996,270,67,203
E00028997,326,75,251
E00028998,254,69,185
E00028999,478,139,339
E00029000,335,86,249
E00029001,254,40,214
E00029002,268,69,199
E00029003,313,55,258
E00029004,230,51,179
E00029005,249,33,216
E00029006,321,84,237
E00029007,419,117,302
E00029008,324,77,247
E00029009,224,42,182
E00029010,203,18,185
E00029011,149,16,133
E00029012,303,51,252
E00029013,262,42,220
E00029014,297,60,237
E00029015,280,44,236
E00029017,259,41,218
E00029018,299,58,241
E00029019,156,13,143
E00029020,217,42,175
E00029021,160,27,133
E00029022,270,44,226
E00029023,306,105,201
E00029024,291,50,241
E00029025,305,54,251
E00029026,356,109,247
E00029027,303,71,232
E00029028,341,95,246
E00029029,450,106,344
E00029030,260,49,211
E00029031,323,65,258
E00029032,265,64,201
E00029033,205,19,186
E00029034,297,86,211
E00029035,315,39,276
E00029036,273,68,205
E00029037,310,95,215
E00029038,206,21,185
E00029039,232,38,194
E00029040,287,42,245
E00029041,254,30,224
E00029042,259,44,215
E00029044,347,77,270
E00029045,283,45,238
E00029046,294,72,222
E00029047,313,61,252
E00029048,318,69,249
E00029049,330,72,258
E00029050,307,40,267
E00029051,261,42,219
E00029052,242,38,204
E00029053,311,54,257
E00029054,276,41,235
E00029055,331,62,269
E00029056,273,48,225
E00029057,221,39,182
E00029058,309,40,269
E00029059,241,40,201
E00029060,281,46,235
E00029061,266,53,213
E00029062,291,54,237
E00029063,339,56,283
E00029064,359,91,268
E00029065,246,35,211
E00029066,273,43,230
E00029067,243,44,199
E00029068,249,35,214
E00029069,263,36,227
E00029070,250,59,191
E00029071,323,50,273
E00029072,399,54,345
E00029073,307,68,239
E00029074,234,25,209
E00029075,276,38,238
E00029076,407,54,353
E00029077,141,9,132
E00029078,287,42,245
E00029079,318,58,260
E00029080,281,58,223
E00029081,270,44,226
E00029082,360,83,277
E00029083,304,57,247
E00029084,236,28,208
E00029085,349,79,270
E00029086,324,59,265
E00029087,347,86,261
E00029088,414,87,327
E00029089,297,53,244
E00029090,272,50,222
E00029091,275,56,219
E00029092,237,38,199
E00029093,520,87,433
E00029094,240,30,210
E00029095,254,30,224
E00029096,277,48,229
E00029097,293,43,250
E00029098,253,54,199
E00029099,301,69,232
E00029100,219,11,208
E00029101,250,45,205
E00029102,259,40,219
E00029103,298,59,239
E00029104,245,33,212
E00029105,296,52,244
E00029106,314,45,269
E00029107,246,24,222
E00029108,260,45,215
E00029109,247,28,219
E00029110,153,2,151
E00029111,333,39,294
E00029112,244,22,222
E00029113,269,37,232
E00029114,266,29,237
E00029115,150,4,146
E00029116,264,31,233
E00029117,277,22,255
E00029118,353,61,292
E00029119,242,49,193
E00029120,235,32,203
E00029121,204,17,187
E00029122,298,61,237
E00029123,273,52,221
E00029124,275,71,204
E00029125,282,51,231
E00029126,234,34,200
E00029127,258,38,220
E00029128,230,31,199
E00029129,258,37,221
E00029130,240,22,218
E00029131,235,24,211
E00029132,267,56,211
E00029133,226,39,187
E00029134,267,49,218
E00029135,466,102,364
E00029136,313,55,258
E00029137,266,66,200
E00029138,305,81,224
E00029139,366,101,265
E00029140,282,50,232
E00029141,274,55,219
E00029142,270,70,200
E00029143,231,51,180
E00029144,397,94,303
E00029145,319,54,265
E00029146,198,22,176
E00029147,260,81,179
E00029148,228,40,188
E00029149,267,73,194
E00029150,320,78,242
E00029151,271,53,218
E00029153,246,42,204
E00029154,214,27,187
E00029155,271,56,215
E00029156,303,70,233
E00029157,202,33,169
E00029158,436,61,375
E00029159,297,31,266
E00029160,285,34,251
E00029161,281,39,242
E00029162,198,27,171
E00029163,308,65,243
E00029164,286,62,224
E00029165,293,107,186
E00029167,257,67,190
E00029168,300,77,223
E00029169,284,64,220
E00029170,348,114,234
E00029171,232,21,211
E00029172,336,80,256
E00029173,285,80,205
E00029174,355,81,274
E00029175,498,136,362
E00029176,305,53,252
E00029177,234,31,203
E00029178,192,31,161
E00029179,292,45,247
E00029180,246,47,199
E00029181,316,47,269
E00029182,237,51,186
E00029183,260,59,201
E00029184,255,43,212
E00029185,264,26,238
E00029186,247,41,206
E00029187,428,96,332
E00029188,225,37,188
E00029189,371,101,270
E00029190,214,35,179
E00029191,222,27,195
E00029192,341,89,252
E00029193,358,45,313
E00029194,307,63,244
E00029195,182,16,166
E00029196,225,40,185
E00029197,240,46,194
E00029199,271,47,224
E00029200,436,89,347
E00029201,276,41,235
E00029202,366,115,251
E00029203,344,103,241
E00029204,331,81,250
E00029205,327,79,248
E00029206,323,76,247
E00029207,343,84,259
E00029208,253,36,217
E00029209,310,95,215
E00029210,322,94,228
E00029211,331,67,264
E00029212,316,72,244
E00029213,314,55,259
E00029214,447,86,361
E00029215,414,111,303
E00029216,325,81,244
E00029217,392,96,296
E00029218,336,58,278
E00029219,299,60,239
E00029220,324,46,278
E00029222,179,18,161
E00029223,259,41,218
E00029224,447,46,401
E00029225,247,23,224
E00029226,305,62,243
E00029227,326,62,264
E00029228,372,82,290
E00029229,248,34,214
E00029230,381,76,305
E00029231,271,36,235
E00029232,371,95,276
E00029233,295,45,250
E00029234,330,80,250
E00029235,314,56,258
E00029236,270,54,216
E00029237,213,42,171
E00029238,217,24,193
E00029239,256,36,220
E00029240,340,77,263
E00029241,215,22,193
E00029242,306,80,226
E00029243,227,27,200
E00029244,402,92,310
E00029245,161,21,140
E00029246,302,59,243
E00029247,330,82,248
E00029248,318,69,249
E00029249,329,81,248
E00029250,314,54,260
E00029251,302,55,247
E00029252,286,58,228
E00029253,298,71,227
E00029254,380,95,285
E00029255,326,75,251
E00029256,306,68,238
E00029257,334,87,247
E00029258,290,42,248
E00029259,226,46,180
E00029260,290,69,221
E00029261,345,68,277
E00029262,274,52,222
E00029263,199,21,178
E00029264,390,80,310
E00029265,333,89,244
E00029266,241,53,188
E00029267,323,80,243
E00029268,332,53,279
E00029269,251,49,202
E00029270,282,53,229
E00029271,304,67,237
E00029272,308,91,217
E00029273,278,55,223
E00029275,314,58,256
E00029276,377,100,277
E00029277,318,79,239
E00029278,285,59,226
E00029279,370,86,284
E00029280,276,48,228
E00029281,316,71,245
E00029282,218,31,187
E00029283,237,19,218
E00029284,284,49,235
E00029285,272,37,235
E00029286,272,48,224
E00029287,315,50,265
E00029288,293,62,231
E00029289,253,50,203
E00029290,220,44,176
E00029291,233,55,178
E00029292,277,55,222
E00029293,198,32,166
E00029294,113,2,111
E00029295,330,59,271
E00029296,258,61,197
E00029297,171,19,152
E00029298,341,70,271
E00029299,257,70,187
E00029300,236,35,201
E00029301,344,23,321
E00029302,285,31,254
E00029303,298,65,233
E00029304,300,60,240
E00029305,288,87,201
E00029306,246,42,204
E00029307,403,109,294
E00029308,225,48,177
E00029309,320,73,247
E00029310,219,18,201
E00029311,310,64,246
E00029312,268,42,226
E00029313,309,71,238
E00029314,325,57,268
E00029315,294,68,226
E00029316,230,35,195
E00029317,365,76,289
E00029318,291,56,235
E00029319,313,62,251
E00029320,314,59,255
E00029321,309,58,251
E00029322,356,82,274
E00029323,251,42,209
E00029324,241,34,207
E00029325,317,62,255
E00029326,291,69,222
E00029327,296,47,249
E00029328,301,59,242
E00029329,343,88,255
E00029330,292,52,240
E00029331,313,64,249
E00029332,310,57,253
E00029333,397,75,322
E00029334,242,33,209
E00029335,321,72,249
E00029336,276,77,199
E00029337,266,41,225
E00029338,279,58,221
E00029339,281,63,218
E00029340,304,58,246
E00029341,353,80,273
E00029342,281,45,236
E00029343,172,28,144
E00029344,379,97,282
E00029345,334,90,244
E00029346,230,44,186
E00029347,329,70,259
E00029348,291,57,234
E00029349,275,60,215
E00029350,311,53,258
E00029351,295,75,220
E00029352,282,56,226
E00029353,292,57,235
E00029354,358,72,286
E00029355,330,87,243
E00029356,331,75,256
E00029357,334,72,262
E00029358,295,40,255
E00029359,261,37,224
E00029360,280,68,212
E00029361,305,80,225
E00029362,283,32,251
E00029363,269,74,195
E00029364,254,50,204
E00029365,425,90,335
E00029366,262,32,230
E00029367,392,156,236
E00029368,263,43,220
E00029369,270,50,220
E00029370,254,49,205
E00029371,315,87,228
E00029373,321,53,268
E00029374,316,78,238
E00029375,250,40,210
E00029376,252,47,205
E00029377,331,43,288
E00029378,252,45,207
E00029379,300,48,252
E00029380,279,45,234
E00029381,246,47,199
E00029382,242,36,206
E00029383,279,65,214
E00029384,212,21,191
E00029385,328,64,264
E00029386,253,47,206
E00029387,255,68,187
E00029388,298,51,247
E00029389,223,36,187
E00029390,282,54,228
E00029391,246,50,196
E00029392,230,34,196
E00029393,274,47,227
E00029394,277,34,243
E00029395,277,44,233
E00029396,484,135,349
E00029397,259,44,215
E00029398,281,50,231
E00029399,257,40,217
E00029400,260,51,209
E00029401,291,44,247
E00029402,325,54,271
E00029403,235,42,193
E00029404,320,60,260
E00029405,291,34,257
E00029406,223,23,200
E00029407,203,29,174
E00029408,277,48,229
E00029409,219,36,183
E00029410,372,65,307
E00029411,247,31,216
E00029412,234,28,206
E00029413,330,86,244
E00029414,297,58,239
E00029415,333,71,262
E00029416,327,68,259
E00029417,349,84,265
E00029418,294,44,250
E00029419,256,43,213
E00029420,298,45,253
E00029421,273,50,223
E00029422,324,54,270
E00029423,238,39,199
E00029424,254,49,205
E00029425,337,62,275
E00029426,334,69,265
E00029427,280,55,225
E00029428,308,53,255
E00029429,280,53,227
E00029430,274,47,227
E00029431,331,60,271
E00029432,282,48,234
E00029433,316,64,252
E00029434,332,65,267
E00029435,274,60,214
E00029436,263,44,219
E00029437,285,54,231
E00029438,274,48,226
E00029439,370,60,310
E00029440,210,13,197
E00029441,286,57,229
E00029442,298,56,242
E00029443,373,73,300
E00029444,241,31,210
E00029445,243,34,209
E00029446,297,41,256
E00029447,259,41,218
E00029448,250,42,208
E00029449,208,36,172
E00029450,206,23,183
E00029451,297,53,244
E00029452,325,65,260
E00029453,282,63,219
E00029454,281,39,242
E00029455,284,65,219
E00029456,236,30,206
E00029457,307,82,225
E00029458,212,21,191
E00029459,376,128,248
E00029460,309,43,266
E00029461,158,34,124
E00029462,263,51,212
E00029463,193,30,163
E00029464,240,44,196
E00029465,259,38,221
E00029466,452,94,358
E00029467,230,40,190
E00029468,316,54,262
E00029469,230,50,180
E00029470,221,36,185
E00029471,275,39,236
E00029472,244,44,200
E00029473,315,75,240
E00029474,247,41,206
E00029475,337,51,286
E00029476,259,41,218
E00029477,293,49,244
E00029478,308,52,256
E00029479,276,50,226
E00029480,275,50,225
E00029481,304,61,243
E00029482,274,38,236
E00029483,319,43,276
E00029484,313,45,268
E00029485,334,73,261
E00029486,190,33,157
E00029487,314,31,283
E00029488,234,50,184
E00029489,349,54,295
E00029490,244,46,198
E00029491,309,71,238
E00029492,263,41,222
E00029493,329,66,263
E00029494,240,35,205
E00029495,191,29,162
E00029496,285,46,239
E00029497,206,29,177
E00029498,277,43,234
E00029499,236,27,209
E00029500,321,67,254
E00029501,308,35,273
E00029502,315,83,232
E00029503,241,38,203
E00029504,409,75,334
E00029505,308,50,258
E00029506,307,51,256
E00029507,167,36,131
E00029508,294,45,249
E00029509,345,74,271
E00029510,290,60,230
E00029511,480,82,398
E00029512,347,73,274
E00029513,301,55,246
E00029514,240,41,199
E00029515,275,50,225
E00029516,338,76,262
E00029517,332,57,275
E00029518,247,37,210
E00029519,303,66,237
E00029520,383,81,302
E00029521,307,55,252
E00029522,231,40,191
E00029523,289,46,243
E00029524,276,46,230
E00029525,213,28,185
E00029526,211,31,180
E00029527,347,117,230
E00029528,292,99,193
E00029529,190,56,134
E00029530,221,53,168
E00029531,303,94,209
E00029532,261,77,184
E00029533,262,66,196
E00029534,313,82,231
E00029535,209,44,165
E00029536,377,86,291
E00029537,241,66,175
E00029538,267,70,197
E00029539,324,54,270
E00029540,278,51,227
E00029541,238,20,218
E00029542,309,53,256
E00029543,338,66,272
E00029544,430,60,370
E00029545,288,59,229
E00029546,315,51,264
E00029547,358,104,254
E00029548,238,37,201
E00029549,291,55,236
E00029550,278,51,227
E00029551,423,75,348
E00029552,235,42,193
E00029553,254,35,219
E00029554,358,32,326
E00029555,283,57,226
E00029556,269,37,232
E00029557,220,46,174
E00029558,314,42,272
E00029559,238,39,199
E00029560,299,46,253
E00029561,251,45,206
E00029562,288,57,231
E00029563,256,42,214
E00029564,275,54,221
E00029565,304,48,256
E00029566,307,42,265
E00029567,290,55,235
E00029568,243,23,220
E00029569,216,25,191
E00029570,243,39,204
E00029571,288,45,243
E00029572,215,48,167
E00029573,322,59,263
E00029574,252,28,224
E00029575,273,40,233
E00029576,276,57,219
E00029577,256,20,236
E00029578,220,20,200
E00029579,299,56,243
E00029580,294,76,218
E00029581,244,45,199
E00029582,268,47,221
E00029583,254,33,221
E00029584,298,66,232
E00029585,307,64,243
E00029586,261,42,219
E00029587,306,58,248
E00029588,271,45,226
E00029589,304,47,257
E00029590,253,58,195
E00029591,324,68,256
E00029592,259,40,219
E00029593,325,66,259
E00029594,329,61,268
E00029595,285,43,242
E00029596,281,47,234
E00029597,292,41,251
E00029598,320,53,267
E00029599,310,56,254
E00029600,299,70,229
E00029601,282,47,235
E00029602,230,31,199
E00029603,311,68,243
E00029605,225,53,172
E00029606,285,61,224
E00029607,390,108,282
E00029608,276,43,233
E00029609,332,64,268
E00029610,279,51,228
E00029611,337,80,257
E00029612,453,87,366
E00029613,311,54,257
E00029614,360,93,267
E00029615,282,51,231
E00029616,252,28,224
E00029617,350,65,285
E00029618,333,72,261
E00029619,281,62,219
E00029620,315,82,233
E00029621,293,47,246
E00029622,281,58,223
E00029623,328,79,249
E00029624,342,76,266
E00029625,349,79,270
E00029626,347,79,268
E00029627,347,88,259
E00029628,329,71,258
E00029629,329,81,248
E00029630,315,56,259
E00029631,219,34,185
E00029632,367,85,282
E00029633,233,31,202
E00029634,213,38,175
E00029635,335,67,268
E00029636,338,77,261
E00029637,239,42,197
E00029638,386,65,321
E00029639,277,60,217
E00029640,357,82,275
E00029641,371,63,308
E00029642,288,43,245
E00029643,242,39,203
E00029644,291,61,230
E00029645,224,32,192
E00029646,233,19,214
E00029647,223,41,182
E00029648,248,45,203
E00029649,240,48,192
E00029650,254,47,207
E00029651,288,59,229
E00029652,233,32,201
E00029653,163,20,143
E00029654,292,56,236
E00029655,213,26,187
E00029656,191,31,160
E00029657,278,46,232
E00029658,249,53,196
E00029659,294,70,224
E00029660,221,50,171
E00029661,407,112,295
E00029662,322,81,241
E00029663,249,59,190
E00029664,315,82,233
E00029665,286,52,234
E00029666,276,69,207
E00029667,285,63,222
E00029668,245,49,196
E00029669,286,41,245
E00029670,314,75,239
E00029671,347,80,267
E00029672,309,35,274
E00029673,260,47,213
E00029674,278,71,207
E00029675,113,4,109
E00029676,335,74,261
E00029677,211,43,168
E00029678,329,77,252
E00029679,206,33,173
E00029680,310,64,246
E00029681,260,43,217
E00029682,282,46,236
E00029683,240,55,185
E00029684,272,58,214
E00029685,271,45,226
E00029686,339,48,291
E00029687,342,79,263
E00029688,227,34,193
E00029689,275,39,236
E00029690,272,39,233
E00029691,258,51,207
E00029692,277,52,225
E00029693,256,48,208
E00029694,332,69,263
E00029695,238,45,193
E00029696,196,17,179
E00029697,320,75,245
E00029698,284,71,213
E00029699,293,56,237
E00029700,295,59,236
E00029701,341,73,268
E00029702,334,75,259
E00029703,312,45,267
E00029704,303,55,248
E00029705,299,60,239
E00029706,267,34,233
E00029707,415,105,310
E00029708,309,46,263
E00029709,219,35,184
E00029710,324,66,258
E00029711,319,64,255
E00029712,287,53,234
E00029713,349,76,273
E00029714,155,12,143
E00029715,220,19,201
E00029716,297,60,237
E00029718,249,61,188
E00029719,257,31,226
E00029720,275,59,216
E00029721,272,44,228
E00029722,316,61,255
E00029723,249,41,208
E00029724,272,20,252
E00029725,252,36,216
E00029726,275,60,215
E00029727,342,68,274
E00029728,249,33,216
E00029729,311,82,229
E00029730,295,57,238
E00029731,324,60,264
E00029732,269,40,229
E00029733,373,71,302
E00029734,302,57,245
E00029735,279,45,234
E00029737,266,55,211
E00029738,252,39,213
E00029739,230,35,195
E00029740,244,60,184
E00029741,255,45,210
E00029742,325,56,269
E00029743,272,43,229
E00029744,242,47,195
E00029745,264,58,206
E00029746,250,49,201
E00029747,268,42,226
E00029748,239,49,190
E00029749,240,28,212
E00029750,273,46,227
E00029751,248,53,195
E00029752,282,39,243
E00029753,280,52,228
E00029754,248,40,208
E00029755,165,10,155
E00029756,259,45,214
E00029757,244,39,205
E00029758,201,32,169
E00029759,291,47,244
E00029760,242,41,201
E00029761,315,67,248
E00029762,240,54,186
E00029763,278,49,229
E00029764,227,39,188
E00029765,308,62,246
E00029767,275,47,228
E00029768,302,47,255
E00029769,366,67,299
E00029770,278,36,242
E00029771,296,67,229
E00029772,257,34,223
E00029773,206,28,178
E00029774,273,78,195
E00029775,317,48,269
E00029776,386,89,297
E00029777,263,41,222
E00029778,237,36,201
E00029779,424,115,309
E00029780,233,46,187
E00029781,251,42,209
E00029782,203,23,180
E00029783,354,64,290
E00029784,329,55,274
E00029785,322,68,254
E00029786,280,37,243
E00029787,264,39,225
E00029788,393,62,331
E00029789,263,40,223
E00029790,231,20,211
E00029791,313,47,266
E00029792,284,35,249
E00029793,310,58,252
E00029794,296,52,244
E00029795,274,26,248
E00029796,265,46,219
E00029797,276,28,248
E00029798,273,36,237
E00029799,291,57,234
E00029800,289,43,246
E00029801,263,47,216
E00029802,300,53,247
E00029803,273,53,220
E00029804,266,51,215
E00029805,226,45,181
E00029806,286,49,237
E00029807,260,23,237
E00029808,351,65,286
E00029809,339,62,277
E00029810,334,99,235
E00029811,187,34,153
E00029812,230,38,192
E00029813,268,45,223
E00029814,235,48,187
E00029815,273,42,231
E00029816,288,51,237
E00029817,322,72,250
E00029818,313,115,198
E00029819,384,98,286
E00029820,398,130,268
E00029821,106,0,106
E00029822,229,52,177
E00029823,255,57,198
E00029824,296,53,243
E00029825,374,95,279
E00029826,248,29,219
E00029827,324,63,261
E00029828,293,73,220
E00029829,292,29,263
E00029830,325,103,222
E00029831,228,52,176
E00029832,170,36,134
E00029833,246,27,219
E00029834,222,43,179
E00029835,205,45,160
E00029837,258,47,211
E00029838,288,44,244
E00029839,327,81,246
E00029840,295,36,259
E00029841,282,38,244
E00029842,236,53,183
E00029843,288,54,234
E00029844,273,40,233
E00029845,264,41,223
E00029846,274,40,234
E00029847,320,49,271
E00029848,306,66,240
E00029849,296,64,232
E00029850,283,75,208
E00029851,277,55,222
E00029852,290,59,231
E00029853,254,26,228
E00029854,235,43,192
E00029855,236,35,201
E00029856,191,31,160
E00029857,191,28,163
E00029858,412,86,326
E00029859,297,48,249
E00029860,281,57,224
E00029861,239,34,205
E00029862,243,57,186
E00029863,267,30,237
E00029864,310,43,267
E00029865,301,98,203
E00029866,278,41,237
E00029867,256,49,207
E00029868,286,78,208
E00029869,277,46,231
E00029870,251,15,236
E00029871,286,46,240
E00029872,251,26,225
E00029873,346,60,286
E00029874,217,38,179
E00029875,264,20,244
E00029876,275,67,208
E00029877,292,41,251
E00029878,336,74,262
E00029879,345,45,300
E00029880,336,73,263
E00029881,253,61,192
E00029882,305,59,246
E00029883,322,60,262
E00029884,266,39,227
E00029885,280,44,236
E00029886,235,43,192
E00029887,226,26,200
E00029888,183,30,153
E00029889,342,45,297
E00029890,256,34,222
E00029891,325,54,271
E00029892,288,42,246
E00029893,386,75,311
E00029894,260,58,202
E00029895,277,67,210
E00029896,268,37,231
E00029897,277,56,221
E00029898,262,44,218
E00029899,277,38,239
E00029900,326,33,293
E00029901,310,37,273
E00029902,269,52,217
E00029903,305,55,250
E00029904,284,36,248
E00029905,252,27,225
E00029906,239,56,183
E00029907,315,81,234
E00029908,267,52,215
E00029909,350,73,277
E00029910,317,48,269
E00029911,244,21,223
E00029912,336,73,263
E00029913,268,58,210
E00029914,269,54,215
E00029915,284,52,232
E00029916,247,41,206
E00029917,228,39,189
E00029918,295,52,243
E00029919,333,63,270
E00029920,239,37,202
E00029921,213,31,182
E00029922,364,68,296
E00029923,410,78,332
E00029924,342,47,295
E00029925,300,45,255
E00029926,239,38,201
E00029927,280,28,252
E00029928,229,17,212
E00029929,211,27,184
E00029930,270,48,222
E00029931,232,20,212
E00029932,251,39,212
E00029933,366,42,324
E00029934,261,43,218
E00029935,248,21,227
E00029936,293,33,260
E00029937,237,39,198
E00029938,318,71,247
E00029939,257,42,215
E00029940,299,44,255
E00029941,275,42,233
E00029942,259,33,226
E00029943,253,41,212
E00029944,271,45,226
E00029945,256,22,234
E00029946,222,18,204
E00029947,238,23,215
E00029948,282,62,220
E00029949,207,33,174
E00029950,180,26,154
E00029951,298,50,248
E00029952,206,37,169
E00029953,276,43,233
E00029954,254,60,194
E00029955,293,67,226
E00029956,303,46,257
E00029957,331,95,236
E00029958,217,45,172
E00029959,250,45,205
E00029960,248,51,197
E00029961,261,44,217
E00029962,272,47,225
E00029963,213,24,189
E00029964,132,13,119
E00029965,201,28,173
E00029966,276,64,212
E00029967,346,123,223
E00029968,239,38,201
E00029969,298,74,224
E00029970,282,17,265
E00029971,248,70,178
E00029972,267,37,230
E00029973,167,37,130
E00029974,232,37,195
E00029975,162,17,145
E00029976,302,46,256
E00029977,256,51,205
E00029978,313,47,266
E00029979,287,73,214
E00029980,272,54,218
E00029981,252,68,184
E00029982,284,55,229
E00029983,308,61,247
E00029984,299,56,243
E00029985,231,20,211
E00029986,247,20,227
E00029987,295,53,242
E00029988,297,55,242
E00029989,302,52,250
E00029990,257,36,221
E00029991,242,21,221
E00029992,280,33,247
E00029993,242,31,211
E00029994,235,34,201
E00029995,274,34,240
E00029996,276,52,224
E00029997,230,30,200
E00029998,255,39,216
E00029999,174,16,158
E00030000,295,34,261
E00030001,299,63,236
E00030002,328,60,268
E00030003,252,33,219
E00030004,310,62,248
E00030005,278,59,219
E00030006,372,91,281
E00030007,290,42,248
E00030008,284,45,239
E00030009,316,56,260
E00030011,444,83,361
E00030012,322,75,247
E00030013,266,52,214
E00030014,322,67,255
E00030015,293,63,230
E00030016,248,53,195
E00030017,294,55,239
E00030018,269,47,222
E00030019,327,69,258
E00030020,331,64,267
E00030021,210,28,182
E00030022,331,83,248
E00030023,372,87,285
E00030024,317,68,249
E00030025,324,39,285
E00030026,335,92,243
E00030027,275,60,215
E00030028,245,37,208
E00030029,281,42,239
E00030030,232,20,212
E00030031,217,23,194
E00030032,268,55,213
E00030033,338,54,284
E00030034,257,32,225
E00030035,316,77,239
E00030036,235,45,190
E00030037,309,64,245
E00030038,262,28,234
E00030039,284,50,234
E00030040,281,52,229
E00030041,250,33,217
E00030042,396,69,327
E00030043,307,74,233
E00030044,318,46,272
E00030045,236,38,198
E00030046,321,47,274
E00030047,347,52,295
E00030048,251,49,202
E00030049,308,48,260
E00030050,305,73,232
E00030051,282,66,216
E00030052,308,38,270
E00030053,312,57,255
E00030054,311,51,260
E00030055,278,54,224
E00030056,320,53,267
E00030057,191,22,169
E00030058,283,54,229
E00030059,300,45,255
E00030060,272,49,223
E00030061,282,45,237
E00030062,266,52,214
E00030063,274,45,229
E00030064,235,31,204
E00030065,393,103,290
E00030066,339,108,231
E00030067,348,87,261
E00030068,287,51,236
E00030069,270,47,223
E00030070,380,139,241
E00030071,361,98,263
E00030072,273,46,227
E00030073,316,79,237
E00030074,284,66,218
E00030075,273,68,205
E00030076,296,79,217
E00030077,224,40,184
E00030078,324,110,214
E00030079,271,65,206
E00030080,379,113,266
E00030081,272,39,233
E00030082,325,70,255
E00030083,285,48,237
E00030084,452,60,392
E00030085,345,51,294
E00030086,255,33,222
E00030087,281,48,233
E00030088,281,54,227
E00030089,339,82,257
E00030090,362,90,272
E00030091,268,57,211
E00030092,246,44,202
E00030093,333,82,251
E00030095,350,83,267
E00030096,287,56,231
E00030097,306,61,245
E00030098,268,49,219
E00030099,242,41,201
E00030100,276,50,226
E00030101,311,52,259
E00030102,209,32,177
E00030103,256,46,210
E00030104,263,31,232
E00030105,246,32,214
E00030106,250,39,211
E00030107,549,130,419
E00030108,247,52,195
E00030109,310,108,202
E00030110,357,124,233
E00030111,311,80,231
E00030113,386,74,312
E00030114,379,94,285
E00030115,488,97,391
E00030116,237,53,184
E00030117,239,51,188
E00030118,273,56,217
E00030119,296,67,229
E00030121,263,58,205
E00030123,321,64,257
E00030124,315,71,244
E00030125,260,62,198
E00030126,289,88,201
E00030127,274,64,210
E00030128,481,166,315
E00030129,187,18,169
E00030130,167,3,164
E00030131,570,166,404
E00030133,261,69,192
E00030134,374,85,289
E00030135,267,59,208
E00030136,342,97,245
E00030137,334,90,244
E00030138,277,78,199
E00030139,239,55,184
E00030140,243,39,204
E00030141,156,30,126
E00030142,276,57,219
E00030143,225,25,200
E00030144,292,58,234
E00030145,296,48,248
E00030146,278,52,226
E00030147,356,110,246
E00030148,374,143,231
E00030149,287,69,218
E00030150,256,9,247
E00030151,425,64,361
E00030153,543,194,349
E00030154,350,89,261
E00030155,168,13,155
E00030156,369,108,261
E00030157,230,28,202
E00030158,352,96,256
E00030159,347,81,266
E00030160,333,46,287
E00030161,229,25,204
E00030162,266,57,209
E00030163,497,147,350
E00030164,325,84,241
E00030165,267,46,221
E00030166,201,27,174
E00030167,249,35,214
E00030168,262,54,208
E00030169,353,74,279
E00030170,287,51,236
E00030171,243,26,217
E00030172,231,27,204
E00030173,232,32,200
E00030174,344,96,248
E00030175,288,52,236
E00030176,274,65,209
E00030177,241,46,195
E00030178,345,61,284
E00030179,283,56,227
E00030180,263,20,243
E00030181,297,55,242
E00030182,299,48,251
E00030183,184,14,170
E00030184,242,48,194
E00030185,367,103,264
E00030186,284,68,216
E00030187,301,72,229
E00030188,296,58,238
E00030189,279,63,216
E00030190,184,17,167
E00030191,273,63,210
E00030192,284,79,205
E00030193,294,78,216
E00030194,417,125,292
E00030195,301,74,227
E00030196,238,36,202
E00030197,270,42,228
E00030198,304,47,257
E00030200,351,59,292
E00030201,239,50,189
E00030202,187,16,171
E00030203,275,67,208
E00030204,232,39,193
E00030205,266,41,225
E00030206,264,42,222
E00030207,302,64,238
E00030208,383,98,285
E00030209,270,57,213
E00030210,249,41,208
E00030211,278,55,223
E00030213,288,53,235
E00030214,278,30,248
E00030215,268,55,213
E00030217,249,32,217
E00030218,309,57,252
E00030219,282,49,233
E00030220,311,63,248
E00030221,282,43,239
E00030222,221,27,194
E00030223,271,71,200
E00030224,344,72,272
E00030225,248,52,196
E00030226,386,74,312
E00030227,221,34,187
E00030228,221,33,188
E00030229,374,92,282
E00030230,373,106,267
E00030231,256,34,222
E00030232,298,34,264
E00030233,254,35,219
E00030234,287,45,242
E00030235,275,54,221
E00030236,257,58,199
E00030237,272,59,213
E00030238,214,23,191
E00030239,309,60,249
E00030240,249,75,174
E00030241,274,66,208
E00030242,329,52,277
E00030243,291,54,237
E00030244,256,28,228
E00030245,275,50,225
E00030246,284,43,241
E00030247,239,27,212
E00030248,276,45,231
E00030249,282,64,218
E00030250,245,47,198
E00030251,268,51,217
E00030252,280,55,225
E00030253,263,44,219
E00030254,223,22,201
E00030255,314,59,255
E00030256,275,36,239
E00030257,345,55,290
E00030258,296,46,250
E00030259,261,37,224
E00030260,308,54,254
E00030261,283,34,249
E00030262,208,17,191
E00030263,240,31,209
E00030264,298,83,215
E00030265,271,52,219
E00030266,285,56,229
E00030267,254,52,202
E00030268,257,50,207
E00030269,271,48,223
E00030270,295,50,245
E00030271,273,42,231
E00030272,202,32,170
E00030273,198,40,158
E00030274,352,58,294
E00030275,297,68,229
E00030276,253,42,211
E00030277,240,35,205
E00030278,255,38,217
E00030279,210,24,186
E00030280,224,29,195
E00030281,302,70,232
E00030282,331,75,256
E00030283,272,51,221
E00030284,365,79,286
E00030285,270,49,221
E00030286,268,59,209
E00030287,285,53,232
E00030288,234,31,203
E00030289,257,51,206
E00030290,311,63,248
E00030291,253,61,192
E00030292,329,55,274
E00030293,241,31,210
E00030294,243,22,221
E00030295,200,27,173
E00030296,286,39,247
E00030297,231,50,181
E00030298,232,37,195
E00030299,272,22,250
E00030300,285,81,204
E00030301,236,25,211
E00030302,268,63,205
E00030303,214,10,204
E00030304,260,51,209
E00030305,250,40,210
E00030306,279,48,231
E00030307,257,62,195
E00030308,281,48,233
E00030309,225,50,175
E00030310,233,35,198
E00030311,252,47,205
E00030312,222,43,179
E00030313,263,42,221
E00030314,232,33,199
E00030315,268,39,229
E00030316,261,43,218
E00030317,256,49,207
E00030318,299,55,244
E00030319,287,49,238
E00030320,225,27,198
E00030321,224,19,205
E00030322,321,75,246
E00030323,293,56,237
E00030324,284,49,235
E00030325,228,33,195
E00030326,291,61,230
E00030327,243,34,209
E00030328,293,76,217
E00030329,322,71,251
E00030330,224,43,181
E00030331,233,44,189
E00030332,241,43,198
E00030333,239,47,192
E00030334,262,46,216
E00030335,333,72,261
E00030336,554,116,438
E00030337,288,50,238
E00030338,262,52,210
E00030339,257,50,207
E00030340,198,21,177
E00030341,353,66,287
E00030342,285,53,232
E00030343,277,52,225
E00030344,235,27,208
E00030345,275,52,223
E00030346,252,38,214
E00030347,282,49,233
E00030348,308,61,247
E00030349,193,7,186
E00030350,259,45,214
E00030351,277,48,229
E00030352,294,46,248
E00030353,282,51,231
E00030354,240,22,218
E00030355,238,18,220
E00030356,262,52,210
E00030357,351,88,263
E00030358,240,36,204
E00030360,275,51,224
E00030361,340,63,277
E00030362,321,78,243
E00030363,270,40,230
E00030364,250,49,201
E00030365,297,51,246
E00030366,348,70,278
E00030367,380,80,300
E00030368,332,65,267
E00030369,245,46,199
E00030371,273,61,212
E00030372,268,64,204
E00030373,201,31,170
E00030374,316,74,242
E00030375,255,41,214
E00030376,320,62,258
E00030377,229,41,188
E00030378,328,59,269
E00030379,366,49,317
E00030380,313,52,261
E00030381,269,47,222
E00030382,289,50,239
E00030383,266,54,212
E00030384,282,64,218
E00030385,288,74,214
E00030386,304,82,222
E00030387,240,40,200
E00030388,239,42,197
E00030389,369,102,267
E00030390,205,16,189
E00030391,263,58,205
E00030392,296,39,257
E00030393,241,35,206
E00030394,321,52,269
E00030395,301,47,254
E00030396,243,51,192
E00030397,355,68,287
E00030398,327,56,271
E00030399,147,11,136
E00030400,303,63,240
E00030401,264,37,227
E00030402,278,73,205
E00030403,247,40,207
E00030404,323,62,261
E00030405,382,79,303
E00030406,278,49,229
E00030407,266,54,212
E00030408,294,63,231
E00030409,308,63,245
E00030410,288,47,241
E00030411,273,64,209
E00030412,349,88,261
E00030413,314,71,243
E00030414,248,38,210
E00030415,295,67,228
E00030416,269,52,217
E00030417,316,61,255
E00030418,211,39,172
E00030419,280,64,216
E00030420,254,32,222
E00030421,243,49,194
E00030422,286,50,236
E00030423,309,55,254
E00030424,181,44,137
E00030425,320,69,251
E00030426,287,38,249
E00030427,252,41,211
E00030428,233,49,184
E00030429,271,42,229
E00030430,301,63,238
E00030431,308,66,242
E00030432,284,51,233
E00030433,371,111,260
E00030434,342,59,283
E00030435,211,34,177
E00030436,229,33,196
E00030437,339,98,241
E00030438,280,49,231
E00030439,199,23,176
E00030440,297,52,245
E00030441,273,54,219
E00030442,242,30,212
E00030443,245,37,208
E00030444,234,46,188
E00030445,244,43,201
E00030446,299,59,240
E00030447,197,30,167
E00030448,424,105,319
E00030449,271,52,219
E00030450,232,37,195
E00030451,465,106,359
E00030452,261,34,227
E00030453,424,116,308
E00030454,558,106,452
E00030455,259,65,194
E00030456,289,48,241
E00030457,283,82,201
E00030458,386,100,286
E00030459,229,29,200
E00030460,310,72,238
E00030461,218,39,179
E00030462,269,47,222
E00030463,299,31,268
E00030464,320,68,252
E00030465,284,64,220
E00030466,270,40,230
E00030467,286,87,199
E00030468,324,62,262
E00030469,368,64,304
E00030470,266,50,216
E00030471,278,42,236
E00030472,269,37,232
E00030473,312,61,251
E00030474,213,28,185
E00030475,230,44,186
E00030476,253,33,220
E00030477,372,79,293
E00030478,185,23,162
E00030479,231,37,194
E00030480,364,65,299
E00030481,294,51,243
E00030482,450,52,398
E00030483,254,45,209
E00030484,309,57,252
E00030485,304,46,258
E00030486,322,51,271
E00030487,177,15,162
E00030488,233,45,188
E00030489,241,15,226
E00030490,209,40,169
E00030491,209,24,185
E00030492,172,15,157
E00030493,243,61,182
E00030494,223,15,208
E00030495,341,72,269
E00030496,229,37,192
E00030497,267,47,220
E00030498,242,53,189
E00030499,319,45,274
E00030500,280,61,219
E00030501,263,79,184
E00030502,307,66,241
E00030503,296,61,235
E00030504,180,28,152
E00030506,175,26,149
E00030507,325,57,268
E00030508,281,59,222
E00030509,295,45,250
E00030510,306,52,254
E00030511,300,47,253
E00030512,262,24,238
E00030513,322,43,279
E00030514,489,123,366
E00030515,520,87,433
E00030516,361,84,277
E00030517,318,74,244
E00030518,382,76,306
E00030519,320,54,266
E00030520,292,52,240
E00030521,503,120,383
E00030522,209,33,176
E00030523,347,74,273
E00030525,171,20,151
E00030526,288,67,221
E00030527,240,41,199
E00030528,195,23,172
E00030529,223,41,182
E00030530,236,36,200
E00030531,205,28,177
E00030532,369,126,243
E00030533,430,89,341
E00030534,188,3,185
E00030535,351,112,239
E00030536,447,128,319
E00030537,235,64,171
E00030538,372,98,274
E00030539,308,77,231
E00030540,320,85,235
E00030541,289,74,215
E00030542,383,73,310
E00030543,493,124,369
E00030544,283,43,240
E00030545,169,36,133
E00030546,237,36,201
E00030547,296,66,230
E00030548,269,49,220
E00030549,268,49,219
E00030550,248,28,220
E00030551,276,49,227
E00030552,281,30,251
E00030553,257,26,231
E00030554,268,17,251
E00030555,303,76,227
E00030556,281,66,215
E00030558,497,130,367
E00030559,260,35,225
E00030560,327,58,269
E00030561,227,36,191
E00030562,176,21,155
E00030563,255,55,200
E00030564,446,80,366
E00030565,265,37,228
E00030566,364,51,313
E00030567,561,142,419
E00030568,262,40,222
E00030569,223,36,187
E00030571,250,43,207
E00030572,324,69,255
E00030574,252,58,194
E00030575,351,62,289
E00030576,337,60,277
E00030577,388,110,278
E00030578,297,37,260
E00030579,315,61,254
E00030580,237,54,183
E00030581,351,66,285
E00030582,401,57,344
E00030583,350,114,236
E00030585,315,83,232
E00030586,334,75,259
E00030587,302,68,234
E00030588,325,53,272
E00030589,280,59,221
E00030590,310,60,250
E00030591,390,139,251
E00030592,265,45,220
E00030593,361,73,288
E00030594,257,36,221
E00030595,255,59,196
E00030596,317,76,241
E00030597,345,52,293
E00030598,283,58,225
E00030599,262,31,231
E00030600,211,30,181
E00030601,236,53,183
E00030602,297,57,240
E00030603,274,59,215
E00030604,305,52,253
E00030605,280,59,221
E00030606,258,38,220
E00030607,300,56,244
E00030608,252,37,215
E00030609,255,53,202
E00030610,330,63,267
E00030611,274,39,235
E00030612,272,56,216
E00030613,272,44,228
E00030614,249,39,210
E00030615,427,91,336
E00030616,236,28,208
E00030617,248,42,206
E00030618,376,60,316
E00030619,239,46,193
E00030620,212,25,187
E00030621,281,52,229
E00030622,246,24,222
E00030623,147,19,128
E00030624,563,115,448
E00030625,281,59,222
E00030626,358,116,242
E00030627,429,156,273
E00030628,485,140,345
E00030629,370,119,251
E00030630,260,62,198
E00030632,279,78,201
E00030633,324,29,295
E00030634,256,53,203
E00030635,302,70,232
E00030636,139,32,107
E00030637,293,72,221
E00030638,248,68,180
E00030639,307,50,257
E00030640,300,66,234
E00030641,286,66,220
E00030642,416,116,300
E00030643,334,51,283
E00030644,345,53,292
E00030645,290,40,250
E00030646,452,46,406
E00030647,261,51,210
E00030648,221,24,197
E00030649,256,54,202
E00030650,249,50,199
E00030651,259,43,216
E00030652,253,60,193
E00030653,259,29,230
E00030654,255,38,217
E00030655,250,34,216
E00030656,252,45,207
E00030657,263,37,226
E00030658,241,33,208
E00030659,217,24,193
E00030660,217,49,168
E00030661,210,28,182
E00030663,264,43,221
E00030664,275,45,230
E00030665,247,34,213
E00030666,267,44,223
E00030667,212,26,186
E00030668,429,74,355
E00030669,253,39,214
E00030670,375,79,296
E00030671,290,54,236
E00030672,207,38,169
E00030673,248,39,209
E00030674,350,52,298
E00030675,261,38,223
E00030676,301,78,223
E00030677,287,36,251
E00030678,254,57,197
E00030679,246,33,213
E00030680,338,119,219
E00030681,249,47,202
E00030682,250,38,212
E00030684,304,65,239
E00030685,275,54,221
E00030686,278,49,229
E00030687,233,39,194
E00030688,283,71,212
E00030689,259,47,212
E00030690,263,59,204
E00030691,202,25,177
E00030692,275,55,220
E00030693,255,37,218
E00030694,277,44,233
E00030695,148,40,108
E00030696,242,40,202
E00030697,244,29,215
E00030699,361,118,243
E00030700,275,43,232
E00030701,335,75,260
E00030703,291,54,237
E00030704,240,38,202
E00030705,472,124,348
E00030706,352,94,258
E00030707,232,41,191
E00030708,310,62,248
E00030709,348,72,276
E00030710,349,45,304
E00030711,185,37,148
E00030712,241,57,184
E00030713,223,31,192
E00030714,263,59,204
E00030715,259,50,209
E00030717,215,41,174
E00030718,316,47,269
E00030719,311,52,259
E00030720,266,44,222
E00030721,279,51,228
E00030722,333,117,216
E00030723,453,188,265
E00030724,285,55,230
E00030725,269,47,222
E00030726,249,25,224
E00030727,266,45,221
E00030728,281,63,218
E00030729,358,83,275
E00030730,260,41,219
E00030731,286,36,250
E00030732,283,47,236
E00030733,226,58,168
E00030734,418,45,373
E00030735,207,28,179
E00030736,268,43,225
E00030737,324,47,277
E00030738,330,71,259
E00030739,360,112,248
E00030740,321,102,219
E00030741,185,15,170
E00030742,207,30,177
E00030743,377,67,310
E00030744,390,66,324
E00030745,199,30,169
E00030746,264,48,216
E00030747,196,43,153
E00030748,268,36,232
E00030749,265,53,212
E00030750,294,43,251
E00030751,241,45,196
E00030752,313,53,260
E00030753,334,55,279
E00030754,335,57,278
E00030755,300,47,253
E00030756,335,68,267
E00030757,312,49,263
E00030758,284,45,239
E00030759,252,24,228
E00030760,274,60,214
E00030762,364,76,288
E00030763,476,121,355
E00030764,269,64,205
E00030765,498,132,366
E00030766,446,104,342
E00030767,285,67,218
E00030768,290,24,266
E00030769,275,59,216
E00030770,347,97,250
E00030771,319,76,243
E00030772,285,67,218
E00030773,253,55,198
E00030774,269,48,221
E00030775,189,21,168
E00030776,255,47,208
E00030777,266,46,220
E00030778,380,76,304
E00030779,295,64,231
E00030780,393,92,301
E00030782,343,43,300
E00030783,313,43,270
E00030784,218,24,194
E00030785,238,24,214
E00030786,310,52,258
E00030787,233,33,200
E00030788,271,39,232
E00030789,220,45,175
E00030790,378,75,303
E00030791,265,55,210
E00030792,228,28,200
E00030793,257,47,210
E00030796,346,84,262
E00030797,269,48,221
E00030798,312,40,272
E00030799,292,70,222
E00030800,296,71,225
E00030801,313,82,231
E00030802,354,59,295
E00030803,300,77,223
E00030804,314,74,240
E00030805,252,50,202
E00030806,168,19,149
E00030807,322,81,241
E00030808,313,79,234
E00030809,346,88,258
E00030810,333,56,277
E00030811,259,38,221
E00030812,343,73,270
E00030813,321,75,246
E00030814,254,58,196
E00030815,317,85,232
E00030816,389,76,313
E00030817,332,66,266
E00030818,326,91,235
E00030819,339,73,266
E00030820,262,69,193
E00030821,338,81,257
E00030822,308,82,226
E00030823,314,82,232
E00030824,265,45,220
E00030825,295,67,228
E00030826,288,52,236
E00030827,351,65,286
E00030828,309,62,247
E00030829,277,59,218
E00030830,261,36,225
E00030831,311,89,222
E00030832,326,81,245
E00030833,266,52,214
E00030834,294,54,240
E00030835,303,60,243
E00030836,310,60,250
E00030837,311,71,240
E00030838,318,69,249
E00030839,263,49,214
E00030840,350,77,273
E00030841,339,74,265
E00030842,305,90,215
E00030843,353,92,261
E00030844,346,97,249
E00030845,349,80,269
E00030846,208,42,166
E00030847,241,47,194
E00030848,333,71,262
E00030849,300,56,244
E00030850,328,86,242
E00030851,320,78,242
E00030853,348,57,291
E00030854,349,94,255
E00030855,303,68,235
E00030856,290,66,224
E00030857,216,30,186
E00030858,277,45,232
E00030859,280,60,220
E00030860,357,59,298
E00030861,283,64,219
E00030862,236,43,193
E00030863,266,49,217
E00030864,366,106,260
E00030865,225,37,188
E00030866,299,79,220
E00030867,284,53,231
E00030868,226,38,188
E00030869,576,161,415
E00030870,187,32,155
E00030871,315,76,239
E00030872,332,80,252
E00030873,376,86,290
E00030874,386,115,271
E00030875,351,83,268
E00030876,409,107,302
E00030877,399,104,295
E00030878,324,62,262
E00030879,479,97,382
E00030881,413,89,324
E00030882,341,63,278
E00030883,488,122,366
E00030884,326,83,243
E00030885,279,79,200
E00030886,331,74,257
E00030887,195,28,167
E00030888,298,49,249
E00030889,384,94,290
E00030890,336,85,251
E00030891,328,68,260
E00030892,292,52,240
E00030893,276,60,216
E00030894,254,39,215
E00030895,311,62,249
E00030896,272,58,214
E00030897,270,48,222
E00030898,356,76,280
E00030899,295,56,239
E00030900,335,94,241
E00030901,421,69,352
E00030902,325,86,239
E00030903,184,16,168
E00030904,255,49,206
E00030905,295,64,231
E00030906,341,76,265
E00030907,169,30,139
E00030908,285,52,233
E00030909,410,100,310
E00030910,334,77,257
E00030911,283,83,200
E00030912,369,87,282
E00030913,290,56,234
E00030914,180,34,146
E00030915,293,71,222
E00030916,321,69,252
E00030917,340,96,244
E00030918,297,73,224
E00030919,454,88,366
E00030920,272,83,189
E00030921,310,93,217
E00030922,253,87,166
E00030923,310,111,199
E00030924,313,45,268
E00030925,273,58,215
E00030926,248,29,219
E00030927,254,45,209
E00030928,265,57,208
E00030929,197,21,176
E00030930,233,16,217
E00030931,294,68,226
E00030932,270,57,213
E00030933,359,87,272
E00030934,223,36,187
E00030935,258,30,228
E00030936,326,87,239
E00030937,277,49,228
E00030938,269,68,201
E00030939,242,66,176
E00030940,222,60,162
E00030941,225,47,178
E00030942,316,105,211
E00030943,314,92,222
E00030944,370,137,233
E00030945,293,93,200
E00030946,454,170,284
E00030947,331,72,259
E00030950,404,97,307
E00030953,336,88,248
E00030954,500,174,326
E00030955,463,146,317
E00030956,204,52,152
E00030958,385,129,256
E00030961,205,45,160
E00030962,581,138,443
E00030963,421,117,304
E00030964,417,139,278
E00030965,350,98,252
E00030966,435,128,307
E00030967,383,104,279
E00030968,363,102,261
E00030969,355,86,269
E00030970,357,88,269
E00030971,366,86,280
E00030972,376,86,290
E00030973,321,71,250
E00030974,338,78,260
E00030975,280,69,211
E00030976,346,58,288
E00030977,380,123,257
E00030978,218,44,174
E00030979,264,45,219
E00030980,254,47,207
E00030981,279,55,224
E00030982,254,40,214
E00030983,314,79,235
E00030984,306,50,256
E00030985,308,68,240
E00030986,203,19,184
E00030987,301,68,233
E00030988,311,45,266
E00030989,222,33,189
E00030990,399,82,317
E00030991,323,62,261
E00030992,338,73,265
E00030993,318,66,252
E00030994,327,68,259
E00030995,298,58,240
E00030996,315,65,250
E00030997,315,55,260
E00030998,255,42,213
E00030999,280,48,232
E00031000,265,53,212
E00031001,331,63,268
E00031002,306,60,246
E00031003,280,53,227
E00031004,311,46,265
E00031005,231,46,185
E00031006,304,55,249
E00031007,273,41,232
E00031008,311,79,232
E00031009,338,68,270
E00031010,282,53,229
E00031011,276,53,223
E00031012,261,43,218
E00031013,275,41,234
E00031014,358,74,284
E00031015,335,54,281
E00031016,350,93,257
E00031017,309,60,249
E00031018,290,56,234
E00031019,305,78,227
E00031020,292,63,229
E00031021,314,60,254
E00031022,282,37,245
E00031023,252,54,198
E00031024,258,61,197
E00031025,240,31,209
E00031026,307,57,250
E00031027,320,49,271
E00031028,297,56,241
E00031029,451,84,367
E00031030,305,51,254
E00031031,281,65,216
E00031032,264,35,229
E00031033,330,51,279
E00031034,305,50,255
E00031035,254,38,216
E00031036,275,39,236
E00031037,264,58,206
E00031038,346,59,287
E00031039,306,63,243
E00031040,285,50,235
E00031041,308,54,254
E00031042,296,42,254
E00031043,259,26,233
E00031044,265,44,221
E00031045,345,71,274
E00031046,265,57,208
E00031047,260,24,236
E00031048,262,39,223
E00031049,244,30,214
E00031050,265,23,242
E00031051,296,56,240
E00031052,288,61,227
E00031053,295,64,231
E00031054,264,48,216
E00031055,295,54,241
E00031056,264,46,218
E00031057,345,52,293
E00031058,293,56,237
E00031059,238,34,204
E00031060,283,45,238
E00031061,342,84,258
E00031062,245,49,196
E00031063,307,52,255
E00031064,261,43,218
E00031065,251,43,208
E00031066,275,54,221
E00031067,291,52,239
E00031068,312,64,248
E00031069,219,27,192
E00031070,314,48,266
E00031071,345,84,261
E00031072,343,75,268
E00031073,353,88,265
E00031074,341,84,257
E00031075,323,69,254
E00031076,344,88,256
E00031077,336,94,242
E00031078,199,31,168
E00031079,351,103,248
E00031080,268,46,222
E00031081,495,109,386
E00031082,295,69,226
E00031083,310,76,234
E00031084,186,19,167
E00031085,367,95,272
E00031086,361,91,270
E00031087,258,59,199
E00031088,295,65,230
E00031089,333,97,236
E00031090,321,75,246
E00031091,341,96,245
E00031092,303,68,235
E00031093,321,80,241
E00031094,353,80,273
E00031095,301,58,243
E00031096,334,74,260
E00031097,363,83,280
E00031098,384,89,295
E00031099,377,107,270
E00031100,300,69,231
E00031101,307,79,228
E00031102,280,65,215
E00031103,392,75,317
E00031104,322,91,231
E00031105,262,40,222
E00031106,382,91,291
E00031107,215,42,173
E00031108,215,20,195
E00031109,283,63,220
E00031110,288,84,204
E00031111,286,66,220
E00031112,245,78,167
E00031113,199,22,177
E00031114,324,96,228
E00031115,325,107,218
E00031116,356,75,281
E00031117,275,48,227
E00031118,415,95,320
E00031119,409,80,329
E00031120,341,87,254
E00031121,318,63,255
E00031122,374,105,269
E00031123,267,91,176
E00031124,320,96,224
E00031125,333,71,262
E00031126,268,62,206
E00031127,277,43,234
E00031128,240,55,185
E00031129,341,80,261
E00031130,327,88,239
E00031131,155,14,141
E00031132,346,98,248
E00031133,235,45,190
E00031134,290,68,222
E00031135,255,36,219
E00031136,189,16,173
E00031137,462,113,349
E00031138,269,37,232
E00031139,309,47,262
E00031140,340,89,251
E00031141,261,45,216
E00031142,294,48,246
E00031143,311,77,234
E00031144,339,86,253
E00031145,330,83,247
E00031146,293,68,225
E00031147,305,56,249
E00031148,313,80,233
E00031149,322,65,257
E00031150,331,75,256
E00031151,211,31,180
E00031152,329,81,248
E00031153,320,72,248
E00031154,319,70,249
E00031155,297,61,236
E00031156,300,70,230
E00031157,356,85,271
E00031158,268,51,217
E00031159,369,82,287
E00031160,274,52,222
E00031161,369,93,276
E00031162,264,49,215
E00031163,257,45,212
E00031164,380,88,292
E00031165,288,56,232
E00031166,256,47,209
E00031167,300,74,226
E00031168,393,42,351
E00031169,403,59,344
E00031170,293,62,231
E00031171,319,79,240
E00031172,264,50,214
E00031173,340,87,253
E00031174,315,78,237
E00031175,231,28,203
E00031176,345,64,281
E00031177,277,49,228
E00031178,290,80,210
E00031179,323,75,248
E00031180,341,68,273
E00031181,267,46,221
E00031182,158,11,147
E00031183,244,52,192
E00031184,246,51,195
E00031185,272,41,231
E00031186,217,39,178
E00031187,360,81,279
E00031188,314,70,244
E00031189,223,37,186
E00031190,266,74,192
E00031191,370,103,267
E00031192,339,76,263
E00031193,329,89,240
E00031194,345,72,273
E00031195,350,110,240
E00031196,235,64,171
E00031197,372,118,254
E00031198,277,51,226
E00031199,336,73,263
E00031200,339,73,266
E00031201,347,82,265
E00031202,354,64,290
E00031203,324,45,279
E00031204,339,66,273
E00031205,223,49,174
E00031206,305,53,252
E00031207,189,13,176
E00031208,215,30,185
E00031209,432,79,353
E00031210,329,84,245
E00031211,266,40,226
E00031212,319,80,239
E00031213,289,66,223
E00031214,255,54,201
E00031215,199,40,159
E00031216,284,52,232
E00031217,161,16,145
E00031218,282,48,234
E00031219,315,80,235
E00031220,314,67,247
E00031221,183,29,154
E00031222,281,53,228
E00031223,239,39,200
E00031224,299,71,228
E00031225,264,55,209
E00031226,263,64,199
E00031227,301,40,261
E00031228,263,54,209
E00031229,236,26,210
E00031230,266,51,215
E00031231,444,87,357
E00031232,347,54,293
E00031233,314,77,237
E00031234,267,60,207
E00031235,379,67,312
E00031236,335,60,275
E00031237,233,37,196
E00031239,376,83,293
E00031240,244,44,200
E00031241,252,52,200
E00031242,325,109,216
E00031243,372,109,263
E00031244,257,52,205
E00031245,274,59,215
E00031246,332,97,235
E00031247,448,105,343
E00031248,234,49,185
E00031249,222,63,159
E00031250,328,65,263
E00031251,219,45,174
E00031252,405,93,312
E00031253,256,53,203
E00031254,260,46,214
E00031255,262,47,215
E00031256,160,24,136
E00031257,258,56,202
E00031258,267,47,220
E00031259,243,47,196
E00031260,226,40,186
E00031261,186,24,162
E00031262,336,84,252
E00031263,265,51,214
E00031264,281,68,213
E00031265,251,44,207
E00031266,335,80,255
E00031267,341,70,271
E00031268,321,72,249
E00031269,267,75,192
E00031270,303,44,259
E00031271,285,64,221
E00031272,296,65,231
E00031273,175,25,150
E00031274,331,62,269
E00031275,291,54,237
E00031276,244,46,198
E00031277,189,34,155
E00031278,318,58,260
E00031279,300,71,229
E00031280,248,56,192
E00031281,339,109,230
E00031282,306,80,226
E00031283,343,97,246
E00031284,252,46,206
E00031285,241,56,185
E00031286,285,60,225
E00031287,283,58,225
E00031288,257,60,197
E00031289,340,91,249
E00031290,282,85,197
E00031291,281,61,220
E00031292,270,59,211
E00031293,315,61,254
E00031294,376,81,295
E00031295,301,61,240
E00031296,249,49,200
E00031297,292,47,245
E00031298,227,24,203
E00031299,260,36,224
E00031300,261,50,211
E00031301,331,55,276
E00031302,265,48,217
E00031303,281,65,216
E00031304,240,32,208
E00031305,305,68,237
E00031306,254,52,202
E00031307,291,71,220
E00031308,305,53,252
E00031309,313,51,262
E00031310,304,66,238
E00031311,314,79,235
E00031312,191,29,162
E00031313,241,59,182
E00031314,258,44,214
E00031315,189,16,173
E00031316,349,55,294
E00031317,247,60,187
E00031318,119,22,97
E00031319,343,82,261
E00031320,400,97,303
E00031321,201,35,166
E00031322,276,65,211
E00031323,381,102,279
E00031324,294,56,238
E00031325,318,74,244
E00031326,328,69,259
E00031327,314,74,240
E00031328,347,75,272
E00031329,337,82,255
E00031330,310,68,242
E00031331,325,73,252
E00031332,318,79,239
E00031333,264,52,212
E00031334,344,80,264
E00031335,310,63,247
E00031336,341,64,277
E00031337,261,50,211
E00031338,237,41,196
E00031339,357,85,272
E00031340,277,52,225
E00031341,241,42,199
E00031342,208,22,186
E00031343,204,25,179
E00031344,233,52,181
E00031345,202,43,159
E00031346,364,65,299
E00031347,268,69,199
E00031348,303,32,271
E00031349,353,71,282
E00031350,363,74,289
E00031351,306,78,228
E00031352,319,61,258
E00031353,320,56,264
E00031354,369,71,298
E00031355,543,131,412
E00031356,272,51,221
E00031357,297,70,227
E00031358,311,74,237
E00031359,321,65,256
E00031360,319,85,234
E00031361,366,119,247
E00031362,309,61,248
E00031366,453,127,326
E00031367,300,66,234
E00031368,281,56,225
E00031371,319,72,247
E00031373,354,90,264
E00031375,340,90,250
E00031376,460,110,350
E00031377,209,22,187
E00031378,318,52,266
E00031379,344,64,280
E00031380,358,82,276
E00031382,255,40,215
E00031383,296,75,221
E00031384,288,59,229
E00031385,393,93,300
E00031386,315,82,233
E00031387,274,49,225
E00031388,357,71,286
E00031389,350,77,273
E00031390,320,66,254
E00031391,346,78,268
E00031392,352,74,278
E00031393,290,57,233
E00031394,321,68,253
E00031395,355,74,281
E00031396,307,72,235
E00031397,348,83,265
E00031398,275,56,219
E00031399,262,54,208
E00031400,271,42,229
E00031401,210,32,178
E00031402,337,91,246
E00031403,317,82,235
E00031404,241,55,186
E00031405,305,69,236
E00031406,321,68,253
E00031407,286,47,239
E00031408,337,91,246
E00031409,367,81,286
E00031410,305,62,243
E00031411,324,89,235
E00031412,367,86,281
E00031413,285,58,227
E00031414,336,71,265
E00031415,316,48,268
E00031416,212,22,190
E00031417,263,47,216
E00031418,261,54,207
E00031419,318,70,248
E00031420,281,48,233
E00031421,385,47,338
E00031422,254,60,194
E00031423,228,20,208
E00031424,267,47,220
E00031425,252,38,214
E00031426,366,48,318
E00031427,215,25,190
E00031428,288,42,246
E00031429,258,49,209
E00031430,253,54,199
E00031431,292,47,245
E00031432,319,64,255
E00031433,245,34,211
E00031434,384,60,324
E00031435,285,51,234
E00031436,227,28,199
E00031437,355,66,289
E00031438,353,53,300
E00031439,289,68,221
E00031440,326,78,248
E00031441,231,32,199
E00031442,208,32,176
E00031443,276,53,223
E00031444,251,42,209
E00031445,316,60,256
E00031446,190,23,167
E00031447,236,34,202
E00031448,224,26,198
E00031450,253,54,199
E00031451,417,90,327
E00031452,294,64,230
E00031453,376,70,306
E00031454,339,93,246
E00031455,262,71,191
E00031456,358,68,290
E00031457,421,100,321
E00031458,285,55,230
E00031459,250,71,179
E00031460,253,51,202
E00031461,313,72,241
E00031462,324,69,255
E00031463,343,103,240
E00031464,220,37,183
E00031465,218,48,170
E00031466,318,46,272
E00031467,324,77,247
E00031468,388,107,281
E00031469,316,75,241
E00031470,312,65,247
E00031471,318,86,232
E00031472,181,14,167
E00031473,268,53,215
E00031474,272,51,221
E00031475,319,71,248
E00031476,307,80,227
E00031477,273,41,232
E00031478,296,59,237
E00031479,313,63,250
E00031480,290,57,233
E00031481,305,57,248
E00031482,322,84,238
E00031483,378,92,286
E00031484,329,79,250
E00031485,279,72,207
E00031486,279,55,224
E00031487,265,53,212
E00031488,351,78,273
E00031489,240,38,202
E00031490,296,57,239
E00031491,245,58,187
E00031492,258,39,219
E00031493,287,60,227
E00031494,248,67,181
E00031495,227,46,181
E00031496,236,40,196
E00031497,277,49,228
E00031498,256,40,216
E00031499,354,71,283
E00031500,303,54,249
E00031501,345,53,292
E00031503,199,33,166
E00031504,248,39,209
E00031505,314,57,257
E00031506,347,70,277
E00031508,306,65,241
E00031509,333,58,275
E00031510,282,38,244
E00031511,295,59,236
E00031512,371,73,298
E00031513,271,61,210
E00031514,246,50,196
E00031516,262,65,197
E00031517,241,47,194
E00031518,242,62,180
E00031519,422,78,344
E00031520,343,92,251
E00031521,275,46,229
E00031522,288,47,241
E00031523,272,54,218
E00031524,236,24,212
E00031525,274,38,236
E00031526,300,61,239
E00031527,327,84,243
E00031528,367,76,291
E00031529,287,50,237
E00031530,265,38,227
E00031531,194,37,157
E00031532,379,100,279
E00031533,469,93,376
E00031534,257,39,218
E00031535,353,81,272
E00031536,340,49,291
E00031537,295,60,235
E00031538,382,67,315
E00031539,275,47,228
E00031540,305,62,243
E00031541,270,60,210
E00031542,242,56,186
E00031543,296,38,258
E00031544,225,16,209
E00031545,333,55,278
E00031546,341,75,266
E00031547,273,44,229
E00031548,285,39,246
E00031549,321,33,288
E00031550,339,98,241
E00031551,231,15,216
E00031552,314,46,268
E00031553,350,67,283
E00031554,367,89,278
E00031555,322,66,256
E00031556,272,38,234
E00031557,290,42,248
E00031558,270,34,236
E00031559,391,70,321
E00031560,340,60,280
E00031561,248,28,220
E00031562,268,37,231
E00031563,275,41,234
E00031564,297,46,251
E00031565,378,63,315
E00031566,362,90,272
E00031567,260,41,219
E00031568,230,43,187
E00031569,279,45,234
E00031570,241,44,197
E00031571,235,28,207
E00031572,303,54,249
E00031573,267,53,214
E00031574,274,53,221
E00031575,256,23,233
E00031576,336,71,265
E00031577,274,30,244
E00031578,348,82,266
E00031579,296,56,240
E00031580,327,53,274
E00031581,283,28,255
E00031582,228,38,190
E00031583,215,27,188
E00031584,329,70,259
E00031585,298,46,252
E00031586,222,37,185
E00031587,333,40,293
E00031588,279,47,232
E00031589,338,63,275
E00031590,295,31,264
E00031591,254,49,205
E00031592,311,61,250
E00031593,266,42,224
E00031594,296,34,262
E00031595,307,42,265
E00031596,286,45,241
E00031597,309,47,262
E00031598,256,54,202
E00031599,379,70,309
E00031600,236,23,213
E00031602,444,98,346
E00031603,353,50,303
E00031604,336,64,272
E00031605,255,47,208
E00031607,212,32,180
E00031608,238,28,210
E00031609,256,46,210
E00031610,268,34,234
E00031611,300,46,254
E00031612,228,41,187
E00031613,199,31,168
E00031614,225,31,194
E00031615,231,27,204
E00031616,305,37,268
E00031617,225,23,202
E00031618,291,71,220
E00031619,244,44,200
E00031622,303,69,234
E00031623,204,25,179
E00031624,327,44,283
E00031625,245,40,205
E00031627,503,114,389
E00031629,273,43,230
E00031630,226,25,201
E00031631,273,23,250
E00031632,242,32,210
E00031633,339,45,294
E00031634,427,110,317
E00031635,261,29,232
E00031636,273,52,221
E00031637,509,86,423
E00031638,363,56,307
E00031639,264,79,185
E00031640,280,82,198
E00031641,313,83,230
E00031642,260,75,185
E00031643,266,66,200
E00031644,284,74,210
E00031645,347,118,229
E00031646,509,121,388
E00031647,336,96,240
E00031648,339,99,240
E00031649,174,19,155
E00031650,231,47,184
E00031651,233,53,180
E00031652,449,74,375
E00031653,276,51,225
E00031654,287,40,247
E00031655,218,33,185
E00031656,264,33,231
E00031657,305,43,262
E00031658,251,39,212
E00031659,296,53,243
E00031660,291,32,259
E00031661,306,38,268
E00031662,168,22,146
E00031663,310,48,262
E00031664,493,104,389
E00031665,293,39,254
E00031666,290,42,248
E00031667,280,43,237
E00031668,234,38,196
E00031669,218,43,175
E00031670,283,67,216
E00031671,273,85,188
E00031672,225,39,186
E00031674,347,108,239
E00031675,304,78,226
E00031676,262,80,182
E00031677,248,31,217
E00031678,267,43,224
E00031679,394,55,339
E00031681,278,44,234
E00031682,283,42,241
E00031683,232,31,201
E00031684,375,63,312
E00031685,317,61,256
E00031686,235,36,199
E00031687,324,66,258
E00031688,230,24,206
E00031689,281,56,225
E00031690,177,21,156
E00031691,213,31,182
E00031692,277,54,223
E00031693,220,47,173
E00031694,314,67,247
E00031695,324,52,272
E00031696,335,98,237
E00031697,278,54,224
E00031698,351,74,277
E00031699,271,69,202
E00031700,326,76,250
E00031701,362,98,264
E00031702,270,51,219
E00031703,284,36,248
E00031704,264,42,222
E00031705,364,66,298
E00031706,277,53,224
E00031707,234,59,175
E00031708,293,60,233
E00031709,257,58,199
E00031710,311,67,244
E00031711,264,50,214
E00031712,261,35,226
E00031713,291,38,253
E00031714,273,33,240
E00031715,280,52,228
E00031716,291,50,241
E00031717,292,53,239
E00031718,291,54,237
E00031719,398,57,341
E00031720,253,35,218
E00031721,341,49,292
E00031722,328,64,264
E00031723,322,60,262
E00031725,307,42,265
E00031726,274,34,240
E00031727,310,46,264
E00031728,262,46,216
E00031729,245,50,195
E00031730,285,41,244
E00031731,263,47,216
E00031732,298,59,239
E00031733,362,88,274
E00031734,331,74,257
E00031735,319,52,267
E00031736,336,63,273
E00031737,315,49,266
E00031738,276,66,210
E00031739,287,37,250
E00031740,262,45,217
E00031741,187,10,177
E00031742,270,42,228
E00031743,257,36,221
E00031744,312,51,261
E00031745,301,76,225
E00031746,323,79,244
E00031747,294,65,229
E00031748,151,21,130
E00031749,327,50,277
E00031750,230,34,196
E00031751,223,39,184
E00031752,233,29,204
E00031753,296,41,255
E00031754,299,52,247
E00031755,277,49,228
E00031756,303,37,266
E00031757,276,42,234
E00031758,309,56,253
E00031759,275,39,236
E00031760,273,52,221
E00031761,257,57,200
E00031762,267,46,221
E00031763,288,36,252
E00031764,259,39,220
E00031765,252,55,197
E00031766,267,33,234
E00031767,294,48,246
E00031768,296,65,231
E00031769,284,43,241
E00031770,368,88,280
E00031771,236,47,189
E00031772,477,90,387
E00031773,280,60,220
E00031774,289,44,245
E00031776,278,47,231
E00031777,334,47,287
E00031778,317,45,272
E00031779,283,69,214
E00031780,346,99,247
E00031781,271,45,226
E00031782,256,27,229
E00031783,244,37,207
E00031784,352,57,295
E00031785,347,48,299
E00031786,343,56,287
E00031787,247,50,197
E00031788,299,82,217
E00031789,325,66,259
E00031790,275,39,236
E00031791,285,39,246
E00031792,302,65,237
E00031793,317,62,255
E00031794,332,48,284
E00031795,266,45,221
E00031796,245,60,185
E00031797,258,66,192
E00031798,188,26,162
E00031799,303,78,225
E00031800,391,73,318
E00031801,393,68,325
E00031802,327,66,261
E00031803,283,34,249
E00031805,337,72,265
E00031806,196,26,170
E00031807,426,105,321
E00031808,422,111,311
E00031809,309,74,235
E00031810,433,61,372
E00031811,256,24,232
E00031812,228,19,209
E00031813,284,64,220
E00031814,233,38,195
E00031815,315,44,271
E00031816,264,45,219
E00031817,345,90,255
E00031818,339,67,272
E00031819,272,36,236
E00031820,248,30,218
E00031821,269,38,231
E00031822,259,38,221
E00031823,473,121,352
E00031824,280,72,208
E00031825,275,51,224
E00031826,310,53,257
E00031827,285,49,236
E00031828,378,77,301
E00031829,410,74,336
E00031830,268,33,235
E00031831,307,57,250
E00031832,274,72,202
E00031833,305,48,257
E00031834,257,62,195
E00031835,288,31,257
E00031836,244,44,200
E00031837,340,106,234
E00031838,330,80,250
E00031839,542,85,457
E00031840,461,70,391
E00031841,276,20,256
E00031842,407,71,336
E00031843,288,33,255
E00031844,264,28,236
E00031845,265,52,213
E00031846,296,37,259
E00031848,265,59,206
E00031849,254,31,223
E00031850,362,51,311
E00031851,249,38,211
E00031852,320,43,277
E00031853,304,52,252
E00031854,311,46,265
E00031855,301,52,249
E00031856,420,79,341
E00031857,343,62,281
E00031858,272,33,239
E00031859,406,77,329
E00031860,405,70,335
E00031861,305,52,253
E00031862,252,54,198
E00031863,276,45,231
E00031864,323,63,260
E00031865,216,27,189
E00031866,248,42,206
E00031867,306,46,260
E00031868,313,53,260
E00031869,267,43,224
E00031870,263,38,225
E00031871,309,38,271
E00031872,248,37,211
E00031873,212,30,182
E00031874,244,35,209
E00031875,324,65,259
E00031876,189,30,159
E00031877,300,57,243
E00031878,214,23,191
E00031879,232,27,205
E00031880,247,29,218
E00031881,290,64,226
E00031882,321,59,262
E00031883,324,53,271
E00031884,230,57,173
E00031885,356,101,255
E00031886,305,45,260
E00031887,321,40,281
E00031888,241,41,200
E00031889,240,67,173
E00031890,315,95,220
E00031891,255,35,220
E00031892,322,37,285
E00031893,252,50,202
E00031894,248,45,203
E00031895,226,43,183
E00031896,226,30,196
E00031897,226,30,196
E00031898,315,47,268
E00031899,256,31,225
E00031900,301,54,247
E00031901,336,59,277
E00031902,345,59,286
E00031903,258,50,208
E00031904,341,87,254
E00031905,246,33,213
E00031906,405,73,332
E00031907,252,30,222
E00031908,353,89,264
E00031909,298,29,269
E00031910,252,47,205
E00031911,351,68,283
E00031912,257,36,221
E00031913,237,30,207
E00031914,319,88,231
E00031915,424,78,346
E00031916,259,57,202
E00031917,254,41,213
E00031918,261,42,219
E00031919,247,53,194
E00031920,341,47,294
E00031921,287,45,242
E00031922,292,72,220
E00031923,302,72,230
E00031924,268,41,227
E00031925,331,72,259
E00031926,287,61,226
E00031927,277,56,221
E00031928,238,52,186
E00031930,267,31,236
E00031931,222,27,195
E00031932,314,83,231
E00031933,291,46,245
E00031934,263,46,217
E00031935,283,41,242
E00031936,268,39,229
E00031937,251,23,228
E00031938,250,31,219
E00031939,373,75,298
E00031940,442,83,359
E00031941,323,54,269
E00031942,251,38,213
E00031943,300,66,234
E00031944,313,34,279
E00031945,310,73,237
E00031946,206,34,172
E00031947,503,85,418
E00031948,330,56,274
E00031949,498,100,398
E00031950,390,71,319
E00031951,292,60,232
E00031952,290,66,224
E00031953,299,46,253
E00031954,297,61,236
E00031955,283,40,243
E00031956,211,31,180
E00031957,276,59,217
E00031958,282,70,212
E00031959,310,87,223
E00031960,252,65,187
E00031961,263,53,210
E00031962,285,67,218
E00031963,277,69,208
E00031964,363,83,280
E00031965,342,75,267
E00031966,329,78,251
E00031967,249,40,209
E00031968,344,91,253
E00031969,300,65,235
E00031970,284,48,236
E00031971,304,47,257
E00031972,217,30,187
E00031973,246,37,209
E00031974,330,117,213
E00031975,283,30,253
E00031976,317,86,231
E00031977,243,9,234
E00031978,198,28,170
E00031979,458,130,328
E00031980,239,52,187
E00031981,305,82,223
E00031982,279,41,238
E00031983,372,85,287
E00031984,138,3,135
E00031985,325,70,255
E00031986,285,55,230
E00031987,260,48,212
E00031988,299,29,270
E00031989,292,44,248
E00031990,279,39,240
E00031991,301,60,241
E00031993,481,80,401
E00031994,292,26,266
E00031995,279,31,248
E00031996,420,86,334
E00031997,388,67,321
E00031998,371,54,317
E00031999,244,24,220
E00032000,303,59,244
E00032001,437,92,345
E00032002,230,17,213
E00032003,309,60,249
E00032004,428,114,314
E00032005,238,46,192
E00032006,457,70,387
E00032007,260,37,223
E00032008,236,24,212
E00032009,242,33,209
E00032010,234,27,207
E00032011,259,47,212
E00032012,276,32,244
E00032013,327,58,269
E00032014,307,66,241
E00032015,280,54,226
E00032016,255,45,210
E00032017,206,32,174
E00032018,206,20,186
E00032019,215,24,191
E00032020,285,38,247
E00032021,276,58,218
E00032022,269,45,224
E00032023,227,23,204
E00032024,233,19,214
E00032025,265,40,225
E00032026,214,15,199
E00032027,314,82,232
E00032029,282,61,221
E00032030,165,24,141
E00032031,340,65,275
E00032032,269,43,226
E00032033,212,36,176
E00032034,230,14,216
E00032035,242,33,209
E00032036,238,32,206
E00032037,269,53,216
E00032038,243,46,197
E00032039,230,25,205
E00032040,293,64,229
E00032042,216,15,201
E00032043,252,32,220
E00032044,262,54,208
E00032045,334,81,253
E00032046,321,93,228
E00032047,254,36,218
E00032048,349,76,273
E00032049,236,29,207
E00032050,279,33,246
E00032051,270,60,210
E00032052,295,54,241
E00032053,306,60,246
E00032054,274,34,240
E00032057,285,52,233
E00032058,297,45,252
E00032059,214,39,175
E00032060,223,42,181
E00032062,385,86,299
E00032063,243,52,191
E00032064,319,65,254
E00032065,268,48,220
E00032066,265,31,234
E00032067,341,70,271
E00032068,236,51,185
E00032069,305,60,245
E00032070,265,41,224
E00032071,265,43,222
E00032072,264,43,221
E00032073,317,52,265
E00032074,246,25,221
E00032075,274,42,232
E00032076,312,53,259
E00032077,258,39,219
E00032078,283,51,232
E00032079,251,31,220
E00032080,327,77,250
E00032081,358,66,292
E00032082,235,36,199
E00032083,394,82,312
E00032084,372,78,294
E00032085,266,42,224
E00032086,303,40,263
E00032087,319,52,267
E00032088,280,53,227
E00032089,482,122,360
E00032090,282,31,251
E00032091,321,48,273
E00032092,263,36,227
E00032094,418,64,354
E00032095,488,79,409
E00032096,246,30,216
E00032097,225,39,186
E00032098,267,43,224
E00032099,367,28,339
E00032100,254,34,220
E00032101,237,44,193
E00032102,255,32,223
E00032103,264,34,230
E00032104,322,78,244
E00032105,332,99,233
E00032106,276,60,216
E00032107,399,105,294
E00032108,234,56,178
E00032109,361,65,296
E00032110,272,44,228
E00032111,267,54,213
E00032112,441,77,364
E00032113,332,58,274
E00032114,277,68,209
E00032115,308,53,255
E00032116,270,22,248
E00032117,249,41,208
E00032118,333,43,290
E00032119,244,32,212
E00032120,244,43,201
E00032121,277,46,231
E00032122,210,32,178
E00032123,281,39,242
E00032124,291,53,238
E00032125,236,42,194
E00032126,296,74,222
E00032127,254,34,220
E00032128,283,43,240
E00032129,284,55,229
E00032130,339,52,287
E00032131,330,63,267
E00032132,282,54,228
E00032133,382,58,324
E00032134,284,53,231
E00032135,399,81,318
E00032136,440,89,351
E00032137,256,45,211
E00032138,286,48,238
E00032139,319,38,281
E00032141,302,57,245
E00032142,333,71,262
E00032143,221,26,195
E00032144,272,43,229
E00032145,311,42,269
E00032146,259,43,216
E00032148,252,30,222
E00032149,237,55,182
E00032150,235,21,214
E00032151,320,59,261
E00032152,229,32,197
E00032153,278,45,233
E00032154,236,59,177
E00032155,277,61,216
E00032156,228,25,203
E00032157,289,62,227
E00032158,266,36,230
E00032159,261,64,197
E00032160,298,62,236
E00032161,299,61,238
E00032162,246,45,201
E00032163,392,53,339
E00032164,246,40,206
E00032165,231,41,190
E00032166,433,84,349
E00032167,433,92,341
E00032168,309,63,246
E00032169,438,98,340
E00032170,326,77,249
E00032171,282,63,219
E00032172,381,86,295
E00032173,208,20,188
E00032174,294,56,238
E00032175,306,32,274
E00032176,249,41,208
E00032177,173,19,154
E00032178,221,30,191
E00032179,273,29,244
E00032180,414,105,309
E00032181,290,68,222
E00032182,424,65,359
E00032183,286,53,233
E00032184,226,21,205
E00032185,266,49,217
E00032186,336,62,274
E00032187,368,74,294
E00032188,248,30,218
E00032189,271,32,239
E00032190,263,43,220
E00032191,294,51,243
E00032192,273,36,237
E00032193,235,17,218
E00032194,291,46,245
E00032195,330,63,267
E00032196,243,25,218
E00032197,326,40,286
E00032198,408,124,284
E00032200,338,97,241
E00032201,354,92,262
E00032202,470,70,400
E00032203,293,62,231
E00032204,251,53,198
E00032205,358,64,294
E00032206,489,108,381
E00032207,296,78,218
E00032208,337,84,253
E00032209,335,44,291
E00032210,296,77,219
E00032211,315,55,260
E00032212,275,39,236
E00032213,245,61,184
E00032214,276,61,215
E00032215,241,44,197
E00032216,306,101,205
E00032217,229,51,178
E00032218,275,65,210
E00032219,365,124,241
E00032220,313,71,242
E00032221,295,45,250
E00032222,274,84,190
E00032223,282,66,216
E00032224,205,34,171
E00032225,364,151,213
E00032226,150,26,124
E00032227,255,50,205
E00032228,347,96,251
E00032229,322,114,208
E00032230,277,79,198
E00032231,269,52,217
E00032232,240,39,201
E00032233,480,99,381
E00032234,247,38,209
E00032235,248,57,191
E00032236,351,57,294
E00032237,289,50,239
E00032238,276,44,232
E00032239,109,19,90
E00032240,228,51,177
E00032241,234,61,173
E00032242,221,73,148
E00032243,288,72,216
E00032244,188,46,142
E00032245,256,66,190
E00032246,225,46,179
E00032247,313,56,257
E00032248,225,24,201
E00032249,256,34,222
E00032250,282,40,242
E00032251,241,39,202
E00032252,270,44,226
E00032253,288,44,244
E00032254,226,29,197
E00032255,249,54,195
E00032256,327,67,260
E00032257,239,54,185
E00032258,350,81,269
E00032259,265,44,221
E00032261,185,14,171
E00032262,412,77,335
E00032263,293,53,240
E00032264,221,20,201
E00032265,309,60,249
E00032266,487,119,368
E00032267,219,31,188
E00032268,291,50,241
E00032269,268,38,230
E00032270,264,44,220
E00032271,489,73,416
E00032272,276,46,230
E00032275,225,8,217
E00032276,366,66,300
E00032277,281,54,227
E00032278,212,34,178
E00032279,297,51,246
E00032280,255,31,224
E00032281,248,21,227
E00032282,247,22,225
E00032283,212,30,182
E00032284,294,57,237
E00032285,164,16,148
E00032286,308,48,260
E00032287,333,66,267
E00032288,297,55,242
E00032289,257,26,231
E00032290,281,43,238
E00032291,264,51,213
E00032292,300,51,249
E00032293,246,38,208
E00032294,263,43,220
E00032295,281,44,237
E00032296,273,51,222
E00032297,246,28,218
E00032298,286,48,238
E00032299,234,35,199
E00032300,244,30,214
E00032301,243,38,205
E00032302,276,47,229
E00032303,287,49,238
E00032304,297,48,249
E00032305,395,67,328
E00032306,307,55,252
E00032308,292,47,245
E00032309,246,39,207
E00032310,324,53,271
E00032311,298,56,242
E00032312,252,42,210
E00032313,217,26,191
E00032315,446,50,396
E00032316,259,45,214
E00032317,247,43,204
E00032318,313,56,257
E00032319,286,39,247
E00032320,324,61,263
E00032321,243,47,196
E00032322,274,39,235
E00032323,233,28,205
E00032324,349,62,287
E00032325,414,125,289
E00032326,242,40,202
E00032327,300,61,239
E00032328,297,40,257
E00032329,541,131,410
E00032330,578,144,434
E00032331,289,52,237
E00032332,207,35,172
E00032333,460,102,358
E00032334,218,47,171
E00032335,260,45,215
E00032336,233,32,201
E00032337,349,70,279
E00032338,461,91,370
E00032339,564,105,459
E00032340,290,49,241
E00032341,324,68,256
E00032342,272,46,226
E00032343,268,47,221
E00032344,252,56,196
E00032345,152,14,138
E00032346,270,48,222
E00032347,263,39,224
E00032348,326,51,275
E00032349,344,60,284
E00032350,252,40,212
E00032351,120,21,99
E00032352,273,37,236
E00032353,332,78,254
E00032354,263,48,215
E00032355,323,82,241
E00032356,213,15,198
E00032357,243,34,209
E00032358,342,106,236
E00032359,319,77,242
E00032360,223,44,179
E00032361,430,66,364
E00032362,259,28,231
E00032363,208,42,166
E00032364,203,21,182
E00032365,193,12,181
E00032366,229,27,202
E00032367,236,38,198
E00032368,271,45,226
E00032369,267,58,209
E00032371,264,35,229
E00032372,268,37,231
E00032373,245,42,203
E00032374,300,50,250
E00032375,349,64,285
E00032376,226,44,182
E00032377,372,114,258
E00032378,309,49,260
E00032379,305,76,229
E00032380,233,32,201
E00032381,260,45,215
E00032382,263,23,240
E00032383,293,63,230
E00032384,330,62,268
E00032385,258,31,227
E00032386,257,33,224
E00032387,198,51,147
E00032388,278,89,189
E00032389,304,56,248
E00032390,333,58,275
E00032391,219,51,168
E00032392,187,40,147
E00032393,347,108,239
E00032394,175,15,160
E00032395,271,47,224
E00032396,242,4,238
E00032397,281,66,215
E00032398,358,53,305
E00032399,223,45,178
E00032400,397,67,330
E00032401,427,83,344
E00032402,343,79,264
E00032403,217,26,191
E00032404,180,14,166
E00032405,232,23,209
E00032406,291,32,259
E00032407,280,32,248
E00032408,271,25,246
E00032409,279,45,234
E00032410,337,45,292
E00032411,282,38,244
E00032412,262,29,233
E00032413,463,93,370
E00032414,250,43,207
E00032415,289,41,248
E00032416,255,30,225
E00032417,253,39,214
E00032418,394,71,323
E00032419,240,44,196
E00032420,226,32,194
E00032421,314,70,244
E00032422,303,50,253
E00032423,269,31,238
E00032424,358,63,295
E00032426,336,42,294
E00032427,349,65,284
E00032428,324,53,271
E00032429,406,90,316
E00032430,187,17,170
E00032431,244,36,208
E00032432,213,55,158
E00032433,188,30,158
E00032434,241,37,204
E00032435,204,30,174
E00032436,284,55,229
E00032437,277,50,227
E00032438,152,15,137
E00032439,315,57,258
E00032440,291,57,234
E00032441,327,68,259
E00032442,328,61,267
E00032443,340,42,298
E00032444,290,41,249
E00032446,300,53,247
E00032447,239,23,216
E00032448,297,50,247
E00032449,294,62,232
E00032450,281,52,229
E00032451,306,49,257
E00032452,339,59,280
E00032453,276,48,228
E00032454,255,35,220
E00032455,287,30,257
E00032456,356,81,275
E00032457,312,50,262
E00032458,314,51,263
E00032459,244,44,200
E00032460,349,52,297
E00032461,423,81,342
E00032462,246,25,221
E00032463,259,38,221
E00032464,307,90,217
E00032465,332,71,261
E00032466,441,80,361
E00032467,302,60,242
E00032468,338,111,227
E00032469,270,51,219
E00032470,264,61,203
E00032471,260,66,194
E00032472,269,41,228
E00032473,219,32,187
E00032474,353,46,307
E00032475,105,4,101
E00032476,407,87,320
E00032477,122,25,97
E00032478,465,114,351
E00032479,253,44,209
E00032480,279,25,254
E00032481,293,61,232
E00032482,235,55,180
E00032483,318,77,241
E00032484,289,38,251
E00032485,304,65,239
E00032486,302,48,254
E00032487,273,37,236
E00032488,236,28,208
E00032489,327,76,251
E00032490,275,42,233
E00032491,262,29,233
E00032492,232,27,205
E00032493,269,40,229
E00032494,215,24,191
E00032495,257,34,223
E00032496,309,41,268
E00032497,353,59,294
E00032498,223,35,188
E00032499,238,45,193
E00032500,205,20,185
E00032501,193,29,164
E00032502,224,45,179
E00032504,272,69,203
E00032505,234,38,196
E00032506,195,5,190
E00032507,216,36,180
E00032508,261,67,194
E00032510,293,67,226
E00032511,268,79,189
E00032512,288,50,238
E00032513,371,104,267
E00032514,219,39,180
E00032515,318,90,228
E00032516,232,38,194
E00032517,332,58,274
E00032518,265,55,210
E00032520,250,48,202
E00032521,243,45,198
E00032522,360,68,292
E00032523,236,55,181
E00032524,244,39,205
E00032525,287,74,213
E00032526,228,44,184
E00032528,243,49,194
E00032529,237,37,200
E00032530,386,88,298
E00032531,174,18,156
E00032532,279,52,227
E00032533,313,63,250
E00032534,332,79,253
E00032536,259,50,209
E00032537,583,134,449
E00032538,333,52,281
E00032539,338,51,287
E00032540,131,19,112
E00032541,287,38,249
E00032542,235,34,201
E00032543,270,41,229
E00032544,315,58,257
E00032545,301,45,256
E00032546,252,35,217
E00032547,304,45,259
E00032548,302,43,259
E00032549,236,30,206
E00032550,250,34,216
E00032551,241,31,210
E00032552,217,38,179
E00032553,277,54,223
E00032554,353,72,281
E00032555,238,42,196
E00032557,271,55,216
E00032558,284,57,227
E00032559,291,46,245
E00032560,307,49,258
E00032561,339,57,282
E00032562,225,42,183
E00032563,381,42,339
E00032564,191,23,168
E00032565,328,47,281
E00032566,437,67,370
E00032567,282,33,249
E00032568,323,66,257
E00032569,348,88,260
E00032570,252,62,190
E00032571,358,90,268
E00032572,357,61,296
E00032573,282,57,225
E00032574,219,25,194
E00032575,308,53,255
E00032576,262,36,226
E00032577,292,78,214
E00032578,294,61,233
E00032579,265,56,209
E00032580,213,51,162
E00032581,223,37,186
E00032582,249,48,201
E00032583,204,36,168
E00032584,192,37,155
E00032585,237,34,203
E00032586,269,35,234
E00032587,288,44,244
E00032588,395,101,294
E00032589,269,56,213
E00032590,294,43,251
E00032591,386,59,327
E00032592,478,91,387
E00032593,459,75,384
E00032594,233,28,205
E00032595,198,29,169
E00032596,286,68,218
E00032597,234,33,201
E00032598,283,45,238
E00032599,241,51,190
E00032600,252,39,213
E00032601,276,51,225
E00032602,222,48,174
E00032603,435,77,358
E00032604,424,58,366
E00032605,116,2,114
E00032606,355,69,286
E00032607,256,48,208
E00032608,276,46,230
E00032609,280,60,220
E00032610,296,64,232
E00032611,384,73,311
E00032612,264,61,203
E00032613,266,54,212
E00032614,146,24,122
E00032615,257,46,211
E00032616,315,71,244
E00032617,270,38,232
E00032618,370,83,287
E00032619,324,79,245
E00032620,208,43,165
E00032621,323,84,239
E00032622,265,57,208
E00032623,256,51,205
E00032624,236,44,192
E00032625,242,48,194
E00032626,289,48,241
E00032627,331,61,270
E00032628,272,78,194
E00032629,240,22,218
E00032630,311,52,259
E00032631,424,82,342
E00032632,332,59,273
E00032633,295,42,253
E00032634,292,50,242
E00032635,283,51,232
E00032636,223,37,186
E00032637,340,71,269
E00032639,296,58,238
E00032640,226,28,198
E00032641,386,72,314
E00032644,229,53,176
E00032645,332,65,267
E00032646,249,45,204
E00032647,208,39,169
E00032648,263,42,221
E00032649,362,83,279
E00032650,269,53,216
E00032651,232,39,193
E00032652,217,30,187
E00032653,214,49,165
E00032654,293,72,221
E00032656,320,99,221
E00032657,182,19,163
E00032659,206,29,177
E00032660,202,45,157
E00032661,259,66,193
E00032662,308,64,244
E00032663,383,89,294
E00032664,291,59,232
E00032665,275,62,213
E00032666,276,54,222
E00032667,319,68,251
E00032668,221,53,168
E00032669,347,81,266
E00032670,205,32,173
E00032671,324,67,257
E00032672,334,80,254
E00032673,284,69,215
E00032674,263,52,211
E00032675,305,86,219
E00032676,312,91,221
E00032677,345,71,274
E00032678,233,28,205
E00032679,241,58,183
E00032680,265,54,211
E00032681,186,26,160
E00032682,402,125,277
E00032683,153,10,143
E00032684,163,23,140
E00032685,287,76,211
E00032686,290,63,227
E00032687,412,72,340
E00032688,248,52,196
E00032689,282,66,216
E00032690,174,21,153
E00032691,414,63,351
E00032692,251,59,192
E00032693,508,73,435
E00032694,228,20,208
E00032695,254,41,213
E00032696,260,42,218
E00032697,266,66,200
E00032698,297,70,227
E00032699,214,29,185
E00032700,264,52,212
E00032701,336,62,274
E00032702,277,75,202
E00032703,278,82,196
E00032704,271,53,218
E00032705,339,79,260
E00032706,271,60,211
E00032707,246,46,200
E00032708,197,43,154
E00032709,245,41,204
E00032710,260,61,199
E00032711,265,23,242
E00032712,230,23,207
E00032713,294,41,253
E00032714,341,38,303
E00032715,231,23,208
E00032716,323,41,282
E00032717,240,26,214
E00032718,304,44,260
E00032719,246,29,217
E00032720,486,85,401
E00032721,247,33,214
E00032722,290,34,256
E00032723,443,92,351
E00032724,297,27,270
E00032725,267,72,195
E00032726,350,74,276
E00032727,557,86,471
E00032729,274,54,220
E00032730,293,66,227
E00032731,246,22,224
E00032732,169,36,133
E00032733,345,71,274
E00032734,295,74,221
E00032735,311,62,249
E00032736,269,48,221
E00032737,249,68,181
E00032738,317,98,219
E00032739,257,65,192
E00032740,256,39,217
E00032741,268,61,207
E00032742,392,61,331
E00032743,256,43,213
E00032744,327,58,269
E00032745,286,44,242
E00032746,425,42,383
E00032747,273,51,222
E00032748,336,85,251
E00032749,283,55,228
E00032750,310,84,226
E00032751,263,49,214
E00032752,394,86,308
E00032753,232,41,191
E00032754,286,46,240
E00032755,294,33,261
E00032756,305,69,236
E00032757,244,26,218
E00032758,288,47,241
E00032759,327,63,264
E00032760,235,25,210
E00032761,194,13,181
E00032762,251,25,226
E00032763,236,39,197
E00032764,206,39,167
E00032765,206,27,179
E00032766,198,32,166
E00032767,258,24,234
E00032768,188,24,164
E00032769,236,35,201
E00032771,139,17,122
E00032772,285,44,241
E00032773,234,30,204
E00032775,363,106,257
E00032776,257,61,196
E00032777,191,34,157
E00032778,343,88,255
E00032779,282,58,224
E00032780,282,57,225
E00032782,255,58,197
E00032783,288,81,207
E00032784,242,42,200
E00032785,272,62,210
E00032787,238,57,181
E00032790,214,20,194
E00032791,303,73,230
E00032792,314,93,221
E00032793,178,33,145
E00032795,293,42,251
E00032796,330,48,282
E00032797,293,53,240
E00032798,278,45,233
E00032799,241,30,211
E00032800,418,53,365
E00032801,531,47,484
E00032802,282,43,239
E00032803,301,40,261
E00032804,307,62,245
E00032805,330,53,277
E00032806,288,61,227
E00032807,257,45,212
E00032808,339,55,284
E00032809,301,42,259
E00032810,265,32,233
E00032811,285,34,251
E00032812,296,41,255
E00032813,253,37,216
E00032814,232,22,210
E00032815,278,52,226
E00032816,133,7,126
E00032817,566,95,471
E00032818,325,54,271
E00032819,512,78,434
E00032820,554,104,450
E00032821,390,73,317
E00032822,213,23,190
E00032823,297,64,233
E00032824,227,39,188
E00032825,244,42,202
E00032826,389,73,316
E00032827,209,61,148
E00032828,217,28,189
E00032829,367,53,314
E00032830,379,111,268
E00032831,345,54,291
E00032832,279,49,230
E00032833,259,44,215
E00032834,231,58,173
E00032835,286,49,237
E00032836,287,75,212
E00032837,291,63,228
E00032838,321,61,260
E00032839,255,67,188
E00032840,339,68,271
E00032841,302,57,245
E00032842,238,31,207
E00032843,305,49,256
E00032844,246,44,202
E00032845,190,54,136
E00032846,284,69,215
E00032847,268,69,199
E00032848,248,42,206
E00032849,240,44,196
E00032850,262,50,212
E00032851,302,60,242
E00032852,299,58,241
E00032853,267,49,218
E00032854,221,44,177
E00032855,252,51,201
E00032856,200,37,163
E00032857,388,83,305
E00032858,278,33,245
E00032859,324,64,260
E00032860,260,57,203
E00032861,233,23,210
E00032862,327,58,269
E00032863,297,55,242
E00032864,253,45,208
E00032865,245,35,210
E00032866,248,41,207
E00032867,516,93,423
E00032868,259,38,221
E00032869,254,54,200
E00032870,275,43,232
E00032871,207,34,173
E00032872,313,50,263
E00032873,264,36,228
E00032874,274,44,230
E00032875,321,70,251
E00032876,245,53,192
E00032877,287,49,238
E00032878,173,19,154
E00032879,322,65,257
E00032880,288,51,237
E00032882,300,34,266
E00032883,322,59,263
E00032884,259,48,211
E00032885,278,40,238
E00032886,196,16,180
E00032889,266,67,199
E00032890,305,48,257
E00032891,320,61,259
E00032893,320,42,278
E00032894,365,92,273
E00032895,444,100,344
E00032896,291,76,215
E00032897,306,64,242
E00032898,400,119,281
E00032899,336,109,227
E00032900,283,41,242
E00032902,258,44,214
E00032903,274,53,221
E00032904,268,43,225
E00032905,299,46,253
E00032906,405,119,286
E00032907,326,59,267
E00032908,450,99,351
E00032910,428,101,327
E00032911,384,103,281
E00032912,501,91,410
E00032913,417,89,328
E00032914,237,31,206
E00032915,269,51,218
E00032916,341,58,283
E00032917,263,37,226
E00032918,281,64,217
E00032919,247,45,202
E00032920,283,44,239
E00032921,228,36,192
E00032922,291,54,237
E00032923,259,43,216
E00032924,277,49,228
E00032926,344,78,266
E00032927,221,51,170
E00032928,272,45,227
E00032929,279,48,231
E00032930,286,74,212
E00032931,243,35,208
E00032932,239,40,199
E00032933,230,34,196
E00032934,235,27,208
E00032935,244,36,208
E00032936,232,29,203
E00032937,247,43,204
E00032938,228,39,189
E00032939,302,78,224
E00032940,281,85,196
E00032941,303,74,229
E00032943,236,32,204
E00032944,363,39,324
E00032945,289,58,231
E00032946,306,83,223
E00032947,151,18,133
E00032948,199,35,164
E00032949,245,43,202
E00032950,169,48,121
E00032951,199,31,168
E00032952,309,74,235
E00032953,228,66,162
E00032954,294,77,217
E00032955,271,68,203
E00032957,211,50,161
E00032958,253,29,224
E00032959,269,39,230
E00032960,249,49,200
E00032961,316,52,264
E00032962,285,70,215
E00032963,268,55,213
E00032964,232,25,207
E00032965,264,53,211
E00032966,260,62,198
E00032967,300,62,238
E00032968,293,64,229
E00032969,266,41,225
E00032970,476,114,362
E00032971,361,80,281
E00032972,205,43,162
E00032973,284,50,234
E00032974,250,48,202
E00032975,210,21,189
E00032976,308,33,275
E00032977,321,55,266
E00032978,358,75,283
E00032979,245,54,191
E00032980,269,43,226
E00032981,208,44,164
E00032982,268,50,218
E00032983,313,62,251
E00032984,309,69,240
E00032987,178,32,146
E00032988,358,94,264
E00032989,329,59,270
E00032990,290,47,243
E00032991,285,41,244
E00032992,206,49,157
E00032993,310,78,232
E00032994,113,33,80
E00032995,281,71,210
E00032996,353,76,277
E00032997,206,51,155
E00032998,395,93,302
E00032999,301,77,224
E00033000,170,28,142
E00033002,231,49,182
E00033004,323,25,298
E00033005,486,92,394
E00033006,289,55,234
E00033007,248,45,203
E00033008,360,103,257
E00033012,138,6,132
E00033015,172,62,110
E00033016,446,269,177
E00033020,209,92,117
E00033021,273,63,210
E00033023,623,428,195
E00033025,227,23,204
E00033026,209,45,164
E00033027,336,27,309
E00033029,229,41,188
E00033030,228,27,201
E00033031,277,49,228
E00033032,349,32,317
E00033033,297,26,271
E00033034,277,22,255
E00033035,313,39,274
E00033036,210,25,185
E00033037,286,34,252
E00033038,194,26,168
E00033040,231,43,188
E00033041,264,43,221
E00033042,225,38,187
E00033043,212,38,174
E00033044,217,47,170
E00033045,197,26,171
E00033046,186,9,177
E00033047,295,52,243
E00033048,264,53,211
E00033049,336,65,271
E00033050,200,39,161
E00033051,270,46,224
E00033052,307,70,237
E00033053,264,55,209
E00033054,143,24,119
E00033055,214,40,174
E00033056,256,35,221
E00033057,342,77,265
E00033059,266,28,238
E00033060,221,26,195
E00033061,231,58,173
E00033062,269,53,216
E00033063,263,47,216
E00033064,211,39,172
E00033065,287,47,240
E00033066,290,32,258
E00033067,219,25,194
E00033068,278,28,250
E00033069,237,31,206
E00033070,293,27,266
E00033071,285,32,253
E00033072,323,50,273
E00033073,224,27,197
E00033074,238,28,210
E00033075,159,9,150
E00033076,391,46,345
E00033077,266,33,233
E00033078,278,30,248
E00033079,203,41,162
E00033080,167,20,147
E00033081,235,31,204
E00033082,282,37,245
E00033083,321,55,266
E00033084,298,68,230
E00033085,306,55,251
E00033086,245,34,211
E00033087,369,72,297
E00033088,221,28,193
E00033089,293,64,229
E00033090,353,66,287
E00033091,273,33,240
E00033092,286,42,244
E00033093,350,58,292
E00033094,290,45,245
E00033095,353,60,293
E00033096,281,50,231
E00033097,232,37,195
E00033098,244,40,204
E00033099,146,18,128
E00033100,299,47,252
E00033101,238,51,187
E00033102,385,69,316
E00033103,281,40,241
E00033104,246,44,202
E00033105,280,45,235
E00033106,265,47,218
E00033107,322,72,250
E00033108,277,45,232
E00033109,291,51,240
E00033110,276,41,235
E00033112,309,64,245
E00033113,242,39,203
E00033114,286,48,238
E00033115,134,13,121
E00033116,131,9,122
E00033117,340,62,278
E00033118,279,51,228
E00033119,257,51,206
E00033120,274,49,225
E00033121,200,22,178
E00033122,269,53,216
E00033123,271,40,231
E00033125,165,29,136
E00033126,232,28,204
E00033127,520,73,447
E00033128,256,48,208
E00033129,240,35,205
E00033130,313,47,266
E00033131,259,50,209
E00033132,490,119,371
E00033133,352,86,266
E00033134,171,28,143
E00033135,363,87,276
E00033136,213,56,157
E00033137,287,61,226
E00033138,197,45,152
E00033139,248,25,223
E00033140,184,39,145
E00033141,195,36,159
E00033142,233,51,182
E00033143,281,47,234
E00033144,145,23,122
E00033145,231,45,186
E00033146,312,88,224
E00033147,273,53,220
E00033148,229,45,184
E00033149,228,41,187
E00033150,278,62,216
E00033151,296,69,227
E00033152,265,66,199
E00033153,451,71,380
E00033154,217,44,173
E00033155,235,43,192
E00033156,235,53,182
E00033157,338,95,243
E00033158,281,54,227
E00033159,187,52,135
E00033160,345,74,271
E00033161,487,117,370
E00033162,258,50,208
E00033163,215,39,176
E00033164,309,67,242
E00033165,142,11,131
E00033166,142,13,129
E00033167,250,48,202
E00033168,238,23,215
E00033169,276,40,236
E00033170,306,49,257
E00033171,293,51,242
E00033172,244,28,216
E00033173,280,20,260
E00033174,294,80,214
E00033175,242,35,207
E00033176,362,82,280
E00033177,269,53,216
E00033178,133,22,111
E00033179,314,91,223
E00033181,471,250,221
E00033182,354,150,204
E00033183,556,335,221
E00033185,195,76,119
E00033186,191,48,143
E00033187,181,23,158
E00033188,237,114,123
E00033189,561,232,329
E00033190,396,133,263
E00033191,393,250,143
E00033192,422,322,100
E00033193,245,81,164
E00033194,315,141,174
E00033195,190,28,162
E00033196,203,36,167
E00033197,377,24,353
E00033198,325,139,186
E00033199,198,17,181
E00033200,192,31,161
E00033201,176,55,121
E00033202,291,149,142
E00033203,209,42,167
E00033204,210,39,171
E00033206,276,54,222
E00033207,248,67,181
E00033208,191,71,120
E00033209,285,76,209
E00033210,295,169,126
E00033211,339,126,213
E00033212,296,97,199
E00033213,366,216,150
E00033214,525,211,314
E00033215,251,54,197
E00033216,220,49,171
E00033217,240,43,197
E00033218,266,56,210
E00033219,353,118,235
E00033220,355,195,160
E00033221,211,48,163
E00033222,163,11,152
E00033223,215,32,183
E00033224,265,54,211
E00033225,377,88,289
E00033226,411,119,292
E00033227,237,52,185
E00033228,321,67,254
E00033229,269,32,237
E00033230,227,24,203
E00033235,195,38,157
E00033237,266,56,210
E00033238,465,110,355
E00033242,209,32,177
E00033245,233,39,194
E00033246,227,31,196
E00033247,278,53,225
E00033248,239,19,220
E00033249,249,51,198
E00033250,205,38,167
E00033251,200,57,143
E00033252,295,69,226
E00033253,208,38,170
E00033254,294,56,238
E00033255,267,46,221
E00033256,189,36,153
E00033257,293,57,236
E00033258,363,123,240
E00033259,150,34,116
E00033260,236,50,186
E00033261,232,43,189
E00033264,365,88,277
E00033265,268,56,212
E00033266,289,49,240
E00033267,208,46,162
E00033268,299,58,241
E00033269,154,13,141
E00033270,330,54,276
E00033271,326,68,258
E00033272,281,57,224
E00033274,249,50,199
E00033275,248,28,220
E00033276,233,61,172
E00033277,251,27,224
E00033278,197,36,161
E00033279,251,54,197
E00033281,295,53,242
E00033282,287,71,216
E00033283,268,45,223
E00033284,233,31,202
E00033285,281,62,219
E00033286,202,44,158
E00033287,264,49,215
E00033288,267,44,223
E00033289,219,31,188
E00033290,347,39,308
E00033291,428,96,332
E00033292,185,22,163
E00033293,281,56,225
E00033294,232,27,205
E00033295,261,42,219
E00033296,257,41,216
E00033297,301,50,251
E00033298,284,61,223
E00033299,310,73,237
E00033300,223,33,190
E00033301,257,59,198
E00033302,301,81,220
E00033304,248,33,215
E00033305,260,38,222
E00033306,267,64,203
E00033307,304,91,213
E00033308,407,84,323
E00033309,277,62,215
E00033310,282,58,224
E00033312,258,42,216
E00033313,295,67,228
E00033314,300,51,249
E00033315,303,53,250
E00033316,317,53,264
E00033317,339,52,287
E00033318,368,86,282
E00033319,396,81,315
E00033320,284,54,230
E00033322,272,53,219
E00033323,288,62,226
E00033324,288,55,233
E00033326,261,63,198
E00033327,253,32,221
E00033328,216,35,181
E00033329,298,47,251
E00033330,319,58,261
E00033331,305,71,234
E00033332,278,71,207
E00033333,292,54,238
E00033334,265,45,220
E00033335,243,46,197
E00033336,295,61,234
E00033337,188,33,155
E00033338,264,63,201
E00033339,371,80,291
E00033340,284,61,223
E00033341,313,58,255
E00033342,307,57,250
E00033343,244,54,190
E00033344,308,65,243
E00033345,413,138,275
E00033346,253,43,210
E00033347,297,57,240
E00033348,302,75,227
E00033349,275,39,236
E00033350,292,47,245
E00033351,290,65,225
E00033352,284,54,230
E00033353,236,37,199
E00033354,190,18,172
E00033355,323,67,256
E00033356,318,76,242
E00033357,271,59,212
E00033358,215,47,168
E00033359,308,50,258
E00033360,316,47,269
E00033361,376,73,303
E00033362,255,49,206
E00033363,175,29,146
E00033364,350,67,283
E00033365,419,86,333
E00033366,250,31,219
E00033367,300,69,231
E00033368,263,46,217
E00033369,336,65,271
E00033370,272,41,231
E00033371,263,54,209
E00033372,268,52,216
E00033373,434,79,355
E00033374,255,40,215
E00033375,387,80,307
E00033376,295,51,244
E00033377,268,45,223
E00033378,303,65,238
E00033379,256,45,211
E00033380,228,41,187
E00033381,201,24,177
E00033382,314,55,259
E00033383,253,32,221
E00033384,333,69,264
E00033385,298,42,256
E00033386,298,50,248
E00033387,183,25,158
E00033388,269,47,222
E00033389,268,54,214
E00033391,284,55,229
E00033392,253,44,209
E00033394,216,20,196
E00033395,316,42,274
E00033396,273,42,231
E00033397,309,68,241
E00033399,293,56,237
E00033400,277,37,240
E00033401,240,47,193
E00033402,284,82,202
E00033403,359,80,279
E00033404,386,61,325
E00033405,286,68,218
E00033406,294,62,232
E00033407,292,80,212
E00033408,335,137,198
E00033409,280,40,240
E00033410,243,51,192
E00033411,307,79,228
E00033412,292,74,218
E00033413,196,38,158
E00033414,289,67,222
E00033415,259,54,205
E00033416,271,53,218
E00033417,286,60,226
E00033418,415,85,330
E00033419,359,76,283
E00033420,356,99,257
E00033421,270,75,195
E00033422,386,61,325
E00033423,262,81,181
E00033424,284,57,227
E00033425,210,39,171
E00033426,280,46,234
E00033427,221,50,171
E00033428,304,74,230
E00033432,316,82,234
E00033435,276,42,234
E00033436,270,49,221
E00033437,268,60,208
E00033438,281,50,231
E00033439,331,60,271
E00033440,289,78,211
E00033441,320,105,215
E00033442,328,56,272
E00033443,273,69,204
E00033444,270,60,210
E00033445,222,41,181
E00033446,306,76,230
E00033447,169,40,129
E00033448,300,76,224
E00033449,278,33,245
E00033450,285,56,229
E00033451,268,71,197
E00033452,223,37,186
E00033453,130,12,118
E00033454,472,109,363
E00033455,233,56,177
E00033456,301,49,252
E00033457,205,63,142
E00033458,227,78,149
E00033459,254,51,203
E00033460,440,123,317
E00033462,463,131,332
E00033463,224,43,181
E00033464,276,49,227
E00033466,256,35,221
E00033468,283,61,222
E00033470,322,72,250
E00033471,298,59,239
E00033472,227,51,176
E00033473,280,49,231
E00033474,197,27,170
E00033475,280,56,224
E00033476,203,22,181
E00033477,155,23,132
E00033478,223,38,185
E00033479,370,65,305
E00033480,257,45,212
E00033481,355,82,273
E00033482,257,45,212
E00033483,327,57,270
E00033484,287,67,220
E00033485,280,51,229
E00033486,387,109,278
E00033487,217,21,196
E00033488,207,42,165
E00033489,278,58,220
E00033490,235,47,188
E00033491,252,57,195
E00033492,362,69,293
E00033493,264,38,226
E00033494,230,44,186
E00033495,311,49,262
E00033496,265,57,208
E00033497,193,18,175
E00033502,211,54,157
E00033503,214,40,174
E00033504,280,57,223
E00033505,200,35,165
E00033506,298,77,221
E00033507,199,31,168
E00033508,329,80,249
E00033509,250,56,194
E00033510,257,43,214
E00033511,215,51,164
E00033512,182,36,146
E00033513,239,50,189
E00033514,211,31,180
E00033515,211,28,183
E00033516,192,27,165
E00033517,271,54,217
E00033518,210,47,163
E00033519,321,79,242
E00033520,131,14,117
E00033521,219,36,183
E00033522,217,48,169
E00033523,280,50,230
E00033524,395,69,326
E00033525,297,55,242
E00033526,213,29,184
E00033527,386,98,288
E00033528,234,45,189
E00033530,376,68,308
E00033531,339,61,278
E00033532,354,47,307
E00033533,213,28,185
E00033534,231,18,213
E00033535,292,51,241
E00033536,319,70,249
E00033537,296,62,234
E00033538,337,34,303
E00033539,280,50,230
E00033540,410,69,341
E00033541,288,46,242
E00033542,251,43,208
E00033543,289,62,227
E00033544,199,27,172
E00033545,267,57,210
E00033546,313,59,254
E00033547,354,74,280
E00033548,223,40,183
E00033549,329,59,270
E00033550,429,98,331
E00033551,211,31,180
E00033552,296,51,245
E00033553,335,58,277
E00033554,297,42,255
E00033555,230,27,203
E00033556,289,63,226
E00033557,308,69,239
E00033558,310,67,243
E00033559,251,36,215
E00033560,257,44,213
E00033561,328,64,264
E00033562,272,35,237
E00033563,283,30,253
E00033564,368,58,310
E00033565,290,34,256
E00033566,259,40,219
E00033567,309,55,254
E00033568,295,67,228
E00033569,232,36,196
E00033570,360,83,277
E00033571,235,40,195
E00033572,237,25,212
E00033573,178,40,138
E00033574,295,50,245
E00033575,227,29,198
E00033576,205,32,173
E00033577,276,50,226
E00033580,188,35,153
E00033581,423,93,330
E00033582,291,54,237
E00033583,199,32,167
E00033584,566,356,210
E00033585,253,35,218
E00033586,357,52,305
E00033587,267,27,240
E00033589,352,79,273
E00033590,292,42,250
E00033591,207,53,154
E00033592,269,66,203
E00033593,203,35,168
E00033594,338,94,244
E00033595,268,38,230
E00033596,311,42,269
E00033597,235,61,174
E00033598,194,25,169
E00033599,223,42,181
E00033600,218,27,191
E00033601,220,35,185
E00033602,261,42,219
E00033603,290,69,221
E00033604,197,26,171
E00033605,209,20,189
E00033606,236,44,192
E00033607,202,41,161
E00033608,270,50,220
E00033611,261,33,228
E00033613,224,41,183
E00033614,271,31,240
E00033616,362,75,287
E00033618,337,50,287
E00033620,279,47,232
E00033621,356,74,282
E00033623,293,57,236
E00033624,236,39,197
E00033625,287,45,242
E00033626,383,88,295
E00033627,333,82,251
E00033628,282,64,218
E00033629,389,67,322
E00033630,229,32,197
E00033631,187,38,149
E00033632,325,89,236
E00033633,212,34,178
E00033634,288,64,224
E00033635,237,26,211
E00033636,341,86,255
E00033637,449,120,329
E00033639,215,35,180
E00033640,278,72,206
E00033641,284,48,236
E00033642,325,58,267
E00033643,215,39,176
E00033644,308,102,206
E00033645,261,75,186
E00033646,154,45,109
E00033647,281,40,241
E00033648,257,56,201
E00033649,287,81,206
E00033650,312,90,222
E00033651,166,48,118
E00033652,275,59,216
E00033653,288,65,223
E00033654,183,39,144
E00033655,390,108,282
E00033656,201,57,144
E00033657,192,76,116
E00033658,302,77,225
E00033659,328,72,256
E00033660,272,55,217
E00033662,339,92,247
E00033663,208,28,180
E00033664,240,33,207
E00033665,505,152,353
E00033666,240,61,179
E00033667,308,71,237
E00033668,250,56,194
E00033669,296,64,232
E00033672,369,97,272
E00033673,244,62,182
E00033677,229,21,208
E00033684,404,66,338
E00033686,320,83,237
E00033687,521,256,265
E00033688,249,80,169
E00033689,504,108,396
E00033690,499,187,312
E00033691,220,38,182
E00033692,303,10,293
E00033694,296,114,182
E00033695,281,51,230
E00033696,406,84,322
E00033697,291,61,230
E00033698,366,76,290
E00033699,297,57,240
E00033700,190,27,163
E00033701,334,63,271
E00033702,180,26,154
E00033703,282,39,243
E00033704,342,82,260
E00033705,311,52,259
E00033706,305,60,245
E00033707,208,29,179
E00033708,194,27,167
E00033709,167,20,147
E00033710,269,59,210
E00033711,156,35,121
E00033712,303,58,245
E00033713,251,39,212
E00033715,315,57,258
E00033716,236,53,183
E00033717,218,47,171
E00033718,541,89,452
E00033719,309,75,234
E00033720,307,47,260
E00033721,360,69,291
E00033722,213,33,180
E00033723,433,101,332
E00033724,316,64,252
E00033725,337,59,278
E00033726,209,49,160
E00033727,299,76,223
E00033728,405,83,322
E00033729,214,51,163
E00033730,268,61,207
E00033731,134,18,116
E00033732,261,59,202
E00033733,205,38,167
E00033734,181,32,149
E00033735,110,2,108
E00033736,230,52,178
E00033737,358,69,289
E00033738,181,39,142
E00033739,224,45,179
E00033740,284,38,246
E00033741,250,44,206
E00033742,229,27,202
E00033743,241,53,188
E00033744,344,66,278
E00033745,187,25,162
E00033746,254,64,190
E00033747,338,76,262
E00033748,278,38,240
E00033749,300,57,243
E00033750,335,80,255
E00033752,366,84,282
E00033753,242,48,194
E00033754,282,46,236
E00033755,300,64,236
E00033756,273,52,221
E00033758,224,34,190
E00033759,255,57,198
E00033762,248,37,211
E00033763,306,65,241
E00033764,326,69,257
E00033765,275,43,232
E00033766,339,73,266
E00033767,264,59,205
E00033768,260,32,228
E00033769,203,30,173
E00033770,361,79,282
E00033771,328,80,248
E00033773,246,38,208
E00033774,250,30,220
E00033775,541,166,375
E00033776,280,59,221
E00033777,269,49,220
E00033778,318,82,236
E00033779,276,76,200
E00033780,216,36,180
E00033781,334,54,280
E00033782,251,27,224
E00033783,311,80,231
E00033784,400,85,315
E00033785,244,31,213
E00033786,382,63,319
E00033787,338,62,276
E00033788,304,77,227
E00033789,253,48,205
E00033790,296,56,240
E00033791,301,70,231
E00033792,200,43,157
E00033793,321,89,232
E00033794,265,75,190
E00033795,256,45,211
E00033796,191,51,140
E00033797,226,43,183
E00033798,323,42,281
E00033799,299,71,228
E00033800,182,39,143
E00033801,251,46,205
E00033802,172,33,139
E00033803,243,37,206
E00033804,297,79,218
E00033805,165,48,117
E00033806,186,15,171
E00033807,322,69,253
E00033808,246,87,159
E00033810,238,53,185
E00033812,493,190,303
E00033813,455,144,311
E00033814,340,100,240
E00033815,299,73,226
E00033816,286,83,203
E00033818,353,111,242
E00033819,235,39,196
E00033820,238,54,184
E00033821,228,53,175
E00033822,353,115,238
E00033823,538,200,338
E00033824,439,170,269
E00033825,329,108,221
E00033826,370,64,306
E00033827,253,35,218
E00033828,396,139,257
E00033829,214,48,166
E00033832,236,23,213
E00033833,277,58,219
E00033836,143,11,132
E00033837,352,104,248
E00033838,165,45,120
E00033840,295,82,213
E00033841,222,49,173
E00033842,359,114,245
E00033843,374,126,248
E00033844,391,147,244
E00033845,224,61,163
E00033846,416,138,278
E00033847,360,157,203
E00033848,366,83,283
E00033849,283,45,238
E00033850,362,66,296
E00033851,260,48,212
E00033852,238,36,202
E00033853,327,51,276
E00033854,348,60,288
E00033855,192,28,164
E00033856,240,29,211
E00033857,249,46,203
E00033859,252,45,207
E00033861,270,38,232
E00033862,251,47,204
E00033863,295,65,230
E00033864,288,59,229
E00033865,314,63,251
E00033866,293,61,232
E00033867,272,45,227
E00033868,290,49,241
E00033869,308,63,245
E00033870,215,25,190
E00033871,255,50,205
E00033872,312,55,257
E00033873,281,46,235
E00033874,311,65,246
E00033875,286,56,230
E00033876,279,60,219
E00033877,327,71,256
E00033878,283,49,234
E00033879,271,56,215
E00033880,379,65,314
E00033881,311,68,243
E00033882,261,65,196
E00033883,292,69,223
E00033884,302,44,258
E00033885,447,66,381
E00033886,272,53,219
E00033887,321,52,269
E00033888,300,63,237
E00033889,302,60,242
E00033890,186,28,158
E00033891,306,47,259
E00033892,160,28,132
E00033893,263,50,213
E00033894,297,60,237
E00033895,219,41,178
E00033896,282,61,221
E00033897,251,39,212
E00033898,334,62,272
E00033899,309,135,174
E00033900,456,171,285
E00033901,297,43,254
E00033902,377,155,222
E00033903,273,153,120
E00033904,318,54,264
E00033905,201,40,161
E00033906,189,38,151
E00033907,260,57,203
E00033908,254,77,177
E00033909,260,102,158
E00033910,342,176,166
E00033911,351,108,243
E00033913,214,48,166
E00033914,351,138,213
E00033915,236,86,150
E00033917,244,46,198
E00033918,185,18,167
E00033919,244,40,204
E00033920,231,39,192
E00033921,330,90,240
E00033922,290,51,239
E00033923,255,81,174
E00033924,316,120,196
E00033925,325,90,235
E00033926,310,110,200
E00033927,353,133,220
E00033928,255,74,181
E00033930,271,92,179
E00033931,293,76,217
E00033932,317,142,175
E00033933,255,120,135
E00033934,219,47,172
E00033935,306,89,217
E00033936,316,100,216
E00033937,162,34,128
E00033938,259,80,179
E00033939,460,122,338
E00033940,303,87,216
E00033941,317,133,184
E00033942,404,71,333
E00033943,276,46,230
E00033944,222,93,129
E00033945,230,45,185
E00033946,577,170,407
E00033947,208,58,150
E00033948,380,117,263
E00033949,293,72,221
E00033950,372,60,312
E00033951,204,13,191
E00033952,333,65,268
E00033953,383,65,318
E00033954,212,41,171
E00033955,339,75,264
E00033956,320,75,245
E00033957,256,46,210
E00033958,295,75,220
E00033959,229,44,185
E00033960,317,60,257
E00033961,320,67,253
E00033962,307,84,223
E00033963,348,66,282
E00033964,279,52,227
E00033965,296,71,225
E00033966,236,45,191
E00033967,310,83,227
E00033968,146,21,125
E00033969,231,36,195
E00033970,283,50,233
E00033971,224,69,155
E00033972,430,96,334
E00033973,138,28,110
E00033974,287,77,210
E00033975,340,79,261
E00033976,170,28,142
E00033977,246,54,192
E00033978,178,27,151
E00033979,283,65,218
E00033980,298,55,243
E00033981,145,32,113
E00033982,150,57,93
E00033983,181,35,146
E00033984,197,29,168
E00033985,211,55,156
E00033986,242,51,191
E00033987,226,51,175
E00033988,217,36,181
E00033989,149,18,131
E00033990,271,67,204
E00033991,261,58,203
E00033992,259,51,208
E00033993,388,99,289
E00033994,275,55,220
E00033995,211,37,174
E00033996,253,44,209
E00033997,332,78,254
E00033998,244,55,189
E00033999,236,55,181
E00034000,257,53,204
E00034001,375,72,303
E00034002,219,53,166
E00034003,186,53,133
E00034004,240,44,196
E00034005,310,69,241
E00034006,261,50,211
E00034007,219,53,166
E00034008,258,39,219
E00034009,216,42,174
E00034010,239,51,188
E00034011,326,62,264
E00034012,227,37,190
E00034013,266,63,203
E00034014,293,57,236
E00034015,409,106,303
E00034016,247,53,194
E00034017,285,49,236
E00034019,253,46,207
E00034020,263,55,208
E00034021,271,60,211
E00034022,358,59,299
E00034023,264,63,201
E00034024,289,83,206
E00034025,291,72,219
E00034026,224,31,193
E00034027,160,24,136
E00034028,284,55,229
E00034029,423,81,342
E00034030,208,36,172
E00034031,223,33,190
E00034032,278,52,226
E00034033,239,53,186
E00034034,323,60,263
E00034035,233,34,199
E00034036,266,40,226
E00034037,290,59,231
E00034038,295,60,235
E00034039,276,36,240
E00034040,234,55,179
E00034041,276,41,235
E00034042,289,68,221
E00034043,384,95,289
E00034044,353,115,238
E00034045,283,57,226
E00034046,214,38,176
E00034047,254,42,212
E00034048,239,43,196
E00034049,244,47,197
E00034050,259,50,209
E00034051,153,18,135
E00034052,224,45,179
E00034053,386,60,326
E00034054,333,97,236
E00034055,418,66,352
E00034056,206,31,175
E00034057,191,42,149
E00034058,223,58,165
E00034059,381,81,300
E00034061,276,46,230
E00034062,506,295,211
E00034063,524,377,147
E00034064,370,262,108
E00034065,265,43,222
E00034066,238,42,196
E00034067,224,46,178
E00034068,367,167,200
E00034069,476,276,200
E00034070,385,132,253
E00034071,318,77,241
E00034072,281,90,191
E00034073,280,149,131
E00034074,259,64,195
E00034075,223,42,181
E00034076,332,95,237
E00034077,229,52,177
E00034078,270,85,185
E00034079,286,98,188
E00034080,282,134,148
E00034081,345,101,244
E00034082,220,71,149
E00034083,237,105,132
E00034084,306,135,171
E00034085,219,64,155
E00034086,223,93,130
E00034087,271,172,99
E00034088,215,54,161
E00034089,236,107,129
E00034090,347,222,125
E00034091,250,152,98
E00034092,276,199,77
E00034093,400,232,168
E00034094,402,242,160
E00034095,230,95,135
E00034096,369,221,148
E00034097,272,140,132
E00034098,277,131,146
E00034099,373,225,148
E00034100,355,72,283
E00034101,230,39,191
E00034102,222,39,183
E00034104,270,55,215
E00034106,184,44,140
E00034107,273,77,196
E00034108,196,48,148
E00034109,187,52,135
E00034110,270,50,220
E00034111,242,60,182
E00034113,260,49,211
E00034114,308,82,226
E00034115,252,42,210
E00034116,320,82,238
E00034117,252,60,192
E00034118,240,69,171
E00034119,282,57,225
E00034120,262,64,198
E00034121,293,71,222
E00034122,329,105,224
E00034123,324,122,202
E00034124,316,94,222
E00034125,281,74,207
E00034126,518,107,411
E00034127,524,100,424
E00034130,304,79,225
E00034131,354,68,286
E00034132,297,71,226
E00034133,233,47,186
E00034134,294,58,236
E00034135,182,17,165
E00034136,329,92,237
E00034137,235,53,182
E00034138,280,53,227
E00034139,259,40,219
E00034140,208,28,180
E00034141,217,54,163
E00034142,362,84,278
E00034143,273,48,225
E00034144,321,83,238
E00034145,238,64,174
E00034146,310,102,208
E00034147,245,49,196
E00034148,394,136,258
E00034149,290,78,212
E00034150,240,61,179
E00034151,293,102,191
E00034152,294,59,235
E00034153,336,120,216
E00034154,285,51,234
E00034156,237,61,176
E00034157,268,57,211
E00034158,469,65,404
E00034159,285,68,217
E00034160,246,58,188
E00034161,248,45,203
E00034162,311,58,253
E00034163,225,40,185
E00034164,271,54,217
E00034165,274,68,206
E00034167,369,91,278
E00034168,291,50,241
E00034169,242,36,206
E00034170,440,78,362
E00034171,280,67,213
E00034172,263,61,202
E00034173,208,33,175
E00034174,250,60,190
E00034175,220,33,187
E00034176,167,33,134
E00034177,231,26,205
E00034178,272,40,232
E00034180,333,76,257
E00034182,165,36,129
E00034184,198,29,169
E00034185,216,42,174
E00034187,202,34,168
E00034188,327,78,249
E00034189,260,54,206
E00034190,276,81,195
E00034191,205,31,174
E00034192,265,53,212
E00034193,245,44,201
E00034194,231,34,197
E00034195,274,70,204
E00034196,300,83,217
E00034197,270,58,212
E00034199,323,98,225
E00034201,238,63,175
E00034202,378,112,266
E00034203,487,330,157
E00034208,379,168,211
E00034209,207,57,150
E00034211,226,47,179
E00034212,250,59,191
E00034213,387,85,302
E00034215,159,73,86
E00034216,338,117,221
E00034219,329,96,233
E00034221,276,64,212
E00034223,237,74,163
E00034224,348,209,139
E00034225,343,186,157
E00034227,418,277,141
E00034228,422,313,109
E00034230,391,238,153
E00034231,436,325,111
E00034234,311,81,230
E00034235,325,87,238
E00034236,248,50,198
E00034237,261,39,222
E00034238,147,43,104
E00034239,313,91,222
E00034240,250,49,201
E00034241,276,65,211
E00034242,246,56,190
E00034243,354,86,268
E00034244,259,62,197
E00034245,246,54,192
E00034246,302,68,234
E00034247,292,41,251
E00034248,178,20,158
E00034249,303,62,241
E00034250,340,75,265
E00034251,228,35,193
E00034252,399,84,315
E00034253,351,88,263
E00034254,284,71,213
E00034255,339,87,252
E00034256,386,122,264
E00034257,314,58,256
E00034258,513,124,389
E00034259,290,82,208
E00034260,251,55,196
E00034261,274,72,202
E00034262,251,54,197
E00034263,320,76,244
E00034264,289,67,222
E00034265,526,99,427
E00034266,298,64,234
E00034267,246,44,202
E00034268,357,73,284
E00034269,149,25,124
E00034270,318,61,257
E00034271,258,43,215
E00034272,268,48,220
E00034273,147,17,130
E00034274,240,48,192
E00034275,276,45,231
E00034276,350,90,260
E00034277,225,42,183
E00034278,300,62,238
E00034279,248,31,217
E00034280,154,8,146
E00034281,123,14,109
E00034282,387,98,289
E00034283,320,50,270
E00034284,285,56,229
E00034285,290,55,235
E00034286,300,83,217
E00034287,265,71,194
E00034288,288,64,224
E00034289,248,64,184
E00034290,240,68,172
E00034291,177,26,151
E00034292,223,50,173
E00034293,252,53,199
E00034295,232,49,183
E00034296,277,58,219
E00034297,282,58,224
E00034298,318,52,266
E00034299,233,46,187
E00034300,243,49,194
E00034301,295,50,245
E00034302,278,60,218
E00034303,247,35,212
E00034304,229,37,192
E00034305,251,37,214
E00034306,313,69,244
E00034307,205,25,180
E00034308,328,61,267
E00034309,267,54,213
E00034310,291,57,234
E00034311,313,78,235
E00034312,300,72,228
E00034313,267,62,205
E00034314,236,55,181
E00034315,253,14,239
E00034316,229,47,182
E00034317,299,72,227
E00034318,234,55,179
E00034319,324,81,243
E00034320,206,33,173
E00034321,163,43,120
E00034322,298,61,237
E00034323,262,37,225
E00034324,258,30,228
E00034325,268,47,221
E00034326,255,33,222
E00034327,237,25,212
E00034328,296,49,247
E00034329,243,28,215
E00034330,235,41,194
E00034331,467,87,380
E00034332,291,69,222
E00034333,282,41,241
E00034335,251,62,189
E00034336,219,37,182
E00034337,293,46,247
E00034338,238,33,205
E00034339,282,41,241
E00034340,193,35,158
E00034341,324,70,254
E00034342,221,41,180
E00034343,259,57,202
E00034344,242,32,210
E00034345,209,41,168
E00034346,185,23,162
E00034347,219,32,187
E00034348,231,36,195
E00034349,259,46,213
E00034350,215,53,162
E00034351,333,58,275
E00034352,297,77,220
E00034353,289,47,242
E00034354,214,26,188
E00034355,288,57,231
E00034356,190,16,174
E00034358,327,64,263
E00034359,247,41,206
E00034360,297,114,183
E00034361,209,34,175
E00034362,189,19,170
E00034363,285,43,242
E00034364,164,20,144
E00034365,285,48,237
E00034366,312,66,246
E00034368,253,54,199
E00034369,244,72,172
E00034371,309,78,231
E00034372,262,58,204
E00034373,444,82,362
E00034374,251,54,197
E00034375,365,52,313
E00034376,291,56,235
E00034377,285,43,242
E00034378,290,71,219
E00034379,278,41,237
E00034380,285,44,241
E00034381,534,128,406
E00034382,370,69,301
E00034383,409,87,322
E00034384,256,55,201
E00034386,355,100,255
E00034387,276,49,227
E00034388,236,45,191
E00034389,207,31,176
E00034390,297,53,244
E00034391,336,58,278
E00034392,284,66,218
E00034393,252,57,195
E00034394,285,53,232
E00034395,155,24,131
E00034396,244,44,200
E00034397,290,41,249
E00034398,267,40,227
E00034399,296,45,251
E00034400,230,37,193
E00034401,310,61,249
E00034402,276,52,224
E00034403,259,38,221
E00034404,296,53,243
E00034405,304,61,243
E00034406,286,50,236
E00034409,373,63,310
E00034412,245,41,204
E00034413,230,48,182
E00034414,228,55,173
E00034415,322,81,241
E00034416,300,44,256
E00034417,259,72,187
E00034418,414,98,316
E00034419,226,52,174
E00034420,227,38,189
E00034421,268,34,234
E00034422,243,39,204
E00034424,231,40,191
E00034425,259,39,220
E00034427,205,26,179
E00034428,284,64,220
E00034429,262,51,211
E00034430,227,44,183
E00034431,211,36,175
E00034432,323,60,263
E00034433,249,37,212
E00034434,397,75,322
E00034435,290,52,238
E00034436,287,46,241
E00034437,317,67,250
E00034438,215,23,192
E00034439,264,33,231
E00034440,245,43,202
E00034441,276,54,222
E00034442,321,51,270
E00034443,266,39,227
E00034444,249,42,207
E00034446,411,55,356
E00034447,347,81,266
E00034448,275,33,242
E00034449,181,16,165
E00034451,258,29,229
E00034453,262,39,223
E00034454,259,5,254
E00034455,226,41,185
E00034456,226,32,194
E00034457,222,26,196
E00034458,237,40,197
E00034459,268,45,223
E00034460,210,22,188
E00034461,174,15,159
E00034462,223,40,183
E00034463,251,74,177
E00034464,240,21,219
E00034465,239,37,202
E00034466,272,36,236
E00034467,275,64,211
E00034468,301,67,234
E00034469,257,55,202
E00034470,306,47,259
E00034471,303,63,240
E00034472,286,50,236
E00034473,289,42,247
E00034474,303,45,258
E00034475,187,24,163
E00034476,236,27,209
E00034477,340,66,274
E00034478,276,29,247
E00034479,280,34,246
E00034480,179,0,179
E00034481,210,34,176
E00034482,150,11,139
E00034483,239,38,201
E00034484,250,32,218
E00034485,267,50,217
E00034486,276,53,223
E00034487,245,22,223
E00034488,276,41,235
E00034489,247,31,216
E00034490,235,30,205
E00034491,284,37,247
E00034492,250,40,210
E00034493,306,46,260
E00034494,244,45,199
E00034495,272,50,222
E00034496,296,36,260
E00034497,232,31,201
E00034498,257,31,226
E00034499,297,25,272
E00034500,296,57,239
E00034501,242,21,221
E00034502,255,28,227
E00034503,317,49,268
E00034504,281,48,233
E00034505,282,50,232
E00034506,271,39,232
E00034507,291,41,250
E00034508,295,73,222
E00034509,289,57,232
E00034510,296,32,264
E00034511,215,27,188
E00034512,304,77,227
E00034513,300,70,230
E00034514,285,32,253
E00034515,272,55,217
E00034516,267,42,225
E00034517,274,24,250
E00034518,293,31,262
E00034519,227,24,203
E00034520,329,46,283
E00034521,295,39,256
E00034522,243,32,211
E00034523,246,21,225
E00034524,273,45,228
E00034525,234,25,209
E00034526,305,62,243
E00034527,208,41,167
E00034528,277,31,246
E00034529,252,32,220
E00034530,237,26,211
E00034531,285,26,259
E00034532,250,32,218
E00034533,247,32,215
E00034534,264,29,235
E00034535,320,82,238
E00034536,298,42,256
E00034537,290,50,240
E00034538,252,36,216
E00034539,229,21,208
E00034540,216,36,180
E00034541,272,26,246
E00034542,237,37,200
E00034543,254,40,214
E00034544,236,52,184
E00034545,268,48,220
E00034546,316,45,271
E00034547,255,61,194
E00034548,268,44,224
E00034549,297,83,214
E00034550,240,30,210
E00034551,270,65,205
E00034552,287,54,233
E00034553,307,72,235
E00034554,232,37,195
E00034555,398,85,313
E00034556,314,62,252
E00034557,271,45,226
E00034558,380,74,306
E00034559,423,74,349
E00034560,218,24,194
E00034561,217,29,188
E00034562,249,72,177
E00034563,232,35,197
E00034564,394,90,304
E00034565,231,49,182
E00034566,253,64,189
E00034567,238,54,184
E00034568,332,70,262
E00034569,264,86,178
E00034570,253,70,183
E00034571,334,56,278
E00034572,225,50,175
E00034573,225,45,180
E00034574,275,66,209
E00034575,284,83,201
E00034576,308,84,224
E00034577,316,88,228
E00034578,236,52,184
E00034579,305,74,231
E00034580,190,23,167
E00034581,251,28,223
E00034582,290,37,253
E00034583,337,48,289
E00034584,299,58,241
E00034585,267,37,230
E00034586,353,48,305
E00034587,309,56,253
E00034588,254,42,212
E00034589,309,46,263
E00034590,288,51,237
E00034591,299,52,247
E00034592,266,47,219
E00034593,313,57,256
E00034594,150,26,124
E00034595,278,52,226
E00034596,268,45,223
E00034597,278,55,223
E00034598,247,51,196
E00034599,270,59,211
E00034600,426,87,339
E00034601,249,39,210
E00034602,269,26,243
E00034603,118,14,104
E00034604,265,50,215
E00034605,397,66,331
E00034606,223,36,187
E00034607,270,47,223
E00034608,272,45,227
E00034609,251,22,229
E00034610,357,70,287
E00034611,373,80,293
E00034612,283,46,237
E00034613,231,32,199
E00034614,235,31,204
E00034615,229,25,204
E00034616,258,35,223
E00034617,240,43,197
E00034618,250,35,215
E00034619,287,53,234
E00034620,333,75,258
E00034621,320,48,272
E00034622,340,69,271
E00034623,311,54,257
E00034624,278,38,240
E00034626,430,76,354
E00034627,229,29,200
E00034628,224,36,188
E00034630,193,27,166
E00034631,472,86,386
E00034632,282,56,226
E00034633,227,32,195
E00034634,228,29,199
E00034635,290,53,237
E00034636,320,43,277
E00034637,211,15,196
E00034638,229,52,177
E00034639,310,61,249
E00034640,229,29,200
E00034641,265,37,228
E00034642,261,38,223
E00034643,154,18,136
E00034644,279,51,228
E00034645,228,37,191
E00034646,271,28,243
E00034647,245,31,214
E00034648,419,97,322
E00034649,263,49,214
E00034650,258,23,235
E00034651,271,46,225
E00034652,357,93,264
E00034653,388,113,275
E00034654,334,71,263
E00034655,336,62,274
E00034656,222,16,206
E00034657,255,33,222
E00034658,260,26,234
E00034659,438,89,349
E00034660,332,40,292
E00034661,353,59,294
E00034662,323,32,291
E00034663,269,36,233
E00034664,236,47,189
E00034665,233,35,198
E00034666,228,27,201
E00034667,299,48,251
E00034668,266,39,227
E00034669,239,27,212
E00034670,300,38,262
E00034671,313,55,258
E00034672,339,71,268
E00034673,282,54,228
E00034674,191,20,171
E00034675,278,42,236
E00034676,141,11,130
E00034677,311,71,240
E00034678,382,47,335
E00034679,291,40,251
E00034680,325,45,280
E00034681,297,56,241
E00034682,236,46,190
E00034683,324,68,256
E00034684,277,72,205
E00034685,269,74,195
E00034686,273,66,207
E00034687,317,75,242
E00034688,215,24,191
E00034689,230,50,180
E00034690,281,60,221
E00034691,267,28,239
E00034692,253,56,197
E00034693,295,66,229
E00034694,257,35,222
E00034695,457,138,319
E00034696,289,61,228
E00034697,218,28,190
E00034698,334,33,301
E00034699,265,46,219
E00034700,262,51,211
E00034701,232,33,199
E00034702,214,37,177
E00034703,274,45,229
E00034704,320,42,278
E00034705,257,36,221
E00034706,243,45,198
E00034707,272,52,220
E00034708,288,37,251
E00034709,278,39,239
E00034710,218,27,191
E00034711,416,95,321
E00034712,315,92,223
E00034713,252,49,203
E00034714,249,33,216
E00034715,248,29,219
E00034716,308,54,254
E00034717,373,106,267
E00034718,236,20,216
E00034719,263,42,221
E00034720,266,32,234
E00034721,228,32,196
E00034722,269,36,233
E00034723,345,105,240
E00034724,292,46,246
E00034725,217,32,185
E00034726,255,33,222
E00034727,286,24,262
E00034728,250,36,214
E00034729,177,5,172
E00034731,223,25,198
E00034732,178,11,167
E00034733,233,22,211
E00034734,325,57,268
E00034735,298,42,256
E00034736,274,42,232
E00034737,201,29,172
E00034738,253,34,219
E00034739,290,51,239
E00034740,301,73,228
E00034741,283,49,234
E00034742,278,57,221
E00034743,269,32,237
E00034744,339,93,246
E00034745,273,68,205
E00034746,247,29,218
E00034747,280,35,245
E00034748,286,42,244
E00034749,262,32,230
E00034750,283,67,216
E00034751,262,38,224
E00034752,291,72,219
E00034753,264,53,211
E00034754,374,96,278
E00034755,246,54,192
E00034756,346,58,288
E00034757,420,127,293
E00034758,329,44,285
E00034759,297,89,208
E00034760,274,39,235
E00034761,441,95,346
E00034762,418,112,306
E00034763,247,38,209
E00034764,213,29,184
E00034765,377,92,285
E00034766,248,34,214
E00034767,104,11,93
E00034768,291,62,229
E00034769,259,51,208
E00034770,244,33,211
E00034771,330,53,277
E00034772,269,37,232
E00034773,275,34,241
E00034774,199,28,171
E00034776,245,37,208
E00034778,305,51,254
E00034779,267,34,233
E00034780,376,68,308
E00034781,221,32,189
E00034782,286,56,230
E00034783,224,37,187
E00034784,243,40,203
E00034785,309,68,241
E00034786,251,23,228
E00034787,390,89,301
E00034788,249,73,176
E00034789,293,32,261
E00034790,289,54,235
E00034791,320,104,216
E00034792,287,42,245
E00034793,230,36,194
E00034794,233,48,185
E00034795,213,31,182
E00034796,477,119,358
E00034797,527,129,398
E00034798,424,62,362
E00034799,377,114,263
E00034800,281,51,230
E00034801,337,53,284
E00034802,313,51,262
E00034803,330,57,273
E00034804,418,71,347
E00034805,320,47,273
E00034806,244,26,218
E00034807,216,24,192
E00034808,311,76,235
E00034809,250,28,222
E00034810,374,72,302
E00034811,314,89,225
E00034812,423,71,352
E00034813,354,67,287
E00034814,281,26,255
E00034815,256,44,212
E00034816,296,69,227
E00034817,269,22,247
E00034818,252,25,227
E00034819,224,40,184
E00034821,349,115,234
E00034822,188,29,159
E00034823,333,62,271
E00034824,284,75,209
E00034825,296,38,258
E00034826,350,103,247
E00034827,318,82,236
E00034828,358,76,282
E00034829,224,44,180
E00034830,200,52,148
E00034832,209,27,182
E00034833,284,47,237
E00034834,262,66,196
E00034835,268,53,215
E00034836,203,34,169
E00034837,259,53,206
E00034838,387,92,295
E00034839,286,55,231
E00034840,248,39,209
E00034841,307,57,250
E00034842,455,77,378
E00034844,258,34,224
E00034845,223,21,202
E00034846,277,54,223
E00034847,251,48,203
E00034848,242,44,198
E00034849,279,72,207
E00034850,373,111,262
E00034851,329,34,295
E00034852,331,62,269
E00034853,330,54,276
E00034854,221,60,161
E00034855,191,24,167
E00034856,267,55,212
E00034857,255,58,197
E00034858,193,13,180
E00034859,175,27,148
E00034860,324,57,267
E00034861,268,36,232
E00034862,391,47,344
E00034863,280,39,241
E00034864,188,28,160
E00034865,276,55,221
E00034866,218,32,186
E00034867,323,86,237
E00034868,221,30,191
E00034869,248,52,196
E00034870,256,38,218
E00034871,245,41,204
E00034872,269,32,237
E00034873,231,36,195
E00034874,289,38,251
E00034875,222,30,192
E00034876,264,45,219
E00034877,244,28,216
E00034878,266,61,205
E00034879,220,40,180
E00034880,139,19,120
E00034881,194,30,164
E00034882,201,33,168
E00034883,259,34,225
E00034884,209,21,188
E00034885,308,47,261
E00034886,210,28,182
E00034887,212,60,152
E00034888,301,51,250
E00034889,221,27,194
E00034890,219,27,192
E00034891,261,21,240
E00034892,266,33,233
E00034893,248,44,204
E00034894,258,45,213
E00034895,316,58,258
E00034896,351,53,298
E00034897,291,52,239
E00034898,268,50,218
E00034899,289,51,238
E00034900,299,59,240
E00034901,221,23,198
E00034902,232,21,211
E00034903,365,54,311
E00034904,275,41,234
E00034905,256,32,224
E00034906,299,42,257
E00034907,197,22,175
E00034908,208,29,179
E00034909,229,51,178
E00034910,289,45,244
E00034911,265,54,211
E00034912,268,40,228
E00034913,276,44,232
E00034914,298,45,253
E00034915,279,44,235
E00034916,241,36,205
E00034917,255,44,211
E00034918,274,44,230
E00034919,275,31,244
E00034920,310,66,244
E00034921,211,22,189
E00034922,240,37,203
E00034923,508,87,421
E00034924,252,40,212
E00034925,243,17,226
E00034926,283,36,247
E00034927,307,31,276
E00034928,270,42,228
E00034929,272,40,232
E00034930,329,48,281
E00034931,283,53,230
E00034932,292,37,255
E00034933,268,39,229
E00034934,302,54,248
E00034935,269,39,230
E00034936,303,66,237
E00034937,251,42,209
E00034938,270,47,223
E00034939,243,37,206
E00034940,281,37,244
E00034941,251,44,207
E00034942,301,36,265
E00034944,242,36,206
E00034945,295,61,234
E00034946,318,41,277
E00034947,300,66,234
E00034949,255,41,214
E00034950,280,51,229
E00034951,299,35,264
E00034952,174,25,149
E00034953,358,74,284
E00034954,236,35,201
E00034955,231,44,187
E00034956,237,25,212
E00034957,262,34,228
E00034958,257,34,223
E00034959,321,70,251
E00034960,294,35,259
E00034961,276,31,245
E00034962,288,39,249
E00034963,322,47,275
E00034964,248,28,220
E00034965,207,34,173
E00034966,321,48,273
E00034967,358,67,291
E00034969,254,47,207
E00034970,427,109,318
E00034972,342,47,295
E00034973,305,48,257
E00034974,387,57,330
E00034975,275,26,249
E00034976,401,59,342
E00034977,240,29,211
E00034978,303,43,260
E00034979,308,56,252
E00034980,332,52,280
E00034981,353,84,269
E00034982,249,24,225
E00034983,481,68,413
E00034984,267,41,226
E00034986,325,53,272
E00034987,275,37,238
E00034989,258,52,206
E00034990,259,27,232
E00034992,419,52,367
E00034993,269,61,208
E00034994,231,32,199
E00034995,242,28,214
E00034996,256,25,231
E00034997,281,54,227
E00034998,255,42,213
E00034999,260,53,207
E00035000,369,75,294
E00035001,293,35,258
E00035002,257,30,227
E00035004,288,43,245
E00035005,296,43,253
E00035006,342,98,244
E00035007,196,35,161
E00035008,300,56,244
E00035009,245,50,195
E00035010,170,32,138
E00035011,185,11,174
E00035012,260,69,191
E00035013,227,25,202
E00035014,267,52,215
E00035015,282,49,233
E00035016,306,50,256
E00035017,277,34,243
E00035018,248,38,210
E00035019,332,115,217
E00035020,258,45,213
E00035021,302,63,239
E00035022,176,28,148
E00035023,216,34,182
E00035024,305,46,259
E00035025,262,71,191
E00035026,276,45,231
E00035027,270,70,200
E00035028,333,82,251
E00035029,328,60,268
E00035030,326,60,266
E00035031,210,34,176
E00035032,270,52,218
E00035033,262,52,210
E00035034,457,82,375
E00035035,542,123,419
E00035036,330,115,215
E00035037,350,94,256
E00035038,252,55,197
E00035039,312,73,239
E00035040,428,74,354
E00035041,307,43,264
E00035042,354,93,261
E00035043,325,111,214
E00035044,258,30,228
E00035045,235,24,211
E00035046,293,62,231
E00035047,304,52,252
E00035048,287,52,235
E00035049,337,67,270
E00035050,407,70,337
E00035051,257,54,203
E00035052,264,44,220
E00035053,324,61,263
E00035054,312,49,263
E00035055,286,60,226
E00035056,342,76,266
E00035057,274,42,232
E00035058,409,64,345
E00035059,296,71,225
E00035060,262,51,211
E00035061,341,98,243
E00035062,340,97,243
E00035063,288,44,244
E00035064,277,49,228
E00035065,285,54,231
E00035066,307,44,263
E00035067,332,79,253
E00035068,341,53,288
E00035069,281,48,233
E00035070,314,65,249
E00035071,300,56,244
E00035072,294,55,239
E00035073,269,29,240
E00035074,277,55,222
E00035075,188,23,165
E00035076,259,38,221
E00035077,288,73,215
E00035078,328,48,280
E00035079,448,87,361
E00035080,296,48,248
E00035081,267,39,228
E00035082,249,18,231
E00035083,581,155,426
E00035084,277,55,222
E00035085,153,13,140
E00035086,283,27,256
E00035087,261,39,222
E00035088,349,61,288
E00035089,332,95,237
E00035090,341,60,281
E00035091,294,47,247
E00035092,252,45,207
E00035093,313,49,264
E00035094,315,52,263
E00035095,278,34,244
E00035096,230,26,204
E00035097,223,41,182
E00035098,265,52,213
E00035099,159,14,145
E00035100,411,118,293
E00035101,251,35,216
E00035102,267,20,247
E00035103,296,57,239
E00035104,213,19,194
E00035105,186,34,152
E00035106,249,35,214
E00035107,272,73,199
E00035108,236,21,215
E00035109,190,33,157
E00035110,325,36,289
E00035111,310,84,226
E00035112,277,41,236
E00035113,304,62,242
E00035114,257,59,198
E00035115,310,50,260
E00035116,241,46,195
E00035117,290,52,238
E00035118,218,29,189
E00035119,253,41,212
E00035120,229,39,190
E00035121,289,65,224
E00035122,252,33,219
E00035123,301,76,225
E00035124,286,57,229
E00035125,263,60,203
E00035126,320,56,264
E00035127,302,78,224
E00035128,253,34,219
E00035129,254,62,192
E00035130,249,53,196
E00035131,255,39,216
E00035132,314,74,240
E00035133,319,52,267
E00035134,250,37,213
E00035135,257,37,220
E00035136,330,68,262
E00035137,334,73,261
E00035138,339,69,270
E00035139,285,68,217
E00035140,313,46,267
E00035141,320,71,249
E00035142,345,56,289
E00035143,296,41,255
E00035144,238,41,197
E00035145,296,69,227
E00035146,324,67,257
E00035147,275,49,226
E00035148,244,44,200
E00035149,126,12,114
E00035150,319,57,262
E00035151,285,55,230
E00035152,302,79,223
E00035153,300,57,243
E00035154,261,40,221
E00035155,298,52,246
E00035156,205,22,183
E00035157,354,66,288
E00035158,357,65,292
E00035159,321,70,251
E00035160,271,34,237
E00035161,241,40,201
E00035162,373,70,303
E00035163,393,64,329
E00035164,298,63,235
E00035165,286,48,238
E00035166,270,16,254
E00035167,291,54,237
E00035168,322,42,280
E00035169,164,3,161
E00035170,357,49,308
E00035171,311,78,233
E00035172,313,59,254
E00035173,326,79,247
E00035174,338,78,260
E00035175,264,44,220
E00035176,349,73,276
E00035177,217,25,192
E00035178,182,23,159
E00035179,330,28,302
E00035180,210,24,186
E00035181,235,36,199
E00035182,273,45,228
E00035183,259,18,241
E00035184,260,31,229
E00035185,329,61,268
E00035186,364,68,296
E00035187,226,30,196
E00035188,321,34,287
E00035189,239,33,206
E00035190,270,49,221
E00035191,241,34,207
E00035192,289,53,236
E00035193,263,25,238
E00035194,236,18,218
E00035195,321,35,286
E00035196,310,18,292
E00035197,245,26,219
E00035198,345,20,325
E00035199,348,43,305
E00035200,299,23,276
E00035201,288,23,265
E00035202,186,9,177
E00035203,217,45,172
E00035204,278,36,242
E00035205,228,20,208
E00035206,266,39,227
E00035207,272,79,193
E00035208,214,38,176
E00035209,310,40,270
E00035210,310,40,270
E00035211,195,24,171
E00035212,239,37,202
E00035213,209,24,185
E00035214,135,4,131
E00035215,271,17,254
E00035216,330,6,324
E00035217,317,29,288
E00035218,226,14,212
E00035219,294,63,231
E00035220,220,15,205
E00035221,220,9,211
E00035222,254,19,235
E00035223,282,34,248
E00035224,365,55,310
E00035225,275,24,251
E00035226,217,15,202
E00035227,173,9,164
E00035228,322,23,299
E00035229,274,29,245
E00035230,192,8,184
E00035231,220,19,201
E00035232,321,42,279
E00035233,298,26,272
E00035234,299,48,251
E00035235,213,27,186
E00035236,192,19,173
E00035237,191,9,182
E00035238,211,23,188
E00035239,289,50,239
E00035240,168,36,132
E00035242,271,38,233
E00035243,344,59,285
E00035244,227,28,199
E00035245,366,48,318
E00035246,246,14,232
E00035247,291,43,248
E00035248,196,21,175
E00035249,280,58,222
E00035250,273,32,241
E00035251,266,44,222
E00035252,459,60,399
E00035253,226,30,196
E00035254,242,30,212
E00035256,221,40,181
E00035258,243,48,195
E00035259,191,32,159
E00035261,274,35,239
E00035262,304,77,227
E00035263,245,48,197
E00035264,211,27,184
E00035265,274,51,223
E00035266,330,59,271
E00035267,232,34,198
E00035268,246,42,204
E00035269,292,28,264
E00035270,267,53,214
E00035271,244,35,209
E00035272,228,49,179
E00035273,263,23,240
E00035274,256,50,206
E00035275,195,22,173
E00035276,229,25,204
E00035277,389,57,332
E00035278,281,53,228
E00035279,259,39,220
E00035280,160,46,114
E00035281,156,26,130
E00035282,228,41,187
E00035283,244,61,183
E00035284,193,34,159
E00035285,271,50,221
E00035286,294,58,236
E00035287,257,43,214
E00035288,373,99,274
E00035289,319,66,253
E00035290,382,84,298
E00035291,273,45,228
E00035292,282,57,225
E00035293,270,55,215
E00035294,249,38,211
E00035295,330,73,257
E00035296,242,47,195
E00035297,402,67,335
E00035298,410,112,298
E00035299,261,66,195
E00035300,234,61,173
E00035301,371,81,290
E00035302,304,73,231
E00035303,264,46,218
E00035304,306,59,247
E00035305,294,46,248
E00035306,266,40,226
E00035307,304,60,244
E00035308,295,74,221
E00035309,272,50,222
E00035310,287,78,209
E00035311,254,53,201
E00035312,288,57,231
E00035313,245,51,194
E00035314,332,85,247
E00035315,324,80,244
E00035316,305,48,257
E00035317,430,72,358
E00035318,206,35,171
E00035319,278,14,264
E00035322,276,28,248
E00035323,291,30,261
E00035324,266,44,222
E00035325,404,71,333
E00035326,450,48,402
E00035327,274,17,257
E00035328,303,56,247
E00035329,248,13,235
E00035330,164,19,145
E00035331,207,22,185
E00035332,261,50,211
E00035333,355,18,337
E00035334,262,42,220
E00035335,274,39,235
E00035336,289,58,231
E00035337,273,38,235
E00035338,262,22,240
E00035339,202,28,174
E00035341,303,12,291
E00035342,300,26,274
E00035343,292,38,254
E00035344,133,1,132
E00035345,273,21,252
E00035346,249,38,211
E00035347,372,44,328
E00035348,297,54,243
E00035349,269,40,229
E00035350,240,54,186
E00035351,266,6,260
E00035352,359,50,309
E00035353,304,30,274
E00035354,383,110,273
E00035355,252,26,226
E00035357,269,31,238
E00035358,267,48,219
E00035359,202,25,177
E00035360,269,13,256
E00035361,411,25,386
E00035362,232,16,216
E00035363,321,43,278
E00035364,210,18,192
E00035365,310,19,291
E00035366,191,8,183
E00035367,174,3,171
E00035368,250,23,227
E00035369,353,70,283
E00035370,264,34,230
E00035371,160,10,150
E00035372,372,33,339
E00035373,256,42,214
E00035374,262,38,224
E00035375,236,48,188
E00035376,305,59,246
E00035377,310,88,222
E00035378,282,32,250
E00035380,231,39,192
E00035381,295,48,247
E00035382,292,56,236
E00035384,321,84,237
E00035385,259,60,199
E00035386,271,61,210
E00035387,273,59,214
E00035388,325,57,268
E00035389,257,35,222
E00035390,320,63,257
E00035391,177,12,165
E00035392,254,56,198
E00035393,283,60,223
E00035394,394,54,340
E00035395,339,113,226
E00035396,474,84,390
E00035397,165,7,158
E00035398,261,65,196
E00035399,192,22,170
E00035400,254,31,223
E00035401,274,37,237
E00035402,308,49,259
E00035404,228,40,188
E00035405,317,83,234
E00035406,198,26,172
E00035407,220,58,162
E00035408,278,63,215
E00035409,198,32,166
E00035410,210,28,182
E00035411,272,48,224
E00035412,284,58,226
E00035413,133,12,121
E00035414,250,42,208
E00035415,268,44,224
E00035416,272,38,234
E00035417,206,30,176
E00035418,261,42,219
E00035419,301,40,261
E00035420,435,92,343
E00035421,363,66,297
E00035422,232,36,196
E00035423,266,34,232
E00035424,342,61,281
E00035425,215,39,176
E00035426,267,48,219
E00035427,291,45,246
E00035428,426,72,354
E00035429,335,43,292
E00035430,281,59,222
E00035431,281,33,248
E00035432,243,49,194
E00035433,309,67,242
E00035434,267,32,235
E00035435,273,43,230
E00035436,219,35,184
E00035437,285,58,227
E00035438,308,62,246
E00035439,266,40,226
E00035440,284,56,228
E00035441,464,89,375
E00035442,272,48,224
E00035443,280,43,237
E00035444,259,44,215
E00035445,322,73,249
E00035446,297,56,241
E00035447,244,28,216
E00035448,190,31,159
E00035449,251,40,211
E00035450,210,29,181
E00035451,284,52,232
E00035452,231,37,194
E00035453,270,28,242
E00035454,249,44,205
E00035455,249,52,197
E00035456,338,65,273
E00035457,340,65,275
E00035458,316,66,250
E00035459,257,39,218
E00035460,282,52,230
E00035461,355,63,292
E00035462,375,62,313
E00035463,286,60,226
E00035464,265,37,228
E00035466,290,55,235
E00035467,333,93,240
E00035468,238,30,208
E00035469,521,121,400
E00035470,415,91,324
E00035471,417,77,340
E00035472,295,55,240
E00035473,221,24,197
E00035474,314,86,228
E00035475,318,78,240
E00035476,297,70,227
E00035477,222,49,173
E00035478,321,66,255
E00035479,353,93,260
E00035480,233,46,187
E00035481,298,60,238
E00035482,332,73,259
E00035483,243,38,205
E00035484,338,73,265
E00035485,270,69,201
E00035486,238,46,192
E00035487,321,72,249
E00035488,327,62,265
E00035489,497,124,373
E00035490,318,77,241
E00035491,339,86,253
E00035492,186,3,183
E00035493,269,49,220
E00035494,309,61,248
E00035495,299,55,244
E00035496,389,98,291
E00035497,257,57,200
E00035498,269,57,212
E00035501,311,61,250
E00035502,312,63,249
E00035503,325,56,269
E00035504,272,61,211
E00035505,200,22,178
E00035506,252,39,213
E00035507,187,20,167
E00035508,233,29,204
E00035509,264,45,219
E00035510,207,27,180
E00035511,262,48,214
E00035512,186,40,146
E00035513,292,64,228
E00035514,243,33,210
E00035515,227,48,179
E00035520,313,89,224
E00035521,291,24,267
E00035523,230,47,183
E00035524,220,43,177
E00035525,182,36,146
E00035526,226,31,195
E00035527,220,49,171
E00035528,300,64,236
E00035529,291,53,238
E00035530,307,59,248
E00035531,267,56,211
E00035532,227,50,177
E00035533,225,46,179
E00035534,203,22,181
E00035535,238,35,203
E00035536,191,26,165
E00035537,248,37,211
E00035538,310,76,234
E00035539,269,56,213
E00035540,284,43,241
E00035541,267,64,203
E00035542,216,38,178
E00035543,234,50,184
E00035544,270,66,204
E00035545,318,102,216
E00035546,251,53,198
E00035547,410,80,330
E00035548,448,76,372
E00035549,219,31,188
E00035550,285,57,228
E00035551,263,34,229
E00035552,262,33,229
E00035553,279,48,231
E00035554,519,105,414
E00035555,300,68,232
E00035556,243,60,183
E00035559,199,17,182
E00035563,275,61,214
E00035564,237,47,190
E00035565,206,39,167
E00035568,276,61,215
E00035570,238,63,175
E00035571,285,72,213
E00035572,295,61,234
E00035573,250,32,218
E00035574,283,62,221
E00035575,320,75,245
E00035576,237,68,169
E00035577,290,40,250
E00035578,308,52,256
E00035579,249,38,211
E00035580,268,37,231
E00035581,518,88,430
E00035582,306,50,256
E00035583,340,65,275
E00035584,439,123,316
E00035585,341,71,270
E00035586,336,59,277
E00035587,333,66,267
E00035588,304,52,252
E00035589,259,54,205
E00035590,288,63,225
E00035591,233,52,181
E00035592,274,41,233
E00035593,296,47,249
E00035594,270,44,226
E00035595,241,62,179
E00035596,181,36,145
E00035597,259,30,229
E00035598,266,48,218
E00035599,225,32,193
E00035600,312,61,251
E00035601,236,31,205
E00035602,262,32,230
E00035603,165,29,136
E00035604,322,60,262
E00035605,375,65,310
E00035606,310,42,268
E00035607,263,51,212
E00035608,298,57,241
E00035609,284,49,235
E00035610,337,66,271
E00035611,225,28,197
E00035612,324,43,281
E00035613,347,63,284
E00035614,283,42,241
E00035615,252,30,222
E00035616,293,33,260
E00035617,284,30,254
E00035618,234,17,217
E00035619,285,34,251
E00035620,330,61,269
E00035621,265,31,234
E00035622,222,18,204
E00035623,261,26,235
E00035624,362,73,289
E00035625,274,39,235
E00035626,193,23,170
E00035627,300,37,263
E00035628,279,37,242
E00035629,208,2,206
E00035630,303,42,261
E00035631,261,62,199
E00035632,240,43,197
E00035633,239,44,195
E00035634,248,17,231
E00035635,268,45,223
E00035636,284,42,242
E00035637,274,49,225
E00035638,210,14,196
E00035639,249,33,216
E00035640,244,59,185
E00035641,262,45,217
E00035642,309,65,244
E00035643,294,49,245
E00035644,282,61,221
E00035645,311,72,239
E00035646,265,40,225
E00035647,296,42,254
E00035648,262,44,218
E00035649,316,58,258
E00035650,228,37,191
E00035651,212,30,182
E00035652,307,72,235
E00035653,299,49,250
E00035654,419,96,323
E00035655,309,49,260
E00035656,304,34,270
E00035657,131,22,109
E00035658,225,33,192
E00035659,249,30,219
E00035660,268,36,232
E00035661,285,48,237
E00035662,277,55,222
E00035663,253,30,223
E00035664,284,33,251
E00035665,210,24,186
E00035666,318,41,277
E00035667,236,35,201
E00035668,297,35,262
E00035669,287,55,232
E00035670,220,43,177
E00035671,322,57,265
E00035672,320,39,281
E00035673,240,38,202
E00035674,354,80,274
E00035675,251,38,213
E00035676,285,45,240
E00035677,304,75,229
E00035678,233,30,203
E00035679,292,38,254
E00035680,251,50,201
E00035681,263,37,226
E00035682,317,52,265
E00035683,282,40,242
E00035684,226,49,177
E00035685,294,56,238
E00035686,280,41,239
E00035687,275,53,222
E00035688,294,73,221
E00035689,270,38,232
E00035690,514,98,416
E00035691,371,84,287
E00035692,125,27,98
E00035693,272,37,235
E00035694,377,47,330
E00035696,280,58,222
E00035697,427,73,354
E00035698,145,32,113
E00035699,341,78,263
E00035700,256,29,227
E00035701,240,25,215
E00035702,295,31,264
E00035703,314,43,271
E00035704,378,38,340
E00035705,345,68,277
E00035706,295,50,245
E00035707,354,80,274
E00035708,273,60,213
E00035709,357,102,255
E00035710,260,43,217
E00035711,474,123,351
E00035712,392,69,323
E00035713,200,49,151
E00035714,366,70,296
E00035716,241,28,213
E00035717,332,51,281
E00035718,578,127,451
E00035719,294,70,224
E00035720,351,93,258
E00035721,274,52,222
E00035722,319,63,256
E00035724,312,52,260
E00035725,273,39,234
E00035726,276,57,219
E00035728,209,23,186
E00035729,306,51,255
E00035730,290,72,218
E00035731,257,54,203
E00035732,298,44,254
E00035733,294,61,233
E00035734,299,75,224
E00035735,290,63,227
E00035736,416,85,331
E00035737,248,35,213
E00035738,310,57,253
E00035739,235,35,200
E00035740,233,25,208
E00035741,225,27,198
E00035742,406,85,321
E00035743,300,49,251
E00035744,375,111,264
E00035745,327,64,263
E00035746,274,38,236
E00035747,385,54,331
E00035748,242,42,200
E00035749,284,58,226
E00035750,295,71,224
E00035751,287,57,230
E00035752,304,63,241
E00035753,349,78,271
E00035754,244,51,193
E00035755,273,55,218
E00035756,351,76,275
E00035757,266,68,198
E00035758,249,66,183
E00035759,268,61,207
E00035760,326,79,247
E00035761,343,57,286
E00035762,290,65,225
E00035763,279,41,238
E00035764,346,66,280
E00035765,255,53,202
E00035766,272,42,230
E00035767,248,70,178
E00035768,241,46,195
E00035769,279,53,226
E00035770,272,66,206
E00035771,294,68,226
E00035772,309,94,215
E00035773,285,70,215
E00035774,323,67,256
E00035775,281,60,221
E00035776,321,60,261
E00035777,291,60,231
E00035778,310,64,246
E00035779,310,78,232
E00035780,316,65,251
E00035781,329,59,270
E00035782,331,72,259
E00035783,327,65,262
E00035784,259,42,217
E00035785,321,74,247
E00035786,433,86,347
E00035787,484,106,378
E00035788,261,37,224
E00035789,294,56,238
E00035790,276,33,243
E00035791,262,53,209
E00035792,251,27,224
E00035793,275,63,212
E00035794,290,74,216
E00035795,231,39,192
E00035796,282,40,242
E00035797,312,57,255
E00035798,239,27,212
E00035799,267,40,227
E00035800,257,33,224
E00035801,329,70,259
E00035802,252,41,211
E00035803,322,50,272
E00035804,221,37,184
E00035805,300,36,264
E00035806,302,29,273
E00035807,255,38,217
E00035808,290,53,237
E00035809,284,42,242
E00035810,276,52,224
E00035811,288,58,230
E00035812,284,59,225
E00035813,339,78,261
E00035814,268,49,219
E00035815,266,33,233
E00035816,309,53,256
E00035817,499,72,427
E00035818,302,46,256
E00035819,245,20,225
E00035820,282,36,246
E00035821,250,24,226
E00035822,346,53,293
E00035823,283,54,229
E00035824,286,40,246
E00035825,310,48,262
E00035826,321,71,250
E00035827,291,55,236
E00035828,281,46,235
E00035829,282,43,239
E00035830,225,32,193
E00035831,295,44,251
E00035832,271,41,230
E00035833,292,33,259
E00035834,268,46,222
E00035835,231,44,187
E00035836,262,53,209
E00035837,314,66,248
E00035838,252,42,210
E00035839,264,34,230
E00035840,193,17,176
E00035841,256,37,219
E00035842,332,41,291
E00035843,227,32,195
E00035844,253,55,198
E00035845,285,57,228
E00035846,237,29,208
E00035847,237,39,198
E00035848,277,58,219
E00035849,244,39,205
E00035850,343,62,281
E00035851,248,34,214
E00035852,248,36,212
E00035853,233,40,193
E00035854,263,60,203
E00035855,307,40,267
E00035856,294,49,245
E00035857,256,54,202
E00035858,272,34,238
E00035859,343,65,278
E00035860,274,51,223
E00035861,279,54,225
E00035862,278,43,235
E00035863,312,40,272
E00035864,315,67,248
E00035865,187,14,173
E00035866,294,49,245
E00035867,316,63,253
E00035868,329,48,281
E00035869,300,36,264
E00035870,256,54,202
E00035871,245,43,202
E00035872,397,51,346
E00035873,287,49,238
E00035874,302,51,251
E00035875,248,33,215
E00035876,251,39,212
E00035877,197,20,177
E00035878,294,61,233
E00035879,418,99,319
E00035880,266,50,216
E00035881,319,36,283
E00035882,271,41,230
E00035883,199,48,151
E00035884,292,57,235
E00035885,282,59,223
E00035886,330,72,258
E00035887,250,39,211
E00035888,231,47,184
E00035889,246,33,213
E00035890,263,43,220
E00035891,310,70,240
E00035892,241,13,228
E00035893,274,48,226
E00035894,260,40,220
E00035895,227,42,185
E00035896,294,83,211
E00035897,406,104,302
E00035898,273,57,216
E00035899,290,58,232
E00035900,162,22,140
E00035901,220,24,196
E00035903,170,11,159
E00035904,299,60,239
E00035905,228,30,198
E00035907,304,45,259
E00035908,208,31,177
E00035909,267,61,206
E00035910,216,61,155
E00035911,270,43,227
E00035912,248,46,202
E00035913,238,50,188
E00035914,275,76,199
E00035915,256,71,185
E00035916,241,36,205
E00035917,255,44,211
E00035918,247,57,190
E00035919,262,49,213
E00035920,225,42,183
E00035921,275,76,199
E00035922,131,7,124
E00035923,334,55,279
E00035924,212,31,181
E00035925,259,43,216
E00035926,244,46,198
E00035927,208,28,180
E00035928,309,55,254
E00035929,254,41,213
E00035930,261,46,215
E00035931,282,52,230
E00035932,224,28,196
E00035933,288,46,242
E00035934,226,35,191
E00035935,246,41,205
E00035936,286,37,249
E00035937,289,44,245
E00035938,261,29,232
E00035939,261,31,230
E00035940,294,48,246
E00035941,284,61,223
E00035942,180,10,170
E00035943,326,51,275
E00035944,516,103,413
E00035946,255,42,213
E00035947,239,43,196
E00035948,275,30,245
E00035949,252,41,211
E00035950,278,44,234
E00035951,258,36,222
E00035952,245,38,207
E00035953,237,26,211
E00035954,257,33,224
E00035955,267,45,222
E00035956,268,46,222
E00035957,312,50,262
E00035958,200,24,176
E00035959,193,20,173
E00035960,304,51,253
E00035961,231,26,205
E00035962,257,26,231
E00035963,302,47,255
E00035964,284,44,240
E00035965,414,53,361
E00035966,221,27,194
E00035967,263,34,229
E00035968,295,56,239
E00035969,273,49,224
E00035970,277,38,239
E00035971,285,34,251
E00035972,307,61,246
E00035973,344,78,266
E00035974,327,62,265
E00035975,215,21,194
E00035976,320,62,258
E00035977,332,68,264
E00035978,281,54,227
E00035979,329,63,266
E00035980,324,56,268
E00035981,280,42,238
E00035982,378,55,323
E00035983,251,40,211
E00035984,262,41,221
E00035985,227,40,187
E00035986,331,83,248
E00035987,287,63,224
E00035988,269,54,215
E00035989,318,53,265
E00035990,327,59,268
E00035991,267,44,223
E00035992,284,56,228
E00035993,255,39,216
E00035994,268,43,225
E00035995,268,63,205
E00035996,289,65,224
E00035997,320,49,271
E00035998,386,61,325
E00035999,298,51,247
E00036000,187,23,164
E00036001,365,92,273
E00036002,512,108,404
E00036003,281,48,233
E00036004,350,73,277
E00036005,224,41,183
E00036006,308,57,251
E00036007,244,37,207
E00036008,324,58,266
E00036009,267,57,210
E00036010,259,44,215
E00036011,295,49,246
E00036012,367,74,293
E00036013,289,92,197
E00036014,269,49,220
E00036015,276,44,232
E00036016,172,27,145
E00036017,299,62,237
E00036018,307,63,244
E00036019,328,77,251
E00036020,335,73,262
E00036021,259,41,218
E00036022,293,71,222
E00036023,270,53,217
E00036024,241,19,222
E00036025,317,78,239
E00036026,253,54,199
E00036027,320,69,251
E00036028,217,16,201
E00036029,258,41,217
E00036030,299,74,225
E00036031,335,71,264
E00036032,323,61,262
E00036033,270,55,215
E00036034,281,47,234
E00036035,295,57,238
E00036036,265,70,195
E00036037,313,58,255
E00036038,272,66,206
E00036039,292,57,235
E00036040,317,58,259
E00036041,246,47,199
E00036042,339,70,269
E00036043,286,46,240
E00036044,282,54,228
E00036045,292,74,218
E00036046,258,44,214
E00036047,277,56,221
E00036048,272,44,228
E00036049,215,34,181
E00036050,194,16,178
E00036051,148,20,128
E00036052,265,89,176
E00036053,323,77,246
E00036054,284,40,244
E00036055,297,68,229
E00036056,296,100,196
E00036057,467,97,370
E00036058,225,62,163
E00036059,330,113,217
E00036060,402,132,270
E00036061,225,64,161
E00036062,370,75,295
E00036063,231,58,173
E00036064,329,94,235
E00036066,349,53,296
E00036067,350,110,240
E00036069,270,77,193
E00036070,264,68,196
E00036071,242,41,201
E00036072,295,72,223
E00036073,343,51,292
E00036074,238,48,190
E00036075,177,48,129
E00036076,190,40,150
E00036077,229,34,195
E00036078,290,66,224
E00036079,420,109,311
E00036080,203,47,156
E00036081,233,70,163
E00036082,243,50,193
E00036083,257,61,196
E00036084,242,51,191
E00036085,340,72,268
E00036086,202,30,172
E00036087,257,62,195
E00036088,351,88,263
E00036089,358,73,285
E00036090,286,64,222
E00036091,250,88,162
E00036092,247,64,183
E00036093,188,24,164
E00036095,286,60,226
E00036096,285,50,235
E00036097,360,65,295
E00036098,275,54,221
E00036099,298,50,248
E00036100,351,88,263
E00036101,348,80,268
E00036102,270,76,194
E00036103,294,79,215
E00036104,241,61,180
E00036105,222,13,209
E00036107,251,67,184
E00036111,261,55,206
E00036112,332,73,259
E00036113,247,35,212
E00036114,303,62,241
E00036115,260,50,210
E00036116,344,64,280
E00036117,301,72,229
E00036118,163,20,143
E00036119,322,26,296
E00036120,181,54,127
E00036121,272,38,234
E00036122,230,34,196
E00036123,241,49,192
E00036124,247,55,192
E00036125,222,45,177
E00036126,327,36,291
E00036127,267,56,211
E00036128,371,115,256
E00036129,293,76,217
E00036130,313,62,251
E00036131,355,73,282
E00036132,227,32,195
E00036133,175,26,149
E00036134,250,42,208
E00036135,306,59,247
E00036136,371,111,260
E00036137,336,86,250
E00036138,378,117,261
E00036139,219,35,184
E00036140,342,103,239
E00036141,251,43,208
E00036142,338,86,252
E00036143,311,50,261
E00036144,247,53,194
E00036145,263,59,204
E00036146,308,67,241
E00036147,246,39,207
E00036148,416,39,377
E00036149,247,20,227
E00036150,323,72,251
E00036152,350,77,273
E00036155,264,39,225
E00036156,311,49,262
E00036157,267,34,233
E00036158,344,63,281
E00036159,240,33,207
E00036160,310,75,235
E00036161,210,44,166
E00036162,313,46,267
E00036163,311,68,243
E00036164,300,51,249
E00036165,175,16,159
E00036166,292,49,243
E00036167,271,51,220
E00036168,273,73,200
E00036169,270,55,215
E00036170,241,58,183
E00036171,234,28,206
E00036172,219,44,175
E00036173,296,42,254
E00036174,251,40,211
E00036175,318,62,256
E00036176,243,41,202
E00036177,348,74,274
E00036178,294,68,226
E00036179,269,51,218
E00036180,266,49,217
E00036181,309,69,240
E00036182,295,69,226
E00036183,241,35,206
E00036184,240,41,199
E00036185,304,69,235
E00036186,249,17,232
E00036187,264,43,221
E00036188,286,59,227
E00036189,258,37,221
E00036190,233,29,204
E00036191,273,42,231
E00036192,298,43,255
E00036193,332,28,304
E00036194,324,42,282
E00036195,316,51,265
E00036196,286,39,247
E00036197,250,47,203
E00036198,302,45,257
E00036199,320,53,267
E00036200,270,45,225
E00036201,249,32,217
E00036202,271,39,232
E00036203,287,52,235
E00036204,312,52,260
E00036205,297,58,239
E00036206,271,43,228
E00036207,276,53,223
E00036208,342,52,290
E00036209,297,43,254
E00036210,376,58,318
E00036211,251,43,208
E00036212,306,52,254
E00036213,271,40,231
E00036214,271,59,212
E00036215,252,42,210
E00036216,313,70,243
E00036217,282,42,240
E00036218,262,40,222
E00036219,211,25,186
E00036220,184,22,162
E00036221,272,55,217
E00036222,159,19,140
E00036223,273,36,237
E00036224,280,42,238
E00036225,264,30,234
E00036226,366,72,294
E00036227,284,41,243
E00036228,261,51,210
E00036229,266,39,227
E00036230,302,69,233
E00036231,322,72,250
E00036232,276,57,219
E00036233,253,38,215
E00036234,292,66,226
E00036235,332,55,277
E00036236,319,64,255
E00036237,247,33,214
E00036238,289,54,235
E00036239,296,53,243
E00036240,239,43,196
E00036241,235,13,222
E00036242,253,24,229
E00036243,310,38,272
E00036244,279,49,230
E00036245,228,35,193
E00036246,231,34,197
E00036247,375,65,310
E00036248,295,78,217
E00036249,313,37,276
E00036251,258,44,214
E00036252,310,59,251
E00036253,344,37,307
E00036254,333,53,280
E00036255,211,14,197
E00036256,373,58,315
E00036257,303,30,273
E00036258,179,5,174
E00036259,335,46,289
E00036260,234,20,214
E00036261,243,22,221
E00036262,256,27,229
E00036263,311,55,256
E00036264,245,40,205
E00036265,335,39,296
E00036266,292,63,229
E00036267,265,36,229
E00036268,347,66,281
E00036269,311,51,260
E00036270,261,28,233
E00036271,254,65,189
E00036272,278,79,199
E00036273,225,55,170
E00036274,285,97,188
E00036275,216,36,180
E00036276,294,50,244
E00036277,271,68,203
E00036278,460,94,366
E00036279,239,41,198
E00036280,315,58,257
E00036281,282,70,212
E00036282,295,65,230
E00036283,265,50,215
E00036284,251,49,202
E00036285,331,72,259
E00036286,330,76,254
E00036287,193,24,169
E00036288,334,61,273
E00036289,388,57,331
E00036290,366,61,305
E00036291,273,39,234
E00036292,376,69,307
E00036293,308,67,241
E00036294,322,74,248
E00036295,276,52,224
E00036296,303,40,263
E00036297,306,71,235
E00036298,326,51,275
E00036299,273,35,238
E00036300,258,20,238
E00036301,290,34,256
E00036302,267,39,228
E00036303,252,38,214
E00036304,304,43,261
E00036305,265,47,218
E00036306,273,49,224
E00036307,271,70,201
E00036308,259,42,217
E00036309,283,50,233
E00036310,284,45,239
E00036311,252,55,197
E00036312,251,50,201
E00036313,288,62,226
E00036314,274,65,209
E00036315,223,51,172
E00036316,246,57,189
E00036317,297,44,253
E00036318,285,41,244
E00036319,332,52,280
E00036321,289,55,234
E00036322,261,39,222
E00036323,260,33,227
E00036324,281,68,213
E00036325,288,49,239
E00036326,249,15,234
E00036327,254,48,206
E00036328,375,80,295
E00036329,302,59,243
E00036330,261,60,201
E00036331,330,73,257
E00036332,230,34,196
E00036333,243,37,206
E00036334,293,45,248
E00036335,268,53,215
E00036336,226,60,166
E00036337,290,75,215
E00036338,309,76,233
E00036339,359,45,314
E00036340,395,79,316
E00036341,303,84,219
E00036342,224,35,189
E00036343,267,53,214
E00036344,291,72,219
E00036345,330,83,247
E00036346,288,66,222
E00036347,281,52,229
E00036348,271,60,211
E00036349,384,63,321
E00036350,327,69,258
E00036351,309,71,238
E00036352,301,68,233
E00036353,249,44,205
E00036354,366,50,316
E00036355,290,50,240
E00036356,309,88,221
E00036357,283,46,237
E00036358,288,95,193
E00036359,275,38,237
E00036360,278,57,221
E00036361,409,57,352
E00036362,244,39,205
E00036363,290,40,250
E00036364,199,25,174
E00036365,182,27,155
E00036366,366,87,279
E00036367,240,66,174
E00036368,321,60,261
E00036369,280,70,210
E00036370,228,31,197
E00036371,284,38,246
E00036372,261,44,217
E00036373,297,63,234
E00036374,290,52,238
E00036375,251,37,214
E00036376,327,87,240
E00036377,318,57,261
E00036378,257,64,193
E00036379,420,72,348
E00036380,268,59,209
E00036381,271,33,238
E00036382,295,76,219
E00036383,241,58,183
E00036384,291,45,246
E00036385,284,38,246
E00036386,314,58,256
E00036387,312,49,263
E00036388,318,56,262
E00036389,263,52,211
E00036390,318,41,277
E00036391,342,70,272
E00036392,309,43,266
E00036393,304,42,262
E00036394,284,39,245
E00036395,300,60,240
E00036396,246,32,214
E00036397,337,52,285
E00036398,349,55,294
E00036399,291,39,252
E00036400,264,43,221
E00036401,290,32,258
E00036402,287,44,243
E00036403,339,73,266
E00036404,349,69,280
E00036405,325,61,264
E00036406,245,34,211
E00036407,229,32,197
E00036408,228,35,193
E00036409,229,52,177
E00036410,172,24,148
E00036411,225,15,210
E00036412,266,47,219
E00036413,315,48,267
E00036414,306,52,254
E00036415,306,64,242
E00036416,281,58,223
E00036417,277,46,231
E00036418,255,24,231
E00036419,244,39,205
E00036420,318,51,267
E00036421,300,52,248
E00036422,322,61,261
E00036423,308,61,247
E00036424,313,63,250
E00036425,263,35,228
E00036426,262,47,215
E00036427,291,65,226
E00036428,218,27,191
E00036429,344,75,269
E00036430,231,25,206
E00036431,309,46,263
E00036432,230,30,200
E00036433,279,28,251
E00036434,319,52,267
E00036435,312,59,253
E00036436,246,29,217
E00036437,248,34,214
E00036438,354,64,290
E00036439,386,39,347
E00036440,229,40,189
E00036441,252,46,206
E00036442,146,18,128
E00036443,332,86,246
E00036444,317,72,245
E00036445,310,63,247
E00036446,291,51,240
E00036447,232,39,193
E00036448,328,56,272
E00036449,288,46,242
E00036450,339,66,273
E00036451,266,56,210
E00036452,302,45,257
E00036453,255,50,205
E00036454,349,51,298
E00036455,211,44,167
E00036456,240,34,206
E00036457,234,44,190
E00036458,173,18,155
E00036459,297,27,270
E00036460,287,47,240
E00036461,278,63,215
E00036462,240,40,200
E00036463,258,40,218
E00036464,270,53,217
E00036465,274,51,223
E00036466,243,42,201
E00036467,332,43,289
E00036468,300,49,251
E00036469,279,49,230
E00036470,278,49,229
E00036471,289,52,237
E00036472,300,48,252
E00036473,266,42,224
E00036474,329,53,276
E00036475,340,65,275
E00036476,300,57,243
E00036477,310,76,234
E00036478,281,50,231
E00036479,333,60,273
E00036480,259,41,218
E00036481,280,37,243
E00036482,254,49,205
E00036483,311,50,261
E00036484,294,44,250
E00036485,329,53,276
E00036486,274,50,224
E00036487,306,43,263
E00036488,260,44,216
E00036489,163,11,152
E00036490,252,46,206
E00036491,453,131,322
E00036492,252,76,176
E00036493,355,97,258
E00036494,340,125,215
E00036495,325,99,226
E00036496,245,41,204
E00036497,302,68,234
E00036498,353,52,301
E00036499,190,39,151
E00036500,510,118,392
E00036501,326,80,246
E00036502,266,40,226
E00036503,252,37,215
E00036504,286,34,252
E00036505,310,52,258
E00036506,318,86,232
E00036507,245,58,187
E00036508,221,33,188
E00036509,460,126,334
E00036510,263,49,214
E00036511,354,120,234
E00036512,285,33,252
E00036513,256,42,214
E00036514,260,65,195
E00036515,232,63,169
E00036516,212,47,165
E00036517,297,65,232
E00036518,273,67,206
E00036519,359,79,280
E00036520,316,89,227
E00036521,272,53,219
E00036522,251,80,171
E00036523,188,33,155
E00036524,150,14,136
E00036525,273,56,217
E00036526,350,103,247
E00036527,182,26,156
E00036528,220,22,198
E00036531,290,56,234
E00036532,234,29,205
E00036533,177,20,157
E00036534,297,41,256
E00036535,319,60,259
E00036536,291,79,212
E00036537,312,67,245
E00036538,301,55,246
E00036539,263,44,219
E00036540,271,46,225
E00036541,339,73,266
E00036542,184,26,158
E00036543,293,51,242
E00036544,275,48,227
E00036545,302,89,213
E00036546,257,56,201
E00036547,334,81,253
E00036548,345,114,231
E00036549,334,71,263
E00036550,281,54,227
E00036551,280,81,199
E00036552,291,62,229
E00036553,295,80,215
E00036554,277,62,215
E00036555,234,31,203
E00036556,273,54,219
E00036557,171,1,170
E00036558,289,53,236
E00036559,328,59,269
E00036560,256,45,211
E00036561,337,82,255
E00036562,282,46,236
E00036563,289,51,238
E00036564,158,39,119
E00036565,272,38,234
E00036566,135,4,131
E00036567,278,40,238
E00036568,286,86,200
E00036569,320,61,259
E00036570,299,48,251
E00036571,255,51,204
E00036572,317,45,272
E00036573,237,52,185
E00036574,371,94,277
E00036575,257,44,213
E00036576,284,46,238
E00036577,251,35,216
E00036578,354,60,294
E00036579,236,35,201
E00036580,300,52,248
E00036581,263,35,228
E00036582,254,42,212
E00036583,307,54,253
E00036584,263,64,199
E00036585,320,68,252
E00036586,241,43,198
E00036587,451,89,362
E00036588,309,45,264
E00036589,258,27,231
E00036590,353,65,288
E00036591,240,30,210
E00036592,274,40,234
E00036593,272,37,235
E00036594,299,75,224
E00036595,263,60,203
E00036597,226,22,204
E00036598,242,29,213
E00036599,228,28,200
E00036601,284,57,227
E00036602,208,34,174
E00036603,247,35,212
E00036604,250,33,217
E00036606,237,32,205
E00036607,335,76,259
E00036608,183,38,145
E00036609,169,30,139
E00036610,259,58,201
E00036611,229,38,191
E00036612,257,45,212
E00036613,269,55,214
E00036614,232,30,202
E00036615,276,31,245
E00036616,244,53,191
E00036617,275,51,224
E00036618,316,56,260
E00036619,255,32,223
E00036620,243,21,222
E00036621,281,56,225
E00036622,289,39,250
E00036623,338,75,263
E00036624,274,54,220
E00036625,329,48,281
E00036626,253,28,225
E00036627,325,48,277
E00036628,285,38,247
E00036629,340,45,295
E00036630,354,66,288
E00036631,267,38,229
E00036632,318,48,270
E00036633,311,63,248
E00036634,355,69,286
E00036635,307,77,230
E00036636,270,18,252
E00036637,268,16,252
E00036638,233,35,198
E00036639,294,11,283
E00036640,233,38,195
E00036641,228,46,182
E00036642,242,37,205
E00036643,287,28,259
E00036644,158,4,154
E00036645,194,16,178
E00036646,222,25,197
E00036647,252,24,228
E00036648,349,58,291
E00036649,195,9,186
E00036650,380,46,334
E00036651,262,38,224
E00036652,202,33,169
E00036653,363,46,317
E00036654,273,45,228
E00036655,293,44,249
E00036656,396,71,325
E00036657,313,46,267
E00036658,298,45,253
E00036659,331,62,269
E00036660,243,47,196
E00036661,328,53,275
E00036662,318,50,268
E00036663,264,38,226
E00036664,301,59,242
E00036665,399,86,313
E00036666,244,26,218
E00036667,275,57,218
E00036668,251,43,208
E00036669,286,49,237
E00036670,347,74,273
E00036671,328,76,252
E00036672,268,41,227
E00036673,278,68,210
E00036674,257,36,221
E00036675,287,59,228
E00036676,327,27,300
E00036677,268,64,204
E00036678,238,40,198
E00036679,272,51,221
E00036680,300,42,258
E00036681,240,32,208
E00036682,369,79,290
E00036683,238,37,201
E00036684,187,9,178
E00036685,305,47,258
E00036686,355,91,264
E00036687,285,30,255
E00036688,306,53,253
E00036689,259,16,243
E00036690,331,58,273
E00036691,237,39,198
E00036692,246,31,215
E00036693,192,9,183
E00036694,321,25,296
E00036695,345,58,287
E00036696,252,57,195
E00036697,301,40,261
E00036698,255,29,226
E00036699,242,42,200
E00036700,278,50,228
E00036701,270,25,245
E00036702,280,40,240
E00036703,272,34,238
E00036704,545,139,406
E00036705,247,34,213
E00036706,228,41,187
E00036707,240,18,222
E00036708,273,39,234
E00036709,269,47,222
E00036710,304,75,229
E00036711,288,43,245
E00036712,562,130,432
E00036713,278,49,229
E00036714,225,30,195
E00036715,150,12,138
E00036716,239,36,203
E00036717,251,39,212
E00036718,272,57,215
E00036719,292,50,242
E00036720,238,33,205
E00036721,433,57,376
E00036722,332,41,291
E00036723,217,38,179
E00036724,238,29,209
E00036725,181,21,160
E00036726,344,101,243
E00036727,288,33,255
E00036728,240,59,181
E00036729,308,79,229
E00036730,274,46,228
E00036731,201,49,152
E00036732,292,53,239
E00036733,219,33,186
E00036734,217,42,175
E00036735,371,70,301
E00036736,245,37,208
E00036737,186,18,168
E00036738,234,39,195
E00036739,486,103,383
E00036740,282,65,217
E00036741,272,52,220
E00036742,274,43,231
E00036743,162,28,134
E00036744,179,27,152
E00036745,297,44,253
E00036746,184,9,175
E00036747,235,20,215
E00036748,288,52,236
E00036749,265,45,220
E00036750,285,48,237
E00036751,267,41,226
E00036752,233,32,201
E00036753,259,17,242
E00036754,293,78,215
E00036755,275,56,219
E00036756,207,28,179
E00036757,233,53,180
E00036758,236,62,174
E00036759,276,41,235
E00036760,295,70,225
E00036761,350,85,265
E00036762,285,41,244
E00036763,298,54,244
E00036764,283,52,231
E00036765,232,42,190
E00036766,196,25,171
E00036767,274,36,238
E00036768,261,65,196
E00036769,320,67,253
E00036770,259,48,211
E00036771,237,42,195
E00036772,290,52,238
E00036773,258,42,216
E00036774,306,48,258
E00036775,243,43,200
E00036776,302,65,237
E00036777,207,34,173
E00036778,310,43,267
E00036779,416,65,351
E00036780,265,40,225
E00036781,294,64,230
E00036782,284,50,234
E00036783,286,49,237
E00036784,237,13,224
E00036785,246,41,205
E00036786,329,77,252
E00036787,256,49,207
E00036788,277,47,230
E00036789,282,55,227
E00036790,242,34,208
E00036791,262,40,222
E00036792,337,48,289
E00036793,314,75,239
E00036794,295,56,239
E00036795,272,50,222
E00036796,297,64,233
E00036797,261,35,226
E00036798,237,39,198
E00036799,253,42,211
E00036800,288,55,233
E00036801,275,36,239
E00036802,246,31,215
E00036803,233,14,219
E00036804,304,58,246
E00036805,259,33,226
E00036806,346,68,278
E00036807,293,41,252
E00036808,275,38,237
E00036809,353,65,288
E00036810,314,66,248
E00036811,327,62,265
E00036812,310,51,259
E00036813,264,34,230
E00036814,263,34,229
E00036815,325,79,246
E00036816,243,32,211
E00036817,277,30,247
E00036818,283,52,231
E00036819,261,27,234
E00036820,230,46,184
E00036821,294,57,237
E00036822,288,41,247
E00036823,230,24,206
E00036824,291,48,243
E00036825,257,54,203
E00036826,232,40,192
E00036827,219,22,197
E00036828,285,70,215
E00036829,138,3,135
E00036830,278,52,226
E00036831,319,69,250
E00036832,282,51,231
E00036833,304,61,243
E00036834,325,91,234
E00036835,337,85,252
E00036836,196,38,158
E00036837,289,67,222
E00036838,301,61,240
E00036839,255,71,184
E00036840,316,64,252
E00036841,287,65,222
E00036842,246,47,199
E00036843,261,42,219
E00036844,213,62,151
E00036845,241,41,200
E00036846,207,34,173
E00036847,174,42,132
E00036848,144,14,130
E00036849,273,46,227
E00036850,250,63,187
E00036851,250,50,200
E00036852,267,58,209
E00036853,318,98,220
E00036854,242,45,197
E00036855,290,86,204
E00036856,347,61,286
E00036857,214,39,175
E00036858,216,60,156
E00036859,238,38,200
E00036860,249,55,194
E00036861,275,67,208
E00036863,236,55,181
E00036864,206,52,154
E00036865,275,50,225
E00036866,304,64,240
E00036867,184,23,161
E00036868,281,36,245
E00036869,307,75,232
E00036870,295,70,225
E00036871,291,82,209
E00036872,272,73,199
E00036873,288,72,216
E00036874,262,64,198
E00036875,250,62,188
E00036876,321,89,232
E00036877,319,87,232
E00036878,301,85,216
E00036879,216,58,158
E00036880,288,69,219
E00036881,294,98,196
E00036882,247,81,166
E00036883,285,44,241
E00036884,175,33,142
E00036885,282,79,203
E00036886,326,63,263
E00036887,319,73,246
E00036888,282,46,236
E00036889,212,42,170
E00036890,297,51,246
E00036891,292,53,239
E00036892,320,61,259
E00036893,286,45,241
E00036894,329,61,268
E00036895,299,52,247
E00036896,231,38,193
E00036897,275,49,226
E00036898,267,49,218
E00036899,254,31,223
E00036900,294,56,238
E00036901,221,24,197
E00036902,270,44,226
E00036903,233,35,198
E00036904,243,34,209
E00036905,267,44,223
E00036906,278,65,213
E00036907,306,50,256
E00036908,301,76,225
E00036909,286,40,246
E00036910,294,55,239
E00036911,288,29,259
E00036912,299,54,245
E00036913,247,29,218
E00036914,219,42,177
E00036915,273,45,228
E00036916,230,16,214
E00036917,253,38,215
E00036918,245,31,214
E00036919,263,51,212
E00036920,261,38,223
E00036921,255,53,202
E00036922,249,40,209
E00036923,278,36,242
E00036924,284,49,235
E00036925,266,38,228
E00036926,207,27,180
E00036927,235,47,188
E00036928,318,75,243
E00036929,255,27,228
E00036930,372,74,298
E00036931,392,92,300
E00036932,247,23,224
E00036933,220,33,187
E00036934,250,39,211
E00036935,254,45,209
E00036936,253,58,195
E00036937,293,53,240
E00036938,332,62,270
E00036939,279,59,220
E00036940,289,45,244
E00036941,298,71,227
E00036942,285,78,207
E00036943,324,76,248
E00036945,376,92,284
E00036946,319,92,227
E00036947,295,63,232
E00036949,403,103,300
E00036950,304,73,231
E00036951,362,80,282
E00036952,303,72,231
E00036953,262,59,203
E00036954,382,122,260
E00036955,278,35,243
E00036956,229,48,181
E00036957,272,85,187
E00036958,421,89,332
E00036959,242,68,174
E00036960,246,49,197
E00036961,196,42,154
E00036962,252,44,208
E00036963,234,31,203
E00036964,260,48,212
E00036965,288,75,213
E00036967,465,102,363
E00036968,392,98,294
E00036969,279,58,221
E00036970,480,107,373
E00036971,290,31,259
E00036972,292,50,242
E00036973,340,104,236
E00036974,238,73,165
E00036975,318,90,228
E00036976,147,21,126
E00036977,212,21,191
E00036978,269,52,217
E00036979,291,47,244
E00036981,272,33,239
E00036982,330,88,242
E00036983,182,22,160
E00036984,305,59,246
E00036985,267,42,225
E00036986,297,33,264
E00036987,269,54,215
E00036988,285,74,211
E00036989,216,22,194
E00036990,158,18,140
E00036991,247,39,208
E00036992,166,25,141
E00036993,295,41,254
E00036994,256,46,210
E00036995,275,30,245
E00036996,233,21,212
E00036997,287,67,220
E00036998,280,63,217
E00036999,294,36,258
E00037000,318,74,244
E00037001,277,44,233
E00037002,223,30,193
E00037003,289,43,246
E00037004,360,72,288
E00037005,291,37,254
E00037006,270,39,231
E00037007,235,38,197
E00037008,377,60,317
E00037009,286,55,231
E00037010,307,65,242
E00037011,285,61,224
E00037012,203,20,183
E00037013,226,26,200
E00037014,260,30,230
E00037015,232,30,202
E00037016,284,44,240
E00037017,268,31,237
E00037018,286,51,235
E00037020,254,56,198
E00037021,346,64,282
E00037022,324,65,259
E00037024,286,65,221
E00037025,336,90,246
E00037026,246,30,216
E00037028,339,102,237
E00037030,186,23,163
E00037031,278,72,206
E00037032,242,51,191
E00037033,275,65,210
E00037034,329,61,268
E00037035,290,52,238
E00037036,289,51,238
E00037037,318,57,261
E00037038,332,69,263
E00037039,339,88,251
E00037040,244,26,218
E00037041,221,25,196
E00037042,341,68,273
E00037043,274,29,245
E00037044,361,73,288
E00037045,232,12,220
E00037046,262,49,213
E00037047,198,31,167
E00037048,315,47,268
E00037049,259,61,198
E00037050,338,75,263
E00037051,274,39,235
E00037052,275,48,227
E00037053,205,14,191
E00037054,296,42,254
E00037055,306,61,245
E00037056,307,76,231
E00037057,313,43,270
E00037058,280,58,222
E00037059,294,38,256
E00037060,258,32,226
E00037061,256,46,210
E00037062,331,51,280
E00037063,273,57,216
E00037064,272,51,221
E00037065,256,59,197
E00037066,286,67,219
E00037067,308,63,245
E00037068,237,48,189
E00037069,274,53,221
E00037070,212,33,179
E00037071,219,30,189
E00037072,309,47,262
E00037073,283,45,238
E00037074,284,75,209
E00037075,254,55,199
E00037076,278,47,231
E00037077,264,49,215
E00037078,329,48,281
E00037079,210,27,183
E00037080,280,13,267
E00037081,319,41,278
E00037082,270,44,226
E00037083,335,45,290
E00037084,340,73,267
E00037085,240,23,217
E00037086,291,36,255
E00037087,368,41,327
E00037088,354,94,260
E00037089,309,73,236
E00037090,270,42,228
E00037091,226,24,202
E00037092,263,33,230
E00037093,282,37,245
E00037094,399,69,330
E00037096,264,22,242
E00037097,216,32,184
E00037098,225,28,197
E00037099,426,99,327
E00037100,220,40,180
E00037101,314,58,256
E00037102,419,87,332
E00037103,260,44,216
E00037104,258,41,217
E00037105,345,93,252
E00037106,444,141,303
E00037107,285,30,255
E00037108,333,49,284
E00037109,318,64,254
E00037110,441,115,326
E00037111,250,30,220
E00037112,283,75,208
E00037113,307,67,240
E00037114,337,68,269
E00037115,285,46,239
E00037116,276,50,226
E00037117,257,44,213
E00037118,292,55,237
E00037119,287,49,238
E00037120,268,53,215
E00037121,214,46,168
E00037122,253,48,205
E00037123,283,79,204
E00037124,270,70,200
E00037125,266,48,218
E00037126,360,83,277
E00037127,315,88,227
E00037128,355,107,248
E00037129,266,70,196
E00037130,213,39,174
E00037131,270,53,217
E00037132,241,27,214
E00037133,308,75,233
E00037134,327,70,257
E00037135,265,41,224
E00037136,459,118,341
E00037137,213,33,180
E00037138,248,46,202
E00037139,228,28,200
E00037140,289,58,231
E00037141,350,66,284
E00037142,515,105,410
E00037143,429,77,352
E00037145,270,36,234
E00037146,217,17,200
E00037147,528,92,436
E00037149,282,61,221
E00037150,522,123,399
E00037151,265,43,222
E00037152,317,82,235
E00037153,262,44,218
E00037154,307,42,265
E00037155,223,21,202
E00037156,441,99,342
E00037157,450,84,366
E00037158,224,27,197
E00037159,400,76,324
E00037160,584,119,465
E00037161,275,29,246
E00037162,334,51,283
E00037163,332,52,280
E00037164,259,37,222
E00037165,517,96,421
E00037166,351,54,297
E00037167,324,76,248
E00037168,262,39,223
E00037169,226,27,199
E00037170,197,29,168
E00037171,228,21,207
E00037172,238,34,204
E00037173,258,27,231
E00037174,278,31,247
E00037175,263,31,232
E00037176,267,24,243
E00037177,285,42,243
E00037178,339,53,286
E00037179,261,11,250
E00037181,216,26,190
E00037182,254,32,222
E00037183,294,39,255
E00037184,298,45,253
E00037186,226,41,185
E00037187,266,43,223
E00037188,166,3,163
E00037189,296,57,239
E00037190,136,3,133
E00037191,175,11,164
E00037192,322,65,257
E00037193,303,61,242
E00037194,288,40,248
E00037195,309,48,261
E00037196,349,78,271
E00037197,173,24,149
E00037198,223,30,193
E00037199,212,38,174
E00037200,246,40,206
E00037201,252,36,216
E00037202,268,43,225
E00037203,226,41,185
E00037204,248,37,211
E00037205,283,44,239
E00037206,329,36,293
E00037207,321,55,266
E00037208,400,91,309
E00037209,172,2,170
E00037210,248,34,214
E00037211,291,33,258
E00037212,260,51,209
E00037213,237,56,181
E00037215,230,49,181
E00037216,218,43,175
E00037217,297,52,245
E00037218,335,82,253
E00037219,312,67,245
E00037220,289,51,238
E00037221,407,97,310
E00037222,314,50,264
E00037223,504,79,425
E00037224,328,67,261
E00037225,554,97,457
E00037226,326,91,235
E00037227,284,51,233
E00037228,314,65,249
E00037229,269,39,230
E00037230,369,108,261
E00037231,197,25,172
E00037232,257,27,230
E00037233,335,71,264
E00037234,314,46,268
E00037235,342,71,271
E00037236,302,39,263
E00037237,309,45,264
E00037238,226,47,179
E00037239,359,69,290
E00037240,258,18,240
E00037241,298,20,278
E00037242,258,48,210
E00037243,308,47,261
E00037244,265,54,211
E00037245,227,40,187
E00037246,261,42,219
E00037247,338,60,278
E00037248,251,40,211
E00037249,234,30,204
E00037250,279,54,225
E00037251,328,43,285
E00037252,272,58,214
E00037253,286,71,215
E00037254,291,58,233
E00037255,371,79,292
E00037256,259,31,228
E00037257,355,73,282
E00037258,357,104,253
E00037259,242,20,222
E00037260,256,47,209
E00037261,266,39,227
E00037262,303,76,227
E00037263,324,52,272
E00037264,185,24,161
E00037265,239,23,216
E00037266,409,98,311
E00037267,232,25,207
E00037268,258,46,212
E00037269,264,56,208
E00037270,280,49,231
E00037271,446,70,376
E00037272,244,32,212
E00037273,274,47,227
E00037274,233,39,194
E00037275,161,27,134
E00037276,315,58,257
E00037277,251,27,224
E00037278,279,57,222
E00037279,308,33,275
E00037280,333,65,268
E00037281,239,19,220
E00037282,281,39,242
E00037283,237,16,221
E00037284,270,37,233
E00037285,299,40,259
E00037286,276,47,229
E00037287,342,73,269
E00037288,266,33,233
E00037289,238,21,217
E00037290,301,66,235
E00037291,245,35,210
E00037292,243,26,217
E00037293,238,31,207
E00037294,246,49,197
E00037295,313,78,235
E00037296,205,21,184
E00037297,235,20,215
E00037298,256,58,198
E00037299,278,51,227
E00037300,271,37,234
E00037301,357,76,281
E00037302,259,36,223
E00037303,196,30,166
E00037304,202,30,172
E00037305,294,57,237
E00037306,255,38,217
E00037307,237,27,210
E00037309,300,41,259
E00037310,286,63,223
E00037311,284,42,242
E00037312,307,50,257
E00037313,322,51,271
E00037314,281,55,226
E00037315,272,46,226
E00037316,300,34,266
E00037317,291,42,249
E00037318,263,38,225
E00037320,220,28,192
E00037321,304,72,232
E00037322,275,49,226
E00037323,268,46,222
E00037324,218,34,184
E00037327,294,69,225
E00037328,416,111,305
E00037329,209,35,174
E00037330,238,57,181
E00037331,245,40,205
E00037332,280,60,220
E00037333,254,46,208
E00037334,235,49,186
E00037336,301,44,257
E00037337,305,73,232
E00037338,302,56,246
E00037339,295,43,252
E00037340,307,77,230
E00037341,256,52,204
E00037342,149,15,134
E00037343,288,59,229
E00037344,303,55,248
E00037345,286,58,228
E00037346,342,61,281
E00037348,272,40,232
E00037349,433,87,346
E00037351,279,69,210
E00037352,271,59,212
E00037353,257,49,208
E00037354,206,17,189
E00037355,276,43,233
E00037356,236,31,205
E00037357,272,68,204
E00037358,255,39,216
E00037359,177,24,153
E00037360,211,34,177
E00037362,320,43,277
E00037363,181,18,163
E00037364,296,51,245
E00037365,357,71,286
E00037366,191,30,161
E00037367,220,16,204
E00037368,262,34,228
E00037369,470,74,396
E00037370,284,37,247
E00037371,284,31,253
E00037372,315,56,259
E00037373,284,44,240
E00037374,275,34,241
E00037375,109,22,87
E00037376,210,19,191
E00037377,268,52,216
E00037378,303,67,236
E00037379,302,80,222
E00037380,300,77,223
E00037381,260,70,190
E00037383,300,56,244
E00037385,308,60,248
E00037386,286,51,235
E00037387,262,43,219
E00037388,216,26,190
E00037389,263,36,227
E00037390,434,92,342
E00037391,231,49,182
E00037392,279,60,219
E00037393,317,87,230
E00037394,308,65,243
E00037395,330,71,259
E00037396,221,10,211
E00037397,318,46,272
E00037398,264,40,224
E00037399,355,70,285
E00037400,285,50,235
E00037401,368,48,320
E00037402,331,52,279
E00037403,248,37,211
E00037404,277,40,237
E00037405,373,62,311
E00037406,295,57,238
E00037407,178,15,163
E00037408,255,43,212
E00037409,235,26,209
E00037410,291,59,232
E00037411,219,47,172
E00037412,234,15,219
E00037413,273,34,239
E00037414,260,34,226
E00037416,417,52,365
E00037417,249,39,210
E00037418,292,57,235
E00037419,405,73,332
E00037420,292,60,232
E00037421,232,29,203
E00037422,293,48,245
E00037423,262,44,218
E00037424,235,30,205
E00037425,266,42,224
E00037426,322,57,265
E00037427,375,56,319
E00037428,252,34,218
E00037429,272,25,247
E00037430,303,64,239
E00037431,293,42,251
E00037432,448,72,376
E00037433,249,34,215
E00037434,202,28,174
E00037435,305,60,245
E00037436,340,68,272
E00037437,292,36,256
E00037438,276,34,242
E00037439,576,121,455
E00037440,382,47,335
E00037441,278,55,223
E00037442,281,77,204
E00037443,327,72,255
E00037444,260,48,212
E00037445,253,47,206
E00037446,319,58,261
E00037447,285,39,246
E00037448,269,38,231
E00037449,371,82,289
E00037450,338,38,300
E00037451,455,69,386
E00037452,286,49,237
E00037453,423,79,344
E00037454,301,42,259
E00037455,283,53,230
E00037456,365,86,279
E00037457,306,46,260
E00037458,284,30,254
E00037459,297,40,257
E00037460,212,8,204
E00037461,382,74,308
E00037462,273,38,235
E00037463,301,55,246
E00037464,274,30,244
E00037465,277,30,247
E00037466,269,31,238
E00037467,263,55,208
E00037468,325,78,247
E00037469,217,45,172
E00037470,259,30,229
E00037471,254,10,244
E00037472,281,37,244
E00037473,274,49,225
E00037474,267,30,237
E00037475,317,72,245
E00037476,395,104,291
E00037477,251,53,198
E00037478,254,43,211
E00037479,249,56,193
E00037480,244,18,226
E00037481,247,20,227
E00037482,570,102,468
E00037483,256,23,233
E00037484,344,74,270
E00037485,291,59,232
E00037486,214,17,197
E00037487,351,37,314
E00037488,361,110,251
E00037489,291,27,264
E00037490,269,37,232
E00037491,290,67,223
E00037492,377,91,286
E00037493,255,12,243
E00037494,367,59,308
E00037495,258,25,233
E00037496,224,34,190
E00037497,295,39,256
E00037498,228,27,201
E00037499,326,73,253
E00037500,273,30,243
E00037501,314,59,255
E00037502,274,28,246
E00037503,258,36,222
E00037505,325,49,276
E00037507,290,66,224
E00037508,393,89,304
E00037509,210,32,178
E00037510,265,38,227
E00037511,251,20,231
E00037512,231,28,203
E00037513,214,29,185
E00037514,345,120,225
E00037515,491,93,398
E00037517,296,52,244
E00037518,273,62,211
E00037519,377,111,266
E00037520,227,16,211
E00037521,216,14,202
E00037522,231,36,195
E00037523,259,44,215
E00037525,223,17,206
E00037526,233,45,188
E00037527,242,13,229
E00037528,274,65,209
E00037529,400,97,303
E00037530,257,50,207
E00037531,338,56,282
E00037532,184,17,167
E00037533,303,55,248
E00037534,247,33,214
E00037535,337,77,260
E00037536,437,109,328
E00037537,202,35,167
E00037538,262,45,217
E00037539,244,49,195
E00037540,427,86,341
E00037541,366,51,315
E00037542,293,32,261
E00037543,450,80,370
E00037544,289,55,234
E00037545,302,73,229
E00037546,221,26,195
E00037547,275,66,209
E00037548,276,60,216
E00037549,255,33,222
E00037550,323,52,271
E00037551,288,35,253
E00037553,309,54,255
E00037554,239,43,196
E00037555,268,34,234
E00037556,234,43,191
E00037557,243,31,212
E00037558,270,43,227
E00037559,332,50,282
E00037560,278,56,222
E00037561,347,45,302
E00037562,227,23,204
E00037563,262,33,229
E00037564,333,75,258
E00037565,307,94,213
E00037566,247,59,188
E00037567,234,60,174
E00037568,262,81,181
E00037569,273,28,245
E00037570,290,64,226
E00037571,420,111,309
E00037572,291,65,226
E00037573,269,41,228
E00037574,277,67,210
E00037575,236,47,189
E00037576,271,61,210
E00037577,278,76,202
E00037578,342,66,276
E00037579,238,41,197
E00037580,208,25,183
E00037581,246,42,204
E00037582,241,37,204
E00037583,284,67,217
E00037584,282,53,229
E00037585,259,34,225
E00037586,347,70,277
E00037587,469,101,368
E00037588,296,71,225
E00037589,281,43,238
E00037590,207,31,176
E00037592,342,59,283
E00037593,261,39,222
E00037594,372,60,312
E00037595,222,37,185
E00037596,287,37,250
E00037597,250,29,221
E00037598,129,12,117
E00037599,334,56,278
E00037600,516,119,397
E00037601,268,35,233
E00037602,359,75,284
E00037603,251,36,215
E00037604,300,48,252
E00037605,284,36,248
E00037606,455,96,359
E00037607,220,20,200
E00037608,266,33,233
E00037609,219,9,210
E00037610,287,45,242
E00037611,315,60,255
E00037612,277,43,234
E00037613,343,48,295
E00037614,273,58,215
E00037615,473,83,390
E00037616,207,27,180
E00037617,244,29,215
E00037618,228,29,199
E00037619,390,93,297
E00037620,416,76,340
E00037621,329,50,279
E00037622,437,59,378
E00037623,250,43,207
E00037624,191,46,145
E00037625,287,38,249
E00037626,364,47,317
E00037627,303,40,263
E00037628,382,68,314
E00037629,257,39,218
E00037631,231,32,199
E00037632,282,43,239
E00037634,305,62,243
E00037636,202,20,182
E00037637,329,54,275
E00037638,264,43,221
E00037639,217,54,163
E00037640,466,93,373
E00037641,403,79,324
E00037642,275,62,213
E00037643,395,105,290
E00037644,215,35,180
E00037645,243,32,211
E00037646,328,64,264
E00037647,340,63,277
E00037648,269,61,208
E00037649,275,40,235
E00037650,335,72,263
E00037651,479,83,396
E00037652,314,49,265
E00037653,288,23,265
E00037654,279,60,219
E00037655,269,43,226
E00037656,290,56,234
E00037657,351,58,293
E00037658,242,28,214
E00037659,208,19,189
E00037660,208,36,172
E00037661,307,55,252
E00037662,273,48,225
E00037663,156,9,147
E00037664,234,34,200
E00037665,206,22,184
E00037666,307,63,244
E00037667,264,51,213
E00037668,459,47,412
E00037669,220,21,199
E00037670,245,26,219
E00037671,287,36,251
E00037672,265,43,222
E00037674,269,46,223
E00037675,343,79,264
E00037676,283,71,212
E00037677,441,107,334
E00037678,297,39,258
E00037679,336,55,281
E00037680,330,78,252
E00037681,314,66,248
E00037682,264,41,223
E00037683,408,99,309
E00037684,277,40,237
E00037685,300,50,250
E00037686,341,68,273
E00037687,302,56,246
E00037688,362,76,286
E00037689,315,65,250
E00037690,258,32,226
E00037691,324,96,228
E00037692,295,47,248
E00037693,320,88,232
E00037694,306,62,244
E00037695,256,19,237
E00037696,324,56,268
E00037697,270,50,220
E00037698,206,20,186
E00037699,248,33,215
E00037700,285,55,230
E00037701,435,67,368
E00037702,339,58,281
E00037703,255,33,222
E00037704,271,57,214
E00037705,244,31,213
E00037706,259,34,225
E00037707,238,29,209
E00037708,288,40,248
E00037709,228,47,181
E00037710,232,39,193
E00037711,464,92,372
E00037712,219,40,179
E00037713,227,22,205
E00037715,390,72,318
E00037716,248,34,214
E00037717,217,17,200
E00037718,256,31,225
E00037719,267,64,203
E00037720,262,49,213
E00037721,250,41,209
E00037722,259,44,215
E00037723,250,23,227
E00037724,233,24,209
E00037725,206,24,182
E00037726,290,60,230
E00037727,295,40,255
E00037728,299,48,251
E00037729,256,30,226
E00037730,234,25,209
E00037731,314,56,258
E00037732,271,43,228
E00037733,287,58,229
E00037735,275,34,241
E00037737,337,56,281
E00037738,264,47,217
E00037739,336,47,289
E00037740,303,42,261
E00037742,391,61,330
E00037743,236,29,207
E00037744,258,31,227
E00037745,387,75,312
E00037746,313,36,277
E00037747,362,84,278
E00037748,293,44,249
E00037749,330,58,272
E00037750,343,58,285
E00037751,240,36,204
E00037752,243,27,216
E00037753,234,24,210
E00037754,271,43,228
E00037755,258,17,241
E00037756,418,62,356
E00037757,276,25,251
E00037758,320,45,275
E00037759,423,105,318
E00037760,339,53,286
E00037761,360,77,283
E00037762,258,20,238
E00037763,327,49,278
E00037764,233,29,204
E00037765,401,57,344
E00037766,256,47,209
E00037767,259,57,202
E00037768,259,58,201
E00037769,279,48,231
E00037770,315,73,242
E00037771,277,55,222
E00037772,192,12,180
E00037773,291,39,252
E00037774,255,26,229
E00037775,497,117,380
E00037777,245,26,219
E00037778,330,35,295
E00037779,315,41,274
E00037780,333,50,283
E00037781,322,68,254
E00037782,299,65,234
E00037783,341,69,272
E00037784,289,73,216
E00037785,284,33,251
E00037786,375,75,300
E00037788,255,43,212
E00037789,434,100,334
E00037790,318,59,259
E00037791,345,49,296
E00037792,310,69,241
E00037793,411,86,325
E00037794,433,78,355
E00037796,310,41,269
E00037797,318,54,264
E00037798,235,43,192
E00037799,380,88,292
E00037800,322,85,237
E00037801,161,12,149
E00037802,435,89,346
E00037803,298,95,203
E00037804,243,40,203
E00037805,259,16,243
E00037806,286,68,218
E00037807,324,58,266
E00037808,255,54,201
E00037809,292,48,244
E00037810,245,24,221
E00037811,288,71,217
E00037812,254,18,236
E00037813,231,26,205
E00037814,261,46,215
E00037815,291,75,216
E00037816,259,34,225
E00037817,266,26,240
E00037818,266,31,235
E00037819,226,39,187
E00037820,238,29,209
E00037821,148,16,132
E00037822,262,31,231
E00037823,355,62,293
E00037824,261,63,198
E00037825,263,58,205
E00037826,211,18,193
E00037827,252,42,210
E00037828,271,68,203
E00037829,278,59,219
E00037830,290,42,248
E00037831,283,59,224
E00037832,292,58,234
E00037833,318,103,215
E00037834,380,54,326
E00037835,256,34,222
E00037836,282,60,222
E00037837,226,10,216
E00037838,272,61,211
E00037839,306,49,257
E00037840,243,32,211
E00037841,323,68,255
E00037843,315,81,234
E00037844,306,84,222
E00037845,293,37,256
E00037846,305,69,236
E00037847,307,61,246
E00037848,327,95,232
E00037849,203,23,180
E00037850,272,67,205
E00037851,232,16,216
E00037852,252,60,192
E00037853,237,50,187
E00037854,254,32,222
E00037855,213,10,203
E00037856,228,34,194
E00037857,319,59,260
E00037858,224,47,177
E00037859,292,52,240
E00037860,226,29,197
E00037861,227,40,187
E00037862,269,64,205
E00037863,208,29,179
E00037864,253,56,197
E00037865,250,35,215
E00037866,269,67,202
E00037867,217,24,193
E00037868,199,18,181
E00037869,229,41,188
E00037870,236,50,186
E00037871,543,117,426
E00037872,216,40,176
E00037873,152,33,119
E00037874,292,31,261
E00037875,344,63,281
E00037876,250,49,201
E00037877,303,48,255
E00037878,261,42,219
E00037879,278,37,241
E00037880,309,65,244
E00037881,337,80,257
E00037882,287,85,202
E00037883,390,96,294
E00037884,376,66,310
E00037885,261,16,245
E00037886,254,23,231
E00037887,215,25,190
E00037888,239,28,211
E00037889,221,27,194
E00037890,217,10,207
E00037891,394,83,311
E00037892,254,47,207
E00037893,388,92,296
E00037894,368,83,285
E00037895,273,35,238
E00037896,261,31,230
E00037897,325,63,262
E00037898,315,71,244
E00037899,272,60,212
E00037900,224,45,179
E00037901,343,70,273
E00037902,305,70,235
E00037903,307,59,248
E00037904,369,74,295
E00037905,228,32,196
E00037906,184,31,153
E00037908,285,42,243
E00037909,302,46,256
E00037910,304,56,248
E00037912,335,54,281
E00037913,304,65,239
E00037914,220,28,192
E00037915,255,22,233
E00037916,235,27,208
E00037917,306,37,269
E00037918,221,18,203
E00037919,260,29,231
E00037920,230,23,207
E00037921,201,13,188
E00037922,181,10,171
E00037923,211,19,192
E00037924,258,42,216
E00037925,246,58,188
E00037926,275,36,239
E00037927,252,35,217
E00037928,295,37,258
E00037929,385,81,304
E00037930,438,110,328
E00037931,198,28,170
E00037932,228,30,198
E00037933,302,59,243
E00037934,302,54,248
E00037935,280,39,241
E00037936,368,91,277
E00037937,354,74,280
E00037938,270,51,219
E00037939,339,48,291
E00037940,231,25,206
E00037941,264,42,222
E00037942,458,112,346
E00037943,275,37,238
E00037944,438,108,330
E00037945,286,61,225
E00037946,296,70,226
E00037947,294,75,219
E00037948,305,77,228
E00037949,461,149,312
E00037950,223,30,193
E00037951,245,58,187
E00037952,257,47,210
E00037954,259,24,235
E00037955,251,54,197
E00037956,299,48,251
E00037957,270,43,227
E00037958,291,37,254
E00037959,147,29,118
E00037960,211,22,189
E00037961,373,69,304
E00037962,264,39,225
E00037963,315,65,250
E00037964,497,115,382
E00037965,226,37,189
E00037966,255,57,198
E00037967,239,40,199
E00037968,307,33,274
E00037969,293,39,254
E00037970,344,60,284
E00037971,239,19,220
E00037972,276,40,236
E00037973,270,34,236
E00037974,264,39,225
E00037975,231,47,184
E00037976,286,86,200
E00037977,141,22,119
E00037978,172,35,137
E00037979,315,56,259
E00037980,300,81,219
E00037981,334,67,267
E00037982,325,70,255
E00037983,262,29,233
E00037984,306,48,258
E00037985,260,62,198
E00037986,176,33,143
E00037987,422,57,365
E00037988,316,53,263
E00037989,387,86,301
E00037990,331,97,234
E00037991,311,51,260
E00037992,381,90,291
E00037993,287,45,242
E00037994,316,87,229
E00037995,315,65,250
E00037996,240,27,213
E00037997,288,73,215
E00037998,310,67,243
E00037999,232,27,205
E00038000,348,98,250
E00038001,230,45,185
E00038002,262,28,234
E00038003,313,52,261
E00038004,313,65,248
E00038006,240,47,193
E00038007,210,25,185
E00038008,215,18,197
E00038009,228,32,196
E00038010,225,19,206
E00038011,340,71,269
E00038012,217,25,192
E00038013,370,70,300
E00038014,239,37,202
E00038015,346,74,272
E00038016,228,41,187
E00038017,378,65,313
E00038018,224,22,202
E00038019,391,45,346
E00038020,253,45,208
E00038021,366,118,248
E00038022,359,105,254
E00038023,304,56,248
E00038024,373,95,278
E00038025,435,75,360
E00038026,383,99,284
E00038028,182,11,171
E00038029,351,66,285
E00038030,319,91,228
E00038031,343,59,284
E00038032,325,61,264
E00038033,288,59,229
E00038034,319,100,219
E00038035,153,5,148
E00038036,224,35,189
E00038037,367,66,301
E00038038,333,75,258
E00038039,271,96,175
E00038040,304,85,219
E00038041,306,35,271
E00038042,231,39,192
E00038043,257,57,200
E00038044,309,43,266
E00038045,299,71,228
E00038046,228,39,189
E00038047,280,54,226
E00038048,215,10,205
E00038049,255,60,195
E00038050,211,32,179
E00038051,250,29,221
E00038052,344,63,281
E00038053,291,62,229
E00038054,199,25,174
E00038055,324,73,251
E00038056,292,58,234
E00038057,292,76,216
E00038058,277,61,216
E00038059,343,86,257
E00038060,265,41,224
E00038061,296,83,213
E00038062,276,27,249
E00038063,323,83,240
E00038064,145,29,116
E00038065,321,41,280
E00038066,242,46,196
E00038067,242,38,204
E00038068,305,43,262
E00038069,304,68,236
E00038070,292,45,247
E00038071,285,68,217
E00038072,259,50,209
E00038073,272,55,217
E00038074,296,56,240
E00038075,262,54,208
E00038076,285,47,238
E00038077,283,66,217
E00038078,219,18,201
E00038080,279,56,223
E00038081,256,60,196
E00038082,304,48,256
E00038083,279,67,212
E00038084,257,67,190
E00038085,332,41,291
E00038086,286,53,233
E00038087,294,45,249
E00038088,429,72,357
E00038089,257,44,213
E00038090,221,33,188
E00038091,365,69,296
E00038092,279,32,247
E00038093,287,62,225
E00038094,239,31,208
E00038095,204,14,190
E00038096,235,42,193
E00038097,258,40,218
E00038098,159,31,128
E00038099,335,84,251
E00038100,333,59,274
E00038101,287,33,254
E00038102,217,18,199
E00038103,216,42,174
E00038104,252,27,225
E00038105,323,56,267
E00038107,289,75,214
E00038108,301,44,257
E00038109,289,79,210
E00038112,267,62,205
E00038113,292,59,233
E00038114,246,52,194
E00038115,339,44,295
E00038116,264,64,200
E00038117,285,44,241
E00038118,206,42,164
E00038120,311,52,259
E00038121,287,64,223
E00038122,287,39,248
E00038123,269,43,226
E00038124,317,36,281
E00038125,261,39,222
E00038126,291,47,244
E00038127,285,54,231
E00038128,178,11,167
E00038129,318,65,253
E00038130,322,57,265
E00038131,266,31,235
E00038132,222,54,168
E00038133,249,35,214
E00038134,263,58,205
E00038135,279,52,227
E00038136,251,35,216
E00038137,233,22,211
E00038138,238,24,214
E00038139,333,67,266
E00038140,292,51,241
E00038141,293,34,259
E00038142,338,72,266
E00038143,267,43,224
E00038144,309,61,248
E00038145,252,57,195
E00038146,256,22,234
E00038147,372,69,303
E00038148,339,68,271
E00038149,284,53,231
E00038150,309,58,251
E00038151,303,74,229
E00038152,362,80,282
E00038153,209,33,176
E00038154,252,31,221
E00038155,349,43,306
E00038156,297,65,232
E00038157,268,57,211
E00038158,331,65,266
E00038159,263,41,222
E00038160,386,85,301
E00038161,1037,34,1003
E00038162,225,38,187
E00038163,193,21,172
E00038164,323,67,256
E00038165,289,88,201
E00038166,268,51,217
E00038167,279,67,212
E00038168,310,54,256
E00038169,267,74,193
E00038170,211,47,164
E00038171,208,16,192
E00038172,264,79,185
E00038173,383,99,284
E00038174,262,62,200
E00038175,268,46,222
E00038177,174,17,157
E00038179,193,11,182
E00038180,254,43,211
E00038181,219,25,194
E00038182,259,58,201
E00038183,304,50,254
E00038184,306,60,246
E00038185,242,41,201
E00038186,232,26,206
E00038187,397,115,282
E00038188,229,30,199
E00038189,234,45,189
E00038190,213,16,197
E00038191,358,89,269
E00038192,264,54,210
E00038193,365,71,294
E00038194,257,64,193
E00038196,312,101,211
E00038197,262,67,195
E00038198,293,43,250
E00038199,252,46,206
E00038200,259,47,212
E00038202,316,86,230
E00038203,225,39,186
E00038204,294,47,247
E00038205,312,67,245
E00038206,242,34,208
E00038207,298,65,233
E00038208,297,50,247
E00038209,298,60,238
E00038210,215,21,194
E00038211,355,64,291
E00038212,286,54,232
E00038213,274,56,218
E00038214,292,38,254
E00038215,267,39,228
E00038216,284,60,224
E00038217,240,41,199
E00038218,257,39,218
E00038219,303,41,262
E00038220,315,73,242
E00038221,283,42,241
E00038222,230,39,191
E00038223,307,70,237
E00038224,336,78,258
E00038225,232,28,204
E00038226,315,63,252
E00038227,309,76,233
E00038228,253,46,207
E00038229,252,17,235
E00038230,332,77,255
E00038231,253,68,185
E00038232,256,49,207
E00038233,310,38,272
E00038234,266,41,225
E00038235,299,43,256
E00038236,317,30,287
E00038238,202,25,177
E00038239,299,49,250
E00038240,257,44,213
E00038241,261,37,224
E00038242,215,35,180
E00038243,284,65,219
E00038244,274,48,226
E00038245,278,69,209
E00038246,299,60,239
E00038247,227,7,220
E00038248,277,57,220
E00038249,281,69,212
E00038250,299,51,248
E00038251,248,42,206
E00038253,308,61,247
E00038254,236,37,199
E00038255,351,69,282
E00038256,279,67,212
E00038257,267,42,225
E00038258,299,55,244
E00038259,351,72,279
E00038260,315,56,259
E00038261,263,56,207
E00038262,212,28,184
E00038263,245,30,215
E00038264,276,31,245
E00038265,244,49,195
E00038266,231,37,194
E00038267,219,18,201
E00038268,219,17,202
E00038269,357,75,282
E00038270,304,48,256
E00038271,347,62,285
E00038272,365,65,300
E00038273,274,54,220
E00038274,338,54,284
E00038275,301,46,255
E00038276,326,48,278
E00038277,290,62,228
E00038278,286,50,236
E00038279,291,38,253
E00038280,255,51,204
E00038281,321,58,263
E00038282,343,49,294
E00038283,463,77,386
E00038284,256,58,198
E00038285,257,36,221
E00038286,285,34,251
E00038287,264,44,220
E00038288,287,69,218
E00038289,481,88,393
E00038290,549,39,510
E00038291,266,45,221
E00038292,249,38,211
E00038293,191,13,178
E00038294,288,36,252
E00038295,297,65,232
E00038296,315,79,236
E00038297,258,26,232
E00038298,214,21,193
E00038299,240,24,216
E00038300,240,38,202
E00038301,235,41,194
E00038302,293,50,243
E00038303,319,54,265
E00038305,257,42,215
E00038306,229,25,204
E00038307,238,34,204
E00038308,218,21,197
E00038309,373,49,324
E00038310,206,24,182
E00038311,308,75,233
E00038312,233,31,202
E00038313,362,108,254
E00038314,407,135,272
E00038315,271,61,210
E00038316,316,52,264
E00038317,363,68,295
E00038318,249,45,204
E00038319,277,47,230
E00038320,311,92,219
E00038321,331,87,244
E00038322,286,75,211
E00038323,260,60,200
E00038324,332,82,250
E00038325,287,43,244
E00038326,257,25,232
E00038327,248,46,202
E00038328,245,49,196
E00038329,302,69,233
E00038330,270,46,224
E00038331,354,68,286
E00038332,280,70,210
E00038333,257,49,208
E00038334,243,42,201
E00038335,277,40,237
E00038336,243,31,212
E00038337,286,56,230
E00038338,202,24,178
E00038339,256,44,212
E00038340,331,79,252
E00038341,278,62,216
E00038342,300,81,219
E00038343,258,47,211
E00038344,364,56,308
E00038345,318,72,246
E00038346,304,88,216
E00038347,333,87,246
E00038348,310,63,247
E00038349,334,81,253
E00038350,306,55,251
E00038351,313,78,235
E00038352,282,69,213
E00038353,229,55,174
E00038354,303,74,229
E00038355,306,62,244
E00038356,254,21,233
E00038357,271,51,220
E00038358,232,29,203
E00038359,289,31,258
E00038360,213,33,180
E00038361,241,39,202
E00038362,345,93,252
E00038363,311,50,261
E00038364,262,36,226
E00038365,288,27,261
E00038366,223,44,179
E00038367,252,51,201
E00038368,319,48,271
E00038369,254,24,230
E00038370,238,18,220
E00038371,256,70,186
E00038372,219,16,203
E00038373,260,70,190
E00038374,251,35,216
E00038375,204,20,184
E00038376,272,58,214
E00038377,231,17,214
E00038378,166,9,157
E00038379,363,105,258
E00038380,261,49,212
E00038381,286,46,240
E00038382,245,47,198
E00038383,236,33,203
E00038384,306,44,262
E00038385,202,30,172
E00038386,340,101,239
E00038387,104,29,75
E00038388,332,55,277
E00038389,324,73,251
E00038390,242,46,196
E00038392,190,17,173
E00038393,332,94,238
E00038394,242,47,195
E00038395,235,46,189
E00038396,253,32,221
E00038397,280,41,239
E00038399,277,50,227
E00038400,324,57,267
E00038401,194,17,177
E00038402,355,81,274
E00038403,251,43,208
E00038404,189,29,160
E00038405,266,57,209
E00038406,468,95,373
E00038407,270,40,230
E00038410,287,43,244
E00038411,352,33,319
E00038412,279,40,239
E00038413,267,37,230
E00038414,328,47,281
E00038415,274,32,242
E00038416,245,32,213
E00038417,256,40,216
E00038418,297,58,239
E00038419,335,62,273
E00038420,380,82,298
E00038421,317,69,248
E00038422,251,43,208
E00038423,312,51,261
E00038424,259,46,213
E00038425,189,29,160
E00038426,193,18,175
E00038427,170,18,152
E00038428,216,26,190
E00038429,242,34,208
E00038430,184,24,160
E00038431,160,25,135
E00038432,453,66,387
E00038433,251,32,219
E00038434,276,42,234
E00038435,264,46,218
E00038436,250,46,204
E00038437,245,38,207
E00038438,287,58,229
E00038439,377,50,327
E00038440,300,51,249
E00038441,284,53,231
E00038442,319,57,262
E00038443,271,39,232
E00038444,216,17,199
E00038445,208,34,174
E00038446,249,33,216
E00038447,304,49,255
E00038448,234,40,194
E00038449,319,65,254
E00038450,263,39,224
E00038451,283,52,231
E00038452,245,42,203
E00038453,207,24,183
E00038454,294,42,252
E00038455,242,41,201
E00038456,173,13,160
E00038458,319,51,268
E00038459,298,30,268
E00038460,289,73,216
E00038461,385,88,297
E00038462,234,35,199
E00038463,265,43,222
E00038464,296,26,270
E00038465,413,113,300
E00038466,278,31,247
E00038467,299,65,234
E00038468,286,34,252
E00038469,351,36,315
E00038470,372,86,286
E00038471,285,51,234
E00038472,327,77,250
E00038473,362,104,258
E00038474,256,24,232
E00038475,283,44,239
E00038476,246,40,206
E00038477,288,40,248
E00038478,264,37,227
E00038479,195,13,182
E00038480,364,88,276
E00038481,234,34,200
E00038482,290,54,236
E00038483,205,22,183
E00038484,240,40,200
E00038485,356,83,273
E00038486,269,52,217
E00038487,295,61,234
E00038489,298,61,237
E00038490,241,62,179
E00038491,266,56,210
E00038492,293,62,231
E00038493,249,44,205
E00038494,259,48,211
E00038495,295,51,244
E00038496,290,57,233
E00038497,293,71,222
E00038498,260,29,231
E00038499,275,41,234
E00038500,230,31,199
E00038501,254,36,218
E00038502,264,35,229
E00038503,292,74,218
E00038504,332,80,252
E00038505,507,109,398
E00038506,215,21,194
E00038507,246,22,224
E00038508,311,47,264
E00038509,307,39,268
E00038510,372,41,331
E00038511,275,37,238
E00038512,281,49,232
E00038513,338,58,280
E00038514,270,49,221
E00038515,271,36,235
E00038516,256,34,222
E00038517,268,34,234
E00038518,315,49,266
E00038520,259,36,223
E00038521,537,134,403
E00038522,581,147,434
E00038524,243,27,216
E00038525,244,42,202
E00038526,233,20,213
E00038527,366,86,280
E00038530,247,40,207
E00038531,233,20,213
E00038532,290,48,242
E00038533,286,45,241
E00038534,325,40,285
E00038535,222,31,191
E00038536,532,148,384
E00038537,308,46,262
E00038538,247,19,228
E00038539,276,29,247
E00038540,312,29,283
E00038541,260,24,236
E00038542,412,96,316
E00038543,306,45,261
E00038544,242,39,203
E00038545,414,68,346
E00038546,297,51,246
E00038547,258,32,226
E00038548,283,36,247
E00038550,247,25,222
E00038551,442,79,363
E00038552,217,34,183
E00038553,274,37,237
E00038554,263,42,221
E00038555,419,82,337
E00038556,295,49,246
E00038557,448,100,348
E00038558,356,69,287
E00038559,243,33,210
E00038560,238,37,201
E00038561,231,16,215
E00038562,240,40,200
E00038563,251,37,214
E00038564,278,40,238
E00038565,246,45,201
E00038566,279,41,238
E00038567,252,25,227
E00038568,173,23,150
E00038569,165,27,138
E00038570,221,17,204
E00038571,125,14,111
E00038572,284,47,237
E00038573,278,54,224
E00038574,192,15,177
E00038575,306,48,258
E00038576,344,80,264
E00038577,305,53,252
E00038578,282,31,251
E00038579,344,66,278
E00038580,252,35,217
E00038581,287,48,239
E00038582,390,61,329
E00038583,362,72,290
E00038584,375,84,291
E00038585,294,43,251
E00038586,295,70,225
E00038587,283,57,226
E00038588,260,38,222
E00038589,200,11,189
E00038590,237,27,210
E00038591,257,43,214
E00038592,298,53,245
E00038593,272,40,232
E00038594,273,35,238
E00038595,233,30,203
E00038596,220,22,198
E00038597,243,20,223
E00038598,258,44,214
E00038599,262,46,216
E00038600,203,17,186
E00038601,262,45,217
E00038602,192,12,180
E00038603,276,47,229
E00038604,237,11,226
E00038605,252,25,227
E00038606,267,22,245
E00038607,244,33,211
E00038608,275,21,254
E00038609,282,41,241
E00038610,292,37,255
E00038611,448,77,371
E00038612,227,48,179
E00038613,196,19,177
E00038614,244,30,214
E00038615,279,26,253
E00038616,289,42,247
E00038617,527,115,412
E00038618,278,44,234
E00038619,227,15,212
E00038620,368,69,299
E00038621,220,30,190
E00038622,224,29,195
E00038623,231,47,184
E00038624,285,39,246
E00038625,265,48,217
E00038626,252,24,228
E00038627,260,30,230
E00038628,211,10,201
E00038629,227,35,192
E00038630,239,32,207
E00038631,302,61,241
E00038632,559,126,433
E00038633,236,10,226
E00038634,255,15,240
E00038635,360,80,280
E00038636,282,53,229
E00038637,281,54,227
E00038638,312,61,251
E00038639,317,42,275
E00038640,304,52,252
E00038641,344,59,285
E00038642,335,70,265
E00038643,325,83,242
E00038644,307,41,266
E00038645,306,95,211
E00038646,292,80,212
E00038647,187,43,144
E00038648,259,52,207
E00038649,226,42,184
E00038650,304,42,262
E00038651,293,41,252
E00038652,260,61,199
E00038653,275,40,235
E00038654,311,69,242
E00038655,320,104,216
E00038656,375,79,296
E00038657,307,76,231
E00038658,276,37,239
E00038659,241,58,183
E00038660,366,76,290
E00038661,452,62,390
E00038662,216,36,180
E00038663,215,16,199
E00038664,479,137,342
E00038665,357,97,260
E00038666,134,11,123
E00038667,304,37,267
E00038668,293,34,259
E00038669,304,31,273
E00038670,321,52,269
E00038671,390,65,325
E00038672,318,55,263
E00038673,321,72,249
E00038674,302,80,222
E00038675,325,42,283
E00038676,302,54,248
E00038677,258,21,237
E00038678,273,37,236
E00038679,377,41,336
E00038680,390,69,321
E00038681,211,33,178
E00038682,372,59,313
E00038683,282,54,228
E00038684,318,35,283
E00038685,334,67,267
E00038686,308,83,225
E00038687,282,63,219
E00038688,308,76,232
E00038689,305,35,270
E00038690,237,13,224
E00038691,285,44,241
E00038692,188,10,178
E00038693,358,87,271
E00038694,310,64,246
E00038695,379,68,311
E00038696,290,76,214
E00038697,322,66,256
E00038698,308,73,235
E00038699,301,70,231
E00038700,337,89,248
E00038701,316,79,237
E00038702,307,99,208
E00038703,388,72,316
E00038704,286,52,234
E00038706,294,47,247
E00038707,378,42,336
E00038708,313,76,237
E00038709,382,49,333
E00038710,324,73,251
E00038711,265,42,223
E00038712,470,77,393
E00038713,256,48,208
E00038714,315,67,248
E00038715,326,63,263
E00038716,285,54,231
E00038717,333,71,262
E00038718,301,61,240
E00038719,344,51,293
E00038720,316,30,286
E00038721,270,58,212
E00038722,244,46,198
E00038723,341,37,304
E00038724,283,69,214
E00038725,309,37,272
E00038727,285,53,232
E00038728,287,46,241
E00038730,253,42,211
E00038731,338,69,269
E00038732,288,46,242
E00038733,373,86,287
E00038734,349,89,260
E00038735,382,74,308
E00038736,358,115,243
E00038737,292,94,198
E00038738,289,71,218
E00038739,353,68,285
E00038740,245,59,186
E00038741,386,43,343
E00038742,277,37,240
E00038743,213,29,184
E00038744,312,65,247
E00038745,380,49,331
E00038746,283,25,258
E00038747,351,47,304
E00038748,276,49,227
E00038749,300,79,221
E00038751,297,40,257
E00038752,309,56,253
E00038753,302,67,235
E00038755,234,39,195
E00038756,311,70,241
E00038757,312,65,247
E00038758,279,22,257
E00038759,314,68,246
E00038760,328,83,245
E00038761,427,99,328
E00038762,353,78,275
E00038763,264,23,241
E00038764,278,43,235
E00038765,237,31,206
E00038766,353,89,264
E00038767,261,39,222
E00038768,334,84,250
E00038769,414,121,293
E00038770,220,17,203
E00038771,113,11,102
E00038772,336,78,258
E00038773,328,96,232
E00038774,318,79,239
E00038775,304,65,239
E00038776,320,65,255
E00038777,302,71,231
E00038778,316,55,261
E00038779,303,62,241
E00038780,302,53,249
E00038781,256,43,213
E00038782,294,45,249
E00038783,296,52,244
E00038784,253,41,212
E00038785,282,66,216
E00038786,310,63,247
E00038787,280,44,236
E00038788,311,54,257
E00038789,243,45,198
E00038790,433,66,367
E00038791,326,73,253
E00038792,331,76,255
E00038793,283,38,245
E00038794,229,31,198
E00038795,264,54,210
E00038796,266,48,218
E00038797,327,45,282
E00038798,137,22,115
E00038799,242,42,200
E00038800,384,91,293
E00038801,296,49,247
E00038802,262,44,218
E00038803,262,39,223
E00038804,245,49,196
E00038805,235,52,183
E00038806,247,32,215
E00038807,262,36,226
E00038808,280,32,248
E00038809,277,33,244
E00038810,201,36,165
E00038811,392,53,339
E00038812,267,74,193
E00038813,160,26,134
E00038814,281,49,232
E00038815,343,50,293
E00038816,354,66,288
E00038817,278,25,253
E00038818,240,35,205
E00038819,244,36,208
E00038820,286,38,248
E00038821,289,44,245
E00038822,293,58,235
E00038823,236,15,221
E00038824,227,23,204
E00038825,272,43,229
E00038826,326,51,275
E00038827,319,48,271
E00038828,424,65,359
E00038829,391,97,294
E00038830,372,51,321
E00038831,229,32,197
E00038832,272,28,244
E00038834,465,97,368
E00038835,362,46,316
E00038836,322,96,226
E00038837,167,16,151
E00038838,215,18,197
E00038839,428,61,367
E00038840,286,75,211
E00038841,175,34,141
E00038842,335,66,269
E00038843,274,48,226
E00038844,289,70,219
E00038845,205,39,166
E00038846,350,37,313
E00038847,332,78,254
E00038848,172,27,145
E00038849,228,48,180
E00038850,289,49,240
E00038851,316,69,247
E00038852,384,71,313
E00038853,118,23,95
E00038855,416,75,341
E00038856,241,54,187
E00038858,306,64,242
E00038859,193,27,166
E00038860,257,49,208
E00038861,183,18,165
E00038862,188,39,149
E00038863,291,54,237
E00038864,210,33,177
E00038865,286,46,240
E00038866,450,104,346
E00038867,199,11,188
E00038868,283,29,254
E00038869,220,33,187
E00038870,178,28,150
E00038871,139,25,114
E00038872,272,56,216
E00038873,218,71,147
E00038876,170,25,145
E00038877,271,20,251
E00038878,309,66,243
E00038879,337,72,265
E00038880,429,124,305
E00038881,331,94,237
E00038882,556,238,318
E00038883,341,59,282
E00038884,286,44,242
E00038885,364,91,273
E00038886,268,32,236
E00038887,260,82,178
E00038888,296,71,225
E00038889,229,55,174
E00038890,387,100,287
E00038891,290,69,221
E00038892,262,40,222
E00038893,238,46,192
E00038894,349,54,295
E00038895,230,22,208
E00038896,239,25,214
E00038897,278,33,245
E00038898,309,61,248
E00038899,295,38,257
E00038900,311,68,243
E00038901,394,117,277
E00038902,284,13,271
E00038903,443,94,349
E00038904,381,105,276
E00038905,422,135,287
E00038906,337,57,280
E00038907,348,97,251
E00038908,286,88,198
E00038909,365,43,322
E00038910,264,27,237
E00038911,378,70,308
E00038912,239,13,226
E00038913,239,42,197
E00038915,299,72,227
E00038916,227,28,199
E00038917,296,39,257
E00038918,318,67,251
E00038919,257,30,227
E00038920,256,21,235
E00038921,304,68,236
E00038922,260,38,222
E00038923,298,37,261
E00038924,143,5,138
E00038925,328,75,253
E00038926,217,56,161
E00038927,295,44,251
E00038928,231,13,218
E00038929,263,57,206
E00038930,206,16,190
E00038931,236,30,206
E00038932,238,52,186
E00038933,286,39,247
E00038934,213,36,177
E00038935,398,81,317
E00038936,491,82,409
E00038937,490,94,396
E00038938,361,35,326
E00038939,545,118,427
E00038940,226,28,198
E00038941,240,22,218
E00038942,331,52,279
E00038943,275,28,247
E00038944,237,32,205
E00038945,356,66,290
E00038946,345,52,293
E00038947,298,25,273
E00038948,420,80,340
E00038949,481,119,362
E00038950,238,34,204
E00038951,248,5,243
E00038952,301,45,256
E00038953,308,39,269
E00038954,295,52,243
E00038955,303,49,254
E00038956,328,44,284
E00038957,260,51,209
E00038958,258,53,205
E00038959,267,46,221
E00038960,211,41,170
E00038961,289,51,238
E00038962,347,42,305
E00038963,288,38,250
E00038964,316,50,266
E00038965,322,73,249
E00038966,264,55,209
E00038967,286,41,245
E00038970,318,54,264
E00038971,328,70,258
E00038972,264,32,232
E00038973,389,73,316
E00038974,309,53,256
E00038975,245,41,204
E00038976,254,16,238
E00038977,338,65,273
E00038978,263,44,219
E00038979,328,76,252
E00038980,221,33,188
E00038981,506,120,386
E00038982,358,75,283
E00038983,253,45,208
E00038984,371,88,283
E00038985,332,84,248
E00038986,321,89,232
E00038987,327,63,264
E00038988,313,50,263
E00038989,409,70,339
E00038991,280,47,233
E00038992,156,13,143
E00038993,315,33,282
E00038994,193,19,174
E00038995,347,66,281
E00038996,224,22,202
E00038997,131,22,109
E00038998,223,20,203
E00038999,376,57,319
E00039000,313,55,258
E00039001,317,33,284
E00039002,280,39,241
E00039003,292,42,250
E00039004,321,57,264
E00039005,298,64,234
E00039006,312,64,248
E00039007,284,45,239
E00039008,308,45,263
E00039009,261,36,225
E00039010,207,19,188
E00039011,550,146,404
E00039012,263,46,217
E00039013,284,61,223
E00039014,264,55,209
E00039015,381,68,313
E00039016,268,41,227
E00039017,229,43,186
E00039018,302,40,262
E00039019,289,66,223
E00039020,307,41,266
E00039021,263,38,225
E00039022,306,73,233
E00039023,243,12,231
E00039024,292,49,243
E00039025,262,29,233
E00039026,429,80,349
E00039027,280,35,245
E00039028,454,88,366
E00039030,332,109,223
E00039031,261,48,213
E00039032,323,66,257
E00039034,516,100,416
E00039035,346,69,277
E00039036,329,73,256
E00039037,333,58,275
E00039038,256,50,206
E00039039,323,76,247
E00039040,406,92,314
E00039041,292,70,222
E00039042,223,42,181
E00039043,343,74,269
E00039044,345,83,262
E00039045,278,55,223
E00039046,276,35,241
E00039047,304,62,242
E00039048,279,64,215
E00039049,351,66,285
E00039050,262,32,230
E00039051,256,32,224
E00039052,292,54,238
E00039053,322,55,267
E00039054,297,59,238
E00039055,389,107,282
E00039056,305,67,238
E00039057,277,46,231
E00039058,318,64,254
E00039059,101,6,95
E00039060,318,62,256
E00039061,404,75,329
E00039062,438,63,375
E00039063,286,42,244
E00039064,277,53,224
E00039065,410,94,316
E00039066,447,83,364
E00039067,339,79,260
E00039068,251,34,217
E00039069,258,42,216
E00039070,277,30,247
E00039071,276,54,222
E00039072,244,62,182
E00039073,213,14,199
E00039074,369,92,277
E00039075,170,11,159
E00039076,280,53,227
E00039077,308,65,243
E00039078,323,81,242
E00039079,404,114,290
E00039080,439,128,311
E00039081,374,84,290
E00039082,280,53,227
E00039083,161,17,144
E00039084,279,40,239
E00039085,238,51,187
E00039086,380,113,267
E00039087,364,102,262
E00039088,250,29,221
E00039089,304,109,195
E00039090,378,99,279
E00039091,162,17,145
E00039092,405,114,291
E00039094,275,29,246
E00039095,173,23,150
E00039096,299,85,214
E00039097,359,115,244
E00039098,364,88,276
E00039099,253,32,221
E00039100,287,64,223
E00039101,321,54,267
E00039102,279,63,216
E00039104,210,15,195
E00039105,261,53,208
E00039106,224,37,187
E00039107,463,87,376
E00039108,273,62,211
E00039109,248,50,198
E00039110,198,30,168
E00039111,256,38,218
E00039112,347,90,257
E00039114,284,34,250
E00039115,292,58,234
E00039116,357,72,285
E00039117,171,17,154
E00039118,275,66,209
E00039119,241,27,214
E00039120,227,40,187
E00039121,272,59,213
E00039122,218,32,186
E00039123,280,47,233
E00039124,277,95,182
E00039125,275,55,220
E00039126,296,48,248
E00039127,282,60,222
E00039128,201,22,179
E00039130,168,21,147
E00039131,235,19,216
E00039132,245,26,219
E00039133,153,20,133
E00039134,288,40,248
E00039135,344,81,263
E00039137,271,55,216
E00039138,306,44,262
E00039139,322,54,268
E00039140,287,43,244
E00039141,245,28,217
E00039142,247,38,209
E00039143,279,52,227
E00039144,321,69,252
E00039145,433,56,377
E00039146,351,40,311
E00039147,249,28,221
E00039148,177,27,150
E00039149,253,46,207
E00039150,271,21,250
E00039151,270,41,229
E00039152,206,25,181
E00039153,297,57,240
E00039154,291,51,240
E00039155,218,21,197
E00039156,181,24,157
E00039157,215,17,198
E00039158,271,53,218
E00039159,170,14,156
E00039160,262,49,213
E00039161,227,43,184
E00039162,208,31,177
E00039163,248,40,208
E00039164,146,9,137
E00039165,216,31,185
E00039166,298,40,258
E00039167,156,11,145
E00039168,265,51,214
E00039169,232,39,193
E00039170,204,17,187
E00039171,257,31,226
E00039172,242,29,213
E00039173,189,13,176
E00039174,238,20,218
E00039175,193,16,177
E00039176,323,107,216
E00039177,188,10,178
E00039178,337,120,217
E00039179,331,92,239
E00039180,365,71,294
E00039181,312,43,269
E00039182,297,66,231
E00039183,417,73,344
E00039184,199,16,183
E00039185,251,61,190
E00039186,311,93,218
E00039187,390,122,268
E00039188,101,3,98
E00039189,343,109,234
E00039190,228,46,182
E00039191,254,50,204
E00039192,333,91,242
E00039193,324,97,227
E00039194,315,106,209
E00039195,358,106,252
E00039196,349,99,250
E00039197,342,100,242
E00039198,211,32,179
E00039199,201,38,163
E00039200,325,84,241
E00039201,252,60,192
E00039202,333,86,247
E00039203,190,36,154
E00039204,347,88,259
E00039205,279,65,214
E00039206,347,71,276
E00039207,256,32,224
E00039208,246,31,215
E00039209,300,29,271
E00039210,257,22,235
E00039211,272,43,229
E00039212,280,32,248
E00039213,271,31,240
E00039214,250,35,215
E00039215,238,33,205
E00039216,316,58,258
E00039217,333,49,284
E00039218,333,49,284
E00039219,317,40,277
E00039220,260,25,235
E00039221,255,21,234
E00039222,268,53,215
E00039223,276,64,212
E00039224,279,75,204
E00039225,221,17,204
E00039226,279,45,234
E00039227,257,46,211
E00039228,312,56,256
E00039229,308,53,255
E00039230,362,73,289
E00039231,230,46,184
E00039232,335,102,233
E00039233,284,44,240
E00039234,287,61,226
E00039235,305,79,226
E00039236,259,55,204
E00039237,265,57,208
E00039238,265,30,235
E00039239,269,72,197
E00039240,287,35,252
E00039241,272,46,226
E00039242,194,29,165
E00039243,190,18,172
E00039244,274,50,224
E00039245,341,69,272
E00039246,298,31,267
E00039247,453,53,400
E00039248,303,59,244
E00039249,402,79,323
E00039250,331,53,278
E00039251,303,37,266
E00039252,267,16,251
E00039253,300,63,237
E00039254,280,53,227
E00039255,393,70,323
E00039256,296,56,240
E00039257,407,66,341
E00039258,299,52,247
E00039259,254,52,202
E00039260,222,34,188
E00039261,290,50,240
E00039262,308,39,269
E00039263,239,60,179
E00039264,202,29,173
E00039265,235,33,202
E00039266,248,35,213
E00039267,301,68,233
E00039269,347,56,291
E00039270,294,68,226
E00039271,477,96,381
E00039272,260,57,203
E00039273,287,42,245
E00039274,217,22,195
E00039275,479,71,408
E00039276,429,97,332
E00039277,333,64,269
E00039278,397,60,337
E00039279,249,24,225
E00039280,244,37,207
E00039281,232,36,196
E00039282,252,56,196
E00039283,226,28,198
E00039284,254,40,214
E00039285,255,62,193
E00039286,279,65,214
E00039287,220,43,177
E00039288,114,12,102
E00039289,215,33,182
E00039290,295,38,257
E00039291,375,51,324
E00039292,275,28,247
E00039293,258,52,206
E00039294,236,47,189
E00039295,292,51,241
E00039296,382,135,247
E00039297,295,61,234
E00039298,294,91,203
E00039299,236,41,195
E00039300,275,87,188
E00039301,159,15,144
E00039302,228,27,201
E00039303,370,71,299
E00039304,200,37,163
E00039305,159,20,139
E00039306,205,42,163
E00039307,229,41,188
E00039308,305,65,240
E00039309,197,30,167
E00039310,247,31,216
E00039311,226,65,161
E00039312,296,61,235
E00039313,216,17,199
E00039314,208,16,192
E00039315,273,56,217
E00039316,288,51,237
E00039317,238,19,219
E00039318,184,19,165
E00039319,318,61,257
E00039320,264,47,217
E00039321,243,43,200
E00039322,242,30,212
E00039323,220,32,188
E00039324,213,37,176
E00039325,250,60,190
E00039326,260,28,232
E00039327,256,42,214
E00039328,299,49,250
E00039329,296,59,237
E00039330,302,54,248
E00039331,230,54,176
E00039332,231,47,184
E00039333,263,52,211
E00039334,293,54,239
E00039335,148,25,123
E00039336,390,74,316
E00039337,345,96,249
E00039338,343,89,254
E00039339,323,104,219
E00039340,303,76,227
E00039341,293,29,264
E00039342,356,103,253
E00039343,334,90,244
E00039344,283,56,227
E00039345,351,93,258
E00039346,294,50,244
E00039347,205,34,171
E00039348,258,40,218
E00039349,257,35,222
E00039350,284,62,222
E00039351,311,93,218
E00039352,298,74,224
E00039353,284,99,185
E00039354,384,104,280
E00039355,361,93,268
E00039356,372,84,288
E00039357,350,95,255
E00039358,272,74,198
E00039359,279,64,215
E00039360,320,76,244
E00039361,198,20,178
E00039362,348,76,272
E00039363,296,84,212
E00039364,344,115,229
E00039366,262,40,222
E00039367,254,47,207
E00039368,275,53,222
E00039369,330,80,250
E00039370,295,72,223
E00039371,308,80,228
E00039372,300,61,239
E00039373,246,33,213
E00039375,219,59,160
E00039376,265,76,189
E00039377,274,41,233
E00039378,279,53,226
E00039379,261,63,198
E00039380,277,38,239
E00039381,334,65,269
E00039382,388,89,299
E00039383,227,39,188
E00039384,313,77,236
E00039385,242,47,195
E00039386,221,37,184
E00039387,285,63,222
E00039388,245,50,195
E00039389,249,32,217
E00039390,331,63,268
E00039391,264,42,222
E00039392,449,87,362
E00039393,327,72,255
E00039394,312,73,239
E00039395,305,76,229
E00039396,258,41,217
E00039397,292,46,246
E00039398,400,52,348
E00039400,316,82,234
E00039401,271,27,244
E00039402,348,34,314
E00039403,295,38,257
E00039404,273,58,215
E00039405,198,32,166
E00039406,255,42,213
E00039407,219,24,195
E00039408,291,54,237
E00039409,386,72,314
E00039411,398,72,326
E00039412,253,52,201
E00039413,218,45,173
E00039414,268,45,223
E00039415,251,32,219
E00039416,218,17,201
E00039417,206,33,173
E00039418,266,45,221
E00039419,273,35,238
E00039420,175,8,167
E00039421,236,52,184
E00039422,211,19,192
E00039423,171,27,144
E00039425,241,43,198
E00039426,292,69,223
E00039427,205,39,166
E00039428,290,73,217
E00039429,267,59,208
E00039430,244,40,204
E00039431,263,46,217
E00039432,216,40,176
E00039433,335,87,248
E00039434,288,60,228
E00039435,238,27,211
E00039436,287,74,213
E00039437,375,68,307
E00039438,277,37,240
E00039439,333,65,268
E00039440,198,44,154
E00039441,336,80,256
E00039442,238,58,180
E00039443,329,106,223
E00039444,352,55,297
E00039445,341,64,277
E00039446,460,106,354
E00039447,288,68,220
E00039448,253,35,218
E00039449,242,30,212
E00039450,248,61,187
E00039451,237,36,201
E00039452,325,34,291
E00039453,288,43,245
E00039454,444,79,365
E00039455,218,29,189
E00039456,294,58,236
E00039457,279,43,236
E00039458,261,50,211
E00039459,251,36,215
E00039460,383,65,318
E00039461,260,36,224
E00039462,277,43,234
E00039463,308,42,266
E00039464,126,9,117
E00039465,203,18,185
E00039466,229,28,201
E00039468,241,30,211
E00039469,296,38,258
E00039470,269,29,240
E00039471,362,31,331
E00039472,336,56,280
E00039473,349,20,329
E00039474,293,32,261
E00039475,313,42,271
E00039476,273,38,235
E00039477,417,111,306
E00039478,206,27,179
E00039479,245,38,207
E00039480,197,21,176
E00039481,189,34,155
E00039482,189,18,171
E00039483,369,45,324
E00039484,251,46,205
E00039485,230,43,187
E00039486,359,83,276
E00039487,329,57,272
E00039488,256,35,221
E00039489,274,62,212
E00039490,261,35,226
E00039491,183,15,168
E00039492,262,40,222
E00039494,279,64,215
E00039495,233,20,213
E00039496,191,22,169
E00039497,273,47,226
E00039498,257,44,213
E00039499,314,80,234
E00039500,277,39,238
E00039501,293,73,220
E00039502,218,32,186
E00039503,199,33,166
E00039504,211,17,194
E00039505,232,25,207
E00039506,299,53,246
E00039507,281,40,241
E00039508,279,46,233
E00039509,286,35,251
E00039510,299,38,261
E00039511,282,50,232
E00039512,240,42,198
E00039513,311,81,230
E00039514,313,77,236
E00039515,247,30,217
E00039516,261,37,224
E00039517,301,38,263
E00039518,276,27,249
E00039519,250,47,203
E00039520,289,67,222
E00039521,224,26,198
E00039522,268,51,217
E00039523,306,67,239
E00039524,418,107,311
E00039525,282,66,216
E00039526,258,47,211
E00039528,260,36,224
E00039529,239,36,203
E00039530,305,74,231
E00039531,259,59,200
E00039532,290,47,243
E00039533,311,79,232
E00039534,265,44,221
E00039535,223,40,183
E00039536,248,54,194
E00039537,243,39,204
E00039538,263,38,225
E00039539,330,51,279
E00039540,269,39,230
E00039541,286,30,256
E00039542,331,47,284
E00039543,302,59,243
E00039544,309,57,252
E00039545,295,61,234
E00039546,242,41,201
E00039547,311,64,247
E00039548,263,64,199
E00039549,490,94,396
E00039550,259,31,228
E00039552,229,46,183
E00039553,302,59,243
E00039554,119,11,108
E00039555,234,46,188
E00039556,236,37,199
E00039557,258,35,223
E00039558,495,112,383
E00039559,317,58,259
E00039560,290,61,229
E00039561,238,34,204
E00039562,290,44,246
E00039563,259,59,200
E00039564,304,58,246
E00039565,262,39,223
E00039566,239,45,194
E00039567,264,47,217
E00039568,158,24,134
E00039569,257,63,194
E00039570,235,34,201
E00039571,256,32,224
E00039572,290,53,237
E00039573,205,34,171
E00039574,158,23,135
E00039575,256,51,205
E00039576,238,48,190
E00039577,233,32,201
E00039578,314,47,267
E00039579,284,67,217
E00039580,259,40,219
E00039581,238,24,214
E00039582,232,35,197
E00039583,336,90,246
E00039584,303,49,254
E00039585,394,55,339
E00039586,247,56,191
E00039587,250,47,203
E00039588,297,49,248
E00039589,382,41,341
E00039590,233,27,206
E00039591,287,67,220
E00039592,315,67,248
E00039593,430,92,338
E00039594,295,64,231
E00039595,330,44,286
E00039596,301,56,245
E00039597,326,47,279
E00039598,330,68,262
E00039599,285,46,239
E00039600,286,54,232
E00039602,361,62,299
E00039603,338,88,250
E00039604,222,38,184
E00039605,219,28,191
E00039606,223,52,171
E00039607,232,32,200
E00039608,250,46,204
E00039609,248,49,199
E00039610,265,39,226
E00039611,315,75,240
E00039612,320,108,212
E00039613,245,43,202
E00039614,291,66,225
E00039615,302,52,250
E00039616,317,91,226
E00039617,320,35,285
E00039618,278,41,237
E00039619,329,66,263
E00039620,269,47,222
E00039621,305,52,253
E00039622,240,41,199
E00039623,279,71,208
E00039624,279,30,249
E00039625,334,37,297
E00039626,297,27,270
E00039627,246,35,211
E00039628,175,16,159
E00039629,305,52,253
E00039630,307,69,238
E00039631,224,35,189
E00039632,270,47,223
E00039633,286,63,223
E00039634,340,62,278
E00039635,340,41,299
E00039636,311,41,270
E00039637,300,49,251
E00039638,367,77,290
E00039639,290,51,239
E00039640,256,47,209
E00039641,255,45,210
E00039642,250,37,213
E00039643,340,52,288
E00039644,217,31,186
E00039645,240,23,217
E00039646,286,51,235
E00039647,242,28,214
E00039648,262,41,221
E00039649,225,32,193
E00039650,325,58,267
E00039651,366,76,290
E00039652,247,33,214
E00039653,281,46,235
E00039654,319,69,250
E00039655,298,46,252
E00039656,276,39,237
E00039657,179,16,163
E00039658,288,55,233
E00039659,302,49,253
E00039660,337,47,290
E00039661,256,26,230
E00039662,273,35,238
E00039663,265,48,217
E00039664,246,58,188
E00039665,199,35,164
E00039666,276,33,243
E00039667,325,40,285
E00039668,180,28,152
E00039669,300,43,257
E00039670,380,62,318
E00039671,269,42,227
E00039672,316,50,266
E00039673,353,58,295
E00039674,251,40,211
E00039675,474,83,391
E00039676,252,55,197
E00039677,278,64,214
E00039678,290,41,249
E00039679,212,45,167
E00039680,248,39,209
E00039681,270,57,213
E00039682,237,51,186
E00039683,399,83,316
E00039684,284,45,239
E00039685,267,53,214
E00039686,220,39,181
E00039687,224,39,185
E00039688,241,42,199
E00039690,188,38,150
E00039691,235,31,204
E00039692,372,51,321
E00039695,257,33,224
E00039696,283,44,239
E00039697,302,41,261
E00039698,264,63,201
E00039699,251,50,201
E00039700,287,45,242
E00039701,240,57,183
E00039702,155,6,149
E00039703,220,30,190
E00039704,332,69,263
E00039705,308,41,267
E00039706,244,54,190
E00039707,230,25,205
E00039708,225,33,192
E00039709,202,27,175
E00039710,280,38,242
E00039712,249,36,213
E00039713,280,48,232
E00039714,311,45,266
E00039715,214,48,166
E00039716,303,57,246
E00039717,287,50,237
E00039718,252,50,202
E00039719,292,50,242
E00039720,279,56,223
E00039721,321,42,279
E00039722,282,32,250
E00039724,228,24,204
E00039726,252,40,212
E00039727,268,45,223
E00039728,280,37,243
E00039729,294,49,245
E00039730,336,48,288
E00039731,245,43,202
E00039732,285,50,235
E00039733,315,55,260
E00039734,285,84,201
E00039735,298,69,229
E00039736,235,30,205
E00039737,288,43,245
E00039738,228,65,163
E00039739,305,39,266
E00039740,296,51,245
E00039741,178,17,161
E00039742,227,33,194
E00039743,289,43,246
E00039744,289,54,235
E00039745,208,34,174
E00039746,298,73,225
E00039747,313,62,251
E00039748,326,77,249
E00039750,340,95,245
E00039751,290,43,247
E00039752,297,78,219
E00039753,218,37,181
E00039754,260,48,212
E00039755,323,118,205
E00039756,307,66,241
E00039757,325,84,241
E00039758,277,31,246
E00039759,282,39,243
E00039760,284,47,237
E00039761,215,32,183
E00039762,451,112,339
E00039763,268,23,245
E00039764,390,116,274
E00039765,353,96,257
E00039766,383,119,264
E00039767,310,91,219
E00039768,282,39,243
E00039769,349,105,244
E00039770,329,94,235
E00039771,222,42,180
E00039772,247,38,209
E00039773,388,58,330
E00039774,444,88,356
E00039775,329,115,214
E00039776,255,54,201
E00039777,331,69,262
E00039778,257,40,217
E00039779,287,68,219
E00039780,287,58,229
E00039781,249,46,203
E00039782,353,106,247
E00039783,382,92,290
E00039784,271,75,196
E00039785,294,85,209
E00039786,293,45,248
E00039787,165,23,142
E00039788,388,128,260
E00039789,283,26,257
E00039791,177,10,167
E00039792,305,89,216
E00039793,416,95,321
E00039794,332,71,261
E00039795,285,51,234
E00039796,372,113,259
E00039797,156,12,144
E00039798,323,68,255
E00039799,224,23,201
E00039800,316,182,134
E00039801,179,47,132
E00039802,402,217,185
E00039804,422,250,172
E00039806,213,79,134
E00039807,309,98,211
E00039808,272,47,225
E00039810,193,69,124
E00039811,485,418,67
E00039812,306,95,211
E00039813,312,43,269
E00039814,274,105,169
E00039815,269,52,217
E00039816,370,194,176
E00039817,393,71,322
E00039818,344,161,183
E00039819,209,36,173
E00039820,235,31,204
E00039821,248,45,203
E00039822,234,34,200
E00039823,422,316,106
E00039824,209,36,173
E00039825,301,113,188
E00039826,312,179,133
E00039827,314,72,242
E00039828,330,84,246
E00039829,209,42,167
E00039830,271,70,201
E00039831,281,60,221
E00039832,256,29,227
E00039833,355,59,296
E00039834,242,51,191
E00039835,328,200,128
E00039836,302,114,188
E00039837,391,250,141
E00039838,413,257,156
E00039839,352,228,124
E00039840,424,116,308
E00039841,350,260,90
E00039842,461,354,107
E00039843,378,253,125
E00039844,389,56,333
E00039845,265,80,185
E00039846,181,35,146
E00039847,308,107,201
E00039849,224,90,134
E00039850,374,92,282
E00039851,366,98,268
E00039852,407,148,259
E00039853,304,84,220
E00039854,390,113,277
E00039856,247,44,203
E00039858,390,141,249
E00039859,411,156,255
E00039860,390,121,269
E00039861,318,82,236
E00039862,317,89,228
E00039863,208,88,120
E00039864,286,88,198
E00039865,428,115,313
E00039866,407,148,259
E00039867,290,92,198
E00039868,237,91,146
E00039869,404,150,254
E00039870,338,105,233
E00039871,337,89,248
E00039876,570,184,386
E00039877,342,72,270
E00039878,251,61,190
E00039879,178,30,148
E00039880,450,101,349
E00039881,223,39,184
E00039882,437,108,329
E00039883,325,90,235
E00039884,380,85,295
E00039885,193,24,169
E00039886,299,63,236
E00039887,391,116,275
E00039888,255,62,193
E00039889,309,86,223
E00039890,289,70,219
E00039891,326,102,224
E00039892,344,65,279
E00039893,369,101,268
E00039894,267,88,179
E00039895,394,74,320
E00039896,246,66,180
E00039897,242,48,194
E00039898,448,161,287
E00039899,196,39,157
E00039900,305,49,256
E00039902,378,54,324
E00039906,196,29,167
E00039907,377,121,256
E00039908,439,129,310
E00039910,317,70,247
E00039911,219,67,152
E00039912,409,136,273
E00039913,266,67,199
E00039914,227,59,168
E00039917,207,52,155
E00039918,261,61,200
E00039919,235,63,172
E00039920,248,61,187
E00039921,238,63,175
E00039922,201,47,154
E00039923,285,69,216
E00039924,265,68,197
E00039925,170,30,140
E00039926,235,50,185
E00039929,219,63,156
E00039931,202,33,169
E00039932,262,64,198
E00039933,267,62,205
E00039934,274,51,223
E00039935,192,17,175
E00039936,340,76,264
E00039937,222,29,193
E00039938,271,79,192
E00039939,211,26,185
E00039940,186,34,152
E00039941,316,43,273
E00039942,436,131,305
E00039943,253,73,180
E00039944,371,130,241
E00039945,261,93,168
E00039946,133,30,103
E00039947,301,38,263
E00039948,333,44,289
E00039949,244,22,222
E00039950,285,38,247
E00039951,260,18,242
E00039952,403,66,337
E00039953,335,50,285
E00039954,330,59,271
E00039955,313,56,257
E00039956,216,53,163
E00039957,386,45,341
E00039958,280,58,222
E00039961,298,64,234
E00039962,356,59,297
E00039963,356,49,307
E00039964,283,38,245
E00039965,236,37,199
E00039966,204,36,168
E00039967,237,30,207
E00039968,330,49,281
E00039969,292,45,247
E00039970,334,42,292
E00039971,256,37,219
E00039972,238,24,214
E00039973,258,32,226
E00039974,285,34,251
E00039975,279,45,234
E00039976,266,39,227
E00039977,230,38,192
E00039978,259,29,230
E00039979,238,36,202
E00039980,217,11,206
E00039981,253,33,220
E00039982,301,58,243
E00039983,276,31,245
E00039984,272,34,238
E00039985,217,22,195
E00039986,212,15,197
E00039987,268,31,237
E00039988,285,43,242
E00039989,284,56,228
E00039990,361,76,285
E00039991,150,31,119
E00039992,225,20,205
E00039993,275,35,240
E00039994,346,73,273
E00039995,336,24,312
E00039996,295,37,258
E00039997,255,50,205
E00039998,426,52,374
E00039999,347,45,302
E00040000,299,67,232
E00040001,233,52,181
E00040002,292,43,249
E00040003,182,30,152
E00040004,277,56,221
E00040005,272,53,219
E00040006,191,33,158
E00040007,276,60,216
E00040008,207,47,160
E00040009,275,57,218
E00040010,131,27,104
E00040011,279,55,224
E00040012,268,57,211
E00040013,250,49,201
E00040014,242,46,196
E00040015,313,49,264
E00040016,203,29,174
E00040017,183,40,143
E00040018,225,27,198
E00040019,254,38,216
E00040020,242,38,204
E00040021,283,50,233
E00040022,260,29,231
E00040023,246,25,221
E00040024,257,26,231
E00040025,257,33,224
E00040026,270,51,219
E00040027,411,158,253
E00040028,387,141,246
E00040029,240,44,196
E00040030,344,82,262
E00040031,395,136,259
E00040033,366,115,251
E00040034,240,39,201
E00040035,231,39,192
E00040037,338,103,235
E00040038,401,114,287
E00040039,337,98,239
E00040040,315,83,232
E00040041,382,117,265
E00040042,242,58,184
E00040043,218,38,180
E00040044,338,99,239
E00040045,289,71,218
E00040046,275,79,196
E00040047,199,37,162
E00040048,228,48,180
E00040049,334,103,231
E00040050,404,128,276
E00040051,288,82,206
E00040052,263,74,189
E00040053,484,144,340
E00040054,221,35,186
E00040056,397,123,274
E00040057,308,101,207
E00040058,353,114,239
E00040059,453,138,315
E00040060,316,75,241
E00040061,409,124,285
E00040062,286,45,241
E00040063,291,58,233
E00040064,237,29,208
E00040065,196,27,169
E00040066,290,50,240
E00040067,175,21,154
E00040068,331,63,268
E00040069,269,52,217
E00040070,272,51,221
E00040071,369,61,308
E00040072,296,97,199
E00040073,260,29,231
E00040074,273,46,227
E00040075,154,20,134
E00040076,278,56,222
E00040077,263,33,230
E00040078,287,50,237
E00040079,318,37,281
E00040080,229,40,189
E00040081,194,19,175
E00040082,516,111,405
E00040083,377,125,252
E00040084,361,99,262
E00040085,284,76,208
E00040086,231,50,181
E00040087,265,51,214
E00040088,295,72,223
E00040089,263,55,208
E00040090,250,41,209
E00040091,289,61,228
E00040092,414,101,313
E00040093,420,90,330
E00040094,326,68,258
E00040095,445,83,362
E00040096,365,74,291
E00040097,342,82,260
E00040098,275,34,241
E00040099,276,52,224
E00040100,259,26,233
E00040101,226,37,189
E00040102,227,58,169
E00040103,281,43,238
E00040104,390,63,327
E00040105,187,25,162
E00040106,280,39,241
E00040107,273,47,226
E00040108,196,61,135
E00040109,210,53,157
E00040110,295,55,240
E00040111,351,66,285
E00040112,289,66,223
E00040113,374,77,297
E00040114,303,36,267
E00040115,264,59,205
E00040116,221,59,162
E00040117,134,19,115
E00040118,283,63,220
E00040119,292,74,218
E00040120,239,37,202
E00040121,270,52,218
E00040122,224,53,171
E00040123,221,31,190
E00040124,278,77,201
E00040125,266,59,207
E00040126,213,22,191
E00040127,164,31,133
E00040128,232,63,169
E00040129,207,65,142
E00040130,250,50,200
E00040131,240,57,183
E00040132,303,54,249
E00040133,245,49,196
E00040134,226,60,166
E00040135,336,59,277
E00040136,334,65,269
E00040137,314,53,261
E00040138,286,59,227
E00040139,177,18,159
E00040140,298,65,233
E00040141,290,68,222
E00040142,264,66,198
E00040143,313,57,256
E00040144,379,68,311
E00040145,178,29,149
E00040146,282,57,225
E00040147,330,74,256
E00040148,251,45,206
E00040149,307,44,263
E00040150,279,42,237
E00040151,305,64,241
E00040152,255,44,211
E00040153,342,89,253
E00040154,259,57,202
E00040155,249,56,193
E00040156,253,68,185
E00040157,266,62,204
E00040158,284,75,209
E00040159,330,69,261
E00040160,322,79,243
E00040161,339,64,275
E00040162,361,79,282
E00040163,485,100,385
E00040164,284,43,241
E00040165,364,82,282
E00040166,268,59,209
E00040167,336,70,266
E00040168,286,65,221
E00040169,330,79,251
E00040170,347,58,289
E00040171,394,78,316
E00040172,272,51,221
E00040173,459,76,383
E00040174,297,60,237
E00040175,336,85,251
E00040176,337,95,242
E00040177,384,93,291
E00040178,298,47,251
E00040179,177,38,139
E00040180,280,60,220
E00040181,274,65,209
E00040182,280,70,210
E00040183,284,66,218
E00040184,288,63,225
E00040185,300,81,219
E00040186,225,57,168
E00040187,308,67,241
E00040188,302,70,232
E00040189,233,57,176
E00040190,222,44,178
E00040191,262,61,201
E00040192,246,51,195
E00040193,310,66,244
E00040194,291,59,232
E00040195,317,68,249
E00040196,349,52,297
E00040197,206,31,175
E00040198,353,78,275
E00040199,314,69,245
E00040200,476,92,384
E00040201,247,43,204
E00040202,348,87,261
E00040203,385,87,298
E00040204,261,56,205
E00040205,311,84,227
E00040206,299,64,235
E00040207,279,53,226
E00040208,352,66,286
E00040209,408,84,324
E00040210,315,62,253
E00040211,195,31,164
E00040212,373,91,282
E00040213,343,91,252
E00040214,298,53,245
E00040215,316,77,239
E00040216,352,152,200
E00040217,235,68,167
E00040218,439,157,282
E00040219,297,83,214
E00040221,297,45,252
E00040222,275,77,198
E00040223,384,56,328
E00040224,241,45,196
E00040225,170,13,157
E00040226,166,7,159
E00040227,267,55,212
E00040228,278,67,211
E00040229,442,148,294
E00040230,263,55,208
E00040231,328,76,252
E00040232,305,80,225
E00040233,305,94,211
E00040234,216,16,200
E00040235,291,81,210
E00040236,393,129,264
E00040237,393,143,250
E00040238,377,137,240
E00040239,317,73,244
E00040240,394,112,282
E00040241,299,92,207
E00040242,334,124,210
E00040243,271,53,218
E00040244,250,64,186
E00040245,341,119,222
E00040246,354,113,241
E00040247,430,148,282
E00040248,359,125,234
E00040249,416,152,264
E00040250,324,120,204
E00040251,278,81,197
E00040252,314,112,202
E00040253,274,86,188
E00040254,253,56,197
E00040255,395,126,269
E00040256,290,71,219
E00040257,282,86,196
E00040258,288,84,204
E00040259,239,63,176
E00040260,160,12,148
E00040261,369,124,245
E00040262,248,58,190
E00040263,310,98,212
E00040264,266,56,210
E00040265,246,54,192
E00040266,302,109,193
E00040267,260,48,212
E00040268,322,102,220
E00040269,262,48,214
E00040270,415,165,250
E00040271,312,84,228
E00040272,375,58,317
E00040273,339,77,262
E00040274,268,41,227
E00040275,169,7,162
E00040276,222,37,185
E00040277,347,84,263
E00040278,322,88,234
E00040279,290,106,184
E00040280,383,87,296
E00040281,287,69,218
E00040282,268,53,215
E00040283,236,39,197
E00040284,315,59,256
E00040285,365,94,271
E00040286,241,42,199
E00040287,157,12,145
E00040289,347,74,273
E00040290,266,55,211
E00040291,255,46,209
E00040292,324,72,252
E00040293,305,62,243
E00040294,352,101,251
E00040295,259,72,187
E00040296,336,55,281
E00040297,286,48,238
E00040298,333,68,265
E00040299,289,51,238
E00040300,231,55,176
E00040301,289,39,250
E00040302,281,79,202
E00040303,333,61,272
E00040304,256,45,211
E00040305,186,23,163
E00040306,287,55,232
E00040307,205,32,173
E00040308,282,68,214
E00040309,208,55,153
E00040310,178,27,151
E00040311,266,71,195
E00040312,309,87,222
E00040313,308,66,242
E00040314,171,10,161
E00040315,256,53,203
E00040316,305,68,237
E00040317,248,90,158
E00040318,272,54,218
E00040319,236,73,163
E00040320,283,81,202
E00040321,273,68,205
E00040322,308,102,206
E00040323,300,65,235
E00040325,338,82,256
E00040326,300,77,223
E00040327,236,53,183
E00040328,309,61,248
E00040329,273,63,210
E00040331,343,73,270
E00040332,274,68,206
E00040333,300,58,242
E00040334,265,37,228
E00040335,324,31,293
E00040336,297,50,247
E00040337,247,27,220
E00040338,222,35,187
E00040339,272,52,220
E00040340,327,60,267
E00040341,231,33,198
E00040342,279,56,223
E00040343,320,40,280
E00040344,233,50,183
E00040345,288,58,230
E00040346,200,14,186
E00040347,243,31,212
E00040348,126,10,116
E00040349,293,78,215
E00040350,266,40,226
E00040351,225,39,186
E00040352,313,95,218
E00040353,175,18,157
E00040354,310,74,236
E00040355,312,100,212
E00040356,332,90,242
E00040357,263,39,224
E00040358,319,90,229
E00040359,264,34,230
E00040360,272,47,225
E00040361,270,38,232
E00040362,257,48,209
E00040363,332,63,269
E00040364,227,24,203
E00040365,282,52,230
E00040366,327,106,221
E00040368,266,72,194
E00040369,326,109,217
E00040370,273,30,243
E00040371,244,41,203
E00040372,173,18,155
E00040373,208,26,182
E00040374,216,28,188
E00040375,193,36,157
E00040376,216,36,180
E00040377,198,29,169
E00040378,173,22,151
E00040379,232,33,199
E00040380,161,17,144
E00040381,287,32,255
E00040382,201,21,180
E00040384,205,20,185
E00040385,218,27,191
E00040386,210,27,183
E00040387,319,42,277
E00040388,227,23,204
E00040389,266,49,217
E00040390,353,77,276
E00040391,352,101,251
E00040392,278,72,206
E00040393,238,55,183
E00040394,243,40,203
E00040395,327,59,268
E00040396,249,28,221
E00040397,229,27,202
E00040398,221,43,178
E00040399,299,58,241
E00040400,423,129,294
E00040401,342,56,286
E00040402,243,43,200
E00040403,226,42,184
E00040404,219,38,181
E00040405,215,39,176
E00040406,315,54,261
E00040407,292,77,215
E00040408,307,83,224
E00040409,184,26,158
E00040410,253,50,203
E00040411,483,70,413
E00040412,295,55,240
E00040413,216,25,191
E00040414,265,59,206
E00040415,278,42,236
E00040416,266,57,209
E00040417,198,23,175
E00040418,250,29,221
E00040419,189,36,153
E00040420,300,51,249
E00040421,264,50,214
E00040422,189,19,170
E00040423,344,46,298
E00040424,357,72,285
E00040425,218,28,190
E00040426,184,10,174
E00040427,326,56,270
E00040428,280,40,240
E00040429,225,55,170
E00040430,239,47,192
E00040431,211,36,175
E00040432,306,94,212
E00040433,279,57,222
E00040434,282,70,212
E00040435,270,48,222
E00040436,314,72,242
E00040437,184,37,147
E00040438,268,70,198
E00040439,276,59,217
E00040440,245,40,205
E00040441,268,43,225
E00040442,258,55,203
E00040443,303,95,208
E00040444,283,41,242
E00040445,191,33,158
E00040446,253,39,214
E00040447,374,119,255
E00040448,347,115,232
E00040449,275,33,242
E00040450,278,87,191
E00040451,245,42,203
E00040452,238,33,205
E00040453,263,48,215
E00040454,260,32,228
E00040455,279,58,221
E00040456,271,83,188
E00040457,216,38,178
E00040458,286,37,249
E00040459,278,44,234
E00040460,330,69,261
E00040461,198,22,176
E00040462,339,74,265
E00040463,212,37,175
E00040464,280,77,203
E00040465,289,48,241
E00040466,296,55,241
E00040467,190,25,165
E00040468,239,48,191
E00040469,231,49,182
E00040470,310,56,254
E00040471,276,41,235
E00040472,353,49,304
E00040473,266,31,235
E00040474,231,26,205
E00040475,379,83,296
E00040476,267,37,230
E00040477,384,82,302
E00040478,350,96,254
E00040479,234,22,212
E00040480,319,43,276
E00040481,245,51,194
E00040482,275,52,223
E00040483,244,41,203
E00040484,274,54,220
E00040485,266,29,237
E00040486,286,48,238
E00040487,259,72,187
E00040488,239,56,183
E00040489,257,42,215
E00040490,244,35,209
E00040491,250,41,209
E00040492,256,35,221
E00040493,332,88,244
E00040494,296,45,251
E00040495,238,48,190
E00040496,240,40,200
E00040497,283,35,248
E00040498,249,36,213
E00040499,288,34,254
E00040500,257,49,208
E00040501,276,48,228
E00040502,311,49,262
E00040503,238,27,211
E00040504,119,0,119
E00040505,342,66,276
E00040506,164,4,160
E00040507,211,40,171
E00040508,266,45,221
E00040509,288,69,219
E00040510,324,50,274
E00040511,241,47,194
E00040512,278,47,231
E00040513,295,63,232
E00040514,236,18,218
E00040515,329,58,271
E00040516,292,49,243
E00040517,293,30,263
E00040518,256,44,212
E00040519,292,30,262
E00040520,305,43,262
E00040521,245,46,199
E00040522,275,61,214
E00040523,228,35,193
E00040524,245,48,197
E00040525,224,29,195
E00040526,328,56,272
E00040527,253,29,224
E00040528,267,41,226
E00040529,276,26,250
E00040530,268,81,187
E00040531,250,44,206
E00040532,314,94,220
E00040533,255,58,197
E00040534,254,22,232
E00040535,290,26,264
E00040536,277,52,225
E00040537,210,22,188
E00040538,267,64,203
E00040539,460,87,373
E00040540,323,31,292
E00040541,271,32,239
E00040542,317,63,254
E00040543,364,69,295
E00040544,287,42,245
E00040545,292,48,244
E00040546,264,44,220
E00040547,232,18,214
E00040548,226,32,194
E00040549,226,29,197
E00040550,240,40,200
E00040551,210,14,196
E00040552,268,45,223
E00040553,276,31,245
E00040554,260,28,232
E00040555,300,43,257
E00040556,264,50,214
E00040557,303,47,256
E00040558,278,33,245
E00040559,294,74,220
E00040560,233,31,202
E00040561,242,31,211
E00040562,312,54,258
E00040563,193,24,169
E00040564,346,91,255
E00040565,177,21,156
E00040566,278,40,238
E00040567,216,31,185
E00040568,333,101,232
E00040569,284,79,205
E00040570,218,28,190
E00040571,274,83,191
E00040572,317,62,255
E00040573,224,51,173
E00040574,244,42,202
E00040575,250,51,199
E00040576,264,33,231
E00040577,197,34,163
E00040578,275,43,232
E00040579,234,46,188
E00040580,242,30,212
E00040581,301,45,256
E00040582,187,25,162
E00040583,319,28,291
E00040584,270,35,235
E00040585,251,26,225
E00040586,286,45,241
E00040587,266,49,217
E00040588,270,74,196
E00040589,492,138,354
E00040590,270,52,218
E00040591,254,51,203
E00040592,242,36,206
E00040595,340,71,269
E00040596,320,94,226
E00040597,275,60,215
E00040598,313,74,239
E00040599,241,46,195
E00040600,268,43,225
E00040601,318,74,244
E00040602,336,63,273
E00040604,311,84,227
E00040605,313,74,239
E00040606,281,76,205
E00040607,198,38,160
E00040609,278,50,228
E00040610,135,2,133
E00040611,232,47,185
E00040612,177,46,131
E00040613,329,106,223
E00040614,241,37,204
E00040615,238,70,168
E00040616,336,85,251
E00040617,220,50,170
E00040618,559,133,426
E00040619,269,84,185
E00040620,219,45,174
E00040621,236,56,180
E00040622,318,107,211
E00040623,309,101,208
E00040624,324,96,228
E00040628,260,75,185
E00040629,246,77,169
E00040631,187,23,164
E00040632,380,71,309
E00040633,273,52,221
E00040634,249,66,183
E00040637,238,33,205
E00040638,307,52,255
E00040639,356,78,278
E00040640,284,31,253
E00040641,270,41,229
E00040642,220,43,177
E00040643,246,49,197
E00040644,234,55,179
E00040645,287,49,238
E00040646,213,29,184
E00040647,325,56,269
E00040648,298,51,247
E00040649,270,46,224
E00040650,252,35,217
E00040651,257,38,219
E00040652,388,66,322
E00040653,274,46,228
E00040654,339,64,275
E00040655,288,23,265
E00040656,271,24,247
E00040657,201,7,194
E00040658,260,41,219
E00040659,334,51,283
E00040660,331,58,273
E00040661,243,20,223
E00040663,231,37,194
E00040664,258,52,206
E00040665,269,34,235
E00040666,229,22,207
E00040667,229,30,199
E00040668,320,41,279
E00040669,303,68,235
E00040670,322,59,263
E00040671,233,43,190
E00040672,235,60,175
E00040673,294,56,238
E00040674,236,56,180
E00040675,209,32,177
E00040676,254,53,201
E00040677,225,20,205
E00040678,259,60,199
E00040679,275,62,213
E00040681,273,60,213
E00040683,243,24,219
E00040684,213,30,183
E00040685,302,42,260
E00040686,298,49,249
E00040687,229,27,202
E00040688,255,35,220
E00040689,224,26,198
E00040690,214,29,185
E00040691,257,30,227
E00040693,267,30,237
E00040695,340,48,292
E00040696,289,50,239
E00040697,310,46,264
E00040698,283,59,224
E00040699,236,38,198
E00040700,222,44,178
E00040701,274,57,217
E00040702,288,49,239
E00040703,274,54,220
E00040704,165,7,158
E00040705,262,38,224
E00040706,277,61,216
E00040707,288,70,218
E00040708,276,52,224
E00040709,308,61,247
E00040710,324,42,282
E00040711,265,55,210
E00040712,219,38,181
E00040713,252,28,224
E00040714,227,27,200
E00040715,322,47,275
E00040716,290,50,240
E00040717,200,10,190
E00040718,196,13,183
E00040719,263,40,223
E00040720,288,63,225
E00040721,262,23,239
E00040722,317,34,283
E00040723,245,8,237
E00040724,229,19,210
E00040725,215,21,194
E00040726,200,31,169
E00040727,208,25,183
E00040728,274,25,249
E00040729,273,19,254
E00040730,263,34,229
E00040731,296,49,247
E00040732,283,47,236
E00040733,282,34,248
E00040734,221,32,189
E00040735,286,27,259
E00040736,192,19,173
E00040737,254,39,215
E00040738,263,40,223
E00040739,320,49,271
E00040740,339,54,285
E00040741,268,28,240
E00040742,279,34,245
E00040743,214,14,200
E00040744,193,23,170
E00040745,224,31,193
E00040746,326,71,255
E00040747,281,36,245
E00040748,501,96,405
E00040749,311,100,211
E00040750,450,72,378
E00040751,255,54,201
E00040752,317,77,240
E00040753,344,87,257
E00040754,364,102,262
E00040755,322,84,238
E00040756,394,163,231
E00040757,323,73,250
E00040758,291,71,220
E00040759,370,87,283
E00040760,217,28,189
E00040761,341,88,253
E00040762,305,74,231
E00040763,280,57,223
E00040764,335,76,259
E00040765,244,35,209
E00040766,312,90,222
E00040767,314,60,254
E00040768,366,89,277
E00040769,350,93,257
E00040770,240,45,195
E00040771,138,18,120
E00040772,202,65,137
E00040773,236,77,159
E00040774,258,94,164
E00040775,342,90,252
E00040776,318,115,203
E00040777,286,93,193
E00040778,240,50,190
E00040779,216,42,174
E00040780,268,67,201
E00040781,248,27,221
E00040782,253,42,211
E00040783,288,52,236
E00040784,276,67,209
E00040785,300,50,250
E00040786,368,54,314
E00040787,292,57,235
E00040788,379,74,305
E00040789,266,46,220
E00040790,436,82,354
E00040791,413,98,315
E00040792,255,49,206
E00040793,352,95,257
E00040794,293,33,260
E00040795,363,101,262
E00040796,219,31,188
E00040797,299,45,254
E00040798,464,108,356
E00040799,271,33,238
E00040800,261,42,219
E00040801,318,98,220
E00040802,225,26,199
E00040803,271,87,184
E00040804,380,103,277
E00040805,253,37,216
E00040806,185,7,178
E00040807,276,49,227
E00040808,345,112,233
E00040809,297,63,234
E00040810,321,104,217
E00040811,336,130,206
E00040812,332,79,253
E00040813,258,80,178
E00040814,273,84,189
E00040815,561,113,448
E00040816,277,49,228
E00040817,259,70,189
E00040818,214,37,177
E00040819,309,77,232
E00040820,281,75,206
E00040821,239,63,176
E00040822,355,70,285
E00040823,227,60,167
E00040824,332,95,237
E00040825,333,89,244
E00040826,257,51,206
E00040827,251,53,198
E00040828,316,88,228
E00040829,286,68,218
E00040830,267,59,208
E00040831,316,81,235
E00040832,341,84,257
E00040833,325,72,253
E00040834,275,84,191
E00040835,297,92,205
E00040836,269,39,230
E00040837,226,46,180
E00040838,318,64,254
E00040839,301,87,214
E00040840,309,77,232
E00040841,326,86,240
E00040842,286,83,203
E00040843,245,46,199
E00040844,283,62,221
E00040845,297,89,208
E00040846,261,55,206
E00040847,277,76,201
E00040848,351,96,255
E00040849,281,71,210
E00040850,345,115,230
E00040851,139,3,136
E00040852,357,93,264
E00040853,254,60,194
E00040854,159,25,134
E00040855,373,87,286
E00040856,299,91,208
E00040857,306,115,191
E00040858,271,86,185
E00040859,280,104,176
E00040860,349,222,127
E00040861,332,157,175
E00040862,259,129,130
E00040863,228,111,117
E00040864,363,293,70
E00040865,494,406,88
E00040866,345,182,163
E00040867,327,151,176
E00040875,413,104,309
E00040877,362,82,280
E00040878,256,43,213
E00040879,258,84,174
E00040880,366,130,236
E00040882,226,75,151
E00040883,316,90,226
E00040884,207,40,167
E00040885,198,57,141
E00040886,261,78,183
E00040887,187,44,143
E00040888,253,67,186
E00040889,205,60,145
E00040890,202,59,143
E00040891,342,74,268
E00040892,245,92,153
E00040893,424,264,160
E00040894,447,272,175
E00040895,369,260,109
E00040896,280,90,190
E00040897,238,61,177
E00040898,267,114,153
E00040899,313,110,203
E00040900,308,122,186
E00040901,334,281,53
E00040902,347,224,123
E00040903,474,357,117
E00040904,308,94,214
E00040905,324,177,147
E00040908,311,109,202
E00040909,228,76,152
E00040911,259,59,200
E00040912,255,41,214
E00040913,294,55,239
E00040914,288,71,217
E00040915,342,64,278
E00040916,330,50,280
E00040917,269,36,233
E00040918,301,71,230
E00040919,238,24,214
E00040920,306,70,236
E00040921,346,69,277
E00040922,357,95,262
E00040923,249,58,191
E00040924,354,106,248
E00040925,233,60,173
E00040926,323,74,249
E00040927,370,71,299
E00040928,257,62,195
E00040929,130,10,120
E00040930,233,57,176
E00040931,190,39,151
E00040932,258,71,187
E00040933,243,53,190
E00040934,277,89,188
E00040935,295,96,199
E00040936,182,37,145
E00040938,198,50,148
E00040939,153,29,124
E00040940,257,88,169
E00040941,306,102,204
E00040942,186,33,153
E00040944,179,26,153
E00040945,216,35,181
E00040946,223,51,172
E00040947,226,27,199
E00040948,228,33,195
E00040949,285,58,227
E00040950,232,25,207
E00040951,319,74,245
E00040952,392,72,320
E00040953,142,11,131
E00040954,197,39,158
E00040955,191,27,164
E00040956,173,36,137
E00040957,273,56,217
E00040958,234,56,178
E00040959,176,27,149
E00040960,226,35,191
E00040961,262,51,211
E00040962,193,25,168
E00040963,232,32,200
E00040964,231,68,163
E00040965,257,43,214
E00040966,192,33,159
E00040967,243,58,185
E00040968,332,42,290
E00040969,259,30,229
E00040970,235,47,188
E00040971,432,138,294
E00040972,161,9,152
E00040973,305,40,265
E00040974,272,37,235
E00040975,224,25,199
E00040976,214,46,168
E00040977,239,29,210
E00040978,270,38,232
E00040979,283,62,221
E00040980,253,52,201
E00040981,257,46,211
E00040982,224,60,164
E00040983,219,29,190
E00040984,177,65,112
E00040985,295,69,226
E00040986,292,59,233
E00040987,230,32,198
E00040988,305,73,232
E00040989,274,60,214
E00040990,222,30,192
E00040991,233,47,186
E00040992,190,16,174
E00040993,265,27,238
E00040994,281,94,187
E00040995,218,35,183
E00040996,261,60,201
E00040997,263,37,226
E00040998,366,115,251
E00040999,264,63,201
E00041000,271,80,191
E00041001,295,81,214
E00041002,275,74,201
E00041003,285,54,231
E00041004,155,16,139
E00041005,247,34,213
E00041006,260,21,239
E00041007,238,37,201
E00041008,216,56,160
E00041009,275,44,231
E00041010,223,30,193
E00041011,246,43,203
E00041012,245,66,179
E00041013,240,51,189
E00041014,264,74,190
E00041015,159,40,119
E00041016,216,25,191
E00041017,266,15,251
E00041018,279,49,230
E00041019,382,71,311
E00041020,342,64,278
E00041021,189,38,151
E00041022,243,47,196
E00041024,329,61,268
E00041026,227,40,187
E00041027,288,52,236
E00041029,174,27,147
E00041030,237,65,172
E00041031,221,60,161
E00041032,257,66,191
E00041034,258,51,207
E00041035,231,30,201
E00041036,254,54,200
E00041037,313,30,283
E00041038,261,70,191
E00041039,125,39,86
E00041040,300,74,226
E00041041,167,42,125
E00041043,200,25,175
E00041044,320,82,238
E00041045,254,73,181
E00041046,250,63,187
E00041048,272,70,202
E00041049,105,24,81
E00041050,180,22,158
E00041051,248,74,174
E00041054,377,92,285
E00041055,267,61,206
E00041057,239,36,203
E00041060,544,122,422
E00041061,247,36,211
E00041062,263,67,196
E00041063,258,73,185
E00041064,196,20,176
E00041065,239,43,196
E00041066,352,133,219
E00041070,429,181,248
E00041071,332,138,194
E00041072,251,94,157
E00041073,327,129,198
E00041074,190,40,150
E00041075,285,50,235
E00041076,204,49,155
E00041077,350,86,264
E00041078,472,127,345
E00041079,380,77,303
E00041080,347,128,219
E00041081,346,105,241
E00041082,299,77,222
E00041083,180,33,147
E00041084,290,115,175
E00041085,273,47,226
E00041086,469,172,297
E00041087,258,100,158
E00041088,342,98,244
E00041089,338,90,248
E00041090,364,107,257
E00041091,249,59,190
E00041092,290,101,189
E00041093,380,255,125
E00041094,337,169,168
E00041095,160,59,101
E00041098,302,145,157
E00041099,441,187,254
E00041100,339,266,73
E00041101,295,144,151
E00041102,436,255,181
E00041103,413,222,191
E00041105,250,58,192
E00041106,229,68,161
E00041107,213,60,153
E00041109,290,98,192
E00041110,498,403,95
E00041111,217,64,153
E00041112,601,453,148
E00041113,270,92,178
E00041114,281,74,207
E00041116,332,146,186
E00041117,189,62,127
E00041118,227,62,165
E00041119,341,120,221
E00041120,298,58,240
E00041121,458,187,271
E00041123,300,89,211
E00041124,378,102,276
E00041125,263,63,200
E00041126,213,25,188
E00041128,274,48,226
E00041129,259,54,205
E00041130,213,32,181
E00041131,308,65,243
E00041132,253,65,188
E00041133,297,107,190
E00041134,283,68,215
E00041135,279,68,211
E00041136,254,75,179
E00041137,289,50,239
E00041138,265,68,197
E00041139,216,35,181
E00041140,305,49,256
E00041142,217,47,170
E00041143,228,69,159
E00041145,421,77,344
E00041146,367,115,252
E00041147,273,65,208
E00041148,346,111,235
E00041149,326,104,222
E00041150,209,38,171
E00041151,292,55,237
E00041152,240,70,170
E00041153,210,29,181
E00041154,287,95,192
E00041155,265,74,191
E00041157,319,86,233
E00041158,126,35,91
E00041159,274,83,191
E00041160,231,57,174
E00041161,345,85,260
E00041162,171,31,140
E00041163,299,70,229
E00041164,268,48,220
E00041165,228,48,180
E00041166,388,95,293
E00041167,218,58,160
E00041168,329,103,226
E00041169,264,75,189
E00041171,288,67,221
E00041172,350,65,285
E00041173,380,52,328
E00041174,255,58,197
E00041175,441,61,380
E00041176,491,103,388
E00041177,288,48,240
E00041179,345,58,287
E00041180,256,49,207
E00041181,362,59,303
E00041182,303,41,262
E00041183,375,73,302
E00041184,248,41,207
E00041185,304,70,234
E00041186,257,48,209
E00041187,290,40,250
E00041188,195,38,157
E00041189,281,49,232
E00041190,310,77,233
E00041192,282,51,231
E00041193,288,57,231
E00041195,369,68,301
E00041196,237,37,200
E00041197,416,74,342
E00041198,470,101,369
E00041199,136,28,108
E00041200,277,38,239
E00041201,338,65,273
E00041202,284,41,243
E00041203,259,47,212
E00041204,292,48,244
E00041205,299,47,252
E00041206,273,36,237
E00041207,358,75,283
E00041208,288,43,245
E00041209,299,46,253
E00041210,256,25,231
E00041211,283,33,250
E00041212,245,10,235
E00041213,369,81,288
E00041214,360,62,298
E00041215,256,42,214
E00041216,184,40,144
E00041217,290,74,216
E00041218,333,80,253
E00041219,213,46,167
E00041220,225,41,184
E00041221,315,39,276
E00041222,273,30,243
E00041223,344,57,287
E00041224,230,33,197
E00041225,154,9,145
E00041226,226,36,190
E00041227,299,48,251
E00041228,286,37,249
E00041229,272,38,234
E00041230,287,41,246
E00041231,255,33,222
E00041233,172,18,154
E00041234,207,32,175
E00041235,187,16,171
E00041236,200,19,181
E00041237,254,24,230
E00041238,236,31,205
E00041239,307,70,237
E00041240,242,32,210
E00041241,255,30,225
E00041242,267,35,232
E00041243,324,46,278
E00041244,265,65,200
E00041245,255,34,221
E00041246,375,67,308
E00041247,304,39,265
E00041248,294,64,230
E00041249,265,26,239
E00041250,252,21,231
E00041251,122,17,105
E00041252,267,36,231
E00041253,344,83,261
E00041254,285,66,219
E00041255,300,35,265
E00041256,324,32,292
E00041257,429,48,381
E00041258,219,30,189
E00041260,362,29,333
E00041261,210,25,185
E00041262,280,66,214
E00041263,292,33,259
E00041264,197,17,180
E00041265,219,24,195
E00041266,273,58,215
E00041267,301,59,242
E00041268,247,31,216
E00041269,237,52,185
E00041270,138,12,126
E00041271,258,49,209
E00041272,327,62,265
E00041273,382,50,332
E00041274,289,52,237
E00041275,254,36,218
E00041276,275,62,213
E00041277,251,26,225
E00041278,236,37,199
E00041279,285,90,195
E00041280,283,45,238
E00041281,247,31,216
E00041282,268,38,230
E00041283,254,61,193
E00041284,174,17,157
E00041285,250,35,215
E00041286,238,41,197
E00041287,220,26,194
E00041290,275,44,231
E00041291,257,55,202
E00041292,346,73,273
E00041293,231,29,202
E00041294,255,50,205
E00041295,389,57,332
E00041296,360,65,295
E00041297,218,38,180
E00041298,223,29,194
E00041299,295,30,265
E00041300,270,34,236
E00041301,281,48,233
E00041302,296,48,248
E00041303,224,38,186
E00041304,231,45,186
E00041305,231,33,198
E00041306,258,40,218
E00041307,283,69,214
E00041308,264,68,196
E00041309,207,45,162
E00041310,292,72,220
E00041311,451,128,323
E00041312,292,61,231
E00041313,203,16,187
E00041314,237,47,190
E00041315,281,40,241
E00041316,231,25,206
E00041317,319,49,270
E00041318,250,64,186
E00041319,266,63,203
E00041320,379,55,324
E00041321,174,20,154
E00041322,175,25,150
E00041323,184,42,142
E00041324,245,48,197
E00041325,187,45,142
E00041326,158,18,140
E00041327,231,47,184
E00041328,297,47,250
E00041329,185,45,140
E00041330,261,34,227
E00041331,171,25,146
E00041332,322,40,282
E00041333,255,32,223
E00041334,157,20,137
E00041335,238,26,212
E00041336,158,30,128
E00041337,237,36,201
E00041338,235,38,197
E00041339,284,34,250
E00041340,330,54,276
E00041341,201,20,181
E00041342,187,20,167
E00041343,266,36,230
E00041344,181,21,160
E00041345,233,39,194
E00041346,187,26,161
E00041347,270,21,249
E00041348,205,23,182
E00041349,300,65,235
E00041350,302,72,230
E00041351,180,30,150
E00041352,312,52,260
E00041353,235,43,192
E00041354,206,45,161
E00041355,264,39,225
E00041356,236,38,198
E00041357,207,37,170
E00041358,224,31,193
E00041359,293,52,241
E00041360,210,31,179
E00041361,228,45,183
E00041362,214,51,163
E00041363,180,23,157
E00041364,368,147,221
E00041366,192,34,158
E00041367,221,32,189
E00041368,278,62,216
E00041369,351,88,263
E00041371,339,58,281
E00041372,221,80,141
E00041377,193,6,187
E00041378,242,29,213
E00041381,215,28,187
E00041382,117,8,109
E00041383,255,41,214
E00041384,377,53,324
E00041385,203,18,185
E00041386,430,65,365
E00041388,325,80,245
E00041389,183,35,148
E00041390,370,68,302
E00041393,261,50,211
E00041394,360,72,288
E00041395,452,239,213
E00041397,261,45,216
E00041399,225,23,202
E00041400,284,35,249
E00041401,254,62,192
E00041402,324,82,242
E00041404,296,46,250
E00041405,142,12,130
E00041406,240,42,198
E00041407,281,74,207
E00041408,219,46,173
E00041409,283,71,212
E00041410,223,12,211
E00041411,122,18,104
E00041413,182,33,149
E00041414,179,66,113
E00041415,214,22,192
E00041416,292,50,242
E00041417,266,37,229
E00041418,246,42,204
E00041419,280,40,240
E00041420,288,80,208
E00041421,332,24,308
E00041422,210,26,184
E00041423,267,64,203
E00041424,307,64,243
E00041425,229,30,199
E00041426,260,38,222
E00041427,320,45,275
E00041429,258,39,219
E00041430,358,36,322
E00041431,216,35,181
E00041432,258,46,212
E00041433,203,36,167
E00041434,249,43,206
E00041435,341,35,306
E00041436,248,34,214
E00041437,243,39,204
E00041438,294,49,245
E00041439,253,53,200
E00041440,310,46,264
E00041441,295,56,239
E00041442,265,36,229
E00041443,263,36,227
E00041444,308,65,243
E00041445,253,28,225
E00041446,251,32,219
E00041447,266,63,203
E00041448,163,32,131
E00041449,227,36,191
E00041450,249,57,192
E00041451,297,75,222
E00041452,276,45,231
E00041453,425,81,344
E00041454,289,81,208
E00041455,295,53,242
E00041456,234,42,192
E00041457,225,42,183
E00041458,291,59,232
E00041459,265,37,228
E00041460,409,77,332
E00041461,359,86,273
E00041462,235,67,168
E00041463,231,46,185
E00041464,289,55,234
E00041465,245,53,192
E00041466,315,53,262
E00041467,276,30,246
E00041468,351,54,297
E00041469,129,10,119
E00041470,216,31,185
E00041471,261,41,220
E00041472,264,38,226
E00041473,292,50,242
E00041474,237,27,210
E00041475,269,36,233
E00041476,233,33,200
E00041477,287,36,251
E00041478,252,35,217
E00041479,165,44,121
E00041480,284,53,231
E00041481,229,29,200
E00041482,270,47,223
E00041483,238,18,220
E00041485,262,38,224
E00041486,255,45,210
E00041487,255,38,217
E00041488,208,22,186
E00041489,304,52,252
E00041490,294,83,211
E00041491,275,50,225
E00041492,285,76,209
E00041493,246,30,216
E00041494,252,41,211
E00041495,293,59,234
E00041496,257,41,216
E00041497,240,50,190
E00041498,410,77,333
E00041499,275,68,207
E00041500,217,33,184
E00041501,222,26,196
E00041502,217,32,185
E00041503,180,23,157
E00041504,274,47,227
E00041505,193,24,169
E00041506,311,60,251
E00041507,370,49,321
E00041508,233,50,183
E00041509,216,23,193
E00041510,270,53,217
E00041511,270,22,248
E00041512,356,62,294
E00041513,313,47,266
E00041514,253,34,219
E00041515,235,39,196
E00041516,270,48,222
E00041517,235,40,195
E00041518,251,43,208
E00041519,296,45,251
E00041520,283,57,226
E00041521,180,31,149
E00041522,248,45,203
E00041523,255,59,196
E00041524,274,41,233
E00041525,217,29,188
E00041526,260,24,236
E00041527,275,63,212
E00041528,301,67,234
E00041529,196,35,161
E00041530,159,20,139
E00041531,222,40,182
E00041532,263,49,214
E00041533,145,4,141
E00041534,210,47,163
E00041535,267,55,212
E00041536,340,39,301
E00041537,338,40,298
E00041538,253,28,225
E00041539,214,31,183
E00041540,415,63,352
E00041541,240,30,210
E00041542,228,27,201
E00041543,214,25,189
E00041545,204,24,180
E00041546,218,23,195
E00041547,346,50,296
E00041549,354,61,293
E00041550,286,55,231
E00041551,303,58,245
E00041552,328,50,278
E00041553,301,52,249
E00041554,193,18,175
E00041555,276,57,219
E00041556,179,27,152
E00041557,533,110,423
E00041558,262,31,231
E00041559,245,36,209
E00041560,197,25,172
E00041561,270,47,223
E00041562,304,55,249
E00041563,268,33,235
E00041564,426,75,351
E00041565,246,59,187
E00041566,366,78,288
E00041567,213,25,188
E00041568,207,22,185
E00041569,275,20,255
E00041570,252,35,217
E00041571,191,35,156
E00041572,260,59,201
E00041573,351,77,274
E00041574,283,68,215
E00041575,261,71,190
E00041576,289,48,241
E00041577,251,48,203
E00041578,335,67,268
E00041579,287,71,216
E00041580,218,42,176
E00041581,278,66,212
E00041582,353,113,240
E00041583,230,34,196
E00041584,287,85,202
E00041585,332,95,237
E00041586,271,49,222
E00041587,244,30,214
E00041588,210,42,168
E00041589,230,43,187
E00041590,245,49,196
E00041591,366,67,299
E00041592,278,22,256
E00041593,170,21,149
E00041594,269,43,226
E00041595,237,42,195
E00041596,216,31,185
E00041597,235,53,182
E00041598,240,35,205
E00041599,330,66,264
E00041600,223,38,185
E00041601,287,48,239
E00041602,314,49,265
E00041603,269,51,218
E00041604,236,38,198
E00041605,304,45,259
E00041606,248,42,206
E00041607,207,26,181
E00041608,267,43,224
E00041610,333,71,262
E00041611,193,32,161
E00041612,294,48,246
E00041614,222,31,191
E00041615,260,46,214
E00041616,175,19,156
E00041617,295,41,254
E00041618,256,44,212
E00041619,199,44,155
E00041620,290,44,246
E00041621,191,23,168
E00041622,267,34,233
E00041623,269,36,233
E00041624,333,44,289
E00041625,237,61,176
E00041626,268,32,236
E00041627,205,39,166
E00041629,225,34,191
E00041630,288,63,225
E00041631,258,66,192
E00041632,249,40,209
E00041633,276,52,224
E00041634,206,24,182
E00041635,281,38,243
E00041636,445,103,342
E00041637,117,30,87
E00041638,254,57,197
E00041639,235,50,185
E00041640,343,61,282
E00041641,302,71,231
E00041642,278,38,240
E00041643,256,57,199
E00041644,216,18,198
E00041645,422,105,317
E00041646,205,54,151
E00041647,178,50,128
E00041648,277,70,207
E00041649,534,142,392
E00041650,185,22,163
E00041651,167,19,148
E00041652,327,91,236
E00041653,171,18,153
E00041654,158,34,124
E00041657,219,20,199
E00041658,211,29,182
E00041659,219,46,173
E00041660,219,40,179
E00041661,392,50,342
E00041662,301,74,227
E00041663,164,21,143
E00041665,404,84,320
E00041666,217,65,152
E00041667,203,10,193
E00041668,250,67,183
E00041670,346,74,272
E00041671,300,40,260
E00041672,329,87,242
E00041675,265,66,199
E00041676,301,68,233
E00041677,212,28,184
E00041678,190,36,154
E00041679,291,52,239
E00041680,291,58,233
E00041681,202,30,172
E00041682,210,35,175
E00041683,294,56,238
E00041684,179,18,161
E00041685,213,27,186
E00041686,247,37,210
E00041687,240,59,181
E00041688,225,25,200
E00041689,292,42,250
E00041690,231,40,191
E00041691,394,79,315
E00041693,292,70,222
E00041694,242,48,194
E00041695,245,54,191
E00041696,337,71,266
E00041697,305,75,230
E00041698,294,61,233
E00041699,315,91,224
E00041700,218,47,171
E00041701,336,67,269
E00041702,261,59,202
E00041703,245,25,220
E00041704,454,68,386
E00041705,263,25,238
E00041706,308,33,275
E00041707,243,27,216
E00041708,287,43,244
E00041709,231,25,206
E00041710,307,60,247
E00041711,233,38,195
E00041712,259,70,189
E00041713,339,87,252
E00041714,228,19,209
E00041715,241,35,206
E00041716,253,42,211
E00041717,233,32,201
E00041718,274,48,226
E00041719,250,37,213
E00041720,273,22,251
E00041721,386,92,294
E00041722,204,34,170
E00041723,306,110,196
E00041724,257,63,194
E00041725,204,21,183
E00041726,269,26,243
E00041727,266,42,224
E00041728,228,30,198
E00041729,255,21,234
E00041730,247,33,214
E00041731,371,97,274
E00041732,187,23,164
E00041733,192,18,174
E00041734,214,29,185
E00041735,282,31,251
E00041736,242,53,189
E00041737,242,49,193
E00041738,296,29,267
E00041739,244,56,188
E00041740,285,59,226
E00041741,295,76,219
E00041742,318,99,219
E00041743,250,60,190
E00041744,342,103,239
E00041745,358,89,269
E00041746,267,54,213
E00041747,303,52,251
E00041748,413,79,334
E00041749,223,24,199
E00041750,183,16,167
E00041751,261,39,222
E00041752,220,17,203
E00041753,306,66,240
E00041754,267,47,220
E00041755,353,81,272
E00041756,225,26,199
E00041757,313,77,236
E00041758,200,16,184
E00041759,292,43,249
E00041760,276,36,240
E00041761,241,36,205
E00041762,231,41,190
E00041763,335,71,264
E00041764,267,55,212
E00041765,286,24,262
E00041766,235,33,202
E00041767,276,62,214
E00041768,257,41,216
E00041769,185,15,170
E00041770,148,10,138
E00041771,308,61,247
E00041772,254,37,217
E00041773,321,81,240
E00041774,296,59,237
E00041775,271,63,208
E00041776,254,38,216
E00041777,242,23,219
E00041778,299,60,239
E00041779,269,29,240
E00041780,358,60,298
E00041781,239,39,200
E00041782,194,10,184
E00041783,263,46,217
E00041784,297,81,216
E00041785,261,41,220
E00041786,266,55,211
E00041787,250,44,206
E00041788,282,58,224
E00041789,266,44,222
E00041790,250,49,201
E00041791,236,36,200
E00041792,232,28,204
E00041793,295,62,233
E00041794,280,52,228
E00041795,288,46,242
E00041796,375,87,288
E00041797,295,64,231
E00041798,249,47,202
E00041799,234,36,198
E00041800,257,48,209
E00041801,263,39,224
E00041802,200,30,170
E00041803,180,31,149
E00041804,221,27,194
E00041805,253,28,225
E00041806,210,23,187
E00041807,227,36,191
E00041809,192,25,167
E00041810,306,63,243
E00041811,243,37,206
E00041812,329,68,261
E00041813,248,27,221
E00041814,235,34,201
E00041815,266,38,228
E00041816,227,43,184
E00041817,288,42,246
E00041818,263,43,220
E00041819,216,8,208
E00041820,239,48,191
E00041821,256,33,223
E00041823,276,58,218
E00041824,291,60,231
E00041825,245,43,202
E00041826,261,34,227
E00041827,210,13,197
E00041828,261,24,237
E00041829,247,32,215
E00041830,252,57,195
E00041831,298,63,235
E00041832,212,26,186
E00041833,253,45,208
E00041834,266,48,218
E00041835,257,66,191
E00041836,229,23,206
E00041837,254,40,214
E00041838,285,54,231
E00041839,275,40,235
E00041840,250,33,217
E00041841,302,38,264
E00041842,218,49,169
E00041843,302,68,234
E00041844,272,42,230
E00041845,322,66,256
E00041846,247,44,203
E00041847,217,46,171
E00041848,121,10,111
E00041849,243,59,184
E00041850,338,126,212
E00041851,351,110,241
E00041852,244,73,171
E00041853,117,19,98
E00041854,182,23,159
E00041855,174,33,141
E00041856,271,47,224
E00041857,215,23,192
E00041858,262,24,238
E00041859,243,41,202
E00041861,226,45,181
E00041862,256,46,210
E00041863,209,33,176
E00041864,223,41,182
E00041865,274,47,227
E00041866,351,146,205
E00041867,188,41,147
E00041868,238,43,195
E00041869,249,50,199
E00041870,201,45,156
E00041871,285,60,225
E00041872,164,30,134
E00041873,206,31,175
E00041874,281,71,210
E00041875,221,40,181
E00041876,222,41,181
E00041877,344,52,292
E00041878,259,41,218
E00041879,279,48,231
E00041880,250,32,218
E00041882,270,69,201
E00041883,342,76,266
E00041884,237,42,195
E00041885,370,48,322
E00041886,257,48,209
E00041887,255,57,198
E00041888,286,57,229
E00041889,214,39,175
E00041890,266,57,209
E00041891,302,66,236
E00041892,225,35,190
E00041893,320,63,257
E00041894,278,39,239
E00041895,290,53,237
E00041896,169,17,152
E00041897,257,35,222
E00041898,333,62,271
E00041902,265,50,215
E00041903,239,48,191
E00041904,211,18,193
E00041905,359,67,292
E00041907,468,114,354
E00041908,305,45,260
E00041909,277,51,226
E00041910,236,25,211
E00041911,369,51,318
E00041912,252,45,207
E00041913,334,57,277
E00041914,243,45,198
E00041915,258,45,213
E00041916,261,60,201
E00041917,276,54,222
E00041918,256,32,224
E00041919,288,69,219
E00041920,296,56,240
E00041921,199,33,166
E00041922,267,9,258
E00041923,264,57,207
E00041924,227,45,182
E00041925,296,44,252
E00041926,317,69,248
E00041927,244,18,226
E00041928,287,37,250
E00041929,223,34,189
E00041930,257,38,219
E00041931,276,52,224
E00041932,204,16,188
E00041933,164,4,160
E00041934,257,25,232
E00041935,298,45,253
E00041936,268,53,215
E00041937,227,38,189
E00041938,279,52,227
E00041940,279,34,245
E00041941,248,28,220
E00041942,246,30,216
E00041943,244,30,214
E00041944,323,89,234
E00041945,286,54,232
E00041946,381,96,285
E00041947,278,51,227
E00041948,219,26,193
E00041949,237,27,210
E00041950,291,62,229
E00041951,251,33,218
E00041952,275,44,231
E00041953,243,23,220
E00041954,235,47,188
E00041955,248,29,219
E00041956,281,48,233
E00041957,298,48,250
E00041958,202,9,193
E00041959,245,40,205
E00041960,298,64,234
E00041961,293,54,239
E00041962,266,24,242
E00041963,255,39,216
E00041964,287,51,236
E00041965,244,47,197
E00041966,238,38,200
E00041967,416,78,338
E00041968,251,42,209
E00041969,279,41,238
E00041970,238,42,196
E00041971,250,54,196
E00041972,236,51,185
E00041973,234,20,214
E00041974,263,61,202
E00041975,220,40,180
E00041976,297,44,253
E00041977,268,51,217
E00041978,286,39,247
E00041979,269,35,234
E00041980,305,80,225
E00041981,299,55,244
E00041982,244,19,225
E00041983,401,57,344
E00041984,224,28,196
E00041985,256,32,224
E00041986,326,65,261
E00041987,347,69,278
E00041988,323,57,266
E00041989,304,50,254
E00041990,289,42,247
E00041991,231,16,215
E00041992,155,20,135
E00041993,238,50,188
E00041994,271,38,233
E00041995,248,53,195
E00041996,195,25,170
E00041997,270,34,236
E00041998,237,27,210
E00041999,239,42,197
E00042000,270,35,235
E00042001,304,45,259
E00042002,287,72,215
E00042003,230,32,198
E00042004,273,25,248
E00042005,292,38,254
E00042006,282,48,234
E00042008,463,94,369
E00042009,234,51,183
E00042010,459,82,377
E00042011,267,50,217
E00042012,281,39,242
E00042013,309,62,247
E00042014,252,59,193
E00042015,317,74,243
E00042016,270,42,228
E00042017,282,54,228
E00042018,221,35,186
E00042019,162,8,154
E00042020,186,23,163
E00042021,187,25,162
E00042022,265,56,209
E00042023,276,32,244
E00042024,262,36,226
E00042025,210,39,171
E00042026,249,28,221
E00042027,221,18,203
E00042028,248,39,209
E00042029,264,22,242
E00042030,207,46,161
E00042031,275,55,220
E00042032,197,23,174
E00042033,157,14,143
E00042034,276,40,236
E00042035,246,54,192
E00042036,254,47,207
E00042037,291,45,246
E00042038,275,54,221
E00042039,287,59,228
E00042040,214,62,152
E00042041,202,37,165
E00042042,296,86,210
E00042043,276,34,242
E00042044,257,36,221
E00042045,198,25,173
E00042046,401,135,266
E00042047,319,106,213
E00042048,324,51,273
E00042049,318,59,259
E00042050,367,58,309
E00042051,327,58,269
E00042052,313,46,267
E00042053,333,108,225
E00042054,266,49,217
E00042055,329,70,259
E00042056,273,59,214
E00042057,355,110,245
E00042058,116,41,75
E00042059,284,71,213
E00042061,332,114,218
E00042062,436,170,266
E00042064,256,49,207
E00042065,383,99,284
E00042066,172,36,136
E00042067,293,56,237
E00042068,256,45,211
E00042069,297,55,242
E00042070,237,35,202
E00042071,285,37,248
E00042072,313,66,247
E00042073,351,112,239
E00042074,302,87,215
E00042075,393,126,267
E00042076,327,101,226
E00042077,207,27,180
E00042078,221,32,189
E00042079,205,22,183
E00042080,215,35,180
E00042082,267,37,230
E00042083,298,57,241
E00042084,204,27,177
E00042085,229,37,192
E00042086,315,73,242
E00042087,296,88,208
E00042088,319,79,240
E00042089,207,41,166
E00042090,277,63,214
E00042091,325,83,242
E00042092,274,29,245
E00042093,222,31,191
E00042094,208,24,184
E00042095,226,43,183
E00042096,212,26,186
E00042097,359,32,327
E00042099,248,37,211
E00042100,301,50,251
E00042102,438,136,302
E00042103,356,62,294
E00042106,324,99,225
E00042107,264,78,186
E00042108,351,115,236
E00042109,258,35,223
E00042110,227,25,202
E00042111,201,18,183
E00042112,220,18,202
E00042113,271,66,205
E00042114,375,71,304
E00042115,313,73,240
E00042116,205,31,174
E00042117,206,16,190
E00042118,473,124,349
E00042120,258,49,209
E00042121,251,51,200
E00042122,224,50,174
E00042123,189,20,169
E00042124,196,23,173
E00042125,198,29,169
E00042126,296,67,229
E00042127,301,96,205
E00042128,161,20,141
E00042129,314,74,240
E00042130,267,54,213
E00042131,216,61,155
E00042132,341,46,295
E00042133,280,68,212
E00042134,438,132,306
E00042135,264,78,186
E00042136,298,86,212
E00042137,195,40,155
E00042138,277,91,186
E00042139,326,69,257
E00042140,286,52,234
E00042141,299,72,227
E00042142,301,76,225
E00042143,252,40,212
E00042144,235,47,188
E00042145,231,29,202
E00042146,272,54,218
E00042148,270,42,228
E00042149,273,58,215
E00042150,269,44,225
E00042151,271,58,213
E00042152,289,52,237
E00042153,233,32,201
E00042154,227,31,196
E00042155,569,85,484
E00042156,245,24,221
E00042157,285,33,252
E00042158,381,47,334
E00042159,306,61,245
E00042160,269,40,229
E00042161,296,47,249
E00042164,243,39,204
E00042165,333,69,264
E00042166,201,32,169
E00042168,290,38,252
E00042169,270,56,214
E00042170,284,57,227
E00042171,305,60,245
E00042172,207,41,166
E00042173,292,58,234
E00042174,301,49,252
E00042175,282,45,237
E00042176,295,50,245
E00042177,255,34,221
E00042178,306,58,248
E00042179,247,29,218
E00042180,504,128,376
E00042182,342,64,278
E00042183,285,52,233
E00042184,390,49,341
E00042185,297,50,247
E00042186,179,19,160
E00042187,505,90,415
E00042188,307,76,231
E00042189,261,26,235
E00042190,346,78,268
E00042191,245,56,189
E00042192,178,22,156
E00042193,286,78,208
E00042194,291,62,229
E00042195,334,56,278
E00042196,302,45,257
E00042197,244,44,200
E00042198,246,46,200
E00042199,369,74,295
E00042200,291,63,228
E00042201,271,57,214
E00042202,291,57,234
E00042203,229,40,189
E00042205,290,71,219
E00042206,261,34,227
E00042207,310,62,248
E00042208,205,30,175
E00042209,143,34,109
E00042210,292,70,222
E00042211,246,38,208
E00042212,283,66,217
E00042213,417,102,315
E00042214,256,50,206
E00042215,274,40,234
E00042216,265,52,213
E00042217,304,65,239
E00042218,275,65,210
E00042219,330,74,256
E00042220,313,54,259
E00042221,185,24,161
E00042222,268,50,218
E00042223,294,69,225
E00042224,282,51,231
E00042225,284,49,235
E00042226,119,4,115
E00042227,249,54,195
E00042228,368,60,308
E00042229,229,29,200
E00042230,300,101,199
E00042232,291,73,218
E00042233,300,69,231
E00042234,296,53,243
E00042235,272,48,224
E00042236,223,17,206
E00042237,217,54,163
E00042238,371,132,239
E00042240,263,60,203
E00042241,214,39,175
E00042242,219,38,181
E00042243,228,46,182
E00042244,329,58,271
E00042245,400,67,333
E00042246,221,53,168
E00042247,142,4,138
E00042248,243,34,209
E00042249,242,39,203
E00042250,217,25,192
E00042251,310,110,200
E00042252,178,9,169
E00042253,234,36,198
E00042254,244,31,213
E00042255,293,63,230
E00042256,346,111,235
E00042257,238,29,209
E00042258,271,40,231
E00042259,257,42,215
E00042260,342,108,234
E00042261,265,66,199
E00042263,308,58,250
E00042264,307,78,229
E00042265,461,186,275
E00042266,472,148,324
E00042267,396,124,272
E00042268,241,51,190
E00042269,509,178,331
E00042271,410,120,290
E00042272,531,165,366
E00042273,430,154,276
E00042274,292,91,201
E00042275,447,167,280
E00042276,285,100,185
E00042277,358,114,244
E00042278,289,88,201
E00042279,414,123,291
E00042281,325,92,233
E00042282,274,87,187
E00042283,157,6,151
E00042284,432,134,298
E00042285,461,166,295
E00042286,389,119,270
E00042287,392,157,235
E00042288,283,80,203
E00042289,251,40,211
E00042290,243,51,192
E00042291,258,58,200
E00042292,193,25,168
E00042293,243,24,219
E00042294,269,56,213
E00042295,415,108,307
E00042296,305,72,233
E00042297,253,35,218
E00042298,249,34,215
E00042299,513,131,382
E00042300,276,77,199
E00042301,406,131,275
E00042302,268,58,210
E00042303,269,66,203
E00042304,255,61,194
E00042305,309,66,243
E00042306,265,49,216
E00042307,359,53,306
E00042308,322,103,219
E00042309,220,30,190
E00042310,152,16,136
E00042311,224,38,186
E00042312,243,27,216
E00042313,251,63,188
E00042314,256,39,217
E00042315,236,31,205
E00042316,280,73,207
E00042317,357,131,226
E00042318,322,86,236
E00042319,275,48,227
E00042320,238,67,171
E00042321,124,17,107
E00042322,227,19,208
E00042323,303,67,236
E00042324,316,34,282
E00042325,250,50,200
E00042326,349,90,259
E00042327,252,37,215
E00042328,346,97,249
E00042329,210,47,163
E00042330,177,23,154
E00042331,223,33,190
E00042332,498,104,394
E00042333,287,77,210
E00042334,286,75,211
E00042335,263,43,220
E00042336,216,20,196
E00042337,264,33,231
E00042338,311,47,264
E00042339,301,51,250
E00042340,250,51,199
E00042341,257,63,194
E00042342,348,94,254
E00042343,292,54,238
E00042344,162,31,131
E00042345,285,84,201
E00042347,270,40,230
E00042348,268,82,186
E00042349,399,115,284
E00042350,406,84,322
E00042351,293,68,225
E00042352,267,73,194
E00042353,253,33,220
E00042354,334,103,231
E00042355,373,140,233
E00042356,409,140,269
E00042357,487,163,324
E00042358,259,43,216
E00042359,302,72,230
E00042360,297,64,233
E00042361,238,36,202
E00042362,210,32,178
E00042363,264,55,209
E00042364,260,35,225
E00042365,251,33,218
E00042366,237,44,193
E00042367,209,33,176
E00042368,290,70,220
E00042369,246,47,199
E00042370,256,49,207
E00042371,302,66,236
E00042372,248,63,185
E00042373,299,66,233
E00042374,270,63,207
E00042375,227,26,201
E00042376,204,44,160
E00042377,251,50,201
E00042378,355,82,273
E00042379,316,41,275
E00042380,325,53,272
E00042381,231,37,194
E00042382,250,40,210
E00042383,380,71,309
E00042384,343,54,289
E00042385,308,45,263
E00042386,285,46,239
E00042387,215,25,190
E00042388,389,57,332
E00042389,241,57,184
E00042390,193,11,182
E00042391,273,68,205
E00042392,228,20,208
E00042393,259,59,200
E00042394,292,68,224
E00042395,186,19,167
E00042396,254,18,236
E00042398,234,40,194
E00042399,270,40,230
E00042400,289,56,233
E00042401,265,42,223
E00042402,213,17,196
E00042403,373,56,317
E00042404,275,55,220
E00042405,242,47,195
E00042406,482,89,393
E00042407,270,62,208
E00042408,355,86,269
E00042409,249,25,224
E00042410,273,48,225
E00042411,249,77,172
E00042412,301,115,186
E00042413,314,114,200
E00042414,200,65,135
E00042415,265,75,190
E00042416,254,37,217
E00042417,237,13,224
E00042418,260,53,207
E00042419,326,59,267
E00042420,255,45,210
E00042421,206,37,169
E00042422,289,54,235
E00042423,299,79,220
E00042424,286,65,221
E00042425,305,97,208
E00042426,277,100,177
E00042427,330,61,269
E00042428,294,69,225
E00042429,259,80,179
E00042430,219,39,180
E00042431,202,46,156
E00042432,360,87,273
E00042433,224,76,148
E00042434,237,57,180
E00042435,280,89,191
E00042436,197,44,153
E00042437,248,68,180
E00042438,333,161,172
E00042439,569,385,184
E00042440,337,193,144
E00042441,388,150,238
E00042442,517,403,114
E00042443,504,262,242
E00042444,418,319,99
E00042445,211,34,177
E00042446,333,220,113
E00042447,330,254,76
E00042448,560,490,70
E00042449,349,191,158
E00042450,492,379,113
E00042451,316,151,165
E00042452,504,399,105
E00042453,269,136,133
E00042454,370,226,144
E00042455,377,238,139
E00042456,259,93,166
E00042457,623,545,78
E00042458,388,198,190
E00042459,494,352,142
E00042460,421,286,135
E00042461,394,219,175
E00042462,393,245,148
E00042463,364,168,196
E00042464,318,51,267
E00042465,437,337,100
E00042466,293,54,239
E00042467,334,158,176
E00042468,505,227,278
E00042469,212,90,122
E00042470,421,75,346
E00042471,301,113,188
E00042472,200,24,176
E00042473,306,87,219
E00042474,236,33,203
E00042475,371,301,70
E00042476,484,431,53
E00042477,436,354,82
E00042478,345,90,255
E00042479,310,90,220
E00042480,292,60,232
E00042481,314,112,202
E00042482,300,57,243
E00042483,270,58,212
E00042484,246,38,208
E00042485,286,65,221
E00042486,203,39,164
E00042487,295,58,237
E00042488,226,43,183
E00042489,256,48,208
E00042490,279,56,223
E00042491,488,72,416
E00042492,306,70,236
E00042493,222,37,185
E00042494,259,79,180
E00042495,177,23,154
E00042496,310,68,242
E00042498,298,66,232
E00042499,314,69,245
E00042500,353,87,266
E00042501,286,41,245
E00042502,357,90,267
E00042503,361,120,241
E00042504,285,87,198
E00042505,321,127,194
E00042506,160,10,150
E00042507,396,119,277
E00042508,257,51,206
E00042509,411,166,245
E00042510,277,70,207
E00042511,280,56,224
E00042512,300,66,234
E00042513,252,49,203
E00042514,271,38,233
E00042515,248,36,212
E00042516,315,90,225
E00042517,212,24,188
E00042518,209,41,168
E00042519,288,67,221
E00042520,253,40,213
E00042521,295,91,204
E00042522,295,55,240
E00042523,307,85,222
E00042524,245,48,197
E00042525,332,93,239
E00042526,293,66,227
E00042527,256,32,224
E00042528,265,71,194
E00042529,236,45,191
E00042530,276,62,214
E00042531,219,23,196
E00042532,260,28,232
E00042533,260,48,212
E00042534,217,34,183
E00042535,240,34,206
E00042536,251,42,209
E00042537,287,50,237
E00042538,229,36,193
E00042539,235,39,196
E00042540,240,36,204
E00042541,253,49,204
E00042542,274,62,212
E00042543,376,51,325
E00042544,270,56,214
E00042545,274,50,224
E00042546,230,32,198
E00042547,371,68,303
E00042548,256,69,187
E00042549,330,93,237
E00042550,315,78,237
E00042551,271,60,211
E00042552,189,39,150
E00042553,308,88,220
E00042554,351,96,255
E00042555,340,103,237
E00042557,291,28,263
E00042558,255,35,220
E00042559,341,81,260
E00042560,340,102,238
E00042561,226,40,186
E00042562,295,75,220
E00042563,298,99,199
E00042564,300,94,206
E00042565,214,33,181
E00042566,313,83,230
E00042567,267,76,191
E00042568,214,53,161
E00042569,206,40,166
E00042570,312,91,221
E00042571,208,37,171
E00042572,273,51,222
E00042573,205,44,161
E00042574,287,72,215
E00042575,260,77,183
E00042576,344,119,225
E00042577,267,74,193
E00042578,285,114,171
E00042579,383,231,152
E00042581,254,57,197
E00042582,267,90,177
E00042583,249,155,94
E00042584,285,95,190
E00042585,253,91,162
E00042586,454,133,321
E00042587,295,101,194
E00042588,353,160,193
E00042589,342,105,237
E00042590,270,81,189
E00042591,255,58,197
E00042592,170,21,149
E00042593,311,49,262
E00042594,179,97,82
E00042595,179,13,166
E00042596,129,5,124
E00042598,333,166,167
E00042599,178,66,112
E00042600,606,430,176
E00042601,204,92,112
E00042606,371,154,217
E00042607,351,156,195
E00042608,368,133,235
E00042609,527,324,203
E00042610,271,41,230
E00042611,301,33,268
E00042612,170,15,155
E00042613,292,55,237
E00042614,284,46,238
E00042615,265,42,223
E00042616,247,54,193
E00042617,369,74,295
E00042618,200,32,168
E00042619,272,32,240
E00042620,312,52,260
E00042621,246,58,188
E00042622,357,53,304
E00042623,282,68,214
E00042624,298,37,261
E00042625,265,43,222
E00042626,346,78,268
E00042627,249,57,192
E00042628,339,62,277
E00042629,268,36,232
E00042630,336,75,261
E00042631,204,44,160
E00042632,261,62,199
E00042633,267,65,202
E00042634,323,75,248
E00042635,404,69,335
E00042636,225,34,191
E00042637,471,88,383
E00042638,241,34,207
E00042639,210,27,183
E00042640,238,29,209
E00042641,295,117,178
E00042642,414,219,195
E00042643,393,144,249
E00042645,528,326,202
E00042646,319,167,152
E00042647,212,84,128
E00042648,278,109,169
E00042649,275,137,138
E00042650,359,168,191
E00042651,291,131,160
E00042652,203,26,177
E00042653,425,288,137
E00042654,157,0,157
E00042655,210,113,97
E00042656,299,92,207
E00042657,354,128,226
E00042658,324,129,195
E00042659,336,148,188
E00042662,271,145,126
E00042663,194,107,87
E00042664,235,69,166
E00042665,143,2,141
E00042666,315,141,174
E00042667,174,86,88
E00042668,239,94,145
E00042669,840,766,74
E00042672,1297,1181,116
E00042674,244,28,216
E00042677,200,35,165
E00042679,548,436,112
E00042681,330,114,216
E00042682,344,159,185
E00042683,240,59,181
E00042685,113,25,88
E00042686,280,58,222
E00042687,305,60,245
E00042688,242,37,205
E00042689,342,93,249
E00042690,304,79,225
E00042691,200,49,151
E00042693,362,114,248
E00042694,233,82,151
E00042695,134,1,133
E00042697,281,73,208
E00042702,233,29,204
E00042703,252,43,209
E00042704,269,47,222
E00042705,293,60,233
E00042706,316,61,255
E00042707,373,82,291
E00042708,262,76,186
E00042709,289,58,231
E00042710,273,39,234
E00042711,215,37,178
E00042712,298,62,236
E00042713,458,63,395
E00042714,280,70,210
E00042715,269,53,216
E00042716,263,31,232
E00042717,505,84,421
E00042718,260,40,220
E00042719,278,60,218
E00042720,250,41,209
E00042721,336,68,268
E00042722,267,64,203
E00042723,313,67,246
E00042724,352,85,267
E00042725,381,81,300
E00042726,311,68,243
E00042727,308,124,184
E00042728,328,74,254
E00042729,273,60,213
E00042730,297,37,260
E00042731,317,77,240
E00042732,236,33,203
E00042733,251,173,78
E00042734,222,52,170
E00042735,208,40,168
E00042736,318,92,226
E00042737,296,51,245
E00042738,147,12,135
E00042739,277,65,212
E00042740,346,113,233
E00042741,302,78,224
E00042743,261,55,206
E00042745,443,129,314
E00042746,255,59,196
E00042747,238,28,210
E00042748,212,28,184
E00042752,243,25,218
E00042753,149,16,133
E00042754,305,58,247
E00042756,272,53,219
E00042757,248,64,184
E00042758,335,55,280
E00042759,352,110,242
E00042761,280,57,223
E00042762,256,52,204
E00042763,247,43,204
E00042764,325,98,227
E00042766,219,24,195
E00042767,380,46,334
E00042768,234,37,197
E00042769,257,32,225
E00042770,225,44,181
E00042771,259,41,218
E00042772,317,51,266
E00042773,215,18,197
E00042774,240,59,181
E00042775,507,131,376
E00042776,339,28,311
E00042777,394,73,321
E00042778,218,27,191
E00042779,250,60,190
E00042780,271,45,226
E00042781,217,23,194
E00042782,279,46,233
E00042783,293,62,231
E00042784,220,19,201
E00042785,227,18,209
E00042786,298,49,249
E00042787,327,40,287
E00042788,277,40,237
E00042789,292,32,260
E00042790,228,39,189
E00042791,305,103,202
E00042792,293,76,217
E00042793,149,15,134
E00042794,351,69,282
E00042795,334,40,294
E00042796,291,47,244
E00042797,158,13,145
E00042798,294,60,234
E00042799,193,16,177
E00042800,216,38,178
E00042801,384,61,323
E00042802,306,47,259
E00042803,432,155,277
E00042805,218,52,166
E00042806,264,76,188
E00042807,203,21,182
E00042808,511,213,298
E00042810,308,79,229
E00042811,409,115,294
E00042812,170,23,147
E00042814,276,77,199
E00042816,229,36,193
E00042818,192,9,183
E00042819,201,10,191
E00042822,425,214,211
E00042823,260,53,207
E00042824,287,74,213
E00042825,603,324,279
E00042826,388,201,187
E00042827,353,93,260
E00042828,254,57,197
E00042830,170,7,163
E00042831,520,96,424
E00042832,251,48,203
E00042833,406,72,334
E00042834,262,49,213
E00042835,292,37,255
E00042836,290,67,223
E00042837,257,38,219
E00042838,296,44,252
E00042839,229,28,201
E00042840,206,30,176
E00042841,233,36,197
E00042842,248,36,212
E00042843,295,46,249
E00042844,268,39,229
E00042845,229,23,206
E00042846,243,29,214
E00042847,281,49,232
E00042848,362,51,311
E00042849,278,42,236
E00042850,225,29,196
E00042851,259,47,212
E00042852,335,52,283
E00042853,227,16,211
E00042854,217,30,187
E00042855,257,37,220
E00042856,243,27,216
E00042857,312,45,267
E00042858,266,41,225
E00042859,316,55,261
E00042860,250,26,224
E00042861,234,10,224
E00042862,237,30,207
E00042863,322,73,249
E00042864,290,40,250
E00042865,301,32,269
E00042866,409,57,352
E00042867,285,56,229
E00042868,240,42,198
E00042869,272,35,237
E00042870,268,34,234
E00042871,253,36,217
E00042872,229,22,207
E00042873,331,113,218
E00042874,486,171,315
E00042875,426,150,276
E00042876,379,94,285
E00042877,443,174,269
E00042878,420,142,278
E00042879,444,151,293
E00042880,384,104,280
E00042881,329,83,246
E00042882,509,159,350
E00042883,318,72,246
E00042884,298,65,233
E00042885,232,48,184
E00042886,288,57,231
E00042887,279,64,215
E00042888,414,129,285
E00042889,369,72,297
E00042890,370,106,264
E00042891,258,42,216
E00042892,345,114,231
E00042893,309,71,238
E00042894,408,119,289
E00042895,294,58,236
E00042896,333,94,239
E00042897,403,95,308
E00042898,393,156,237
E00042899,510,233,277
E00042900,396,157,239
E00042901,274,115,159
E00042902,357,128,229
E00042903,294,101,193
E00042904,318,84,234
E00042905,210,46,164
E00042906,250,47,203
E00042907,288,55,233
E00042908,294,59,235
E00042909,238,26,212
E00042910,295,33,262
E00042911,417,61,356
E00042912,582,122,460
E00042913,510,81,429
E00042914,235,47,188
E00042915,278,60,218
E00042916,331,73,258
E00042917,247,45,202
E00042918,299,62,237
E00042919,290,84,206
E00042920,304,95,209
E00042921,308,89,219
E00042922,257,48,209
E00042923,276,65,211
E00042924,231,62,169
E00042925,268,65,203
E00042926,262,50,212
E00042927,250,53,197
E00042928,310,37,273
E00042929,219,14,205
E00042930,202,38,164
E00042931,262,42,220
E00042932,267,35,232
E00042934,274,29,245
E00042935,234,35,199
E00042937,208,20,188
E00042939,286,47,239
E00042940,257,36,221
E00042941,276,35,241
E00042942,250,27,223
E00042943,299,44,255
E00042944,234,24,210
E00042945,218,26,192
E00042946,312,85,227
E00042947,216,19,197
E00042948,337,71,266
E00042949,259,38,221
E00042950,200,38,162
E00042951,383,76,307
E00042952,273,37,236
E00042953,285,36,249
E00042954,212,26,186
E00042955,242,38,204
E00042956,253,38,215
E00042957,243,35,208
E00042958,252,31,221
E00042959,283,37,246
E00042960,285,50,235
E00042961,317,93,224
E00042962,254,104,150
E00042963,191,28,163
E00042964,256,49,207
E00042965,290,62,228
E00042966,243,52,191
E00042967,282,55,227
E00042968,257,61,196
E00042969,243,28,215
E00042970,253,29,224
E00042971,370,58,312
E00042972,305,37,268
E00042974,362,35,327
E00042975,317,55,262
E00042976,264,23,241
E00042977,200,19,181
E00042978,278,31,247
E00042979,245,49,196
E00042980,274,32,242
E00042981,236,49,187
E00042982,261,41,220
E00042983,273,33,240
E00042984,249,31,218
E00042985,219,24,195
E00042986,330,90,240
E00042987,282,65,217
E00042988,294,45,249
E00042989,271,44,227
E00042990,315,51,264
E00042991,336,76,260
E00042992,265,51,214
E00042993,286,66,220
E00042994,304,76,228
E00042995,238,39,199
E00042996,128,3,125
E00042997,295,67,228
E00042998,221,40,181
E00042999,322,86,236
E00043000,282,47,235
E00043001,449,94,355
E00043002,243,49,194
E00043003,198,21,177
E00043004,216,31,185
E00043005,198,30,168
E00043006,269,46,223
E00043007,276,49,227
E00043008,208,31,177
E00043009,232,18,214
E00043010,280,40,240
E00043011,197,23,174
E00043012,257,40,217
E00043013,288,68,220
E00043014,282,66,216
E00043015,247,58,189
E00043016,257,47,210
E00043017,296,54,242
E00043018,243,31,212
E00043019,290,55,235
E00043020,275,50,225
E00043021,283,41,242
E00043022,273,63,210
E00043023,261,42,219
E00043024,290,84,206
E00043025,286,60,226
E00043026,229,17,212
E00043027,284,53,231
E00043028,351,108,243
E00043029,480,76,404
E00043030,437,68,369
E00043031,294,22,272
E00043032,259,45,214
E00043033,233,34,199
E00043034,325,54,271
E00043035,366,78,288
E00043036,246,45,201
E00043037,340,58,282
E00043038,428,137,291
E00043039,242,45,197
E00043040,282,62,220
E00043041,213,36,177
E00043042,196,49,147
E00043043,223,40,183
E00043044,272,44,228
E00043045,267,42,225
E00043046,312,58,254
E00043047,374,91,283
E00043048,264,54,210
E00043049,206,35,171
E00043050,217,31,186
E00043051,259,42,217
E00043052,236,25,211
E00043053,240,31,209
E00043054,241,40,201
E00043055,331,111,220
E00043056,273,68,205
E00043057,274,69,205
E00043058,321,98,223
E00043059,267,63,204
E00043060,284,43,241
E00043061,297,90,207
E00043062,241,24,217
E00043063,236,33,203
E00043064,267,30,237
E00043065,184,27,157
E00043066,367,116,251
E00043067,249,59,190
E00043068,224,24,200
E00043069,251,62,189
E00043070,306,83,223
E00043071,278,61,217
E00043072,246,58,188
E00043073,270,50,220
E00043074,275,53,222
E00043075,195,19,176
E00043076,274,60,214
E00043077,302,79,223
E00043078,262,50,212
E00043079,310,83,227
E00043080,330,82,248
E00043081,312,110,202
E00043082,294,56,238
E00043083,206,24,182
E00043084,210,26,184
E00043085,252,55,197
E00043086,286,39,247
E00043087,275,48,227
E00043088,308,77,231
E00043089,269,65,204
E00043090,314,47,267
E00043091,235,33,202
E00043092,258,59,199
E00043093,318,94,224
E00043094,332,94,238
E00043095,285,59,226
E00043096,306,67,239
E00043097,309,58,251
E00043098,264,49,215
E00043099,335,58,277
E00043100,264,48,216
E00043101,261,39,222
E00043102,280,49,231
E00043103,236,28,208
E00043104,235,35,200
E00043105,287,41,246
E00043106,201,22,179
E00043107,316,50,266
E00043108,261,25,236
E00043109,176,22,154
E00043110,246,30,216
E00043111,232,15,217
E00043112,261,29,232
E00043113,276,63,213
E00043114,241,23,218
E00043115,281,54,227
E00043116,247,38,209
E00043117,244,29,215
E00043118,242,42,200
E00043119,219,22,197
E00043120,278,50,228
E00043121,248,19,229
E00043122,234,41,193
E00043123,299,49,250
E00043124,264,52,212
E00043125,203,33,170
E00043126,351,75,276
E00043127,299,70,229
E00043128,247,27,220
E00043129,268,51,217
E00043130,275,59,216
E00043131,375,89,286
E00043132,474,58,416
E00043134,315,28,287
E00043136,369,54,315
E00043138,285,81,204
E00043139,271,50,221
E00043140,229,36,193
E00043141,278,56,222
E00043143,260,25,235
E00043144,260,41,219
E00043145,268,38,230
E00043146,318,63,255
E00043147,327,48,279
E00043149,286,56,230
E00043150,238,30,208
E00043151,254,38,216
E00043152,237,42,195
E00043153,287,52,235
E00043154,283,58,225
E00043155,375,80,295
E00043156,254,27,227
E00043157,222,35,187
E00043158,313,35,278
E00043159,224,28,196
E00043160,255,45,210
E00043161,413,96,317
E00043163,336,106,230
E00043164,331,39,292
E00043165,201,15,186
E00043166,225,38,187
E00043167,225,36,189
E00043168,279,26,253
E00043169,206,19,187
E00043170,284,55,229
E00043171,248,33,215
E00043172,227,20,207
E00043173,212,27,185
E00043174,245,41,204
E00043175,237,56,181
E00043176,255,51,204
E00043177,224,39,185
E00043178,224,42,182
E00043179,290,63,227
E00043180,249,51,198
E00043181,230,23,207
E00043182,248,56,192
E00043183,310,77,233
E00043184,252,37,215
E00043185,192,15,177
E00043186,267,40,227
E00043187,293,70,223
E00043188,242,25,217
E00043189,308,59,249
E00043190,276,51,225
E00043191,290,46,244
E00043192,233,30,203
E00043193,334,84,250
E00043194,249,54,195
E00043195,252,54,198
E00043196,262,29,233
E00043197,302,60,242
E00043198,351,93,258
E00043199,275,48,227
E00043200,289,61,228
E00043201,263,43,220
E00043202,234,24,210
E00043203,210,33,177
E00043204,222,27,195
E00043205,248,27,221
E00043206,232,50,182
E00043207,250,43,207
E00043208,218,26,192
E00043209,265,50,215
E00043210,345,72,273
E00043211,204,44,160
E00043212,338,51,287
E00043213,327,73,254
E00043214,199,20,179
E00043215,399,58,341
E00043216,391,44,347
E00043218,195,24,171
E00043220,315,54,261
E00043221,203,21,182
E00043222,267,34,233
E00043224,296,52,244
E00043225,231,32,199
E00043226,441,59,382
E00043227,252,33,219
E00043228,327,50,277
E00043229,295,22,273
E00043230,296,47,249
E00043231,244,35,209
E00043232,305,56,249
E00043233,263,41,222
E00043234,317,33,284
E00043235,250,32,218
E00043236,216,10,206
E00043237,315,51,264
E00043238,196,32,164
E00043239,307,69,238
E00043240,341,79,262
E00043241,345,94,251
E00043242,262,64,198
E00043243,274,68,206
E00043244,323,81,242
E00043245,273,64,209
E00043246,350,79,271
E00043247,216,62,154
E00043248,222,36,186
E00043249,358,98,260
E00043250,174,10,164
E00043251,221,15,206
E00043252,275,45,230
E00043253,303,58,245
E00043254,282,43,239
E00043255,187,17,170
E00043256,274,50,224
E00043257,198,19,179
E00043258,283,48,235
E00043259,310,56,254
E00043260,268,44,224
E00043261,331,67,264
E00043262,277,46,231
E00043263,279,46,233
E00043264,291,34,257
E00043265,269,34,235
E00043266,206,31,175
E00043267,301,28,273
E00043268,257,55,202
E00043269,265,40,225
E00043270,213,13,200
E00043271,221,4,217
E00043272,240,8,232
E00043273,342,46,296
E00043274,242,26,216
E00043275,237,25,212
E00043276,305,49,256
E00043277,314,53,261
E00043278,246,34,212
E00043279,178,24,154
E00043280,257,32,225
E00043281,199,27,172
E00043282,285,44,241
E00043283,243,28,215
E00043284,234,30,204
E00043285,222,38,184
E00043286,166,19,147
E00043287,263,32,231
E00043288,230,33,197
E00043289,163,9,154
E00043290,277,45,232
E00043291,206,26,180
E00043292,211,29,182
E00043293,223,23,200
E00043294,242,29,213
E00043295,300,55,245
E00043296,278,38,240
E00043297,242,46,196
E00043298,261,22,239
E00043299,253,36,217
E00043300,267,30,237
E00043301,270,35,235
E00043302,224,19,205
E00043303,229,28,201
E00043304,260,32,228
E00043305,293,24,269
E00043306,251,32,219
E00043307,206,24,182
E00043308,288,34,254
E00043309,375,50,325
E00043310,422,71,351
E00043311,313,88,225
E00043312,298,65,233
E00043313,209,36,173
E00043314,281,64,217
E00043315,235,46,189
E00043316,250,45,205
E00043317,257,38,219
E00043318,108,15,93
E00043319,228,29,199
E00043320,246,32,214
E00043321,145,32,113
E00043322,297,28,269
E00043325,279,32,247
E00043326,217,35,182
E00043327,227,39,188
E00043328,269,43,226
E00043329,239,17,222
E00043330,256,34,222
E00043331,234,30,204
E00043332,264,43,221
E00043333,314,44,270
E00043334,292,61,231
E00043335,304,64,240
E00043336,225,18,207
E00043337,228,24,204
E00043338,207,23,184
E00043339,306,72,234
E00043340,250,46,204
E00043341,215,18,197
E00043342,284,60,224
E00043343,276,44,232
E00043344,300,43,257
E00043345,310,57,253
E00043347,378,87,291
E00043348,213,28,185
E00043349,197,33,164
E00043350,221,38,183
E00043351,213,30,183
E00043352,353,62,291
E00043353,404,107,297
E00043354,297,43,254
E00043355,234,27,207
E00043356,304,69,235
E00043357,272,71,201
E00043358,240,29,211
E00043359,241,43,198
E00043360,222,21,201
E00043361,331,23,308
E00043362,250,44,206
E00043363,300,83,217
E00043364,248,59,189
E00043365,439,49,390
E00043366,303,93,210
E00043367,272,34,238
E00043368,405,125,280
E00043369,235,65,170
E00043370,241,72,169
E00043371,146,18,128
E00043373,157,20,137
E00043374,321,53,268
E00043375,185,20,165
E00043376,225,33,192
E00043377,165,20,145
E00043378,253,23,230
E00043379,280,42,238
E00043380,391,38,353
E00043381,304,90,214
E00043382,257,57,200
E00043384,289,59,230
E00043385,330,73,257
E00043386,258,41,217
E00043387,287,75,212
E00043388,304,48,256
E00043389,304,44,260
E00043390,272,41,231
E00043391,276,38,238
E00043392,318,69,249
E00043393,247,42,205
E00043394,262,51,211
E00043395,300,54,246
E00043396,276,59,217
E00043397,288,59,229
E00043398,247,34,213
E00043399,334,100,234
E00043400,302,65,237
E00043401,330,89,241
E00043402,284,48,236
E00043403,279,56,223
E00043404,291,40,251
E00043405,200,31,169
E00043406,289,56,233
E00043407,316,65,251
E00043408,277,43,234
E00043409,325,77,248
E00043410,388,89,299
E00043411,305,70,235
E00043412,467,104,363
E00043413,344,62,282
E00043414,283,52,231
E00043415,160,7,153
E00043416,367,62,305
E00043417,267,44,223
E00043418,333,36,297
E00043419,289,43,246
E00043421,374,63,311
E00043422,292,51,241
E00043423,270,43,227
E00043424,300,60,240
E00043425,321,56,265
E00043426,266,47,219
E00043427,272,56,216
E00043428,256,16,240
E00043429,314,68,246
E00043430,286,55,231
E00043431,310,53,257
E00043432,336,82,254
E00043433,324,70,254
E00043434,357,105,252
E00043435,250,39,211
E00043436,228,39,189
E00043437,311,51,260
E00043438,336,83,253
E00043439,232,34,198
E00043440,245,37,208
E00043441,288,68,220
E00043442,344,98,246
E00043443,236,34,202
E00043444,216,34,182
E00043445,254,39,215
E00043446,237,38,199
E00043447,329,73,256
E00043448,222,41,181
E00043449,267,37,230
E00043450,230,25,205
E00043451,287,48,239
E00043452,255,45,210
E00043453,324,78,246
E00043454,256,44,212
E00043455,311,63,248
E00043456,409,63,346
E00043457,235,30,205
E00043458,210,26,184
E00043459,206,11,195
E00043460,275,28,247
E00043461,269,36,233
E00043462,256,52,204
E00043463,204,18,186
E00043464,230,30,200
E00043465,210,25,185
E00043466,266,43,223
E00043467,247,35,212
E00043468,224,33,191
E00043469,250,46,204
E00043470,442,48,394
E00043471,247,38,209
E00043472,275,53,222
E00043473,296,63,233
E00043474,245,43,202
E00043475,261,45,216
E00043476,264,37,227
E00043477,329,76,253
E00043478,257,38,219
E00043479,201,29,172
E00043480,262,44,218
E00043481,294,59,235
E00043482,318,73,245
E00043483,271,48,223
E00043485,254,51,203
E00043486,186,27,159
E00043487,213,32,181
E00043490,339,95,244
E00043491,280,78,202
E00043492,199,50,149
E00043493,458,92,366
E00043494,302,80,222
E00043495,241,41,200
E00043496,274,61,213
E00043497,249,69,180
E00043498,249,31,218
E00043499,244,44,200
E00043500,246,53,193
E00043501,223,23,200
E00043502,200,24,176
E00043503,252,25,227
E00043504,361,80,281
E00043505,259,53,206
E00043506,279,36,243
E00043507,344,71,273
E00043508,256,28,228
E00043509,287,43,244
E00043510,299,33,266
E00043511,229,31,198
E00043513,284,60,224
E00043514,180,24,156
E00043515,299,57,242
E00043516,260,34,226
E00043517,213,19,194
E00043518,238,21,217
E00043519,251,38,213
E00043520,228,25,203
E00043521,183,36,147
E00043522,469,74,395
E00043523,261,43,218
E00043524,235,29,206
E00043525,291,65,226
E00043526,238,31,207
E00043527,297,49,248
E00043528,239,41,198
E00043529,259,35,224
E00043530,291,51,240
E00043531,228,25,203
E00043532,265,35,230
E00043533,242,51,191
E00043534,286,53,233
E00043536,335,51,284
E00043537,316,97,219
E00043538,309,52,257
E00043539,218,32,186
E00043540,236,35,201
E00043541,286,90,196
E00043542,304,76,228
E00043543,293,57,236
E00043544,233,22,211
E00043545,254,38,216
E00043546,250,52,198
E00043547,347,54,293
E00043548,214,15,199
E00043550,185,25,160
E00043551,324,47,277
E00043552,201,25,176
E00043553,206,28,178
E00043554,338,79,259
E00043555,288,68,220
E00043556,214,21,193
E00043557,249,25,224
E00043558,240,34,206
E00043559,323,51,272
E00043560,289,50,239
E00043561,226,53,173
E00043562,295,47,248
E00043563,270,48,222
E00043564,232,44,188
E00043565,268,40,228
E00043566,228,25,203
E00043568,242,25,217
E00043569,219,28,191
E00043570,251,46,205
E00043571,230,26,204
E00043572,183,27,156
E00043573,254,40,214
E00043574,248,8,240
E00043575,237,32,205
E00043576,240,22,218
E00043577,206,24,182
E00043578,280,47,233
E00043579,209,47,162
E00043580,460,78,382
E00043581,291,49,242
E00043582,290,55,235
E00043583,367,102,265
E00043584,309,55,254
E00043585,314,75,239
E00043586,222,47,175
E00043587,287,64,223
E00043588,221,27,194
E00043589,305,57,248
E00043590,260,37,223
E00043591,333,39,294
E00043592,227,55,172
E00043593,347,63,284
E00043594,266,58,208
E00043595,408,90,318
E00043596,278,70,208
E00043597,243,29,214
E00043598,232,41,191
E00043599,384,97,287
E00043600,282,59,223
E00043601,222,31,191
E00043602,338,86,252
E00043603,238,28,210
E00043604,234,39,195
E00043605,273,44,229
E00043606,336,54,282
E00043607,299,49,250
E00043608,350,82,268
E00043609,237,61,176
E00043610,170,15,155
E00043611,225,36,189
E00043612,279,39,240
E00043613,221,38,183
E00043614,244,58,186
E00043615,254,45,209
E00043616,223,27,196
E00043617,222,35,187
E00043618,201,32,169
E00043619,186,35,151
E00043620,171,21,150
E00043621,172,16,156
E00043622,212,36,176
E00043623,208,23,185
E00043624,180,24,156
E00043625,205,15,190
E00043626,183,30,153
E00043627,226,34,192
E00043628,179,30,149
E00043629,173,18,155
E00043630,196,27,169
E00043631,250,49,201
E00043632,206,28,178
E00043633,294,56,238
E00043634,319,106,213
E00043636,288,40,248
E00043637,290,65,225
E00043638,306,75,231
E00043640,219,40,179
E00043641,246,24,222
E00043642,311,67,244
E00043643,220,50,170
E00043644,161,8,153
E00043645,267,62,205
E00043646,249,76,173
E00043647,211,50,161
E00043648,285,113,172
E00043649,275,48,227
E00043650,246,46,200
E00043651,220,61,159
E00043652,214,35,179
E00043653,324,123,201
E00043654,233,51,182
E00043655,225,33,192
E00043656,224,43,181
E00043657,316,37,279
E00043658,308,41,267
E00043659,250,33,217
E00043660,205,12,193
E00043661,313,47,266
E00043662,242,48,194
E00043663,293,60,233
E00043664,238,33,205
E00043665,263,48,215
E00043666,257,47,210
E00043667,262,52,210
E00043668,240,53,187
E00043669,208,23,185
E00043670,370,44,326
E00043671,290,70,220
E00043672,307,86,221
E00043673,275,63,212
E00043674,214,44,170
E00043675,364,54,310
E00043676,198,27,171
E00043677,202,38,164
E00043678,233,55,178
E00043679,350,64,286
E00043680,298,80,218
E00043681,247,41,206
E00043682,298,69,229
E00043683,263,57,206
E00043684,235,48,187
E00043685,277,71,206
E00043686,273,65,208
E00043687,254,71,183
E00043688,232,61,171
E00043689,266,60,206
E00043691,221,43,178
E00043692,270,52,218
E00043693,261,75,186
E00043694,168,26,142
E00043695,235,54,181
E00043696,270,63,207
E00043697,240,44,196
E00043698,280,56,224
E00043699,255,45,210
E00043700,239,52,187
E00043701,277,84,193
E00043702,133,9,124
E00043703,282,82,200
E00043704,251,30,221
E00043705,203,38,165
E00043706,256,60,196
E00043707,337,94,243
E00043708,233,43,190
E00043709,260,58,202
E00043710,275,72,203
E00043711,261,30,231
E00043712,283,36,247
E00043713,257,37,220
E00043714,236,31,205
E00043715,274,47,227
E00043716,231,38,193
E00043717,255,41,214
E00043718,260,45,215
E00043719,332,51,281
E00043720,201,33,168
E00043721,235,35,200
E00043722,249,46,203
E00043723,339,43,296
E00043724,203,30,173
E00043725,271,64,207
E00043726,520,131,389
E00043727,351,79,272
E00043728,200,32,168
E00043729,293,53,240
E00043730,257,71,186
E00043731,340,90,250
E00043732,203,39,164
E00043733,220,40,180
E00043734,263,61,202
E00043735,249,31,218
E00043736,219,27,192
E00043737,305,65,240
E00043738,329,32,297
E00043739,193,25,168
E00043740,282,37,245
E00043741,284,33,251
E00043742,230,32,198
E00043743,306,78,228
E00043744,257,37,220
E00043745,256,38,218
E00043746,267,35,232
E00043747,314,51,263
E00043748,266,45,221
E00043749,261,54,207
E00043750,273,33,240
E00043751,235,25,210
E00043752,324,61,263
E00043753,294,43,251
E00043754,327,72,255
E00043755,280,52,228
E00043756,333,69,264
E00043757,278,42,236
E00043758,237,28,209
E00043759,290,70,220
E00043760,305,49,256
E00043761,282,47,235
E00043762,276,43,233
E00043763,231,27,204
E00043764,340,49,291
E00043765,209,44,165
E00043766,282,64,218
E00043767,298,63,235
E00043768,340,61,279
E00043769,263,35,228
E00043770,296,42,254
E00043771,355,62,293
E00043772,261,60,201
E00043773,154,17,137
E00043774,312,50,262
E00043776,388,101,287
E00043777,287,54,233
E00043779,293,34,259
E00043780,223,12,211
E00043781,273,48,225
E00043783,296,53,243
E00043784,270,27,243
E00043785,240,22,218
E00043786,237,32,205
E00043787,262,47,215
E00043788,249,50,199
E00043789,169,10,159
E00043790,345,75,270
E00043791,229,62,167
E00043792,236,39,197
E00043793,206,50,156
E00043794,177,46,131
E00043795,301,54,247
E00043796,267,54,213
E00043797,240,54,186
E00043798,342,82,260
E00043799,236,51,185
E00043800,245,65,180
E00043801,259,64,195
E00043802,245,18,227
E00043803,245,59,186
E00043804,308,47,261
E00043805,249,35,214
E00043806,103,16,87
E00043807,283,81,202
E00043808,232,35,197
E00043809,331,102,229
E00043810,227,28,199
E00043811,172,18,154
E00043812,217,30,187
E00043813,277,38,239
E00043814,235,41,194
E00043815,314,97,217
E00043816,255,34,221
E00043817,459,110,349
E00043818,248,38,210
E00043819,393,68,325
E00043820,212,46,166
E00043821,297,72,225
E00043822,172,15,157
E00043823,268,61,207
E00043824,226,40,186
E00043825,285,31,254
E00043826,237,55,182
E00043827,255,62,193
E00043828,268,75,193
E00043829,247,25,222
E00043830,304,114,190
E00043831,292,76,216
E00043832,232,49,183
E00043833,240,56,184
E00043834,259,71,188
E00043835,239,36,203
E00043836,270,44,226
E00043837,202,30,172
E00043838,278,53,225
E00043839,268,57,211
E00043840,216,16,200
E00043841,300,53,247
E00043842,141,6,135
E00043843,318,70,248
E00043844,191,29,162
E00043845,270,26,244
E00043846,264,59,205
E00043847,286,49,237
E00043848,268,62,206
E00043849,318,74,244
E00043850,268,44,224
E00043851,262,56,206
E00043852,277,40,237
E00043853,292,82,210
E00043855,313,92,221
E00043856,215,30,185
E00043857,195,21,174
E00043859,246,54,192
E00043862,255,45,210
E00043864,295,32,263
E00043866,145,21,124
E00043867,260,67,193
E00043868,316,64,252
E00043869,206,19,187
E00043871,262,27,235
E00043872,279,37,242
E00043873,209,27,182
E00043874,233,44,189
E00043875,281,39,242
E00043876,257,47,210
E00043877,433,69,364
E00043878,266,58,208
E00043879,269,42,227
E00043880,231,47,184
E00043881,246,50,196
E00043882,546,96,450
E00043883,282,44,238
E00043884,288,62,226
E00043886,217,37,180
E00043888,272,43,229
E00043889,221,32,189
E00043890,290,49,241
E00043891,260,50,210
E00043892,256,38,218
E00043893,251,36,215
E00043894,271,60,211
E00043895,245,44,201
E00043896,217,27,190
E00043897,246,44,202
E00043898,281,55,226
E00043899,231,41,190
E00043900,281,67,214
E00043901,310,39,271
E00043902,263,37,226
E00043903,259,48,211
E00043904,332,40,292
E00043905,256,21,235
E00043906,244,32,212
E00043907,218,21,197
E00043908,219,24,195
E00043909,293,41,252
E00043910,289,32,257
E00043911,276,50,226
E00043912,245,28,217
E00043913,147,32,115
E00043914,230,50,180
E00043915,242,30,212
E00043916,228,23,205
E00043917,269,95,174
E00043918,293,98,195
E00043919,342,98,244
E00043920,224,71,153
E00043921,283,71,212
E00043922,274,53,221
E00043923,258,51,207
E00043924,239,38,201
E00043925,378,129,249
E00043926,254,37,217
E00043927,235,42,193
E00043928,303,43,260
E00043929,239,22,217
E00043930,285,61,224
E00043931,326,76,250
E00043932,228,37,191
E00043933,383,91,292
E00043934,256,40,216
E00043935,243,42,201
E00043936,260,66,194
E00043937,170,21,149
E00043938,306,80,226
E00043939,237,57,180
E00043940,198,29,169
E00043941,268,69,199
E00043942,205,25,180
E00043943,310,63,247
E00043945,261,53,208
E00043946,261,41,220
E00043947,297,41,256
E00043948,212,26,186
E00043949,210,26,184
E00043950,220,23,197
E00043951,269,54,215
E00043952,250,36,214
E00043953,279,52,227
E00043954,250,24,226
E00043955,305,58,247
E00043956,257,28,229
E00043957,315,38,277
E00043958,294,42,252
E00043959,262,23,239
E00043960,280,51,229
E00043961,300,77,223
E00043962,242,48,194
E00043963,264,42,222
E00043964,280,49,231
E00043965,289,65,224
E00043966,266,42,224
E00043967,234,35,199
E00043968,273,43,230
E00043969,274,60,214
E00043970,292,67,225
E00043971,267,55,212
E00043972,305,63,242
E00043973,274,46,228
E00043974,336,105,231
E00043975,248,68,180
E00043976,275,64,211
E00043977,288,73,215
E00043978,230,44,186
E00043979,237,32,205
E00043980,250,46,204
E00043981,158,44,114
E00043982,214,27,187
E00043983,309,74,235
E00043984,335,50,285
E00043985,247,42,205
E00043986,173,27,146
E00043987,189,27,162
E00043988,264,44,220
E00043989,222,43,179
E00043990,174,39,135
E00043991,202,25,177
E00043992,181,16,165
E00043993,211,48,163
E00043995,233,23,210
E00043996,195,41,154
E00043997,192,38,154
E00043998,194,27,167
E00043999,180,16,164
E00044000,187,30,157
E00044001,221,36,185
E00044002,183,29,154
E00044003,319,37,282
E00044004,176,26,150
E00044005,329,15,314
E00044007,214,34,180
E00044008,266,70,196
E00044009,159,32,127
E00044010,247,59,188
E00044011,284,64,220
E00044013,189,43,146
E00044014,181,21,160
E00044015,214,29,185
E00044016,316,68,248
E00044017,265,28,237
E00044018,276,58,218
E00044019,205,30,175
E00044020,254,47,207
E00044021,265,49,216
E00044022,243,45,198
E00044023,211,38,173
E00044024,245,47,198
E00044025,243,43,200
E00044026,231,42,189
E00044027,228,43,185
E00044028,236,49,187
E00044029,239,49,190
E00044030,199,34,165
E00044031,145,7,138
E00044032,209,47,162
E00044033,157,21,136
E00044034,216,29,187
E00044035,226,16,210
E00044036,205,29,176
E00044037,232,24,208
E00044038,225,44,181
E00044039,340,72,268
E00044040,238,23,215
E00044041,303,31,272
E00044042,302,92,210
E00044043,227,30,197
E00044044,263,38,225
E00044045,267,22,245
E00044046,190,28,162
E00044047,200,26,174
E00044048,308,50,258
E00044049,178,24,154
E00044050,236,30,206
E00044051,296,41,255
E00044052,239,33,206
E00044053,306,61,245
E00044054,196,17,179
E00044055,194,25,169
E00044056,196,19,177
E00044057,253,45,208
E00044058,172,21,151
E00044059,200,30,170
E00044060,336,67,269
E00044061,234,36,198
E00044062,227,33,194
E00044063,300,51,249
E00044064,209,25,184
E00044065,196,31,165
E00044066,283,46,237
E00044067,200,6,194
E00044068,176,31,145
E00044069,200,20,180
E00044070,319,57,262
E00044071,258,44,214
E00044072,249,46,203
E00044073,236,27,209
E00044074,242,32,210
E00044075,232,31,201
E00044076,202,24,178
E00044077,245,45,200
E00044078,291,67,224
E00044079,342,64,278
E00044080,280,41,239
E00044081,255,40,215
E00044082,220,12,208
E00044083,282,48,234
E00044084,270,63,207
E00044085,246,48,198
E00044086,320,99,221
E00044087,235,30,205
E00044088,158,19,139
E00044089,242,37,205
E00044090,214,41,173
E00044091,277,60,217
E00044092,372,78,294
E00044093,284,78,206
E00044094,319,52,267
E00044095,204,26,178
E00044096,204,31,173
E00044097,204,21,183
E00044098,270,47,223
E00044099,224,28,196
E00044100,256,54,202
E00044101,267,63,204
E00044102,327,39,288
E00044103,183,9,174
E00044104,228,26,202
E00044105,205,25,180
E00044106,281,62,219
E00044107,207,25,182
E00044109,221,32,189
E00044111,154,28,126
E00044112,260,46,214
E00044113,301,35,266
E00044114,275,51,224
E00044115,275,45,230
E00044116,235,44,191
E00044117,287,46,241
E00044118,240,39,201
E00044119,250,49,201
E00044120,282,44,238
E00044121,227,37,190
E00044122,221,36,185
E00044123,288,68,220
E00044124,259,28,231
E00044125,265,39,226
E00044126,206,14,192
E00044127,289,39,250
E00044128,248,46,202
E00044129,196,37,159
E00044130,257,59,198
E00044131,253,40,213
E00044132,218,41,177
E00044133,232,34,198
E00044134,218,28,190
E00044135,225,43,182
E00044136,254,48,206
E00044137,272,69,203
E00044138,285,61,224
E00044139,240,41,199
E00044140,280,42,238
E00044141,257,48,209
E00044142,265,67,198
E00044143,267,43,224
E00044144,208,30,178
E00044145,312,43,269
E00044146,309,60,249
E00044147,231,38,193
E00044148,300,68,232
E00044149,220,35,185
E00044150,243,51,192
E00044151,352,71,281
E00044152,246,58,188
E00044153,326,73,253
E00044154,230,37,193
E00044155,180,31,149
E00044156,262,54,208
E00044157,279,63,216
E00044158,229,60,169
E00044159,285,61,224
E00044160,293,57,236
E00044161,277,31,246
E00044162,287,61,226
E00044163,243,37,206
E00044164,296,34,262
E00044165,325,72,253
E00044166,233,28,205
E00044167,224,31,193
E00044168,149,11,138
E00044169,257,53,204
E00044170,250,54,196
E00044171,253,43,210
E00044172,255,46,209
E00044173,259,65,194
E00044174,179,33,146
E00044175,277,66,211
E00044176,169,35,134
E00044177,317,77,240
E00044178,253,48,205
E00044179,143,17,126
E00044180,222,11,211
E00044181,188,39,149
E00044182,237,51,186
E00044183,226,25,201
E00044185,295,60,235
E00044187,261,54,207
E00044188,215,56,159
E00044189,260,59,201
E00044190,262,39,223
E00044191,504,314,190
E00044193,269,55,214
E00044194,209,35,174
E00044195,120,3,117
E00044196,251,43,208
E00044197,223,43,180
E00044198,257,46,211
E00044199,327,43,284
E00044200,410,201,209
E00044201,328,97,231
E00044202,283,59,224
E00044203,223,41,182
E00044204,265,81,184
E00044205,301,87,214
E00044206,296,86,210
E00044207,273,63,210
E00044208,288,68,220
E00044209,285,69,216
E00044210,280,60,220
E00044211,202,36,166
E00044212,267,24,243
E00044213,322,64,258
E00044214,272,36,236
E00044216,311,43,268
E00044217,222,38,184
E00044218,290,60,230
E00044219,285,43,242
E00044220,266,45,221
E00044221,159,28,131
E00044222,393,73,320
E00044224,281,52,229
E00044226,347,72,275
E00044227,235,36,199
E00044228,212,31,181
E00044230,166,10,156
E00044231,167,13,154
E00044232,252,47,205
E00044233,262,43,219
E00044234,254,40,214
E00044235,149,9,140
E00044236,354,51,303
E00044237,369,72,297
E00044238,258,37,221
E00044239,254,57,197
E00044240,272,39,233
E00044241,299,60,239
E00044242,353,82,271
E00044243,227,28,199
E00044244,267,62,205
E00044245,469,86,383
E00044246,247,31,216
E00044247,339,86,253
E00044248,255,49,206
E00044249,268,47,221
E00044250,255,36,219
E00044251,227,32,195
E00044252,289,50,239
E00044253,228,47,181
E00044254,234,25,209
E00044256,317,54,263
E00044257,301,84,217
E00044259,212,46,166
E00044260,263,50,213
E00044261,273,50,223
E00044262,286,81,205
E00044263,246,32,214
E00044264,249,58,191
E00044265,261,52,209
E00044266,223,38,185
E00044267,227,16,211
E00044268,430,88,342
E00044269,263,31,232
E00044270,239,29,210
E00044271,305,50,255
E00044272,296,66,230
E00044273,230,44,186
E00044275,423,54,369
E00044276,154,5,149
E00044278,291,36,255
E00044279,281,32,249
E00044281,271,17,254
E00044283,223,35,188
E00044284,223,17,206
E00044285,275,34,241
E00044286,304,39,265
E00044287,254,30,224
E00044288,235,24,211
E00044289,234,30,204
E00044290,206,27,179
E00044291,289,65,224
E00044292,193,11,182
E00044293,212,21,191
E00044294,301,46,255
E00044295,239,29,210
E00044296,271,43,228
E00044297,287,46,241
E00044298,238,34,204
E00044299,240,36,204
E00044300,321,50,271
E00044301,391,76,315
E00044302,352,49,303
E00044303,258,37,221
E00044304,282,55,227
E00044305,276,42,234
E00044306,265,26,239
E00044307,284,45,239
E00044308,297,42,255
E00044309,301,48,253
E00044310,231,30,201
E00044311,258,36,222
E00044312,278,39,239
E00044313,271,41,230
E00044314,262,31,231
E00044315,294,27,267
E00044316,305,33,272
E00044317,273,53,220
E00044318,231,15,216
E00044319,252,19,233
E00044320,278,31,247
E00044321,212,45,167
E00044322,297,49,248
E00044323,254,50,204
E00044324,267,52,215
E00044325,338,119,219
E00044327,353,85,268
E00044328,321,111,210
E00044329,300,70,230
E00044330,224,34,190
E00044331,323,92,231
E00044332,286,84,202
E00044333,107,38,69
E00044336,217,37,180
E00044337,257,42,215
E00044338,255,50,205
E00044339,238,42,196
E00044340,211,40,171
E00044341,200,33,167
E00044342,193,30,163
E00044343,179,29,150
E00044344,215,30,185
E00044345,211,24,187
E00044346,217,31,186
E00044347,213,8,205
E00044348,214,43,171
E00044349,198,29,169
E00044350,193,41,152
E00044351,218,61,157
E00044352,265,55,210
E00044353,216,49,167
E00044354,242,43,199
E00044355,482,83,399
E00044356,318,81,237
E00044357,185,20,165
E00044358,297,53,244
E00044359,156,22,134
E00044360,212,53,159
E00044361,235,56,179
E00044362,293,28,265
E00044363,276,40,236
E00044364,262,83,179
E00044365,330,93,237
E00044366,299,33,266
E00044367,284,58,226
E00044368,262,42,220
E00044369,202,38,164
E00044370,350,58,292
E00044371,302,53,249
E00044372,261,41,220
E00044373,229,45,184
E00044374,212,37,175
E00044375,159,15,144
E00044376,140,24,116
E00044377,187,39,148
E00044378,188,42,146
E00044379,347,125,222
E00044381,195,43,152
E00044382,207,32,175
E00044383,409,73,336
E00044384,154,28,126
E00044385,295,62,233
E00044386,283,38,245
E00044387,277,24,253
E00044388,232,42,190
E00044389,232,37,195
E00044390,201,35,166
E00044391,230,27,203
E00044392,251,35,216
E00044393,252,35,217
E00044394,195,30,165
E00044395,235,23,212
E00044396,268,30,238
E00044397,318,53,265
E00044398,202,28,174
E00044399,243,43,200
E00044401,226,58,168
E00044403,256,65,191
E00044404,231,51,180
E00044405,314,50,264
E00044406,230,40,190
E00044407,169,28,141
E00044408,298,73,225
E00044409,214,50,164
E00044410,240,32,208
E00044411,260,31,229
E00044412,195,29,166
E00044413,260,51,209
E00044414,193,29,164
E00044415,249,74,175
E00044416,119,19,100
E00044417,270,56,214
E00044419,211,26,185
E00044420,221,54,167
E00044421,370,49,321
E00044422,482,79,403
E00044423,231,41,190
E00044424,249,53,196
E00044425,264,51,213
E00044426,288,41,247
E00044427,402,83,319
E00044428,298,46,252
E00044429,279,71,208
E00044430,189,31,158
E00044431,298,50,248
E00044432,188,19,169
E00044433,248,49,199
E00044434,248,52,196
E00044435,185,28,157
E00044437,225,43,182
E00044438,278,37,241
E00044439,249,31,218
E00044440,179,25,154
E00044441,154,21,133
E00044442,268,22,246
E00044443,247,30,217
E00044444,244,27,217
E00044445,294,40,254
E00044446,185,24,161
E00044447,243,33,210
E00044448,230,19,211
E00044449,349,49,300
E00044451,360,57,303
E00044452,249,42,207
E00044454,304,86,218
E00044455,549,135,414
E00044457,207,37,170
E00044458,336,71,265
E00044460,330,48,282
E00044461,177,34,143
E00044463,290,41,249
E00044464,229,23,206
E00044465,238,44,194
E00044466,251,49,202
E00044467,321,81,240
E00044468,355,89,266
E00044469,309,61,248
E00044470,293,53,240
E00044471,196,27,169
E00044472,277,47,230
E00044473,269,34,235
E00044474,267,51,216
E00044475,267,39,228
E00044476,338,54,284
E00044477,291,49,242
E00044478,296,53,243
E00044479,262,42,220
E00044480,230,17,213
E00044481,255,41,214
E00044482,191,35,156
E00044483,311,40,271
E00044484,244,36,208
E00044485,269,44,225
E00044486,261,30,231
E00044487,310,57,253
E00044488,229,20,209
E00044489,289,49,240
E00044490,257,34,223
E00044491,300,89,211
E00044492,208,24,184
E00044493,209,38,171
E00044494,241,29,212
E00044495,207,27,180
E00044496,319,80,239
E00044497,349,77,272
E00044498,245,23,222
E00044499,308,56,252
E00044500,284,44,240
E00044501,232,34,198
E00044502,354,48,306
E00044505,254,28,226
E00044508,296,41,255
E00044509,143,18,125
E00044510,279,62,217
E00044511,212,45,167
E00044512,272,47,225
E00044513,161,23,138
E00044514,278,49,229
E00044515,271,50,221
E00044516,284,78,206
E00044517,290,65,225
E00044518,244,38,206
E00044519,396,62,334
E00044520,245,59,186
E00044521,233,22,211
E00044522,261,60,201
E00044523,281,65,216
E00044524,288,63,225
E00044525,232,52,180
E00044526,211,9,202
E00044527,246,38,208
E00044528,294,43,251
E00044529,243,21,222
E00044530,322,78,244
E00044531,374,90,284
E00044532,233,23,210
E00044533,361,66,295
E00044534,206,31,175
E00044535,276,51,225
E00044536,288,46,242
E00044537,358,102,256
E00044538,292,60,232
E00044539,308,54,254
E00044540,386,74,312
E00044541,291,51,240
E00044542,301,60,241
E00044543,226,33,193
E00044544,275,33,242
E00044545,107,0,107
E00044546,274,55,219
E00044547,262,35,227
E00044548,276,37,239
E00044549,229,37,192
E00044550,244,49,195
E00044551,248,36,212
E00044552,276,35,241
E00044553,289,48,241
E00044554,177,21,156
E00044555,206,32,174
E00044556,246,24,222
E00044557,255,36,219
E00044558,257,38,219
E00044559,321,92,229
E00044560,299,69,230
E00044561,266,59,207
E00044562,285,66,219
E00044563,152,7,145
E00044564,234,36,198
E00044565,316,64,252
E00044566,206,13,193
E00044567,231,36,195
E00044568,270,38,232
E00044569,265,59,206
E00044570,230,1,229
E00044571,219,18,201
E00044572,234,27,207
E00044573,246,45,201
E00044574,216,16,200
E00044575,228,27,201
E00044576,243,44,199
E00044577,257,62,195
E00044578,321,46,275
E00044579,264,42,222
E00044580,267,37,230
E00044581,312,45,267
E00044582,260,28,232
E00044583,254,28,226
E00044584,282,30,252
E00044585,333,81,252
E00044587,275,38,237
E00044588,281,39,242
E00044589,201,21,180
E00044590,243,39,204
E00044591,255,50,205
E00044592,284,52,232
E00044593,250,50,200
E00044594,371,51,320
E00044595,276,49,227
E00044596,255,30,225
E00044597,307,39,268
E00044598,291,57,234
E00044599,252,46,206
E00044600,257,60,197
E00044601,276,39,237
E00044602,213,16,197
E00044603,301,60,241
E00044604,269,36,233
E00044605,267,50,217
E00044606,266,21,245
E00044607,250,35,215
E00044608,254,46,208
E00044609,257,28,229
E00044610,306,63,243
E00044611,260,32,228
E00044612,305,62,243
E00044613,205,17,188
E00044614,306,78,228
E00044615,253,40,213
E00044616,256,40,216
E00044617,280,30,250
E00044618,281,47,234
E00044619,253,28,225
E00044620,253,52,201
E00044621,199,27,172
E00044622,181,17,164
E00044623,251,37,214
E00044624,256,48,208
E00044625,235,43,192
E00044626,305,45,260
E00044627,249,38,211
E00044628,259,38,221
E00044629,310,66,244
E00044630,202,11,191
E00044631,258,33,225
E00044632,378,117,261
E00044633,243,41,202
E00044634,262,56,206
E00044635,153,18,135
E00044636,227,30,197
E00044637,249,42,207
E00044638,256,49,207
E00044639,233,14,219
E00044640,136,12,124
E00044641,295,41,254
E00044642,267,42,225
E00044644,280,38,242
E00044645,231,21,210
E00044646,428,33,395
E00044647,283,45,238
E00044648,318,54,264
E00044649,257,53,204
E00044650,314,52,262
E00044651,462,72,390
E00044652,239,37,202
E00044653,275,26,249
E00044655,221,53,168
E00044656,297,41,256
E00044657,285,52,233
E00044658,422,79,343
E00044659,152,20,132
E00044660,257,29,228
E00044661,300,36,264
E00044662,245,39,206
E00044663,252,41,211
E00044664,265,50,215
E00044665,340,54,286
E00044666,243,43,200
E00044668,277,38,239
E00044669,252,49,203
E00044670,226,67,159
E00044671,166,28,138
E00044672,246,55,191
E00044673,241,34,207
E00044674,256,54,202
E00044675,447,68,379
E00044676,242,14,228
E00044677,274,51,223
E00044682,243,32,211
E00044683,264,29,235
E00044684,332,55,277
E00044685,287,91,196
E00044686,326,45,281
E00044687,235,28,207
E00044688,230,21,209
E00044689,305,63,242
E00044690,298,67,231
E00044691,230,29,201
E00044692,291,68,223
E00044693,275,30,245
E00044695,287,41,246
E00044696,331,60,271
E00044697,196,30,166
E00044698,199,35,164
E00044699,296,60,236
E00044700,263,33,230
E00044701,364,91,273
E00044702,242,40,202
E00044703,229,25,204
E00044704,261,43,218
E00044705,231,25,206
E00044706,264,53,211
E00044707,277,45,232
E00044708,251,28,223
E00044709,257,26,231
E00044710,249,48,201
E00044711,268,49,219
E00044712,347,58,289
E00044713,277,33,244
E00044714,249,54,195
E00044715,283,51,232
E00044716,381,72,309
E00044717,253,42,211
E00044718,296,49,247
E00044720,277,47,230
E00044721,283,49,234
E00044724,262,32,230
E00044725,261,36,225
E00044726,268,28,240
E00044728,293,48,245
E00044730,245,29,216
E00044731,233,29,204
E00044732,396,57,339
E00044733,221,35,186
E00044734,188,39,149
E00044735,232,33,199
E00044737,252,48,204
E00044738,458,110,348
E00044739,206,20,186
E00044740,339,29,310
E00044741,283,26,257
E00044743,268,33,235
E00044744,257,40,217
E00044745,281,71,210
E00044746,338,77,261
E00044748,329,97,232
E00044749,264,43,221
E00044750,289,51,238
E00044751,306,67,239
E00044752,269,43,226
E00044753,292,65,227
E00044754,338,106,232
E00044755,317,47,270
E00044756,263,25,238
E00044757,293,66,227
E00044759,421,102,319
E00044760,257,60,197
E00044761,292,81,211
E00044762,316,72,244
E00044763,236,59,177
E00044764,202,18,184
E00044765,175,26,149
E00044766,242,50,192
E00044767,401,55,346
E00044768,246,43,203
E00044769,275,54,221
E00044770,266,54,212
E00044771,243,44,199
E00044772,237,19,218
E00044773,166,21,145
E00044774,343,62,281
E00044775,223,41,182
E00044776,256,65,191
E00044777,263,82,181
E00044778,274,69,205
E00044779,257,53,204
E00044780,193,35,158
E00044781,270,43,227
E00044782,274,55,219
E00044783,199,40,159
E00044784,267,53,214
E00044785,227,57,170
E00044786,229,21,208
E00044787,307,88,219
E00044788,297,60,237
E00044789,285,73,212
E00044790,366,101,265
E00044791,271,42,229
E00044792,264,48,216
E00044793,242,46,196
E00044794,253,50,203
E00044795,145,49,96
E00044796,231,36,195
E00044797,268,61,207
E00044798,342,111,231
E00044799,233,42,191
E00044800,228,29,199
E00044801,297,65,232
E00044802,253,57,196
E00044803,310,65,245
E00044804,264,49,215
E00044805,306,89,217
E00044806,268,61,207
E00044807,185,23,162
E00044808,252,52,200
E00044809,182,30,152
E00044810,255,60,195
E00044811,251,48,203
E00044812,334,107,227
E00044813,263,50,213
E00044814,307,81,226
E00044815,242,44,198
E00044816,277,70,207
E00044817,251,44,207
E00044818,247,44,203
E00044819,259,50,209
E00044820,287,66,221
E00044821,256,50,206
E00044822,248,64,184
E00044823,272,57,215
E00044824,259,61,198
E00044825,228,52,176
E00044826,288,76,212
E00044827,293,67,226
E00044828,152,26,126
E00044829,252,57,195
E00044830,226,35,191
E00044831,270,46,224
E00044832,247,38,209
E00044833,445,145,300
E00044835,235,45,190
E00044836,164,11,153
E00044837,210,24,186
E00044838,257,62,195
E00044839,286,87,199
E00044841,179,63,116
E00044842,258,78,180
E00044843,258,67,191
E00044844,357,141,216
E00044845,294,71,223
E00044846,275,64,211
E00044847,316,107,209
E00044848,251,42,209
E00044849,218,40,178
E00044850,257,74,183
E00044851,303,76,227
E00044852,366,114,252
E00044853,207,28,179
E00044854,297,93,204
E00044855,238,46,192
E00044856,418,62,356
E00044857,198,16,182
E00044858,357,97,260
E00044859,251,47,204
E00044860,351,77,274
E00044861,148,18,130
E00044862,336,87,249
E00044863,332,47,285
E00044864,256,34,222
E00044865,305,70,235
E00044866,190,20,170
E00044867,250,52,198
E00044868,266,73,193
E00044869,190,35,155
E00044870,239,41,198
E00044871,264,67,197
E00044872,179,24,155
E00044873,256,38,218
E00044874,242,58,184
E00044875,204,33,171
E00044876,216,60,156
E00044877,311,50,261
E00044878,285,64,221
E00044879,185,15,170
E00044880,256,28,228
E00044881,280,47,233
E00044882,278,59,219
E00044883,124,18,106
E00044884,222,37,185
E00044885,278,59,219
E00044886,309,70,239
E00044887,268,59,209
E00044888,282,59,223
E00044889,217,48,169
E00044890,241,63,178
E00044891,247,49,198
E00044892,306,78,228
E00044893,311,90,221
E00044894,210,36,174
E00044895,251,41,210
E00044896,305,75,230
E00044897,254,56,198
E00044898,290,47,243
E00044899,271,41,230
E00044900,278,37,241
E00044901,292,32,260
E00044902,262,64,198
E00044903,195,32,163
E00044904,289,39,250
E00044905,234,36,198
E00044906,372,48,324
E00044907,125,8,117
E00044908,247,36,211
E00044909,243,38,205
E00044910,368,67,301
E00044911,227,30,197
E00044912,195,27,168
E00044913,262,27,235
E00044914,285,57,228
E00044915,260,22,238
E00044916,321,66,255
E00044917,257,45,212
E00044918,275,32,243
E00044919,275,39,236
E00044920,281,32,249
E00044921,217,30,187
E00044922,223,18,205
E00044923,282,48,234
E00044925,257,36,221
E00044926,372,117,255
E00044927,286,42,244
E00044928,261,20,241
E00044929,273,66,207
E00044930,348,54,294
E00044931,386,51,335
E00044932,269,62,207
E00044933,242,49,193
E00044934,278,61,217
E00044935,342,118,224
E00044936,297,85,212
E00044937,270,88,182
E00044938,220,49,171
E00044939,289,68,221
E00044940,310,90,220
E00044941,319,74,245
E00044942,247,64,183
E00044943,325,81,244
E00044944,349,76,273
E00044945,140,30,110
E00044946,172,29,143
E00044947,131,9,122
E00044948,272,87,185
E00044949,266,31,235
E00044950,401,100,301
E00044951,254,42,212
E00044952,213,14,199
E00044953,267,46,221
E00044954,260,26,234
E00044955,257,57,200
E00044956,195,31,164
E00044957,226,14,212
E00044958,145,19,126
E00044959,302,68,234
E00044960,185,27,158
E00044961,246,62,184
E00044962,239,44,195
E00044963,351,128,223
E00044964,174,23,151
E00044965,230,45,185
E00044966,264,60,204
E00044967,216,47,169
E00044968,251,54,197
E00044969,268,56,212
E00044970,233,44,189
E00044971,229,28,201
E00044972,250,41,209
E00044973,218,39,179
E00044974,364,123,241
E00044975,255,37,218
E00044976,227,31,196
E00044977,296,57,239
E00044978,266,72,194
E00044979,232,46,186
E00044980,294,36,258
E00044981,266,33,233
E00044982,247,60,187
E00044983,250,43,207
E00044984,231,23,208
E00044985,216,39,177
E00044986,294,56,238
E00044987,263,51,212
E00044988,237,29,208
E00044989,322,67,255
E00044990,246,20,226
E00044991,221,64,157
E00044992,263,41,222
E00044993,269,68,201
E00044994,321,44,277
E00044995,266,36,230
E00044996,232,47,185
E00044997,278,26,252
E00044998,244,67,177
E00045000,269,25,244
E00045001,257,50,207
E00045002,243,49,194
E00045003,211,40,171
E00045004,244,29,215
E00045005,239,36,203
E00045006,289,45,244
E00045007,322,61,261
E00045008,327,77,250
E00045009,261,38,223
E00045010,280,39,241
E00045011,216,51,165
E00045012,219,28,191
E00045013,301,60,241
E00045014,275,34,241
E00045015,253,51,202
E00045016,258,30,228
E00045017,254,42,212
E00045018,289,64,225
E00045019,242,45,197
E00045020,272,38,234
E00045021,255,32,223
E00045022,290,60,230
E00045023,204,39,165
E00045024,295,40,255
E00045025,234,31,203
E00045026,284,62,222
E00045027,235,33,202
E00045028,223,27,196
E00045029,281,35,246
E00045030,318,80,238
E00045031,309,77,232
E00045032,325,48,277
E00045033,225,46,179
E00045034,224,37,187
E00045035,300,43,257
E00045036,292,34,258
E00045037,341,54,287
E00045038,569,107,462
E00045039,334,51,283
E00045040,229,18,211
E00045041,418,67,351
E00045042,288,59,229
E00045043,261,38,223
E00045044,275,46,229
E00045045,511,100,411
E00045046,241,31,210
E00045047,220,26,194
E00045048,277,38,239
E00045049,305,67,238
E00045050,255,52,203
E00045051,318,63,255
E00045052,231,32,199
E00045053,223,25,198
E00045054,282,54,228
E00045055,261,41,220
E00045056,278,53,225
E00045057,284,46,238
E00045058,218,23,195
E00045059,297,61,236
E00045060,234,42,192
E00045061,244,21,223
E00045062,241,29,212
E00045063,306,58,248
E00045064,300,58,242
E00045065,396,102,294
E00045066,246,47,199
E00045067,328,62,266
E00045068,253,30,223
E00045070,281,36,245
E00045071,321,89,232
E00045072,309,76,233
E00045073,385,62,323
E00045074,274,62,212
E00045075,476,89,387
E00045076,276,39,237
E00045077,310,78,232
E00045078,356,71,285
E00045079,288,55,233
E00045080,359,77,282
E00045081,242,35,207
E00045082,400,106,294
E00045083,330,60,270
E00045084,332,79,253
E00045085,284,39,245
E00045086,400,95,305
E00045087,238,33,205
E00045088,299,54,245
E00045090,336,54,282
E00045091,384,55,329
E00045092,374,54,320
E00045093,276,35,241
E00045094,387,101,286
E00045095,290,71,219
E00045096,231,36,195
E00045097,302,62,240
E00045098,251,57,194
E00045099,255,87,168
E00045100,356,99,257
E00045101,379,150,229
E00045102,428,131,297
E00045103,352,112,240
E00045104,369,119,250
E00045105,358,113,245
E00045106,339,130,209
E00045107,375,146,229
E00045108,288,77,211
E00045109,404,155,249
E00045110,280,63,217
E00045111,347,116,231
E00045112,323,98,225
E00045113,328,96,232
E00045114,329,119,210
E00045115,323,107,216
E00045116,425,153,272
E00045117,301,96,205
E00045118,362,98,264
E00045119,395,125,270
E00045120,407,145,262
E00045121,379,100,279
E00045122,265,74,191
E00045123,232,58,174
E00045124,366,117,249
E00045125,345,112,233
E00045126,418,138,280
E00045127,357,131,226
E00045128,455,124,331
E00045129,455,151,304
E00045130,287,80,207
E00045131,426,144,282
E00045132,214,64,150
E00045133,264,60,204
E00045134,448,175,273
E00045135,321,88,233
E00045136,360,91,269
E00045137,348,100,248
E00045138,342,96,246
E00045139,139,4,135
E00045140,326,99,227
E00045141,262,63,199
E00045142,349,100,249
E00045143,338,83,255
E00045144,306,60,246
E00045145,413,119,294
E00045146,341,57,284
E00045147,263,76,187
E00045148,309,64,245
E00045149,234,34,200
E00045150,301,67,234
E00045151,298,52,246
E00045152,290,74,216
E00045153,358,90,268
E00045154,296,58,238
E00045155,379,85,294
E00045156,254,42,212
E00045157,308,80,228
E00045158,331,65,266
E00045159,288,52,236
E00045160,376,112,264
E00045161,267,70,197
E00045162,383,112,271
E00045163,316,75,241
E00045164,259,29,230
E00045165,347,109,238
E00045166,323,96,227
E00045167,418,168,250
E00045168,430,156,274
E00045169,411,140,271
E00045171,522,228,294
E00045172,493,165,328
E00045173,544,172,372
E00045174,419,122,297
E00045175,453,129,324
E00045176,415,146,269
E00045178,438,144,294
E00045180,341,143,198
E00045181,337,102,235
E00045182,319,93,226
E00045183,479,162,317
E00045184,323,100,223
E00045186,355,116,239
E00045187,363,158,205
E00045188,267,79,188
E00045189,319,83,236
E00045190,516,184,332
E00045191,335,129,206
E00045193,473,182,291
E00045196,204,94,110
E00045197,444,209,235
E00045198,138,27,111
E00045199,475,170,305
E00045200,481,112,369
E00045201,367,137,230
E00045202,344,107,237
E00045204,525,226,299
E00045205,345,138,207
E00045206,415,177,238
E00045207,262,82,180
E00045208,494,225,269
E00045210,288,97,191
E00045212,502,209,293
E00045213,439,149,290
E00045214,287,88,199
E00045215,424,146,278
E00045216,314,107,207
E00045217,380,117,263
E00045218,399,143,256
E00045219,469,178,291
E00045220,376,119,257
E00045221,361,151,210
E00045222,107,13,94
E00045223,323,109,214
E00045224,265,77,188
E00045225,279,88,191
E00045226,211,55,156
E00045227,359,99,260
E00045228,304,73,231
E00045231,323,125,198
E00045232,517,175,342
E00045233,295,136,159
E00045234,413,137,276
E00045235,390,111,279
E00045236,431,125,306
E00045237,387,113,274
E00045238,332,114,218
E00045239,421,158,263
E00045240,266,68,198
E00045241,529,175,354
E00045242,285,97,188
E00045244,390,149,241
E00045245,402,129,273
E00045247,285,116,169
E00045249,245,59,186
E00045250,219,22,197
E00045251,277,88,189
E00045252,213,45,168
E00045253,263,34,229
E00045254,224,60,164
E00045255,333,60,273
E00045256,332,114,218
E00045257,289,44,245
E00045258,292,60,232
E00045259,296,89,207
E00045260,247,45,202
E00045261,201,32,169
E00045262,275,62,213
E00045263,233,70,163
E00045264,382,92,290
E00045265,290,78,212
E00045266,210,39,171
E00045267,196,47,149
E00045269,274,40,234
E00045271,180,57,123
E00045272,206,40,166
E00045273,376,116,260
E00045274,397,123,274
E00045275,263,21,242
E00045276,310,105,205
E00045277,276,77,199
E00045278,353,103,250
E00045279,190,28,162
E00045280,192,33,159
E00045281,275,63,212
E00045282,230,45,185
E00045283,294,77,217
E00045284,320,101,219
E00045285,253,53,200
E00045286,327,88,239
E00045287,292,89,203
E00045288,296,67,229
E00045289,232,71,161
E00045290,272,89,183
E00045292,272,66,206
E00045293,402,96,306
E00045294,297,43,254
E00045295,272,68,204
E00045296,308,53,255
E00045297,262,32,230
E00045298,308,55,253
E00045299,337,88,249
E00045300,309,73,236
E00045301,261,49,212
E00045302,201,63,138
E00045303,366,89,277
E00045304,260,92,168
E00045305,265,29,236
E00045306,309,58,251
E00045307,250,52,198
E00045308,296,82,214
E00045309,253,42,211
E00045310,248,62,186
E00045311,254,54,200
E00045312,261,36,225
E00045313,283,41,242
E00045315,268,64,204
E00045317,322,149,173
E00045318,240,54,186
E00045320,288,76,212
E00045321,223,55,168
E00045322,332,84,248
E00045323,260,73,187
E00045324,343,72,271
E00045325,324,119,205
E00045326,340,84,256
E00045327,248,46,202
E00045328,357,71,286
E00045329,309,84,225
E00045330,299,80,219
E00045331,322,62,260
E00045332,269,57,212
E00045333,277,52,225
E00045334,381,58,323
E00045335,259,70,189
E00045336,296,70,226
E00045337,295,88,207
E00045338,268,70,198
E00045339,439,129,310
E00045340,247,57,190
E00045341,276,69,207
E00045342,526,106,420
E00045343,267,54,213
E00045344,263,100,163
E00045345,394,96,298
E00045346,318,76,242
E00045347,275,50,225
E00045348,367,104,263
E00045349,267,47,220
E00045350,306,74,232
E00045351,332,54,278
E00045352,324,84,240
E00045353,329,66,263
E00045354,287,49,238
E00045355,292,76,216
E00045356,256,54,202
E00045357,297,73,224
E00045358,213,46,167
E00045359,336,69,267
E00045360,300,52,248
E00045361,240,26,214
E00045362,374,82,292
E00045363,330,70,260
E00045364,298,68,230
E00045365,301,63,238
E00045366,263,45,218
E00045367,195,27,168
E00045368,234,27,207
E00045369,301,42,259
E00045370,309,49,260
E00045371,298,51,247
E00045372,292,43,249
E00045373,296,51,245
E00045374,432,109,323
E00045375,379,105,274
E00045376,331,89,242
E00045377,368,98,270
E00045378,276,56,220
E00045379,326,86,240
E00045380,290,76,214
E00045381,313,78,235
E00045382,271,56,215
E00045383,335,86,249
E00045384,344,112,232
E00045385,241,51,190
E00045386,318,61,257
E00045387,304,45,259
E00045388,419,146,273
E00045389,247,46,201
E00045390,275,67,208
E00045391,329,68,261
E00045392,296,69,227
E00045393,254,58,196
E00045394,361,93,268
E00045395,293,83,210
E00045396,385,136,249
E00045397,397,128,269
E00045398,260,71,189
E00045399,326,96,230
E00045400,282,94,188
E00045401,276,95,181
E00045402,366,100,266
E00045403,281,75,206
E00045404,112,9,103
E00045405,233,61,172
E00045406,336,79,257
E00045407,280,58,222
E00045408,267,80,187
E00045409,257,73,184
E00045410,280,82,198
E00045411,302,62,240
E00045412,352,103,249
E00045413,155,1,154
E00045414,255,73,182
E00045415,259,40,219
E00045416,244,37,207
E00045417,236,42,194
E00045418,203,9,194
E00045419,298,78,220
E00045420,326,56,270
E00045421,338,76,262
E00045422,292,66,226
E00045423,309,79,230
E00045424,399,96,303
E00045425,237,66,171
E00045426,221,45,176
E00045427,324,77,247
E00045428,338,78,260
E00045429,258,42,216
E00045430,279,54,225
E00045431,329,87,242
E00045432,242,37,205
E00045433,286,65,221
E00045434,235,61,174
E00045435,261,65,196
E00045436,252,40,212
E00045437,200,17,183
E00045438,269,45,224
E00045439,267,31,236
E00045440,184,24,160
E00045441,275,46,229
E00045442,336,81,255
E00045443,294,43,251
E00045444,292,57,235
E00045445,348,71,277
E00045446,281,49,232
E00045447,290,37,253
E00045448,206,21,185
E00045449,267,44,223
E00045450,289,38,251
E00045451,292,43,249
E00045452,347,100,247
E00045453,296,75,221
E00045454,315,68,247
E00045455,360,136,224
E00045456,244,51,193
E00045457,448,176,272
E00045458,258,45,213
E00045459,326,93,233
E00045460,311,57,254
E00045461,238,37,201
E00045462,321,84,237
E00045463,327,99,228
E00045464,215,22,193
E00045465,243,61,182
E00045466,231,45,186
E00045467,280,80,200
E00045468,224,32,192
E00045469,326,63,263
E00045470,310,50,260
E00045471,370,75,295
E00045472,277,61,216
E00045473,292,56,236
E00045474,283,72,211
E00045475,198,25,173
E00045476,298,50,248
E00045477,200,29,171
E00045478,328,46,282
E00045479,266,29,237
E00045480,287,38,249
E00045481,267,42,225
E00045482,228,37,191
E00045483,309,58,251
E00045484,247,29,218
E00045485,150,8,142
E00045486,271,50,221
E00045487,253,31,222
E00045488,388,71,317
E00045489,154,15,139
E00045490,228,51,177
E00045491,326,103,223
E00045492,298,37,261
E00045493,323,79,244
E00045494,304,81,223
E00045495,202,26,176
E00045496,309,90,219
E00045497,278,77,201
E00045498,343,78,265
E00045499,284,56,228
E00045500,336,85,251
E00045501,261,50,211
E00045502,303,97,206
E00045503,262,70,192
E00045504,275,39,236
E00045505,401,133,268
E00045506,309,55,254
E00045507,291,69,222
E00045508,275,48,227
E00045509,281,50,231
E00045510,179,67,112
E00045511,256,55,201
E00045512,245,57,188
E00045513,197,63,134
E00045514,178,39,139
E00045515,168,32,136
E00045516,241,71,170
E00045517,258,72,186
E00045518,373,138,235
E00045519,232,73,159
E00045520,303,74,229
E00045521,267,45,222
E00045522,324,59,265
E00045523,326,85,241
E00045524,283,46,237
E00045525,279,61,218
E00045526,470,120,350
E00045527,344,107,237
E00045528,298,81,217
E00045529,286,63,223
E00045530,239,39,200
E00045531,300,64,236
E00045532,237,51,186
E00045533,204,66,138
E00045534,292,83,209
E00045535,268,29,239
E00045536,306,65,241
E00045537,366,89,277
E00045538,411,117,294
E00045539,307,62,245
E00045540,240,35,205
E00045541,306,64,242
E00045542,265,41,224
E00045543,335,91,244
E00045544,317,66,251
E00045545,338,93,245
E00045546,223,40,183
E00045547,324,52,272
E00045548,284,44,240
E00045549,391,54,337
E00045550,242,60,182
E00045551,270,50,220
E00045552,243,54,189
E00045553,275,69,206
E00045554,381,92,289
E00045555,361,79,282
E00045556,229,40,189
E00045557,268,77,191
E00045558,239,40,199
E00045559,383,112,271
E00045560,222,33,189
E00045561,254,61,193
E00045562,470,98,372
E00045563,241,33,208
E00045564,264,57,207
E00045566,387,74,313
E00045568,288,42,246
E00045569,193,34,159
E00045570,293,50,243
E00045571,209,29,180
E00045572,309,59,250
E00045573,311,65,246
E00045574,295,52,243
E00045575,281,53,228
E00045576,312,55,257
E00045577,224,31,193
E00045578,216,13,203
E00045579,310,100,210
E00045580,234,57,177
E00045581,188,44,144
E00045582,202,29,173
E00045583,272,60,212
E00045585,292,60,232
E00045586,178,59,119
E00045587,313,88,225
E00045588,321,96,225
E00045589,304,59,245
E00045590,487,196,291
E00045592,436,109,327
E00045593,332,142,190
E00045594,369,148,221
E00045595,299,56,243
E00045596,297,61,236
E00045597,393,67,326
E00045598,332,87,245
E00045599,280,47,233
E00045600,255,32,223
E00045601,281,51,230
E00045602,400,66,334
E00045603,330,69,261
E00045604,238,33,205
E00045605,238,38,200
E00045606,211,50,161
E00045607,274,92,182
E00045608,329,58,271
E00045609,380,95,285
E00045610,337,118,219
E00045611,185,25,160
E00045612,312,60,252
E00045613,306,70,236
E00045614,330,62,268
E00045615,223,35,188
E00045616,279,59,220
E00045618,176,45,131
E00045620,308,174,134
E00045621,240,44,196
E00045622,265,63,202
E00045623,379,113,266
E00045624,221,51,170
E00045625,356,127,229
E00045627,387,110,277
E00045628,194,44,150
E00045629,209,36,173
E00045630,439,159,280
E00045631,300,111,189
E00045632,239,53,186
E00045633,311,121,190
E00045635,326,91,235
E00045636,339,103,236
E00045637,222,33,189
E00045638,271,75,196
E00045639,386,128,258
E00045640,233,40,193
E00045641,306,56,250
E00045643,406,124,282
E00045644,236,64,172
E00045645,325,87,238
E00045646,339,80,259
E00045647,324,53,271
E00045649,181,56,125
E00045651,335,119,216
E00045652,206,45,161
E00045653,192,56,136
E00045654,256,91,165
E00045655,245,60,185
E00045658,247,50,197
E00045659,197,31,166
E00045660,272,132,140
E00045661,301,183,118
E00045662,392,137,255
E00045663,370,50,320
E00045664,318,39,279
E00045665,300,63,237
E00045666,175,16,159
E00045667,452,83,369
E00045668,499,93,406
E00045670,406,131,275
E00045671,377,124,253
E00045672,258,50,208
E00045673,211,43,168
E00045674,276,29,247
E00045675,259,40,219
E00045676,323,59,264
E00045677,317,79,238
E00045678,266,50,216
E00045679,256,43,213
E00045680,368,75,293
E00045681,355,62,293
E00045682,178,25,153
E00045683,306,63,243
E00045684,201,37,164
E00045685,261,40,221
E00045686,220,25,195
E00045687,425,76,349
E00045688,282,55,227
E00045689,267,47,220
E00045690,516,114,402
E00045691,281,48,233
E00045692,177,27,150
E00045693,258,41,217
E00045694,356,68,288
E00045695,320,71,249
E00045696,203,25,178
E00045697,227,45,182
E00045698,251,46,205
E00045699,299,62,237
E00045700,274,55,219
E00045701,254,37,217
E00045702,307,56,251
E00045703,201,33,168
E00045704,220,53,167
E00045705,364,76,288
E00045706,422,86,336
E00045707,295,44,251
E00045708,322,81,241
E00045709,217,35,182
E00045710,340,75,265
E00045711,381,102,279
E00045712,340,104,236
E00045713,345,87,258
E00045714,261,36,225
E00045715,283,47,236
E00045716,428,161,267
E00045717,371,89,282
E00045718,345,97,248
E00045719,346,136,210
E00045720,503,57,446
E00045721,276,54,222
E00045722,162,12,150
E00045724,332,56,276
E00045726,131,51,80
E00045727,232,59,173
E00045728,283,41,242
E00045729,550,184,366
E00045730,458,126,332
E00045731,272,67,205
E00045732,256,48,208
E00045734,343,61,282
E00045735,290,130,160
E00045736,263,28,235
E00045737,260,42,218
E00045739,252,42,210
E00045740,267,27,240
E00045741,244,53,191
E00045742,303,58,245
E00045743,314,49,265
E00045744,173,29,144
E00045745,283,58,225
E00045746,420,138,282
E00045748,389,129,260
E00045749,350,68,282
E00045750,323,78,245
E00045751,287,66,221
E00045752,446,117,329
E00045753,331,93,238
E00045754,248,46,202
E00045755,346,122,224
E00045756,171,12,159
E00045757,222,33,189
E00045758,370,99,271
E00045759,375,127,248
E00045760,369,104,265
E00045761,351,102,249
E00045762,376,98,278
E00045763,358,109,249
E00045764,308,98,210
E00045765,395,119,276
E00045766,259,64,195
E00045767,354,98,256
E00045768,316,65,251
E00045769,364,99,265
E00045770,304,91,213
E00045771,353,121,232
E00045772,343,89,254
E00045773,360,128,232
E00045774,363,106,257
E00045775,307,74,233
E00045776,269,63,206
E00045777,278,67,211
E00045778,286,76,210
E00045779,283,78,205
E00045780,293,85,208
E00045781,348,127,221
E00045782,371,105,266
E00045783,328,110,218
E00045784,410,135,275
E00045785,333,94,239
E00045786,332,92,240
E00045787,266,79,187
E00045788,358,81,277
E00045789,159,38,121
E00045790,337,101,236
E00045791,302,87,215
E00045792,358,135,223
E00045793,275,89,186
E00045794,338,103,235
E00045795,482,145,337
E00045796,274,78,196
E00045797,390,96,294
E00045798,380,100,280
E00045799,420,108,312
E00045800,322,105,217
E00045801,337,110,227
E00045802,343,113,230
E00045803,558,209,349
E00045804,325,94,231
E00045805,374,137,237
E00045806,491,83,408
E00045807,415,88,327
E00045808,419,164,255
E00045809,276,95,181
E00045810,386,130,256
E00045811,446,131,315
E00045812,393,139,254
E00045813,235,44,191
E00045814,252,44,208
E00045815,463,82,381
E00045816,393,136,257
E00045817,506,204,302
E00045819,413,105,308
E00045820,505,160,345
E00045821,359,92,267
E00045822,408,103,305
E00045823,230,17,213
E00045825,345,84,261
E00045826,372,106,266
E00045827,329,92,237
E00045828,352,97,255
E00045829,296,61,235
E00045830,381,99,282
E00045831,352,88,264
E00045832,355,87,268
E00045833,295,59,236
E00045834,274,49,225
E00045835,318,74,244
E00045836,363,96,267
E00045837,290,57,233
E00045838,305,90,215
E00045839,353,90,263
E00045840,320,70,250
E00045841,366,89,277
E00045842,457,154,303
E00045843,329,94,235
E00045844,424,136,288
E00045845,337,109,228
E00045846,371,132,239
E00045847,459,157,302
E00045848,422,99,323
E00045849,261,83,178
E00045850,324,97,227
E00045851,321,61,260
E00045853,407,110,297
E00045854,345,100,245
E00045855,357,90,267
E00045856,536,143,393
E00045857,178,30,148
E00045858,344,88,256
E00045859,475,102,373
E00045860,388,100,288
E00045861,372,88,284
E00045862,375,92,283
E00045863,296,66,230
E00045864,388,79,309
E00045865,368,119,249
E00045866,192,29,163
E00045867,370,100,270
E00045868,299,55,244
E00045869,459,119,340
E00045870,402,100,302
E00045871,354,101,253
E00045872,367,92,275
E00045873,435,103,332
E00045874,385,113,272
E00045875,383,116,267
E00045876,307,88,219
E00045877,330,77,253
E00045878,511,133,378
E00045879,320,87,233
E00045880,363,115,248
E00045881,429,113,316
E00045882,396,99,297
E00045883,313,92,221
E00045884,329,116,213
E00045885,408,78,330
E00045886,372,111,261
E00045887,396,90,306
E00045888,321,79,242
E00045889,406,77,329
E00045890,386,96,290
E00045891,339,63,276
E00045892,359,83,276
E00045893,423,95,328
E00045894,308,61,247
E00045895,235,27,208
E00045896,375,81,294
E00045897,346,68,278
E00045898,361,95,266
E00045899,351,90,261
E00045900,365,99,266
E00045901,449,120,329
E00045902,360,132,228
E00045904,518,173,345
E00045905,439,172,267
E00045906,538,146,392
E00045907,375,115,260
E00045909,487,175,312
E00045910,413,100,313
E00045911,439,102,337
E00045912,295,106,189
E00045913,379,113,266
E00045914,468,180,288
E00045915,328,99,229
E00045916,287,116,171
E00045917,561,172,389
E00045918,384,120,264
E00045919,475,130,345
E00045920,362,126,236
E00045921,427,133,294
E00045922,465,94,371
E00045923,402,140,262
E00045924,317,87,230
E00045925,448,150,298
E00045926,421,129,292
E00045927,335,79,256
E00045928,409,121,288
E00045929,374,98,276
E00045930,492,150,342
E00045931,389,145,244
E00045932,350,129,221
E00045935,384,92,292
E00045937,578,188,390
E00045939,391,125,266
E00045940,498,153,345
E00045941,463,90,373
E00045943,423,135,288
E00045944,441,154,287
E00045945,377,125,252
E00045948,489,123,366
E00045949,541,136,405
E00045950,455,117,338
E00045951,308,68,240
E00045952,297,76,221
E00045953,331,131,200
E00045954,359,86,273
E00045955,402,112,290
E00045956,381,128,253
E00045957,407,124,283
E00045959,336,117,219
E00045960,359,102,257
E00045961,396,159,237
E00045962,416,129,287
E00045963,516,180,336
E00045964,252,73,179
E00045965,415,139,276
E00045966,528,181,347
E00045967,455,158,297
E00045969,445,151,294
E00045970,274,72,202
E00045971,304,60,244
E00045972,232,39,193
E00045973,200,43,157
E00045974,238,59,179
E00045975,271,46,225
E00045976,271,55,216
E00045977,310,51,259
E00045978,272,47,225
E00045979,274,80,194
E00045980,309,84,225
E00045981,268,61,207
E00045982,260,62,198
E00045983,208,36,172
E00045984,363,60,303
E00045985,327,95,232
E00045986,359,60,299
E00045987,293,67,226
E00045988,288,75,213
E00045989,253,57,196
E00045990,360,71,289
E00045991,278,59,219
E00045992,222,16,206
E00045993,352,93,259
E00045994,255,45,210
E00045995,234,37,197
E00045996,250,105,145
E00045997,269,53,216
E00045998,360,134,226
E00045999,256,46,210
E00046000,276,48,228
E00046001,252,56,196
E00046002,284,97,187
E00046003,303,81,222
E00046004,204,35,169
E00046005,211,23,188
E00046006,296,51,245
E00046007,373,172,201
E00046008,344,111,233
E00046009,179,31,148
E00046010,317,93,224
E00046011,253,45,208
E00046012,379,164,215
E00046013,288,84,204
E00046014,431,170,261
E00046015,220,54,166
E00046016,232,58,174
E00046017,373,159,214
E00046018,313,110,203
E00046019,304,116,188
E00046020,248,49,199
E00046021,342,148,194
E00046022,256,115,141
E00046023,385,127,258
E00046024,306,130,176
E00046025,301,70,231
E00046026,366,187,179
E00046027,272,76,196
E00046028,303,51,252
E00046029,239,49,190
E00046030,239,34,205
E00046031,337,137,200
E00046032,277,77,200
E00046033,241,99,142
E00046034,330,152,178
E00046035,275,78,197
E00046036,216,39,177
E00046037,277,81,196
E00046039,323,34,289
E00046040,380,83,297
E00046041,396,107,289
E00046042,256,55,201
E00046043,351,87,264
E00046044,362,81,281
E00046045,289,60,229
E00046046,192,33,159
E00046047,262,40,222
E00046048,220,41,179
E00046049,145,15,130
E00046050,311,61,250
E00046051,400,105,295
E00046052,329,100,229
E00046053,355,85,270
E00046056,342,111,231
E00046057,439,123,316
E00046058,393,105,288
E00046059,329,63,266
E00046060,287,98,189
E00046061,387,128,259
E00046062,359,126,233
E00046063,305,86,219
E00046064,325,106,219
E00046065,297,92,205
E00046066,330,134,196
E00046067,328,83,245
E00046068,293,75,218
E00046069,403,116,287
E00046070,327,100,227
E00046071,332,74,258
E00046073,283,82,201
E00046074,241,83,158
E00046075,361,147,214
E00046080,301,101,200
E00046082,208,48,160
E00046083,353,118,235
E00046085,353,116,237
E00046086,381,127,254
E00046087,333,115,218
E00046088,324,90,234
E00046089,379,135,244
E00046090,310,91,219
E00046093,263,84,179
E00046094,350,128,222
E00046095,382,80,302
E00046096,496,150,346
E00046097,387,114,273
E00046098,180,50,130
E00046099,376,116,260
E00046100,209,26,183
E00046101,519,160,359
E00046102,504,164,340
E00046103,519,164,355
E00046104,284,79,205
E00046105,372,119,253
E00046106,354,97,257
E00046107,305,88,217
E00046108,570,198,372
E00046109,282,54,228
E00046110,287,61,226
E00046111,436,147,289
E00046112,438,137,301
E00046113,491,153,338
E00046114,325,92,233
E00046115,310,100,210
E00046116,482,151,331
E00046117,554,174,380
E00046118,295,87,208
E00046119,476,146,330
E00046120,517,179,338
E00046121,306,85,221
E00046122,306,40,266
E00046124,275,78,197
E00046125,407,135,272
E00046126,270,59,211
E00046127,357,97,260
E00046128,342,106,236
E00046129,423,96,327
E00046130,288,73,215
E00046131,247,63,184
E00046132,272,55,217
E00046133,378,80,298
E00046134,283,49,234
E00046135,262,68,194
E00046136,357,74,283
E00046137,313,86,227
E00046138,272,71,201
E00046140,253,38,215
E00046141,318,63,255
E00046142,242,29,213
E00046143,248,33,215
E00046144,251,38,213
E00046145,204,38,166
E00046146,217,34,183
E00046147,204,34,170
E00046148,423,116,307
E00046149,276,49,227
E00046150,274,50,224
E00046151,321,59,262
E00046152,231,50,181
E00046153,312,82,230
E00046154,255,64,191
E00046155,340,83,257
E00046156,187,43,144
E00046157,276,62,214
E00046158,242,55,187
E00046159,300,46,254
E00046160,207,33,174
E00046161,241,46,195
E00046162,246,47,199
E00046163,480,141,339
E00046164,314,74,240
E00046166,302,93,209
E00046167,214,45,169
E00046168,294,83,211
E00046169,235,63,172
E00046170,269,57,212
E00046171,271,60,211
E00046172,346,87,259
E00046173,281,85,196
E00046174,251,49,202
E00046175,346,78,268
E00046176,283,65,218
E00046177,276,82,194
E00046178,311,85,226
E00046179,340,87,253
E00046180,378,86,292
E00046181,339,95,244
E00046182,300,64,236
E00046183,349,57,292
E00046184,327,59,268
E00046185,285,40,245
E00046186,370,76,294
E00046187,407,88,319
E00046188,516,130,386
E00046189,333,81,252
E00046190,318,124,194
E00046191,346,57,289
E00046192,249,53,196
E00046193,278,64,214
E00046194,341,91,250
E00046195,237,51,186
E00046196,392,85,307
E00046197,297,51,246
E00046198,150,27,123
E00046199,282,45,237
E00046200,263,51,212
E00046201,262,52,210
E00046202,210,67,143
E00046203,243,49,194
E00046204,496,200,296
E00046205,263,53,210
E00046206,283,62,221
E00046207,192,30,162
E00046208,343,83,260
E00046209,213,40,173
E00046210,282,54,228
E00046211,419,143,276
E00046212,256,70,186
E00046213,261,49,212
E00046214,185,32,153
E00046215,298,34,264
E00046216,240,57,183
E00046217,241,61,180
E00046218,209,47,162
E00046219,202,47,155
E00046220,275,78,197
E00046221,250,54,196
E00046222,245,50,195
E00046223,238,37,201
E00046224,334,71,263
E00046225,308,46,262
E00046226,307,125,182
E00046227,263,56,207
E00046228,316,46,270
E00046229,313,52,261
E00046230,249,41,208
E00046231,507,240,267
E00046232,283,57,226
E00046233,356,72,284
E00046234,234,57,177
E00046235,329,71,258
E00046236,477,164,313
E00046237,279,60,219
E00046238,259,45,214
E00046239,308,55,253
E00046240,393,44,349
E00046242,290,63,227
E00046244,339,68,271
E00046245,294,51,243
E00046246,330,122,208
E00046247,233,27,206
E00046248,435,178,257
E00046249,227,28,199
E00046250,214,75,139
E00046251,283,102,181
E00046252,246,36,210
E00046253,223,60,163
E00046254,238,64,174
E00046255,177,17,160
E00046256,180,59,121
E00046257,353,91,262
E00046258,200,28,172
E00046259,143,51,92
E00046260,270,59,211
E00046261,345,97,248
E00046262,352,92,260
E00046263,238,39,199
E00046264,402,95,307
E00046265,331,120,211
E00046266,323,73,250
E00046267,212,34,178
E00046268,348,55,293
E00046269,146,12,134
E00046270,243,41,202
E00046271,367,101,266
E00046272,288,68,220
E00046273,201,38,163
E00046274,299,100,199
E00046275,357,90,267
E00046276,475,106,369
E00046277,242,39,203
E00046278,319,84,235
E00046279,325,57,268
E00046280,269,89,180
E00046281,272,71,201
E00046283,348,95,253
E00046285,293,85,208
E00046286,335,83,252
E00046287,359,93,266
E00046288,440,159,281
E00046289,333,93,240
E00046290,345,149,196
E00046291,304,142,162
E00046292,361,151,210
E00046293,388,115,273
E00046294,298,57,241
E00046295,440,173,267
E00046296,401,113,288
E00046297,324,59,265
E00046298,385,69,316
E00046299,413,155,258
E00046300,197,35,162
E00046301,341,87,254
E00046302,417,117,300
E00046303,320,100,220
E00046304,208,42,166
E00046305,274,70,204
E00046306,244,67,177
E00046307,222,60,162
E00046308,313,75,238
E00046309,319,100,219
E00046310,308,81,227
E00046311,294,81,213
E00046312,220,65,155
E00046313,296,74,222
E00046314,321,90,231
E00046315,347,111,236
E00046316,260,70,190
E00046317,242,47,195
E00046318,367,99,268
E00046319,324,77,247
E00046320,356,82,274
E00046321,295,96,199
E00046322,297,90,207
E00046323,251,52,199
E00046324,272,75,197
E00046325,277,72,205
E00046326,324,94,230
E00046327,324,84,240
E00046328,312,93,219
E00046329,285,48,237
E00046330,301,77,224
E00046331,229,42,187
E00046332,239,70,169
E00046333,342,97,245
E00046334,329,116,213
E00046335,274,77,197
E00046336,303,74,229
E00046337,313,87,226
E00046338,193,28,165
E00046339,296,70,226
E00046340,291,84,207
E00046341,361,95,266
E00046342,207,38,169
E00046343,293,69,224
E00046344,298,117,181
E00046347,372,85,287
E00046348,278,78,200
E00046349,372,107,265
E00046352,367,104,263
E00046353,322,87,235
E00046357,370,137,233
E00046358,271,39,232
E00046359,209,67,142
E00046361,251,63,188
E00046362,254,86,168
E00046363,282,84,198
E00046364,245,58,187
E00046365,206,64,142
E00046366,393,103,290
E00046368,264,80,184
E00046369,272,64,208
E00046370,201,47,154
E00046371,249,73,176
E00046372,450,130,320
E00046373,399,70,329
E00046374,320,133,187
E00046376,285,65,220
E00046378,311,56,255
E00046380,316,65,251
E00046381,209,63,146
E00046382,188,35,153
E00046383,263,78,185
E00046384,412,95,317
E00046386,356,116,240
E00046387,239,54,185
E00046388,379,98,281
E00046390,344,75,269
E00046391,349,121,228
E00046392,319,71,248
E00046393,321,37,284
E00046395,275,79,196
E00046396,426,88,338
E00046397,277,82,195
E00046400,131,33,98
E00046402,414,68,346
E00046403,214,37,177
E00046406,311,47,264
E00046408,362,90,272
E00046413,354,111,243
E00046414,320,100,220
E00046416,365,140,225
E00046417,566,180,386
E00046418,306,75,231
E00046419,331,82,249
E00046420,392,116,276
E00046421,299,58,241
E00046422,273,81,192
E00046423,305,82,223
E00046424,440,157,283
E00046425,230,61,169
E00046426,378,121,257
E00046427,396,91,305
E00046429,330,97,233
E00046430,420,151,269
E00046431,292,58,234
E00046432,359,86,273
E00046435,238,88,150
E00046436,251,68,183
E00046437,356,62,294
E00046438,369,119,250
E00046439,296,61,235
E00046440,265,57,208
E00046442,314,57,257
E00046443,298,82,216
E00046444,250,61,189
E00046445,576,137,439
E00046446,259,67,192
E00046447,193,55,138
E00046448,536,120,416
E00046449,276,52,224
E00046450,242,66,176
E00046451,285,57,228
E00046452,283,62,221
E00046453,226,49,177
E00046454,192,15,177
E00046455,307,89,218
E00046456,259,45,214
E00046457,282,84,198
E00046458,298,52,246
E00046459,268,54,214
E00046460,348,61,287
E00046461,297,49,248
E00046462,264,47,217
E00046463,280,47,233
E00046464,270,71,199
E00046465,268,45,223
E00046466,315,61,254
E00046467,306,86,220
E00046468,324,62,262
E00046469,307,76,231
E00046470,268,47,221
E00046471,299,43,256
E00046472,261,40,221
E00046473,246,64,182
E00046474,288,68,220
E00046475,285,52,233
E00046476,255,26,229
E00046477,249,43,206
E00046478,347,88,259
E00046479,243,51,192
E00046480,260,47,213
E00046481,265,46,219
E00046482,341,81,260
E00046483,220,24,196
E00046484,247,58,189
E00046485,252,59,193
E00046486,284,43,241
E00046487,237,45,192
E00046489,404,101,303
E00046490,326,92,234
E00046491,364,111,253
E00046492,303,85,218
E00046493,288,81,207
E00046494,324,88,236
E00046495,296,57,239
E00046496,285,66,219
E00046497,373,117,256
E00046500,439,130,309
E00046501,364,91,273
E00046502,327,81,246
E00046503,295,51,244
E00046504,418,73,345
E00046505,262,48,214
E00046506,301,86,215
E00046507,332,56,276
E00046508,281,58,223
E00046509,331,80,251
E00046510,265,55,210
E00046511,314,66,248
E00046512,226,40,186
E00046513,201,40,161
E00046514,278,86,192
E00046515,261,54,207
E00046516,273,59,214
E00046517,302,81,221
E00046518,272,81,191
E00046519,226,36,190
E00046520,220,44,176
E00046521,251,51,200
E00046522,284,77,207
E00046523,281,64,217
E00046524,259,53,206
E00046525,246,51,195
E00046526,252,63,189
E00046527,260,67,193
E00046528,280,42,238
E00046529,352,79,273
E00046530,220,40,180
E00046531,300,87,213
E00046532,231,61,170
E00046533,203,63,140
E00046534,501,142,359
E00046535,460,180,280
E00046536,341,64,277
E00046537,257,58,199
E00046538,319,70,249
E00046539,285,73,212
E00046540,304,64,240
E00046541,256,50,206
E00046542,258,37,221
E00046543,275,54,221
E00046544,235,42,193
E00046545,303,70,233
E00046546,309,67,242
E00046547,378,83,295
E00046548,337,75,262
E00046549,270,54,216
E00046550,292,51,241
E00046551,416,169,247
E00046552,324,91,233
E00046553,364,102,262
E00046554,561,141,420
E00046555,477,147,330
E00046556,542,122,420
E00046557,238,27,211
E00046558,246,47,199
E00046559,398,88,310
E00046560,166,28,138
E00046561,277,50,227
E00046562,409,90,319
E00046563,183,25,158
E00046564,248,46,202
E00046565,500,123,377
E00046566,211,48,163
E00046567,232,27,205
E00046568,224,14,210
E00046569,246,31,215
E00046570,288,44,244
E00046571,380,92,288
E00046572,327,66,261
E00046573,230,46,184
E00046574,341,57,284
E00046575,498,102,396
E00046576,291,47,244
E00046577,245,14,231
E00046578,187,28,159
E00046579,252,59,193
E00046580,325,70,255
E00046581,322,56,266
E00046582,296,70,226
E00046583,309,50,259
E00046584,293,41,252
E00046585,332,63,269
E00046586,386,84,302
E00046587,288,81,207
E00046588,256,62,194
E00046589,280,58,222
E00046590,257,64,193
E00046591,276,53,223
E00046592,315,65,250
E00046593,238,40,198
E00046594,292,73,219
E00046595,295,62,233
E00046596,363,61,302
E00046597,291,48,243
E00046598,261,51,210
E00046599,292,55,237
E00046600,316,60,256
E00046601,220,34,186
E00046602,363,94,269
E00046603,227,55,172
E00046604,352,94,258
E00046605,409,118,291
E00046606,304,74,230
E00046607,320,90,230
E00046609,513,239,274
E00046610,308,100,208
E00046611,531,225,306
E00046612,322,163,159
E00046613,359,143,216
E00046614,524,198,326
E00046615,471,176,295
E00046616,437,149,288
E00046617,371,127,244
E00046618,334,89,245
E00046619,424,131,293
E00046621,364,119,245
E00046622,336,132,204
E00046624,425,116,309
E00046625,484,177,307
E00046626,389,141,248
E00046627,400,167,233
E00046628,370,134,236
E00046631,292,75,217
E00046633,344,103,241
E00046635,337,115,222
E00046636,443,184,259
E00046637,325,108,217
E00046638,285,96,189
E00046639,427,153,274
E00046640,304,116,188
E00046641,449,141,308
E00046642,446,160,286
E00046643,476,192,284
E00046644,362,137,225
E00046645,328,128,200
E00046647,354,114,240
E00046648,506,177,329
E00046649,531,223,308
E00046650,503,201,302
E00046651,421,188,233
E00046652,472,206,266
E00046653,398,124,274
E00046654,384,134,250
E00046655,378,150,228
E00046656,467,150,317
E00046657,515,176,339
E00046659,233,79,154
E00046660,406,159,247
E00046662,538,234,304
E00046663,393,135,258
E00046664,305,125,180
E00046665,300,83,217
E00046666,274,85,189
E00046667,375,144,231
E00046668,304,84,220
E00046669,460,186,274
E00046670,468,220,248
E00046671,322,110,212
E00046672,416,170,246
E00046673,305,95,210
E00046674,230,78,152
E00046675,235,84,151
E00046676,453,141,312
E00046677,234,86,148
E00046678,293,36,257
E00046679,322,66,256
E00046680,250,35,215
E00046681,277,39,238
E00046682,276,81,195
E00046683,257,57,200
E00046684,272,60,212
E00046685,326,84,242
E00046686,248,32,216
E00046687,335,99,236
E00046688,309,58,251
E00046689,241,37,204
E00046690,221,29,192
E00046691,226,52,174
E00046692,248,34,214
E00046693,316,38,278
E00046694,277,61,216
E00046695,563,139,424
E00046696,292,54,238
E00046697,309,61,248
E00046698,279,62,217
E00046699,239,36,203
E00046700,264,43,221
E00046701,134,10,124
E00046702,340,58,282
E00046703,252,30,222
E00046704,258,74,184
E00046705,245,54,191
E00046706,316,42,274
E00046707,217,39,178
E00046708,293,43,250
E00046709,267,59,208
E00046710,338,89,249
E00046711,301,51,250
E00046712,310,52,258
E00046713,205,40,165
E00046714,291,101,190
E00046715,300,83,217
E00046716,268,71,197
E00046717,264,47,217
E00046718,159,36,123
E00046719,337,66,271
E00046720,478,99,379
E00046721,459,93,366
E00046722,291,50,241
E00046723,276,49,227
E00046724,271,40,231
E00046725,408,160,248
E00046726,289,47,242
E00046727,280,66,214
E00046728,239,49,190
E00046729,282,67,215
E00046730,347,82,265
E00046731,340,92,248
E00046732,301,46,255
E00046733,298,112,186
E00046734,246,64,182
E00046735,275,57,218
E00046736,296,49,247
E00046737,250,46,204
E00046738,332,66,266
E00046739,274,39,235
E00046740,314,76,238
E00046741,209,37,172
E00046742,305,43,262
E00046743,316,59,257
E00046744,281,35,246
E00046745,316,49,267
E00046746,295,72,223
E00046747,252,49,203
E00046748,296,52,244
E00046749,293,39,254
E00046750,306,38,268
E00046751,301,48,253
E00046752,290,55,235
E00046753,290,51,239
E00046754,264,61,203
E00046755,487,81,406
E00046756,309,50,259
E00046757,384,66,318
E00046758,263,20,243
E00046759,302,63,239
E00046760,296,42,254
E00046761,292,67,225
E00046762,330,83,247
E00046763,429,70,359
E00046764,304,55,249
E00046765,301,55,246
E00046766,301,51,250
E00046767,252,59,193
E00046768,228,42,186
E00046769,261,54,207
E00046770,399,75,324
E00046771,274,52,222
E00046772,315,70,245
E00046773,215,28,187
E00046774,301,63,238
E00046775,361,99,262
E00046776,361,80,281
E00046777,355,62,293
E00046778,301,75,226
E00046779,296,43,253
E00046780,311,63,248
E00046781,311,72,239
E00046782,243,42,201
E00046783,307,74,233
E00046784,347,76,271
E00046785,341,78,263
E00046786,260,53,207
E00046787,310,90,220
E00046788,282,75,207
E00046789,311,83,228
E00046790,315,91,224
E00046791,261,63,198
E00046792,295,72,223
E00046793,264,49,215
E00046794,239,71,168
E00046795,312,106,206
E00046796,296,82,214
E00046797,307,101,206
E00046798,314,58,256
E00046799,269,70,199
E00046800,287,54,233
E00046801,295,67,228
E00046802,275,98,177
E00046803,350,84,266
E00046804,256,70,186
E00046805,293,62,231
E00046806,299,45,254
E00046807,266,44,222
E00046808,284,66,218
E00046809,220,38,182
E00046810,258,50,208
E00046811,234,39,195
E00046812,218,28,190
E00046813,271,37,234
E00046814,326,68,258
E00046815,305,53,252
E00046816,302,50,252
E00046817,285,56,229
E00046818,282,45,237
E00046819,224,23,201
E00046820,305,73,232
E00046821,241,66,175
E00046822,183,29,154
E00046823,247,41,206
E00046824,255,49,206
E00046825,285,82,203
E00046826,270,39,231
E00046827,258,37,221
E00046828,296,56,240
E00046829,293,72,221
E00046830,314,71,243
E00046831,322,70,252
E00046832,273,62,211
E00046833,252,68,184
E00046834,299,66,233
E00046835,277,75,202
E00046837,305,70,235
E00046838,350,84,266
E00046839,100,5,95
E00046840,306,71,235
E00046841,258,47,211
E00046842,346,74,272
E00046843,272,49,223
E00046844,325,60,265
E00046845,256,52,204
E00046846,293,55,238
E00046847,256,62,194
E00046848,183,31,152
E00046849,275,68,207
E00046850,272,58,214
E00046851,278,49,229
E00046852,215,42,173
E00046853,406,73,333
E00046854,283,50,233
E00046855,562,95,467
E00046856,396,140,256
E00046857,325,92,233
E00046858,287,85,202
E00046859,309,91,218
E00046860,297,81,216
E00046861,320,97,223
E00046862,265,56,209
E00046863,250,62,188
E00046864,298,71,227
E00046865,356,80,276
E00046866,323,97,226
E00046867,272,81,191
E00046868,274,69,205
E00046869,406,116,290
E00046870,348,99,249
E00046871,322,96,226
E00046873,429,130,299
E00046874,511,170,341
E00046875,315,60,255
E00046876,303,63,240
E00046877,253,53,200
E00046878,277,62,215
E00046879,293,75,218
E00046880,224,50,174
E00046881,337,83,254
E00046883,259,48,211
E00046884,339,76,263
E00046885,344,58,286
E00046886,383,97,286
E00046887,286,91,195
E00046888,295,76,219
E00046889,288,46,242
E00046890,316,94,222
E00046891,324,62,262
E00046892,279,45,234
E00046893,270,44,226
E00046894,216,55,161
E00046895,268,49,219
E00046896,312,80,232
E00046897,322,74,248
E00046898,277,56,221
E00046899,276,52,224
E00046900,240,36,204
E00046901,316,70,246
E00046902,345,107,238
E00046903,388,91,297
E00046904,371,70,301
E00046905,302,32,270
E00046906,324,88,236
E00046907,263,58,205
E00046908,310,75,235
E00046909,300,97,203
E00046910,310,64,246
E00046911,448,100,348
E00046912,312,54,258
E00046913,285,63,222
E00046914,397,91,306
E00046915,357,67,290
E00046916,286,56,230
E00046917,273,52,221
E00046918,285,49,236
E00046919,284,67,217
E00046920,225,43,182
E00046921,307,59,248
E00046922,307,64,243
E00046923,378,77,301
E00046924,291,38,253
E00046925,301,49,252
E00046926,225,30,195
E00046927,297,58,239
E00046928,332,88,244
E00046929,311,46,265
E00046930,325,88,237
E00046931,304,71,233
E00046932,294,82,212
E00046933,221,22,199
E00046934,360,80,280
E00046935,364,70,294
E00046936,333,68,265
E00046937,274,50,224
E00046938,307,52,255
E00046939,254,57,197
E00046940,294,68,226
E00046941,342,95,247
E00046942,282,71,211
E00046943,320,89,231
E00046944,282,53,229
E00046945,272,52,220
E00046946,305,77,228
E00046947,284,81,203
E00046948,288,68,220
E00046949,312,94,218
E00046950,376,114,262
E00046951,264,72,192
E00046952,282,97,185
E00046953,308,94,214
E00046954,313,87,226
E00046955,293,69,224
E00046956,260,67,193
E00046957,274,72,202
E00046958,264,52,212
E00046959,204,34,170
E00046960,301,74,227
E00046961,330,63,267
E00046962,243,70,173
E00046963,300,80,220
E00046964,277,62,215
E00046965,276,63,213
E00046966,287,79,208
E00046967,465,81,384
E00046968,253,54,199
E00046969,259,46,213
E00046970,208,27,181
E00046971,318,58,260
E00046973,249,68,181
E00046974,240,83,157
E00046975,418,111,307
E00046976,340,123,217
E00046977,388,119,269
E00046978,325,66,259
E00046979,449,106,343
E00046980,457,145,312
E00046981,413,152,261
E00046982,305,89,216
E00046983,250,51,199
E00046984,404,158,246
E00046985,398,130,268
E00046986,444,147,297
E00046987,255,62,193
E00046988,316,88,228
E00046989,337,80,257
E00046990,369,84,285
E00046991,349,80,269
E00046993,360,76,284
E00046994,374,101,273
E00046995,309,71,238
E00046996,404,81,323
E00046997,215,75,140
E00046998,439,107,332
E00046999,385,75,310
E00047000,458,116,342
E00047001,383,75,308
E00047002,456,109,347
E00047003,365,72,293
E00047004,399,93,306
E00047005,161,17,144
E00047006,289,51,238
E00047007,378,80,298
E00047009,429,105,324
E00047010,235,35,200
E00047011,287,35,252
E00047012,257,54,203
E00047013,381,98,283
E00047014,310,69,241
E00047015,330,88,242
E00047016,290,74,216
E00047017,222,19,203
E00047019,359,118,241
E00047020,305,76,229
E00047021,227,51,176
E00047022,366,91,275
E00047024,290,95,195
E00047025,541,121,420
E00047026,355,69,286
E00047027,424,106,318
E00047028,342,92,250
E00047030,271,67,204
E00047031,360,93,267
E00047032,376,95,281
E00047033,394,130,264
E00047034,342,124,218
E00047035,430,98,332
E00047036,343,122,221
E00047037,335,71,264
E00047038,262,82,180
E00047039,314,92,222
E00047040,359,116,243
E00047041,346,63,283
E00047042,293,75,218
E00047043,467,93,374
E00047044,259,72,187
E00047045,290,82,208
E00047047,314,102,212
E00047048,324,75,249
E00047049,327,82,245
E00047050,363,112,251
E00047051,409,115,294
E00047052,361,86,275
E00047053,467,109,358
E00047054,444,181,263
E00047055,363,133,230
E00047056,324,101,223
E00047057,543,458,85
E00047058,433,358,75
E00047059,291,102,189
E00047060,422,380,42
E00047061,231,39,192
E00047062,332,88,244
E00047063,472,417,55
E00047064,249,83,166
E00047065,326,108,218
E00047066,272,102,170
E00047067,555,509,46
E00047068,345,206,139
E00047069,234,64,170
E00047070,301,65,236
E00047071,304,103,201
E00047072,279,63,216
E00047073,279,61,218
E00047074,606,547,59
E00047075,392,158,234
E00047076,613,530,83
E00047077,419,199,220
E00047078,315,109,206
E00047079,254,77,177
E00047080,200,69,131
E00047081,407,184,223
E00047082,342,86,256
E00047083,312,65,247
E00047084,173,50,123
E00047085,483,120,363
E00047086,349,114,235
E00047087,323,59,264
E00047089,244,83,161
E00047090,379,145,234
E00047091,378,139,239
E00047092,280,74,206
E00047093,324,129,195
E00047094,332,73,259
E00047095,304,71,233
E00047096,284,54,230
E00047097,313,84,229
E00047098,312,65,247
E00047099,299,69,230
E00047100,355,94,261
E00047101,209,18,191
E00047102,285,43,242
E00047103,351,51,300
E00047104,252,58,194
E00047105,353,156,197
E00047107,566,272,294
E00047109,565,522,43
E00047110,325,63,262
E00047112,268,97,171
E00047113,320,57,263
E00047116,457,414,43
E00047117,562,499,63
E00047118,285,90,195
E00047119,222,34,188
E00047120,259,57,202
E00047121,429,284,145
E00047123,266,60,206
E00047124,495,449,46
E00047125,360,308,52
E00047126,283,69,214
E00047127,316,66,250
E00047128,325,87,238
E00047129,313,65,248
E00047130,272,66,206
E00047134,232,49,183
E00047136,355,57,298
E00047137,339,120,219
E00047138,369,96,273
E00047139,311,96,215
E00047140,230,46,184
E00047141,271,54,217
E00047142,237,51,186
E00047143,258,41,217
E00047144,242,57,185
E00047145,379,97,282
E00047146,238,52,186
E00047147,294,99,195
E00047148,295,89,206
E00047149,285,86,199
E00047150,296,69,227
E00047151,288,65,223
E00047152,333,60,273
E00047153,293,91,202
E00047154,272,86,186
E00047155,260,81,179
E00047156,330,117,213
E00047157,284,84,200
E00047158,300,100,200
E00047159,264,54,210
E00047160,346,100,246
E00047161,274,77,197
E00047162,275,74,201
E00047163,296,99,197
E00047164,292,58,234
E00047165,279,57,222
E00047166,193,29,164
E00047167,248,75,173
E00047168,273,66,207
E00047169,215,38,177
E00047170,251,32,219
E00047171,233,50,183
E00047172,327,42,285
E00047173,253,57,196
E00047174,262,37,225
E00047175,224,54,170
E00047176,294,63,231
E00047177,293,82,211
E00047178,258,63,195
E00047179,208,66,142
E00047180,275,60,215
E00047181,318,85,233
E00047182,256,48,208
E00047183,300,65,235
E00047184,199,27,172
E00047185,261,24,237
E00047186,247,58,189
E00047187,285,63,222
E00047188,202,35,167
E00047189,297,68,229
E00047190,256,55,201
E00047191,240,61,179
E00047192,229,41,188
E00047193,351,107,244
E00047194,431,95,336
E00047195,269,77,192
E00047196,180,64,116
E00047198,290,74,216
E00047199,359,93,266
E00047200,232,62,170
E00047201,326,85,241
E00047202,280,59,221
E00047203,263,48,215
E00047204,200,40,160
E00047205,329,79,250
E00047206,290,99,191
E00047208,317,64,253
E00047209,283,59,224
E00047210,294,90,204
E00047211,316,58,258
E00047212,210,39,171
E00047213,343,67,276
E00047214,307,64,243
E00047215,306,53,253
E00047216,319,76,243
E00047217,320,100,220
E00047218,305,77,228
E00047219,310,82,228
E00047220,226,38,188
E00047221,232,44,188
E00047222,371,86,285
E00047223,319,72,247
E00047224,313,74,239
E00047225,341,59,282
E00047227,279,74,205
E00047228,344,70,274
E00047229,287,39,248
E00047230,241,54,187
E00047231,288,45,243
E00047232,312,65,247
E00047233,292,52,240
E00047234,331,34,297
E00047235,238,40,198
E00047236,264,38,226
E00047237,324,65,259
E00047238,256,47,209
E00047239,303,56,247
E00047240,317,70,247
E00047241,228,27,201
E00047242,334,60,274
E00047243,264,44,220
E00047244,245,70,175
E00047245,294,73,221
E00047246,328,86,242
E00047247,293,73,220
E00047248,348,117,231
E00047249,328,85,243
E00047250,360,120,240
E00047251,290,57,233
E00047252,444,127,317
E00047253,265,62,203
E00047254,301,72,229
E00047255,313,92,221
E00047256,289,55,234
E00047257,298,57,241
E00047258,219,15,204
E00047259,241,35,206
E00047260,304,63,241
E00047261,389,103,286
E00047262,282,59,223
E00047263,275,55,220
E00047264,289,35,254
E00047265,338,53,285
E00047266,293,85,208
E00047267,267,60,207
E00047269,291,64,227
E00047270,269,54,215
E00047271,283,56,227
E00047272,393,111,282
E00047273,333,56,277
E00047274,319,80,239
E00047275,327,78,249
E00047276,330,108,222
E00047277,267,41,226
E00047278,455,99,356
E00047279,326,91,235
E00047280,353,103,250
E00047281,234,50,184
E00047282,387,109,278
E00047283,277,58,219
E00047284,320,86,234
E00047285,271,38,233
E00047286,289,61,228
E00047287,292,74,218
E00047288,348,58,290
E00047289,416,174,242
E00047292,526,193,333
E00047293,350,104,246
E00047294,426,113,313
E00047295,390,138,252
E00047296,465,166,299
E00047298,570,220,350
E00047299,353,113,240
E00047300,552,240,312
E00047301,531,194,337
E00047302,532,149,383
E00047303,357,101,256
E00047304,492,145,347
E00047305,437,158,279
E00047306,495,181,314
E00047307,457,133,324
E00047308,544,211,333
E00047309,431,157,274
E00047310,438,157,281
E00047311,378,120,258
E00047312,510,140,370
E00047313,492,190,302
E00047314,455,170,285
E00047315,426,136,290
E00047316,462,142,320
E00047317,425,172,253
E00047318,511,187,324
E00047319,469,200,269
E00047320,508,138,370
E00047321,341,145,196
E00047322,347,109,238
E00047323,426,173,253
E00047324,329,139,190
E00047325,374,121,253
E00047326,395,131,264
E00047327,316,97,219
E00047328,472,164,308
E00047329,297,84,213
E00047330,453,162,291
E00047332,473,194,279
E00047333,510,201,309
E00047334,387,144,243
E00047335,324,100,224
E00047336,531,184,347
E00047337,447,156,291
E00047338,470,153,317
E00047339,449,167,282
E00047340,342,125,217
E00047341,365,138,227
E00047342,430,160,270
E00047343,369,137,232
E00047344,392,154,238
E00047345,386,147,239
E00047346,404,137,267
E00047347,305,84,221
E00047348,558,201,357
E00047349,475,178,297
E00047350,391,141,250
E00047351,426,180,246
E00047353,512,214,298
E00047354,288,108,180
E00047355,427,146,281
E00047356,395,128,267
E00047357,338,83,255
E00047358,355,101,254
E00047359,436,140,296
E00047360,364,110,254
E00047361,454,136,318
E00047362,377,136,241
E00047363,382,142,240
E00047364,378,131,247
E00047365,416,163,253
E00047366,424,156,268
E00047367,419,139,280
E00047368,402,142,260
E00047369,417,163,254
E00047370,534,221,313
E00047371,470,173,297
E00047372,322,103,219
E00047373,172,37,135
E00047374,320,92,228
E00047375,405,159,246
E00047376,408,108,300
E00047377,323,84,239
E00047378,307,101,206
E00047379,460,163,297
E00047380,429,115,314
E00047381,526,167,359
E00047382,553,132,421
E00047383,435,153,282
E00047384,450,143,307
E00047385,361,138,223
E00047387,395,115,280
E00047388,345,131,214
E00047389,421,113,308
E00047390,230,99,131
E00047391,367,121,246
E00047392,325,93,232
E00047393,323,99,224
E00047394,360,103,257
E00047396,369,104,265
E00047397,345,102,243
E00047398,335,111,224
E00047399,323,106,217
E00047400,422,139,283
E00047401,431,159,272
E00047402,550,206,344
E00047403,341,101,240
E00047404,365,110,255
E00047405,423,135,288
E00047406,304,100,204
E00047407,374,130,244
E00047408,366,117,249
E00047409,395,106,289
E00047410,432,161,271
E00047411,335,85,250
E00047412,333,66,267
E00047413,451,144,307
E00047414,377,104,273
E00047415,342,90,252
E00047416,431,163,268
E00047417,235,48,187
E00047418,304,88,216
E00047419,406,122,284
E00047420,445,153,292
E00047421,277,83,194
E00047423,575,152,423
E00047424,330,84,246
E00047425,484,163,321
E00047426,367,135,232
E00047427,344,114,230
E00047428,409,107,302
E00047429,324,91,233
E00047430,302,78,224
E00047431,350,102,248
E00047433,264,77,187
E00047434,346,108,238
E00047435,379,126,253
E00047437,355,93,262
E00047438,315,93,222
E00047439,352,104,248
E00047440,319,110,209
E00047441,228,62,166
E00047442,494,168,326
E00047443,370,88,282
E00047444,276,68,208
E00047445,523,166,357
E00047446,373,116,257
E00047447,488,118,370
E00047450,480,139,341
E00047451,361,91,270
E00047452,409,133,276
E00047453,382,121,261
E00047454,390,139,251
E00047456,343,105,238
E00047457,245,101,144
E00047458,285,76,209
E00047462,225,64,161
E00047464,314,98,216
E00047465,415,164,251
E00047466,383,116,267
E00047467,342,118,224
E00047468,232,64,168
E00047470,550,210,340
E00047471,353,124,229
E00047472,425,158,267
E00047473,186,56,130
E00047474,384,128,256
E00047476,371,116,255
E00047477,412,115,297
E00047478,493,161,332
E00047479,203,72,131
E00047480,517,199,318
E00047481,263,90,173
E00047482,486,159,327
E00047483,368,134,234
E00047484,268,77,191
E00047485,429,137,292
E00047486,196,60,136
E00047487,347,141,206
E00047488,404,124,280
E00047489,380,138,242
E00047490,426,154,272
E00047491,183,63,120
E00047492,247,55,192
E00047493,432,149,283
E00047494,544,181,363
E00047495,293,81,212
E00047496,258,70,188
E00047497,373,106,267
E00047498,396,139,257
E00047499,482,169,313
E00047500,309,106,203
E00047501,328,116,212
E00047502,396,125,271
E00047503,320,110,210
E00047504,392,133,259
E00047505,435,169,266
E00047506,324,97,227
E00047507,322,82,240
E00047508,330,94,236
E00047509,379,120,259
E00047510,295,108,187
E00047511,463,158,305
E00047512,387,145,242
E00047513,199,29,170
E00047514,320,119,201
E00047515,412,128,284
E00047516,362,122,240
E00047517,356,153,203
E00047518,404,158,246
E00047519,304,114,190
E00047520,471,161,310
E00047521,375,109,266
E00047522,250,90,160
E00047523,350,134,216
E00047524,329,111,218
E00047525,410,165,245
E00047526,354,109,245
E00047527,222,67,155
E00047528,494,169,325
E00047529,423,158,265
E00047530,260,62,198
E00047531,248,21,227
E00047532,460,119,341
E00047533,370,129,241
E00047534,560,226,334
E00047535,377,123,254
E00047536,386,89,297
E00047537,452,176,276
E00047538,217,27,190
E00047539,314,98,216
E00047540,433,125,308
E00047541,438,126,312
E00047542,412,126,286
E00047543,363,137,226
E00047544,479,123,356
E00047546,360,41,319
E00047547,462,131,331
E00047548,397,137,260
E00047549,183,2,181
E00047550,492,133,359
E00047551,276,54,222
E00047552,361,88,273
E00047553,415,118,297
E00047554,345,123,222
E00047555,327,116,211
E00047556,398,132,266
E00047557,450,126,324
E00047558,330,119,211
E00047559,413,158,255
E00047560,339,111,228
E00047561,252,88,164
E00047562,384,119,265
E00047563,391,101,290
E00047564,377,157,220
E00047565,427,148,279
E00047566,367,101,266
E00047567,269,86,183
E00047568,255,55,200
E00047569,510,143,367
E00047570,512,174,338
E00047571,393,180,213
E00047573,435,150,285
E00047574,325,46,279
E00047575,523,150,373
E00047576,482,112,370
E00047577,232,42,190
E00047578,297,92,205
E00047579,467,135,332
E00047580,456,114,342
E00047581,379,134,245
E00047582,409,91,318
E00047583,247,42,205
E00047584,238,71,167
E00047586,322,95,227
E00047587,288,79,209
E00047588,400,112,288
E00047589,206,44,162
E00047590,379,101,278
E00047591,302,64,238
E00047592,479,183,296
E00047593,344,148,196
E00047594,361,134,227
E00047595,328,52,276
E00047596,338,50,288
E00047597,477,133,344
E00047598,274,25,249
E00047599,369,82,287
E00047600,304,80,224
E00047601,277,62,215
E00047602,325,64,261
E00047603,338,92,246
E00047604,350,85,265
E00047605,387,105,282
E00047606,344,93,251
E00047607,373,104,269
E00047608,260,42,218
E00047609,271,63,208
E00047610,291,68,223
E00047611,371,85,286
E00047612,404,60,344
E00047614,255,32,223
E00047616,279,33,246
E00047617,372,97,275
E00047618,324,60,264
E00047619,415,114,301
E00047620,294,70,224
E00047621,299,74,225
E00047622,371,70,301
E00047623,225,20,205
E00047624,321,53,268
E00047625,310,69,241
E00047626,256,40,216
E00047627,327,69,258
E00047628,222,29,193
E00047629,300,85,215
E00047630,365,55,310
E00047631,555,167,388
E00047632,431,115,316
E00047633,324,77,247
E00047634,319,78,241
E00047635,241,31,210
E00047636,238,25,213
E00047637,397,77,320
E00047639,297,73,224
E00047640,249,57,192
E00047641,399,114,285
E00047642,268,49,219
E00047643,266,68,198
E00047644,299,66,233
E00047645,387,128,259
E00047646,311,62,249
E00047647,311,71,240
E00047648,326,75,251
E00047649,357,100,257
E00047650,346,119,227
E00047651,306,85,221
E00047652,302,43,259
E00047653,464,161,303
E00047654,229,50,179
E00047655,294,67,227
E00047656,293,73,220
E00047657,190,41,149
E00047658,289,81,208
E00047659,252,66,186
E00047660,334,89,245
E00047661,378,108,270
E00047662,268,49,219
E00047663,301,67,234
E00047664,279,48,231
E00047665,264,55,209
E00047666,292,80,212
E00047667,259,68,191
E00047668,299,84,215
E00047669,346,99,247
E00047670,277,47,230
E00047671,270,40,230
E00047672,282,47,235
E00047673,405,116,289
E00047674,301,60,241
E00047675,304,66,238
E00047676,337,61,276
E00047677,284,81,203
E00047678,297,68,229
E00047679,340,54,286
E00047680,327,89,238
E00047681,341,85,256
E00047682,384,45,339
E00047683,235,40,195
E00047684,338,77,261
E00047685,290,56,234
E00047686,291,55,236
E00047687,361,93,268
E00047688,351,81,270
E00047689,288,51,237
E00047690,298,60,238
E00047691,346,71,275
E00047692,307,58,249
E00047693,151,18,133
E00047694,352,90,262
E00047695,316,54,262
E00047696,349,67,282
E00047697,244,56,188
E00047698,330,82,248
E00047700,327,67,260
E00047701,230,30,200
E00047702,313,54,259
E00047703,331,69,262
E00047704,310,65,245
E00047705,339,70,269
E00047706,335,76,259
E00047707,242,38,204
E00047708,149,14,135
E00047709,317,60,257
E00047710,229,39,190
E00047711,340,93,247
E00047712,236,50,186
E00047713,326,70,256
E00047714,165,15,150
E00047715,265,51,214
E00047716,238,53,185
E00047717,391,63,328
E00047718,402,103,299
E00047719,236,35,201
E00047720,289,58,231
E00047721,314,68,246
E00047722,208,21,187
E00047723,291,51,240
E00047724,267,68,199
E00047725,376,53,323
E00047726,303,40,263
E00047727,289,49,240
E00047728,373,91,282
E00047729,284,62,222
E00047730,254,44,210
E00047731,286,43,243
E00047732,269,56,213
E00047733,287,68,219
E00047734,290,33,257
E00047735,350,68,282
E00047736,289,69,220
E00047737,319,70,249
E00047738,370,69,301
E00047739,347,69,278
E00047740,281,64,217
E00047741,180,32,148
E00047742,180,33,147
E00047743,296,59,237
E00047744,294,54,240
E00047745,230,40,190
E00047746,351,62,289
E00047747,328,73,255
E00047748,332,71,261
E00047749,217,35,182
E00047750,328,65,263
E00047751,344,62,282
E00047752,307,66,241
E00047753,324,56,268
E00047754,391,72,319
E00047755,252,48,204
E00047756,406,78,328
E00047757,266,43,223
E00047758,195,18,177
E00047759,312,54,258
E00047760,273,45,228
E00047761,233,51,182
E00047762,358,59,299
E00047763,317,55,262
E00047764,447,86,361
E00047765,282,46,236
E00047766,332,68,264
E00047767,294,49,245
E00047768,290,75,215
E00047769,239,43,196
E00047770,307,64,243
E00047771,291,70,221
E00047772,330,74,256
E00047773,300,77,223
E00047774,362,91,271
E00047775,243,52,191
E00047776,298,66,232
E00047777,345,82,263
E00047778,306,61,245
E00047779,549,122,427
E00047780,252,18,234
E00047781,287,46,241
E00047782,483,82,401
E00047783,514,115,399
E00047784,300,48,252
E00047785,293,55,238
E00047786,300,39,261
E00047787,219,18,201
E00047788,257,43,214
E00047789,250,74,176
E00047790,362,67,295
E00047791,286,68,218
E00047792,283,57,226
E00047793,241,37,204
E00047794,303,66,237
E00047795,270,40,230
E00047796,314,73,241
E00047797,246,50,196
E00047798,220,35,185
E00047799,171,14,157
E00047800,217,51,166
E00047801,255,47,208
E00047802,235,47,188
E00047803,365,63,302
E00047804,319,58,261
E00047805,218,35,183
E00047806,285,63,222
E00047807,272,49,223
E00047808,327,68,259
E00047809,315,60,255
E00047810,376,55,321
E00047811,245,37,208
E00047812,320,53,267
E00047813,169,15,154
E00047814,132,7,125
E00047815,299,42,257
E00047816,380,86,294
E00047817,334,64,270
E00047818,269,49,220
E00047819,292,50,242
E00047820,298,53,245
E00047821,315,58,257
E00047823,396,71,325
E00047824,409,84,325
E00047825,184,26,158
E00047826,336,71,265
E00047827,264,40,224
E00047828,268,36,232
E00047829,251,32,219
E00047830,228,26,202
E00047831,233,32,201
E00047832,267,46,221
E00047833,346,53,293
E00047834,254,41,213
E00047835,329,39,290
E00047836,278,46,232
E00047837,247,37,210
E00047838,251,41,210
E00047839,352,48,304
E00047840,275,45,230
E00047841,256,53,203
E00047842,291,64,227
E00047843,269,56,213
E00047844,267,64,203
E00047845,299,49,250
E00047846,306,50,256
E00047847,343,66,277
E00047848,270,36,234
E00047849,305,53,252
E00047850,263,46,217
E00047851,280,55,225
E00047852,297,51,246
E00047853,352,69,283
E00047854,274,43,231
E00047855,295,72,223
E00047856,257,37,220
E00047857,219,45,174
E00047858,324,63,261
E00047859,230,47,183
E00047860,311,66,245
E00047861,220,23,197
E00047863,302,67,235
E00047864,212,33,179
E00047865,280,52,228
E00047866,314,66,248
E00047867,361,77,284
E00047868,295,50,245
E00047869,392,117,275
E00047870,287,50,237
E00047871,354,75,279
E00047872,259,60,199
E00047873,355,97,258
E00047874,293,80,213
E00047875,333,76,257
E00047876,297,61,236
E00047877,276,82,194
E00047878,244,46,198
E00047880,378,49,329
E00047881,366,57,309
E00047882,249,36,213
E00047883,289,70,219
E00047884,340,94,246
E00047885,248,49,199
E00047886,310,85,225
E00047887,284,49,235
E00047888,343,78,265
E00047890,331,57,274
E00047891,344,78,266
E00047892,269,41,228
E00047893,259,36,223
E00047894,408,77,331
E00047895,324,56,268
E00047896,300,44,256
E00047897,253,47,206
E00047898,290,35,255
E00047899,343,57,286
E00047900,288,42,246
E00047901,326,74,252
E00047902,309,65,244
E00047903,298,58,240
E00047904,316,48,268
E00047905,273,59,214
E00047906,222,48,174
E00047907,308,73,235
E00047908,323,64,259
E00047909,286,53,233
E00047910,358,61,297
E00047911,341,76,265
E00047912,271,55,216
E00047913,258,37,221
E00047914,250,32,218
E00047915,421,73,348
E00047916,265,37,228
E00047917,295,47,248
E00047918,222,35,187
E00047919,294,55,239
E00047920,357,78,279
E00047921,311,58,253
E00047922,233,35,198
E00047923,199,38,161
E00047924,303,63,240
E00047925,267,48,219
E00047926,358,59,299
E00047927,410,72,338
E00047928,334,71,263
E00047929,319,69,250
E00047930,303,49,254
E00047931,264,52,212
E00047932,270,45,225
E00047933,318,54,264
E00047934,284,39,245
E00047935,380,92,288
E00047936,337,62,275
E00047937,333,58,275
E00047938,367,76,291
E00047939,344,74,270
E00047940,374,77,297
E00047941,272,51,221
E00047942,281,49,232
E00047943,311,68,243
E00047944,346,52,294
E00047945,302,64,238
E00047946,318,53,265
E00047947,201,29,172
E00047948,268,32,236
E00047949,268,37,231
E00047951,327,61,266
E00047952,296,17,279
E00047953,300,62,238
E00047954,268,31,237
E00047955,288,43,245
E00047956,273,62,211
E00047957,222,27,195
E00047958,278,44,234
E00047959,241,37,204
E00047960,244,32,212
E00047961,274,45,229
E00047962,367,68,299
E00047963,183,15,168
E00047964,284,33,251
E00047965,203,18,185
E00047966,250,34,216
E00047967,308,44,264
E00047968,293,49,244
E00047969,257,38,219
E00047970,370,79,291
E00047971,344,81,263
E00047972,279,46,233
E00047973,337,78,259
E00047974,291,56,235
E00047975,221,34,187
E00047976,258,38,220
E00047977,292,57,235
E00047978,321,60,261
E00047979,357,68,289
E00047980,328,77,251
E00047981,476,153,323
E00047982,435,165,270
E00047983,499,166,333
E00047984,470,154,316
E00047985,500,184,316
E00047986,556,197,359
E00047987,518,191,327
E00047988,404,121,283
E00047989,557,213,344
E00047990,463,153,310
E00047991,435,144,291
E00047992,345,142,203
E00047993,384,154,230
E00047995,494,177,317
E00047996,440,151,289
E00047997,243,65,178
E00047998,346,92,254
E00047999,484,173,311
E00048001,273,92,181
E00048002,451,138,313
E00048003,273,77,196
E00048005,365,130,235
E00048006,427,160,267
E00048007,464,172,292
E00048008,340,99,241
E00048010,386,149,237
E00048011,546,224,322
E00048012,418,137,281
E00048013,394,136,258
E00048014,417,173,244
E00048015,437,152,285
E00048016,415,145,270
E00048018,529,165,364
E00048019,432,168,264
E00048020,401,124,277
E00048021,401,162,239
E00048022,530,184,346
E00048023,497,180,317
E00048024,559,183,376
E00048025,433,152,281
E00048026,449,130,319
E00048028,570,181,389
E00048029,513,171,342
E00048030,516,213,303
E00048031,456,173,283
E00048033,289,86,203
E00048034,550,223,327
E00048035,466,145,321
E00048037,571,217,354
E00048039,266,76,190
E00048040,359,134,225
E00048041,522,182,340
E00048043,437,174,263
E00048044,413,155,258
E00048045,372,139,233
E00048047,543,216,327
E00048048,412,122,290
E00048049,379,124,255
E00048050,371,131,240
E00048051,415,124,291
E00048052,397,137,260
E00048053,384,161,223
E00048054,555,209,346
E00048055,463,168,295
E00048056,534,197,337
E00048057,227,55,172
E00048058,291,61,230
E00048059,278,83,195
E00048060,338,101,237
E00048061,218,78,140
E00048063,197,41,156
E00048064,311,60,251
E00048065,257,29,228
E00048066,207,66,141
E00048067,272,74,198
E00048068,250,71,179
E00048069,257,47,210
E00048070,321,94,227
E00048071,269,40,229
E00048072,145,30,115
E00048073,369,93,276
E00048074,256,37,219
E00048075,263,40,223
E00048076,299,78,221
E00048077,221,70,151
E00048078,268,47,221
E00048079,314,44,270
E00048080,270,58,212
E00048081,288,61,227
E00048082,376,62,314
E00048083,323,76,247
E00048084,439,105,334
E00048085,232,62,170
E00048086,236,67,169
E00048087,285,86,199
E00048088,266,87,179
E00048089,293,68,225
E00048090,299,74,225
E00048091,427,117,310
E00048092,389,90,299
E00048093,231,48,183
E00048094,300,70,230
E00048095,247,49,198
E00048096,333,110,223
E00048097,248,82,166
E00048098,287,61,226
E00048099,302,86,216
E00048100,281,90,191
E00048101,239,54,185
E00048102,258,72,186
E00048103,251,71,180
E00048104,292,82,210
E00048105,230,62,168
E00048106,282,75,207
E00048107,296,91,205
E00048108,303,90,213
E00048109,349,101,248
E00048110,331,107,224
E00048111,338,82,256
E00048112,279,68,211
E00048113,245,62,183
E00048114,292,87,205
E00048115,320,101,219
E00048116,263,36,227
E00048117,312,92,220
E00048118,404,75,329
E00048119,355,119,236
E00048120,297,99,198
E00048121,294,72,222
E00048122,330,79,251
E00048123,284,67,217
E00048124,348,125,223
E00048125,368,144,224
E00048126,207,51,156
E00048127,271,48,223
E00048128,310,75,235
E00048129,308,85,223
E00048130,366,127,239
E00048131,320,67,253
E00048132,280,62,218
E00048133,342,93,249
E00048134,344,117,227
E00048135,409,133,276
E00048136,401,175,226
E00048137,435,137,298
E00048138,196,35,161
E00048139,349,102,247
E00048140,372,101,271
E00048141,278,80,198
E00048142,494,175,319
E00048143,297,83,214
E00048144,299,51,248
E00048146,342,121,221
E00048147,316,117,199
E00048148,360,96,264
E00048149,291,58,233
E00048150,348,85,263
E00048152,283,57,226
E00048153,327,101,226
E00048154,291,59,232
E00048155,317,72,245
E00048156,366,134,232
E00048158,310,67,243
E00048159,399,83,316
E00048161,323,63,260
E00048162,409,141,268
E00048163,319,102,217
E00048164,477,148,329
E00048165,330,108,222
E00048166,338,81,257
E00048167,302,70,232
E00048168,263,54,209
E00048169,346,75,271
E00048170,363,95,268
E00048171,266,42,224
E00048172,257,43,214
E00048173,322,63,259
E00048174,291,54,237
E00048175,369,88,281
E00048176,183,20,163
E00048177,273,33,240
E00048178,281,50,231
E00048179,271,41,230
E00048180,293,61,232
E00048181,304,72,232
E00048182,332,76,256
E00048183,279,56,223
E00048184,330,72,258
E00048185,297,75,222
E00048186,195,32,163
E00048187,236,36,200
E00048188,351,81,270
E00048189,372,115,257
E00048190,409,110,299
E00048191,357,99,258
E00048192,303,85,218
E00048193,294,48,246
E00048194,455,117,338
E00048195,331,93,238
E00048196,430,155,275
E00048197,333,77,256
E00048198,523,134,389
E00048199,245,56,189
E00048200,278,52,226
E00048201,402,137,265
E00048202,349,91,258
E00048203,256,50,206
E00048204,315,73,242
E00048205,292,44,248
E00048206,265,59,206
E00048207,295,49,246
E00048208,401,180,221
E00048209,253,37,216
E00048210,330,63,267
E00048211,307,46,261
E00048213,289,67,222
E00048214,353,57,296
E00048215,147,16,131
E00048216,308,69,239
E00048217,317,56,261
E00048218,334,83,251
E00048219,279,67,212
E00048220,339,60,279
E00048221,344,92,252
E00048222,255,53,202
E00048223,222,36,186
E00048224,251,24,227
E00048225,318,82,236
E00048226,264,47,217
E00048227,265,47,218
E00048228,349,73,276
E00048229,345,62,283
E00048230,347,81,266
E00048231,310,65,245
E00048232,274,62,212
E00048233,332,78,254
E00048234,285,56,229
E00048235,273,35,238
E00048236,240,35,205
E00048237,442,100,342
E00048238,253,43,210
E00048239,238,36,202
E00048240,300,57,243
E00048241,268,50,218
E00048242,224,49,175
E00048243,237,37,200
E00048244,206,30,176
E00048245,275,37,238
E00048246,374,80,294
E00048247,338,74,264
E00048248,275,51,224
E00048249,359,46,313
E00048250,159,14,145
E00048251,355,60,295
E00048252,292,63,229
E00048253,590,73,517
E00048254,186,27,159
E00048255,285,51,234
E00048256,302,40,262
E00048257,295,45,250
E00048258,376,78,298
E00048259,389,158,231
E00048260,312,80,232
E00048261,206,37,169
E00048262,224,48,176
E00048263,264,56,208
E00048264,351,49,302
E00048265,286,44,242
E00048266,237,56,181
E00048267,268,68,200
E00048268,312,54,258
E00048269,253,60,193
E00048270,201,35,166
E00048271,268,52,216
E00048272,261,27,234
E00048273,281,49,232
E00048274,317,76,241
E00048275,311,66,245
E00048276,233,32,201
E00048277,263,53,210
E00048278,322,77,245
E00048279,270,42,228
E00048280,281,46,235
E00048281,260,35,225
E00048283,296,52,244
E00048284,245,31,214
E00048285,274,58,216
E00048286,232,51,181
E00048287,277,44,233
E00048288,282,74,208
E00048289,241,46,195
E00048290,234,26,208
E00048291,279,47,232
E00048292,297,54,243
E00048293,287,66,221
E00048294,250,36,214
E00048296,235,48,187
E00048297,300,100,200
E00048298,240,60,180
E00048299,225,44,181
E00048300,359,109,250
E00048301,320,95,225
E00048302,231,71,160
E00048303,381,139,242
E00048304,278,50,228
E00048306,313,69,244
E00048307,453,142,311
E00048308,393,87,306
E00048309,217,57,160
E00048311,287,91,196
E00048313,308,68,240
E00048314,262,66,196
E00048315,212,48,164
E00048316,272,32,240
E00048318,281,51,230
E00048319,220,51,169
E00048320,260,42,218
E00048321,347,72,275
E00048322,257,65,192
E00048323,319,52,267
E00048324,308,85,223
E00048325,224,32,192
E00048326,230,52,178
E00048327,224,45,179
E00048328,227,23,204
E00048330,319,120,199
E00048331,265,49,216
E00048332,221,41,180
E00048334,297,56,241
E00048335,337,76,261
E00048336,233,20,213
E00048337,254,61,193
E00048338,189,33,156
E00048339,254,47,207
E00048340,299,60,239
E00048341,236,63,173
E00048342,349,63,286
E00048343,287,53,234
E00048344,242,38,204
E00048345,315,69,246
E00048346,221,54,167
E00048347,229,42,187
E00048348,292,62,230
E00048349,255,46,209
E00048350,223,30,193
E00048352,358,62,296
E00048353,288,71,217
E00048354,244,58,186
E00048355,328,48,280
E00048356,303,91,212
E00048357,287,52,235
E00048358,237,37,200
E00048359,332,83,249
E00048360,349,97,252
E00048361,153,17,136
E00048362,300,67,233
E00048363,331,76,255
E00048364,240,26,214
E00048365,219,22,197
E00048366,308,29,279
E00048367,350,67,283
E00048369,188,71,117
E00048370,308,80,228
E00048371,324,60,264
E00048372,295,51,244
E00048373,296,47,249
E00048374,371,56,315
E00048375,293,49,244
E00048376,253,36,217
E00048377,289,71,218
E00048378,347,85,262
E00048379,243,53,190
E00048380,325,57,268
E00048381,270,58,212
E00048382,267,51,216
E00048383,306,59,247
E00048384,272,42,230
E00048385,316,55,261
E00048386,319,75,244
E00048387,275,56,219
E00048388,346,62,284
E00048389,227,36,191
E00048390,343,79,264
E00048391,179,17,162
E00048392,288,65,223
E00048393,280,44,236
E00048394,330,70,260
E00048395,288,63,225
E00048396,270,53,217
E00048398,234,92,142
E00048399,262,81,181
E00048400,213,60,153
E00048401,207,70,137
E00048402,262,74,188
E00048403,311,60,251
E00048404,252,42,210
E00048405,373,88,285
E00048406,210,43,167
E00048407,337,69,268
E00048408,242,89,153
E00048409,251,51,200
E00048410,195,41,154
E00048411,329,56,273
E00048412,240,43,197
E00048413,255,61,194
E00048414,229,32,197
E00048415,366,75,291
E00048416,351,65,286
E00048417,243,58,185
E00048418,331,83,248
E00048419,276,44,232
E00048420,545,135,410
E00048421,186,53,133
E00048422,380,97,283
E00048423,473,155,318
E00048425,337,79,258
E00048427,303,114,189
E00048428,283,130,153
E00048429,291,96,195
E00048431,320,92,228
E00048432,282,80,202
E00048433,336,73,263
E00048434,533,138,395
E00048435,388,124,264
E00048436,401,119,282
E00048437,439,140,299
E00048438,366,99,267
E00048439,300,90,210
E00048440,416,130,286
E00048441,403,118,285
E00048442,455,122,333
E00048443,345,118,227
E00048444,129,31,98
E00048445,571,179,392
E00048446,443,139,304
E00048447,377,140,237
E00048448,317,103,214
E00048449,480,143,337
E00048450,375,144,231
E00048451,250,37,213
E00048452,115,2,113
E00048454,387,149,238
E00048455,223,40,183
E00048456,416,161,255
E00048457,397,125,272
E00048458,388,133,255
E00048459,340,86,254
E00048461,290,79,211
E00048462,195,46,149
E00048463,404,136,268
E00048464,563,170,393
E00048465,340,115,225
E00048466,428,136,292
E00048467,357,110,247
E00048468,442,132,310
E00048469,374,112,262
E00048470,260,75,185
E00048471,329,81,248
E00048472,283,33,250
E00048473,236,45,191
E00048474,423,70,353
E00048475,435,71,364
E00048476,236,72,164
E00048477,412,87,325
E00048478,236,38,198
E00048479,360,141,219
E00048480,272,63,209
E00048481,374,144,230
E00048482,284,46,238
E00048485,182,75,107
E00048486,235,93,142
E00048487,483,125,358
E00048488,282,53,229
E00048489,236,32,204
E00048491,312,58,254
E00048492,267,49,218
E00048494,306,46,260
E00048495,335,115,220
E00048496,328,66,262
E00048497,346,114,232
E00048498,258,38,220
E00048499,370,66,304
E00048500,349,112,237
E00048501,190,31,159
E00048502,338,60,278
E00048503,319,49,270
E00048504,325,70,255
E00048505,516,128,388
E00048506,241,57,184
E00048507,290,55,235
E00048508,432,157,275
E00048509,519,170,349
E00048510,210,38,172
E00048511,348,72,276
E00048514,276,100,176
E00048516,204,28,176
E00048517,213,68,145
E00048518,307,63,244
E00048519,403,94,309
E00048520,360,68,292
E00048521,268,62,206
E00048522,222,45,177
E00048523,251,52,199
E00048524,250,59,191
E00048525,189,17,172
E00048526,294,67,227
E00048527,209,44,165
E00048528,362,84,278
E00048529,270,58,212
E00048532,316,100,216
E00048533,327,63,264
E00048534,318,97,221
E00048535,324,71,253
E00048536,324,87,237
E00048537,601,101,500
E00048538,362,73,289
E00048539,288,60,228
E00048540,399,89,310
E00048541,286,59,227
E00048542,310,78,232
E00048543,256,51,205
E00048544,288,83,205
E00048545,310,89,221
E00048546,302,54,248
E00048547,305,83,222
E00048548,166,42,124
E00048549,249,64,185
E00048550,345,78,267
E00048551,273,71,202
E00048552,221,64,157
E00048553,324,79,245
E00048554,238,44,194
E00048555,433,121,312
E00048556,310,65,245
E00048557,348,111,237
E00048558,303,76,227
E00048560,330,93,237
E00048561,378,85,293
E00048562,271,67,204
E00048563,334,67,267
E00048564,426,93,333
E00048565,464,94,370
E00048566,244,50,194
E00048567,340,76,264
E00048568,539,146,393
E00048569,339,91,248
E00048571,302,93,209
E00048572,289,85,204
E00048574,468,105,363
E00048575,320,67,253
E00048576,201,45,156
E00048577,289,71,218
E00048578,319,99,220
E00048579,300,99,201
E00048580,281,66,215
E00048581,368,37,331
E00048582,427,85,342
E00048583,298,99,199
E00048584,275,73,202
E00048585,339,109,230
E00048586,267,55,212
E00048587,318,84,234
E00048588,276,77,199
E00048589,237,47,190
E00048590,440,99,341
E00048591,232,40,192
E00048592,310,45,265
E00048593,338,65,273
E00048594,311,85,226
E00048595,277,59,218
E00048596,268,56,212
E00048597,315,86,229
E00048598,248,39,209
E00048599,263,90,173
E00048600,265,66,199
E00048601,199,29,170
E00048602,387,87,300
E00048603,343,83,260
E00048604,291,37,254
E00048605,199,4,195
E00048606,540,118,422
E00048607,356,79,277
E00048608,250,45,205
E00048609,378,68,310
E00048610,307,35,272
E00048611,219,40,179
E00048612,210,28,182
E00048613,292,78,214
E00048614,354,80,274
E00048615,290,59,231
E00048616,274,71,203
E00048617,249,49,200
E00048618,252,55,197
E00048619,166,18,148
E00048620,203,45,158
E00048621,253,58,195
E00048622,333,62,271
E00048623,298,74,224
E00048624,342,91,251
E00048625,296,76,220
E00048626,255,50,205
E00048627,309,72,237
E00048628,239,44,195
E00048629,267,61,206
E00048630,335,97,238
E00048631,331,113,218
E00048632,258,53,205
E00048633,315,87,228
E00048634,243,31,212
E00048635,310,71,239
E00048637,306,83,223
E00048638,123,34,89
E00048639,249,58,191
E00048640,316,92,224
E00048641,333,100,233
E00048642,296,71,225
E00048643,282,48,234
E00048644,287,67,220
E00048645,285,54,231
E00048646,310,67,243
E00048647,422,83,339
E00048648,406,167,239
E00048649,350,140,210
E00048650,310,106,204
E00048651,412,133,279
E00048652,344,111,233
E00048653,310,83,227
E00048654,366,148,218
E00048656,266,49,217
E00048657,292,67,225
E00048658,276,62,214
E00048659,229,44,185
E00048660,401,93,308
E00048661,354,72,282
E00048662,268,73,195
E00048663,291,57,234
E00048664,340,105,235
E00048665,329,68,261
E00048666,265,59,206
E00048667,305,77,228
E00048668,263,49,214
E00048669,254,44,210
E00048670,291,50,241
E00048671,267,41,226
E00048672,385,133,252
E00048673,279,59,220
E00048674,275,53,222
E00048675,296,68,228
E00048677,348,98,250
E00048678,280,57,223
E00048679,321,63,258
E00048680,348,71,277
E00048681,375,118,257
E00048682,322,63,259
E00048683,368,110,258
E00048684,298,100,198
E00048685,351,119,232
E00048686,331,112,219
E00048687,295,59,236
E00048688,284,66,218
E00048689,439,179,260
E00048690,390,92,298
E00048691,418,178,240
E00048693,264,60,204
E00048694,285,79,206
E00048696,239,44,195
E00048697,280,65,215
E00048698,290,72,218
E00048699,338,76,262
E00048700,404,105,299
E00048701,281,66,215
E00048702,278,62,216
E00048703,463,79,384
E00048704,310,82,228
E00048705,290,40,250
E00048706,140,6,134
E00048707,270,84,186
E00048708,363,120,243
E00048709,216,28,188
E00048710,237,49,188
E00048711,339,91,248
E00048712,252,68,184
E00048713,270,59,211
E00048714,121,5,116
E00048715,305,64,241
E00048716,253,63,190
E00048717,295,68,227
E00048718,369,84,285
E00048719,303,79,224
E00048720,305,80,225
E00048721,421,108,313
E00048722,243,46,197
E00048723,254,61,193
E00048724,238,50,188
E00048725,316,79,237
E00048726,347,78,269
E00048727,240,55,185
E00048728,232,53,179
E00048729,330,82,248
E00048730,317,76,241
E00048731,317,75,242
E00048732,223,50,173
E00048734,445,113,332
E00048735,257,70,187
E00048736,336,75,261
E00048738,291,67,224
E00048739,310,69,241
E00048740,371,96,275
E00048741,310,67,243
E00048742,270,77,193
E00048743,298,76,222
E00048744,291,79,212
E00048745,495,112,383
E00048746,532,212,320
E00048747,346,125,221
E00048748,305,80,225
E00048749,311,80,231
E00048750,324,114,210
E00048751,269,81,188
E00048752,439,237,202
E00048753,433,231,202
E00048754,315,97,218
E00048755,404,121,283
E00048756,365,128,237
E00048757,312,144,168
E00048758,343,191,152
E00048759,435,219,216
E00048760,259,101,158
E00048761,286,115,171
E00048762,373,127,246
E00048764,468,142,326
E00048765,462,147,315
E00048766,331,125,206
E00048767,317,127,190
E00048768,396,159,237
E00048769,329,129,200
E00048770,225,60,165
E00048772,302,69,233
E00048773,335,117,218
E00048774,354,113,241
E00048775,561,184,377
E00048776,386,130,256
E00048778,369,157,212
E00048781,255,81,174
E00048783,372,157,215
E00048784,269,79,190
E00048788,290,122,168
E00048790,364,197,167
E00048791,347,166,181
E00048793,340,189,151
E00048796,338,237,101
E00048797,387,186,201
E00048798,480,341,139
E00048799,443,242,201
E00048800,216,10,206
E00048801,269,96,173
E00048802,303,58,245
E00048803,319,62,257
E00048804,281,61,220
E00048805,369,89,280
E00048806,293,57,236
E00048807,233,48,185
E00048808,321,72,249
E00048809,326,88,238
E00048810,276,46,230
E00048811,246,50,196
E00048812,250,50,200
E00048813,244,46,198
E00048814,261,62,199
E00048815,243,48,195
E00048816,340,83,257
E00048818,268,46,222
E00048819,257,47,210
E00048820,243,55,188
E00048821,306,55,251
E00048822,238,37,201
E00048823,233,44,189
E00048824,383,78,305
E00048825,143,19,124
E00048826,207,48,159
E00048827,253,45,208
E00048828,241,64,177
E00048829,313,77,236
E00048830,294,71,223
E00048831,246,80,166
E00048832,240,57,183
E00048833,367,116,251
E00048834,279,69,210
E00048835,220,46,174
E00048836,290,60,230
E00048837,219,46,173
E00048838,157,6,151
E00048839,326,171,155
E00048840,287,54,233
E00048841,274,47,227
E00048842,359,96,263
E00048843,285,61,224
E00048844,284,64,220
E00048845,282,55,227
E00048846,298,57,241
E00048847,202,26,176
E00048848,331,61,270
E00048849,313,65,248
E00048850,313,52,261
E00048851,229,44,185
E00048852,348,73,275
E00048853,269,58,211
E00048854,305,64,241
E00048855,249,47,202
E00048856,299,76,223
E00048857,338,148,190
E00048858,390,179,211
E00048859,376,89,287
E00048860,290,72,218
E00048861,325,84,241
E00048862,250,55,195
E00048863,267,66,201
E00048864,265,48,217
E00048865,269,45,224
E00048866,300,68,232
E00048867,399,74,325
E00048868,293,69,224
E00048869,304,59,245
E00048870,274,52,222
E00048871,236,39,197
E00048872,246,52,194
E00048873,270,60,210
E00048874,281,61,220
E00048875,323,63,260
E00048876,369,105,264
E00048877,325,67,258
E00048878,379,95,284
E00048879,262,42,220
E00048880,305,64,241
E00048881,334,79,255
E00048882,118,1,117
E00048883,294,58,236
E00048884,305,103,202
E00048885,289,55,234
E00048886,294,92,202
E00048887,312,68,244
E00048888,290,86,204
E00048889,341,89,252
E00048890,395,104,291
E00048891,339,108,231
E00048892,353,123,230
E00048893,295,54,241
E00048894,346,101,245
E00048895,428,137,291
E00048896,423,145,278
E00048897,248,33,215
E00048898,379,97,282
E00048899,282,45,237
E00048900,263,63,200
E00048901,279,48,231
E00048902,211,44,167
E00048903,250,29,221
E00048904,358,89,269
E00048905,321,81,240
E00048906,291,66,225
E00048907,263,38,225
E00048908,329,58,271
E00048909,328,78,250
E00048910,358,108,250
E00048911,488,182,306
E00048912,270,62,208
E00048913,298,75,223
E00048914,275,67,208
E00048915,193,11,182
E00048916,229,46,183
E00048917,306,63,243
E00048918,327,84,243
E00048919,341,74,267
E00048920,306,53,253
E00048921,335,81,254
E00048923,197,69,128
E00048924,269,43,226
E00048925,349,92,257
E00048926,304,66,238
E00048927,301,64,237
E00048928,272,64,208
E00048929,346,83,263
E00048930,315,76,239
E00048931,298,58,240
E00048932,281,45,236
E00048933,315,70,245
E00048934,228,35,193
E00048935,326,86,240
E00048936,247,42,205
E00048937,283,55,228
E00048938,325,80,245
E00048939,296,57,239
E00048941,273,118,155
E00048942,331,79,252
E00048943,315,74,241
E00048944,271,88,183
E00048945,328,76,252
E00048946,282,59,223
E00048947,327,78,249
E00048948,289,72,217
E00048949,215,95,120
E00048950,384,102,282
E00048951,297,50,247
E00048952,307,68,239
E00048953,298,44,254
E00048954,292,81,211
E00048956,275,172,103
E00048958,322,59,263
E00048959,282,55,227
E00048960,378,79,299
E00048961,217,46,171
E00048962,351,90,261
E00048963,452,188,264
E00048964,275,44,231
E00048965,290,59,231
E00048966,264,52,212
E00048967,292,51,241
E00048968,238,34,204
E00048969,288,53,235
E00048970,327,73,254
E00048971,354,85,269
E00048972,271,45,226
E00048973,259,76,183
E00048974,453,115,338
E00048975,574,146,428
E00048976,524,183,341
E00048977,264,106,158
E00048978,243,46,197
E00048979,219,49,170
E00048980,341,40,301
E00048981,233,34,199
E00048982,267,54,213
E00048983,278,37,241
E00048984,266,41,225
E00048985,385,135,250
E00048987,249,111,138
E00048988,303,159,144
E00048989,514,309,205
E00048991,400,212,188
E00048992,263,78,185
E00048993,297,105,192
E00048994,220,79,141
E00048995,403,174,229
E00048997,286,161,125
E00048999,231,106,125
E00049001,340,232,108
E00049002,538,431,107
E00049003,263,93,170
E00049004,202,29,173
E00049005,296,83,213
E00049006,310,157,153
E00049007,278,126,152
E00049008,287,28,259
E00049009,336,61,275
E00049010,242,50,192
E00049011,287,55,232
E00049012,259,39,220
E00049013,239,43,196
E00049014,437,92,345
E00049015,361,71,290
E00049016,234,34,200
E00049017,246,55,191
E00049018,238,39,199
E00049019,322,68,254
E00049020,254,43,211
E00049021,192,17,175
E00049022,294,60,234
E00049023,213,47,166
E00049024,344,67,277
E00049025,230,25,205
E00049026,179,28,151
E00049027,257,54,203
E00049028,264,62,202
E00049029,278,41,237
E00049030,238,41,197
E00049031,291,68,223
E00049032,292,54,238
E00049033,256,47,209
E00049034,321,79,242
E00049035,232,30,202
E00049036,232,45,187
E00049037,281,84,197
E00049038,280,97,183
E00049039,214,38,176
E00049040,271,108,163
E00049041,228,56,172
E00049042,201,24,177
E00049043,269,46,223
E00049044,261,73,188
E00049046,208,40,168
E00049047,328,80,248
E00049048,270,88,182
E00049049,237,63,174
E00049050,292,55,237
E00049051,282,72,210
E00049052,282,103,179
E00049053,273,111,162
E00049054,246,69,177
E00049055,297,120,177
E00049056,227,80,147
E00049057,228,33,195
E00049058,284,47,237
E00049059,137,10,127
E00049060,341,67,274
E00049061,285,54,231
E00049062,293,50,243
E00049063,232,19,213
E00049064,276,32,244
E00049065,270,53,217
E00049066,328,42,286
E00049067,236,33,203
E00049068,229,18,211
E00049069,309,46,263
E00049070,254,44,210
E00049071,426,94,332
E00049072,377,50,327
E00049073,363,89,274
E00049074,189,32,157
E00049075,210,40,170
E00049076,223,55,168
E00049077,222,51,171
E00049078,451,84,367
E00049079,212,44,168
E00049080,244,33,211
E00049081,240,33,207
E00049082,131,15,116
E00049083,321,73,248
E00049085,179,42,137
E00049086,221,46,175
E00049087,117,15,102
E00049088,271,22,249
E00049089,230,26,204
E00049090,243,34,209
E00049091,339,76,263
E00049092,173,23,150
E00049093,270,49,221
E00049094,277,59,218
E00049095,248,34,214
E00049096,289,52,237
E00049097,276,42,234
E00049098,292,42,250
E00049099,284,42,242
E00049100,318,47,271
E00049102,264,47,217
E00049103,280,51,229
E00049104,282,57,225
E00049105,146,8,138
E00049106,272,41,231
E00049107,312,45,267
E00049108,213,32,181
E00049109,315,57,258
E00049110,150,24,126
E00049111,163,18,145
E00049112,234,45,189
E00049113,260,40,220
E00049114,207,26,181
E00049115,279,31,248
E00049116,352,73,279
E00049117,315,58,257
E00049118,289,55,234
E00049119,238,49,189
E00049120,298,85,213
E00049121,267,83,184
E00049122,196,32,164
E00049123,232,48,184
E00049124,345,64,281
E00049125,242,47,195
E00049126,226,52,174
E00049127,314,76,238
E00049128,258,57,201
E00049129,334,81,253
E00049130,339,68,271
E00049131,315,75,240
E00049132,329,83,246
E00049133,288,60,228
E00049134,403,130,273
E00049135,292,58,234
E00049136,335,76,259
E00049137,338,90,248
E00049138,287,93,194
E00049139,313,95,218
E00049140,290,67,223
E00049141,304,66,238
E00049142,282,54,228
E00049143,259,38,221
E00049144,297,59,238
E00049145,231,46,185
E00049146,261,39,222
E00049147,206,9,197
E00049148,546,126,420
E00049149,272,41,231
E00049150,232,27,205
E00049151,201,26,175
E00049152,355,66,289
E00049153,422,95,327
E00049154,255,45,210
E00049157,370,153,217
E00049158,352,142,210
E00049159,211,37,174
E00049161,195,34,161
E00049162,265,41,224
E00049163,271,34,237
E00049164,296,55,241
E00049165,299,60,239
E00049166,270,63,207
E00049167,288,62,226
E00049168,300,45,255
E00049169,194,47,147
E00049170,264,74,190
E00049171,311,67,244
E00049172,303,74,229
E00049173,280,61,219
E00049174,328,87,241
E00049175,311,77,234
E00049176,267,59,208
E00049177,300,78,222
E00049178,265,77,188
E00049179,237,58,179
E00049180,365,107,258
E00049181,278,62,216
E00049182,229,45,184
E00049183,288,48,240
E00049184,388,44,344
E00049185,315,63,252
E00049186,327,87,240
E00049187,258,22,236
E00049188,270,33,237
E00049190,283,66,217
E00049191,288,42,246
E00049192,230,28,202
E00049193,180,14,166
E00049194,248,73,175
E00049195,336,65,271
E00049196,316,61,255
E00049197,316,51,265
E00049198,297,56,241
E00049199,276,55,221
E00049200,353,64,289
E00049201,281,43,238
E00049202,264,34,230
E00049203,273,39,234
E00049204,288,45,243
E00049205,302,62,240
E00049206,357,60,297
E00049207,430,84,346
E00049208,296,54,242
E00049209,288,37,251
E00049210,311,61,250
E00049211,255,39,216
E00049212,298,54,244
E00049213,378,40,338
E00049214,278,36,242
E00049215,211,27,184
E00049216,254,40,214
E00049217,241,31,210
E00049218,328,62,266
E00049219,268,43,225
E00049220,283,50,233
E00049221,343,72,271
E00049222,298,41,257
E00049223,345,73,272
E00049224,263,49,214
E00049225,254,34,220
E00049226,308,57,251
E00049227,324,63,261
E00049228,292,40,252
E00049229,428,95,333
E00049230,268,48,220
E00049231,256,58,198
E00049232,282,41,241
E00049233,332,51,281
E00049234,309,43,266
E00049235,320,73,247
E00049236,330,57,273
E00049237,313,56,257
E00049238,249,49,200
E00049239,240,40,200
E00049240,253,43,210
E00049241,264,51,213
E00049242,349,51,298
E00049243,297,43,254
E00049244,321,91,230
E00049245,268,43,225
E00049246,256,59,197
E00049247,256,42,214
E00049248,290,62,228
E00049249,271,41,230
E00049250,267,41,226
E00049251,342,82,260
E00049252,304,76,228
E00049253,264,42,222
E00049254,318,86,232
E00049255,291,66,225
E00049256,327,71,256
E00049257,278,39,239
E00049258,277,67,210
E00049259,354,105,249
E00049260,421,91,330
E00049261,374,105,269
E00049262,354,86,268
E00049263,258,52,206
E00049264,324,85,239
E00049265,329,78,251
E00049266,188,15,173
E00049267,393,79,314
E00049268,294,49,245
E00049269,397,75,322
E00049270,278,30,248
E00049271,251,37,214
E00049272,267,50,217
E00049273,279,51,228
E00049274,328,45,283
E00049275,341,66,275
E00049276,263,49,214
E00049277,259,31,228
E00049278,204,15,189
E00049279,304,60,244
E00049280,311,65,246
E00049281,327,66,261
E00049282,272,55,217
E00049283,388,80,308
E00049284,313,64,249
E00049285,286,51,235
E00049287,317,86,231
E00049288,188,23,165
E00049289,242,51,191
E00049290,313,91,222
E00049291,296,78,218
E00049292,263,63,200
E00049293,338,93,245
E00049294,251,61,190
E00049295,232,57,175
E00049296,338,109,229
E00049297,228,25,203
E00049298,258,45,213
E00049299,178,11,167
E00049300,228,53,175
E00049301,271,43,228
E00049302,355,63,292
E00049303,356,82,274
E00049304,228,47,181
E00049305,245,38,207
E00049306,289,37,252
E00049307,287,55,232
E00049308,325,85,240
E00049311,273,42,231
E00049312,245,32,213
E00049313,287,50,237
E00049314,255,39,216
E00049315,298,50,248
E00049316,238,29,209
E00049317,222,35,187
E00049318,345,90,255
E00049319,250,31,219
E00049320,229,28,201
E00049321,291,72,219
E00049322,285,51,234
E00049323,281,48,233
E00049324,274,59,215
E00049325,257,36,221
E00049326,351,50,301
E00049327,277,40,237
E00049328,325,45,280
E00049329,324,98,226
E00049330,319,76,243
E00049331,276,43,233
E00049332,304,69,235
E00049333,251,34,217
E00049334,216,40,176
E00049335,284,67,217
E00049336,307,54,253
E00049337,285,65,220
E00049338,259,60,199
E00049339,301,89,212
E00049340,379,131,248
E00049341,292,50,242
E00049342,343,84,259
E00049343,304,67,237
E00049344,263,48,215
E00049345,265,26,239
E00049346,262,57,205
E00049347,311,82,229
E00049348,303,78,225
E00049349,290,52,238
E00049350,333,57,276
E00049351,305,54,251
E00049352,390,102,288
E00049353,225,18,207
E00049354,281,64,217
E00049355,260,47,213
E00049356,345,97,248
E00049357,271,48,223
E00049358,364,107,257
E00049359,333,69,264
E00049362,249,42,207
E00049363,284,73,211
E00049365,272,48,224
E00049366,300,60,240
E00049368,291,39,252
E00049369,253,69,184
E00049370,312,55,257
E00049374,372,125,247
E00049375,443,165,278
E00049376,269,73,196
E00049378,432,117,315
E00049379,326,102,224
E00049380,339,125,214
E00049381,283,70,213
E00049382,316,95,221
E00049383,365,71,294
E00049384,323,95,228
E00049385,370,104,266
E00049386,391,114,277
E00049387,257,71,186
E00049388,454,117,337
E00049389,327,51,276
E00049390,329,98,231
E00049391,283,60,223
E00049392,320,62,258
E00049393,315,75,240
E00049394,281,33,248
E00049395,495,202,293
E00049396,318,63,255
E00049397,383,151,232
E00049398,286,35,251
E00049399,279,50,229
E00049400,259,58,201
E00049401,187,31,156
E00049402,242,21,221
E00049403,386,92,294
E00049404,232,35,197
E00049405,273,46,227
E00049406,228,25,203
E00049407,271,42,229
E00049409,307,31,276
E00049410,194,25,169
E00049411,283,53,230
E00049412,346,111,235
E00049413,316,47,269
E00049414,331,55,276
E00049415,357,99,258
E00049416,303,47,256
E00049417,286,56,230
E00049418,308,51,257
E00049419,350,60,290
E00049420,311,36,275
E00049421,353,50,303
E00049422,308,51,257
E00049423,265,44,221
E00049424,322,69,253
E00049425,295,51,244
E00049426,321,64,257
E00049427,276,43,233
E00049428,288,61,227
E00049429,434,57,377
E00049430,231,38,193
E00049431,290,42,248
E00049432,312,68,244
E00049433,293,47,246
E00049434,300,71,229
E00049435,248,54,194
E00049436,314,89,225
E00049437,286,53,233
E00049438,272,47,225
E00049439,280,35,245
E00049440,279,40,239
E00049441,253,72,181
E00049442,309,59,250
E00049443,401,101,300
E00049444,277,36,241
E00049445,272,39,233
E00049446,259,33,226
E00049447,307,61,246
E00049448,312,42,270
E00049449,348,70,278
E00049450,332,59,273
E00049451,278,47,231
E00049452,330,71,259
E00049453,287,45,242
E00049454,332,76,256
E00049455,269,67,202
E00049456,328,79,249
E00049457,288,59,229
E00049458,275,48,227
E00049459,323,52,271
E00049460,309,60,249
E00049461,288,24,264
E00049462,313,55,258
E00049463,321,74,247
E00049464,272,39,233
E00049465,316,40,276
E00049466,254,44,210
E00049467,252,31,221
E00049468,276,65,211
E00049469,264,32,232
E00049470,280,43,237
E00049471,296,62,234
E00049472,251,59,192
E00049473,307,59,248
E00049474,274,29,245
E00049475,300,36,264
E00049476,317,80,237
E00049478,264,45,219
E00049479,227,24,203
E00049480,314,70,244
E00049481,290,86,204
E00049482,417,62,355
E00049483,267,55,212
E00049484,292,58,234
E00049485,311,44,267
E00049486,250,30,220
E00049487,253,31,222
E00049488,277,48,229
E00049489,280,58,222
E00049490,281,67,214
E00049492,314,49,265
E00049493,260,34,226
E00049494,283,52,231
E00049495,297,60,237
E00049496,279,42,237
E00049497,261,31,230
E00049498,261,46,215
E00049499,264,64,200
E00049500,286,33,253
E00049501,223,26,197
E00049502,230,36,194
E00049503,282,27,255
E00049504,255,31,224
E00049505,249,53,196
E00049506,302,40,262
E00049507,234,42,192
E00049508,289,40,249
E00049509,232,44,188
E00049510,305,38,267
E00049511,261,49,212
E00049512,324,59,265
E00049513,280,71,209
E00049514,293,42,251
E00049515,252,36,216
E00049516,261,43,218
E00049517,244,36,208
E00049518,395,89,306
E00049519,292,65,227
E00049520,303,39,264
E00049521,319,77,242
E00049522,297,40,257
E00049523,340,81,259
E00049524,463,83,380
E00049525,256,35,221
E00049527,288,33,255
E00049528,289,31,258
E00049529,215,31,184
E00049530,244,37,207
E00049531,292,55,237
E00049532,279,59,220
E00049533,295,61,234
E00049534,447,95,352
E00049535,414,118,296
E00049536,253,44,209
E00049537,319,95,224
E00049538,450,84,366
E00049539,258,41,217
E00049540,266,54,212
E00049541,291,56,235
E00049542,363,105,258
E00049543,307,58,249
E00049544,238,31,207
E00049545,365,86,279
E00049546,243,37,206
E00049547,320,60,260
E00049548,313,68,245
E00049549,338,48,290
E00049550,158,11,147
E00049551,270,49,221
E00049552,288,59,229
E00049553,309,37,272
E00049554,359,56,303
E00049556,363,75,288
E00049557,270,36,234
E00049558,280,44,236
E00049559,316,80,236
E00049560,258,50,208
E00049561,295,65,230
E00049562,325,74,251
E00049563,306,58,248
E00049564,300,69,231
E00049565,337,65,272
E00049566,361,56,305
E00049567,227,45,182
E00049568,354,92,262
E00049569,246,50,196
E00049570,343,60,283
E00049571,309,67,242
E00049572,252,42,210
E00049573,321,73,248
E00049574,299,56,243
E00049575,414,105,309
E00049576,267,48,219
E00049577,242,38,204
E00049578,256,30,226
E00049579,254,30,224
E00049580,321,67,254
E00049581,292,36,256
E00049582,258,47,211
E00049583,339,55,284
E00049584,297,41,256
E00049585,289,38,251
E00049586,286,46,240
E00049587,272,44,228
E00049588,283,51,232
E00049589,282,53,229
E00049590,385,47,338
E00049591,304,48,256
E00049592,338,25,313
E00049593,412,48,364
E00049594,230,32,198
E00049595,246,41,205
E00049596,285,51,234
E00049597,244,39,205
E00049598,230,25,205
E00049599,233,38,195
E00049600,293,60,233
E00049601,324,35,289
E00049602,192,30,162
E00049603,347,75,272
E00049604,280,50,230
E00049605,331,60,271
E00049606,504,138,366
E00049607,295,53,242
E00049608,386,74,312
E00049609,297,57,240
E00049610,352,76,276
E00049611,236,29,207
E00049612,329,41,288
E00049613,341,82,259
E00049614,324,63,261
E00049615,342,64,278
E00049616,262,45,217
E00049617,300,41,259
E00049618,285,40,245
E00049619,310,47,263
E00049620,294,50,244
E00049621,434,94,340
E00049622,309,65,244
E00049623,300,50,250
E00049624,358,90,268
E00049625,346,84,262
E00049626,318,71,247
E00049627,298,66,232
E00049628,266,45,221
E00049629,258,43,215
E00049630,319,68,251
E00049631,312,59,253
E00049632,279,56,223
E00049633,285,45,240
E00049634,370,72,298
E00049635,240,32,208
E00049636,251,37,214
E00049637,339,70,269
E00049638,292,66,226
E00049639,243,40,203
E00049640,289,74,215
E00049641,213,27,186
E00049642,319,39,280
E00049643,319,58,261
E00049644,191,44,147
E00049645,300,61,239
E00049646,294,44,250
E00049647,246,45,201
E00049648,245,67,178
E00049649,278,62,216
E00049650,241,43,198
E00049651,192,40,152
E00049652,373,107,266
E00049653,275,31,244
E00049654,265,42,223
E00049655,262,32,230
E00049656,272,41,231
E00049657,302,52,250
E00049658,271,37,234
E00049659,291,34,257
E00049660,309,81,228
E00049661,264,32,232
E00049662,225,25,200
E00049663,298,45,253
E00049664,325,61,264
E00049665,275,32,243
E00049666,571,129,442
E00049667,255,37,218
E00049668,301,47,254
E00049669,255,44,211
E00049670,318,53,265
E00049671,354,68,286
E00049672,258,38,220
E00049673,280,46,234
E00049674,320,66,254
E00049675,245,36,209
E00049676,232,34,198
E00049677,283,42,241
E00049678,273,40,233
E00049679,248,37,211
E00049680,224,33,191
E00049681,411,71,340
E00049682,263,38,225
E00049683,373,70,303
E00049684,254,49,205
E00049685,252,33,219
E00049686,258,25,233
E00049687,287,52,235
E00049688,247,25,222
E00049689,331,44,287
E00049690,372,44,328
E00049691,294,75,219
E00049692,296,44,252
E00049693,296,47,249
E00049694,314,56,258
E00049695,392,74,318
E00049696,273,32,241
E00049697,245,28,217
E00049698,323,45,278
E00049699,274,47,227
E00049700,384,60,324
E00049701,254,46,208
E00049702,327,72,255
E00049703,260,46,214
E00049704,302,64,238
E00049705,241,19,222
E00049706,333,65,268
E00049707,297,59,238
E00049708,184,15,169
E00049709,290,55,235
E00049710,272,40,232
E00049711,302,65,237
E00049712,341,73,268
E00049713,268,60,208
E00049714,304,55,249
E00049715,248,31,217
E00049716,306,55,251
E00049717,285,36,249
E00049718,197,23,174
E00049719,261,41,220
E00049720,251,27,224
E00049721,254,46,208
E00049722,382,87,295
E00049723,258,44,214
E00049724,380,61,319
E00049725,333,44,289
E00049726,272,55,217
E00049727,241,50,191
E00049728,286,37,249
E00049729,333,71,262
E00049730,280,43,237
E00049731,266,47,219
E00049732,346,63,283
E00049733,242,49,193
E00049734,305,71,234
E00049735,432,80,352
E00049736,326,90,236
E00049737,342,104,238
E00049738,317,74,243
E00049739,307,56,251
E00049740,341,84,257
E00049741,310,63,247
E00049742,231,22,209
E00049743,327,60,267
E00049744,411,90,321
E00049745,347,98,249
E00049746,297,72,225
E00049747,313,64,249
E00049748,332,39,293
E00049749,309,61,248
E00049750,280,68,212
E00049751,343,72,271
E00049752,297,64,233
E00049753,227,25,202
E00049754,278,61,217
E00049755,258,53,205
E00049756,216,40,176
E00049757,226,22,204
E00049758,255,61,194
E00049759,393,147,246
E00049760,252,55,197
E00049761,284,31,253
E00049762,278,41,237
E00049763,429,136,293
E00049764,287,67,220
E00049765,347,101,246
E00049766,437,78,359
E00049767,306,39,267
E00049768,235,24,211
E00049769,271,34,237
E00049770,253,81,172
E00049771,364,104,260
E00049772,295,88,207
E00049773,409,89,320
E00049775,348,63,285
E00049776,268,43,225
E00049777,296,59,237
E00049778,328,87,241
E00049779,342,84,258
E00049780,318,81,237
E00049781,330,75,255
E00049782,280,64,216
E00049783,281,28,253
E00049784,291,67,224
E00049785,294,72,222
E00049786,330,75,255
E00049787,324,72,252
E00049788,347,113,234
E00049789,217,22,195
E00049791,204,42,162
E00049792,235,47,188
E00049793,280,43,237
E00049794,325,68,257
E00049795,295,37,258
E00049796,302,95,207
E00049797,405,118,287
E00049798,386,128,258
E00049799,268,45,223
E00049800,320,102,218
E00049801,364,48,316
E00049802,275,56,219
E00049803,393,114,279
E00049804,257,25,232
E00049805,284,52,232
E00049806,360,60,300
E00049807,251,32,219
E00049808,297,63,234
E00049809,294,63,231
E00049810,323,53,270
E00049811,236,49,187
E00049812,284,39,245
E00049813,255,29,226
E00049814,300,56,244
E00049815,278,38,240
E00049816,347,72,275
E00049817,305,52,253
E00049818,240,38,202
E00049819,280,46,234
E00049820,309,70,239
E00049821,306,38,268
E00049822,142,8,134
E00049823,329,67,262
E00049824,304,39,265
E00049825,318,52,266
E00049826,331,67,264
E00049827,223,37,186
E00049828,300,56,244
E00049829,258,23,235
E00049830,267,46,221
E00049831,302,55,247
E00049832,279,45,234
E00049833,253,27,226
E00049834,300,54,246
E00049835,255,41,214
E00049836,274,43,231
E00049837,314,55,259
E00049838,310,33,277
E00049839,329,59,270
E00049840,346,81,265
E00049841,283,48,235
E00049842,170,20,150
E00049843,257,55,202
E00049844,293,60,233
E00049845,269,37,232
E00049846,284,32,252
E00049847,203,43,160
E00049848,298,65,233
E00049849,273,63,210
E00049850,271,37,234
E00049851,292,53,239
E00049852,291,54,237
E00049853,279,32,247
E00049854,271,46,225
E00049855,290,52,238
E00049856,276,31,245
E00049857,291,38,253
E00049858,341,59,282
E00049859,252,35,217
E00049860,284,43,241
E00049861,264,38,226
E00049862,288,47,241
E00049863,324,57,267
E00049864,310,30,280
E00049865,232,20,212
E00049866,243,27,216
E00049867,308,62,246
E00049868,306,40,266
E00049869,300,46,254
E00049870,397,58,339
E00049871,343,99,244
E00049872,287,49,238
E00049873,190,21,169
E00049874,351,39,312
E00049875,321,50,271
E00049876,265,38,227
E00049877,243,53,190
E00049878,309,35,274
E00049879,330,104,226
E00049880,421,58,363
E00049881,317,53,264
E00049882,381,193,188
E00049883,291,78,213
E00049884,253,53,200
E00049885,220,46,174
E00049886,237,20,217
E00049887,314,51,263
E00049888,263,32,231
E00049889,293,47,246
E00049890,474,111,363
E00049891,338,81,257
E00049892,383,97,286
E00049893,391,56,335
E00049894,350,72,278
E00049895,372,97,275
E00049896,263,35,228
E00049897,340,81,259
E00049898,453,95,358
E00049899,274,42,232
E00049900,227,37,190
E00049901,268,79,189
E00049902,293,68,225
E00049903,345,76,269
E00049904,278,48,230
E00049905,248,48,200
E00049906,358,82,276
E00049907,313,65,248
E00049908,216,48,168
E00049909,400,100,300
E00049910,280,33,247
E00049911,198,14,184
E00049912,332,60,272
E00049913,400,85,315
E00049914,383,67,316
E00049915,362,53,309
E00049916,279,52,227
E00049917,324,45,279
E00049918,288,41,247
E00049919,283,35,248
E00049920,198,27,171
E00049921,217,22,195
E00049922,364,15,349
E00049923,313,62,251
E00049924,295,61,234
E00049925,354,77,277
E00049926,339,47,292
E00049927,196,15,181
E00049928,263,39,224
E00049929,292,43,249
E00049930,310,66,244
E00049931,256,58,198
E00049932,312,44,268
E00049933,308,61,247
E00049935,321,78,243
E00049936,278,85,193
E00049937,242,26,216
E00049938,263,59,204
E00049939,357,99,258
E00049940,338,71,267
E00049941,338,69,269
E00049942,243,50,193
E00049943,316,67,249
E00049944,282,23,259
E00049945,306,55,251
E00049946,313,35,278
E00049947,350,106,244
E00049948,295,44,251
E00049949,271,61,210
E00049950,284,40,244
E00049951,303,81,222
E00049952,294,56,238
E00049953,246,61,185
E00049954,241,29,212
E00049955,316,37,279
E00049956,309,81,228
E00049957,342,91,251
E00049958,329,73,256
E00049959,302,86,216
E00049960,304,67,237
E00049961,306,46,260
E00049962,487,74,413
E00049963,281,53,228
E00049964,276,27,249
E00049966,358,58,300
E00049967,305,66,239
E00049968,265,49,216
E00049969,306,67,239
E00049973,273,46,227
E00049974,313,93,220
E00049975,377,77,300
E00049976,382,80,302
E00049977,527,113,414
E00049980,305,59,246
E00049981,203,31,172
E00049982,337,96,241
E00049983,225,30,195
E00049985,239,45,194
E00049986,296,77,219
E00049987,294,62,232
E00049988,273,58,215
E00049989,192,6,186
E00049990,252,59,193
E00049991,246,46,200
E00049992,227,33,194
E00049993,225,23,202
E00049994,251,36,215
E00049995,268,50,218
E00049996,407,121,286
E00049997,336,72,264
E00049999,279,39,240
E00050000,244,34,210
E00050001,226,37,189
E00050002,371,68,303
E00050003,223,34,189
E00050004,318,68,250
E00050005,260,43,217
E00050010,353,59,294
E00050011,397,87,310
E00050013,302,48,254
E00050014,385,71,314
E00050015,346,81,265
E00050016,395,156,239
E00050017,342,82,260
E00050018,343,82,261
E00050019,310,84,226
E00050020,322,86,236
E00050021,292,70,222
E00050022,399,124,275
E00050023,368,84,284
E00050024,340,91,249
E00050025,351,98,253
E00050026,289,55,234
E00050027,299,48,251
E00050028,355,84,271
E00050029,310,100,210
E00050030,355,69,286
E00050031,418,111,307
E00050032,372,87,285
E00050033,332,104,228
E00050034,335,81,254
E00050035,308,89,219
E00050036,317,99,218
E00050037,331,95,236
E00050038,350,82,268
E00050039,373,108,265
E00050040,318,78,240
E00050041,350,120,230
E00050042,318,94,224
E00050043,346,85,261
E00050044,271,66,205
E00050046,310,78,232
E00050047,226,44,182
E00050048,330,85,245
E00050049,238,61,177
E00050051,283,78,205
E00050052,333,86,247
E00050053,166,8,158
E00050054,249,51,198
E00050055,340,70,270
E00050056,259,39,220
E00050057,352,50,302
E00050058,259,31,228
E00050059,300,36,264
E00050060,234,22,212
E00050061,203,18,185
E00050062,277,35,242
E00050063,287,52,235
E00050064,301,40,261
E00050065,290,36,254
E00050066,367,40,327
E00050067,251,39,212
E00050068,230,29,201
E00050069,268,47,221
E00050070,267,32,235
E00050071,309,37,272
E00050072,312,46,266
E00050073,271,48,223
E00050074,308,58,250
E00050075,274,30,244
E00050076,292,41,251
E00050077,239,29,210
E00050078,325,50,275
E00050079,261,47,214
E00050080,266,50,216
E00050081,246,33,213
E00050082,298,77,221
E00050083,272,31,241
E00050084,313,42,271
E00050085,270,48,222
E00050086,264,40,224
E00050087,164,11,153
E00050088,240,36,204
E00050089,341,41,300
E00050090,265,33,232
E00050091,204,7,197
E00050092,213,20,193
E00050093,244,28,216
E00050094,278,39,239
E00050095,272,24,248
E00050096,315,45,270
E00050097,284,60,224
E00050098,274,25,249
E00050099,240,39,201
E00050100,248,47,201
E00050101,268,60,208
E00050102,243,25,218
E00050103,183,0,183
E00050104,263,53,210
E00050105,281,33,248
E00050106,239,36,203
E00050107,310,53,257
E00050108,294,40,254
E00050109,297,54,243
E00050110,280,44,236
E00050111,316,65,251
E00050112,292,62,230
E00050113,283,36,247
E00050114,235,29,206
E00050115,221,43,178
E00050116,250,37,213
E00050117,240,41,199
E00050118,277,67,210
E00050119,249,49,200
E00050120,329,47,282
E00050121,319,38,281
E00050122,236,23,213
E00050123,194,24,170
E00050124,264,34,230
E00050125,273,49,224
E00050126,211,18,193
E00050127,274,37,237
E00050128,305,41,264
E00050129,278,46,232
E00050130,315,48,267
E00050131,231,34,197
E00050132,283,42,241
E00050133,261,51,210
E00050134,435,101,334
E00050135,205,26,179
E00050136,276,42,234
E00050137,312,51,261
E00050138,255,45,210
E00050139,457,57,400
E00050140,278,48,230
E00050141,294,41,253
E00050142,288,48,240
E00050143,247,28,219
E00050144,240,40,200
E00050145,272,30,242
E00050146,226,28,198
E00050147,455,85,370
E00050148,238,24,214
E00050149,275,37,238
E00050150,330,92,238
E00050151,265,40,225
E00050152,277,53,224
E00050153,380,104,276
E00050154,245,24,221
E00050155,278,31,247
E00050156,278,35,243
E00050157,350,67,283
E00050158,230,27,203
E00050159,247,44,203
E00050160,313,48,265
E00050161,234,26,208
E00050163,237,21,216
E00050164,264,32,232
E00050165,163,12,151
E00050166,335,62,273
E00050167,245,29,216
E00050168,327,36,291
E00050169,234,25,209
E00050170,293,41,252
E00050171,260,42,218
E00050172,239,29,210
E00050173,259,37,222
E00050174,263,37,226
E00050175,294,38,256
E00050176,296,61,235
E00050177,272,46,226
E00050178,334,57,277
E00050179,361,85,276
E00050180,286,43,243
E00050181,250,23,227
E00050182,306,48,258
E00050183,302,67,235
E00050184,256,78,178
E00050185,316,86,230
E00050186,286,48,238
E00050187,253,58,195
E00050188,285,76,209
E00050189,276,70,206
E00050190,352,87,265
E00050191,341,80,261
E00050192,358,96,262
E00050193,258,55,203
E00050194,253,54,199
E00050195,362,75,287
E00050196,296,64,232
E00050197,397,68,329
E00050198,255,49,206
E00050199,323,74,249
E00050200,275,58,217
E00050201,216,48,168
E00050202,313,65,248
E00050203,295,58,237
E00050204,235,44,191
E00050205,216,31,185
E00050206,292,59,233
E00050207,295,75,220
E00050208,241,35,206
E00050209,320,69,251
E00050210,269,39,230
E00050211,287,60,227
E00050212,289,53,236
E00050213,243,42,201
E00050214,257,49,208
E00050215,263,51,212
E00050216,264,52,212
E00050217,321,56,265
E00050218,283,39,244
E00050219,264,43,221
E00050220,288,71,217
E00050221,252,56,196
E00050222,303,65,238
E00050223,307,69,238
E00050224,261,72,189
E00050225,295,73,222
E00050226,278,42,236
E00050227,285,66,219
E00050228,336,72,264
E00050229,265,50,215
E00050230,299,34,265
E00050231,256,38,218
E00050232,310,41,269
E00050233,309,54,255
E00050234,297,60,237
E00050235,336,61,275
E00050236,339,82,257
E00050237,252,52,200
E00050238,275,57,218
E00050239,237,60,177
E00050240,291,63,228
E00050241,322,69,253
E00050242,553,121,432
E00050243,260,64,196
E00050244,251,50,201
E00050245,265,61,204
E00050246,272,49,223
E00050248,303,35,268
E00050249,226,24,202
E00050250,342,52,290
E00050251,476,86,390
E00050252,157,7,150
E00050253,321,66,255
E00050254,282,38,244
E00050255,299,69,230
E00050256,313,70,243
E00050257,236,34,202
E00050258,298,78,220
E00050259,218,42,176
E00050260,244,46,198
E00050261,241,42,199
E00050262,284,115,169
E00050264,229,71,158
E00050265,291,78,213
E00050266,377,92,285
E00050267,328,65,263
E00050268,351,82,269
E00050269,349,94,255
E00050270,325,76,249
E00050271,210,32,178
E00050272,492,137,355
E00050273,277,63,214
E00050274,348,82,266
E00050275,331,99,232
E00050276,346,94,252
E00050277,363,94,269
E00050278,316,85,231
E00050279,359,97,262
E00050280,442,148,294
E00050281,350,63,287
E00050282,316,85,231
E00050283,286,62,224
E00050284,355,83,272
E00050285,321,75,246
E00050286,370,74,296
E00050287,316,75,241
E00050288,385,97,288
E00050289,356,99,257
E00050290,311,77,234
E00050291,327,79,248
E00050292,321,65,256
E00050293,325,92,233
E00050294,315,70,245
E00050295,274,35,239
E00050296,341,99,242
E00050297,245,42,203
E00050298,352,95,257
E00050299,322,71,251
E00050300,251,82,169
E00050301,282,55,227
E00050302,327,102,225
E00050303,290,52,238
E00050304,408,96,312
E00050305,219,32,187
E00050306,298,54,244
E00050307,213,28,185
E00050308,297,63,234
E00050309,416,86,330
E00050310,293,60,233
E00050311,368,60,308
E00050313,336,70,266
E00050314,317,53,264
E00050315,352,96,256
E00050316,370,104,266
E00050317,241,49,192
E00050318,308,55,253
E00050319,205,43,162
E00050320,260,45,215
E00050321,251,33,218
E00050322,300,45,255
E00050323,212,24,188
E00050324,316,45,271
E00050325,299,62,237
E00050326,296,37,259
E00050327,271,44,227
E00050328,330,87,243
E00050329,358,79,279
E00050330,401,84,317
E00050331,270,38,232
E00050332,461,105,356
E00050333,256,52,204
E00050334,269,71,198
E00050335,333,57,276
E00050336,268,54,214
E00050337,349,80,269
E00050338,259,42,217
E00050339,325,59,266
E00050341,227,48,179
E00050342,377,92,285
E00050343,342,81,261
E00050344,253,24,229
E00050345,317,61,256
E00050347,335,53,282
E00050348,299,80,219
E00050349,297,93,204
E00050351,449,138,311
E00050352,298,54,244
E00050353,280,55,225
E00050354,323,54,269
E00050355,362,124,238
E00050356,328,53,275
E00050357,280,50,230
E00050358,253,35,218
E00050359,265,71,194
E00050360,276,30,246
E00050361,281,39,242
E00050362,307,78,229
E00050363,272,59,213
E00050364,287,61,226
E00050365,315,68,247
E00050366,283,33,250
E00050367,330,70,260
E00050368,511,128,383
E00050369,339,78,261
E00050371,240,48,192
E00050372,241,27,214
E00050373,515,110,405
E00050374,291,55,236
E00050375,376,80,296
E00050376,228,55,173
E00050377,229,42,187
E00050378,209,26,183
E00050379,322,78,244
E00050380,304,54,250
E00050381,209,41,168
E00050382,328,51,277
E00050383,305,66,239
E00050384,261,77,184
E00050385,470,158,312
E00050386,282,74,208
E00050387,287,62,225
E00050388,311,43,268
E00050389,276,50,226
E00050390,298,44,254
E00050391,303,77,226
E00050392,311,83,228
E00050393,347,108,239
E00050394,275,64,211
E00050395,333,69,264
E00050396,262,52,210
E00050397,274,49,225
E00050398,335,74,261
E00050399,291,41,250
E00050400,277,56,221
E00050401,266,59,207
E00050402,565,153,412
E00050403,326,78,248
E00050404,408,118,290
E00050405,326,64,262
E00050406,285,73,212
E00050407,282,96,186
E00050408,303,78,225
E00050409,319,81,238
E00050410,361,115,246
E00050411,228,54,174
E00050412,248,58,190
E00050413,326,105,221
E00050414,293,67,226
E00050415,249,47,202
E00050416,373,104,269
E00050417,380,126,254
E00050418,372,121,251
E00050419,262,54,208
E00050420,289,91,198
E00050423,172,30,142
E00050424,330,66,264
E00050425,284,29,255
E00050426,264,46,218
E00050427,299,66,233
E00050428,353,66,287
E00050429,208,28,180
E00050431,334,76,258
E00050432,299,60,239
E00050433,391,93,298
E00050434,148,14,134
E00050435,305,45,260
E00050436,213,43,170
E00050438,209,36,173
E00050439,340,60,280
E00050440,419,77,342
E00050441,268,43,225
E00050442,368,65,303
E00050443,328,78,250
E00050444,309,71,238
E00050445,321,51,270
E00050446,349,59,290
E00050447,135,43,92
E00050448,547,155,392
E00050449,349,78,271
E00050450,423,87,336
E00050451,306,57,249
E00050452,341,85,256
E00050453,441,119,322
E00050454,495,123,372
E00050455,235,48,187
E00050456,328,95,233
E00050457,296,55,241
E00050458,177,31,146
E00050459,391,108,283
E00050460,290,51,239
E00050461,96,10,86
E00050462,237,34,203
E00050463,418,72,346
E00050464,350,85,265
E00050465,299,76,223
E00050466,287,49,238
E00050468,564,194,370
E00050469,329,83,246
E00050470,331,86,245
E00050471,250,19,231
E00050472,339,84,255
E00050473,347,118,229
E00050474,374,100,274
E00050475,250,32,218
E00050476,234,59,175
E00050477,349,81,268
E00050478,318,61,257
E00050479,314,73,241
E00050480,391,160,231
E00050481,362,81,281
E00050482,345,89,256
E00050483,323,79,244
E00050484,436,153,283
E00050485,376,104,272
E00050486,344,93,251
E00050487,325,78,247
E00050488,320,64,256
E00050489,351,100,251
E00050490,363,63,300
E00050491,253,33,220
E00050492,362,91,271
E00050493,218,46,172
E00050494,246,51,195
E00050495,510,103,407
E00050496,369,82,287
E00050497,463,106,357
E00050499,313,53,260
E00050501,373,66,307
E00050502,301,61,240
E00050503,285,61,224
E00050504,226,22,204
E00050506,311,84,227
E00050509,325,49,276
E00050510,289,71,218
E00050511,560,205,355
E00050512,389,105,284
E00050513,321,88,233
E00050514,424,103,321
E00050515,246,66,180
E00050516,340,99,241
E00050517,499,177,322
E00050518,417,104,313
E00050519,404,118,286
E00050520,374,118,256
E00050521,307,84,223
E00050523,238,41,197
E00050524,450,122,328
E00050525,285,53,232
E00050526,362,107,255
E00050528,338,71,267
E00050529,284,66,218
E00050530,420,95,325
E00050531,427,128,299
E00050532,330,116,214
E00050533,374,126,248
E00050534,389,120,269
E00050535,255,59,196
E00050536,274,88,186
E00050537,380,142,238
E00050538,402,132,270
E00050539,321,72,249
E00050540,397,118,279
E00050541,462,85,377
E00050542,567,176,391
E00050543,306,66,240
E00050544,339,66,273
E00050545,341,69,272
E00050546,420,88,332
E00050547,372,64,308
E00050548,509,146,363
E00050549,313,76,237
E00050550,568,152,416
E00050551,429,127,302
E00050552,328,70,258
E00050553,355,62,293
E00050554,344,81,263
E00050555,394,117,277
E00050556,350,92,258
E00050557,365,93,272
E00050558,278,64,214
E00050559,262,59,203
E00050560,356,73,283
E00050561,307,52,255
E00050562,342,67,275
E00050563,333,71,262
E00050564,348,90,258
E00050565,404,98,306
E00050566,320,55,265
E00050567,341,89,252
E00050568,316,75,241
E00050569,244,63,181
E00050570,349,81,268
E00050571,269,94,175
E00050572,189,15,174
E00050573,288,74,214
E00050574,319,98,221
E00050575,344,67,277
E00050577,422,95,327
E00050578,403,71,332
E00050579,363,75,288
E00050580,301,87,214
E00050581,376,123,253
E00050582,315,60,255
E00050583,365,117,248
E00050584,272,35,237
E00050585,290,42,248
E00050586,295,64,231
E00050587,390,75,315
E00050588,405,84,321
E00050589,278,53,225
E00050590,290,69,221
E00050591,246,46,200
E00050592,261,35,226
E00050593,268,50,218
E00050594,239,36,203
E00050595,374,113,261
E00050596,270,51,219
E00050598,295,65,230
E00050600,467,110,357
E00050601,365,77,288
E00050602,363,69,294
E00050603,305,59,246
E00050605,228,39,189
E00050606,289,70,219
E00050607,288,50,238
E00050608,286,69,217
E00050609,151,5,146
E00050610,394,91,303
E00050611,347,76,271
E00050612,340,64,276
E00050613,335,85,250
E00050614,327,68,259
E00050615,353,75,278
E00050616,352,77,275
E00050617,371,78,293
E00050618,329,97,232
E00050619,287,58,229
E00050620,342,72,270
E00050621,390,68,322
E00050622,259,57,202
E00050623,242,43,199
E00050624,367,71,296
E00050625,274,50,224
E00050626,309,59,250
E00050627,265,48,217
E00050628,329,81,248
E00050629,370,129,241
E00050630,298,65,233
E00050631,255,53,202
E00050632,337,65,272
E00050633,401,95,306
E00050634,252,45,207
E00050635,360,57,303
E00050636,246,31,215
E00050637,261,50,211
E00050638,315,65,250
E00050639,262,49,213
E00050640,314,73,241
E00050641,251,37,214
E00050642,345,63,282
E00050643,282,50,232
E00050644,324,84,240
E00050645,292,67,225
E00050646,390,93,297
E00050647,349,88,261
E00050648,292,78,214
E00050649,270,47,223
E00050650,311,68,243
E00050651,314,38,276
E00050652,357,90,267
E00050653,303,73,230
E00050654,344,97,247
E00050655,291,85,206
E00050656,294,111,183
E00050657,368,78,290
E00050658,372,117,255
E00050659,356,98,258
E00050660,242,32,210
E00050662,243,46,197
E00050663,373,133,240
E00050664,327,71,256
E00050665,195,31,164
E00050666,511,118,393
E00050667,405,102,303
E00050668,312,60,252
E00050669,335,54,281
E00050670,322,81,241
E00050671,496,164,332
E00050672,272,72,200
E00050673,391,106,285
E00050674,327,103,224
E00050675,317,102,215
E00050676,388,122,266
E00050677,415,104,311
E00050678,442,116,326
E00050679,361,72,289
E00050680,339,76,263
E00050681,371,92,279
E00050682,395,120,275
E00050683,519,157,362
E00050684,356,80,276
E00050685,408,118,290
E00050686,412,87,325
E00050687,542,145,397
E00050688,434,102,332
E00050689,210,30,180
E00050690,422,134,288
E00050691,195,40,155
E00050692,343,87,256
E00050693,309,64,245
E00050694,237,41,196
E00050695,309,58,251
E00050696,296,62,234
E00050697,349,76,273
E00050698,281,47,234
E00050699,289,59,230
E00050700,288,63,225
E00050701,291,60,231
E00050702,288,56,232
E00050703,305,71,234
E00050704,258,56,202
E00050705,302,70,232
E00050706,349,65,284
E00050707,289,67,222
E00050708,317,62,255
E00050709,328,104,224
E00050710,317,91,226
E00050711,345,80,265
E00050712,323,85,238
E00050713,332,65,267
E00050714,286,72,214
E00050715,317,69,248
E00050716,333,86,247
E00050717,306,95,211
E00050718,282,49,233
E00050719,320,64,256
E00050720,367,80,287
E00050721,231,23,208
E00050722,240,36,204
E00050723,311,59,252
E00050724,280,51,229
E00050725,303,60,243
E00050726,248,43,205
E00050727,242,59,183
E00050728,306,63,243
E00050729,361,114,247
E00050730,211,15,196
E00050731,236,23,213
E00050732,287,45,242
E00050733,368,52,316
E00050734,309,64,245
E00050735,293,40,253
E00050736,554,145,409
E00050737,271,34,237
E00050738,213,22,191
E00050739,394,97,297
E00050740,249,40,209
E00050741,295,48,247
E00050742,252,43,209
E00050743,331,73,258
E00050744,575,143,432
E00050745,270,44,226
E00050746,267,42,225
E00050747,354,73,281
E00050748,338,112,226
E00050750,340,84,256
E00050751,261,34,227
E00050752,324,88,236
E00050753,383,124,259
E00050754,265,58,207
E00050755,268,47,221
E00050757,310,65,245
E00050758,360,129,231
E00050759,242,60,182
E00050760,186,48,138
E00050761,228,20,208
E00050762,261,62,199
E00050763,252,47,205
E00050764,295,61,234
E00050765,319,80,239
E00050766,429,184,245
E00050767,318,70,248
E00050768,378,151,227
E00050769,443,181,262
E00050770,223,43,180
E00050771,301,52,249
E00050772,220,25,195
E00050773,334,106,228
E00050774,348,72,276
E00050775,501,132,369
E00050776,308,55,253
E00050777,289,74,215
E00050778,307,67,240
E00050779,355,105,250
E00050780,398,123,275
E00050781,258,36,222
E00050782,232,42,190
E00050783,375,112,263
E00050785,323,47,276
E00050786,279,58,221
E00050787,288,60,228
E00050788,257,23,234
E00050789,212,46,166
E00050790,307,65,242
E00050791,289,60,229
E00050792,255,57,198
E00050793,327,72,255
E00050794,452,126,326
E00050795,288,54,234
E00050796,288,51,237
E00050797,344,70,274
E00050798,261,54,207
E00050799,262,44,218
E00050800,290,65,225
E00050801,273,33,240
E00050802,264,41,223
E00050803,256,37,219
E00050804,259,48,211
E00050805,315,74,241
E00050806,200,35,165
E00050807,369,86,283
E00050808,277,64,213
E00050809,330,66,264
E00050810,301,96,205
E00050811,255,45,210
E00050812,369,109,260
E00050813,370,122,248
E00050814,376,128,248
E00050816,331,71,260
E00050817,412,110,302
E00050818,405,103,302
E00050819,262,29,233
E00050820,414,129,285
E00050821,339,84,255
E00050822,397,97,300
E00050823,333,108,225
E00050824,304,86,218
E00050825,524,188,336
E00050826,356,112,244
E00050827,299,81,218
E00050829,354,112,242
E00050830,390,150,240
E00050832,413,110,303
E00050833,406,129,277
E00050835,596,204,392
E00050836,393,122,271
E00050837,442,124,318
E00050838,450,145,305
E00050839,471,148,323
E00050840,431,108,323
E00050841,444,133,311
E00050842,389,104,285
E00050843,483,116,367
E00050844,495,165,330
E00050845,440,137,303
E00050846,491,143,348
E00050847,263,71,192
E00050848,308,94,214
E00050849,329,95,234
E00050850,387,94,293
E00050851,308,58,250
E00050852,403,90,313
E00050853,383,113,270
E00050854,367,119,248
E00050855,324,61,263
E00050856,365,109,256
E00050858,458,174,284
E00050859,571,187,384
E00050860,197,38,159
E00050861,368,148,220
E00050862,336,109,227
E00050863,484,152,332
E00050864,322,99,223
E00050865,309,87,222
E00050866,221,50,171
E00050867,450,118,332
E00050869,347,89,258
E00050870,349,111,238
E00050871,264,68,196
E00050873,301,71,230
E00050874,383,110,273
E00050875,376,117,259
E00050876,562,195,367
E00050877,376,108,268
E00050878,238,49,189
E00050879,209,51,158
E00050880,294,104,190
E00050881,433,160,273
E00050882,490,141,349
E00050883,443,148,295
E00050884,349,83,266
E00050885,482,185,297
E00050886,477,195,282
E00050887,408,122,286
E00050889,485,198,287
E00050890,440,149,291
E00050893,392,95,297
E00050895,368,86,282
E00050896,454,88,366
E00050897,383,88,295
E00050899,521,124,397
E00050900,381,145,236
E00050901,539,225,314
E00050902,305,84,221
E00050903,309,56,253
E00050904,350,88,262
E00050905,310,94,216
E00050906,351,96,255
E00050907,280,65,215
E00050910,356,83,273
E00050911,347,66,281
E00050912,275,57,218
E00050913,472,139,333
E00050914,513,115,398
E00050915,279,62,217
E00050916,384,118,266
E00050917,299,59,240
E00050918,361,107,254
E00050919,330,65,265
E00050920,183,12,171
E00050921,176,22,154
E00050922,307,62,245
E00050923,423,112,311
E00050924,270,41,229
E00050925,259,60,199
E00050926,324,86,238
E00050927,464,100,364
E00050928,300,44,256
E00050929,242,67,175
E00050930,361,57,304
E00050932,429,96,333
E00050933,304,91,213
E00050934,510,136,374
E00050935,287,72,215
E00050936,294,79,215
E00050937,326,69,257
E00050938,317,68,249
E00050939,355,118,237
E00050941,429,91,338
E00050942,336,86,250
E00050943,378,105,273
E00050944,316,83,233
E00050945,239,35,204
E00050946,254,51,203
E00050947,338,78,260
E00050948,213,31,182
E00050951,418,115,303
E00050952,467,141,326
E00050953,250,46,204
E00050954,345,63,282
E00050955,372,115,257
E00050956,332,55,277
E00050957,239,60,179
E00050959,487,125,362
E00050960,300,55,245
E00050961,343,100,243
E00050962,297,59,238
E00050963,329,83,246
E00050964,346,82,264
E00050965,287,36,251
E00050966,529,116,413
E00050967,389,98,291
E00050968,372,125,247
E00050969,353,102,251
E00050970,315,55,260
E00050971,429,126,303
E00050972,387,91,296
E00050973,340,49,291
E00050974,281,36,245
E00050975,262,26,236
E00050976,310,80,230
E00050977,325,69,256
E00050978,259,50,209
E00050979,378,113,265
E00050980,351,77,274
E00050981,287,60,227
E00050982,224,47,177
E00050983,221,45,176
E00050984,356,114,242
E00050985,278,40,238
E00050986,354,109,245
E00050987,299,94,205
E00050988,223,43,180
E00050989,282,58,224
E00050990,277,35,242
E00050991,296,56,240
E00050992,301,48,253
E00050993,253,30,223
E00050994,311,51,260
E00050995,388,80,308
E00050996,338,69,269
E00050997,349,109,240
E00050998,263,65,198
E00050999,394,67,327
E00051000,347,73,274
E00051001,349,95,254
E00051002,329,35,294
E00051003,337,87,250
E00051004,273,49,224
E00051005,276,64,212
E00051006,342,76,266
E00051007,338,75,263
E00051008,221,19,202
E00051009,334,79,255
E00051010,475,120,355
E00051011,321,82,239
E00051012,400,135,265
E00051013,313,69,244
E00051014,389,100,289
E00051015,327,51,276
E00051016,430,95,335
E00051017,286,46,240
E00051018,237,48,189
E00051019,316,44,272
E00051021,365,89,276
E00051022,437,77,360
E00051023,479,104,375
E00051024,319,66,253
E00051025,265,58,207
E00051026,303,79,224
E00051027,300,52,248
E00051028,365,104,261
E00051029,280,64,216
E00051030,232,32,200
E00051031,403,106,297
E00051032,458,111,347
E00051033,416,92,324
E00051034,341,59,282
E00051035,294,41,253
E00051036,437,103,334
E00051037,434,137,297
E00051038,300,79,221
E00051039,330,66,264
E00051040,344,81,263
E00051041,319,70,249
E00051042,127,7,120
E00051044,454,125,329
E00051045,250,43,207
E00051046,225,53,172
E00051047,419,137,282
E00051048,391,109,282
E00051049,353,98,255
E00051050,328,85,243
E00051051,380,91,289
E00051052,299,66,233
E00051053,497,123,374
E00051054,350,75,275
E00051055,342,78,264
E00051056,413,98,315
E00051057,224,24,200
E00051058,273,60,213
E00051059,412,70,342
E00051060,500,108,392
E00051061,290,30,260
E00051062,219,18,201
E00051063,308,46,262
E00051064,290,36,254
E00051065,187,32,155
E00051066,309,66,243
E00051067,259,53,206
E00051069,274,61,213
E00051070,299,50,249
E00051071,343,64,279
E00051072,246,40,206
E00051073,374,93,281
E00051074,290,72,218
E00051076,374,88,286
E00051077,197,10,187
E00051078,255,49,206
E00051079,345,58,287
E00051080,424,105,319
E00051081,340,71,269
E00051082,285,24,261
E00051083,315,46,269
E00051084,397,91,306
E00051085,320,58,262
E00051086,266,53,213
E00051088,248,26,222
E00051089,397,81,316
E00051090,478,119,359
E00051091,185,2,183
E00051092,223,27,196
E00051093,301,52,249
E00051094,543,178,365
E00051095,344,90,254
E00051096,522,166,356
E00051097,385,114,271
E00051098,241,21,220
E00051099,500,134,366
E00051100,340,56,284
E00051101,393,84,309
E00051102,359,76,283
E00051103,345,92,253
E00051104,368,70,298
E00051105,429,102,327
E00051106,289,74,215
E00051107,521,128,393
E00051108,461,109,352
E00051109,309,58,251
E00051110,254,40,214
E00051111,237,27,210
E00051112,321,47,274
E00051113,334,56,278
E00051114,343,65,278
E00051115,278,51,227
E00051116,273,54,219
E00051117,291,43,248
E00051118,274,58,216
E00051119,240,40,200
E00051120,510,76,434
E00051121,265,49,216
E00051122,293,50,243
E00051123,326,60,266
E00051125,356,45,311
E00051126,319,56,263
E00051127,303,63,240
E00051128,303,72,231
E00051129,325,71,254
E00051130,295,74,221
E00051131,332,50,282
E00051132,301,42,259
E00051133,276,54,222
E00051135,411,61,350
E00051136,318,48,270
E00051137,307,51,256
E00051138,284,45,239
E00051139,261,54,207
E00051140,292,64,228
E00051141,331,56,275
E00051142,252,56,196
E00051143,213,40,173
E00051144,304,88,216
E00051145,271,69,202
E00051146,279,57,222
E00051147,316,69,247
E00051148,306,40,266
E00051149,192,29,163
E00051150,388,91,297
E00051151,167,30,137
E00051152,306,64,242
E00051153,257,26,231
E00051154,282,58,224
E00051155,311,60,251
E00051156,326,63,263
E00051157,297,49,248
E00051158,311,57,254
E00051159,266,44,222
E00051160,280,49,231
E00051161,255,39,216
E00051162,343,80,263
E00051163,316,54,262
E00051164,241,41,200
E00051165,248,44,204
E00051166,269,49,220
E00051167,303,47,256
E00051168,297,45,252
E00051169,339,66,273
E00051170,352,48,304
E00051171,276,28,248
E00051172,224,28,196
E00051173,316,53,263
E00051174,466,79,387
E00051175,278,34,244
E00051176,304,46,258
E00051177,299,46,253
E00051178,295,55,240
E00051179,213,38,175
E00051180,314,46,268
E00051181,184,28,156
E00051182,242,48,194
E00051183,249,33,216
E00051184,295,41,254
E00051185,239,30,209
E00051186,295,24,271
E00051187,250,36,214
E00051188,279,53,226
E00051189,290,44,246
E00051190,324,68,256
E00051191,256,50,206
E00051194,354,64,290
E00051195,279,49,230
E00051196,272,65,207
E00051197,297,70,227
E00051198,264,57,207
E00051199,271,36,235
E00051200,343,78,265
E00051201,253,50,203
E00051202,418,74,344
E00051203,175,39,136
E00051204,207,47,160
E00051205,247,59,188
E00051206,287,62,225
E00051207,481,103,378
E00051208,276,46,230
E00051209,308,82,226
E00051210,378,81,297
E00051211,255,54,201
E00051212,287,66,221
E00051213,273,53,220
E00051214,435,95,340
E00051215,226,44,182
E00051216,206,33,173
E00051217,216,39,177
E00051218,198,39,159
E00051219,214,54,160
E00051220,289,82,207
E00051221,275,74,201
E00051222,248,77,171
E00051223,266,60,206
E00051224,247,43,204
E00051225,263,46,217
E00051226,240,44,196
E00051227,290,44,246
E00051228,270,57,213
E00051229,291,61,230
E00051230,245,40,205
E00051231,292,68,224
E00051232,272,56,216
E00051233,280,43,237
E00051234,259,57,202
E00051235,301,62,239
E00051236,196,35,161
E00051237,245,46,199
E00051238,270,54,216
E00051239,251,33,218
E00051240,259,44,215
E00051241,300,71,229
E00051242,296,60,236
E00051243,303,42,261
E00051244,309,58,251
E00051245,323,72,251
E00051246,263,52,211
E00051247,286,41,245
E00051248,283,46,237
E00051249,278,49,229
E00051250,254,35,219
E00051251,298,58,240
E00051252,296,51,245
E00051253,344,66,278
E00051254,306,43,263
E00051255,213,25,188
E00051256,193,23,170
E00051257,330,49,281
E00051258,301,54,247
E00051259,315,78,237
E00051260,243,44,199
E00051261,290,49,241
E00051262,377,47,330
E00051263,166,31,135
E00051264,346,81,265
E00051265,280,68,212
E00051266,300,72,228
E00051267,323,59,264
E00051268,274,78,196
E00051269,197,43,154
E00051270,279,60,219
E00051271,209,41,168
E00051272,290,77,213
E00051273,314,72,242
E00051274,471,111,360
E00051275,222,46,176
E00051276,286,40,246
E00051277,270,77,193
E00051278,321,94,227
E00051279,262,85,177
E00051280,267,52,215
E00051281,179,6,173
E00051282,301,50,251
E00051283,195,42,153
E00051284,323,100,223
E00051285,304,74,230
E00051286,248,50,198
E00051287,234,52,182
E00051288,276,60,216
E00051289,246,59,187
E00051290,263,43,220
E00051291,348,93,255
E00051292,235,30,205
E00051293,359,116,243
E00051294,295,86,209
E00051295,343,59,284
E00051296,227,35,192
E00051297,379,64,315
E00051298,237,45,192
E00051299,292,68,224
E00051300,331,56,275
E00051301,345,104,241
E00051302,322,69,253
E00051303,287,105,182
E00051304,368,95,273
E00051305,213,53,160
E00051306,293,90,203
E00051307,310,51,259
E00051308,273,73,200
E00051309,333,41,292
E00051310,301,102,199
E00051311,321,101,220
E00051312,257,63,194
E00051313,303,73,230
E00051314,256,34,222
E00051315,265,66,199
E00051316,266,95,171
E00051317,325,66,259
E00051318,323,61,262
E00051319,322,62,260
E00051320,299,58,241
E00051321,273,46,227
E00051322,359,68,291
E00051323,290,65,225
E00051324,336,82,254
E00051325,355,81,274
E00051326,301,61,240
E00051327,339,67,272
E00051328,518,113,405
E00051329,318,76,242
E00051330,325,68,257
E00051331,269,58,211
E00051332,312,66,246
E00051333,292,61,231
E00051334,253,21,232
E00051335,398,77,321
E00051336,244,38,206
E00051337,356,84,272
E00051338,529,106,423
E00051339,310,61,249
E00051340,357,71,286
E00051341,275,43,232
E00051342,280,54,226
E00051343,225,35,190
E00051344,278,47,231
E00051345,306,49,257
E00051346,279,55,224
E00051347,187,21,166
E00051348,271,43,228
E00051349,278,60,218
E00051350,270,47,223
E00051351,216,28,188
E00051352,279,42,237
E00051353,259,61,198
E00051354,285,41,244
E00051355,310,56,254
E00051356,352,67,285
E00051357,254,44,210
E00051358,245,60,185
E00051359,291,55,236
E00051360,288,51,237
E00051361,309,75,234
E00051362,276,58,218
E00051363,297,56,241
E00051364,274,47,227
E00051365,248,36,212
E00051366,309,68,241
E00051367,358,80,278
E00051368,286,57,229
E00051369,359,59,300
E00051370,325,64,261
E00051371,278,53,225
E00051372,303,69,234
E00051373,308,72,236
E00051374,272,53,219
E00051375,348,66,282
E00051376,362,74,288
E00051377,249,54,195
E00051378,387,75,312
E00051379,282,46,236
E00051380,306,61,245
E00051381,343,92,251
E00051382,338,66,272
E00051383,263,56,207
E00051384,330,53,277
E00051385,403,55,348
E00051386,263,45,218
E00051387,344,69,275
E00051388,409,92,317
E00051389,299,52,247
E00051390,341,70,271
E00051391,378,63,315
E00051392,341,65,276
E00051393,283,62,221
E00051394,346,66,280
E00051395,332,45,287
E00051396,308,55,253
E00051397,315,47,268
E00051398,371,69,302
E00051399,298,48,250
E00051400,429,72,357
E00051402,234,53,181
E00051403,368,67,301
E00051404,412,88,324
E00051405,273,44,229
E00051406,283,54,229
E00051407,349,81,268
E00051408,342,67,275
E00051409,364,54,310
E00051410,307,48,259
E00051411,343,56,287
E00051412,433,80,353
E00051413,264,37,227
E00051414,302,52,250
E00051415,346,36,310
E00051416,375,76,299
E00051417,296,45,251
E00051418,319,53,266
E00051419,503,129,374
E00051420,243,43,200
E00051421,170,13,157
E00051422,240,34,206
E00051423,379,79,300
E00051424,341,75,266
E00051425,381,95,286
E00051426,407,86,321
E00051427,292,44,248
E00051428,295,39,256
E00051429,388,86,302
E00051430,301,59,242
E00051431,332,69,263
E00051432,322,54,268
E00051433,323,69,254
E00051434,326,40,286
E00051435,359,41,318
E00051436,322,76,246
E00051437,161,2,159
E00051438,342,66,276
E00051439,453,94,359
E00051440,421,93,328
E00051441,322,63,259
E00051442,256,52,204
E00051443,290,57,233
E00051444,280,59,221
E00051445,279,54,225
E00051446,302,51,251
E00051447,319,43,276
E00051448,328,69,259
E00051449,295,41,254
E00051450,325,71,254
E00051451,316,63,253
E00051453,273,66,207
E00051454,308,51,257
E00051455,278,36,242
E00051456,222,21,201
E00051457,313,46,267
E00051458,250,41,209
E00051459,335,58,277
E00051460,171,21,150
E00051461,298,84,214
E00051462,121,19,102
E00051463,358,74,284
E00051464,293,78,215
E00051465,145,28,117
E00051466,397,102,295
E00051467,460,122,338
E00051468,278,50,228
E00051469,294,56,238
E00051470,348,91,257
E00051471,351,97,254
E00051472,229,35,194
E00051473,254,57,197
E00051474,391,96,295
E00051475,250,48,202
E00051476,329,66,263
E00051477,341,72,269
E00051478,345,84,261
E00051479,247,40,207
E00051480,299,66,233
E00051481,323,67,256
E00051482,311,60,251
E00051483,310,52,258
E00051484,323,81,242
E00051485,304,56,248
E00051486,279,55,224
E00051487,325,69,256
E00051490,514,116,398
E00051492,336,54,282
E00051494,307,60,247
E00051495,285,43,242
E00051498,321,65,256
E00051500,291,56,235
E00051501,374,66,308
E00051502,254,63,191
E00051503,306,60,246
E00051504,286,31,255
E00051506,521,101,420
E00051507,261,54,207
E00051508,271,47,224
E00051509,298,60,238
E00051510,360,61,299
E00051511,280,50,230
E00051512,228,43,185
E00051513,284,57,227
E00051514,318,69,249
E00051515,357,75,282
E00051516,250,52,198
E00051517,294,59,235
E00051518,324,70,254
E00051519,263,52,211
E00051520,427,83,344
E00051521,448,112,336
E00051522,374,86,288
E00051523,323,70,253
E00051524,309,61,248
E00051525,361,89,272
E00051526,357,69,288
E00051527,352,72,280
E00051528,368,82,286
E00051529,345,74,271
E00051530,365,78,287
E00051531,327,75,252
E00051532,249,33,216
E00051533,299,36,263
E00051534,325,80,245
E00051535,226,19,207
E00051536,348,78,270
E00051537,325,58,267
E00051538,329,68,261
E00051539,299,50,249
E00051540,401,86,315
E00051541,257,35,222
E00051542,558,79,479
E00051543,333,54,279
E00051544,314,79,235
E00051545,322,52,270
E00051546,319,65,254
E00051547,360,67,293
E00051548,312,62,250
E00051549,274,49,225
E00051550,289,68,221
E00051551,302,66,236
E00051552,331,80,251
E00051553,362,50,312
E00051554,352,91,261
E00051555,325,88,237
E00051556,285,59,226
E00051557,551,141,410
E00051558,383,78,305
E00051559,276,34,242
E00051560,296,52,244
E00051561,346,89,257
E00051562,307,77,230
E00051563,265,51,214
E00051564,315,73,242
E00051565,312,60,252
E00051566,316,76,240
E00051567,378,96,282
E00051568,233,32,201
E00051569,287,77,210
E00051570,229,28,201
E00051571,274,62,212
E00051572,398,85,313
E00051573,257,38,219
E00051574,326,54,272
E00051575,216,35,181
E00051576,263,48,215
E00051577,144,33,111
E00051578,456,102,354
E00051579,358,79,279
E00051580,294,62,232
E00051581,342,63,279
E00051582,314,64,250
E00051583,349,74,275
E00051584,306,65,241
E00051585,312,58,254
E00051586,336,71,265
E00051587,350,87,263
E00051588,333,87,246
E00051589,323,72,251
E00051590,318,72,246
E00051591,280,45,235
E00051592,359,47,312
E00051593,310,50,260
E00051594,240,38,202
E00051595,298,45,253
E00051596,354,66,288
E00051597,283,61,222
E00051598,268,37,231
E00051599,263,46,217
E00051600,295,40,255
E00051601,288,40,248
E00051602,253,31,222
E00051603,222,36,186
E00051604,293,65,228
E00051605,351,67,284
E00051606,260,41,219
E00051607,306,61,245
E00051608,288,54,234
E00051609,287,61,226
E00051610,271,28,243
E00051611,299,47,252
E00051612,304,52,252
E00051613,301,59,242
E00051614,271,25,246
E00051615,338,68,270
E00051616,347,78,269
E00051617,261,29,232
E00051618,304,71,233
E00051619,288,51,237
E00051620,315,68,247
E00051621,326,60,266
E00051622,261,41,220
E00051623,220,33,187
E00051624,305,40,265
E00051625,329,75,254
E00051626,282,54,228
E00051627,235,31,204
E00051628,273,46,227
E00051629,324,62,262
E00051630,304,55,249
E00051631,408,72,336
E00051632,240,30,210
E00051633,284,51,233
E00051634,264,46,218
E00051635,378,62,316
E00051636,347,76,271
E00051637,281,37,244
E00051638,238,36,202
E00051639,304,50,254
E00051640,310,60,250
E00051641,286,48,238
E00051642,295,42,253
E00051643,355,79,276
E00051644,256,38,218
E00051645,352,76,276
E00051646,175,20,155
E00051647,259,54,205
E00051648,264,52,212
E00051649,300,71,229
E00051651,365,81,284
E00051652,266,37,229
E00051653,256,35,221
E00051654,350,81,269
E00051655,230,33,197
E00051656,502,86,416
E00051657,271,35,236
E00051658,313,66,247
E00051660,279,46,233
E00051661,340,67,273
E00051662,277,64,213
E00051663,257,54,203
E00051664,289,52,237
E00051666,277,59,218
E00051667,312,65,247
E00051668,293,69,224
E00051669,293,55,238
E00051670,286,46,240
E00051671,290,61,229
E00051672,224,37,187
E00051673,328,50,278
E00051674,284,75,209
E00051675,289,54,235
E00051676,314,53,261
E00051677,208,30,178
E00051678,274,33,241
E00051679,311,41,270
E00051680,284,43,241
E00051681,244,36,208
E00051682,311,52,259
E00051683,308,57,251
E00051684,367,84,283
E00051685,355,71,284
E00051686,398,83,315
E00051687,395,74,321
E00051688,277,50,227
E00051689,232,42,190
E00051691,240,45,195
E00051692,367,62,305
E00051693,315,63,252
E00051694,297,76,221
E00051695,548,146,402
E00051696,288,50,238
E00051698,432,65,367
E00051699,314,64,250
E00051700,235,42,193
E00051701,302,60,242
E00051702,284,41,243
E00051703,323,81,242
E00051704,255,44,211
E00051705,400,68,332
E00051706,319,53,266
E00051707,250,41,209
E00051708,409,74,335
E00051709,334,65,269
E00051710,331,48,283
E00051711,215,39,176
E00051712,407,86,321
E00051713,207,25,182
E00051714,358,20,338
E00051715,220,7,213
E00051716,247,27,220
E00051717,311,53,258
E00051718,288,55,233
E00051719,362,86,276
E00051720,250,52,198
E00051721,347,69,278
E00051722,291,49,242
E00051723,243,35,208
E00051724,353,95,258
E00051725,254,54,200
E00051726,332,88,244
E00051727,365,90,275
E00051728,471,165,306
E00051729,336,122,214
E00051730,400,109,291
E00051731,167,35,132
E00051732,295,71,224
E00051733,347,69,278
E00051734,372,54,318
E00051735,304,53,251
E00051736,267,65,202
E00051737,293,65,228
E00051738,253,56,197
E00051739,249,36,213
E00051740,213,44,169
E00051741,266,52,214
E00051742,243,52,191
E00051743,282,63,219
E00051744,289,38,251
E00051745,286,67,219
E00051746,287,79,208
E00051747,287,88,199
E00051748,192,32,160
E00051749,284,85,199
E00051750,280,68,212
E00051751,314,90,224
E00051752,290,49,241
E00051753,155,45,110
E00051754,193,58,135
E00051755,202,50,152
E00051756,258,49,209
E00051757,284,51,233
E00051758,427,78,349
E00051759,201,33,168
E00051760,237,29,208
E00051761,237,31,206
E00051762,320,71,249
E00051763,296,56,240
E00051764,298,69,229
E00051765,252,53,199
E00051766,333,60,273
E00051767,274,45,229
E00051768,315,51,264
E00051769,246,39,207
E00051770,276,42,234
E00051771,426,104,322
E00051772,405,72,333
E00051773,323,58,265
E00051774,292,45,247
E00051775,272,42,230
E00051776,264,47,217
E00051777,253,38,215
E00051778,298,55,243
E00051779,364,67,297
E00051780,309,43,266
E00051781,346,56,290
E00051782,332,53,279
E00051783,222,44,178
E00051784,203,36,167
E00051785,495,78,417
E00051786,280,40,240
E00051787,233,39,194
E00051788,226,41,185
E00051789,307,39,268
E00051791,265,46,219
E00051793,241,18,223
E00051794,112,10,102
E00051795,292,17,275
E00051796,276,67,209
E00051797,287,35,252
E00051798,281,36,245
E00051799,262,41,221
E00051800,271,78,193
E00051801,274,57,217
E00051802,478,72,406
E00051803,352,60,292
E00051804,258,31,227
E00051805,295,54,241
E00051806,247,25,222
E00051807,381,81,300
E00051808,290,44,246
E00051809,240,43,197
E00051810,264,39,225
E00051811,416,84,332
E00051812,311,68,243
E00051813,273,50,223
E00051814,366,68,298
E00051815,395,107,288
E00051816,366,62,304
E00051817,270,71,199
E00051818,296,35,261
E00051819,307,66,241
E00051820,289,82,207
E00051821,335,50,285
E00051822,310,64,246
E00051823,271,67,204
E00051824,271,71,200
E00051825,268,44,224
E00051826,275,49,226
E00051827,254,29,225
E00051828,308,45,263
E00051829,250,42,208
E00051830,292,31,261
E00051831,316,46,270
E00051832,274,41,233
E00051833,308,48,260
E00051834,263,40,223
E00051835,249,24,225
E00051836,268,26,242
E00051837,245,32,213
E00051838,263,34,229
E00051839,250,19,231
E00051840,262,52,210
E00051841,310,58,252
E00051842,282,51,231
E00051843,291,88,203
E00051844,338,85,253
E00051845,376,99,277
E00051846,346,85,261
E00051847,299,90,209
E00051848,330,48,282
E00051849,340,89,251
E00051850,473,211,262
E00051851,304,70,234
E00051852,446,125,321
E00051853,460,132,328
E00051854,510,250,260
E00051855,220,52,168
E00051856,262,64,198
E00051857,380,111,269
E00051858,257,62,195
E00051859,296,70,226
E00051860,304,77,227
E00051861,275,44,231
E00051862,335,70,265
E00051863,296,65,231
E00051864,274,48,226
E00051865,326,90,236
E00051866,491,139,352
E00051867,401,91,310
E00051868,379,92,287
E00051869,293,82,211
E00051870,323,90,233
E00051871,266,79,187
E00051872,337,80,257
E00051873,355,90,265
E00051874,306,94,212
E00051875,318,38,280
E00051876,319,80,239
E00051877,319,78,241
E00051878,351,85,266
E00051879,334,93,241
E00051880,317,65,252
E00051881,274,45,229
E00051882,314,78,236
E00051883,320,69,251
E00051885,299,71,228
E00051886,257,51,206
E00051887,351,104,247
E00051888,332,100,232
E00051889,246,43,203
E00051890,267,64,203
E00051891,292,74,218
E00051892,314,93,221
E00051893,323,97,226
E00051894,353,123,230
E00051895,141,5,136
E00051896,289,76,213
E00051897,254,61,193
E00051898,329,57,272
E00051899,361,92,269
E00051900,332,82,250
E00051902,301,78,223
E00051903,196,32,164
E00051904,155,20,135
E00051905,310,78,232
E00051906,364,108,256
E00051908,297,72,225
E00051909,288,68,220
E00051910,267,56,211
E00051911,316,93,223
E00051912,245,34,211
E00051913,222,32,190
E00051914,389,126,263
E00051915,291,49,242
E00051916,350,83,267
E00051917,319,102,217
E00051918,254,70,184
E00051919,418,81,337
E00051920,296,63,233
E00051921,288,51,237
E00051922,326,90,236
E00051923,307,105,202
E00051924,398,121,277
E00051925,347,95,252
E00051926,342,123,219
E00051927,496,136,360
E00051928,298,70,228
E00051929,371,88,283
E00051930,318,102,216
E00051932,329,82,247
E00051933,224,28,196
E00051934,396,95,301
E00051935,300,101,199
E00051936,468,168,300
E00051937,372,120,252
E00051938,372,125,247
E00051939,336,74,262
E00051940,357,96,261
E00051941,476,181,295
E00051942,407,118,289
E00051943,408,134,274
E00051944,328,104,224
E00051947,333,90,243
E00051948,372,126,246
E00051949,313,107,206
E00051950,319,50,269
E00051951,289,53,236
E00051952,301,83,218
E00051954,269,41,228
E00051955,278,52,226
E00051956,311,99,212
E00051958,336,108,228
E00051959,322,102,220
E00051960,464,120,344
E00051961,333,68,265
E00051962,306,60,246
E00051963,322,94,228
E00051964,263,76,187
E00051965,364,80,284
E00051966,311,78,233
E00051967,293,34,259
E00051968,333,90,243
E00051969,299,48,251
E00051970,262,25,237
E00051971,278,48,230
E00051972,274,62,212
E00051973,362,92,270
E00051974,344,96,248
E00051975,444,142,302
E00051976,284,49,235
E00051977,247,54,193
E00051978,300,32,268
E00051979,351,63,288
E00051980,229,27,202
E00051981,193,9,184
E00051982,314,65,249
E00051983,322,50,272
E00051984,265,45,220
E00051985,183,29,154
E00051986,272,45,227
E00051987,299,81,218
E00051988,296,51,245
E00051989,359,73,286
E00051990,325,86,239
E00051991,303,61,242
E00051992,274,57,217
E00051993,242,32,210
E00051994,479,78,401
E00051995,272,50,222
E00051996,319,81,238
E00051997,347,81,266
E00051998,326,100,226
E00051999,399,133,266
E00052000,285,68,217
E00052001,327,93,234
E00052002,334,107,227
E00052003,318,50,268
E00052004,289,47,242
E00052005,317,61,256
E00052006,386,50,336
E00052008,364,103,261
E00052009,308,59,249
E00052010,181,38,143
E00052011,291,78,213
E00052012,337,61,276
E00052013,257,55,202
E00052016,317,75,242
E00052017,210,36,174
E00052018,322,48,274
E00052019,288,40,248
E00052020,255,43,212
E00052021,269,40,229
E00052022,290,52,238
E00052023,222,11,211
E00052024,249,39,210
E00052025,204,20,184
E00052026,255,26,229
E00052027,292,61,231
E00052028,260,64,196
E00052029,297,39,258
E00052030,296,72,224
E00052031,299,74,225
E00052032,318,79,239
E00052033,261,59,202
E00052034,307,56,251
E00052035,289,67,222
E00052036,236,74,162
E00052037,301,65,236
E00052038,269,54,215
E00052039,222,34,188
E00052040,288,77,211
E00052041,289,78,211
E00052042,169,20,149
E00052043,346,76,270
E00052044,164,7,157
E00052045,351,66,285
E00052046,285,48,237
E00052047,362,73,289
E00052048,270,49,221
E00052049,366,121,245
E00052050,373,90,283
E00052051,198,26,172
E00052052,299,67,232
E00052053,273,57,216
E00052054,244,35,209
E00052056,280,48,232
E00052057,216,7,209
E00052058,399,74,325
E00052059,312,59,253
E00052062,336,73,263
E00052063,306,69,237
E00052064,294,47,247
E00052065,261,43,218
E00052066,302,33,269
E00052067,276,67,209
E00052068,328,67,261
E00052069,304,37,267
E00052070,206,24,182
E00052071,294,63,231
E00052072,297,82,215
E00052073,347,52,295
E00052074,252,50,202
E00052075,288,56,232
E00052076,327,78,249
E00052077,106,1,105
E00052078,229,32,197
E00052079,237,41,196
E00052080,242,53,189
E00052081,273,74,199
E00052082,278,68,210
E00052083,249,71,178
E00052084,215,38,177
E00052085,293,55,238
E00052086,291,65,226
E00052087,275,69,206
E00052088,284,48,236
E00052089,282,69,213
E00052090,339,75,264
E00052091,274,59,215
E00052092,327,72,255
E00052093,281,59,222
E00052094,281,69,212
E00052095,387,93,294
E00052097,310,62,248
E00052098,310,68,242
E00052099,292,63,229
E00052100,221,24,197
E00052101,337,59,278
E00052102,339,72,267
E00052103,310,63,247
E00052104,357,100,257
E00052106,410,120,290
E00052107,316,87,229
E00052108,297,54,243
E00052110,285,52,233
E00052111,309,88,221
E00052112,331,101,230
E00052113,350,82,268
E00052114,418,128,290
E00052115,309,106,203
E00052116,286,83,203
E00052117,495,142,353
E00052118,297,84,213
E00052121,344,116,228
E00052122,298,64,234
E00052123,352,77,275
E00052124,363,101,262
E00052125,259,64,195
E00052127,257,64,193
E00052129,161,21,140
E00052131,272,49,223
E00052132,319,75,244
E00052134,406,97,309
E00052135,268,43,225
E00052136,345,77,268
E00052137,360,81,279
E00052138,301,67,234
E00052139,324,56,268
E00052140,243,45,198
E00052141,329,68,261
E00052142,262,22,240
E00052143,386,66,320
E00052144,411,96,315
E00052145,369,64,305
E00052146,524,124,400
E00052147,286,61,225
E00052148,262,43,219
E00052149,244,57,187
E00052150,303,47,256
E00052151,391,65,326
E00052152,333,76,257
E00052153,332,75,257
E00052154,291,47,244
E00052155,271,22,249
E00052156,306,38,268
E00052157,337,45,292
E00052159,260,45,215
E00052161,260,42,218
E00052162,235,41,194
E00052163,290,46,244
E00052164,240,49,191
E00052165,357,96,261
E00052166,282,45,237
E00052167,275,41,234
E00052168,426,103,323
E00052169,305,75,230
E00052170,281,38,243
E00052171,335,66,269
E00052172,268,48,220
E00052173,233,42,191
E00052174,458,77,381
E00052175,263,42,221
E00052176,241,49,192
E00052177,306,77,229
E00052178,256,64,192
E00052179,285,66,219
E00052180,378,131,247
E00052181,232,45,187
E00052182,319,62,257
E00052183,278,66,212
E00052184,358,52,306
E00052185,283,61,222
E00052186,358,65,293
E00052187,298,47,251
E00052188,367,81,286
E00052189,161,21,140
E00052190,282,56,226
E00052191,299,51,248
E00052192,363,81,282
E00052193,389,85,304
E00052194,413,96,317
E00052195,296,54,242
E00052196,304,48,256
E00052197,290,56,234
E00052198,317,59,258
E00052199,385,73,312
E00052200,369,89,280
E00052201,316,61,255
E00052202,311,56,255
E00052203,342,56,286
E00052204,404,93,311
E00052205,441,92,349
E00052206,327,68,259
E00052207,215,26,189
E00052208,365,60,305
E00052209,298,44,254
E00052210,327,62,265
E00052211,434,97,337
E00052212,339,80,259
E00052213,394,72,322
E00052214,445,92,353
E00052215,317,93,224
E00052216,323,72,251
E00052217,297,90,207
E00052218,445,119,326
E00052219,425,137,288
E00052220,328,69,259
E00052221,293,71,222
E00052222,377,118,259
E00052223,449,150,299
E00052224,362,99,263
E00052225,311,61,250
E00052226,370,118,252
E00052227,230,59,171
E00052228,398,138,260
E00052229,364,107,257
E00052230,368,139,229
E00052231,430,130,300
E00052232,311,109,202
E00052233,335,75,260
E00052234,405,145,260
E00052235,372,97,275
E00052236,362,109,253
E00052237,475,140,335
E00052238,333,91,242
E00052239,440,118,322
E00052240,347,96,251
E00052241,425,107,318
E00052242,368,133,235
E00052243,397,93,304
E00052244,264,51,213
E00052245,327,79,248
E00052246,358,96,262
E00052247,420,118,302
E00052248,293,39,254
E00052249,450,107,343
E00052250,382,111,271
E00052251,370,112,258
E00052252,393,122,271
E00052253,321,81,240
E00052254,405,130,275
E00052255,505,198,307
E00052256,369,122,247
E00052257,354,115,239
E00052258,358,120,238
E00052259,397,127,270
E00052260,385,134,251
E00052261,414,142,272
E00052262,430,150,280
E00052263,253,48,205
E00052264,308,74,234
E00052265,310,52,258
E00052266,302,43,259
E00052267,280,43,237
E00052268,348,57,291
E00052269,339,72,267
E00052270,328,60,268
E00052271,306,41,265
E00052272,470,92,378
E00052273,264,32,232
E00052274,262,30,232
E00052275,269,66,203
E00052276,275,30,245
E00052277,333,54,279
E00052278,261,46,215
E00052279,275,50,225
E00052280,268,41,227
E00052281,266,51,215
E00052282,266,33,233
E00052283,241,41,200
E00052284,278,55,223
E00052285,280,60,220
E00052286,307,61,246
E00052287,249,49,200
E00052288,282,41,241
E00052289,230,30,200
E00052290,240,41,199
E00052291,262,45,217
E00052292,354,40,314
E00052293,285,30,255
E00052294,246,35,211
E00052295,224,48,176
E00052296,325,60,265
E00052297,269,34,235
E00052298,291,50,241
E00052299,254,40,214
E00052300,248,37,211
E00052301,307,62,245
E00052302,297,47,250
E00052303,277,39,238
E00052304,264,38,226
E00052305,283,33,250
E00052306,241,40,201
E00052307,427,78,349
E00052308,184,27,157
E00052309,310,54,256
E00052310,277,35,242
E00052311,348,68,280
E00052312,247,44,203
E00052313,260,38,222
E00052314,288,44,244
E00052315,277,50,227
E00052316,297,60,237
E00052317,276,42,234
E00052318,262,50,212
E00052319,280,58,222
E00052320,229,55,174
E00052321,305,52,253
E00052322,291,52,239
E00052323,264,55,209
E00052324,253,43,210
E00052325,279,49,230
E00052326,291,53,238
E00052327,284,53,231
E00052328,298,43,255
E00052329,295,70,225
E00052330,269,51,218
E00052332,316,61,255
E00052333,263,53,210
E00052334,273,51,222
E00052335,364,76,288
E00052336,306,80,226
E00052337,300,61,239
E00052338,342,69,273
E00052339,251,42,209
E00052340,426,171,255
E00052341,356,105,251
E00052342,399,130,269
E00052343,467,174,293
E00052344,424,151,273
E00052345,352,107,245
E00052346,335,75,260
E00052347,305,88,217
E00052349,367,93,274
E00052350,345,108,237
E00052351,428,158,270
E00052352,339,106,233
E00052353,283,75,208
E00052354,290,100,190
E00052355,363,108,255
E00052356,328,90,238
E00052357,369,94,275
E00052358,163,38,125
E00052359,389,128,261
E00052360,375,110,265
E00052361,218,36,182
E00052362,350,84,266
E00052363,381,116,265
E00052364,414,133,281
E00052365,327,61,266
E00052366,348,58,290
E00052367,346,95,251
E00052368,299,82,217
E00052369,454,79,375
E00052370,301,55,246
E00052371,305,68,237
E00052372,260,60,200
E00052373,246,45,201
E00052374,277,40,237
E00052375,348,95,253
E00052376,474,118,356
E00052377,253,60,193
E00052378,193,23,170
E00052379,329,86,243
E00052381,396,100,296
E00052384,346,125,221
E00052385,313,92,221
E00052386,500,160,340
E00052387,452,165,287
E00052388,391,150,241
E00052389,378,121,257
E00052391,214,9,205
E00052392,439,119,320
E00052393,221,19,202
E00052395,340,76,264
E00052396,414,91,323
E00052397,201,30,171
E00052399,415,141,274
E00052400,335,71,264
E00052401,323,93,230
E00052402,278,80,198
E00052404,372,79,293
E00052406,374,100,274
E00052407,323,54,269
E00052408,355,104,251
E00052409,376,94,282
E00052410,226,31,195
E00052411,345,93,252
E00052412,312,89,223
E00052413,301,56,245
E00052414,203,26,177
E00052415,267,35,232
E00052416,320,58,262
E00052417,316,43,273
E00052418,313,63,250
E00052419,358,70,288
E00052420,326,81,245
E00052421,281,55,226
E00052422,278,69,209
E00052423,344,81,263
E00052424,296,62,234
E00052425,258,46,212
E00052426,273,49,224
E00052427,506,93,413
E00052428,176,26,150
E00052429,285,78,207
E00052430,313,60,253
E00052431,317,72,245
E00052432,292,42,250
E00052433,330,55,275
E00052434,312,48,264
E00052435,268,25,243
E00052436,253,16,237
E00052437,281,28,253
E00052438,383,70,313
E00052439,238,30,208
E00052440,311,45,266
E00052441,250,27,223
E00052442,295,27,268
E00052443,230,25,205
E00052444,259,31,228
E00052445,300,34,266
E00052446,289,48,241
E00052447,347,81,266
E00052448,393,74,319
E00052449,330,66,264
E00052450,279,53,226
E00052451,258,34,224
E00052452,250,51,199
E00052453,250,35,215
E00052454,346,60,286
E00052455,305,55,250
E00052456,299,51,248
E00052457,245,50,195
E00052458,335,68,267
E00052459,261,27,234
E00052460,268,34,234
E00052461,336,55,281
E00052462,245,34,211
E00052463,265,37,228
E00052464,292,59,233
E00052465,344,72,272
E00052466,302,64,238
E00052467,410,76,334
E00052468,296,47,249
E00052469,276,51,225
E00052470,262,37,225
E00052471,222,34,188
E00052472,279,37,242
E00052473,510,103,407
E00052474,253,54,199
E00052475,279,36,243
E00052476,119,5,114
E00052478,310,54,256
E00052479,334,63,271
E00052481,276,40,236
E00052482,280,41,239
E00052483,266,45,221
E00052484,328,48,280
E00052485,339,76,263
E00052487,266,38,228
E00052488,179,29,150
E00052489,325,53,272
E00052490,308,61,247
E00052491,308,65,243
E00052492,283,46,237
E00052493,351,60,291
E00052494,292,45,247
E00052495,251,48,203
E00052496,268,43,225
E00052497,384,77,307
E00052498,453,78,375
E00052499,317,65,252
E00052500,288,54,234
E00052501,296,39,257
E00052502,272,55,217
E00052503,358,52,306
E00052504,246,61,185
E00052505,344,90,254
E00052506,269,37,232
E00052507,296,55,241
E00052508,336,78,258
E00052509,303,76,227
E00052510,267,42,225
E00052511,357,89,268
E00052512,343,76,267
E00052513,267,54,213
E00052514,297,48,249
E00052515,255,52,203
E00052516,283,37,246
E00052517,340,60,280
E00052518,319,48,271
E00052519,290,40,250
E00052520,324,104,220
E00052521,266,67,199
E00052522,306,84,222
E00052523,285,39,246
E00052524,305,51,254
E00052525,312,85,227
E00052526,342,89,253
E00052527,288,48,240
E00052528,317,72,245
E00052529,322,62,260
E00052530,246,32,214
E00052531,302,47,255
E00052532,301,50,251
E00052533,364,69,295
E00052534,333,46,287
E00052535,274,52,222
E00052536,358,67,291
E00052537,405,136,269
E00052538,254,76,178
E00052539,324,72,252
E00052540,415,82,333
E00052541,312,57,255
E00052542,571,151,420
E00052543,369,83,286
E00052544,370,71,299
E00052545,321,82,239
E00052546,388,105,283
E00052547,312,64,248
E00052548,304,50,254
E00052549,200,27,173
E00052550,318,64,254
E00052551,310,49,261
E00052552,411,104,307
E00052553,315,64,251
E00052554,311,63,248
E00052555,406,120,286
E00052557,346,58,288
E00052558,354,120,234
E00052559,282,61,221
E00052560,311,70,241
E00052561,430,108,322
E00052562,409,101,308
E00052563,257,50,207
E00052564,254,50,204
E00052565,222,69,153
E00052566,243,43,200
E00052567,315,65,250
E00052568,267,56,211
E00052569,359,49,310
E00052570,320,89,231
E00052571,356,62,294
E00052572,359,90,269
E00052573,309,74,235
E00052574,298,57,241
E00052575,263,61,202
E00052576,416,131,285
E00052577,495,114,381
E00052578,426,87,339
E00052579,263,70,193
E00052580,291,77,214
E00052581,295,50,245
E00052582,315,61,254
E00052583,275,50,225
E00052585,269,64,205
E00052587,231,47,184
E00052588,241,43,198
E00052589,276,86,190
E00052590,251,55,196
E00052591,418,97,321
E00052592,300,71,229
E00052593,296,47,249
E00052594,351,77,274
E00052595,268,66,202
E00052596,264,66,198
E00052597,358,90,268
E00052599,267,41,226
E00052600,366,99,267
E00052601,334,98,236
E00052602,351,91,260
E00052603,498,174,324
E00052604,500,157,343
E00052605,350,93,257
E00052606,363,125,238
E00052607,332,90,242
E00052608,450,121,329
E00052609,327,67,260
E00052611,303,53,250
E00052612,245,38,207
E00052613,457,104,353
E00052614,310,43,267
E00052615,379,86,293
E00052616,296,55,241
E00052617,385,116,269
E00052618,522,116,406
E00052619,366,85,281
E00052620,252,52,200
E00052621,323,50,273
E00052622,351,63,288
E00052623,298,64,234
E00052624,301,77,224
E00052625,297,58,239
E00052626,266,68,198
E00052627,314,77,237
E00052628,293,57,236
E00052629,309,64,245
E00052630,310,97,213
E00052631,498,103,395
E00052632,370,84,286
E00052633,344,75,269
E00052634,278,40,238
E00052635,363,116,247
E00052636,315,92,223
E00052637,248,68,180
E00052638,362,71,291
E00052639,311,74,237
E00052640,352,99,253
E00052641,358,45,313
E00052642,279,73,206
E00052643,195,32,163
E00052644,226,43,183
E00052645,293,51,242
E00052646,247,48,199
E00052647,164,35,129
E00052648,266,54,212
E00052649,264,74,190
E00052650,257,31,226
E00052651,258,50,208
E00052652,294,55,239
E00052653,358,87,271
E00052654,292,60,232
E00052655,303,58,245
E00052656,277,49,228
E00052657,415,107,308
E00052658,377,124,253
E00052659,436,116,320
E00052660,418,86,332
E00052661,445,71,374
E00052662,311,55,256
E00052663,337,69,268
E00052664,243,43,200
E00052665,396,82,314
E00052668,438,113,325
E00052669,287,35,252
E00052670,398,100,298
E00052671,313,85,228
E00052673,405,130,275
E00052674,334,71,263
E00052675,324,92,232
E00052676,477,109,368
E00052677,411,116,295
E00052678,396,93,303
E00052679,366,59,307
E00052680,429,90,339
E00052681,357,67,290
E00052682,403,65,338
E00052683,295,75,220
E00052684,374,69,305
E00052685,426,88,338
E00052686,446,94,352
E00052687,314,68,246
E00052688,335,72,263
E00052689,347,67,280
E00052690,242,45,197
E00052691,277,49,228
E00052692,406,89,317
E00052693,300,41,259
E00052694,251,41,210
E00052695,216,23,193
E00052696,421,127,294
E00052697,351,69,282
E00052698,269,61,208
E00052699,371,119,252
E00052700,323,64,259
E00052701,347,90,257
E00052702,253,57,196
E00052703,277,64,213
E00052704,278,46,232
E00052706,270,62,208
E00052707,451,97,354
E00052709,390,130,260
E00052711,288,72,216
E00052712,236,22,214
E00052713,220,35,185
E00052714,297,41,256
E00052715,284,39,245
E00052716,271,37,234
E00052717,288,52,236
E00052718,297,29,268
E00052719,303,60,243
E00052720,306,54,252
E00052721,354,110,244
E00052722,286,63,223
E00052723,313,85,228
E00052724,268,43,225
E00052725,258,34,224
E00052726,377,72,305
E00052727,343,72,271
E00052728,311,44,267
E00052729,213,38,175
E00052730,273,40,233
E00052731,242,41,201
E00052732,393,166,227
E00052733,206,38,168
E00052734,230,26,204
E00052735,335,96,239
E00052736,294,32,262
E00052737,345,72,273
E00052738,250,62,188
E00052739,238,48,190
E00052740,336,100,236
E00052741,289,93,196
E00052742,332,131,201
E00052743,189,22,167
E00052744,275,52,223
E00052745,369,134,235
E00052746,326,90,236
E00052747,368,85,283
E00052748,295,72,223
E00052749,316,78,238
E00052750,338,136,202
E00052751,298,93,205
E00052752,256,44,212
E00052753,337,83,254
E00052754,199,30,169
E00052755,296,66,230
E00052756,289,78,211
E00052757,238,32,206
E00052758,384,93,291
E00052759,319,87,232
E00052760,333,80,253
E00052761,470,109,361
E00052763,200,40,160
E00052764,355,100,255
E00052767,285,62,223
E00052768,328,82,246
E00052769,299,88,211
E00052770,491,152,339
E00052771,502,108,394
E00052772,333,113,220
E00052773,414,97,317
E00052774,263,59,204
E00052775,388,98,290
E00052776,316,92,224
E00052777,416,124,292
E00052778,306,87,219
E00052779,331,39,292
E00052780,325,89,236
E00052781,201,25,176
E00052782,362,82,280
E00052784,294,61,233
E00052785,238,40,198
E00052786,255,57,198
E00052787,272,33,239
E00052790,256,65,191
E00052791,375,104,271
E00052792,336,83,253
E00052793,306,85,221
E00052794,330,74,256
E00052795,360,86,274
E00052796,287,75,212
E00052797,328,44,284
E00052798,330,64,266
E00052799,309,64,245
E00052800,316,56,260
E00052801,317,101,216
E00052802,250,40,210
E00052803,328,110,218
E00052804,244,67,177
E00052805,374,124,250
E00052806,332,68,264
E00052807,276,54,222
E00052808,215,26,189
E00052809,332,81,251
E00052810,270,83,187
E00052811,258,52,206
E00052812,285,57,228
E00052813,281,55,226
E00052814,310,55,255
E00052815,278,45,233
E00052816,295,53,242
E00052817,242,41,201
E00052818,346,74,272
E00052819,278,60,218
E00052820,297,57,240
E00052821,334,50,284
E00052822,302,55,247
E00052823,349,57,292
E00052824,277,50,227
E00052825,334,88,246
E00052826,309,72,237
E00052827,292,38,254
E00052828,288,90,198
E00052829,367,154,213
E00052830,343,105,238
E00052831,297,88,209
E00052832,413,121,292
E00052833,335,75,260
E00052834,389,94,295
E00052835,261,56,205
E00052836,365,134,231
E00052837,298,83,215
E00052838,311,98,213
E00052839,342,105,237
E00052840,336,75,261
E00052841,334,97,237
E00052842,335,105,230
E00052843,370,115,255
E00052844,290,71,219
E00052845,315,76,239
E00052846,207,17,190
E00052847,266,49,217
E00052848,294,46,248
E00052849,250,38,212
E00052850,346,67,279
E00052851,270,44,226
E00052852,304,43,261
E00052853,378,102,276
E00052854,251,33,218
E00052855,338,64,274
E00052856,260,40,220
E00052857,268,25,243
E00052858,267,49,218
E00052859,253,50,203
E00052860,201,10,191
E00052861,265,71,194
E00052862,248,49,199
E00052863,185,11,174
E00052864,348,78,270
E00052865,331,81,250
E00052866,230,23,207
E00052867,467,146,321
E00052868,408,111,297
E00052869,106,19,87
E00052870,308,87,221
E00052871,374,62,312
E00052872,370,68,302
E00052873,425,141,284
E00052874,239,68,171
E00052875,335,67,268
E00052876,314,62,252
E00052877,321,61,260
E00052878,348,85,263
E00052879,316,68,248
E00052880,332,91,241
E00052881,314,63,251
E00052882,334,74,260
E00052883,204,31,173
E00052884,168,32,136
E00052885,355,78,277
E00052886,317,116,201
E00052887,188,11,177
E00052888,211,45,166
E00052889,267,70,197
E00052890,158,8,150
E00052891,297,77,220
E00052892,287,72,215
E00052893,372,98,274
E00052894,297,83,214
E00052895,416,121,295
E00052897,193,28,165
E00052899,379,85,294
E00052900,181,18,163
E00052901,409,122,287
E00052902,299,71,228
E00052903,310,92,218
E00052904,377,131,246
E00052905,520,184,336
E00052906,176,6,170
E00052907,261,36,225
E00052908,286,64,222
E00052909,306,61,245
E00052910,344,49,295
E00052911,328,96,232
E00052912,438,109,329
E00052913,335,79,256
E00052914,380,127,253
E00052915,325,100,225
E00052916,335,90,245
E00052917,334,117,217
E00052918,251,49,202
E00052919,372,122,250
E00052920,381,136,245
E00052921,360,158,202
E00052922,392,139,253
E00052923,349,124,225
E00052924,319,82,237
E00052925,325,100,225
E00052926,330,85,245
E00052927,352,102,250
E00052928,303,93,210
E00052929,314,92,222
E00052930,540,185,355
E00052931,330,82,248
E00052932,307,99,208
E00052933,359,98,261
E00052934,266,65,201
E00052935,303,72,231
E00052936,469,131,338
E00052937,357,127,230
E00052938,381,146,235
E00052939,357,72,285
E00052940,268,82,186
E00052941,280,84,196
E00052943,350,133,217
E00052944,327,113,214
E00052945,361,118,243
E00052946,324,100,224
E00052947,297,63,234
E00052948,368,93,275
E00052949,316,81,235
E00052950,284,44,240
E00052951,318,87,231
E00052952,287,59,228
E00052953,292,39,253
E00052954,342,95,247
E00052955,289,50,239
E00052956,342,64,278
E00052957,280,41,239
E00052958,317,51,266
E00052959,288,51,237
E00052960,220,38,182
E00052961,331,87,244
E00052962,259,44,215
E00052963,269,48,221
E00052964,245,56,189
E00052965,339,71,268
E00052966,297,58,239
E00052967,226,32,194
E00052968,307,57,250
E00052969,290,73,217
E00052970,306,55,251
E00052971,298,61,237
E00052972,311,56,255
E00052973,301,44,257
E00052974,280,53,227
E00052975,267,30,237
E00052976,352,63,289
E00052977,209,34,175
E00052978,245,51,194
E00052979,145,10,135
E00052980,296,66,230
E00052981,187,14,173
E00052982,224,40,184
E00052983,247,45,202
E00052984,301,71,230
E00052985,294,57,237
E00052986,320,75,245
E00052987,296,90,206
E00052988,235,48,187
E00052989,265,35,230
E00052990,259,50,209
E00052991,358,83,275
E00052992,336,95,241
E00052993,310,58,252
E00052994,285,66,219
E00052995,351,77,274
E00052996,315,60,255
E00052997,236,16,220
E00052998,295,79,216
E00052999,319,88,231
E00053000,252,52,200
E00053001,227,24,203
E00053002,266,31,235
E00053003,316,69,247
E00053004,186,37,149
E00053005,264,67,197
E00053006,225,30,195
E00053007,374,117,257
E00053008,292,62,230
E00053009,359,67,292
E00053010,358,136,222
E00053011,363,84,279
E00053012,274,78,196
E00053013,268,49,219
E00053014,301,48,253
E00053015,322,78,244
E00053016,203,20,183
E00053017,276,64,212
E00053018,330,64,266
E00053019,275,65,210
E00053020,272,53,219
E00053021,166,23,143
E00053022,204,33,171
E00053023,260,41,219
E00053024,274,42,232
E00053025,251,53,198
E00053026,238,47,191
E00053027,376,82,294
E00053028,307,54,253
E00053029,253,51,202
E00053030,273,49,224
E00053031,563,123,440
E00053032,334,69,265
E00053033,224,35,189
E00053034,281,96,185
E00053035,345,56,289
E00053036,258,30,228
E00053037,226,41,185
E00053038,275,55,220
E00053039,320,47,273
E00053040,295,64,231
E00053041,252,42,210
E00053042,273,56,217
E00053043,268,37,231
E00053044,338,65,273
E00053045,264,41,223
E00053046,239,39,200
E00053047,211,36,175
E00053048,319,63,256
E00053049,188,36,152
E00053050,234,35,199
E00053051,290,58,232
E00053052,231,32,199
E00053053,287,69,218
E00053054,181,29,152
E00053055,262,43,219
E00053056,305,67,238
E00053057,323,93,230
E00053058,336,78,258
E00053059,422,88,334
E00053060,353,74,279
E00053061,307,56,251
E00053062,251,60,191
E00053063,375,59,316
E00053064,149,28,121
E00053065,247,37,210
E00053066,334,37,297
E00053067,276,46,230
E00053068,213,38,175
E00053069,227,23,204
E00053070,210,29,181
E00053071,307,60,247
E00053072,294,44,250
E00053073,289,48,241
E00053074,367,46,321
E00053075,143,25,118
E00053076,286,65,221
E00053077,333,67,266
E00053078,333,60,273
E00053079,372,126,246
E00053080,184,15,169
E00053081,308,54,254
E00053082,389,75,314
E00053083,318,67,251
E00053084,367,70,297
E00053085,308,70,238
E00053086,328,67,261
E00053087,231,39,192
E00053088,450,73,377
E00053089,332,64,268
E00053090,367,85,282
E00053091,365,78,287
E00053092,325,57,268
E00053093,285,47,238
E00053094,315,45,270
E00053095,341,67,274
E00053096,293,56,237
E00053097,287,53,234
E00053098,257,10,247
E00053099,345,47,298
E00053100,305,68,237
E00053101,291,57,234
E00053102,308,62,246
E00053103,344,80,264
E00053104,281,41,240
E00053105,328,67,261
E00053106,279,53,226
E00053107,310,57,253
E00053108,321,58,263
E00053109,400,29,371
E00053110,304,62,242
E00053111,376,79,297
E00053112,333,61,272
E00053113,281,48,233
E00053114,335,68,267
E00053115,333,101,232
E00053116,280,77,203
E00053117,315,82,233
E00053118,280,88,192
E00053119,352,107,245
E00053120,218,34,184
E00053121,390,97,293
E00053122,305,70,235
E00053123,367,128,239
E00053124,425,117,308
E00053125,404,131,273
E00053126,300,87,213
E00053127,378,103,275
E00053128,328,84,244
E00053129,243,49,194
E00053130,489,166,323
E00053131,380,102,278
E00053132,310,98,212
E00053133,329,80,249
E00053134,453,282,171
E00053135,550,175,375
E00053136,321,78,243
E00053137,314,61,253
E00053138,233,51,182
E00053139,409,148,261
E00053140,294,133,161
E00053141,304,82,222
E00053142,386,116,270
E00053144,426,262,164
E00053145,278,73,205
E00053146,416,128,288
E00053147,381,100,281
E00053148,365,123,242
E00053149,402,85,317
E00053151,327,81,246
E00053152,542,139,403
E00053153,429,142,287
E00053154,450,138,312
E00053155,314,100,214
E00053156,350,111,239
E00053157,343,118,225
E00053158,310,86,224
E00053159,392,68,324
E00053160,307,63,244
E00053161,308,41,267
E00053162,301,63,238
E00053163,348,85,263
E00053164,308,72,236
E00053165,312,74,238
E00053166,172,44,128
E00053167,238,61,177
E00053168,326,72,254
E00053169,321,82,239
E00053170,325,87,238
E00053171,247,65,182
E00053172,324,95,229
E00053173,365,82,283
E00053174,339,54,285
E00053175,277,47,230
E00053176,354,76,278
E00053177,294,60,234
E00053178,396,91,305
E00053179,279,75,204
E00053180,313,59,254
E00053181,333,63,270
E00053182,288,73,215
E00053183,292,46,246
E00053184,284,50,234
E00053185,300,43,257
E00053186,291,43,248
E00053187,292,37,255
E00053188,303,62,241
E00053189,302,37,265
E00053190,282,39,243
E00053191,299,90,209
E00053192,236,28,208
E00053193,262,56,206
E00053194,250,46,204
E00053195,430,101,329
E00053196,172,19,153
E00053197,328,75,253
E00053198,311,67,244
E00053199,289,76,213
E00053200,342,49,293
E00053201,301,47,254
E00053202,369,66,303
E00053203,241,51,190
E00053204,280,84,196
E00053205,305,88,217
E00053206,286,63,223
E00053207,287,57,230
E00053208,290,50,240
E00053209,314,50,264
E00053210,254,42,212
E00053211,275,48,227
E00053212,297,35,262
E00053213,326,62,264
E00053214,307,68,239
E00053215,328,55,273
E00053216,358,66,292
E00053217,363,86,277
E00053218,331,56,275
E00053219,294,57,237
E00053220,330,72,258
E00053221,346,78,268
E00053223,272,55,217
E00053224,331,66,265
E00053225,244,37,207
E00053226,234,31,203
E00053227,317,81,236
E00053228,290,52,238
E00053229,224,45,179
E00053230,279,70,209
E00053231,288,67,221
E00053232,290,81,209
E00053233,223,35,188
E00053234,302,85,217
E00053235,227,45,182
E00053236,270,68,202
E00053237,266,78,188
E00053238,223,51,172
E00053239,339,60,279
E00053240,311,60,251
E00053241,338,62,276
E00053242,342,71,271
E00053243,285,32,253
E00053244,343,62,281
E00053245,320,55,265
E00053246,212,24,188
E00053247,223,38,185
E00053248,210,23,187
E00053249,249,39,210
E00053250,214,26,188
E00053251,237,43,194
E00053252,237,42,195
E00053253,258,52,206
E00053254,189,42,147
E00053255,230,21,209
E00053256,268,48,220
E00053257,273,53,220
E00053258,300,73,227
E00053259,204,25,179
E00053260,230,32,198
E00053261,253,35,218
E00053262,244,24,220
E00053263,334,74,260
E00053264,300,44,256
E00053265,336,65,271
E00053266,215,36,179
E00053267,275,46,229
E00053268,276,47,229
E00053269,295,33,262
E00053270,232,22,210
E00053271,326,58,268
E00053272,313,59,254
E00053273,310,53,257
E00053274,282,69,213
E00053275,283,55,228
E00053276,280,61,219
E00053277,307,44,263
E00053278,336,74,262
E00053279,268,36,232
E00053280,301,42,259
E00053281,277,34,243
E00053282,265,60,205
E00053283,238,41,197
E00053284,295,49,246
E00053285,223,21,202
E00053286,397,51,346
E00053287,281,41,240
E00053288,269,58,211
E00053289,275,46,229
E00053290,225,26,199
E00053291,305,30,275
E00053292,232,29,203
E00053293,258,43,215
E00053294,264,46,218
E00053295,253,35,218
E00053296,299,66,233
E00053297,272,43,229
E00053298,254,46,208
E00053299,284,52,232
E00053300,256,45,211
E00053301,296,69,227
E00053302,268,50,218
E00053303,242,42,200
E00053304,260,56,204
E00053305,238,49,189
E00053306,271,52,219
E00053307,305,47,258
E00053308,172,48,124
E00053309,239,38,201
E00053310,239,45,194
E00053311,279,46,233
E00053312,269,45,224
E00053313,233,38,195
E00053314,278,47,231
E00053315,304,68,236
E00053316,308,58,250
E00053317,310,43,267
E00053318,270,43,227
E00053319,293,44,249
E00053320,376,76,300
E00053321,281,56,225
E00053322,281,62,219
E00053324,274,57,217
E00053326,176,20,156
E00053327,323,50,273
E00053328,287,45,242
E00053329,275,53,222
E00053330,290,79,211
E00053331,303,58,245
E00053332,234,47,187
E00053333,266,47,219
E00053334,343,81,262
E00053335,269,60,209
E00053336,307,74,233
E00053337,238,52,186
E00053338,315,77,238
E00053339,306,50,256
E00053340,323,78,245
E00053341,203,49,154
E00053342,269,54,215
E00053343,305,61,244
E00053344,291,69,222
E00053345,236,58,178
E00053346,251,41,210
E00053347,245,32,213
E00053348,202,28,174
E00053349,275,51,224
E00053350,276,55,221
E00053351,281,51,230
E00053352,242,26,216
E00053353,415,28,387
E00053354,307,64,243
E00053355,289,44,245
E00053356,281,45,236
E00053357,328,66,262
E00053358,338,56,282
E00053359,245,28,217
E00053360,301,51,250
E00053361,297,23,274
E00053362,295,31,264
E00053363,281,48,233
E00053364,203,20,183
E00053365,271,40,231
E00053366,312,63,249
E00053367,246,33,213
E00053368,248,44,204
E00053369,276,48,228
E00053370,370,64,306
E00053371,290,32,258
E00053372,275,47,228
E00053373,412,63,349
E00053374,300,31,269
E00053375,276,29,247
E00053376,357,66,291
E00053377,281,61,220
E00053378,415,124,291
E00053379,239,39,200
E00053380,277,29,248
E00053381,271,66,205
E00053382,366,47,319
E00053383,266,37,229
E00053384,251,41,210
E00053385,231,31,200
E00053386,292,59,233
E00053387,277,40,237
E00053388,264,45,219
E00053389,315,45,270
E00053390,255,33,222
E00053391,251,24,227
E00053392,260,42,218
E00053393,261,50,211
E00053394,272,48,224
E00053395,292,54,238
E00053396,293,42,251
E00053397,172,17,155
E00053398,257,40,217
E00053399,335,36,299
E00053400,262,42,220
E00053401,305,59,246
E00053402,272,41,231
E00053403,288,54,234
E00053404,417,90,327
E00053405,323,64,259
E00053406,206,26,180
E00053407,352,70,282
E00053408,305,30,275
E00053409,290,44,246
E00053410,275,51,224
E00053411,275,22,253
E00053412,257,37,220
E00053414,502,111,391
E00053415,399,50,349
E00053416,290,48,242
E00053417,320,56,264
E00053418,399,75,324
E00053419,187,10,177
E00053420,276,53,223
E00053421,217,45,172
E00053422,187,21,166
E00053424,198,43,155
E00053425,369,109,260
E00053426,256,58,198
E00053427,317,59,258
E00053428,209,34,175
E00053430,225,11,214
E00053431,298,52,246
E00053432,263,58,205
E00053434,319,73,246
E00053435,352,80,272
E00053436,249,59,190
E00053437,315,48,267
E00053438,269,52,217
E00053439,299,25,274
E00053440,259,13,246
E00053441,317,51,266
E00053442,325,61,264
E00053443,326,57,269
E00053444,286,38,248
E00053445,266,25,241
E00053447,290,43,247
E00053448,286,44,242
E00053450,260,42,218
E00053451,293,58,235
E00053452,280,41,239
E00053453,234,38,196
E00053454,290,36,254
E00053455,394,77,317
E00053456,378,45,333
E00053457,271,38,233
E00053458,348,42,306
E00053459,337,65,272
E00053460,305,44,261
E00053462,274,44,230
E00053463,264,41,223
E00053464,308,60,248
E00053465,307,57,250
E00053466,279,42,237
E00053467,279,51,228
E00053468,261,51,210
E00053469,335,75,260
E00053470,318,66,252
E00053471,321,81,240
E00053472,349,85,264
E00053473,240,40,200
E00053474,276,48,228
E00053475,272,35,237
E00053476,330,73,257
E00053477,245,34,211
E00053478,351,66,285
E00053479,269,50,219
E00053480,303,60,243
E00053481,226,21,205
E00053482,272,27,245
E00053483,252,42,210
E00053484,293,72,221
E00053485,270,51,219
E00053486,418,73,345
E00053487,312,53,259
E00053488,280,53,227
E00053489,394,60,334
E00053490,219,26,193
E00053491,270,31,239
E00053493,549,108,441
E00053494,274,51,223
E00053495,361,64,297
E00053496,246,42,204
E00053497,525,119,406
E00053498,448,88,360
E00053499,520,117,403
E00053500,367,79,288
E00053501,275,23,252
E00053502,286,60,226
E00053503,314,66,248
E00053504,330,31,299
E00053505,464,73,391
E00053506,292,60,232
E00053507,339,87,252
E00053508,340,93,247
E00053509,288,59,229
E00053510,356,75,281
E00053511,206,31,175
E00053512,277,46,231
E00053513,332,88,244
E00053514,316,88,228
E00053515,321,69,252
E00053516,309,82,227
E00053517,218,39,179
E00053518,257,49,208
E00053519,331,78,253
E00053520,305,75,230
E00053521,357,79,278
E00053522,243,35,208
E00053523,352,73,279
E00053524,341,95,246
E00053525,321,83,238
E00053526,338,86,252
E00053527,273,55,218
E00053528,283,63,220
E00053529,315,75,240
E00053530,291,59,232
E00053531,324,66,258
E00053532,318,107,211
E00053533,298,70,228
E00053534,267,42,225
E00053535,349,92,257
E00053536,330,80,250
E00053537,390,105,285
E00053538,384,83,301
E00053539,377,116,261
E00053540,357,101,256
E00053541,309,79,230
E00053542,308,62,246
E00053543,247,21,226
E00053544,330,66,264
E00053545,303,56,247
E00053546,313,62,251
E00053547,258,64,194
E00053548,306,83,223
E00053550,338,86,252
E00053552,247,71,176
E00053553,398,120,278
E00053555,279,85,194
E00053556,409,109,300
E00053557,313,83,230
E00053558,225,43,182
E00053559,453,93,360
E00053560,208,40,168
E00053561,327,102,225
E00053562,307,87,220
E00053563,219,39,180
E00053564,296,91,205
E00053565,211,34,177
E00053566,408,175,233
E00053567,223,35,188
E00053568,336,102,234
E00053569,361,101,260
E00053570,286,64,222
E00053571,309,74,235
E00053572,286,69,217
E00053573,303,70,233
E00053574,310,47,263
E00053575,481,217,264
E00053576,393,107,286
E00053577,516,165,351
E00053578,302,72,230
E00053579,533,183,350
E00053580,306,64,242
E00053581,273,39,234
E00053582,357,110,247
E00053583,418,143,275
E00053584,488,167,321
E00053585,251,73,178
E00053586,363,115,248
E00053587,282,86,196
E00053588,273,87,186
E00053589,334,87,247
E00053590,240,77,163
E00053591,407,125,282
E00053592,367,117,250
E00053593,404,146,258
E00053594,439,128,311
E00053595,408,138,270
E00053596,470,146,324
E00053597,422,137,285
E00053598,428,144,284
E00053599,492,140,352
E00053600,474,149,325
E00053602,489,158,331
E00053603,352,125,227
E00053604,529,168,361
E00053605,491,159,332
E00053606,470,152,318
E00053607,399,147,252
E00053608,488,203,285
E00053609,408,117,291
E00053610,447,151,296
E00053611,307,74,233
E00053612,461,166,295
E00053613,452,165,287
E00053614,466,133,333
E00053616,337,99,238
E00053617,268,79,189
E00053618,420,135,285
E00053621,441,148,293
E00053622,492,172,320
E00053623,586,232,354
E00053624,473,143,330
E00053625,552,233,319
E00053626,445,147,298
E00053627,534,179,355
E00053629,465,113,352
E00053630,552,203,349
E00053631,521,182,339
E00053632,490,154,336
E00053633,321,109,212
E00053634,458,156,302
E00053635,505,161,344
E00053637,372,108,264
E00053638,388,130,258
E00053639,279,77,202
E00053640,521,161,360
E00053641,388,134,254
E00053642,354,87,267
E00053643,353,78,275
E00053644,306,55,251
E00053645,398,89,309
E00053646,544,96,448
E00053647,269,45,224
E00053648,303,80,223
E00053649,271,40,231
E00053650,388,85,303
E00053651,228,20,208
E00053652,214,27,187
E00053653,275,46,229
E00053654,305,61,244
E00053655,238,31,207
E00053656,387,71,316
E00053657,387,51,336
E00053658,352,97,255
E00053659,211,35,176
E00053660,230,38,192
E00053661,305,80,225
E00053663,436,166,270
E00053664,431,138,293
E00053665,525,177,348
E00053666,485,167,318
E00053667,318,113,205
E00053668,395,109,286
E00053670,364,135,229
E00053671,212,38,174
E00053672,342,101,241
E00053673,395,130,265
E00053674,335,89,246
E00053675,343,116,227
E00053676,371,121,250
E00053677,366,118,248
E00053678,294,58,236
E00053679,376,100,276
E00053680,309,74,235
E00053681,354,83,271
E00053682,325,66,259
E00053683,320,58,262
E00053684,147,24,123
E00053685,272,57,215
E00053686,242,38,204
E00053687,213,18,195
E00053688,251,39,212
E00053689,235,26,209
E00053690,286,53,233
E00053691,237,16,221
E00053692,296,45,251
E00053693,259,32,227
E00053695,325,64,261
E00053696,288,29,259
E00053697,230,46,184
E00053698,260,22,238
E00053699,263,39,224
E00053700,531,103,428
E00053701,247,26,221
E00053702,291,59,232
E00053703,201,42,159
E00053704,324,60,264
E00053705,222,22,200
E00053706,291,28,263
E00053707,266,31,235
E00053708,256,46,210
E00053709,301,31,270
E00053710,263,46,217
E00053711,258,36,222
E00053712,224,27,197
E00053713,282,49,233
E00053714,235,30,205
E00053715,276,44,232
E00053716,376,59,317
E00053717,318,31,287
E00053718,349,47,302
E00053719,315,44,271
E00053720,259,48,211
E00053721,320,60,260
E00053722,235,33,202
E00053723,263,43,220
E00053725,257,20,237
E00053726,307,35,272
E00053727,309,30,279
E00053728,329,71,258
E00053729,346,61,285
E00053730,274,46,228
E00053731,283,46,237
E00053732,333,50,283
E00053734,223,31,192
E00053735,193,40,153
E00053737,251,31,220
E00053738,358,56,302
E00053739,363,80,283
E00053740,355,30,325
E00053741,185,27,158
E00053742,299,57,242
E00053743,348,93,255
E00053744,281,63,218
E00053745,293,55,238
E00053746,396,96,300
E00053747,280,46,234
E00053748,323,73,250
E00053749,275,52,223
E00053750,289,54,235
E00053751,282,57,225
E00053752,264,39,225
E00053753,273,49,224
E00053754,250,39,211
E00053756,408,56,352
E00053757,281,98,183
E00053759,332,108,224
E00053760,337,65,272
E00053761,185,5,180
E00053762,304,73,231
E00053763,378,61,317
E00053764,282,55,227
E00053765,287,64,223
E00053766,272,63,209
E00053767,391,146,245
E00053768,405,131,274
E00053769,263,34,229
E00053770,272,64,208
E00053771,329,71,258
E00053772,228,29,199
E00053773,238,64,174
E00053774,325,72,253
E00053775,281,60,221
E00053776,326,84,242
E00053777,414,138,276
E00053778,305,71,234
E00053779,298,78,220
E00053780,287,56,231
E00053781,390,128,262
E00053783,394,122,272
E00053785,237,43,194
E00053786,561,230,331
E00053787,231,75,156
E00053788,418,151,267
E00053789,565,172,393
E00053790,220,53,167
E00053791,315,121,194
E00053792,379,139,240
E00053793,361,78,283
E00053794,382,129,253
E00053795,405,141,264
E00053796,349,92,257
E00053797,338,94,244
E00053798,360,107,253
E00053799,390,125,265
E00053800,303,75,228
E00053801,317,67,250
E00053802,385,122,263
E00053803,433,104,329
E00053804,450,153,297
E00053805,333,118,215
E00053806,399,118,281
E00053807,233,59,174
E00053808,269,73,196
E00053809,389,128,261
E00053810,367,129,238
E00053811,343,109,234
E00053812,368,116,252
E00053813,320,107,213
E00053814,377,128,249
E00053815,250,52,198
E00053816,325,100,225
E00053817,370,121,249
E00053818,306,66,240
E00053819,369,92,277
E00053820,328,107,221
E00053821,372,73,299
E00053822,366,94,272
E00053823,361,103,258
E00053824,254,31,223
E00053825,456,148,308
E00053826,290,74,216
E00053827,320,91,229
E00053828,311,97,214
E00053829,472,132,340
E00053830,320,102,218
E00053831,439,143,296
E00053832,277,83,194
E00053833,328,97,231
E00053834,404,87,317
E00053836,353,95,258
E00053837,432,109,323
E00053838,546,166,380
E00053839,353,80,273
E00053841,441,131,310
E00053842,325,78,247
E00053843,319,91,228
E00053844,412,106,306
E00053845,408,126,282
E00053846,494,135,359
E00053847,470,145,325
E00053848,281,88,193
E00053850,385,150,235
E00053851,584,151,433
E00053852,484,217,267
E00053853,462,150,312
E00053854,443,121,322
E00053856,451,124,327
E00053857,294,82,212
E00053858,363,133,230
E00053859,444,124,320
E00053861,442,123,319
E00053862,517,161,356
E00053863,466,165,301
E00053864,222,38,184
E00053867,416,147,269
E00053868,390,118,272
E00053869,400,121,279
E00053870,446,162,284
E00053871,404,128,276
E00053873,505,165,340
E00053874,513,108,405
E00053875,269,60,209
E00053876,368,121,247
E00053877,406,88,318
E00053878,271,62,209
E00053879,413,151,262
E00053880,284,37,247
E00053881,277,50,227
E00053882,291,46,245
E00053883,266,56,210
E00053884,230,35,195
E00053885,309,39,270
E00053886,217,29,188
E00053887,262,68,194
E00053888,507,90,417
E00053890,174,21,153
E00053891,303,34,269
E00053892,384,69,315
E00053893,222,35,187
E00053894,301,46,255
E00053895,383,66,317
E00053896,216,32,184
E00053897,256,38,218
E00053898,323,68,255
E00053899,264,67,197
E00053900,235,32,203
E00053902,314,46,268
E00053903,406,81,325
E00053904,296,55,241
E00053905,247,38,209
E00053907,256,41,215
E00053908,362,40,322
E00053910,255,38,217
E00053911,276,33,243
E00053912,268,34,234
E00053913,290,48,242
E00053914,482,115,367
E00053915,289,45,244
E00053916,264,54,210
E00053917,471,115,356
E00053918,368,72,296
E00053919,320,42,278
E00053920,405,69,336
E00053921,314,56,258
E00053922,313,71,242
E00053923,451,77,374
E00053925,410,100,310
E00053926,196,32,164
E00053927,265,35,230
E00053928,300,44,256
E00053929,309,61,248
E00053930,242,22,220
E00053931,419,74,345
E00053932,290,40,250
E00053933,294,78,216
E00053934,142,4,138
E00053935,258,37,221
E00053936,222,21,201
E00053937,289,46,243
E00053938,368,77,291
E00053939,372,62,310
E00053940,338,92,246
E00053941,386,99,287
E00053942,398,83,315
E00053943,422,69,353
E00053944,339,66,273
E00053945,350,96,254
E00053946,253,39,214
E00053947,260,47,213
E00053948,341,79,262
E00053949,308,50,258
E00053950,266,40,226
E00053951,362,65,297
E00053952,360,68,292
E00053953,451,77,374
E00053954,289,26,263
E00053955,186,34,152
E00053956,327,68,259
E00053957,380,78,302
E00053958,259,28,231
E00053959,336,57,279
E00053960,302,42,260
E00053961,347,63,284
E00053962,269,60,209
E00053963,279,44,235
E00053964,298,57,241
E00053965,293,56,237
E00053966,291,60,231
E00053967,283,67,216
E00053968,352,51,301
E00053969,238,39,199
E00053970,261,48,213
E00053971,270,60,210
E00053972,269,57,212
E00053973,231,21,210
E00053974,234,34,200
E00053975,214,32,182
E00053976,262,39,223
E00053977,277,53,224
E00053978,306,71,235
E00053979,318,61,257
E00053980,286,30,256
E00053981,243,22,221
E00053982,295,45,250
E00053983,279,71,208
E00053984,465,159,306
E00053985,292,48,244
E00053986,348,86,262
E00053987,569,143,426
E00053988,325,48,277
E00053989,497,120,377
E00053990,108,19,89
E00053991,374,131,243
E00053992,251,59,192
E00053993,415,136,279
E00053994,254,31,223
E00053995,269,64,205
E00053996,308,79,229
E00053997,307,66,241
E00053998,266,42,224
E00053999,405,85,320
E00054000,307,68,239
E00054001,239,35,204
E00054002,294,53,241
E00054003,268,60,208
E00054004,165,42,123
E00054005,297,44,253
E00054006,265,22,243
E00054007,128,27,101
E00054008,251,30,221
E00054009,279,34,245
E00054011,298,48,250
E00054012,278,61,217
E00054013,452,74,378
E00054014,310,38,272
E00054015,325,87,238
E00054016,424,103,321
E00054017,311,58,253
E00054019,408,79,329
E00054020,424,139,285
E00054021,519,151,368
E00054022,310,102,208
E00054023,340,119,221
E00054024,359,98,261
E00054025,478,187,291
E00054026,356,123,233
E00054027,294,43,251
E00054028,432,143,289
E00054029,477,94,383
E00054030,158,29,129
E00054031,338,115,223
E00054032,267,66,201
E00054033,247,40,207
E00054034,416,98,318
E00054035,197,27,170
E00054036,393,96,297
E00054037,342,74,268
E00054038,226,46,180
E00054039,267,31,236
E00054040,513,130,383
E00054041,476,168,308
E00054042,180,13,167
E00054043,218,39,179
E00054044,197,11,186
E00054045,150,12,138
E00054046,374,132,242
E00054047,446,172,274
E00054048,430,175,255
E00054049,307,31,276
E00054050,243,51,192
E00054051,265,44,221
E00054052,310,73,237
E00054053,286,83,203
E00054054,272,77,195
E00054055,262,37,225
E00054056,211,52,159
E00054057,269,53,216
E00054058,271,54,217
E00054059,409,158,251
E00054060,244,52,192
E00054061,239,54,185
E00054062,300,49,251
E00054063,218,39,179
E00054064,462,101,361
E00054065,202,48,154
E00054066,326,93,233
E00054067,224,25,199
E00054068,164,2,162
E00054069,487,136,351
E00054070,280,79,201
E00054071,342,105,237
E00054072,291,55,236
E00054073,237,56,181
E00054074,157,28,129
E00054075,216,38,178
E00054076,299,87,212
E00054077,320,105,215
E00054078,271,52,219
E00054079,255,43,212
E00054080,398,105,293
E00054082,227,61,166
E00054083,503,168,335
E00054084,390,76,314
E00054085,431,120,311
E00054086,483,187,296
E00054087,329,111,218
E00054088,284,81,203
E00054089,304,79,225
E00054090,270,81,189
E00054091,319,106,213
E00054092,223,37,186
E00054093,360,132,228
E00054094,519,187,332
E00054095,370,86,284
E00054096,395,135,260
E00054097,391,129,262
E00054098,206,55,151
E00054099,248,47,201
E00054100,276,56,220
E00054101,291,43,248
E00054102,248,36,212
E00054103,341,122,219
E00054104,299,77,222
E00054105,218,34,184
E00054106,257,27,230
E00054107,338,78,260
E00054108,323,39,284
E00054109,308,57,251
E00054110,246,42,204
E00054111,359,75,284
E00054112,324,38,286
E00054113,264,14,250
E00054114,422,61,361
E00054115,367,70,297
E00054116,321,60,261
E00054117,401,50,351
E00054118,269,53,216
E00054119,419,116,303
E00054120,416,138,278
E00054121,549,206,343
E00054122,240,36,204
E00054123,304,46,258
E00054124,389,135,254
E00054125,301,92,209
E00054126,307,87,220
E00054127,352,119,233
E00054128,310,73,237
E00054129,365,93,272
E00054130,447,148,299
E00054132,183,64,119
E00054133,262,100,162
E00054134,479,205,274
E00054135,438,144,294
E00054136,454,193,261
E00054137,347,121,226
E00054139,493,183,310
E00054140,386,134,252
E00054141,480,173,307
E00054142,327,88,239
E00054143,409,161,248
E00054144,442,163,279
E00054145,431,165,266
E00054146,284,119,165
E00054147,491,217,274
E00054148,549,202,347
E00054149,409,128,281
E00054150,292,92,200
E00054151,339,105,234
E00054152,473,169,304
E00054153,468,129,339
E00054154,545,178,367
E00054155,434,136,298
E00054156,173,27,146
E00054158,143,29,114
E00054160,179,42,137
E00054161,195,14,181
E00054162,516,117,399
E00054163,443,171,272
E00054164,239,53,186
E00054165,195,26,169
E00054166,383,144,239
E00054167,304,78,226
E00054169,354,122,232
E00054170,276,65,211
E00054171,338,110,228
E00054172,369,111,258
E00054173,281,72,209
E00054174,395,114,281
E00054175,211,23,188
E00054176,346,105,241
E00054177,326,52,274
E00054178,312,50,262
E00054179,265,41,224
E00054180,256,51,205
E00054181,310,67,243
E00054182,244,44,200
E00054183,211,29,182
E00054184,173,11,162
E00054185,268,39,229
E00054186,254,49,205
E00054187,262,60,202
E00054188,246,43,203
E00054189,319,109,210
E00054190,289,70,219
E00054191,286,36,250
E00054192,330,85,245
E00054193,209,32,177
E00054194,287,46,241
E00054195,267,32,235
E00054196,288,53,235
E00054197,274,29,245
E00054198,276,37,239
E00054199,306,69,237
E00054200,251,41,210
E00054201,312,46,266
E00054202,231,37,194
E00054203,265,40,225
E00054204,321,55,266
E00054205,242,53,189
E00054206,226,16,210
E00054207,343,127,216
E00054209,463,164,299
E00054210,428,133,295
E00054211,389,139,250
E00054212,557,229,328
E00054213,313,85,228
E00054214,298,88,210
E00054215,324,94,230
E00054216,420,133,287
E00054217,371,121,250
E00054218,425,155,270
E00054219,422,144,278
E00054220,415,139,276
E00054221,385,129,256
E00054222,248,67,181
E00054223,393,129,264
E00054224,273,80,193
E00054226,313,59,254
E00054227,281,45,236
E00054228,347,62,285
E00054229,336,50,286
E00054231,281,45,236
E00054232,275,38,237
E00054233,319,54,265
E00054234,350,78,272
E00054235,249,35,214
E00054236,241,45,196
E00054237,299,82,217
E00054238,332,54,278
E00054239,268,62,206
E00054240,290,76,214
E00054241,250,47,203
E00054242,264,45,219
E00054243,232,24,208
E00054244,389,96,293
E00054245,309,58,251
E00054246,322,65,257
E00054247,464,101,363
E00054248,268,55,213
E00054249,336,73,263
E00054250,313,68,245
E00054251,307,105,202
E00054252,273,68,205
E00054253,266,24,242
E00054254,505,142,363
E00054255,265,40,225
E00054256,296,49,247
E00054257,339,61,278
E00054258,254,44,210
E00054259,183,14,169
E00054260,224,38,186
E00054261,188,26,162
E00054262,259,36,223
E00054263,260,42,218
E00054264,414,93,321
E00054265,240,46,194
E00054266,243,36,207
E00054267,564,190,374
E00054268,304,47,257
E00054269,363,62,301
E00054270,246,40,206
E00054271,347,69,278
E00054272,238,28,210
E00054274,274,46,228
E00054275,226,33,193
E00054277,289,71,218
E00054278,364,76,288
E00054279,265,50,215
E00054282,395,117,278
E00054283,318,68,250
E00054284,365,88,277
E00054285,338,72,266
E00054286,281,83,198
E00054287,273,66,207
E00054288,279,62,217
E00054289,348,58,290
E00054290,334,38,296
E00054291,186,12,174
E00054292,258,57,201
E00054293,344,67,277
E00054294,461,64,397
E00054295,262,43,219
E00054296,282,30,252
E00054297,372,72,300
E00054298,250,17,233
E00054299,300,65,235
E00054300,318,50,268
E00054301,260,35,225
E00054302,232,33,199
E00054303,296,37,259
E00054304,401,81,320
E00054305,266,46,220
E00054306,301,64,237
E00054307,288,37,251
E00054308,283,71,212
E00054309,361,76,285
E00054310,245,31,214
E00054311,250,43,207
E00054312,308,59,249
E00054313,348,42,306
E00054315,356,59,297
E00054316,262,49,213
E00054317,332,75,257
E00054318,250,28,222
E00054319,315,65,250
E00054320,309,58,251
E00054321,328,66,262
E00054322,280,51,229
E00054323,234,35,199
E00054324,327,68,259
E00054325,282,58,224
E00054326,300,57,243
E00054327,288,55,233
E00054328,365,79,286
E00054329,281,28,253
E00054330,266,38,228
E00054331,259,48,211
E00054332,349,103,246
E00054333,290,45,245
E00054334,269,52,217
E00054335,236,40,196
E00054336,341,45,296
E00054337,273,60,213
E00054338,287,52,235
E00054339,276,59,217
E00054340,284,63,221
E00054341,220,49,171
E00054342,116,22,94
E00054343,296,42,254
E00054344,205,35,170
E00054345,158,10,148
E00054346,419,80,339
E00054348,445,116,329
E00054350,297,43,254
E00054351,359,51,308
E00054353,284,62,222
E00054354,313,51,262
E00054355,303,73,230
E00054356,307,55,252
E00054357,354,60,294
E00054358,266,70,196
E00054359,304,52,252
E00054360,235,40,195
E00054361,258,34,224
E00054362,271,50,221
E00054363,336,76,260
E00054364,355,73,282
E00054366,295,44,251
E00054367,349,80,269
E00054368,275,61,214
E00054370,269,56,213
E00054371,246,36,210
E00054372,199,25,174
E00054374,300,60,240
E00054375,294,58,236
E00054376,239,62,177
E00054377,291,84,207
E00054378,563,129,434
E00054379,266,43,223
E00054380,330,86,244
E00054381,408,112,296
E00054382,268,35,233
E00054383,262,40,222
E00054384,255,43,212
E00054385,323,85,238
E00054386,300,74,226
E00054387,208,25,183
E00054388,278,51,227
E00054389,240,32,208
E00054390,259,32,227
E00054391,333,93,240
E00054392,281,43,238
E00054393,427,126,301
E00054394,434,130,304
E00054395,287,63,224
E00054396,414,126,288
E00054397,274,55,219
E00054398,333,81,252
E00054399,291,55,236
E00054400,383,125,258
E00054401,290,96,194
E00054402,395,136,259
E00054403,395,101,294
E00054404,390,130,260
E00054405,486,112,374
E00054407,463,144,319
E00054408,375,95,280
E00054409,519,162,357
E00054410,529,148,381
E00054411,473,146,327
E00054412,222,44,178
E00054413,278,66,212
E00054414,263,55,208
E00054415,215,27,188
E00054416,279,67,212
E00054417,211,12,199
E00054418,238,29,209
E00054419,489,115,374
E00054420,248,30,218
E00054421,221,20,201
E00054422,316,42,274
E00054423,235,38,197
E00054424,342,73,269
E00054425,363,72,291
E00054426,322,61,261
E00054427,379,83,296
E00054428,303,64,239
E00054429,335,60,275
E00054430,125,6,119
E00054431,285,62,223
E00054432,282,53,229
E00054433,317,59,258
E00054434,303,58,245
E00054435,324,70,254
E00054436,299,39,260
E00054437,310,64,246
E00054438,326,91,235
E00054439,352,64,288
E00054440,281,80,201
E00054441,318,88,230
E00054442,425,178,247
E00054443,315,104,211
E00054444,428,83,345
E00054445,370,66,304
E00054446,291,57,234
E00054447,311,62,249
E00054448,217,9,208
E00054449,286,52,234
E00054450,357,55,302
E00054451,239,46,193
E00054452,471,140,331
E00054453,444,150,294
E00054454,255,62,193
E00054456,277,67,210
E00054457,313,82,231
E00054458,297,106,191
E00054459,291,87,204
E00054460,340,95,245
E00054461,312,64,248
E00054462,330,93,237
E00054463,331,80,251
E00054464,330,113,217
E00054465,184,19,165
E00054467,391,60,331
E00054468,510,158,352
E00054469,272,57,215
E00054470,324,64,260
E00054471,316,76,240
E00054472,255,50,205
E00054474,264,39,225
E00054475,328,75,253
E00054476,356,88,268
E00054477,297,53,244
E00054478,235,28,207
E00054479,312,63,249
E00054480,270,41,229
E00054482,589,195,394
E00054483,552,155,397
E00054484,400,121,279
E00054485,496,157,339
E00054486,445,163,282
E00054488,542,168,374
E00054489,561,214,347
E00054490,369,118,251
E00054491,523,181,342
E00054492,458,150,308
E00054493,410,107,303
E00054494,449,110,339
E00054495,395,131,264
E00054496,440,112,328
E00054497,549,212,337
E00054498,234,45,189
E00054499,544,173,371
E00054501,218,36,182
E00054504,556,213,343
E00054505,464,143,321
E00054506,544,150,394
E00054507,545,223,322
E00054508,511,150,361
E00054509,513,156,357
E00054510,425,123,302
E00054511,569,157,412
E00054512,546,174,372
E00054513,550,151,399
E00054514,137,18,119
E00054516,581,229,352
E00054517,475,167,308
E00054519,429,139,290
E00054521,313,66,247
E00054522,513,219,294
E00054523,460,180,280
E00054524,249,74,175
E00054525,485,108,377
E00054526,437,119,318
E00054527,398,96,302
E00054528,298,71,227
E00054529,270,31,239
E00054530,334,48,286
E00054531,414,97,317
E00054533,297,47,250
E00054534,308,39,269
E00054535,284,79,205
E00054536,236,56,180
E00054537,382,116,266
E00054538,274,71,203
E00054539,286,72,214
E00054541,212,36,176
E00054542,310,82,228
E00054543,262,79,183
E00054544,325,95,230
E00054545,312,103,209
E00054546,344,120,224
E00054547,256,55,201
E00054548,278,79,199
E00054549,288,60,228
E00054550,342,107,235
E00054551,239,67,172
E00054552,298,87,211
E00054553,175,34,141
E00054554,488,99,389
E00054555,260,47,213
E00054556,268,53,215
E00054557,204,39,165
E00054558,329,95,234
E00054559,358,75,283
E00054560,273,48,225
E00054562,252,17,235
E00054563,258,44,214
E00054564,298,85,213
E00054565,360,66,294
E00054566,524,102,422
E00054567,325,64,261
E00054569,320,97,223
E00054570,333,96,237
E00054574,285,53,232
E00054575,449,113,336
E00054576,399,143,256
E00054577,344,94,250
E00054578,356,115,241
E00054579,170,28,142
E00054580,319,93,226
E00054581,242,62,180
E00054583,412,143,269
E00054585,290,84,206
E00054587,308,94,214
E00054588,383,158,225
E00054589,490,166,324
E00054590,422,176,246
E00054592,449,157,292
E00054594,356,106,250
E00054595,460,188,272
E00054597,266,77,189
E00054598,310,74,236
E00054599,395,119,276
E00054600,404,161,243
E00054602,384,84,300
E00054603,333,72,261
E00054604,127,13,114
E00054605,280,78,202
E00054606,264,42,222
E00054607,318,85,233
E00054608,347,89,258
E00054609,362,93,269
E00054610,404,152,252
E00054611,429,78,351
E00054612,323,80,243
E00054613,426,156,270
E00054617,612,199,413
E00054618,565,215,350
E00054620,478,140,338
E00054621,162,43,119
E00054622,173,71,102
E00054624,420,139,281
E00054626,402,135,267
E00054628,459,235,224
E00054629,431,136,295
E00054631,487,158,329
E00054632,473,173,300
E00054633,467,155,312
E00054636,466,153,313
E00054637,410,145,265
E00054638,434,144,290
E00054640,466,179,287
E00054641,340,88,252
E00054642,451,138,313
E00054643,387,108,279
E00054644,347,98,249
E00054645,397,104,293
E00054646,442,126,316
E00054647,506,149,357
E00054648,496,152,344
E00054649,503,152,351
E00054650,574,217,357
E00054652,375,108,267
E00054653,531,187,344
E00054654,364,88,276
E00054660,230,26,204
E00054661,388,103,285
E00054662,288,45,243
E00054663,266,55,211
E00054664,299,64,235
E00054665,265,43,222
E00054666,334,104,230
E00054667,358,108,250
E00054668,293,57,236
E00054669,257,35,222
E00054670,300,40,260
E00054671,321,68,253
E00054672,273,76,197
E00054673,230,48,182
E00054674,435,99,336
E00054675,258,55,203
E00054676,352,105,247
E00054677,225,45,180
E00054678,402,129,273
E00054679,346,85,261
E00054680,382,114,268
E00054681,303,73,230
E00054682,317,78,239
E00054684,296,66,230
E00054685,306,64,242
E00054686,353,84,269
E00054687,271,49,222
E00054689,278,68,210
E00054690,258,49,209
E00054691,264,58,206
E00054692,291,59,232
E00054693,283,58,225
E00054694,255,25,230
E00054695,276,53,223
E00054696,342,82,260
E00054697,269,63,206
E00054698,234,48,186
E00054699,255,36,219
E00054700,482,119,363
E00054701,320,93,227
E00054702,419,129,290
E00054703,295,63,232
E00054704,354,38,316
E00054705,288,30,258
E00054706,310,48,262
E00054707,296,28,268
E00054708,288,57,231
E00054709,362,57,305
E00054710,272,39,233
E00054711,218,38,180
E00054712,272,58,214
E00054713,333,32,301
E00054714,315,78,237
E00054715,266,50,216
E00054716,301,58,243
E00054717,234,30,204
E00054718,202,22,180
E00054719,314,41,273
E00054720,229,44,185
E00054721,281,52,229
E00054722,265,54,211
E00054723,206,21,185
E00054724,235,37,198
E00054725,211,33,178
E00054726,334,48,286
E00054727,278,48,230
E00054728,461,82,379
E00054729,345,36,309
E00054730,276,42,234
E00054731,210,14,196
E00054732,203,38,165
E00054733,463,69,394
E00054734,503,92,411
E00054735,288,47,241
E00054736,234,39,195
E00054737,170,18,152
E00054738,164,24,140
E00054739,277,46,231
E00054740,477,85,392
E00054741,232,22,210
E00054742,369,74,295
E00054743,460,53,407
E00054744,272,49,223
E00054745,266,47,219
E00054746,217,38,179
E00054747,216,19,197
E00054748,237,36,201
E00054749,280,54,226
E00054750,137,15,122
E00054751,281,50,231
E00054752,104,19,85
E00054753,325,65,260
E00054754,325,70,255
E00054755,373,76,297
E00054756,231,45,186
E00054757,280,52,228
E00054758,385,75,310
E00054759,386,81,305
E00054760,465,119,346
E00054761,372,119,253
E00054762,302,41,261
E00054763,418,114,304
E00054764,247,35,212
E00054765,249,29,220
E00054766,283,46,237
E00054767,312,61,251
E00054768,540,117,423
E00054769,261,35,226
E00054770,313,49,264
E00054771,257,34,223
E00054772,300,62,238
E00054773,434,139,295
E00054774,252,32,220
E00054775,339,74,265
E00054776,262,25,237
E00054777,356,104,252
E00054778,303,54,249
E00054779,329,114,215
E00054780,218,26,192
E00054781,262,44,218
E00054782,323,96,227
E00054783,225,51,174
E00054784,455,115,340
E00054785,296,96,200
E00054786,282,58,224
E00054787,194,23,171
E00054788,243,55,188
E00054789,388,97,291
E00054790,259,44,215
E00054791,398,65,333
E00054792,286,30,256
E00054793,249,41,208
E00054794,233,43,190
E00054795,241,29,212
E00054796,309,52,257
E00054797,345,63,282
E00054798,291,87,204
E00054799,273,64,209
E00054800,220,39,181
E00054801,313,88,225
E00054802,287,55,232
E00054803,237,23,214
E00054804,296,87,209
E00054805,305,63,242
E00054806,287,46,241
E00054807,315,53,262
E00054808,315,69,246
E00054809,292,39,253
E00054810,299,57,242
E00054811,218,33,185
E00054812,241,37,204
E00054813,209,33,176
E00054814,350,70,280
E00054815,308,55,253
E00054816,259,47,212
E00054817,254,42,212
E00054818,326,35,291
E00054819,239,37,202
E00054820,192,17,175
E00054821,252,31,221
E00054822,226,32,194
E00054823,259,31,228
E00054824,270,34,236
E00054825,318,23,295
E00054826,438,89,349
E00054827,257,36,221
E00054828,259,70,189
E00054829,259,60,199
E00054830,145,26,119
E00054831,173,26,147
E00054832,280,61,219
E00054833,271,37,234
E00054834,302,61,241
E00054835,188,21,167
E00054836,285,34,251
E00054837,270,39,231
E00054838,289,36,253
E00054839,343,58,285
E00054840,258,43,215
E00054841,217,46,171
E00054842,250,30,220
E00054843,194,33,161
E00054844,222,40,182
E00054845,297,50,247
E00054846,343,62,281
E00054847,285,70,215
E00054848,167,15,152
E00054849,167,22,145
E00054850,238,37,201
E00054851,241,41,200
E00054852,195,28,167
E00054853,252,42,210
E00054854,342,56,286
E00054855,261,50,211
E00054856,175,23,152
E00054857,218,54,164
E00054858,245,31,214
E00054859,226,32,194
E00054860,249,30,219
E00054861,220,39,181
E00054862,345,58,287
E00054863,263,40,223
E00054864,214,20,194
E00054865,245,56,189
E00054866,250,41,209
E00054867,197,26,171
E00054868,364,67,297
E00054869,383,73,310
E00054870,311,45,266
E00054871,286,57,229
E00054872,274,31,243
E00054873,184,24,160
E00054874,326,46,280
E00054875,243,42,201
E00054876,340,59,281
E00054877,403,62,341
E00054878,321,56,265
E00054879,232,42,190
E00054880,400,70,330
E00054881,375,72,303
E00054882,207,37,170
E00054883,268,31,237
E00054884,339,44,295
E00054885,272,70,202
E00054886,227,54,173
E00054887,233,51,182
E00054888,245,27,218
E00054889,294,44,250
E00054890,333,76,257
E00054891,456,48,408
E00054892,316,87,229
E00054893,337,73,264
E00054894,296,63,233
E00054895,453,62,391
E00054896,256,69,187
E00054897,438,133,305
E00054898,251,38,213
E00054899,236,55,181
E00054900,267,59,208
E00054901,259,38,221
E00054902,294,41,253
E00054903,288,42,246
E00054904,204,62,142
E00054905,253,59,194
E00054906,318,74,244
E00054907,298,76,222
E00054908,262,52,210
E00054909,231,34,197
E00054910,321,54,267
E00054911,338,48,290
E00054912,222,34,188
E00054914,241,44,197
E00054916,286,98,188
E00054917,264,68,196
E00054918,208,25,183
E00054919,239,49,190
E00054920,184,30,154
E00054921,304,58,246
E00054922,292,63,229
E00054923,297,64,233
E00054925,437,96,341
E00054926,384,53,331
E00054927,208,31,177
E00054928,389,76,313
E00054929,359,68,291
E00054930,237,30,207
E00054931,318,49,269
E00054932,288,48,240
E00054933,193,47,146
E00054934,227,24,203
E00054935,291,50,241
E00054936,383,51,332
E00054937,267,36,231
E00054938,271,38,233
E00054939,260,50,210
E00054940,268,59,209
E00054941,203,33,170
E00054942,356,70,286
E00054943,264,50,214
E00054944,298,54,244
E00054945,246,43,203
E00054946,295,52,243
E00054947,155,37,118
E00054948,313,64,249
E00054949,418,121,297
E00054950,369,87,282
E00054951,309,52,257
E00054952,264,38,226
E00054953,356,59,297
E00054954,491,103,388
E00054955,248,41,207
E00054956,353,53,300
E00054957,238,44,194
E00054958,349,64,285
E00054959,310,57,253
E00054960,246,42,204
E00054961,237,45,192
E00054962,359,84,275
E00054963,283,41,242
E00054964,301,45,256
E00054965,332,70,262
E00054966,453,115,338
E00054967,305,61,244
E00054968,301,42,259
E00054969,235,18,217
E00054970,328,61,267
E00054971,269,47,222
E00054972,250,38,212
E00054973,438,95,343
E00054974,313,54,259
E00054976,331,58,273
E00054977,261,34,227
E00054978,267,49,218
E00054979,234,53,181
E00054980,221,39,182
E00054981,290,78,212
E00054982,282,50,232
E00054983,118,12,106
E00054984,230,29,201
E00054985,302,35,267
E00054986,251,23,228
E00054987,372,73,299
E00054988,239,31,208
E00054989,315,105,210
E00054990,217,39,178
E00054991,249,29,220
E00054992,297,54,243
E00054993,125,12,113
E00054995,211,31,180
E00054996,273,56,217
E00054997,280,40,240
E00054998,198,30,168
E00054999,307,74,233
E00055000,280,58,222
E00055002,401,78,323
E00055003,255,39,216
E00055004,232,48,184
E00055005,191,23,168
E00055006,217,35,182
E00055007,297,79,218
E00055008,327,100,227
E00055009,360,128,232
E00055010,298,40,258
E00055011,326,47,279
E00055012,135,16,119
E00055013,229,27,202
E00055014,297,58,239
E00055015,229,24,205
E00055016,247,33,214
E00055017,247,39,208
E00055018,295,33,262
E00055019,457,104,353
E00055020,248,53,195
E00055021,218,19,199
E00055022,133,35,98
E00055023,266,40,226
E00055024,280,64,216
E00055025,169,48,121
E00055026,398,80,318
E00055027,313,62,251
E00055028,308,74,234
E00055029,188,26,162
E00055030,332,84,248
E00055031,348,83,265
E00055032,351,62,289
E00055033,399,49,350
E00055034,308,51,257
E00055035,322,55,267
E00055036,315,51,264
E00055037,301,68,233
E00055038,443,97,346
E00055039,358,62,296
E00055040,241,44,197
E00055041,343,59,284
E00055042,263,29,234
E00055043,254,28,226
E00055044,251,23,228
E00055045,329,59,270
E00055046,281,77,204
E00055047,245,42,203
E00055048,340,68,272
E00055049,299,35,264
E00055050,285,37,248
E00055051,327,53,274
E00055052,256,26,230
E00055053,254,40,214
E00055054,420,58,362
E00055055,271,44,227
E00055056,388,86,302
E00055057,249,47,202
E00055058,263,46,217
E00055059,305,49,256
E00055060,135,5,130
E00055061,211,31,180
E00055062,248,41,207
E00055063,263,38,225
E00055064,351,51,300
E00055065,327,62,265
E00055066,237,50,187
E00055067,407,152,255
E00055068,285,89,196
E00055069,294,106,188
E00055070,242,33,209
E00055071,292,90,202
E00055073,248,66,182
E00055074,294,87,207
E00055079,309,46,263
E00055080,246,28,218
E00055081,190,17,173
E00055082,417,99,318
E00055083,201,44,157
E00055084,363,95,268
E00055085,277,57,220
E00055086,219,28,191
E00055087,275,59,216
E00055088,214,28,186
E00055089,277,60,217
E00055090,267,72,195
E00055091,299,97,202
E00055092,329,72,257
E00055093,200,37,163
E00055094,499,209,290
E00055095,530,175,355
E00055096,164,26,138
E00055097,322,58,264
E00055098,258,49,209
E00055099,255,63,192
E00055100,346,108,238
E00055101,209,70,139
E00055102,332,102,230
E00055103,270,50,220
E00055105,239,24,215
E00055106,344,61,283
E00055107,288,36,252
E00055108,357,63,294
E00055109,367,63,304
E00055110,303,59,244
E00055111,291,47,244
E00055112,275,35,240
E00055113,279,33,246
E00055114,251,20,231
E00055115,318,69,249
E00055116,271,45,226
E00055117,268,44,224
E00055118,257,21,236
E00055119,239,30,209
E00055120,358,51,307
E00055121,316,46,270
E00055122,287,32,255
E00055123,346,52,294
E00055124,323,55,268
E00055125,224,30,194
E00055126,232,29,203
E00055127,331,55,276
E00055128,243,28,215
E00055129,365,60,305
E00055130,268,42,226
E00055131,229,30,199
E00055132,341,59,282
E00055133,236,42,194
E00055134,250,33,217
E00055135,227,41,186
E00055136,280,41,239
E00055137,296,46,250
E00055138,317,50,267
E00055139,179,22,157
E00055140,378,100,278
E00055141,302,45,257
E00055142,241,34,207
E00055143,263,47,216
E00055144,340,111,229
E00055145,310,90,220
E00055146,336,64,272
E00055147,246,47,199
E00055148,223,38,185
E00055149,313,104,209
E00055150,267,73,194
E00055151,345,68,277
E00055152,242,46,196
E00055153,257,54,203
E00055154,211,44,167
E00055155,274,58,216
E00055156,284,76,208
E00055157,297,42,255
E00055158,299,78,221
E00055159,330,101,229
E00055160,181,53,128
E00055161,254,43,211
E00055162,310,44,266
E00055163,384,60,324
E00055164,284,70,214
E00055165,216,43,173
E00055166,368,73,295
E00055167,303,63,240
E00055168,275,74,201
E00055169,491,105,386
E00055170,370,59,311
E00055171,235,32,203
E00055172,262,54,208
E00055173,210,34,176
E00055174,301,32,269
E00055175,319,51,268
E00055176,352,55,297
E00055177,249,31,218
E00055178,250,37,213
E00055179,314,77,237
E00055180,286,37,249
E00055181,298,58,240
E00055182,279,51,228
E00055183,234,30,204
E00055184,273,30,243
E00055185,288,43,245
E00055186,302,63,239
E00055187,328,46,282
E00055188,263,25,238
E00055189,264,39,225
E00055190,343,63,280
E00055191,284,52,232
E00055192,313,56,257
E00055193,365,76,289
E00055194,287,34,253
E00055195,115,2,113
E00055196,267,40,227
E00055197,318,60,258
E00055198,352,74,278
E00055199,288,57,231
E00055200,280,60,220
E00055201,303,56,247
E00055202,257,39,218
E00055203,363,37,326
E00055204,266,74,192
E00055205,250,42,208
E00055206,262,47,215
E00055207,283,37,246
E00055208,213,48,165
E00055209,296,36,260
E00055210,298,49,249
E00055211,458,102,356
E00055212,267,58,209
E00055213,299,49,250
E00055214,312,82,230
E00055215,404,97,307
E00055216,301,58,243
E00055217,229,34,195
E00055218,215,26,189
E00055219,325,102,223
E00055220,276,50,226
E00055221,286,50,236
E00055222,221,26,195
E00055223,343,54,289
E00055224,317,47,270
E00055225,266,43,223
E00055226,246,37,209
E00055228,374,67,307
E00055229,320,70,250
E00055230,253,57,196
E00055231,301,48,253
E00055232,210,31,179
E00055233,517,94,423
E00055234,330,58,272
E00055236,539,124,415
E00055237,283,56,227
E00055238,205,79,126
E00055239,218,31,187
E00055240,373,58,315
E00055241,315,59,256
E00055242,229,51,178
E00055243,207,40,167
E00055244,261,47,214
E00055245,343,67,276
E00055246,340,76,264
E00055247,260,38,222
E00055248,213,37,176
E00055249,347,57,290
E00055250,324,54,270
E00055251,352,53,299
E00055252,207,52,155
E00055253,255,46,209
E00055254,253,51,202
E00055255,283,51,232
E00055256,259,55,204
E00055257,240,35,205
E00055258,254,52,202
E00055260,343,74,269
E00055261,356,83,273
E00055262,282,42,240
E00055264,186,3,183
E00055266,178,56,122
E00055267,405,126,279
E00055268,137,20,117
E00055269,377,138,239
E00055270,334,112,222
E00055271,167,21,146
E00055272,569,208,361
E00055273,333,103,230
E00055274,486,141,345
E00055275,384,132,252
E00055276,177,33,144
E00055277,376,108,268
E00055278,482,140,342
E00055279,265,71,194
E00055280,403,144,259
E00055281,452,135,317
E00055282,259,22,237
E00055283,492,115,377
E00055284,211,53,158
E00055285,275,53,222
E00055286,303,35,268
E00055287,376,91,285
E00055288,297,28,269
E00055289,296,75,221
E00055290,193,33,160
E00055291,456,81,375
E00055292,310,71,239
E00055294,339,69,270
E00055295,295,52,243
E00055296,268,69,199
E00055297,351,59,292
E00055298,284,68,216
E00055299,309,78,231
E00055300,253,54,199
E00055301,305,78,227
E00055302,360,52,308
E00055303,357,82,275
E00055304,262,45,217
E00055305,253,46,207
E00055306,289,42,247
E00055307,116,5,111
E00055308,311,74,237
E00055309,340,75,265
E00055310,383,118,265
E00055311,278,46,232
E00055312,191,10,181
E00055313,293,64,229
E00055314,251,54,197
E00055315,285,49,236
E00055316,321,81,240
E00055318,336,63,273
E00055319,223,47,176
E00055320,249,33,216
E00055321,235,30,205
E00055322,207,36,171
E00055323,400,58,342
E00055324,345,65,280
E00055325,307,27,280
E00055326,258,42,216
E00055327,293,30,263
E00055328,223,35,188
E00055333,317,66,251
E00055334,245,49,196
E00055335,290,38,252
E00055336,195,21,174
E00055337,428,59,369
E00055338,256,36,220
E00055339,513,108,405
E00055340,194,21,173
E00055341,299,43,256
E00055342,242,29,213
E00055343,281,41,240
E00055344,345,68,277
E00055345,301,58,243
E00055346,322,55,267
E00055347,301,47,254
E00055348,287,54,233
E00055349,227,30,197
E00055350,258,28,230
E00055351,344,78,266
E00055352,235,42,193
E00055353,269,54,215
E00055354,277,61,216
E00055355,288,55,233
E00055356,261,40,221
E00055357,238,37,201
E00055358,334,60,274
E00055359,210,30,180
E00055360,285,54,231
E00055361,294,66,228
E00055362,304,47,257
E00055363,315,85,230
E00055364,341,62,279
E00055365,221,42,179
E00055366,238,48,190
E00055367,261,57,204
E00055368,245,51,194
E00055369,278,54,224
E00055370,292,54,238
E00055371,371,29,342
E00055372,299,84,215
E00055373,301,49,252
E00055374,235,38,197
E00055375,254,46,208
E00055376,319,61,258
E00055377,290,62,228
E00055378,319,68,251
E00055379,423,123,300
E00055380,262,45,217
E00055381,309,55,254
E00055382,241,52,189
E00055383,339,98,241
E00055384,225,27,198
E00055386,234,35,199
E00055387,272,59,213
E00055388,248,26,222
E00055389,296,69,227
E00055390,331,44,287
E00055391,285,42,243
E00055392,263,47,216
E00055393,262,35,227
E00055394,265,28,237
E00055395,319,77,242
E00055396,295,35,260
E00055397,531,119,412
E00055398,260,17,243
E00055399,268,40,228
E00055400,424,102,322
E00055401,281,63,218
E00055402,272,44,228
E00055403,286,70,216
E00055404,232,62,170
E00055405,348,71,277
E00055406,308,71,237
E00055407,292,23,269
E00055409,156,1,155
E00055410,313,47,266
E00055413,333,85,248
E00055414,204,50,154
E00055415,389,116,273
E00055416,327,103,224
E00055417,292,90,202
E00055418,343,91,252
E00055419,199,9,190
E00055420,340,65,275
E00055421,268,53,215
E00055422,336,90,246
E00055423,416,122,294
E00055424,282,32,250
E00055425,418,46,372
E00055426,220,26,194
E00055427,381,83,298
E00055428,267,50,217
E00055430,547,171,376
E00055431,250,46,204
E00055432,355,127,228
E00055433,259,57,202
E00055434,327,89,238
E00055435,307,100,207
E00055436,419,147,272
E00055437,310,118,192
E00055438,271,57,214
E00055439,274,46,228
E00055440,305,100,205
E00055441,259,39,220
E00055442,291,49,242
E00055443,291,82,209
E00055444,277,51,226
E00055445,456,160,296
E00055446,212,54,158
E00055447,192,20,172
E00055448,489,179,310
E00055449,314,103,211
E00055450,537,197,340
E00055451,325,45,280
E00055452,383,118,265
E00055453,347,114,233
E00055454,355,107,248
E00055455,267,58,209
E00055456,325,86,239
E00055457,341,105,236
E00055458,271,73,198
E00055459,305,83,222
E00055460,243,53,190
E00055461,226,52,174
E00055462,351,90,261
E00055463,298,90,208
E00055464,299,37,262
E00055465,274,48,226
E00055466,462,112,350
E00055467,292,53,239
E00055468,364,67,297
E00055469,235,50,185
E00055470,454,106,348
E00055471,238,37,201
E00055472,283,73,210
E00055473,239,48,191
E00055474,170,21,149
E00055476,136,3,133
E00055477,328,66,262
E00055478,244,53,191
E00055479,256,48,208
E00055480,271,34,237
E00055481,238,54,184
E00055482,252,40,212
E00055483,174,19,155
E00055484,273,83,190
E00055485,321,76,245
E00055486,284,55,229
E00055487,225,44,181
E00055488,292,47,245
E00055489,299,71,228
E00055490,281,59,222
E00055491,336,90,246
E00055492,351,59,292
E00055493,272,29,243
E00055494,292,56,236
E00055495,328,109,219
E00055496,276,48,228
E00055497,287,50,237
E00055498,235,66,169
E00055499,236,42,194
E00055500,284,55,229
E00055501,217,34,183
E00055502,297,37,260
E00055503,221,23,198
E00055504,261,47,214
E00055505,289,43,246
E00055506,228,48,180
E00055507,212,19,193
E00055508,340,67,273
E00055509,259,60,199
E00055510,379,83,296
E00055511,383,110,273
E00055512,300,77,223
E00055513,223,45,178
E00055514,273,73,200
E00055515,262,38,224
E00055516,253,33,220
E00055517,275,70,205
E00055518,240,26,214
E00055519,266,47,219
E00055520,332,74,258
E00055521,314,66,248
E00055522,289,46,243
E00055523,327,98,229
E00055524,361,114,247
E00055525,227,27,200
E00055526,351,77,274
E00055527,365,55,310
E00055528,360,102,258
E00055529,344,99,245
E00055530,269,48,221
E00055531,327,96,231
E00055532,381,84,297
E00055533,188,53,135
E00055534,373,75,298
E00055535,254,38,216
E00055536,402,121,281
E00055537,281,58,223
E00055538,246,42,204
E00055539,303,90,213
E00055540,451,115,336
E00055541,321,66,255
E00055542,416,89,327
E00055543,408,89,319
E00055544,358,91,267
E00055545,255,60,195
E00055546,384,107,277
E00055547,271,48,223
E00055548,239,74,165
E00055549,391,106,285
E00055550,411,98,313
E00055551,377,108,269
E00055552,270,52,218
E00055553,374,76,298
E00055554,224,32,192
E00055555,251,61,190
E00055556,344,83,261
E00055557,314,72,242
E00055558,259,40,219
E00055559,234,31,203
E00055560,242,84,158
E00055561,249,45,204
E00055562,358,103,255
E00055563,354,92,262
E00055564,222,32,190
E00055565,470,138,332
E00055566,274,76,198
E00055567,334,75,259
E00055568,312,41,271
E00055569,358,45,313
E00055570,319,71,248
E00055571,275,50,225
E00055573,354,63,291
E00055574,344,82,262
E00055575,254,60,194
E00055576,256,58,198
E00055577,216,26,190
E00055579,474,152,322
E00055580,333,70,263
E00055582,364,84,280
E00055583,275,58,217
E00055584,262,69,193
E00055585,312,67,245
E00055586,460,188,272
E00055588,353,88,265
E00055589,336,88,248
E00055590,331,99,232
E00055591,296,73,223
E00055592,267,68,199
E00055593,458,139,319
E00055594,359,79,280
E00055595,351,123,228
E00055596,393,133,260
E00055597,533,125,408
E00055598,295,88,207
E00055599,301,86,215
E00055600,362,107,255
E00055602,378,122,256
E00055603,412,103,309
E00055604,406,121,285
E00055605,426,95,331
E00055606,452,125,327
E00055607,299,58,241
E00055608,436,106,330
E00055609,318,92,226
E00055610,276,46,230
E00055611,259,44,215
E00055612,343,92,251
E00055613,440,162,278
E00055614,324,68,256
E00055615,270,58,212
E00055616,372,115,257
E00055617,371,137,234
E00055618,221,48,173
E00055619,330,68,262
E00055620,331,82,249
E00055621,365,123,242
E00055622,362,81,281
E00055623,486,168,318
E00055624,328,112,216
E00055625,481,161,320
E00055626,362,125,237
E00055627,477,134,343
E00055628,420,137,283
E00055629,349,82,267
E00055630,366,85,281
E00055632,216,36,180
E00055633,356,111,245
E00055634,394,127,267
E00055635,318,65,253
E00055636,408,84,324
E00055637,294,38,256
E00055638,317,43,274
E00055639,335,65,270
E00055640,317,52,265
E00055641,301,42,259
E00055642,312,51,261
E00055643,221,20,201
E00055644,379,95,284
E00055645,322,58,264
E00055646,297,63,234
E00055647,354,99,255
E00055648,296,62,234
E00055649,270,41,229
E00055650,271,51,220
E00055651,427,107,320
E00055652,224,35,189
E00055653,380,117,263
E00055654,291,100,191
E00055655,276,64,212
E00055656,266,52,214
E00055657,395,98,297
E00055658,297,77,220
E00055659,203,26,177
E00055660,359,112,247
E00055661,303,79,224
E00055662,300,68,232
E00055663,316,89,227
E00055664,348,122,226
E00055665,343,90,253
E00055666,278,58,220
E00055667,434,109,325
E00055668,389,118,271
E00055669,311,67,244
E00055670,264,35,229
E00055671,277,49,228
E00055672,269,49,220
E00055673,254,31,223
E00055674,274,48,226
E00055675,262,36,226
E00055676,285,56,229
E00055677,319,50,269
E00055678,230,31,199
E00055679,380,59,321
E00055680,317,60,257
E00055681,256,45,211
E00055682,254,42,212
E00055683,177,7,170
E00055684,285,50,235
E00055685,280,39,241
E00055686,266,44,222
E00055687,224,38,186
E00055688,346,72,274
E00055689,269,39,230
E00055690,325,51,274
E00055691,280,54,226
E00055692,285,62,223
E00055693,249,47,202
E00055694,457,91,366
E00055696,224,32,192
E00055697,409,89,320
E00055698,339,66,273
E00055699,237,28,209
E00055700,318,83,235
E00055701,254,49,205
E00055702,522,108,414
E00055703,261,29,232
E00055704,293,48,245
E00055705,301,55,246
E00055706,299,85,214
E00055707,295,79,216
E00055708,285,80,205
E00055709,283,44,239
E00055710,334,49,285
E00055711,235,18,217
E00055712,291,42,249
E00055713,477,136,341
E00055714,347,106,241
E00055715,319,98,221
E00055716,301,50,251
E00055717,334,48,286
E00055718,204,55,149
E00055719,278,49,229
E00055720,278,48,230
E00055721,272,64,208
E00055722,254,47,207
E00055723,286,46,240
E00055724,234,44,190
E00055725,270,36,234
E00055726,296,54,242
E00055727,258,42,216
E00055728,220,25,195
E00055729,334,65,269
E00055730,288,55,233
E00055731,381,81,300
E00055732,273,53,220
E00055733,348,52,296
E00055734,178,28,150
E00055735,284,41,243
E00055736,298,51,247
E00055737,170,19,151
E00055738,245,33,212
E00055739,334,49,285
E00055740,335,55,280
E00055741,245,36,209
E00055742,353,40,313
E00055743,269,52,217
E00055744,337,57,280
E00055745,218,24,194
E00055746,280,43,237
E00055747,215,23,192
E00055748,219,31,188
E00055749,311,89,222
E00055750,306,63,243
E00055751,231,43,188
E00055752,297,49,248
E00055753,219,33,186
E00055754,324,72,252
E00055755,255,37,218
E00055756,330,51,279
E00055757,256,39,217
E00055758,212,32,180
E00055759,326,61,265
E00055760,357,78,279
E00055761,366,59,307
E00055762,256,47,209
E00055763,312,41,271
E00055764,320,65,255
E00055765,272,49,223
E00055766,164,24,140
E00055767,264,44,220
E00055768,247,29,218
E00055769,265,43,222
E00055771,233,34,199
E00055772,283,43,240
E00055773,209,26,183
E00055774,261,49,212
E00055775,264,45,219
E00055776,421,97,324
E00055777,312,59,253
E00055778,242,32,210
E00055779,294,43,251
E00055780,339,58,281
E00055781,226,22,204
E00055783,303,62,241
E00055784,279,36,243
E00055785,384,65,319
E00055786,234,34,200
E00055787,319,65,254
E00055788,347,75,272
E00055789,371,82,289
E00055790,316,50,266
E00055791,392,73,319
E00055792,213,37,176
E00055793,270,51,219
E00055794,283,33,250
E00055795,347,54,293
E00055796,300,48,252
E00055797,315,50,265
E00055798,296,33,263
E00055799,366,86,280
E00055800,395,100,295
E00055801,287,51,236
E00055802,280,49,231
E00055803,216,37,179
E00055804,316,70,246
E00055805,263,48,215
E00055806,400,70,330
E00055807,241,31,210
E00055808,295,66,229
E00055809,306,86,220
E00055810,238,34,204
E00055811,259,31,228
E00055812,311,71,240
E00055813,221,37,184
E00055814,434,63,371
E00055815,209,30,179
E00055816,332,59,273
E00055817,356,64,292
E00055818,362,64,298
E00055819,267,52,215
E00055820,390,60,330
E00055821,285,59,226
E00055822,249,42,207
E00055823,241,35,206
E00055824,275,64,211
E00055825,188,25,163
E00055826,329,58,271
E00055827,257,57,200
E00055828,366,100,266
E00055829,261,39,222
E00055830,480,200,280
E00055831,255,41,214
E00055832,234,34,200
E00055833,378,76,302
E00055834,315,55,260
E00055835,357,99,258
E00055836,376,124,252
E00055837,375,103,272
E00055838,307,80,227
E00055839,255,41,214
E00055840,229,46,183
E00055841,310,80,230
E00055842,177,40,137
E00055843,343,62,281
E00055844,294,85,209
E00055845,324,64,260
E00055846,301,88,213
E00055847,304,52,252
E00055848,324,82,242
E00055849,281,47,234
E00055850,398,70,328
E00055851,315,64,251
E00055852,282,63,219
E00055853,362,124,238
E00055854,343,132,211
E00055855,308,91,217
E00055856,305,81,224
E00055857,349,61,288
E00055858,246,62,184
E00055859,290,81,209
E00055860,252,55,197
E00055861,304,54,250
E00055862,294,52,242
E00055863,159,13,146
E00055864,365,72,293
E00055865,140,27,113
E00055866,181,3,178
E00055867,240,28,212
E00055868,226,28,198
E00055869,287,52,235
E00055870,265,48,217
E00055871,243,45,198
E00055872,210,21,189
E00055873,335,40,295
E00055874,237,53,184
E00055875,388,133,255
E00055876,446,155,291
E00055877,444,151,293
E00055878,301,85,216
E00055879,314,79,235
E00055880,435,137,298
E00055881,389,113,276
E00055882,221,49,172
E00055883,349,108,241
E00055884,268,43,225
E00055885,412,106,306
E00055886,303,79,224
E00055887,166,11,155
E00055888,338,103,235
E00055889,467,189,278
E00055890,290,56,234
E00055891,241,48,193
E00055892,252,56,196
E00055893,260,30,230
E00055894,290,55,235
E00055895,269,44,225
E00055896,216,29,187
E00055897,310,52,258
E00055898,308,83,225
E00055899,268,43,225
E00055900,234,39,195
E00055901,297,79,218
E00055902,305,71,234
E00055903,272,46,226
E00055904,172,25,147
E00055905,269,67,202
E00055906,323,56,267
E00055907,366,86,280
E00055908,261,85,176
E00055909,239,40,199
E00055910,324,73,251
E00055911,268,35,233
E00055912,284,58,226
E00055913,213,58,155
E00055914,260,49,211
E00055915,300,88,212
E00055916,357,121,236
E00055917,275,37,238
E00055918,249,66,183
E00055919,203,31,172
E00055920,304,109,195
E00055921,339,90,249
E00055922,275,53,222
E00055923,333,71,262
E00055924,260,41,219
E00055925,190,38,152
E00055926,260,40,220
E00055927,270,58,212
E00055928,187,35,152
E00055929,287,39,248
E00055930,227,26,201
E00055931,298,61,237
E00055932,225,46,179
E00055933,237,52,185
E00055934,286,68,218
E00055935,213,39,174
E00055936,281,42,239
E00055937,237,26,211
E00055938,255,26,229
E00055939,290,51,239
E00055940,229,47,182
E00055941,252,43,209
E00055942,221,46,175
E00055943,319,116,203
E00055944,321,54,267
E00055945,324,77,247
E00055946,262,35,227
E00055947,255,31,224
E00055948,408,107,301
E00055949,311,68,243
E00055950,215,29,186
E00055951,240,40,200
E00055952,273,65,208
E00055953,261,51,210
E00055954,263,66,197
E00055955,285,54,231
E00055956,247,50,197
E00055957,309,50,259
E00055958,265,64,201
E00055959,331,64,267
E00055960,222,42,180
E00055961,431,124,307
E00055962,240,40,200
E00055963,229,38,191
E00055964,327,98,229
E00055965,278,97,181
E00055967,499,166,333
E00055968,267,66,201
E00055969,314,76,238
E00055970,395,97,298
E00055971,305,80,225
E00055972,337,122,215
E00055973,362,135,227
E00055974,328,105,223
E00055975,247,59,188
E00055976,291,75,216
E00055977,240,46,194
E00055978,354,114,240
E00055979,317,85,232
E00055980,359,122,237
E00055981,218,61,157
E00055982,512,211,301
E00055984,302,52,250
E00055985,285,38,247
E00055986,315,46,269
E00055987,339,67,272
E00055988,430,73,357
E00055989,258,56,202
E00055990,214,25,189
E00055991,318,36,282
E00055992,552,109,443
E00055993,309,79,230
E00055994,277,44,233
E00055995,364,59,305
E00055996,304,50,254
E00055997,297,46,251
E00055998,268,69,199
E00055999,329,59,270
E00056000,347,65,282
E00056001,271,32,239
E00056002,374,59,315
E00056003,492,85,407
E00056004,287,39,248
E00056005,297,51,246
E00056006,323,50,273
E00056008,213,39,174
E00056009,279,53,226
E00056010,458,108,350
E00056011,363,49,314
E00056012,281,56,225
E00056013,363,70,293
E00056014,250,38,212
E00056015,278,41,237
E00056016,344,58,286
E00056017,205,15,190
E00056018,245,44,201
E00056019,523,106,417
E00056020,286,25,261
E00056021,284,47,237
E00056022,360,71,289
E00056023,248,26,222
E00056024,194,39,155
E00056025,220,44,176
E00056026,443,89,354
E00056027,309,31,278
E00056028,342,57,285
E00056029,294,47,247
E00056030,347,61,286
E00056031,302,42,260
E00056032,264,48,216
E00056033,240,33,207
E00056034,299,73,226
E00056035,359,83,276
E00056036,313,47,266
E00056037,269,49,220
E00056038,265,48,217
E00056039,238,29,209
E00056040,300,77,223
E00056041,229,66,163
E00056042,306,42,264
E00056043,278,80,198
E00056044,379,86,293
E00056045,274,37,237
E00056046,275,47,228
E00056047,241,35,206
E00056048,218,37,181
E00056050,176,36,140
E00056051,248,36,212
E00056052,303,55,248
E00056053,249,32,217
E00056055,218,29,189
E00056056,223,50,173
E00056057,388,120,268
E00056058,531,142,389
E00056059,287,60,227
E00056060,468,129,339
E00056061,233,42,191
E00056062,282,37,245
E00056063,289,62,227
E00056064,259,42,217
E00056065,334,93,241
E00056066,419,118,301
E00056067,269,75,194
E00056068,307,53,254
E00056069,398,119,279
E00056071,429,98,331
E00056073,403,59,344
E00056074,257,50,207
E00056075,333,78,255
E00056076,206,38,168
E00056077,279,79,200
E00056078,374,68,306
E00056079,320,64,256
E00056080,297,91,206
E00056081,277,49,228
E00056082,283,54,229
E00056083,323,107,216
E00056084,212,13,199
E00056085,465,122,343
E00056086,294,65,229
E00056087,297,70,227
E00056088,288,75,213
E00056090,236,41,195
E00056091,442,100,342
E00056092,366,117,249
E00056093,246,33,213
E00056094,265,43,222
E00056095,306,76,230
E00056096,436,137,299
E00056097,279,73,206
E00056098,405,129,276
E00056099,308,86,222
E00056100,364,116,248
E00056101,373,149,224
E00056102,449,140,309
E00056103,365,98,267
E00056104,382,114,268
E00056105,454,164,290
E00056106,351,116,235
E00056107,549,151,398
E00056108,425,125,300
E00056109,257,50,207
E00056110,282,45,237
E00056111,268,70,198
E00056112,358,74,284
E00056113,449,102,347
E00056114,369,86,283
E00056115,377,116,261
E00056116,307,69,238
E00056117,257,43,214
E00056118,264,63,201
E00056119,356,116,240
E00056120,379,124,255
E00056121,272,60,212
E00056122,288,61,227
E00056123,286,92,194
E00056124,378,90,288
E00056125,391,105,286
E00056126,489,172,317
E00056127,419,150,269
E00056128,333,107,226
E00056129,412,170,242
E00056130,412,135,277
E00056131,357,97,260
E00056132,359,117,242
E00056133,385,121,264
E00056135,380,123,257
E00056136,453,132,321
E00056137,564,196,368
E00056138,346,105,241
E00056139,497,165,332
E00056141,449,111,338
E00056142,264,34,230
E00056143,231,27,204
E00056144,345,58,287
E00056145,271,35,236
E00056146,272,43,229
E00056147,325,60,265
E00056148,371,89,282
E00056149,434,59,375
E00056150,317,70,247
E00056152,417,82,335
E00056153,317,54,263
E00056154,227,46,181
E00056155,321,67,254
E00056156,276,53,223
E00056157,232,38,194
E00056158,295,51,244
E00056159,323,66,257
E00056160,403,79,324
E00056161,320,55,265
E00056162,248,49,199
E00056163,265,68,197
E00056164,320,87,233
E00056165,375,59,316
E00056166,300,73,227
E00056167,265,37,228
E00056168,308,61,247
E00056169,296,80,216
E00056170,333,65,268
E00056171,256,75,181
E00056172,240,24,216
E00056173,177,21,156
E00056174,207,43,164
E00056175,323,67,256
E00056176,359,86,273
E00056177,365,63,302
E00056178,260,35,225
E00056179,282,29,253
E00056180,235,16,219
E00056181,256,38,218
E00056182,314,63,251
E00056183,317,51,266
E00056184,355,59,296
E00056185,352,65,287
E00056186,261,42,219
E00056187,281,59,222
E00056188,272,33,239
E00056189,188,24,164
E00056190,275,57,218
E00056191,376,37,339
E00056192,382,72,310
E00056193,231,30,201
E00056194,264,50,214
E00056195,261,55,206
E00056196,311,51,260
E00056197,241,33,208
E00056198,320,82,238
E00056199,264,45,219
E00056200,249,34,215
E00056201,194,28,166
E00056202,363,128,235
E00056203,306,52,254
E00056204,432,70,362
E00056205,271,41,230
E00056206,317,59,258
E00056207,361,70,291
E00056208,335,87,248
E00056210,307,87,220
E00056211,394,96,298
E00056212,432,109,323
E00056213,446,136,310
E00056214,313,49,264
E00056215,214,23,191
E00056216,299,71,228
E00056217,302,42,260
E00056218,379,68,311
E00056219,255,35,220
E00056220,318,61,257
E00056221,302,53,249
E00056222,427,71,356
E00056223,255,40,215
E00056224,292,42,250
E00056225,274,38,236
E00056226,239,37,202
E00056227,305,59,246
E00056228,290,78,212
E00056229,294,72,222
E00056230,335,59,276
E00056231,263,50,213
E00056232,312,64,248
E00056233,307,47,260
E00056234,282,59,223
E00056235,495,117,378
E00056236,124,12,112
E00056237,252,55,197
E00056238,350,87,263
E00056239,454,114,340
E00056240,222,19,203
E00056241,389,112,277
E00056242,508,125,383
E00056243,377,106,271
E00056244,387,93,294
E00056245,442,103,339
E00056246,372,94,278
E00056248,422,109,313
E00056249,288,54,234
E00056251,289,47,242
E00056252,292,58,234
E00056253,309,74,235
E00056254,375,94,281
E00056256,326,74,252
E00056257,251,45,206
E00056258,288,67,221
E00056259,302,44,258
E00056260,322,57,265
E00056261,329,60,269
E00056263,242,30,212
E00056264,434,80,354
E00056265,256,41,215
E00056266,278,48,230
E00056267,241,45,196
E00056268,221,36,185
E00056269,252,40,212
E00056270,350,53,297
E00056271,361,80,281
E00056272,259,50,209
E00056273,278,43,235
E00056274,235,25,210
E00056275,191,34,157
E00056276,313,50,263
E00056277,340,83,257
E00056278,308,81,227
E00056279,315,77,238
E00056280,103,18,85
E00056281,254,59,195
E00056282,258,38,220
E00056283,255,58,197
E00056284,278,36,242
E00056285,371,93,278
E00056286,313,42,271
E00056287,266,49,217
E00056288,247,36,211
E00056289,289,39,250
E00056290,250,43,207
E00056291,205,14,191
E00056292,478,83,395
E00056293,524,72,452
E00056294,320,53,267
E00056295,238,28,210
E00056296,213,52,161
E00056297,214,28,186
E00056298,328,76,252
E00056299,372,79,293
E00056300,267,29,238
E00056301,326,87,239
E00056302,391,98,293
E00056303,263,45,218
E00056304,261,48,213
E00056305,206,35,171
E00056306,328,45,283
E00056307,292,51,241
E00056308,277,55,222
E00056309,233,31,202
E00056310,236,27,209
E00056311,223,37,186
E00056312,258,39,219
E00056313,190,34,156
E00056314,259,47,212
E00056315,487,78,409
E00056316,129,14,115
E00056317,360,55,305
E00056318,209,35,174
E00056319,238,70,168
E00056320,448,135,313
E00056321,200,51,149
E00056322,330,62,268
E00056323,364,56,308
E00056324,317,45,272
E00056325,272,42,230
E00056326,322,54,268
E00056327,314,53,261
E00056328,300,47,253
E00056329,243,73,170
E00056330,311,54,257
E00056331,366,52,314
E00056332,495,109,386
E00056333,298,51,247
E00056334,275,33,242
E00056336,272,42,230
E00056337,182,32,150
E00056338,330,48,282
E00056339,322,80,242
E00056340,417,49,368
E00056341,303,55,248
E00056342,459,104,355
E00056343,422,95,327
E00056344,261,33,228
E00056345,315,79,236
E00056346,251,47,204
E00056347,346,81,265
E00056348,438,97,341
E00056349,247,29,218
E00056350,199,40,159
E00056351,248,51,197
E00056352,208,49,159
E00056353,338,51,287
E00056354,291,71,220
E00056355,282,45,237
E00056356,258,34,224
E00056357,288,35,253
E00056358,315,47,268
E00056359,347,74,273
E00056360,250,42,208
E00056361,346,54,292
E00056362,353,54,299
E00056363,365,77,288
E00056364,296,39,257
E00056365,245,27,218
E00056366,210,30,180
E00056367,371,66,305
E00056368,404,70,334
E00056369,313,74,239
E00056370,315,55,260
E00056371,348,70,278
E00056372,299,63,236
E00056373,448,81,367
E00056374,366,74,292
E00056375,303,63,240
E00056376,335,42,293
E00056377,320,85,235
E00056378,364,68,296
E00056380,739,640,99
E00056381,398,56,342
E00056382,313,51,262
E00056383,303,76,227
E00056384,303,57,246
E00056385,235,35,200
E00056386,299,46,253
E00056387,313,56,257
E00056389,244,29,215
E00056390,272,35,237
E00056391,374,57,317
E00056392,285,47,238
E00056393,343,64,279
E00056394,522,99,423
E00056395,487,73,414
E00056396,383,66,317
E00056397,528,91,437
E00056398,189,38,151
E00056399,329,55,274
E00056400,313,54,259
E00056401,238,24,214
E00056402,222,33,189
E00056403,237,23,214
E00056404,256,41,215
E00056405,260,53,207
E00056406,245,24,221
E00056407,461,113,348
E00056408,263,33,230
E00056409,276,51,225
E00056410,242,25,217
E00056411,364,52,312
E00056412,293,58,235
E00056413,238,32,206
E00056414,373,47,326
E00056415,206,39,167
E00056416,287,40,247
E00056417,241,49,192
E00056418,292,42,250
E00056419,416,96,320
E00056420,239,45,194
E00056421,301,51,250
E00056422,265,55,210
E00056423,326,58,268
E00056424,280,45,235
E00056425,270,48,222
E00056426,328,76,252
E00056427,319,68,251
E00056428,314,62,252
E00056429,284,46,238
E00056430,271,32,239
E00056431,259,41,218
E00056432,195,45,150
E00056433,295,47,248
E00056434,232,37,195
E00056435,383,92,291
E00056436,337,76,261
E00056437,283,58,225
E00056438,291,41,250
E00056439,283,43,240
E00056440,260,46,214
E00056441,254,25,229
E00056442,317,46,271
E00056443,257,33,224
E00056445,248,53,195
E00056446,310,62,248
E00056447,253,34,219
E00056448,364,84,280
E00056449,268,37,231
E00056450,259,39,220
E00056451,289,65,224
E00056452,429,103,326
E00056453,228,34,194
E00056454,288,51,237
E00056455,152,28,124
E00056456,399,101,298
E00056457,374,63,311
E00056458,412,83,329
E00056459,248,26,222
E00056461,276,51,225
E00056462,319,62,257
E00056464,303,44,259
E00056465,280,48,232
E00056466,323,52,271
E00056467,399,72,327
E00056469,233,25,208
E00056470,350,51,299
E00056471,233,50,183
E00056472,279,61,218
E00056473,142,16,126
E00056474,313,30,283
E00056475,368,71,297
E00056476,287,53,234
E00056478,245,35,210
E00056479,357,99,258
E00056480,246,18,228
E00056481,209,28,181
E00056482,358,54,304
E00056483,261,43,218
E00056484,346,66,280
E00056485,311,73,238
E00056486,346,58,288
E00056487,294,49,245
E00056488,318,69,249
E00056489,287,78,209
E00056490,289,51,238
E00056491,308,59,249
E00056492,315,50,265
E00056493,227,30,197
E00056494,278,43,235
E00056495,220,39,181
E00056496,227,29,198
E00056497,222,24,198
E00056498,347,128,219
E00056499,250,41,209
E00056500,315,79,236
E00056501,203,40,163
E00056502,269,62,207
E00056503,457,116,341
E00056504,332,61,271
E00056505,291,43,248
E00056506,358,64,294
E00056507,450,77,373
E00056508,387,84,303
E00056509,302,71,231
E00056510,297,63,234
E00056511,284,42,242
E00056512,353,49,304
E00056513,309,46,263
E00056514,245,38,207
E00056515,308,61,247
E00056516,271,48,223
E00056517,306,54,252
E00056518,276,46,230
E00056519,302,48,254
E00056520,307,41,266
E00056521,236,28,208
E00056522,287,50,237
E00056523,229,39,190
E00056524,306,52,254
E00056525,318,66,252
E00056526,206,16,190
E00056527,317,40,277
E00056528,310,55,255
E00056529,197,27,170
E00056530,205,21,184
E00056532,305,52,253
E00056533,154,21,133
E00056534,258,39,219
E00056535,320,75,245
E00056536,304,58,246
E00056537,264,32,232
E00056538,257,28,229
E00056539,257,34,223
E00056540,289,35,254
E00056541,249,35,214
E00056542,234,73,161
E00056543,283,49,234
E00056544,287,33,254
E00056545,272,99,173
E00056546,273,42,231
E00056548,306,53,253
E00056549,181,68,113
E00056550,313,97,216
E00056552,212,44,168
E00056554,238,85,153
E00056555,333,94,239
E00056556,244,78,166
E00056557,293,42,251
E00056558,124,39,85
E00056559,352,104,248
E00056560,397,151,246
E00056561,450,158,292
E00056562,322,65,257
E00056563,251,97,154
E00056564,328,87,241
E00056566,224,58,166
E00056567,365,104,261
E00056568,270,50,220
E00056569,255,82,173
E00056570,349,122,227
E00056571,221,33,188
E00056572,320,88,232
E00056573,280,52,228
E00056574,260,54,206
E00056575,423,137,286
E00056576,300,68,232
E00056577,258,64,194
E00056578,228,38,190
E00056579,286,36,250
E00056580,277,31,246
E00056581,259,44,215
E00056582,208,31,177
E00056583,248,34,214
E00056584,297,40,257
E00056585,226,44,182
E00056586,159,26,133
E00056587,243,26,217
E00056588,225,24,201
E00056589,213,22,191
E00056590,252,28,224
E00056591,248,40,208
E00056592,419,98,321
E00056593,386,92,294
E00056594,444,128,316
E00056595,296,66,230
E00056596,266,61,205
E00056597,373,137,236
E00056598,138,14,124
E00056599,326,94,232
E00056600,263,56,207
E00056601,267,71,196
E00056602,309,57,252
E00056603,219,27,192
E00056604,246,40,206
E00056605,347,113,234
E00056606,334,86,248
E00056607,302,68,234
E00056608,339,74,265
E00056609,279,96,183
E00056610,269,62,207
E00056611,204,25,179
E00056612,273,77,196
E00056614,264,64,200
E00056615,251,48,203
E00056616,297,69,228
E00056617,369,100,269
E00056618,509,224,285
E00056619,274,66,208
E00056620,352,124,228
E00056621,253,76,177
E00056622,354,180,174
E00056623,221,71,150
E00056624,244,49,195
E00056625,365,94,271
E00056626,335,86,249
E00056627,200,38,162
E00056628,254,28,226
E00056629,238,58,180
E00056630,328,70,258
E00056631,324,80,244
E00056632,326,122,204
E00056633,224,41,183
E00056634,212,44,168
E00056635,313,59,254
E00056636,211,45,166
E00056637,370,82,288
E00056638,301,85,216
E00056639,197,28,169
E00056640,226,35,191
E00056641,195,45,150
E00056642,261,52,209
E00056643,233,49,184
E00056644,311,69,242
E00056645,473,80,393
E00056646,345,84,261
E00056647,298,39,259
E00056648,225,31,194
E00056649,305,107,198
E00056651,301,38,263
E00056652,300,65,235
E00056653,277,57,220
E00056654,352,63,289
E00056655,249,46,203
E00056656,336,100,236
E00056657,266,47,219
E00056658,258,34,224
E00056659,373,55,318
E00056660,228,42,186
E00056661,202,33,169
E00056662,323,62,261
E00056663,499,120,379
E00056664,336,67,269
E00056665,215,25,190
E00056666,311,56,255
E00056668,234,40,194
E00056670,256,49,207
E00056671,258,46,212
E00056672,231,31,200
E00056673,421,92,329
E00056674,327,46,281
E00056675,398,85,313
E00056677,278,42,236
E00056678,269,44,225
E00056679,246,36,210
E00056681,242,46,196
E00056682,273,53,220
E00056683,308,91,217
E00056684,249,31,218
E00056685,258,48,210
E00056686,332,112,220
E00056687,287,35,252
E00056688,285,68,217
E00056689,342,116,226
E00056690,240,49,191
E00056691,332,63,269
E00056693,325,79,246
E00056694,336,107,229
E00056695,240,42,198
E00056696,205,22,183
E00056697,486,116,370
E00056698,261,45,216
E00056699,263,48,215
E00056700,430,86,344
E00056701,286,37,249
E00056702,271,56,215
E00056703,277,45,232
E00056704,431,46,385
E00056705,315,46,269
E00056706,302,70,232
E00056707,265,35,230
E00056708,293,83,210
E00056709,219,39,180
E00056710,355,50,305
E00056711,283,78,205
E00056712,248,47,201
E00056713,326,90,236
E00056714,314,69,245
E00056715,308,41,267
E00056716,305,46,259
E00056717,325,43,282
E00056718,369,87,282
E00056719,520,148,372
E00056720,440,109,331
E00056721,457,124,333
E00056722,296,91,205
E00056723,495,139,356
E00056724,337,69,268
E00056725,341,81,260
E00056726,360,91,269
E00056727,528,139,389
E00056729,328,85,243
E00056730,456,176,280
E00056731,392,112,280
E00056733,513,182,331
E00056734,414,144,270
E00056735,300,78,222
E00056736,406,144,262
E00056737,413,111,302
E00056738,412,143,269
E00056739,521,175,346
E00056740,339,96,243
E00056741,276,74,202
E00056742,266,46,220
E00056743,315,83,232
E00056744,347,60,287
E00056745,272,66,206
E00056746,353,52,301
E00056747,207,37,170
E00056748,249,38,211
E00056749,281,60,221
E00056750,297,58,239
E00056751,272,53,219
E00056752,434,50,384
E00056753,220,16,204
E00056754,263,34,229
E00056755,297,41,256
E00056756,302,81,221
E00056757,483,69,414
E00056758,416,92,324
E00056759,250,53,197
E00056760,260,44,216
E00056761,263,56,207
E00056762,435,104,331
E00056763,314,66,248
E00056764,319,53,266
E00056765,321,52,269
E00056766,331,51,280
E00056767,243,19,224
E00056768,360,88,272
E00056769,292,70,222
E00056770,296,44,252
E00056771,258,35,223
E00056772,516,121,395
E00056773,276,42,234
E00056774,205,6,199
E00056775,254,37,217
E00056776,283,39,244
E00056777,245,30,215
E00056778,111,25,86
E00056779,463,77,386
E00056780,174,25,149
E00056781,303,62,241
E00056782,314,46,268
E00056783,271,55,216
E00056784,242,50,192
E00056787,207,43,164
E00056788,292,75,217
E00056789,352,53,299
E00056790,393,53,340
E00056792,307,78,229
E00056793,301,61,240
E00056794,280,61,219
E00056795,243,45,198
E00056796,228,43,185
E00056797,251,53,198
E00056798,230,46,184
E00056799,263,55,208
E00056800,242,25,217
E00056801,235,35,200
E00056802,329,71,258
E00056803,256,38,218
E00056804,287,76,211
E00056805,252,36,216
E00056806,239,38,201
E00056807,273,69,204
E00056808,238,41,197
E00056809,250,33,217
E00056810,266,72,194
E00056811,341,75,266
E00056812,265,21,244
E00056813,320,78,242
E00056814,249,49,200
E00056815,269,49,220
E00056816,298,50,248
E00056817,301,44,257
E00056818,192,35,157
E00056819,158,15,143
E00056820,211,35,176
E00056821,209,27,182
E00056822,384,94,290
E00056823,321,59,262
E00056825,315,35,280
E00056827,245,64,181
E00056828,197,37,160
E00056829,242,49,193
E00056830,310,93,217
E00056831,232,37,195
E00056832,243,29,214
E00056833,226,43,183
E00056834,364,71,293
E00056835,299,47,252
E00056836,226,30,196
E00056837,243,39,204
E00056838,273,58,215
E00056839,442,136,306
E00056840,405,119,286
E00056841,276,37,239
E00056842,298,44,254
E00056843,322,59,263
E00056845,294,80,214
E00056846,383,72,311
E00056847,335,38,297
E00056848,288,75,213
E00056849,256,61,195
E00056850,307,88,219
E00056851,305,43,262
E00056852,494,144,350
E00056853,302,64,238
E00056854,270,72,198
E00056855,254,65,189
E00056856,244,58,186
E00056858,261,35,226
E00056859,298,102,196
E00056861,259,38,221
E00056862,426,64,362
E00056863,337,43,294
E00056864,293,47,246
E00056865,260,39,221
E00056866,240,20,220
E00056867,296,53,243
E00056868,317,69,248
E00056869,288,58,230
E00056871,207,52,155
E00056873,309,71,238
E00056874,424,89,335
E00056875,247,28,219
E00056877,239,31,208
E00056878,301,60,241
E00056879,225,37,188
E00056880,211,33,178
E00056881,190,28,162
E00056882,405,53,352
E00056883,363,92,271
E00056884,299,31,268
E00056885,295,84,211
E00056886,167,23,144
E00056887,373,55,318
E00056888,164,34,130
E00056889,329,77,252
E00056890,278,44,234
E00056891,187,41,146
E00056892,267,79,188
E00056893,358,76,282
E00056894,404,73,331
E00056895,248,25,223
E00056897,243,72,171
E00056898,353,115,238
E00056899,330,65,265
E00056900,228,43,185
E00056901,229,31,198
E00056902,369,115,254
E00056903,451,125,326
E00056904,314,36,278
E00056905,273,44,229
E00056906,322,86,236
E00056907,257,58,199
E00056908,172,28,144
E00056909,388,86,302
E00056910,221,48,173
E00056911,224,42,182
E00056912,276,55,221
E00056913,340,54,286
E00056914,271,46,225
E00056915,260,36,224
E00056916,161,43,118
E00056917,279,45,234
E00056918,296,41,255
E00056919,229,15,214
E00056920,331,60,271
E00056921,362,57,305
E00056922,255,29,226
E00056923,275,31,244
E00056924,301,49,252
E00056925,270,55,215
E00056926,225,37,188
E00056927,365,51,314
E00056928,277,12,265
E00056929,280,36,244
E00056930,275,60,215
E00056931,306,42,264
E00056932,258,39,219
E00056933,303,52,251
E00056934,268,46,222
E00056935,200,31,169
E00056936,282,51,231
E00056937,142,32,110
E00056938,272,54,218
E00056939,322,70,252
E00056940,287,62,225
E00056941,365,74,291
E00056942,306,49,257
E00056943,325,73,252
E00056945,249,45,204
E00056946,338,61,277
E00056947,323,67,256
E00056948,338,84,254
E00056949,169,26,143
E00056950,268,40,228
E00056951,258,25,233
E00056952,241,25,216
E00056953,252,32,220
E00056954,262,37,225
E00056955,275,45,230
E00056956,241,22,219
E00056957,254,35,219
E00056958,285,39,246
E00056959,162,24,138
E00056960,334,42,292
E00056961,321,62,259
E00056962,478,72,406
E00056963,346,55,291
E00056964,269,57,212
E00056965,302,64,238
E00056966,249,25,224
E00056967,296,75,221
E00056968,405,83,322
E00056969,233,41,192
E00056970,342,76,266
E00056971,217,37,180
E00056972,147,27,120
E00056973,191,49,142
E00056974,303,58,245
E00056975,352,60,292
E00056976,401,75,326
E00056977,228,46,182
E00056978,280,45,235
E00056979,299,59,240
E00056981,284,59,225
E00056982,296,64,232
E00056983,269,41,228
E00056984,215,36,179
E00056985,298,33,265
E00056986,280,56,224
E00056987,359,73,286
E00056988,337,55,282
E00056989,293,65,228
E00056990,321,68,253
E00056991,393,65,328
E00056992,350,116,234
E00056993,325,101,224
E00056994,307,68,239
E00056995,283,63,220
E00056997,309,105,204
E00056998,540,186,354
E00056999,279,61,218
E00057000,250,66,184
E00057001,367,105,262
E00057002,242,49,193
E00057003,305,72,233
E00057004,181,20,161
E00057005,196,28,168
E00057006,239,49,190
E00057007,268,35,233
E00057008,238,40,198
E00057009,338,90,248
E00057010,225,27,198
E00057011,408,79,329
E00057012,424,169,255
E00057013,222,63,159
E00057014,424,147,277
E00057015,343,92,251
E00057016,347,101,246
E00057017,345,83,262
E00057018,248,77,171
E00057019,325,83,242
E00057020,317,85,232
E00057021,267,48,219
E00057022,307,87,220
E00057023,313,99,214
E00057024,309,61,248
E00057025,277,60,217
E00057026,321,61,260
E00057027,455,154,301
E00057028,315,66,249
E00057029,403,142,261
E00057030,243,33,210
E00057031,298,71,227
E00057032,366,97,269
E00057033,211,22,189
E00057034,432,94,338
E00057035,371,104,267
E00057036,335,76,259
E00057037,331,84,247
E00057038,315,98,217
E00057039,239,48,191
E00057040,254,59,195
E00057041,340,91,249
E00057042,303,92,211
E00057043,247,55,192
E00057044,257,51,206
E00057045,263,65,198
E00057046,255,45,210
E00057047,291,63,228
E00057048,412,120,292
E00057049,511,196,315
E00057050,248,35,213
E00057051,430,57,373
E00057052,284,45,239
E00057053,311,99,212
E00057054,367,38,329
E00057055,315,69,246
E00057056,321,105,216
E00057057,207,14,193
E00057058,280,58,222
E00057059,255,38,217
E00057060,273,47,226
E00057062,301,71,230
E00057063,241,37,204
E00057064,327,99,228
E00057065,199,16,183
E00057066,282,41,241
E00057067,409,68,341
E00057068,249,40,209
E00057069,287,53,234
E00057070,287,47,240
E00057071,233,18,215
E00057072,179,22,157
E00057073,266,32,234
E00057074,227,51,176
E00057075,293,41,252
E00057076,375,140,235
E00057077,250,42,208
E00057078,213,26,187
E00057079,265,61,204
E00057080,262,68,194
E00057081,336,103,233
E00057082,255,74,181
E00057083,213,41,172
E00057084,195,19,176
E00057085,271,78,193
E00057086,241,48,193
E00057087,276,34,242
E00057088,329,111,218
E00057089,228,31,197
E00057090,246,41,205
E00057091,302,55,247
E00057092,483,170,313
E00057093,260,36,224
E00057094,256,27,229
E00057095,222,43,179
E00057096,296,82,214
E00057097,294,52,242
E00057098,216,39,177
E00057099,237,31,206
E00057100,205,12,193
E00057101,263,42,221
E00057102,233,44,189
E00057103,220,47,173
E00057104,299,56,243
E00057105,246,48,198
E00057106,200,32,168
E00057107,261,57,204
E00057108,230,30,200
E00057109,366,141,225
E00057110,340,59,281
E00057111,317,59,258
E00057112,266,40,226
E00057113,247,43,204
E00057114,268,55,213
E00057115,234,56,178
E00057116,324,56,268
E00057117,224,38,186
E00057118,255,40,215
E00057119,250,43,207
E00057120,208,35,173
E00057121,205,31,174
E00057122,287,42,245
E00057123,242,40,202
E00057124,376,136,240
E00057125,369,147,222
E00057126,407,162,245
E00057127,284,94,190
E00057128,234,28,206
E00057129,231,32,199
E00057130,389,120,269
E00057131,386,144,242
E00057132,279,76,203
E00057133,290,82,208
E00057134,411,164,247
E00057135,396,100,296
E00057136,318,52,266
E00057137,335,95,240
E00057138,471,63,408
E00057139,306,61,245
E00057140,353,131,222
E00057141,341,112,229
E00057142,167,39,128
E00057144,332,69,263
E00057145,370,104,266
E00057146,191,17,174
E00057147,240,61,179
E00057148,234,39,195
E00057149,254,64,190
E00057150,259,73,186
E00057151,411,136,275
E00057152,263,62,201
E00057153,274,41,233
E00057154,325,111,214
E00057155,303,126,177
E00057156,263,37,226
E00057157,321,132,189
E00057158,276,62,214
E00057159,313,114,199
E00057160,301,82,219
E00057161,238,59,179
E00057162,299,94,205
E00057163,313,105,208
E00057164,276,65,211
E00057165,298,91,207
E00057167,243,58,185
E00057169,245,51,194
E00057170,351,139,212
E00057171,340,103,237
E00057172,421,97,324
E00057173,255,37,218
E00057175,301,41,260
E00057176,271,76,195
E00057177,347,116,231
E00057178,324,91,233
E00057180,443,152,291
E00057181,190,3,187
E00057182,238,33,205
E00057183,158,8,150
E00057184,179,31,148
E00057185,298,115,183
E00057186,255,57,198
E00057187,350,57,293
E00057188,296,108,188
E00057189,413,158,255
E00057190,247,63,184
E00057191,259,48,211
E00057192,245,16,229
E00057193,280,50,230
E00057194,284,81,203
E00057195,277,54,223
E00057196,250,66,184
E00057197,267,39,228
E00057198,411,61,350
E00057199,328,89,239
E00057200,383,116,267
E00057202,376,122,254
E00057204,406,116,290
E00057205,287,45,242
E00057206,247,62,185
E00057207,268,24,244
E00057208,390,64,326
E00057209,286,56,230
E00057210,407,58,349
E00057211,325,77,248
E00057212,242,37,205
E00057213,381,68,313
E00057214,293,61,232
E00057215,378,87,291
E00057216,406,113,293
E00057217,413,105,308
E00057218,350,102,248
E00057220,443,134,309
E00057221,314,42,272
E00057222,512,172,340
E00057223,412,108,304
E00057225,577,181,396
E00057226,296,62,234
E00057227,313,36,277
E00057228,307,23,284
E00057229,255,41,214
E00057230,259,21,238
E00057231,307,51,256
E00057232,443,54,389
E00057233,252,31,221
E00057234,265,22,243
E00057235,293,48,245
E00057236,297,48,249
E00057238,350,35,315
E00057239,305,67,238
E00057240,183,13,170
E00057241,352,111,241
E00057242,292,81,211
E00057244,433,58,375
E00057245,387,90,297
E00057246,158,8,150
E00057247,242,32,210
E00057248,283,56,227
E00057249,262,44,218
E00057250,223,49,174
E00057251,287,39,248
E00057252,311,42,269
E00057253,297,53,244
E00057254,365,96,269
E00057255,404,115,289
E00057256,211,45,166
E00057257,247,91,156
E00057258,223,50,173
E00057259,201,68,133
E00057261,211,43,168
E00057262,319,54,265
E00057264,355,108,247
E00057265,330,63,267
E00057266,417,134,283
E00057267,263,35,228
E00057268,193,48,145
E00057269,365,164,201
E00057270,410,152,258
E00057271,209,53,156
E00057272,352,112,240
E00057273,300,69,231
E00057274,280,63,217
E00057275,241,81,160
E00057276,291,74,217
E00057277,193,45,148
E00057278,226,48,178
E00057280,168,30,138
E00057281,290,91,199
E00057282,223,55,168
E00057283,286,93,193
E00057284,290,102,188
E00057285,340,59,281
E00057286,212,46,166
E00057287,341,85,256
E00057288,215,26,189
E00057289,337,52,285
E00057290,387,119,268
E00057291,330,120,210
E00057292,326,103,223
E00057293,263,89,174
E00057294,263,69,194
E00057295,231,23,208
E00057296,318,82,236
E00057297,233,91,142
E00057298,306,95,211
E00057300,327,43,284
E00057303,495,92,403
E00057304,252,60,192
E00057305,221,45,176
E00057307,172,41,131
E00057309,360,99,261
E00057310,316,90,226
E00057311,113,17,96
E00057312,175,7,168
E00057313,339,103,236
E00057315,203,23,180
E00057316,222,26,196
E00057322,261,62,199
E00057323,375,99,276
E00057325,198,22,176
E00057326,278,81,197
E00057327,179,59,120
E00057328,284,56,228
E00057329,270,48,222
E00057330,313,97,216
E00057331,253,92,161
E00057332,404,138,266
E00057333,331,90,241
E00057334,292,51,241
E00057335,335,63,272
E00057336,292,50,242
E00057337,285,43,242
E00057338,261,52,209
E00057339,283,33,250
E00057340,304,86,218
E00057341,261,43,218
E00057342,317,57,260
E00057343,322,57,265
E00057344,243,32,211
E00057345,211,37,174
E00057346,302,68,234
E00057347,254,81,173
E00057348,243,37,206
E00057349,314,36,278
E00057350,237,41,196
E00057351,192,39,153
E00057352,491,79,412
E00057353,396,79,317
E00057354,284,58,226
E00057355,393,64,329
E00057356,230,62,168
E00057357,260,51,209
E00057358,198,34,164
E00057359,230,46,184
E00057360,313,41,272
E00057361,302,58,244
E00057362,200,34,166
E00057363,211,25,186
E00057364,193,29,164
E00057365,193,28,165
E00057366,215,14,201
E00057367,275,56,219
E00057368,200,31,169
E00057369,185,9,176
E00057370,314,80,234
E00057371,251,48,203
E00057372,293,36,257
E00057374,295,62,233
E00057375,310,50,260
E00057376,293,64,229
E00057377,304,81,223
E00057378,296,45,251
E00057379,320,65,255
E00057380,324,87,237
E00057382,388,76,312
E00057383,223,48,175
E00057384,258,34,224
E00057385,225,29,196
E00057386,255,38,217
E00057387,225,25,200
E00057388,200,19,181
E00057389,272,54,218
E00057390,281,43,238
E00057391,248,52,196
E00057392,312,83,229
E00057393,333,77,256
E00057394,284,56,228
E00057395,242,29,213
E00057396,299,44,255
E00057397,292,55,237
E00057398,247,32,215
E00057399,355,76,279
E00057400,446,106,340
E00057401,323,44,279
E00057402,211,49,162
E00057403,471,94,377
E00057404,175,8,167
E00057405,287,53,234
E00057406,374,59,315
E00057407,237,61,176
E00057408,292,58,234
E00057409,321,43,278
E00057410,274,37,237
E00057411,478,79,399
E00057412,309,64,245
E00057413,291,76,215
E00057414,277,41,236
E00057415,200,12,188
E00057416,317,53,264
E00057417,320,67,253
E00057418,302,54,248
E00057419,471,113,358
E00057420,282,27,255
E00057421,343,71,272
E00057422,288,57,231
E00057423,330,96,234
E00057424,244,29,215
E00057425,292,63,229
E00057426,323,65,258
E00057427,372,65,307
E00057428,292,54,238
E00057429,233,63,170
E00057430,294,67,227
E00057431,449,90,359
E00057432,257,32,225
E00057433,263,36,227
E00057434,257,32,225
E00057435,238,51,187
E00057436,230,47,183
E00057437,278,63,215
E00057438,287,57,230
E00057439,242,24,218
E00057440,239,42,197
E00057441,335,42,293
E00057442,241,41,200
E00057443,225,46,179
E00057444,301,79,222
E00057445,269,48,221
E00057446,335,61,274
E00057447,288,90,198
E00057448,301,50,251
E00057449,265,44,221
E00057450,288,65,223
E00057451,271,57,214
E00057452,248,52,196
E00057453,312,30,282
E00057454,219,17,202
E00057455,299,45,254
E00057456,208,21,187
E00057457,219,33,186
E00057458,258,55,203
E00057459,293,48,245
E00057460,400,58,342
E00057461,228,29,199
E00057462,267,34,233
E00057463,286,61,225
E00057464,256,32,224
E00057465,294,47,247
E00057466,220,34,186
E00057467,344,61,283
E00057469,236,35,201
E00057470,286,57,229
E00057471,239,35,204
E00057472,268,64,204
E00057474,255,39,216
E00057475,272,31,241
E00057476,280,47,233
E00057477,262,45,217
E00057478,257,51,206
E00057479,183,18,165
E00057480,275,62,213
E00057481,260,29,231
E00057482,250,40,210
E00057483,252,34,218
E00057484,239,49,190
E00057485,557,111,446
E00057486,273,28,245
E00057487,265,27,238
E00057488,210,24,186
E00057489,225,37,188
E00057490,281,41,240
E00057491,287,46,241
E00057492,290,51,239
E00057493,328,64,264
E00057494,281,41,240
E00057495,315,56,259
E00057496,334,70,264
E00057497,282,34,248
E00057498,355,69,286
E00057499,275,28,247
E00057500,237,22,215
E00057501,358,72,286
E00057502,282,46,236
E00057503,367,70,297
E00057505,251,37,214
E00057506,244,35,209
E00057507,253,42,211
E00057508,245,26,219
E00057509,263,33,230
E00057510,224,23,201
E00057511,251,40,211
E00057512,274,36,238
E00057513,221,30,191
E00057514,220,36,184
E00057515,212,22,190
E00057516,207,22,185
E00057517,226,7,219
E00057518,284,51,233
E00057519,212,9,203
E00057520,261,36,225
E00057521,254,37,217
E00057522,271,56,215
E00057523,234,23,211
E00057524,265,34,231
E00057525,236,19,217
E00057527,263,51,212
E00057528,287,47,240
E00057529,267,38,229
E00057530,327,59,268
E00057531,270,28,242
E00057532,186,21,165
E00057533,279,35,244
E00057534,297,89,208
E00057535,316,60,256
E00057536,250,31,219
E00057537,261,55,206
E00057538,357,73,284
E00057539,246,41,205
E00057540,260,35,225
E00057541,236,23,213
E00057542,285,42,243
E00057543,442,86,356
E00057544,302,51,251
E00057545,237,30,207
E00057546,204,22,182
E00057547,244,39,205
E00057548,279,19,260
E00057549,264,39,225
E00057550,327,50,277
E00057551,252,32,220
E00057552,296,54,242
E00057553,270,37,233
E00057554,308,52,256
E00057555,251,27,224
E00057556,231,21,210
E00057557,260,43,217
E00057558,260,31,229
E00057559,348,60,288
E00057560,282,33,249
E00057561,237,26,211
E00057562,281,47,234
E00057563,198,13,185
E00057564,302,69,233
E00057565,271,90,181
E00057566,340,68,272
E00057567,499,167,332
E00057568,488,151,337
E00057570,555,185,370
E00057571,347,88,259
E00057573,293,91,202
E00057574,291,86,205
E00057575,378,158,220
E00057576,232,41,191
E00057577,449,143,306
E00057578,289,58,231
E00057579,366,104,262
E00057580,384,103,281
E00057581,326,90,236
E00057582,332,97,235
E00057583,396,150,246
E00057584,353,117,236
E00057585,337,117,220
E00057586,263,76,187
E00057587,352,130,222
E00057590,363,134,229
E00057591,413,154,259
E00057592,490,196,294
E00057593,398,155,243
E00057594,559,234,325
E00057595,465,160,305
E00057596,261,88,173
E00057597,527,162,365
E00057598,406,114,292
E00057599,330,94,236
E00057600,338,109,229
E00057601,307,83,224
E00057602,399,124,275
E00057603,353,92,261
E00057604,269,72,197
E00057605,319,91,228
E00057606,230,43,187
E00057607,385,132,253
E00057608,367,100,267
E00057609,297,106,191
E00057610,256,75,181
E00057611,296,91,205
E00057612,366,114,252
E00057613,271,65,206
E00057614,288,60,228
E00057615,365,112,253
E00057616,343,101,242
E00057617,329,118,211
E00057618,323,110,213
E00057619,243,38,205
E00057620,341,93,248
E00057621,367,88,279
E00057622,264,44,220
E00057623,295,77,218
E00057624,226,52,174
E00057625,282,51,231
E00057626,332,99,233
E00057627,253,55,198
E00057628,312,249,63
E00057629,357,231,126
E00057630,422,333,89
E00057631,267,132,135
E00057632,306,216,90
E00057633,245,147,98
E00057634,346,83,263
E00057635,307,228,79
E00057637,447,271,176
E00057638,314,193,121
E00057639,483,277,206
E00057641,292,110,182
E00057642,470,214,256
E00057643,391,226,165
E00057646,398,311,87
E00057647,308,225,83
E00057648,621,577,44
E00057649,495,355,140
E00057650,610,492,118
E00057651,421,347,74
E00057652,459,397,62
E00057653,311,220,91
E00057654,371,204,167
E00057655,328,128,200
E00057656,113,65,48
E00057657,376,309,67
E00057658,424,350,74
E00057659,387,269,118
E00057660,141,91,50
E00057661,596,516,80
E00057662,378,318,60
E00057663,451,380,71
E00057664,368,285,83
E00057665,313,219,94
E00057666,347,222,125
E00057667,182,92,90
E00057668,188,88,100
E00057669,292,174,118
E00057670,178,116,62
E00057671,151,34,117
E00057672,277,35,242
E00057673,344,65,279
E00057674,197,50,147
E00057675,209,49,160
E00057676,263,58,205
E00057679,220,112,108
E00057680,266,85,181
E00057681,477,184,293
E00057682,399,264,135
E00057683,217,97,120
E00057684,168,81,87
E00057685,191,69,122
E00057686,436,327,109
E00057687,208,142,66
E00057689,417,236,181
E00057690,391,245,146
E00057691,316,205,111
E00057692,349,201,148
E00057693,263,149,114
E00057695,259,178,81
E00057696,267,107,160
E00057697,295,120,175
E00057698,323,100,223
E00057699,269,186,83
E00057700,452,383,69
E00057701,270,204,66
E00057702,298,109,189
E00057703,552,481,71
E00057704,250,149,101
E00057705,354,49,305
E00057706,267,90,177
E00057707,263,52,211
E00057708,328,82,246
E00057709,342,73,269
E00057710,321,69,252
E00057711,309,53,256
E00057712,468,90,378
E00057713,280,51,229
E00057714,264,62,202
E00057715,253,50,203
E00057716,342,65,277
E00057717,274,56,218
E00057718,332,78,254
E00057719,291,47,244
E00057720,271,49,222
E00057721,296,58,238
E00057722,368,74,294
E00057723,359,75,284
E00057724,296,62,234
E00057725,279,44,235
E00057727,441,112,329
E00057728,321,51,270
E00057729,275,59,216
E00057730,227,41,186
E00057731,330,73,257
E00057732,405,81,324
E00057733,333,80,253
E00057734,359,91,268
E00057735,424,133,291
E00057736,247,25,222
E00057737,278,78,200
E00057738,512,243,269
E00057739,331,53,278
E00057740,571,369,202
E00057741,297,58,239
E00057742,345,90,255
E00057743,230,36,194
E00057744,305,66,239
E00057745,265,58,207
E00057746,260,66,194
E00057747,273,47,226
E00057748,290,68,222
E00057749,202,33,169
E00057751,233,40,193
E00057752,277,56,221
E00057753,225,43,182
E00057754,270,69,201
E00057755,300,60,240
E00057756,229,29,200
E00057757,218,24,194
E00057758,341,76,265
E00057759,220,38,182
E00057760,231,35,196
E00057761,257,38,219
E00057762,320,84,236
E00057763,306,58,248
E00057764,346,70,276
E00057765,301,58,243
E00057766,287,43,244
E00057767,252,45,207
E00057768,312,84,228
E00057769,332,48,284
E00057770,271,52,219
E00057771,241,35,206
E00057772,236,40,196
E00057773,265,51,214
E00057774,240,48,192
E00057775,289,45,244
E00057776,272,60,212
E00057777,247,49,198
E00057778,282,71,211
E00057779,334,92,242
E00057780,297,85,212
E00057781,242,61,181
E00057782,301,102,199
E00057783,335,125,210
E00057784,309,85,224
E00057785,337,61,276
E00057786,285,56,229
E00057787,483,87,396
E00057788,314,74,240
E00057789,256,50,206
E00057790,182,30,152
E00057791,284,66,218
E00057792,263,32,231
E00057793,241,32,209
E00057794,234,23,211
E00057795,291,39,252
E00057796,204,27,177
E00057797,342,86,256
E00057798,316,65,251
E00057799,182,29,153
E00057800,228,46,182
E00057801,269,63,206
E00057802,154,29,125
E00057803,273,76,197
E00057804,279,80,199
E00057805,284,78,206
E00057806,433,89,344
E00057807,176,14,162
E00057808,362,148,214
E00057809,196,34,162
E00057810,309,95,214
E00057811,335,79,256
E00057812,233,29,204
E00057813,248,35,213
E00057814,323,77,246
E00057815,271,21,250
E00057816,290,91,199
E00057817,305,67,238
E00057818,231,43,188
E00057819,307,83,224
E00057820,232,46,186
E00057821,231,31,200
E00057822,313,82,231
E00057823,297,69,228
E00057824,303,57,246
E00057826,212,39,173
E00057827,332,90,242
E00057829,208,51,157
E00057830,218,71,147
E00057831,270,65,205
E00057832,370,122,248
E00057833,377,180,197
E00057834,299,71,228
E00057835,348,101,247
E00057838,308,66,242
E00057839,290,44,246
E00057840,308,64,244
E00057841,343,91,252
E00057842,235,27,208
E00057843,309,103,206
E00057844,296,59,237
E00057845,337,146,191
E00057846,279,60,219
E00057847,242,31,211
E00057848,268,65,203
E00057849,459,293,166
E00057850,237,42,195
E00057851,282,45,237
E00057852,372,141,231
E00057853,207,35,172
E00057854,431,171,260
E00057855,342,154,188
E00057856,244,91,153
E00057857,267,143,124
E00057858,285,109,176
E00057859,451,227,224
E00057860,304,86,218
E00057861,254,59,195
E00057862,336,81,255
E00057863,214,30,184
E00057864,342,108,234
E00057865,269,52,217
E00057866,325,90,235
E00057867,320,73,247
E00057868,272,42,230
E00057869,297,73,224
E00057871,268,29,239
E00057872,205,30,175
E00057873,295,44,251
E00057874,233,26,207
E00057875,382,79,303
E00057876,349,110,239
E00057877,206,65,141
E00057878,280,49,231
E00057879,321,41,280
E00057880,206,38,168
E00057881,251,16,235
E00057882,250,38,212
E00057883,252,36,216
E00057884,300,45,255
E00057885,388,129,259
E00057887,452,158,294
E00057888,172,40,132
E00057889,364,82,282
E00057891,454,192,262
E00057892,303,118,185
E00057893,274,51,223
E00057894,412,205,207
E00057895,231,30,201
E00057896,245,84,161
E00057897,308,100,208
E00057898,351,159,192
E00057899,267,41,226
E00057900,264,44,220
E00057901,251,36,215
E00057902,361,91,270
E00057903,307,77,230
E00057904,294,61,233
E00057905,319,46,273
E00057906,246,37,209
E00057907,293,96,197
E00057908,248,76,172
E00057909,310,47,263
E00057911,304,56,248
E00057913,247,59,188
E00057914,259,53,206
E00057916,400,113,287
E00057917,409,106,303
E00057918,228,29,199
E00057919,344,109,235
E00057920,331,85,246
E00057921,327,82,245
E00057922,205,56,149
E00057923,315,96,219
E00057924,318,66,252
E00057925,281,59,222
E00057926,278,40,238
E00057927,304,46,258
E00057928,266,35,231
E00057929,305,41,264
E00057932,339,57,282
E00057933,235,59,176
E00057934,300,64,236
E00057935,371,87,284
E00057936,262,65,197
E00057937,289,41,248
E00057938,463,132,331
E00057939,367,80,287
E00057940,329,86,243
E00057941,287,53,234
E00057942,275,80,195
E00057943,202,56,146
E00057944,286,76,210
E00057945,173,21,152
E00057946,507,195,312
E00057947,216,61,155
E00057949,209,67,142
E00057950,346,50,296
E00057951,443,137,306
E00057952,222,68,154
E00057955,298,59,239
E00057956,275,73,202
E00057957,268,50,218
E00057959,304,79,225
E00057960,406,94,312
E00057961,405,95,310
E00057962,291,55,236
E00057963,310,77,233
E00057965,463,106,357
E00057966,250,38,212
E00057967,212,27,185
E00057968,269,34,235
E00057969,244,39,205
E00057970,226,38,188
E00057971,276,43,233
E00057972,281,61,220
E00057973,356,84,272
E00057974,342,82,260
E00057975,341,66,275
E00057976,259,63,196
E00057977,301,54,247
E00057978,321,63,258
E00057979,326,56,270
E00057980,468,107,361
E00057981,230,38,192
E00057982,271,46,225
E00057983,242,43,199
E00057984,336,72,264
E00057985,428,101,327
E00057986,297,54,243
E00057987,289,62,227
E00057988,296,56,240
E00057989,321,65,256
E00057990,245,38,207
E00057991,248,44,204
E00057992,335,52,283
E00057993,235,32,203
E00057994,246,50,196
E00057995,216,52,164
E00057996,249,29,220
E00057997,293,69,224
E00057998,175,40,135
E00057999,262,55,207
E00058000,249,54,195
E00058001,327,69,258
E00058002,254,56,198
E00058003,251,51,200
E00058004,247,43,204
E00058005,249,37,212
E00058006,223,27,196
E00058007,299,60,239
E00058008,210,11,199
E00058009,317,66,251
E00058010,326,79,247
E00058011,270,57,213
E00058012,275,61,214
E00058013,344,76,268
E00058014,310,57,253
E00058015,294,82,212
E00058016,577,127,450
E00058017,326,55,271
E00058018,245,39,206
E00058019,233,28,205
E00058020,337,71,266
E00058021,332,90,242
E00058022,182,18,164
E00058023,364,99,265
E00058024,367,68,299
E00058025,253,48,205
E00058026,194,11,183
E00058027,369,68,301
E00058028,304,64,240
E00058029,185,38,147
E00058030,311,68,243
E00058031,281,53,228
E00058032,311,57,254
E00058033,345,66,279
E00058034,309,67,242
E00058036,333,79,254
E00058037,316,54,262
E00058038,296,66,230
E00058039,331,47,284
E00058040,275,56,219
E00058041,403,84,319
E00058043,306,50,256
E00058044,285,37,248
E00058045,225,35,190
E00058047,246,36,210
E00058048,366,84,282
E00058049,239,48,191
E00058050,314,78,236
E00058051,254,30,224
E00058052,216,19,197
E00058053,288,54,234
E00058054,243,31,212
E00058055,314,48,266
E00058056,260,43,217
E00058057,396,61,335
E00058058,247,41,206
E00058059,443,75,368
E00058060,291,56,235
E00058061,276,33,243
E00058062,316,58,258
E00058063,249,35,214
E00058064,270,33,237
E00058065,132,17,115
E00058066,271,58,213
E00058067,301,58,243
E00058068,272,24,248
E00058069,299,55,244
E00058070,266,26,240
E00058071,265,57,208
E00058072,311,44,267
E00058073,451,63,388
E00058074,263,48,215
E00058075,325,89,236
E00058076,296,60,236
E00058077,283,45,238
E00058078,374,86,288
E00058079,306,64,242
E00058080,312,29,283
E00058081,292,60,232
E00058082,408,88,320
E00058083,241,23,218
E00058084,199,19,180
E00058086,304,37,267
E00058087,282,46,236
E00058088,252,29,223
E00058090,355,57,298
E00058091,425,95,330
E00058092,246,46,200
E00058093,253,43,210
E00058094,286,33,253
E00058095,289,58,231
E00058096,303,57,246
E00058097,236,43,193
E00058098,302,38,264
E00058099,297,62,235
E00058100,272,49,223
E00058101,348,69,279
E00058102,308,36,272
E00058103,282,41,241
E00058104,287,36,251
E00058105,302,66,236
E00058106,255,38,217
E00058107,322,78,244
E00058108,250,37,213
E00058109,233,36,197
E00058110,281,36,245
E00058111,376,39,337
E00058112,329,63,266
E00058113,233,21,212
E00058114,215,31,184
E00058115,548,109,439
E00058116,204,35,169
E00058117,219,15,204
E00058118,274,58,216
E00058119,207,34,173
E00058120,280,60,220
E00058121,404,76,328
E00058122,227,11,216
E00058123,242,38,204
E00058124,167,16,151
E00058125,270,25,245
E00058126,274,60,214
E00058127,294,38,256
E00058128,393,74,319
E00058129,280,42,238
E00058130,506,111,395
E00058131,288,52,236
E00058132,431,93,338
E00058133,320,60,260
E00058134,260,40,220
E00058135,272,37,235
E00058136,329,75,254
E00058137,246,45,201
E00058138,307,55,252
E00058139,255,38,217
E00058140,251,49,202
E00058141,309,90,219
E00058142,329,77,252
E00058143,332,59,273
E00058144,304,65,239
E00058145,307,52,255
E00058146,296,55,241
E00058147,249,50,199
E00058148,298,44,254
E00058149,261,40,221
E00058150,264,39,225
E00058151,293,75,218
E00058152,320,64,256
E00058153,258,40,218
E00058154,315,44,271
E00058155,257,42,215
E00058156,334,62,272
E00058157,315,69,246
E00058158,368,74,294
E00058159,192,10,182
E00058160,300,53,247
E00058161,311,45,266
E00058162,241,31,210
E00058163,340,54,286
E00058164,337,70,267
E00058165,412,78,334
E00058166,230,29,201
E00058167,229,21,208
E00058168,369,67,302
E00058169,291,44,247
E00058170,247,39,208
E00058171,230,34,196
E00058172,395,87,308
E00058173,313,65,248
E00058174,253,53,200
E00058175,329,82,247
E00058177,226,39,187
E00058178,349,65,284
E00058179,287,72,215
E00058180,238,40,198
E00058181,285,46,239
E00058182,283,48,235
E00058183,269,34,235
E00058184,258,34,224
E00058185,288,65,223
E00058186,456,88,368
E00058187,294,64,230
E00058188,294,73,221
E00058189,228,11,217
E00058190,240,45,195
E00058192,194,14,180
E00058193,296,61,235
E00058194,260,49,211
E00058195,239,35,204
E00058196,317,54,263
E00058197,198,17,181
E00058199,241,32,209
E00058200,282,46,236
E00058201,264,26,238
E00058202,269,54,215
E00058204,223,29,194
E00058205,519,157,362
E00058206,202,16,186
E00058207,368,64,304
E00058208,318,74,244
E00058209,278,35,243
E00058210,296,74,222
E00058212,370,78,292
E00058213,274,62,212
E00058214,333,38,295
E00058215,308,36,272
E00058216,224,6,218
E00058217,257,27,230
E00058218,282,80,202
E00058219,299,59,240
E00058220,402,84,318
E00058221,244,43,201
E00058222,285,20,265
E00058223,325,61,264
E00058224,279,47,232
E00058226,235,33,202
E00058227,254,50,204
E00058228,221,41,180
E00058229,285,96,189
E00058230,287,65,222
E00058231,255,69,186
E00058232,276,49,227
E00058233,355,97,258
E00058234,323,72,251
E00058235,235,33,202
E00058236,288,36,252
E00058237,332,78,254
E00058238,269,47,222
E00058239,284,42,242
E00058240,316,64,252
E00058241,276,66,210
E00058242,230,44,186
E00058243,239,35,204
E00058244,271,68,203
E00058245,235,26,209
E00058246,238,39,199
E00058247,206,28,178
E00058248,275,72,203
E00058249,254,49,205
E00058250,252,43,209
E00058251,278,70,208
E00058252,284,45,239
E00058253,304,77,227
E00058254,258,93,165
E00058255,307,84,223
E00058256,269,64,205
E00058257,258,80,178
E00058258,269,85,184
E00058259,222,35,187
E00058260,300,74,226
E00058261,249,55,194
E00058262,311,56,255
E00058263,220,28,192
E00058264,265,65,200
E00058265,292,82,210
E00058266,104,11,93
E00058267,288,61,227
E00058268,278,53,225
E00058269,300,68,232
E00058270,344,79,265
E00058271,222,36,186
E00058272,301,76,225
E00058273,186,6,180
E00058274,292,69,223
E00058275,307,57,250
E00058276,233,45,188
E00058277,180,16,164
E00058278,266,46,220
E00058279,277,61,216
E00058280,243,50,193
E00058281,210,15,195
E00058282,277,70,207
E00058283,320,79,241
E00058284,271,62,209
E00058285,138,20,118
E00058286,174,33,141
E00058287,383,86,297
E00058288,326,94,232
E00058289,283,83,200
E00058290,279,44,235
E00058291,228,36,192
E00058292,292,58,234
E00058293,283,49,234
E00058294,253,27,226
E00058295,299,37,262
E00058296,345,61,284
E00058297,328,72,256
E00058298,278,33,245
E00058299,311,58,253
E00058300,297,50,247
E00058301,222,24,198
E00058302,296,64,232
E00058303,299,46,253
E00058304,265,38,227
E00058305,221,51,170
E00058306,330,70,260
E00058307,273,56,217
E00058308,314,64,250
E00058309,290,36,254
E00058310,279,47,232
E00058311,294,62,232
E00058312,166,22,144
E00058313,355,77,278
E00058314,263,34,229
E00058315,286,58,228
E00058317,231,21,210
E00058318,209,31,178
E00058319,247,36,211
E00058320,256,41,215
E00058321,270,58,212
E00058322,265,45,220
E00058323,308,65,243
E00058325,272,37,235
E00058326,323,74,249
E00058327,418,82,336
E00058328,281,49,232
E00058329,243,30,213
E00058330,287,48,239
E00058331,349,77,272
E00058332,168,32,136
E00058333,277,38,239
E00058334,281,42,239
E00058335,217,19,198
E00058336,253,36,217
E00058337,281,39,242
E00058338,310,52,258
E00058339,423,91,332
E00058340,381,61,320
E00058341,265,43,222
E00058342,227,50,177
E00058343,236,64,172
E00058344,300,46,254
E00058345,258,44,214
E00058347,248,36,212
E00058348,267,51,216
E00058349,269,32,237
E00058350,269,57,212
E00058351,307,44,263
E00058352,302,42,260
E00058353,220,36,184
E00058354,350,69,281
E00058355,222,31,191
E00058356,311,52,259
E00058357,248,32,216
E00058358,278,47,231
E00058359,259,44,215
E00058360,235,34,201
E00058361,289,42,247
E00058362,283,46,237
E00058363,290,42,248
E00058364,339,70,269
E00058365,296,71,225
E00058366,301,43,258
E00058367,301,49,252
E00058368,248,33,215
E00058369,378,72,306
E00058370,190,32,158
E00058371,326,52,274
E00058372,282,50,232
E00058373,268,61,207
E00058374,247,59,188
E00058375,332,67,265
E00058376,291,72,219
E00058377,156,18,138
E00058378,275,49,226
E00058379,174,23,151
E00058380,243,22,221
E00058381,291,57,234
E00058382,283,55,228
E00058383,546,127,419
E00058384,303,49,254
E00058385,266,55,211
E00058386,497,100,397
E00058387,299,34,265
E00058388,289,49,240
E00058389,329,25,304
E00058390,308,39,269
E00058391,408,88,320
E00058392,319,85,234
E00058393,232,35,197
E00058394,249,36,213
E00058395,357,70,287
E00058396,360,86,274
E00058397,378,92,286
E00058398,326,83,243
E00058399,367,105,262
E00058400,274,54,220
E00058401,316,65,251
E00058402,334,61,273
E00058403,318,69,249
E00058404,327,84,243
E00058405,258,43,215
E00058406,260,21,239
E00058407,425,65,360
E00058408,267,29,238
E00058409,303,56,247
E00058410,234,42,192
E00058411,290,61,229
E00058412,297,59,238
E00058413,261,21,240
E00058414,261,39,222
E00058415,386,78,308
E00058416,469,96,373
E00058417,291,51,240
E00058419,309,81,228
E00058420,213,23,190
E00058421,292,39,253
E00058422,247,37,210
E00058423,311,54,257
E00058424,240,38,202
E00058425,211,50,161
E00058426,454,79,375
E00058427,328,92,236
E00058428,341,86,255
E00058429,347,94,253
E00058430,310,56,254
E00058432,211,25,186
E00058433,268,40,228
E00058434,293,61,232
E00058435,270,55,215
E00058436,235,36,199
E00058437,203,24,179
E00058438,232,43,189
E00058439,241,59,182
E00058440,247,54,193
E00058441,341,46,295
E00058442,299,72,227
E00058443,246,39,207
E00058444,356,85,271
E00058445,314,65,249
E00058446,268,59,209
E00058447,390,66,324
E00058448,236,49,187
E00058449,395,103,292
E00058450,248,46,202
E00058451,270,35,235
E00058452,481,105,376
E00058453,364,22,342
E00058454,342,48,294
E00058455,446,88,358
E00058456,250,26,224
E00058457,329,43,286
E00058458,499,82,417
E00058459,222,26,196
E00058460,181,16,165
E00058461,239,37,202
E00058462,269,39,230
E00058463,283,46,237
E00058464,323,66,257
E00058465,282,51,231
E00058466,291,86,205
E00058467,274,70,204
E00058468,332,68,264
E00058469,342,62,280
E00058470,354,65,289
E00058471,253,43,210
E00058472,334,66,268
E00058473,295,72,223
E00058474,318,60,258
E00058475,333,62,271
E00058476,285,42,243
E00058477,328,57,271
E00058478,393,65,328
E00058479,477,120,357
E00058481,440,111,329
E00058482,339,35,304
E00058484,269,67,202
E00058485,291,29,262
E00058486,358,77,281
E00058487,297,51,246
E00058488,305,62,243
E00058489,287,72,215
E00058490,338,69,269
E00058491,315,64,251
E00058492,347,48,299
E00058493,261,38,223
E00058494,193,15,178
E00058495,305,39,266
E00058496,287,50,237
E00058498,400,70,330
E00058499,298,39,259
E00058500,314,68,246
E00058501,302,68,234
E00058502,292,45,247
E00058503,279,51,228
E00058504,314,54,260
E00058505,280,55,225
E00058506,282,67,215
E00058507,293,57,236
E00058508,254,56,198
E00058509,237,43,194
E00058510,241,48,193
E00058511,301,66,235
E00058512,309,47,262
E00058513,245,72,173
E00058514,267,72,195
E00058515,243,50,193
E00058516,179,40,139
E00058517,351,97,254
E00058518,324,61,263
E00058519,206,39,167
E00058520,225,25,200
E00058521,249,23,226
E00058522,249,58,191
E00058523,254,46,208
E00058524,315,99,216
E00058525,244,34,210
E00058526,292,27,265
E00058527,343,51,292
E00058528,218,38,180
E00058529,257,30,227
E00058530,174,1,173
E00058531,317,104,213
E00058532,255,36,219
E00058533,288,44,244
E00058534,244,14,230
E00058535,312,34,278
E00058536,249,39,210
E00058537,316,63,253
E00058538,307,54,253
E00058539,257,75,182
E00058540,266,72,194
E00058541,269,69,200
E00058543,229,54,175
E00058544,470,171,299
E00058545,249,82,167
E00058546,409,117,292
E00058547,282,51,231
E00058548,336,107,229
E00058549,332,90,242
E00058550,445,141,304
E00058551,327,44,283
E00058552,336,87,249
E00058554,234,56,178
E00058555,397,96,301
E00058556,225,41,184
E00058557,254,95,159
E00058558,391,83,308
E00058559,284,73,211
E00058561,250,90,160
E00058562,283,50,233
E00058563,281,90,191
E00058564,480,153,327
E00058565,266,70,196
E00058566,268,72,196
E00058567,318,125,193
E00058568,264,119,145
E00058571,388,143,245
E00058572,491,135,356
E00058573,302,93,209
E00058574,320,88,232
E00058575,206,28,178
E00058576,364,104,260
E00058577,301,59,242
E00058578,356,108,248
E00058579,259,92,167
E00058580,300,101,199
E00058581,316,88,228
E00058583,160,28,132
E00058585,276,90,186
E00058586,215,64,151
E00058587,216,44,172
E00058588,307,73,234
E00058589,319,89,230
E00058590,281,55,226
E00058591,214,46,168
E00058592,355,99,256
E00058593,278,76,202
E00058594,296,64,232
E00058595,256,59,197
E00058596,342,81,261
E00058597,376,109,267
E00058598,219,62,157
E00058599,246,46,200
E00058600,295,83,212
E00058601,300,50,250
E00058602,249,45,204
E00058603,208,18,190
E00058604,256,35,221
E00058605,496,88,408
E00058606,282,30,252
E00058607,355,83,272
E00058608,385,130,255
E00058609,333,61,272
E00058610,302,32,270
E00058611,298,75,223
E00058612,255,47,208
E00058613,308,58,250
E00058614,306,40,266
E00058616,311,39,272
E00058618,281,49,232
E00058619,256,55,201
E00058620,294,45,249
E00058621,224,33,191
E00058622,220,37,183
E00058623,267,33,234
E00058624,261,41,220
E00058625,275,43,232
E00058626,235,34,201
E00058627,177,36,141
E00058628,331,68,263
E00058629,255,35,220
E00058630,305,46,259
E00058631,219,27,192
E00058632,248,64,184
E00058633,318,49,269
E00058634,209,20,189
E00058635,251,48,203
E00058636,297,48,249
E00058637,278,37,241
E00058638,262,32,230
E00058639,384,55,329
E00058640,379,80,299
E00058642,304,43,261
E00058643,265,45,220
E00058644,235,42,193
E00058646,234,38,196
E00058647,255,31,224
E00058648,274,62,212
E00058649,294,55,239
E00058650,249,37,212
E00058651,247,40,207
E00058652,418,87,331
E00058653,282,54,228
E00058654,258,46,212
E00058655,192,49,143
E00058656,252,35,217
E00058657,232,23,209
E00058658,221,16,205
E00058659,267,39,228
E00058660,243,41,202
E00058661,231,36,195
E00058662,210,39,171
E00058663,250,54,196
E00058664,281,37,244
E00058665,278,54,224
E00058666,227,35,192
E00058667,163,23,140
E00058668,376,54,322
E00058669,353,98,255
E00058670,270,64,206
E00058671,354,58,296
E00058672,345,82,263
E00058673,307,72,235
E00058674,223,28,195
E00058675,295,54,241
E00058676,331,65,266
E00058677,327,57,270
E00058678,417,123,294
E00058679,570,144,426
E00058680,280,62,218
E00058681,366,75,291
E00058682,382,59,323
E00058683,230,40,190
E00058684,334,57,277
E00058685,292,35,257
E00058686,387,86,301
E00058687,298,70,228
E00058688,323,43,280
E00058689,325,36,289
E00058690,340,80,260
E00058691,349,76,273
E00058692,276,60,216
E00058693,336,96,240
E00058694,233,28,205
E00058695,278,75,203
E00058696,259,43,216
E00058697,196,31,165
E00058698,364,99,265
E00058699,400,100,300
E00058700,260,62,198
E00058701,363,90,273
E00058702,271,80,191
E00058703,388,80,308
E00058704,351,60,291
E00058705,141,14,127
E00058706,257,54,203
E00058707,345,81,264
E00058708,339,82,257
E00058709,300,78,222
E00058710,290,71,219
E00058711,273,67,206
E00058712,327,73,254
E00058713,322,77,245
E00058714,351,94,257
E00058715,432,105,327
E00058716,383,105,278
E00058717,500,128,372
E00058718,349,89,260
E00058719,458,152,306
E00058720,449,124,325
E00058721,326,71,255
E00058722,225,59,166
E00058723,274,46,228
E00058724,299,47,252
E00058725,215,17,198
E00058726,210,16,194
E00058727,289,65,224
E00058728,166,13,153
E00058729,277,54,223
E00058730,238,63,175
E00058731,305,97,208
E00058732,286,68,218
E00058733,284,76,208
E00058734,368,80,288
E00058735,244,48,196
E00058736,342,66,276
E00058737,118,19,99
E00058738,272,52,220
E00058739,236,39,197
E00058740,275,52,223
E00058741,150,55,95
E00058742,295,46,249
E00058743,360,123,237
E00058744,420,158,262
E00058745,364,146,218
E00058746,346,154,192
E00058747,277,35,242
E00058748,250,92,158
E00058749,311,72,239
E00058750,193,25,168
E00058751,160,19,141
E00058752,262,48,214
E00058753,344,116,228
E00058754,293,88,205
E00058755,432,129,303
E00058756,427,99,328
E00058757,278,44,234
E00058759,281,116,165
E00058760,211,19,192
E00058761,382,127,255
E00058762,387,121,266
E00058764,270,40,230
E00058765,267,51,216
E00058766,371,127,244
E00058767,280,38,242
E00058768,212,25,187
E00058769,370,102,268
E00058770,263,62,201
E00058771,316,55,261
E00058772,223,36,187
E00058773,234,49,185
E00058774,185,28,157
E00058775,255,62,193
E00058776,337,89,248
E00058777,240,41,199
E00058778,263,58,205
E00058779,256,54,202
E00058780,327,65,262
E00058781,355,95,260
E00058782,287,71,216
E00058783,255,54,201
E00058784,326,79,247
E00058785,200,15,185
E00058786,417,80,337
E00058787,312,61,251
E00058788,199,5,194
E00058789,277,65,212
E00058790,243,44,199
E00058791,258,38,220
E00058792,307,68,239
E00058793,222,30,192
E00058794,373,25,348
E00058795,254,38,216
E00058796,279,53,226
E00058797,256,47,209
E00058798,342,86,256
E00058799,272,73,199
E00058800,243,160,83
E00058801,313,214,99
E00058802,195,101,94
E00058803,265,99,166
E00058805,379,139,240
E00058806,412,132,280
E00058807,273,70,203
E00058808,422,108,314
E00058809,360,83,277
E00058810,540,394,146
E00058811,269,169,100
E00058812,388,215,173
E00058813,345,213,132
E00058814,223,144,79
E00058816,340,108,232
E00058818,256,124,132
E00058821,360,235,125
E00058823,251,177,74
E00058826,300,219,81
E00058827,168,119,49
E00058828,272,164,108
E00058829,173,43,130
E00058830,148,60,88
E00058831,181,125,56
E00058832,359,198,161
E00058833,197,105,92
E00058834,238,133,105
E00058836,155,47,108
E00058837,303,157,146
E00058838,261,131,130
E00058840,258,98,160
E00058842,223,126,97
E00058843,228,86,142
E00058844,233,83,150
E00058847,218,75,143
E00058849,280,75,205
E00058850,229,76,153
E00058851,214,67,147
E00058852,238,90,148
E00058853,255,126,129
E00058854,336,90,246
E00058855,252,120,132
E00058856,481,435,46
E00058858,285,71,214
E00058859,166,95,71
E00058861,255,99,156
E00058862,265,159,106
E00058864,372,117,255
E00058865,367,81,286
E00058866,943,875,68
E00058867,125,10,115
E00058869,200,58,142
E00058870,284,200,84
E00058871,142,16,126
E00058872,169,96,73
E00058873,175,45,130
E00058874,261,76,185
E00058875,136,19,117
E00058876,216,75,141
E00058877,348,93,255
E00058878,223,56,167
E00058879,305,113,192
E00058880,305,77,228
E00058881,555,429,126
E00058884,130,75,55
E00058885,392,261,131
E00058887,354,57,297
E00058889,209,63,146
E00058890,188,50,138
E00058891,191,18,173
E00058892,153,52,101
E00058893,255,47,208
E00058894,392,75,317
E00058895,193,42,151
E00058896,267,100,167
E00058897,323,132,191
E00058898,330,119,211
E00058899,385,122,263
E00058900,292,79,213
E00058902,520,97,423
E00058903,255,32,223
E00058904,344,67,277
E00058905,215,39,176
E00058906,248,50,198
E00058907,409,75,334
E00058909,166,32,134
E00058910,292,62,230
E00058911,313,64,249
E00058912,320,40,280
E00058913,134,22,112
E00058914,300,42,258
E00058915,179,33,146
E00058917,283,42,241
E00058918,182,55,127
E00058919,375,119,256
E00058920,126,11,115
E00058921,211,43,168
E00058922,184,28,156
E00058923,247,33,214
E00058924,245,17,228
E00058925,217,34,183
E00058926,335,58,277
E00058927,182,44,138
E00058928,250,50,200
E00058929,260,50,210
E00058930,252,48,204
E00058931,277,125,152
E00058932,308,57,251
E00058933,260,71,189
E00058934,245,45,200
E00058935,215,33,182
E00058936,221,58,163
E00058937,271,67,204
E00058938,320,116,204
E00058939,174,36,138
E00058940,164,29,135
E00058941,223,47,176
E00058942,291,67,224
E00058943,211,30,181
E00058944,254,33,221
E00058945,323,67,256
E00058947,313,45,268
E00058948,257,51,206
E00058949,263,57,206
E00058950,332,64,268
E00058951,264,48,216
E00058952,273,45,228
E00058953,238,49,189
E00058954,252,48,204
E00058955,268,36,232
E00058956,159,35,124
E00058957,324,41,283
E00058958,252,19,233
E00058959,282,52,230
E00058960,227,52,175
E00058961,317,50,267
E00058962,343,58,285
E00058963,349,72,277
E00058964,363,60,303
E00058965,280,48,232
E00058966,313,43,270
E00058967,384,88,296
E00058968,366,76,290
E00058969,231,39,192
E00058970,254,49,205
E00058971,311,43,268
E00058972,279,53,226
E00058973,295,35,260
E00058974,257,39,218
E00058975,467,81,386
E00058976,457,83,374
E00058977,265,46,219
E00058978,280,47,233
E00058979,240,50,190
E00058980,233,42,191
E00058981,323,69,254
E00058982,298,54,244
E00058983,289,38,251
E00058984,296,50,246
E00058985,178,28,150
E00058986,300,49,251
E00058987,290,66,224
E00058988,232,41,191
E00058989,340,70,270
E00058990,491,122,369
E00058991,237,44,193
E00058992,244,34,210
E00058993,220,41,179
E00058994,364,83,281
E00058995,342,66,276
E00058996,343,75,268
E00058997,291,72,219
E00058998,326,61,265
E00058999,218,31,187
E00059000,242,35,207
E00059001,272,53,219
E00059002,306,63,243
E00059003,222,28,194
E00059004,257,46,211
E00059005,353,72,281
E00059006,257,43,214
E00059007,212,23,189
E00059008,297,52,245
E00059010,201,35,166
E00059011,316,62,254
E00059012,242,28,214
E00059013,332,68,264
E00059014,406,36,370
E00059015,516,91,425
E00059016,522,105,417
E00059017,271,32,239
E00059018,331,41,290
E00059019,257,40,217
E00059020,277,52,225
E00059021,255,45,210
E00059022,264,41,223
E00059023,285,50,235
E00059024,274,37,237
E00059025,469,58,411
E00059026,219,35,184
E00059027,191,24,167
E00059028,248,39,209
E00059029,222,23,199
E00059030,252,35,217
E00059031,407,73,334
E00059032,310,70,240
E00059033,227,24,203
E00059034,241,29,212
E00059035,190,5,185
E00059036,291,20,271
E00059037,234,21,213
E00059038,265,40,225
E00059039,228,26,202
E00059040,297,34,263
E00059041,222,14,208
E00059042,256,55,201
E00059043,195,18,177
E00059044,295,52,243
E00059045,276,38,238
E00059047,157,18,139
E00059048,246,42,204
E00059049,260,39,221
E00059050,322,84,238
E00059051,424,88,336
E00059052,261,52,209
E00059053,245,43,202
E00059054,395,72,323
E00059055,270,48,222
E00059056,261,45,216
E00059057,452,76,376
E00059058,270,59,211
E00059059,284,60,224
E00059060,283,62,221
E00059061,201,25,176
E00059062,216,33,183
E00059063,301,67,234
E00059064,349,62,287
E00059065,299,61,238
E00059066,258,56,202
E00059067,215,40,175
E00059068,363,36,327
E00059069,256,61,195
E00059071,292,75,217
E00059073,261,53,208
E00059074,383,87,296
E00059075,241,43,198
E00059076,285,82,203
E00059077,172,18,154
E00059078,226,44,182
E00059079,149,37,112
E00059080,304,73,231
E00059081,328,80,248
E00059082,410,99,311
E00059083,315,70,245
E00059084,316,63,253
E00059085,234,36,198
E00059086,360,119,241
E00059087,292,72,220
E00059088,320,68,252
E00059089,303,84,219
E00059090,367,88,279
E00059091,303,42,261
E00059092,363,68,295
E00059093,206,38,168
E00059094,282,38,244
E00059095,259,45,214
E00059096,296,75,221
E00059097,271,44,227
E00059098,121,25,96
E00059099,235,31,204
E00059100,237,46,191
E00059101,254,43,211
E00059102,327,54,273
E00059103,282,46,236
E00059104,311,55,256
E00059105,252,21,231
E00059106,327,63,264
E00059107,311,45,266
E00059108,280,37,243
E00059109,312,85,227
E00059110,266,50,216
E00059111,324,58,266
E00059112,300,70,230
E00059113,290,48,242
E00059114,235,47,188
E00059115,255,44,211
E00059116,250,27,223
E00059117,266,79,187
E00059118,277,74,203
E00059119,262,49,213
E00059120,299,52,247
E00059121,271,39,232
E00059122,278,60,218
E00059123,281,51,230
E00059124,416,76,340
E00059125,479,101,378
E00059126,254,43,211
E00059127,196,23,173
E00059128,279,42,237
E00059129,379,127,252
E00059130,411,65,346
E00059131,257,61,196
E00059132,227,44,183
E00059133,195,31,164
E00059134,311,33,278
E00059135,237,73,164
E00059136,211,27,184
E00059137,288,94,194
E00059138,242,64,178
E00059139,314,119,195
E00059140,252,70,182
E00059141,290,59,231
E00059142,234,44,190
E00059143,242,43,199
E00059144,264,33,231
E00059146,246,38,208
E00059147,221,30,191
E00059148,231,36,195
E00059149,269,44,225
E00059150,253,34,219
E00059151,261,27,234
E00059152,287,48,239
E00059153,269,52,217
E00059154,236,32,204
E00059155,222,38,184
E00059156,257,57,200
E00059157,134,17,117
E00059158,208,34,174
E00059159,238,43,195
E00059160,246,43,203
E00059161,442,108,334
E00059163,356,61,295
E00059164,195,32,163
E00059165,265,42,223
E00059166,270,55,215
E00059167,225,33,192
E00059168,253,24,229
E00059169,222,27,195
E00059170,199,41,158
E00059171,303,81,222
E00059172,223,33,190
E00059173,199,34,165
E00059174,279,55,224
E00059175,224,45,179
E00059176,329,114,215
E00059177,298,68,230
E00059178,292,67,225
E00059179,300,95,205
E00059180,267,47,220
E00059181,226,46,180
E00059182,297,61,236
E00059183,256,63,193
E00059184,258,45,213
E00059185,259,39,220
E00059186,301,66,235
E00059187,259,30,229
E00059188,279,50,229
E00059189,328,52,276
E00059190,267,32,235
E00059191,315,62,253
E00059192,305,72,233
E00059194,361,110,251
E00059195,342,90,252
E00059196,327,74,253
E00059197,342,92,250
E00059198,172,34,138
E00059199,299,65,234
E00059200,303,84,219
E00059201,291,72,219
E00059202,268,60,208
E00059203,341,74,267
E00059204,337,92,245
E00059205,225,40,185
E00059206,416,123,293
E00059207,285,67,218
E00059208,244,53,191
E00059209,324,66,258
E00059210,221,24,197
E00059211,270,50,220
E00059212,270,49,221
E00059213,253,45,208
E00059214,267,23,244
E00059215,274,64,210
E00059216,291,63,228
E00059217,261,52,209
E00059218,281,50,231
E00059219,219,38,181
E00059220,277,46,231
E00059221,250,28,222
E00059222,265,31,234
E00059223,250,33,217
E00059224,267,37,230
E00059225,276,40,236
E00059226,298,41,257
E00059227,314,49,265
E00059228,267,34,233
E00059229,276,39,237
E00059230,430,79,351
E00059231,264,32,232
E00059232,269,34,235
E00059233,203,16,187
E00059234,239,32,207
E00059235,260,36,224
E00059236,281,43,238
E00059237,280,72,208
E00059238,338,95,243
E00059239,218,33,185
E00059240,301,59,242
E00059241,275,36,239
E00059242,325,81,244
E00059243,328,65,263
E00059244,179,7,172
E00059245,229,33,196
E00059246,372,40,332
E00059247,292,41,251
E00059248,329,42,287
E00059249,248,40,208
E00059250,222,43,179
E00059251,309,65,244
E00059252,551,91,460
E00059253,244,43,201
E00059254,269,59,210
E00059255,345,40,305
E00059256,326,95,231
E00059257,389,77,312
E00059258,199,27,172
E00059259,278,34,244
E00059260,195,33,162
E00059261,323,34,289
E00059262,305,49,256
E00059264,226,32,194
E00059265,485,75,410
E00059267,299,58,241
E00059268,243,23,220
E00059269,213,23,190
E00059270,235,31,204
E00059271,267,33,234
E00059272,388,86,302
E00059273,243,36,207
E00059274,349,57,292
E00059275,242,37,205
E00059276,286,43,243
E00059277,244,31,213
E00059278,329,65,264
E00059279,357,81,276
E00059280,284,39,245
E00059281,547,134,413
E00059282,225,22,203
E00059283,246,30,216
E00059284,543,88,455
E00059286,393,73,320
E00059287,235,52,183
E00059289,339,51,288
E00059290,407,54,353
E00059291,245,27,218
E00059292,482,78,404
E00059293,315,72,243
E00059294,319,59,260
E00059295,162,10,152
E00059296,297,55,242
E00059297,210,36,174
E00059298,294,75,219
E00059299,195,19,176
E00059300,260,37,223
E00059301,248,46,202
E00059302,499,90,409
E00059303,221,37,184
E00059304,271,28,243
E00059305,274,30,244
E00059306,238,32,206
E00059307,269,47,222
E00059308,246,26,220
E00059309,217,29,188
E00059310,249,42,207
E00059312,188,34,154
E00059314,240,35,205
E00059315,168,15,153
E00059316,349,57,292
E00059317,262,36,226
E00059319,452,96,356
E00059320,337,60,277
E00059321,264,39,225
E00059322,227,32,195
E00059323,338,42,296
E00059324,279,34,245
E00059325,325,94,231
E00059327,281,39,242
E00059328,294,55,239
E00059329,269,50,219
E00059331,243,33,210
E00059332,260,34,226
E00059333,238,23,215
E00059334,255,30,225
E00059335,238,44,194
E00059336,380,69,311
E00059337,242,35,207
E00059338,179,20,159
E00059339,189,33,156
E00059340,250,47,203
E00059341,148,26,122
E00059342,390,67,323
E00059343,309,52,257
E00059344,349,65,284
E00059345,206,25,181
E00059346,370,83,287
E00059347,260,30,230
E00059348,295,48,247
E00059349,286,52,234
E00059350,234,50,184
E00059351,301,59,242
E00059353,249,66,183
E00059354,250,31,219
E00059355,285,36,249
E00059356,356,63,293
E00059357,214,25,189
E00059358,256,18,238
E00059359,294,45,249
E00059360,315,50,265
E00059361,232,56,176
E00059362,285,30,255
E00059363,278,61,217
E00059364,140,24,116
E00059365,167,14,153
E00059366,259,58,201
E00059367,220,29,191
E00059368,273,43,230
E00059369,255,44,211
E00059370,445,96,349
E00059371,301,32,269
E00059372,356,71,285
E00059373,419,65,354
E00059374,282,44,238
E00059375,223,27,196
E00059376,209,36,173
E00059377,260,27,233
E00059378,280,44,236
E00059379,258,27,231
E00059380,255,30,225
E00059381,338,55,283
E00059382,314,50,264
E00059383,329,48,281
E00059384,460,110,350
E00059385,286,37,249
E00059386,263,35,228
E00059387,224,41,183
E00059389,316,69,247
E00059390,287,57,230
E00059391,301,67,234
E00059392,280,57,223
E00059393,324,54,270
E00059395,271,56,215
E00059396,157,10,147
E00059398,272,32,240
E00059399,225,34,191
E00059400,266,76,190
E00059401,258,45,213
E00059402,277,66,211
E00059403,247,42,205
E00059404,265,39,226
E00059405,250,44,206
E00059406,269,23,246
E00059407,378,59,319
E00059409,304,71,233
E00059410,356,80,276
E00059412,296,43,253
E00059413,409,97,312
E00059414,288,36,252
E00059415,320,63,257
E00059416,312,43,269
E00059417,285,38,247
E00059418,278,26,252
E00059419,215,37,178
E00059420,403,83,320
E00059421,284,57,227
E00059422,336,59,277
E00059423,292,53,239
E00059424,298,45,253
E00059425,518,96,422
E00059426,343,75,268
E00059427,303,76,227
E00059428,388,65,323
E00059429,298,83,215
E00059430,321,67,254
E00059431,202,34,168
E00059432,265,46,219
E00059434,323,88,235
E00059435,240,60,180
E00059436,328,78,250
E00059437,227,10,217
E00059438,476,62,414
E00059439,293,41,252
E00059440,238,36,202
E00059441,282,44,238
E00059442,263,46,217
E00059445,241,16,225
E00059446,371,105,266
E00059447,494,90,404
E00059448,357,71,286
E00059449,287,30,257
E00059450,335,58,277
E00059451,254,27,227
E00059452,248,30,218
E00059453,199,23,176
E00059454,355,50,305
E00059455,171,18,153
E00059456,294,47,247
E00059457,403,103,300
E00059458,248,36,212
E00059459,416,58,358
E00059460,240,32,208
E00059461,288,45,243
E00059462,247,41,206
E00059463,240,56,184
E00059464,288,58,230
E00059465,231,10,221
E00059466,293,46,247
E00059467,374,71,303
E00059468,316,56,260
E00059469,256,48,208
E00059470,231,29,202
E00059471,336,64,272
E00059472,307,56,251
E00059473,233,18,215
E00059474,444,107,337
E00059475,389,95,294
E00059476,267,44,223
E00059477,382,81,301
E00059478,289,78,211
E00059479,292,69,223
E00059480,166,18,148
E00059481,362,55,307
E00059482,184,16,168
E00059483,354,47,307
E00059484,445,77,368
E00059485,385,88,297
E00059486,319,66,253
E00059487,212,21,191
E00059488,341,55,286
E00059489,152,17,135
E00059490,291,54,237
E00059491,244,50,194
E00059492,272,52,220
E00059493,274,50,224
E00059494,247,35,212
E00059495,223,21,202
E00059496,260,36,224
E00059497,314,77,237
E00059498,250,34,216
E00059499,223,29,194
E00059500,274,53,221
E00059501,282,41,241
E00059502,271,28,243
E00059503,255,39,216
E00059504,334,61,273
E00059505,256,42,214
E00059506,250,56,194
E00059507,256,49,207
E00059508,285,44,241
E00059509,241,46,195
E00059510,254,33,221
E00059511,263,49,214
E00059512,302,48,254
E00059513,224,45,179
E00059514,235,19,216
E00059515,207,27,180
E00059516,270,47,223
E00059517,285,52,233
E00059518,252,34,218
E00059519,228,34,194
E00059520,220,22,198
E00059521,305,60,245
E00059522,319,80,239
E00059523,252,60,192
E00059524,459,106,353
E00059525,289,58,231
E00059526,236,34,202
E00059527,322,80,242
E00059528,238,43,195
E00059529,251,57,194
E00059530,267,51,216
E00059531,285,27,258
E00059532,269,56,213
E00059533,242,42,200
E00059534,252,64,188
E00059535,247,62,185
E00059536,269,36,233
E00059537,298,90,208
E00059538,246,69,177
E00059540,291,21,270
E00059541,224,16,208
E00059542,362,99,263
E00059543,163,15,148
E00059544,294,54,240
E00059545,229,24,205
E00059546,299,35,264
E00059547,269,65,204
E00059548,296,49,247
E00059549,249,42,207
E00059551,230,5,225
E00059552,308,55,253
E00059553,247,27,220
E00059554,283,64,219
E00059555,344,23,321
E00059556,254,33,221
E00059557,232,28,204
E00059558,275,48,227
E00059559,269,30,239
E00059560,198,21,177
E00059561,263,33,230
E00059562,226,45,181
E00059563,232,26,206
E00059564,343,44,299
E00059565,297,55,242
E00059566,303,35,268
E00059567,304,50,254
E00059568,259,48,211
E00059569,255,41,214
E00059570,195,32,163
E00059571,291,51,240
E00059572,210,20,190
E00059573,301,48,253
E00059574,488,95,393
E00059575,231,58,173
E00059576,475,87,388
E00059577,266,47,219
E00059578,265,87,178
E00059579,263,37,226
E00059580,291,73,218
E00059581,425,103,322
E00059582,302,72,230
E00059583,312,69,243
E00059584,281,49,232
E00059585,261,49,212
E00059586,236,28,208
E00059587,284,27,257
E00059588,302,35,267
E00059589,267,45,222
E00059590,225,31,194
E00059591,295,47,248
E00059592,276,37,239
E00059593,313,55,258
E00059595,312,55,257
E00059596,243,49,194
E00059597,313,39,274
E00059598,295,57,238
E00059599,436,59,377
E00059600,254,41,213
E00059601,297,33,264
E00059602,236,23,213
E00059603,224,35,189
E00059604,270,44,226
E00059605,282,55,227
E00059606,261,56,205
E00059607,269,43,226
E00059609,290,64,226
E00059610,275,55,220
E00059611,264,66,198
E00059612,270,60,210
E00059613,237,32,205
E00059614,283,40,243
E00059615,322,40,282
E00059616,154,23,131
E00059617,474,98,376
E00059618,145,24,121
E00059619,212,32,180
E00059620,252,38,214
E00059621,196,21,175
E00059622,209,37,172
E00059623,357,95,262
E00059624,293,60,233
E00059625,268,34,234
E00059626,249,44,205
E00059628,285,44,241
E00059629,215,41,174
E00059630,231,42,189
E00059631,302,63,239
E00059632,236,43,193
E00059633,274,44,230
E00059634,294,50,244
E00059635,236,32,204
E00059636,282,27,255
E00059637,280,32,248
E00059638,276,44,232
E00059639,273,74,199
E00059640,385,97,288
E00059641,302,72,230
E00059642,268,39,229
E00059643,351,70,281
E00059644,353,62,291
E00059645,244,48,196
E00059646,252,27,225
E00059647,241,44,197
E00059648,290,70,220
E00059649,354,75,279
E00059650,273,52,221
E00059651,276,35,241
E00059652,350,62,288
E00059653,295,65,230
E00059654,484,109,375
E00059655,203,34,169
E00059656,253,21,232
E00059657,284,42,242
E00059658,260,30,230
E00059659,253,33,220
E00059660,255,26,229
E00059661,216,30,186
E00059662,332,73,259
E00059663,254,25,229
E00059664,321,62,259
E00059665,291,62,229
E00059666,340,64,276
E00059667,294,48,246
E00059668,205,17,188
E00059669,260,58,202
E00059670,285,37,248
E00059671,278,66,212
E00059672,286,48,238
E00059673,335,67,268
E00059674,292,45,247
E00059675,306,56,250
E00059676,249,40,209
E00059677,330,71,259
E00059678,287,55,232
E00059679,205,21,184
E00059681,264,28,236
E00059682,250,28,222
E00059683,275,43,232
E00059684,294,80,214
E00059685,287,27,260
E00059686,303,34,269
E00059687,249,24,225
E00059688,276,38,238
E00059690,306,40,266
E00059691,107,4,103
E00059692,304,52,252
E00059693,315,84,231
E00059696,277,45,232
E00059697,232,25,207
E00059698,282,25,257
E00059699,283,25,258
E00059700,137,1,136
E00059701,427,66,361
E00059702,291,36,255
E00059703,307,63,244
E00059704,215,36,179
E00059705,311,89,222
E00059706,238,40,198
E00059707,303,46,257
E00059708,221,21,200
E00059709,266,58,208
E00059710,321,78,243
E00059711,268,34,234
E00059712,336,70,266
E00059714,345,83,262
E00059715,312,79,233
E00059716,322,62,260
E00059717,361,78,283
E00059718,307,65,242
E00059719,311,53,258
E00059720,281,45,236
E00059721,237,25,212
E00059723,285,61,224
E00059724,341,73,268
E00059726,529,95,434
E00059727,285,42,243
E00059729,249,27,222
E00059730,355,116,239
E00059731,306,77,229
E00059732,182,17,165
E00059733,274,42,232
E00059734,391,99,292
E00059735,308,47,261
E00059736,272,59,213
E00059737,282,42,240
E00059738,281,48,233
E00059739,296,71,225
E00059740,192,22,170
E00059741,287,51,236
E00059742,252,55,197
E00059743,250,58,192
E00059744,204,35,169
E00059745,250,40,210
E00059746,275,40,235
E00059747,243,31,212
E00059748,279,52,227
E00059749,284,51,233
E00059750,283,58,225
E00059751,282,38,244
E00059752,313,81,232
E00059753,238,37,201
E00059754,272,32,240
E00059755,262,41,221
E00059756,286,42,244
E00059757,264,25,239
E00059758,220,13,207
E00059759,241,25,216
E00059760,238,30,208
E00059762,439,89,350
E00059763,334,84,250
E00059764,300,71,229
E00059765,288,71,217
E00059766,266,39,227
E00059767,264,34,230
E00059768,293,95,198
E00059769,283,41,242
E00059770,291,79,212
E00059771,297,71,226
E00059772,285,62,223
E00059773,245,34,211
E00059774,329,54,275
E00059775,264,30,234
E00059776,317,45,272
E00059777,206,13,193
E00059778,154,8,146
E00059779,296,42,254
E00059780,373,68,305
E00059781,234,47,187
E00059782,189,30,159
E00059783,251,17,234
E00059784,203,23,180
E00059785,213,39,174
E00059786,226,54,172
E00059787,257,61,196
E00059789,266,69,197
E00059790,288,60,228
E00059791,251,40,211
E00059792,288,50,238
E00059793,292,67,225
E00059794,233,32,201
E00059795,221,26,195
E00059796,314,74,240
E00059798,347,78,269
E00059799,273,26,247
E00059800,238,22,216
E00059801,274,63,211
E00059802,227,14,213
E00059803,355,67,288
E00059804,188,15,173
E00059805,522,111,411
E00059806,218,48,170
E00059807,243,28,215
E00059808,406,132,274
E00059809,317,72,245
E00059810,265,54,211
E00059811,540,106,434
E00059812,570,111,459
E00059815,273,45,228
E00059816,400,43,357
E00059817,255,28,227
E00059818,320,50,270
E00059819,175,24,151
E00059820,310,51,259
E00059821,324,53,271
E00059822,550,109,441
E00059823,310,49,261
E00059824,251,40,211
E00059825,323,71,252
E00059826,310,54,256
E00059827,278,28,250
E00059828,345,56,289
E00059829,496,110,386
E00059830,343,71,272
E00059831,328,68,260
E00059832,313,51,262
E00059833,275,65,210
E00059834,262,53,209
E00059835,292,64,228
E00059836,305,53,252
E00059837,229,17,212
E00059838,257,43,214
E00059839,353,117,236
E00059840,297,35,262
E00059841,316,56,260
E00059842,246,41,205
E00059843,328,48,280
E00059844,229,20,209
E00059845,297,83,214
E00059846,309,70,239
E00059847,264,43,221
E00059848,290,70,220
E00059849,250,43,207
E00059850,293,58,235
E00059851,211,38,173
E00059852,261,29,232
E00059854,288,43,245
E00059855,283,60,223
E00059856,234,9,225
E00059857,337,46,291
E00059858,235,24,211
E00059859,207,40,167
E00059860,277,22,255
E00059861,138,7,131
E00059862,245,30,215
E00059863,193,20,173
E00059864,223,20,203
E00059865,343,76,267
E00059866,205,28,177
E00059867,232,49,183
E00059868,188,22,166
E00059869,269,58,211
E00059870,314,80,234
E00059871,412,103,309
E00059872,471,115,356
E00059873,316,68,248
E00059874,289,76,213
E00059875,225,30,195
E00059876,282,44,238
E00059877,302,56,246
E00059878,282,63,219
E00059879,209,20,189
E00059880,272,35,237
E00059881,255,27,228
E00059882,376,83,293
E00059884,286,69,217
E00059885,239,27,212
E00059886,202,24,178
E00059887,268,33,235
E00059888,215,33,182
E00059889,246,31,215
E00059890,295,54,241
E00059891,334,52,282
E00059892,251,41,210
E00059893,308,57,251
E00059894,292,37,255
E00059895,281,57,224
E00059896,283,60,223
E00059897,300,45,255
E00059898,305,45,260
E00059899,214,24,190
E00059900,256,46,210
E00059901,291,42,249
E00059902,246,36,210
E00059903,266,56,210
E00059905,285,48,237
E00059906,200,23,177
E00059908,259,23,236
E00059909,350,64,286
E00059910,572,132,440
E00059913,244,32,212
E00059914,285,52,233
E00059915,267,30,237
E00059916,286,40,246
E00059917,331,39,292
E00059918,323,49,274
E00059919,229,50,179
E00059920,271,45,226
E00059921,255,26,229
E00059922,292,46,246
E00059923,253,29,224
E00059924,344,59,285
E00059925,282,45,237
E00059926,257,32,225
E00059927,214,24,190
E00059928,316,43,273
E00059929,371,65,306
E00059930,281,45,236
E00059931,344,54,290
E00059932,176,16,160
E00059933,281,36,245
E00059934,426,84,342
E00059935,515,104,411
E00059936,239,46,193
E00059937,327,66,261
E00059938,266,38,228
E00059939,262,43,219
E00059940,264,36,228
E00059941,269,38,231
E00059942,253,35,218
E00059943,431,55,376
E00059944,231,56,175
E00059945,288,39,249
E00059946,300,44,256
E00059947,290,41,249
E00059948,263,38,225
E00059949,315,67,248
E00059950,227,20,207
E00059951,401,39,362
E00059952,319,62,257
E00059953,419,63,356
E00059954,278,36,242
E00059955,315,49,266
E00059956,252,47,205
E00059957,175,21,154
E00059958,180,11,169
E00059959,268,54,214
E00059960,381,80,301
E00059961,253,54,199
E00059962,337,94,243
E00059963,276,41,235
E00059964,404,88,316
E00059965,468,104,364
E00059966,250,35,215
E00059967,322,25,297
E00059968,261,46,215
E00059969,476,100,376
E00059970,257,35,222
E00059971,260,41,219
E00059973,255,29,226
E00059974,392,60,332
E00059975,193,25,168
E00059976,539,86,453
E00059977,291,54,237
E00059978,228,43,185
E00059979,263,38,225
E00059980,239,38,201
E00059981,240,27,213
E00059982,259,46,213
E00059983,302,58,244
E00059984,298,45,253
E00059985,162,16,146
E00059986,216,31,185
E00059988,373,56,317
E00059989,301,61,240
E00059990,250,41,209
E00059991,398,69,329
E00059992,349,51,298
E00059993,301,67,234
E00059994,332,71,261
E00059995,464,69,395
E00059996,123,17,106
E00059997,451,99,352
E00059998,395,106,289
E00059999,243,31,212
E00060000,352,78,274
E00060001,313,37,276
E00060002,302,31,271
E00060003,426,76,350
E00060004,289,58,231
E00060005,281,60,221
E00060006,342,88,254
E00060007,267,47,220
E00060008,217,8,209
E00060009,254,34,220
E00060010,158,16,142
E00060011,482,104,378
E00060012,258,70,188
E00060013,318,89,229
E00060014,227,21,206
E00060015,259,57,202
E00060016,364,123,241
E00060017,321,103,218
E00060018,336,85,251
E00060019,393,57,336
E00060020,356,97,259
E00060021,304,73,231
E00060022,244,57,187
E00060023,277,55,222
E00060024,347,113,234
E00060025,369,121,248
E00060026,341,72,269
E00060027,226,37,189
E00060028,358,114,244
E00060029,294,74,220
E00060030,268,50,218
E00060031,264,23,241
E00060032,394,147,247
E00060033,203,12,191
E00060034,134,2,132
E00060035,323,39,284
E00060036,231,31,200
E00060037,249,31,218
E00060038,371,116,255
E00060039,181,20,161
E00060040,323,35,288
E00060042,252,40,212
E00060043,161,8,153
E00060044,250,30,220
E00060045,270,38,232
E00060046,223,16,207
E00060047,197,4,193
E00060048,322,67,255
E00060049,257,66,191
E00060050,253,34,219
E00060051,210,38,172
E00060052,342,49,293
E00060053,263,43,220
E00060054,245,31,214
E00060055,325,104,221
E00060056,307,76,231
E00060057,335,59,276
E00060058,458,133,325
E00060059,263,43,220
E00060060,507,139,368
E00060061,395,77,318
E00060062,380,131,249
E00060063,382,97,285
E00060064,147,11,136
E00060065,499,130,369
E00060066,355,100,255
E00060067,317,38,279
E00060068,299,89,210
E00060069,285,48,237
E00060070,371,98,273
E00060071,351,105,246
E00060072,283,49,234
E00060073,226,8,218
E00060074,426,58,368
E00060075,320,70,250
E00060076,248,45,203
E00060077,364,114,250
E00060078,201,23,178
E00060079,301,69,232
E00060081,291,74,217
E00060082,294,65,229
E00060083,123,4,119
E00060084,236,22,214
E00060085,421,56,365
E00060087,235,38,197
E00060088,289,50,239
E00060089,191,20,171
E00060090,290,51,239
E00060091,364,96,268
E00060092,266,47,219
E00060093,401,124,277
E00060094,343,67,276
E00060095,445,92,353
E00060096,310,58,252
E00060097,257,39,218
E00060098,223,34,189
E00060099,265,44,221
E00060100,259,51,208
E00060101,294,88,206
E00060102,199,25,174
E00060103,267,34,233
E00060104,229,21,208
E00060105,256,29,227
E00060106,321,51,270
E00060107,255,22,233
E00060109,197,38,159
E00060110,271,63,208
E00060111,314,102,212
E00060112,309,78,231
E00060113,351,103,248
E00060114,308,56,252
E00060115,477,115,362
E00060116,250,52,198
E00060117,350,127,223
E00060118,219,38,181
E00060119,267,53,214
E00060120,251,62,189
E00060121,463,95,368
E00060123,260,37,223
E00060124,285,69,216
E00060125,318,75,243
E00060126,456,72,384
E00060127,458,76,382
E00060128,262,41,221
E00060129,269,42,227
E00060130,466,123,343
E00060131,362,114,248
E00060132,375,103,272
E00060133,284,88,196
E00060134,253,49,204
E00060135,233,51,182
E00060136,363,79,284
E00060137,283,34,249
E00060138,305,56,249
E00060139,285,43,242
E00060140,293,54,239
E00060141,241,28,213
E00060142,343,108,235
E00060143,214,28,186
E00060144,306,26,280
E00060145,355,90,265
E00060146,369,117,252
E00060147,319,75,244
E00060148,487,118,369
E00060149,323,63,260
E00060150,283,56,227
E00060151,323,64,259
E00060152,319,56,263
E00060153,254,28,226
E00060154,427,70,357
E00060156,236,18,218
E00060157,396,92,304
E00060158,290,43,247
E00060159,439,90,349
E00060160,307,36,271
E00060161,271,36,235
E00060162,292,40,252
E00060163,359,49,310
E00060164,285,41,244
E00060165,343,68,275
E00060166,323,75,248
E00060167,239,26,213
E00060168,309,46,263
E00060169,382,87,295
E00060170,241,36,205
E00060171,310,57,253
E00060172,230,19,211
E00060173,191,28,163
E00060174,271,68,203
E00060175,242,26,216
E00060176,238,33,205
E00060177,320,26,294
E00060178,253,30,223
E00060179,245,36,209
E00060180,259,47,212
E00060181,222,28,194
E00060182,214,8,206
E00060183,425,74,351
E00060184,303,43,260
E00060185,248,57,191
E00060186,274,33,241
E00060187,293,37,256
E00060188,352,76,276
E00060189,194,14,180
E00060191,273,41,232
E00060192,257,47,210
E00060193,268,39,229
E00060194,307,38,269
E00060195,226,30,196
E00060196,306,58,248
E00060197,334,52,282
E00060198,425,71,354
E00060199,361,64,297
E00060200,299,47,252
E00060201,257,45,212
E00060202,445,54,391
E00060204,331,40,291
E00060205,330,48,282
E00060206,300,51,249
E00060207,286,74,212
E00060208,291,59,232
E00060209,303,57,246
E00060210,301,57,244
E00060211,357,76,281
E00060212,258,34,224
E00060213,253,38,215
E00060214,300,49,251
E00060215,309,68,241
E00060216,254,28,226
E00060217,276,61,215
E00060219,278,51,227
E00060220,243,42,201
E00060221,210,27,183
E00060222,262,73,189
E00060223,256,40,216
E00060224,267,66,201
E00060225,253,74,179
E00060226,273,62,211
E00060227,290,44,246
E00060228,285,40,245
E00060229,226,20,206
E00060230,275,41,234
E00060231,292,40,252
E00060232,270,38,232
E00060233,293,35,258
E00060234,310,41,269
E00060235,305,43,262
E00060236,285,32,253
E00060237,279,31,248
E00060238,288,42,246
E00060239,316,53,263
E00060240,338,49,289
E00060241,279,40,239
E00060242,453,47,406
E00060243,216,36,180
E00060244,290,43,247
E00060245,294,40,254
E00060246,275,43,232
E00060247,281,42,239
E00060248,264,30,234
E00060249,251,41,210
E00060250,304,77,227
E00060251,255,37,218
E00060252,214,17,197
E00060253,399,52,347
E00060254,320,39,281
E00060255,298,42,256
E00060256,337,96,241
E00060257,275,51,224
E00060258,181,31,150
E00060259,219,52,167
E00060260,179,20,159
E00060261,182,40,142
E00060262,186,32,154
E00060263,198,37,161
E00060264,235,39,196
E00060265,135,25,110
E00060266,253,63,190
E00060267,118,17,101
E00060268,122,21,101
E00060269,201,39,162
E00060270,309,54,255
E00060271,325,97,228
E00060272,101,13,88
E00060273,309,68,241
E00060274,247,68,179
E00060275,375,94,281
E00060276,241,40,201
E00060277,257,63,194
E00060278,269,61,208
E00060279,263,53,210
E00060280,488,109,379
E00060281,295,76,219
E00060282,337,82,255
E00060283,298,63,235
E00060284,330,79,251
E00060285,340,79,261
E00060286,250,61,189
E00060287,262,19,243
E00060288,337,118,219
E00060289,274,50,224
E00060290,249,55,194
E00060291,182,37,145
E00060292,236,58,178
E00060293,283,77,206
E00060294,238,45,193
E00060295,285,69,216
E00060296,279,66,213
E00060297,229,49,180
E00060298,205,48,157
E00060299,221,52,169
E00060302,271,52,219
E00060303,175,42,133
E00060304,163,28,135
E00060305,328,95,233
E00060306,294,81,213
E00060307,239,63,176
E00060308,226,64,162
E00060309,272,63,209
E00060310,277,83,194
E00060311,298,43,255
E00060312,290,48,242
E00060313,177,21,156
E00060315,241,29,212
E00060316,547,99,448
E00060317,222,38,184
E00060318,299,111,188
E00060319,308,87,221
E00060320,259,30,229
E00060321,317,66,251
E00060322,264,50,214
E00060323,309,48,261
E00060324,279,39,240
E00060325,258,54,204
E00060326,255,38,217
E00060327,257,25,232
E00060328,218,61,157
E00060329,232,33,199
E00060330,283,31,252
E00060331,259,35,224
E00060332,257,24,233
E00060333,236,31,205
E00060334,250,22,228
E00060335,222,25,197
E00060336,288,79,209
E00060337,351,103,248
E00060338,319,77,242
E00060339,292,53,239
E00060340,334,74,260
E00060341,275,51,224
E00060342,265,47,218
E00060343,164,22,142
E00060344,294,57,237
E00060345,244,33,211
E00060346,286,76,210
E00060347,287,40,247
E00060348,328,63,265
E00060349,293,49,244
E00060350,312,114,198
E00060351,334,75,259
E00060352,363,69,294
E00060353,403,82,321
E00060354,320,91,229
E00060355,255,21,234
E00060356,274,46,228
E00060357,288,43,245
E00060358,292,23,269
E00060359,267,23,244
E00060360,268,34,234
E00060361,245,41,204
E00060362,302,34,268
E00060363,254,29,225
E00060364,274,43,231
E00060365,203,28,175
E00060366,266,31,235
E00060367,275,26,249
E00060368,260,47,213
E00060369,263,30,233
E00060370,317,67,250
E00060371,211,27,184
E00060372,316,73,243
E00060373,265,63,202
E00060374,363,82,281
E00060375,294,69,225
E00060376,281,60,221
E00060377,151,17,134
E00060379,204,46,158
E00060381,157,27,130
E00060382,132,19,113
E00060383,216,44,172
E00060384,240,53,187
E00060385,232,46,186
E00060386,141,23,118
E00060387,207,47,160
E00060388,148,40,108
E00060390,265,87,178
E00060391,159,26,133
E00060392,159,32,127
E00060393,181,26,155
E00060394,206,56,150
E00060395,111,18,93
E00060396,214,27,187
E00060397,152,21,131
E00060398,171,33,138
E00060399,198,46,152
E00060400,258,68,190
E00060401,283,71,212
E00060402,238,63,175
E00060403,244,54,190
E00060404,258,56,202
E00060405,286,63,223
E00060406,288,83,205
E00060407,241,51,190
E00060408,350,63,287
E00060409,286,83,203
E00060410,289,76,213
E00060411,299,59,240
E00060412,204,35,169
E00060413,122,18,104
E00060414,227,32,195
E00060415,279,74,205
E00060416,268,58,210
E00060417,279,51,228
E00060418,420,81,339
E00060419,302,72,230
E00060420,292,72,220
E00060421,243,48,195
E00060422,274,81,193
E00060423,259,50,209
E00060424,230,51,179
E00060426,295,51,244
E00060428,343,49,294
E00060429,288,46,242
E00060430,269,41,228
E00060431,408,151,257
E00060432,326,86,240
E00060433,347,78,269
E00060434,252,44,208
E00060435,276,55,221
E00060436,252,28,224
E00060437,265,44,221
E00060438,286,26,260
E00060439,265,29,236
E00060440,162,9,153
E00060441,285,48,237
E00060442,276,45,231
E00060443,252,34,218
E00060444,409,52,357
E00060445,237,39,198
E00060446,226,39,187
E00060447,261,53,208
E00060448,254,75,179
E00060449,277,32,245
E00060450,329,92,237
E00060451,285,54,231
E00060452,302,48,254
E00060453,221,24,197
E00060454,307,83,224
E00060455,226,42,184
E00060456,253,40,213
E00060457,154,6,148
E00060458,304,65,239
E00060459,289,53,236
E00060460,289,48,241
E00060461,398,124,274
E00060463,292,61,231
E00060464,296,55,241
E00060465,258,68,190
E00060466,258,52,206
E00060467,255,40,215
E00060468,488,67,421
E00060469,228,40,188
E00060470,293,60,233
E00060471,248,46,202
E00060472,225,31,194
E00060473,212,31,181
E00060474,219,18,201
E00060475,289,53,236
E00060476,360,102,258
E00060478,254,53,201
E00060479,308,78,230
E00060480,293,66,227
E00060481,289,79,210
E00060482,217,45,172
E00060483,227,36,191
E00060484,290,65,225
E00060485,285,52,233
E00060486,290,57,233
E00060487,207,47,160
E00060488,157,9,148
E00060489,212,36,176
E00060490,259,28,231
E00060491,272,48,224
E00060492,240,25,215
E00060493,294,44,250
E00060494,232,28,204
E00060495,254,44,210
E00060496,310,37,273
E00060497,236,43,193
E00060498,309,49,260
E00060499,265,30,235
E00060500,252,33,219
E00060501,276,42,234
E00060502,245,39,206
E00060503,585,125,460
E00060504,547,107,440
E00060505,219,21,198
E00060507,240,25,215
E00060509,295,31,264
E00060512,266,30,236
E00060513,223,34,189
E00060514,274,46,228
E00060515,297,70,227
E00060516,191,32,159
E00060517,241,51,190
E00060518,301,40,261
E00060519,262,58,204
E00060521,235,38,197
E00060523,215,76,139
E00060524,181,17,164
E00060525,194,31,163
E00060526,337,112,225
E00060527,307,77,230
E00060528,374,103,271
E00060529,234,80,154
E00060530,256,51,205
E00060531,261,57,204
E00060532,306,63,243
E00060533,310,63,247
E00060534,328,58,270
E00060535,275,32,243
E00060536,316,38,278
E00060537,249,26,223
E00060540,252,55,197
E00060541,295,65,230
E00060542,292,34,258
E00060543,300,46,254
E00060544,271,45,226
E00060545,253,33,220
E00060546,232,16,216
E00060547,210,33,177
E00060548,265,59,206
E00060549,487,92,395
E00060550,160,20,140
E00060552,260,47,213
E00060553,410,73,337
E00060554,314,94,220
E00060555,149,12,137
E00060556,322,74,248
E00060557,283,47,236
E00060558,274,34,240
E00060559,305,61,244
E00060560,368,90,278
E00060561,282,45,237
E00060562,257,40,217
E00060563,399,71,328
E00060564,324,64,260
E00060565,321,58,263
E00060566,288,62,226
E00060567,317,65,252
E00060568,351,76,275
E00060569,366,84,282
E00060570,331,78,253
E00060571,344,46,298
E00060572,232,36,196
E00060573,504,128,376
E00060574,339,76,263
E00060575,293,63,230
E00060576,277,79,198
E00060577,337,85,252
E00060578,381,104,277
E00060579,355,118,237
E00060580,206,59,147
E00060581,336,80,256
E00060582,303,105,198
E00060583,322,105,217
E00060584,259,44,215
E00060585,303,101,202
E00060586,245,39,206
E00060587,273,71,202
E00060588,247,61,186
E00060589,329,83,246
E00060590,382,95,287
E00060591,282,68,214
E00060592,283,70,213
E00060593,261,69,192
E00060594,327,71,256
E00060595,253,17,236
E00060596,268,32,236
E00060597,218,13,205
E00060598,245,65,180
E00060599,240,44,196
E00060600,243,40,203
E00060601,231,45,186
E00060602,155,9,146
E00060603,213,39,174
E00060604,244,28,216
E00060605,278,43,235
E00060606,150,43,107
E00060607,186,41,145
E00060608,227,71,156
E00060609,300,81,219
E00060610,239,57,182
E00060611,223,44,179
E00060612,259,51,208
E00060613,279,74,205
E00060614,328,102,226
E00060615,199,31,168
E00060616,109,19,90
E00060617,314,68,246
E00060618,192,42,150
E00060619,254,70,184
E00060620,313,42,271
E00060621,336,109,227
E00060622,344,84,260
E00060623,262,76,186
E00060624,339,105,234
E00060625,250,50,200
E00060627,301,79,222
E00060628,232,53,179
E00060629,210,48,162
E00060630,248,50,198
E00060631,298,86,212
E00060632,274,34,240
E00060633,235,45,190
E00060634,298,61,237
E00060635,240,19,221
E00060636,301,54,247
E00060637,269,65,204
E00060638,242,13,229
E00060639,241,16,225
E00060640,286,21,265
E00060641,272,42,230
E00060643,390,58,332
E00060644,411,84,327
E00060645,245,35,210
E00060646,279,44,235
E00060647,300,50,250
E00060648,297,57,240
E00060649,258,37,221
E00060650,272,50,222
E00060651,418,121,297
E00060652,317,76,241
E00060656,305,94,211
E00060659,336,77,259
E00060660,285,80,205
E00060661,335,67,268
E00060663,295,76,219
E00060664,345,66,279
E00060665,570,146,424
E00060666,325,57,268
E00060667,305,100,205
E00060668,265,50,215
E00060669,324,62,262
E00060670,307,67,240
E00060671,206,13,193
E00060672,221,28,193
E00060673,240,43,197
E00060674,293,47,246
E00060675,235,40,195
E00060676,307,51,256
E00060677,214,27,187
E00060678,271,34,237
E00060679,338,75,263
E00060680,289,62,227
E00060681,528,136,392
E00060682,253,41,212
E00060683,276,76,200
E00060684,228,43,185
E00060685,508,127,381
E00060686,299,60,239
E00060687,224,38,186
E00060688,238,60,178
E00060689,272,46,226
E00060690,260,30,230
E00060691,246,38,208
E00060692,276,40,236
E00060693,188,30,158
E00060694,246,56,190
E00060695,199,34,165
E00060696,201,24,177
E00060697,408,73,335
E00060698,244,55,189
E00060699,298,88,210
E00060701,307,137,170
E00060702,378,159,219
E00060703,226,36,190
E00060704,252,90,162
E00060705,260,89,171
E00060706,286,97,189
E00060707,305,142,163
E00060708,224,49,175
E00060709,306,77,229
E00060710,255,94,161
E00060711,257,95,162
E00060712,458,213,245
E00060713,227,85,142
E00060714,235,48,187
E00060715,305,96,209
E00060716,234,57,177
E00060717,338,93,245
E00060718,231,82,149
E00060719,268,93,175
E00060720,251,65,186
E00060721,334,115,219
E00060722,202,23,179
E00060723,189,16,173
E00060725,260,69,191
E00060726,168,45,123
E00060727,345,184,161
E00060728,310,156,154
E00060729,212,53,159
E00060730,239,19,220
E00060731,235,25,210
E00060732,197,40,157
E00060733,179,16,163
E00060734,175,26,149
E00060735,188,26,162
E00060736,254,45,209
E00060737,286,35,251
E00060738,198,45,153
E00060739,309,50,259
E00060740,256,33,223
E00060741,275,57,218
E00060742,258,80,178
E00060743,235,48,187
E00060744,326,112,214
E00060745,411,177,234
E00060746,269,78,191
E00060747,261,66,195
E00060748,297,80,217
E00060749,236,46,190
E00060750,285,51,234
E00060751,227,47,180
E00060752,317,70,247
E00060753,291,56,235
E00060754,316,61,255
E00060755,245,17,228
E00060756,243,35,208
E00060757,259,28,231
E00060758,245,20,225
E00060759,297,60,237
E00060760,229,34,195
E00060762,191,22,169
E00060763,308,85,223
E00060764,331,80,251
E00060765,331,92,239
E00060766,323,80,243
E00060767,263,75,188
E00060768,264,63,201
E00060769,264,67,197
E00060770,239,45,194
E00060771,270,90,180
E00060772,301,77,224
E00060773,301,60,241
E00060774,253,53,200
E00060775,291,79,212
E00060776,268,63,205
E00060777,305,35,270
E00060778,170,24,146
E00060779,283,46,237
E00060780,259,35,224
E00060781,265,27,238
E00060782,222,32,190
E00060783,320,44,276
E00060784,296,41,255
E00060785,351,98,253
E00060786,378,82,296
E00060787,419,114,305
E00060788,260,38,222
E00060789,493,115,378
E00060790,326,81,245
E00060791,356,81,275
E00060792,362,63,299
E00060793,311,72,239
E00060794,372,94,278
E00060795,280,54,226
E00060796,322,66,256
E00060797,295,71,224
E00060798,362,93,269
E00060799,340,80,260
E00060800,253,58,195
E00060802,292,67,225
E00060803,369,88,281
E00060804,259,29,230
E00060805,301,71,230
E00060806,340,77,263
E00060807,490,116,374
E00060808,309,71,238
E00060809,373,79,294
E00060810,203,43,160
E00060811,293,68,225
E00060812,288,53,235
E00060813,249,64,185
E00060814,277,83,194
E00060815,208,49,159
E00060817,299,119,180
E00060818,154,55,99
E00060819,153,42,111
E00060820,248,58,190
E00060821,259,76,183
E00060822,249,68,181
E00060824,274,52,222
E00060825,201,25,176
E00060826,201,49,152
E00060827,361,52,309
E00060828,268,86,182
E00060829,251,80,171
E00060830,269,79,190
E00060831,240,76,164
E00060832,261,55,206
E00060833,272,37,235
E00060834,251,39,212
E00060835,320,70,250
E00060836,244,44,200
E00060837,288,53,235
E00060838,279,42,237
E00060839,269,47,222
E00060841,377,65,312
E00060842,485,77,408
E00060843,221,34,187
E00060844,313,55,258
E00060845,283,54,229
E00060846,363,62,301
E00060847,259,39,220
E00060848,510,106,404
E00060849,390,82,308
E00060850,292,50,242
E00060851,295,58,237
E00060852,261,58,203
E00060853,283,51,232
E00060854,303,53,250
E00060855,240,25,215
E00060856,249,47,202
E00060857,258,56,202
E00060858,218,9,209
E00060859,243,37,206
E00060860,261,28,233
E00060861,268,33,235
E00060862,232,16,216
E00060863,253,34,219
E00060864,549,134,415
E00060865,307,158,149
E00060866,209,87,122
E00060867,403,170,233
E00060868,432,186,246
E00060869,228,51,177
E00060871,142,4,138
E00060873,153,4,149
E00060874,516,164,352
E00060875,285,107,178
E00060877,139,73,66
E00060878,258,91,167
E00060880,249,54,195
E00060881,274,37,237
E00060882,300,57,243
E00060883,273,41,232
E00060885,274,46,228
E00060886,269,49,220
E00060887,300,62,238
E00060888,205,21,184
E00060889,285,59,226
E00060890,183,24,159
E00060891,336,64,272
E00060893,274,49,225
E00060894,274,55,219
E00060895,342,72,270
E00060896,251,44,207
E00060897,269,79,190
E00060898,212,46,166
E00060899,296,59,237
E00060900,303,83,220
E00060901,241,56,185
E00060902,318,109,209
E00060903,287,93,194
E00060904,284,74,210
E00060905,270,72,198
E00060906,139,47,92
E00060907,278,59,219
E00060908,300,50,250
E00060909,266,88,178
E00060910,287,93,194
E00060911,278,101,177
E00060912,299,85,214
E00060913,263,77,186
E00060914,315,71,244
E00060915,299,77,222
E00060916,403,168,235
E00060917,288,67,221
E00060918,294,73,221
E00060919,353,97,256
E00060920,234,48,186
E00060921,299,62,237
E00060922,296,59,237
E00060923,483,120,363
E00060924,495,121,374
E00060925,262,79,183
E00060926,242,59,183
E00060927,237,53,184
E00060928,275,59,216
E00060929,324,82,242
E00060930,249,40,209
E00060931,229,34,195
E00060932,295,67,228
E00060933,289,72,217
E00060934,224,52,172
E00060935,255,55,200
E00060936,259,45,214
E00060937,317,78,239
E00060938,320,84,236
E00060939,293,77,216
E00060940,360,105,255
E00060941,274,78,196
E00060942,290,77,213
E00060943,306,88,218
E00060944,280,72,208
E00060945,290,93,197
E00060946,244,53,191
E00060947,284,55,229
E00060948,298,91,207
E00060949,261,69,192
E00060950,280,93,187
E00060951,163,15,148
E00060952,298,93,205
E00060953,287,67,220
E00060954,279,78,201
E00060955,273,66,207
E00060956,305,54,251
E00060957,275,47,228
E00060958,424,89,335
E00060959,292,44,248
E00060960,255,24,231
E00060961,309,40,269
E00060962,221,31,190
E00060965,296,91,205
E00060966,236,37,199
E00060967,505,117,388
E00060968,331,109,222
E00060969,344,121,223
E00060970,277,67,210
E00060971,409,99,310
E00060972,310,104,206
E00060973,243,66,177
E00060974,276,85,191
E00060975,334,64,270
E00060976,341,142,199
E00060977,115,10,105
E00060978,291,110,181
E00060979,377,108,269
E00060981,299,78,221
E00060982,317,54,263
E00060983,312,93,219
E00060984,421,87,334
E00060986,365,139,226
E00060987,429,197,232
E00060988,406,141,265
E00060989,408,191,217
E00060990,487,271,216
E00060991,298,115,183
E00060992,430,175,255
E00060993,370,170,200
E00060995,335,98,237
E00060997,379,161,218
E00060998,465,170,295
E00060999,262,35,227
E00061000,236,27,209
E00061001,287,52,235
E00061002,243,63,180
E00061003,331,73,258
E00061004,259,43,216
E00061005,406,73,333
E00061007,257,34,223
E00061008,263,34,229
E00061009,258,25,233
E00061010,276,54,222
E00061011,292,71,221
E00061012,273,57,216
E00061013,334,101,233
E00061014,298,54,244
E00061015,247,51,196
E00061016,271,32,239
E00061017,264,32,232
E00061018,277,29,248
E00061019,291,55,236
E00061020,230,55,175
E00061021,202,21,181
E00061022,299,45,254
E00061023,232,48,184
E00061024,356,49,307
E00061025,268,47,221
E00061026,238,45,193
E00061027,245,36,209
E00061028,322,23,299
E00061029,231,34,197
E00061030,226,45,181
E00061031,295,68,227
E00061032,216,48,168
E00061033,259,50,209
E00061034,255,48,207
E00061035,187,10,177
E00061036,314,36,278
E00061037,208,27,181
E00061038,248,36,212
E00061039,235,33,202
E00061040,273,48,225
E00061041,270,51,219
E00061042,283,80,203
E00061043,299,67,232
E00061044,195,20,175
E00061045,215,24,191
E00061046,317,82,235
E00061047,281,73,208
E00061048,287,60,227
E00061049,259,39,220
E00061050,251,60,191
E00061052,240,54,186
E00061053,302,73,229
E00061054,259,58,201
E00061055,300,57,243
E00061056,221,62,159
E00061057,276,47,229
E00061058,281,71,210
E00061059,267,33,234
E00061061,285,41,244
E00061062,175,11,164
E00061063,252,23,229
E00061064,200,19,181
E00061065,312,48,264
E00061066,261,32,229
E00061067,231,33,198
E00061068,321,26,295
E00061069,267,69,198
E00061070,246,65,181
E00061074,245,42,203
E00061075,222,40,182
E00061076,248,16,232
E00061077,254,26,228
E00061078,185,44,141
E00061079,170,2,168
E00061080,272,46,226
E00061081,334,90,244
E00061082,268,50,218
E00061083,281,66,215
E00061084,208,36,172
E00061085,243,69,174
E00061086,186,43,143
E00061087,200,47,153
E00061088,177,37,140
E00061089,204,33,171
E00061090,213,43,170
E00061091,257,46,211
E00061092,232,77,155
E00061095,292,88,204
E00061096,251,64,187
E00061097,247,63,184
E00061098,253,100,153
E00061099,319,81,238
E00061100,277,80,197
E00061101,282,81,201
E00061102,175,49,126
E00061103,305,91,214
E00061104,292,78,214
E00061105,178,27,151
E00061106,292,86,206
E00061107,256,66,190
E00061108,290,92,198
E00061109,247,52,195
E00061110,268,43,225
E00061111,230,36,194
E00061112,269,28,241
E00061114,238,35,203
E00061115,288,37,251
E00061116,250,33,217
E00061117,248,26,222
E00061118,313,41,272
E00061119,123,11,112
E00061120,314,25,289
E00061121,158,6,152
E00061122,296,59,237
E00061124,249,47,202
E00061125,266,67,199
E00061126,228,19,209
E00061127,212,21,191
E00061128,327,73,254
E00061129,294,37,257
E00061130,288,75,213
E00061131,205,21,184
E00061132,245,43,202
E00061133,200,25,175
E00061134,273,62,211
E00061136,265,48,217
E00061138,278,42,236
E00061139,345,70,275
E00061140,313,49,264
E00061141,259,22,237
E00061142,246,34,212
E00061143,420,77,343
E00061144,220,54,166
E00061145,245,13,232
E00061146,233,28,205
E00061147,260,68,192
E00061148,274,62,212
E00061149,278,46,232
E00061150,284,60,224
E00061151,295,64,231
E00061152,325,61,264
E00061153,203,27,176
E00061154,264,52,212
E00061155,328,45,283
E00061157,550,98,452
E00061159,251,64,187
E00061161,169,22,147
E00061162,255,46,209
E00061163,351,74,277
E00061164,150,13,137
E00061165,283,44,239
E00061166,163,16,147
E00061167,274,37,237
E00061168,317,112,205
E00061169,192,44,148
E00061171,305,83,222
E00061172,201,25,176
E00061173,230,48,182
E00061174,181,49,132
E00061175,376,108,268
E00061176,195,25,170
E00061178,254,24,230
E00061179,186,33,153
E00061180,237,22,215
E00061181,227,32,195
E00061182,277,28,249
E00061183,268,34,234
E00061184,270,40,230
E00061185,250,30,220
E00061186,228,29,199
E00061187,213,33,180
E00061188,279,31,248
E00061189,271,58,213
E00061190,334,27,307
E00061191,260,29,231
E00061192,269,57,212
E00061193,307,85,222
E00061194,240,48,192
E00061195,307,77,230
E00061196,259,30,229
E00061198,246,32,214
E00061199,282,24,258
E00061200,233,28,205
E00061201,254,27,227
E00061202,251,24,227
E00061203,430,53,377
E00061204,234,39,195
E00061205,255,53,202
E00061206,357,115,242
E00061207,215,21,194
E00061210,224,48,176
E00061211,205,42,163
E00061213,235,16,219
E00061214,232,28,204
E00061216,215,33,182
E00061217,320,46,274
E00061218,247,39,208
E00061219,243,65,178
E00061220,242,26,216
E00061221,263,27,236
E00061222,224,20,204
E00061223,363,73,290
E00061224,244,22,222
E00061225,255,30,225
E00061227,303,56,247
E00061228,273,45,228
E00061229,252,34,218
E00061230,250,57,193
E00061231,285,58,227
E00061232,243,39,204
E00061233,293,77,216
E00061234,291,63,228
E00061235,242,47,195
E00061236,244,48,196
E00061237,263,43,220
E00061238,274,52,222
E00061239,289,68,221
E00061240,257,45,212
E00061241,262,42,220
E00061242,251,39,212
E00061243,210,27,183
E00061244,265,63,202
E00061245,262,49,213
E00061246,305,113,192
E00061247,237,41,196
E00061248,277,45,232
E00061249,291,50,241
E00061250,247,20,227
E00061251,243,32,211
E00061252,257,48,209
E00061253,288,37,251
E00061254,286,51,235
E00061255,319,52,267
E00061256,278,55,223
E00061257,293,52,241
E00061258,291,71,220
E00061259,256,22,234
E00061260,267,26,241
E00061261,521,111,410
E00061262,259,44,215
E00061263,256,44,212
E00061264,293,82,211
E00061265,283,51,232
E00061266,396,73,323
E00061267,291,32,259
E00061268,260,58,202
E00061269,227,33,194
E00061270,229,46,183
E00061271,259,49,210
E00061272,276,48,228
E00061273,490,103,387
E00061274,303,50,253
E00061275,203,32,171
E00061278,229,54,175
E00061279,266,86,180
E00061280,252,44,208
E00061281,257,70,187
E00061282,301,53,248
E00061283,189,37,152
E00061284,300,29,271
E00061285,243,24,219
E00061286,253,24,229
E00061287,268,46,222
E00061288,327,46,281
E00061289,295,50,245
E00061290,314,58,256
E00061291,271,37,234
E00061292,190,17,173
E00061293,271,39,232
E00061294,217,27,190
E00061295,290,49,241
E00061296,283,53,230
E00061297,285,48,237
E00061298,214,34,180
E00061299,249,35,214
E00061300,297,47,250
E00061301,242,63,179
E00061302,248,40,208
E00061303,224,29,195
E00061304,236,25,211
E00061305,218,18,200
E00061306,210,20,190
E00061307,237,26,211
E00061308,294,45,249
E00061309,171,27,144
E00061310,176,21,155
E00061311,293,57,236
E00061312,238,39,199
E00061313,525,98,427
E00061314,295,59,236
E00061315,270,41,229
E00061316,269,31,238
E00061317,247,12,235
E00061318,252,26,226
E00061319,210,24,186
E00061320,204,26,178
E00061321,217,32,185
E00061322,390,21,369
E00061323,287,63,224
E00061324,247,49,198
E00061325,256,44,212
E00061326,271,50,221
E00061327,262,35,227
E00061328,317,48,269
E00061329,338,50,288
E00061330,229,40,189
E00061331,290,68,222
E00061332,275,34,241
E00061333,345,41,304
E00061334,319,63,256
E00061335,213,27,186
E00061336,329,45,284
E00061337,255,40,215
E00061338,204,33,171
E00061339,279,42,237
E00061340,260,41,219
E00061341,310,44,266
E00061342,233,45,188
E00061343,380,52,328
E00061344,350,58,292
E00061345,220,30,190
E00061346,279,34,245
E00061348,339,50,289
E00061349,262,27,235
E00061350,406,81,325
E00061351,499,94,405
E00061353,309,82,227
E00061354,301,88,213
E00061355,264,53,211
E00061356,240,35,205
E00061358,169,55,114
E00061359,281,68,213
E00061360,265,44,221
E00061361,251,57,194
E00061362,248,52,196
E00061363,220,42,178
E00061364,111,17,94
E00061365,304,74,230
E00061366,251,73,178
E00061369,276,73,203
E00061370,220,48,172
E00061372,140,38,102
E00061374,231,41,190
E00061377,292,48,244
E00061378,316,44,272
E00061379,266,50,216
E00061380,290,59,231
E00061381,296,67,229
E00061382,507,128,379
E00061385,285,96,189
E00061386,320,44,276
E00061387,226,27,199
E00061388,253,54,199
E00061389,252,62,190
E00061391,266,43,223
E00061392,263,36,227
E00061393,237,14,223
E00061394,293,66,227
E00061395,308,48,260
E00061396,234,21,213
E00061397,207,13,194
E00061398,271,48,223
E00061399,243,25,218
E00061400,239,19,220
E00061401,271,43,228
E00061402,241,26,215
E00061403,259,34,225
E00061404,186,22,164
E00061405,244,64,180
E00061406,326,64,262
E00061407,307,49,258
E00061408,300,56,244
E00061409,310,55,255
E00061410,357,67,290
E00061411,257,30,227
E00061412,285,39,246
E00061413,208,7,201
E00061414,198,7,191
E00061415,215,26,189
E00061416,176,1,175
E00061417,273,52,221
E00061418,263,27,236
E00061420,245,41,204
E00061421,281,38,243
E00061422,296,60,236
E00061423,297,64,233
E00061425,275,49,226
E00061426,301,67,234
E00061427,230,32,198
E00061428,267,39,228
E00061429,247,40,207
E00061430,240,42,198
E00061431,292,36,256
E00061432,299,40,259
E00061433,321,39,282
E00061434,243,26,217
E00061435,261,37,224
E00061436,220,14,206
E00061437,260,42,218
E00061438,258,53,205
E00061439,274,40,234
E00061440,281,51,230
E00061441,406,87,319
E00061442,256,42,214
E00061443,199,34,165
E00061444,383,90,293
E00061445,294,53,241
E00061446,229,51,178
E00061447,248,50,198
E00061448,210,17,193
E00061449,262,39,223
E00061450,232,19,213
E00061451,253,31,222
E00061452,285,61,224
E00061453,291,53,238
E00061454,282,51,231
E00061455,293,53,240
E00061456,238,45,193
E00061457,247,39,208
E00061458,251,62,189
E00061459,266,34,232
E00061460,276,54,222
E00061461,268,37,231
E00061462,295,49,246
E00061463,274,35,239
E00061464,310,58,252
E00061465,327,62,265
E00061466,250,38,212
E00061467,254,30,224
E00061468,284,46,238
E00061469,277,32,245
E00061470,228,22,206
E00061471,265,37,228
E00061472,287,39,248
E00061473,235,37,198
E00061474,272,39,233
E00061475,199,5,194
E00061476,298,70,228
E00061477,271,34,237
E00061478,274,67,207
E00061479,238,33,205
E00061480,343,52,291
E00061481,130,6,124
E00061482,230,50,180
E00061483,271,51,220
E00061484,241,29,212
E00061485,345,71,274
E00061486,245,27,218
E00061487,298,67,231
E00061488,311,84,227
E00061489,278,65,213
E00061490,253,44,209
E00061491,294,76,218
E00061492,259,51,208
E00061493,294,70,224
E00061494,282,81,201
E00061495,217,51,166
E00061496,258,44,214
E00061497,259,64,195
E00061498,275,54,221
E00061499,357,62,295
E00061500,270,44,226
E00061501,187,23,164
E00061502,276,39,237
E00061503,211,25,186
E00061504,285,72,213
E00061505,250,49,201
E00061506,270,42,228
E00061507,340,62,278
E00061508,300,59,241
E00061509,245,24,221
E00061510,245,50,195
E00061511,316,80,236
E00061512,324,65,259
E00061513,312,93,219
E00061514,245,27,218
E00061515,177,33,144
E00061516,188,44,144
E00061517,250,66,184
E00061518,312,60,252
E00061519,285,60,225
E00061520,274,62,212
E00061521,271,66,205
E00061522,298,59,239
E00061523,219,48,171
E00061525,285,52,233
E00061526,259,53,206
E00061527,285,62,223
E00061528,363,68,295
E00061529,272,50,222
E00061530,279,48,231
E00061531,274,50,224
E00061532,384,61,323
E00061533,245,45,200
E00061534,271,34,237
E00061535,236,40,196
E00061536,301,52,249
E00061537,356,77,279
E00061538,206,20,186
E00061539,327,54,273
E00061540,346,99,247
E00061541,488,125,363
E00061542,450,120,330
E00061543,303,70,233
E00061544,277,56,221
E00061545,288,54,234
E00061546,341,130,211
E00061547,256,40,216
E00061548,214,24,190
E00061549,252,31,221
E00061550,237,28,209
E00061551,192,21,171
E00061552,272,57,215
E00061553,278,53,225
E00061554,252,26,226
E00061555,243,28,215
E00061556,255,20,235
E00061557,213,34,179
E00061558,159,8,151
E00061559,234,39,195
E00061560,252,29,223
E00061561,250,4,246
E00061562,311,68,243
E00061563,219,23,196
E00061564,264,38,226
E00061565,275,65,210
E00061566,302,61,241
E00061568,282,45,237
E00061569,308,57,251
E00061570,291,56,235
E00061571,290,49,241
E00061572,325,66,259
E00061573,335,69,266
E00061574,308,68,240
E00061575,256,43,213
E00061576,360,85,275
E00061577,292,62,230
E00061578,336,54,282
E00061579,228,16,212
E00061580,273,47,226
E00061581,272,47,225
E00061582,535,116,419
E00061583,297,47,250
E00061584,290,47,243
E00061585,293,52,241
E00061586,356,50,306
E00061587,308,54,254
E00061588,136,6,130
E00061589,232,39,193
E00061590,352,44,308
E00061591,274,40,234
E00061592,206,19,187
E00061593,200,9,191
E00061594,177,4,173
E00061595,230,25,205
E00061596,295,43,252
E00061597,272,51,221
E00061598,271,48,223
E00061599,310,54,256
E00061600,271,62,209
E00061601,334,79,255
E00061602,238,41,197
E00061603,294,48,246
E00061604,270,79,191
E00061605,246,48,198
E00061606,258,57,201
E00061607,350,76,274
E00061608,277,69,208
E00061609,291,82,209
E00061610,263,65,198
E00061611,284,65,219
E00061612,279,68,211
E00061613,338,70,268
E00061614,335,74,261
E00061615,343,83,260
E00061616,302,67,235
E00061617,117,1,116
E00061618,178,18,160
E00061619,269,67,202
E00061620,189,27,162
E00061621,215,35,180
E00061622,311,60,251
E00061623,290,57,233
E00061624,291,72,219
E00061625,298,70,228
E00061626,222,27,195
E00061627,334,69,265
E00061628,339,52,287
E00061629,308,79,229
E00061630,130,29,101
E00061631,245,61,184
E00061633,252,60,192
E00061634,260,69,191
E00061638,429,112,317
E00061639,336,91,245
E00061640,317,75,242
E00061641,286,80,206
E00061642,342,103,239
E00061643,319,89,230
E00061644,261,38,223
E00061645,318,53,265
E00061646,271,44,227
E00061647,311,55,256
E00061648,322,61,261
E00061649,254,46,208
E00061650,270,40,230
E00061651,229,32,197
E00061652,310,56,254
E00061653,250,24,226
E00061654,272,34,238
E00061655,304,45,259
E00061656,258,41,217
E00061657,274,36,238
E00061658,249,35,214
E00061659,232,29,203
E00061660,271,51,220
E00061661,262,43,219
E00061662,304,58,246
E00061663,257,42,215
E00061664,270,58,212
E00061665,376,61,315
E00061666,341,52,289
E00061668,280,39,241
E00061669,314,58,256
E00061670,364,75,289
E00061671,337,97,240
E00061673,384,96,288
E00061674,311,73,238
E00061675,280,57,223
E00061676,320,56,264
E00061677,435,60,375
E00061678,307,68,239
E00061679,340,75,265
E00061681,287,71,216
E00061682,158,28,130
E00061683,458,76,382
E00061684,357,89,268
E00061685,227,28,199
E00061686,326,83,243
E00061687,184,33,151
E00061688,331,79,252
E00061689,330,70,260
E00061690,319,59,260
E00061691,410,108,302
E00061692,345,87,258
E00061693,354,73,281
E00061694,334,88,246
E00061695,251,57,194
E00061696,298,66,232
E00061697,325,65,260
E00061698,292,46,246
E00061699,334,78,256
E00061700,260,40,220
E00061701,173,21,152
E00061703,317,56,261
E00061704,328,70,258
E00061705,317,62,255
E00061706,286,59,227
E00061707,316,58,258
E00061708,283,27,256
E00061711,305,94,211
E00061713,279,35,244
E00061714,278,25,253
E00061715,270,36,234
E00061716,275,43,232
E00061717,279,45,234
E00061718,254,42,212
E00061719,241,48,193
E00061720,242,57,185
E00061721,510,165,345
E00061722,296,83,213
E00061723,358,119,239
E00061724,391,114,277
E00061725,258,59,199
E00061726,311,53,258
E00061727,318,97,221
E00061728,479,151,328
E00061729,293,69,224
E00061731,287,48,239
E00061732,355,56,299
E00061733,262,41,221
E00061734,317,43,274
E00061735,287,29,258
E00061736,277,27,250
E00061737,195,23,172
E00061738,239,30,209
E00061739,266,43,223
E00061740,445,93,352
E00061741,123,4,119
E00061742,248,54,194
E00061743,281,42,239
E00061744,176,15,161
E00061745,219,16,203
E00061746,256,53,203
E00061747,270,43,227
E00061748,225,30,195
E00061749,325,55,270
E00061750,257,66,191
E00061751,266,66,200
E00061752,287,60,227
E00061753,292,50,242
E00061754,314,63,251
E00061755,279,91,188
E00061756,253,73,180
E00061757,267,62,205
E00061758,247,30,217
E00061759,324,72,252
E00061760,214,21,193
E00061761,195,27,168
E00061762,227,32,195
E00061763,273,57,216
E00061764,338,91,247
E00061765,227,31,196
E00061766,241,47,194
E00061767,387,82,305
E00061768,372,79,293
E00061769,223,53,170
E00061770,257,49,208
E00061771,271,51,220
E00061773,270,67,203
E00061774,290,64,226
E00061775,257,60,197
E00061776,302,60,242
E00061777,368,99,269
E00061778,313,102,211
E00061779,295,68,227
E00061780,271,59,212
E00061781,266,59,207
E00061782,377,94,283
E00061783,256,41,215
E00061784,267,59,208
E00061785,285,63,222
E00061786,236,37,199
E00061787,201,46,155
E00061788,238,57,181
E00061789,296,61,235
E00061790,270,54,216
E00061791,195,61,134
E00061792,308,83,225
E00061793,259,34,225
E00061794,334,114,220
E00061795,248,41,207
E00061796,236,33,203
E00061797,277,42,235
E00061798,250,32,218
E00061799,269,32,237
E00061800,271,62,209
E00061801,268,35,233
E00061802,193,23,170
E00061803,214,11,203
E00061804,308,65,243
E00061805,233,12,221
E00061806,247,24,223
E00061807,279,42,237
E00061808,245,30,215
E00061809,235,16,219
E00061811,253,53,200
E00061812,339,66,273
E00061813,245,47,198
E00061814,232,25,207
E00061815,242,19,223
E00061816,245,38,207
E00061817,268,41,227
E00061818,245,35,210
E00061819,270,44,226
E00061820,263,31,232
E00061821,269,49,220
E00061822,277,49,228
E00061823,237,18,219
E00061824,254,48,206
E00061825,339,31,308
E00061826,274,35,239
E00061827,292,54,238
E00061828,263,51,212
E00061829,217,17,200
E00061830,174,16,158
E00061831,125,16,109
E00061832,357,129,228
E00061833,405,100,305
E00061834,233,33,200
E00061838,233,52,181
E00061841,183,32,151
E00061842,356,86,270
E00061843,208,13,195
E00061844,542,129,413
E00061845,526,123,403
E00061846,262,63,199
E00061847,282,90,192
E00061848,165,38,127
E00061849,313,76,237
E00061850,283,125,158
E00061851,376,105,271
E00061852,313,110,203
E00061854,266,72,194
E00061855,277,40,237
E00061856,236,50,186
E00061858,169,3,166
E00061859,327,60,267
E00061860,121,3,118
E00061863,222,41,181
E00061864,232,31,201
E00061865,319,86,233
E00061866,327,70,257
E00061867,311,56,255
E00061868,271,41,230
E00061869,208,33,175
E00061870,268,63,205
E00061872,211,28,183
E00061873,268,33,235
E00061874,409,60,349
E00061875,362,53,309
E00061876,403,80,323
E00061877,297,51,246
E00061878,321,74,247
E00061879,271,53,218
E00061880,289,67,222
E00061881,381,111,270
E00061882,285,78,207
E00061883,291,48,243
E00061884,351,95,256
E00061885,268,45,223
E00061886,299,60,239
E00061887,227,25,202
E00061888,268,53,215
E00061889,367,108,259
E00061890,257,30,227
E00061891,228,20,208
E00061892,292,43,249
E00061893,322,94,228
E00061894,262,66,196
E00061895,213,59,154
E00061896,354,66,288
E00061897,297,93,204
E00061898,331,82,249
E00061899,289,74,215
E00061900,303,98,205
E00061901,277,70,207
E00061902,270,71,199
E00061903,255,66,189
E00061904,306,62,244
E00061906,226,24,202
E00061907,291,65,226
E00061908,241,52,189
E00061909,157,3,154
E00061910,302,70,232
E00061911,144,9,135
E00061912,190,2,188
E00061913,233,49,184
E00061914,263,69,194
E00061915,287,55,232
E00061916,281,48,233
E00061917,269,52,217
E00061918,279,64,215
E00061919,246,40,206
E00061920,415,86,329
E00061921,239,44,195
E00061922,194,30,164
E00061923,295,37,258
E00061924,218,21,197
E00061925,253,66,187
E00061926,352,118,234
E00061927,291,63,228
E00061928,283,67,216
E00061929,197,20,177
E00061930,286,37,249
E00061931,313,69,244
E00061932,326,17,309
E00061933,321,70,251
E00061934,264,76,188
E00061936,281,43,238
E00061937,271,84,187
E00061938,283,38,245
E00061939,204,27,177
E00061941,163,15,148
E00061942,372,39,333
E00061943,245,57,188
E00061944,304,35,269
E00061945,257,41,216
E00061946,313,102,211
E00061947,232,29,203
E00061948,321,47,274
E00061949,137,11,126
E00061950,348,105,243
E00061951,222,45,177
E00061952,198,24,174
E00061953,257,54,203
E00061954,225,51,174
E00061955,179,19,160
E00061956,200,45,155
E00061957,196,34,162
E00061958,203,53,150
E00061959,127,17,110
E00061960,206,63,143
E00061961,274,54,220
E00061962,311,55,256
E00061964,325,49,276
E00061965,183,26,157
E00061966,269,82,187
E00061967,223,60,163
E00061968,268,80,188
E00061969,234,34,200
E00061971,201,48,153
E00061972,368,43,325
E00061975,260,39,221
E00061977,285,36,249
E00061978,436,92,344
E00061979,229,26,203
E00061980,258,28,230
E00061981,307,75,232
E00061982,329,96,233
E00061983,268,61,207
E00061985,308,79,229
E00061987,554,115,439
E00061988,281,49,232
E00061989,517,80,437
E00061990,321,34,287
E00061991,348,47,301
E00061992,274,50,224
E00061993,178,35,143
E00061995,256,23,233
E00061997,284,40,244
E00061999,270,45,225
E00062000,311,57,254
E00062001,354,100,254
E00062002,405,114,291
E00062003,266,66,200
E00062004,312,54,258
E00062006,222,33,189
E00062007,407,73,334
E00062008,261,57,204
E00062009,243,35,208
E00062010,247,35,212
E00062011,282,47,235
E00062012,279,30,249
E00062013,315,63,252
E00062014,171,14,157
E00062015,274,53,221
E00062016,283,39,244
E00062017,321,50,271
E00062018,317,43,274
E00062019,339,59,280
E00062020,349,72,277
E00062021,242,31,211
E00062022,264,28,236
E00062023,287,49,238
E00062024,205,41,164
E00062025,270,58,212
E00062026,232,22,210
E00062027,226,33,193
E00062028,326,69,257
E00062029,364,62,302
E00062030,216,36,180
E00062031,221,43,178
E00062032,275,68,207
E00062033,321,57,264
E00062034,217,25,192
E00062035,232,32,200
E00062037,265,51,214
E00062038,266,46,220
E00062039,228,21,207
E00062040,239,21,218
E00062041,288,46,242
E00062042,275,55,220
E00062043,376,49,327
E00062044,236,28,208
E00062045,239,41,198
E00062046,154,22,132
E00062047,282,41,241
E00062048,172,14,158
E00062049,255,43,212
E00062050,258,28,230
E00062051,272,54,218
E00062052,353,42,311
E00062053,204,30,174
E00062054,209,29,180
E00062055,202,40,162
E00062056,189,10,179
E00062057,213,28,185
E00062058,279,19,260
E00062059,148,7,141
E00062060,499,120,379
E00062061,290,43,247
E00062062,263,53,210
E00062064,238,73,165
E00062065,278,54,224
E00062066,210,33,177
E00062067,243,37,206
E00062068,259,46,213
E00062069,292,31,261
E00062070,299,55,244
E00062071,236,32,204
E00062072,418,62,356
E00062073,313,63,250
E00062074,434,73,361
E00062075,260,41,219
E00062076,480,87,393
E00062077,345,73,272
E00062078,262,63,199
E00062079,278,99,179
E00062080,252,33,219
E00062081,361,53,308
E00062082,273,53,220
E00062083,287,61,226
E00062084,250,38,212
E00062085,276,41,235
E00062086,259,43,216
E00062087,325,48,277
E00062088,240,43,197
E00062089,240,61,179
E00062090,285,79,206
E00062091,271,63,208
E00062092,230,38,192
E00062093,252,58,194
E00062094,300,38,262
E00062095,293,79,214
E00062096,318,105,213
E00062097,309,76,233
E00062098,130,7,123
E00062099,234,43,191
E00062100,319,98,221
E00062101,214,27,187
E00062102,254,63,191
E00062103,397,48,349
E00062104,316,61,255
E00062105,308,64,244
E00062106,368,49,319
E00062107,326,83,243
E00062108,563,132,431
E00062109,290,44,246
E00062110,271,43,228
E00062111,399,101,298
E00062112,340,49,291
E00062113,341,66,275
E00062114,205,28,177
E00062115,286,43,243
E00062116,235,19,216
E00062117,251,65,186
E00062119,255,37,218
E00062120,231,26,205
E00062121,291,44,247
E00062122,296,71,225
E00062123,278,53,225
E00062124,281,73,208
E00062125,266,41,225
E00062126,245,51,194
E00062127,217,45,172
E00062128,274,59,215
E00062129,223,24,199
E00062131,268,33,235
E00062132,268,64,204
E00062133,406,93,313
E00062134,390,76,314
E00062136,224,20,204
E00062138,269,57,212
E00062139,280,49,231
E00062140,287,49,238
E00062141,530,142,388
E00062142,433,111,322
E00062143,300,61,239
E00062144,253,30,223
E00062145,274,42,232
E00062146,302,74,228
E00062147,340,65,275
E00062148,269,46,223
E00062149,224,36,188
E00062150,229,28,201
E00062151,292,58,234
E00062152,269,44,225
E00062153,230,37,193
E00062154,421,93,328
E00062155,286,48,238
E00062156,453,111,342
E00062157,339,44,295
E00062158,236,21,215
E00062159,186,18,168
E00062160,299,61,238
E00062161,241,43,198
E00062162,261,65,196
E00062163,234,90,144
E00062164,318,91,227
E00062165,465,127,338
E00062166,275,57,218
E00062167,252,34,218
E00062168,301,67,234
E00062169,277,46,231
E00062170,239,24,215
E00062171,230,33,197
E00062172,251,27,224
E00062173,284,41,243
E00062174,230,28,202
E00062175,263,60,203
E00062176,212,21,191
E00062177,260,69,191
E00062178,292,48,244
E00062179,245,32,213
E00062180,264,34,230
E00062181,292,50,242
E00062182,263,34,229
E00062183,296,56,240
E00062184,268,26,242
E00062185,250,53,197
E00062186,261,55,206
E00062187,244,51,193
E00062188,287,49,238
E00062189,279,44,235
E00062190,299,59,240
E00062191,202,19,183
E00062192,461,98,363
E00062193,261,58,203
E00062194,262,41,221
E00062195,369,57,312
E00062196,275,43,232
E00062197,332,52,280
E00062198,230,40,190
E00062199,248,59,189
E00062200,218,14,204
E00062202,238,31,207
E00062203,323,44,279
E00062204,269,42,227
E00062205,378,73,305
E00062206,269,55,214
E00062207,267,49,218
E00062208,458,119,339
E00062209,199,33,166
E00062210,117,19,98
E00062211,150,17,133
E00062212,239,31,208
E00062213,207,9,198
E00062214,280,42,238
E00062215,304,42,262
E00062216,296,51,245
E00062217,282,56,226
E00062218,199,16,183
E00062219,289,49,240
E00062220,255,42,213
E00062221,347,72,275
E00062222,285,48,237
E00062223,325,67,258
E00062224,262,34,228
E00062225,358,73,285
E00062227,287,48,239
E00062228,268,36,232
E00062229,430,102,328
E00062230,303,73,230
E00062231,277,65,212
E00062232,221,28,193
E00062233,260,30,230
E00062234,179,21,158
E00062235,256,41,215
E00062236,383,49,334
E00062237,494,66,428
E00062238,239,51,188
E00062239,238,40,198
E00062240,208,32,176
E00062241,316,64,252
E00062242,283,73,210
E00062243,334,38,296
E00062244,315,90,225
E00062245,180,30,150
E00062246,161,22,139
E00062247,272,72,200
E00062250,302,58,244
E00062251,193,28,165
E00062252,259,47,212
E00062253,284,36,248
E00062255,287,52,235
E00062256,264,52,212
E00062257,222,35,187
E00062258,253,28,225
E00062260,336,113,223
E00062261,283,64,219
E00062262,511,117,394
E00062263,291,33,258
E00062265,275,44,231
E00062266,255,43,212
E00062268,301,32,269
E00062269,296,56,240
E00062270,334,66,268
E00062272,290,54,236
E00062273,318,58,260
E00062274,253,33,220
E00062275,323,58,265
E00062276,226,25,201
E00062277,289,49,240
E00062278,345,47,298
E00062279,285,51,234
E00062280,265,35,230
E00062281,242,25,217
E00062282,302,57,245
E00062283,265,48,217
E00062284,262,54,208
E00062285,305,44,261
E00062286,218,32,186
E00062287,245,38,207
E00062288,232,15,217
E00062289,304,71,233
E00062290,209,22,187
E00062291,267,52,215
E00062292,289,57,232
E00062293,199,25,174
E00062294,268,72,196
E00062295,183,32,151
E00062296,216,39,177
E00062297,267,56,211
E00062298,232,41,191
E00062299,292,64,228
E00062300,199,22,177
E00062301,245,39,206
E00062302,238,33,205
E00062303,151,8,143
E00062304,193,35,158
E00062305,153,16,137
E00062306,220,36,184
E00062307,258,53,205
E00062308,247,40,207
E00062309,275,54,221
E00062310,283,40,243
E00062311,296,54,242
E00062312,252,29,223
E00062313,231,43,188
E00062314,245,61,184
E00062315,315,67,248
E00062316,195,26,169
E00062317,198,30,168
E00062318,223,25,198
E00062319,147,20,127
E00062320,244,35,209
E00062321,284,66,218
E00062322,369,83,286
E00062323,268,57,211
E00062324,270,78,192
E00062325,233,28,205
E00062326,221,31,190
E00062327,455,127,328
E00062328,389,59,330
E00062329,178,25,153
E00062330,259,36,223
E00062331,312,79,233
E00062332,315,50,265
E00062333,187,38,149
E00062334,211,50,161
E00062335,254,64,190
E00062336,321,108,213
E00062337,311,105,206
E00062338,336,114,222
E00062339,378,64,314
E00062340,237,36,201
E00062341,290,57,233
E00062342,248,58,190
E00062343,242,45,197
E00062344,238,52,186
E00062345,270,54,216
E00062346,311,50,261
E00062347,295,48,247
E00062348,344,64,280
E00062349,300,75,225
E00062350,332,74,258
E00062351,251,38,213
E00062352,297,56,241
E00062353,298,55,243
E00062354,296,53,243
E00062355,301,65,236
E00062356,324,56,268
E00062357,157,14,143
E00062358,342,62,280
E00062359,233,22,211
E00062360,252,30,222
E00062361,191,25,166
E00062362,230,32,198
E00062363,198,24,174
E00062364,208,27,181
E00062365,253,36,217
E00062366,162,16,146
E00062367,228,40,188
E00062368,234,44,190
E00062369,267,43,224
E00062370,239,46,193
E00062371,202,28,174
E00062372,241,29,212
E00062373,255,43,212
E00062374,190,33,157
E00062375,207,29,178
E00062376,201,43,158
E00062377,137,9,128
E00062378,280,37,243
E00062379,362,52,310
E00062380,144,23,121
E00062381,114,10,104
E00062382,211,34,177
E00062383,204,35,169
E00062384,327,53,274
E00062385,322,36,286
E00062386,234,35,199
E00062387,222,32,190
E00062388,332,73,259
E00062389,535,124,411
E00062390,255,46,209
E00062391,272,50,222
E00062392,224,31,193
E00062393,418,73,345
E00062394,337,51,286
E00062395,285,42,243
E00062396,439,59,380
E00062397,271,53,218
E00062398,246,43,203
E00062399,243,39,204
E00062400,268,63,205
E00062401,252,35,217
E00062402,240,37,203
E00062403,442,88,354
E00062404,244,51,193
E00062405,300,61,239
E00062406,268,47,221
E00062407,483,105,378
E00062408,282,64,218
E00062409,196,11,185
E00062410,293,40,253
E00062411,281,38,243
E00062412,291,40,251
E00062413,284,46,238
E00062414,304,42,262
E00062415,198,27,171
E00062416,291,33,258
E00062417,288,41,247
E00062418,277,47,230
E00062419,275,33,242
E00062420,276,46,230
E00062421,319,46,273
E00062422,344,61,283
E00062423,412,77,335
E00062424,265,56,209
E00062426,268,37,231
E00062428,314,67,247
E00062429,279,48,231
E00062431,476,106,370
E00062434,231,24,207
E00062435,268,53,215
E00062436,253,37,216
E00062437,245,38,207
E00062438,390,100,290
E00062439,332,63,269
E00062440,315,66,249
E00062441,253,58,195
E00062442,292,58,234
E00062443,214,61,153
E00062444,407,54,353
E00062445,286,37,249
E00062446,261,66,195
E00062447,303,53,250
E00062448,307,63,244
E00062449,248,59,189
E00062450,261,41,220
E00062451,291,62,229
E00062452,266,62,204
E00062453,262,43,219
E00062454,290,32,258
E00062455,260,53,207
E00062456,253,43,210
E00062459,236,38,198
E00062460,185,43,142
E00062461,237,35,202
E00062462,197,17,180
E00062463,301,50,251
E00062464,261,44,217
E00062465,168,8,160
E00062466,300,79,221
E00062467,334,49,285
E00062468,275,58,217
E00062469,451,134,317
E00062470,378,87,291
E00062471,220,64,156
E00062472,139,22,117
E00062473,215,31,184
E00062474,162,46,116
E00062475,209,40,169
E00062477,135,17,118
E00062478,232,37,195
E00062479,223,54,169
E00062480,635,153,482
E00062481,581,134,447
E00062482,300,60,240
E00062483,550,131,419
E00062485,404,69,335
E00062486,458,51,407
E00062487,289,29,260
E00062488,256,37,219
E00062489,173,5,168
E00062490,361,47,314
E00062491,518,96,422
E00062492,516,103,413
E00062493,434,84,350
E00062494,257,29,228
E00062495,174,22,152
E00062497,398,53,345
E00062498,364,58,306
E00062499,322,40,282
E00062500,300,79,221
E00062501,296,54,242
E00062502,296,44,252
E00062503,238,18,220
E00062504,346,92,254
E00062505,264,48,216
E00062506,334,67,267
E00062507,283,64,219
E00062508,299,64,235
E00062509,407,81,326
E00062510,299,56,243
E00062511,226,31,195
E00062513,268,66,202
E00062514,226,16,210
E00062515,307,49,258
E00062516,484,102,382
E00062517,243,27,216
E00062519,286,45,241
E00062520,264,33,231
E00062521,286,33,253
E00062522,340,50,290
E00062523,287,58,229
E00062524,324,67,257
E00062525,232,40,192
E00062527,366,76,290
E00062529,409,69,340
E00062530,278,55,223
E00062531,271,61,210
E00062532,312,59,253
E00062533,246,55,191
E00062534,315,68,247
E00062535,239,46,193
E00062536,254,43,211
E00062537,261,42,219
E00062538,289,52,237
E00062539,316,56,260
E00062540,249,56,193
E00062541,284,62,222
E00062542,289,75,214
E00062543,253,43,210
E00062544,277,45,232
E00062545,224,32,192
E00062546,250,51,199
E00062547,307,58,249
E00062548,332,78,254
E00062549,284,65,219
E00062550,292,68,224
E00062551,283,68,215
E00062552,273,77,196
E00062553,213,33,180
E00062554,279,17,262
E00062555,310,47,263
E00062556,254,31,223
E00062557,293,44,249
E00062558,287,39,248
E00062559,303,38,265
E00062560,293,69,224
E00062561,330,60,270
E00062562,318,90,228
E00062563,295,55,240
E00062564,289,68,221
E00062565,267,21,246
E00062566,275,51,224
E00062567,482,110,372
E00062568,313,90,223
E00062569,317,75,242
E00062570,274,34,240
E00062571,499,141,358
E00062572,291,70,221
E00062573,286,58,228
E00062574,300,92,208
E00062575,275,60,215
E00062576,257,38,219
E00062577,258,38,220
E00062578,231,31,200
E00062579,305,56,249
E00062580,231,24,207
E00062581,318,71,247
E00062582,416,64,352
E00062583,298,58,240
E00062584,331,66,265
E00062585,255,59,196
E00062586,221,35,186
E00062587,356,96,260
E00062589,312,91,221
E00062590,238,40,198
E00062591,322,73,249
E00062592,246,18,228
E00062593,240,24,216
E00062594,309,61,248
E00062595,256,61,195
E00062596,250,27,223
E00062597,364,91,273
E00062598,252,61,191
E00062599,217,36,181
E00062600,306,62,244
E00062601,296,51,245
E00062603,170,18,152
E00062604,308,57,251
E00062605,244,38,206
E00062606,275,25,250
E00062607,219,19,200
E00062608,236,20,216
E00062609,267,36,231
E00062610,258,34,224
E00062611,261,25,236
E00062612,284,37,247
E00062613,264,53,211
E00062614,419,65,354
E00062615,275,46,229
E00062616,238,22,216
E00062617,286,50,236
E00062618,240,34,206
E00062619,279,54,225
E00062620,218,13,205
E00062621,290,78,212
E00062622,288,57,231
E00062623,264,57,207
E00062624,358,64,294
E00062625,311,47,264
E00062626,258,47,211
E00062627,257,37,220
E00062628,385,53,332
E00062629,253,38,215
E00062630,406,69,337
E00062631,245,38,207
E00062632,421,95,326
E00062633,275,32,243
E00062634,310,67,243
E00062635,344,54,290
E00062636,320,57,263
E00062637,343,65,278
E00062638,290,33,257
E00062639,242,36,206
E00062640,243,27,216
E00062641,290,53,237
E00062642,296,38,258
E00062643,280,25,255
E00062644,271,57,214
E00062645,265,75,190
E00062646,285,36,249
E00062647,276,48,228
E00062648,267,76,191
E00062649,282,66,216
E00062650,217,21,196
E00062651,223,39,184
E00062652,280,41,239
E00062653,298,34,264
E00062654,198,29,169
E00062655,195,26,169
E00062656,214,53,161
E00062657,220,43,177
E00062658,202,23,179
E00062659,232,49,183
E00062660,211,25,186
E00062661,282,31,251
E00062662,268,70,198
E00062663,251,52,199
E00062664,280,82,198
E00062665,263,47,216
E00062666,310,78,232
E00062667,300,69,231
E00062668,469,105,364
E00062669,358,83,275
E00062670,262,62,200
E00062671,336,82,254
E00062672,373,80,293
E00062673,296,61,235
E00062674,359,64,295
E00062675,313,48,265
E00062676,294,66,228
E00062677,259,47,212
E00062678,301,79,222
E00062680,283,41,242
E00062681,258,68,190
E00062682,290,62,228
E00062683,270,72,198
E00062684,335,68,267
E00062685,290,44,246
E00062686,329,50,279
E00062687,301,29,272
E00062688,250,36,214
E00062689,218,34,184
E00062690,209,20,189
E00062691,192,19,173
E00062692,233,19,214
E00062693,259,43,216
E00062694,218,33,185
E00062695,261,59,202
E00062696,305,81,224
E00062697,231,38,193
E00062698,269,47,222
E00062701,265,44,221
E00062702,251,46,205
E00062703,276,45,231
E00062705,232,31,201
E00062707,296,49,247
E00062708,344,63,281
E00062709,268,49,219
E00062710,549,104,445
E00062711,258,41,217
E00062712,328,62,266
E00062713,227,19,208
E00062714,478,121,357
E00062715,228,23,205
E00062716,288,67,221
E00062717,229,24,205
E00062718,280,63,217
E00062719,234,45,189
E00062720,338,29,309
E00062721,304,68,236
E00062722,311,78,233
E00062723,292,73,219
E00062724,232,22,210
E00062725,340,53,287
E00062726,276,58,218
E00062727,297,82,215
E00062728,258,35,223
E00062729,245,46,199
E00062730,297,51,246
E00062731,303,56,247
E00062732,308,66,242
E00062733,301,48,253
E00062734,252,67,185
E00062735,242,69,173
E00062736,290,91,199
E00062737,266,41,225
E00062738,347,97,250
E00062739,305,98,207
E00062740,261,40,221
E00062741,327,76,251
E00062742,320,78,242
E00062743,269,61,208
E00062744,308,73,235
E00062745,289,63,226
E00062746,210,35,175
E00062747,229,43,186
E00062748,297,61,236
E00062749,305,67,238
E00062751,174,24,150
E00062752,446,79,367
E00062753,201,43,158
E00062754,398,64,334
E00062755,284,52,232
E00062756,232,50,182
E00062757,223,33,190
E00062758,258,31,227
E00062759,253,55,198
E00062760,321,110,211
E00062761,282,45,237
E00062762,334,110,224
E00062763,294,78,216
E00062764,360,94,266
E00062765,347,118,229
E00062766,298,88,210
E00062767,363,106,257
E00062769,343,89,254
E00062770,160,22,138
E00062771,318,54,264
E00062772,302,68,234
E00062773,296,45,251
E00062774,248,50,198
E00062775,246,27,219
E00062776,373,55,318
E00062777,324,35,289
E00062778,408,50,358
E00062779,612,42,570
E00062780,343,72,271
E00062781,267,52,215
E00062782,294,61,233
E00062783,304,80,224
E00062784,304,56,248
E00062785,311,65,246
E00062786,275,61,214
E00062787,291,49,242
E00062788,303,65,238
E00062789,273,55,218
E00062791,313,31,282
E00062792,157,4,153
E00062794,256,47,209
E00062796,268,38,230
E00062797,332,69,263
E00062798,322,59,263
E00062799,318,70,248
E00062800,501,103,398
E00062801,334,55,279
E00062802,203,11,192
E00062804,182,20,162
E00062805,390,58,332
E00062807,238,43,195
E00062808,265,40,225
E00062809,275,47,228
E00062810,269,44,225
E00062811,252,48,204
E00062812,252,47,205
E00062814,268,25,243
E00062815,296,51,245
E00062816,367,119,248
E00062817,258,61,197
E00062818,447,135,312
E00062819,258,65,193
E00062820,339,101,238
E00062821,371,130,241
E00062823,249,61,188
E00062824,280,47,233
E00062825,165,18,147
E00062826,226,42,184
E00062827,313,56,257
E00062828,241,42,199
E00062829,434,109,325
E00062830,371,71,300
E00062831,322,53,269
E00062833,227,35,192
E00062834,246,36,210
E00062835,263,48,215
E00062837,341,46,295
E00062838,366,74,292
E00062839,226,31,195
E00062840,257,33,224
E00062841,251,49,202
E00062842,271,25,246
E00062843,309,53,256
E00062844,235,45,190
E00062845,179,13,166
E00062846,290,45,245
E00062847,285,53,232
E00062848,292,70,222
E00062849,240,32,208
E00062850,216,44,172
E00062852,263,45,218
E00062853,252,32,220
E00062855,318,65,253
E00062856,264,21,243
E00062857,137,16,121
E00062858,298,80,218
E00062859,244,26,218
E00062860,245,36,209
E00062861,272,63,209
E00062862,298,55,243
E00062864,387,69,318
E00062865,232,28,204
E00062867,348,73,275
E00062868,237,35,202
E00062869,209,44,165
E00062870,244,45,199
E00062873,262,33,229
E00062874,234,28,206
E00062875,289,43,246
E00062876,242,37,205
E00062877,237,33,204
E00062878,313,19,294
E00062879,288,27,261
E00062880,266,44,222
E00062881,412,91,321
E00062882,272,39,233
E00062883,278,39,239
E00062884,262,40,222
E00062885,279,54,225
E00062886,202,35,167
E00062887,268,62,206
E00062888,292,63,229
E00062889,293,23,270
E00062890,342,38,304
E00062891,437,68,369
E00062893,276,15,261
E00062894,318,62,256
E00062895,306,51,255
E00062896,270,46,224
E00062897,332,53,279
E00062898,327,66,261
E00062899,301,53,248
E00062901,249,64,185
E00062902,337,76,261
E00062903,270,45,225
E00062904,444,112,332
E00062905,296,50,246
E00062907,273,60,213
E00062908,315,62,253
E00062909,332,53,279
E00062910,275,47,228
E00062911,291,49,242
E00062912,232,30,202
E00062913,235,35,200
E00062915,238,43,195
E00062916,334,88,246
E00062917,243,28,215
E00062918,280,45,235
E00062919,324,69,255
E00062920,279,34,245
E00062921,327,52,275
E00062922,443,76,367
E00062923,220,26,194
E00062924,254,55,199
E00062925,307,48,259
E00062926,276,38,238
E00062927,272,40,232
E00062928,300,45,255
E00062929,273,54,219
E00062930,267,47,220
E00062932,240,52,188
E00062934,275,80,195
E00062935,241,30,211
E00062936,250,63,187
E00062937,184,36,148
E00062939,257,56,201
E00062940,294,51,243
E00062941,244,23,221
E00062942,277,30,247
E00062943,192,31,161
E00062944,229,32,197
E00062945,233,32,201
E00062946,189,14,175
E00062947,240,31,209
E00062948,279,46,233
E00062949,249,49,200
E00062950,296,43,253
E00062951,164,15,149
E00062952,319,73,246
E00062953,199,39,160
E00062954,249,38,211
E00062955,299,56,243
E00062956,240,51,189
E00062957,243,39,204
E00062960,320,41,279
E00062961,301,87,214
E00062962,236,51,185
E00062963,394,54,340
E00062964,221,13,208
E00062965,252,31,221
E00062967,282,45,237
E00062968,243,40,203
E00062969,273,38,235
E00062970,296,48,248
E00062971,296,56,240
E00062972,287,58,229
E00062973,236,27,209
E00062975,238,31,207
E00062976,267,52,215
E00062977,299,51,248
E00062978,308,69,239
E00062979,555,132,423
E00062980,230,21,209
E00062981,395,71,324
E00062982,330,62,268
E00062983,288,46,242
E00062984,299,52,247
E00062985,209,35,174
E00062986,295,50,245
E00062987,257,36,221
E00062988,307,55,252
E00062989,266,51,215
E00062990,288,73,215
E00062991,319,47,272
E00062992,297,50,247
E00062993,193,26,167
E00062994,312,66,246
E00062995,296,56,240
E00062996,424,115,309
E00062997,253,41,212
E00062998,294,61,233
E00062999,291,50,241
E00063000,270,43,227
E00063001,265,48,217
E00063002,312,41,271
E00063003,149,23,126
E00063004,259,36,223
E00063005,306,66,240
E00063006,319,65,254
E00063007,448,83,365
E00063008,439,80,359
E00063009,231,40,191
E00063010,313,49,264
E00063011,305,63,242
E00063012,462,91,371
E00063013,274,46,228
E00063014,273,33,240
E00063015,321,55,266
E00063016,333,66,267
E00063017,269,34,235
E00063018,280,46,234
E00063019,259,21,238
E00063020,312,52,260
E00063021,369,66,303
E00063022,391,90,301
E00063023,277,45,232
E00063024,296,60,236
E00063025,258,43,215
E00063026,249,25,224
E00063027,299,60,239
E00063028,357,56,301
E00063029,235,20,215
E00063030,307,63,244
E00063031,277,47,230
E00063032,276,44,232
E00063033,271,43,228
E00063034,205,37,168
E00063035,492,100,392
E00063036,307,56,251
E00063037,306,41,265
E00063038,264,44,220
E00063039,225,31,194
E00063041,294,62,232
E00063042,323,54,269
E00063043,318,69,249
E00063044,372,51,321
E00063045,268,36,232
E00063046,300,74,226
E00063047,260,55,205
E00063048,295,73,222
E00063049,272,49,223
E00063050,336,105,231
E00063051,303,38,265
E00063053,232,63,169
E00063054,268,56,212
E00063055,266,56,210
E00063056,369,74,295
E00063057,267,33,234
E00063058,277,35,242
E00063059,329,51,278
E00063060,421,79,342
E00063061,242,25,217
E00063062,386,81,305
E00063063,217,25,192
E00063064,252,44,208
E00063068,393,72,321
E00063070,300,69,231
E00063071,305,78,227
E00063072,325,89,236
E00063073,235,44,191
E00063074,179,32,147
E00063075,218,39,179
E00063076,213,39,174
E00063077,278,55,223
E00063078,306,53,253
E00063079,255,67,188
E00063080,302,31,271
E00063081,397,72,325
E00063082,249,39,210
E00063083,238,50,188
E00063084,379,59,320
E00063085,440,69,371
E00063086,222,36,186
E00063087,164,6,158
E00063088,237,32,205
E00063089,264,46,218
E00063091,255,37,218
E00063092,326,62,264
E00063093,253,35,218
E00063094,336,40,296
E00063095,263,48,215
E00063096,244,32,212
E00063097,228,35,193
E00063098,272,37,235
E00063099,292,33,259
E00063100,283,57,226
E00063101,235,34,201
E00063102,189,7,182
E00063104,231,26,205
E00063105,242,27,215
E00063106,208,11,197
E00063107,240,38,202
E00063108,214,11,203
E00063110,186,5,181
E00063111,242,53,189
E00063113,424,109,315
E00063114,330,64,266
E00063115,276,32,244
E00063116,385,76,309
E00063117,259,51,208
E00063118,295,57,238
E00063119,329,67,262
E00063120,289,56,233
E00063121,250,39,211
E00063122,313,55,258
E00063123,342,56,286
E00063125,274,41,233
E00063126,204,21,183
E00063127,246,46,200
E00063128,176,12,164
E00063129,266,67,199
E00063130,248,49,199
E00063131,438,106,332
E00063132,296,58,238
E00063133,288,55,233
E00063134,479,117,362
E00063135,488,125,363
E00063136,316,52,264
E00063137,351,57,294
E00063138,289,47,242
E00063139,512,144,368
E00063140,285,69,216
E00063141,357,77,280
E00063142,368,89,279
E00063143,359,82,277
E00063144,353,67,286
E00063145,305,71,234
E00063146,343,106,237
E00063147,317,70,247
E00063148,291,59,232
E00063149,285,35,250
E00063150,274,42,232
E00063151,333,69,264
E00063152,285,46,239
E00063153,263,27,236
E00063154,296,53,243
E00063155,336,94,242
E00063156,261,42,219
E00063157,291,36,255
E00063158,310,47,263
E00063159,276,38,238
E00063160,254,26,228
E00063161,263,46,217
E00063162,236,32,204
E00063163,243,30,213
E00063164,275,47,228
E00063165,254,61,193
E00063166,298,62,236
E00063167,263,51,212
E00063168,383,104,279
E00063169,303,74,229
E00063170,276,45,231
E00063171,278,28,250
E00063172,297,38,259
E00063173,296,71,225
E00063174,291,64,227
E00063175,325,78,247
E00063176,173,13,160
E00063177,272,57,215
E00063178,292,48,244
E00063179,306,49,257
E00063180,288,49,239
E00063181,113,20,93
E00063182,241,19,222
E00063183,302,38,264
E00063184,267,46,221
E00063185,353,60,293
E00063186,271,43,228
E00063187,230,24,206
E00063188,325,65,260
E00063189,239,31,208
E00063190,338,59,279
E00063191,348,63,285
E00063192,294,57,237
E00063193,217,22,195
E00063194,242,36,206
E00063195,257,45,212
E00063196,263,23,240
E00063197,274,41,233
E00063198,290,44,246
E00063199,270,35,235
E00063200,264,24,240
E00063201,289,52,237
E00063202,287,63,224
E00063203,295,47,248
E00063204,281,34,247
E00063205,292,60,232
E00063206,292,54,238
E00063207,297,52,245
E00063208,176,14,162
E00063209,303,37,266
E00063210,292,61,231
E00063211,231,40,191
E00063212,197,23,174
E00063213,218,54,164
E00063214,237,49,188
E00063215,298,39,259
E00063216,287,49,238
E00063217,172,37,135
E00063218,280,71,209
E00063219,241,50,191
E00063220,300,86,214
E00063221,257,57,200
E00063222,278,69,209
E00063223,252,58,194
E00063224,258,43,215
E00063225,268,77,191
E00063226,208,56,152
E00063227,268,60,208
E00063228,364,74,290
E00063229,298,82,216
E00063230,282,74,208
E00063231,252,57,195
E00063232,272,68,204
E00063233,296,76,220
E00063234,292,61,231
E00063235,279,69,210
E00063236,321,85,236
E00063237,264,47,217
E00063238,232,52,180
E00063239,234,26,208
E00063240,250,26,224
E00063241,244,30,214
E00063242,290,50,240
E00063243,264,67,197
E00063244,276,70,206
E00063245,278,71,207
E00063246,252,24,228
E00063247,254,28,226
E00063248,225,18,207
E00063249,260,45,215
E00063250,287,71,216
E00063251,226,29,197
E00063252,284,65,219
E00063253,270,39,231
E00063254,296,47,249
E00063255,299,42,257
E00063256,265,52,213
E00063258,329,59,270
E00063259,273,32,241
E00063260,262,48,214
E00063261,442,77,365
E00063262,180,7,173
E00063263,319,84,235
E00063264,381,96,285
E00063265,308,77,231
E00063266,302,55,247
E00063267,403,99,304
E00063268,251,31,220
E00063269,403,122,281
E00063270,247,15,232
E00063271,266,32,234
E00063272,260,69,191
E00063273,189,37,152
E00063274,243,36,207
E00063275,343,122,221
E00063276,265,56,209
E00063277,298,66,232
E00063278,281,74,207
E00063279,286,64,222
E00063281,308,59,249
E00063282,308,58,250
E00063283,263,43,220
E00063284,261,46,215
E00063286,227,17,210
E00063287,202,7,195
E00063288,196,3,193
E00063289,278,53,225
E00063290,241,38,203
E00063291,338,59,279
E00063292,246,27,219
E00063293,277,50,227
E00063294,194,22,172
E00063295,300,30,270
E00063296,326,53,273
E00063297,301,51,250
E00063298,305,34,271
E00063299,298,67,231
E00063300,394,85,309
E00063301,323,62,261
E00063302,352,62,290
E00063303,343,28,315
E00063304,290,47,243
E00063305,295,37,258
E00063306,308,34,274
E00063307,302,41,261
E00063308,315,56,259
E00063309,321,59,262
E00063310,340,74,266
E00063311,314,48,266
E00063312,289,53,236
E00063313,269,39,230
E00063314,281,49,232
E00063315,127,8,119
E00063316,287,48,239
E00063317,264,38,226
E00063318,240,19,221
E00063319,280,43,237
E00063320,293,60,233
E00063321,283,44,239
E00063322,274,44,230
E00063323,301,50,251
E00063324,318,56,262
E00063325,337,86,251
E00063326,297,36,261
E00063327,312,39,273
E00063328,290,47,243
E00063329,330,71,259
E00063330,251,56,195
E00063331,236,22,214
E00063332,229,39,190
E00063333,274,54,220
E00063334,245,56,189
E00063335,383,65,318
E00063336,241,26,215
E00063337,342,77,265
E00063338,212,27,185
E00063339,259,47,212
E00063340,222,27,195
E00063341,241,47,194
E00063342,251,35,216
E00063343,232,35,197
E00063344,304,57,247
E00063345,297,56,241
E00063346,326,74,252
E00063347,253,45,208
E00063348,254,35,219
E00063349,312,60,252
E00063350,289,60,229
E00063351,312,67,245
E00063352,306,45,261
E00063353,290,22,268
E00063354,306,46,260
E00063356,398,42,356
E00063358,278,43,235
E00063359,298,28,270
E00063360,297,35,262
E00063361,303,51,252
E00063362,372,64,308
E00063363,531,112,419
E00063364,338,59,279
E00063365,385,77,308
E00063366,234,28,206
E00063367,212,26,186
E00063368,286,46,240
E00063369,347,58,289
E00063370,215,26,189
E00063371,416,52,364
E00063372,317,60,257
E00063374,338,91,247
E00063375,299,46,253
E00063378,204,36,168
E00063379,251,24,227
E00063380,215,28,187
E00063382,546,131,415
E00063384,199,18,181
E00063389,304,45,259
E00063390,353,61,292
E00063391,282,48,234
E00063392,328,71,257
E00063393,546,128,418
E00063394,471,96,375
E00063395,151,17,134
E00063398,560,191,369
E00063399,334,101,233
E00063400,389,135,254
E00063402,296,84,212
E00063403,380,84,296
E00063404,387,114,273
E00063405,391,127,264
E00063406,392,115,277
E00063407,323,86,237
E00063408,270,57,213
E00063409,311,98,213
E00063410,364,114,250
E00063411,343,111,232
E00063412,332,94,238
E00063413,448,246,202
E00063414,298,84,214
E00063415,200,1,199
E00063416,206,37,169
E00063417,424,135,289
E00063418,295,85,210
E00063419,482,183,299
E00063420,465,171,294
E00063421,413,114,299
E00063422,554,182,372
E00063423,431,128,303
E00063425,333,98,235
E00063426,542,182,360
E00063427,399,101,298
E00063428,580,179,401
E00063429,459,113,346
E00063430,326,89,237
E00063431,391,133,258
E00063432,502,163,339
E00063433,465,124,341
E00063434,496,150,346
E00063435,426,104,322
E00063436,379,83,296
E00063437,429,127,302
E00063438,380,110,270
E00063439,336,85,251
E00063440,257,35,222
E00063441,516,134,382
E00063443,321,76,245
E00063444,381,113,268
E00063445,312,79,233
E00063446,358,96,262
E00063447,364,98,266
E00063448,331,71,260
E00063449,374,105,269
E00063450,293,67,226
E00063451,368,92,276
E00063452,495,171,324
E00063453,461,150,311
E00063454,468,131,337
E00063455,452,156,296
E00063456,276,54,222
E00063457,367,121,246
E00063458,484,128,356
E00063459,556,115,441
E00063460,513,138,375
E00063461,441,126,315
E00063462,325,105,220
E00063463,381,122,259
E00063464,357,121,236
E00063465,409,115,294
E00063466,450,162,288
E00063467,287,89,198
E00063468,389,145,244
E00063469,231,34,197
E00063470,259,59,200
E00063471,308,43,265
E00063472,303,43,260
E00063473,210,31,179
E00063474,284,65,219
E00063475,529,112,417
E00063476,251,69,182
E00063477,278,45,233
E00063478,208,36,172
E00063479,216,26,190
E00063480,245,46,199
E00063481,201,16,185
E00063482,290,61,229
E00063483,186,40,146
E00063484,289,53,236
E00063485,297,38,259
E00063486,268,53,215
E00063487,320,46,274
E00063488,271,35,236
E00063489,404,85,319
E00063490,245,44,201
E00063491,435,116,319
E00063492,382,119,263
E00063493,203,45,158
E00063494,277,66,211
E00063495,281,67,214
E00063496,199,58,141
E00063497,273,53,220
E00063499,267,57,210
E00063500,289,80,209
E00063501,144,14,130
E00063502,312,51,261
E00063503,395,77,318
E00063504,244,61,183
E00063505,315,65,250
E00063506,257,36,221
E00063507,259,48,211
E00063508,258,60,198
E00063509,293,90,203
E00063510,293,54,239
E00063511,352,112,240
E00063512,172,39,133
E00063513,344,73,271
E00063514,326,67,259
E00063515,299,51,248
E00063517,257,56,201
E00063518,213,35,178
E00063520,438,109,329
E00063521,267,45,222
E00063522,460,119,341
E00063523,255,23,232
E00063525,398,89,309
E00063526,450,114,336
E00063527,362,135,227
E00063528,412,93,319
E00063529,209,33,176
E00063530,218,26,192
E00063531,269,64,205
E00063532,291,39,252
E00063533,283,50,233
E00063534,203,37,166
E00063535,320,68,252
E00063536,500,128,372
E00063537,340,102,238
E00063538,295,109,186
E00063539,194,47,147
E00063540,335,81,254
E00063541,421,167,254
E00063542,307,55,252
E00063543,332,91,241
E00063544,187,19,168
E00063545,453,88,365
E00063546,541,115,426
E00063547,326,87,239
E00063549,419,130,289
E00063550,414,129,285
E00063551,349,112,237
E00063552,238,21,217
E00063553,248,55,193
E00063554,251,57,194
E00063555,497,163,334
E00063556,284,50,234
E00063557,305,82,223
E00063558,221,17,204
E00063560,366,116,250
E00063561,323,104,219
E00063562,504,156,348
E00063563,393,118,275
E00063564,524,198,326
E00063565,367,62,305
E00063566,302,32,270
E00063567,229,26,203
E00063568,396,82,314
E00063570,318,48,270
E00063571,276,39,237
E00063572,219,30,189
E00063573,300,44,256
E00063574,252,35,217
E00063575,324,78,246
E00063576,251,40,211
E00063577,240,31,209
E00063578,420,69,351
E00063579,303,38,265
E00063580,268,23,245
E00063581,365,54,311
E00063582,280,33,247
E00063583,258,35,223
E00063584,282,50,232
E00063585,296,46,250
E00063586,176,16,160
E00063587,447,85,362
E00063588,285,66,219
E00063589,255,50,205
E00063590,229,43,186
E00063591,207,43,164
E00063592,248,18,230
E00063594,165,16,149
E00063595,263,37,226
E00063596,230,46,184
E00063597,215,38,177
E00063598,331,66,265
E00063599,165,10,155
E00063600,284,40,244
E00063601,292,46,246
E00063603,521,88,433
E00063604,259,47,212
E00063605,265,44,221
E00063606,108,8,100
E00063607,237,36,201
E00063608,361,75,286
E00063609,290,81,209
E00063610,236,29,207
E00063611,256,40,216
E00063612,303,67,236
E00063613,383,107,276
E00063614,297,38,259
E00063615,335,54,281
E00063616,377,123,254
E00063617,258,38,220
E00063618,271,46,225
E00063619,278,64,214
E00063620,268,26,242
E00063621,227,62,165
E00063622,370,50,320
E00063623,228,14,214
E00063624,288,91,197
E00063625,313,71,242
E00063626,301,63,238
E00063627,271,66,205
E00063628,295,64,231
E00063629,276,64,212
E00063630,189,33,156
E00063631,328,85,243
E00063632,299,55,244
E00063633,366,82,284
E00063634,261,44,217
E00063635,233,45,188
E00063636,233,42,191
E00063637,263,67,196
E00063638,280,63,217
E00063639,246,64,182
E00063641,183,35,148
E00063643,287,83,204
E00063644,243,55,188
E00063645,244,56,188
E00063646,296,86,210
E00063647,287,79,208
E00063648,207,29,178
E00063649,259,49,210
E00063650,387,78,309
E00063651,574,89,485
E00063652,330,49,281
E00063653,309,55,254
E00063654,164,18,146
E00063655,268,50,218
E00063656,291,44,247
E00063657,239,30,209
E00063658,357,64,293
E00063659,287,51,236
E00063660,311,45,266
E00063661,232,30,202
E00063662,221,28,193
E00063663,208,59,149
E00063664,236,78,158
E00063665,576,188,388
E00063666,248,59,189
E00063667,197,14,183
E00063668,478,130,348
E00063669,264,70,194
E00063671,404,129,275
E00063672,240,43,197
E00063673,472,143,329
E00063674,387,109,278
E00063675,362,122,240
E00063676,474,146,328
E00063677,235,55,180
E00063679,476,187,289
E00063680,310,83,227
E00063681,221,38,183
E00063682,256,71,185
E00063683,386,112,274
E00063684,272,62,210
E00063685,263,69,194
E00063686,261,49,212
E00063687,249,40,209
E00063688,393,138,255
E00063689,272,66,206
E00063690,371,76,295
E00063691,266,63,203
E00063692,392,120,272
E00063693,408,65,343
E00063694,213,33,180
E00063695,310,48,262
E00063696,434,88,346
E00063697,212,37,175
E00063698,272,65,207
E00063699,294,82,212
E00063700,363,83,280
E00063701,306,80,226
E00063702,471,135,336
E00063703,263,69,194
E00063704,309,75,234
E00063705,473,164,309
E00063706,301,80,221
E00063707,339,88,251
E00063708,294,90,204
E00063709,571,230,341
E00063710,273,60,213
E00063711,341,112,229
E00063712,189,43,146
E00063713,353,108,245
E00063714,270,41,229
E00063715,329,88,241
E00063716,226,40,186
E00063717,386,106,280
E00063718,410,150,260
E00063719,443,141,302
E00063720,368,114,254
E00063721,331,88,243
E00063722,330,109,221
E00063723,271,71,200
E00063724,319,92,227
E00063725,342,126,216
E00063726,514,154,360
E00063727,457,133,324
E00063728,436,122,314
E00063729,504,150,354
E00063730,316,107,209
E00063731,414,123,291
E00063733,368,59,309
E00063734,371,91,280
E00063735,489,126,363
E00063736,473,136,337
E00063737,531,169,362
E00063738,496,160,336
E00063739,331,99,232
E00063740,485,149,336
E00063741,427,146,281
E00063742,365,104,261
E00063743,310,71,239
E00063744,291,61,230
E00063745,318,75,243
E00063746,276,67,209
E00063747,253,24,229
E00063748,284,27,257
E00063749,249,55,194
E00063750,305,70,235
E00063751,268,62,206
E00063752,206,37,169
E00063753,318,57,261
E00063755,307,74,233
E00063756,319,44,275
E00063757,253,22,231
E00063758,268,67,201
E00063759,305,68,237
E00063760,316,85,231
E00063761,220,37,183
E00063762,247,56,191
E00063763,379,100,279
E00063764,122,28,94
E00063765,273,67,206
E00063766,234,49,185
E00063767,186,20,166
E00063768,301,59,242
E00063769,376,55,321
E00063770,330,67,263
E00063771,253,38,215
E00063772,287,52,235
E00063773,282,46,236
E00063774,247,27,220
E00063775,331,57,274
E00063776,234,50,184
E00063777,312,54,258
E00063781,265,37,228
E00063782,319,59,260
E00063785,286,69,217
E00063786,274,42,232
E00063787,334,69,265
E00063788,240,71,169
E00063789,311,77,234
E00063790,404,148,256
E00063791,392,131,261
E00063792,202,33,169
E00063793,299,69,230
E00063794,262,73,189
E00063795,481,122,359
E00063796,289,87,202
E00063797,422,38,384
E00063798,355,110,245
E00063799,396,109,287
E00063800,439,129,310
E00063801,469,161,308
E00063802,317,63,254
E00063803,417,169,248
E00063804,309,89,220
E00063805,384,133,251
E00063806,229,44,185
E00063807,332,68,264
E00063808,260,60,200
E00063809,279,58,221
E00063810,266,49,217
E00063811,335,58,277
E00063812,381,65,316
E00063813,322,54,268
E00063814,267,47,220
E00063815,258,54,204
E00063816,287,35,252
E00063817,258,37,221
E00063818,205,19,186
E00063819,394,68,326
E00063820,295,40,255
E00063821,224,29,195
E00063822,261,39,222
E00063823,261,35,226
E00063824,298,58,240
E00063825,242,65,177
E00063826,220,13,207
E00063827,243,33,210
E00063828,257,21,236
E00063829,253,45,208
E00063830,229,19,210
E00063831,261,63,198
E00063832,224,34,190
E00063833,255,31,224
E00063834,247,34,213
E00063835,277,73,204
E00063836,215,39,176
E00063837,231,47,184
E00063838,267,25,242
E00063839,262,33,229
E00063840,273,67,206
E00063841,224,34,190
E00063842,171,5,166
E00063843,194,4,190
E00063844,195,14,181
E00063845,204,12,192
E00063846,241,15,226
E00063847,237,36,201
E00063848,196,32,164
E00063849,289,47,242
E00063850,348,51,297
E00063851,242,53,189
E00063852,237,31,206
E00063853,216,32,184
E00063854,203,16,187
E00063855,276,45,231
E00063856,306,63,243
E00063857,301,61,240
E00063858,248,28,220
E00063860,218,40,178
E00063861,224,27,197
E00063862,187,20,167
E00063863,272,53,219
E00063864,251,37,214
E00063865,306,37,269
E00063866,301,48,253
E00063867,272,37,235
E00063868,283,35,248
E00063869,257,47,210
E00063870,285,81,204
E00063871,215,51,164
E00063872,264,36,228
E00063873,262,64,198
E00063874,285,54,231
E00063875,183,26,157
E00063876,244,48,196
E00063877,544,70,474
E00063878,306,67,239
E00063879,183,20,163
E00063880,224,66,158
E00063881,104,6,98
E00063882,252,65,187
E00063883,372,77,295
E00063884,343,58,285
E00063885,256,49,207
E00063886,337,59,278
E00063887,520,129,391
E00063888,337,84,253
E00063889,238,53,185
E00063890,283,49,234
E00063891,250,66,184
E00063892,257,82,175
E00063893,273,74,199
E00063894,216,42,174
E00063895,248,43,205
E00063896,244,48,196
E00063897,300,59,241
E00063898,197,31,166
E00063899,238,32,206
E00063900,307,91,216
E00063901,233,38,195
E00063902,230,49,181
E00063903,198,36,162
E00063904,311,43,268
E00063905,218,35,183
E00063906,266,88,178
E00063907,329,61,268
E00063908,244,39,205
E00063909,248,29,219
E00063910,130,23,107
E00063911,156,25,131
E00063912,99,36,63
E00063914,301,73,228
E00063916,262,67,195
E00063917,263,68,195
E00063918,277,56,221
E00063919,292,62,230
E00063920,244,64,180
E00063921,258,57,201
E00063922,290,13,277
E00063923,281,21,260
E00063924,288,75,213
E00063925,195,37,158
E00063926,211,38,173
E00063927,275,76,199
E00063928,128,14,114
E00063929,214,46,168
E00063930,265,45,220
E00063931,231,50,181
E00063932,166,42,124
E00063933,235,58,177
E00063934,334,31,303
E00063935,411,89,322
E00063936,276,61,215
E00063937,144,5,139
E00063938,231,53,178
E00063939,215,46,169
E00063940,337,103,234
E00063941,255,49,206
E00063942,236,30,206
E00063943,271,48,223
E00063944,309,38,271
E00063945,309,80,229
E00063946,242,33,209
E00063947,356,40,316
E00063948,272,57,215
E00063949,237,44,193
E00063950,253,52,201
E00063951,257,57,200
E00063952,216,17,199
E00063953,235,43,192
E00063954,252,42,210
E00063955,227,37,190
E00063956,323,31,292
E00063957,263,25,238
E00063958,265,58,207
E00063959,276,61,215
E00063960,281,74,207
E00063961,244,33,211
E00063962,214,34,180
E00063963,301,91,210
E00063964,270,50,220
E00063966,199,11,188
E00063967,299,64,235
E00063968,287,83,204
E00063969,299,65,234
E00063970,201,27,174
E00063972,198,26,172
E00063973,189,24,165
E00063974,238,40,198
E00063975,249,49,200
E00063976,445,84,361
E00063977,254,64,190
E00063978,284,47,237
E00063979,252,43,209
E00063980,222,22,200
E00063981,216,31,185
E00063982,477,85,392
E00063983,316,66,250
E00063984,268,42,226
E00063985,315,69,246
E00063986,323,49,274
E00063987,276,70,206
E00063988,292,60,232
E00063989,160,7,153
E00063990,138,4,134
E00063991,256,45,211
E00063992,277,60,217
E00063993,298,43,255
E00063994,250,36,214
E00063995,198,28,170
E00063996,253,54,199
E00063997,307,54,253
E00063998,261,53,208
E00063999,327,63,264
E00064000,289,63,226
E00064001,321,92,229
E00064002,372,105,267
E00064003,264,49,215
E00064004,204,41,163
E00064005,265,56,209
E00064006,260,42,218
E00064007,214,47,167
E00064008,269,50,219
E00064009,284,71,213
E00064010,258,59,199
E00064011,223,41,182
E00064012,249,42,207
E00064013,287,65,222
E00064014,203,33,170
E00064015,326,78,248
E00064016,257,59,198
E00064017,283,56,227
E00064018,245,29,216
E00064019,220,24,196
E00064020,265,59,206
E00064021,273,31,242
E00064022,279,53,226
E00064023,256,46,210
E00064024,252,43,209
E00064025,299,81,218
E00064026,271,45,226
E00064027,232,26,206
E00064028,312,51,261
E00064029,323,75,248
E00064030,278,69,209
E00064031,263,54,209
E00064032,259,37,222
E00064033,276,45,231
E00064034,277,55,222
E00064035,261,47,214
E00064036,293,47,246
E00064037,251,39,212
E00064038,323,49,274
E00064039,188,17,171
E00064040,268,43,225
E00064041,300,56,244
E00064042,239,35,204
E00064043,172,28,144
E00064044,258,37,221
E00064045,166,18,148
E00064046,316,25,291
E00064047,298,71,227
E00064048,211,40,171
E00064049,227,35,192
E00064050,241,43,198
E00064051,218,28,190
E00064052,238,32,206
E00064053,237,65,172
E00064054,197,30,167
E00064055,279,52,227
E00064056,285,68,217
E00064057,285,53,232
E00064058,295,82,213
E00064059,168,29,139
E00064060,217,30,187
E00064061,284,55,229
E00064063,187,36,151
E00064064,253,50,203
E00064065,189,33,156
E00064066,153,2,151
E00064067,251,26,225
E00064068,207,39,168
E00064069,211,17,194
E00064070,298,44,254
E00064071,240,41,199
E00064072,343,35,308
E00064073,272,56,216
E00064074,236,24,212
E00064075,258,42,216
E00064076,182,34,148
E00064077,242,37,205
E00064078,274,44,230
E00064079,272,52,220
E00064080,281,57,224
E00064081,248,60,188
E00064082,210,38,172
E00064083,202,37,165
E00064084,245,41,204
E00064085,267,45,222
E00064086,235,31,204
E00064087,289,41,248
E00064088,242,45,197
E00064089,236,44,192
E00064090,254,54,200
E00064091,292,50,242
E00064092,214,37,177
E00064093,237,43,194
E00064094,255,53,202
E00064095,248,40,208
E00064096,284,32,252
E00064097,349,43,306
E00064098,254,35,219
E00064099,438,70,368
E00064100,257,44,213
E00064101,243,43,200
E00064102,218,36,182
E00064103,251,47,204
E00064104,226,33,193
E00064105,198,25,173
E00064106,254,54,200
E00064107,344,66,278
E00064108,290,58,232
E00064109,224,33,191
E00064110,179,24,155
E00064111,362,68,294
E00064112,233,39,194
E00064113,249,41,208
E00064114,262,40,222
E00064115,273,47,226
E00064116,281,59,222
E00064117,291,73,218
E00064118,265,38,227
E00064119,280,48,232
E00064120,284,39,245
E00064121,201,5,196
E00064122,259,51,208
E00064123,287,44,243
E00064124,328,41,287
E00064125,301,54,247
E00064126,274,41,233
E00064127,280,55,225
E00064128,251,43,208
E00064129,250,37,213
E00064130,201,3,198
E00064131,213,20,193
E00064132,302,58,244
E00064133,248,28,220
E00064134,265,40,225
E00064135,301,55,246
E00064136,238,59,179
E00064137,263,49,214
E00064138,221,20,201
E00064139,271,26,245
E00064140,229,16,213
E00064141,311,63,248
E00064142,245,51,194
E00064143,330,97,233
E00064144,339,108,231
E00064145,303,103,200
E00064146,422,70,352
E00064147,389,54,335
E00064148,198,24,174
E00064149,296,39,257
E00064150,224,46,178
E00064151,288,42,246
E00064152,234,38,196
E00064153,283,40,243
E00064154,325,94,231
E00064155,284,68,216
E00064156,305,121,184
E00064157,240,61,179
E00064158,275,89,186
E00064159,206,33,173
E00064160,210,50,160
E00064161,240,36,204
E00064162,174,29,145
E00064163,306,61,245
E00064164,215,71,144
E00064165,297,65,232
E00064166,287,49,238
E00064167,249,49,200
E00064168,280,43,237
E00064169,261,36,225
E00064170,200,25,175
E00064171,253,46,207
E00064172,278,53,225
E00064173,199,39,160
E00064174,258,30,228
E00064175,290,38,252
E00064176,266,55,211
E00064177,148,6,142
E00064178,257,31,226
E00064179,264,41,223
E00064180,279,35,244
E00064181,356,44,312
E00064182,274,44,230
E00064183,311,56,255
E00064184,249,45,204
E00064185,293,43,250
E00064186,325,60,265
E00064187,316,48,268
E00064188,295,41,254
E00064189,409,66,343
E00064190,259,44,215
E00064191,254,25,229
E00064192,195,25,170
E00064193,227,32,195
E00064194,223,10,213
E00064195,239,25,214
E00064196,246,43,203
E00064197,269,36,233
E00064198,352,30,322
E00064199,301,31,270
E00064200,227,40,187
E00064201,254,41,213
E00064202,254,49,205
E00064203,210,25,185
E00064204,204,28,176
E00064205,534,82,452
E00064206,302,56,246
E00064207,358,67,291
E00064208,389,65,324
E00064209,206,21,185
E00064210,309,50,259
E00064211,274,35,239
E00064212,166,11,155
E00064213,183,18,165
E00064214,241,13,228
E00064215,366,69,297
E00064217,299,55,244
E00064218,332,47,285
E00064219,165,24,141
E00064220,219,35,184
E00064221,155,18,137
E00064222,254,53,201
E00064223,534,39,495
E00064224,256,47,209
E00064225,188,19,169
E00064226,149,13,136
E00064227,167,18,149
E00064228,315,39,276
E00064229,173,48,125
E00064230,170,42,128
E00064231,167,24,143
E00064232,125,27,98
E00064233,250,59,191
E00064234,213,23,190
E00064235,107,13,94
E00064236,193,30,163
E00064237,176,30,146
E00064238,153,22,131
E00064239,301,58,243
E00064240,255,44,211
E00064241,270,57,213
E00064242,304,66,238
E00064243,307,106,201
E00064244,290,69,221
E00064245,357,81,276
E00064246,379,55,324
E00064247,180,20,160
E00064248,255,55,200
E00064249,257,64,193
E00064250,161,35,126
E00064251,326,32,294
E00064252,201,32,169
E00064253,236,51,185
E00064254,241,51,190
E00064255,208,37,171
E00064256,275,58,217
E00064257,252,49,203
E00064258,219,43,176
E00064259,293,50,243
E00064260,264,62,202
E00064261,269,47,222
E00064262,276,39,237
E00064263,212,35,177
E00064264,229,40,189
E00064265,293,66,227
E00064266,215,22,193
E00064267,296,31,265
E00064268,283,41,242
E00064269,154,28,126
E00064270,264,53,211
E00064271,233,45,188
E00064272,250,50,200
E00064273,220,37,183
E00064274,300,70,230
E00064275,283,60,223
E00064276,241,51,190
E00064277,287,42,245
E00064278,268,45,223
E00064279,291,49,242
E00064280,220,48,172
E00064281,251,49,202
E00064282,312,91,221
E00064283,261,67,194
E00064284,283,47,236
E00064285,284,59,225
E00064286,281,57,224
E00064287,292,45,247
E00064288,261,55,206
E00064289,317,61,256
E00064290,212,52,160
E00064291,286,49,237
E00064292,222,39,183
E00064293,257,25,232
E00064294,244,56,188
E00064295,323,47,276
E00064296,282,53,229
E00064297,273,33,240
E00064298,291,29,262
E00064299,304,61,243
E00064300,252,39,213
E00064301,287,60,227
E00064302,265,57,208
E00064303,264,39,225
E00064304,249,38,211
E00064305,288,59,229
E00064306,233,41,192
E00064307,212,34,178
E00064308,421,51,370
E00064309,380,51,329
E00064310,275,35,240
E00064311,212,34,178
E00064312,333,64,269
E00064313,453,34,419
E00064314,330,38,292
E00064315,181,28,153
E00064316,312,62,250
E00064317,266,32,234
E00064318,327,55,272
E00064319,287,45,242
E00064320,305,17,288
E00064321,266,42,224
E00064322,231,33,198
E00064323,313,68,245
E00064324,293,54,239
E00064325,276,65,211
E00064326,240,61,179
E00064327,320,64,256
E00064328,228,38,190
E00064329,253,58,195
E00064330,206,28,178
E00064331,283,45,238
E00064332,265,50,215
E00064333,273,43,230
E00064334,276,55,221
E00064335,256,42,214
E00064336,235,37,198
E00064337,256,28,228
E00064338,211,31,180
E00064339,264,61,203
E00064340,260,50,210
E00064341,189,44,145
E00064342,230,32,198
E00064343,227,41,186
E00064344,238,40,198
E00064345,252,52,200
E00064346,172,27,145
E00064347,254,36,218
E00064348,269,52,217
E00064349,302,50,252
E00064350,251,30,221
E00064351,303,61,242
E00064352,253,28,225
E00064353,190,49,141
E00064354,367,67,300
E00064355,216,31,185
E00064356,314,78,236
E00064357,384,80,304
E00064358,227,36,191
E00064359,234,52,182
E00064360,247,49,198
E00064361,323,21,302
E00064362,327,71,256
E00064363,283,65,218
E00064364,230,34,196
E00064365,315,55,260
E00064366,274,48,226
E00064367,226,46,180
E00064368,217,25,192
E00064369,393,107,286
E00064370,285,59,226
E00064371,299,56,243
E00064372,256,47,209
E00064373,272,37,235
E00064374,295,60,235
E00064375,263,45,218
E00064376,237,47,190
E00064377,279,17,262
E00064378,301,35,266
E00064379,300,34,266
E00064380,241,28,213
E00064381,262,25,237
E00064382,262,31,231
E00064383,239,34,205
E00064384,246,18,228
E00064385,273,42,231
E00064386,251,52,199
E00064387,231,30,201
E00064388,268,41,227
E00064389,265,53,212
E00064390,220,45,175
E00064391,290,37,253
E00064392,270,49,221
E00064393,288,41,247
E00064394,296,64,232
E00064395,240,42,198
E00064396,217,43,174
E00064397,257,64,193
E00064398,300,60,240
E00064399,341,186,155
E00064400,340,222,118
E00064401,236,22,214
E00064402,239,18,221
E00064403,234,14,220
E00064404,275,26,249
E00064405,216,10,206
E00064406,290,47,243
E00064407,229,28,201
E00064408,234,44,190
E00064409,337,75,262
E00064410,353,85,268
E00064411,332,65,267
E00064412,285,65,220
E00064413,278,39,239
E00064414,392,76,316
E00064415,268,52,216
E00064416,133,3,130
E00064417,257,44,213
E00064418,279,36,243
E00064419,347,72,275
E00064420,218,40,178
E00064421,277,58,219
E00064422,305,49,256
E00064423,269,53,216
E00064424,315,62,253
E00064425,281,40,241
E00064426,323,71,252
E00064427,122,1,121
E00064428,282,57,225
E00064429,322,63,259
E00064430,360,66,294
E00064431,280,54,226
E00064432,276,48,228
E00064433,275,51,224
E00064434,304,51,253
E00064435,262,46,216
E00064436,288,52,236
E00064437,235,34,201
E00064438,292,41,251
E00064439,134,0,134
E00064440,213,33,180
E00064441,235,44,191
E00064442,206,37,169
E00064443,292,64,228
E00064444,299,47,252
E00064445,211,34,177
E00064446,278,61,217
E00064447,227,38,189
E00064448,246,46,200
E00064449,323,74,249
E00064450,348,73,275
E00064451,414,134,280
E00064452,352,91,261
E00064453,355,125,230
E00064454,347,110,237
E00064455,391,98,293
E00064456,247,36,211
E00064457,357,112,245
E00064458,108,3,105
E00064459,402,138,264
E00064460,342,80,262
E00064462,343,88,255
E00064463,235,48,187
E00064464,261,81,180
E00064465,354,122,232
E00064466,374,90,284
E00064467,235,60,175
E00064468,364,106,258
E00064469,257,77,180
E00064470,231,70,161
E00064471,169,43,126
E00064472,286,84,202
E00064473,275,65,210
E00064474,212,58,154
E00064475,317,72,245
E00064476,306,75,231
E00064477,380,105,275
E00064478,256,66,190
E00064479,291,76,215
E00064480,269,93,176
E00064481,268,75,193
E00064482,295,57,238
E00064483,276,89,187
E00064484,230,62,168
E00064485,306,92,214
E00064486,331,84,247
E00064487,223,22,201
E00064488,281,63,218
E00064489,269,58,211
E00064490,266,59,207
E00064491,278,44,234
E00064492,285,46,239
E00064493,210,28,182
E00064496,294,68,226
E00064497,271,67,204
E00064498,250,52,198
E00064499,282,58,224
E00064500,108,2,106
E00064501,245,65,180
E00064502,313,56,257
E00064503,230,38,192
E00064504,333,101,232
E00064505,257,64,193
E00064506,266,78,188
E00064507,297,78,219
E00064508,458,92,366
E00064509,307,65,242
E00064510,293,52,241
E00064511,287,52,235
E00064512,331,93,238
E00064513,180,28,152
E00064514,291,44,247
E00064515,289,56,233
E00064516,257,42,215
E00064517,261,53,208
E00064518,308,69,239
E00064519,229,49,180
E00064520,309,85,224
E00064521,329,46,283
E00064522,320,58,262
E00064523,333,68,265
E00064524,121,0,121
E00064525,306,54,252
E00064526,300,58,242
E00064527,293,64,229
E00064528,246,46,200
E00064529,356,59,297
E00064530,255,28,227
E00064531,311,69,242
E00064532,271,42,229
E00064533,358,76,282
E00064534,271,56,215
E00064535,232,37,195
E00064536,305,47,258
E00064537,209,21,188
E00064538,261,65,196
E00064539,348,68,280
E00064540,189,9,180
E00064541,176,36,140
E00064542,188,26,162
E00064543,284,63,221
E00064544,259,67,192
E00064545,200,32,168
E00064546,234,41,193
E00064547,269,35,234
E00064548,293,54,239
E00064549,204,29,175
E00064550,261,39,222
E00064551,224,47,177
E00064552,268,36,232
E00064553,194,28,166
E00064554,188,13,175
E00064555,215,28,187
E00064556,252,35,217
E00064557,229,30,199
E00064558,265,40,225
E00064559,249,47,202
E00064560,220,28,192
E00064561,259,42,217
E00064562,246,29,217
E00064563,247,42,205
E00064564,317,79,238
E00064565,239,45,194
E00064566,273,51,222
E00064567,235,31,204
E00064568,229,40,189
E00064569,236,45,191
E00064570,242,27,215
E00064571,251,55,196
E00064572,242,36,206
E00064573,255,50,205
E00064574,234,47,187
E00064575,167,15,152
E00064576,236,38,198
E00064577,246,56,190
E00064578,309,52,257
E00064579,429,108,321
E00064580,263,41,222
E00064581,249,48,201
E00064582,240,26,214
E00064583,205,38,167
E00064584,255,55,200
E00064585,278,62,216
E00064586,183,31,152
E00064587,310,52,258
E00064588,260,54,206
E00064589,209,42,167
E00064590,205,34,171
E00064591,237,42,195
E00064592,228,36,192
E00064593,267,47,220
E00064594,208,28,180
E00064595,260,71,189
E00064596,241,41,200
E00064597,325,82,243
E00064598,181,39,142
E00064599,192,26,166
E00064600,266,51,215
E00064601,230,44,186
E00064602,344,57,287
E00064603,325,64,261
E00064604,188,14,174
E00064605,272,35,237
E00064606,221,16,205
E00064607,209,21,188
E00064608,240,28,212
E00064609,307,54,253
E00064610,393,61,332
E00064611,265,52,213
E00064612,223,19,204
E00064613,283,31,252
E00064614,150,6,144
E00064615,277,46,231
E00064616,246,29,217
E00064617,287,50,237
E00064618,240,22,218
E00064619,247,38,209
E00064620,372,53,319
E00064621,234,38,196
E00064622,249,51,198
E00064623,219,30,189
E00064624,237,56,181
E00064625,325,69,256
E00064626,350,72,278
E00064627,475,83,392
E00064628,297,52,245
E00064629,259,42,217
E00064630,299,50,249
E00064631,191,29,162
E00064632,220,17,203
E00064633,233,40,193
E00064634,326,70,256
E00064635,276,46,230
E00064636,257,46,211
E00064637,281,43,238
E00064638,262,56,206
E00064639,363,70,293
E00064640,297,45,252
E00064641,282,45,237
E00064642,300,60,240
E00064643,314,51,263
E00064644,375,70,305
E00064645,250,36,214
E00064646,299,55,244
E00064647,288,37,251
E00064648,281,53,228
E00064649,252,44,208
E00064650,372,92,280
E00064651,237,32,205
E00064652,232,30,202
E00064653,249,46,203
E00064654,298,49,249
E00064655,296,63,233
E00064656,385,102,283
E00064657,223,37,186
E00064658,319,82,237
E00064659,351,57,294
E00064660,298,50,248
E00064661,494,129,365
E00064662,264,17,247
E00064663,281,66,215
E00064664,300,64,236
E00064665,292,51,241
E00064666,299,77,222
E00064669,208,56,152
E00064670,322,56,266
E00064671,304,49,255
E00064672,120,3,117
E00064673,312,39,273
E00064674,277,49,228
E00064675,306,32,274
E00064676,260,47,213
E00064677,183,23,160
E00064678,262,52,210
E00064679,225,41,184
E00064680,180,28,152
E00064681,317,50,267
E00064682,119,4,115
E00064683,276,43,233
E00064684,244,39,205
E00064685,263,42,221
E00064686,319,65,254
E00064687,310,67,243
E00064688,109,1,108
E00064690,437,50,387
E00064691,264,46,218
E00064695,303,55,248
E00064696,203,44,159
E00064697,280,41,239
E00064699,272,54,218
E00064700,200,39,161
E00064701,287,48,239
E00064702,264,26,238
E00064703,240,65,175
E00064704,257,26,231
E00064705,212,12,200
E00064706,273,58,215
E00064707,240,39,201
E00064708,259,54,205
E00064712,275,44,231
E00064713,301,55,246
E00064715,413,81,332
E00064717,326,50,276
E00064718,224,29,195
E00064719,267,36,231
E00064720,305,53,252
E00064721,263,45,218
E00064722,214,31,183
E00064723,225,49,176
E00064724,250,35,215
E00064726,272,36,236
E00064727,342,124,218
E00064728,273,36,237
E00064729,280,60,220
E00064730,364,114,250
E00064731,307,47,260
E00064732,316,91,225
E00064733,253,70,183
E00064734,293,75,218
E00064735,274,66,208
E00064736,292,67,225
E00064737,258,12,246
E00064738,243,19,224
E00064739,360,110,250
E00064740,298,58,240
E00064741,297,74,223
E00064742,261,27,234
E00064743,294,80,214
E00064744,303,71,232
E00064745,301,86,215
E00064746,288,78,210
E00064747,237,57,180
E00064748,160,25,135
E00064749,296,63,233
E00064750,251,41,210
E00064751,159,11,148
E00064752,223,55,168
E00064753,263,56,207
E00064754,280,65,215
E00064755,303,63,240
E00064756,129,12,117
E00064757,298,66,232
E00064758,267,45,222
E00064759,273,77,196
E00064760,318,67,251
E00064761,379,146,233
E00064762,327,93,234
E00064763,351,94,257
E00064764,261,78,183
E00064765,278,60,218
E00064766,318,100,218
E00064767,255,51,204
E00064768,347,122,225
E00064769,285,63,222
E00064770,280,61,219
E00064771,283,70,213
E00064772,198,28,170
E00064773,256,43,213
E00064774,287,96,191
E00064775,293,78,215
E00064776,305,58,247
E00064777,310,90,220
E00064778,269,73,196
E00064779,311,100,211
E00064780,403,68,335
E00064781,276,85,191
E00064783,327,73,254
E00064784,322,78,244
E00064785,230,38,192
E00064786,317,71,246
E00064787,273,58,215
E00064788,272,50,222
E00064789,322,92,230
E00064790,255,67,188
E00064791,214,41,173
E00064792,145,7,138
E00064793,305,88,217
E00064794,308,77,231
E00064795,290,87,203
E00064796,294,78,216
E00064797,290,90,200
E00064798,269,80,189
E00064799,253,63,190
E00064800,253,88,165
E00064801,250,53,197
E00064802,252,65,187
E00064803,278,81,197
E00064804,287,63,224
E00064805,237,47,190
E00064806,394,95,299
E00064807,269,74,195
E00064808,156,28,128
E00064809,296,74,222
E00064810,311,63,248
E00064811,247,45,202
E00064812,319,58,261
E00064813,535,108,427
E00064814,285,57,228
E00064815,247,16,231
E00064816,229,12,217
E00064817,258,46,212
E00064818,172,23,149
E00064819,409,138,271
E00064820,412,120,292
E00064821,332,32,300
E00064822,441,131,310
E00064823,265,29,236
E00064824,254,23,231
E00064825,345,99,246
E00064826,261,55,206
E00064827,267,68,199
E00064828,294,94,200
E00064829,217,39,178
E00064830,287,65,222
E00064831,159,11,148
E00064832,246,69,177
E00064833,318,63,255
E00064834,251,48,203
E00064835,288,77,211
E00064836,338,84,254
E00064837,235,70,165
E00064838,238,49,189
E00064839,293,53,240
E00064840,343,74,269
E00064841,292,68,224
E00064842,246,53,193
E00064844,270,48,222
E00064845,275,75,200
E00064846,227,38,189
E00064848,255,55,200
E00064849,255,37,218
E00064850,281,60,221
E00064853,179,16,163
E00064854,234,53,181
E00064855,227,49,178
E00064856,258,68,190
E00064858,257,13,244
E00064859,167,8,159
E00064860,262,55,207
E00064861,220,36,184
E00064862,312,85,227
E00064864,542,132,410
E00064866,483,108,375
E00064867,470,105,365
E00064868,244,65,179
E00064869,272,42,230
E00064870,322,73,249
E00064871,265,55,210
E00064872,184,19,165
E00064873,268,51,217
E00064874,352,87,265
E00064875,286,75,211
E00064876,399,123,276
E00064878,251,49,202
E00064879,333,98,235
E00064880,291,59,232
E00064881,301,55,246
E00064882,274,46,228
E00064883,396,85,311
E00064884,350,107,243
E00064885,333,56,277
E00064886,292,56,236
E00064887,269,40,229
E00064889,221,57,164
E00064891,291,67,224
E00064892,160,33,127
E00064893,252,47,205
E00064894,381,94,287
E00064895,157,35,122
E00064899,303,62,241
E00064900,270,36,234
E00064901,348,68,280
E00064902,377,126,251
E00064903,317,99,218
E00064904,300,98,202
E00064906,325,116,209
E00064907,363,79,284
E00064908,271,64,207
E00064909,306,102,204
E00064910,283,80,203
E00064911,231,54,177
E00064912,342,76,266
E00064913,232,62,170
E00064914,273,64,209
E00064915,320,95,225
E00064916,281,55,226
E00064917,384,97,287
E00064918,261,41,220
E00064919,312,64,248
E00064920,307,60,247
E00064921,278,56,222
E00064922,235,96,139
E00064923,290,107,183
E00064924,339,161,178
E00064925,483,267,216
E00064926,265,33,232
E00064927,301,80,221
E00064928,286,102,184
E00064929,277,98,179
E00064930,429,157,272
E00064931,225,76,149
E00064932,317,104,213
E00064933,315,83,232
E00064935,296,66,230
E00064936,277,61,216
E00064937,298,87,211
E00064938,298,72,226
E00064939,289,78,211
E00064941,329,88,241
E00064942,330,97,233
E00064943,276,60,216
E00064945,267,62,205
E00064946,377,103,274
E00064947,254,59,195
E00064948,267,71,196
E00064949,307,80,227
E00064950,236,60,176
E00064951,243,28,215
E00064952,251,51,200
E00064953,283,77,206
E00064954,284,77,207
E00064955,276,69,207
E00064956,245,53,192
E00064957,298,75,223
E00064958,278,66,212
E00064959,332,86,246
E00064960,332,102,230
E00064961,442,162,280
E00064962,365,134,231
E00064964,207,48,159
E00064965,330,142,188
E00064967,283,85,198
E00064969,273,55,218
E00064971,381,145,236
E00064973,406,131,275
E00064974,567,158,409
E00064975,369,113,256
E00064976,443,81,362
E00064977,319,93,226
E00064978,332,74,258
E00064979,313,51,262
E00064980,251,25,226
E00064981,286,47,239
E00064982,274,61,213
E00064983,199,15,184
E00064984,401,70,331
E00064985,322,69,253
E00064986,242,60,182
E00064987,286,76,210
E00064988,203,34,169
E00064989,231,16,215
E00064990,296,62,234
E00064991,239,54,185
E00064992,287,38,249
E00064993,159,9,150
E00064994,234,50,184
E00064995,222,28,194
E00064996,319,56,263
E00064997,311,78,233
E00064998,210,31,179
E00064999,254,55,199
E00065000,282,39,243
E00065002,317,63,254
E00065003,279,65,214
E00065004,255,75,180
E00065005,260,70,190
E00065006,379,74,305
E00065007,330,41,289
E00065008,300,76,224
E00065009,267,45,222
E00065010,284,57,227
E00065011,263,72,191
E00065012,224,24,200
E00065013,280,48,232
E00065014,228,39,189
E00065015,206,31,175
E00065016,297,57,240
E00065017,261,50,211
E00065018,151,13,138
E00065019,376,97,279
E00065020,344,68,276
E00065021,239,42,197
E00065022,409,62,347
E00065023,277,57,220
E00065024,335,64,271
E00065025,428,95,333
E00065026,362,73,289
E00065027,329,57,272
E00065028,309,64,245
E00065029,420,106,314
E00065030,312,71,241
E00065031,504,174,330
E00065032,259,62,197
E00065033,224,38,186
E00065034,372,50,322
E00065035,263,76,187
E00065036,298,65,233
E00065037,295,55,240
E00065038,250,61,189
E00065039,288,62,226
E00065040,372,53,319
E00065041,287,60,227
E00065042,504,96,408
E00065043,388,93,295
E00065044,202,19,183
E00065048,416,126,290
E00065049,466,120,346
E00065050,409,164,245
E00065056,261,38,223
E00065057,321,60,261
E00065058,238,30,208
E00065059,273,58,215
E00065060,401,102,299
E00065061,380,109,271
E00065062,134,2,132
E00065063,242,84,158
E00065064,237,66,171
E00065065,263,41,222
E00065066,570,193,377
E00065069,280,66,214
E00065070,310,65,245
E00065071,202,29,173
E00065072,218,25,193
E00065073,259,59,200
E00065074,212,40,172
E00065075,241,35,206
E00065076,251,43,208
E00065077,285,51,234
E00065078,294,70,224
E00065079,291,64,227
E00065080,315,48,267
E00065081,244,40,204
E00065082,283,50,233
E00065083,228,27,201
E00065084,295,52,243
E00065085,304,41,263
E00065086,299,40,259
E00065087,364,40,324
E00065088,221,40,181
E00065089,328,45,283
E00065090,275,50,225
E00065091,261,46,215
E00065092,258,42,216
E00065093,275,40,235
E00065094,257,39,218
E00065095,319,46,273
E00065096,242,41,201
E00065097,186,41,145
E00065098,241,28,213
E00065100,299,51,248
E00065101,246,36,210
E00065102,286,54,232
E00065103,321,38,283
E00065104,376,38,338
E00065105,218,38,180
E00065106,239,23,216
E00065107,239,31,208
E00065108,524,89,435
E00065109,259,34,225
E00065110,249,33,216
E00065111,319,65,254
E00065112,236,29,207
E00065113,288,29,259
E00065114,218,55,163
E00065115,276,42,234
E00065116,405,110,295
E00065118,305,36,269
E00065119,349,106,243
E00065120,344,84,260
E00065121,237,48,189
E00065123,226,39,187
E00065124,270,57,213
E00065125,246,58,188
E00065126,359,101,258
E00065127,294,42,252
E00065128,306,59,247
E00065129,184,46,138
E00065130,268,45,223
E00065131,217,29,188
E00065132,317,42,275
E00065133,258,35,223
E00065134,270,45,225
E00065135,279,69,210
E00065136,282,52,230
E00065137,341,66,275
E00065138,275,70,205
E00065139,331,107,224
E00065140,275,67,208
E00065141,269,59,210
E00065142,210,29,181
E00065143,569,400,169
E00065144,271,82,189
E00065145,293,80,213
E00065146,236,50,186
E00065147,273,66,207
E00065148,273,39,234
E00065149,202,34,168
E00065150,138,24,114
E00065151,309,70,239
E00065152,301,73,228
E00065153,325,58,267
E00065154,429,130,299
E00065155,347,107,240
E00065157,263,66,197
E00065158,514,115,399
E00065159,353,116,237
E00065161,368,91,277
E00065162,507,245,262
E00065164,372,117,255
E00065165,259,52,207
E00065166,286,74,212
E00065167,342,55,287
E00065168,431,249,182
E00065169,216,31,185
E00065170,340,62,278
E00065171,316,45,271
E00065172,345,60,285
E00065173,291,44,247
E00065174,213,49,164
E00065175,157,28,129
E00065176,117,18,99
E00065177,260,34,226
E00065178,264,28,236
E00065179,318,50,268
E00065180,382,122,260
E00065182,248,26,222
E00065183,424,79,345
E00065184,267,29,238
E00065185,288,34,254
E00065186,300,29,271
E00065187,286,48,238
E00065188,394,91,303
E00065189,307,42,265
E00065190,369,40,329
E00065191,137,11,126
E00065192,278,31,247
E00065193,213,21,192
E00065194,343,67,276
E00065195,255,36,219
E00065196,359,51,308
E00065197,399,82,317
E00065198,339,67,272
E00065200,294,58,236
E00065201,293,50,243
E00065202,216,46,170
E00065203,184,28,156
E00065204,276,47,229
E00065205,259,49,210
E00065206,291,49,242
E00065207,280,40,240
E00065208,267,42,225
E00065209,279,47,232
E00065210,220,58,162
E00065211,383,73,310
E00065212,228,28,200
E00065213,340,37,303
E00065214,137,18,119
E00065215,285,19,266
E00065216,232,29,203
E00065217,245,33,212
E00065218,265,18,247
E00065219,275,54,221
E00065220,249,42,207
E00065221,244,52,192
E00065222,260,61,199
E00065224,254,24,230
E00065225,270,34,236
E00065226,217,31,186
E00065227,254,26,228
E00065228,307,59,248
E00065229,304,64,240
E00065230,324,119,205
E00065231,265,41,224
E00065232,344,119,225
E00065233,293,57,236
E00065234,387,70,317
E00065235,454,86,368
E00065236,265,32,233
E00065237,269,79,190
E00065238,280,75,205
E00065239,170,5,165
E00065240,293,63,230
E00065241,278,51,227
E00065242,266,38,228
E00065243,260,35,225
E00065244,301,67,234
E00065245,198,28,170
E00065246,276,30,246
E00065247,186,16,170
E00065248,234,48,186
E00065249,213,8,205
E00065250,266,49,217
E00065251,257,44,213
E00065252,231,26,205
E00065253,259,8,251
E00065254,243,7,236
E00065255,370,35,335
E00065256,227,20,207
E00065257,309,38,271
E00065259,442,43,399
E00065260,275,32,243
E00065262,317,47,270
E00065263,251,24,227
E00065264,309,5,304
E00065265,234,17,217
E00065266,243,14,229
E00065267,266,14,252
E00065268,141,3,138
E00065269,279,24,255
E00065271,234,16,218
E00065272,178,17,161
E00065273,193,1,192
E00065274,200,11,189
E00065275,179,12,167
E00065276,246,23,223
E00065277,177,11,166
E00065278,207,9,198
E00065279,151,12,139
E00065280,269,33,236
E00065281,246,16,230
E00065282,382,40,342
E00065283,182,8,174
E00065284,221,17,204
E00065285,192,8,184
E00065286,238,17,221
E00065287,179,4,175
E00065288,200,11,189
E00065289,221,13,208
E00065290,141,20,121
E00065291,189,5,184
E00065292,186,14,172
E00065293,198,16,182
E00065294,284,43,241
E00065295,191,40,151
E00065296,266,43,223
E00065297,351,47,304
E00065298,337,77,260
E00065299,289,51,238
E00065300,284,34,250
E00065301,219,34,185
E00065302,300,70,230
E00065303,219,9,210
E00065304,275,41,234
E00065305,199,35,164
E00065306,243,44,199
E00065307,264,31,233
E00065308,305,68,237
E00065309,266,53,213
E00065310,231,41,190
E00065311,267,50,217
E00065312,236,50,186
E00065313,240,61,179
E00065314,258,54,204
E00065315,217,37,180
E00065316,228,26,202
E00065317,247,47,200
E00065318,210,20,190
E00065319,293,20,273
E00065320,232,11,221
E00065321,273,23,250
E00065322,194,19,175
E00065323,282,43,239
E00065324,246,24,222
E00065325,297,51,246
E00065326,284,30,254
E00065327,274,55,219
E00065328,338,54,284
E00065329,311,36,275
E00065330,278,63,215
E00065331,305,76,229
E00065332,295,51,244
E00065333,273,33,240
E00065334,299,72,227
E00065335,259,32,227
E00065336,416,58,358
E00065337,298,65,233
E00065338,265,29,236
E00065339,254,37,217
E00065340,291,63,228
E00065341,265,77,188
E00065342,257,35,222
E00065343,250,43,207
E00065344,274,41,233
E00065345,177,17,160
E00065346,298,38,260
E00065347,246,29,217
E00065348,249,40,209
E00065349,195,13,182
E00065350,298,58,240
E00065351,243,36,207
E00065352,250,31,219
E00065353,442,76,366
E00065354,258,35,223
E00065355,277,42,235
E00065356,247,27,220
E00065357,235,27,208
E00065358,179,9,170
E00065359,262,52,210
E00065361,261,39,222
E00065362,249,17,232
E00065363,266,32,234
E00065364,300,56,244
E00065365,264,26,238
E00065366,458,70,388
E00065367,290,55,235
E00065368,266,28,238
E00065369,296,64,232
E00065371,265,41,224
E00065372,211,28,183
E00065373,221,38,183
E00065374,326,70,256
E00065375,240,21,219
E00065376,215,31,184
E00065377,218,45,173
E00065378,196,22,174
E00065379,418,89,329
E00065380,279,46,233
E00065381,300,71,229
E00065382,241,41,200
E00065383,268,74,194
E00065384,195,20,175
E00065385,282,53,229
E00065386,325,35,290
E00065387,321,42,279
E00065388,245,29,216
E00065389,232,27,205
E00065390,265,31,234
E00065391,360,45,315
E00065392,282,52,230
E00065393,330,61,269
E00065394,237,25,212
E00065395,340,64,276
E00065396,338,60,278
E00065397,382,40,342
E00065398,216,28,188
E00065399,324,71,253
E00065401,190,27,163
E00065402,223,21,202
E00065403,187,13,174
E00065404,147,27,120
E00065405,197,29,168
E00065406,294,38,256
E00065407,378,59,319
E00065408,309,33,276
E00065409,528,96,432
E00065410,375,72,303
E00065411,264,44,220
E00065413,236,36,200
E00065414,275,41,234
E00065415,173,36,137
E00065416,317,57,260
E00065417,358,72,286
E00065418,290,41,249
E00065419,236,34,202
E00065421,312,73,239
E00065422,264,32,232
E00065424,292,56,236
E00065425,328,60,268
E00065426,261,49,212
E00065427,247,36,211
E00065428,267,59,208
E00065429,233,42,191
E00065430,126,12,114
E00065431,307,40,267
E00065432,300,53,247
E00065433,325,47,278
E00065434,281,34,247
E00065435,248,27,221
E00065436,292,31,261
E00065437,185,33,152
E00065438,198,18,180
E00065439,380,70,310
E00065440,344,60,284
E00065441,271,46,225
E00065442,301,35,266
E00065443,262,51,211
E00065445,234,36,198
E00065446,306,48,258
E00065447,321,57,264
E00065448,250,33,217
E00065449,303,43,260
E00065450,334,47,287
E00065451,278,37,241
E00065452,307,43,264
E00065453,233,13,220
E00065454,272,45,227
E00065455,270,34,236
E00065456,250,40,210
E00065457,290,53,237
E00065458,301,46,255
E00065459,322,59,263
E00065460,349,48,301
E00065461,126,26,100
E00065462,289,31,258
E00065463,236,28,208
E00065464,302,60,242
E00065465,306,38,268
E00065466,236,27,209
E00065467,265,37,228
E00065469,236,27,209
E00065470,262,53,209
E00065471,224,22,202
E00065472,221,30,191
E00065473,196,25,171
E00065474,542,95,447
E00065475,318,53,265
E00065476,209,8,201
E00065477,333,42,291
E00065478,290,49,241
E00065479,280,22,258
E00065480,162,15,147
E00065481,393,51,342
E00065482,365,72,293
E00065483,334,51,283
E00065484,286,39,247
E00065485,196,17,179
E00065487,302,71,231
E00065488,279,19,260
E00065489,192,37,155
E00065490,257,28,229
E00065491,213,17,196
E00065492,260,72,188
E00065493,280,44,236
E00065494,457,71,386
E00065495,332,57,275
E00065497,160,26,134
E00065498,334,44,290
E00065499,173,28,145
E00065500,265,39,226
E00065501,466,58,408
E00065502,290,31,259
E00065503,294,31,263
E00065504,206,27,179
E00065505,240,33,207
E00065506,457,73,384
E00065507,262,37,225
E00065508,343,48,295
E00065509,216,35,181
E00065510,233,37,196
E00065511,436,59,377
E00065512,332,49,283
E00065513,272,24,248
E00065514,307,50,257
E00065515,310,53,257
E00065516,354,59,295
E00065517,386,63,323
E00065518,275,43,232
E00065519,279,35,244
E00065520,268,29,239
E00065521,279,28,251
E00065522,133,16,117
E00065523,340,48,292
E00065524,325,36,289
E00065525,253,32,221
E00065526,124,21,103
E00065527,500,92,408
E00065528,255,38,217
E00065529,281,38,243
E00065530,362,63,299
E00065531,277,35,242
E00065532,224,28,196
E00065533,515,108,407
E00065534,240,43,197
E00065535,287,38,249
E00065536,394,52,342
E00065537,373,59,314
E00065538,414,47,367
E00065539,326,58,268
E00065540,334,50,284
E00065541,317,33,284
E00065542,201,47,154
E00065543,241,38,203
E00065544,211,23,188
E00065545,302,40,262
E00065546,243,17,226
E00065547,548,99,449
E00065548,300,48,252
E00065549,332,43,289
E00065550,560,102,458
E00065551,265,42,223
E00065552,356,73,283
E00065553,252,38,214
E00065554,243,16,227
E00065555,566,119,447
E00065556,269,48,221
E00065557,289,56,233
E00065558,286,63,223
E00065559,284,33,251
E00065560,264,31,233
E00065561,240,38,202
E00065562,327,62,265
E00065563,306,56,250
E00065564,372,76,296
E00065565,296,46,250
E00065566,267,46,221
E00065567,320,89,231
E00065568,370,61,309
E00065569,272,39,233
E00065570,183,44,139
E00065571,345,69,276
E00065572,332,83,249
E00065573,267,31,236
E00065574,279,50,229
E00065575,304,49,255
E00065576,273,47,226
E00065577,361,56,305
E00065578,483,76,407
E00065579,207,35,172
E00065580,374,97,277
E00065581,271,53,218
E00065582,418,72,346
E00065583,291,79,212
E00065584,335,78,257
E00065585,329,55,274
E00065586,317,68,249
E00065587,214,15,199
E00065588,352,42,310
E00065589,286,46,240
E00065590,344,65,279
E00065591,279,38,241
E00065592,330,78,252
E00065593,493,116,377
E00065594,281,47,234
E00065595,375,56,319
E00065596,310,80,230
E00065597,316,86,230
E00065598,281,52,229
E00065599,261,28,233
E00065600,260,27,233
E00065601,355,58,297
E00065602,322,81,241
E00065603,266,32,234
E00065604,209,25,184
E00065605,289,47,242
E00065606,306,79,227
E00065607,278,25,253
E00065608,327,85,242
E00065609,393,105,288
E00065610,387,54,333
E00065611,172,26,146
E00065612,303,31,272
E00065613,253,39,214
E00065614,274,50,224
E00065615,354,63,291
E00065616,251,32,219
E00065617,308,56,252
E00065618,265,38,227
E00065619,559,108,451
E00065620,406,77,329
E00065621,288,53,235
E00065622,157,13,144
E00065623,263,41,222
E00065624,274,47,227
E00065625,293,47,246
E00065626,294,59,235
E00065627,284,44,240
E00065628,296,54,242
E00065629,347,58,289
E00065630,271,47,224
E00065631,279,59,220
E00065632,270,35,235
E00065633,253,15,238
E00065634,303,60,243
E00065635,316,59,257
E00065636,282,49,233
E00065637,283,34,249
E00065638,286,51,235
E00065639,267,33,234
E00065640,466,69,397
E00065641,268,53,215
E00065642,288,56,232
E00065643,254,51,203
E00065644,269,43,226
E00065645,275,43,232
E00065646,322,35,287
E00065647,269,49,220
E00065648,278,25,253
E00065649,289,47,242
E00065650,237,52,185
E00065651,230,49,181
E00065653,231,39,192
E00065654,140,15,125
E00065655,277,56,221
E00065656,321,54,267
E00065657,305,75,230
E00065658,277,53,224
E00065659,282,36,246
E00065660,349,47,302
E00065661,417,83,334
E00065662,246,17,229
E00065663,277,23,254
E00065664,330,58,272
E00065665,296,71,225
E00065666,309,52,257
E00065668,377,58,319
E00065669,267,41,226
E00065670,405,30,375
E00065671,335,48,287
E00065672,316,59,257
E00065673,231,22,209
E00065674,380,58,322
E00065675,294,35,259
E00065676,293,44,249
E00065677,262,32,230
E00065678,279,46,233
E00065679,386,85,301
E00065680,325,64,261
E00065681,391,70,321
E00065682,332,62,270
E00065683,388,67,321
E00065684,377,58,319
E00065685,317,34,283
E00065686,391,73,318
E00065687,262,44,218
E00065688,317,25,292
E00065690,263,31,232
E00065691,301,66,235
E00065692,250,31,219
E00065693,238,45,193
E00065694,242,28,214
E00065695,388,75,313
E00065696,334,65,269
E00065697,418,63,355
E00065698,288,41,247
E00065699,263,32,231
E00065700,316,59,257
E00065701,298,50,248
E00065702,412,63,349
E00065703,304,49,255
E00065704,384,44,340
E00065705,199,31,168
E00065706,383,61,322
E00065707,303,37,266
E00065708,312,58,254
E00065709,241,30,211
E00065710,348,64,284
E00065711,286,38,248
E00065712,326,54,272
E00065713,405,75,330
E00065715,288,30,258
E00065716,371,74,297
E00065717,238,36,202
E00065718,157,23,134
E00065719,261,32,229
E00065720,343,70,273
E00065721,328,42,286
E00065722,297,47,250
E00065723,270,36,234
E00065724,266,38,228
E00065725,210,18,192
E00065726,226,27,199
E00065727,217,45,172
E00065728,281,27,254
E00065729,271,53,218
E00065730,226,56,170
E00065731,129,14,115
E00065732,219,23,196
E00065733,299,39,260
E00065734,236,34,202
E00065735,378,51,327
E00065736,297,47,250
E00065737,273,48,225
E00065738,290,69,221
E00065739,113,26,87
E00065740,288,28,260
E00065741,313,46,267
E00065742,329,54,275
E00065743,196,25,171
E00065744,314,40,274
E00065745,186,30,156
E00065746,324,33,291
E00065747,289,50,239
E00065748,262,32,230
E00065749,204,35,169
E00065750,108,22,86
E00065751,467,103,364
E00065752,479,91,388
E00065753,492,80,412
E00065754,270,36,234
E00065755,253,23,230
E00065756,282,34,248
E00065757,306,58,248
E00065758,277,25,252
E00065759,285,20,265
E00065760,353,19,334
E00065761,276,45,231
E00065762,134,15,119
E00065763,245,33,212
E00065764,370,66,304
E00065765,369,56,313
E00065766,213,32,181
E00065767,216,20,196
E00065768,179,9,170
E00065769,428,69,359
E00065770,244,41,203
E00065771,240,49,191
E00065772,214,28,186
E00065773,453,100,353
E00065774,332,47,285
E00065775,242,33,209
E00065776,247,30,217
E00065779,221,31,190
E00065780,464,87,377
E00065781,510,85,425
E00065782,194,28,166
E00065783,345,73,272
E00065784,295,62,233
E00065785,266,24,242
E00065786,535,117,418
E00065787,189,25,164
E00065788,258,28,230
E00065789,291,54,237
E00065790,107,12,95
E00065791,267,42,225
E00065792,181,9,172
E00065793,236,52,184
E00065794,236,30,206
E00065795,211,20,191
E00065796,276,75,201
E00065797,301,70,231
E00065798,222,27,195
E00065799,254,21,233
E00065800,266,62,204
E00065801,196,21,175
E00065802,283,62,221
E00065803,232,41,191
E00065804,288,59,229
E00065806,261,51,210
E00065807,410,64,346
E00065808,251,29,222
E00065809,224,14,210
E00065810,205,16,189
E00065811,191,15,176
E00065813,334,43,291
E00065814,183,15,168
E00065815,239,8,231
E00065816,317,47,270
E00065817,240,59,181
E00065818,263,44,219
E00065819,288,71,217
E00065820,298,88,210
E00065821,275,64,211
E00065822,351,86,265
E00065823,300,33,267
E00065824,224,39,185
E00065825,220,36,184
E00065826,268,41,227
E00065827,314,52,262
E00065828,294,31,263
E00065829,245,27,218
E00065830,292,64,228
E00065831,307,61,246
E00065832,355,82,273
E00065833,178,14,164
E00065834,228,28,200
E00065835,232,27,205
E00065836,345,88,257
E00065837,356,97,259
E00065838,363,49,314
E00065839,258,33,225
E00065840,271,49,222
E00065841,252,17,235
E00065843,199,19,180
E00065844,242,28,214
E00065845,226,22,204
E00065846,266,20,246
E00065847,286,39,247
E00065848,283,48,235
E00065849,247,33,214
E00065850,268,35,233
E00065851,297,31,266
E00065852,250,17,233
E00065853,271,24,247
E00065854,319,31,288
E00065855,385,30,355
E00065856,371,40,331
E00065857,286,41,245
E00065858,265,35,230
E00065859,305,42,263
E00065860,309,35,274
E00065861,349,65,284
E00065862,308,55,253
E00065863,247,38,209
E00065864,234,46,188
E00065865,452,92,360
E00065866,449,93,356
E00065867,274,29,245
E00065868,457,70,387
E00065869,497,65,432
E00065870,312,32,280
E00065871,372,82,290
E00065872,303,51,252
E00065873,242,29,213
E00065874,275,30,245
E00065875,343,36,307
E00065876,228,46,182
E00065877,288,50,238
E00065878,365,63,302
E00065879,260,45,215
E00065880,245,11,234
E00065881,218,14,204
E00065882,384,79,305
E00065883,421,75,346
E00065884,286,28,258
E00065885,392,68,324
E00065886,215,21,194
E00065888,362,72,290
E00065889,234,21,213
E00065890,304,44,260
E00065891,318,41,277
E00065892,354,62,292
E00065893,292,43,249
E00065895,483,37,446
E00065896,254,22,232
E00065897,314,60,254
E00065898,272,32,240
E00065899,282,45,237
E00065900,300,38,262
E00065901,280,44,236
E00065902,364,64,300
E00065903,311,58,253
E00065904,296,47,249
E00065905,320,56,264
E00065906,290,46,244
E00065907,312,62,250
E00065908,260,22,238
E00065910,314,39,275
E00065911,223,26,197
E00065912,264,49,215
E00065913,378,79,299
E00065914,186,10,176
E00065916,306,41,265
E00065917,277,52,225
E00065918,268,48,220
E00065919,264,28,236
E00065920,256,37,219
E00065921,349,49,300
E00065922,342,65,277
E00065923,326,81,245
E00065924,328,70,258
E00065925,310,55,255
E00065926,374,92,282
E00065927,255,46,209
E00065928,444,101,343
E00065929,266,35,231
E00065930,312,62,250
E00065931,242,24,218
E00065932,257,36,221
E00065933,228,26,202
E00065934,278,41,237
E00065935,350,30,320
E00065936,300,36,264
E00065937,191,13,178
E00065938,282,34,248
E00065939,232,38,194
E00065940,243,37,206
E00065941,241,37,204
E00065942,273,44,229
E00065943,267,38,229
E00065944,282,41,241
E00065945,261,41,220
E00065946,259,41,218
E00065947,231,41,190
E00065948,208,15,193
E00065949,249,33,216
E00065950,246,34,212
E00065951,274,54,220
E00065952,218,43,175
E00065953,273,39,234
E00065954,219,41,178
E00065955,263,56,207
E00065956,290,44,246
E00065957,233,46,187
E00065958,396,41,355
E00065959,168,14,154
E00065960,248,52,196
E00065961,238,30,208
E00065962,246,25,221
E00065963,222,26,196
E00065964,332,37,295
E00065965,359,57,302
E00065966,130,14,116
E00065967,204,30,174
E00065968,264,42,222
E00065969,461,57,404
E00065970,392,68,324
E00065971,343,54,289
E00065972,269,45,224
E00065973,318,64,254
E00065974,256,45,211
E00065975,239,33,206
E00065976,316,36,280
E00065977,335,60,275
E00065978,363,71,292
E00065980,298,57,241
E00065981,221,29,192
E00065983,318,34,284
E00065984,291,43,248
E00065985,300,60,240
E00065986,263,39,224
E00065987,219,28,191
E00065988,330,70,260
E00065989,237,40,197
E00065990,176,30,146
E00065991,358,49,309
E00065992,354,70,284
E00065993,304,27,277
E00065994,230,29,201
E00065995,338,44,294
E00065996,169,23,146
E00065997,226,37,189
E00065998,311,42,269
E00065999,370,65,305
E00066000,337,59,278
E00066001,346,61,285
E00066002,266,42,224
E00066003,314,61,253
E00066004,342,40,302
E00066005,265,35,230
E00066006,333,51,282
E00066007,285,30,255
E00066008,307,64,243
E00066009,224,49,175
E00066010,222,21,201
E00066011,267,34,233
E00066012,326,58,268
E00066013,295,51,244
E00066014,185,22,163
E00066015,213,30,183
E00066016,273,33,240
E00066017,367,40,327
E00066018,311,64,247
E00066019,143,30,113
E00066020,211,34,177
E00066021,277,50,227
E00066022,499,83,416
E00066023,256,57,199
E00066024,294,20,274
E00066025,301,53,248
E00066026,228,28,200
E00066027,289,83,206
E00066028,290,54,236
E00066029,264,46,218
E00066030,235,25,210
E00066031,349,62,287
E00066032,250,38,212
E00066033,280,48,232
E00066034,256,48,208
E00066035,342,42,300
E00066036,184,22,162
E00066037,257,40,217
E00066038,200,45,155
E00066039,229,19,210
E00066040,277,20,257
E00066041,291,42,249
E00066042,191,40,151
E00066043,355,57,298
E00066044,312,51,261
E00066045,361,46,315
E00066046,273,49,224
E00066047,285,44,241
E00066048,256,49,207
E00066049,349,62,287
E00066050,246,38,208
E00066051,331,66,265
E00066052,345,75,270
E00066053,354,43,311
E00066054,328,70,258
E00066055,345,62,283
E00066056,268,41,227
E00066057,289,57,232
E00066058,266,52,214
E00066059,318,56,262
E00066060,324,60,264
E00066061,426,93,333
E00066062,345,59,286
E00066063,250,47,203
E00066064,309,64,245
E00066065,276,38,238
E00066066,378,77,301
E00066067,204,17,187
E00066068,240,40,200
E00066071,145,24,121
E00066072,289,70,219
E00066073,278,42,236
E00066074,253,49,204
E00066075,257,41,216
E00066076,249,26,223
E00066077,236,20,216
E00066078,310,45,265
E00066080,338,38,300
E00066081,252,30,222
E00066082,230,16,214
E00066083,312,42,270
E00066084,288,53,235
E00066085,373,45,328
E00066086,256,33,223
E00066087,266,37,229
E00066088,298,36,262
E00066089,253,42,211
E00066090,407,49,358
E00066091,258,34,224
E00066092,207,26,181
E00066093,257,36,221
E00066094,231,40,191
E00066095,234,32,202
E00066096,248,41,207
E00066097,284,25,259
E00066098,424,73,351
E00066099,359,62,297
E00066100,384,64,320
E00066101,277,37,240
E00066102,322,47,275
E00066103,383,75,308
E00066104,237,15,222
E00066105,309,63,246
E00066106,231,40,191
E00066107,319,64,255
E00066108,298,35,263
E00066109,292,37,255
E00066110,420,75,345
E00066111,291,43,248
E00066112,432,102,330
E00066113,269,46,223
E00066114,262,34,228
E00066115,287,47,240
E00066116,267,36,231
E00066117,247,33,214
E00066118,205,37,168
E00066119,320,85,235
E00066121,283,59,224
E00066122,328,36,292
E00066123,224,57,167
E00066125,255,50,205
E00066126,223,24,199
E00066127,278,35,243
E00066128,265,55,210
E00066129,257,63,194
E00066130,237,26,211
E00066131,283,40,243
E00066132,241,17,224
E00066133,269,40,229
E00066134,291,41,250
E00066135,269,44,225
E00066136,495,75,420
E00066137,288,59,229
E00066138,309,53,256
E00066139,173,15,158
E00066140,274,35,239
E00066141,144,11,133
E00066142,202,15,187
E00066143,322,72,250
E00066144,273,46,227
E00066145,235,55,180
E00066146,309,55,254
E00066147,309,35,274
E00066148,277,55,222
E00066149,317,60,257
E00066150,538,133,405
E00066151,282,47,235
E00066152,356,60,296
E00066153,315,62,253
E00066154,334,71,263
E00066155,314,55,259
E00066156,293,49,244
E00066157,249,49,200
E00066158,216,7,209
E00066159,290,38,252
E00066160,248,31,217
E00066161,375,68,307
E00066162,308,61,247
E00066163,458,84,374
E00066164,401,75,326
E00066165,313,75,238
E00066166,272,46,226
E00066167,320,62,258
E00066168,266,37,229
E00066169,321,48,273
E00066170,226,9,217
E00066171,306,44,262
E00066172,277,28,249
E00066173,332,65,267
E00066174,272,26,246
E00066175,292,46,246
E00066176,230,38,192
E00066177,273,43,230
E00066178,222,10,212
E00066179,260,31,229
E00066180,281,43,238
E00066181,268,35,233
E00066182,258,59,199
E00066183,328,66,262
E00066184,197,32,165
E00066185,262,36,226
E00066186,332,65,267
E00066187,286,59,227
E00066188,231,23,208
E00066189,300,51,249
E00066190,284,53,231
E00066191,285,54,231
E00066192,226,37,189
E00066193,312,68,244
E00066194,225,39,186
E00066195,212,28,184
E00066196,227,38,189
E00066197,249,37,212
E00066198,297,59,238
E00066199,234,38,196
E00066200,122,22,100
E00066201,349,78,271
E00066202,276,35,241
E00066203,172,19,153
E00066204,403,66,337
E00066205,305,51,254
E00066207,225,34,191
E00066208,149,21,128
E00066209,195,36,159
E00066210,303,51,252
E00066211,105,13,92
E00066212,154,26,128
E00066213,377,82,295
E00066215,335,58,277
E00066217,439,89,350
E00066218,316,63,253
E00066219,265,46,219
E00066220,363,56,307
E00066221,238,17,221
E00066223,322,46,276
E00066224,304,34,270
E00066225,259,39,220
E00066226,353,36,317
E00066227,452,80,372
E00066228,387,96,291
E00066229,215,25,190
E00066230,271,51,220
E00066231,492,89,403
E00066232,328,61,267
E00066233,214,33,181
E00066234,309,63,246
E00066235,240,42,198
E00066236,125,23,102
E00066237,258,39,219
E00066238,313,42,271
E00066239,208,22,186
E00066240,473,59,414
E00066241,439,72,367
E00066242,135,24,111
E00066243,125,28,97
E00066245,182,51,131
E00066246,210,31,179
E00066247,275,33,242
E00066248,242,14,228
E00066249,239,44,195
E00066250,286,84,202
E00066251,224,47,177
E00066252,318,77,241
E00066253,243,49,194
E00066254,211,32,179
E00066255,238,49,189
E00066256,233,44,189
E00066257,226,44,182
E00066258,174,27,147
E00066259,223,13,210
E00066260,301,65,236
E00066261,181,18,163
E00066262,236,42,194
E00066263,224,32,192
E00066264,199,36,163
E00066265,189,26,163
E00066266,284,51,233
E00066267,218,43,175
E00066268,273,72,201
E00066269,342,72,270
E00066270,305,53,252
E00066271,256,65,191
E00066272,286,55,231
E00066273,292,42,250
E00066274,255,11,244
E00066275,289,43,246
E00066276,217,35,182
E00066277,218,23,195
E00066278,229,50,179
E00066279,206,30,176
E00066280,249,27,222
E00066281,266,60,206
E00066282,213,9,204
E00066283,243,47,196
E00066284,273,57,216
E00066285,261,55,206
E00066286,346,107,239
E00066287,284,48,236
E00066288,217,41,176
E00066289,194,31,163
E00066290,226,59,167
E00066291,249,42,207
E00066292,286,54,232
E00066293,344,99,245
E00066294,279,55,224
E00066295,260,57,203
E00066296,266,40,226
E00066297,223,46,177
E00066299,185,25,160
E00066300,250,53,197
E00066301,260,63,197
E00066302,204,22,182
E00066303,279,66,213
E00066305,241,49,192
E00066306,221,43,178
E00066307,217,52,165
E00066309,252,29,223
E00066310,255,47,208
E00066311,250,81,169
E00066312,277,52,225
E00066313,310,83,227
E00066314,269,78,191
E00066315,301,76,225
E00066316,150,17,133
E00066317,233,53,180
E00066318,282,90,192
E00066319,250,57,193
E00066320,218,55,163
E00066321,219,43,176
E00066322,230,61,169
E00066323,211,65,146
E00066324,250,73,177
E00066325,310,78,232
E00066326,212,46,166
E00066327,186,28,158
E00066329,184,20,164
E00066332,114,5,109
E00066333,117,13,104
E00066334,271,32,239
E00066335,235,47,188
E00066336,296,88,208
E00066337,202,47,155
E00066338,201,35,166
E00066339,241,56,185
E00066340,244,25,219
E00066341,245,28,217
E00066342,275,72,203
E00066343,344,67,277
E00066344,271,70,201
E00066345,269,44,225
E00066346,264,41,223
E00066347,230,33,197
E00066348,288,57,231
E00066349,261,25,236
E00066350,291,41,250
E00066351,235,39,196
E00066352,271,60,211
E00066353,348,49,299
E00066354,227,17,210
E00066355,265,32,233
E00066356,281,58,223
E00066357,270,80,190
E00066358,215,30,185
E00066359,286,82,204
E00066360,263,71,192
E00066361,160,4,156
E00066362,262,59,203
E00066363,330,66,264
E00066364,462,98,364
E00066365,255,35,220
E00066366,295,30,265
E00066367,252,19,233
E00066368,217,22,195
E00066369,263,37,226
E00066370,232,28,204
E00066371,324,43,281
E00066372,274,39,235
E00066373,258,25,233
E00066374,244,33,211
E00066375,277,49,228
E00066376,224,22,202
E00066377,219,20,199
E00066378,207,16,191
E00066379,287,37,250
E00066380,272,35,237
E00066381,213,37,176
E00066382,200,22,178
E00066383,283,42,241
E00066384,278,12,266
E00066385,233,12,221
E00066386,262,26,236
E00066387,260,24,236
E00066388,369,66,303
E00066389,398,89,309
E00066390,352,66,286
E00066391,234,13,221
E00066392,229,36,193
E00066393,366,66,300
E00066394,209,18,191
E00066395,280,52,228
E00066396,236,24,212
E00066397,292,42,250
E00066398,316,75,241
E00066399,308,59,249
E00066400,254,34,220
E00066401,249,61,188
E00066402,254,71,183
E00066403,270,70,200
E00066404,233,46,187
E00066405,314,54,260
E00066406,318,77,241
E00066407,205,16,189
E00066408,282,34,248
E00066409,276,39,237
E00066410,294,62,232
E00066411,253,47,206
E00066412,266,43,223
E00066414,275,83,192
E00066415,285,81,204
E00066416,270,49,221
E00066417,299,47,252
E00066418,347,87,260
E00066419,482,85,397
E00066420,293,39,254
E00066421,225,18,207
E00066422,222,31,191
E00066423,352,92,260
E00066424,244,50,194
E00066425,187,21,166
E00066426,334,69,265
E00066427,255,39,216
E00066428,259,60,199
E00066429,331,58,273
E00066430,327,86,241
E00066431,286,54,232
E00066432,257,63,194
E00066433,270,46,224
E00066434,247,55,192
E00066435,298,66,232
E00066436,301,97,204
E00066437,252,43,209
E00066438,379,63,316
E00066439,318,39,279
E00066441,253,27,226
E00066442,229,12,217
E00066444,229,4,225
E00066445,306,58,248
E00066446,186,23,163
E00066447,356,51,305
E00066448,268,31,237
E00066449,274,32,242
E00066450,481,75,406
E00066451,234,23,211
E00066452,318,34,284
E00066453,261,37,224
E00066454,231,17,214
E00066455,282,51,231
E00066456,205,23,182
E00066457,254,27,227
E00066458,324,84,240
E00066459,359,43,316
E00066460,238,33,205
E00066461,303,42,261
E00066462,229,27,202
E00066463,325,43,282
E00066464,271,35,236
E00066465,279,40,239
E00066466,251,34,217
E00066468,248,30,218
E00066470,399,86,313
E00066471,284,29,255
E00066472,291,33,258
E00066473,314,88,226
E00066476,321,42,279
E00066477,254,37,217
E00066478,299,71,228
E00066479,305,65,240
E00066480,277,81,196
E00066481,257,30,227
E00066482,283,61,222
E00066483,350,50,300
E00066484,304,64,240
E00066485,346,138,208
E00066486,285,46,239
E00066487,231,29,202
E00066488,364,130,234
E00066489,239,31,208
E00066490,279,34,245
E00066491,298,60,238
E00066492,303,64,239
E00066493,289,67,222
E00066494,217,18,199
E00066495,245,33,212
E00066496,383,57,326
E00066497,267,55,212
E00066499,260,32,228
E00066500,308,68,240
E00066501,263,33,230
E00066502,267,35,232
E00066503,229,21,208
E00066504,517,91,426
E00066505,293,60,233
E00066506,383,44,339
E00066507,460,59,401
E00066508,125,18,107
E00066509,205,16,189
E00066510,315,53,262
E00066511,266,72,194
E00066512,267,24,243
E00066513,261,63,198
E00066514,301,85,216
E00066515,296,51,245
E00066516,297,93,204
E00066517,293,79,214
E00066518,285,47,238
E00066519,221,15,206
E00066520,267,74,193
E00066521,269,28,241
E00066522,344,86,258
E00066523,296,79,217
E00066524,261,47,214
E00066525,330,57,273
E00066526,221,23,198
E00066527,299,54,245
E00066528,310,70,240
E00066529,361,102,259
E00066530,289,35,254
E00066531,510,100,410
E00066532,275,48,227
E00066533,262,61,201
E00066534,307,64,243
E00066535,302,70,232
E00066536,265,63,202
E00066537,309,60,249
E00066538,177,15,162
E00066539,212,33,179
E00066540,305,45,260
E00066541,198,14,184
E00066542,286,48,238
E00066543,180,27,153
E00066544,303,48,255
E00066545,294,40,254
E00066546,299,44,255
E00066547,256,53,203
E00066548,245,39,206
E00066550,240,23,217
E00066551,337,45,292
E00066552,239,26,213
E00066553,289,70,219
E00066554,249,41,208
E00066555,262,33,229
E00066556,432,80,352
E00066557,293,28,265
E00066558,194,29,165
E00066559,253,30,223
E00066560,216,11,205
E00066561,246,29,217
E00066562,258,22,236
E00066563,247,23,224
E00066564,257,48,209
E00066565,245,26,219
E00066566,390,86,304
E00066568,343,55,288
E00066569,273,36,237
E00066570,244,19,225
E00066571,262,40,222
E00066572,215,35,180
E00066573,277,48,229
E00066574,302,41,261
E00066575,262,81,181
E00066576,188,23,165
E00066577,263,36,227
E00066578,272,47,225
E00066579,277,49,228
E00066580,248,58,190
E00066581,241,53,188
E00066582,263,68,195
E00066583,269,62,207
E00066584,237,48,189
E00066585,232,48,184
E00066586,332,111,221
E00066587,302,84,218
E00066588,280,59,221
E00066589,281,68,213
E00066590,241,46,195
E00066591,284,58,226
E00066592,238,55,183
E00066593,311,69,242
E00066594,276,71,205
E00066595,239,40,199
E00066596,266,76,190
E00066597,235,42,193
E00066598,247,50,197
E00066599,303,50,253
E00066600,308,89,219
E00066601,235,48,187
E00066602,270,47,223
E00066603,260,44,216
E00066604,280,52,228
E00066605,305,54,251
E00066606,292,44,248
E00066607,213,35,178
E00066608,253,50,203
E00066609,247,42,205
E00066610,338,45,293
E00066611,282,59,223
E00066612,250,44,206
E00066613,236,25,211
E00066614,277,41,236
E00066615,293,79,214
E00066616,258,60,198
E00066617,244,62,182
E00066618,309,67,242
E00066619,303,92,211
E00066620,325,77,248
E00066621,251,70,181
E00066622,349,105,244
E00066623,286,77,209
E00066624,273,79,194
E00066625,353,117,236
E00066626,273,63,210
E00066627,203,30,173
E00066628,288,86,202
E00066629,257,41,216
E00066630,297,78,219
E00066631,426,169,257
E00066632,249,34,215
E00066633,276,54,222
E00066634,303,62,241
E00066635,253,61,192
E00066636,203,37,166
E00066637,274,68,206
E00066638,216,31,185
E00066639,277,92,185
E00066640,219,52,167
E00066641,261,52,209
E00066642,251,70,181
E00066643,254,55,199
E00066644,278,53,225
E00066645,287,56,231
E00066646,266,41,225
E00066647,248,45,203
E00066648,270,40,230
E00066649,417,116,301
E00066650,262,50,212
E00066651,283,88,195
E00066652,222,17,205
E00066653,292,94,198
E00066654,256,53,203
E00066655,285,60,225
E00066656,219,39,180
E00066657,289,70,219
E00066658,280,74,206
E00066659,298,97,201
E00066660,248,43,205
E00066661,274,46,228
E00066662,277,95,182
E00066663,270,45,225
E00066664,230,32,198
E00066665,354,42,312
E00066666,295,38,257
E00066667,274,30,244
E00066668,255,38,217
E00066669,284,28,256
E00066670,162,9,153
E00066671,257,28,229
E00066672,230,25,205
E00066674,252,27,225
E00066675,368,37,331
E00066676,268,56,212
E00066677,282,46,236
E00066678,309,59,250
E00066679,243,36,207
E00066680,279,46,233
E00066681,257,42,215
E00066682,190,20,170
E00066683,234,24,210
E00066684,283,45,238
E00066685,265,41,224
E00066686,274,44,230
E00066687,192,48,144
E00066688,277,73,204
E00066689,234,25,209
E00066690,282,60,222
E00066691,312,80,232
E00066692,213,32,181
E00066693,253,65,188
E00066694,221,28,193
E00066695,234,49,185
E00066696,332,52,280
E00066697,243,40,203
E00066698,275,50,225
E00066699,214,44,170
E00066700,276,47,229
E00066701,279,57,222
E00066702,224,42,182
E00066703,290,58,232
E00066704,253,58,195
E00066705,275,47,228
E00066706,164,25,139
E00066707,239,42,197
E00066708,196,28,168
E00066709,279,66,213
E00066710,249,48,201
E00066711,261,54,207
E00066712,240,39,201
E00066713,250,55,195
E00066714,269,35,234
E00066715,144,24,120
E00066716,357,60,297
E00066717,113,19,94
E00066718,226,24,202
E00066719,193,23,170
E00066720,115,29,86
E00066722,321,57,264
E00066723,267,44,223
E00066725,361,71,290
E00066726,295,59,236
E00066727,277,39,238
E00066728,263,57,206
E00066729,123,14,109
E00066730,346,62,284
E00066731,192,33,159
E00066732,268,39,229
E00066733,264,36,228
E00066734,305,37,268
E00066735,344,70,274
E00066737,319,48,271
E00066738,460,81,379
E00066739,294,58,236
E00066740,276,57,219
E00066741,323,64,259
E00066742,174,33,141
E00066743,234,34,200
E00066744,380,90,290
E00066745,232,35,197
E00066746,318,65,253
E00066747,225,40,185
E00066748,237,25,212
E00066749,230,36,194
E00066750,356,95,261
E00066751,279,52,227
E00066752,252,40,212
E00066753,355,86,269
E00066754,276,63,213
E00066755,295,50,245
E00066756,323,49,274
E00066757,267,36,231
E00066758,270,52,218
E00066759,234,25,209
E00066760,230,32,198
E00066761,406,67,339
E00066762,282,51,231
E00066763,254,49,205
E00066764,267,22,245
E00066765,216,23,193
E00066766,283,32,251
E00066767,319,80,239
E00066768,334,110,224
E00066769,306,90,216
E00066770,286,50,236
E00066771,258,34,224
E00066772,293,88,205
E00066773,226,44,182
E00066774,256,54,202
E00066775,213,28,185
E00066776,240,24,216
E00066777,265,47,218
E00066778,185,6,179
E00066779,242,41,201
E00066780,259,28,231
E00066781,331,65,266
E00066782,247,36,211
E00066783,334,48,286
E00066784,276,55,221
E00066785,247,43,204
E00066786,399,109,290
E00066787,346,109,237
E00066788,385,135,250
E00066789,251,33,218
E00066790,295,51,244
E00066792,237,38,199
E00066793,251,41,210
E00066794,367,63,304
E00066795,319,49,270
E00066796,203,23,180
E00066797,273,64,209
E00066799,458,89,369
E00066800,268,68,200
E00066801,254,68,186
E00066802,249,40,209
E00066803,267,50,217
E00066804,225,45,180
E00066805,268,55,213
E00066806,155,6,149
E00066807,313,58,255
E00066808,260,49,211
E00066809,317,22,295
E00066810,285,72,213
E00066811,329,60,269
E00066812,301,40,261
E00066813,353,49,304
E00066814,385,56,329
E00066815,364,66,298
E00066816,253,54,199
E00066817,348,70,278
E00066818,210,56,154
E00066819,108,11,97
E00066820,352,51,301
E00066821,258,51,207
E00066822,254,28,226
E00066823,363,64,299
E00066824,548,113,435
E00066825,366,70,296
E00066826,312,82,230
E00066827,333,52,281
E00066828,554,112,442
E00066829,220,20,200
E00066830,209,17,192
E00066831,294,36,258
E00066832,273,43,230
E00066833,193,19,174
E00066834,249,41,208
E00066835,397,61,336
E00066836,316,33,283
E00066837,281,34,247
E00066838,281,43,238
E00066839,329,49,280
E00066840,282,56,226
E00066841,377,57,320
E00066842,340,64,276
E00066843,330,77,253
E00066844,297,44,253
E00066845,328,48,280
E00066846,457,116,341
E00066847,376,59,317
E00066848,257,41,216
E00066849,385,44,341
E00066850,425,89,336
E00066851,218,40,178
E00066852,199,41,158
E00066853,433,93,340
E00066854,268,59,209
E00066855,238,57,181
E00066856,402,49,353
E00066857,409,77,332
E00066858,329,57,272
E00066859,277,29,248
E00066860,286,36,250
E00066861,281,37,244
E00066862,282,29,253
E00066863,298,40,258
E00066864,370,54,316
E00066865,341,68,273
E00066866,347,66,281
E00066867,323,43,280
E00066868,391,65,326
E00066869,315,67,248
E00066870,265,28,237
E00066871,237,47,190
E00066872,209,22,187
E00066873,571,103,468
E00066874,326,38,288
E00066875,170,22,148
E00066876,344,34,310
E00066877,410,71,339
E00066878,463,61,402
E00066879,317,51,266
E00066880,290,47,243
E00066881,327,69,258
E00066882,324,33,291
E00066883,277,23,254
E00066884,205,30,175
E00066885,463,88,375
E00066887,317,42,275
E00066888,228,20,208
E00066889,315,42,273
E00066891,297,32,265
E00066892,292,69,223
E00066893,247,42,205
E00066894,250,35,215
E00066895,226,26,200
E00066897,302,75,227
E00066898,341,74,267
E00066899,250,29,221
E00066900,320,89,231
E00066901,246,23,223
E00066902,452,96,356
E00066903,508,96,412
E00066904,304,38,266
E00066905,297,74,223
E00066906,456,69,387
E00066907,377,48,329
E00066908,291,22,269
E00066909,490,77,413
E00066910,185,19,166
E00066911,301,59,242
E00066912,266,47,219
E00066913,270,50,220
E00066914,271,32,239
E00066915,235,32,203
E00066916,306,51,255
E00066917,289,26,263
E00066918,254,23,231
E00066919,273,24,249
E00066920,266,44,222
E00066921,285,42,243
E00066922,255,40,215
E00066923,241,31,210
E00066924,369,64,305
E00066925,287,37,250
E00066926,235,25,210
E00066927,276,47,229
E00066928,288,44,244
E00066929,192,25,167
E00066930,527,127,400
E00066931,251,31,220
E00066932,240,46,194
E00066933,202,22,180
E00066934,271,40,231
E00066935,217,16,201
E00066936,258,31,227
E00066937,254,17,237
E00066938,250,29,221
E00066939,174,13,161
E00066940,280,62,218
E00066941,262,40,222
E00066942,193,21,172
E00066943,282,44,238
E00066944,260,41,219
E00066945,298,47,251
E00066946,395,64,331
E00066947,283,51,232
E00066948,277,48,229
E00066949,250,28,222
E00066950,329,63,266
E00066951,384,70,314
E00066952,378,100,278
E00066953,319,40,279
E00066954,328,74,254
E00066955,207,33,174
E00066956,309,69,240
E00066957,270,24,246
E00066959,300,78,222
E00066960,226,19,207
E00066961,238,34,204
E00066962,306,55,251
E00066963,223,26,197
E00066964,267,26,241
E00066965,244,22,222
E00066966,247,30,217
E00066967,298,39,259
E00066968,272,26,246
E00066969,397,65,332
E00066970,276,40,236
E00066971,239,25,214
E00066972,369,71,298
E00066973,314,70,244
E00066974,313,57,256
E00066975,385,49,336
E00066976,186,29,157
E00066977,341,40,301
E00066978,356,52,304
E00066979,268,39,229
E00066980,267,28,239
E00066981,216,37,179
E00066982,319,45,274
E00066983,408,67,341
E00066984,302,39,263
E00066985,425,88,337
E00066986,246,39,207
E00066987,296,31,265
E00066989,266,28,238
E00066990,294,49,245
E00066991,274,49,225
E00066992,235,18,217
E00066993,317,62,255
E00066994,257,30,227
E00066995,261,58,203
E00066996,264,62,202
E00066997,281,41,240
E00066998,236,41,195
E00066999,254,47,207
E00067000,259,41,218
E00067001,338,59,279
E00067002,295,47,248
E00067003,153,11,142
E00067004,272,51,221
E00067005,311,44,267
E00067006,430,33,397
E00067007,272,55,217
E00067008,295,77,218
E00067009,373,113,260
E00067010,369,120,249
E00067011,313,68,245
E00067012,251,29,222
E00067013,200,44,156
E00067014,201,31,170
E00067015,201,24,177
E00067016,251,31,220
E00067017,215,47,168
E00067018,261,64,197
E00067019,332,73,259
E00067020,321,47,274
E00067021,277,86,191
E00067022,312,88,224
E00067023,219,37,182
E00067024,327,75,252
E00067025,352,116,236
E00067026,313,78,235
E00067027,306,81,225
E00067028,251,44,207
E00067029,273,42,231
E00067030,249,53,196
E00067031,275,59,216
E00067032,307,53,254
E00067033,339,81,258
E00067034,288,60,228
E00067035,334,74,260
E00067036,231,40,191
E00067037,304,87,217
E00067038,349,126,223
E00067039,312,82,230
E00067040,228,45,183
E00067041,333,69,264
E00067042,420,145,275
E00067043,312,69,243
E00067044,274,72,202
E00067045,225,24,201
E00067046,283,31,252
E00067048,172,21,151
E00067049,209,0,209
E00067050,235,26,209
E00067051,285,38,247
E00067052,279,59,220
E00067053,212,13,199
E00067054,255,53,202
E00067055,184,36,148
E00067056,195,28,167
E00067057,241,38,203
E00067058,291,33,258
E00067059,309,43,266
E00067060,153,17,136
E00067061,256,32,224
E00067062,249,36,213
E00067063,283,37,246
E00067064,329,56,273
E00067065,308,48,260
E00067066,315,52,263
E00067067,268,37,231
E00067068,312,43,269
E00067069,273,26,247
E00067070,411,77,334
E00067071,301,36,265
E00067072,309,30,279
E00067073,282,49,233
E00067074,222,37,185
E00067075,335,54,281
E00067076,226,35,191
E00067077,300,36,264
E00067078,364,58,306
E00067079,308,44,264
E00067080,348,60,288
E00067081,236,41,195
E00067082,300,48,252
E00067083,360,91,269
E00067084,314,67,247
E00067085,250,34,216
E00067086,249,44,205
E00067087,300,43,257
E00067088,314,123,191
E00067089,262,44,218
E00067090,231,63,168
E00067091,275,47,228
E00067092,273,31,242
E00067093,278,35,243
E00067094,303,41,262
E00067095,257,34,223
E00067096,347,101,246
E00067097,345,58,287
E00067098,327,43,284
E00067099,308,59,249
E00067100,343,61,282
E00067101,276,63,213
E00067102,240,32,208
E00067103,285,67,218
E00067104,318,73,245
E00067105,259,33,226
E00067106,342,67,275
E00067107,403,101,302
E00067108,435,127,308
E00067109,323,73,250
E00067110,374,120,254
E00067112,256,36,220
E00067113,284,58,226
E00067114,298,53,245
E00067115,354,128,226
E00067116,332,83,249
E00067117,434,153,281
E00067118,291,58,233
E00067119,281,58,223
E00067120,463,105,358
E00067121,339,66,273
E00067122,331,76,255
E00067123,282,54,228
E00067124,339,86,253
E00067125,369,50,319
E00067126,305,58,247
E00067128,319,54,265
E00067129,383,85,298
E00067130,428,70,358
E00067131,349,45,304
E00067132,179,18,161
E00067133,318,50,268
E00067134,378,56,322
E00067135,196,33,163
E00067136,347,67,280
E00067137,335,47,288
E00067138,343,70,273
E00067139,452,79,373
E00067140,261,46,215
E00067141,299,41,258
E00067142,334,36,298
E00067143,319,52,267
E00067144,268,42,226
E00067145,332,42,290
E00067146,400,75,325
E00067147,404,71,333
E00067148,359,67,292
E00067149,342,49,293
E00067150,398,74,324
E00067151,358,65,293
E00067152,381,67,314
E00067153,294,47,247
E00067154,270,60,210
E00067155,263,26,237
E00067157,399,112,287
E00067159,375,50,325
E00067160,272,24,248
E00067161,447,93,354
E00067162,361,62,299
E00067163,343,76,267
E00067164,156,20,136
E00067165,272,47,225
E00067166,113,12,101
E00067167,267,38,229
E00067168,227,29,198
E00067169,342,93,249
E00067170,279,44,235
E00067171,305,55,250
E00067172,215,42,173
E00067173,314,66,248
E00067174,299,48,251
E00067175,362,76,286
E00067176,384,82,302
E00067177,311,47,264
E00067178,215,34,181
E00067179,285,54,231
E00067180,185,31,154
E00067181,262,50,212
E00067182,343,76,267
E00067183,267,65,202
E00067184,254,48,206
E00067185,285,77,208
E00067186,323,73,250
E00067187,186,30,156
E00067188,321,90,231
E00067189,291,55,236
E00067190,266,65,201
E00067191,301,84,217
E00067192,225,52,173
E00067193,265,53,212
E00067194,299,65,234
E00067195,332,74,258
E00067196,336,60,276
E00067197,282,42,240
E00067198,273,46,227
E00067199,301,55,246
E00067200,399,77,322
E00067201,252,46,206
E00067202,329,48,281
E00067203,220,33,187
E00067204,288,51,237
E00067205,229,33,196
E00067206,314,55,259
E00067207,238,39,199
E00067208,295,53,242
E00067209,250,50,200
E00067210,327,86,241
E00067211,156,13,143
E00067212,193,24,169
E00067213,263,43,220
E00067214,271,30,241
E00067215,280,39,241
E00067216,262,63,199
E00067217,402,120,282
E00067218,188,22,166
E00067219,191,28,163
E00067221,269,43,226
E00067222,372,99,273
E00067223,449,62,387
E00067224,314,42,272
E00067225,266,44,222
E00067226,271,48,223
E00067227,223,36,187
E00067228,245,58,187
E00067229,308,64,244
E00067230,250,61,189
E00067231,412,57,355
E00067232,128,18,110
E00067233,477,72,405
E00067234,137,22,115
E00067235,211,15,196
E00067236,252,23,229
E00067237,289,37,252
E00067238,307,34,273
E00067239,326,84,242
E00067240,318,73,245
E00067241,109,17,92
E00067242,303,52,251
E00067244,348,32,316
E00067245,250,33,217
E00067246,322,52,270
E00067248,438,99,339
E00067249,295,38,257
E00067250,108,16,92
E00067251,301,42,259
E00067252,305,44,261
E00067253,359,86,273
E00067254,274,46,228
E00067255,174,17,157
E00067256,277,41,236
E00067257,264,25,239
E00067258,425,74,351
E00067259,236,14,222
E00067260,280,32,248
E00067261,259,34,225
E00067262,267,37,230
E00067263,374,46,328
E00067264,234,43,191
E00067265,192,35,157
E00067266,151,16,135
E00067267,316,47,269
E00067268,244,37,207
E00067269,265,36,229
E00067270,225,26,199
E00067271,216,28,188
E00067272,281,25,256
E00067273,199,23,176
E00067274,344,89,255
E00067275,201,32,169
E00067276,203,19,184
E00067277,322,71,251
E00067279,291,52,239
E00067280,329,56,273
E00067281,294,44,250
E00067282,245,33,212
E00067283,285,62,223
E00067284,366,94,272
E00067285,298,50,248
E00067286,319,38,281
E00067287,352,65,287
E00067288,332,74,258
E00067289,305,81,224
E00067290,336,53,283
E00067291,316,81,235
E00067292,242,52,190
E00067293,339,58,281
E00067294,174,12,162
E00067295,450,91,359
E00067296,306,62,244
E00067297,336,68,268
E00067298,338,64,274
E00067299,322,83,239
E00067300,268,38,230
E00067301,317,67,250
E00067302,252,55,197
E00067303,314,40,274
E00067304,335,87,248
E00067305,306,64,242
E00067306,286,64,222
E00067307,282,39,243
E00067308,285,61,224
E00067309,270,42,228
E00067310,344,106,238
E00067311,297,50,247
E00067312,256,29,227
E00067313,287,46,241
E00067314,338,57,281
E00067315,290,59,231
E00067316,325,54,271
E00067317,265,48,217
E00067319,345,82,263
E00067320,311,43,268
E00067321,287,46,241
E00067322,406,70,336
E00067323,315,54,261
E00067327,297,62,235
E00067328,165,23,142
E00067329,294,67,227
E00067330,330,67,263
E00067331,343,77,266
E00067332,325,79,246
E00067333,317,65,252
E00067334,318,66,252
E00067335,293,85,208
E00067336,228,27,201
E00067337,299,61,238
E00067338,227,56,171
E00067339,192,31,161
E00067341,337,89,248
E00067342,303,52,251
E00067343,421,109,312
E00067344,350,80,270
E00067345,304,68,236
E00067346,302,54,248
E00067347,276,58,218
E00067348,368,130,238
E00067349,272,72,200
E00067350,347,60,287
E00067351,323,94,229
E00067352,272,91,181
E00067353,295,91,204
E00067354,230,27,203
E00067355,294,51,243
E00067356,350,96,254
E00067357,322,109,213
E00067358,267,93,174
E00067359,186,36,150
E00067360,258,57,201
E00067361,266,65,201
E00067362,254,97,157
E00067363,238,55,183
E00067364,265,40,225
E00067365,427,211,216
E00067366,258,63,195
E00067367,227,45,182
E00067368,305,94,211
E00067370,212,18,194
E00067371,255,45,210
E00067372,261,42,219
E00067373,125,34,91
E00067374,265,43,222
E00067375,419,154,265
E00067376,237,40,197
E00067377,306,54,252
E00067378,223,43,180
E00067379,304,81,223
E00067380,323,82,241
E00067381,283,38,245
E00067382,328,75,253
E00067383,289,66,223
E00067384,390,80,310
E00067385,259,30,229
E00067386,285,53,232
E00067387,282,53,229
E00067388,273,44,229
E00067389,310,78,232
E00067390,235,48,187
E00067391,237,25,212
E00067392,168,26,142
E00067393,225,30,195
E00067394,232,11,221
E00067395,246,34,212
E00067397,246,26,220
E00067398,327,81,246
E00067399,295,35,260
E00067400,307,101,206
E00067401,291,44,247
E00067403,285,29,256
E00067404,260,25,235
E00067405,274,33,241
E00067406,309,58,251
E00067407,237,27,210
E00067408,238,32,206
E00067409,219,23,196
E00067410,289,52,237
E00067411,287,53,234
E00067412,300,67,233
E00067413,257,37,220
E00067414,302,75,227
E00067415,315,75,240
E00067416,262,36,226
E00067417,194,36,158
E00067418,252,32,220
E00067419,254,40,214
E00067420,330,74,256
E00067421,290,40,250
E00067422,265,49,216
E00067423,235,23,212
E00067424,212,25,187
E00067425,288,33,255
E00067426,254,33,221
E00067427,281,26,255
E00067428,281,69,212
E00067429,290,46,244
E00067430,367,77,290
E00067431,384,195,189
E00067432,236,49,187
E00067433,292,97,195
E00067434,405,168,237
E00067435,285,93,192
E00067436,331,104,227
E00067437,317,109,208
E00067438,286,63,223
E00067439,302,85,217
E00067440,318,154,164
E00067441,404,105,299
E00067442,285,70,215
E00067443,257,70,187
E00067444,255,42,213
E00067445,507,69,438
E00067446,333,75,258
E00067447,323,80,243
E00067448,376,176,200
E00067449,319,112,207
E00067450,354,102,252
E00067452,286,91,195
E00067453,248,62,186
E00067454,423,275,148
E00067456,321,202,119
E00067457,231,62,169
E00067458,320,75,245
E00067459,296,63,233
E00067460,269,41,228
E00067461,298,56,242
E00067463,356,53,303
E00067464,285,89,196
E00067465,315,88,227
E00067466,226,23,203
E00067468,423,73,350
E00067469,353,124,229
E00067470,279,134,145
E00067471,271,133,138
E00067472,283,62,221
E00067473,274,89,185
E00067474,198,20,178
E00067476,344,132,212
E00067477,208,52,156
E00067478,220,45,175
E00067479,235,92,143
E00067480,290,119,171
E00067481,221,74,147
E00067483,208,35,173
E00067484,186,25,161
E00067485,295,72,223
E00067486,309,117,192
E00067487,235,67,168
E00067488,273,57,216
E00067490,281,34,247
E00067491,239,43,196
E00067494,215,32,183
E00067495,389,71,318
E00067496,364,52,312
E00067497,363,55,308
E00067498,240,30,210
E00067499,262,33,229
E00067500,274,36,238
E00067501,284,74,210
E00067502,267,61,206
E00067503,273,34,239
E00067504,220,29,191
E00067505,279,42,237
E00067506,277,62,215
E00067507,261,36,225
E00067508,209,25,184
E00067509,177,23,154
E00067510,353,75,278
E00067511,219,32,187
E00067512,272,47,225
E00067513,325,67,258
E00067514,281,39,242
E00067515,307,66,241
E00067516,310,56,254
E00067517,266,44,222
E00067518,309,70,239
E00067519,255,27,228
E00067520,251,35,216
E00067521,222,20,202
E00067522,261,20,241
E00067523,223,16,207
E00067524,249,58,191
E00067525,255,48,207
E00067526,261,33,228
E00067527,170,20,150
E00067528,249,20,229
E00067529,157,9,148
E00067530,284,50,234
E00067531,243,37,206
E00067532,222,31,191
E00067533,237,31,206
E00067534,161,27,134
E00067535,279,43,236
E00067536,271,35,236
E00067537,268,44,224
E00067542,296,86,210
E00067543,196,33,163
E00067544,291,69,222
E00067545,412,206,206
E00067546,232,40,192
E00067547,286,52,234
E00067548,289,85,204
E00067549,325,59,266
E00067550,278,55,223
E00067552,313,121,192
E00067553,408,115,293
E00067554,321,115,206
E00067555,314,100,214
E00067556,337,107,230
E00067557,472,142,330
E00067558,289,61,228
E00067559,291,98,193
E00067560,241,64,177
E00067561,388,150,238
E00067562,275,76,199
E00067563,382,180,202
E00067564,333,149,184
E00067565,263,62,201
E00067566,342,98,244
E00067567,257,76,181
E00067568,264,39,225
E00067569,267,60,207
E00067570,506,110,396
E00067571,259,46,213
E00067572,360,64,296
E00067573,266,43,223
E00067574,242,59,183
E00067575,277,52,225
E00067576,285,53,232
E00067577,291,63,228
E00067578,236,39,197
E00067579,299,56,243
E00067580,296,77,219
E00067581,414,80,334
E00067582,325,62,263
E00067583,317,74,243
E00067584,337,71,266
E00067585,237,13,224
E00067586,264,29,235
E00067587,324,66,258
E00067588,236,48,188
E00067589,296,34,262
E00067590,189,17,172
E00067591,290,35,255
E00067592,202,16,186
E00067593,238,26,212
E00067594,304,50,254
E00067595,422,89,333
E00067596,183,19,164
E00067598,253,40,213
E00067599,219,31,188
E00067600,214,21,193
E00067601,340,60,280
E00067602,328,80,248
E00067603,293,49,244
E00067604,249,43,206
E00067605,222,24,198
E00067606,245,31,214
E00067607,258,40,218
E00067608,247,45,202
E00067609,272,57,215
E00067610,273,47,226
E00067611,221,29,192
E00067612,326,71,255
E00067613,255,49,206
E00067614,252,47,205
E00067615,270,52,218
E00067616,311,60,251
E00067617,227,24,203
E00067618,338,53,285
E00067619,318,55,263
E00067620,215,29,186
E00067621,300,57,243
E00067622,227,28,199
E00067623,263,37,226
E00067624,203,25,178
E00067625,279,48,231
E00067626,289,62,227
E00067627,263,52,211
E00067628,277,33,244
E00067629,284,40,244
E00067630,280,57,223
E00067631,283,56,227
E00067632,274,38,236
E00067633,238,37,201
E00067634,282,34,248
E00067635,279,30,249
E00067636,251,37,214
E00067637,400,162,238
E00067638,240,66,174
E00067639,373,109,264
E00067640,390,174,216
E00067641,290,98,192
E00067642,264,96,168
E00067643,308,135,173
E00067644,355,219,136
E00067645,333,152,181
E00067646,398,246,152
E00067647,281,130,151
E00067648,333,178,155
E00067649,298,103,195
E00067650,426,336,90
E00067651,425,256,169
E00067652,347,127,220
E00067653,338,161,177
E00067654,346,132,214
E00067655,386,196,190
E00067656,465,200,265
E00067657,285,102,183
E00067658,317,100,217
E00067659,450,232,218
E00067660,353,129,224
E00067661,343,135,208
E00067662,406,177,229
E00067664,243,42,201
E00067665,319,58,261
E00067666,265,46,219
E00067667,280,43,237
E00067668,334,63,271
E00067669,322,42,280
E00067670,284,28,256
E00067671,452,109,343
E00067672,240,26,214
E00067673,217,27,190
E00067674,254,30,224
E00067675,230,28,202
E00067676,293,42,251
E00067677,262,43,219
E00067678,260,33,227
E00067679,297,54,243
E00067680,423,78,345
E00067681,317,50,267
E00067682,312,53,259
E00067684,421,90,331
E00067685,218,15,203
E00067686,245,18,227
E00067687,224,19,205
E00067688,258,41,217
E00067689,258,34,224
E00067690,278,59,219
E00067691,459,82,377
E00067692,256,44,212
E00067693,217,21,196
E00067694,218,36,182
E00067695,336,44,292
E00067696,340,89,251
E00067697,217,52,165
E00067698,262,44,218
E00067699,215,46,169
E00067700,345,64,281
E00067701,240,45,195
E00067702,220,29,191
E00067703,270,40,230
E00067704,207,7,200
E00067706,320,55,265
E00067707,260,57,203
E00067708,351,79,272
E00067709,249,76,173
E00067710,193,42,151
E00067711,287,78,209
E00067712,326,86,240
E00067713,241,41,200
E00067714,555,83,472
E00067715,246,46,200
E00067716,328,60,268
E00067717,193,25,168
E00067718,253,50,203
E00067719,208,26,182
E00067720,243,34,209
E00067721,240,39,201
E00067722,193,18,175
E00067723,251,35,216
E00067724,287,50,237
E00067725,271,59,212
E00067726,208,37,171
E00067727,248,53,195
E00067728,262,67,195
E00067729,189,29,160
E00067730,217,51,166
E00067731,243,41,202
E00067732,237,49,188
E00067733,240,34,206
E00067734,222,57,165
E00067735,205,28,177
E00067736,194,47,147
E00067737,237,46,191
E00067738,197,34,163
E00067740,221,42,179
E00067742,254,32,222
E00067743,169,20,149
E00067745,200,29,171
E00067746,290,35,255
E00067747,252,33,219
E00067748,257,66,191
E00067749,294,36,258
E00067750,341,164,177
E00067753,327,71,256
E00067754,448,121,327
E00067756,280,63,217
E00067757,319,72,247
E00067758,250,39,211
E00067759,270,57,213
E00067760,595,228,367
E00067761,294,29,265
E00067762,259,34,225
E00067763,285,42,243
E00067764,263,40,223
E00067765,261,56,205
E00067766,280,46,234
E00067767,314,52,262
E00067768,219,29,190
E00067769,302,60,242
E00067770,464,98,366
E00067771,345,80,265
E00067772,358,57,301
E00067773,346,73,273
E00067774,300,65,235
E00067775,248,43,205
E00067776,307,79,228
E00067777,262,50,212
E00067778,300,59,241
E00067779,393,77,316
E00067780,280,50,230
E00067781,283,52,231
E00067782,255,46,209
E00067783,324,62,262
E00067784,340,46,294
E00067785,303,51,252
E00067786,284,48,236
E00067787,260,54,206
E00067788,298,47,251
E00067789,330,83,247
E00067790,299,68,231
E00067791,294,66,228
E00067792,247,50,197
E00067793,350,65,285
E00067794,222,24,198
E00067795,306,50,256
E00067796,264,42,222
E00067798,231,40,191
E00067799,237,28,209
E00067800,394,54,340
E00067801,241,31,210
E00067802,286,38,248
E00067803,303,59,244
E00067804,278,38,240
E00067805,264,45,219
E00067806,315,58,257
E00067807,271,39,232
E00067808,330,58,272
E00067810,249,39,210
E00067811,312,57,255
E00067812,348,71,277
E00067813,335,64,271
E00067814,258,55,203
E00067815,386,73,313
E00067816,313,52,261
E00067817,302,50,252
E00067818,257,29,228
E00067819,528,121,407
E00067820,265,43,222
E00067821,241,30,211
E00067822,262,36,226
E00067823,280,37,243
E00067824,302,39,263
E00067825,294,26,268
E00067826,384,63,321
E00067828,435,63,372
E00067829,305,41,264
E00067830,308,51,257
E00067831,282,39,243
E00067832,256,52,204
E00067833,484,112,372
E00067834,383,65,318
E00067835,333,74,259
E00067836,349,67,282
E00067837,394,33,361
E00067838,251,37,214
E00067839,276,61,215
E00067840,193,41,152
E00067841,306,67,239
E00067843,321,60,261
E00067844,306,50,256
E00067845,318,65,253
E00067846,301,64,237
E00067847,335,75,260
E00067848,379,89,290
E00067849,282,60,222
E00067850,208,48,160
E00067851,278,56,222
E00067852,279,53,226
E00067853,483,121,362
E00067854,284,49,235
E00067855,266,34,232
E00067856,273,33,240
E00067857,262,36,226
E00067858,291,47,244
E00067859,252,48,204
E00067860,309,80,229
E00067861,382,112,270
E00067862,337,88,249
E00067863,289,77,212
E00067864,236,24,212
E00067865,245,32,213
E00067866,267,51,216
E00067867,383,83,300
E00067868,296,55,241
E00067869,303,62,241
E00067870,188,24,164
E00067871,226,41,185
E00067872,228,41,187
E00067873,369,86,283
E00067874,254,50,204
E00067875,243,51,192
E00067876,251,55,196
E00067877,265,57,208
E00067878,331,61,270
E00067879,408,91,317
E00067880,254,37,217
E00067881,285,37,248
E00067882,308,88,220
E00067883,237,49,188
E00067884,238,62,176
E00067885,272,62,210
E00067886,244,34,210
E00067887,311,47,264
E00067888,298,33,265
E00067889,326,53,273
E00067890,285,37,248
E00067891,288,78,210
E00067892,246,58,188
E00067893,230,26,204
E00067894,247,53,194
E00067895,247,62,185
E00067896,288,53,235
E00067897,261,54,207
E00067898,189,32,157
E00067899,295,44,251
E00067900,322,65,257
E00067901,278,36,242
E00067902,222,48,174
E00067903,332,80,252
E00067904,274,38,236
E00067905,273,71,202
E00067906,373,65,308
E00067907,258,55,203
E00067908,319,74,245
E00067909,213,44,169
E00067910,269,49,220
E00067911,310,68,242
E00067912,297,65,232
E00067913,432,107,325
E00067914,231,46,185
E00067915,134,33,101
E00067916,307,53,254
E00067917,298,54,244
E00067918,321,107,214
E00067919,326,107,219
E00067920,266,37,229
E00067921,243,35,208
E00067922,231,28,203
E00067923,303,55,248
E00067924,470,115,355
E00067925,317,93,224
E00067926,234,45,189
E00067927,258,62,196
E00067928,279,66,213
E00067929,348,58,290
E00067930,279,44,235
E00067931,248,33,215
E00067932,304,47,257
E00067933,342,57,285
E00067934,304,44,260
E00067935,428,67,361
E00067936,454,128,326
E00067937,506,85,421
E00067938,408,114,294
E00067939,452,144,308
E00067940,342,111,231
E00067942,272,36,236
E00067943,226,68,158
E00067945,287,58,229
E00067946,272,22,250
E00067947,213,49,164
E00067948,450,207,243
E00067949,331,96,235
E00067950,274,68,206
E00067952,270,61,209
E00067953,302,69,233
E00067954,334,104,230
E00067955,340,59,281
E00067956,244,47,197
E00067957,302,60,242
E00067958,288,45,243
E00067959,262,40,222
E00067960,254,43,211
E00067961,269,45,224
E00067962,275,24,251
E00067963,591,153,438
E00067964,241,26,215
E00067965,300,83,217
E00067966,317,66,251
E00067967,387,55,332
E00067968,292,47,245
E00067969,274,39,235
E00067970,277,55,222
E00067971,279,38,241
E00067972,322,52,270
E00067973,315,60,255
E00067974,236,32,204
E00067975,253,43,210
E00067976,333,60,273
E00067977,293,60,233
E00067978,225,38,187
E00067979,256,51,205
E00067980,203,26,177
E00067981,299,59,240
E00067982,246,34,212
E00067983,272,40,232
E00067985,216,18,198
E00067987,226,25,201
E00067988,165,11,154
E00067989,313,67,246
E00067990,335,77,258
E00067991,267,60,207
E00067992,253,49,204
E00067993,304,73,231
E00067994,283,45,238
E00067995,265,46,219
E00067996,269,46,223
E00067997,291,60,231
E00067998,259,48,211
E00067999,223,31,192
E00068000,202,22,180
E00068001,302,65,237
E00068002,264,50,214
E00068003,271,43,228
E00068004,475,112,363
E00068005,498,98,400
E00068006,294,63,231
E00068007,296,69,227
E00068008,268,32,236
E00068009,283,38,245
E00068010,293,20,273
E00068011,249,47,202
E00068012,294,48,246
E00068014,247,33,214
E00068015,212,39,173
E00068016,261,31,230
E00068017,283,53,230
E00068018,249,30,219
E00068019,275,68,207
E00068020,262,53,209
E00068021,263,58,205
E00068022,229,36,193
E00068023,294,63,231
E00068024,283,64,219
E00068025,301,34,267
E00068026,280,80,200
E00068027,300,81,219
E00068028,287,71,216
E00068029,275,40,235
E00068030,317,99,218
E00068031,323,109,214
E00068032,347,112,235
E00068033,191,35,156
E00068034,373,91,282
E00068035,231,18,213
E00068036,188,14,174
E00068037,296,27,269
E00068038,237,29,208
E00068040,228,56,172
E00068041,179,1,178
E00068042,170,36,134
E00068043,309,57,252
E00068044,386,64,322
E00068045,280,53,227
E00068046,256,42,214
E00068047,442,61,381
E00068048,478,105,373
E00068049,310,69,241
E00068050,281,46,235
E00068051,409,95,314
E00068052,289,33,256
E00068053,382,95,287
E00068054,372,85,287
E00068055,332,44,288
E00068056,385,82,303
E00068057,402,102,300
E00068058,494,150,344
E00068059,510,158,352
E00068060,487,149,338
E00068061,548,150,398
E00068062,484,107,377
E00068063,408,130,278
E00068064,549,172,377
E00068065,297,73,224
E00068066,461,257,204
E00068068,272,20,252
E00068070,301,95,206
E00068071,274,34,240
E00068072,358,69,289
E00068073,255,46,209
E00068075,342,47,295
E00068076,403,66,337
E00068077,489,157,332
E00068078,396,119,277
E00068079,338,73,265
E00068080,528,138,390
E00068081,273,36,237
E00068082,372,81,291
E00068083,289,52,237
E00068084,458,119,339
E00068085,250,54,196
E00068086,417,121,296
E00068087,365,111,254
E00068088,336,84,252
E00068089,471,129,342
E00068090,383,131,252
E00068091,235,37,198
E00068092,434,129,305
E00068093,455,143,312
E00068094,247,54,193
E00068097,408,132,276
E00068098,397,117,280
E00068099,350,86,264
E00068100,365,97,268
E00068101,288,61,227
E00068102,235,29,206
E00068103,327,92,235
E00068104,400,78,322
E00068105,355,66,289
E00068106,306,46,260
E00068107,405,88,317
E00068108,356,75,281
E00068109,298,57,241
E00068110,259,77,182
E00068111,334,88,246
E00068112,267,45,222
E00068113,322,78,244
E00068114,298,64,234
E00068115,277,45,232
E00068116,285,68,217
E00068117,363,101,262
E00068118,316,65,251
E00068119,270,47,223
E00068120,344,73,271
E00068121,238,30,208
E00068122,234,39,195
E00068123,306,59,247
E00068124,350,71,279
E00068125,295,40,255
E00068126,267,49,218
E00068127,181,22,159
E00068128,384,78,306
E00068129,291,40,251
E00068130,240,35,205
E00068131,240,36,204
E00068132,377,96,281
E00068133,194,18,176
E00068134,323,62,261
E00068135,238,47,191
E00068136,355,62,293
E00068137,327,82,245
E00068138,304,56,248
E00068139,301,60,241
E00068140,354,81,273
E00068141,344,69,275
E00068142,289,55,234
E00068143,264,62,202
E00068144,237,25,212
E00068145,312,73,239
E00068146,332,93,239
E00068147,262,59,203
E00068148,318,76,242
E00068149,275,76,199
E00068150,297,60,237
E00068151,309,91,218
E00068152,301,45,256
E00068153,301,51,250
E00068154,265,45,220
E00068155,294,39,255
E00068156,274,59,215
E00068157,368,142,226
E00068158,506,195,311
E00068159,266,58,208
E00068160,294,51,243
E00068161,275,65,210
E00068162,268,45,223
E00068163,270,45,225
E00068164,290,51,239
E00068165,244,29,215
E00068166,436,139,297
E00068167,284,60,224
E00068168,278,59,219
E00068169,304,53,251
E00068170,297,100,197
E00068171,278,61,217
E00068172,299,57,242
E00068173,267,45,222
E00068174,318,63,255
E00068175,292,70,222
E00068176,297,77,220
E00068177,331,77,254
E00068178,311,66,245
E00068179,329,62,267
E00068180,211,18,193
E00068181,293,46,247
E00068182,307,57,250
E00068183,302,57,245
E00068184,273,41,232
E00068185,254,24,230
E00068186,244,43,201
E00068187,232,40,192
E00068188,284,34,250
E00068189,255,21,234
E00068190,325,79,246
E00068191,291,51,240
E00068192,275,31,244
E00068193,313,64,249
E00068194,324,68,256
E00068195,278,38,240
E00068196,338,70,268
E00068197,329,77,252
E00068198,302,55,247
E00068199,245,32,213
E00068200,266,48,218
E00068201,255,37,218
E00068202,272,69,203
E00068203,306,82,224
E00068204,260,25,235
E00068205,264,26,238
E00068206,354,101,253
E00068207,252,39,213
E00068208,275,85,190
E00068209,338,73,265
E00068210,287,50,237
E00068211,299,50,249
E00068212,342,63,279
E00068213,272,39,233
E00068214,287,74,213
E00068215,352,67,285
E00068216,299,48,251
E00068217,333,66,267
E00068218,336,61,275
E00068219,330,52,278
E00068220,275,56,219
E00068221,235,49,186
E00068222,328,46,282
E00068223,288,42,246
E00068224,265,66,199
E00068225,243,41,202
E00068226,265,41,224
E00068227,342,89,253
E00068228,302,74,228
E00068229,307,63,244
E00068230,299,46,253
E00068231,366,40,326
E00068232,226,10,216
E00068233,469,92,377
E00068234,440,81,359
E00068235,359,65,294
E00068236,295,72,223
E00068237,368,90,278
E00068238,263,45,218
E00068239,441,91,350
E00068241,321,56,265
E00068242,411,96,315
E00068243,237,40,197
E00068244,523,162,361
E00068245,249,50,199
E00068246,334,89,245
E00068247,335,51,284
E00068248,310,58,252
E00068249,366,66,300
E00068250,370,49,321
E00068252,210,17,193
E00068253,230,28,202
E00068254,271,51,220
E00068255,352,47,305
E00068256,142,5,137
E00068257,195,42,153
E00068258,113,12,101
E00068259,331,80,251
E00068260,216,26,190
E00068261,335,56,279
E00068262,194,23,171
E00068263,271,85,186
E00068265,284,55,229
E00068266,265,44,221
E00068267,289,87,202
E00068268,247,30,217
E00068269,206,37,169
E00068270,247,51,196
E00068271,218,30,188
E00068272,296,55,241
E00068273,283,52,231
E00068274,278,71,207
E00068275,280,52,228
E00068276,269,60,209
E00068277,262,31,231
E00068278,276,35,241
E00068279,419,214,205
E00068280,294,53,241
E00068281,350,113,237
E00068282,319,81,238
E00068283,356,61,295
E00068284,257,64,193
E00068285,391,51,340
E00068286,197,35,162
E00068287,310,60,250
E00068288,279,77,202
E00068289,256,23,233
E00068290,337,75,262
E00068291,325,109,216
E00068292,280,112,168
E00068293,364,197,167
E00068294,250,54,196
E00068295,157,31,126
E00068296,325,38,287
E00068297,188,23,165
E00068298,313,126,187
E00068299,160,22,138
E00068301,266,59,207
E00068302,336,141,195
E00068303,423,244,179
E00068304,342,101,241
E00068306,231,34,197
E00068307,315,70,245
E00068308,216,50,166
E00068309,292,63,229
E00068310,365,68,297
E00068312,210,29,181
E00068314,225,14,211
E00068315,303,65,238
E00068316,267,47,220
E00068317,329,101,228
E00068318,352,115,237
E00068319,238,17,221
E00068320,265,43,222
E00068321,284,59,225
E00068322,369,124,245
E00068323,277,66,211
E00068324,274,59,215
E00068325,263,45,218
E00068326,353,78,275
E00068327,285,56,229
E00068328,283,66,217
E00068329,288,51,237
E00068330,324,83,241
E00068331,266,72,194
E00068332,317,83,234
E00068333,435,148,287
E00068334,287,47,240
E00068335,276,34,242
E00068336,256,54,202
E00068337,305,85,220
E00068338,299,69,230
E00068339,251,45,206
E00068340,208,34,174
E00068341,413,138,275
E00068342,279,60,219
E00068343,263,52,211
E00068344,380,148,232
E00068345,244,24,220
E00068346,282,27,255
E00068347,213,23,190
E00068348,375,60,315
E00068349,271,56,215
E00068350,293,117,176
E00068351,561,135,426
E00068352,281,71,210
E00068353,276,65,211
E00068354,262,73,189
E00068355,268,58,210
E00068356,248,53,195
E00068357,307,88,219
E00068358,309,68,241
E00068359,311,72,239
E00068360,304,68,236
E00068361,223,49,174
E00068362,309,56,253
E00068364,384,106,278
E00068365,266,90,176
E00068366,433,87,346
E00068367,428,90,338
E00068368,404,111,293
E00068369,571,117,454
E00068370,292,49,243
E00068371,405,100,305
E00068372,270,45,225
E00068373,285,46,239
E00068374,337,73,264
E00068375,214,58,156
E00068376,376,88,288
E00068377,357,108,249
E00068380,248,33,215
E00068381,322,64,258
E00068382,331,92,239
E00068383,216,27,189
E00068384,373,101,272
E00068385,323,94,229
E00068386,316,69,247
E00068387,355,84,271
E00068388,334,95,239
E00068389,358,91,267
E00068390,362,86,276
E00068391,412,109,303
E00068392,481,96,385
E00068393,503,113,390
E00068394,395,103,292
E00068395,249,56,193
E00068396,280,43,237
E00068397,257,40,217
E00068398,311,77,234
E00068399,419,96,323
E00068400,276,59,217
E00068401,284,105,179
E00068402,331,94,237
E00068403,426,121,305
E00068404,280,57,223
E00068405,324,73,251
E00068406,239,57,182
E00068407,307,43,264
E00068408,298,79,219
E00068409,285,49,236
E00068412,304,102,202
E00068413,243,46,197
E00068414,332,125,207
E00068415,290,74,216
E00068416,217,36,181
E00068417,304,107,197
E00068418,266,50,216
E00068419,349,92,257
E00068420,245,80,165
E00068421,225,35,190
E00068422,232,65,167
E00068423,280,64,216
E00068424,542,122,420
E00068425,289,48,241
E00068426,253,54,199
E00068427,272,65,207
E00068428,337,79,258
E00068429,294,47,247
E00068430,308,83,225
E00068431,315,77,238
E00068432,251,50,201
E00068433,256,58,198
E00068434,261,63,198
E00068435,406,168,238
E00068436,388,111,277
E00068437,247,38,209
E00068438,293,74,219
E00068439,285,70,215
E00068440,276,50,226
E00068441,354,135,219
E00068442,303,135,168
E00068443,251,46,205
E00068444,265,41,224
E00068445,306,53,253
E00068446,255,27,228
E00068447,255,45,210
E00068448,437,65,372
E00068449,236,28,208
E00068450,272,18,254
E00068451,261,45,216
E00068452,271,52,219
E00068453,308,40,268
E00068454,253,42,211
E00068455,411,56,355
E00068457,230,29,201
E00068458,254,25,229
E00068459,242,25,217
E00068460,258,24,234
E00068461,301,44,257
E00068462,296,43,253
E00068463,256,26,230
E00068465,272,43,229
E00068466,273,62,211
E00068467,184,17,167
E00068468,237,37,200
E00068469,252,45,207
E00068470,247,47,200
E00068471,256,42,214
E00068472,197,23,174
E00068474,294,52,242
E00068475,312,46,266
E00068476,301,67,234
E00068477,341,66,275
E00068478,245,28,217
E00068479,342,44,298
E00068480,243,34,209
E00068481,296,32,264
E00068482,290,50,240
E00068483,267,39,228
E00068484,233,37,196
E00068485,257,38,219
E00068486,183,17,166
E00068487,479,116,363
E00068488,503,169,334
E00068489,422,135,287
E00068490,457,123,334
E00068491,449,145,304
E00068492,394,86,308
E00068493,459,128,331
E00068494,495,169,326
E00068495,401,111,290
E00068496,397,108,289
E00068497,461,155,306
E00068498,417,119,298
E00068500,396,123,273
E00068501,375,81,294
E00068502,452,112,340
E00068503,372,130,242
E00068504,399,87,312
E00068505,412,112,300
E00068506,303,82,221
E00068507,417,92,325
E00068508,116,0,116
E00068509,368,89,279
E00068510,379,124,255
E00068511,332,87,245
E00068512,491,137,354
E00068513,313,67,246
E00068514,372,110,262
E00068515,394,101,293
E00068516,492,178,314
E00068517,547,157,390
E00068518,344,104,240
E00068519,335,113,222
E00068520,520,145,375
E00068521,532,174,358
E00068522,423,131,292
E00068523,370,113,257
E00068524,550,181,369
E00068525,558,162,396
E00068526,548,149,399
E00068527,549,172,377
E00068528,571,185,386
E00068529,283,53,230
E00068530,313,57,256
E00068532,260,27,233
E00068533,251,38,213
E00068534,278,57,221
E00068535,281,41,240
E00068537,306,70,236
E00068538,344,55,289
E00068539,386,70,316
E00068540,510,66,444
E00068541,313,42,271
E00068543,215,31,184
E00068544,366,49,317
E00068545,154,49,105
E00068546,178,28,150
E00068547,276,36,240
E00068548,211,26,185
E00068549,285,30,255
E00068550,223,39,184
E00068551,276,42,234
E00068552,375,87,288
E00068553,293,45,248
E00068554,215,35,180
E00068555,175,27,148
E00068556,159,17,142
E00068557,369,59,310
E00068558,273,63,210
E00068559,330,84,246
E00068560,170,37,133
E00068561,263,35,228
E00068562,149,9,140
E00068563,182,33,149
E00068564,155,33,122
E00068565,146,25,121
E00068566,197,46,151
E00068567,219,33,186
E00068568,277,75,202
E00068569,245,40,205
E00068570,293,47,246
E00068571,265,23,242
E00068572,214,59,155
E00068573,410,126,284
E00068574,334,74,260
E00068575,332,76,256
E00068576,328,89,239
E00068577,291,46,245
E00068578,301,63,238
E00068579,374,96,278
E00068580,384,63,321
E00068581,299,52,247
E00068583,375,91,284
E00068584,406,118,288
E00068585,356,115,241
E00068586,412,100,312
E00068587,508,159,349
E00068588,392,101,291
E00068589,235,51,184
E00068590,262,63,199
E00068591,416,143,273
E00068592,421,164,257
E00068593,507,132,375
E00068594,446,149,297
E00068595,367,94,273
E00068596,401,95,306
E00068597,232,52,180
E00068598,342,100,242
E00068599,329,108,221
E00068600,374,89,285
E00068601,325,98,227
E00068602,288,55,233
E00068603,285,62,223
E00068604,207,21,186
E00068605,329,45,284
E00068606,286,41,245
E00068607,541,153,388
E00068608,397,133,264
E00068609,451,115,336
E00068610,399,94,305
E00068611,426,133,293
E00068612,379,101,278
E00068613,372,119,253
E00068614,412,121,291
E00068615,376,120,256
E00068616,269,48,221
E00068617,269,27,242
E00068618,231,21,210
E00068619,273,52,221
E00068620,387,83,304
E00068621,331,45,286
E00068622,236,27,209
E00068623,273,44,229
E00068624,239,36,203
E00068625,287,44,243
E00068626,269,49,220
E00068627,243,36,207
E00068628,221,42,179
E00068629,284,38,246
E00068630,299,57,242
E00068631,297,46,251
E00068632,216,29,187
E00068633,277,49,228
E00068634,238,36,202
E00068635,260,28,232
E00068636,273,41,232
E00068637,247,28,219
E00068638,256,44,212
E00068639,272,54,218
E00068640,298,66,232
E00068641,266,46,220
E00068642,286,46,240
E00068644,267,45,222
E00068645,238,45,193
E00068646,263,34,229
E00068647,219,42,177
E00068648,290,67,223
E00068649,280,50,230
E00068651,270,78,192
E00068652,290,70,220
E00068653,316,52,264
E00068654,197,17,180
E00068655,302,60,242
E00068656,341,54,287
E00068657,437,111,326
E00068658,349,78,271
E00068659,341,84,257
E00068660,274,60,214
E00068661,547,120,427
E00068662,350,75,275
E00068663,347,85,262
E00068664,293,57,236
E00068665,360,108,252
E00068666,345,91,254
E00068667,304,75,229
E00068668,322,100,222
E00068669,258,70,188
E00068670,339,65,274
E00068671,258,50,208
E00068672,386,148,238
E00068673,255,51,204
E00068674,273,53,220
E00068675,414,123,291
E00068676,354,112,242
E00068677,222,65,157
E00068678,316,76,240
E00068679,252,66,186
E00068680,323,91,232
E00068681,292,80,212
E00068682,454,141,313
E00068683,328,82,246
E00068684,291,69,222
E00068685,197,38,159
E00068686,348,81,267
E00068688,332,85,247
E00068689,306,71,235
E00068690,384,82,302
E00068691,271,59,212
E00068692,352,65,287
E00068693,335,63,272
E00068694,264,48,216
E00068695,394,135,259
E00068696,345,115,230
E00068697,296,90,206
E00068698,318,97,221
E00068699,316,91,225
E00068700,327,114,213
E00068701,292,65,227
E00068702,231,42,189
E00068703,237,32,205
E00068704,220,31,189
E00068705,322,57,265
E00068706,300,66,234
E00068707,355,90,265
E00068708,348,71,277
E00068709,316,85,231
E00068710,479,68,411
E00068711,315,59,256
E00068712,396,89,307
E00068713,277,48,229
E00068714,312,69,243
E00068715,251,46,205
E00068716,368,94,274
E00068717,189,18,171
E00068718,276,46,230
E00068719,271,44,227
E00068720,377,90,287
E00068721,245,33,212
E00068722,281,49,232
E00068723,239,31,208
E00068724,262,48,214
E00068725,339,70,269
E00068726,323,60,263
E00068727,301,76,225
E00068728,248,65,183
E00068729,294,72,222
E00068730,290,104,186
E00068731,393,62,331
E00068732,388,88,300
E00068733,206,47,159
E00068734,298,73,225
E00068735,244,51,193
E00068736,227,44,183
E00068737,232,48,184
E00068738,296,46,250
E00068739,344,87,257
E00068740,355,75,280
E00068741,272,68,204
E00068743,495,113,382
E00068744,392,68,324
E00068745,299,50,249
E00068747,478,126,352
E00068748,224,43,181
E00068749,277,63,214
E00068750,232,38,194
E00068751,329,44,285
E00068752,246,52,194
E00068753,240,40,200
E00068754,265,53,212
E00068755,304,86,218
E00068756,273,96,177
E00068757,242,37,205
E00068758,276,44,232
E00068759,228,40,188
E00068760,428,115,313
E00068761,224,32,192
E00068762,346,99,247
E00068763,292,68,224
E00068764,393,136,257
E00068765,252,76,176
E00068766,353,106,247
E00068767,351,131,220
E00068768,378,140,238
E00068769,295,46,249
E00068770,366,118,248
E00068771,362,106,256
E00068772,311,103,208
E00068773,452,148,304
E00068775,265,48,217
E00068776,251,70,181
E00068777,372,124,248
E00068778,310,95,215
E00068779,326,114,212
E00068780,327,62,265
E00068781,313,101,212
E00068782,272,90,182
E00068784,480,93,387
E00068785,419,69,350
E00068786,449,74,375
E00068787,395,58,337
E00068788,469,105,364
E00068789,412,98,314
E00068790,495,82,413
E00068792,276,58,218
E00068793,589,181,408
E00068794,385,105,280
E00068795,465,119,346
E00068796,347,75,272
E00068797,478,132,346
E00068798,347,72,275
E00068799,479,117,362
E00068800,329,76,253
E00068801,330,78,252
E00068802,454,94,360
E00068803,521,129,392
E00068804,274,51,223
E00068805,485,106,379
E00068806,289,45,244
E00068807,381,86,295
E00068808,503,116,387
E00068809,450,84,366
E00068810,390,111,279
E00068811,405,71,334
E00068812,295,52,243
E00068813,374,52,322
E00068814,372,72,300
E00068815,398,124,274
E00068816,487,134,353
E00068817,298,65,233
E00068818,340,90,250
E00068819,379,113,266
E00068820,401,69,332
E00068821,296,64,232
E00068822,366,104,262
E00068823,252,58,194
E00068824,403,118,285
E00068825,345,97,248
E00068826,265,79,186
E00068827,272,57,215
E00068828,443,143,300
E00068829,354,75,279
E00068830,220,30,190
E00068831,386,109,277
E00068832,282,49,233
E00068833,358,83,275
E00068834,380,120,260
E00068835,224,50,174
E00068836,342,87,255
E00068837,335,86,249
E00068838,301,59,242
E00068839,263,47,216
E00068840,283,75,208
E00068841,281,47,234
E00068842,191,34,157
E00068843,303,42,261
E00068844,269,58,211
E00068845,327,59,268
E00068846,323,94,229
E00068847,404,152,252
E00068848,172,7,165
E00068849,325,111,214
E00068850,330,119,211
E00068851,187,34,153
E00068852,307,77,230
E00068853,335,145,190
E00068854,286,65,221
E00068855,278,60,218
E00068856,444,130,314
E00068857,382,145,237
E00068858,378,91,287
E00068859,361,132,229
E00068860,425,144,281
E00068861,404,150,254
E00068862,393,142,251
E00068863,326,94,232
E00068864,460,165,295
E00068865,315,76,239
E00068866,353,112,241
E00068867,414,365,49
E00068869,339,143,196
E00068870,428,307,121
E00068873,282,73,209
E00068874,283,98,185
E00068875,296,176,120
E00068876,249,115,134
E00068877,256,103,153
E00068878,296,171,125
E00068879,356,159,197
E00068880,245,91,154
E00068881,305,157,148
E00068882,278,99,179
E00068883,289,102,187
E00068884,318,102,216
E00068885,334,208,126
E00068886,397,133,264
E00068888,290,73,217
E00068889,244,91,153
E00068890,252,126,126
E00068891,199,50,149
E00068892,283,70,213
E00068893,297,97,200
E00068894,257,58,199
E00068895,312,156,156
E00068896,279,147,132
E00068897,342,212,130
E00068898,353,185,168
E00068899,266,92,174
E00068903,375,132,243
E00068904,472,249,223
E00068909,265,109,156
E00068910,218,10,208
E00068911,296,28,268
E00068914,493,191,302
E00068915,332,82,250
E00068917,559,160,399
E00068918,503,111,392
E00068919,549,142,407
E00068920,446,101,345
E00068921,529,165,364
E00068922,416,145,271
E00068923,487,125,362
E00068924,332,83,249
E00068925,229,22,207
E00068926,516,137,379
E00068927,435,114,321
E00068928,444,104,340
E00068929,506,184,322
E00068930,559,168,391
E00068931,409,132,277
E00068932,395,91,304
E00068933,413,128,285
E00068934,294,62,232
E00068935,530,153,377
E00068936,564,179,385
E00068939,431,137,294
E00068940,360,76,284
E00068941,508,121,387
E00068942,519,131,388
E00068943,548,147,401
E00068944,548,181,367
E00068945,484,108,376
E00068946,252,42,210
E00068947,527,159,368
E00068948,548,134,414
E00068952,468,156,312
E00068953,421,109,312
E00068954,490,161,329
E00068956,363,88,275
E00068957,294,73,221
E00068958,563,130,433
E00068959,306,91,215
E00068960,242,65,177
E00068962,202,49,153
E00068964,339,70,269
E00068965,358,84,274
E00068966,546,135,411
E00068967,297,81,216
E00068968,342,92,250
E00068969,295,80,215
E00068970,365,76,289
E00068971,285,86,199
E00068972,365,96,269
E00068973,355,98,257
E00068974,306,62,244
E00068975,300,62,238
E00068976,171,13,158
E00068977,319,71,248
E00068978,313,84,229
E00068979,337,92,245
E00068980,269,73,196
E00068981,376,120,256
E00068982,225,58,167
E00068983,334,81,253
E00068984,327,82,245
E00068985,393,88,305
E00068986,447,111,336
E00068987,345,67,278
E00068988,290,87,203
E00068989,361,61,300
E00068990,361,85,276
E00068991,343,76,267
E00068993,319,65,254
E00068994,383,98,285
E00068995,307,45,262
E00068996,303,58,245
E00068997,381,82,299
E00068998,353,92,261
E00068999,231,42,189
E00069001,354,90,264
E00069002,360,100,260
E00069003,366,77,289
E00069004,437,108,329
E00069005,411,96,315
E00069006,363,86,277
E00069007,330,69,261
E00069008,350,71,279
E00069009,326,61,265
E00069010,371,40,331
E00069011,563,146,417
E00069012,312,83,229
E00069013,539,152,387
E00069014,340,71,269
E00069015,315,68,247
E00069016,292,80,212
E00069017,307,76,231
E00069018,345,64,281
E00069019,301,59,242
E00069020,357,104,253
E00069021,346,111,235
E00069022,361,56,305
E00069023,277,65,212
E00069024,213,60,153
E00069026,320,104,216
E00069027,458,123,335
E00069028,194,40,154
E00069029,285,63,222
E00069030,469,167,302
E00069031,344,118,226
E00069032,377,102,275
E00069033,222,36,186
E00069034,302,106,196
E00069035,222,55,167
E00069036,270,74,196
E00069037,212,52,160
E00069038,274,73,201
E00069039,229,49,180
E00069040,340,98,242
E00069041,334,103,231
E00069042,307,72,235
E00069043,345,76,269
E00069044,280,83,197
E00069045,234,60,174
E00069046,295,70,225
E00069047,303,75,228
E00069048,294,77,217
E00069049,145,20,125
E00069050,275,79,196
E00069051,218,44,174
E00069052,273,49,224
E00069053,357,82,275
E00069055,463,115,348
E00069056,310,96,214
E00069057,372,85,287
E00069058,265,64,201
E00069059,405,106,299
E00069060,363,84,279
E00069061,292,87,205
E00069063,256,29,227
E00069064,355,77,278
E00069065,331,59,272
E00069066,252,46,206
E00069067,219,50,169
E00069068,276,54,222
E00069069,409,73,336
E00069071,240,52,188
E00069072,524,116,408
E00069073,460,96,364
E00069074,332,61,271
E00069075,266,30,236
E00069076,367,92,275
E00069077,281,60,221
E00069078,282,94,188
E00069079,220,52,168
E00069080,217,47,170
E00069081,211,52,159
E00069082,256,46,210
E00069083,294,71,223
E00069084,250,52,198
E00069085,537,310,227
E00069086,339,88,251
E00069087,294,87,207
E00069088,312,87,225
E00069090,309,66,243
E00069092,303,78,225
E00069093,323,109,214
E00069094,333,60,273
E00069095,295,87,208
E00069096,275,66,209
E00069097,325,74,251
E00069098,327,84,243
E00069099,312,84,228
E00069100,360,102,258
E00069102,370,155,215
E00069103,338,111,227
E00069104,471,142,329
E00069105,366,122,244
E00069106,266,66,200
E00069107,376,109,267
E00069108,375,144,231
E00069109,374,106,268
E00069110,349,110,239
E00069111,329,102,227
E00069114,325,91,234
E00069115,299,61,238
E00069116,363,152,211
E00069117,320,63,257
E00069118,533,183,350
E00069119,300,59,241
E00069120,261,48,213
E00069121,298,117,181
E00069122,292,86,206
E00069123,332,81,251
E00069124,292,71,221
E00069125,342,89,253
E00069126,404,84,320
E00069127,311,51,260
E00069128,443,105,338
E00069131,335,61,274
E00069133,430,110,320
E00069134,338,104,234
E00069135,359,68,291
E00069136,333,57,276
E00069137,314,61,253
E00069138,284,76,208
E00069140,297,80,217
E00069141,329,86,243
E00069142,510,129,381
E00069144,360,100,260
E00069145,342,108,234
E00069146,262,64,198
E00069147,315,96,219
E00069148,263,80,183
E00069149,158,29,129
E00069150,338,66,272
E00069151,323,115,208
E00069152,354,81,273
E00069153,344,77,267
E00069154,170,16,154
E00069155,387,66,321
E00069156,458,122,336
E00069157,312,96,216
E00069158,338,78,260
E00069159,278,71,207
E00069162,345,55,290
E00069163,264,57,207
E00069164,316,52,264
E00069165,513,97,416
E00069166,319,62,257
E00069167,345,42,303
E00069168,340,77,263
E00069169,361,87,274
E00069170,322,72,250
E00069171,352,82,270
E00069172,284,73,211
E00069173,389,101,288
E00069174,318,77,241
E00069175,424,89,335
E00069177,402,92,310
E00069178,228,34,194
E00069179,359,39,320
E00069180,331,61,270
E00069181,316,86,230
E00069182,268,91,177
E00069183,303,84,219
E00069184,153,13,140
E00069185,344,99,245
E00069186,320,66,254
E00069187,240,49,191
E00069188,276,64,212
E00069189,293,47,246
E00069190,335,73,262
E00069191,220,39,181
E00069192,341,69,272
E00069193,285,64,221
E00069194,243,63,180
E00069195,295,59,236
E00069196,353,93,260
E00069197,327,68,259
E00069198,339,82,257
E00069199,266,59,207
E00069200,350,85,265
E00069201,329,89,240
E00069202,347,96,251
E00069204,277,56,221
E00069205,367,92,275
E00069206,200,39,161
E00069207,244,64,180
E00069208,333,92,241
E00069209,287,45,242
E00069210,265,57,208
E00069211,343,38,305
E00069212,259,33,226
E00069213,185,27,158
E00069215,412,85,327
E00069218,205,38,167
E00069220,462,128,334
E00069221,519,110,409
E00069222,434,95,339
E00069223,475,65,410
E00069224,263,64,199
E00069225,331,79,252
E00069226,422,84,338
E00069227,474,112,362
E00069228,259,31,228
E00069230,413,79,334
E00069231,289,41,248
E00069233,242,57,185
E00069234,228,45,183
E00069235,280,43,237
E00069236,349,40,309
E00069237,218,54,164
E00069238,373,67,306
E00069239,456,88,368
E00069240,253,52,201
E00069241,276,56,220
E00069242,350,58,292
E00069243,198,38,160
E00069244,212,48,164
E00069246,531,165,366
E00069247,308,69,239
E00069248,327,111,216
E00069249,378,123,255
E00069250,234,38,196
E00069251,388,95,293
E00069253,323,106,217
E00069254,347,99,248
E00069255,385,139,246
E00069256,349,106,243
E00069257,352,94,258
E00069258,310,84,226
E00069259,228,65,163
E00069260,242,54,188
E00069261,329,107,222
E00069263,283,61,222
E00069264,325,46,279
E00069265,317,90,227
E00069266,336,109,227
E00069267,202,48,154
E00069268,409,119,290
E00069269,182,60,122
E00069270,317,84,233
E00069271,351,68,283
E00069272,299,49,250
E00069273,244,68,176
E00069274,268,82,186
E00069275,228,67,161
E00069276,334,45,289
E00069277,343,78,265
E00069278,321,102,219
E00069279,341,55,286
E00069280,320,120,200
E00069281,374,122,252
E00069282,238,43,195
E00069283,344,107,237
E00069284,283,77,206
E00069285,364,124,240
E00069286,248,75,173
E00069287,348,80,268
E00069288,351,121,230
E00069289,387,141,246
E00069290,298,114,184
E00069291,186,62,124
E00069294,338,129,209
E00069295,296,96,200
E00069296,309,109,200
E00069297,385,129,256
E00069298,308,111,197
E00069299,371,145,226
E00069300,411,65,346
E00069303,580,99,481
E00069304,557,83,474
E00069305,491,84,407
E00069306,375,81,294
E00069307,309,58,251
E00069308,586,165,421
E00069309,407,108,299
E00069310,340,89,251
E00069311,498,135,363
E00069312,375,98,277
E00069313,484,83,401
E00069314,234,18,216
E00069315,264,27,237
E00069316,188,31,157
E00069317,313,49,264
E00069318,308,60,248
E00069319,256,48,208
E00069320,269,36,233
E00069321,566,137,429
E00069322,253,51,202
E00069323,247,51,196
E00069324,252,33,219
E00069325,369,94,275
E00069326,369,68,301
E00069327,246,39,207
E00069328,362,71,291
E00069329,386,71,315
E00069330,315,52,263
E00069331,391,118,273
E00069332,128,28,100
E00069333,375,67,308
E00069334,353,75,278
E00069335,333,68,265
E00069336,276,67,209
E00069337,305,48,257
E00069338,308,79,229
E00069339,340,64,276
E00069340,388,83,305
E00069341,332,70,262
E00069342,297,84,213
E00069343,458,125,333
E00069344,330,67,263
E00069345,499,134,365
E00069346,463,126,337
E00069347,450,141,309
E00069348,441,130,311
E00069349,546,207,339
E00069350,352,116,236
E00069351,369,102,267
E00069352,413,104,309
E00069353,531,159,372
E00069355,485,105,380
E00069356,434,110,324
E00069357,473,116,357
E00069358,463,123,340
E00069359,354,79,275
E00069361,361,117,244
E00069362,368,110,258
E00069363,503,190,313
E00069365,479,140,339
E00069367,296,75,221
E00069368,371,87,284
E00069369,276,50,226
E00069370,536,130,406
E00069371,308,82,226
E00069372,282,59,223
E00069373,355,101,254
E00069374,405,151,254
E00069375,470,144,326
E00069376,378,90,288
E00069377,368,83,285
E00069378,518,151,367
E00069379,346,109,237
E00069380,303,94,209
E00069381,468,160,308
E00069383,500,150,350
E00069384,292,93,199
E00069385,412,113,299
E00069386,244,52,192
E00069387,304,87,217
E00069388,382,106,276
E00069389,384,96,288
E00069390,405,132,273
E00069391,322,102,220
E00069394,430,146,284
E00069395,538,201,337
E00069397,547,196,351
E00069398,437,168,269
E00069399,442,102,340
E00069401,398,146,252
E00069402,373,125,248
E00069403,352,140,212
E00069404,485,167,318
E00069405,344,120,224
E00069407,433,155,278
E00069408,461,138,323
E00069409,392,129,263
E00069410,311,137,174
E00069411,414,177,237
E00069412,517,183,334
E00069413,416,146,270
E00069414,433,143,290
E00069415,371,142,229
E00069416,457,134,323
E00069417,451,107,344
E00069418,418,96,322
E00069419,399,129,270
E00069420,372,96,276
E00069421,468,149,319
E00069422,437,145,292
E00069423,358,100,258
E00069424,403,94,309
E00069425,440,105,335
E00069426,434,157,277
E00069427,352,97,255
E00069428,346,96,250
E00069429,488,145,343
E00069430,322,107,215
E00069431,396,137,259
E00069432,433,182,251
E00069433,475,144,331
E00069434,317,84,233
E00069435,416,131,285
E00069436,380,119,261
E00069437,460,132,328
E00069438,352,84,268
E00069439,516,134,382
E00069440,391,106,285
E00069441,413,98,315
E00069442,521,181,340
E00069443,485,172,313
E00069444,421,158,263
E00069445,281,61,220
E00069446,348,109,239
E00069447,489,235,254
E00069448,415,92,323
E00069449,276,60,216
E00069450,290,58,232
E00069451,310,76,234
E00069452,261,41,220
E00069453,352,97,255
E00069456,288,46,242
E00069457,296,92,204
E00069458,384,111,273
E00069459,253,47,206
E00069460,342,74,268
E00069461,313,82,231
E00069462,272,78,194
E00069463,397,92,305
E00069464,289,82,207
E00069465,351,72,279
E00069466,316,95,221
E00069467,365,59,306
E00069468,283,68,215
E00069469,359,98,261
E00069470,399,72,327
E00069471,291,67,224
E00069472,175,11,164
E00069473,347,66,281
E00069474,423,120,303
E00069475,169,16,153
E00069476,419,114,305
E00069477,359,76,283
E00069478,261,72,189
E00069479,284,88,196
E00069480,338,98,240
E00069481,380,108,272
E00069482,475,192,283
E00069483,540,304,236
E00069484,391,119,272
E00069485,336,68,268
E00069486,280,51,229
E00069487,336,117,219
E00069489,285,78,207
E00069490,356,125,231
E00069492,293,101,192
E00069493,261,46,215
E00069494,353,139,214
E00069495,265,56,209
E00069496,323,130,193
E00069497,269,54,215
E00069498,368,76,292
E00069499,316,88,228
E00069500,344,90,254
E00069501,201,39,162
E00069502,280,65,215
E00069503,235,36,199
E00069505,293,61,232
E00069506,330,99,231
E00069507,382,124,258
E00069508,310,94,216
E00069509,212,37,175
E00069510,393,93,300
E00069511,399,149,250
E00069512,390,170,220
E00069513,278,57,221
E00069514,322,103,219
E00069515,273,58,215
E00069516,433,76,357
E00069517,318,81,237
E00069518,282,61,221
E00069519,348,54,294
E00069520,404,99,305
E00069521,348,119,229
E00069522,291,17,274
E00069523,325,49,276
E00069524,363,136,227
E00069525,326,86,240
E00069526,275,56,219
E00069527,278,52,226
E00069528,249,35,214
E00069529,283,41,242
E00069530,291,49,242
E00069531,308,45,263
E00069532,222,41,181
E00069533,284,49,235
E00069534,227,65,162
E00069535,310,89,221
E00069536,378,120,258
E00069537,277,65,212
E00069538,279,62,217
E00069539,268,45,223
E00069540,348,57,291
E00069541,296,57,239
E00069542,241,44,197
E00069543,232,41,191
E00069544,317,62,255
E00069545,297,51,246
E00069546,282,47,235
E00069547,352,53,299
E00069548,460,55,405
E00069549,192,27,165
E00069550,239,35,204
E00069551,250,72,178
E00069552,258,41,217
E00069553,273,42,231
E00069554,307,40,267
E00069556,266,91,175
E00069557,247,39,208
E00069558,340,59,281
E00069559,213,29,184
E00069560,250,24,226
E00069561,319,47,272
E00069562,277,48,229
E00069563,284,39,245
E00069564,200,28,172
E00069565,188,28,160
E00069566,398,60,338
E00069567,398,65,333
E00069569,464,68,396
E00069570,378,64,314
E00069571,227,33,194
E00069572,313,49,264
E00069573,280,50,230
E00069574,397,89,308
E00069575,277,49,228
E00069576,226,50,176
E00069577,161,10,151
E00069578,318,55,263
E00069579,335,51,284
E00069580,403,54,349
E00069581,307,40,267
E00069582,207,27,180
E00069583,275,36,239
E00069584,193,20,173
E00069585,375,56,319
E00069586,253,39,214
E00069587,117,14,103
E00069588,364,30,334
E00069589,316,32,284
E00069590,305,42,263
E00069591,482,79,403
E00069593,271,37,234
E00069594,291,40,251
E00069595,274,46,228
E00069596,355,53,302
E00069597,361,57,304
E00069598,201,31,170
E00069599,254,40,214
E00069600,291,47,244
E00069601,205,20,185
E00069602,312,59,253
E00069603,301,58,243
E00069604,330,57,273
E00069607,350,58,292
E00069609,235,29,206
E00069610,291,39,252
E00069611,264,34,230
E00069612,231,54,177
E00069613,566,112,454
E00069614,360,73,287
E00069615,214,37,177
E00069616,312,50,262
E00069617,398,81,317
E00069618,253,37,216
E00069619,302,51,251
E00069620,257,31,226
E00069621,478,78,400
E00069622,270,32,238
E00069623,405,48,357
E00069625,416,71,345
E00069626,331,67,264
E00069627,306,55,251
E00069628,358,74,284
E00069629,305,37,268
E00069630,311,39,272
E00069631,291,48,243
E00069632,271,30,241
E00069633,432,72,360
E00069634,580,175,405
E00069635,239,49,190
E00069636,284,48,236
E00069637,225,33,192
E00069638,374,55,319
E00069639,257,31,226
E00069640,249,37,212
E00069641,181,24,157
E00069642,214,30,184
E00069643,347,45,302
E00069645,350,66,284
E00069646,244,45,199
E00069647,205,29,176
E00069649,210,16,194
E00069650,257,43,214
E00069651,318,54,264
E00069652,403,69,334
E00069653,262,48,214
E00069654,388,43,345
E00069655,177,33,144
E00069656,303,33,270
E00069657,337,60,277
E00069658,254,141,113
E00069659,403,290,113
E00069660,262,104,158
E00069661,443,356,87
E00069663,389,149,240
E00069664,268,88,180
E00069665,437,121,316
E00069666,341,162,179
E00069667,291,115,176
E00069668,348,107,241
E00069670,254,131,123
E00069671,307,105,202
E00069672,240,162,78
E00069673,507,252,255
E00069674,291,168,123
E00069675,372,242,130
E00069676,283,142,141
E00069677,316,205,111
E00069679,210,36,174
E00069681,177,91,86
E00069682,430,300,130
E00069684,236,80,156
E00069685,365,103,262
E00069686,304,84,220
E00069687,295,93,202
E00069688,264,77,187
E00069689,125,32,93
E00069690,270,90,180
E00069691,264,145,119
E00069692,283,102,181
E00069693,356,106,250
E00069694,286,89,197
E00069695,321,96,225
E00069696,349,111,238
E00069697,337,98,239
E00069698,447,108,339
E00069699,346,122,224
E00069700,370,141,229
E00069701,351,115,236
E00069702,352,117,235
E00069703,374,149,225
E00069704,378,108,270
E00069705,194,27,167
E00069706,352,117,235
E00069707,315,131,184
E00069708,394,127,267
E00069709,242,48,194
E00069710,373,132,241
E00069711,396,120,276
E00069712,340,106,234
E00069713,281,99,182
E00069714,379,137,242
E00069715,509,198,311
E00069716,317,98,219
E00069717,314,88,226
E00069718,297,90,207
E00069719,301,95,206
E00069720,323,102,221
E00069721,363,122,241
E00069722,402,146,256
E00069723,376,143,233
E00069724,343,124,219
E00069725,317,89,228
E00069726,342,115,227
E00069727,310,86,224
E00069728,327,137,190
E00069729,304,81,223
E00069730,260,86,174
E00069731,320,95,225
E00069732,308,73,235
E00069733,297,93,204
E00069734,354,111,243
E00069735,208,56,152
E00069736,303,107,196
E00069737,334,102,232
E00069738,317,100,217
E00069739,354,99,255
E00069740,361,132,229
E00069741,348,111,237
E00069742,246,70,176
E00069743,268,49,219
E00069744,378,107,271
E00069745,251,69,182
E00069746,408,62,346
E00069747,203,26,177
E00069748,293,80,213
E00069749,302,86,216
E00069750,197,27,170
E00069751,333,102,231
E00069752,278,70,208
E00069753,215,58,157
E00069754,376,146,230
E00069755,250,55,195
E00069756,390,104,286
E00069757,221,40,181
E00069758,232,30,202
E00069759,292,79,213
E00069760,307,68,239
E00069761,222,47,175
E00069762,242,51,191
E00069763,213,40,173
E00069764,250,22,228
E00069765,257,44,213
E00069766,296,57,239
E00069767,220,34,186
E00069768,276,58,218
E00069769,381,66,315
E00069770,283,73,210
E00069771,278,37,241
E00069772,336,73,263
E00069773,269,51,218
E00069774,352,80,272
E00069775,323,79,244
E00069776,204,45,159
E00069777,286,61,225
E00069778,329,67,262
E00069779,223,41,182
E00069780,241,44,197
E00069781,297,50,247
E00069782,262,50,212
E00069783,268,51,217
E00069784,357,85,272
E00069785,285,43,242
E00069786,296,79,217
E00069787,356,80,276
E00069788,535,292,243
E00069789,324,73,251
E00069790,290,63,227
E00069791,334,83,251
E00069792,334,93,241
E00069793,333,79,254
E00069794,176,23,153
E00069795,317,112,205
E00069797,270,65,205
E00069799,433,95,338
E00069800,282,60,222
E00069801,302,85,217
E00069802,328,76,252
E00069803,377,64,313
E00069804,249,53,196
E00069805,328,58,270
E00069806,289,88,201
E00069807,460,125,335
E00069808,377,127,250
E00069809,321,96,225
E00069810,274,100,174
E00069811,357,80,277
E00069812,509,117,392
E00069813,493,121,372
E00069814,426,135,291
E00069815,269,70,199
E00069816,379,99,280
E00069817,369,105,264
E00069818,149,43,106
E00069819,377,86,291
E00069820,405,131,274
E00069821,291,95,196
E00069822,377,119,258
E00069823,373,129,244
E00069824,337,122,215
E00069825,405,146,259
E00069826,310,83,227
E00069827,351,132,219
E00069828,132,19,113
E00069829,375,92,283
E00069830,487,213,274
E00069831,228,96,132
E00069832,304,60,244
E00069833,319,77,242
E00069834,241,38,203
E00069835,259,55,204
E00069836,356,77,279
E00069837,257,41,216
E00069838,366,75,291
E00069839,466,109,357
E00069840,429,103,326
E00069841,287,65,222
E00069843,220,50,170
E00069844,238,64,174
E00069845,317,81,236
E00069846,261,52,209
E00069847,235,59,176
E00069848,258,60,198
E00069849,257,69,188
E00069850,313,82,231
E00069851,146,20,126
E00069852,315,60,255
E00069853,303,74,229
E00069854,234,22,212
E00069855,259,43,216
E00069856,199,40,159
E00069858,288,56,232
E00069859,251,78,173
E00069860,335,108,227
E00069861,248,98,150
E00069862,241,60,181
E00069863,255,58,197
E00069864,264,76,188
E00069865,279,78,201
E00069866,281,65,216
E00069867,239,69,170
E00069870,206,63,143
E00069871,333,77,256
E00069872,247,55,192
E00069873,225,55,170
E00069874,178,29,149
E00069875,222,31,191
E00069876,238,58,180
E00069877,237,43,194
E00069878,184,29,155
E00069879,213,51,162
E00069880,264,70,194
E00069881,265,72,193
E00069882,279,52,227
E00069883,201,36,165
E00069884,317,113,204
E00069885,255,67,188
E00069886,287,69,218
E00069887,427,176,251
E00069888,108,22,86
E00069889,182,23,159
E00069890,282,52,230
E00069891,260,49,211
E00069892,221,24,197
E00069893,126,3,123
E00069894,365,66,299
E00069895,286,53,233
E00069896,318,87,231
E00069897,336,60,276
E00069898,134,28,106
E00069899,288,45,243
E00069900,335,82,253
E00069901,230,37,193
E00069902,214,64,150
E00069903,212,65,147
E00069904,241,42,199
E00069905,298,54,244
E00069906,257,49,208
E00069907,274,39,235
E00069908,386,91,295
E00069909,274,49,225
E00069910,314,63,251
E00069911,279,71,208
E00069912,513,167,346
E00069913,315,68,247
E00069914,288,58,230
E00069915,330,72,258
E00069916,278,73,205
E00069917,270,92,178
E00069918,308,65,243
E00069919,259,52,207
E00069920,133,7,126
E00069921,388,92,296
E00069922,224,68,156
E00069923,356,122,234
E00069924,252,69,183
E00069925,255,25,230
E00069926,247,31,216
E00069927,338,68,270
E00069928,292,67,225
E00069929,272,66,206
E00069930,291,89,202
E00069932,222,63,159
E00069933,209,74,135
E00069934,267,62,205
E00069935,263,74,189
E00069936,242,49,193
E00069937,284,81,203
E00069938,219,45,174
E00069939,209,31,178
E00069940,338,107,231
E00069941,252,78,174
E00069942,305,73,232
E00069943,255,55,200
E00069944,320,111,209
E00069945,156,21,135
E00069946,356,117,239
E00069947,243,43,200
E00069948,276,79,197
E00069949,345,113,232
E00069950,270,65,205
E00069951,288,94,194
E00069952,210,26,184
E00069953,260,53,207
E00069954,196,10,186
E00069955,309,96,213
E00069956,211,12,199
E00069957,210,15,195
E00069958,181,13,168
E00069959,231,18,213
E00069960,328,93,235
E00069961,248,56,192
E00069962,313,101,212
E00069963,229,59,170
E00069964,271,66,205
E00069965,254,75,179
E00069966,430,98,332
E00069967,265,75,190
E00069968,225,45,180
E00069970,236,37,199
E00069971,258,64,194
E00069972,333,100,233
E00069973,205,50,155
E00069974,291,91,200
E00069975,368,100,268
E00069976,187,27,160
E00069977,371,149,222
E00069978,324,120,204
E00069979,193,35,158
E00069980,458,223,235
E00069981,419,155,264
E00069982,245,48,197
E00069983,264,50,214
E00069984,287,85,202
E00069985,326,118,208
E00069986,344,105,239
E00069987,217,40,177
E00069988,220,41,179
E00069992,342,51,291
E00069993,224,27,197
E00069994,245,60,185
E00069995,243,68,175
E00069996,217,39,178
E00069997,291,70,221
E00069999,202,38,164
E00070000,215,55,160
E00070001,278,86,192
E00070002,279,45,234
E00070003,214,31,183
E00070004,298,83,215
E00070005,360,132,228
E00070006,295,46,249
E00070007,322,62,260
E00070008,269,48,221
E00070009,262,66,196
E00070010,372,98,274
E00070011,273,38,235
E00070012,315,83,232
E00070013,215,55,160
E00070014,286,63,223
E00070015,284,56,228
E00070016,271,47,224
E00070017,258,42,216
E00070018,283,75,208
E00070019,278,68,210
E00070020,301,54,247
E00070021,289,47,242
E00070022,261,25,236
E00070023,254,73,181
E00070024,236,42,194
E00070025,341,106,235
E00070026,265,52,213
E00070027,287,63,224
E00070028,241,45,196
E00070029,215,39,176
E00070030,258,51,207
E00070031,261,49,212
E00070032,221,33,188
E00070033,290,63,227
E00070034,308,77,231
E00070035,197,23,174
E00070036,202,28,174
E00070037,343,89,254
E00070038,402,132,270
E00070039,235,31,204
E00070041,382,137,245
E00070042,260,52,208
E00070043,338,115,223
E00070044,303,54,249
E00070045,323,56,267
E00070046,231,54,177
E00070047,373,135,238
E00070048,104,2,102
E00070049,244,71,173
E00070050,203,48,155
E00070051,277,24,253
E00070052,326,66,260
E00070053,230,62,168
E00070054,236,60,176
E00070055,118,19,99
E00070056,332,35,297
E00070057,279,57,222
E00070058,309,60,249
E00070059,208,35,173
E00070060,318,46,272
E00070061,286,76,210
E00070062,308,59,249
E00070063,293,62,231
E00070064,288,45,243
E00070065,295,82,213
E00070066,262,52,210
E00070067,250,61,189
E00070068,270,41,229
E00070069,201,23,178
E00070070,315,72,243
E00070071,255,58,197
E00070072,291,44,247
E00070073,278,65,213
E00070074,210,31,179
E00070075,166,23,143
E00070076,243,43,200
E00070077,297,79,218
E00070078,222,34,188
E00070079,305,82,223
E00070080,332,81,251
E00070081,232,33,199
E00070082,231,49,182
E00070083,304,46,258
E00070084,263,28,235
E00070085,280,29,251
E00070086,264,40,224
E00070087,270,42,228
E00070088,235,28,207
E00070089,350,80,270
E00070090,296,45,251
E00070091,282,51,231
E00070092,217,20,197
E00070093,287,36,251
E00070094,249,30,219
E00070095,382,103,279
E00070096,333,69,264
E00070097,287,92,195
E00070098,261,44,217
E00070099,308,68,240
E00070100,268,55,213
E00070101,286,51,235
E00070102,270,67,203
E00070103,189,44,145
E00070104,271,40,231
E00070105,296,45,251
E00070106,215,40,175
E00070107,353,65,288
E00070108,326,86,240
E00070109,282,66,216
E00070110,241,52,189
E00070111,280,63,217
E00070112,324,56,268
E00070113,320,64,256
E00070114,265,38,227
E00070115,208,31,177
E00070116,284,34,250
E00070117,325,81,244
E00070118,251,26,225
E00070120,290,65,225
E00070121,265,91,174
E00070122,225,55,170
E00070123,296,69,227
E00070124,324,66,258
E00070125,322,82,240
E00070126,282,42,240
E00070127,279,50,229
E00070128,131,4,127
E00070129,334,70,264
E00070131,328,82,246
E00070132,312,71,241
E00070133,298,71,227
E00070134,239,69,170
E00070135,292,46,246
E00070136,223,37,186
E00070137,284,58,226
E00070138,230,45,185
E00070139,264,45,219
E00070140,317,91,226
E00070141,238,50,188
E00070142,328,59,269
E00070143,223,38,185
E00070144,336,97,239
E00070145,274,48,226
E00070146,216,50,166
E00070147,307,66,241
E00070148,255,39,216
E00070149,215,39,176
E00070150,263,32,231
E00070151,384,83,301
E00070152,133,9,124
E00070153,241,55,186
E00070154,303,64,239
E00070155,328,75,253
E00070156,295,63,232
E00070157,288,76,212
E00070158,274,64,210
E00070159,218,37,181
E00070160,174,18,156
E00070161,296,44,252
E00070162,305,74,231
E00070163,269,56,213
E00070164,287,80,207
E00070165,345,88,257
E00070166,297,78,219
E00070167,328,84,244
E00070168,310,62,248
E00070169,301,73,228
E00070170,287,56,231
E00070172,346,55,291
E00070173,282,71,211
E00070174,261,44,217
E00070175,272,57,215
E00070176,300,63,237
E00070177,250,58,192
E00070178,185,32,153
E00070179,272,51,221
E00070180,227,70,157
E00070181,276,64,212
E00070182,285,60,225
E00070183,240,51,189
E00070184,246,62,184
E00070185,328,42,286
E00070186,316,59,257
E00070187,242,29,213
E00070188,282,58,224
E00070189,263,58,205
E00070190,263,55,208
E00070191,229,57,172
E00070192,317,72,245
E00070193,255,53,202
E00070194,322,79,243
E00070195,332,104,228
E00070196,263,42,221
E00070197,543,153,390
E00070198,273,96,177
E00070199,319,80,239
E00070200,264,36,228
E00070201,270,79,191
E00070202,240,49,191
E00070203,275,64,211
E00070204,286,46,240
E00070205,381,101,280
E00070206,270,51,219
E00070207,318,103,215
E00070208,218,47,171
E00070209,350,80,270
E00070210,224,34,190
E00070211,273,25,248
E00070212,339,74,265
E00070213,309,72,237
E00070214,308,70,238
E00070215,384,127,257
E00070216,349,86,263
E00070217,198,31,167
E00070218,304,77,227
E00070219,253,42,211
E00070220,318,94,224
E00070221,308,91,217
E00070222,294,63,231
E00070223,308,99,209
E00070224,304,47,257
E00070225,401,97,304
E00070226,316,102,214
E00070227,346,74,272
E00070228,305,79,226
E00070229,355,91,264
E00070230,266,17,249
E00070231,194,53,141
E00070232,302,70,232
E00070233,415,115,300
E00070234,544,250,294
E00070235,131,16,115
E00070236,457,98,359
E00070237,374,96,278
E00070238,356,89,267
E00070239,240,70,170
E00070240,362,85,277
E00070242,248,27,221
E00070243,503,445,58
E00070244,486,338,148
E00070245,582,481,101
E00070246,237,54,183
E00070247,477,319,158
E00070248,310,154,156
E00070249,276,199,77
E00070250,333,278,55
E00070253,115,43,72
E00070254,334,190,144
E00070255,318,98,220
E00070256,305,233,72
E00070257,459,368,91
E00070258,245,166,79
E00070259,373,259,114
E00070260,218,130,88
E00070262,417,385,32
E00070264,349,291,58
E00070267,421,284,137
E00070268,540,489,51
E00070270,406,285,121
E00070271,240,142,98
E00070272,286,209,77
E00070273,142,57,85
E00070274,416,131,285
E00070275,360,103,257
E00070276,363,115,248
E00070277,466,113,353
E00070278,425,126,299
E00070279,197,31,166
E00070280,316,53,263
E00070281,234,71,163
E00070282,370,100,270
E00070283,325,82,243
E00070284,328,78,250
E00070285,277,56,221
E00070286,330,81,249
E00070287,325,65,260
E00070288,353,99,254
E00070289,164,10,154
E00070290,292,64,228
E00070291,432,161,271
E00070292,353,89,264
E00070293,562,148,414
E00070294,495,130,365
E00070295,389,133,256
E00070296,395,107,288
E00070298,242,56,186
E00070299,407,108,299
E00070300,377,116,261
E00070301,295,58,237
E00070302,269,96,173
E00070303,271,106,165
E00070304,274,73,201
E00070305,247,90,157
E00070306,301,61,240
E00070307,285,62,223
E00070308,273,67,206
E00070309,314,71,243
E00070310,449,112,337
E00070311,210,48,162
E00070312,242,34,208
E00070313,225,37,188
E00070314,255,32,223
E00070315,224,34,190
E00070316,283,62,221
E00070317,252,38,214
E00070318,322,65,257
E00070319,255,55,200
E00070320,333,173,160
E00070321,212,31,181
E00070322,275,58,217
E00070325,254,39,215
E00070326,285,24,261
E00070327,308,61,247
E00070328,220,18,202
E00070329,253,38,215
E00070330,176,23,153
E00070331,343,74,269
E00070333,247,39,208
E00070334,245,29,216
E00070335,301,54,247
E00070336,257,35,222
E00070337,449,169,280
E00070338,211,43,168
E00070339,436,133,303
E00070340,187,35,152
E00070341,335,55,280
E00070342,350,130,220
E00070343,471,186,285
E00070344,335,119,216
E00070345,184,11,173
E00070346,388,78,310
E00070347,219,33,186
E00070348,241,45,196
E00070349,159,19,140
E00070350,512,279,233
E00070351,226,127,99
E00070352,226,33,193
E00070353,279,46,233
E00070354,261,40,221
E00070355,189,9,180
E00070356,192,14,178
E00070357,254,41,213
E00070358,278,57,221
E00070359,241,25,216
E00070360,279,73,206
E00070361,384,134,250
E00070362,307,103,204
E00070363,401,88,313
E00070364,409,209,200
E00070366,238,92,146
E00070368,387,280,107
E00070370,293,45,248
E00070371,338,282,56
E00070372,208,117,91
E00070373,419,349,70
E00070375,414,369,45
E00070376,296,223,73
E00070377,281,63,218
E00070378,240,41,199
E00070380,346,98,248
E00070381,307,77,230
E00070382,315,111,204
E00070383,528,252,276
E00070385,196,38,158
E00070386,350,139,211
E00070387,298,79,219
E00070388,195,40,155
E00070390,209,73,136
E00070391,191,41,150
E00070392,230,54,176
E00070393,232,74,158
E00070394,244,108,136
E00070396,155,25,130
E00070397,156,50,106
E00070400,468,407,61
E00070401,211,53,158
E00070402,550,484,66
E00070404,167,67,100
E00070406,498,434,64
E00070407,246,36,210
E00070408,420,386,34
E00070410,497,412,85
E00070411,278,207,71
E00070412,351,102,249
E00070413,271,72,199
E00070414,344,102,242
E00070415,366,93,273
E00070416,334,95,239
E00070417,225,54,171
E00070418,240,17,223
E00070419,200,21,179
E00070420,235,60,175
E00070421,234,49,185
E00070422,329,84,245
E00070423,193,50,143
E00070424,294,60,234
E00070425,396,142,254
E00070426,183,33,150
E00070427,295,77,218
E00070428,147,72,75
E00070429,396,127,269
E00070430,277,75,202
E00070431,288,72,216
E00070433,262,58,204
E00070434,332,101,231
E00070435,258,42,216
E00070436,364,133,231
E00070437,334,171,163
E00070438,363,68,295
E00070439,408,118,290
E00070440,333,94,239
E00070441,263,65,198
E00070442,192,61,131
E00070443,189,36,153
E00070444,277,68,209
E00070445,302,109,193
E00070447,276,90,186
E00070449,298,57,241
E00070450,414,315,99
E00070454,332,101,231
E00070455,292,81,211
E00070456,279,86,193
E00070458,252,8,244
E00070459,331,81,250
E00070461,195,30,165
E00070462,266,89,177
E00070463,218,51,167
E00070465,223,61,162
E00070466,137,32,105
E00070467,339,98,241
E00070468,295,60,235
E00070469,315,74,241
E00070470,282,57,225
E00070471,248,57,191
E00070472,261,53,208
E00070473,260,31,229
E00070474,310,67,243
E00070475,348,80,268
E00070476,252,50,202
E00070477,297,53,244
E00070479,313,73,240
E00070480,218,28,190
E00070481,271,52,219
E00070482,292,71,221
E00070483,249,31,218
E00070484,282,62,220
E00070485,258,51,207
E00070486,288,62,226
E00070487,247,61,186
E00070488,319,45,274
E00070489,309,57,252
E00070490,294,49,245
E00070491,282,50,232
E00070492,288,60,228
E00070493,117,5,112
E00070494,289,38,251
E00070495,287,61,226
E00070496,283,34,249
E00070497,260,73,187
E00070498,293,99,194
E00070499,245,63,182
E00070500,277,98,179
E00070501,422,86,336
E00070502,207,53,154
E00070503,208,23,185
E00070504,296,59,237
E00070505,419,94,325
E00070506,420,81,339
E00070507,246,38,208
E00070508,282,57,225
E00070509,299,70,229
E00070510,248,42,206
E00070511,237,49,188
E00070512,271,75,196
E00070513,252,58,194
E00070515,286,91,195
E00070516,248,40,208
E00070518,270,29,241
E00070519,297,47,250
E00070520,251,35,216
E00070522,218,55,163
E00070523,265,76,189
E00070525,241,71,170
E00070526,257,83,174
E00070529,312,78,234
E00070530,256,63,193
E00070532,304,123,181
E00070533,288,101,187
E00070536,243,69,174
E00070537,256,79,177
E00070538,209,58,151
E00070539,275,48,227
E00070540,427,98,329
E00070541,346,55,291
E00070542,401,102,299
E00070543,337,79,258
E00070544,327,71,256
E00070545,317,92,225
E00070546,178,34,144
E00070547,215,21,194
E00070548,254,39,215
E00070549,367,63,304
E00070550,246,61,185
E00070551,287,46,241
E00070552,191,45,146
E00070553,277,53,224
E00070554,301,84,217
E00070555,313,88,225
E00070556,369,83,286
E00070557,345,75,270
E00070558,175,35,140
E00070559,274,52,222
E00070560,310,87,223
E00070561,229,52,177
E00070562,350,80,270
E00070563,286,47,239
E00070564,310,81,229
E00070565,328,83,245
E00070566,339,75,264
E00070567,315,69,246
E00070568,312,82,230
E00070569,328,65,263
E00070570,339,84,255
E00070571,314,89,225
E00070572,184,38,146
E00070573,254,55,199
E00070574,258,66,192
E00070575,289,71,218
E00070576,278,64,214
E00070577,360,83,277
E00070578,324,77,247
E00070579,359,79,280
E00070580,228,42,186
E00070581,285,56,229
E00070582,275,65,210
E00070583,251,44,207
E00070584,272,61,211
E00070585,469,154,315
E00070586,243,65,178
E00070587,211,4,207
E00070588,280,63,217
E00070589,281,30,251
E00070590,329,39,290
E00070591,262,42,220
E00070592,311,37,274
E00070593,383,44,339
E00070594,275,41,234
E00070595,305,79,226
E00070596,446,67,379
E00070597,300,61,239
E00070598,367,123,244
E00070599,275,30,245
E00070600,199,42,157
E00070601,280,50,230
E00070602,353,72,281
E00070603,316,49,267
E00070604,271,45,226
E00070605,269,37,232
E00070606,270,52,218
E00070607,316,44,272
E00070608,257,39,218
E00070609,247,32,215
E00070610,230,36,194
E00070611,204,30,174
E00070612,267,37,230
E00070613,329,47,282
E00070614,473,112,361
E00070615,290,66,224
E00070616,259,39,220
E00070617,275,28,247
E00070618,234,43,191
E00070619,217,42,175
E00070620,236,57,179
E00070622,307,56,251
E00070623,355,61,294
E00070624,170,21,149
E00070625,255,35,220
E00070626,268,41,227
E00070627,220,32,188
E00070628,185,27,158
E00070629,247,30,217
E00070630,281,38,243
E00070631,348,58,290
E00070632,241,46,195
E00070633,305,52,253
E00070634,366,94,272
E00070635,291,60,231
E00070636,274,51,223
E00070637,254,54,200
E00070638,265,48,217
E00070639,172,24,148
E00070640,218,50,168
E00070641,366,116,250
E00070642,238,57,181
E00070643,211,36,175
E00070644,298,71,227
E00070645,337,87,250
E00070646,435,102,333
E00070647,255,67,188
E00070648,295,71,224
E00070649,300,68,232
E00070650,302,89,213
E00070651,281,35,246
E00070652,273,13,260
E00070653,259,41,218
E00070654,241,32,209
E00070656,177,48,129
E00070657,313,55,258
E00070658,295,36,259
E00070659,223,25,198
E00070660,270,37,233
E00070661,130,15,115
E00070663,193,23,170
E00070664,384,61,323
E00070665,240,19,221
E00070666,141,13,128
E00070667,236,14,222
E00070668,192,18,174
E00070669,410,49,361
E00070670,105,10,95
E00070671,359,51,308
E00070673,229,38,191
E00070674,321,66,255
E00070675,309,34,275
E00070676,262,34,228
E00070678,149,21,128
E00070680,183,30,153
E00070681,210,33,177
E00070682,206,16,190
E00070684,276,57,219
E00070685,183,18,165
E00070686,195,21,174
E00070687,281,54,227
E00070688,273,57,216
E00070689,292,46,246
E00070691,458,84,374
E00070692,108,10,98
E00070693,323,34,289
E00070694,309,40,269
E00070695,410,56,354
E00070696,250,45,205
E00070697,165,13,152
E00070698,255,44,211
E00070699,457,87,370
E00070700,331,47,284
E00070701,289,39,250
E00070702,247,45,202
E00070703,378,63,315
E00070706,318,43,275
E00070707,257,36,221
E00070708,277,29,248
E00070711,216,21,195
E00070715,258,50,208
E00070716,231,30,201
E00070717,216,31,185
E00070718,105,10,95
E00070719,267,43,224
E00070720,222,21,201
E00070721,285,42,243
E00070722,253,50,203
E00070723,258,51,207
E00070724,373,47,326
E00070726,329,84,245
E00070727,365,36,329
E00070728,283,49,234
E00070729,288,32,256
E00070730,175,25,150
E00070731,521,82,439
E00070732,163,13,150
E00070733,253,50,203
E00070735,291,50,241
E00070736,289,59,230
E00070737,330,100,230
E00070738,241,46,195
E00070739,223,21,202
E00070740,231,24,207
E00070741,229,43,186
E00070742,247,38,209
E00070743,133,29,104
E00070744,335,50,285
E00070745,230,46,184
E00070746,214,34,180
E00070747,293,49,244
E00070748,125,24,101
E00070749,443,36,407
E00070750,260,28,232
E00070751,247,40,207
E00070752,112,18,94
E00070753,156,17,139
E00070754,328,51,277
E00070755,300,37,263
E00070756,266,46,220
E00070757,184,29,155
E00070758,257,38,219
E00070759,229,40,189
E00070760,239,33,206
E00070761,202,35,167
E00070762,306,55,251
E00070763,245,31,214
E00070764,234,33,201
E00070765,152,31,121
E00070766,289,26,263
E00070767,177,25,152
E00070768,186,27,159
E00070769,230,44,186
E00070770,301,62,239
E00070771,365,42,323
E00070772,379,61,318
E00070773,103,15,88
E00070774,322,49,273
E00070775,384,87,297
E00070776,296,44,252
E00070777,185,27,158
E00070778,338,55,283
E00070780,258,33,225
E00070781,283,39,244
E00070782,304,60,244
E00070784,317,60,257
E00070785,309,50,259
E00070786,180,36,144
E00070787,134,23,111
E00070788,182,28,154
E00070789,169,27,142
E00070790,189,37,152
E00070791,465,96,369
E00070792,512,97,415
E00070793,333,63,270
E00070794,132,21,111
E00070795,184,23,161
E00070796,296,57,239
E00070797,297,53,244
E00070798,179,33,146
E00070799,480,100,380
E00070800,424,75,349
E00070801,384,53,331
E00070802,390,56,334
E00070803,458,72,386
E00070804,265,41,224
E00070805,187,6,181
E00070806,183,26,157
E00070807,223,35,188
E00070808,353,33,320
E00070809,185,23,162
E00070810,358,72,286
E00070811,293,43,250
E00070812,181,24,157
E00070813,188,31,157
E00070814,267,40,227
E00070815,247,34,213
E00070816,185,29,156
E00070817,437,56,381
E00070818,423,64,359
E00070819,223,29,194
E00070820,248,48,200
E00070821,316,41,275
E00070822,283,38,245
E00070823,305,57,248
E00070824,351,48,303
E00070825,228,40,188
E00070826,254,39,215
E00070827,253,22,231
E00070828,271,26,245
E00070829,351,69,282
E00070830,294,21,273
E00070831,382,40,342
E00070832,349,43,306
E00070833,257,47,210
E00070834,368,46,322
E00070835,269,33,236
E00070836,307,25,282
E00070837,234,36,198
E00070838,305,24,281
E00070841,127,20,107
E00070842,341,49,292
E00070843,345,35,310
E00070844,299,41,258
E00070845,345,48,297
E00070846,279,40,239
E00070847,406,82,324
E00070848,245,33,212
E00070849,179,19,160
E00070850,227,29,198
E00070851,259,39,220
E00070852,258,40,218
E00070853,342,55,287
E00070854,212,14,198
E00070855,257,20,237
E00070856,262,46,216
E00070857,414,63,351
E00070858,278,35,243
E00070859,283,43,240
E00070860,264,31,233
E00070861,319,51,268
E00070862,223,39,184
E00070863,398,50,348
E00070865,258,57,201
E00070866,404,48,356
E00070867,260,37,223
E00070868,218,30,188
E00070869,204,28,176
E00070870,292,69,223
E00070871,275,66,209
E00070872,542,90,452
E00070873,278,30,248
E00070874,196,26,170
E00070875,244,17,227
E00070876,184,21,163
E00070877,182,33,149
E00070878,286,33,253
E00070879,268,28,240
E00070880,296,39,257
E00070881,211,42,169
E00070882,239,52,187
E00070883,279,42,237
E00070884,248,22,226
E00070885,271,24,247
E00070886,284,74,210
E00070887,317,87,230
E00070888,223,28,195
E00070889,180,9,171
E00070890,311,56,255
E00070891,188,27,161
E00070892,235,29,206
E00070893,257,24,233
E00070894,245,49,196
E00070895,272,37,235
E00070896,444,129,315
E00070897,309,79,230
E00070898,214,37,177
E00070899,304,52,252
E00070900,216,27,189
E00070901,195,21,174
E00070902,229,21,208
E00070903,264,28,236
E00070904,278,37,241
E00070905,188,19,169
E00070906,259,34,225
E00070907,344,53,291
E00070908,227,15,212
E00070909,278,60,218
E00070910,242,45,197
E00070911,252,33,219
E00070912,326,71,255
E00070913,235,38,197
E00070914,286,36,250
E00070916,262,42,220
E00070917,284,26,258
E00070918,306,46,260
E00070919,246,37,209
E00070920,295,49,246
E00070921,334,80,254
E00070922,255,64,191
E00070923,302,55,247
E00070924,240,48,192
E00070925,458,40,418
E00070926,241,28,213
E00070927,270,31,239
E00070928,252,26,226
E00070929,308,52,256
E00070931,314,40,274
E00070932,324,51,273
E00070933,291,33,258
E00070934,273,40,233
E00070935,282,40,242
E00070936,303,62,241
E00070937,322,61,261
E00070938,428,55,373
E00070939,383,60,323
E00070940,422,47,375
E00070941,241,32,209
E00070942,314,46,268
E00070943,132,28,104
E00070944,349,54,295
E00070945,182,34,148
E00070946,188,28,160
E00070947,134,20,114
E00070948,165,21,144
E00070949,339,39,300
E00070950,249,34,215
E00070951,289,38,251
E00070952,153,21,132
E00070953,120,7,113
E00070954,147,14,133
E00070955,495,116,379
E00070956,258,35,223
E00070957,335,69,266
E00070958,226,21,205
E00070959,157,24,133
E00070960,128,14,114
E00070961,291,28,263
E00070962,334,24,310
E00070963,275,39,236
E00070964,302,48,254
E00070965,283,40,243
E00070966,226,34,192
E00070967,241,37,204
E00070968,202,37,165
E00070969,453,60,393
E00070970,241,34,207
E00070971,246,31,215
E00070972,257,41,216
E00070973,233,26,207
E00070974,280,29,251
E00070975,286,36,250
E00070976,450,98,352
E00070977,145,10,135
E00070978,205,24,181
E00070979,257,45,212
E00070980,401,58,343
E00070981,253,23,230
E00070982,320,39,281
E00070983,455,93,362
E00070984,315,36,279
E00070985,332,48,284
E00070986,327,32,295
E00070987,312,28,284
E00070988,375,50,325
E00070989,310,32,278
E00070990,422,75,347
E00070991,400,51,349
E00070992,276,50,226
E00070993,366,65,301
E00070994,229,41,188
E00070995,264,42,222
E00070996,388,66,322
E00070997,411,65,346
E00070998,259,32,227
E00070999,360,49,311
E00071001,327,39,288
E00071002,227,31,196
E00071003,264,37,227
E00071004,249,36,213
E00071005,221,21,200
E00071006,416,111,305
E00071007,222,11,211
E00071008,481,105,376
E00071009,251,24,227
E00071011,251,23,228
E00071012,247,32,215
E00071013,260,36,224
E00071014,236,32,204
E00071015,483,77,406
E00071016,246,34,212
E00071017,303,60,243
E00071018,286,58,228
E00071019,205,28,177
E00071020,230,28,202
E00071021,267,41,226
E00071022,242,36,206
E00071023,311,66,245
E00071024,218,37,181
E00071025,315,65,250
E00071026,248,65,183
E00071027,268,46,222
E00071028,275,44,231
E00071029,259,31,228
E00071030,214,37,177
E00071031,292,29,263
E00071032,328,35,293
E00071033,291,42,249
E00071034,314,44,270
E00071035,263,20,243
E00071036,178,27,151
E00071037,227,27,200
E00071038,257,50,207
E00071039,331,57,274
E00071040,465,79,386
E00071041,378,58,320
E00071042,472,120,352
E00071044,301,57,244
E00071045,235,27,208
E00071046,199,21,178
E00071047,194,24,170
E00071048,231,29,202
E00071049,268,63,205
E00071050,310,59,251
E00071051,236,38,198
E00071052,292,60,232
E00071053,268,27,241
E00071054,246,40,206
E00071055,297,68,229
E00071056,206,21,185
E00071057,299,61,238
E00071058,249,44,205
E00071059,273,66,207
E00071060,292,54,238
E00071061,241,38,203
E00071062,292,46,246
E00071063,461,111,350
E00071064,278,69,209
E00071065,219,55,164
E00071067,244,36,208
E00071068,150,8,142
E00071069,266,52,214
E00071070,200,40,160
E00071072,265,53,212
E00071073,228,31,197
E00071074,303,60,243
E00071075,381,51,330
E00071076,262,38,224
E00071077,298,47,251
E00071078,278,58,220
E00071079,216,27,189
E00071080,255,61,194
E00071081,252,42,210
E00071082,294,38,256
E00071083,350,42,308
E00071084,316,47,269
E00071085,299,56,243
E00071086,252,49,203
E00071087,261,44,217
E00071088,381,44,337
E00071089,473,102,371
E00071090,264,34,230
E00071091,434,63,371
E00071092,394,81,313
E00071093,118,2,116
E00071094,241,34,207
E00071095,292,55,237
E00071096,331,40,291
E00071097,512,83,429
E00071098,293,39,254
E00071099,417,64,353
E00071100,317,71,246
E00071101,388,66,322
E00071102,435,62,373
E00071103,470,54,416
E00071104,287,45,242
E00071105,217,28,189
E00071106,410,41,369
E00071107,308,53,255
E00071108,298,62,236
E00071109,245,55,190
E00071110,319,56,263
E00071111,247,35,212
E00071112,358,65,293
E00071113,276,48,228
E00071114,258,60,198
E00071115,194,15,179
E00071116,426,68,358
E00071117,297,75,222
E00071118,240,22,218
E00071119,219,21,198
E00071120,514,103,411
E00071121,190,20,170
E00071122,163,32,131
E00071123,229,25,204
E00071124,174,14,160
E00071125,298,43,255
E00071126,226,28,198
E00071127,208,20,188
E00071128,235,51,184
E00071129,203,39,164
E00071130,244,34,210
E00071131,211,29,182
E00071132,223,30,193
E00071133,249,44,205
E00071134,371,65,306
E00071135,332,85,247
E00071136,282,50,232
E00071137,287,75,212
E00071138,288,59,229
E00071139,287,37,250
E00071140,258,32,226
E00071141,313,59,254
E00071142,289,77,212
E00071143,262,51,211
E00071144,212,36,176
E00071145,232,46,186
E00071146,208,31,177
E00071147,216,33,183
E00071148,208,26,182
E00071149,120,2,118
E00071150,143,15,128
E00071151,209,38,171
E00071152,141,11,130
E00071153,252,52,200
E00071154,188,18,170
E00071155,288,62,226
E00071156,239,38,201
E00071157,284,58,226
E00071158,264,46,218
E00071159,271,58,213
E00071160,269,50,219
E00071161,286,56,230
E00071162,306,54,252
E00071163,321,54,267
E00071164,319,64,255
E00071165,269,27,242
E00071166,318,56,262
E00071167,275,49,226
E00071168,282,52,230
E00071169,227,42,185
E00071170,294,49,245
E00071171,259,28,231
E00071172,234,51,183
E00071173,372,43,329
E00071174,228,33,195
E00071175,329,44,285
E00071176,318,57,261
E00071177,240,48,192
E00071178,262,34,228
E00071179,302,69,233
E00071180,283,58,225
E00071181,292,71,221
E00071182,256,55,201
E00071183,278,60,218
E00071184,316,40,276
E00071185,393,56,337
E00071186,157,11,146
E00071187,110,7,103
E00071188,192,14,178
E00071189,269,26,243
E00071190,140,22,118
E00071191,380,43,337
E00071192,178,30,148
E00071193,344,31,313
E00071194,255,27,228
E00071195,293,43,250
E00071196,239,25,214
E00071197,171,25,146
E00071198,118,15,103
E00071199,146,28,118
E00071201,318,99,219
E00071202,377,68,309
E00071203,270,51,219
E00071204,426,76,350
E00071205,196,23,173
E00071206,117,17,100
E00071207,345,60,285
E00071209,186,33,153
E00071210,121,15,106
E00071211,182,27,155
E00071212,423,78,345
E00071213,277,36,241
E00071214,255,46,209
E00071215,130,23,107
E00071216,404,56,348
E00071217,310,53,257
E00071218,281,27,254
E00071219,110,16,94
E00071220,590,135,455
E00071221,301,53,248
E00071222,242,34,208
E00071223,316,37,279
E00071224,283,33,250
E00071225,473,97,376
E00071226,221,28,193
E00071227,287,71,216
E00071228,258,39,219
E00071229,322,49,273
E00071230,302,59,243
E00071231,373,85,288
E00071232,304,79,225
E00071233,313,94,219
E00071234,361,80,281
E00071235,389,122,267
E00071236,323,77,246
E00071238,325,90,235
E00071239,323,52,271
E00071240,294,51,243
E00071241,269,49,220
E00071242,277,58,219
E00071243,259,49,210
E00071244,299,83,216
E00071245,327,94,233
E00071246,321,80,241
E00071247,259,60,199
E00071248,504,186,318
E00071249,385,112,273
E00071250,287,81,206
E00071251,288,69,219
E00071252,377,134,243
E00071253,335,110,225
E00071254,267,32,235
E00071255,291,40,251
E00071256,234,32,202
E00071257,250,57,193
E00071258,305,76,229
E00071259,305,69,236
E00071260,174,15,159
E00071262,232,40,192
E00071263,387,77,310
E00071264,251,23,228
E00071265,219,29,190
E00071266,356,49,307
E00071267,329,60,269
E00071268,238,27,211
E00071269,394,81,313
E00071270,199,31,168
E00071271,214,19,195
E00071272,363,102,261
E00071273,284,32,252
E00071274,224,27,197
E00071275,243,23,220
E00071276,374,63,311
E00071277,414,116,298
E00071278,359,76,283
E00071279,321,69,252
E00071280,262,22,240
E00071281,323,82,241
E00071282,268,26,242
E00071283,379,130,249
E00071284,316,84,232
E00071285,286,56,230
E00071286,276,72,204
E00071287,248,57,191
E00071288,247,21,226
E00071289,325,75,250
E00071290,304,34,270
E00071292,189,26,163
E00071293,278,77,201
E00071294,274,58,216
E00071295,306,96,210
E00071296,268,70,198
E00071297,299,83,216
E00071298,302,98,204
E00071299,292,58,234
E00071300,189,19,170
E00071301,237,29,208
E00071302,256,25,231
E00071303,289,33,256
E00071304,246,25,221
E00071305,297,66,231
E00071306,231,37,194
E00071307,249,48,201
E00071308,294,41,253
E00071309,290,27,263
E00071310,203,31,172
E00071311,296,56,240
E00071312,208,25,183
E00071313,228,25,203
E00071314,218,17,201
E00071315,390,60,330
E00071316,309,52,257
E00071317,280,63,217
E00071318,243,58,185
E00071319,272,37,235
E00071320,125,14,111
E00071321,264,40,224
E00071322,248,55,193
E00071323,299,45,254
E00071324,296,47,249
E00071325,264,34,230
E00071326,280,54,226
E00071327,312,89,223
E00071328,243,37,206
E00071329,303,53,250
E00071330,238,36,202
E00071331,216,31,185
E00071332,334,76,258
E00071333,322,86,236
E00071334,285,69,216
E00071335,256,43,213
E00071336,233,72,161
E00071337,303,52,251
E00071338,318,65,253
E00071339,233,25,208
E00071340,202,21,181
E00071341,451,142,309
E00071343,257,36,221
E00071344,273,49,224
E00071345,300,69,231
E00071346,335,48,287
E00071347,368,75,293
E00071348,304,80,224
E00071349,307,77,230
E00071350,289,62,227
E00071351,392,108,284
E00071352,311,41,270
E00071353,261,41,220
E00071354,284,34,250
E00071355,198,30,168
E00071356,422,89,333
E00071357,200,31,169
E00071358,106,0,106
E00071360,276,48,228
E00071362,301,62,239
E00071363,314,52,262
E00071364,269,47,222
E00071365,241,40,201
E00071367,300,54,246
E00071368,227,35,192
E00071369,224,30,194
E00071370,174,34,140
E00071371,499,111,388
E00071372,251,34,217
E00071373,218,18,200
E00071375,284,50,234
E00071376,230,30,200
E00071377,330,43,287
E00071378,253,23,230
E00071380,427,41,386
E00071381,355,61,294
E00071382,368,57,311
E00071383,293,35,258
E00071384,341,48,293
E00071385,230,15,215
E00071386,288,29,259
E00071387,222,23,199
E00071390,349,44,305
E00071391,304,50,254
E00071392,265,38,227
E00071394,250,62,188
E00071395,256,39,217
E00071396,304,99,205
E00071397,280,50,230
E00071399,340,102,238
E00071402,238,48,190
E00071404,236,39,197
E00071405,295,57,238
E00071406,277,61,216
E00071407,307,60,247
E00071408,273,88,185
E00071409,198,30,168
E00071410,276,55,221
E00071411,357,113,244
E00071412,261,45,216
E00071413,185,28,157
E00071415,501,103,398
E00071416,281,68,213
E00071417,307,80,227
E00071418,378,79,299
E00071419,138,15,123
E00071420,266,33,233
E00071421,324,76,248
E00071422,299,65,234
E00071423,359,92,267
E00071424,225,42,183
E00071425,261,54,207
E00071426,283,71,212
E00071429,288,42,246
E00071430,257,24,233
E00071431,297,51,246
E00071432,273,41,232
E00071433,297,34,263
E00071434,464,117,347
E00071436,309,58,251
E00071437,162,21,141
E00071439,212,46,166
E00071440,277,41,236
E00071441,373,74,299
E00071444,242,25,217
E00071445,301,48,253
E00071448,208,25,183
E00071449,320,31,289
E00071450,306,49,257
E00071451,270,40,230
E00071452,296,36,260
E00071453,512,69,443
E00071454,368,57,311
E00071455,250,32,218
E00071456,289,64,225
E00071457,288,46,242
E00071458,256,52,204
E00071459,265,36,229
E00071461,272,41,231
E00071462,435,91,344
E00071463,336,69,267
E00071464,290,41,249
E00071465,272,46,226
E00071466,473,90,383
E00071467,272,43,229
E00071468,263,25,238
E00071469,265,31,234
E00071470,309,35,274
E00071471,300,41,259
E00071472,259,28,231
E00071473,368,60,308
E00071474,257,38,219
E00071475,295,46,249
E00071476,301,44,257
E00071477,219,14,205
E00071478,304,79,225
E00071479,283,57,226
E00071480,202,18,184
E00071482,219,31,188
E00071483,270,61,209
E00071484,317,79,238
E00071485,216,32,184
E00071486,263,43,220
E00071487,336,65,271
E00071488,358,93,265
E00071489,344,83,261
E00071490,226,41,185
E00071491,288,50,238
E00071492,300,58,242
E00071493,345,71,274
E00071494,452,122,330
E00071496,477,79,398
E00071497,269,62,207
E00071498,319,73,246
E00071499,337,84,253
E00071500,294,53,241
E00071501,304,39,265
E00071502,251,39,212
E00071503,420,86,334
E00071504,457,97,360
E00071505,184,11,173
E00071506,248,15,233
E00071507,268,41,227
E00071508,221,18,203
E00071509,204,15,189
E00071510,196,17,179
E00071511,148,11,137
E00071512,287,35,252
E00071513,237,28,209
E00071514,244,39,205
E00071515,237,37,200
E00071516,337,54,283
E00071517,322,80,242
E00071518,249,26,223
E00071519,297,43,254
E00071520,304,70,234
E00071521,305,83,222
E00071522,284,66,218
E00071523,304,42,262
E00071524,366,108,258
E00071526,298,51,247
E00071527,351,76,275
E00071528,302,70,232
E00071529,298,60,238
E00071530,348,82,266
E00071531,276,82,194
E00071532,286,81,205
E00071533,260,52,208
E00071534,271,43,228
E00071535,248,21,227
E00071536,265,80,185
E00071537,339,105,234
E00071538,365,100,265
E00071539,288,51,237
E00071540,311,63,248
E00071541,323,71,252
E00071542,261,48,213
E00071543,324,59,265
E00071544,305,94,211
E00071545,298,83,215
E00071547,240,15,225
E00071548,333,48,285
E00071549,266,34,232
E00071550,295,53,242
E00071551,253,40,213
E00071552,363,68,295
E00071553,507,118,389
E00071554,359,69,290
E00071555,286,50,236
E00071557,298,50,248
E00071558,286,69,217
E00071559,273,54,219
E00071560,309,100,209
E00071561,250,51,199
E00071562,285,85,200
E00071563,428,104,324
E00071564,262,57,205
E00071565,253,85,168
E00071566,404,77,327
E00071567,380,74,306
E00071568,313,74,239
E00071569,282,45,237
E00071570,470,113,357
E00071571,489,117,372
E00071572,259,63,196
E00071573,272,61,211
E00071574,323,85,238
E00071575,123,11,112
E00071576,446,116,330
E00071577,283,67,216
E00071578,297,58,239
E00071579,545,140,405
E00071580,258,38,220
E00071581,246,39,207
E00071582,449,107,342
E00071583,321,57,264
E00071584,253,63,190
E00071586,224,44,180
E00071587,227,30,197
E00071588,345,77,268
E00071590,247,62,185
E00071591,229,51,178
E00071592,286,69,217
E00071593,278,74,204
E00071594,238,38,200
E00071595,324,44,280
E00071596,256,30,226
E00071597,242,38,204
E00071598,247,39,208
E00071599,262,46,216
E00071600,313,58,255
E00071601,240,40,200
E00071602,279,27,252
E00071604,287,21,266
E00071606,279,48,231
E00071607,475,107,368
E00071608,298,49,249
E00071609,329,59,270
E00071611,325,78,247
E00071612,275,57,218
E00071613,322,67,255
E00071614,575,126,449
E00071615,259,35,224
E00071616,442,153,289
E00071617,314,47,267
E00071618,592,171,421
E00071620,330,65,265
E00071621,225,37,188
E00071622,269,41,228
E00071623,255,52,203
E00071624,248,34,214
E00071625,285,47,238
E00071626,234,20,214
E00071627,249,32,217
E00071628,289,75,214
E00071629,203,14,189
E00071630,264,38,226
E00071631,259,52,207
E00071632,284,46,238
E00071633,282,55,227
E00071634,482,103,379
E00071635,299,26,273
E00071636,289,42,247
E00071637,300,42,258
E00071638,282,22,260
E00071639,239,24,215
E00071640,237,39,198
E00071641,259,42,217
E00071642,253,40,213
E00071643,251,40,211
E00071644,314,58,256
E00071645,292,72,220
E00071646,316,66,250
E00071647,320,45,275
E00071648,270,52,218
E00071649,278,61,217
E00071650,293,53,240
E00071651,232,41,191
E00071652,345,75,270
E00071653,290,50,240
E00071654,318,64,254
E00071655,311,102,209
E00071656,366,84,282
E00071657,387,78,309
E00071658,243,55,188
E00071659,272,50,222
E00071660,268,44,224
E00071661,292,48,244
E00071662,254,50,204
E00071663,282,70,212
E00071664,300,77,223
E00071665,291,59,232
E00071666,473,91,382
E00071667,268,70,198
E00071668,332,87,245
E00071669,321,64,257
E00071670,291,64,227
E00071671,318,73,245
E00071672,316,54,262
E00071673,248,42,206
E00071674,259,47,212
E00071675,404,59,345
E00071676,363,105,258
E00071677,298,74,224
E00071678,319,77,242
E00071680,487,128,359
E00071681,315,86,229
E00071682,392,127,265
E00071684,346,113,233
E00071685,267,73,194
E00071686,315,97,218
E00071687,306,90,216
E00071688,238,70,168
E00071689,336,115,221
E00071690,228,43,185
E00071691,340,101,239
E00071692,467,113,354
E00071693,299,75,224
E00071694,302,96,206
E00071695,346,82,264
E00071697,235,59,176
E00071698,290,82,208
E00071699,357,78,279
E00071701,278,21,257
E00071702,262,29,233
E00071703,338,33,305
E00071704,261,30,231
E00071705,501,107,394
E00071706,274,39,235
E00071707,292,41,251
E00071709,300,51,249
E00071710,300,57,243
E00071711,406,69,337
E00071712,423,99,324
E00071713,294,61,233
E00071714,335,49,286
E00071715,236,26,210
E00071716,246,43,203
E00071717,378,78,300
E00071718,242,24,218
E00071719,333,79,254
E00071720,340,73,267
E00071721,203,23,180
E00071722,273,50,223
E00071723,271,52,219
E00071724,226,32,194
E00071725,298,34,264
E00071726,276,38,238
E00071727,347,79,268
E00071728,259,23,236
E00071729,286,37,249
E00071730,283,42,241
E00071731,337,56,281
E00071732,407,84,323
E00071733,277,56,221
E00071734,274,34,240
E00071735,256,42,214
E00071736,301,48,253
E00071737,264,36,228
E00071738,292,71,221
E00071739,334,106,228
E00071740,334,99,235
E00071741,306,72,234
E00071742,345,90,255
E00071743,342,107,235
E00071744,361,117,244
E00071745,248,38,210
E00071746,377,40,337
E00071747,292,46,246
E00071748,267,36,231
E00071749,338,64,274
E00071750,306,76,230
E00071751,300,73,227
E00071752,286,48,238
E00071753,283,58,225
E00071754,220,28,192
E00071755,278,42,236
E00071756,262,60,202
E00071757,188,33,155
E00071758,269,71,198
E00071759,235,36,199
E00071760,259,65,194
E00071761,268,57,211
E00071762,244,28,216
E00071763,287,72,215
E00071764,282,64,218
E00071765,285,76,209
E00071766,256,46,210
E00071767,182,37,145
E00071769,253,24,229
E00071770,327,40,287
E00071771,553,134,419
E00071772,265,74,191
E00071773,222,44,178
E00071774,197,25,172
E00071775,299,53,246
E00071776,245,42,203
E00071777,316,86,230
E00071778,256,66,190
E00071779,336,75,261
E00071780,210,32,178
E00071781,382,112,270
E00071782,317,74,243
E00071783,303,70,233
E00071784,335,106,229
E00071785,283,64,219
E00071786,326,92,234
E00071787,235,55,180
E00071788,240,18,222
E00071789,222,27,195
E00071790,260,47,213
E00071791,218,29,189
E00071792,253,58,195
E00071793,253,45,208
E00071794,240,45,195
E00071795,294,40,254
E00071796,257,64,193
E00071797,281,48,233
E00071798,287,87,200
E00071799,336,98,238
E00071800,203,23,180
E00071801,247,36,211
E00071802,333,97,236
E00071803,297,71,226
E00071804,288,59,229
E00071805,284,73,211
E00071806,321,97,224
E00071807,307,79,228
E00071808,263,78,185
E00071809,290,78,212
E00071810,349,96,253
E00071811,295,87,208
E00071812,305,88,217
E00071813,251,48,203
E00071814,284,89,195
E00071815,283,62,221
E00071816,263,61,202
E00071817,314,77,237
E00071818,356,122,234
E00071820,158,28,130
E00071821,303,72,231
E00071824,229,41,188
E00071825,271,50,221
E00071826,261,37,224
E00071827,178,16,162
E00071828,238,43,195
E00071829,369,118,251
E00071831,235,43,192
E00071832,249,48,201
E00071833,233,25,208
E00071835,284,63,221
E00071836,274,81,193
E00071837,226,22,204
E00071838,248,33,215
E00071839,227,31,196
E00071840,249,49,200
E00071841,230,19,211
E00071842,231,24,207
E00071843,138,11,127
E00071844,236,36,200
E00071845,384,113,271
E00071846,185,44,141
E00071847,228,37,191
E00071848,237,30,207
E00071849,295,24,271
E00071850,176,25,151
E00071851,221,34,187
E00071852,268,50,218
E00071853,215,46,169
E00071855,280,59,221
E00071856,238,48,190
E00071859,338,100,238
E00071860,289,58,231
E00071861,170,25,145
E00071862,217,57,160
E00071863,259,67,192
E00071864,284,81,203
E00071865,260,46,214
E00071866,449,155,294
E00071867,289,78,211
E00071868,308,69,239
E00071869,309,89,220
E00071870,268,66,202
E00071871,197,45,152
E00071872,250,55,195
E00071873,330,64,266
E00071874,260,54,206
E00071875,370,112,258
E00071876,268,38,230
E00071877,332,82,250
E00071878,297,36,261
E00071879,320,89,231
E00071880,221,27,194
E00071881,368,113,255
E00071882,277,42,235
E00071883,290,70,220
E00071884,272,47,225
E00071885,276,40,236
E00071886,395,117,278
E00071887,244,21,223
E00071888,209,13,196
E00071889,309,73,236
E00071890,311,79,232
E00071891,302,63,239
E00071892,208,23,185
E00071893,314,84,230
E00071894,431,114,317
E00071895,316,93,223
E00071896,278,75,203
E00071897,241,57,184
E00071898,275,57,218
E00071900,306,68,238
E00071901,304,61,243
E00071902,232,48,184
E00071903,237,35,202
E00071904,315,57,258
E00071905,313,68,245
E00071906,291,100,191
E00071907,221,38,183
E00071908,243,45,198
E00071909,252,44,208
E00071910,298,62,236
E00071911,338,115,223
E00071912,269,42,227
E00071913,282,51,231
E00071914,272,79,193
E00071915,304,48,256
E00071916,289,77,212
E00071917,483,101,382
E00071918,375,79,296
E00071919,207,40,167
E00071920,205,14,191
E00071921,291,56,235
E00071922,334,85,249
E00071923,325,79,246
E00071924,289,72,217
E00071925,219,41,178
E00071926,252,62,190
E00071927,202,31,171
E00071928,232,45,187
E00071929,108,7,101
E00071930,316,61,255
E00071931,287,56,231
E00071932,274,61,213
E00071933,252,34,218
E00071934,300,70,230
E00071935,362,106,256
E00071936,308,67,241
E00071937,277,62,215
E00071938,237,47,190
E00071939,263,84,179
E00071940,273,35,238
E00071941,272,95,177
E00071942,243,49,194
E00071943,345,75,270
E00071944,288,57,231
E00071946,353,121,232
E00071947,369,142,227
E00071948,424,144,280
E00071949,493,110,383
E00071950,278,63,215
E00071952,255,63,192
E00071953,153,33,120
E00071954,234,43,191
E00071955,163,32,131
E00071956,266,66,200
E00071957,304,56,248
E00071958,438,93,345
E00071959,268,62,206
E00071960,288,72,216
E00071961,297,59,238
E00071962,242,26,216
E00071963,234,36,198
E00071964,145,23,122
E00071965,238,46,192
E00071966,355,94,261
E00071967,324,103,221
E00071968,264,55,209
E00071969,360,48,312
E00071970,346,106,240
E00071971,500,181,319
E00071972,428,111,317
E00071973,225,47,178
E00071974,386,90,296
E00071975,230,33,197
E00071976,358,106,252
E00071977,268,59,209
E00071978,253,51,202
E00071979,313,81,232
E00071980,220,39,181
E00071981,293,49,244
E00071984,349,87,262
E00071985,249,25,224
E00071986,386,86,300
E00071987,245,41,204
E00071988,285,23,262
E00071989,311,94,217
E00071990,352,91,261
E00071991,239,45,194
E00071992,258,12,246
E00071993,292,93,199
E00071994,339,83,256
E00071995,226,10,216
E00071996,346,83,263
E00071997,218,21,197
E00071998,263,61,202
E00071999,308,93,215
E00072000,250,28,222
E00072002,272,48,224
E00072003,266,59,207
E00072004,304,92,212
E00072005,305,64,241
E00072006,251,32,219
E00072007,221,33,188
E00072008,289,60,229
E00072009,301,79,222
E00072010,228,75,153
E00072011,280,65,215
E00072012,264,51,213
E00072013,381,127,254
E00072014,365,116,249
E00072015,384,113,271
E00072016,323,54,269
E00072017,246,35,211
E00072018,266,52,214
E00072019,234,39,195
E00072021,257,25,232
E00072022,510,115,395
E00072023,288,74,214
E00072024,217,40,177
E00072025,260,27,233
E00072027,245,42,203
E00072028,269,42,227
E00072029,293,62,231
E00072030,344,76,268
E00072031,284,85,199
E00072033,216,23,193
E00072034,183,16,167
E00072035,507,118,389
E00072036,241,25,216
E00072037,309,64,245
E00072038,225,24,201
E00072039,185,13,172
E00072040,254,52,202
E00072041,299,49,250
E00072042,239,34,205
E00072043,240,19,221
E00072044,338,41,297
E00072045,213,30,183
E00072046,279,54,225
E00072047,240,58,182
E00072048,350,81,269
E00072049,294,85,209
E00072050,320,69,251
E00072051,267,44,223
E00072052,298,92,206
E00072053,298,44,254
E00072054,269,33,236
E00072055,209,41,168
E00072056,340,94,246
E00072057,242,43,199
E00072058,225,47,178
E00072059,502,107,395
E00072060,189,29,160
E00072061,259,48,211
E00072062,188,18,170
E00072063,219,31,188
E00072064,250,63,187
E00072065,236,55,181
E00072066,515,115,400
E00072067,237,19,218
E00072068,294,67,227
E00072069,240,48,192
E00072070,242,52,190
E00072071,259,59,200
E00072072,228,54,174
E00072073,264,50,214
E00072074,270,39,231
E00072075,317,40,277
E00072076,223,43,180
E00072077,207,40,167
E00072078,194,31,163
E00072079,245,44,201
E00072080,216,46,170
E00072081,240,47,193
E00072082,200,20,180
E00072083,183,20,163
E00072084,230,35,195
E00072085,258,75,183
E00072086,269,40,229
E00072087,279,65,214
E00072088,229,56,173
E00072089,205,29,176
E00072090,241,45,196
E00072091,205,22,183
E00072092,257,36,221
E00072093,385,75,310
E00072094,241,33,208
E00072095,247,41,206
E00072096,250,35,215
E00072097,196,29,167
E00072098,214,46,168
E00072099,241,32,209
E00072100,235,41,194
E00072101,172,22,150
E00072102,257,71,186
E00072103,220,44,176
E00072104,272,57,215
E00072105,216,43,173
E00072106,260,61,199
E00072108,418,126,292
E00072109,403,133,270
E00072110,404,271,133
E00072112,359,186,173
E00072114,381,170,211
E00072115,245,30,215
E00072117,400,178,222
E00072118,316,175,141
E00072120,394,261,133
E00072121,325,226,99
E00072122,343,265,78
E00072123,188,111,77
E00072124,292,67,225
E00072126,296,61,235
E00072127,428,150,278
E00072128,561,147,414
E00072129,269,75,194
E00072130,315,101,214
E00072131,360,120,240
E00072132,369,96,273
E00072133,507,135,372
E00072134,481,118,363
E00072135,113,4,109
E00072136,387,123,264
E00072137,317,109,208
E00072138,381,94,287
E00072139,204,29,175
E00072140,230,38,192
E00072141,264,78,186
E00072142,265,53,212
E00072143,286,73,213
E00072144,285,51,234
E00072145,307,55,252
E00072146,251,44,207
E00072147,254,49,205
E00072148,305,53,252
E00072149,258,46,212
E00072150,201,14,187
E00072151,250,45,205
E00072152,212,33,179
E00072153,233,56,177
E00072154,244,43,201
E00072155,514,116,398
E00072156,246,45,201
E00072157,279,54,225
E00072158,259,80,179
E00072159,325,63,262
E00072160,262,52,210
E00072161,276,48,228
E00072162,427,206,221
E00072163,282,53,229
E00072164,346,122,224
E00072165,269,44,225
E00072166,369,67,302
E00072167,373,100,273
E00072168,300,50,250
E00072169,238,36,202
E00072170,298,62,236
E00072171,189,23,166
E00072172,268,51,217
E00072173,318,58,260
E00072174,243,51,192
E00072175,291,68,223
E00072176,194,35,159
E00072177,251,48,203
E00072178,256,50,206
E00072179,234,33,201
E00072180,289,76,213
E00072181,262,90,172
E00072182,219,33,186
E00072183,263,62,201
E00072184,271,34,237
E00072185,253,36,217
E00072186,254,26,228
E00072187,263,44,219
E00072188,239,42,197
E00072189,259,37,222
E00072190,321,50,271
E00072191,225,32,193
E00072192,326,81,245
E00072193,260,23,237
E00072194,280,84,196
E00072195,261,54,207
E00072196,229,29,200
E00072197,242,35,207
E00072198,306,81,225
E00072199,238,43,195
E00072200,258,60,198
E00072201,366,69,297
E00072202,239,51,188
E00072203,355,95,260
E00072205,318,45,273
E00072206,231,48,183
E00072207,247,52,195
E00072208,239,34,205
E00072209,399,59,340
E00072210,277,59,218
E00072211,257,34,223
E00072212,264,55,209
E00072213,277,47,230
E00072214,270,39,231
E00072215,283,35,248
E00072216,240,30,210
E00072217,316,52,264
E00072218,269,28,241
E00072219,238,30,208
E00072220,257,29,228
E00072221,253,43,210
E00072222,288,33,255
E00072223,327,59,268
E00072224,208,26,182
E00072225,238,56,182
E00072226,295,42,253
E00072228,210,13,197
E00072229,266,23,243
E00072230,373,133,240
E00072231,330,73,257
E00072232,312,85,227
E00072233,231,28,203
E00072234,298,71,227
E00072235,265,32,233
E00072236,437,91,346
E00072237,346,114,232
E00072238,307,94,213
E00072239,354,96,258
E00072240,295,99,196
E00072241,374,127,247
E00072242,264,62,202
E00072243,302,75,227
E00072244,367,80,287
E00072245,199,39,160
E00072246,256,35,221
E00072247,202,43,159
E00072248,207,21,186
E00072249,365,99,266
E00072250,370,109,261
E00072251,283,51,232
E00072252,233,42,191
E00072253,253,36,217
E00072254,351,61,290
E00072255,237,51,186
E00072256,249,32,217
E00072257,307,47,260
E00072258,216,44,172
E00072259,241,54,187
E00072260,193,20,173
E00072261,278,60,218
E00072262,252,34,218
E00072263,175,20,155
E00072264,234,41,193
E00072265,194,12,182
E00072266,279,33,246
E00072267,220,63,157
E00072268,242,53,189
E00072269,370,112,258
E00072270,278,68,210
E00072271,351,81,270
E00072272,401,136,265
E00072273,258,37,221
E00072274,287,43,244
E00072275,382,67,315
E00072276,282,31,251
E00072277,350,79,271
E00072278,324,75,249
E00072279,349,92,257
E00072280,248,24,224
E00072281,192,35,157
E00072282,255,49,206
E00072283,261,42,219
E00072284,290,58,232
E00072285,331,67,264
E00072286,251,45,206
E00072287,231,28,203
E00072288,268,61,207
E00072289,328,53,275
E00072290,257,36,221
E00072291,220,33,187
E00072292,293,35,258
E00072293,291,53,238
E00072294,212,30,182
E00072295,360,104,256
E00072296,284,71,213
E00072297,267,48,219
E00072298,201,23,178
E00072299,336,114,222
E00072300,343,108,235
E00072301,260,52,208
E00072302,315,113,202
E00072303,309,113,196
E00072304,215,38,177
E00072305,312,51,261
E00072306,239,34,205
E00072307,302,83,219
E00072308,360,125,235
E00072309,295,49,246
E00072310,268,64,204
E00072311,257,32,225
E00072312,296,73,223
E00072313,256,48,208
E00072314,162,16,146
E00072315,292,25,267
E00072316,443,66,377
E00072317,321,38,283
E00072318,246,42,204
E00072319,283,55,228
E00072320,245,60,185
E00072321,251,43,208
E00072322,290,79,211
E00072323,242,34,208
E00072324,196,27,169
E00072325,239,25,214
E00072326,210,38,172
E00072327,236,20,216
E00072328,213,24,189
E00072329,239,29,210
E00072330,230,39,191
E00072331,290,35,255
E00072332,229,33,196
E00072333,193,17,176
E00072334,267,37,230
E00072335,219,38,181
E00072336,226,30,196
E00072337,227,50,177
E00072338,205,30,175
E00072339,326,46,280
E00072340,278,52,226
E00072341,216,35,181
E00072342,255,57,198
E00072343,242,39,203
E00072344,196,32,164
E00072345,218,24,194
E00072346,264,67,197
E00072347,118,3,115
E00072348,236,32,204
E00072349,299,59,240
E00072350,297,60,237
E00072351,237,47,190
E00072352,260,64,196
E00072353,292,69,223
E00072354,114,19,95
E00072355,306,66,240
E00072356,241,42,199
E00072357,267,22,245
E00072358,263,78,185
E00072359,241,31,210
E00072360,240,27,213
E00072361,223,46,177
E00072363,250,40,210
E00072364,303,51,252
E00072365,218,29,189
E00072366,229,34,195
E00072367,262,52,210
E00072368,265,51,214
E00072369,184,30,154
E00072370,292,80,212
E00072371,232,34,198
E00072372,244,59,185
E00072373,245,23,222
E00072374,279,89,190
E00072375,264,33,231
E00072376,174,19,155
E00072377,284,72,212
E00072378,302,93,209
E00072379,354,95,259
E00072380,245,44,201
E00072381,343,52,291
E00072382,237,35,202
E00072383,249,50,199
E00072384,192,0,192
E00072385,293,53,240
E00072386,291,55,236
E00072387,254,35,219
E00072388,185,17,168
E00072389,243,23,220
E00072390,288,44,244
E00072391,215,11,204
E00072392,236,45,191
E00072393,284,49,235
E00072394,297,59,238
E00072395,303,79,224
E00072397,280,63,217
E00072398,353,87,266
E00072399,263,51,212
E00072400,277,63,214
E00072401,291,91,200
E00072402,255,48,207
E00072403,240,66,174
E00072404,272,79,193
E00072406,259,57,202
E00072407,234,35,199
E00072408,307,85,222
E00072409,216,31,185
E00072410,294,60,234
E00072411,206,33,173
E00072412,312,79,233
E00072413,303,63,240
E00072414,332,93,239
E00072415,401,182,219
E00072416,334,80,254
E00072417,493,229,264
E00072418,178,23,155
E00072419,241,58,183
E00072420,272,51,221
E00072421,256,60,196
E00072422,184,55,129
E00072423,535,155,380
E00072424,296,54,242
E00072425,224,43,181
E00072426,218,42,176
E00072427,300,44,256
E00072428,325,86,239
E00072429,300,36,264
E00072430,209,33,176
E00072432,444,97,347
E00072433,283,59,224
E00072434,293,94,199
E00072435,294,65,229
E00072436,276,66,210
E00072437,305,54,251
E00072438,241,43,198
E00072439,248,52,196
E00072440,284,49,235
E00072441,285,56,229
E00072442,258,47,211
E00072443,479,74,405
E00072444,307,45,262
E00072445,305,47,258
E00072446,264,43,221
E00072447,409,94,315
E00072448,329,29,300
E00072449,263,53,210
E00072450,234,33,201
E00072451,280,47,233
E00072452,207,12,195
E00072453,230,16,214
E00072454,300,67,233
E00072455,346,110,236
E00072456,213,44,169
E00072457,319,56,263
E00072458,320,94,226
E00072459,263,30,233
E00072460,229,29,200
E00072461,252,41,211
E00072462,202,42,160
E00072463,304,72,232
E00072464,269,29,240
E00072465,247,40,207
E00072466,210,38,172
E00072467,231,36,195
E00072468,233,36,197
E00072469,223,11,212
E00072470,257,44,213
E00072471,288,49,239
E00072472,248,23,225
E00072473,392,47,345
E00072474,243,26,217
E00072475,319,47,272
E00072476,399,82,317
E00072477,288,38,250
E00072478,287,42,245
E00072479,325,73,252
E00072480,295,87,208
E00072481,367,43,324
E00072483,265,64,201
E00072485,258,58,200
E00072486,418,82,336
E00072487,282,64,218
E00072488,268,54,214
E00072489,369,113,256
E00072490,517,112,405
E00072491,227,57,170
E00072492,207,47,160
E00072493,207,41,166
E00072494,238,50,188
E00072495,227,18,209
E00072496,104,15,89
E00072497,265,44,221
E00072498,297,59,238
E00072499,302,63,239
E00072500,244,32,212
E00072501,288,66,222
E00072502,235,42,193
E00072503,298,91,207
E00072504,259,50,209
E00072505,295,82,213
E00072506,404,88,316
E00072507,281,79,202
E00072508,343,93,250
E00072509,234,34,200
E00072510,273,45,228
E00072511,269,61,208
E00072512,216,29,187
E00072513,218,50,168
E00072514,374,84,290
E00072515,389,113,276
E00072516,474,125,349
E00072517,276,71,205
E00072518,349,87,262
E00072519,393,103,290
E00072520,207,46,161
E00072521,266,48,218
E00072522,323,110,213
E00072523,350,127,223
E00072524,264,79,185
E00072525,321,52,269
E00072526,345,40,305
E00072527,269,78,191
E00072528,400,85,315
E00072529,284,80,204
E00072530,264,88,176
E00072531,285,82,203
E00072532,339,91,248
E00072533,273,32,241
E00072534,337,105,232
E00072535,275,56,219
E00072536,329,63,266
E00072537,435,66,369
E00072538,258,69,189
E00072539,224,26,198
E00072540,328,69,259
E00072541,259,36,223
E00072542,483,132,351
E00072543,282,29,253
E00072544,261,50,211
E00072545,339,89,250
E00072546,266,29,237
E00072547,223,9,214
E00072548,336,50,286
E00072549,224,21,203
E00072550,252,18,234
E00072551,308,57,251
E00072552,314,43,271
E00072553,221,20,201
E00072554,203,34,169
E00072555,292,27,265
E00072556,267,35,232
E00072557,318,76,242
E00072558,245,25,220
E00072559,256,42,214
E00072560,268,58,210
E00072561,308,99,209
E00072562,259,62,197
E00072563,189,41,148
E00072564,182,22,160
E00072565,308,144,164
E00072566,285,69,216
E00072567,211,43,168
E00072568,271,62,209
E00072569,208,51,157
E00072570,180,40,140
E00072571,170,49,121
E00072572,140,17,123
E00072573,326,103,223
E00072574,249,71,178
E00072575,442,154,288
E00072576,176,76,100
E00072577,226,68,158
E00072578,231,20,211
E00072579,186,35,151
E00072580,202,61,141
E00072581,229,44,185
E00072582,149,25,124
E00072583,208,29,179
E00072584,208,29,179
E00072585,183,40,143
E00072586,196,39,157
E00072587,191,27,164
E00072588,276,52,224
E00072589,259,53,206
E00072590,276,63,213
E00072591,249,54,195
E00072592,224,38,186
E00072593,354,75,279
E00072594,301,59,242
E00072595,288,64,224
E00072596,310,42,268
E00072597,281,56,225
E00072598,296,40,256
E00072599,347,103,244
E00072600,333,69,264
E00072601,242,45,197
E00072602,308,63,245
E00072603,327,51,276
E00072604,362,88,274
E00072605,284,39,245
E00072606,262,50,212
E00072607,320,70,250
E00072608,241,47,194
E00072609,325,61,264
E00072611,141,29,112
E00072613,248,40,208
E00072614,318,56,262
E00072615,211,44,167
E00072616,300,67,233
E00072617,192,42,150
E00072618,583,310,273
E00072619,399,58,341
E00072620,134,20,114
E00072621,279,51,228
E00072622,307,59,248
E00072623,224,48,176
E00072624,308,39,269
E00072625,358,83,275
E00072626,144,26,118
E00072627,237,57,180
E00072628,279,43,236
E00072629,312,66,246
E00072630,1366,1215,151
E00072631,244,44,200
E00072632,247,39,208
E00072633,493,142,351
E00072634,266,40,226
E00072635,274,59,215
E00072636,365,124,241
E00072637,240,62,178
E00072638,307,62,245
E00072640,325,48,277
E00072641,273,46,227
E00072642,403,64,339
E00072643,256,55,201
E00072644,255,42,213
E00072645,447,95,352
E00072646,336,69,267
E00072647,200,48,152
E00072648,230,30,200
E00072649,290,53,237
E00072650,246,44,202
E00072651,215,27,188
E00072652,563,143,420
E00072653,488,134,354
E00072654,196,35,161
E00072655,296,38,258
E00072656,338,68,270
E00072657,124,17,107
E00072658,135,13,122
E00072659,308,74,234
E00072660,380,78,302
E00072661,266,53,213
E00072662,286,60,226
E00072663,285,44,241
E00072664,391,59,332
E00072665,361,63,298
E00072666,239,40,199
E00072667,261,49,212
E00072668,204,45,159
E00072669,261,80,181
E00072671,177,43,134
E00072672,247,48,199
E00072673,270,59,211
E00072674,278,82,196
E00072675,231,56,175
E00072676,312,90,222
E00072677,250,66,184
E00072678,328,85,243
E00072680,257,48,209
E00072681,357,99,258
E00072682,322,75,247
E00072683,259,94,165
E00072684,259,57,202
E00072685,311,47,264
E00072686,272,31,241
E00072687,159,24,135
E00072688,333,54,279
E00072689,202,37,165
E00072690,296,47,249
E00072691,396,48,348
E00072692,348,63,285
E00072693,372,59,313
E00072694,307,48,259
E00072695,209,33,176
E00072696,345,64,281
E00072697,293,71,222
E00072698,311,60,251
E00072699,504,63,441
E00072700,361,56,305
E00072701,306,65,241
E00072702,313,59,254
E00072703,297,47,250
E00072704,236,38,198
E00072705,380,73,307
E00072706,243,33,210
E00072707,276,51,225
E00072708,252,33,219
E00072709,359,80,279
E00072710,266,28,238
E00072711,308,67,241
E00072712,308,49,259
E00072713,300,42,258
E00072714,322,36,286
E00072715,359,55,304
E00072716,236,32,204
E00072717,503,101,402
E00072718,239,34,205
E00072719,235,31,204
E00072720,380,87,293
E00072721,285,44,241
E00072722,372,55,317
E00072723,309,37,272
E00072725,286,46,240
E00072726,319,66,253
E00072727,329,67,262
E00072728,321,75,246
E00072729,342,63,279
E00072730,270,34,236
E00072731,265,49,216
E00072732,352,107,245
E00072733,317,63,254
E00072734,376,71,305
E00072736,301,44,257
E00072737,299,49,250
E00072738,246,38,208
E00072739,239,26,213
E00072741,228,11,217
E00072742,293,37,256
E00072743,217,18,199
E00072744,325,44,281
E00072745,347,29,318
E00072746,273,53,220
E00072747,198,25,173
E00072748,282,58,224
E00072749,455,80,375
E00072750,282,65,217
E00072751,262,53,209
E00072752,336,83,253
E00072753,391,84,307
E00072755,165,26,139
E00072756,260,85,175
E00072757,186,34,152
E00072758,629,496,133
E00072759,402,238,164
E00072760,249,58,191
E00072761,203,44,159
E00072762,263,97,166
E00072763,249,67,182
E00072764,189,19,170
E00072765,304,82,222
E00072766,321,82,239
E00072767,328,109,219
E00072768,376,119,257
E00072769,309,85,224
E00072770,264,95,169
E00072771,258,94,164
E00072772,338,128,210
E00072773,209,28,181
E00072774,161,28,133
E00072775,190,46,144
E00072776,274,66,208
E00072777,278,50,228
E00072778,290,65,225
E00072779,323,58,265
E00072780,323,71,252
E00072781,217,34,183
E00072782,256,35,221
E00072783,366,78,288
E00072784,273,64,209
E00072785,235,43,192
E00072786,315,75,240
E00072787,250,35,215
E00072788,322,61,261
E00072789,275,62,213
E00072790,263,59,204
E00072791,277,53,224
E00072792,242,51,191
E00072793,214,38,176
E00072794,327,67,260
E00072795,244,58,186
E00072797,348,141,207
E00072798,404,199,205
E00072799,257,37,220
E00072800,212,50,162
E00072801,335,61,274
E00072802,251,64,187
E00072803,228,27,201
E00072804,158,17,141
E00072805,271,46,225
E00072806,185,56,129
E00072807,189,62,127
E00072808,145,33,112
E00072809,229,56,173
E00072810,243,82,161
E00072811,192,29,163
E00072812,203,38,165
E00072813,317,74,243
E00072814,322,95,227
E00072815,275,72,203
E00072816,299,58,241
E00072817,274,66,208
E00072818,298,61,237
E00072819,301,66,235
E00072820,294,65,229
E00072821,280,51,229
E00072822,286,60,226
E00072823,214,49,165
E00072824,377,82,295
E00072825,280,57,223
E00072826,538,131,407
E00072827,336,93,243
E00072828,332,76,256
E00072829,315,84,231
E00072830,337,69,268
E00072831,318,48,270
E00072832,341,49,292
E00072833,435,86,349
E00072834,342,73,269
E00072835,279,32,247
E00072836,277,42,235
E00072837,511,88,423
E00072838,475,86,389
E00072839,343,78,265
E00072840,272,51,221
E00072841,350,71,279
E00072842,362,70,292
E00072844,311,38,273
E00072845,274,31,243
E00072846,337,77,260
E00072847,234,36,198
E00072848,265,40,225
E00072849,279,21,258
E00072850,283,31,252
E00072851,273,29,244
E00072852,353,45,308
E00072853,326,60,266
E00072854,414,72,342
E00072855,229,39,190
E00072856,329,65,264
E00072857,561,122,439
E00072858,262,41,221
E00072859,314,52,262
E00072860,299,36,263
E00072861,464,78,386
E00072862,252,31,221
E00072864,220,18,202
E00072865,379,76,303
E00072866,319,55,264
E00072867,373,81,292
E00072868,340,69,271
E00072869,280,51,229
E00072870,290,41,249
E00072871,328,94,234
E00072872,267,35,232
E00072873,247,40,207
E00072874,236,40,196
E00072875,265,48,217
E00072876,219,36,183
E00072877,283,63,220
E00072878,247,47,200
E00072879,396,118,278
E00072880,339,98,241
E00072881,343,113,230
E00072882,296,64,232
E00072883,270,63,207
E00072884,221,32,189
E00072885,359,113,246
E00072886,298,95,203
E00072887,237,42,195
E00072888,385,104,281
E00072889,257,89,168
E00072890,310,63,247
E00072891,303,74,229
E00072892,289,60,229
E00072894,253,45,208
E00072895,262,86,176
E00072896,321,75,246
E00072897,356,83,273
E00072898,379,124,255
E00072899,301,51,250
E00072900,310,67,243
E00072901,340,81,259
E00072902,259,66,193
E00072903,285,58,227
E00072904,268,50,218
E00072905,329,78,251
E00072906,309,72,237
E00072907,310,92,218
E00072908,322,96,226
E00072909,269,43,226
E00072910,413,303,110
E00072911,400,269,131
E00072912,392,232,160
E00072913,454,314,140
E00072914,309,160,149
E00072915,376,244,132
E00072916,363,129,234
E00072917,264,81,183
E00072918,217,50,167
E00072919,266,87,179
E00072920,278,68,210
E00072921,225,43,182
E00072922,356,112,244
E00072923,266,61,205
E00072924,268,54,214
E00072925,297,48,249
E00072926,422,76,346
E00072927,508,112,396
E00072930,306,54,252
E00072931,355,63,292
E00072932,296,53,243
E00072933,217,27,190
E00072934,305,54,251
E00072935,273,44,229
E00072936,271,62,209
E00072937,392,67,325
E00072938,250,25,225
E00072940,288,57,231
E00072941,278,43,235
E00072942,245,46,199
E00072943,499,110,389
E00072944,356,73,283
E00072945,257,54,203
E00072946,253,41,212
E00072947,230,21,209
E00072948,522,120,402
E00072949,273,53,220
E00072950,343,80,263
E00072951,424,108,316
E00072952,363,83,280
E00072953,203,33,170
E00072954,241,59,182
E00072955,162,27,135
E00072956,314,53,261
E00072957,293,39,254
E00072958,293,23,270
E00072959,212,24,188
E00072960,271,40,231
E00072961,276,56,220
E00072962,302,72,230
E00072963,255,44,211
E00072964,262,18,244
E00072965,297,55,242
E00072966,337,64,273
E00072967,304,56,248
E00072968,355,51,304
E00072970,356,63,293
E00072971,284,49,235
E00072972,183,39,144
E00072973,323,71,252
E00072974,357,59,298
E00072975,349,59,290
E00072976,290,54,236
E00072977,306,44,262
E00072978,398,107,291
E00072980,275,67,208
E00072981,259,46,213
E00072982,445,100,345
E00072983,296,68,228
E00072984,343,84,259
E00072985,391,71,320
E00072986,385,83,302
E00072987,294,54,240
E00072988,290,43,247
E00072989,331,82,249
E00072990,342,61,281
E00072991,297,58,239
E00072992,327,59,268
E00072993,335,57,278
E00072994,231,24,207
E00072995,224,19,205
E00072996,293,46,247
E00072997,346,68,278
E00072998,345,71,274
E00072999,318,67,251
E00073000,320,71,249
E00073001,301,55,246
E00073002,294,98,196
E00073003,257,68,189
E00073004,284,60,224
E00073005,349,95,254
E00073006,273,60,213
E00073007,246,44,202
E00073008,254,52,202
E00073009,258,65,193
E00073010,246,45,201
E00073011,282,59,223
E00073012,293,58,235
E00073013,302,73,229
E00073014,310,57,253
E00073015,289,75,214
E00073016,236,30,206
E00073017,284,59,225
E00073018,404,155,249
E00073019,196,17,179
E00073020,206,33,173
E00073021,235,36,199
E00073022,124,12,112
E00073023,273,29,244
E00073024,184,38,146
E00073025,377,78,299
E00073026,250,27,223
E00073027,309,58,251
E00073028,319,56,263
E00073029,244,35,209
E00073030,291,78,213
E00073031,276,59,217
E00073032,301,71,230
E00073033,244,39,205
E00073034,345,43,302
E00073035,257,64,193
E00073036,328,86,242
E00073037,252,57,195
E00073038,317,81,236
E00073039,246,71,175
E00073040,285,82,203
E00073041,272,82,190
E00073042,254,53,201
E00073043,344,65,279
E00073044,209,57,152
E00073045,250,54,196
E00073046,286,59,227
E00073047,271,64,207
E00073048,372,171,201
E00073049,282,73,209
E00073050,335,50,285
E00073051,207,48,159
E00073052,248,58,190
E00073053,255,49,206
E00073054,256,56,200
E00073055,238,47,191
E00073056,316,32,284
E00073057,237,38,199
E00073058,258,67,191
E00073059,266,76,190
E00073060,277,56,221
E00073061,221,46,175
E00073062,220,57,163
E00073063,152,27,125
E00073064,245,62,183
E00073065,281,55,226
E00073066,236,39,197
E00073067,288,59,229
E00073068,317,79,238
E00073069,216,38,178
E00073070,250,53,197
E00073071,299,41,258
E00073072,296,59,237
E00073073,307,50,257
E00073074,264,44,220
E00073075,244,45,199
E00073076,309,65,244
E00073077,330,70,260
E00073078,297,66,231
E00073079,376,63,313
E00073080,287,45,242
E00073081,433,117,316
E00073084,308,42,266
E00073085,309,53,256
E00073086,381,60,321
E00073087,328,57,271
E00073088,355,133,222
E00073090,309,111,198
E00073091,290,147,143
E00073092,236,67,169
E00073093,300,168,132
E00073094,340,189,151
E00073095,421,251,170
E00073096,330,134,196
E00073097,323,176,147
E00073098,320,157,163
E00073099,365,140,225
E00073100,383,234,149
E00073101,408,241,167
E00073102,340,151,189
E00073103,364,201,163
E00073104,360,123,237
E00073106,219,34,185
E00073107,265,42,223
E00073108,263,66,197
E00073109,294,87,207
E00073110,311,72,239
E00073111,231,55,176
E00073112,322,79,243
E00073113,258,48,210
E00073114,193,54,139
E00073115,316,41,275
E00073116,259,47,212
E00073117,239,53,186
E00073118,356,62,294
E00073119,305,57,248
E00073120,293,66,227
E00073121,268,57,211
E00073122,279,56,223
E00073123,334,82,252
E00073124,281,57,224
E00073125,328,137,191
E00073126,375,214,161
E00073127,464,326,138
E00073128,414,161,253
E00073129,335,173,162
E00073130,334,179,155
E00073131,294,101,193
E00073132,301,61,240
E00073133,374,236,138
E00073134,296,103,193
E00073135,322,81,241
E00073136,322,113,209
E00073137,323,156,167
E00073138,309,119,190
E00073139,242,67,175
E00073140,234,53,181
E00073141,279,71,208
E00073142,332,69,263
E00073143,341,55,286
E00073145,396,121,275
E00073147,504,138,366
E00073148,287,57,230
E00073150,445,76,369
E00073152,376,102,274
E00073153,489,107,382
E00073154,358,105,253
E00073155,348,79,269
E00073156,270,52,218
E00073157,402,113,289
E00073158,323,49,274
E00073159,315,82,233
E00073160,385,65,320
E00073161,358,65,293
E00073162,382,105,277
E00073163,321,95,226
E00073164,281,31,250
E00073165,332,129,203
E00073166,271,47,224
E00073167,414,71,343
E00073168,355,68,287
E00073169,450,80,370
E00073170,564,222,342
E00073171,484,105,379
E00073172,295,62,233
E00073173,302,58,244
E00073174,302,48,254
E00073176,334,74,260
E00073177,327,91,236
E00073178,338,92,246
E00073179,319,52,267
E00073181,457,127,330
E00073182,428,115,313
E00073183,307,49,258
E00073184,321,75,246
E00073185,337,73,264
E00073186,276,50,226
E00073187,354,73,281
E00073188,255,52,203
E00073189,287,58,229
E00073190,395,83,312
E00073191,253,49,204
E00073192,254,45,209
E00073193,332,56,276
E00073194,301,88,213
E00073195,321,64,257
E00073196,216,31,185
E00073197,356,50,306
E00073198,198,15,183
E00073199,271,65,206
E00073200,282,60,222
E00073201,239,35,204
E00073202,305,42,263
E00073203,274,35,239
E00073204,282,42,240
E00073205,366,52,314
E00073206,433,95,338
E00073207,280,35,245
E00073208,236,34,202
E00073209,276,62,214
E00073210,353,54,299
E00073211,483,76,407
E00073212,369,51,318
E00073213,325,35,290
E00073214,379,88,291
E00073215,267,104,163
E00073216,322,103,219
E00073217,304,46,258
E00073218,368,83,285
E00073219,314,110,204
E00073220,340,74,266
E00073221,277,41,236
E00073222,378,92,286
E00073223,306,47,259
E00073224,287,26,261
E00073225,385,46,339
E00073226,242,23,219
E00073227,244,21,223
E00073228,322,48,274
E00073229,291,41,250
E00073230,327,59,268
E00073231,413,80,333
E00073232,288,40,248
E00073233,290,69,221
E00073234,278,34,244
E00073236,267,52,215
E00073237,301,30,271
E00073238,270,30,240
E00073239,439,40,399
E00073240,374,61,313
E00073241,263,31,232
E00073242,247,27,220
E00073243,329,58,271
E00073245,343,62,281
E00073246,316,59,257
E00073247,310,57,253
E00073248,284,38,246
E00073249,243,19,224
E00073250,464,55,409
E00073251,356,33,323
E00073252,314,42,272
E00073253,480,99,381
E00073254,310,36,274
E00073255,396,52,344
E00073256,339,46,293
E00073257,374,81,293
E00073258,368,65,303
E00073259,249,32,217
E00073260,293,38,255
E00073261,327,65,262
E00073262,230,39,191
E00073263,379,112,267
E00073264,350,121,229
E00073266,319,102,217
E00073267,261,55,206
E00073268,388,100,288
E00073269,381,127,254
E00073270,372,147,225
E00073271,451,135,316
E00073272,333,87,246
E00073273,265,55,210
E00073274,580,86,494
E00073276,309,114,195
E00073277,302,77,225
E00073278,367,100,267
E00073280,351,123,228
E00073281,393,140,253
E00073282,398,161,237
E00073283,321,80,241
E00073284,199,47,152
E00073285,355,101,254
E00073286,321,72,249
E00073287,272,56,216
E00073288,306,66,240
E00073289,337,97,240
E00073290,295,62,233
E00073291,314,63,251
E00073292,516,153,363
E00073293,374,112,262
E00073294,410,151,259
E00073295,314,75,239
E00073296,286,69,217
E00073297,345,115,230
E00073298,402,115,287
E00073299,349,88,261
E00073300,245,54,191
E00073301,353,47,306
E00073302,338,105,233
E00073303,397,102,295
E00073304,296,59,237
E00073305,284,43,241
E00073306,252,41,211
E00073307,276,52,224
E00073308,310,70,240
E00073309,278,50,228
E00073310,352,72,280
E00073311,295,61,234
E00073312,349,89,260
E00073313,346,74,272
E00073314,249,89,160
E00073315,180,41,139
E00073316,288,86,202
E00073317,266,63,203
E00073318,344,88,256
E00073319,433,73,360
E00073320,343,57,286
E00073321,297,51,246
E00073322,305,46,259
E00073323,251,43,208
E00073324,351,81,270
E00073325,348,63,285
E00073326,286,37,249
E00073327,335,74,261
E00073328,334,47,287
E00073329,288,41,247
E00073330,366,83,283
E00073331,411,80,331
E00073332,279,38,241
E00073333,282,31,251
E00073334,296,61,235
E00073335,420,87,333
E00073336,287,49,238
E00073337,298,74,224
E00073338,254,27,227
E00073339,274,34,240
E00073340,233,26,207
E00073341,275,44,231
E00073342,394,81,313
E00073343,358,57,301
E00073344,239,35,204
E00073345,166,24,142
E00073346,315,45,270
E00073347,172,18,154
E00073348,249,28,221
E00073349,306,78,228
E00073350,328,46,282
E00073351,340,83,257
E00073352,248,48,200
E00073353,330,48,282
E00073354,321,78,243
E00073355,340,77,263
E00073356,362,59,303
E00073357,308,68,240
E00073358,309,55,254
E00073359,309,51,258
E00073360,254,43,211
E00073361,311,33,278
E00073362,398,73,325
E00073363,324,59,265
E00073364,286,59,227
E00073365,300,63,237
E00073366,379,57,322
E00073367,289,40,249
E00073368,284,52,232
E00073369,307,72,235
E00073370,223,18,205
E00073371,185,14,171
E00073372,237,63,174
E00073373,262,50,212
E00073374,313,56,257
E00073375,310,55,255
E00073376,258,43,215
E00073377,265,50,215
E00073378,262,38,224
E00073379,354,47,307
E00073380,363,65,298
E00073381,393,80,313
E00073382,370,68,302
E00073383,255,48,207
E00073384,460,87,373
E00073385,333,56,277
E00073386,364,59,305
E00073387,224,31,193
E00073388,302,71,231
E00073389,312,40,272
E00073390,320,62,258
E00073391,297,47,250
E00073392,371,69,302
E00073393,288,52,236
E00073394,419,72,347
E00073395,314,88,226
E00073397,260,46,214
E00073398,263,42,221
E00073399,301,65,236
E00073400,288,51,237
E00073401,270,33,237
E00073402,247,29,218
E00073403,294,41,253
E00073404,275,29,246
E00073405,335,63,272
E00073406,275,42,233
E00073407,313,58,255
E00073408,332,58,274
E00073409,274,41,233
E00073410,269,28,241
E00073411,306,54,252
E00073412,362,78,284
E00073413,283,59,224
E00073414,314,110,204
E00073415,303,167,136
E00073416,294,98,196
E00073419,294,62,232
E00073420,214,136,78
E00073421,409,317,92
E00073422,211,48,163
E00073423,250,95,155
E00073424,253,85,168
E00073425,385,235,150
E00073426,365,263,102
E00073431,501,302,199
E00073432,158,41,117
E00073433,528,371,157
E00073437,207,19,188
E00073439,252,28,224
E00073440,265,56,209
E00073441,240,60,180
E00073442,401,110,291
E00073443,257,49,208
E00073444,236,70,166
E00073445,261,112,149
E00073446,421,224,197
E00073447,251,71,180
E00073448,290,105,185
E00073449,203,39,164
E00073450,262,60,202
E00073451,270,33,237
E00073452,267,38,229
E00073453,307,110,197
E00073454,324,70,254
E00073455,311,73,238
E00073456,264,49,215
E00073457,215,33,182
E00073458,280,33,247
E00073461,207,35,172
E00073462,378,152,226
E00073463,199,27,172
E00073464,546,317,229
E00073465,341,92,249
E00073466,418,175,243
E00073467,268,51,217
E00073468,333,66,267
E00073469,230,38,192
E00073470,354,68,286
E00073471,196,38,158
E00073472,259,59,200
E00073473,451,318,133
E00073474,170,39,131
E00073476,268,82,186
E00073477,265,54,211
E00073478,229,40,189
E00073479,246,63,183
E00073480,277,42,235
E00073481,472,146,326
E00073482,387,150,237
E00073483,340,128,212
E00073484,246,46,200
E00073485,226,93,133
E00073486,372,101,271
E00073487,285,124,161
E00073488,272,128,144
E00073489,220,33,187
E00073490,268,69,199
E00073491,328,145,183
E00073492,290,69,221
E00073493,331,138,193
E00073494,360,199,161
E00073495,428,283,145
E00073496,518,296,222
E00073497,263,82,181
E00073498,236,47,189
E00073499,237,62,175
E00073500,424,227,197
E00073501,335,132,203
E00073502,370,140,230
E00073503,239,31,208
E00073504,336,173,163
E00073505,212,99,113
E00073506,279,75,204
E00073507,163,29,134
E00073508,245,85,160
E00073509,301,86,215
E00073510,279,114,165
E00073511,254,62,192
E00073512,327,119,208
E00073513,287,67,220
E00073514,358,185,173
E00073515,289,72,217
E00073516,356,151,205
E00073517,271,82,189
E00073518,235,59,176
E00073519,346,179,167
E00073520,316,71,245
E00073521,336,175,161
E00073522,308,104,204
E00073523,245,46,199
E00073524,291,97,194
E00073525,321,72,249
E00073526,310,165,145
E00073527,326,171,155
E00073528,328,106,222
E00073529,313,175,138
E00073530,342,134,208
E00073531,329,94,235
E00073532,525,241,284
E00073533,297,91,206
E00073534,281,93,188
E00073535,209,45,164
E00073536,212,24,188
E00073537,346,98,248
E00073538,260,52,208
E00073539,204,36,168
E00073540,206,48,158
E00073541,319,124,195
E00073542,284,110,174
E00073543,316,123,193
E00073544,272,78,194
E00073545,395,136,259
E00073546,408,254,154
E00073547,255,36,219
E00073548,432,253,179
E00073549,286,40,246
E00073550,328,163,165
E00073551,335,191,144
E00073552,284,70,214
E00073553,268,100,168
E00073554,281,132,149
E00073555,261,72,189
E00073556,253,150,103
E00073557,357,169,188
E00073558,325,108,217
E00073559,328,60,268
E00073560,301,32,269
E00073561,454,113,341
E00073562,413,86,327
E00073563,383,64,319
E00073564,327,58,269
E00073565,572,105,467
E00073566,230,47,183
E00073567,293,38,255
E00073568,364,75,289
E00073569,419,75,344
E00073570,330,57,273
E00073571,382,81,301
E00073572,334,82,252
E00073573,510,114,396
E00073574,355,72,283
E00073575,475,110,365
E00073576,388,75,313
E00073577,336,62,274
E00073578,377,86,291
E00073579,244,21,223
E00073580,382,76,306
E00073581,301,51,250
E00073582,316,57,259
E00073583,294,26,268
E00073584,329,59,270
E00073585,326,40,286
E00073586,263,24,239
E00073587,296,33,263
E00073588,179,21,158
E00073589,130,12,118
E00073590,427,76,351
E00073591,226,21,205
E00073592,268,47,221
E00073593,252,26,226
E00073594,286,37,249
E00073595,284,31,253
E00073596,297,33,264
E00073597,532,96,436
E00073598,332,56,276
E00073599,224,24,200
E00073600,439,212,227
E00073601,260,62,198
E00073602,321,68,253
E00073603,327,73,254
E00073604,377,85,292
E00073605,246,44,202
E00073606,387,75,312
E00073607,280,48,232
E00073608,288,64,224
E00073609,302,46,256
E00073611,375,86,289
E00073612,328,64,264
E00073613,280,89,191
E00073614,529,111,418
E00073615,366,62,304
E00073616,313,45,268
E00073617,249,38,211
E00073618,302,43,259
E00073619,359,85,274
E00073620,299,82,217
E00073621,356,74,282
E00073622,296,124,172
E00073623,337,79,258
E00073624,255,97,158
E00073625,339,141,198
E00073626,290,54,236
E00073627,407,98,309
E00073628,209,42,167
E00073629,365,78,287
E00073630,431,102,329
E00073631,319,65,254
E00073632,388,116,272
E00073633,247,40,207
E00073634,470,117,353
E00073635,340,67,273
E00073636,364,104,260
E00073637,341,74,267
E00073638,332,83,249
E00073639,345,70,275
E00073640,333,76,257
E00073641,361,106,255
E00073642,363,103,260
E00073643,372,99,273
E00073644,368,98,270
E00073645,360,142,218
E00073646,531,175,356
E00073647,361,85,276
E00073648,391,139,252
E00073649,340,89,251
E00073650,348,101,247
E00073651,405,85,320
E00073652,319,78,241
E00073653,199,32,167
E00073654,327,90,237
E00073655,419,128,291
E00073656,346,76,270
E00073657,293,76,217
E00073658,300,78,222
E00073659,304,84,220
E00073660,369,95,274
E00073662,311,62,249
E00073663,303,63,240
E00073664,192,12,180
E00073665,297,43,254
E00073666,374,69,305
E00073667,459,107,352
E00073668,306,82,224
E00073669,261,75,186
E00073670,232,33,199
E00073671,349,99,250
E00073672,350,106,244
E00073673,227,36,191
E00073674,312,50,262
E00073675,252,47,205
E00073676,436,144,292
E00073677,327,93,234
E00073678,262,81,181
E00073679,193,16,177
E00073680,265,71,194
E00073681,502,309,193
E00073682,342,73,269
E00073683,375,86,289
E00073684,314,95,219
E00073685,306,98,208
E00073688,316,97,219
E00073689,294,51,243
E00073690,348,114,234
E00073691,315,94,221
E00073692,391,106,285
E00073693,450,104,346
E00073695,301,65,236
E00073696,300,59,241
E00073697,330,78,252
E00073698,459,113,346
E00073699,326,81,245
E00073700,251,47,204
E00073701,229,16,213
E00073702,276,77,199
E00073703,242,57,185
E00073704,243,25,218
E00073705,276,29,247
E00073706,348,87,261
E00073707,263,58,205
E00073708,294,54,240
E00073709,297,87,210
E00073710,250,42,208
E00073711,387,77,310
E00073712,307,104,203
E00073713,373,73,300
E00073714,278,64,214
E00073715,377,86,291
E00073716,234,55,179
E00073717,294,82,212
E00073718,344,90,254
E00073719,380,43,337
E00073720,363,100,263
E00073721,254,37,217
E00073722,372,79,293
E00073723,314,46,268
E00073724,476,150,326
E00073725,252,43,209
E00073726,239,43,196
E00073727,222,35,187
E00073728,291,48,243
E00073729,250,48,202
E00073730,283,65,218
E00073731,270,48,222
E00073732,248,46,202
E00073733,241,44,197
E00073734,245,28,217
E00073735,293,57,236
E00073736,256,41,215
E00073737,298,55,243
E00073738,310,61,249
E00073739,344,68,276
E00073740,299,67,232
E00073741,261,35,226
E00073743,327,48,279
E00073744,345,92,253
E00073745,293,119,174
E00073746,237,38,199
E00073747,283,41,242
E00073748,563,170,393
E00073749,275,41,234
E00073750,271,71,200
E00073751,305,68,237
E00073752,529,115,414
E00073754,361,69,292
E00073755,257,66,191
E00073756,156,9,147
E00073757,269,40,229
E00073758,386,122,264
E00073759,345,79,266
E00073760,307,49,258
E00073761,375,82,293
E00073762,255,38,217
E00073763,304,59,245
E00073764,350,82,268
E00073765,266,48,218
E00073766,318,79,239
E00073767,375,91,284
E00073768,354,96,258
E00073769,273,40,233
E00073770,262,53,209
E00073771,307,72,235
E00073772,311,73,238
E00073773,293,62,231
E00073774,391,68,323
E00073775,385,93,292
E00073776,257,37,220
E00073777,255,40,215
E00073778,310,62,248
E00073779,253,25,228
E00073780,204,30,174
E00073781,318,58,260
E00073782,388,84,304
E00073783,344,63,281
E00073784,498,102,396
E00073785,352,50,302
E00073786,433,108,325
E00073787,358,87,271
E00073788,323,48,275
E00073789,313,61,252
E00073790,408,91,317
E00073791,237,35,202
E00073792,385,107,278
E00073793,341,61,280
E00073794,313,56,257
E00073795,320,48,272
E00073796,257,37,220
E00073797,250,36,214
E00073798,303,57,246
E00073799,353,87,266
E00073800,242,40,202
E00073801,277,40,237
E00073802,300,64,236
E00073803,318,80,238
E00073804,241,43,198
E00073805,286,67,219
E00073806,253,28,225
E00073807,299,48,251
E00073808,253,35,218
E00073809,293,38,255
E00073810,277,51,226
E00073811,316,68,248
E00073812,282,46,236
E00073813,289,41,248
E00073814,351,45,306
E00073815,399,82,317
E00073816,264,35,229
E00073817,360,72,288
E00073818,326,60,266
E00073819,267,37,230
E00073820,259,41,218
E00073821,223,31,192
E00073822,399,112,287
E00073823,236,32,204
E00073824,315,66,249
E00073825,336,92,244
E00073826,326,78,248
E00073827,369,102,267
E00073828,258,44,214
E00073829,236,49,187
E00073830,332,112,220
E00073831,291,83,208
E00073832,265,59,206
E00073833,335,74,261
E00073834,265,38,227
E00073835,299,59,240
E00073836,195,37,158
E00073837,294,49,245
E00073838,319,65,254
E00073839,315,85,230
E00073840,329,85,244
E00073841,312,77,235
E00073842,321,63,258
E00073843,341,68,273
E00073844,333,83,250
E00073845,311,62,249
E00073846,282,58,224
E00073847,308,70,238
E00073848,318,79,239
E00073849,361,92,269
E00073850,289,71,218
E00073851,264,57,207
E00073852,301,67,234
E00073853,315,69,246
E00073854,298,57,241
E00073855,234,30,204
E00073856,313,67,246
E00073857,382,88,294
E00073858,288,51,237
E00073859,529,109,420
E00073860,171,30,141
E00073861,360,64,296
E00073862,514,91,423
E00073864,487,85,402
E00073865,314,51,263
E00073866,314,50,264
E00073867,289,61,228
E00073868,277,64,213
E00073869,307,79,228
E00073870,351,99,252
E00073871,281,95,186
E00073872,354,48,306
E00073873,371,102,269
E00073874,368,109,259
E00073875,376,98,278
E00073876,363,103,260
E00073877,353,73,280
E00073878,278,62,216
E00073879,392,103,289
E00073880,366,91,275
E00073881,377,94,283
E00073882,316,70,246
E00073883,367,118,249
E00073884,277,70,207
E00073885,298,48,250
E00073886,321,56,265
E00073887,403,101,302
E00073888,368,108,260
E00073889,295,71,224
E00073890,337,98,239
E00073891,356,85,271
E00073892,298,90,208
E00073893,364,125,239
E00073894,381,126,255
E00073895,282,57,225
E00073896,324,91,233
E00073897,312,61,251
E00073898,369,96,273
E00073899,350,79,271
E00073900,331,62,269
E00073901,385,132,253
E00073902,297,86,211
E00073904,401,144,257
E00073905,546,127,419
E00073906,322,45,277
E00073907,326,62,264
E00073908,293,76,217
E00073909,268,57,211
E00073910,249,58,191
E00073911,293,79,214
E00073912,393,118,275
E00073913,325,65,260
E00073914,345,94,251
E00073915,492,254,238
E00073916,312,69,243
E00073917,346,41,305
E00073918,318,39,279
E00073919,383,98,285
E00073921,249,60,189
E00073922,318,48,270
E00073923,343,51,292
E00073925,370,112,258
E00073926,396,85,311
E00073927,337,63,274
E00073928,359,158,201
E00073929,270,45,225
E00073930,281,59,222
E00073931,271,64,207
E00073932,296,58,238
E00073933,233,51,182
E00073934,251,38,213
E00073935,324,76,248
E00073936,260,71,189
E00073937,332,89,243
E00073938,248,63,185
E00073939,356,95,261
E00073940,216,42,174
E00073941,328,97,231
E00073942,289,94,195
E00073943,334,74,260
E00073944,267,91,176
E00073945,311,94,217
E00073946,355,92,263
E00073947,291,59,232
E00073948,272,78,194
E00073949,232,40,192
E00073950,309,66,243
E00073951,253,44,209
E00073952,233,37,196
E00073953,237,34,203
E00073954,263,49,214
E00073955,341,63,278
E00073956,295,61,234
E00073957,277,59,218
E00073958,295,46,249
E00073959,342,83,259
E00073960,287,46,241
E00073961,331,78,253
E00073962,294,54,240
E00073963,347,56,291
E00073964,360,99,261
E00073965,314,70,244
E00073966,278,75,203
E00073967,295,54,241
E00073968,311,55,256
E00073969,294,30,264
E00073970,312,66,246
E00073971,337,82,255
E00073972,316,77,239
E00073973,368,72,296
E00073974,417,78,339
E00073975,299,66,233
E00073976,289,51,238
E00073977,380,70,310
E00073978,307,62,245
E00073979,287,51,236
E00073980,315,60,255
E00073981,300,67,233
E00073982,282,27,255
E00073983,354,74,280
E00073984,372,87,285
E00073985,300,65,235
E00073986,299,53,246
E00073987,336,66,270
E00073988,316,69,247
E00073989,370,78,292
E00073990,350,63,287
E00073991,398,70,328
E00073992,330,51,279
E00073993,341,74,267
E00073994,333,73,260
E00073995,319,63,256
E00073996,319,48,271
E00073997,216,27,189
E00073998,384,106,278
E00073999,368,116,252
E00074000,322,88,234
E00074001,312,79,233
E00074002,287,36,251
E00074003,477,122,355
E00074006,376,122,254
E00074007,229,15,214
E00074008,199,9,190
E00074009,367,110,257
E00074010,449,153,296
E00074011,278,63,215
E00074012,240,42,198
E00074013,350,92,258
E00074014,368,76,292
E00074016,390,126,264
E00074018,497,161,336
E00074019,361,101,260
E00074020,440,114,326
E00074021,372,139,233
E00074022,455,106,349
E00074023,541,161,380
E00074024,407,114,293
E00074025,444,125,319
E00074026,465,93,372
E00074027,312,99,213
E00074028,508,206,302
E00074029,504,205,299
E00074030,197,37,160
E00074032,344,118,226
E00074033,414,173,241
E00074034,322,104,218
E00074037,277,101,176
E00074038,310,112,198
E00074041,308,105,203
E00074042,257,94,163
E00074045,319,108,211
E00074046,462,124,338
E00074047,323,99,224
E00074048,306,83,223
E00074049,343,83,260
E00074050,205,35,170
E00074051,367,76,291
E00074052,306,71,235
E00074053,387,81,306
E00074054,412,139,273
E00074055,507,143,364
E00074056,360,74,286
E00074057,406,89,317
E00074058,426,132,294
E00074060,418,126,292
E00074061,387,121,266
E00074062,342,83,259
E00074063,316,90,226
E00074064,290,52,238
E00074065,284,60,224
E00074066,309,81,228
E00074067,280,62,218
E00074068,221,42,179
E00074069,304,74,230
E00074070,300,67,233
E00074071,167,32,135
E00074072,358,105,253
E00074073,322,96,226
E00074074,328,94,234
E00074075,303,93,210
E00074076,309,86,223
E00074077,368,105,263
E00074078,312,85,227
E00074079,323,78,245
E00074080,284,95,189
E00074081,484,106,378
E00074082,281,74,207
E00074083,314,111,203
E00074084,257,69,188
E00074085,249,59,190
E00074086,273,65,208
E00074087,356,99,257
E00074088,547,258,289
E00074089,331,114,217
E00074090,309,79,230
E00074091,280,76,204
E00074092,238,54,184
E00074093,412,125,287
E00074094,353,99,254
E00074095,360,119,241
E00074096,330,111,219
E00074097,348,110,238
E00074098,310,80,230
E00074099,280,66,214
E00074100,334,100,234
E00074101,315,28,287
E00074102,282,77,205
E00074103,341,86,255
E00074104,322,79,243
E00074105,386,67,319
E00074106,319,100,219
E00074107,232,34,198
E00074108,348,113,235
E00074109,427,141,286
E00074110,304,64,240
E00074111,276,51,225
E00074112,332,150,182
E00074113,294,76,218
E00074114,326,83,243
E00074115,360,62,298
E00074116,410,73,337
E00074117,283,42,241
E00074118,294,61,233
E00074119,365,44,321
E00074120,355,55,300
E00074121,335,52,283
E00074122,207,20,187
E00074123,340,72,268
E00074124,305,67,238
E00074125,312,45,267
E00074126,361,68,293
E00074127,271,42,229
E00074128,305,54,251
E00074129,311,60,251
E00074130,337,56,281
E00074131,341,62,279
E00074132,306,60,246
E00074133,260,31,229
E00074134,293,44,249
E00074135,351,56,295
E00074136,300,35,265
E00074137,253,20,233
E00074138,282,41,241
E00074139,305,43,262
E00074140,242,28,214
E00074141,319,53,266
E00074142,313,56,257
E00074143,361,79,282
E00074144,302,49,253
E00074145,292,49,243
E00074146,354,58,296
E00074147,379,61,318
E00074148,288,45,243
E00074149,438,87,351
E00074150,246,64,182
E00074151,332,58,274
E00074152,266,46,220
E00074153,274,30,244
E00074154,350,83,267
E00074155,336,72,264
E00074156,326,41,285
E00074157,294,54,240
E00074158,301,42,259
E00074159,363,107,256
E00074160,327,72,255
E00074161,447,87,360
E00074162,307,76,231
E00074163,290,50,240
E00074164,294,61,233
E00074165,355,94,261
E00074166,385,67,318
E00074167,274,65,209
E00074168,265,33,232
E00074169,301,52,249
E00074170,363,74,289
E00074171,277,31,246
E00074172,318,53,265
E00074173,310,41,269
E00074174,392,47,345
E00074175,401,78,323
E00074176,284,42,242
E00074177,251,43,208
E00074178,302,30,272
E00074179,353,65,288
E00074180,377,45,332
E00074181,369,40,329
E00074182,238,27,211
E00074183,269,48,221
E00074184,294,57,237
E00074185,254,25,229
E00074186,321,40,281
E00074187,270,34,236
E00074188,212,35,177
E00074189,261,40,221
E00074190,324,51,273
E00074191,379,36,343
E00074193,365,108,257
E00074194,202,31,171
E00074195,272,43,229
E00074197,259,56,203
E00074198,337,62,275
E00074199,373,90,283
E00074200,344,101,243
E00074201,472,150,322
E00074202,409,87,322
E00074203,188,19,169
E00074204,471,126,345
E00074205,317,70,247
E00074206,322,98,224
E00074207,369,103,266
E00074208,342,72,270
E00074209,428,121,307
E00074210,392,132,260
E00074211,352,98,254
E00074212,334,82,252
E00074213,419,47,372
E00074214,401,89,312
E00074215,406,124,282
E00074216,301,64,237
E00074217,329,73,256
E00074218,265,52,213
E00074219,390,102,288
E00074220,419,97,322
E00074221,330,97,233
E00074222,224,47,177
E00074223,266,36,230
E00074224,229,35,194
E00074225,287,44,243
E00074226,271,42,229
E00074227,303,53,250
E00074228,290,25,265
E00074229,273,32,241
E00074230,400,74,326
E00074231,296,61,235
E00074232,199,19,180
E00074233,237,54,183
E00074234,269,44,225
E00074235,261,29,232
E00074236,326,45,281
E00074237,414,66,348
E00074238,314,42,272
E00074240,389,89,300
E00074241,371,119,252
E00074243,327,60,267
E00074244,351,34,317
E00074245,295,69,226
E00074246,324,70,254
E00074247,376,59,317
E00074248,308,67,241
E00074250,301,70,231
E00074251,306,63,243
E00074252,276,48,228
E00074253,301,57,244
E00074254,255,36,219
E00074255,172,3,169
E00074256,294,46,248
E00074257,327,42,285
E00074258,457,63,394
E00074259,224,19,205
E00074260,314,59,255
E00074261,336,40,296
E00074262,332,56,276
E00074263,333,67,266
E00074264,420,62,358
E00074265,344,54,290
E00074266,268,32,236
E00074267,270,46,224
E00074268,330,75,255
E00074269,269,37,232
E00074270,295,48,247
E00074271,284,22,262
E00074272,253,42,211
E00074273,312,58,254
E00074274,249,39,210
E00074275,402,69,333
E00074276,345,65,280
E00074277,315,48,267
E00074278,280,47,233
E00074279,452,100,352
E00074280,258,38,220
E00074281,257,38,219
E00074282,319,49,270
E00074283,300,47,253
E00074284,196,20,176
E00074285,287,42,245
E00074286,226,32,194
E00074287,276,52,224
E00074288,401,61,340
E00074289,268,54,214
E00074290,277,71,206
E00074291,228,43,185
E00074292,291,37,254
E00074293,338,54,284
E00074294,225,31,194
E00074295,361,94,267
E00074296,318,46,272
E00074297,429,74,355
E00074298,253,33,220
E00074299,278,58,220
E00074300,375,65,310
E00074301,325,79,246
E00074302,361,78,283
E00074303,217,28,189
E00074304,254,45,209
E00074306,247,31,216
E00074307,329,65,264
E00074308,274,49,225
E00074309,313,81,232
E00074310,268,35,233
E00074311,193,23,170
E00074312,212,29,183
E00074314,267,50,217
E00074315,269,46,223
E00074316,297,57,240
E00074317,320,82,238
E00074318,277,40,237
E00074319,327,75,252
E00074320,337,66,271
E00074321,292,49,243
E00074322,355,97,258
E00074323,309,58,251
E00074324,289,58,231
E00074325,230,44,186
E00074326,229,36,193
E00074327,177,2,175
E00074328,266,54,212
E00074329,318,84,234
E00074330,361,48,313
E00074331,443,190,253
E00074332,331,83,248
E00074333,375,42,333
E00074334,266,39,227
E00074335,294,78,216
E00074336,343,37,306
E00074337,259,47,212
E00074338,308,62,246
E00074339,301,65,236
E00074340,323,75,248
E00074341,315,74,241
E00074342,365,72,293
E00074343,225,35,190
E00074344,218,36,182
E00074345,258,53,205
E00074346,232,29,203
E00074347,316,77,239
E00074348,199,25,174
E00074349,282,53,229
E00074350,273,47,226
E00074351,264,38,226
E00074352,299,68,231
E00074353,282,53,229
E00074354,287,60,227
E00074355,285,67,218
E00074356,291,65,226
E00074357,318,73,245
E00074358,326,86,240
E00074359,250,38,212
E00074360,323,88,235
E00074361,346,107,239
E00074362,347,82,265
E00074363,301,57,244
E00074364,320,90,230
E00074365,289,38,251
E00074366,331,61,270
E00074367,370,82,288
E00074368,319,53,266
E00074369,255,60,195
E00074371,247,59,188
E00074372,280,72,208
E00074373,358,65,293
E00074374,271,75,196
E00074375,372,108,264
E00074376,308,35,273
E00074377,363,106,257
E00074378,291,42,249
E00074379,285,44,241
E00074380,267,27,240
E00074381,253,56,197
E00074382,286,33,253
E00074383,255,49,206
E00074384,284,72,212
E00074385,318,88,230
E00074386,304,40,264
E00074387,242,40,202
E00074388,245,27,218
E00074389,294,72,222
E00074390,193,56,137
E00074391,268,81,187
E00074392,306,89,217
E00074393,336,112,224
E00074394,217,29,188
E00074395,320,96,224
E00074396,307,56,251
E00074397,326,89,237
E00074398,324,46,278
E00074399,339,59,280
E00074400,488,122,366
E00074401,405,74,331
E00074402,344,56,288
E00074403,379,51,328
E00074404,337,61,276
E00074405,367,64,303
E00074406,411,103,308
E00074407,463,87,376
E00074408,425,87,338
E00074411,526,85,441
E00074412,299,77,222
E00074413,322,45,277
E00074414,265,38,227
E00074415,295,45,250
E00074416,330,49,281
E00074417,291,25,266
E00074418,224,18,206
E00074419,274,28,246
E00074420,339,37,302
E00074421,276,37,239
E00074422,272,41,231
E00074423,314,51,263
E00074424,228,31,197
E00074425,274,44,230
E00074426,267,34,233
E00074427,295,30,265
E00074428,291,34,257
E00074429,330,54,276
E00074430,314,54,260
E00074431,463,112,351
E00074432,327,44,283
E00074433,327,77,250
E00074434,281,57,224
E00074435,296,33,263
E00074436,374,69,305
E00074437,352,70,282
E00074438,392,94,298
E00074439,224,62,162
E00074440,314,48,266
E00074441,325,68,257
E00074442,407,94,313
E00074443,239,33,206
E00074444,431,99,332
E00074445,318,82,236
E00074446,311,87,224
E00074447,316,51,265
E00074448,311,69,242
E00074449,355,82,273
E00074450,296,69,227
E00074451,289,59,230
E00074452,278,53,225
E00074453,284,64,220
E00074454,454,104,350
E00074455,266,40,226
E00074456,393,93,300
E00074457,326,71,255
E00074458,256,28,228
E00074459,180,3,177
E00074460,234,26,208
E00074461,367,55,312
E00074462,299,79,220
E00074463,443,84,359
E00074464,278,66,212
E00074465,360,45,315
E00074466,412,71,341
E00074467,300,50,250
E00074468,203,28,175
E00074469,209,25,184
E00074470,362,55,307
E00074471,299,76,223
E00074472,218,23,195
E00074473,343,104,239
E00074474,349,61,288
E00074475,144,9,135
E00074476,262,40,222
E00074477,541,75,466
E00074478,272,62,210
E00074479,260,45,215
E00074480,229,22,207
E00074481,320,55,265
E00074482,258,23,235
E00074483,258,36,222
E00074484,248,25,223
E00074485,308,50,258
E00074489,122,19,103
E00074490,264,36,228
E00074491,197,32,165
E00074492,353,66,287
E00074493,185,44,141
E00074494,264,66,198
E00074495,220,29,191
E00074496,276,57,219
E00074497,383,107,276
E00074498,339,94,245
E00074499,443,139,304
E00074500,419,99,320
E00074501,301,56,245
E00074502,317,56,261
E00074503,263,40,223
E00074504,401,54,347
E00074505,350,78,272
E00074506,360,56,304
E00074507,278,38,240
E00074508,220,40,180
E00074509,396,75,321
E00074510,248,41,207
E00074511,267,35,232
E00074512,349,56,293
E00074513,299,50,249
E00074514,355,79,276
E00074515,294,52,242
E00074516,272,22,250
E00074517,292,70,222
E00074518,246,46,200
E00074519,311,46,265
E00074520,308,61,247
E00074521,297,68,229
E00074522,318,55,263
E00074523,336,57,279
E00074524,294,37,257
E00074525,241,21,220
E00074526,245,30,215
E00074527,249,19,230
E00074528,272,31,241
E00074529,324,35,289
E00074530,202,14,188
E00074531,290,35,255
E00074532,324,33,291
E00074533,181,14,167
E00074534,236,41,195
E00074535,280,47,233
E00074536,231,27,204
E00074537,271,45,226
E00074538,287,46,241
E00074539,278,50,228
E00074540,254,38,216
E00074541,309,47,262
E00074542,253,46,207
E00074543,208,26,182
E00074544,188,19,169
E00074545,305,29,276
E00074546,300,35,265
E00074547,338,38,300
E00074548,287,49,238
E00074549,279,45,234
E00074550,318,59,259
E00074551,288,59,229
E00074552,256,41,215
E00074553,272,56,216
E00074554,240,24,216
E00074555,219,23,196
E00074556,260,42,218
E00074557,275,45,230
E00074558,303,47,256
E00074559,301,62,239
E00074560,257,44,213
E00074561,278,52,226
E00074562,266,70,196
E00074563,223,28,195
E00074564,247,42,205
E00074565,273,48,225
E00074566,281,53,228
E00074567,290,52,238
E00074568,226,23,203
E00074569,278,45,233
E00074570,336,61,275
E00074571,266,48,218
E00074572,253,42,211
E00074573,272,53,219
E00074574,336,73,263
E00074575,237,46,191
E00074576,313,69,244
E00074577,334,64,270
E00074578,258,30,228
E00074579,300,83,217
E00074580,148,27,121
E00074581,352,71,281
E00074582,327,57,270
E00074583,294,74,220
E00074584,384,62,322
E00074585,239,51,188
E00074586,279,55,224
E00074587,347,68,279
E00074588,306,57,249
E00074589,289,58,231
E00074590,170,24,146
E00074591,310,47,263
E00074592,337,54,283
E00074593,286,36,250
E00074594,378,65,313
E00074595,230,48,182
E00074596,196,57,139
E00074597,179,24,155
E00074598,334,51,283
E00074600,251,37,214
E00074601,264,51,213
E00074602,331,72,259
E00074603,262,37,225
E00074604,338,53,285
E00074605,299,22,277
E00074606,281,30,251
E00074607,401,37,364
E00074608,270,24,246
E00074609,192,21,171
E00074610,256,40,216
E00074611,245,24,221
E00074612,276,31,245
E00074613,291,44,247
E00074614,310,43,267
E00074615,262,44,218
E00074616,265,41,224
E00074617,383,85,298
E00074618,243,30,213
E00074619,265,34,231
E00074620,285,13,272
E00074623,324,56,268
E00074625,317,54,263
E00074626,151,3,148
E00074627,444,28,416
E00074629,250,36,214
E00074630,357,44,313
E00074631,410,59,351
E00074633,399,84,315
E00074634,361,98,263
E00074635,187,39,148
E00074636,323,84,239
E00074637,420,88,332
E00074638,306,50,256
E00074639,304,60,244
E00074640,250,34,216
E00074641,222,17,205
E00074642,266,39,227
E00074643,285,36,249
E00074644,309,52,257
E00074645,311,62,249
E00074646,278,41,237
E00074647,307,54,253
E00074648,283,31,252
E00074649,270,49,221
E00074650,318,86,232
E00074651,318,57,261
E00074652,281,52,229
E00074653,355,67,288
E00074654,265,58,207
E00074655,274,61,213
E00074656,256,31,225
E00074657,283,41,242
E00074658,315,54,261
E00074659,347,63,284
E00074660,276,46,230
E00074661,293,39,254
E00074662,287,31,256
E00074663,293,47,246
E00074664,288,43,245
E00074665,213,37,176
E00074666,242,27,215
E00074667,271,46,225
E00074668,211,25,186
E00074669,289,54,235
E00074670,247,33,214
E00074671,276,45,231
E00074672,274,31,243
E00074673,201,36,165
E00074674,240,43,197
E00074675,228,27,201
E00074676,369,21,348
E00074677,223,37,186
E00074678,239,33,206
E00074679,252,33,219
E00074680,220,30,190
E00074681,290,63,227
E00074682,354,63,291
E00074683,202,19,183
E00074684,252,41,211
E00074685,333,82,251
E00074686,236,42,194
E00074687,156,12,144
E00074688,255,51,204
E00074689,263,58,205
E00074690,273,47,226
E00074691,243,24,219
E00074692,226,31,195
E00074693,268,53,215
E00074694,455,92,363
E00074695,254,38,216
E00074696,271,68,203
E00074697,269,49,220
E00074698,340,52,288
E00074699,245,31,214
E00074700,236,27,209
E00074701,233,43,190
E00074702,278,51,227
E00074703,255,37,218
E00074704,296,51,245
E00074705,262,62,200
E00074706,317,51,266
E00074707,221,30,191
E00074708,276,66,210
E00074709,182,26,156
E00074711,270,35,235
E00074712,314,55,259
E00074713,348,74,274
E00074714,279,73,206
E00074715,217,26,191
E00074716,275,64,211
E00074717,348,47,301
E00074718,245,37,208
E00074719,248,25,223
E00074720,291,47,244
E00074721,559,177,382
E00074722,482,128,354
E00074723,226,39,187
E00074724,260,36,224
E00074725,249,41,208
E00074726,310,66,244
E00074728,346,38,308
E00074729,347,52,295
E00074730,258,37,221
E00074731,249,51,198
E00074732,348,58,290
E00074733,295,37,258
E00074734,247,34,213
E00074735,272,30,242
E00074736,374,68,306
E00074737,278,49,229
E00074738,352,48,304
E00074739,466,74,392
E00074740,222,46,176
E00074741,287,42,245
E00074742,250,51,199
E00074743,277,49,228
E00074744,248,41,207
E00074745,262,37,225
E00074746,287,46,241
E00074747,249,32,217
E00074748,312,52,260
E00074749,357,51,306
E00074750,340,76,264
E00074751,254,36,218
E00074752,265,44,221
E00074753,343,89,254
E00074754,272,48,224
E00074755,273,53,220
E00074756,453,80,373
E00074757,277,75,202
E00074758,210,28,182
E00074759,272,48,224
E00074760,243,35,208
E00074761,256,57,199
E00074762,284,74,210
E00074763,256,45,211
E00074764,249,39,210
E00074765,247,39,208
E00074766,216,34,182
E00074767,275,46,229
E00074768,281,32,249
E00074769,312,75,237
E00074770,219,14,205
E00074771,329,46,283
E00074772,284,47,237
E00074773,214,10,204
E00074774,348,53,295
E00074775,216,17,199
E00074776,231,15,216
E00074777,206,24,182
E00074778,210,9,201
E00074779,374,36,338
E00074780,308,21,287
E00074781,263,34,229
E00074782,322,54,268
E00074783,326,50,276
E00074784,213,28,185
E00074785,244,42,202
E00074786,301,44,257
E00074787,301,38,263
E00074788,244,36,208
E00074789,375,15,360
E00074790,320,36,284
E00074791,201,12,189
E00074792,292,37,255
E00074793,259,26,233
E00074794,250,20,230
E00074795,238,31,207
E00074796,290,37,253
E00074797,361,48,313
E00074798,537,34,503
E00074799,243,24,219
E00074800,292,53,239
E00074801,249,22,227
E00074802,212,27,185
E00074803,237,42,195
E00074804,281,52,229
E00074805,219,40,179
E00074806,248,34,214
E00074807,229,34,195
E00074808,271,40,231
E00074809,293,51,242
E00074810,228,35,193
E00074811,261,46,215
E00074812,250,36,214
E00074813,266,35,231
E00074814,284,50,234
E00074815,272,47,225
E00074816,259,53,206
E00074817,261,51,210
E00074818,282,45,237
E00074819,388,74,314
E00074820,310,49,261
E00074821,348,54,294
E00074823,287,45,242
E00074824,267,44,223
E00074825,273,55,218
E00074826,422,83,339
E00074828,336,74,262
E00074829,275,46,229
E00074830,247,48,199
E00074831,217,13,204
E00074832,269,48,221
E00074833,296,66,230
E00074834,287,43,244
E00074835,252,42,210
E00074836,210,31,179
E00074837,277,36,241
E00074838,327,74,253
E00074839,234,31,203
E00074840,314,61,253
E00074841,194,20,174
E00074842,263,45,218
E00074843,196,29,167
E00074844,222,39,183
E00074845,304,32,272
E00074846,250,46,204
E00074847,331,58,273
E00074848,326,68,258
E00074849,193,28,165
E00074850,466,104,362
E00074851,254,46,208
E00074852,264,44,220
E00074853,166,20,146
E00074854,299,44,255
E00074855,266,36,230
E00074856,291,46,245
E00074857,288,44,244
E00074858,202,36,166
E00074859,263,28,235
E00074860,292,40,252
E00074861,245,35,210
E00074862,254,24,230
E00074863,282,43,239
E00074864,220,19,201
E00074865,275,44,231
E00074866,313,51,262
E00074867,294,48,246
E00074868,166,10,156
E00074869,218,18,200
E00074870,219,40,179
E00074871,225,19,206
E00074872,262,37,225
E00074873,235,28,207
E00074874,264,62,202
E00074875,220,30,190
E00074876,265,39,226
E00074877,262,28,234
E00074878,287,57,230
E00074879,249,62,187
E00074880,236,62,174
E00074881,275,39,236
E00074882,296,59,237
E00074883,296,52,244
E00074884,287,46,241
E00074885,277,39,238
E00074886,314,51,263
E00074887,222,42,180
E00074888,306,53,253
E00074889,303,60,243
E00074890,321,63,258
E00074891,294,55,239
E00074892,221,30,191
E00074893,247,44,203
E00074894,375,78,297
E00074895,273,46,227
E00074896,290,53,237
E00074897,333,75,258
E00074898,386,85,301
E00074899,319,61,258
E00074900,327,63,264
E00074901,267,45,222
E00074902,238,29,209
E00074903,295,57,238
E00074904,272,52,220
E00074905,265,53,212
E00074906,263,58,205
E00074907,269,65,204
E00074908,200,41,159
E00074909,233,37,196
E00074910,283,63,220
E00074911,261,54,207
E00074912,284,56,228
E00074913,311,39,272
E00074914,263,46,217
E00074915,327,81,246
E00074916,266,47,219
E00074917,280,53,227
E00074918,241,37,204
E00074919,341,86,255
E00074920,252,49,203
E00074921,247,40,207
E00074922,227,36,191
E00074923,257,45,212
E00074924,433,124,309
E00074925,199,40,159
E00074926,296,54,242
E00074927,320,64,256
E00074928,283,45,238
E00074929,339,77,262
E00074930,247,39,208
E00074932,208,46,162
E00074933,272,80,192
E00074934,235,47,188
E00074935,222,28,194
E00074936,257,67,190
E00074937,270,73,197
E00074938,327,95,232
E00074939,299,43,256
E00074940,282,75,207
E00074941,248,63,185
E00074942,326,83,243
E00074943,206,38,168
E00074944,336,74,262
E00074945,256,47,209
E00074946,193,30,163
E00074947,219,36,183
E00074948,314,77,237
E00074949,283,61,222
E00074950,247,44,203
E00074951,262,60,202
E00074952,300,67,233
E00074953,270,68,202
E00074954,244,64,180
E00074956,498,110,388
E00074957,240,47,193
E00074958,254,39,215
E00074959,409,25,384
E00074960,326,60,266
E00074961,225,26,199
E00074962,207,31,176
E00074963,322,15,307
E00074964,282,65,217
E00074965,244,59,185
E00074966,282,55,227
E00074967,238,36,202
E00074969,209,30,179
E00074970,238,29,209
E00074971,267,46,221
E00074972,334,84,250
E00074973,262,34,228
E00074974,273,52,221
E00074975,294,55,239
E00074976,215,43,172
E00074977,231,33,198
E00074978,300,77,223
E00074979,243,33,210
E00074980,307,73,234
E00074981,214,36,178
E00074982,385,66,319
E00074983,319,74,245
E00074984,233,36,197
E00074985,218,16,202
E00074986,238,46,192
E00074988,229,18,211
E00074989,361,46,315
E00074990,233,21,212
E00074991,265,16,249
E00074992,290,48,242
E00074993,245,34,211
E00074994,293,19,274
E00074995,247,17,230
E00074996,355,28,327
E00074997,269,29,240
E00074998,244,22,222
E00074999,239,26,213
E00075000,198,16,182
E00075001,281,56,225
E00075002,315,44,271
E00075003,230,8,222
E00075004,112,3,109
E00075005,277,42,235
E00075006,333,85,248
E00075007,228,24,204
E00075008,236,26,210
E00075009,285,27,258
E00075010,210,16,194
E00075011,285,37,248
E00075012,277,23,254
E00075013,255,26,229
E00075014,245,19,226
E00075015,297,21,276
E00075016,179,16,163
E00075017,291,16,275
E00075018,308,45,263
E00075019,272,37,235
E00075020,257,40,217
E00075021,365,54,311
E00075022,320,42,278
E00075023,303,67,236
E00075024,352,52,300
E00075025,535,106,429
E00075026,359,80,279
E00075027,274,65,209
E00075028,369,32,337
E00075029,292,62,230
E00075030,394,74,320
E00075031,316,65,251
E00075032,315,76,239
E00075033,235,44,191
E00075034,295,66,229
E00075035,260,56,204
E00075036,455,89,366
E00075037,353,83,270
E00075038,296,67,229
E00075039,295,58,237
E00075041,477,115,362
E00075042,340,73,267
E00075043,351,68,283
E00075044,272,38,234
E00075045,392,57,335
E00075046,336,50,286
E00075047,314,79,235
E00075048,317,48,269
E00075049,239,44,195
E00075050,184,33,151
E00075051,273,51,222
E00075052,376,64,312
E00075053,348,72,276
E00075054,241,56,185
E00075055,126,15,111
E00075056,343,69,274
E00075057,305,65,240
E00075058,283,54,229
E00075059,278,39,239
E00075060,221,34,187
E00075061,174,33,141
E00075062,187,46,141
E00075063,288,38,250
E00075064,434,55,379
E00075065,394,66,328
E00075066,439,99,340
E00075067,338,58,280
E00075068,313,49,264
E00075069,251,44,207
E00075070,304,70,234
E00075071,323,59,264
E00075072,307,50,257
E00075073,293,54,239
E00075074,306,67,239
E00075075,305,53,252
E00075076,287,63,224
E00075077,301,55,246
E00075078,261,52,209
E00075079,252,52,200
E00075081,218,39,179
E00075082,323,78,245
E00075083,291,43,248
E00075084,255,35,220
E00075085,345,62,283
E00075086,235,42,193
E00075087,260,53,207
E00075088,266,30,236
E00075089,257,45,212
E00075091,295,32,263
E00075093,366,62,304
E00075095,426,67,359
E00075096,323,45,278
E00075097,341,63,278
E00075098,304,33,271
E00075099,324,58,266
E00075100,272,40,232
E00075101,289,40,249
E00075102,296,54,242
E00075103,310,53,257
E00075104,331,48,283
E00075105,290,49,241
E00075106,273,39,234
E00075107,307,52,255
E00075108,337,59,278
E00075109,247,28,219
E00075110,247,36,211
E00075111,445,68,377
E00075112,476,84,392
E00075113,269,35,234
E00075114,272,46,226
E00075115,222,23,199
E00075116,303,45,258
E00075117,252,40,212
E00075118,231,29,202
E00075119,323,34,289
E00075120,347,63,284
E00075121,368,112,256
E00075122,246,40,206
E00075123,355,69,286
E00075124,280,43,237
E00075125,365,59,306
E00075126,248,54,194
E00075127,269,43,226
E00075128,363,70,293
E00075129,278,45,233
E00075132,317,32,285
E00075133,204,16,188
E00075134,307,44,263
E00075136,292,56,236
E00075137,303,57,246
E00075138,411,79,332
E00075139,330,47,283
E00075140,273,43,230
E00075141,311,54,257
E00075142,269,34,235
E00075143,308,63,245
E00075144,350,46,304
E00075145,222,33,189
E00075146,285,61,224
E00075147,364,79,285
E00075148,196,36,160
E00075149,428,105,323
E00075150,274,56,218
E00075151,254,25,229
E00075152,285,48,237
E00075153,207,39,168
E00075154,190,31,159
E00075155,268,40,228
E00075156,294,46,248
E00075157,316,47,269
E00075158,340,83,257
E00075159,242,37,205
E00075160,353,81,272
E00075161,307,54,253
E00075162,323,62,261
E00075163,358,78,280
E00075164,231,52,179
E00075165,297,66,231
E00075166,326,71,255
E00075167,190,27,163
E00075168,322,77,245
E00075169,221,51,170
E00075170,360,84,276
E00075171,298,55,243
E00075172,293,64,229
E00075173,253,45,208
E00075174,189,48,141
E00075175,329,62,267
E00075176,218,1,217
E00075177,533,105,428
E00075178,266,54,212
E00075179,275,34,241
E00075180,262,55,207
E00075181,303,70,233
E00075182,248,50,198
E00075183,263,57,206
E00075184,322,75,247
E00075185,178,18,160
E00075186,282,62,220
E00075187,313,61,252
E00075188,364,80,284
E00075189,309,85,224
E00075190,365,76,289
E00075191,382,78,304
E00075193,316,69,247
E00075194,311,58,253
E00075195,223,27,196
E00075196,321,53,268
E00075198,269,46,223
E00075199,488,109,379
E00075200,308,85,223
E00075201,249,45,204
E00075202,539,137,402
E00075203,304,67,237
E00075204,272,68,204
E00075205,332,75,257
E00075206,257,40,217
E00075207,264,51,213
E00075208,451,99,352
E00075210,286,42,244
E00075211,145,28,117
E00075212,153,30,123
E00075213,308,64,244
E00075214,350,83,267
E00075216,359,64,295
E00075217,172,25,147
E00075218,283,42,241
E00075219,259,55,204
E00075220,239,30,209
E00075221,284,53,231
E00075222,261,43,218
E00075223,298,58,240
E00075224,267,36,231
E00075226,263,45,218
E00075227,285,53,232
E00075228,252,40,212
E00075229,270,25,245
E00075230,322,42,280
E00075231,274,37,237
E00075232,237,18,219
E00075233,263,52,211
E00075234,238,50,188
E00075235,242,36,206
E00075236,272,45,227
E00075237,173,22,151
E00075238,247,35,212
E00075239,250,24,226
E00075240,339,55,284
E00075241,245,35,210
E00075242,389,68,321
E00075243,253,46,207
E00075244,274,35,239
E00075245,343,50,293
E00075246,348,78,270
E00075247,427,73,354
E00075248,104,21,83
E00075249,341,48,293
E00075250,336,60,276
E00075251,316,43,273
E00075252,336,59,277
E00075253,314,67,247
E00075254,322,64,258
E00075255,294,58,236
E00075256,298,58,240
E00075257,305,59,246
E00075258,387,109,278
E00075259,308,56,252
E00075260,327,73,254
E00075261,353,72,281
E00075262,250,34,216
E00075263,318,65,253
E00075264,288,64,224
E00075265,258,51,207
E00075266,314,76,238
E00075267,290,48,242
E00075268,272,47,225
E00075269,226,17,209
E00075270,179,22,157
E00075271,228,43,185
E00075272,369,51,318
E00075273,462,100,362
E00075274,236,37,199
E00075275,227,37,190
E00075276,278,33,245
E00075277,358,47,311
E00075278,480,100,380
E00075279,338,76,262
E00075280,335,53,282
E00075281,344,42,302
E00075282,281,64,217
E00075283,387,84,303
E00075284,301,77,224
E00075285,290,48,242
E00075286,301,56,245
E00075287,352,49,303
E00075288,423,124,299
E00075289,285,66,219
E00075290,312,55,257
E00075291,331,77,254
E00075292,343,76,267
E00075293,284,47,237
E00075294,344,83,261
E00075295,324,63,261
E00075296,297,43,254
E00075297,311,74,237
E00075298,293,40,253
E00075299,254,27,227
E00075300,374,70,304
E00075301,311,51,260
E00075302,292,59,233
E00075303,277,53,224
E00075304,379,70,309
E00075305,334,56,278
E00075306,237,26,211
E00075307,211,25,186
E00075308,392,101,291
E00075309,310,70,240
E00075310,333,52,281
E00075311,315,77,238
E00075312,312,80,232
E00075313,321,59,262
E00075314,361,87,274
E00075315,320,88,232
E00075316,338,108,230
E00075317,274,75,199
E00075318,289,84,205
E00075319,337,91,246
E00075320,421,161,260
E00075321,161,3,158
E00075322,331,117,214
E00075323,290,57,233
E00075324,314,69,245
E00075325,204,16,188
E00075326,265,68,197
E00075327,355,109,246
E00075328,302,61,241
E00075329,279,41,238
E00075330,324,59,265
E00075331,221,47,174
E00075332,322,118,204
E00075333,322,96,226
E00075334,395,79,316
E00075335,333,58,275
E00075336,342,82,260
E00075337,509,222,287
E00075338,344,103,241
E00075339,454,118,336
E00075340,346,74,272
E00075341,338,56,282
E00075342,301,46,255
E00075343,378,73,305
E00075344,311,70,241
E00075345,290,57,233
E00075346,319,70,249
E00075347,306,51,255
E00075348,381,69,312
E00075349,362,69,293
E00075350,392,72,320
E00075351,541,122,419
E00075352,348,61,287
E00075353,299,70,229
E00075354,301,52,249
E00075355,273,62,211
E00075356,329,62,267
E00075358,442,79,363
E00075359,287,52,235
E00075361,313,56,257
E00075362,300,36,264
E00075363,403,73,330
E00075364,293,44,249
E00075365,332,48,284
E00075366,300,33,267
E00075367,268,43,225
E00075368,252,27,225
E00075369,347,65,282
E00075370,330,56,274
E00075371,308,52,256
E00075372,308,43,265
E00075373,316,48,268
E00075374,332,60,272
E00075375,302,61,241
E00075376,237,34,203
E00075377,368,50,318
E00075378,287,59,228
E00075379,249,42,207
E00075380,290,41,249
E00075381,277,56,221
E00075382,341,51,290
E00075383,351,68,283
E00075384,321,66,255
E00075385,346,38,308
E00075386,251,56,195
E00075387,317,55,262
E00075388,317,63,254
E00075389,291,33,258
E00075390,376,71,305
E00075391,318,51,267
E00075392,251,32,219
E00075393,247,45,202
E00075394,283,46,237
E00075395,362,88,274
E00075396,347,75,272
E00075397,276,49,227
E00075398,325,53,272
E00075399,241,27,214
E00075400,288,42,246
E00075401,405,73,332
E00075402,290,69,221
E00075403,335,73,262
E00075404,286,47,239
E00075405,329,78,251
E00075406,204,15,189
E00075407,428,58,370
E00075408,313,59,254
E00075409,182,14,168
E00075410,344,50,294
E00075411,382,48,334
E00075412,361,45,316
E00075413,229,28,201
E00075414,289,36,253
E00075415,343,50,293
E00075416,272,35,237
E00075417,236,46,190
E00075418,262,58,204
E00075419,380,65,315
E00075420,289,41,248
E00075421,354,62,292
E00075422,278,32,246
E00075423,339,80,259
E00075424,324,47,277
E00075425,295,49,246
E00075426,257,43,214
E00075427,134,26,108
E00075428,156,31,125
E00075429,245,29,216
E00075430,313,51,262
E00075431,209,41,168
E00075432,388,52,336
E00075433,386,52,334
E00075434,333,50,283
E00075435,422,99,323
E00075436,283,61,222
E00075437,359,55,304
E00075438,320,67,253
E00075439,331,77,254
E00075440,272,54,218
E00075441,540,102,438
E00075442,329,43,286
E00075443,401,59,342
E00075444,289,41,248
E00075445,320,51,269
E00075446,277,50,227
E00075447,302,37,265
E00075448,246,34,212
E00075449,222,20,202
E00075450,278,37,241
E00075451,275,38,237
E00075452,267,49,218
E00075453,235,22,213
E00075454,257,34,223
E00075455,290,38,252
E00075456,247,40,207
E00075457,293,46,247
E00075458,199,16,183
E00075459,271,42,229
E00075460,260,34,226
E00075461,273,25,248
E00075462,269,42,227
E00075463,330,59,271
E00075464,260,45,215
E00075465,267,42,225
E00075466,297,48,249
E00075467,342,59,283
E00075468,314,59,255
E00075469,345,50,295
E00075470,306,49,257
E00075471,383,86,297
E00075472,300,63,237
E00075473,310,54,256
E00075474,304,55,249
E00075475,303,50,253
E00075476,286,53,233
E00075477,363,51,312
E00075478,313,74,239
E00075479,294,70,224
E00075480,290,59,231
E00075481,288,58,230
E00075482,326,57,269
E00075483,276,55,221
E00075484,277,48,229
E00075485,313,51,262
E00075486,330,46,284
E00075487,277,32,245
E00075488,305,48,257
E00075489,336,70,266
E00075490,335,49,286
E00075491,319,59,260
E00075492,254,34,220
E00075493,272,34,238
E00075494,303,54,249
E00075495,268,37,231
E00075496,377,94,283
E00075497,281,67,214
E00075498,311,60,251
E00075499,296,63,233
E00075500,280,60,220
E00075501,253,48,205
E00075502,271,53,218
E00075503,320,69,251
E00075504,265,59,206
E00075505,248,33,215
E00075506,279,38,241
E00075507,227,21,206
E00075508,298,50,248
E00075509,406,72,334
E00075510,306,64,242
E00075511,381,79,302
E00075512,280,58,222
E00075513,226,36,190
E00075514,265,58,207
E00075515,308,49,259
E00075516,289,49,240
E00075517,243,38,205
E00075518,251,45,206
E00075519,300,41,259
E00075520,296,58,238
E00075521,278,37,241
E00075522,266,36,230
E00075523,292,60,232
E00075524,282,58,224
E00075525,288,28,260
E00075526,333,64,269
E00075527,289,27,262
E00075528,291,59,232
E00075529,335,72,263
E00075530,301,45,256
E00075531,147,15,132
E00075532,299,69,230
E00075533,271,39,232
E00075534,288,50,238
E00075535,255,50,205
E00075536,359,39,320
E00075537,320,65,255
E00075538,319,58,261
E00075539,352,64,288
E00075542,236,40,196
E00075543,247,34,213
E00075544,240,35,205
E00075545,285,64,221
E00075546,287,39,248
E00075547,357,70,287
E00075548,285,35,250
E00075549,288,45,243
E00075550,368,67,301
E00075551,334,62,272
E00075552,284,55,229
E00075553,304,31,273
E00075554,288,53,235
E00075555,311,55,256
E00075556,338,59,279
E00075557,265,45,220
E00075558,345,71,274
E00075559,282,64,218
E00075560,388,78,310
E00075561,307,63,244
E00075562,364,79,285
E00075563,331,77,254
E00075564,303,55,248
E00075565,290,71,219
E00075566,374,68,306
E00075567,326,48,278
E00075568,313,61,252
E00075569,306,70,236
E00075570,425,83,342
E00075571,229,48,181
E00075572,323,66,257
E00075573,304,39,265
E00075574,258,28,230
E00075575,259,38,221
E00075576,273,39,234
E00075577,294,42,252
E00075578,290,39,251
E00075579,280,41,239
E00075580,312,43,269
E00075581,315,59,256
E00075582,282,34,248
E00075583,277,42,235
E00075584,260,35,225
E00075585,278,37,241
E00075586,266,73,193
E00075587,269,62,207
E00075588,319,70,249
E00075589,194,31,163
E00075590,298,50,248
E00075591,113,21,92
E00075592,398,61,337
E00075593,348,41,307
E00075594,413,71,342
E00075595,371,53,318
E00075596,228,45,183
E00075597,247,29,218
E00075598,180,26,154
E00075599,240,36,204
E00075600,285,49,236
E00075601,162,28,134
E00075602,464,121,343
E00075604,467,117,350
E00075605,363,85,278
E00075607,227,36,191
E00075608,411,86,325
E00075609,221,41,180
E00075610,271,73,198
E00075611,314,75,239
E00075612,371,79,292
E00075613,292,53,239
E00075614,291,71,220
E00075615,431,93,338
E00075616,286,44,242
E00075617,124,14,110
E00075618,301,58,243
E00075619,271,52,219
E00075620,324,65,259
E00075621,388,78,310
E00075622,194,39,155
E00075623,315,60,255
E00075624,271,52,219
E00075626,251,48,203
E00075627,317,43,274
E00075628,262,52,210
E00075629,287,68,219
E00075631,399,97,302
E00075632,371,68,303
E00075633,382,70,312
E00075634,465,119,346
E00075637,297,47,250
E00075638,189,23,166
E00075639,384,54,330
E00075640,269,28,241
E00075641,510,98,412
E00075642,214,17,197
E00075643,336,67,269
E00075644,352,59,293
E00075645,308,54,254
E00075646,343,69,274
E00075647,332,51,281
E00075648,332,92,240
E00075649,371,56,315
E00075650,342,55,287
E00075651,259,29,230
E00075652,270,41,229
E00075653,203,36,167
E00075654,352,72,280
E00075655,341,62,279
E00075656,238,69,169
E00075657,285,45,240
E00075658,341,55,286
E00075659,310,44,266
E00075660,321,46,275
E00075661,339,63,276
E00075662,242,39,203
E00075663,300,58,242
E00075664,335,60,275
E00075665,314,34,280
E00075666,322,72,250
E00075667,324,80,244
E00075668,383,83,300
E00075669,339,55,284
E00075670,264,38,226
E00075671,286,63,223
E00075672,261,34,227
E00075673,299,39,260
E00075674,222,38,184
E00075675,334,46,288
E00075676,331,44,287
E00075677,239,45,194
E00075678,245,48,197
E00075679,330,45,285
E00075680,250,24,226
E00075681,319,61,258
E00075682,294,63,231
E00075683,259,38,221
E00075684,305,52,253
E00075685,282,43,239
E00075686,281,59,222
E00075687,217,36,181
E00075688,349,58,291
E00075689,320,60,260
E00075691,210,34,176
E00075692,494,122,372
E00075693,307,66,241
E00075694,213,37,176
E00075695,257,30,227
E00075696,317,70,247
E00075697,271,53,218
E00075698,354,63,291
E00075699,379,109,270
E00075700,267,43,224
E00075701,266,51,215
E00075702,264,41,223
E00075703,165,16,149
E00075704,277,66,211
E00075705,324,75,249
E00075706,334,49,285
E00075707,306,68,238
E00075708,293,73,220
E00075709,285,58,227
E00075710,561,48,513
E00075711,255,31,224
E00075712,259,35,224
E00075713,260,39,221
E00075716,234,21,213
E00075717,508,96,412
E00075718,255,39,216
E00075719,304,73,231
E00075720,230,33,197
E00075721,267,35,232
E00075722,334,76,258
E00075723,332,52,280
E00075724,265,42,223
E00075725,345,75,270
E00075726,418,79,339
E00075728,282,50,232
E00075729,366,44,322
E00075730,296,47,249
E00075732,260,50,210
E00075733,307,49,258
E00075734,280,54,226
E00075735,365,44,321
E00075736,273,43,230
E00075737,283,43,240
E00075738,283,37,246
E00075739,207,19,188
E00075740,307,53,254
E00075741,245,39,206
E00075742,195,21,174
E00075743,248,40,208
E00075744,281,38,243
E00075745,255,39,216
E00075746,116,15,101
E00075747,297,60,237
E00075748,327,73,254
E00075749,287,58,229
E00075750,317,66,251
E00075751,462,88,374
E00075752,311,46,265
E00075753,486,69,417
E00075754,288,40,248
E00075755,183,3,180
E00075756,225,35,190
E00075757,249,24,225
E00075758,138,16,122
E00075759,289,41,248
E00075760,412,72,340
E00075761,319,49,270
E00075762,292,35,257
E00075763,286,38,248
E00075764,266,36,230
E00075766,391,70,321
E00075767,314,67,247
E00075768,410,45,365
E00075770,454,94,360
E00075771,235,48,187
E00075772,287,46,241
E00075773,370,62,308
E00075775,301,44,257
E00075776,330,79,251
E00075777,305,59,246
E00075778,344,48,296
E00075779,239,29,210
E00075780,221,17,204
E00075781,257,52,205
E00075782,279,48,231
E00075783,367,43,324
E00075784,393,65,328
E00075785,295,54,241
E00075786,317,66,251
E00075787,227,29,198
E00075788,337,66,271
E00075789,305,55,250
E00075790,294,62,232
E00075791,301,65,236
E00075792,301,59,242
E00075793,352,81,271
E00075794,378,59,319
E00075795,335,25,310
E00075796,319,57,262
E00075797,288,55,233
E00075798,388,74,314
E00075799,329,73,256
E00075800,313,65,248
E00075801,355,70,285
E00075802,266,37,229
E00075803,312,44,268
E00075804,291,38,253
E00075805,292,52,240
E00075806,495,110,385
E00075807,311,41,270
E00075808,305,42,263
E00075809,261,36,225
E00075810,289,49,240
E00075811,292,43,249
E00075812,314,51,263
E00075813,315,60,255
E00075814,367,65,302
E00075815,507,64,443
E00075816,296,40,256
E00075817,321,35,286
E00075818,474,71,403
E00075819,285,44,241
E00075820,351,81,270
E00075822,427,85,342
E00075823,318,59,259
E00075824,305,57,248
E00075825,371,67,304
E00075826,365,69,296
E00075827,264,31,233
E00075828,308,62,246
E00075829,280,45,235
E00075830,456,81,375
E00075831,286,44,242
E00075832,166,15,151
E00075833,340,38,302
E00075835,277,49,228
E00075836,285,35,250
E00075837,428,76,352
E00075838,304,66,238
E00075839,290,53,237
E00075840,254,46,208
E00075841,302,54,248
E00075842,330,65,265
E00075843,237,25,212
E00075844,291,56,235
E00075845,332,62,270
E00075846,279,55,224
E00075847,286,54,232
E00075848,460,106,354
E00075849,304,48,256
E00075850,308,33,275
E00075851,471,82,389
E00075852,258,52,206
E00075853,300,47,253
E00075854,222,49,173
E00075855,244,34,210
E00075856,267,40,227
E00075857,283,48,235
E00075859,299,50,249
E00075860,227,24,203
E00075861,421,84,337
E00075862,418,82,336
E00075863,274,44,230
E00075864,296,53,243
E00075865,294,63,231
E00075866,300,39,261
E00075867,218,28,190
E00075868,266,30,236
E00075869,277,38,239
E00075870,288,53,235
E00075871,328,65,263
E00075872,320,50,270
E00075873,265,42,223
E00075874,225,40,185
E00075875,204,38,166
E00075876,235,41,194
E00075877,334,58,276
E00075878,308,42,266
E00075879,288,51,237
E00075880,243,33,210
E00075881,239,30,209
E00075882,285,33,252
E00075883,339,41,298
E00075884,325,35,290
E00075885,282,37,245
E00075886,307,63,244
E00075887,330,57,273
E00075888,321,79,242
E00075889,252,47,205
E00075890,228,29,199
E00075891,305,72,233
E00075892,306,77,229
E00075893,324,45,279
E00075894,231,25,206
E00075895,355,75,280
E00075896,242,39,203
E00075897,440,104,336
E00075898,189,29,160
E00075899,466,128,338
E00075900,352,64,288
E00075901,205,21,184
E00075902,239,38,201
E00075903,219,28,191
E00075904,284,70,214
E00075905,255,47,208
E00075906,251,46,205
E00075907,291,56,235
E00075908,283,74,209
E00075910,353,88,265
E00075911,228,59,169
E00075912,228,37,191
E00075913,245,23,222
E00075914,270,43,227
E00075915,275,26,249
E00075916,243,28,215
E00075917,322,52,270
E00075918,292,45,247
E00075919,241,16,225
E00075920,227,31,196
E00075921,348,38,310
E00075922,246,38,208
E00075923,271,65,206
E00075924,472,92,380
E00075925,284,34,250
E00075926,285,47,238
E00075927,317,82,235
E00075928,242,54,188
E00075929,249,57,192
E00075930,220,33,187
E00075931,263,51,212
E00075932,267,62,205
E00075933,288,68,220
E00075934,338,71,267
E00075935,369,94,275
E00075936,219,29,190
E00075937,398,70,328
E00075938,309,69,240
E00075939,306,70,236
E00075940,229,26,203
E00075941,258,37,221
E00075942,318,83,235
E00075943,357,66,291
E00075944,335,61,274
E00075945,294,54,240
E00075946,342,64,278
E00075947,293,45,248
E00075948,280,67,213
E00075949,311,112,199
E00075950,256,56,200
E00075951,266,56,210
E00075952,336,84,252
E00075953,317,83,234
E00075954,299,107,192
E00075955,484,240,244
E00075956,293,58,235
E00075957,286,41,245
E00075958,308,55,253
E00075959,350,56,294
E00075960,245,28,217
E00075961,290,38,252
E00075962,309,78,231
E00075963,239,29,210
E00075964,291,51,240
E00075965,284,50,234
E00075966,315,78,237
E00075967,329,52,277
E00075968,266,31,235
E00075969,294,61,233
E00075970,248,47,201
E00075971,451,85,366
E00075972,278,47,231
E00075973,211,34,177
E00075974,222,26,196
E00075975,279,66,213
E00075976,274,83,191
E00075977,256,66,190
E00075978,269,53,216
E00075979,190,45,145
E00075980,312,97,215
E00075982,344,53,291
E00075983,182,15,167
E00075984,174,46,128
E00075985,528,122,406
E00075987,259,27,232
E00075988,219,23,196
E00075989,183,27,156
E00075991,290,67,223
E00075994,279,62,217
E00075995,284,58,226
E00075996,233,38,195
E00075997,248,47,201
E00075998,211,32,179
E00075999,324,68,256
E00076000,239,31,208
E00076001,287,85,202
E00076002,253,45,208
E00076003,284,59,225
E00076004,277,45,232
E00076005,258,55,203
E00076006,245,41,204
E00076007,259,54,205
E00076008,280,70,210
E00076009,312,88,224
E00076010,262,55,207
E00076011,275,52,223
E00076012,265,33,232
E00076013,495,60,435
E00076014,253,41,212
E00076015,334,68,266
E00076016,275,52,223
E00076017,270,46,224
E00076018,281,62,219
E00076019,261,39,222
E00076020,231,29,202
E00076021,295,50,245
E00076022,257,52,205
E00076023,208,26,182
E00076024,383,64,319
E00076025,206,26,180
E00076026,225,63,162
E00076027,319,174,145
E00076028,390,210,180
E00076029,283,99,184
E00076030,421,122,299
E00076031,352,145,207
E00076032,215,30,185
E00076033,492,222,270
E00076034,466,293,173
E00076035,318,166,152
E00076036,374,227,147
E00076037,246,122,124
E00076038,351,182,169
E00076039,310,143,167
E00076040,322,158,164
E00076041,305,185,120
E00076042,325,130,195
E00076043,219,56,163
E00076045,397,153,244
E00076047,280,147,133
E00076048,281,114,167
E00076050,313,107,206
E00076051,402,206,196
E00076052,331,154,177
E00076053,321,34,287
E00076054,371,81,290
E00076055,552,137,415
E00076056,297,71,226
E00076057,332,70,262
E00076058,258,35,223
E00076059,274,39,235
E00076060,324,74,250
E00076061,274,49,225
E00076062,341,80,261
E00076063,264,31,233
E00076064,300,66,234
E00076065,295,116,179
E00076066,230,33,197
E00076067,258,33,225
E00076068,331,72,259
E00076069,203,18,185
E00076070,248,35,213
E00076071,268,51,217
E00076072,278,46,232
E00076073,270,58,212
E00076074,289,52,237
E00076075,440,270,170
E00076076,343,159,184
E00076077,323,156,167
E00076078,294,93,201
E00076079,218,47,171
E00076080,230,62,168
E00076081,370,176,194
E00076082,324,85,239
E00076083,312,96,216
E00076084,258,36,222
E00076085,229,31,198
E00076086,227,36,191
E00076087,257,62,195
E00076088,299,74,225
E00076089,354,72,282
E00076090,228,45,183
E00076091,284,69,215
E00076092,235,43,192
E00076093,310,61,249
E00076094,337,93,244
E00076095,325,112,213
E00076096,331,76,255
E00076097,314,64,250
E00076099,338,53,285
E00076100,276,54,222
E00076101,258,15,243
E00076102,227,21,206
E00076103,272,38,234
E00076104,224,29,195
E00076105,268,36,232
E00076106,226,24,202
E00076107,283,24,259
E00076108,274,37,237
E00076109,215,49,166
E00076110,302,58,244
E00076111,244,20,224
E00076112,280,56,224
E00076113,275,67,208
E00076114,238,33,205
E00076115,230,44,186
E00076116,272,45,227
E00076117,172,30,142
E00076118,261,50,211
E00076119,287,57,230
E00076120,291,50,241
E00076122,248,42,206
E00076123,275,48,227
E00076124,358,91,267
E00076125,269,41,228
E00076126,241,38,203
E00076127,256,31,225
E00076128,306,65,241
E00076129,259,34,225
E00076130,227,25,202
E00076131,240,30,210
E00076132,451,92,359
E00076133,209,33,176
E00076134,245,9,236
E00076135,339,73,266
E00076136,280,39,241
E00076137,169,6,163
E00076138,338,111,227
E00076139,292,65,227
E00076140,355,75,280
E00076141,263,44,219
E00076142,260,50,210
E00076143,300,79,221
E00076144,262,55,207
E00076145,301,73,228
E00076146,256,32,224
E00076147,261,47,214
E00076148,237,38,199
E00076149,256,44,212
E00076150,291,58,233
E00076151,310,74,236
E00076152,285,71,214
E00076153,280,52,228
E00076154,316,56,260
E00076155,246,40,206
E00076156,315,69,246
E00076157,543,126,417
E00076158,286,59,227
E00076159,242,36,206
E00076160,272,39,233
E00076161,294,54,240
E00076162,249,33,216
E00076163,455,140,315
E00076164,373,58,315
E00076165,302,42,260
E00076167,312,70,242
E00076168,264,56,208
E00076169,552,145,407
E00076170,369,94,275
E00076171,286,51,235
E00076172,307,59,248
E00076173,221,33,188
E00076174,260,33,227
E00076175,312,85,227
E00076176,314,70,244
E00076177,216,40,176
E00076178,136,27,109
E00076179,345,92,253
E00076180,308,74,234
E00076181,283,59,224
E00076182,168,25,143
E00076183,161,19,142
E00076184,225,21,204
E00076185,213,35,178
E00076186,359,63,296
E00076187,319,67,252
E00076188,280,60,220
E00076189,251,28,223
E00076190,290,57,233
E00076191,225,29,196
E00076192,249,31,218
E00076193,315,77,238
E00076194,289,29,260
E00076195,232,27,205
E00076196,234,29,205
E00076197,311,88,223
E00076198,275,80,195
E00076199,300,45,255
E00076200,269,53,216
E00076201,296,70,226
E00076202,378,99,279
E00076203,338,89,249
E00076204,275,49,226
E00076205,338,83,255
E00076206,268,55,213
E00076207,342,32,310
E00076208,405,89,316
E00076209,291,69,222
E00076210,255,35,220
E00076211,380,69,311
E00076212,310,58,252
E00076213,322,63,259
E00076214,314,71,243
E00076215,282,46,236
E00076216,280,41,239
E00076217,276,75,201
E00076218,255,55,200
E00076219,277,49,228
E00076220,228,25,203
E00076221,323,80,243
E00076222,261,48,213
E00076223,225,24,201
E00076224,309,73,236
E00076225,235,33,202
E00076226,239,40,199
E00076227,356,134,222
E00076228,255,70,185
E00076229,291,84,207
E00076230,245,36,209
E00076231,435,54,381
E00076233,262,42,220
E00076234,205,34,171
E00076235,274,49,225
E00076236,239,34,205
E00076237,283,32,251
E00076238,332,62,270
E00076239,283,62,221
E00076240,290,51,239
E00076241,293,54,239
E00076243,295,22,273
E00076246,265,44,221
E00076248,287,66,221
E00076249,259,34,225
E00076250,232,21,211
E00076251,399,82,317
E00076252,332,50,282
E00076253,258,60,198
E00076254,213,39,174
E00076255,211,22,189
E00076256,365,95,270
E00076257,294,46,248
E00076258,241,24,217
E00076260,257,37,220
E00076261,254,36,218
E00076262,275,56,219
E00076263,267,41,226
E00076264,290,67,223
E00076265,228,30,198
E00076266,251,44,207
E00076267,258,33,225
E00076268,215,29,186
E00076269,285,57,228
E00076270,297,64,233
E00076271,267,56,211
E00076272,223,30,193
E00076273,299,49,250
E00076274,314,68,246
E00076275,357,57,300
E00076276,279,49,230
E00076277,282,54,228
E00076278,253,55,198
E00076279,308,59,249
E00076280,256,22,234
E00076281,285,59,226
E00076282,277,63,214
E00076283,283,59,224
E00076284,289,50,239
E00076285,314,45,269
E00076286,300,58,242
E00076287,266,49,217
E00076288,292,53,239
E00076289,257,42,215
E00076290,272,42,230
E00076291,312,61,251
E00076292,294,53,241
E00076293,293,52,241
E00076294,232,50,182
E00076295,418,124,294
E00076296,289,43,246
E00076297,306,62,244
E00076298,299,75,224
E00076299,288,49,239
E00076300,323,113,210
E00076301,237,42,195
E00076302,208,36,172
E00076303,265,67,198
E00076304,256,55,201
E00076305,298,70,228
E00076306,288,66,222
E00076307,263,53,210
E00076308,298,57,241
E00076309,437,81,356
E00076310,256,54,202
E00076311,353,74,279
E00076312,289,69,220
E00076313,287,48,239
E00076314,323,67,256
E00076315,254,38,216
E00076316,266,65,201
E00076317,217,39,178
E00076318,312,56,256
E00076319,314,53,261
E00076320,287,31,256
E00076321,252,37,215
E00076322,552,124,428
E00076323,284,59,225
E00076324,376,77,299
E00076325,296,58,238
E00076326,541,109,432
E00076327,257,45,212
E00076328,304,62,242
E00076329,248,36,212
E00076330,241,47,194
E00076331,308,62,246
E00076332,325,88,237
E00076333,242,49,193
E00076334,201,30,171
E00076335,325,62,263
E00076336,275,36,239
E00076337,209,26,183
E00076338,261,33,228
E00076339,259,43,216
E00076340,329,42,287
E00076341,211,44,167
E00076344,249,38,211
E00076345,316,61,255
E00076346,336,69,267
E00076347,276,53,223
E00076348,291,56,235
E00076349,302,50,252
E00076350,330,62,268
E00076351,237,54,183
E00076352,252,58,194
E00076353,264,47,217
E00076354,289,58,231
E00076355,249,6,243
E00076356,276,42,234
E00076357,319,49,270
E00076358,302,56,246
E00076359,223,42,181
E00076360,320,67,253
E00076361,281,66,215
E00076362,175,24,151
E00076363,136,31,105
E00076364,214,32,182
E00076365,204,44,160
E00076366,153,20,133
E00076367,266,44,222
E00076368,176,24,152
E00076369,424,81,343
E00076370,289,58,231
E00076371,321,19,302
E00076372,332,57,275
E00076373,348,86,262
E00076374,365,82,283
E00076375,297,66,231
E00076376,267,43,224
E00076377,322,70,252
E00076378,310,65,245
E00076379,407,90,317
E00076380,372,71,301
E00076381,212,14,198
E00076382,303,66,237
E00076383,307,68,239
E00076384,306,37,269
E00076385,337,45,292
E00076386,437,39,398
E00076387,307,33,274
E00076388,293,48,245
E00076389,249,67,182
E00076390,324,46,278
E00076391,282,41,241
E00076392,277,52,225
E00076393,284,46,238
E00076394,414,82,332
E00076395,281,43,238
E00076396,261,32,229
E00076397,286,55,231
E00076398,355,87,268
E00076399,196,33,163
E00076400,325,61,264
E00076401,253,55,198
E00076402,291,57,234
E00076403,295,47,248
E00076404,294,57,237
E00076405,314,73,241
E00076406,266,36,230
E00076407,317,69,248
E00076408,224,27,197
E00076409,269,45,224
E00076410,300,69,231
E00076411,272,53,219
E00076412,285,39,246
E00076413,291,31,260
E00076414,266,35,231
E00076415,297,65,232
E00076416,274,70,204
E00076418,225,23,202
E00076420,305,57,248
E00076421,315,47,268
E00076422,251,34,217
E00076423,278,52,226
E00076424,275,40,235
E00076425,329,52,277
E00076426,256,39,217
E00076427,296,61,235
E00076428,280,30,250
E00076429,227,40,187
E00076430,256,25,231
E00076431,276,49,227
E00076432,328,35,293
E00076433,310,63,247
E00076434,277,53,224
E00076435,215,14,201
E00076436,274,38,236
E00076437,287,57,230
E00076438,299,91,208
E00076439,238,36,202
E00076440,220,31,189
E00076441,253,50,203
E00076442,316,60,256
E00076443,317,60,257
E00076444,245,44,201
E00076445,265,52,213
E00076446,251,41,210
E00076447,328,65,263
E00076448,320,55,265
E00076449,412,74,338
E00076451,352,96,256
E00076452,273,35,238
E00076453,296,53,243
E00076454,348,56,292
E00076455,270,56,214
E00076456,300,53,247
E00076459,295,55,240
E00076460,310,73,237
E00076461,253,45,208
E00076462,311,71,240
E00076463,282,54,228
E00076464,272,23,249
E00076465,358,72,286
E00076466,315,37,278
E00076467,294,43,251
E00076468,417,90,327
E00076469,316,75,241
E00076470,314,56,258
E00076471,290,43,247
E00076472,455,77,378
E00076473,268,67,201
E00076474,306,48,258
E00076475,274,41,233
E00076476,264,44,220
E00076477,215,19,196
E00076478,294,56,238
E00076479,264,39,225
E00076480,275,42,233
E00076481,395,58,337
E00076482,260,32,228
E00076483,259,37,222
E00076484,296,56,240
E00076485,241,14,227
E00076486,276,42,234
E00076487,293,59,234
E00076488,430,149,281
E00076489,262,57,205
E00076490,315,59,256
E00076491,307,47,260
E00076492,256,48,208
E00076493,233,40,193
E00076494,294,51,243
E00076495,244,27,217
E00076496,266,48,218
E00076497,314,91,223
E00076498,293,47,246
E00076499,221,38,183
E00076500,313,61,252
E00076501,223,28,195
E00076502,291,56,235
E00076503,217,29,188
E00076504,283,80,203
E00076505,245,18,227
E00076506,220,13,207
E00076507,304,76,228
E00076508,257,40,217
E00076509,311,102,209
E00076510,272,43,229
E00076511,288,83,205
E00076512,252,40,212
E00076513,278,50,228
E00076514,264,42,222
E00076515,296,83,213
E00076516,308,104,204
E00076517,325,64,261
E00076518,423,103,320
E00076519,314,80,234
E00076520,566,163,403
E00076521,336,69,267
E00076522,332,100,232
E00076526,406,135,271
E00076527,320,47,273
E00076528,347,74,273
E00076529,266,45,221
E00076530,278,44,234
E00076531,266,51,215
E00076532,254,37,217
E00076534,213,16,197
E00076535,282,68,214
E00076536,214,32,182
E00076537,239,47,192
E00076538,272,33,239
E00076539,290,33,257
E00076540,298,136,162
E00076541,263,98,165
E00076542,265,61,204
E00076543,300,117,183
E00076544,230,48,182
E00076545,426,80,346
E00076546,167,48,119
E00076547,248,33,215
E00076548,191,56,135
E00076549,255,45,210
E00076550,261,62,199
E00076551,220,50,170
E00076552,343,81,262
E00076553,222,38,184
E00076554,296,65,231
E00076556,271,65,206
E00076557,167,21,146
E00076558,249,58,191
E00076559,575,485,90
E00076560,275,74,201
E00076561,377,100,277
E00076563,189,24,165
E00076564,354,54,300
E00076565,279,48,231
E00076566,220,37,183
E00076567,252,70,182
E00076568,260,37,223
E00076569,294,95,199
E00076571,144,17,127
E00076572,379,41,338
E00076573,348,56,292
E00076574,206,27,179
E00076577,191,26,165
E00076579,296,53,243
E00076580,365,56,309
E00076581,171,18,153
E00076582,236,33,203
E00076583,349,15,334
E00076584,256,41,215
E00076585,165,20,145
E00076588,280,45,235
E00076589,395,106,289
E00076590,298,59,239
E00076591,348,85,263
E00076592,284,52,232
E00076593,240,43,197
E00076594,270,43,227
E00076595,244,37,207
E00076596,231,22,209
E00076597,256,42,214
E00076598,237,32,205
E00076599,238,27,211
E00076600,327,52,275
E00076601,257,43,214
E00076602,277,63,214
E00076603,538,154,384
E00076604,451,81,370
E00076605,278,67,211
E00076606,243,45,198
E00076607,277,18,259
E00076608,255,37,218
E00076609,220,33,187
E00076610,258,48,210
E00076611,256,47,209
E00076612,257,52,205
E00076613,338,87,251
E00076614,320,54,266
E00076615,322,113,209
E00076616,157,18,139
E00076617,363,73,290
E00076618,337,91,246
E00076619,297,75,222
E00076620,273,46,227
E00076621,361,93,268
E00076622,211,34,177
E00076623,351,97,254
E00076624,291,67,224
E00076625,297,59,238
E00076626,252,48,204
E00076627,296,50,246
E00076628,250,38,212
E00076629,264,38,226
E00076630,285,50,235
E00076631,247,32,215
E00076632,373,79,294
E00076633,464,64,400
E00076634,274,52,222
E00076635,309,52,257
E00076636,330,64,266
E00076637,281,36,245
E00076638,280,50,230
E00076639,259,45,214
E00076640,277,47,230
E00076641,314,52,262
E00076642,297,44,253
E00076643,295,52,243
E00076644,260,49,211
E00076645,400,60,340
E00076646,257,36,221
E00076647,281,45,236
E00076648,265,43,222
E00076649,242,36,206
E00076650,239,35,204
E00076651,319,55,264
E00076652,264,59,205
E00076653,279,59,220
E00076654,240,41,199
E00076655,250,51,199
E00076656,215,30,185
E00076657,234,36,198
E00076658,222,47,175
E00076659,232,49,183
E00076660,267,29,238
E00076661,260,42,218
E00076663,315,64,251
E00076664,338,54,284
E00076665,331,46,285
E00076666,260,56,204
E00076667,269,29,240
E00076668,301,46,255
E00076669,339,65,274
E00076670,271,59,212
E00076671,250,67,183
E00076672,442,85,357
E00076673,196,39,157
E00076674,404,92,312
E00076675,342,131,211
E00076676,254,53,201
E00076677,271,64,207
E00076678,258,70,188
E00076679,285,66,219
E00076680,304,67,237
E00076681,288,64,224
E00076682,308,57,251
E00076683,251,51,200
E00076684,298,56,242
E00076685,239,40,199
E00076686,291,50,241
E00076687,250,47,203
E00076688,247,54,193
E00076689,336,138,198
E00076690,320,102,218
E00076691,358,140,218
E00076692,260,54,206
E00076693,298,78,220
E00076694,266,53,213
E00076695,249,82,167
E00076696,423,88,335
E00076697,302,54,248
E00076698,479,84,395
E00076699,359,64,295
E00076700,285,55,230
E00076701,193,20,173
E00076702,357,73,284
E00076703,248,34,214
E00076704,290,60,230
E00076705,232,46,186
E00076706,300,41,259
E00076707,310,65,245
E00076708,230,45,185
E00076709,337,60,277
E00076710,297,59,238
E00076711,222,51,171
E00076712,230,51,179
E00076713,245,42,203
E00076714,329,72,257
E00076715,246,44,202
E00076716,228,52,176
E00076717,191,39,152
E00076718,382,81,301
E00076719,152,19,133
E00076720,215,25,190
E00076721,218,38,180
E00076722,288,51,237
E00076723,235,27,208
E00076724,298,41,257
E00076725,314,37,277
E00076726,175,14,161
E00076727,215,34,181
E00076728,252,24,228
E00076729,228,17,211
E00076730,266,43,223
E00076731,193,7,186
E00076732,536,90,446
E00076733,174,15,159
E00076734,289,31,258
E00076735,252,24,228
E00076736,210,11,199
E00076737,180,29,151
E00076738,161,16,145
E00076739,259,29,230
E00076740,204,11,193
E00076741,211,23,188
E00076742,299,49,250
E00076743,226,13,213
E00076744,248,31,217
E00076745,229,19,210
E00076746,297,28,269
E00076747,232,29,203
E00076748,202,7,195
E00076749,170,11,159
E00076750,253,25,228
E00076751,215,29,186
E00076752,188,23,165
E00076753,251,55,196
E00076754,264,33,231
E00076755,277,27,250
E00076756,268,57,211
E00076757,297,49,248
E00076759,291,66,225
E00076760,317,79,238
E00076761,316,51,265
E00076762,413,141,272
E00076763,252,70,182
E00076764,308,58,250
E00076765,322,70,252
E00076766,255,41,214
E00076767,354,112,242
E00076768,424,94,330
E00076769,404,140,264
E00076770,204,26,178
E00076771,269,58,211
E00076772,304,69,235
E00076773,318,58,260
E00076774,178,17,161
E00076775,345,81,264
E00076776,200,14,186
E00076777,324,58,266
E00076778,228,37,191
E00076779,290,76,214
E00076780,263,34,229
E00076781,330,67,263
E00076782,246,44,202
E00076786,303,46,257
E00076787,239,53,186
E00076788,293,60,233
E00076789,232,23,209
E00076790,237,25,212
E00076791,261,41,220
E00076792,248,32,216
E00076793,312,36,276
E00076794,240,25,215
E00076795,273,33,240
E00076796,265,39,226
E00076797,239,15,224
E00076798,275,71,204
E00076799,276,44,232
E00076800,248,27,221
E00076801,271,38,233
E00076802,256,27,229
E00076803,234,23,211
E00076804,238,45,193
E00076805,269,42,227
E00076806,274,23,251
E00076807,308,37,271
E00076808,241,21,220
E00076809,277,17,260
E00076810,223,34,189
E00076811,227,28,199
E00076812,237,26,211
E00076813,286,22,264
E00076814,300,62,238
E00076815,298,68,230
E00076816,300,68,232
E00076817,271,65,206
E00076818,256,42,214
E00076819,278,41,237
E00076820,320,61,259
E00076821,279,43,236
E00076822,259,40,219
E00076823,260,36,224
E00076824,247,36,211
E00076825,411,64,347
E00076826,305,38,267
E00076827,315,39,276
E00076828,288,64,224
E00076829,297,60,237
E00076830,284,34,250
E00076831,270,44,226
E00076832,342,59,283
E00076833,262,30,232
E00076834,301,63,238
E00076835,230,50,180
E00076836,300,65,235
E00076837,292,59,233
E00076838,322,65,257
E00076839,317,60,257
E00076840,248,32,216
E00076841,339,60,279
E00076842,131,16,115
E00076843,270,59,211
E00076844,248,54,194
E00076845,323,61,262
E00076846,274,60,214
E00076847,250,49,201
E00076848,238,31,207
E00076849,295,44,251
E00076850,313,54,259
E00076851,206,14,192
E00076852,315,16,299
E00076853,251,35,216
E00076854,228,19,209
E00076855,319,36,283
E00076856,334,27,307
E00076857,249,26,223
E00076858,268,37,231
E00076859,300,54,246
E00076860,275,50,225
E00076861,238,57,181
E00076862,195,30,165
E00076863,329,80,249
E00076864,299,68,231
E00076865,320,99,221
E00076866,317,86,231
E00076867,268,70,198
E00076868,280,80,200
E00076869,252,65,187
E00076870,310,86,224
E00076871,252,55,197
E00076872,294,69,225
E00076873,294,63,231
E00076874,224,28,196
E00076875,330,91,239
E00076876,287,93,194
E00076877,307,64,243
E00076878,227,48,179
E00076879,345,72,273
E00076880,279,54,225
E00076881,257,48,209
E00076882,275,49,226
E00076883,258,31,227
E00076884,280,58,222
E00076885,296,61,235
E00076886,284,38,246
E00076887,268,47,221
E00076888,260,54,206
E00076889,331,86,245
E00076890,303,64,239
E00076891,323,57,266
E00076892,262,45,217
E00076893,180,26,154
E00076894,262,33,229
E00076895,269,34,235
E00076896,284,54,230
E00076897,367,69,298
E00076898,294,46,248
E00076899,230,31,199
E00076900,273,59,214
E00076901,338,73,265
E00076902,197,26,171
E00076903,282,33,249
E00076904,351,86,265
E00076905,322,59,263
E00076906,307,36,271
E00076907,324,54,270
E00076908,382,60,322
E00076909,290,42,248
E00076910,282,48,234
E00076911,252,44,208
E00076912,377,48,329
E00076913,310,16,294
E00076914,276,29,247
E00076915,217,13,204
E00076916,268,41,227
E00076917,145,14,131
E00076918,270,52,218
E00076919,258,34,224
E00076920,281,27,254
E00076921,289,31,258
E00076922,324,62,262
E00076923,293,45,248
E00076924,214,21,193
E00076925,289,57,232
E00076926,266,40,226
E00076927,298,62,236
E00076928,310,52,258
E00076929,335,30,305
E00076930,306,52,254
E00076931,299,25,274
E00076932,350,46,304
E00076933,242,24,218
E00076934,246,16,230
E00076935,286,33,253
E00076936,265,43,222
E00076937,265,21,244
E00076938,297,50,247
E00076939,315,54,261
E00076940,318,50,268
E00076941,288,45,243
E00076942,259,34,225
E00076943,268,59,209
E00076944,280,49,231
E00076945,254,47,207
E00076946,268,38,230
E00076947,332,36,296
E00076948,282,56,226
E00076949,291,46,245
E00076950,282,30,252
E00076951,246,22,224
E00076952,232,50,182
E00076953,320,52,268
E00076954,297,54,243
E00076955,304,41,263
E00076956,311,67,244
E00076957,198,28,170
E00076958,265,44,221
E00076959,289,44,245
E00076960,325,51,274
E00076961,251,35,216
E00076962,160,1,159
E00076963,358,19,339
E00076964,307,37,270
E00076965,244,44,200
E00076966,280,26,254
E00076967,284,55,229
E00076968,265,17,248
E00076969,222,8,214
E00076970,236,53,183
E00076971,390,35,355
E00076972,267,47,220
E00076973,231,45,186
E00076974,248,65,183
E00076975,221,5,216
E00076976,285,19,266
E00076977,380,44,336
E00076978,300,37,263
E00076979,312,29,283
E00076980,235,28,207
E00076981,247,20,227
E00076982,406,56,350
E00076983,180,28,152
E00076984,264,35,229
E00076985,298,16,282
E00076986,356,48,308
E00076987,300,57,243
E00076988,286,28,258
E00076989,295,31,264
E00076990,352,63,289
E00076991,286,66,220
E00076992,312,36,276
E00076993,363,33,330
E00076994,275,25,250
E00076995,276,18,258
E00076996,447,63,384
E00076997,325,78,247
E00076998,298,68,230
E00076999,193,19,174
E00077000,221,25,196
E00077001,219,30,189
E00077002,405,116,289
E00077003,377,21,356
E00077004,316,48,268
E00077005,344,91,253
E00077006,296,69,227
E00077007,302,49,253
E00077008,239,38,201
E00077009,271,56,215
E00077010,216,22,194
E00077011,289,48,241
E00077012,244,17,227
E00077013,235,22,213
E00077014,253,51,202
E00077015,222,21,201
E00077016,278,36,242
E00077017,321,47,274
E00077018,282,47,235
E00077019,229,36,193
E00077020,314,70,244
E00077021,238,23,215
E00077022,242,41,201
E00077023,288,31,257
E00077024,326,37,289
E00077025,257,50,207
E00077026,332,63,269
E00077027,208,23,185
E00077028,370,73,297
E00077029,282,51,231
E00077030,221,34,187
E00077031,234,23,211
E00077032,297,63,234
E00077033,269,56,213
E00077034,188,11,177
E00077035,287,50,237
E00077036,273,28,245
E00077037,227,15,212
E00077038,259,27,232
E00077039,248,33,215
E00077040,272,37,235
E00077042,275,40,235
E00077043,296,61,235
E00077044,245,33,212
E00077045,309,73,236
E00077046,333,57,276
E00077047,269,49,220
E00077048,312,34,278
E00077049,252,36,216
E00077050,276,34,242
E00077051,245,46,199
E00077052,232,10,222
E00077053,299,39,260
E00077054,266,39,227
E00077055,264,36,228
E00077057,333,73,260
E00077058,262,41,221
E00077059,353,53,300
E00077062,397,88,309
E00077063,381,89,292
E00077064,427,81,346
E00077065,244,57,187
E00077066,313,50,263
E00077067,304,50,254
E00077068,295,54,241
E00077069,273,63,210
E00077070,203,33,170
E00077071,272,71,201
E00077072,247,68,179
E00077073,209,24,185
E00077074,236,36,200
E00077075,312,56,256
E00077076,260,53,207
E00077077,342,66,276
E00077078,159,15,144
E00077079,346,100,246
E00077080,364,78,286
E00077081,283,50,233
E00077082,314,75,239
E00077083,173,9,164
E00077084,363,53,310
E00077085,309,89,220
E00077086,263,38,225
E00077087,290,28,262
E00077088,212,14,198
E00077089,244,30,214
E00077090,323,41,282
E00077091,293,62,231
E00077092,251,35,216
E00077093,245,52,193
E00077094,241,67,174
E00077095,333,68,265
E00077096,285,35,250
E00077097,314,69,245
E00077098,283,66,217
E00077099,205,46,159
E00077100,384,65,319
E00077101,474,91,383
E00077102,282,36,246
E00077103,345,71,274
E00077104,288,57,231
E00077105,302,77,225
E00077107,280,67,213
E00077108,350,67,283
E00077109,330,54,276
E00077110,245,45,200
E00077111,389,74,315
E00077112,375,45,330
E00077113,247,48,199
E00077114,354,43,311
E00077115,220,39,181
E00077116,328,43,285
E00077117,240,29,211
E00077118,250,27,223
E00077119,306,26,280
E00077120,261,35,226
E00077121,291,35,256
E00077122,228,32,196
E00077123,268,6,262
E00077124,260,58,202
E00077125,268,43,225
E00077126,217,12,205
E00077127,276,47,229
E00077128,227,14,213
E00077129,280,48,232
E00077130,253,16,237
E00077131,270,59,211
E00077132,336,92,244
E00077133,395,129,266
E00077134,237,23,214
E00077135,312,46,266
E00077136,348,83,265
E00077137,269,46,223
E00077138,298,85,213
E00077139,326,92,234
E00077140,297,69,228
E00077141,259,60,199
E00077142,375,78,297
E00077143,339,72,267
E00077144,308,94,214
E00077145,242,59,183
E00077146,273,38,235
E00077147,237,22,215
E00077148,259,23,236
E00077149,269,17,252
E00077150,260,19,241
E00077151,257,39,218
E00077152,227,18,209
E00077153,251,16,235
E00077154,330,35,295
E00077155,220,21,199
E00077156,285,14,271
E00077157,282,33,249
E00077158,253,30,223
E00077159,237,15,222
E00077160,197,10,187
E00077161,293,23,270
E00077162,231,10,221
E00077163,176,3,173
E00077164,298,25,273
E00077165,216,15,201
E00077166,237,15,222
E00077167,338,25,313
E00077168,230,18,212
E00077169,187,18,169
E00077170,288,14,274
E00077171,256,26,230
E00077172,217,15,202
E00077173,299,17,282
E00077174,381,22,359
E00077175,283,29,254
E00077176,219,10,209
E00077177,300,30,270
E00077178,169,8,161
E00077179,321,71,250
E00077180,267,27,240
E00077181,307,64,243
E00077183,320,94,226
E00077184,342,82,260
E00077185,260,42,218
E00077186,340,84,256
E00077187,311,79,232
E00077188,427,92,335
E00077189,346,78,268
E00077190,297,70,227
E00077191,252,46,206
E00077192,354,61,293
E00077193,272,36,236
E00077194,320,76,244
E00077195,208,32,176
E00077196,354,99,255
E00077197,395,74,321
E00077198,288,69,219
E00077199,316,79,237
E00077200,284,65,219
E00077201,243,46,197
E00077202,381,78,303
E00077203,288,26,262
E00077204,413,103,310
E00077205,387,98,289
E00077206,372,102,270
E00077207,359,87,272
E00077208,308,57,251
E00077209,349,51,298
E00077210,332,64,268
E00077211,307,76,231
E00077212,265,33,232
E00077213,488,63,425
E00077214,312,53,259
E00077217,263,37,226
E00077218,295,37,258
E00077220,215,29,186
E00077221,299,61,238
E00077222,339,67,272
E00077223,210,37,173
E00077224,232,41,191
E00077225,210,35,175
E00077226,202,15,187
E00077227,322,34,288
E00077229,362,66,296
E00077230,166,23,143
E00077231,237,38,199
E00077232,271,51,220
E00077233,351,79,272
E00077234,196,28,168
E00077235,132,22,110
E00077236,255,33,222
E00077237,279,36,243
E00077239,244,43,201
E00077240,158,7,151
E00077241,263,40,223
E00077242,303,43,260
E00077244,258,24,234
E00077245,288,47,241
E00077246,285,27,258
E00077247,319,27,292
E00077248,266,21,245
E00077249,280,38,242
E00077250,207,24,183
E00077251,207,22,185
E00077252,602,312,290
E00077255,318,73,245
E00077256,302,46,256
E00077258,371,49,322
E00077259,297,32,265
E00077260,290,48,242
E00077262,433,133,300
E00077264,308,38,270
E00077265,235,41,194
E00077266,442,96,346
E00077267,165,20,145
E00077268,365,76,289
E00077269,214,21,193
E00077270,330,25,305
E00077271,262,17,245
E00077273,240,24,216
E00077274,306,37,269
E00077275,330,44,286
E00077276,240,33,207
E00077277,371,111,260
E00077278,189,42,147
E00077279,325,89,236
E00077280,419,52,367
E00077281,370,57,313
E00077282,223,29,194
E00077283,229,18,211
E00077284,267,27,240
E00077285,431,94,337
E00077286,297,69,228
E00077287,268,60,208
E00077288,273,52,221
E00077289,371,70,301
E00077292,407,78,329
E00077293,310,68,242
E00077294,349,72,277
E00077295,376,93,283
E00077296,399,99,300
E00077297,244,39,205
E00077298,210,30,180
E00077299,303,77,226
E00077301,488,138,350
E00077302,289,54,235
E00077303,351,66,285
E00077304,470,61,409
E00077305,448,65,383
E00077306,212,21,191
E00077307,315,26,289
E00077308,429,59,370
E00077309,318,53,265
E00077310,239,12,227
E00077311,251,17,234
E00077312,204,31,173
E00077313,339,66,273
E00077314,333,69,264
E00077315,434,57,377
E00077316,301,55,246
E00077317,253,33,220
E00077318,296,35,261
E00077319,265,49,216
E00077320,291,39,252
E00077321,290,36,254
E00077322,265,36,229
E00077323,160,14,146
E00077324,439,55,384
E00077325,322,57,265
E00077326,322,52,270
E00077327,212,25,187
E00077328,334,43,291
E00077329,330,23,307
E00077330,236,34,202
E00077331,310,25,285
E00077332,250,45,205
E00077333,280,40,240
E00077334,293,69,224
E00077335,317,52,265
E00077336,259,28,231
E00077337,246,21,225
E00077338,267,41,226
E00077339,279,26,253
E00077340,299,61,238
E00077341,371,65,306
E00077342,302,55,247
E00077343,266,28,238
E00077344,339,54,285
E00077345,281,57,224
E00077346,192,11,181
E00077347,226,18,208
E00077348,336,45,291
E00077349,272,38,234
E00077350,268,53,215
E00077351,314,80,234
E00077352,301,60,241
E00077353,292,51,241
E00077354,281,36,245
E00077355,277,65,212
E00077356,313,77,236
E00077357,301,69,232
E00077359,290,50,240
E00077360,437,66,371
E00077361,317,70,247
E00077362,291,23,268
E00077363,267,56,211
E00077364,324,58,266
E00077365,317,63,254
E00077367,308,51,257
E00077368,284,26,258
E00077369,310,65,245
E00077370,287,39,248
E00077371,302,56,246
E00077372,288,57,231
E00077373,405,94,311
E00077374,262,18,244
E00077375,278,25,253
E00077376,277,39,238
E00077377,251,38,213
E00077378,258,40,218
E00077379,289,39,250
E00077380,284,55,229
E00077381,496,168,328
E00077382,270,31,239
E00077383,546,135,411
E00077384,343,75,268
E00077385,258,15,243
E00077386,259,17,242
E00077387,249,12,237
E00077388,320,83,237
E00077389,284,63,221
E00077390,327,77,250
E00077391,358,86,272
E00077392,271,28,243
E00077393,289,59,230
E00077394,256,50,206
E00077395,251,41,210
E00077396,304,87,217
E00077397,319,90,229
E00077398,256,72,184
E00077399,243,43,200
E00077400,320,78,242
E00077401,288,62,226
E00077402,339,78,261
E00077403,325,82,243
E00077404,296,70,226
E00077405,379,50,329
E00077406,340,91,249
E00077407,246,37,209
E00077408,261,40,221
E00077409,299,66,233
E00077410,290,46,244
E00077411,166,27,139
E00077412,284,13,271
E00077413,287,26,261
E00077414,201,31,170
E00077415,323,59,264
E00077417,285,63,222
E00077418,282,57,225
E00077419,317,66,251
E00077420,284,50,234
E00077421,312,52,260
E00077422,291,55,236
E00077423,275,49,226
E00077424,305,75,230
E00077425,293,70,223
E00077426,309,53,256
E00077427,446,71,375
E00077428,350,82,268
E00077429,302,58,244
E00077430,332,77,255
E00077431,323,62,261
E00077432,316,58,258
E00077433,294,44,250
E00077434,347,78,269
E00077435,288,51,237
E00077436,304,52,252
E00077437,270,62,208
E00077438,321,65,256
E00077439,303,51,252
E00077440,299,48,251
E00077441,317,72,245
E00077442,400,74,326
E00077443,335,68,267
E00077444,268,57,211
E00077445,354,93,261
E00077446,334,74,260
E00077447,322,77,245
E00077448,329,68,261
E00077449,316,73,243
E00077450,156,15,141
E00077451,314,59,255
E00077452,316,125,191
E00077453,306,63,243
E00077454,282,72,210
E00077455,318,70,248
E00077456,319,93,226
E00077457,291,63,228
E00077458,390,126,264
E00077459,365,145,220
E00077460,380,80,300
E00077461,308,71,237
E00077462,298,59,239
E00077463,358,86,272
E00077464,340,80,260
E00077465,328,87,241
E00077466,360,98,262
E00077467,347,90,257
E00077468,338,53,285
E00077469,281,59,222
E00077470,304,53,251
E00077471,324,82,242
E00077472,324,71,253
E00077473,300,75,225
E00077474,370,88,282
E00077475,380,79,301
E00077477,382,123,259
E00077478,419,71,348
E00077479,433,115,318
E00077480,240,36,204
E00077481,278,62,216
E00077482,365,94,271
E00077483,324,71,253
E00077484,265,43,222
E00077485,304,81,223
E00077486,353,138,215
E00077487,357,98,259
E00077488,309,92,217
E00077489,386,73,313
E00077490,261,55,206
E00077491,280,61,219
E00077492,322,76,246
E00077493,488,144,344
E00077494,366,51,315
E00077495,342,122,220
E00077496,469,109,360
E00077497,135,3,132
E00077498,314,52,262
E00077499,395,88,307
E00077500,316,42,274
E00077501,297,40,257
E00077502,372,82,290
E00077503,327,74,253
E00077504,264,33,231
E00077505,281,51,230
E00077506,284,71,213
E00077507,299,45,254
E00077508,274,61,213
E00077509,291,40,251
E00077510,359,62,297
E00077511,296,58,238
E00077512,309,47,262
E00077513,437,98,339
E00077514,308,60,248
E00077515,288,36,252
E00077516,261,20,241
E00077517,335,67,268
E00077518,269,29,240
E00077519,298,38,260
E00077520,312,67,245
E00077521,295,51,244
E00077522,284,53,231
E00077523,320,61,259
E00077524,410,63,347
E00077525,301,41,260
E00077526,369,59,310
E00077528,287,60,227
E00077529,283,50,233
E00077530,379,95,284
E00077531,291,78,213
E00077532,329,67,262
E00077533,310,66,244
E00077534,310,67,243
E00077535,377,89,288
E00077536,355,81,274
E00077538,239,5,234
E00077539,269,34,235
E00077540,296,55,241
E00077541,248,64,184
E00077542,299,59,240
E00077543,255,28,227
E00077544,300,56,244
E00077545,285,52,233
E00077546,284,51,233
E00077547,332,79,253
E00077548,322,75,247
E00077549,310,50,260
E00077550,131,27,104
E00077551,229,29,200
E00077552,327,81,246
E00077553,332,68,264
E00077554,269,82,187
E00077555,303,50,253
E00077556,376,52,324
E00077557,210,36,174
E00077558,386,70,316
E00077559,297,71,226
E00077560,283,64,219
E00077561,259,43,216
E00077562,301,71,230
E00077563,264,40,224
E00077564,305,90,215
E00077565,247,55,192
E00077566,308,80,228
E00077567,311,57,254
E00077568,465,133,332
E00077569,256,37,219
E00077570,280,45,235
E00077571,218,20,198
E00077572,310,19,291
E00077573,329,15,314
E00077574,495,189,306
E00077575,338,122,216
E00077576,247,18,229
E00077577,246,31,215
E00077578,252,27,225
E00077579,261,16,245
E00077580,367,78,289
E00077581,206,24,182
E00077582,362,53,309
E00077583,363,167,196
E00077584,319,56,263
E00077585,305,52,253
E00077586,296,44,252
E00077587,277,65,212
E00077588,315,71,244
E00077589,332,126,206
E00077590,345,62,283
E00077591,352,63,289
E00077592,259,57,202
E00077593,291,85,206
E00077594,355,50,305
E00077595,276,42,234
E00077596,327,72,255
E00077597,274,51,223
E00077598,447,97,350
E00077599,348,55,293
E00077600,305,25,280
E00077601,262,59,203
E00077602,224,39,185
E00077603,458,95,363
E00077604,302,68,234
E00077605,301,63,238
E00077606,300,49,251
E00077607,398,78,320
E00077608,313,91,222
E00077609,278,55,223
E00077610,268,51,217
E00077611,337,65,272
E00077612,281,76,205
E00077613,349,105,244
E00077614,262,53,209
E00077615,274,64,210
E00077616,330,89,241
E00077617,317,95,222
E00077618,287,61,226
E00077619,256,30,226
E00077620,376,91,285
E00077621,292,45,247
E00077622,169,31,138
E00077623,474,114,360
E00077624,329,91,238
E00077625,293,57,236
E00077626,284,42,242
E00077627,246,33,213
E00077628,286,44,242
E00077629,259,46,213
E00077630,502,155,347
E00077631,281,65,216
E00077632,349,74,275
E00077633,208,24,184
E00077634,403,168,235
E00077635,285,61,224
E00077636,425,145,280
E00077637,286,54,232
E00077638,335,107,228
E00077639,233,49,184
E00077640,366,107,259
E00077641,282,45,237
E00077642,270,43,227
E00077643,287,53,234
E00077644,284,63,221
E00077645,365,108,257
E00077646,389,108,281
E00077647,425,157,268
E00077648,269,60,209
E00077649,316,75,241
E00077650,326,113,213
E00077651,418,109,309
E00077652,354,163,191
E00077653,369,136,233
E00077654,376,197,179
E00077655,407,165,242
E00077656,434,297,137
E00077657,254,63,191
E00077658,292,49,243
E00077659,302,70,232
E00077660,230,59,171
E00077662,239,65,174
E00077663,306,62,244
E00077664,298,58,240
E00077665,298,57,241
E00077666,322,45,277
E00077667,304,57,247
E00077668,344,50,294
E00077669,306,64,242
E00077670,264,9,255
E00077671,236,12,224
E00077672,392,49,343
E00077673,271,49,222
E00077674,289,57,232
E00077675,372,71,301
E00077676,306,79,227
E00077677,307,67,240
E00077678,314,68,246
E00077679,308,75,233
E00077680,325,66,259
E00077681,323,58,265
E00077682,305,66,239
E00077683,380,83,297
E00077684,351,83,268
E00077685,295,53,242
E00077686,300,50,250
E00077687,304,63,241
E00077688,325,54,271
E00077689,315,26,289
E00077690,229,26,203
E00077691,266,20,246
E00077692,250,21,229
E00077693,371,31,340
E00077694,352,25,327
E00077695,225,16,209
E00077696,244,18,226
E00077697,214,6,208
E00077698,182,5,177
E00077699,523,55,468
E00077700,229,15,214
E00077701,291,47,244
E00077702,186,16,170
E00077703,310,37,273
E00077704,247,20,227
E00077705,213,25,188
E00077706,157,6,151
E00077707,227,25,202
E00077708,380,44,336
E00077709,114,22,92
E00077710,210,26,184
E00077711,185,6,179
E00077712,244,27,217
E00077713,142,12,130
E00077714,360,35,325
E00077715,262,14,248
E00077716,198,14,184
E00077717,237,16,221
E00077719,243,22,221
E00077720,374,20,354
E00077721,242,19,223
E00077722,259,26,233
E00077723,221,16,205
E00077725,177,20,157
E00077726,194,12,182
E00077727,480,79,401
E00077728,358,131,227
E00077729,417,214,203
E00077730,500,219,281
E00077731,361,115,246
E00077732,395,211,184
E00077733,414,242,172
E00077734,373,156,217
E00077735,415,222,193
E00077736,353,134,219
E00077737,272,125,147
E00077738,376,119,257
E00077739,286,66,220
E00077740,278,82,196
E00077741,357,127,230
E00077743,543,216,327
E00077744,337,81,256
E00077745,330,130,200
E00077746,362,155,207
E00077747,295,108,187
E00077748,324,126,198
E00077749,307,76,231
E00077750,398,181,217
E00077751,302,81,221
E00077752,420,186,234
E00077753,459,312,147
E00077754,389,195,194
E00077755,328,104,224
E00077756,375,116,259
E00077757,352,138,214
E00077758,339,96,243
E00077759,292,63,229
E00077760,389,69,320
E00077761,255,33,222
E00077762,281,59,222
E00077763,285,30,255
E00077764,348,67,281
E00077765,358,50,308
E00077766,286,33,253
E00077767,365,132,233
E00077768,236,14,222
E00077769,326,82,244
E00077770,294,63,231
E00077771,285,68,217
E00077772,291,46,245
E00077773,383,103,280
E00077774,441,133,308
E00077775,263,40,223
E00077776,265,53,212
E00077777,355,107,248
E00077778,345,60,285
E00077779,307,49,258
E00077780,289,62,227
E00077781,331,71,260
E00077782,179,16,163
E00077783,353,73,280
E00077784,335,77,258
E00077785,315,67,248
E00077786,371,104,267
E00077787,247,20,227
E00077788,232,21,211
E00077789,393,111,282
E00077790,283,76,207
E00077791,251,40,211
E00077792,281,28,253
E00077793,325,80,245
E00077794,289,38,251
E00077795,324,70,254
E00077796,273,24,249
E00077797,244,35,209
E00077798,284,43,241
E00077799,346,73,273
E00077800,243,33,210
E00077801,196,22,174
E00077802,197,26,171
E00077803,234,38,196
E00077804,348,104,244
E00077805,315,54,261
E00077806,272,51,221
E00077807,287,74,213
E00077808,466,238,228
E00077809,245,38,207
E00077810,430,72,358
E00077811,251,40,211
E00077812,332,51,281
E00077813,250,32,218
E00077814,308,53,255
E00077815,308,53,255
E00077816,357,74,283
E00077817,289,45,244
E00077818,340,54,286
E00077819,297,52,245
E00077820,272,34,238
E00077821,304,59,245
E00077822,328,60,268
E00077823,300,54,246
E00077824,208,25,183
E00077825,247,55,192
E00077826,344,60,284
E00077827,315,58,257
E00077828,315,62,253
E00077829,325,73,252
E00077830,283,49,234
E00077831,246,38,208
E00077832,307,39,268
E00077833,271,33,238
E00077834,323,70,253
E00077835,268,19,249
E00077836,335,60,275
E00077837,282,44,238
E00077838,350,72,278
E00077839,334,65,269
E00077840,313,53,260
E00077841,309,59,250
E00077842,253,19,234
E00077843,279,42,237
E00077844,330,66,264
E00077845,386,81,305
E00077846,224,26,198
E00077847,318,56,262
E00077848,263,28,235
E00077849,299,57,242
E00077850,291,36,255
E00077851,301,37,264
E00077852,284,43,241
E00077853,317,60,257
E00077854,269,53,216
E00077855,279,40,239
E00077856,325,66,259
E00077857,378,62,316
E00077858,263,38,225
E00077859,269,44,225
E00077860,338,41,297
E00077861,284,38,246
E00077862,345,54,291
E00077863,355,66,289
E00077864,243,32,211
E00077865,272,49,223
E00077866,333,58,275
E00077867,232,21,211
E00077868,339,60,279
E00077869,295,40,255
E00077870,322,49,273
E00077871,260,22,238
E00077872,344,53,291
E00077873,283,23,260
E00077874,179,8,171
E00077875,346,39,307
E00077876,251,31,220
E00077877,234,8,226
E00077878,386,65,321
E00077879,242,11,231
E00077880,296,41,255
E00077881,215,6,209
E00077882,398,57,341
E00077883,280,33,247
E00077884,403,50,353
E00077885,371,60,311
E00077886,300,31,269
E00077887,189,12,177
E00077888,313,22,291
E00077889,215,29,186
E00077890,232,17,215
E00077891,362,57,305
E00077892,270,20,250
E00077893,178,12,166
E00077894,316,50,266
E00077895,233,28,205
E00077896,164,5,159
E00077897,170,2,168
E00077898,206,5,201
E00077899,182,13,169
E00077900,278,4,274
E00077901,186,3,183
E00077902,356,79,277
E00077903,277,35,242
E00077905,271,51,220
E00077906,317,77,240
E00077907,310,84,226
E00077908,246,51,195
E00077909,205,20,185
E00077910,221,27,194
E00077911,243,38,205
E00077912,299,53,246
E00077913,301,65,236
E00077914,254,43,211
E00077915,385,73,312
E00077916,293,53,240
E00077917,293,40,253
E00077918,364,66,298
E00077919,341,51,290
E00077920,351,70,281
E00077921,325,74,251
E00077922,246,64,182
E00077923,303,45,258
E00077924,309,53,256
E00077925,268,63,205
E00077926,343,70,273
E00077927,265,40,225
E00077928,306,44,262
E00077929,246,53,193
E00077930,285,58,227
E00077931,273,42,231
E00077932,320,81,239
E00077933,322,86,236
E00077934,358,50,308
E00077935,278,50,228
E00077936,287,63,224
E00077937,327,38,289
E00077938,293,38,255
E00077939,244,49,195
E00077940,354,73,281
E00077941,337,65,272
E00077942,281,52,229
E00077943,244,41,203
E00077944,274,39,235
E00077945,288,57,231
E00077946,283,55,228
E00077947,360,48,312
E00077948,244,37,207
E00077949,266,54,212
E00077950,311,53,258
E00077951,194,32,162
E00077952,306,46,260
E00077953,241,25,216
E00077954,246,19,227
E00077955,277,42,235
E00077956,259,35,224
E00077957,335,77,258
E00077958,302,35,267
E00077959,262,46,216
E00077960,310,53,257
E00077961,242,30,212
E00077962,337,70,267
E00077963,305,54,251
E00077964,275,36,239
E00077965,295,48,247
E00077966,328,54,274
E00077967,290,59,231
E00077968,242,11,231
E00077969,265,35,230
E00077970,223,37,186
E00077971,319,70,249
E00077972,280,54,226
E00077973,217,35,182
E00077974,312,73,239
E00077975,304,60,244
E00077976,248,39,209
E00077977,271,41,230
E00077978,296,41,255
E00077979,289,49,240
E00077980,285,27,258
E00077981,282,34,248
E00077982,401,85,316
E00077983,391,56,335
E00077984,289,52,237
E00077985,367,65,302
E00077986,280,45,235
E00077987,412,76,336
E00077989,289,54,235
E00077990,283,33,250
E00077991,333,51,282
E00077992,492,92,400
E00077993,294,48,246
E00077994,204,30,174
E00077995,261,38,223
E00077996,290,66,224
E00077997,410,67,343
E00077998,373,61,312
E00077999,349,108,241
E00078000,406,98,308
E00078001,278,36,242
E00078002,326,56,270
E00078003,379,74,305
E00078004,269,45,224
E00078005,339,92,247
E00078006,313,86,227
E00078007,392,114,278
E00078008,308,66,242
E00078009,300,59,241
E00078010,247,29,218
E00078011,288,33,255
E00078012,337,69,268
E00078013,229,23,206
E00078014,435,79,356
E00078015,387,77,310
E00078016,288,33,255
E00078017,304,54,250
E00078018,357,78,279
E00078019,251,56,195
E00078020,297,61,236
E00078021,316,72,244
E00078023,206,22,184
E00078024,272,40,232
E00078025,315,44,271
E00078026,330,71,259
E00078027,252,26,226
E00078028,245,33,212
E00078029,277,40,237
E00078030,296,36,260
E00078031,264,37,227
E00078032,271,44,227
E00078033,284,43,241
E00078034,304,41,263
E00078035,281,33,248
E00078036,314,35,279
E00078037,319,52,267
E00078038,308,51,257
E00078039,328,62,266
E00078040,287,40,247
E00078041,164,25,139
E00078042,390,66,324
E00078043,263,36,227
E00078044,336,75,261
E00078046,374,65,309
E00078047,356,73,283
E00078048,311,59,252
E00078049,316,33,283
E00078050,260,27,233
E00078051,385,70,315
E00078052,388,68,320
E00078053,354,59,295
E00078054,325,54,271
E00078055,353,71,282
E00078056,278,62,216
E00078057,449,84,365
E00078058,376,84,292
E00078059,340,75,265
E00078060,286,29,257
E00078061,286,42,244
E00078062,300,61,239
E00078063,341,45,296
E00078064,298,47,251
E00078065,324,58,266
E00078066,368,74,294
E00078067,203,11,192
E00078068,274,43,231
E00078069,315,51,264
E00078070,325,43,282
E00078071,526,144,382
E00078072,320,62,258
E00078073,366,92,274
E00078074,385,86,299
E00078075,399,67,332
E00078076,310,44,266
E00078077,387,48,339
E00078078,314,57,257
E00078079,140,27,113
E00078080,309,39,270
E00078081,306,51,255
E00078082,307,62,245
E00078083,252,42,210
E00078084,322,52,270
E00078085,369,109,260
E00078086,310,40,270
E00078087,275,35,240
E00078088,286,45,241
E00078089,252,45,207
E00078090,308,52,256
E00078091,329,49,280
E00078092,334,59,275
E00078093,377,71,306
E00078094,333,72,261
E00078095,286,55,231
E00078096,321,67,254
E00078097,350,80,270
E00078098,338,61,277
E00078099,312,46,266
E00078100,339,43,296
E00078101,374,56,318
E00078102,490,101,389
E00078103,279,56,223
E00078104,278,38,240
E00078105,370,75,295
E00078106,275,28,247
E00078107,251,40,211
E00078108,294,70,224
E00078109,332,68,264
E00078110,342,59,283
E00078111,262,36,226
E00078112,312,63,249
E00078113,376,64,312
E00078114,404,79,325
E00078115,223,36,187
E00078116,306,55,251
E00078117,315,49,266
E00078118,312,54,258
E00078119,190,21,169
E00078120,303,49,254
E00078121,294,45,249
E00078122,343,74,269
E00078123,278,39,239
E00078124,309,59,250
E00078125,302,39,263
E00078126,266,48,218
E00078127,265,39,226
E00078128,299,50,249
E00078129,365,74,291
E00078130,348,64,284
E00078131,243,67,176
E00078132,345,46,299
E00078133,263,45,218
E00078134,383,76,307
E00078135,397,84,313
E00078136,191,29,162
E00078137,320,34,286
E00078138,244,44,200
E00078139,275,54,221
E00078140,154,8,146
E00078141,277,34,243
E00078142,313,72,241
E00078143,345,72,273
E00078144,188,32,156
E00078145,300,61,239
E00078146,314,53,261
E00078147,228,40,188
E00078148,247,32,215
E00078149,251,18,233
E00078150,324,49,275
E00078151,454,75,379
E00078152,295,28,267
E00078153,278,28,250
E00078154,335,68,267
E00078155,366,60,306
E00078156,291,15,276
E00078157,330,58,272
E00078158,169,22,147
E00078159,276,38,238
E00078160,215,20,195
E00078161,215,22,193
E00078163,329,89,240
E00078164,265,51,214
E00078165,299,47,252
E00078166,310,54,256
E00078167,296,48,248
E00078168,357,81,276
E00078169,378,80,298
E00078170,430,77,353
E00078171,270,53,217
E00078172,380,61,319
E00078173,254,25,229
E00078174,334,38,296
E00078175,317,49,268
E00078176,244,36,208
E00078177,316,63,253
E00078178,253,38,215
E00078179,258,33,225
E00078180,316,55,261
E00078181,354,91,263
E00078182,265,62,203
E00078183,313,46,267
E00078184,288,43,245
E00078185,261,29,232
E00078186,302,70,232
E00078187,327,66,261
E00078188,263,44,219
E00078189,344,82,262
E00078190,354,82,272
E00078191,361,80,281
E00078192,368,84,284
E00078193,323,59,264
E00078194,379,80,299
E00078195,250,38,212
E00078196,408,53,355
E00078197,329,62,267
E00078198,203,45,158
E00078199,265,51,214
E00078200,181,18,163
E00078201,223,23,200
E00078202,182,23,159
E00078203,295,67,228
E00078204,248,36,212
E00078205,323,31,292
E00078207,153,26,127
E00078208,306,38,268
E00078210,264,54,210
E00078211,244,43,201
E00078212,253,46,207
E00078213,270,40,230
E00078214,336,63,273
E00078215,286,42,244
E00078216,316,56,260
E00078217,308,50,258
E00078218,392,52,340
E00078219,303,50,253
E00078221,374,48,326
E00078222,302,11,291
E00078223,242,13,229
E00078224,274,17,257
E00078225,378,50,328
E00078226,327,52,275
E00078227,400,71,329
E00078228,438,87,351
E00078229,217,41,176
E00078231,327,80,247
E00078232,254,40,214
E00078235,518,102,416
E00078236,330,74,256
E00078237,303,52,251
E00078238,295,70,225
E00078239,427,85,342
E00078243,523,122,401
E00078244,279,46,233
E00078245,393,46,347
E00078247,273,44,229
E00078248,236,35,201
E00078249,411,66,345
E00078250,248,32,216
E00078251,237,38,199
E00078252,303,45,258
E00078253,228,52,176
E00078254,292,45,247
E00078255,218,42,176
E00078256,249,44,205
E00078257,301,53,248
E00078258,319,65,254
E00078259,499,108,391
E00078260,312,63,249
E00078261,217,23,194
E00078263,438,93,345
E00078264,462,89,373
E00078265,466,103,363
E00078266,428,94,334
E00078269,411,88,323
E00078271,514,133,381
E00078272,512,101,411
E00078273,517,118,399
E00078274,440,91,349
E00078275,474,112,362
E00078276,380,46,334
E00078277,169,14,155
E00078278,198,34,164
E00078279,330,62,268
E00078280,364,72,292
E00078281,266,47,219
E00078282,360,68,292
E00078283,253,40,213
E00078284,372,76,296
E00078285,307,62,245
E00078286,418,85,333
E00078287,338,50,288
E00078288,266,46,220
E00078289,260,47,213
E00078290,292,42,250
E00078291,332,44,288
E00078292,267,42,225
E00078293,201,16,185
E00078294,289,43,246
E00078295,287,33,254
E00078296,269,42,227
E00078297,246,30,216
E00078298,255,39,216
E00078299,303,53,250
E00078300,313,49,264
E00078301,271,36,235
E00078302,277,50,227
E00078303,173,16,157
E00078304,247,25,222
E00078305,268,41,227
E00078306,241,23,218
E00078307,291,40,251
E00078308,240,30,210
E00078310,287,44,243
E00078311,263,42,221
E00078312,339,43,296
E00078313,265,33,232
E00078314,286,31,255
E00078315,237,35,202
E00078316,240,33,207
E00078317,271,49,222
E00078318,222,36,186
E00078319,243,26,217
E00078320,273,26,247
E00078321,268,55,213
E00078323,272,62,210
E00078324,145,11,134
E00078325,219,30,189
E00078326,301,91,210
E00078327,236,21,215
E00078328,363,99,264
E00078329,272,40,232
E00078330,190,29,161
E00078331,182,25,157
E00078332,333,75,258
E00078333,276,36,240
E00078334,228,32,196
E00078335,285,36,249
E00078336,313,47,266
E00078337,313,48,265
E00078338,309,54,255
E00078339,220,34,186
E00078340,218,37,181
E00078341,297,44,253
E00078342,135,2,133
E00078343,307,48,259
E00078344,373,70,303
E00078345,277,35,242
E00078346,327,55,272
E00078347,292,47,245
E00078348,266,37,229
E00078349,279,50,229
E00078351,390,84,306
E00078352,378,108,270
E00078353,317,66,251
E00078354,460,112,348
E00078355,303,56,247
E00078356,413,65,348
E00078358,250,54,196
E00078359,355,49,306
E00078360,474,62,412
E00078361,305,62,243
E00078362,414,83,331
E00078363,359,60,299
E00078364,300,42,258
E00078365,314,38,276
E00078366,320,45,275
E00078367,307,40,267
E00078368,261,51,210
E00078369,201,34,167
E00078370,258,35,223
E00078371,276,29,247
E00078372,282,38,244
E00078373,259,42,217
E00078374,389,39,350
E00078375,270,39,231
E00078376,277,55,222
E00078377,307,43,264
E00078378,316,46,270
E00078379,337,63,274
E00078380,289,57,232
E00078381,215,31,184
E00078382,324,63,261
E00078383,314,63,251
E00078384,296,49,247
E00078385,333,63,270
E00078386,497,117,380
E00078387,271,41,230
E00078388,305,52,253
E00078389,339,58,281
E00078390,266,44,222
E00078391,325,70,255
E00078392,304,48,256
E00078393,300,81,219
E00078394,246,59,187
E00078395,276,31,245
E00078396,252,35,217
E00078397,219,31,188
E00078398,305,59,246
E00078399,334,108,226
E00078400,237,41,196
E00078401,233,47,186
E00078402,341,51,290
E00078403,286,45,241
E00078404,143,4,139
E00078405,246,53,193
E00078406,285,42,243
E00078407,337,99,238
E00078408,299,48,251
E00078409,276,55,221
E00078410,278,53,225
E00078411,237,83,154
E00078412,333,62,271
E00078413,261,39,222
E00078414,308,41,267
E00078415,384,116,268
E00078416,303,41,262
E00078417,367,68,299
E00078418,315,54,261
E00078419,318,52,266
E00078420,254,43,211
E00078421,323,53,270
E00078422,339,58,281
E00078423,383,89,294
E00078424,314,71,243
E00078425,290,46,244
E00078426,302,66,236
E00078427,342,72,270
E00078428,205,25,180
E00078429,210,36,174
E00078430,313,49,264
E00078431,316,85,231
E00078432,281,51,230
E00078433,302,69,233
E00078434,295,88,207
E00078435,309,65,244
E00078436,273,77,196
E00078437,393,86,307
E00078438,227,31,196
E00078439,363,77,286
E00078440,294,55,239
E00078441,314,63,251
E00078442,423,50,373
E00078443,341,58,283
E00078444,377,80,297
E00078445,113,23,90
E00078446,297,29,268
E00078447,289,28,261
E00078448,305,51,254
E00078449,358,91,267
E00078450,292,68,224
E00078451,271,44,227
E00078452,256,23,233
E00078453,282,47,235
E00078454,301,33,268
E00078455,313,46,267
E00078456,290,38,252
E00078457,205,16,189
E00078458,262,25,237
E00078459,243,28,215
E00078460,289,46,243
E00078461,247,24,223
E00078462,304,70,234
E00078463,298,73,225
E00078464,330,77,253
E00078465,271,52,219
E00078466,360,88,272
E00078467,284,61,223
E00078468,261,50,211
E00078469,272,30,242
E00078470,265,38,227
E00078471,350,75,275
E00078472,283,31,252
E00078473,286,74,212
E00078474,227,41,186
E00078475,285,42,243
E00078476,141,6,135
E00078477,296,42,254
E00078478,290,47,243
E00078479,316,63,253
E00078480,227,17,210
E00078481,426,68,358
E00078482,236,48,188
E00078483,348,71,277
E00078484,366,70,296
E00078485,272,46,226
E00078486,424,87,337
E00078487,228,40,188
E00078488,263,42,221
E00078489,241,28,213
E00078490,283,43,240
E00078491,335,59,276
E00078492,189,7,182
E00078493,165,14,151
E00078494,299,48,251
E00078495,287,28,259
E00078496,138,4,134
E00078497,250,38,212
E00078498,258,46,212
E00078499,406,43,363
E00078500,409,88,321
E00078501,272,56,216
E00078502,233,32,201
E00078503,240,33,207
E00078504,326,59,267
E00078505,272,42,230
E00078506,235,23,212
E00078507,110,17,93
E00078508,379,59,320
E00078509,333,52,281
E00078510,268,43,225
E00078511,312,50,262
E00078512,358,110,248
E00078513,269,53,216
E00078514,212,44,168
E00078515,284,46,238
E00078516,278,51,227
E00078517,356,78,278
E00078518,341,61,280
E00078519,301,57,244
E00078520,236,58,178
E00078522,158,9,149
E00078524,294,40,254
E00078525,277,55,222
E00078526,254,44,210
E00078527,426,103,323
E00078528,329,61,268
E00078529,398,113,285
E00078530,303,68,235
E00078531,344,83,261
E00078532,324,86,238
E00078533,256,49,207
E00078534,280,50,230
E00078535,329,45,284
E00078536,261,44,217
E00078537,359,62,297
E00078538,270,44,226
E00078539,335,44,291
E00078540,316,57,259
E00078541,290,33,257
E00078542,302,29,273
E00078543,261,22,239
E00078545,291,44,247
E00078546,267,39,228
E00078547,390,78,312
E00078548,277,63,214
E00078550,290,43,247
E00078551,243,45,198
E00078552,284,43,241
E00078553,354,61,293
E00078555,323,42,281
E00078557,388,78,310
E00078558,342,57,285
E00078559,321,57,264
E00078560,304,66,238
E00078561,260,54,206
E00078562,296,48,248
E00078563,274,29,245
E00078564,382,38,344
E00078565,227,27,200
E00078567,270,37,233
E00078568,200,16,184
E00078569,300,67,233
E00078570,324,69,255
E00078571,396,104,292
E00078572,383,76,307
E00078573,345,93,252
E00078574,217,25,192
E00078575,338,74,264
E00078576,347,80,267
E00078577,254,38,216
E00078578,385,84,301
E00078579,302,45,257
E00078580,339,82,257
E00078581,296,64,232
E00078582,261,62,199
E00078583,332,101,231
E00078584,321,89,232
E00078585,337,88,249
E00078586,233,49,184
E00078587,446,91,355
E00078588,308,62,246
E00078589,321,75,246
E00078590,400,89,311
E00078591,197,45,152
E00078592,261,51,210
E00078593,292,70,222
E00078594,421,99,322
E00078595,350,92,258
E00078596,285,58,227
E00078597,263,61,202
E00078598,298,68,230
E00078599,161,20,141
E00078600,350,94,256
E00078601,259,58,201
E00078602,365,105,260
E00078603,316,84,232
E00078604,302,72,230
E00078605,265,80,185
E00078606,309,63,246
E00078607,362,58,304
E00078608,251,28,223
E00078609,217,26,191
E00078610,318,96,222
E00078611,313,91,222
E00078612,394,137,257
E00078613,290,72,218
E00078614,340,90,250
E00078615,327,88,239
E00078616,281,64,217
E00078617,249,54,195
E00078618,263,48,215
E00078619,283,69,214
E00078620,242,51,191
E00078621,277,65,212
E00078622,267,61,206
E00078623,384,56,328
E00078624,193,22,171
E00078625,549,94,455
E00078626,270,49,221
E00078627,385,63,322
E00078628,209,27,182
E00078629,344,74,270
E00078630,302,47,255
E00078631,360,72,288
E00078632,242,29,213
E00078633,305,58,247
E00078634,271,39,232
E00078635,342,59,283
E00078636,167,18,149
E00078637,308,59,249
E00078638,449,72,377
E00078639,259,26,233
E00078640,379,60,319
E00078641,283,49,234
E00078642,197,20,177
E00078643,270,38,232
E00078644,327,47,280
E00078645,476,92,384
E00078646,319,52,267
E00078647,349,53,296
E00078648,330,59,271
E00078649,289,33,256
E00078650,300,46,254
E00078651,316,48,268
E00078652,287,39,248
E00078653,293,49,244
E00078654,278,38,240
E00078655,233,16,217
E00078656,292,51,241
E00078658,229,32,197
E00078660,269,54,215
E00078661,263,44,219
E00078662,282,48,234
E00078663,221,27,194
E00078664,294,59,235
E00078665,291,51,240
E00078666,345,49,296
E00078667,277,13,264
E00078668,320,45,275
E00078669,339,56,283
E00078670,330,86,244
E00078671,269,43,226
E00078672,369,63,306
E00078673,357,100,257
E00078674,172,19,153
E00078675,252,34,218
E00078677,366,100,266
E00078678,471,85,386
E00078679,271,33,238
E00078680,252,31,221
E00078681,253,32,221
E00078682,187,12,175
E00078683,313,32,281
E00078684,252,31,221
E00078685,264,36,228
E00078686,306,42,264
E00078687,415,66,349
E00078688,210,25,185
E00078690,295,53,242
E00078691,187,13,174
E00078692,284,42,242
E00078693,336,60,276
E00078694,330,79,251
E00078695,282,35,247
E00078696,313,71,242
E00078697,355,65,290
E00078698,261,65,196
E00078699,323,73,250
E00078700,234,32,202
E00078701,261,43,218
E00078702,296,63,233
E00078703,315,35,280
E00078704,270,46,224
E00078705,342,70,272
E00078706,290,38,252
E00078707,236,33,203
E00078708,216,41,175
E00078709,295,60,235
E00078710,373,72,301
E00078711,240,41,199
E00078712,286,48,238
E00078713,274,47,227
E00078714,305,47,258
E00078715,246,22,224
E00078716,283,45,238
E00078717,220,57,163
E00078718,265,35,230
E00078719,313,71,242
E00078720,276,39,237
E00078721,295,54,241
E00078722,295,66,229
E00078723,200,26,174
E00078724,323,53,270
E00078725,257,36,221
E00078726,287,59,228
E00078727,289,68,221
E00078728,157,22,135
E00078729,304,78,226
E00078730,190,11,179
E00078731,268,30,238
E00078732,218,43,175
E00078733,283,47,236
E00078734,316,39,277
E00078735,311,65,246
E00078736,334,64,270
E00078737,376,96,280
E00078738,368,78,290
E00078739,249,50,199
E00078741,241,22,219
E00078742,217,29,188
E00078743,275,33,242
E00078744,229,31,198
E00078745,333,66,267
E00078746,254,61,193
E00078747,292,65,227
E00078748,239,55,184
E00078749,275,72,203
E00078750,351,96,255
E00078751,283,69,214
E00078752,378,100,278
E00078753,335,98,237
E00078754,362,101,261
E00078755,329,54,275
E00078756,293,63,230
E00078757,250,59,191
E00078758,339,69,270
E00078760,228,44,184
E00078761,268,41,227
E00078762,305,66,239
E00078763,341,65,276
E00078764,343,58,285
E00078765,310,64,246
E00078766,203,22,181
E00078767,305,35,270
E00078768,398,148,250
E00078769,352,98,254
E00078770,278,67,211
E00078771,316,76,240
E00078773,267,36,231
E00078774,291,50,241
E00078775,250,41,209
E00078776,306,49,257
E00078777,318,74,244
E00078778,322,74,248
E00078780,296,83,213
E00078782,252,46,206
E00078783,326,71,255
E00078784,196,49,147
E00078785,262,51,211
E00078786,261,39,222
E00078787,332,51,281
E00078788,258,40,218
E00078789,394,124,270
E00078790,279,57,222
E00078791,333,58,275
E00078792,310,52,258
E00078793,325,52,273
E00078794,302,49,253
E00078795,366,58,308
E00078796,268,39,229
E00078797,307,75,232
E00078798,258,49,209
E00078799,343,74,269
E00078800,339,82,257
E00078801,204,33,171
E00078802,300,55,245
E00078803,275,53,222
E00078804,276,48,228
E00078805,344,52,292
E00078807,247,33,214
E00078808,277,37,240
E00078809,318,53,265
E00078810,271,67,204
E00078811,241,32,209
E00078812,253,28,225
E00078813,224,42,182
E00078814,169,14,155
E00078815,343,76,267
E00078816,301,26,275
E00078817,230,19,211
E00078818,309,61,248
E00078819,262,32,230
E00078820,298,50,248
E00078821,339,83,256
E00078823,322,48,274
E00078824,492,82,410
E00078825,290,40,250
E00078826,317,59,258
E00078828,289,31,258
E00078829,268,65,203
E00078830,315,55,260
E00078831,293,39,254
E00078832,238,30,208
E00078833,229,27,202
E00078834,261,25,236
E00078835,271,31,240
E00078836,290,49,241
E00078837,326,70,256
E00078838,349,60,289
E00078839,356,85,271
E00078840,181,27,154
E00078841,250,43,207
E00078842,428,94,334
E00078843,422,93,329
E00078844,348,81,267
E00078845,141,33,108
E00078846,257,51,206
E00078847,307,65,242
E00078848,377,109,268
E00078849,155,6,149
E00078850,376,101,275
E00078851,317,80,237
E00078852,298,69,229
E00078853,316,85,231
E00078854,274,68,206
E00078855,208,55,153
E00078856,384,120,264
E00078857,233,40,193
E00078858,419,130,289
E00078859,228,61,167
E00078860,233,38,195
E00078861,280,52,228
E00078862,316,73,243
E00078863,255,62,193
E00078864,241,54,187
E00078865,330,94,236
E00078866,265,44,221
E00078867,362,98,264
E00078868,367,44,323
E00078869,396,120,276
E00078870,345,92,253
E00078871,284,67,217
E00078872,386,76,310
E00078873,458,96,362
E00078874,319,36,283
E00078875,454,89,365
E00078876,317,55,262
E00078877,371,91,280
E00078878,302,66,236
E00078879,289,59,230
E00078880,325,49,276
E00078881,222,27,195
E00078882,280,83,197
E00078883,350,118,232
E00078884,346,54,292
E00078885,273,59,214
E00078886,361,112,249
E00078887,367,97,270
E00078888,278,40,238
E00078889,499,161,338
E00078892,447,85,362
E00078893,453,75,378
E00078894,290,46,244
E00078896,589,173,416
E00078898,281,42,239
E00078899,506,137,369
E00078900,417,106,311
E00078901,566,149,417
E00078902,563,143,420
E00078903,478,132,346
E00078904,517,170,347
E00078905,457,120,337
E00078906,372,98,274
E00078907,491,144,347
E00078909,484,109,375
E00078910,429,128,301
E00078911,569,165,404
E00078912,398,99,299
E00078913,349,53,296
E00078914,339,77,262
E00078915,362,104,258
E00078916,401,126,275
E00078917,386,104,282
E00078918,342,72,270
E00078919,492,123,369
E00078920,263,64,199
E00078921,288,92,196
E00078922,238,23,215
E00078923,300,81,219
E00078924,319,89,230
E00078925,281,56,225
E00078926,256,62,194
E00078927,334,77,257
E00078928,313,87,226
E00078929,455,134,321
E00078930,452,165,287
E00078931,263,44,219
E00078932,335,85,250
E00078933,352,115,237
E00078934,343,86,257
E00078935,346,105,241
E00078936,319,71,248
E00078937,312,82,230
E00078938,423,87,336
E00078939,371,113,258
E00078940,308,56,252
E00078941,358,96,262
E00078942,329,86,243
E00078943,251,47,204
E00078944,427,91,336
E00078945,345,77,268
E00078946,396,98,298
E00078948,313,54,259
E00078949,404,85,319
E00078950,450,161,289
E00078951,313,59,254
E00078952,428,143,285
E00078953,301,68,233
E00078954,410,131,279
E00078955,362,66,296
E00078956,360,136,224
E00078957,547,122,425
E00078958,422,126,296
E00078959,367,79,288
E00078960,401,102,299
E00078961,450,105,345
E00078962,340,53,287
E00078963,364,91,273
E00078964,328,86,242
E00078965,342,27,315
E00078967,195,38,157
E00078968,368,71,297
E00078969,394,107,287
E00078970,320,89,231
E00078971,182,37,145
E00078972,352,79,273
E00078974,318,67,251
E00078975,180,16,164
E00078976,260,39,221
E00078977,335,55,280
E00078978,223,32,191
E00078979,473,95,378
E00078980,236,10,226
E00078981,304,57,247
E00078982,483,108,375
E00078983,419,76,343
E00078984,352,81,271
E00078985,332,68,264
E00078987,471,69,402
E00078988,372,57,315
E00078989,265,46,219
E00078990,423,66,357
E00078991,418,73,345
E00078992,267,41,226
E00078993,406,90,316
E00078994,241,38,203
E00078995,192,24,168
E00078996,285,72,213
E00078997,326,64,262
E00078998,335,64,271
E00078999,559,120,439
E00079000,393,103,290
E00079001,330,66,264
E00079003,227,40,187
E00079004,339,88,251
E00079005,259,65,194
E00079006,337,81,256
E00079007,264,45,219
E00079008,208,32,176
E00079009,213,38,175
E00079010,232,44,188
E00079011,265,56,209
E00079012,246,55,191
E00079013,502,99,403
E00079014,282,65,217
E00079015,299,38,261
E00079017,293,33,260
E00079018,291,55,236
E00079019,268,62,206
E00079020,528,116,412
E00079021,507,103,404
E00079022,323,75,248
E00079024,365,66,299
E00079025,215,42,173
E00079026,268,28,240
E00079027,258,44,214
E00079028,302,65,237
E00079029,329,69,260
E00079030,305,39,266
E00079031,358,83,275
E00079032,381,83,298
E00079033,308,62,246
E00079034,141,16,125
E00079035,182,31,151
E00079036,176,19,157
E00079037,344,64,280
E00079038,145,24,121
E00079040,320,100,220
E00079042,286,69,217
E00079043,327,71,256
E00079044,313,83,230
E00079045,120,26,94
E00079047,525,95,430
E00079048,374,60,314
E00079049,228,31,197
E00079050,111,24,87
E00079051,267,63,204
E00079052,274,38,236
E00079053,470,94,376
E00079054,327,101,226
E00079055,365,100,265
E00079056,227,25,202
E00079057,335,67,268
E00079058,184,18,166
E00079059,261,48,213
E00079060,362,87,275
E00079061,326,54,272
E00079062,456,133,323
E00079063,382,116,266
E00079064,339,83,256
E00079065,326,108,218
E00079066,308,77,231
E00079067,274,50,224
E00079068,331,86,245
E00079069,305,93,212
E00079070,244,53,191
E00079071,390,134,256
E00079072,295,57,238
E00079073,536,99,437
E00079074,134,15,119
E00079075,362,66,296
E00079076,292,31,261
E00079077,288,45,243
E00079078,297,56,241
E00079079,290,46,244
E00079080,421,77,344
E00079081,416,73,343
E00079082,343,95,248
E00079083,369,96,273
E00079084,320,69,251
E00079085,399,62,337
E00079086,339,98,241
E00079087,254,30,224
E00079088,167,14,153
E00079089,237,41,196
E00079090,335,82,253
E00079091,363,85,278
E00079092,249,18,231
E00079093,221,29,192
E00079094,284,61,223
E00079095,327,89,238
E00079096,350,80,270
E00079097,330,105,225
E00079098,309,59,250
E00079099,309,99,210
E00079100,330,83,247
E00079101,270,83,187
E00079102,348,108,240
E00079103,324,88,236
E00079104,242,64,178
E00079105,281,26,255
E00079106,261,63,198
E00079107,259,40,219
E00079108,335,93,242
E00079109,277,57,220
E00079110,162,26,136
E00079111,350,97,253
E00079112,464,124,340
E00079113,313,95,218
E00079114,218,50,168
E00079115,315,30,285
E00079116,278,28,250
E00079117,199,7,192
E00079118,304,72,232
E00079119,366,65,301
E00079120,317,30,287
E00079121,259,41,218
E00079122,248,29,219
E00079123,238,57,181
E00079125,196,20,176
E00079126,247,29,218
E00079127,372,115,257
E00079128,162,18,144
E00079129,397,116,281
E00079130,349,118,231
E00079131,236,52,184
E00079132,410,112,298
E00079133,293,37,256
E00079134,250,41,209
E00079135,272,36,236
E00079136,238,53,185
E00079137,167,19,148
E00079138,268,41,227
E00079139,202,24,178
E00079140,326,48,278
E00079141,271,41,230
E00079142,278,39,239
E00079145,127,14,113
E00079146,364,66,298
E00079147,267,41,226
E00079148,274,37,237
E00079149,286,47,239
E00079151,286,44,242
E00079152,233,18,215
E00079153,312,55,257
E00079154,482,90,392
E00079155,246,46,200
E00079156,246,52,194
E00079157,362,82,280
E00079158,326,56,270
E00079159,324,67,257
E00079160,315,68,247
E00079161,365,115,250
E00079162,500,163,337
E00079163,452,148,304
E00079164,388,103,285
E00079165,447,148,299
E00079166,448,101,347
E00079167,405,105,300
E00079168,422,117,305
E00079169,455,147,308
E00079170,441,105,336
E00079171,397,113,284
E00079172,331,54,277
E00079173,395,68,327
E00079174,449,138,311
E00079175,366,92,274
E00079177,319,57,262
E00079178,237,51,186
E00079179,453,117,336
E00079180,469,121,348
E00079181,239,39,200
E00079182,268,50,218
E00079183,251,48,203
E00079185,303,82,221
E00079186,309,45,264
E00079187,433,145,288
E00079188,410,96,314
E00079189,385,69,316
E00079190,195,25,170
E00079191,317,60,257
E00079192,220,35,185
E00079193,256,43,213
E00079194,243,40,203
E00079195,247,40,207
E00079196,220,28,192
E00079197,261,73,188
E00079198,273,39,234
E00079199,274,46,228
E00079200,305,42,263
E00079201,305,91,214
E00079202,231,57,174
E00079203,221,34,187
E00079204,274,49,225
E00079205,405,136,269
E00079206,259,44,215
E00079207,260,64,196
E00079208,433,147,286
E00079209,304,67,237
E00079210,291,62,229
E00079211,290,71,219
E00079212,326,64,262
E00079213,292,70,222
E00079214,348,98,250
E00079215,295,89,206
E00079216,304,86,218
E00079217,200,32,168
E00079218,269,67,202
E00079219,394,111,283
E00079220,349,84,265
E00079221,459,146,313
E00079222,413,127,286
E00079223,476,112,364
E00079224,292,68,224
E00079226,311,90,221
E00079227,429,137,292
E00079228,308,77,231
E00079229,302,64,238
E00079230,365,86,279
E00079231,350,76,274
E00079232,249,17,232
E00079233,308,45,263
E00079234,276,52,224
E00079236,375,82,293
E00079237,228,53,175
E00079238,248,58,190
E00079239,285,48,237
E00079240,257,32,225
E00079241,283,58,225
E00079243,242,41,201
E00079244,291,62,229
E00079245,227,36,191
E00079246,278,52,226
E00079247,292,68,224
E00079248,302,61,241
E00079249,254,40,214
E00079250,267,31,236
E00079251,302,76,226
E00079252,267,32,235
E00079253,304,53,251
E00079254,266,23,243
E00079255,369,51,318
E00079256,195,28,167
E00079257,302,53,249
E00079258,286,39,247
E00079259,365,60,305
E00079260,313,39,274
E00079261,312,53,259
E00079262,372,93,279
E00079263,322,71,251
E00079264,216,14,202
E00079265,346,54,292
E00079266,304,66,238
E00079267,193,36,157
E00079268,375,91,284
E00079269,193,8,185
E00079270,246,24,222
E00079271,299,56,243
E00079272,278,52,226
E00079274,272,36,236
E00079275,368,79,289
E00079276,336,68,268
E00079277,229,45,184
E00079278,273,46,227
E00079279,241,53,188
E00079280,401,49,352
E00079281,268,57,211
E00079282,302,75,227
E00079283,295,52,243
E00079284,259,49,210
E00079285,314,66,248
E00079286,324,69,255
E00079287,266,46,220
E00079288,248,29,219
E00079289,311,74,237
E00079290,363,57,306
E00079291,231,33,198
E00079292,285,59,226
E00079293,235,49,186
E00079294,293,31,262
E00079295,212,31,181
E00079296,303,72,231
E00079297,211,23,188
E00079298,323,55,268
E00079299,292,64,228
E00079300,275,40,235
E00079301,156,21,135
E00079302,382,89,293
E00079303,277,56,221
E00079304,321,45,276
E00079305,231,21,210
E00079306,308,99,209
E00079307,181,19,162
E00079308,328,64,264
E00079309,344,65,279
E00079310,274,32,242
E00079311,376,72,304
E00079312,323,55,268
E00079313,249,31,218
E00079314,222,36,186
E00079315,229,35,194
E00079316,257,39,218
E00079317,438,56,382
E00079318,249,31,218
E00079319,212,15,197
E00079320,275,41,234
E00079321,281,39,242
E00079322,160,4,156
E00079323,217,11,206
E00079324,269,31,238
E00079325,340,58,282
E00079326,297,23,274
E00079327,329,57,272
E00079328,269,41,228
E00079329,252,19,233
E00079330,113,8,105
E00079331,309,42,267
E00079332,265,37,228
E00079333,214,17,197
E00079334,257,22,235
E00079335,223,30,193
E00079336,263,21,242
E00079337,251,21,230
E00079338,280,39,241
E00079339,226,21,205
E00079341,364,95,269
E00079342,281,42,239
E00079343,297,41,256
E00079344,275,25,250
E00079345,285,54,231
E00079346,275,46,229
E00079347,369,67,302
E00079348,256,34,222
E00079349,313,60,253
E00079350,318,69,249
E00079351,285,35,250
E00079352,279,56,223
E00079353,277,55,222
E00079354,311,33,278
E00079355,399,52,347
E00079356,328,82,246
E00079357,411,99,312
E00079359,351,87,264
E00079360,349,77,272
E00079361,298,59,239
E00079362,376,105,271
E00079363,461,142,319
E00079364,306,45,261
E00079365,360,88,272
E00079367,309,86,223
E00079368,350,100,250
E00079369,457,142,315
E00079370,376,108,268
E00079371,455,153,302
E00079372,438,129,309
E00079373,403,116,287
E00079374,426,120,306
E00079375,297,60,237
E00079376,363,84,279
E00079377,287,49,238
E00079378,303,86,217
E00079379,330,70,260
E00079380,325,66,259
E00079381,362,87,275
E00079382,396,107,289
E00079383,323,73,250
E00079384,351,70,281
E00079385,417,98,319
E00079386,365,106,259
E00079387,361,97,264
E00079388,516,160,356
E00079389,520,169,351
E00079390,411,74,337
E00079392,373,80,293
E00079393,450,98,352
E00079395,377,112,265
E00079397,291,103,188
E00079398,494,172,322
E00079400,557,185,372
E00079401,423,127,296
E00079402,475,132,343
E00079403,292,107,185
E00079404,368,143,225
E00079405,169,70,99
E00079406,558,183,375
E00079407,414,115,299
E00079408,190,45,145
E00079409,321,68,253
E00079410,274,76,198
E00079411,416,123,293
E00079412,430,150,280
E00079413,531,171,360
E00079414,457,120,337
E00079415,499,167,332
E00079416,232,48,184
E00079417,535,178,357
E00079418,459,167,292
E00079419,380,126,254
E00079420,486,134,352
E00079421,543,163,380
E00079422,318,54,264
E00079423,307,51,256
E00079424,305,43,262
E00079425,359,57,302
E00079426,260,38,222
E00079427,250,32,218
E00079428,296,39,257
E00079429,266,47,219
E00079430,310,68,242
E00079431,157,17,140
E00079432,240,38,202
E00079433,255,53,202
E00079434,258,52,206
E00079435,288,39,249
E00079436,300,60,240
E00079437,388,77,311
E00079438,321,51,270
E00079439,327,58,269
E00079440,267,54,213
E00079441,310,45,265
E00079442,317,67,250
E00079443,275,38,237
E00079444,262,58,204
E00079445,248,39,209
E00079446,294,71,223
E00079447,290,61,229
E00079448,326,66,260
E00079449,454,105,349
E00079450,344,87,257
E00079451,343,118,225
E00079452,399,129,270
E00079453,310,60,250
E00079454,438,123,315
E00079455,388,126,262
E00079456,515,169,346
E00079457,368,120,248
E00079458,562,219,343
E00079460,415,112,303
E00079461,314,60,254
E00079462,245,46,199
E00079463,340,86,254
E00079465,444,150,294
E00079466,387,106,281
E00079467,293,72,221
E00079468,392,90,302
E00079469,323,70,253
E00079471,473,161,312
E00079472,389,113,276
E00079473,565,173,392
E00079474,362,116,246
E00079475,539,189,350
E00079476,513,166,347
E00079477,308,63,245
E00079478,140,57,83
E00079479,303,73,230
E00079480,214,32,182
E00079481,397,116,281
E00079482,328,69,259
E00079483,353,99,254
E00079484,378,126,252
E00079485,330,68,262
E00079486,296,54,242
E00079487,319,101,218
E00079488,412,94,318
E00079489,309,51,258
E00079490,209,27,182
E00079491,385,87,298
E00079493,350,75,275
E00079494,301,69,232
E00079495,336,77,259
E00079496,307,68,239
E00079497,396,100,296
E00079498,371,79,292
E00079499,365,105,260
E00079500,321,71,250
E00079501,258,43,215
E00079502,344,80,264
E00079503,287,58,229
E00079506,350,116,234
E00079507,456,212,244
E00079508,475,173,302
E00079509,393,133,260
E00079510,359,120,239
E00079511,433,153,280
E00079512,452,106,346
E00079513,389,94,295
E00079515,130,23,107
E00079516,515,194,321
E00079517,523,169,354
E00079518,432,159,273
E00079519,515,180,335
E00079520,495,166,329
E00079521,529,171,358
E00079522,397,104,293
E00079527,446,167,279
E00079528,417,158,259
E00079529,380,141,239
E00079531,461,156,305
E00079532,372,122,250
E00079533,399,137,262
E00079534,365,114,251
E00079536,457,146,311
E00079538,304,62,242
E00079539,457,106,351
E00079540,341,94,247
E00079541,345,97,248
E00079542,401,105,296
E00079543,346,99,247
E00079544,336,83,253
E00079545,301,52,249
E00079547,384,120,264
E00079548,355,96,259
E00079549,334,65,269
E00079550,389,110,279
E00079551,339,101,238
E00079552,215,44,171
E00079553,316,105,211
E00079554,401,132,269
E00079555,381,118,263
E00079556,400,129,271
E00079557,143,39,104
E00079558,499,177,322
E00079559,353,119,234
E00079560,406,110,296
E00079561,242,45,197
E00079562,364,106,258
E00079563,467,150,317
E00079564,325,72,253
E00079565,413,134,279
E00079566,279,90,189
E00079567,303,87,216
E00079568,219,28,191
E00079569,319,73,246
E00079570,408,186,222
E00079571,405,135,270
E00079572,285,48,237
E00079573,463,116,347
E00079574,383,89,294
E00079575,256,64,192
E00079576,363,98,265
E00079577,400,109,291
E00079578,406,78,328
E00079579,329,58,271
E00079580,312,74,238
E00079581,301,72,229
E00079582,363,81,282
E00079583,166,18,148
E00079584,271,77,194
E00079585,364,92,272
E00079586,391,86,305
E00079587,420,70,350
E00079588,200,26,174
E00079589,187,22,165
E00079590,379,183,196
E00079591,474,119,355
E00079592,310,88,222
E00079593,468,114,354
E00079594,344,84,260
E00079595,393,79,314
E00079596,385,109,276
E00079597,395,73,322
E00079599,343,66,277
E00079600,283,78,205
E00079601,581,127,454
E00079602,259,33,226
E00079603,306,51,255
E00079604,281,50,231
E00079605,227,26,201
E00079606,316,37,279
E00079607,267,59,208
E00079608,355,57,298
E00079609,407,63,344
E00079610,301,63,238
E00079611,318,63,255
E00079612,349,85,264
E00079613,339,97,242
E00079614,256,71,185
E00079615,383,84,299
E00079616,237,36,201
E00079617,265,68,197
E00079618,326,86,240
E00079619,387,71,316
E00079620,326,76,250
E00079621,267,78,189
E00079622,285,55,230
E00079623,310,66,244
E00079624,383,101,282
E00079625,392,76,316
E00079626,331,99,232
E00079628,367,85,282
E00079629,299,65,234
E00079630,398,97,301
E00079631,292,91,201
E00079632,361,103,258
E00079635,194,40,154
E00079636,221,39,182
E00079637,260,44,216
E00079638,355,70,285
E00079639,302,69,233
E00079640,352,97,255
E00079641,354,107,247
E00079642,403,140,263
E00079643,404,101,303
E00079644,322,85,237
E00079645,279,51,228
E00079646,159,9,150
E00079647,333,72,261
E00079648,331,112,219
E00079649,274,63,211
E00079650,313,94,219
E00079651,445,103,342
E00079652,418,84,334
E00079653,354,114,240
E00079654,230,85,145
E00079655,503,235,268
E00079656,461,140,321
E00079657,279,40,239
E00079658,299,58,241
E00079659,448,173,275
E00079660,384,109,275
E00079661,349,83,266
E00079662,356,102,254
E00079663,399,123,276
E00079664,396,120,276
E00079665,369,98,271
E00079666,455,138,317
E00079667,353,86,267
E00079668,296,89,207
E00079669,367,115,252
E00079670,347,99,248
E00079671,264,79,185
E00079672,376,114,262
E00079673,225,43,182
E00079674,305,87,218
E00079675,232,48,184
E00079676,311,87,224
E00079677,354,109,245
E00079678,235,57,178
E00079679,334,108,226
E00079680,293,58,235
E00079681,281,60,221
E00079682,357,85,272
E00079683,352,52,300
E00079684,315,86,229
E00079685,297,37,260
E00079686,481,114,367
E00079687,331,63,268
E00079688,320,73,247
E00079689,294,72,222
E00079690,236,51,185
E00079691,279,95,184
E00079692,366,109,257
E00079693,378,117,261
E00079694,285,48,237
E00079695,239,31,208
E00079696,284,70,214
E00079697,349,40,309
E00079698,333,82,251
E00079699,566,180,386
E00079700,261,60,201
E00079701,260,50,210
E00079702,317,97,220
E00079703,270,43,227
E00079704,277,45,232
E00079705,312,70,242
E00079706,301,95,206
E00079707,244,58,186
E00079708,407,108,299
E00079709,322,71,251
E00079710,159,35,124
E00079711,335,70,265
E00079712,360,81,279
E00079713,416,90,326
E00079714,321,61,260
E00079715,496,138,358
E00079716,379,89,290
E00079717,258,34,224
E00079718,345,68,277
E00079719,367,76,291
E00079720,353,120,233
E00079721,280,96,184
E00079722,509,159,350
E00079723,320,92,228
E00079724,293,70,223
E00079725,253,44,209
E00079726,348,117,231
E00079727,292,70,222
E00079728,506,144,362
E00079729,379,113,266
E00079730,389,120,269
E00079731,287,60,227
E00079732,193,14,179
E00079733,290,69,221
E00079734,290,74,216
E00079735,302,95,207
E00079736,213,59,154
E00079737,287,65,222
E00079738,254,84,170
E00079739,289,71,218
E00079740,412,129,283
E00079741,306,95,211
E00079742,261,98,163
E00079743,405,68,337
E00079744,281,89,192
E00079745,330,72,258
E00079746,375,92,283
E00079747,383,92,291
E00079748,303,78,225
E00079749,305,87,218
E00079750,351,109,242
E00079751,427,78,349
E00079752,275,61,214
E00079753,329,62,267
E00079754,321,56,265
E00079755,267,61,206
E00079756,331,89,242
E00079757,316,77,239
E00079758,260,50,210
E00079759,386,67,319
E00079760,335,82,253
E00079761,251,49,202
E00079762,403,105,298
E00079763,292,59,233
E00079764,348,110,238
E00079765,336,92,244
E00079766,350,81,269
E00079767,360,91,269
E00079768,369,109,260
E00079769,347,79,268
E00079770,424,117,307
E00079771,449,146,303
E00079772,381,80,301
E00079773,332,79,253
E00079774,315,54,261
E00079775,346,92,254
E00079776,309,72,237
E00079777,375,101,274
E00079778,311,63,248
E00079779,298,85,213
E00079780,300,75,225
E00079782,437,69,368
E00079783,502,149,353
E00079784,466,138,328
E00079785,470,141,329
E00079786,469,126,343
E00079787,428,122,306
E00079788,519,130,389
E00079789,587,205,382
E00079790,207,48,159
E00079791,503,168,335
E00079792,307,88,219
E00079793,379,115,264
E00079794,513,181,332
E00079795,465,157,308
E00079796,421,134,287
E00079797,521,178,343
E00079799,400,114,286
E00079802,360,108,252
E00079803,399,143,256
E00079804,416,128,288
E00079806,352,113,239
E00079807,546,181,365
E00079808,515,145,370
E00079809,516,158,358
E00079810,309,82,227
E00079811,496,148,348
E00079812,823,303,520
E00079813,288,97,191
E00079814,509,148,361
E00079815,341,81,260
E00079816,288,81,207
E00079817,398,141,257
E00079818,384,80,304
E00079819,315,85,230
E00079820,207,63,144
E00079821,303,79,224
E00079822,323,68,255
E00079823,396,115,281
E00079824,284,89,195
E00079825,260,50,210
E00079826,385,113,272
E00079827,275,42,233
E00079828,351,78,273
E00079829,374,82,292
E00079830,354,66,288
E00079831,361,58,303
E00079833,166,36,130
E00079837,249,78,171
E00079839,236,38,198
E00079840,380,91,289
E00079841,187,44,143
E00079842,245,40,205
E00079843,206,64,142
E00079846,271,35,236
E00079848,248,63,185
E00079849,264,77,187
E00079850,393,116,277
E00079851,268,39,229
E00079852,217,30,187
E00079853,230,27,203
E00079854,305,60,245
E00079855,437,94,343
E00079856,298,50,248
E00079857,309,56,253
E00079858,234,25,209
E00079859,292,42,250
E00079860,259,42,217
E00079861,254,48,206
E00079862,264,54,210
E00079863,305,54,251
E00079864,290,32,258
E00079865,269,45,224
E00079866,279,49,230
E00079867,319,49,270
E00079868,338,59,279
E00079869,321,55,266
E00079870,353,48,305
E00079871,268,33,235
E00079872,273,66,207
E00079873,236,33,203
E00079874,325,68,257
E00079875,311,67,244
E00079876,258,39,219
E00079877,306,59,247
E00079878,262,73,189
E00079879,361,60,301
E00079881,281,103,178
E00079882,511,126,385
E00079883,300,116,184
E00079884,341,112,229
E00079885,281,60,221
E00079886,309,54,255
E00079887,262,41,221
E00079888,292,55,237
E00079889,275,57,218
E00079890,302,56,246
E00079891,311,56,255
E00079892,334,65,269
E00079893,282,64,218
E00079894,315,66,249
E00079895,341,59,282
E00079896,285,52,233
E00079897,329,95,234
E00079898,309,54,255
E00079899,385,76,309
E00079900,321,58,263
E00079901,249,44,205
E00079902,362,73,289
E00079903,324,35,289
E00079904,365,99,266
E00079905,167,22,145
E00079906,306,53,253
E00079907,413,65,348
E00079908,258,44,214
E00079909,536,144,392
E00079910,250,36,214
E00079911,367,122,245
E00079912,411,90,321
E00079913,277,51,226
E00079914,327,60,267
E00079915,307,75,232
E00079916,311,69,242
E00079917,224,35,189
E00079918,284,57,227
E00079919,294,55,239
E00079920,284,53,231
E00079921,265,44,221
E00079922,236,42,194
E00079923,272,53,219
E00079924,293,60,233
E00079925,236,41,195
E00079926,313,67,246
E00079927,156,9,147
E00079928,251,50,201
E00079929,305,44,261
E00079930,232,21,211
E00079931,241,32,209
E00079932,357,98,259
E00079933,353,109,244
E00079934,339,65,274
E00079935,308,50,258
E00079936,261,38,223
E00079937,250,34,216
E00079938,290,49,241
E00079939,239,42,197
E00079940,249,33,216
E00079941,287,63,224
E00079942,282,37,245
E00079943,310,66,244
E00079944,294,41,253
E00079945,265,53,212
E00079946,257,46,211
E00079947,325,59,266
E00079948,276,41,235
E00079949,293,55,238
E00079950,334,56,278
E00079951,259,40,219
E00079952,291,60,231
E00079953,246,34,212
E00079954,266,24,242
E00079955,203,18,185
E00079956,257,27,230
E00079957,259,27,232
E00079958,221,20,201
E00079959,258,36,222
E00079960,239,34,205
E00079961,295,32,263
E00079962,292,64,228
E00079963,382,96,286
E00079964,177,20,157
E00079965,269,42,227
E00079966,264,50,214
E00079967,324,50,274
E00079968,317,80,237
E00079969,282,65,217
E00079970,279,62,217
E00079971,289,65,224
E00079972,302,55,247
E00079973,287,63,224
E00079974,382,119,263
E00079975,324,60,264
E00079976,342,69,273
E00079977,357,63,294
E00079978,350,46,304
E00079979,297,45,252
E00079980,341,53,288
E00079981,345,72,273
E00079982,320,83,237
E00079983,383,96,287
E00079984,345,63,282
E00079985,283,66,217
E00079986,211,45,166
E00079987,319,69,250
E00079988,282,39,243
E00079989,299,54,245
E00079990,357,82,275
E00079991,322,74,248
E00079992,241,31,210
E00079993,400,135,265
E00079994,347,66,281
E00079995,195,23,172
E00079996,295,55,240
E00079997,301,35,266
E00079998,221,30,191
E00079999,433,71,362
E00080000,295,60,235
E00080001,314,61,253
E00080002,296,17,279
E00080003,347,30,317
E00080004,416,28,388
E00080005,265,48,217
E00080006,269,34,235
E00080007,288,19,269
E00080008,248,35,213
E00080009,253,49,204
E00080010,239,42,197
E00080011,323,48,275
E00080012,273,45,228
E00080013,327,55,272
E00080014,258,28,230
E00080015,219,43,176
E00080016,335,46,289
E00080017,224,13,211
E00080018,325,76,249
E00080019,228,27,201
E00080020,242,22,220
E00080021,357,47,310
E00080022,299,56,243
E00080023,219,37,182
E00080024,242,59,183
E00080025,247,57,190
E00080026,384,62,322
E00080027,242,55,187
E00080028,184,16,168
E00080029,286,51,235
E00080030,341,75,266
E00080031,372,77,295
E00080032,271,34,237
E00080033,315,37,278
E00080034,254,29,225
E00080035,342,59,283
E00080036,309,53,256
E00080037,250,33,217
E00080038,253,36,217
E00080039,272,44,228
E00080040,236,34,202
E00080041,288,48,240
E00080042,293,51,242
E00080043,297,40,257
E00080044,283,65,218
E00080045,309,40,269
E00080046,231,11,220
E00080047,285,53,232
E00080048,280,41,239
E00080049,271,43,228
E00080050,327,49,278
E00080051,289,46,243
E00080052,316,33,283
E00080053,294,54,240
E00080054,231,45,186
E00080055,308,59,249
E00080056,312,33,279
E00080057,284,37,247
E00080058,204,48,156
E00080059,235,33,202
E00080060,256,42,214
E00080061,328,57,271
E00080062,243,35,208
E00080063,316,50,266
E00080064,290,42,248
E00080065,334,65,269
E00080066,296,54,242
E00080067,223,30,193
E00080068,323,68,255
E00080069,336,70,266
E00080070,238,49,189
E00080071,299,42,257
E00080072,409,99,310
E00080073,271,43,228
E00080074,147,8,139
E00080075,283,49,234
E00080076,378,73,305
E00080077,389,105,284
E00080078,276,46,230
E00080079,301,65,236
E00080080,328,68,260
E00080081,335,59,276
E00080082,447,101,346
E00080084,315,71,244
E00080085,202,37,165
E00080086,301,70,231
E00080087,263,59,204
E00080088,217,44,173
E00080091,280,71,209
E00080092,395,84,311
E00080093,275,44,231
E00080094,240,36,204
E00080095,214,34,180
E00080096,176,21,155
E00080097,339,83,256
E00080099,327,66,261
E00080100,239,43,196
E00080101,270,56,214
E00080102,300,45,255
E00080103,225,22,203
E00080104,238,17,221
E00080105,337,66,271
E00080106,249,45,204
E00080107,282,51,231
E00080108,315,66,249
E00080109,342,61,281
E00080110,246,50,196
E00080111,268,47,221
E00080112,286,41,245
E00080113,289,73,216
E00080114,279,64,215
E00080115,326,68,258
E00080116,257,51,206
E00080117,222,35,187
E00080118,270,43,227
E00080119,246,48,198
E00080120,114,18,96
E00080121,259,43,216
E00080122,188,19,169
E00080123,339,50,289
E00080124,279,44,235
E00080125,197,25,172
E00080126,262,29,233
E00080127,200,4,196
E00080128,230,26,204
E00080129,236,36,200
E00080130,300,60,240
E00080131,250,28,222
E00080132,226,20,206
E00080133,230,34,196
E00080134,249,50,199
E00080135,287,60,227
E00080136,278,39,239
E00080137,354,47,307
E00080138,366,64,302
E00080139,200,12,188
E00080140,281,53,228
E00080141,208,29,179
E00080142,147,1,146
E00080143,405,74,331
E00080144,247,27,220
E00080145,402,43,359
E00080146,325,40,285
E00080147,304,44,260
E00080148,182,12,170
E00080149,220,22,198
E00080150,219,15,204
E00080151,229,20,209
E00080152,398,66,332
E00080153,237,31,206
E00080154,183,41,142
E00080155,325,72,253
E00080156,208,42,166
E00080157,221,61,160
E00080158,410,78,332
E00080159,232,47,185
E00080160,263,50,213
E00080162,329,45,284
E00080163,323,46,277
E00080164,311,81,230
E00080165,309,67,242
E00080166,340,69,271
E00080167,310,34,276
E00080168,368,64,304
E00080169,390,52,338
E00080170,153,10,143
E00080171,377,95,282
E00080172,266,50,216
E00080173,211,39,172
E00080174,359,67,292
E00080175,322,85,237
E00080176,393,72,321
E00080177,315,63,252
E00080178,405,55,350
E00080179,355,90,265
E00080180,260,56,204
E00080181,274,48,226
E00080182,354,70,284
E00080183,314,52,262
E00080184,291,35,256
E00080185,314,78,236
E00080186,258,49,209
E00080187,264,79,185
E00080188,338,61,277
E00080189,315,65,250
E00080190,300,54,246
E00080191,376,96,280
E00080192,365,72,293
E00080193,230,52,178
E00080194,320,53,267
E00080195,350,74,276
E00080196,281,54,227
E00080197,298,62,236
E00080198,271,38,233
E00080199,285,48,237
E00080200,295,55,240
E00080201,214,33,181
E00080202,319,63,256
E00080203,261,65,196
E00080204,326,59,267
E00080205,304,61,243
E00080206,226,25,201
E00080207,297,52,245
E00080208,301,39,262
E00080209,309,44,265
E00080210,264,56,208
E00080211,275,64,211
E00080212,365,75,290
E00080213,282,52,230
E00080214,279,61,218
E00080215,344,82,262
E00080216,226,29,197
E00080217,530,98,432
E00080218,334,48,286
E00080219,375,80,295
E00080220,240,31,209
E00080221,285,38,247
E00080222,316,87,229
E00080223,266,59,207
E00080225,314,46,268
E00080226,214,50,164
E00080227,160,19,141
E00080228,305,64,241
E00080229,282,70,212
E00080230,222,18,204
E00080231,234,26,208
E00080232,138,12,126
E00080233,297,60,237
E00080234,271,41,230
E00080235,270,37,233
E00080236,288,52,236
E00080237,347,73,274
E00080238,228,50,178
E00080239,309,67,242
E00080240,273,45,228
E00080241,445,86,359
E00080242,302,57,245
E00080243,322,77,245
E00080244,284,50,234
E00080245,322,76,246
E00080246,299,62,237
E00080247,263,58,205
E00080248,332,75,257
E00080249,247,39,208
E00080250,284,68,216
E00080251,298,79,219
E00080252,283,69,214
E00080253,160,27,133
E00080254,197,56,141
E00080255,278,62,216
E00080256,332,70,262
E00080257,211,37,174
E00080258,304,61,243
E00080259,297,63,234
E00080260,284,50,234
E00080261,290,57,233
E00080262,378,100,278
E00080263,188,39,149
E00080264,367,81,286
E00080265,320,57,263
E00080266,352,57,295
E00080267,280,46,234
E00080268,414,67,347
E00080269,229,29,200
E00080270,273,31,242
E00080271,206,61,145
E00080272,265,39,226
E00080273,344,88,256
E00080274,273,40,233
E00080275,199,18,181
E00080276,364,65,299
E00080277,249,57,192
E00080278,343,76,267
E00080279,365,94,271
E00080282,258,39,219
E00080283,200,39,161
E00080284,269,53,216
E00080285,298,60,238
E00080286,240,43,197
E00080287,294,68,226
E00080288,263,48,215
E00080289,279,60,219
E00080290,247,41,206
E00080291,255,37,218
E00080292,313,73,240
E00080293,293,49,244
E00080295,313,57,256
E00080296,285,58,227
E00080297,258,43,215
E00080298,234,40,194
E00080299,306,65,241
E00080300,350,79,271
E00080301,316,67,249
E00080302,297,57,240
E00080303,269,56,213
E00080304,300,63,237
E00080305,396,53,343
E00080306,264,21,243
E00080307,189,21,168
E00080308,353,59,294
E00080310,278,82,196
E00080311,321,89,232
E00080312,354,84,270
E00080313,291,57,234
E00080314,298,66,232
E00080315,316,70,246
E00080316,307,55,252
E00080317,371,116,255
E00080318,268,62,206
E00080319,237,50,187
E00080320,281,68,213
E00080321,289,59,230
E00080322,261,76,185
E00080323,271,42,229
E00080324,286,63,223
E00080325,245,18,227
E00080326,310,47,263
E00080327,301,48,253
E00080328,296,30,266
E00080329,270,32,238
E00080330,300,85,215
E00080331,238,24,214
E00080332,318,52,266
E00080333,267,56,211
E00080334,240,33,207
E00080335,285,57,228
E00080336,291,49,242
E00080337,259,34,225
E00080338,303,61,242
E00080339,421,91,330
E00080340,282,43,239
E00080341,229,13,216
E00080342,279,48,231
E00080343,276,39,237
E00080344,284,34,250
E00080345,322,44,278
E00080346,243,18,225
E00080347,215,8,207
E00080348,279,45,234
E00080349,278,43,235
E00080350,235,10,225
E00080351,276,38,238
E00080352,293,46,247
E00080353,362,70,292
E00080354,281,58,223
E00080355,270,48,222
E00080356,307,61,246
E00080357,238,28,210
E00080358,186,18,168
E00080359,381,77,304
E00080360,263,26,237
E00080361,280,46,234
E00080362,278,30,248
E00080363,314,65,249
E00080364,349,95,254
E00080365,327,72,255
E00080366,301,57,244
E00080367,252,22,230
E00080368,274,27,247
E00080369,293,50,243
E00080370,310,52,258
E00080371,261,45,216
E00080372,260,50,210
E00080373,322,70,252
E00080374,334,73,261
E00080375,307,68,239
E00080376,408,85,323
E00080377,308,65,243
E00080378,255,63,192
E00080379,201,53,148
E00080380,123,7,116
E00080381,219,54,165
E00080383,259,70,189
E00080384,374,66,308
E00080385,219,64,155
E00080386,359,97,262
E00080387,304,60,244
E00080388,232,57,175
E00080390,394,61,333
E00080391,269,63,206
E00080392,248,42,206
E00080393,342,75,267
E00080394,355,66,289
E00080395,389,44,345
E00080396,299,60,239
E00080397,369,114,255
E00080398,260,58,202
E00080399,290,61,229
E00080400,381,105,276
E00080401,354,80,274
E00080402,294,57,237
E00080403,383,106,277
E00080404,320,64,256
E00080405,221,44,177
E00080406,238,41,197
E00080407,331,89,242
E00080408,376,102,274
E00080409,272,39,233
E00080410,344,103,241
E00080411,282,50,232
E00080412,435,98,337
E00080413,272,54,218
E00080414,297,48,249
E00080415,306,69,237
E00080416,320,73,247
E00080417,324,76,248
E00080418,288,63,225
E00080419,257,57,200
E00080420,362,80,282
E00080421,200,40,160
E00080422,337,65,272
E00080423,374,91,283
E00080424,278,69,209
E00080425,284,58,226
E00080426,303,67,236
E00080427,274,50,224
E00080428,239,48,191
E00080429,258,49,209
E00080430,286,57,229
E00080431,272,61,211
E00080432,289,55,234
E00080433,262,68,194
E00080434,306,55,251
E00080435,253,41,212
E00080436,328,58,270
E00080437,330,67,263
E00080438,350,76,274
E00080439,225,32,193
E00080440,356,77,279
E00080441,238,47,191
E00080442,308,72,236
E00080443,233,33,200
E00080444,253,46,207
E00080445,339,67,272
E00080446,340,67,273
E00080447,279,51,228
E00080448,292,66,226
E00080449,344,82,262
E00080450,309,51,258
E00080451,301,57,244
E00080452,300,56,244
E00080453,295,49,246
E00080454,277,38,239
E00080455,316,60,256
E00080456,288,41,247
E00080457,281,42,239
E00080458,317,68,249
E00080459,327,71,256
E00080460,309,73,236
E00080461,300,58,242
E00080462,242,28,214
E00080463,269,38,231
E00080464,308,67,241
E00080465,289,55,234
E00080466,305,84,221
E00080467,263,46,217
E00080468,291,51,240
E00080469,217,10,207
E00080470,261,41,220
E00080471,354,85,269
E00080472,328,69,259
E00080473,264,27,237
E00080474,286,81,205
E00080475,321,103,218
E00080476,287,48,239
E00080477,373,92,281
E00080478,305,58,247
E00080479,287,48,239
E00080480,283,29,254
E00080481,279,37,242
E00080482,283,45,238
E00080483,226,35,191
E00080484,287,42,245
E00080485,320,61,259
E00080486,314,49,265
E00080487,249,41,208
E00080488,354,105,249
E00080489,279,75,204
E00080490,274,76,198
E00080491,357,91,266
E00080492,350,85,265
E00080493,347,97,250
E00080494,389,94,295
E00080495,313,72,241
E00080496,317,60,257
E00080497,298,48,250
E00080498,248,47,201
E00080499,365,84,281
E00080500,365,50,315
E00080501,321,77,244
E00080502,340,60,280
E00080503,307,43,264
E00080504,270,41,229
E00080505,394,93,301
E00080506,321,66,255
E00080507,412,66,346
E00080508,311,79,232
E00080509,227,30,197
E00080510,308,69,239
E00080511,307,75,232
E00080512,284,45,239
E00080513,244,62,182
E00080514,332,94,238
E00080515,278,53,225
E00080516,264,60,204
E00080517,316,72,244
E00080519,450,79,371
E00080521,412,82,330
E00080522,304,62,242
E00080523,296,55,241
E00080524,346,74,272
E00080525,233,41,192
E00080526,242,47,195
E00080527,275,53,222
E00080528,278,48,230
E00080529,300,82,218
E00080530,348,88,260
E00080531,326,77,249
E00080532,299,67,232
E00080534,332,67,265
E00080535,360,100,260
E00080536,247,52,195
E00080537,342,64,278
E00080538,346,121,225
E00080539,341,66,275
E00080540,233,16,217
E00080541,212,39,173
E00080542,321,69,252
E00080543,254,51,203
E00080544,355,96,259
E00080545,321,74,247
E00080546,321,76,245
E00080547,282,51,231
E00080548,362,98,264
E00080549,312,78,234
E00080550,299,71,228
E00080551,322,60,262
E00080552,391,99,292
E00080553,466,140,326
E00080554,325,85,240
E00080555,322,76,246
E00080556,266,87,179
E00080557,411,98,313
E00080558,330,94,236
E00080559,289,87,202
E00080560,321,68,253
E00080561,339,80,259
E00080562,242,38,204
E00080563,295,60,235
E00080564,349,65,284
E00080565,254,33,221
E00080566,329,65,264
E00080567,296,59,237
E00080568,256,55,201
E00080569,283,50,233
E00080570,275,70,205
E00080571,245,27,218
E00080572,326,68,258
E00080573,300,79,221
E00080574,408,100,308
E00080575,384,125,259
E00080576,325,80,245
E00080577,382,116,266
E00080578,331,71,260
E00080579,353,74,279
E00080580,254,45,209
E00080581,376,101,275
E00080582,385,128,257
E00080583,352,74,278
E00080584,349,77,272
E00080585,399,71,328
E00080586,289,88,201
E00080587,358,70,288
E00080588,306,37,269
E00080589,329,123,206
E00080590,150,42,108
E00080591,345,84,261
E00080592,362,63,299
E00080594,270,77,193
E00080596,221,50,171
E00080598,266,52,214
E00080600,310,77,233
E00080601,184,54,130
E00080602,126,31,95
E00080603,186,52,134
E00080604,350,69,281
E00080605,299,56,243
E00080607,289,53,236
E00080608,368,87,281
E00080609,158,26,132
E00080610,321,70,251
E00080611,305,48,257
E00080612,293,48,245
E00080613,307,51,256
E00080614,313,43,270
E00080615,299,56,243
E00080616,300,46,254
E00080617,329,43,286
E00080618,296,37,259
E00080619,309,70,239
E00080620,275,37,238
E00080621,330,66,264
E00080622,290,50,240
E00080623,265,28,237
E00080624,293,37,256
E00080625,297,77,220
E00080626,330,63,267
E00080627,354,83,271
E00080628,260,38,222
E00080629,259,49,210
E00080630,271,40,231
E00080631,397,101,296
E00080632,426,104,322
E00080633,363,90,273
E00080634,219,38,181
E00080635,430,76,354
E00080637,305,66,239
E00080638,267,41,226
E00080639,271,36,235
E00080640,289,60,229
E00080641,253,47,206
E00080642,293,63,230
E00080643,353,89,264
E00080645,250,48,202
E00080646,122,30,92
E00080647,276,50,226
E00080648,288,54,234
E00080649,201,52,149
E00080650,464,126,338
E00080651,431,88,343
E00080653,277,55,222
E00080654,196,22,174
E00080655,289,63,226
E00080656,297,79,218
E00080657,330,62,268
E00080658,254,38,216
E00080659,231,72,159
E00080660,349,47,302
E00080661,382,98,284
E00080662,342,135,207
E00080663,333,107,226
E00080665,245,48,197
E00080666,304,74,230
E00080667,394,127,267
E00080668,162,26,136
E00080669,389,67,322
E00080670,251,52,199
E00080671,246,36,210
E00080672,233,45,188
E00080673,406,67,339
E00080674,418,66,352
E00080675,325,79,246
E00080676,296,83,213
E00080677,327,81,246
E00080679,358,79,279
E00080680,327,77,250
E00080681,322,85,237
E00080682,197,43,154
E00080683,514,111,403
E00080684,247,57,190
E00080685,337,92,245
E00080686,219,32,187
E00080687,395,94,301
E00080688,309,55,254
E00080689,261,49,212
E00080690,282,39,243
E00080691,345,78,267
E00080692,280,58,222
E00080693,110,9,101
E00080694,229,41,188
E00080695,341,75,266
E00080696,392,96,296
E00080697,309,58,251
E00080698,359,95,264
E00080699,272,42,230
E00080700,287,51,236
E00080701,344,79,265
E00080702,499,100,399
E00080703,336,72,264
E00080704,274,54,220
E00080705,404,82,322
E00080706,277,48,229
E00080707,330,80,250
E00080708,334,74,260
E00080709,445,132,313
E00080710,345,62,283
E00080711,283,60,223
E00080712,324,86,238
E00080713,318,87,231
E00080714,256,42,214
E00080715,285,70,215
E00080716,357,71,286
E00080717,330,53,277
E00080718,226,50,176
E00080719,348,75,273
E00080720,270,50,220
E00080721,309,56,253
E00080722,231,70,161
E00080723,261,49,212
E00080724,299,49,250
E00080725,319,66,253
E00080726,545,113,432
E00080727,348,74,274
E00080728,314,57,257
E00080729,342,60,282
E00080730,225,30,195
E00080732,304,72,232
E00080733,331,77,254
E00080734,310,61,249
E00080735,308,47,261
E00080736,139,25,114
E00080737,322,77,245
E00080738,260,48,212
E00080739,235,44,191
E00080740,223,26,197
E00080741,348,62,286
E00080742,401,87,314
E00080743,268,51,217
E00080744,287,54,233
E00080745,239,30,209
E00080746,340,70,270
E00080747,280,53,227
E00080748,323,67,256
E00080749,298,42,256
E00080750,311,43,268
E00080751,336,86,250
E00080752,348,66,282
E00080753,214,49,165
E00080754,288,80,208
E00080755,297,68,229
E00080756,292,50,242
E00080758,338,82,256
E00080759,339,95,244
E00080761,304,66,238
E00080762,340,74,266
E00080763,313,68,245
E00080764,274,57,217
E00080765,383,77,306
E00080766,374,94,280
E00080767,275,57,218
E00080768,256,55,201
E00080769,318,54,264
E00080770,407,102,305
E00080771,316,39,277
E00080772,228,42,186
E00080773,229,41,188
E00080774,225,44,181
E00080775,241,30,211
E00080776,292,59,233
E00080777,178,36,142
E00080778,294,51,243
E00080779,271,59,212
E00080780,299,67,232
E00080781,340,84,256
E00080782,234,43,191
E00080783,276,65,211
E00080784,292,54,238
E00080785,345,44,301
E00080786,318,47,271
E00080787,292,52,240
E00080788,220,33,187
E00080789,299,40,259
E00080791,391,60,331
E00080793,386,80,306
E00080794,399,79,320
E00080795,288,44,244
E00080796,338,61,277
E00080797,421,40,381
E00080798,308,48,260
E00080799,279,39,240
E00080800,304,54,250
E00080801,266,50,216
E00080802,344,90,254
E00080803,435,107,328
E00080805,435,122,313
E00080807,295,70,225
E00080809,361,89,272
E00080810,440,98,342
E00080812,265,35,230
E00080813,310,61,249
E00080814,261,36,225
E00080815,313,51,262
E00080816,306,47,259
E00080817,310,63,247
E00080818,370,113,257
E00080819,298,43,255
E00080820,271,64,207
E00080821,267,29,238
E00080822,245,25,220
E00080823,217,12,205
E00080824,240,20,220
E00080825,286,57,229
E00080826,248,34,214
E00080827,251,42,209
E00080828,326,67,259
E00080829,316,91,225
E00080830,341,99,242
E00080831,206,45,161
E00080832,338,78,260
E00080833,322,89,233
E00080834,285,76,209
E00080835,276,66,210
E00080836,225,37,188
E00080837,215,33,182
E00080838,319,71,248
E00080839,259,54,205
E00080840,287,44,243
E00080841,279,57,222
E00080842,222,25,197
E00080843,313,67,246
E00080844,341,66,275
E00080845,284,45,239
E00080846,322,63,259
E00080847,520,116,404
E00080848,272,48,224
E00080849,287,41,246
E00080851,377,55,322
E00080852,339,64,275
E00080853,255,45,210
E00080854,305,47,258
E00080855,325,73,252
E00080856,325,77,248
E00080857,250,39,211
E00080858,218,42,176
E00080859,371,88,283
E00080860,227,23,204
E00080861,276,63,213
E00080862,325,79,246
E00080863,281,61,220
E00080864,308,77,231
E00080865,367,95,272
E00080866,377,106,271
E00080867,341,78,263
E00080868,347,81,266
E00080869,316,77,239
E00080870,325,69,256
E00080871,364,103,261
E00080872,281,63,218
E00080873,211,28,183
E00080874,266,37,229
E00080875,310,83,227
E00080876,410,61,349
E00080877,305,43,262
E00080878,329,67,262
E00080879,347,64,283
E00080880,304,59,245
E00080881,330,62,268
E00080882,319,51,268
E00080883,242,44,198
E00080884,314,70,244
E00080885,280,39,241
E00080886,310,66,244
E00080887,399,75,324
E00080888,319,36,283
E00080889,300,67,233
E00080890,305,51,254
E00080891,315,71,244
E00080892,252,34,218
E00080893,268,49,219
E00080894,268,59,209
E00080895,316,65,251
E00080896,348,59,289
E00080897,336,61,275
E00080898,310,64,246
E00080899,313,57,256
E00080900,336,62,274
E00080901,330,62,268
E00080902,376,75,301
E00080903,244,43,201
E00080904,315,53,262
E00080905,290,52,238
E00080906,307,47,260
E00080907,288,50,238
E00080908,357,101,256
E00080909,414,112,302
E00080910,268,46,222
E00080911,291,93,198
E00080912,356,97,259
E00080914,434,186,248
E00080915,320,84,236
E00080916,307,63,244
E00080917,348,106,242
E00080918,260,99,161
E00080919,309,93,216
E00080920,430,197,233
E00080921,507,111,396
E00080922,367,126,241
E00080923,558,154,404
E00080924,298,78,220
E00080925,340,112,228
E00080926,265,57,208
E00080927,263,69,194
E00080928,364,86,278
E00080929,461,140,321
E00080931,363,105,258
E00080932,309,89,220
E00080933,244,55,189
E00080934,389,110,279
E00080935,312,86,226
E00080936,302,86,216
E00080937,277,69,208
E00080938,368,101,267
E00080939,361,102,259
E00080940,297,89,208
E00080941,299,74,225
E00080942,298,91,207
E00080943,344,112,232
E00080944,428,101,327
E00080945,259,49,210
E00080947,327,79,248
E00080948,329,93,236
E00080949,376,86,290
E00080951,218,31,187
E00080952,261,47,214
E00080953,461,119,342
E00080955,233,46,187
E00080957,289,75,214
E00080958,323,133,190
E00080959,409,124,285
E00080960,365,115,250
E00080961,254,94,160
E00080963,173,30,143
E00080964,268,67,201
E00080965,289,43,246
E00080966,483,123,360
E00080967,294,68,226
E00080968,442,97,345
E00080969,294,67,227
E00080970,548,121,427
E00080972,311,67,244
E00080973,338,81,257
E00080974,345,74,271
E00080975,353,85,268
E00080976,302,69,233
E00080977,309,92,217
E00080978,271,82,189
E00080979,358,97,261
E00080981,338,84,254
E00080982,292,69,223
E00080983,460,140,320
E00080984,280,96,184
E00080985,292,77,215
E00080986,298,91,207
E00080987,242,59,183
E00080988,280,54,226
E00080989,423,125,298
E00080990,268,71,197
E00080991,276,76,200
E00080992,390,93,297
E00080993,286,69,217
E00080994,340,101,239
E00080995,314,75,239
E00080996,347,92,255
E00080997,279,88,191
E00080998,332,104,228
E00080999,267,61,206
E00081000,292,68,224
E00081001,311,105,206
E00081002,306,61,245
E00081003,449,132,317
E00081004,414,134,280
E00081005,384,119,265
E00081006,259,60,199
E00081007,315,91,224
E00081008,307,79,228
E00081009,322,54,268
E00081010,255,19,236
E00081011,329,66,263
E00081012,275,42,233
E00081013,233,46,187
E00081014,308,74,234
E00081015,311,66,245
E00081016,327,67,260
E00081017,295,69,226
E00081018,153,16,137
E00081019,273,86,187
E00081020,215,22,193
E00081021,480,106,374
E00081022,300,48,252
E00081023,348,53,295
E00081024,268,44,224
E00081025,275,48,227
E00081026,254,39,215
E00081027,253,22,231
E00081028,344,74,270
E00081029,303,53,250
E00081030,326,57,269
E00081032,332,52,280
E00081033,324,57,267
E00081034,274,34,240
E00081035,333,70,263
E00081036,275,43,232
E00081037,386,72,314
E00081038,531,137,394
E00081039,324,77,247
E00081040,294,65,229
E00081041,184,46,138
E00081042,330,85,245
E00081043,340,100,240
E00081044,429,82,347
E00081046,325,89,236
E00081047,311,74,237
E00081048,338,121,217
E00081049,528,127,401
E00081050,217,35,182
E00081051,382,108,274
E00081052,383,62,321
E00081053,187,43,144
E00081054,270,75,195
E00081055,293,79,214
E00081056,323,86,237
E00081057,277,69,208
E00081058,356,101,255
E00081059,298,82,216
E00081060,310,61,249
E00081061,319,64,255
E00081062,251,61,190
E00081063,387,131,256
E00081065,273,71,202
E00081066,281,87,194
E00081067,287,65,222
E00081068,315,109,206
E00081069,336,89,247
E00081071,296,80,216
E00081072,269,51,218
E00081073,361,112,249
E00081074,327,84,243
E00081075,304,79,225
E00081076,242,67,175
E00081077,311,89,222
E00081078,301,92,209
E00081079,284,66,218
E00081080,308,81,227
E00081081,359,104,255
E00081082,361,75,286
E00081083,448,77,371
E00081084,291,93,198
E00081085,310,73,237
E00081086,305,73,232
E00081087,260,34,226
E00081088,326,75,251
E00081089,452,116,336
E00081090,373,109,264
E00081091,325,74,251
E00081092,336,62,274
E00081093,298,67,231
E00081094,319,86,233
E00081095,346,98,248
E00081096,359,96,263
E00081097,265,62,203
E00081098,301,68,233
E00081099,345,73,272
E00081100,377,83,294
E00081101,290,43,247
E00081102,277,71,206
E00081103,354,82,272
E00081104,361,97,264
E00081105,325,77,248
E00081106,330,86,244
E00081107,303,68,235
E00081108,316,70,246
E00081109,337,56,281
E00081110,312,72,240
E00081111,327,81,246
E00081112,339,66,273
E00081113,325,57,268
E00081114,314,70,244
E00081115,316,65,251
E00081116,278,62,216
E00081117,295,50,245
E00081118,389,84,305
E00081119,283,69,214
E00081120,363,90,273
E00081121,330,68,262
E00081122,321,92,229
E00081123,341,65,276
E00081124,383,78,305
E00081125,270,74,196
E00081126,311,53,258
E00081127,352,84,268
E00081128,297,51,246
E00081129,354,113,241
E00081130,327,85,242
E00081131,291,79,212
E00081132,251,52,199
E00081133,333,94,239
E00081134,368,93,275
E00081135,523,91,432
E00081136,262,47,215
E00081137,390,70,320
E00081138,265,28,237
E00081139,232,49,183
E00081140,376,58,318
E00081141,287,57,230
E00081142,290,54,236
E00081143,343,41,302
E00081144,315,65,250
E00081145,294,49,245
E00081146,305,51,254
E00081147,213,31,182
E00081148,311,45,266
E00081149,294,43,251
E00081150,275,42,233
E00081151,292,42,250
E00081152,372,63,309
E00081153,281,66,215
E00081154,277,44,233
E00081155,454,89,365
E00081156,327,62,265
E00081157,252,43,209
E00081158,263,36,227
E00081159,233,27,206
E00081160,300,77,223
E00081161,264,44,220
E00081162,271,41,230
E00081163,291,70,221
E00081164,361,88,273
E00081165,321,73,248
E00081166,323,69,254
E00081167,284,61,223
E00081168,344,49,295
E00081169,259,38,221
E00081170,262,40,222
E00081171,301,61,240
E00081172,363,93,270
E00081173,240,37,203
E00081174,310,68,242
E00081175,250,29,221
E00081176,258,46,212
E00081177,287,43,244
E00081178,307,52,255
E00081179,326,63,263
E00081180,246,22,224
E00081181,317,62,255
E00081182,285,46,239
E00081183,302,57,245
E00081184,281,45,236
E00081185,298,64,234
E00081186,309,73,236
E00081187,335,57,278
E00081188,229,45,184
E00081189,315,74,241
E00081190,273,66,207
E00081191,335,57,278
E00081192,375,97,278
E00081193,234,43,191
E00081194,145,23,122
E00081195,280,62,218
E00081196,331,82,249
E00081197,277,64,213
E00081198,320,84,236
E00081199,333,56,277
E00081200,306,73,233
E00081201,301,87,214
E00081202,447,103,344
E00081203,188,42,146
E00081204,388,96,292
E00081205,259,43,216
E00081206,293,82,211
E00081207,430,127,303
E00081208,293,53,240
E00081209,167,9,158
E00081210,287,46,241
E00081211,317,54,263
E00081212,206,23,183
E00081213,278,44,234
E00081214,243,56,187
E00081215,277,49,228
E00081216,357,79,278
E00081217,322,85,237
E00081218,347,80,267
E00081219,348,91,257
E00081220,288,62,226
E00081221,256,71,185
E00081222,347,81,266
E00081223,325,73,252
E00081224,320,82,238
E00081225,246,38,208
E00081226,324,68,256
E00081227,347,94,253
E00081228,287,55,232
E00081229,389,71,318
E00081230,301,59,242
E00081231,203,30,173
E00081232,246,69,177
E00081233,333,109,224
E00081234,297,77,220
E00081235,224,4,220
E00081236,377,48,329
E00081237,411,82,329
E00081238,261,30,231
E00081239,318,63,255
E00081240,213,38,175
E00081241,195,41,154
E00081242,438,94,344
E00081243,273,52,221
E00081244,306,45,261
E00081245,376,74,302
E00081246,359,62,297
E00081247,327,40,287
E00081250,249,36,213
E00081252,314,70,244
E00081253,414,79,335
E00081254,466,90,376
E00081256,252,32,220
E00081257,313,64,249
E00081258,338,62,276
E00081259,225,59,166
E00081260,250,58,192
E00081261,275,63,212
E00081262,269,54,215
E00081263,256,35,221
E00081264,243,45,198
E00081265,231,45,186
E00081266,298,38,260
E00081267,279,50,229
E00081268,180,27,153
E00081269,282,48,234
E00081270,324,66,258
E00081271,315,78,237
E00081272,346,53,293
E00081273,349,75,274
E00081274,238,36,202
E00081275,342,68,274
E00081276,264,47,217
E00081277,394,66,328
E00081278,262,41,221
E00081279,411,90,321
E00081280,309,55,254
E00081281,287,43,244
E00081282,303,69,234
E00081283,270,45,225
E00081284,246,64,182
E00081285,244,41,203
E00081286,331,75,256
E00081287,236,47,189
E00081288,409,95,314
E00081289,337,88,249
E00081290,345,69,276
E00081291,336,96,240
E00081292,372,104,268
E00081293,261,39,222
E00081294,232,37,195
E00081295,239,40,199
E00081296,179,21,158
E00081297,284,58,226
E00081298,282,51,231
E00081299,315,77,238
E00081300,367,69,298
E00081301,312,41,271
E00081302,320,77,243
E00081303,313,55,258
E00081304,249,46,203
E00081305,339,65,274
E00081306,396,81,315
E00081307,307,75,232
E00081308,431,100,331
E00081309,335,64,271
E00081310,342,69,273
E00081311,261,51,210
E00081312,297,39,258
E00081313,318,56,262
E00081314,288,102,186
E00081315,210,33,177
E00081316,280,57,223
E00081317,350,67,283
E00081318,343,60,283
E00081319,283,46,237
E00081320,357,74,283
E00081321,288,43,245
E00081322,339,60,279
E00081323,316,54,262
E00081324,302,47,255
E00081325,304,59,245
E00081326,268,36,232
E00081327,244,30,214
E00081328,267,37,230
E00081329,318,65,253
E00081330,291,41,250
E00081331,254,38,216
E00081332,251,41,210
E00081333,355,68,287
E00081334,350,87,263
E00081335,259,33,226
E00081336,320,42,278
E00081337,330,56,274
E00081338,293,51,242
E00081339,254,38,216
E00081340,347,75,272
E00081341,271,28,243
E00081342,310,58,252
E00081343,291,51,240
E00081344,340,72,268
E00081345,302,59,243
E00081346,304,74,230
E00081347,426,80,346
E00081348,393,72,321
E00081349,254,40,214
E00081350,277,51,226
E00081351,409,90,319
E00081352,358,60,298
E00081353,317,68,249
E00081354,298,48,250
E00081355,289,47,242
E00081356,256,13,243
E00081357,241,28,213
E00081358,398,63,335
E00081359,274,50,224
E00081360,253,27,226
E00081361,256,30,226
E00081362,383,58,325
E00081363,276,50,226
E00081364,301,63,238
E00081365,364,61,303
E00081366,303,56,247
E00081367,323,79,244
E00081368,275,65,210
E00081369,268,39,229
E00081370,303,49,254
E00081371,289,55,234
E00081372,237,45,192
E00081373,310,58,252
E00081374,209,42,167
E00081375,327,88,239
E00081376,236,41,195
E00081377,322,75,247
E00081378,274,55,219
E00081379,197,21,176
E00081380,319,47,272
E00081381,308,60,248
E00081382,242,38,204
E00081383,299,60,239
E00081384,240,57,183
E00081385,243,38,205
E00081386,290,49,241
E00081387,263,43,220
E00081388,303,49,254
E00081389,253,44,209
E00081390,325,61,264
E00081391,311,57,254
E00081392,383,69,314
E00081393,541,117,424
E00081394,334,90,244
E00081395,342,67,275
E00081396,329,69,260
E00081397,286,50,236
E00081398,255,44,211
E00081399,287,37,250
E00081400,293,38,255
E00081401,248,39,209
E00081402,247,40,207
E00081403,246,45,201
E00081404,239,35,204
E00081405,297,69,228
E00081406,256,47,209
E00081407,239,43,196
E00081408,307,63,244
E00081409,268,40,228
E00081410,269,49,220
E00081411,309,65,244
E00081412,277,57,220
E00081413,290,67,223
E00081414,262,51,211
E00081415,311,53,258
E00081416,327,79,248
E00081417,280,67,213
E00081418,323,66,257
E00081419,262,56,206
E00081420,292,63,229
E00081424,440,189,251
E00081426,214,33,181
E00081427,351,79,272
E00081428,249,65,184
E00081429,345,51,294
E00081430,358,54,304
E00081432,396,96,300
E00081434,463,79,384
E00081437,343,76,267
E00081438,217,36,181
E00081439,267,44,223
E00081440,289,69,220
E00081442,377,106,271
E00081443,283,66,217
E00081444,270,59,211
E00081445,253,44,209
E00081446,209,46,163
E00081447,275,43,232
E00081448,172,19,153
E00081449,310,100,210
E00081450,260,48,212
E00081451,289,61,228
E00081452,332,67,265
E00081453,246,40,206
E00081454,224,38,186
E00081455,295,65,230
E00081456,265,50,215
E00081457,376,90,286
E00081458,260,52,208
E00081459,327,66,261
E00081461,331,73,258
E00081462,265,33,232
E00081463,286,57,229
E00081464,305,54,251
E00081465,265,51,214
E00081466,294,62,232
E00081467,353,76,277
E00081468,307,80,227
E00081469,286,63,223
E00081470,284,61,223
E00081471,258,59,199
E00081472,442,85,357
E00081473,341,71,270
E00081474,241,42,199
E00081475,331,62,269
E00081476,343,80,263
E00081477,328,66,262
E00081478,332,63,269
E00081479,495,86,409
E00081480,352,72,280
E00081481,281,53,228
E00081482,283,68,215
E00081483,343,86,257
E00081485,322,48,274
E00081486,255,58,197
E00081487,241,49,192
E00081488,239,36,203
E00081489,346,57,289
E00081490,335,80,255
E00081491,377,68,309
E00081492,248,40,208
E00081493,231,32,199
E00081494,247,40,207
E00081495,290,39,251
E00081496,375,75,300
E00081497,233,31,202
E00081498,276,44,232
E00081499,249,33,216
E00081500,285,50,235
E00081501,300,55,245
E00081502,302,35,267
E00081503,306,44,262
E00081504,352,77,275
E00081505,297,52,245
E00081506,348,89,259
E00081507,332,84,248
E00081508,343,52,291
E00081509,350,71,279
E00081510,315,59,256
E00081511,340,61,279
E00081512,344,67,277
E00081513,359,70,289
E00081514,283,53,230
E00081515,354,78,276
E00081516,370,41,329
E00081517,300,54,246
E00081518,231,18,213
E00081519,259,46,213
E00081520,360,47,313
E00081521,366,79,287
E00081522,292,61,231
E00081523,254,58,196
E00081524,333,60,273
E00081525,256,27,229
E00081526,331,98,233
E00081527,327,47,280
E00081528,267,53,214
E00081529,223,48,175
E00081530,233,24,209
E00081531,336,75,261
E00081532,342,59,283
E00081534,315,73,242
E00081535,353,65,288
E00081536,252,53,199
E00081537,221,43,178
E00081538,331,60,271
E00081539,268,63,205
E00081540,208,9,199
E00081541,410,46,364
E00081542,315,63,252
E00081543,296,61,235
E00081544,285,44,241
E00081545,244,37,207
E00081546,264,40,224
E00081547,284,32,252
E00081548,243,37,206
E00081549,404,91,313
E00081550,324,61,263
E00081551,304,52,252
E00081552,369,72,297
E00081553,299,43,256
E00081554,295,73,222
E00081555,295,76,219
E00081556,309,56,253
E00081557,433,86,347
E00081558,340,73,267
E00081559,350,45,305
E00081560,310,60,250
E00081561,369,69,300
E00081562,357,71,286
E00081563,301,62,239
E00081564,301,36,265
E00081565,260,49,211
E00081566,343,70,273
E00081567,365,70,295
E00081568,286,48,238
E00081569,351,71,280
E00081570,255,57,198
E00081571,311,35,276
E00081572,352,65,287
E00081573,268,55,213
E00081574,331,77,254
E00081575,297,71,226
E00081576,238,27,211
E00081577,341,42,299
E00081578,310,55,255
E00081579,271,40,231
E00081580,307,56,251
E00081581,284,65,219
E00081582,293,64,229
E00081583,334,76,258
E00081584,353,51,302
E00081585,319,64,255
E00081586,291,65,226
E00081587,333,70,263
E00081588,321,72,249
E00081589,275,36,239
E00081590,276,64,212
E00081591,280,32,248
E00081592,337,78,259
E00081593,316,60,256
E00081594,300,43,257
E00081595,391,61,330
E00081596,362,75,287
E00081597,341,70,271
E00081598,364,78,286
E00081599,330,61,269
E00081600,296,56,240
E00081601,329,49,280
E00081602,322,45,277
E00081603,365,56,309
E00081604,303,52,251
E00081605,360,66,294
E00081606,281,63,218
E00081607,420,90,330
E00081608,546,126,420
E00081609,296,50,246
E00081610,489,113,376
E00081611,287,60,227
E00081612,179,41,138
E00081613,325,64,261
E00081614,254,33,221
E00081615,322,58,264
E00081616,356,56,300
E00081617,314,64,250
E00081618,263,44,219
E00081619,156,21,135
E00081622,283,36,247
E00081623,284,30,254
E00081625,282,61,221
E00081626,477,167,310
E00081628,363,53,310
E00081630,259,81,178
E00081631,352,102,250
E00081632,286,59,227
E00081633,217,44,173
E00081634,333,83,250
E00081635,301,58,243
E00081636,321,71,250
E00081637,350,106,244
E00081638,363,120,243
E00081639,334,104,230
E00081640,303,60,243
E00081641,382,107,275
E00081642,319,61,258
E00081643,413,71,342
E00081644,332,75,257
E00081645,339,103,236
E00081646,294,71,223
E00081647,290,59,231
E00081649,290,57,233
E00081650,293,55,238
E00081651,315,82,233
E00081652,324,72,252
E00081653,299,71,228
E00081654,311,55,256
E00081655,339,86,253
E00081656,317,66,251
E00081657,292,62,230
E00081658,350,106,244
E00081660,249,48,201
E00081662,291,40,251
E00081663,303,40,263
E00081664,248,30,218
E00081665,304,62,242
E00081666,357,75,282
E00081667,310,69,241
E00081668,251,42,209
E00081669,352,88,264
E00081670,295,43,252
E00081671,323,59,264
E00081672,299,63,236
E00081673,282,75,207
E00081674,271,85,186
E00081675,302,67,235
E00081676,409,123,286
E00081677,315,65,250
E00081678,273,50,223
E00081679,248,44,204
E00081680,339,77,262
E00081681,262,54,208
E00081682,317,76,241
E00081683,318,59,259
E00081684,318,64,254
E00081685,298,58,240
E00081686,349,80,269
E00081687,245,45,200
E00081688,382,101,281
E00081689,312,63,249
E00081690,303,68,235
E00081691,240,53,187
E00081692,259,38,221
E00081693,300,63,237
E00081694,276,64,212
E00081695,307,53,254
E00081696,316,67,249
E00081697,294,43,251
E00081698,300,66,234
E00081699,247,49,198
E00081700,263,58,205
E00081701,333,72,261
E00081702,209,27,182
E00081703,314,46,268
E00081704,217,25,192
E00081705,281,48,233
E00081706,253,44,209
E00081707,318,63,255
E00081708,375,71,304
E00081709,342,67,275
E00081710,256,45,211
E00081711,287,48,239
E00081712,291,65,226
E00081713,280,42,238
E00081714,276,38,238
E00081715,258,45,213
E00081716,266,52,214
E00081717,292,53,239
E00081718,341,54,287
E00081719,332,75,257
E00081720,335,62,273
E00081721,303,38,265
E00081722,377,57,320
E00081723,320,64,256
E00081724,326,60,266
E00081725,294,65,229
E00081726,349,78,271
E00081727,356,86,270
E00081728,397,99,298
E00081729,322,76,246
E00081730,295,64,231
E00081731,282,53,229
E00081732,308,69,239
E00081733,257,58,199
E00081734,238,56,182
E00081735,366,101,265
E00081736,364,74,290
E00081737,274,58,216
E00081738,313,69,244
E00081739,356,89,267
E00081740,327,77,250
E00081741,312,55,257
E00081742,285,59,226
E00081743,298,63,235
E00081744,302,54,248
E00081745,349,72,277
E00081746,275,51,224
E00081747,304,48,256
E00081748,323,65,258
E00081749,460,82,378
E00081750,296,53,243
E00081751,337,87,250
E00081752,308,61,247
E00081753,285,56,229
E00081754,317,41,276
E00081755,481,81,400
E00081756,305,55,250
E00081757,307,62,245
E00081758,304,60,244
E00081759,323,75,248
E00081760,318,55,263
E00081761,309,49,260
E00081762,454,98,356
E00081763,349,66,283
E00081764,505,76,429
E00081765,311,52,259
E00081766,258,38,220
E00081767,298,45,253
E00081768,301,59,242
E00081769,291,41,250
E00081770,255,39,216
E00081771,322,76,246
E00081772,352,75,277
E00081773,200,31,169
E00081774,416,75,341
E00081775,303,43,260
E00081776,400,84,316
E00081777,314,52,262
E00081778,380,51,329
E00081779,407,71,336
E00081780,400,87,313
E00081781,274,40,234
E00081783,303,56,247
E00081784,292,60,232
E00081785,286,59,227
E00081786,275,67,208
E00081787,327,86,241
E00081788,328,86,242
E00081789,295,34,261
E00081790,283,41,242
E00081791,396,71,325
E00081792,326,69,257
E00081793,374,87,287
E00081795,365,56,309
E00081796,230,30,200
E00081797,428,93,335
E00081798,296,58,238
E00081799,286,53,233
E00081801,367,78,289
E00081802,288,57,231
E00081803,226,26,200
E00081804,349,38,311
E00081806,268,42,226
E00081807,238,37,201
E00081808,210,18,192
E00081809,306,60,246
E00081810,264,43,221
E00081811,274,55,219
E00081812,281,50,231
E00081815,485,89,396
E00081816,261,47,214
E00081817,343,85,258
E00081818,325,54,271
E00081819,323,78,245
E00081820,215,22,193
E00081821,338,81,257
E00081822,329,42,287
E00081823,290,70,220
E00081824,265,47,218
E00081825,190,30,160
E00081826,460,67,393
E00081828,335,43,292
E00081830,311,66,245
E00081831,315,69,246
E00081832,337,75,262
E00081833,261,39,222
E00081834,223,21,202
E00081835,304,59,245
E00081836,276,43,233
E00081837,226,40,186
E00081838,256,45,211
E00081839,357,65,292
E00081840,327,61,266
E00081841,250,50,200
E00081842,277,41,236
E00081843,318,68,250
E00081844,226,35,191
E00081845,306,45,261
E00081846,302,61,241
E00081847,298,66,232
E00081848,314,57,257
E00081849,312,56,256
E00081850,297,47,250
E00081851,371,82,289
E00081852,329,68,261
E00081853,350,61,289
E00081854,279,50,229
E00081855,327,107,220
E00081856,290,38,252
E00081857,211,21,190
E00081858,320,59,261
E00081859,310,49,261
E00081860,344,56,288
E00081862,238,25,213
E00081863,312,55,257
E00081864,312,55,257
E00081865,251,39,212
E00081866,259,38,221
E00081867,286,61,225
E00081868,324,76,248
E00081869,219,39,180
E00081870,213,25,188
E00081871,320,64,256
E00081872,300,54,246
E00081873,332,64,268
E00081874,300,49,251
E00081875,303,48,255
E00081876,283,60,223
E00081877,221,31,190
E00081878,289,45,244
E00081879,292,63,229
E00081880,274,29,245
E00081881,267,29,238
E00081882,226,31,195
E00081883,182,16,166
E00081884,272,47,225
E00081885,275,41,234
E00081886,243,28,215
E00081887,233,19,214
E00081888,219,22,197
E00081889,232,22,210
E00081890,130,15,115
E00081891,178,18,160
E00081892,192,24,168
E00081893,263,41,222
E00081894,460,85,375
E00081895,342,65,277
E00081896,346,72,274
E00081897,328,53,275
E00081898,300,55,245
E00081900,266,24,242
E00081901,464,96,368
E00081902,359,47,312
E00081903,332,67,265
E00081904,330,46,284
E00081905,384,62,322
E00081906,281,61,220
E00081907,335,65,270
E00081908,340,86,254
E00081909,279,70,209
E00081910,231,45,186
E00081911,309,75,234
E00081912,268,43,225
E00081914,330,71,259
E00081915,262,33,229
E00081916,307,71,236
E00081917,303,74,229
E00081918,340,79,261
E00081919,430,78,352
E00081920,376,81,295
E00081921,279,59,220
E00081922,327,64,263
E00081923,343,63,280
E00081924,187,33,154
E00081925,101,14,87
E00081926,264,44,220
E00081927,344,72,272
E00081928,270,72,198
E00081929,255,51,204
E00081930,347,88,259
E00081931,312,60,252
E00081932,265,46,219
E00081933,314,70,244
E00081934,279,73,206
E00081935,360,56,304
E00081936,239,47,192
E00081937,243,44,199
E00081938,238,55,183
E00081939,284,63,221
E00081940,253,38,215
E00081941,261,34,227
E00081942,315,55,260
E00081943,233,49,184
E00081944,184,41,143
E00081945,327,35,292
E00081946,322,70,252
E00081947,256,38,218
E00081948,247,39,208
E00081949,234,31,203
E00081950,288,50,238
E00081951,240,57,183
E00081952,169,17,152
E00081953,265,55,210
E00081954,315,74,241
E00081955,333,67,266
E00081956,288,46,242
E00081957,267,45,222
E00081958,244,41,203
E00081959,282,50,232
E00081960,271,57,214
E00081961,253,41,212
E00081962,311,58,253
E00081963,196,29,167
E00081964,283,52,231
E00081965,217,21,196
E00081966,254,46,208
E00081967,261,63,198
E00081968,315,59,256
E00081969,245,43,202
E00081970,274,55,219
E00081971,257,56,201
E00081972,288,56,232
E00081973,166,19,147
E00081974,387,50,337
E00081975,315,96,219
E00081977,262,52,210
E00081979,351,65,286
E00081982,279,62,217
E00081984,240,32,208
E00081986,359,62,297
E00081987,247,36,211
E00081988,289,46,243
E00081989,249,38,211
E00081990,292,45,247
E00081991,249,37,212
E00081993,279,57,222
E00081994,209,29,180
E00081995,314,50,264
E00081996,356,97,259
E00081997,336,93,243
E00081998,337,68,269
E00081999,242,60,182
E00082000,159,21,138
E00082001,268,55,213
E00082002,288,39,249
E00082003,330,63,267
E00082004,313,50,263
E00082005,415,94,321
E00082006,218,33,185
E00082008,257,55,202
E00082010,259,42,217
E00082012,255,46,209
E00082013,306,62,244
E00082014,326,80,246
E00082015,318,49,269
E00082016,238,48,190
E00082017,313,76,237
E00082018,284,61,223
E00082019,283,39,244
E00082020,214,23,191
E00082021,300,78,222
E00082022,159,13,146
E00082024,250,41,209
E00082025,258,39,219
E00082026,267,52,215
E00082027,298,64,234
E00082028,252,55,197
E00082029,308,59,249
E00082030,249,31,218
E00082031,322,70,252
E00082032,246,57,189
E00082033,313,69,244
E00082034,290,32,258
E00082035,330,73,257
E00082036,306,62,244
E00082037,242,35,207
E00082038,276,45,231
E00082039,240,37,203
E00082040,299,74,225
E00082041,319,70,249
E00082042,292,64,228
E00082043,302,57,245
E00082044,294,55,239
E00082045,348,53,295
E00082046,354,91,263
E00082048,292,74,218
E00082049,326,69,257
E00082051,301,68,233
E00082052,221,57,164
E00082053,374,77,297
E00082054,268,53,215
E00082055,250,47,203
E00082056,266,46,220
E00082057,297,55,242
E00082058,311,70,241
E00082059,376,88,288
E00082060,311,61,250
E00082061,283,67,216
E00082062,252,52,200
E00082063,284,58,226
E00082064,218,24,194
E00082065,371,95,276
E00082066,322,65,257
E00082067,222,28,194
E00082068,339,53,286
E00082069,282,52,230
E00082070,311,78,233
E00082071,227,41,186
E00082072,305,59,246
E00082073,337,73,264
E00082074,293,46,247
E00082075,251,56,195
E00082076,273,46,227
E00082077,296,59,237
E00082078,299,87,212
E00082079,309,90,219
E00082080,316,76,240
E00082081,314,62,252
E00082082,279,53,226
E00082083,213,45,168
E00082084,279,57,222
E00082086,249,38,211
E00082087,277,50,227
E00082089,219,39,180
E00082090,331,71,260
E00082093,334,56,278
E00082094,172,9,163
E00082096,281,68,213
E00082097,392,48,344
E00082099,270,43,227
E00082100,269,34,235
E00082101,246,51,195
E00082102,241,36,205
E00082103,299,68,231
E00082104,272,66,206
E00082105,326,25,301
E00082106,289,52,237
E00082107,296,59,237
E00082108,271,77,194
E00082111,295,65,230
E00082112,390,98,292
E00082113,281,46,235
E00082114,364,41,323
E00082115,192,6,186
E00082116,298,41,257
E00082117,143,31,112
E00082118,318,72,246
E00082119,329,59,270
E00082120,345,75,270
E00082121,282,50,232
E00082122,342,74,268
E00082123,236,14,222
E00082124,442,64,378
E00082125,392,52,340
E00082126,312,46,266
E00082127,262,44,218
E00082128,301,41,260
E00082129,524,114,410
E00082130,347,60,287
E00082131,276,48,228
E00082132,409,79,330
E00082133,309,52,257
E00082134,298,57,241
E00082135,308,41,267
E00082136,362,59,303
E00082137,306,73,233
E00082138,345,84,261
E00082139,147,25,122
E00082140,235,74,161
E00082141,382,68,314
E00082142,334,60,274
E00082143,239,43,196
E00082145,240,43,197
E00082146,309,57,252
E00082147,211,26,185
E00082148,391,72,319
E00082149,331,44,287
E00082150,277,71,206
E00082151,315,68,247
E00082152,253,47,206
E00082153,196,34,162
E00082154,347,87,260
E00082155,259,44,215
E00082156,181,26,155
E00082157,248,44,204
E00082158,231,58,173
E00082159,260,40,220
E00082160,249,45,204
E00082161,304,57,247
E00082162,300,61,239
E00082163,306,61,245
E00082164,306,64,242
E00082166,360,72,288
E00082167,320,45,275
E00082168,278,41,237
E00082169,268,56,212
E00082170,270,43,227
E00082171,518,108,410
E00082172,254,58,196
E00082173,328,52,276
E00082174,470,93,377
E00082175,241,29,212
E00082176,310,62,248
E00082177,284,68,216
E00082178,257,42,215
E00082179,457,114,343
E00082180,310,82,228
E00082182,209,39,170
E00082183,367,79,288
E00082184,398,112,286
E00082185,403,99,304
E00082186,343,79,264
E00082187,274,37,237
E00082188,292,63,229
E00082189,287,51,236
E00082190,361,72,289
E00082191,350,64,286
E00082192,341,69,272
E00082193,186,19,167
E00082194,194,24,170
E00082195,369,86,283
E00082196,354,78,276
E00082197,267,59,208
E00082198,320,97,223
E00082199,348,84,264
E00082200,319,63,256
E00082201,348,81,267
E00082202,230,32,198
E00082203,379,61,318
E00082204,355,64,291
E00082205,321,75,246
E00082206,334,84,250
E00082207,433,72,361
E00082208,423,73,350
E00082209,289,44,245
E00082210,369,58,311
E00082211,388,76,312
E00082212,376,76,300
E00082213,259,56,203
E00082214,272,54,218
E00082215,334,64,270
E00082216,253,48,205
E00082217,136,2,134
E00082218,246,26,220
E00082219,279,49,230
E00082220,288,60,228
E00082221,202,24,178
E00082222,290,41,249
E00082223,312,41,271
E00082224,264,36,228
E00082225,271,54,217
E00082226,299,48,251
E00082227,277,53,224
E00082228,358,65,293
E00082229,312,80,232
E00082230,327,73,254
E00082231,563,289,274
E00082232,181,33,148
E00082233,500,128,372
E00082234,427,100,327
E00082235,402,92,310
E00082236,562,118,444
E00082237,311,44,267
E00082238,339,45,294
E00082239,457,118,339
E00082240,287,43,244
E00082241,361,72,289
E00082242,282,35,247
E00082243,433,70,363
E00082244,394,89,305
E00082245,465,100,365
E00082247,364,69,295
E00082248,331,53,278
E00082249,280,35,245
E00082250,265,43,222
E00082251,275,30,245
E00082252,324,53,271
E00082253,266,54,212
E00082254,302,60,242
E00082255,331,47,284
E00082256,365,57,308
E00082257,449,91,358
E00082258,360,74,286
E00082259,295,42,253
E00082261,323,74,249
E00082262,363,77,286
E00082263,434,115,319
E00082264,403,106,297
E00082265,389,77,312
E00082266,460,119,341
E00082267,284,72,212
E00082268,336,91,245
E00082269,228,56,172
E00082270,341,50,291
E00082271,443,86,357
E00082272,352,66,286
E00082273,485,82,403
E00082274,295,61,234
E00082275,275,62,213
E00082276,103,20,83
E00082277,131,18,113
E00082278,354,68,286
E00082279,295,53,242
E00082280,318,67,251
E00082281,317,54,263
E00082282,338,67,271
E00082283,283,54,229
E00082284,292,62,230
E00082285,333,75,258
E00082286,295,59,236
E00082287,353,77,276
E00082288,271,50,221
E00082289,361,79,282
E00082290,400,87,313
E00082291,257,65,192
E00082292,332,76,256
E00082293,293,53,240
E00082294,328,66,262
E00082295,267,47,220
E00082296,387,70,317
E00082297,444,113,331
E00082298,335,66,269
E00082299,298,55,243
E00082302,292,56,236
E00082303,491,81,410
E00082306,315,49,266
E00082307,297,54,243
E00082308,281,72,209
E00082309,262,40,222
E00082310,281,45,236
E00082311,327,55,272
E00082312,212,37,175
E00082313,287,86,201
E00082314,285,64,221
E00082315,196,24,172
E00082316,277,53,224
E00082317,243,33,210
E00082318,289,51,238
E00082319,227,38,189
E00082320,208,28,180
E00082321,303,60,243
E00082322,284,59,225
E00082323,255,45,210
E00082324,302,63,239
E00082325,284,40,244
E00082326,335,76,259
E00082327,362,55,307
E00082328,345,44,301
E00082329,263,19,244
E00082330,299,39,260
E00082331,206,11,195
E00082332,373,62,311
E00082333,244,24,220
E00082334,251,33,218
E00082336,254,35,219
E00082337,263,48,215
E00082338,264,43,221
E00082339,280,32,248
E00082340,301,50,251
E00082341,528,86,442
E00082342,235,18,217
E00082343,270,47,223
E00082344,266,35,231
E00082345,307,69,238
E00082346,273,52,221
E00082347,299,76,223
E00082348,255,47,208
E00082349,245,33,212
E00082350,126,17,109
E00082351,261,31,230
E00082352,248,42,206
E00082353,306,47,259
E00082354,292,57,235
E00082355,304,43,261
E00082356,259,31,228
E00082357,340,90,250
E00082358,309,39,270
E00082359,403,62,341
E00082360,277,32,245
E00082361,220,16,204
E00082362,310,40,270
E00082363,273,39,234
E00082364,290,43,247
E00082365,323,61,262
E00082366,324,55,269
E00082367,342,70,272
E00082368,358,65,293
E00082369,294,50,244
E00082371,162,58,104
E00082372,268,43,225
E00082373,316,55,261
E00082374,291,67,224
E00082375,427,83,344
E00082376,330,63,267
E00082377,108,20,88
E00082378,270,57,213
E00082379,434,97,337
E00082380,327,71,256
E00082381,265,41,224
E00082382,241,47,194
E00082383,237,45,192
E00082384,265,53,212
E00082386,330,68,262
E00082388,402,60,342
E00082389,206,31,175
E00082390,198,29,169
E00082391,201,28,173
E00082392,297,46,251
E00082394,376,67,309
E00082395,236,38,198
E00082396,355,33,322
E00082397,171,27,144
E00082398,236,37,199
E00082399,319,62,257
E00082400,267,52,215
E00082401,258,57,201
E00082402,182,32,150
E00082403,375,66,309
E00082404,386,57,329
E00082405,396,48,348
E00082406,264,31,233
E00082407,340,59,281
E00082408,453,215,238
E00082409,304,59,245
E00082410,422,85,337
E00082411,375,57,318
E00082412,315,29,286
E00082413,373,93,280
E00082414,281,35,246
E00082415,345,60,285
E00082416,275,54,221
E00082417,329,51,278
E00082419,322,65,257
E00082420,376,49,327
E00082421,310,83,227
E00082422,271,35,236
E00082423,309,49,260
E00082424,421,70,351
E00082425,355,73,282
E00082426,316,50,266
E00082427,257,32,225
E00082428,213,34,179
E00082429,396,72,324
E00082430,139,9,130
E00082431,262,45,217
E00082432,250,42,208
E00082433,282,41,241
E00082434,272,33,239
E00082435,271,46,225
E00082436,321,54,267
E00082438,293,52,241
E00082439,337,90,247
E00082440,288,59,229
E00082441,200,25,175
E00082442,318,50,268
E00082444,303,60,243
E00082445,393,82,311
E00082446,355,104,251
E00082447,291,80,211
E00082448,369,86,283
E00082449,431,85,346
E00082450,266,50,216
E00082451,342,61,281
E00082452,304,73,231
E00082453,301,45,256
E00082454,172,39,133
E00082455,306,67,239
E00082456,261,32,229
E00082457,304,62,242
E00082458,256,36,220
E00082459,210,34,176
E00082460,278,40,238
E00082461,275,37,238
E00082462,350,56,294
E00082463,307,41,266
E00082464,247,39,208
E00082465,280,50,230
E00082466,275,63,212
E00082467,286,53,233
E00082468,259,51,208
E00082469,241,31,210
E00082470,207,44,163
E00082471,281,51,230
E00082472,358,75,283
E00082473,317,59,258
E00082474,243,44,199
E00082475,167,28,139
E00082476,187,20,167
E00082477,248,55,193
E00082478,252,38,214
E00082479,285,50,235
E00082480,304,51,253
E00082482,349,74,275
E00082483,347,98,249
E00082484,300,41,259
E00082485,301,52,249
E00082486,295,67,228
E00082487,225,41,184
E00082488,291,53,238
E00082489,279,69,210
E00082490,344,59,285
E00082491,316,47,269
E00082492,305,58,247
E00082493,267,44,223
E00082494,222,30,192
E00082495,301,48,253
E00082496,256,41,215
E00082497,216,25,191
E00082498,298,29,269
E00082499,236,27,209
E00082500,309,43,266
E00082501,238,33,205
E00082502,244,36,208
E00082503,410,96,314
E00082505,323,85,238
E00082506,346,92,254
E00082507,320,70,250
E00082508,283,54,229
E00082509,253,46,207
E00082510,318,45,273
E00082511,302,54,248
E00082512,362,88,274
E00082513,273,46,227
E00082514,445,91,354
E00082515,343,67,276
E00082516,253,48,205
E00082517,415,77,338
E00082518,283,20,263
E00082519,308,55,253
E00082520,303,65,238
E00082521,299,71,228
E00082522,294,58,236
E00082523,291,70,221
E00082524,501,126,375
E00082525,299,68,231
E00082526,255,23,232
E00082527,432,85,347
E00082529,272,35,237
E00082530,259,35,224
E00082533,295,57,238
E00082534,261,49,212
E00082535,307,43,264
E00082536,383,71,312
E00082537,357,75,282
E00082538,321,52,269
E00082539,278,52,226
E00082540,325,61,264
E00082541,285,49,236
E00082542,333,78,255
E00082544,200,21,179
E00082545,273,42,231
E00082546,298,38,260
E00082547,304,36,268
E00082548,269,31,238
E00082549,318,61,257
E00082550,462,76,386
E00082551,279,32,247
E00082552,373,69,304
E00082553,430,83,347
E00082554,310,61,249
E00082555,283,50,233
E00082556,224,24,200
E00082557,257,43,214
E00082558,249,41,208
E00082559,173,4,169
E00082560,330,65,265
E00082561,398,60,338
E00082562,370,72,298
E00082563,307,54,253
E00082564,292,43,249
E00082565,418,50,368
E00082566,287,35,252
E00082567,238,21,217
E00082568,251,21,230
E00082569,324,39,285
E00082571,271,20,251
E00082573,147,10,137
E00082575,182,11,171
E00082576,348,45,303
E00082577,269,41,228
E00082578,211,25,186
E00082579,332,75,257
E00082580,272,44,228
E00082581,283,49,234
E00082582,330,63,267
E00082583,297,51,246
E00082584,315,60,255
E00082585,260,53,207
E00082586,296,57,239
E00082587,269,29,240
E00082588,248,49,199
E00082589,336,58,278
E00082590,341,50,291
E00082592,228,24,204
E00082593,230,24,206
E00082594,239,18,221
E00082595,216,17,199
E00082596,307,34,273
E00082597,267,34,233
E00082598,291,36,255
E00082599,237,35,202
E00082600,292,46,246
E00082601,234,31,203
E00082602,385,58,327
E00082603,288,36,252
E00082604,313,41,272
E00082605,249,22,227
E00082606,294,44,250
E00082608,328,54,274
E00082610,517,129,388
E00082612,356,57,299
E00082613,313,43,270
E00082615,223,25,198
E00082616,412,51,361
E00082617,428,98,330
E00082619,445,48,397
E00082620,310,52,258
E00082621,298,48,250
E00082623,302,43,259
E00082624,391,75,316
E00082625,277,43,234
E00082626,383,64,319
E00082627,403,69,334
E00082628,299,61,238
E00082629,215,28,187
E00082630,282,36,246
E00082631,316,54,262
E00082632,396,76,320
E00082634,387,80,307
E00082635,385,63,322
E00082636,385,77,308
E00082637,348,93,255
E00082638,287,50,237
E00082639,245,55,190
E00082640,334,59,275
E00082641,308,59,249
E00082642,236,41,195
E00082643,282,20,262
E00082644,271,64,207
E00082645,321,70,251
E00082646,347,70,277
E00082647,347,44,303
E00082648,343,52,291
E00082649,346,74,272
E00082650,360,65,295
E00082651,368,86,282
E00082652,324,76,248
E00082654,371,90,281
E00082655,350,81,269
E00082656,320,47,273
E00082657,521,147,374
E00082658,272,56,216
E00082659,338,63,275
E00082661,256,29,227
E00082662,260,58,202
E00082663,217,34,183
E00082664,269,46,223
E00082665,287,68,219
E00082666,255,47,208
E00082667,292,58,234
E00082668,320,57,263
E00082669,363,71,292
E00082670,324,95,229
E00082671,327,38,289
E00082672,258,34,224
E00082673,245,39,206
E00082674,257,29,228
E00082675,301,65,236
E00082676,360,34,326
E00082677,292,49,243
E00082678,274,64,210
E00082679,234,35,199
E00082680,248,31,217
E00082681,245,33,212
E00082682,225,45,180
E00082683,270,31,239
E00082684,228,33,195
E00082685,207,17,190
E00082686,262,64,198
E00082687,265,31,234
E00082689,442,124,318
E00082690,327,60,267
E00082691,283,84,199
E00082692,387,93,294
E00082693,351,99,252
E00082694,345,85,260
E00082695,395,100,295
E00082696,398,86,312
E00082697,433,106,327
E00082698,287,45,242
E00082699,320,61,259
E00082700,358,88,270
E00082702,289,64,225
E00082703,384,130,254
E00082704,345,94,251
E00082705,337,60,277
E00082706,296,73,223
E00082707,337,104,233
E00082708,380,134,246
E00082709,325,86,239
E00082710,359,85,274
E00082711,367,88,279
E00082712,347,104,243
E00082713,291,36,255
E00082714,343,75,268
E00082715,283,63,220
E00082717,378,73,305
E00082718,310,49,261
E00082719,494,117,377
E00082721,246,33,213
E00082722,378,48,330
E00082724,341,67,274
E00082726,316,74,242
E00082727,342,46,296
E00082728,389,63,326
E00082729,284,41,243
E00082730,348,80,268
E00082731,309,67,242
E00082732,271,69,202
E00082733,303,67,236
E00082734,285,48,237
E00082735,256,38,218
E00082736,353,71,282
E00082737,364,80,284
E00082738,386,96,290
E00082739,305,57,248
E00082740,502,110,392
E00082741,431,118,313
E00082742,273,70,203
E00082743,350,70,280
E00082744,304,51,253
E00082745,310,59,251
E00082746,318,58,260
E00082747,294,52,242
E00082748,284,57,227
E00082749,315,61,254
E00082750,270,63,207
E00082751,318,71,247
E00082752,366,48,318
E00082753,325,78,247
E00082754,293,46,247
E00082755,429,85,344
E00082756,300,67,233
E00082757,370,75,295
E00082758,384,112,272
E00082759,325,70,255
E00082760,285,42,243
E00082761,338,56,282
E00082762,335,83,252
E00082763,322,69,253
E00082764,331,82,249
E00082765,395,99,296
E00082766,397,83,314
E00082767,305,50,255
E00082768,342,64,278
E00082769,229,37,192
E00082770,293,45,248
E00082771,391,55,336
E00082772,313,68,245
E00082773,319,81,238
E00082774,308,57,251
E00082775,278,61,217
E00082776,313,63,250
E00082777,271,45,226
E00082778,294,64,230
E00082779,269,42,227
E00082780,284,49,235
E00082781,316,66,250
E00082782,448,121,327
E00082783,227,25,202
E00082784,189,22,167
E00082785,326,40,286
E00082786,356,49,307
E00082787,337,29,308
E00082788,239,50,189
E00082789,325,54,271
E00082790,369,38,331
E00082791,147,19,128
E00082792,355,45,310
E00082793,287,53,234
E00082794,403,63,340
E00082795,384,93,291
E00082796,244,53,191
E00082797,341,48,293
E00082798,502,103,399
E00082799,412,104,308
E00082800,357,72,285
E00082801,218,52,166
E00082802,294,70,224
E00082803,265,29,236
E00082804,291,50,241
E00082805,280,49,231
E00082806,296,44,252
E00082807,294,104,190
E00082808,393,138,255
E00082809,278,34,244
E00082810,342,59,283
E00082811,255,46,209
E00082812,226,29,197
E00082813,219,28,191
E00082814,315,59,256
E00082815,337,53,284
E00082816,367,81,286
E00082818,174,22,152
E00082819,323,76,247
E00082820,299,45,254
E00082821,326,83,243
E00082823,250,57,193
E00082824,262,67,195
E00082825,252,78,174
E00082826,298,82,216
E00082827,367,110,257
E00082828,276,45,231
E00082830,314,75,239
E00082831,402,135,267
E00082832,186,30,156
E00082833,325,51,274
E00082834,291,71,220
E00082835,242,44,198
E00082836,293,54,239
E00082837,335,73,262
E00082838,263,30,233
E00082839,225,34,191
E00082840,339,76,263
E00082841,301,65,236
E00082842,371,76,295
E00082843,286,74,212
E00082844,302,53,249
E00082845,376,95,281
E00082846,312,71,241
E00082847,279,58,221
E00082848,253,41,212
E00082849,331,113,218
E00082850,346,155,191
E00082851,302,75,227
E00082853,434,131,303
E00082854,274,63,211
E00082855,296,72,224
E00082856,404,133,271
E00082857,429,209,220
E00082858,364,171,193
E00082859,410,129,281
E00082860,333,191,142
E00082862,336,96,240
E00082863,326,123,203
E00082864,317,82,235
E00082865,395,141,254
E00082866,275,65,210
E00082867,400,106,294
E00082868,309,56,253
E00082869,328,78,250
E00082870,511,140,371
E00082871,443,84,359
E00082872,318,65,253
E00082873,360,82,278
E00082874,431,93,338
E00082875,445,198,247
E00082876,349,74,275
E00082877,335,77,258
E00082878,333,59,274
E00082879,392,83,309
E00082880,311,70,241
E00082881,337,82,255
E00082882,421,79,342
E00082883,328,63,265
E00082884,390,77,313
E00082885,317,55,262
E00082886,384,68,316
E00082888,324,56,268
E00082889,310,59,251
E00082890,284,39,245
E00082891,322,66,256
E00082892,297,62,235
E00082893,348,85,263
E00082894,351,81,270
E00082895,279,48,231
E00082896,332,70,262
E00082897,270,63,207
E00082898,279,59,220
E00082899,231,42,189
E00082900,300,62,238
E00082901,254,44,210
E00082902,281,49,232
E00082903,133,8,125
E00082904,355,76,279
E00082905,279,48,231
E00082906,315,104,211
E00082907,398,84,314
E00082908,343,62,281
E00082909,322,161,161
E00082910,340,169,171
E00082911,325,71,254
E00082912,287,78,209
E00082913,324,102,222
E00082914,280,87,193
E00082915,399,65,334
E00082916,349,48,301
E00082917,291,80,211
E00082918,419,242,177
E00082919,362,150,212
E00082920,261,81,180
E00082921,346,115,231
E00082922,525,366,159
E00082923,399,251,148
E00082924,276,106,170
E00082925,286,73,213
E00082926,438,293,145
E00082927,290,119,171
E00082928,417,293,124
E00082929,253,129,124
E00082930,259,125,134
E00082932,245,57,188
E00082933,387,176,211
E00082934,313,83,230
E00082935,317,69,248
E00082936,285,48,237
E00082937,304,43,261
E00082938,297,39,258
E00082939,405,59,346
E00082940,312,37,275
E00082941,310,90,220
E00082942,282,84,198
E00082943,169,30,139
E00082944,287,81,206
E00082945,246,55,191
E00082946,268,49,219
E00082947,378,80,298
E00082948,292,82,210
E00082949,305,69,236
E00082950,292,61,231
E00082951,323,58,265
E00082952,313,71,242
E00082953,318,74,244
E00082954,305,60,245
E00082955,292,63,229
E00082956,300,69,231
E00082957,301,92,209
E00082958,326,53,273
E00082959,432,86,346
E00082960,245,37,208
E00082961,324,58,266
E00082962,281,28,253
E00082963,321,65,256
E00082964,394,73,321
E00082965,408,173,235
E00082966,321,46,275
E00082967,298,66,232
E00082968,348,81,267
E00082969,389,92,297
E00082970,340,88,252
E00082971,308,48,260
E00082972,361,92,269
E00082973,204,23,181
E00082974,338,90,248
E00082975,307,69,238
E00082976,401,119,282
E00082977,421,126,295
E00082978,397,108,289
E00082979,311,70,241
E00082980,260,48,212
E00082981,284,66,218
E00082982,284,54,230
E00082983,348,85,263
E00082984,282,54,228
E00082985,421,121,300
E00082986,344,74,270
E00082987,345,81,264
E00082988,344,72,272
E00082989,335,81,254
E00082990,352,87,265
E00082991,316,65,251
E00082992,315,66,249
E00082993,425,81,344
E00082994,303,56,247
E00082995,208,50,158
E00082996,227,41,186
E00082997,317,80,237
E00082998,365,64,301
E00082999,339,60,279
E00083000,302,53,249
E00083001,266,38,228
E00083002,218,26,192
E00083003,361,97,264
E00083004,344,65,279
E00083005,301,60,241
E00083006,437,110,327
E00083007,245,46,199
E00083008,386,112,274
E00083009,327,65,262
E00083010,335,78,257
E00083011,288,49,239
E00083012,281,61,220
E00083013,194,20,174
E00083014,322,56,266
E00083015,348,67,281
E00083016,312,65,247
E00083017,310,69,241
E00083018,297,59,238
E00083019,349,80,269
E00083020,312,53,259
E00083021,253,37,216
E00083022,469,86,383
E00083023,240,31,209
E00083025,361,94,267
E00083026,294,65,229
E00083027,407,91,316
E00083028,315,61,254
E00083029,350,79,271
E00083031,308,54,254
E00083032,303,47,256
E00083033,395,78,317
E00083034,309,63,246
E00083035,264,78,186
E00083036,280,56,224
E00083037,305,69,236
E00083038,349,98,251
E00083039,332,73,259
E00083040,323,62,261
E00083041,288,70,218
E00083042,366,93,273
E00083043,275,74,201
E00083044,315,78,237
E00083045,317,91,226
E00083046,300,74,226
E00083047,372,104,268
E00083048,326,67,259
E00083049,319,91,228
E00083050,385,106,279
E00083051,249,60,189
E00083052,375,78,297
E00083053,436,140,296
E00083054,429,133,296
E00083056,435,121,314
E00083057,378,116,262
E00083058,500,148,352
E00083059,404,99,305
E00083060,420,107,313
E00083061,405,98,307
E00083062,499,131,368
E00083063,399,104,295
E00083065,408,122,286
E00083066,472,137,335
E00083067,418,126,292
E00083068,492,162,330
E00083069,445,155,290
E00083070,460,156,304
E00083071,339,88,251
E00083073,372,119,253
E00083074,369,100,269
E00083075,476,138,338
E00083076,405,126,279
E00083077,395,105,290
E00083078,434,138,296
E00083079,368,107,261
E00083080,304,67,237
E00083082,328,78,250
E00083083,247,86,161
E00083084,304,87,217
E00083085,360,89,271
E00083086,389,130,259
E00083087,289,81,208
E00083088,332,103,229
E00083089,335,95,240
E00083090,376,115,261
E00083091,428,126,302
E00083092,373,108,265
E00083093,291,95,196
E00083094,355,123,232
E00083095,324,82,242
E00083096,324,108,216
E00083097,280,62,218
E00083098,283,72,211
E00083099,376,143,233
E00083100,299,82,217
E00083101,349,122,227
E00083102,262,63,199
E00083103,363,106,257
E00083104,312,90,222
E00083105,341,86,255
E00083106,335,83,252
E00083108,518,169,349
E00083109,469,114,355
E00083110,434,121,313
E00083112,410,108,302
E00083113,373,99,274
E00083114,314,66,248
E00083115,532,133,399
E00083116,434,124,310
E00083117,520,103,417
E00083120,427,108,319
E00083121,534,163,371
E00083122,359,86,273
E00083123,248,45,203
E00083124,537,140,397
E00083125,380,75,305
E00083127,379,78,301
E00083128,549,122,427
E00083129,447,111,336
E00083130,392,111,281
E00083132,497,148,349
E00083134,516,148,368
E00083139,428,105,323
E00083141,428,110,318
E00083142,581,190,391
E00083144,327,74,253
E00083145,489,144,345
E00083146,544,173,371
E00083148,421,105,316
E00083150,331,83,248
E00083151,412,106,306
E00083153,416,123,293
E00083154,307,74,233
E00083155,354,70,284
E00083156,287,69,218
E00083157,396,108,288
E00083158,308,74,234
E00083159,322,65,257
E00083160,352,103,249
E00083162,332,69,263
E00083163,274,62,212
E00083164,351,100,251
E00083165,345,91,254
E00083166,329,80,249
E00083167,366,90,276
E00083168,425,110,315
E00083169,314,81,233
E00083170,396,94,302
E00083171,262,59,203
E00083172,377,91,286
E00083173,488,143,345
E00083174,325,83,242
E00083175,307,64,243
E00083176,307,70,237
E00083177,429,126,303
E00083178,363,93,270
E00083179,353,88,265
E00083180,350,94,256
E00083181,322,70,252
E00083182,264,39,225
E00083183,324,80,244
E00083184,212,48,164
E00083185,313,86,227
E00083186,374,101,273
E00083187,443,108,335
E00083188,365,97,268
E00083189,401,115,286
E00083192,270,60,210
E00083193,281,70,211
E00083194,414,117,297
E00083195,456,118,338
E00083196,334,93,241
E00083197,312,71,241
E00083198,219,20,199
E00083199,333,81,252
E00083200,270,73,197
E00083202,275,64,211
E00083203,537,134,403
E00083204,387,96,291
E00083205,310,72,238
E00083207,241,42,199
E00083208,271,60,211
E00083209,311,82,229
E00083210,225,44,181
E00083211,364,99,265
E00083212,280,68,212
E00083213,488,134,354
E00083214,376,110,266
E00083215,236,37,199
E00083216,376,93,283
E00083217,333,86,247
E00083218,455,124,331
E00083219,330,88,242
E00083220,394,96,298
E00083221,249,31,218
E00083222,292,72,220
E00083223,345,109,236
E00083224,226,36,190
E00083225,354,78,276
E00083226,328,65,263
E00083227,410,82,328
E00083228,247,36,211
E00083229,278,47,231
E00083230,329,54,275
E00083231,377,106,271
E00083232,313,73,240
E00083233,390,95,295
E00083234,308,82,226
E00083235,403,116,287
E00083236,511,143,368
E00083237,338,92,246
E00083238,480,146,334
E00083239,381,103,278
E00083240,293,81,212
E00083241,402,109,293
E00083242,276,75,201
E00083243,317,82,235
E00083244,495,146,349
E00083245,455,102,353
E00083246,517,128,389
E00083247,490,169,321
E00083248,430,120,310
E00083249,339,70,269
E00083250,270,57,213
E00083251,513,165,348
E00083252,489,96,393
E00083253,502,89,413
E00083254,393,90,303
E00083255,473,111,362
E00083256,346,78,268
E00083257,301,66,235
E00083258,348,100,248
E00083259,337,83,254
E00083260,416,124,292
E00083261,370,89,281
E00083262,330,69,261
E00083263,344,90,254
E00083264,346,73,273
E00083265,278,63,215
E00083266,308,54,254
E00083267,332,90,242
E00083268,323,75,248
E00083269,372,95,277
E00083270,219,66,153
E00083271,317,83,234
E00083272,335,115,220
E00083273,274,70,204
E00083274,257,39,218
E00083275,334,77,257
E00083276,518,132,386
E00083278,169,46,123
E00083279,361,88,273
E00083280,521,147,374
E00083281,285,93,192
E00083282,204,30,174
E00083283,301,68,233
E00083284,345,80,265
E00083285,326,60,266
E00083286,193,17,176
E00083287,241,34,207
E00083288,286,78,208
E00083289,325,58,267
E00083290,269,82,187
E00083291,308,82,226
E00083292,318,74,244
E00083293,372,80,292
E00083294,261,60,201
E00083295,199,36,163
E00083296,355,84,271
E00083297,307,75,232
E00083298,418,127,291
E00083299,310,54,256
E00083300,353,65,288
E00083301,233,59,174
E00083302,376,84,292
E00083303,275,50,225
E00083304,199,31,168
E00083305,277,52,225
E00083306,285,70,215
E00083307,292,68,224
E00083308,364,98,266
E00083309,299,68,231
E00083310,405,83,322
E00083311,249,49,200
E00083312,372,96,276
E00083313,455,71,384
E00083314,393,128,265
E00083315,398,99,299
E00083316,353,98,255
E00083317,334,101,233
E00083318,350,96,254
E00083319,289,50,239
E00083320,362,104,258
E00083321,359,100,259
E00083322,297,79,218
E00083323,408,136,272
E00083324,344,105,239
E00083325,316,84,232
E00083326,353,84,269
E00083327,292,76,216
E00083328,307,83,224
E00083329,458,103,355
E00083330,390,115,275
E00083331,318,103,215
E00083332,308,75,233
E00083333,473,119,354
E00083334,242,45,197
E00083335,365,97,268
E00083337,281,66,215
E00083338,219,40,179
E00083339,205,37,168
E00083340,282,60,222
E00083342,277,59,218
E00083343,337,78,259
E00083344,280,62,218
E00083345,332,96,236
E00083347,338,75,263
E00083348,485,120,365
E00083349,331,77,254
E00083350,389,130,259
E00083351,355,78,277
E00083352,275,91,184
E00083353,421,94,327
E00083354,259,56,203
E00083356,366,98,268
E00083357,396,73,323
E00083358,344,70,274
E00083359,332,65,267
E00083360,336,97,239
E00083362,371,74,297
E00083363,355,78,277
E00083364,261,39,222
E00083367,460,86,374
E00083368,304,75,229
E00083369,424,111,313
E00083370,283,47,236
E00083371,293,41,252
E00083372,396,81,315
E00083373,395,80,315
E00083374,305,50,255
E00083375,328,60,268
E00083376,183,25,158
E00083378,343,51,292
E00083379,375,102,273
E00083380,275,69,206
E00083381,293,57,236
E00083382,394,95,299
E00083383,413,104,309
E00083384,401,102,299
E00083386,394,106,288
E00083387,394,125,269
E00083388,518,154,364
E00083389,438,141,297
E00083390,462,125,337
E00083391,296,64,232
E00083392,331,81,250
E00083393,257,58,199
E00083394,458,126,332
E00083395,382,93,289
E00083396,520,175,345
E00083397,422,108,314
E00083398,496,138,358
E00083399,381,90,291
E00083400,458,110,348
E00083401,490,141,349
E00083402,339,80,259
E00083403,201,33,168
E00083404,357,95,262
E00083406,366,115,251
E00083407,431,118,313
E00083408,398,121,277
E00083409,329,77,252
E00083410,511,132,379
E00083411,285,68,217
E00083412,448,135,313
E00083413,296,58,238
E00083414,286,67,219
E00083415,431,147,284
E00083416,404,95,309
E00083417,443,82,361
E00083418,278,55,223
E00083419,416,63,353
E00083420,368,118,250
E00083421,242,45,197
E00083422,438,124,314
E00083423,164,36,128
E00083424,318,80,238
E00083425,307,66,241
E00083426,455,107,348
E00083427,301,75,226
E00083429,407,96,311
E00083430,340,55,285
E00083431,283,42,241
E00083432,341,38,303
E00083433,343,67,276
E00083434,384,97,287
E00083435,401,62,339
E00083436,327,67,260
E00083437,266,47,219
E00083438,289,53,236
E00083439,353,53,300
E00083440,280,45,235
E00083441,514,97,417
E00083442,476,137,339
E00083443,294,54,240
E00083444,364,82,282
E00083445,280,59,221
E00083446,328,86,242
E00083447,338,50,288
E00083448,357,73,284
E00083449,361,55,306
E00083450,290,56,234
E00083451,307,70,237
E00083452,255,48,207
E00083453,317,39,278
E00083454,251,22,229
E00083455,304,42,262
E00083456,327,59,268
E00083457,157,22,135
E00083458,403,67,336
E00083459,125,22,103
E00083460,309,55,254
E00083461,313,59,254
E00083462,224,36,188
E00083463,265,30,235
E00083464,326,60,266
E00083465,322,64,258
E00083466,404,83,321
E00083467,339,63,276
E00083468,252,52,200
E00083469,314,76,238
E00083470,186,24,162
E00083471,355,47,308
E00083472,323,49,274
E00083473,347,82,265
E00083474,356,67,289
E00083475,308,56,252
E00083476,203,21,182
E00083477,254,50,204
E00083478,389,91,298
E00083480,328,60,268
E00083481,373,81,292
E00083482,440,115,325
E00083483,348,89,259
E00083484,270,58,212
E00083485,294,59,235
E00083486,347,82,265
E00083487,276,49,227
E00083488,208,21,187
E00083489,285,47,238
E00083490,318,56,262
E00083491,445,60,385
E00083492,348,86,262
E00083493,326,52,274
E00083494,283,58,225
E00083495,333,64,269
E00083496,332,70,262
E00083497,210,36,174
E00083498,274,60,214
E00083499,343,57,286
E00083500,274,46,228
E00083501,125,27,98
E00083502,232,38,194
E00083503,348,40,308
E00083504,392,84,308
E00083505,396,71,325
E00083506,462,89,373
E00083507,317,50,267
E00083508,287,61,226
E00083509,323,72,251
E00083510,342,77,265
E00083511,226,39,187
E00083512,361,76,285
E00083513,245,41,204
E00083514,326,79,247
E00083515,284,48,236
E00083516,320,60,260
E00083517,265,48,217
E00083518,243,39,204
E00083519,289,58,231
E00083520,285,47,238
E00083521,511,249,262
E00083522,217,38,179
E00083523,273,40,233
E00083524,256,45,211
E00083525,284,22,262
E00083526,241,28,213
E00083527,261,38,223
E00083528,247,31,216
E00083529,297,52,245
E00083530,360,63,297
E00083531,167,12,155
E00083532,338,41,297
E00083533,551,51,500
E00083534,348,34,314
E00083535,262,37,225
E00083536,255,43,212
E00083537,265,35,230
E00083538,289,46,243
E00083539,262,48,214
E00083540,248,47,201
E00083541,232,28,204
E00083542,274,29,245
E00083543,273,42,231
E00083544,282,59,223
E00083545,245,44,201
E00083546,258,43,215
E00083547,329,34,295
E00083548,503,106,397
E00083549,460,83,377
E00083550,312,62,250
E00083551,301,63,238
E00083552,263,41,222
E00083553,290,51,239
E00083554,322,69,253
E00083555,370,38,332
E00083556,405,104,301
E00083557,237,43,194
E00083558,341,68,273
E00083559,243,16,227
E00083560,259,57,202
E00083561,295,67,228
E00083562,527,91,436
E00083563,380,72,308
E00083564,280,44,236
E00083565,305,55,250
E00083566,295,39,256
E00083567,338,64,274
E00083568,292,50,242
E00083569,282,63,219
E00083570,278,43,235
E00083571,358,90,268
E00083572,353,53,300
E00083573,387,86,301
E00083574,266,76,190
E00083575,335,70,265
E00083576,349,63,286
E00083577,221,44,177
E00083578,424,69,355
E00083579,309,66,243
E00083580,345,85,260
E00083581,289,50,239
E00083582,298,49,249
E00083583,301,63,238
E00083584,282,37,245
E00083585,283,98,185
E00083586,199,44,155
E00083587,343,14,329
E00083588,269,54,215
E00083589,213,41,172
E00083590,298,74,224
E00083591,294,63,231
E00083592,272,44,228
E00083593,238,31,207
E00083594,242,44,198
E00083595,373,71,302
E00083596,241,39,202
E00083597,246,42,204
E00083598,283,41,242
E00083599,323,65,258
E00083600,339,69,270
E00083601,247,53,194
E00083602,323,66,257
E00083603,319,95,224
E00083604,348,88,260
E00083605,244,56,188
E00083606,323,71,252
E00083607,279,61,218
E00083608,304,51,253
E00083609,451,102,349
E00083610,380,90,290
E00083611,308,60,248
E00083612,338,81,257
E00083613,326,56,270
E00083614,321,62,259
E00083615,374,86,288
E00083616,272,53,219
E00083617,319,59,260
E00083618,429,115,314
E00083619,312,54,258
E00083620,334,64,270
E00083621,291,56,235
E00083622,288,56,232
E00083623,319,68,251
E00083624,273,57,216
E00083625,348,72,276
E00083626,337,57,280
E00083627,327,52,275
E00083628,250,39,211
E00083629,307,59,248
E00083630,367,86,281
E00083631,298,51,247
E00083632,364,75,289
E00083633,330,60,270
E00083634,315,68,247
E00083635,280,46,234
E00083636,298,56,242
E00083637,270,41,229
E00083638,336,64,272
E00083639,212,40,172
E00083640,246,46,200
E00083641,315,47,268
E00083642,363,69,294
E00083643,255,51,204
E00083644,120,14,106
E00083645,159,9,150
E00083647,282,27,255
E00083648,300,50,250
E00083650,244,28,216
E00083651,252,30,222
E00083652,286,53,233
E00083653,322,72,250
E00083654,333,48,285
E00083655,210,28,182
E00083656,291,45,246
E00083657,279,55,224
E00083658,289,47,242
E00083659,358,88,270
E00083660,342,73,269
E00083661,401,81,320
E00083662,392,104,288
E00083663,285,56,229
E00083664,306,70,236
E00083665,289,60,229
E00083666,407,110,297
E00083667,348,65,283
E00083668,368,84,284
E00083670,335,80,255
E00083671,370,80,290
E00083672,276,68,208
E00083673,378,71,307
E00083674,267,64,203
E00083675,345,77,268
E00083676,233,56,177
E00083677,274,24,250
E00083678,312,64,248
E00083679,276,36,240
E00083680,326,63,263
E00083681,450,71,379
E00083682,353,59,294
E00083683,403,73,330
E00083684,253,42,211
E00083685,395,43,352
E00083686,414,70,344
E00083687,362,59,303
E00083688,430,74,356
E00083689,382,78,304
E00083690,229,29,200
E00083691,292,40,252
E00083692,393,65,328
E00083693,317,47,270
E00083694,313,47,266
E00083695,224,38,186
E00083696,217,41,176
E00083697,200,29,171
E00083698,348,52,296
E00083699,319,68,251
E00083700,345,82,263
E00083701,268,26,242
E00083702,151,28,123
E00083703,420,74,346
E00083704,248,39,209
E00083705,295,66,229
E00083706,229,39,190
E00083707,382,85,297
E00083708,439,71,368
E00083709,378,78,300
E00083710,352,75,277
E00083711,300,52,248
E00083712,241,52,189
E00083713,302,57,245
E00083714,277,51,226
E00083715,296,43,253
E00083716,223,23,200
E00083717,311,55,256
E00083718,407,79,328
E00083719,396,112,284
E00083720,342,59,283
E00083721,370,45,325
E00083722,356,63,293
E00083723,301,34,267
E00083724,273,45,228
E00083725,329,52,277
E00083726,367,87,280
E00083727,296,52,244
E00083728,313,57,256
E00083729,402,94,308
E00083730,334,54,280
E00083731,290,27,263
E00083732,253,21,232
E00083735,275,45,230
E00083736,301,36,265
E00083737,234,19,215
E00083738,231,53,178
E00083739,337,101,236
E00083740,336,68,268
E00083741,305,59,246
E00083742,327,71,256
E00083743,292,42,250
E00083744,428,97,331
E00083745,333,66,267
E00083746,321,53,268
E00083747,352,73,279
E00083748,325,57,268
E00083749,415,64,351
E00083750,347,42,305
E00083751,329,55,274
E00083752,243,33,210
E00083753,180,21,159
E00083754,248,50,198
E00083755,309,46,263
E00083756,307,69,238
E00083757,482,103,379
E00083758,469,96,373
E00083760,409,99,310
E00083761,354,80,274
E00083762,342,47,295
E00083763,442,64,378
E00083764,390,66,324
E00083765,328,70,258
E00083766,345,60,285
E00083769,317,59,258
E00083772,304,56,248
E00083773,450,88,362
E00083774,339,76,263
E00083775,285,40,245
E00083776,345,83,262
E00083777,226,28,198
E00083778,326,74,252
E00083779,389,95,294
E00083780,316,59,257
E00083781,294,57,237
E00083782,346,90,256
E00083783,363,84,279
E00083784,379,105,274
E00083785,410,78,332
E00083786,272,30,242
E00083787,332,64,268
E00083788,335,56,279
E00083789,287,65,222
E00083790,372,89,283
E00083791,357,82,275
E00083792,332,65,267
E00083793,219,27,192
E00083794,313,56,257
E00083795,291,56,235
E00083796,334,68,266
E00083797,330,79,251
E00083798,305,65,240
E00083799,296,68,228
E00083800,411,105,306
E00083801,263,30,233
E00083802,252,52,200
E00083803,355,92,263
E00083804,347,73,274
E00083805,280,50,230
E00083806,335,88,247
E00083807,346,54,292
E00083808,412,74,338
E00083809,166,23,143
E00083810,279,56,223
E00083811,342,80,262
E00083812,363,97,266
E00083813,288,55,233
E00083814,276,67,209
E00083815,377,85,292
E00083816,314,79,235
E00083817,288,37,251
E00083818,302,69,233
E00083819,291,65,226
E00083820,274,66,208
E00083821,267,71,196
E00083822,297,61,236
E00083823,486,73,413
E00083824,299,36,263
E00083827,305,58,247
E00083828,352,78,274
E00083829,267,60,207
E00083830,414,72,342
E00083831,317,77,240
E00083832,370,73,297
E00083833,288,64,224
E00083834,191,32,159
E00083835,403,128,275
E00083836,371,75,296
E00083837,426,95,331
E00083838,320,72,248
E00083839,356,75,281
E00083840,326,89,237
E00083841,315,43,272
E00083842,275,56,219
E00083843,279,48,231
E00083844,294,52,242
E00083845,314,66,248
E00083846,298,66,232
E00083847,263,34,229
E00083848,337,76,261
E00083850,334,62,272
E00083851,332,62,270
E00083852,344,86,258
E00083853,352,64,288
E00083854,286,62,224
E00083855,259,40,219
E00083856,305,63,242
E00083857,294,66,228
E00083858,324,58,266
E00083860,392,95,297
E00083864,269,70,199
E00083865,249,52,197
E00083866,262,43,219
E00083867,262,56,206
E00083868,256,53,203
E00083869,222,39,183
E00083870,403,74,329
E00083871,477,117,360
E00083872,339,65,274
E00083875,383,94,289
E00083876,396,77,319
E00083877,371,76,295
E00083878,348,64,284
E00083879,365,79,286
E00083880,353,88,265
E00083881,344,64,280
E00083882,351,81,270
E00083883,119,29,90
E00083884,389,94,295
E00083885,405,82,323
E00083886,337,68,269
E00083887,318,71,247
E00083889,300,63,237
E00083890,227,34,193
E00083891,317,68,249
E00083892,359,91,268
E00083893,257,57,200
E00083894,279,34,245
E00083895,218,39,179
E00083896,344,69,275
E00083897,326,44,282
E00083898,391,70,321
E00083899,272,58,214
E00083900,295,39,256
E00083901,312,58,254
E00083902,393,87,306
E00083903,550,106,444
E00083904,234,49,185
E00083905,259,75,184
E00083906,368,83,285
E00083907,371,92,279
E00083908,253,72,181
E00083909,263,69,194
E00083910,261,46,215
E00083911,304,57,247
E00083912,305,66,239
E00083913,321,58,263
E00083914,286,55,231
E00083915,325,76,249
E00083916,301,67,234
E00083917,335,63,272
E00083918,364,81,283
E00083919,276,53,223
E00083920,325,75,250
E00083921,283,47,236
E00083922,281,65,216
E00083923,273,42,231
E00083924,264,67,197
E00083925,245,33,212
E00083926,288,56,232
E00083927,340,63,277
E00083929,329,64,265
E00083930,338,73,265
E00083931,471,99,372
E00083932,277,44,233
E00083933,314,72,242
E00083934,526,109,417
E00083935,339,67,272
E00083936,523,142,381
E00083937,341,61,280
E00083938,389,79,310
E00083940,291,61,230
E00083941,325,77,248
E00083942,327,70,257
E00083943,378,53,325
E00083944,300,56,244
E00083945,342,59,283
E00083946,276,57,219
E00083947,323,39,284
E00083948,351,75,276
E00083949,352,76,276
E00083950,321,55,266
E00083951,308,50,258
E00083952,395,80,315
E00083953,266,50,216
E00083954,308,69,239
E00083955,340,79,261
E00083956,366,81,285
E00083957,403,78,325
E00083958,316,61,255
E00083959,326,76,250
E00083960,344,78,266
E00083961,247,47,200
E00083963,288,46,242
E00083965,221,48,173
E00083966,263,27,236
E00083967,315,60,255
E00083968,332,72,260
E00083969,342,65,277
E00083970,290,55,235
E00083971,340,77,263
E00083972,427,103,324
E00083973,208,54,154
E00083974,345,80,265
E00083975,280,62,218
E00083976,289,55,234
E00083977,345,90,255
E00083978,322,68,254
E00083979,238,42,196
E00083980,319,77,242
E00083981,319,55,264
E00083982,381,72,309
E00083983,309,53,256
E00083984,266,53,213
E00083985,390,65,325
E00083986,298,60,238
E00083987,325,70,255
E00083988,343,87,256
E00083989,361,78,283
E00083990,362,72,290
E00083991,305,58,247
E00083992,377,80,297
E00083993,336,55,281
E00083994,338,68,270
E00083995,441,119,322
E00083996,321,92,229
E00083997,312,54,258
E00083998,169,34,135
E00083999,283,75,208
E00084000,188,55,133
E00084002,306,57,249
E00084003,296,40,256
E00084004,376,70,306
E00084005,225,29,196
E00084006,329,57,272
E00084007,311,50,261
E00084008,391,85,306
E00084009,293,48,245
E00084010,302,70,232
E00084011,264,55,209
E00084012,316,74,242
E00084013,236,30,206
E00084014,307,55,252
E00084015,363,72,291
E00084016,370,74,296
E00084017,340,78,262
E00084018,244,57,187
E00084019,305,71,234
E00084020,278,70,208
E00084021,307,65,242
E00084022,234,34,200
E00084023,209,54,155
E00084024,265,65,200
E00084025,396,96,300
E00084026,308,75,233
E00084027,188,6,182
E00084028,251,36,215
E00084029,291,87,204
E00084031,150,13,137
E00084032,226,36,190
E00084033,266,58,208
E00084034,312,81,231
E00084035,232,38,194
E00084036,364,110,254
E00084037,291,67,224
E00084038,284,61,223
E00084039,308,65,243
E00084040,256,44,212
E00084041,260,39,221
E00084042,308,57,251
E00084043,325,71,254
E00084044,330,73,257
E00084045,261,38,223
E00084046,268,29,239
E00084047,233,40,193
E00084048,350,84,266
E00084049,413,87,326
E00084050,251,39,212
E00084051,304,67,237
E00084052,355,70,285
E00084053,270,53,217
E00084054,302,72,230
E00084055,267,50,217
E00084056,265,49,216
E00084057,327,77,250
E00084058,273,63,210
E00084059,343,72,271
E00084060,330,87,243
E00084061,299,68,231
E00084062,304,78,226
E00084063,334,80,254
E00084064,178,43,135
E00084065,334,63,271
E00084066,292,66,226
E00084067,298,48,250
E00084068,215,47,168
E00084069,372,65,307
E00084070,302,60,242
E00084071,320,53,267
E00084072,287,57,230
E00084073,366,91,275
E00084074,360,67,293
E00084075,264,65,199
E00084076,334,77,257
E00084077,185,32,153
E00084078,358,70,288
E00084079,353,94,259
E00084080,291,51,240
E00084081,315,54,261
E00084082,382,73,309
E00084083,314,53,261
E00084084,446,85,361
E00084085,297,40,257
E00084086,271,48,223
E00084087,349,91,258
E00084088,280,57,223
E00084089,233,44,189
E00084091,269,49,220
E00084092,235,33,202
E00084093,359,49,310
E00084094,275,54,221
E00084095,289,62,227
E00084096,431,104,327
E00084097,287,57,230
E00084098,309,55,254
E00084099,258,39,219
E00084100,330,70,260
E00084101,197,31,166
E00084102,230,40,190
E00084103,286,64,222
E00084104,284,95,189
E00084105,310,68,242
E00084106,306,67,239
E00084107,332,80,252
E00084108,343,77,266
E00084109,377,76,301
E00084110,301,68,233
E00084111,402,101,301
E00084112,294,79,215
E00084113,304,84,220
E00084114,398,105,293
E00084115,231,47,184
E00084116,356,99,257
E00084118,336,80,256
E00084119,275,52,223
E00084120,407,99,308
E00084121,386,108,278
E00084122,400,84,316
E00084123,230,53,177
E00084124,420,96,324
E00084125,338,78,260
E00084126,334,81,253
E00084127,300,65,235
E00084128,303,76,227
E00084129,289,81,208
E00084130,345,87,258
E00084131,308,66,242
E00084132,246,52,194
E00084133,304,80,224
E00084134,249,54,195
E00084135,400,25,375
E00084136,261,15,246
E00084137,428,78,350
E00084138,238,25,213
E00084139,280,42,238
E00084141,322,67,255
E00084142,223,57,166
E00084143,481,78,403
E00084144,359,52,307
E00084145,137,0,137
E00084146,294,70,224
E00084147,262,52,210
E00084148,391,68,323
E00084149,287,67,220
E00084151,298,55,243
E00084152,306,67,239
E00084153,325,43,282
E00084154,304,57,247
E00084155,321,63,258
E00084156,319,62,257
E00084158,267,109,158
E00084160,214,20,194
E00084161,252,39,213
E00084162,344,78,266
E00084163,237,52,185
E00084164,191,35,156
E00084165,296,45,251
E00084166,326,74,252
E00084167,123,13,110
E00084168,246,31,215
E00084169,315,48,267
E00084170,367,68,299
E00084171,281,49,232
E00084172,294,50,244
E00084173,208,40,168
E00084174,264,47,217
E00084175,334,83,251
E00084176,206,28,178
E00084177,203,39,164
E00084178,298,59,239
E00084179,298,59,239
E00084180,292,55,237
E00084181,308,72,236
E00084183,362,73,289
E00084184,360,84,276
E00084185,326,66,260
E00084186,344,64,280
E00084187,313,90,223
E00084189,299,55,244
E00084191,562,111,451
E00084195,308,58,250
E00084196,330,63,267
E00084197,274,40,234
E00084198,286,39,247
E00084199,272,46,226
E00084200,189,27,162
E00084201,424,86,338
E00084203,328,38,290
E00084204,412,60,352
E00084205,244,38,206
E00084206,280,58,222
E00084207,313,63,250
E00084208,310,63,247
E00084209,359,51,308
E00084210,463,84,379
E00084211,333,56,277
E00084212,374,75,299
E00084213,320,66,254
E00084214,318,53,265
E00084215,282,49,233
E00084216,291,57,234
E00084217,256,40,216
E00084218,308,65,243
E00084219,241,42,199
E00084221,267,38,229
E00084222,307,64,243
E00084223,174,31,143
E00084224,321,72,249
E00084225,246,37,209
E00084226,233,26,207
E00084227,279,53,226
E00084228,249,37,212
E00084229,273,47,226
E00084232,327,76,251
E00084233,327,52,275
E00084234,294,49,245
E00084235,341,60,281
E00084236,200,11,189
E00084237,252,39,213
E00084238,302,44,258
E00084239,339,82,257
E00084240,296,48,248
E00084241,425,120,305
E00084242,236,35,201
E00084243,305,57,248
E00084244,271,61,210
E00084245,267,46,221
E00084246,164,18,146
E00084247,298,55,243
E00084248,269,62,207
E00084249,292,63,229
E00084250,296,65,231
E00084251,241,53,188
E00084252,432,104,328
E00084253,350,95,255
E00084254,313,68,245
E00084255,200,18,182
E00084256,276,35,241
E00084257,291,39,252
E00084258,234,36,198
E00084259,349,99,250
E00084260,272,40,232
E00084261,288,67,221
E00084262,252,37,215
E00084263,314,61,253
E00084264,401,34,367
E00084266,367,85,282
E00084267,277,53,224
E00084268,267,35,232
E00084269,242,29,213
E00084270,293,37,256
E00084271,416,72,344
E00084272,261,43,218
E00084273,367,58,309
E00084274,315,62,253
E00084275,347,76,271
E00084276,339,95,244
E00084277,370,84,286
E00084278,314,54,260
E00084279,325,62,263
E00084280,241,55,186
E00084281,316,63,253
E00084282,410,81,329
E00084283,263,42,221
E00084284,421,105,316
E00084285,373,84,289
E00084286,308,78,230
E00084288,495,79,416
E00084289,332,77,255
E00084291,375,63,312
E00084292,304,69,235
E00084293,269,59,210
E00084294,387,73,314
E00084295,468,111,357
E00084296,355,68,287
E00084297,422,87,335
E00084298,380,54,326
E00084299,497,117,380
E00084300,439,94,345
E00084301,256,44,212
E00084302,284,33,251
E00084303,417,100,317
E00084304,305,69,236
E00084305,296,58,238
E00084306,291,47,244
E00084307,343,79,264
E00084308,310,58,252
E00084309,341,73,268
E00084310,255,33,222
E00084311,252,51,201
E00084312,326,75,251
E00084313,307,67,240
E00084314,543,227,316
E00084315,418,94,324
E00084316,454,62,392
E00084317,270,48,222
E00084318,434,86,348
E00084319,368,75,293
E00084320,291,55,236
E00084321,312,54,258
E00084322,316,66,250
E00084323,308,84,224
E00084324,342,70,272
E00084325,285,44,241
E00084326,301,39,262
E00084328,251,48,203
E00084329,324,62,262
E00084330,484,77,407
E00084331,167,14,153
E00084332,361,51,310
E00084333,342,65,277
E00084334,331,72,259
E00084336,456,102,354
E00084337,250,37,213
E00084338,287,39,248
E00084339,483,131,352
E00084340,352,50,302
E00084341,357,70,287
E00084342,449,116,333
E00084343,394,100,294
E00084344,324,85,239
E00084345,276,55,221
E00084347,319,45,274
E00084348,302,68,234
E00084349,388,91,297
E00084350,357,87,270
E00084351,294,54,240
E00084352,317,62,255
E00084353,405,69,336
E00084355,279,30,249
E00084356,273,46,227
E00084357,275,43,232
E00084358,301,45,256
E00084359,301,54,247
E00084360,279,40,239
E00084361,319,39,280
E00084362,345,50,295
E00084363,319,61,258
E00084364,361,64,297
E00084365,361,93,268
E00084366,310,81,229
E00084367,325,67,258
E00084368,291,80,211
E00084369,312,49,263
E00084370,271,46,225
E00084371,447,127,320
E00084372,247,43,204
E00084373,314,54,260
E00084374,277,55,222
E00084375,290,54,236
E00084376,344,62,282
E00084377,260,47,213
E00084378,369,109,260
E00084379,233,39,194
E00084380,296,64,232
E00084381,332,81,251
E00084382,267,39,228
E00084383,320,62,258
E00084384,264,55,209
E00084385,223,20,203
E00084386,330,64,266
E00084387,277,37,240
E00084388,242,33,209
E00084389,238,63,175
E00084390,383,94,289
E00084391,331,73,258
E00084392,326,60,266
E00084393,294,67,227
E00084394,378,105,273
E00084395,275,67,208
E00084396,411,103,308
E00084397,355,100,255
E00084398,317,97,220
E00084399,275,61,214
E00084400,331,77,254
E00084401,396,77,319
E00084402,402,91,311
E00084403,475,143,332
E00084404,376,90,286
E00084405,466,102,364
E00084406,414,124,290
E00084407,396,94,302
E00084408,351,91,260
E00084409,299,73,226
E00084410,343,83,260
E00084411,388,106,282
E00084412,343,84,259
E00084413,305,69,236
E00084414,390,95,295
E00084415,350,95,255
E00084416,370,87,283
E00084417,373,99,274
E00084418,393,94,299
E00084419,262,38,224
E00084420,324,81,243
E00084421,308,65,243
E00084422,279,53,226
E00084423,261,36,225
E00084424,286,59,227
E00084425,336,78,258
E00084426,368,80,288
E00084427,493,152,341
E00084428,344,76,268
E00084429,346,49,297
E00084430,433,128,305
E00084431,524,164,360
E00084432,420,127,293
E00084433,462,119,343
E00084434,478,131,347
E00084435,324,106,218
E00084436,325,81,244
E00084437,514,147,367
E00084438,410,116,294
E00084439,163,16,147
E00084443,220,26,194
E00084444,194,19,175
E00084445,346,54,292
E00084446,247,47,200
E00084447,432,73,359
E00084450,263,62,201
E00084451,287,50,237
E00084453,349,75,274
E00084454,343,29,314
E00084456,184,25,159
E00084457,278,40,238
E00084458,274,43,231
E00084459,372,78,294
E00084460,276,65,211
E00084461,306,42,264
E00084462,353,85,268
E00084463,238,49,189
E00084464,335,81,254
E00084465,302,56,246
E00084466,506,139,367
E00084467,541,133,408
E00084468,404,89,315
E00084469,260,59,201
E00084470,250,40,210
E00084471,304,52,252
E00084472,260,42,218
E00084473,288,53,235
E00084474,284,48,236
E00084475,337,82,255
E00084476,295,58,237
E00084477,205,27,178
E00084478,267,54,213
E00084479,308,74,234
E00084480,261,39,222
E00084481,446,69,377
E00084482,350,74,276
E00084483,294,69,225
E00084484,317,94,223
E00084485,346,114,232
E00084486,348,103,245
E00084487,292,59,233
E00084488,344,61,283
E00084489,371,55,316
E00084490,289,54,235
E00084491,370,55,315
E00084492,310,70,240
E00084493,339,89,250
E00084495,345,105,240
E00084496,346,119,227
E00084497,343,114,229
E00084498,323,126,197
E00084499,346,98,248
E00084500,454,176,278
E00084501,371,140,231
E00084502,424,155,269
E00084503,354,126,228
E00084504,581,194,387
E00084505,391,124,267
E00084506,411,138,273
E00084508,423,128,295
E00084509,334,91,243
E00084510,350,74,276
E00084511,350,83,267
E00084513,322,70,252
E00084517,281,58,223
E00084518,290,55,235
E00084519,267,56,211
E00084520,483,124,359
E00084522,374,82,292
E00084523,265,45,220
E00084524,262,45,217
E00084525,278,63,215
E00084526,317,77,240
E00084527,299,90,209
E00084528,281,56,225
E00084529,295,58,237
E00084530,286,73,213
E00084531,319,68,251
E00084532,334,86,248
E00084533,330,77,253
E00084534,349,92,257
E00084535,441,145,296
E00084536,279,47,232
E00084537,308,70,238
E00084538,232,35,197
E00084539,389,101,288
E00084540,300,58,242
E00084541,568,169,399
E00084542,262,48,214
E00084543,354,71,283
E00084544,269,43,226
E00084546,327,64,263
E00084547,307,60,247
E00084548,496,137,359
E00084549,360,82,278
E00084550,294,75,219
E00084551,236,50,186
E00084552,312,68,244
E00084553,256,42,214
E00084554,279,65,214
E00084555,314,61,253
E00084556,237,69,168
E00084557,249,59,190
E00084558,285,50,235
E00084559,208,25,183
E00084560,300,57,243
E00084561,285,52,233
E00084562,251,54,197
E00084563,235,46,189
E00084564,319,51,268
E00084565,280,54,226
E00084566,307,73,234
E00084567,293,68,225
E00084568,296,48,248
E00084569,370,69,301
E00084570,255,40,215
E00084571,139,25,114
E00084572,305,51,254
E00084573,304,61,243
E00084575,264,34,230
E00084576,287,38,249
E00084577,316,43,273
E00084578,529,93,436
E00084579,269,54,215
E00084580,283,56,227
E00084582,271,39,232
E00084583,436,81,355
E00084584,308,61,247
E00084585,278,39,239
E00084586,230,25,205
E00084587,334,91,243
E00084588,328,56,272
E00084589,310,49,261
E00084590,258,33,225
E00084591,330,46,284
E00084592,279,37,242
E00084593,280,31,249
E00084594,301,50,251
E00084595,323,58,265
E00084596,332,62,270
E00084597,292,39,253
E00084598,240,21,219
E00084599,222,31,191
E00084600,311,65,246
E00084601,281,47,234
E00084602,254,42,212
E00084603,279,52,227
E00084604,299,39,260
E00084605,381,104,277
E00084606,231,32,199
E00084607,343,60,283
E00084608,294,44,250
E00084609,322,74,248
E00084610,331,86,245
E00084611,332,72,260
E00084612,359,71,288
E00084613,312,66,246
E00084615,267,37,230
E00084616,274,22,252
E00084617,342,45,297
E00084618,315,73,242
E00084619,368,74,294
E00084620,301,52,249
E00084621,320,66,254
E00084622,305,64,241
E00084623,240,51,189
E00084624,360,106,254
E00084625,282,62,220
E00084626,279,36,243
E00084627,229,52,177
E00084628,282,42,240
E00084629,350,54,296
E00084630,275,39,236
E00084631,289,55,234
E00084632,263,28,235
E00084633,254,38,216
E00084635,203,13,190
E00084636,545,127,418
E00084637,384,64,320
E00084638,284,52,232
E00084639,309,63,246
E00084640,303,70,233
E00084641,332,57,275
E00084642,210,38,172
E00084643,328,77,251
E00084644,336,61,275
E00084645,336,60,276
E00084646,373,89,284
E00084647,229,25,204
E00084648,382,88,294
E00084649,290,65,225
E00084650,344,83,261
E00084651,322,67,255
E00084652,290,48,242
E00084653,308,59,249
E00084654,348,66,282
E00084655,389,65,324
E00084656,393,98,295
E00084657,296,62,234
E00084658,296,83,213
E00084659,352,88,264
E00084660,306,64,242
E00084661,263,48,215
E00084662,299,105,194
E00084664,269,62,207
E00084666,309,68,241
E00084667,317,65,252
E00084668,316,66,250
E00084669,243,48,195
E00084670,344,65,279
E00084671,345,82,263
E00084674,326,101,225
E00084678,310,33,277
E00084679,288,84,204
E00084680,469,84,385
E00084681,294,29,265
E00084682,245,35,210
E00084683,396,129,267
E00084684,395,126,269
E00084686,364,96,268
E00084687,333,94,239
E00084688,319,79,240
E00084690,369,100,269
E00084691,375,53,322
E00084692,276,68,208
E00084693,274,59,215
E00084694,249,36,213
E00084695,289,54,235
E00084696,313,81,232
E00084697,324,77,247
E00084698,359,38,321
E00084699,399,78,321
E00084700,324,63,261
E00084701,289,53,236
E00084702,302,77,225
E00084703,258,48,210
E00084704,374,78,296
E00084705,287,54,233
E00084706,257,40,217
E00084707,281,48,233
E00084708,292,54,238
E00084709,304,55,249
E00084710,309,60,249
E00084711,307,67,240
E00084712,358,91,267
E00084713,339,61,278
E00084715,210,33,177
E00084716,210,38,172
E00084717,287,54,233
E00084718,280,64,216
E00084719,332,57,275
E00084720,309,43,266
E00084721,269,53,216
E00084722,318,50,268
E00084723,266,54,212
E00084724,313,67,246
E00084725,280,51,229
E00084726,289,54,235
E00084727,290,50,240
E00084728,222,30,192
E00084729,277,43,234
E00084730,313,49,264
E00084731,317,42,275
E00084732,452,85,367
E00084733,320,65,255
E00084734,307,34,273
E00084735,298,53,245
E00084736,308,55,253
E00084737,339,74,265
E00084738,144,20,124
E00084739,438,96,342
E00084740,278,59,219
E00084742,298,57,241
E00084744,311,53,258
E00084745,292,58,234
E00084746,247,41,206
E00084747,312,61,251
E00084748,370,50,320
E00084749,387,83,304
E00084750,251,23,228
E00084751,281,55,226
E00084752,296,79,217
E00084753,394,69,325
E00084754,328,56,272
E00084755,325,70,255
E00084756,537,122,415
E00084757,351,54,297
E00084758,308,70,238
E00084759,304,55,249
E00084760,281,51,230
E00084761,256,27,229
E00084762,304,55,249
E00084763,259,40,219
E00084764,225,39,186
E00084765,230,35,195
E00084766,228,33,195
E00084767,284,57,227
E00084769,295,49,246
E00084771,125,13,112
E00084772,139,17,122
E00084773,320,51,269
E00084774,218,28,190
E00084775,213,36,177
E00084776,261,36,225
E00084777,286,35,251
E00084778,370,61,309
E00084779,299,41,258
E00084780,305,62,243
E00084781,236,29,207
E00084782,220,27,193
E00084783,360,70,290
E00084784,353,95,258
E00084785,262,30,232
E00084786,291,55,236
E00084787,284,41,243
E00084788,327,43,284
E00084789,345,73,272
E00084790,346,70,276
E00084791,312,69,243
E00084792,289,47,242
E00084793,297,73,224
E00084794,333,101,232
E00084795,365,102,263
E00084796,203,33,170
E00084797,492,129,363
E00084798,361,88,273
E00084799,396,117,279
E00084800,325,77,248
E00084801,426,112,314
E00084802,250,68,182
E00084803,290,74,216
E00084804,218,30,188
E00084805,386,97,289
E00084806,240,25,215
E00084807,329,63,266
E00084808,293,61,232
E00084809,275,57,218
E00084810,211,9,202
E00084811,333,56,277
E00084812,318,72,246
E00084813,275,71,204
E00084814,309,67,242
E00084815,156,11,145
E00084816,379,116,263
E00084817,311,97,214
E00084818,245,33,212
E00084819,333,57,276
E00084820,278,61,217
E00084821,195,22,173
E00084822,220,31,189
E00084823,251,45,206
E00084824,279,44,235
E00084825,314,83,231
E00084826,251,62,189
E00084827,331,76,255
E00084828,371,86,285
E00084829,310,65,245
E00084830,303,56,247
E00084831,181,41,140
E00084832,332,86,246
E00084833,285,73,212
E00084834,372,114,258
E00084836,252,36,216
E00084837,272,33,239
E00084838,331,67,264
E00084839,263,43,220
E00084840,364,131,233
E00084841,273,29,244
E00084842,258,44,214
E00084843,350,118,232
E00084844,296,44,252
E00084845,384,138,246
E00084846,353,125,228
E00084847,301,54,247
E00084848,279,30,249
E00084849,253,27,226
E00084850,226,26,200
E00084851,355,90,265
E00084852,346,46,300
E00084853,263,48,215
E00084854,297,61,236
E00084855,259,43,216
E00084856,248,35,213
E00084857,257,31,226
E00084858,349,38,311
E00084859,355,91,264
E00084860,283,50,233
E00084861,294,59,235
E00084862,355,75,280
E00084863,343,53,290
E00084864,426,84,342
E00084865,273,50,223
E00084866,287,50,237
E00084867,291,39,252
E00084868,332,65,267
E00084869,377,101,276
E00084870,383,86,297
E00084871,367,60,307
E00084872,248,61,187
E00084873,300,68,232
E00084874,278,59,219
E00084875,288,57,231
E00084876,250,52,198
E00084877,359,78,281
E00084878,239,40,199
E00084879,255,35,220
E00084880,326,71,255
E00084881,321,78,243
E00084882,350,68,282
E00084883,257,40,217
E00084884,327,52,275
E00084885,272,53,219
E00084886,230,41,189
E00084887,258,58,200
E00084888,286,61,225
E00084889,316,98,218
E00084891,325,60,265
E00084892,262,53,209
E00084893,326,83,243
E00084894,280,50,230
E00084895,282,53,229
E00084896,282,50,232
E00084897,491,94,397
E00084898,226,43,183
E00084899,264,56,208
E00084900,283,72,211
E00084901,343,98,245
E00084902,359,90,269
E00084903,263,50,213
E00084904,319,67,252
E00084905,348,80,268
E00084906,332,68,264
E00084907,306,99,207
E00084908,302,44,258
E00084909,289,42,247
E00084910,287,49,238
E00084911,280,35,245
E00084912,275,67,208
E00084913,339,84,255
E00084914,280,45,235
E00084915,286,53,233
E00084916,327,100,227
E00084917,277,51,226
E00084918,300,61,239
E00084919,358,99,259
E00084920,362,71,291
E00084921,310,45,265
E00084922,287,33,254
E00084923,321,48,273
E00084924,270,42,228
E00084925,287,48,239
E00084926,285,47,238
E00084927,284,59,225
E00084928,304,53,251
E00084929,283,55,228
E00084930,287,58,229
E00084931,292,45,247
E00084932,332,85,247
E00084933,256,55,201
E00084934,299,53,246
E00084935,260,43,217
E00084936,310,58,252
E00084937,263,43,220
E00084938,428,110,318
E00084939,385,116,269
E00084940,416,83,333
E00084941,300,74,226
E00084942,256,65,191
E00084944,308,89,219
E00084945,308,71,237
E00084946,242,33,209
E00084947,336,73,263
E00084948,343,70,273
E00084949,329,105,224
E00084950,354,117,237
E00084951,313,90,223
E00084952,406,128,278
E00084954,426,100,326
E00084955,331,67,264
E00084957,304,66,238
E00084958,365,72,293
E00084959,395,101,294
E00084960,285,68,217
E00084961,343,61,282
E00084962,395,80,315
E00084963,278,53,225
E00084964,302,57,245
E00084965,326,82,244
E00084966,332,86,246
E00084967,275,42,233
E00084968,572,145,427
E00084969,268,53,215
E00084970,366,87,279
E00084971,256,59,197
E00084972,385,89,296
E00084973,337,25,312
E00084974,468,172,296
E00084975,261,58,203
E00084976,338,59,279
E00084978,268,58,210
E00084979,349,105,244
E00084980,318,101,217
E00084981,391,115,276
E00084982,358,111,247
E00084983,131,19,112
E00084984,346,87,259
E00084985,360,113,247
E00084986,376,133,243
E00084987,254,62,192
E00084988,317,116,201
E00084990,384,136,248
E00084991,278,54,224
E00084992,310,85,225
E00084993,428,149,279
E00084994,298,66,232
E00084995,310,66,244
E00084996,354,88,266
E00084997,301,79,222
E00084998,349,108,241
E00084999,239,38,201
E00085000,272,53,219
E00085001,238,50,188
E00085002,320,71,249
E00085003,295,61,234
E00085005,244,37,207
E00085006,253,31,222
E00085007,337,37,300
E00085008,256,38,218
E00085009,144,14,130
E00085010,259,25,234
E00085011,223,29,194
E00085012,204,50,154
E00085013,226,38,188
E00085014,261,24,237
E00085015,168,27,141
E00085016,219,43,176
E00085017,223,30,193
E00085018,239,37,202
E00085019,179,20,159
E00085020,297,51,246
E00085021,258,45,213
E00085022,259,55,204
E00085023,187,25,162
E00085024,100,17,83
E00085025,246,47,199
E00085026,217,21,196
E00085027,130,14,116
E00085028,143,15,128
E00085029,205,26,179
E00085030,187,19,168
E00085031,232,16,216
E00085032,293,55,238
E00085033,163,17,146
E00085034,203,34,169
E00085035,257,25,232
E00085036,207,22,185
E00085037,179,15,164
E00085038,193,24,169
E00085039,186,16,170
E00085040,171,10,161
E00085041,207,37,170
E00085042,151,12,139
E00085043,234,24,210
E00085044,185,21,164
E00085046,216,36,180
E00085047,337,46,291
E00085048,184,21,163
E00085049,243,25,218
E00085050,266,42,224
E00085051,188,17,171
E00085052,126,7,119
E00085053,192,18,174
E00085054,270,48,222
E00085055,235,36,199
E00085056,221,31,190
E00085057,185,20,165
E00085058,259,23,236
E00085059,213,26,187
E00085060,193,23,170
E00085061,151,20,131
E00085062,176,23,153
E00085063,218,18,200
E00085064,207,18,189
E00085065,151,13,138
E00085066,175,14,161
E00085067,211,29,182
E00085068,234,23,211
E00085069,284,46,238
E00085070,209,36,173
E00085071,188,12,176
E00085072,326,74,252
E00085073,167,21,146
E00085074,185,21,164
E00085075,237,24,213
E00085076,339,41,298
E00085077,315,50,265
E00085078,248,34,214
E00085079,230,38,192
E00085080,203,20,183
E00085081,214,8,206
E00085082,195,19,176
E00085083,253,33,220
E00085084,411,84,327
E00085085,281,29,252
E00085086,235,28,207
E00085087,231,28,203
E00085088,184,20,164
E00085089,324,92,232
E00085090,243,25,218
E00085091,322,88,234
E00085092,477,124,353
E00085093,330,80,250
E00085094,161,23,138
E00085095,332,87,245
E00085096,292,60,232
E00085097,284,58,226
E00085098,266,48,218
E00085099,261,59,202
E00085100,330,59,271
E00085101,185,19,166
E00085102,273,71,202
E00085103,303,50,253
E00085104,246,44,202
E00085105,288,58,230
E00085106,254,50,204
E00085107,220,36,184
E00085108,211,33,178
E00085109,221,43,178
E00085110,195,12,183
E00085111,211,28,183
E00085112,202,29,173
E00085113,230,18,212
E00085114,227,30,197
E00085115,221,41,180
E00085116,191,54,137
E00085117,332,84,248
E00085118,239,59,180
E00085119,267,47,220
E00085120,240,54,186
E00085121,290,67,223
E00085122,317,105,212
E00085123,304,64,240
E00085124,244,42,202
E00085125,289,51,238
E00085126,294,51,243
E00085127,178,33,145
E00085128,180,36,144
E00085129,235,38,197
E00085130,229,35,194
E00085131,249,54,195
E00085132,324,87,237
E00085133,258,48,210
E00085134,193,29,164
E00085135,250,46,204
E00085136,256,30,226
E00085137,321,53,268
E00085138,345,51,294
E00085139,263,59,204
E00085140,211,24,187
E00085141,367,56,311
E00085142,184,14,170
E00085143,355,57,298
E00085144,199,35,164
E00085146,268,25,243
E00085147,202,24,178
E00085148,302,38,264
E00085149,300,43,257
E00085150,341,41,300
E00085151,379,63,316
E00085152,188,19,169
E00085153,299,67,232
E00085154,243,38,205
E00085155,214,16,198
E00085156,398,72,326
E00085157,283,31,252
E00085158,206,42,164
E00085159,163,21,142
E00085160,314,57,257
E00085161,205,33,172
E00085162,255,70,185
E00085163,264,34,230
E00085164,210,43,167
E00085165,203,29,174
E00085166,264,62,202
E00085167,268,58,210
E00085168,221,38,183
E00085169,345,47,298
E00085170,207,37,170
E00085171,106,12,94
E00085172,208,33,175
E00085173,286,70,216
E00085174,178,42,136
E00085175,263,37,226
E00085176,294,47,247
E00085177,186,24,162
E00085178,278,27,251
E00085179,204,21,183
E00085180,238,41,197
E00085181,299,62,237
E00085182,204,26,178
E00085183,236,37,199
E00085184,196,37,159
E00085185,195,31,164
E00085186,212,25,187
E00085187,151,14,137
E00085188,259,41,218
E00085189,268,55,213
E00085190,246,29,217
E00085191,206,22,184
E00085192,405,69,336
E00085193,299,36,263
E00085194,276,35,241
E00085195,261,31,230
E00085196,275,60,215
E00085197,299,47,252
E00085198,274,58,216
E00085199,346,85,261
E00085200,211,36,175
E00085201,386,119,267
E00085202,346,95,251
E00085203,262,53,209
E00085204,228,32,196
E00085205,286,62,224
E00085206,353,65,288
E00085207,341,87,254
E00085208,296,54,242
E00085209,434,96,338
E00085210,379,95,284
E00085211,296,66,230
E00085212,320,79,241
E00085213,390,89,301
E00085214,350,92,258
E00085215,275,62,213
E00085216,298,71,227
E00085217,289,83,206
E00085218,375,86,289
E00085219,283,67,216
E00085220,312,72,240
E00085221,258,40,218
E00085222,310,78,232
E00085223,269,48,221
E00085224,271,35,236
E00085225,356,82,274
E00085226,276,77,199
E00085227,300,73,227
E00085228,382,94,288
E00085229,230,59,171
E00085230,282,66,216
E00085231,173,33,140
E00085232,265,47,218
E00085233,325,57,268
E00085234,345,93,252
E00085235,339,88,251
E00085236,243,39,204
E00085237,341,98,243
E00085238,340,45,295
E00085239,316,56,260
E00085240,299,54,245
E00085241,330,74,256
E00085242,296,78,218
E00085243,505,208,297
E00085244,322,88,234
E00085245,251,91,160
E00085246,261,50,211
E00085247,261,78,183
E00085248,341,116,225
E00085249,357,149,208
E00085250,484,215,269
E00085251,260,78,182
E00085252,276,82,194
E00085253,310,87,223
E00085254,233,61,172
E00085255,218,70,148
E00085256,319,74,245
E00085257,319,86,233
E00085258,292,73,219
E00085259,384,128,256
E00085260,258,61,197
E00085261,300,72,228
E00085262,301,75,226
E00085263,314,97,217
E00085264,325,83,242
E00085265,285,69,216
E00085266,497,262,235
E00085267,342,205,137
E00085268,239,62,177
E00085269,328,135,193
E00085270,275,105,170
E00085271,201,61,140
E00085272,410,135,275
E00085273,307,115,192
E00085274,343,183,160
E00085275,355,203,152
E00085276,392,173,219
E00085277,357,139,218
E00085278,259,64,195
E00085279,240,59,181
E00085280,329,93,236
E00085281,269,87,182
E00085282,276,80,196
E00085283,250,42,208
E00085284,278,80,198
E00085285,234,79,155
E00085286,458,130,328
E00085287,276,82,194
E00085288,272,90,182
E00085289,374,136,238
E00085290,252,116,136
E00085291,278,91,187
E00085292,285,82,203
E00085293,283,63,220
E00085294,236,53,183
E00085295,462,109,353
E00085296,299,114,185
E00085298,279,61,218
E00085299,341,98,243
E00085300,401,127,274
E00085301,326,96,230
E00085302,401,127,274
E00085303,294,103,191
E00085304,387,177,210
E00085305,383,105,278
E00085306,308,96,212
E00085307,327,112,215
E00085308,300,109,191
E00085309,420,121,299
E00085310,363,112,251
E00085311,503,200,303
E00085312,278,76,202
E00085313,301,131,170
E00085314,362,116,246
E00085315,295,96,199
E00085316,296,93,203
E00085317,250,60,190
E00085318,399,212,187
E00085319,186,3,183
E00085320,548,281,267
E00085323,411,106,305
E00085324,312,103,209
E00085325,352,113,239
E00085326,305,79,226
E00085327,266,73,193
E00085328,175,14,161
E00085329,226,49,177
E00085330,151,30,121
E00085331,330,114,216
E00085332,354,204,150
E00085333,363,98,265
E00085334,378,105,273
E00085335,385,91,294
E00085336,282,71,211
E00085337,425,245,180
E00085338,361,108,253
E00085339,306,61,245
E00085340,277,72,205
E00085341,307,111,196
E00085342,365,155,210
E00085343,428,143,285
E00085344,374,127,247
E00085345,331,151,180
E00085346,330,89,241
E00085347,299,87,212
E00085348,385,135,250
E00085349,267,94,173
E00085350,215,43,172
E00085351,322,84,238
E00085352,285,89,196
E00085353,176,55,121
E00085354,308,126,182
E00085355,399,190,209
E00085356,362,161,201
E00085357,340,89,251
E00085358,357,130,227
E00085359,424,223,201
E00085360,305,127,178
E00085361,336,76,260
E00085362,408,174,234
E00085363,383,164,219
E00085364,191,46,145
E00085365,338,92,246
E00085366,315,131,184
E00085367,352,155,197
E00085368,554,245,309
E00085369,546,255,291
E00085370,383,179,204
E00085371,435,284,151
E00085372,358,142,216
E00085373,257,86,171
E00085374,246,63,183
E00085376,263,71,192
E00085377,354,75,279
E00085378,294,57,237
E00085379,257,48,209
E00085380,336,76,260
E00085381,329,80,249
E00085383,336,58,278
E00085384,259,45,214
E00085385,384,87,297
E00085386,232,44,188
E00085387,160,24,136
E00085388,270,61,209
E00085389,198,22,176
E00085390,195,24,171
E00085391,286,47,239
E00085392,275,62,213
E00085393,309,47,262
E00085394,183,45,138
E00085395,283,49,234
E00085396,249,66,183
E00085397,299,65,234
E00085398,269,62,207
E00085399,248,50,198
E00085400,293,61,232
E00085401,237,48,189
E00085402,335,66,269
E00085403,312,62,250
E00085404,327,67,260
E00085405,252,46,206
E00085406,232,52,180
E00085407,271,39,232
E00085408,358,62,296
E00085409,258,48,210
E00085410,312,65,247
E00085411,326,58,268
E00085412,360,70,290
E00085413,302,78,224
E00085414,312,70,242
E00085415,341,82,259
E00085416,322,70,252
E00085417,283,58,225
E00085418,343,82,261
E00085419,348,90,258
E00085420,293,61,232
E00085421,335,71,264
E00085422,293,63,230
E00085423,259,53,206
E00085424,362,85,277
E00085425,294,84,210
E00085426,325,73,252
E00085427,313,66,247
E00085428,250,40,210
E00085429,290,54,236
E00085430,314,57,257
E00085431,237,47,190
E00085432,317,58,259
E00085433,277,18,259
E00085434,330,57,273
E00085435,268,65,203
E00085436,266,56,210
E00085437,292,45,247
E00085438,295,56,239
E00085439,299,66,233
E00085440,343,72,271
E00085441,331,64,267
E00085442,273,51,222
E00085443,304,65,239
E00085444,285,51,234
E00085445,250,35,215
E00085446,134,15,119
E00085447,366,84,282
E00085448,297,66,231
E00085449,314,74,240
E00085450,332,125,207
E00085451,238,36,202
E00085452,216,32,184
E00085453,325,65,260
E00085454,393,91,302
E00085455,337,76,261
E00085456,394,66,328
E00085457,317,82,235
E00085458,355,84,271
E00085459,232,37,195
E00085460,328,51,277
E00085461,310,65,245
E00085463,193,59,134
E00085464,267,66,201
E00085465,247,56,191
E00085466,532,132,400
E00085467,306,88,218
E00085468,529,127,402
E00085469,168,41,127
E00085470,264,67,197
E00085471,261,68,193
E00085472,253,83,170
E00085473,268,73,195
E00085474,278,77,201
E00085475,250,49,201
E00085476,296,82,214
E00085477,297,78,219
E00085478,251,70,181
E00085479,242,57,185
E00085480,293,41,252
E00085481,122,27,95
E00085482,240,61,179
E00085483,302,70,232
E00085484,213,38,175
E00085485,271,48,223
E00085486,164,23,141
E00085487,322,28,294
E00085488,175,13,162
E00085489,264,38,226
E00085490,236,47,189
E00085491,478,117,361
E00085492,262,53,209
E00085493,323,68,255
E00085494,291,61,230
E00085495,282,63,219
E00085496,291,41,250
E00085497,350,122,228
E00085498,409,161,248
E00085499,271,37,234
E00085500,311,82,229
E00085501,234,46,188
E00085502,283,77,206
E00085503,257,78,179
E00085504,280,26,254
E00085505,245,34,211
E00085506,550,138,412
E00085507,326,64,262
E00085508,197,26,171
E00085509,258,47,211
E00085510,225,49,176
E00085511,208,43,165
E00085512,311,56,255
E00085513,224,54,170
E00085514,277,73,204
E00085515,285,40,245
E00085516,594,357,237
E00085517,257,55,202
E00085518,225,39,186
E00085519,206,66,140
E00085520,258,68,190
E00085521,372,86,286
E00085522,154,28,126
E00085523,296,53,243
E00085524,143,12,131
E00085525,308,94,214
E00085526,248,46,202
E00085527,354,120,234
E00085528,490,307,183
E00085529,249,30,219
E00085530,420,69,351
E00085531,272,45,227
E00085532,285,45,240
E00085533,245,32,213
E00085534,182,2,180
E00085535,229,21,208
E00085536,253,27,226
E00085537,185,42,143
E00085538,216,31,185
E00085539,208,10,198
E00085540,146,25,121
E00085541,235,48,187
E00085542,229,65,164
E00085543,231,48,183
E00085544,240,33,207
E00085545,276,57,219
E00085546,228,20,208
E00085547,212,40,172
E00085548,222,28,194
E00085549,141,20,121
E00085550,201,45,156
E00085551,224,41,183
E00085552,184,30,154
E00085553,202,51,151
E00085554,198,36,162
E00085555,268,76,192
E00085556,181,43,138
E00085557,257,65,192
E00085558,221,38,183
E00085559,193,28,165
E00085560,239,43,196
E00085561,230,51,179
E00085562,324,108,216
E00085563,405,59,346
E00085564,287,28,259
E00085565,188,21,167
E00085568,229,41,188
E00085569,192,22,170
E00085570,303,61,242
E00085571,262,51,211
E00085572,329,43,286
E00085573,192,33,159
E00085574,157,19,138
E00085575,336,80,256
E00085576,191,41,150
E00085577,287,42,245
E00085578,150,33,117
E00085579,270,49,221
E00085580,139,16,123
E00085581,180,27,153
E00085582,238,40,198
E00085583,183,22,161
E00085584,194,27,167
E00085585,155,13,142
E00085586,472,109,363
E00085587,211,20,191
E00085588,226,53,173
E00085589,138,14,124
E00085590,224,28,196
E00085592,145,17,128
E00085593,217,12,205
E00085594,187,14,173
E00085595,269,42,227
E00085596,265,29,236
E00085597,125,8,117
E00085598,189,42,147
E00085599,247,54,193
E00085600,207,25,182
E00085601,188,35,153
E00085602,202,32,170
E00085603,387,66,321
E00085604,431,70,361
E00085605,268,31,237
E00085606,322,84,238
E00085607,287,30,257
E00085608,304,63,241
E00085609,406,62,344
E00085610,373,53,320
E00085611,244,45,199
E00085612,490,280,210
E00085613,125,10,115
E00085614,267,41,226
E00085615,225,36,189
E00085616,247,41,206
E00085617,211,25,186
E00085619,190,17,173
E00085620,394,64,330
E00085621,224,41,183
E00085622,216,19,197
E00085623,295,47,248
E00085624,189,31,158
E00085625,243,22,221
E00085626,274,49,225
E00085627,180,20,160
E00085628,257,33,224
E00085630,146,24,122
E00085631,259,56,203
E00085632,198,17,181
E00085633,252,32,220
E00085634,226,30,196
E00085635,270,45,225
E00085636,267,45,222
E00085637,279,47,232
E00085639,325,55,270
E00085640,243,37,206
E00085641,119,21,98
E00085642,341,38,303
E00085643,347,46,301
E00085644,294,29,265
E00085645,269,31,238
E00085646,266,33,233
E00085647,240,35,205
E00085648,227,22,205
E00085649,240,28,212
E00085650,275,38,237
E00085651,298,38,260
E00085652,286,47,239
E00085653,289,54,235
E00085654,326,83,243
E00085655,312,94,218
E00085656,211,75,136
E00085657,379,104,275
E00085658,302,130,172
E00085659,244,81,163
E00085660,224,28,196
E00085661,225,47,178
E00085662,252,47,205
E00085664,172,20,152
E00085665,421,94,327
E00085666,291,76,215
E00085667,359,72,287
E00085668,305,42,263
E00085669,256,152,104
E00085670,256,62,194
E00085671,306,147,159
E00085672,287,173,114
E00085673,166,21,145
E00085674,224,76,148
E00085675,246,36,210
E00085676,189,47,142
E00085677,252,77,175
E00085678,477,130,347
E00085679,430,237,193
E00085680,246,31,215
E00085682,260,37,223
E00085683,297,51,246
E00085684,222,26,196
E00085685,251,54,197
E00085686,151,17,134
E00085687,224,26,198
E00085688,214,18,196
E00085689,232,30,202
E00085690,188,33,155
E00085691,280,54,226
E00085692,209,48,161
E00085693,144,22,122
E00085694,263,39,224
E00085695,364,65,299
E00085696,285,48,237
E00085697,315,59,256
E00085698,327,64,263
E00085699,317,78,239
E00085700,245,91,154
E00085701,302,85,217
E00085702,327,90,237
E00085703,255,31,224
E00085704,322,133,189
E00085705,240,117,123
E00085706,287,73,214
E00085707,330,88,242
E00085708,504,332,172
E00085709,221,53,168
E00085710,266,51,215
E00085711,287,66,221
E00085712,379,65,314
E00085713,319,59,260
E00085714,313,62,251
E00085715,236,35,201
E00085716,245,28,217
E00085717,255,54,201
E00085718,338,57,281
E00085719,260,47,213
E00085720,313,48,265
E00085721,316,60,256
E00085722,217,50,167
E00085723,350,75,275
E00085724,364,84,280
E00085725,268,52,216
E00085726,312,57,255
E00085727,256,37,219
E00085728,303,61,242
E00085729,237,30,207
E00085730,342,55,287
E00085731,328,70,258
E00085732,271,43,228
E00085733,337,70,267
E00085734,295,67,228
E00085735,332,71,261
E00085736,279,49,230
E00085737,366,78,288
E00085738,292,65,227
E00085739,360,91,269
E00085740,279,53,226
E00085741,370,71,299
E00085742,348,81,267
E00085744,303,59,244
E00085745,345,79,266
E00085746,332,88,244
E00085747,202,36,166
E00085748,344,82,262
E00085749,398,88,310
E00085750,383,101,282
E00085751,279,58,221
E00085752,328,78,250
E00085753,396,72,324
E00085754,265,51,214
E00085755,317,77,240
E00085756,391,108,283
E00085757,298,63,235
E00085758,265,52,213
E00085759,384,108,276
E00085760,353,68,285
E00085761,359,84,275
E00085762,366,84,282
E00085763,360,91,269
E00085764,282,46,236
E00085765,283,61,222
E00085766,288,60,228
E00085767,316,85,231
E00085768,307,78,229
E00085769,305,55,250
E00085770,284,51,233
E00085771,269,51,218
E00085772,298,67,231
E00085773,310,80,230
E00085774,279,47,232
E00085775,293,53,240
E00085776,221,26,195
E00085777,224,18,206
E00085778,317,51,266
E00085779,249,16,233
E00085780,255,30,225
E00085781,260,27,233
E00085782,276,57,219
E00085783,299,68,231
E00085784,238,47,191
E00085785,198,24,174
E00085786,241,30,211
E00085787,280,39,241
E00085788,282,78,204
E00085789,305,64,241
E00085790,288,58,230
E00085791,231,33,198
E00085792,300,75,225
E00085793,263,38,225
E00085794,277,67,210
E00085795,248,43,205
E00085796,253,19,234
E00085797,133,21,112
E00085798,279,46,233
E00085799,280,64,216
E00085800,188,29,159
E00085801,301,40,261
E00085802,206,25,181
E00085803,357,65,292
E00085804,288,51,237
E00085805,359,32,327
E00085806,259,36,223
E00085807,301,58,243
E00085808,376,89,287
E00085809,289,63,226
E00085810,303,64,239
E00085811,323,89,234
E00085812,286,52,234
E00085813,272,54,218
E00085814,233,58,175
E00085815,357,74,283
E00085816,140,9,131
E00085817,254,46,208
E00085818,303,73,230
E00085819,325,89,236
E00085820,400,67,333
E00085821,225,32,193
E00085822,429,132,297
E00085823,330,85,245
E00085824,310,71,239
E00085825,408,104,304
E00085826,241,70,171
E00085827,330,65,265
E00085828,417,86,331
E00085829,305,80,225
E00085830,280,63,217
E00085831,350,87,263
E00085832,417,107,310
E00085833,315,58,257
E00085834,307,66,241
E00085835,302,86,216
E00085836,305,47,258
E00085837,291,67,224
E00085838,319,63,256
E00085839,222,43,179
E00085840,275,73,202
E00085841,285,61,224
E00085842,275,59,216
E00085843,319,52,267
E00085844,307,55,252
E00085845,286,73,213
E00085846,311,60,251
E00085847,293,70,223
E00085848,266,63,203
E00085849,378,92,286
E00085850,259,52,207
E00085851,304,64,240
E00085852,270,56,214
E00085853,383,90,293
E00085854,254,43,211
E00085855,274,32,242
E00085856,406,98,308
E00085857,348,71,277
E00085858,230,40,190
E00085859,221,48,173
E00085860,259,44,215
E00085861,328,77,251
E00085862,221,52,169
E00085863,283,73,210
E00085864,284,59,225
E00085865,278,75,203
E00085866,306,53,253
E00085867,274,49,225
E00085868,288,59,229
E00085869,254,51,203
E00085870,284,60,224
E00085871,325,73,252
E00085872,211,35,176
E00085873,229,43,186
E00085874,237,30,207
E00085875,325,88,237
E00085876,283,67,216
E00085877,343,57,286
E00085878,379,60,319
E00085879,253,43,210
E00085880,257,33,224
E00085881,331,109,222
E00085882,268,49,219
E00085883,280,53,227
E00085884,264,39,225
E00085885,314,80,234
E00085886,362,80,282
E00085887,230,51,179
E00085888,258,48,210
E00085889,349,85,264
E00085890,460,131,329
E00085891,280,75,205
E00085892,315,68,247
E00085893,294,59,235
E00085894,248,43,205
E00085895,377,70,307
E00085896,279,72,207
E00085897,258,26,232
E00085898,305,53,252
E00085899,334,61,273
E00085900,269,41,228
E00085901,363,53,310
E00085902,281,57,224
E00085903,251,43,208
E00085904,276,55,221
E00085905,379,32,347
E00085906,313,55,258
E00085907,270,26,244
E00085908,271,55,216
E00085909,236,37,199
E00085910,306,53,253
E00085911,314,51,263
E00085912,277,59,218
E00085913,295,58,237
E00085914,250,64,186
E00085915,294,55,239
E00085916,280,43,237
E00085917,347,65,282
E00085918,269,39,230
E00085919,295,63,232
E00085920,315,53,262
E00085921,321,56,265
E00085922,437,114,323
E00085923,431,92,339
E00085924,443,114,329
E00085925,423,103,320
E00085926,288,48,240
E00085927,229,35,194
E00085928,247,46,201
E00085929,455,59,396
E00085930,250,22,228
E00085931,193,30,163
E00085932,292,54,238
E00085933,286,59,227
E00085934,297,50,247
E00085935,297,62,235
E00085936,408,112,296
E00085937,335,76,259
E00085938,300,59,241
E00085939,275,51,224
E00085940,367,79,288
E00085941,270,68,202
E00085942,237,49,188
E00085943,264,50,214
E00085944,360,82,278
E00085945,267,47,220
E00085946,344,44,300
E00085947,285,50,235
E00085948,292,61,231
E00085949,377,67,310
E00085950,251,54,197
E00085951,327,58,269
E00085952,368,69,299
E00085953,350,71,279
E00085954,313,51,262
E00085955,280,41,239
E00085956,274,52,222
E00085957,270,61,209
E00085958,430,79,351
E00085959,185,40,145
E00085960,354,58,296
E00085961,262,48,214
E00085962,386,73,313
E00085963,267,39,228
E00085964,425,227,198
E00085965,426,254,172
E00085966,307,69,238
E00085967,143,19,124
E00085968,353,176,177
E00085969,275,39,236
E00085970,290,132,158
E00085971,303,105,198
E00085972,302,66,236
E00085974,329,177,152
E00085975,358,108,250
E00085976,139,13,126
E00085977,385,209,176
E00085978,302,87,215
E00085979,341,162,179
E00085980,356,177,179
E00085981,290,81,209
E00085982,266,91,175
E00085983,355,121,234
E00085984,264,48,216
E00085985,275,95,180
E00085986,303,93,210
E00085987,353,184,169
E00085988,320,144,176
E00085989,311,67,244
E00085990,274,64,210
E00085991,386,117,269
E00085992,246,64,182
E00085993,297,90,207
E00085994,292,72,220
E00085995,417,125,292
E00085996,352,116,236
E00085997,229,36,193
E00085998,258,64,194
E00085999,340,98,242
E00086000,283,70,213
E00086001,411,185,226
E00086002,259,43,216
E00086003,314,77,237
E00086004,321,147,174
E00086005,368,166,202
E00086006,222,40,182
E00086007,422,167,255
E00086008,380,177,203
E00086009,225,42,183
E00086010,284,105,179
E00086011,324,92,232
E00086012,310,95,215
E00086013,226,47,179
E00086014,216,47,169
E00086015,219,27,192
E00086016,367,98,269
E00086017,314,104,210
E00086018,155,1,154
E00086020,522,204,318
E00086021,306,69,237
E00086022,221,54,167
E00086023,363,78,285
E00086024,289,73,216
E00086025,470,128,342
E00086026,212,35,177
E00086027,327,96,231
E00086028,284,71,213
E00086029,234,48,186
E00086030,294,80,214
E00086031,344,108,236
E00086032,264,58,206
E00086033,414,125,289
E00086034,257,82,175
E00086035,313,97,216
E00086036,271,55,216
E00086037,335,78,257
E00086038,201,40,161
E00086039,287,96,191
E00086041,406,123,283
E00086042,323,104,219
E00086043,257,76,181
E00086044,450,201,249
E00086045,255,75,180
E00086046,272,76,196
E00086047,472,272,200
E00086048,373,89,284
E00086049,285,92,193
E00086051,269,93,176
E00086052,296,81,215
E00086054,239,70,169
E00086055,314,94,220
E00086056,120,27,93
E00086057,385,183,202
E00086058,246,52,194
E00086060,249,71,178
E00086061,319,62,257
E00086062,366,71,295
E00086063,266,59,207
E00086064,206,25,181
E00086065,297,47,250
E00086066,271,26,245
E00086067,216,13,203
E00086068,288,53,235
E00086069,238,44,194
E00086070,300,59,241
E00086071,272,50,222
E00086072,282,53,229
E00086073,300,54,246
E00086074,292,52,240
E00086075,298,44,254
E00086076,318,71,247
E00086077,363,77,286
E00086078,284,49,235
E00086079,350,84,266
E00086080,259,42,217
E00086081,317,54,263
E00086082,314,67,247
E00086083,355,92,263
E00086084,234,48,186
E00086085,290,72,218
E00086086,328,82,246
E00086087,340,82,258
E00086088,310,84,226
E00086089,325,70,255
E00086090,254,59,195
E00086091,271,60,211
E00086092,304,71,233
E00086093,348,71,277
E00086094,383,102,281
E00086095,320,73,247
E00086096,273,59,214
E00086097,332,85,247
E00086098,269,36,233
E00086099,347,62,285
E00086100,307,52,255
E00086101,289,39,250
E00086102,271,30,241
E00086103,299,58,241
E00086104,295,50,245
E00086105,354,70,284
E00086106,248,44,204
E00086107,280,53,227
E00086108,361,84,277
E00086109,221,35,186
E00086110,387,88,299
E00086111,368,95,273
E00086112,334,78,256
E00086113,355,107,248
E00086114,488,106,382
E00086115,331,65,266
E00086116,248,25,223
E00086117,309,77,232
E00086118,231,37,194
E00086119,275,47,228
E00086120,390,65,325
E00086121,343,64,279
E00086122,272,38,234
E00086123,333,92,241
E00086124,292,45,247
E00086125,308,91,217
E00086127,294,65,229
E00086128,367,80,287
E00086129,358,77,281
E00086130,280,48,232
E00086131,305,49,256
E00086132,273,64,209
E00086133,247,46,201
E00086134,336,76,260
E00086135,315,78,237
E00086136,260,46,214
E00086137,297,53,244
E00086138,260,63,197
E00086139,312,71,241
E00086140,222,44,178
E00086142,284,79,205
E00086143,264,51,213
E00086144,267,56,211
E00086145,250,39,211
E00086146,388,63,325
E00086147,281,52,229
E00086148,317,51,266
E00086149,307,78,229
E00086150,328,46,282
E00086151,326,54,272
E00086152,339,85,254
E00086153,325,65,260
E00086154,353,72,281
E00086155,305,65,240
E00086156,278,48,230
E00086157,543,119,424
E00086158,319,51,268
E00086159,344,105,239
E00086160,367,94,273
E00086161,294,60,234
E00086162,280,45,235
E00086163,334,66,268
E00086164,343,40,303
E00086165,363,86,277
E00086166,298,70,228
E00086167,358,74,284
E00086168,262,43,219
E00086170,311,47,264
E00086171,222,38,184
E00086172,331,62,269
E00086173,297,55,242
E00086174,442,58,384
E00086175,328,57,271
E00086176,313,59,254
E00086177,376,61,315
E00086178,234,37,197
E00086179,303,74,229
E00086180,324,72,252
E00086181,309,48,261
E00086182,295,62,233
E00086183,337,75,262
E00086184,469,89,380
E00086185,351,101,250
E00086186,450,68,382
E00086187,200,20,180
E00086188,218,51,167
E00086189,296,45,251
E00086190,255,45,210
E00086191,241,30,211
E00086192,238,32,206
E00086193,260,30,230
E00086194,270,35,235
E00086195,282,58,224
E00086196,204,23,181
E00086197,224,36,188
E00086198,238,18,220
E00086199,252,48,204
E00086200,226,40,186
E00086201,288,53,235
E00086202,325,48,277
E00086203,308,51,257
E00086204,218,17,201
E00086205,175,20,155
E00086206,259,45,214
E00086207,221,36,185
E00086208,287,35,252
E00086209,305,45,260
E00086210,232,27,205
E00086211,382,67,315
E00086212,176,25,151
E00086213,349,141,208
E00086214,285,61,224
E00086215,251,56,195
E00086216,281,44,237
E00086217,296,50,246
E00086218,249,40,209
E00086219,273,35,238
E00086220,165,18,147
E00086221,162,14,148
E00086222,247,30,217
E00086223,251,57,194
E00086224,298,64,234
E00086225,287,38,249
E00086227,235,31,204
E00086228,201,11,190
E00086229,310,47,263
E00086230,401,69,332
E00086231,318,61,257
E00086232,313,78,235
E00086233,349,73,276
E00086234,253,47,206
E00086235,343,85,258
E00086236,327,95,232
E00086237,380,90,290
E00086238,291,61,230
E00086239,292,52,240
E00086240,283,63,220
E00086241,289,82,207
E00086242,333,65,268
E00086243,323,65,258
E00086244,229,18,211
E00086245,240,48,192
E00086246,291,69,222
E00086247,347,77,270
E00086248,222,54,168
E00086249,292,67,225
E00086250,234,39,195
E00086251,190,21,169
E00086252,222,44,178
E00086253,278,54,224
E00086254,321,89,232
E00086255,236,70,166
E00086256,414,189,225
E00086257,247,57,190
E00086258,237,48,189
E00086259,239,50,189
E00086260,269,89,180
E00086261,373,111,262
E00086262,344,89,255
E00086263,292,70,222
E00086264,261,89,172
E00086265,436,116,320
E00086266,357,86,271
E00086267,349,77,272
E00086268,261,47,214
E00086269,254,64,190
E00086270,284,70,214
E00086271,310,83,227
E00086272,263,65,198
E00086273,276,38,238
E00086274,325,56,269
E00086275,323,61,262
E00086276,309,68,241
E00086277,391,87,304
E00086278,410,83,327
E00086279,285,41,244
E00086280,224,29,195
E00086281,313,69,244
E00086282,305,55,250
E00086283,289,53,236
E00086284,201,27,174
E00086285,263,43,220
E00086286,270,58,212
E00086287,306,51,255
E00086288,412,94,318
E00086289,362,87,275
E00086290,369,72,297
E00086291,335,66,269
E00086292,382,72,310
E00086293,442,95,347
E00086294,344,92,252
E00086295,321,50,271
E00086296,271,65,206
E00086297,292,111,181
E00086298,281,28,253
E00086299,204,19,185
E00086300,533,161,372
E00086301,318,52,266
E00086302,272,38,234
E00086303,341,79,262
E00086304,247,40,207
E00086305,298,53,245
E00086306,275,38,237
E00086307,274,46,228
E00086308,275,43,232
E00086309,193,8,185
E00086310,289,54,235
E00086311,336,54,282
E00086312,325,55,270
E00086313,268,43,225
E00086314,278,46,232
E00086315,283,50,233
E00086316,297,54,243
E00086317,392,75,317
E00086318,175,36,139
E00086319,319,66,253
E00086320,283,52,231
E00086321,314,55,259
E00086322,376,63,313
E00086323,297,53,244
E00086324,268,44,224
E00086325,282,59,223
E00086326,230,21,209
E00086327,256,33,223
E00086328,276,69,207
E00086329,280,50,230
E00086332,270,72,198
E00086333,288,55,233
E00086334,307,59,248
E00086335,240,37,203
E00086336,308,80,228
E00086337,224,32,192
E00086338,302,39,263
E00086339,259,52,207
E00086340,303,57,246
E00086341,233,34,199
E00086342,281,66,215
E00086343,199,24,175
E00086344,371,57,314
E00086345,326,72,254
E00086346,350,88,262
E00086347,262,53,209
E00086348,252,48,204
E00086350,193,46,147
E00086351,369,77,292
E00086352,286,60,226
E00086353,336,78,258
E00086354,184,37,147
E00086355,420,70,350
E00086356,294,64,230
E00086357,229,39,190
E00086358,317,61,256
E00086359,264,50,214
E00086361,275,64,211
E00086362,302,68,234
E00086363,234,31,203
E00086364,299,57,242
E00086365,250,47,203
E00086366,370,83,287
E00086367,241,56,185
E00086368,320,46,274
E00086369,295,55,240
E00086370,394,81,313
E00086371,250,37,213
E00086372,282,88,194
E00086373,331,97,234
E00086374,219,56,163
E00086375,356,86,270
E00086376,304,56,248
E00086377,285,53,232
E00086378,305,69,236
E00086379,319,63,256
E00086380,265,56,209
E00086381,291,36,255
E00086382,258,45,213
E00086383,282,66,216
E00086384,324,58,266
E00086385,299,68,231
E00086386,248,37,211
E00086387,312,82,230
E00086388,252,44,208
E00086389,332,72,260
E00086390,230,45,185
E00086391,361,80,281
E00086392,281,49,232
E00086393,244,34,210
E00086394,256,41,215
E00086395,323,68,255
E00086396,250,35,215
E00086397,304,81,223
E00086398,265,37,228
E00086399,216,35,181
E00086400,271,59,212
E00086401,280,56,224
E00086402,236,35,201
E00086403,232,32,200
E00086404,347,69,278
E00086405,188,41,147
E00086406,371,62,309
E00086407,251,48,203
E00086408,329,79,250
E00086409,273,48,225
E00086410,270,52,218
E00086411,363,66,297
E00086412,269,69,200
E00086413,341,90,251
E00086414,390,111,279
E00086415,310,63,247
E00086416,391,101,290
E00086417,352,94,258
E00086418,259,27,232
E00086419,272,4,268
E00086420,294,60,234
E00086421,291,92,199
E00086422,366,110,256
E00086423,269,43,226
E00086424,279,102,177
E00086425,359,101,258
E00086426,254,62,192
E00086427,349,90,259
E00086428,310,62,248
E00086429,281,79,202
E00086430,308,76,232
E00086431,345,97,248
E00086432,264,34,230
E00086433,278,54,224
E00086434,287,64,223
E00086435,293,55,238
E00086436,257,54,203
E00086437,269,43,226
E00086438,384,113,271
E00086439,275,56,219
E00086440,289,64,225
E00086441,359,82,277
E00086442,281,77,204
E00086443,370,87,283
E00086444,465,89,376
E00086445,292,54,238
E00086446,363,89,274
E00086447,329,74,255
E00086448,216,32,184
E00086449,261,45,216
E00086450,251,48,203
E00086451,305,44,261
E00086452,374,100,274
E00086453,362,60,302
E00086454,321,54,267
E00086455,294,31,263
E00086456,292,27,265
E00086457,256,52,204
E00086458,215,30,185
E00086459,291,40,251
E00086460,336,108,228
E00086461,271,66,205
E00086462,305,51,254
E00086463,251,57,194
E00086464,250,53,197
E00086465,209,44,165
E00086466,267,44,223
E00086467,214,33,181
E00086468,232,20,212
E00086469,213,30,183
E00086470,269,79,190
E00086471,300,49,251
E00086472,257,48,209
E00086473,206,27,179
E00086474,220,27,193
E00086475,249,29,220
E00086476,271,90,181
E00086477,270,27,243
E00086478,286,47,239
E00086479,262,33,229
E00086480,216,46,170
E00086481,243,52,191
E00086482,299,86,213
E00086483,180,23,157
E00086484,328,85,243
E00086485,203,35,168
E00086486,263,47,216
E00086487,139,14,125
E00086488,244,36,208
E00086489,217,30,187
E00086490,251,63,188
E00086491,280,64,216
E00086492,276,60,216
E00086493,372,109,263
E00086494,184,28,156
E00086495,456,58,398
E00086496,207,35,172
E00086497,258,100,158
E00086498,197,28,169
E00086499,305,27,278
E00086500,338,50,288
E00086501,234,63,171
E00086502,252,40,212
E00086503,346,188,158
E00086504,226,74,152
E00086505,320,72,248
E00086506,196,16,180
E00086507,264,32,232
E00086508,233,34,199
E00086509,589,314,275
E00086510,474,249,225
E00086511,388,267,121
E00086514,301,109,192
E00086517,204,43,161
E00086518,339,220,119
E00086519,196,18,178
E00086520,228,50,178
E00086521,317,110,207
E00086522,380,166,214
E00086523,265,84,181
E00086524,345,215,130
E00086525,385,160,225
E00086526,302,82,220
E00086527,411,197,214
E00086528,166,45,121
E00086529,266,98,168
E00086530,335,139,196
E00086531,201,67,134
E00086532,509,408,101
E00086533,175,40,135
E00086534,178,16,162
E00086535,204,54,150
E00086536,206,17,189
E00086537,292,83,209
E00086538,192,59,133
E00086539,208,46,162
E00086540,210,21,189
E00086541,288,48,240
E00086542,316,70,246
E00086543,191,41,150
E00086544,250,74,176
E00086545,325,67,258
E00086546,466,280,186
E00086547,234,67,167
E00086548,243,39,204
E00086549,239,56,183
E00086550,440,267,173
E00086551,266,66,200
E00086552,409,174,235
E00086553,234,26,208
E00086557,413,90,323
E00086559,168,13,155
E00086561,410,88,322
E00086563,257,86,171
E00086564,419,53,366
E00086565,261,65,196
E00086568,182,22,160
E00086570,286,160,126
E00086571,352,148,204
E00086572,350,173,177
E00086575,211,52,159
E00086576,374,230,144
E00086577,363,181,182
E00086578,177,42,135
E00086579,397,237,160
E00086581,245,57,188
E00086582,320,76,244
E00086583,343,63,280
E00086584,340,92,248
E00086587,408,83,325
E00086588,371,113,258
E00086589,289,75,214
E00086590,265,57,208
E00086591,423,84,339
E00086592,296,44,252
E00086593,280,38,242
E00086594,203,26,177
E00086596,453,67,386
E00086597,259,52,207
E00086598,292,54,238
E00086599,246,37,209
E00086601,544,381,163
E00086602,365,110,255
E00086603,185,27,158
E00086604,359,184,175
E00086605,239,42,197
E00086606,372,146,226
E00086607,333,130,203
E00086608,283,67,216
E00086609,263,53,210
E00086610,292,53,239
E00086611,394,121,273
E00086612,310,128,182
E00086613,235,35,200
E00086614,206,24,182
E00086615,316,45,271
E00086616,357,78,279
E00086617,230,28,202
E00086618,225,36,189
E00086619,302,50,252
E00086620,236,49,187
E00086621,349,69,280
E00086622,251,45,206
E00086623,330,54,276
E00086624,241,43,198
E00086625,272,34,238
E00086626,323,50,273
E00086627,310,59,251
E00086628,242,38,204
E00086629,385,184,201
E00086630,371,139,232
E00086631,229,44,185
E00086632,509,196,313
E00086633,268,46,222
E00086634,304,107,197
E00086636,265,80,185
E00086637,271,57,214
E00086638,214,38,176
E00086639,195,35,160
E00086641,384,90,294
E00086642,356,92,264
E00086643,374,136,238
E00086646,451,136,315
E00086647,465,148,317
E00086648,269,91,178
E00086649,285,74,211
E00086650,304,107,197
E00086651,442,119,323
E00086652,420,120,300
E00086653,409,120,289
E00086654,417,133,284
E00086655,406,133,273
E00086656,539,328,211
E00086657,530,194,336
E00086658,276,72,204
E00086659,395,134,261
E00086660,379,190,189
E00086661,539,315,224
E00086662,252,37,215
E00086663,329,169,160
E00086664,440,233,207
E00086665,400,206,194
E00086666,367,111,256
E00086667,443,232,211
E00086668,294,117,177
E00086669,369,96,273
E00086670,312,84,228
E00086671,246,47,199
E00086672,326,74,252
E00086673,271,37,234
E00086674,226,29,197
E00086675,379,120,259
E00086676,326,83,243
E00086677,216,24,192
E00086678,344,124,220
E00086679,259,55,204
E00086680,355,105,250
E00086681,264,42,222
E00086682,381,141,240
E00086683,280,37,243
E00086684,329,70,259
E00086685,207,28,179
E00086686,299,50,249
E00086687,227,26,201
E00086688,300,35,265
E00086689,300,52,248
E00086690,271,26,245
E00086691,238,21,217
E00086692,277,38,239
E00086693,252,29,223
E00086694,350,93,257
E00086695,318,49,269
E00086696,328,88,240
E00086697,312,83,229
E00086698,360,109,251
E00086699,285,82,203
E00086700,345,76,269
E00086701,320,82,238
E00086702,307,70,237
E00086703,357,94,263
E00086704,308,70,238
E00086705,269,58,211
E00086706,284,48,236
E00086707,321,85,236
E00086708,359,91,268
E00086709,258,77,181
E00086710,247,63,184
E00086711,231,58,173
E00086712,258,63,195
E00086713,290,76,214
E00086714,236,36,200
E00086715,242,55,187
E00086716,278,52,226
E00086717,299,34,265
E00086718,300,70,230
E00086719,423,66,357
E00086720,234,39,195
E00086721,346,74,272
E00086722,220,38,182
E00086723,288,59,229
E00086724,262,41,221
E00086725,217,28,189
E00086726,285,62,223
E00086727,179,32,147
E00086728,269,51,218
E00086730,319,61,258
E00086731,294,67,227
E00086732,323,73,250
E00086733,399,65,334
E00086734,329,89,240
E00086735,240,35,205
E00086736,304,50,254
E00086737,264,52,212
E00086738,304,67,237
E00086739,324,88,236
E00086740,286,57,229
E00086741,299,79,220
E00086742,229,63,166
E00086743,323,65,258
E00086744,237,31,206
E00086745,198,53,145
E00086746,284,57,227
E00086747,270,59,211
E00086748,285,40,245
E00086749,289,52,237
E00086750,272,51,221
E00086751,310,77,233
E00086752,285,66,219
E00086753,236,39,197
E00086754,251,43,208
E00086755,252,38,214
E00086756,274,54,220
E00086757,258,24,234
E00086758,306,39,267
E00086759,293,68,225
E00086760,210,35,175
E00086761,278,70,208
E00086762,399,91,308
E00086763,331,73,258
E00086764,327,65,262
E00086765,350,52,298
E00086766,396,64,332
E00086767,283,39,244
E00086768,305,56,249
E00086769,371,93,278
E00086770,412,82,330
E00086771,286,51,235
E00086772,199,38,161
E00086773,298,59,239
E00086774,165,14,151
E00086775,336,54,282
E00086776,253,63,190
E00086777,299,75,224
E00086778,244,44,200
E00086779,319,60,259
E00086780,315,79,236
E00086781,254,42,212
E00086782,208,32,176
E00086783,312,76,236
E00086784,176,3,173
E00086785,356,75,281
E00086786,271,38,233
E00086788,218,45,173
E00086789,291,57,234
E00086790,354,95,259
E00086791,243,38,205
E00086792,257,82,175
E00086793,243,38,205
E00086794,263,45,218
E00086795,282,44,238
E00086796,226,21,205
E00086798,236,31,205
E00086799,309,77,232
E00086800,278,50,228
E00086801,255,45,210
E00086802,305,74,231
E00086803,391,36,355
E00086804,278,74,204
E00086805,326,95,231
E00086806,258,51,207
E00086807,278,63,215
E00086808,184,32,152
E00086809,274,59,215
E00086810,332,50,282
E00086811,283,39,244
E00086812,270,89,181
E00086813,226,25,201
E00086814,307,32,275
E00086815,307,55,252
E00086816,315,88,227
E00086817,184,25,159
E00086818,377,111,266
E00086819,233,27,206
E00086820,238,30,208
E00086821,302,60,242
E00086822,296,43,253
E00086823,379,84,295
E00086824,155,23,132
E00086825,245,43,202
E00086826,344,56,288
E00086827,233,33,200
E00086828,310,50,260
E00086829,359,63,296
E00086830,355,58,297
E00086831,280,41,239
E00086832,296,55,241
E00086833,316,83,233
E00086834,282,41,241
E00086835,264,31,233
E00086836,333,60,273
E00086837,428,70,358
E00086838,342,70,272
E00086839,237,26,211
E00086841,326,81,245
E00086842,305,45,260
E00086843,287,59,228
E00086844,216,32,184
E00086845,258,35,223
E00086846,243,56,187
E00086847,293,71,222
E00086848,247,64,183
E00086849,356,158,198
E00086850,216,29,187
E00086851,290,68,222
E00086852,387,74,313
E00086853,297,54,243
E00086854,342,49,293
E00086855,236,44,192
E00086856,190,42,148
E00086857,219,44,175
E00086858,207,46,161
E00086859,296,66,230
E00086860,414,84,330
E00086861,290,59,231
E00086862,292,64,228
E00086863,276,52,224
E00086864,313,42,271
E00086865,304,100,204
E00086866,299,68,231
E00086867,324,75,249
E00086868,332,33,299
E00086869,312,74,238
E00086870,254,39,215
E00086871,325,84,241
E00086872,237,63,174
E00086873,353,82,271
E00086874,276,45,231
E00086875,268,31,237
E00086876,237,57,180
E00086877,384,96,288
E00086878,327,54,273
E00086879,232,24,208
E00086880,360,88,272
E00086881,310,68,242
E00086882,254,26,228
E00086883,265,39,226
E00086884,242,34,208
E00086885,271,52,219
E00086886,257,27,230
E00086887,341,75,266
E00086888,234,19,215
E00086889,241,60,181
E00086890,185,16,169
E00086891,251,36,215
E00086892,273,57,216
E00086893,469,77,392
E00086896,253,35,218
E00086897,284,57,227
E00086898,318,78,240
E00086899,232,30,202
E00086900,333,76,257
E00086901,204,35,169
E00086902,287,51,236
E00086903,272,49,223
E00086904,294,52,242
E00086905,290,51,239
E00086906,304,88,216
E00086907,242,67,175
E00086908,306,45,261
E00086909,368,100,268
E00086910,369,35,334
E00086911,323,81,242
E00086912,310,65,245
E00086913,315,68,247
E00086914,285,56,229
E00086915,260,83,177
E00086916,290,59,231
E00086917,259,46,213
E00086918,236,49,187
E00086919,262,61,201
E00086920,252,34,218
E00086921,265,56,209
E00086922,328,52,276
E00086923,522,155,367
E00086925,271,62,209
E00086926,302,78,224
E00086929,304,39,265
E00086930,342,71,271
E00086931,252,48,204
E00086932,293,77,216
E00086933,329,99,230
E00086934,182,21,161
E00086935,231,40,191
E00086936,389,80,309
E00086937,275,48,227
E00086938,382,94,288
E00086939,341,78,263
E00086940,296,59,237
E00086941,120,7,113
E00086942,345,71,274
E00086943,312,49,263
E00086944,361,91,270
E00086945,412,79,333
E00086946,292,52,240
E00086947,384,69,315
E00086948,395,91,304
E00086949,340,87,253
E00086950,269,59,210
E00086951,336,73,263
E00086952,229,39,190
E00086953,288,63,225
E00086954,216,48,168
E00086955,315,73,242
E00086956,269,61,208
E00086957,285,93,192
E00086958,314,106,208
E00086959,337,89,248
E00086960,322,86,236
E00086961,257,22,235
E00086962,290,46,244
E00086963,353,65,288
E00086964,283,61,222
E00086965,295,52,243
E00086966,401,89,312
E00086967,360,70,290
E00086968,274,64,210
E00086969,182,19,163
E00086970,322,69,253
E00086971,330,66,264
E00086972,234,35,199
E00086973,281,64,217
E00086974,285,49,236
E00086975,267,50,217
E00086976,280,42,238
E00086977,317,64,253
E00086978,357,75,282
E00086979,234,45,189
E00086980,303,51,252
E00086981,341,77,264
E00086982,313,75,238
E00086983,319,65,254
E00086984,279,57,222
E00086985,239,41,198
E00086986,335,57,278
E00086987,310,61,249
E00086988,300,38,262
E00086989,306,78,228
E00086990,271,45,226
E00086991,339,61,278
E00086992,272,51,221
E00086993,366,53,313
E00086994,329,67,262
E00086995,278,52,226
E00086996,256,51,205
E00086997,288,68,220
E00086998,266,52,214
E00086999,339,79,260
E00087000,275,56,219
E00087001,248,45,203
E00087002,355,80,275
E00087003,272,45,227
E00087004,233,34,199
E00087005,249,88,161
E00087006,337,196,141
E00087007,240,103,137
E00087008,288,48,240
E00087009,234,32,202
E00087010,293,55,238
E00087011,285,62,223
E00087012,317,63,254
E00087013,242,38,204
E00087014,260,155,105
E00087015,144,42,102
E00087016,308,42,266
E00087017,273,184,89
E00087018,292,70,222
E00087019,266,35,231
E00087020,215,25,190
E00087021,371,107,264
E00087022,316,132,184
E00087023,232,131,101
E00087024,315,152,163
E00087025,242,106,136
E00087026,525,378,147
E00087027,244,118,126
E00087028,230,74,156
E00087029,412,86,326
E00087030,366,207,159
E00087031,271,129,142
E00087032,350,124,226
E00087033,359,221,138
E00087034,230,84,146
E00087035,289,115,174
E00087036,265,104,161
E00087037,192,62,130
E00087038,296,185,111
E00087039,193,35,158
E00087040,226,34,192
E00087041,301,62,239
E00087042,271,80,191
E00087044,174,53,121
E00087045,254,52,202
E00087046,370,136,234
E00087047,273,55,218
E00087048,206,83,123
E00087049,438,184,254
E00087050,224,34,190
E00087051,311,62,249
E00087052,345,107,238
E00087053,322,85,237
E00087054,215,20,195
E00087055,308,54,254
E00087056,359,100,259
E00087057,451,98,353
E00087058,376,94,282
E00087059,129,10,119
E00087060,206,25,181
E00087061,382,68,314
E00087062,265,45,220
E00087063,383,72,311
E00087064,318,78,240
E00087065,322,86,236
E00087066,356,78,278
E00087067,286,42,244
E00087069,289,101,188
E00087070,306,100,206
E00087071,314,78,236
E00087072,256,50,206
E00087073,217,40,177
E00087074,273,51,222
E00087075,341,104,237
E00087076,178,22,156
E00087077,252,64,188
E00087078,284,68,216
E00087079,323,85,238
E00087080,292,69,223
E00087081,287,69,218
E00087082,299,77,222
E00087083,380,124,256
E00087084,266,64,202
E00087085,294,57,237
E00087086,286,36,250
E00087087,147,2,145
E00087088,292,82,210
E00087089,272,59,213
E00087090,220,40,180
E00087091,217,64,153
E00087092,304,69,235
E00087093,227,36,191
E00087094,341,72,269
E00087095,354,76,278
E00087096,296,59,237
E00087097,160,10,150
E00087098,379,78,301
E00087099,270,46,224
E00087100,293,56,237
E00087101,355,72,283
E00087102,340,59,281
E00087103,298,59,239
E00087104,273,55,218
E00087105,345,92,253
E00087106,318,71,247
E00087107,365,69,296
E00087108,313,79,234
E00087109,462,100,362
E00087110,303,60,243
E00087111,433,124,309
E00087112,292,55,237
E00087113,302,57,245
E00087114,293,59,234
E00087115,341,60,281
E00087116,300,56,244
E00087117,342,64,278
E00087118,235,61,174
E00087119,292,50,242
E00087120,252,39,213
E00087121,309,52,257
E00087122,510,151,359
E00087123,292,80,212
E00087124,369,75,294
E00087125,251,53,198
E00087126,295,70,225
E00087127,343,94,249
E00087128,339,69,270
E00087129,262,44,218
E00087130,299,66,233
E00087131,303,69,234
E00087132,196,12,184
E00087133,217,44,173
E00087134,306,67,239
E00087135,131,16,115
E00087136,362,142,220
E00087137,234,47,187
E00087138,294,59,235
E00087139,310,55,255
E00087140,376,94,282
E00087141,328,64,264
E00087142,300,66,234
E00087143,284,55,229
E00087144,340,76,264
E00087145,196,38,158
E00087146,307,64,243
E00087147,338,82,256
E00087148,304,36,268
E00087149,280,46,234
E00087150,297,52,245
E00087151,395,71,324
E00087152,395,66,329
E00087153,233,39,194
E00087154,285,44,241
E00087155,240,39,201
E00087156,275,56,219
E00087157,257,42,215
E00087158,282,40,242
E00087159,342,65,277
E00087160,198,22,176
E00087161,298,46,252
E00087162,341,60,281
E00087163,301,46,255
E00087164,257,33,224
E00087165,318,46,272
E00087166,140,12,128
E00087167,294,47,247
E00087168,319,65,254
E00087169,277,64,213
E00087170,245,34,211
E00087171,205,22,183
E00087172,222,25,197
E00087173,258,35,223
E00087174,253,40,213
E00087175,250,49,201
E00087176,287,53,234
E00087177,336,54,282
E00087178,197,13,184
E00087179,233,30,203
E00087180,292,43,249
E00087181,252,43,209
E00087182,257,43,214
E00087183,314,45,269
E00087184,216,26,190
E00087185,290,56,234
E00087186,265,53,212
E00087187,323,64,259
E00087188,400,119,281
E00087189,346,60,286
E00087190,238,40,198
E00087191,320,45,275
E00087193,327,44,283
E00087194,242,41,201
E00087195,323,96,227
E00087196,292,62,230
E00087197,213,22,191
E00087198,337,73,264
E00087199,280,41,239
E00087200,386,117,269
E00087201,383,131,252
E00087202,300,68,232
E00087204,355,105,250
E00087205,287,57,230
E00087206,291,139,152
E00087207,321,145,176
E00087208,350,115,235
E00087210,220,47,173
E00087211,196,45,151
E00087212,422,219,203
E00087213,267,126,141
E00087214,442,244,198
E00087215,246,83,163
E00087216,229,53,176
E00087218,359,135,224
E00087219,418,219,199
E00087220,367,276,91
E00087221,475,308,167
E00087222,250,42,208
E00087223,259,46,213
E00087224,389,175,214
E00087225,269,64,205
E00087226,146,2,144
E00087227,236,52,184
E00087228,256,39,217
E00087229,305,77,228
E00087230,192,33,159
E00087231,271,36,235
E00087232,314,43,271
E00087233,361,80,281
E00087234,257,73,184
E00087235,385,83,302
E00087236,396,91,305
E00087237,250,25,225
E00087238,302,28,274
E00087239,249,37,212
E00087240,245,56,189
E00087241,262,65,197
E00087242,216,27,189
E00087243,399,86,313
E00087244,239,49,190
E00087245,218,33,185
E00087246,338,129,209
E00087247,167,40,127
E00087248,369,82,287
E00087249,185,48,137
E00087250,272,57,215
E00087251,175,42,133
E00087252,316,73,243
E00087253,280,59,221
E00087255,257,36,221
E00087256,228,43,185
E00087257,442,79,363
E00087258,262,22,240
E00087259,291,36,255
E00087260,272,51,221
E00087261,259,37,222
E00087262,233,37,196
E00087263,244,38,206
E00087264,293,56,237
E00087265,316,48,268
E00087266,254,27,227
E00087268,252,46,206
E00087269,315,74,241
E00087270,268,55,213
E00087271,237,47,190
E00087272,212,52,160
E00087273,245,57,188
E00087274,330,58,272
E00087275,285,45,240
E00087276,350,59,291
E00087277,338,69,269
E00087278,243,31,212
E00087279,442,39,403
E00087280,307,19,288
E00087281,265,38,227
E00087282,289,51,238
E00087283,254,53,201
E00087284,291,69,222
E00087285,243,36,207
E00087286,319,75,244
E00087287,238,51,187
E00087288,283,56,227
E00087289,202,16,186
E00087290,262,30,232
E00087291,230,24,206
E00087292,222,21,201
E00087293,243,35,208
E00087294,197,11,186
E00087295,197,16,181
E00087296,214,30,184
E00087297,214,27,187
E00087298,210,21,189
E00087299,194,9,185
E00087300,285,43,242
E00087301,261,31,230
E00087302,243,25,218
E00087303,299,43,256
E00087304,314,54,260
E00087305,271,42,229
E00087306,349,36,313
E00087307,376,47,329
E00087308,329,58,271
E00087309,260,43,217
E00087310,260,38,222
E00087311,264,29,235
E00087312,231,26,205
E00087313,254,34,220
E00087314,213,18,195
E00087315,326,43,283
E00087316,292,65,227
E00087317,298,36,262
E00087318,335,63,272
E00087319,252,40,212
E00087320,291,43,248
E00087321,304,25,279
E00087322,286,35,251
E00087323,287,51,236
E00087324,216,31,185
E00087325,219,33,186
E00087326,190,22,168
E00087327,251,14,237
E00087328,341,58,283
E00087329,153,17,136
E00087330,291,28,263
E00087331,245,17,228
E00087332,286,27,259
E00087333,271,37,234
E00087334,278,32,246
E00087335,255,33,222
E00087336,317,92,225
E00087337,313,80,233
E00087338,279,38,241
E00087339,307,47,260
E00087340,302,56,246
E00087343,294,60,234
E00087344,252,38,214
E00087345,352,68,284
E00087346,334,67,267
E00087347,298,57,241
E00087348,286,69,217
E00087349,311,53,258
E00087350,334,54,280
E00087351,331,71,260
E00087352,315,47,268
E00087353,312,60,252
E00087354,331,26,305
E00087355,378,44,334
E00087356,408,46,362
E00087357,270,24,246
E00087358,321,65,256
E00087359,240,22,218
E00087360,429,50,379
E00087361,318,23,295
E00087362,287,42,245
E00087363,282,42,240
E00087364,346,47,299
E00087365,294,23,271
E00087366,297,41,256
E00087367,318,61,257
E00087368,264,27,237
E00087369,279,28,251
E00087370,199,9,190
E00087371,336,31,305
E00087372,165,10,155
E00087373,185,10,175
E00087374,182,13,169
E00087375,156,15,141
E00087376,173,17,156
E00087377,224,26,198
E00087378,252,35,217
E00087379,202,30,172
E00087380,279,53,226
E00087381,260,37,223
E00087382,276,61,215
E00087383,255,47,208
E00087384,246,16,230
E00087385,335,62,273
E00087387,272,59,213
E00087388,387,79,308
E00087389,291,63,228
E00087390,317,46,271
E00087391,240,39,201
E00087392,347,80,267
E00087393,343,76,267
E00087394,264,25,239
E00087395,254,35,219
E00087396,366,69,297
E00087397,207,32,175
E00087398,302,62,240
E00087399,341,61,280
E00087400,356,111,245
E00087401,324,66,258
E00087402,246,32,214
E00087403,357,63,294
E00087404,217,39,178
E00087405,303,47,256
E00087406,464,69,395
E00087408,246,19,227
E00087409,375,53,322
E00087410,365,67,298
E00087411,389,73,316
E00087412,336,64,272
E00087413,320,71,249
E00087414,275,48,227
E00087415,279,58,221
E00087416,274,51,223
E00087417,392,72,320
E00087418,317,43,274
E00087419,208,22,186
E00087420,312,71,241
E00087421,322,26,296
E00087422,383,39,344
E00087423,392,73,319
E00087424,366,76,290
E00087425,286,47,239
E00087426,263,48,215
E00087427,348,57,291
E00087428,261,33,228
E00087429,293,41,252
E00087430,259,27,232
E00087431,277,17,260
E00087432,236,7,229
E00087433,266,27,239
E00087434,242,17,225
E00087435,346,38,308
E00087436,356,40,316
E00087437,396,47,349
E00087438,353,92,261
E00087439,251,13,238
E00087440,285,24,261
E00087441,232,6,226
E00087442,234,21,213
E00087443,330,57,273
E00087444,400,51,349
E00087445,258,10,248
E00087446,315,57,258
E00087447,181,21,160
E00087448,252,13,239
E00087449,314,49,265
E00087450,275,44,231
E00087452,167,16,151
E00087453,262,42,220
E00087454,262,57,205
E00087455,222,37,185
E00087456,270,36,234
E00087457,255,46,209
E00087458,252,18,234
E00087459,251,38,213
E00087460,277,66,211
E00087461,270,38,232
E00087462,335,56,279
E00087463,281,41,240
E00087464,317,53,264
E00087465,256,26,230
E00087466,225,5,220
E00087467,262,20,242
E00087468,243,21,222
E00087469,284,22,262
E00087470,204,9,195
E00087471,349,70,279
E00087472,188,15,173
E00087473,289,30,259
E00087474,285,63,222
E00087475,293,71,222
E00087476,510,58,452
E00087477,299,70,229
E00087478,197,36,161
E00087479,246,36,210
E00087480,304,68,236
E00087481,284,63,221
E00087482,322,51,271
E00087483,389,53,336
E00087484,248,26,222
E00087485,256,13,243
E00087486,274,23,251
E00087487,219,44,175
E00087488,288,56,232
E00087489,310,37,273
E00087490,320,50,270
E00087491,238,24,214
E00087492,298,33,265
E00087493,384,75,309
E00087494,356,68,288
E00087495,290,60,230
E00087496,152,1,151
E00087497,256,40,216
E00087498,246,39,207
E00087499,208,21,187
E00087500,179,17,162
E00087501,331,49,282
E00087502,254,33,221
E00087503,250,31,219
E00087504,413,97,316
E00087505,294,49,245
E00087506,271,49,222
E00087507,295,42,253
E00087508,249,32,217
E00087509,297,48,249
E00087510,220,51,169
E00087511,241,39,202
E00087512,247,30,217
E00087513,360,47,313
E00087514,283,42,241
E00087515,286,47,239
E00087516,335,49,286
E00087517,287,34,253
E00087518,426,77,349
E00087519,381,34,347
E00087520,284,25,259
E00087521,173,3,170
E00087522,350,73,277
E00087523,239,40,199
E00087524,398,120,278
E00087526,361,82,279
E00087527,284,58,226
E00087528,308,65,243
E00087530,281,36,245
E00087531,275,66,209
E00087532,279,45,234
E00087534,228,30,198
E00087535,338,63,275
E00087537,326,79,247
E00087538,312,47,265
E00087539,279,44,235
E00087541,278,43,235
E00087543,348,64,284
E00087544,290,30,260
E00087545,294,50,244
E00087546,262,37,225
E00087547,249,35,214
E00087548,227,28,199
E00087549,261,48,213
E00087550,199,15,184
E00087551,334,37,297
E00087552,230,28,202
E00087553,215,19,196
E00087554,238,20,218
E00087555,191,16,175
E00087556,239,9,230
E00087557,321,25,296
E00087558,248,33,215
E00087559,196,27,169
E00087560,259,35,224
E00087561,290,59,231
E00087562,241,21,220
E00087563,246,31,215
E00087564,357,54,303
E00087565,276,45,231
E00087566,255,39,216
E00087567,336,61,275
E00087568,336,54,282
E00087569,308,41,267
E00087570,265,48,217
E00087571,304,50,254
E00087572,222,44,178
E00087573,304,64,240
E00087574,330,86,244
E00087575,310,68,242
E00087576,468,60,408
E00087577,261,47,214
E00087578,294,40,254
E00087579,370,96,274
E00087580,351,74,277
E00087581,394,95,299
E00087582,236,27,209
E00087583,275,51,224
E00087584,258,41,217
E00087585,373,115,258
E00087586,302,57,245
E00087587,239,32,207
E00087588,317,68,249
E00087589,481,73,408
E00087590,330,70,260
E00087591,344,66,278
E00087592,269,56,213
E00087593,232,22,210
E00087594,292,41,251
E00087595,288,15,273
E00087596,356,53,303
E00087597,330,103,227
E00087599,252,22,230
E00087600,318,84,234
E00087601,261,37,224
E00087602,304,65,239
E00087603,293,31,262
E00087604,248,29,219
E00087605,210,20,190
E00087606,317,52,265
E00087607,375,66,309
E00087608,290,57,233
E00087609,218,12,206
E00087610,276,35,241
E00087611,319,58,261
E00087612,371,54,317
E00087613,416,46,370
E00087614,260,41,219
E00087615,331,52,279
E00087616,224,21,203
E00087617,343,27,316
E00087618,250,32,218
E00087619,344,50,294
E00087620,303,45,258
E00087621,497,137,360
E00087622,367,47,320
E00087623,328,48,280
E00087624,381,44,337
E00087625,283,35,248
E00087626,280,38,242
E00087627,394,48,346
E00087628,226,26,200
E00087629,156,7,149
E00087630,215,18,197
E00087631,167,7,160
E00087632,243,25,218
E00087633,232,18,214
E00087634,315,63,252
E00087635,223,21,202
E00087636,457,73,384
E00087637,113,11,102
E00087638,115,8,107
E00087639,355,48,307
E00087640,305,34,271
E00087641,350,50,300
E00087642,288,38,250
E00087643,285,21,264
E00087644,238,18,220
E00087645,219,11,208
E00087646,250,35,215
E00087647,293,17,276
E00087648,431,65,366
E00087649,278,51,227
E00087650,307,40,267
E00087651,331,45,286
E00087652,220,10,210
E00087653,342,50,292
E00087654,245,24,221
E00087655,299,62,237
E00087656,246,54,192
E00087657,258,19,239
E00087658,303,53,250
E00087659,248,24,224
E00087660,283,49,234
E00087661,323,33,290
E00087662,273,28,245
E00087663,228,12,216
E00087664,241,25,216
E00087665,275,65,210
E00087666,242,21,221
E00087667,308,31,277
E00087668,219,17,202
E00087669,329,59,270
E00087670,254,15,239
E00087671,324,27,297
E00087672,227,17,210
E00087673,209,18,191
E00087674,339,18,321
E00087675,267,41,226
E00087676,353,64,289
E00087677,306,32,274
E00087678,347,29,318
E00087679,298,28,270
E00087680,274,50,224
E00087681,267,37,230
E00087682,259,18,241
E00087683,239,16,223
E00087684,308,14,294
E00087685,314,35,279
E00087686,352,26,326
E00087687,215,32,183
E00087688,202,18,184
E00087689,259,36,223
E00087690,212,17,195
E00087691,237,20,217
E00087692,203,31,172
E00087693,235,38,197
E00087694,218,21,197
E00087695,193,18,175
E00087696,249,35,214
E00087697,241,27,214
E00087698,229,24,205
E00087699,188,18,170
E00087700,266,16,250
E00087701,284,55,229
E00087702,273,62,211
E00087703,257,45,212
E00087704,231,26,205
E00087705,207,23,184
E00087706,189,11,178
E00087707,239,31,208
E00087708,220,12,208
E00087709,231,29,202
E00087710,340,109,231
E00087711,233,33,200
E00087712,287,40,247
E00087713,284,35,249
E00087714,263,29,234
E00087715,232,16,216
E00087716,235,30,205
E00087717,279,34,245
E00087718,278,41,237
E00087719,254,22,232
E00087720,229,30,199
E00087721,229,38,191
E00087722,253,38,215
E00087723,226,38,188
E00087724,245,32,213
E00087725,440,65,375
E00087726,214,39,175
E00087727,291,52,239
E00087728,238,29,209
E00087729,285,61,224
E00087730,265,19,246
E00087731,303,64,239
E00087732,270,23,247
E00087733,273,44,229
E00087734,278,34,244
E00087735,254,42,212
E00087736,319,79,240
E00087737,523,130,393
E00087738,406,63,343
E00087739,231,51,180
E00087740,333,78,255
E00087741,318,66,252
E00087742,330,74,256
E00087745,283,50,233
E00087746,291,42,249
E00087748,492,93,399
E00087749,307,26,281
E00087750,331,55,276
E00087751,273,37,236
E00087752,303,56,247
E00087753,349,63,286
E00087754,325,68,257
E00087755,270,51,219
E00087756,183,24,159
E00087757,136,23,113
E00087758,339,65,274
E00087759,398,96,302
E00087760,305,38,267
E00087761,462,70,392
E00087762,333,61,272
E00087763,254,30,224
E00087764,306,40,266
E00087765,210,34,176
E00087767,298,43,255
E00087768,340,57,283
E00087769,321,38,283
E00087770,317,55,262
E00087771,240,39,201
E00087772,508,110,398
E00087773,321,50,271
E00087774,296,52,244
E00087775,319,62,257
E00087776,321,64,257
E00087777,320,48,272
E00087778,268,53,215
E00087779,356,68,288
E00087780,254,27,227
E00087781,231,45,186
E00087782,277,32,245
E00087783,253,36,217
E00087784,331,45,286
E00087785,285,36,249
E00087786,266,32,234
E00087787,313,74,239
E00087788,280,47,233
E00087789,272,35,237
E00087790,230,25,205
E00087791,422,77,345
E00087792,348,59,289
E00087793,224,34,190
E00087794,298,52,246
E00087795,281,46,235
E00087796,255,38,217
E00087797,296,54,242
E00087799,275,26,249
E00087800,231,36,195
E00087801,285,63,222
E00087802,261,29,232
E00087803,347,85,262
E00087804,242,24,218
E00087805,272,26,246
E00087806,279,33,246
E00087807,241,38,203
E00087808,359,75,284
E00087809,543,116,427
E00087810,288,51,237
E00087811,311,57,254
E00087813,272,51,221
E00087814,324,45,279
E00087815,335,73,262
E00087816,292,58,234
E00087817,291,36,255
E00087818,213,29,184
E00087819,278,43,235
E00087820,276,51,225
E00087821,343,60,283
E00087822,339,68,271
E00087823,371,54,317
E00087824,354,88,266
E00087825,281,53,228
E00087826,259,47,212
E00087827,286,45,241
E00087829,261,42,219
E00087830,319,64,255
E00087831,333,68,265
E00087833,164,2,162
E00087834,396,72,324
E00087835,317,53,264
E00087836,534,112,422
E00087837,434,72,362
E00087838,428,83,345
E00087839,289,52,237
E00087840,249,29,220
E00087841,418,91,327
E00087842,536,92,444
E00087843,500,62,438
E00087844,326,61,265
E00087845,287,60,227
E00087846,276,48,228
E00087847,318,62,256
E00087848,344,67,277
E00087849,260,41,219
E00087850,320,63,257
E00087851,486,106,380
E00087853,261,43,218
E00087854,277,65,212
E00087855,290,44,246
E00087856,373,98,275
E00087859,772,713,59
E00087860,202,54,148
E00087862,247,180,67
E00087863,275,73,202
E00087864,198,36,162
E00087865,319,61,258
E00087866,423,90,333
E00087867,283,35,248
E00087868,396,70,326
E00087869,306,50,256
E00087870,431,103,328
E00087871,269,54,215
E00087872,226,21,205
E00087873,471,94,377
E00087874,351,77,274
E00087875,230,28,202
E00087876,401,64,337
E00087877,328,68,260
E00087878,283,62,221
E00087879,279,41,238
E00087880,298,29,269
E00087881,392,77,315
E00087882,259,20,239
E00087883,300,54,246
E00087884,362,83,279
E00087885,316,59,257
E00087886,327,56,271
E00087887,226,43,183
E00087888,415,78,337
E00087889,269,37,232
E00087890,297,52,245
E00087891,218,46,172
E00087892,271,30,241
E00087893,246,33,213
E00087894,265,38,227
E00087895,279,32,247
E00087896,290,43,247
E00087897,281,50,231
E00087898,303,50,253
E00087899,297,64,233
E00087900,286,45,241
E00087901,264,39,225
E00087902,334,59,275
E00087903,186,27,159
E00087904,317,56,261
E00087905,510,98,412
E00087906,249,35,214
E00087908,379,78,301
E00087909,297,38,259
E00087910,225,33,192
E00087911,276,44,232
E00087912,189,27,162
E00087913,375,73,302
E00087914,318,54,264
E00087915,327,56,271
E00087916,260,48,212
E00087917,352,69,283
E00087918,288,40,248
E00087919,275,35,240
E00087920,258,37,221
E00087921,264,51,213
E00087922,275,24,251
E00087923,349,62,287
E00087924,277,27,250
E00087925,522,66,456
E00087926,278,56,222
E00087927,357,62,295
E00087929,313,80,233
E00087930,266,25,241
E00087931,307,57,250
E00087932,273,50,223
E00087933,298,54,244
E00087934,446,84,362
E00087935,319,59,260
E00087936,379,75,304
E00087937,365,73,292
E00087938,409,83,326
E00087939,399,68,331
E00087940,316,48,268
E00087942,265,32,233
E00087943,423,56,367
E00087944,313,50,263
E00087945,322,55,267
E00087946,420,68,352
E00087947,306,41,265
E00087948,452,73,379
E00087949,322,60,262
E00087950,553,109,444
E00087951,170,26,144
E00087952,347,87,260
E00087953,329,68,261
E00087955,402,69,333
E00087956,294,57,237
E00087959,341,66,275
E00087960,264,29,235
E00087962,249,48,201
E00087963,291,46,245
E00087964,258,44,214
E00087965,176,20,156
E00087966,335,59,276
E00087967,473,98,375
E00087968,307,43,264
E00087969,286,51,235
E00087970,351,68,283
E00087971,338,69,269
E00087972,135,15,120
E00087973,315,81,234
E00087974,422,82,340
E00087975,287,52,235
E00087976,281,44,237
E00087977,374,81,293
E00087978,339,54,285
E00087979,448,86,362
E00087980,252,31,221
E00087981,470,81,389
E00087982,320,51,269
E00087983,515,99,416
E00087984,327,41,286
E00087985,308,36,272
E00087986,295,41,254
E00087987,364,52,312
E00087988,305,39,266
E00087989,299,38,261
E00087990,345,49,296
E00087991,373,75,298
E00087992,303,51,252
E00087993,269,52,217
E00087994,310,58,252
E00087995,378,69,309
E00087996,353,47,306
E00087997,245,47,198
E00087998,232,29,203
E00087999,277,42,235
E00088001,430,87,343
E00088002,462,64,398
E00088003,356,67,289
E00088004,423,73,350
E00088005,310,62,248
E00088006,302,57,245
E00088007,260,28,232
E00088008,255,36,219
E00088009,244,26,218
E00088010,327,64,263
E00088011,317,55,262
E00088012,329,65,264
E00088013,353,64,289
E00088014,376,40,336
E00088015,337,42,295
E00088016,234,48,186
E00088017,161,22,139
E00088018,325,56,269
E00088019,370,60,310
E00088020,345,68,277
E00088021,291,22,269
E00088022,470,87,383
E00088023,341,53,288
E00088024,296,45,251
E00088025,340,48,292
E00088026,292,44,248
E00088027,268,39,229
E00088028,283,79,204
E00088029,215,38,177
E00088030,272,31,241
E00088031,284,41,243
E00088032,325,70,255
E00088033,259,56,203
E00088034,282,54,228
E00088035,293,64,229
E00088036,242,47,195
E00088037,347,64,283
E00088038,329,89,240
E00088039,334,89,245
E00088040,214,24,190
E00088041,540,117,423
E00088042,323,101,222
E00088043,266,38,228
E00088044,269,42,227
E00088045,442,87,355
E00088046,337,54,283
E00088047,289,56,233
E00088048,417,86,331
E00088049,551,117,434
E00088050,387,84,303
E00088051,303,35,268
E00088052,378,100,278
E00088055,310,63,247
E00088056,240,42,198
E00088057,293,48,245
E00088059,343,71,272
E00088060,256,38,218
E00088063,282,49,233
E00088065,353,74,279
E00088066,321,66,255
E00088067,231,30,201
E00088068,240,26,214
E00088069,307,59,248
E00088070,446,79,367
E00088071,189,16,173
E00088072,249,48,201
E00088074,273,48,225
E00088076,283,40,243
E00088077,283,37,246
E00088078,434,60,374
E00088079,271,53,218
E00088080,258,41,217
E00088081,300,46,254
E00088082,315,52,263
E00088083,410,102,308
E00088084,307,62,245
E00088086,285,54,231
E00088087,339,96,243
E00088088,446,76,370
E00088089,287,12,275
E00088090,387,58,329
E00088091,337,55,282
E00088092,284,32,252
E00088095,217,42,175
E00088096,285,54,231
E00088097,454,92,362
E00088099,380,78,302
E00088100,292,57,235
E00088101,346,74,272
E00088102,293,55,238
E00088103,259,39,220
E00088104,322,49,273
E00088105,280,35,245
E00088107,305,57,248
E00088108,262,45,217
E00088109,418,100,318
E00088110,294,47,247
E00088111,301,48,253
E00088115,104,11,93
E00088116,363,73,290
E00088117,155,26,129
E00088118,362,40,322
E00088119,291,46,245
E00088120,317,64,253
E00088121,407,60,347
E00088122,308,67,241
E00088123,311,68,243
E00088124,271,32,239
E00088125,315,43,272
E00088126,427,86,341
E00088127,213,33,180
E00088128,419,67,352
E00088129,253,35,218
E00088130,362,65,297
E00088131,301,47,254
E00088132,290,54,236
E00088133,270,35,235
E00088134,277,44,233
E00088135,284,34,250
E00088136,300,60,240
E00088137,276,46,230
E00088138,292,44,248
E00088139,263,44,219
E00088140,267,42,225
E00088141,279,66,213
E00088142,318,77,241
E00088143,332,46,286
E00088144,276,51,225
E00088145,242,30,212
E00088146,299,43,256
E00088147,295,70,225
E00088148,296,71,225
E00088149,288,55,233
E00088150,298,48,250
E00088151,292,59,233
E00088152,293,51,242
E00088153,290,66,224
E00088154,271,41,230
E00088155,253,36,217
E00088156,222,42,180
E00088157,218,37,181
E00088158,303,54,249
E00088159,185,33,152
E00088161,303,43,260
E00088162,348,61,287
E00088163,366,54,312
E00088165,329,63,266
E00088168,268,46,222
E00088169,322,58,264
E00088171,323,58,265
E00088172,303,60,243
E00088173,334,73,261
E00088174,271,52,219
E00088175,335,60,275
E00088176,246,36,210
E00088177,246,38,208
E00088178,269,51,218
E00088179,262,50,212
E00088181,299,34,265
E00088182,319,67,252
E00088183,522,103,419
E00088184,273,56,217
E00088185,249,32,217
E00088186,369,72,297
E00088187,319,39,280
E00088188,358,59,299
E00088189,194,25,169
E00088190,265,38,227
E00088191,224,33,191
E00088192,250,29,221
E00088193,316,56,260
E00088194,142,25,117
E00088195,373,57,316
E00088196,289,42,247
E00088197,264,44,220
E00088198,239,31,208
E00088199,325,71,254
E00088201,375,79,296
E00088202,308,69,239
E00088203,221,29,192
E00088204,310,66,244
E00088205,266,34,232
E00088206,273,57,216
E00088207,268,49,219
E00088208,335,69,266
E00088210,342,32,310
E00088211,243,35,208
E00088212,276,50,226
E00088213,210,39,171
E00088214,319,68,251
E00088215,379,44,335
E00088216,255,49,206
E00088217,248,51,197
E00088218,359,51,308
E00088219,234,34,200
E00088220,219,34,185
E00088221,260,37,223
E00088222,411,76,335
E00088223,139,13,126
E00088225,373,80,293
E00088226,389,52,337
E00088227,362,101,261
E00088228,304,47,257
E00088229,373,86,287
E00088230,386,101,285
E00088231,330,95,235
E00088232,326,50,276
E00088233,342,71,271
E00088234,253,43,210
E00088235,366,116,250
E00088236,254,71,183
E00088237,396,108,288
E00088240,492,92,400
E00088242,298,84,214
E00088244,380,92,288
E00088245,200,42,158
E00088246,307,68,239
E00088247,358,90,268
E00088248,382,126,256
E00088249,489,94,395
E00088250,234,36,198
E00088252,250,42,208
E00088253,254,23,231
E00088254,239,68,171
E00088255,286,53,233
E00088256,286,64,222
E00088257,241,30,211
E00088258,308,90,218
E00088259,279,51,228
E00088260,256,37,219
E00088261,244,36,208
E00088262,392,86,306
E00088263,254,48,206
E00088264,358,70,288
E00088265,384,53,331
E00088266,363,56,307
E00088267,333,83,250
E00088268,301,44,257
E00088269,234,35,199
E00088270,359,60,299
E00088271,310,64,246
E00088272,283,62,221
E00088273,251,38,213
E00088274,214,19,195
E00088275,223,26,197
E00088276,254,46,208
E00088277,283,48,235
E00088278,182,21,161
E00088279,234,44,190
E00088280,233,30,203
E00088281,378,40,338
E00088282,381,63,318
E00088283,476,174,302
E00088285,426,106,320
E00088286,316,46,270
E00088288,280,49,231
E00088289,393,84,309
E00088290,208,48,160
E00088291,538,122,416
E00088293,323,119,204
E00088294,315,60,255
E00088295,307,71,236
E00088296,282,70,212
E00088297,218,41,177
E00088298,354,55,299
E00088299,231,30,201
E00088300,239,62,177
E00088301,333,84,249
E00088302,270,49,221
E00088303,313,81,232
E00088304,299,78,221
E00088305,305,89,216
E00088306,277,55,222
E00088307,152,18,134
E00088308,276,62,214
E00088309,326,46,280
E00088310,299,82,217
E00088311,315,62,253
E00088312,256,48,208
E00088313,308,70,238
E00088314,280,67,213
E00088315,305,54,251
E00088316,326,94,232
E00088317,293,60,233
E00088318,288,84,204
E00088319,271,57,214
E00088320,284,51,233
E00088321,305,55,250
E00088322,321,84,237
E00088324,289,47,242
E00088325,223,44,179
E00088326,228,30,198
E00088327,474,89,385
E00088328,304,59,245
E00088329,408,68,340
E00088330,319,72,247
E00088331,320,60,260
E00088332,279,43,236
E00088333,246,20,226
E00088334,224,30,194
E00088336,266,36,230
E00088337,332,57,275
E00088338,331,59,272
E00088340,394,66,328
E00088341,379,36,343
E00088342,252,35,217
E00088343,269,55,214
E00088344,229,35,194
E00088345,135,2,133
E00088346,236,43,193
E00088347,257,33,224
E00088348,247,37,210
E00088350,269,36,233
E00088352,147,24,123
E00088353,315,33,282
E00088354,279,41,238
E00088355,352,25,327
E00088356,243,44,199
E00088357,250,19,231
E00088358,256,40,216
E00088359,266,42,224
E00088360,319,51,268
E00088361,247,54,193
E00088362,290,58,232
E00088363,286,66,220
E00088364,262,59,203
E00088365,251,39,212
E00088366,172,18,154
E00088367,168,20,148
E00088368,229,40,189
E00088369,276,68,208
E00088370,151,7,144
E00088371,294,67,227
E00088372,151,24,127
E00088373,315,54,261
E00088374,516,105,411
E00088375,390,75,315
E00088376,378,63,315
E00088377,277,45,232
E00088378,374,64,310
E00088379,305,66,239
E00088380,297,80,217
E00088381,328,88,240
E00088382,348,67,281
E00088383,299,54,245
E00088384,280,49,231
E00088385,356,73,283
E00088386,293,49,244
E00088387,351,79,272
E00088388,315,46,269
E00088389,311,45,266
E00088390,345,70,275
E00088391,271,32,239
E00088392,280,52,228
E00088393,247,46,201
E00088394,378,90,288
E00088395,327,67,260
E00088396,223,30,193
E00088397,277,52,225
E00088398,281,49,232
E00088399,313,68,245
E00088400,323,62,261
E00088401,423,93,330
E00088402,319,81,238
E00088403,344,98,246
E00088404,270,34,236
E00088405,190,21,169
E00088406,293,50,243
E00088407,410,68,342
E00088410,332,74,258
E00088411,413,80,333
E00088412,283,45,238
E00088413,320,49,271
E00088414,236,31,205
E00088415,217,36,181
E00088416,299,47,252
E00088417,267,42,225
E00088418,287,50,237
E00088419,326,69,257
E00088420,369,90,279
E00088421,291,58,233
E00088422,351,74,277
E00088423,341,75,266
E00088424,363,80,283
E00088426,274,54,220
E00088427,349,88,261
E00088428,350,55,295
E00088429,283,46,237
E00088430,311,54,257
E00088431,355,82,273
E00088432,300,45,255
E00088433,307,64,243
E00088434,330,67,263
E00088435,404,86,318
E00088436,275,66,209
E00088437,316,56,260
E00088438,290,42,248
E00088439,304,84,220
E00088440,295,85,210
E00088441,354,106,248
E00088442,214,28,186
E00088443,317,33,284
E00088444,353,88,265
E00088445,367,99,268
E00088446,342,129,213
E00088447,428,63,365
E00088448,333,98,235
E00088449,285,65,220
E00088450,372,94,278
E00088451,295,79,216
E00088452,299,67,232
E00088453,301,79,222
E00088454,346,79,267
E00088455,261,53,208
E00088456,316,64,252
E00088457,244,44,200
E00088458,327,86,241
E00088459,264,27,237
E00088460,289,80,209
E00088461,338,75,263
E00088462,333,72,261
E00088463,472,85,387
E00088464,346,61,285
E00088465,264,49,215
E00088466,252,41,211
E00088467,271,40,231
E00088468,342,88,254
E00088469,303,63,240
E00088470,354,59,295
E00088471,404,116,288
E00088472,280,53,227
E00088473,280,35,245
E00088474,248,35,213
E00088475,332,79,253
E00088476,280,51,229
E00088477,409,59,350
E00088478,296,104,192
E00088479,320,60,260
E00088480,336,72,264
E00088481,287,51,236
E00088482,276,57,219
E00088483,296,54,242
E00088484,299,39,260
E00088485,317,62,255
E00088486,280,43,237
E00088487,272,63,209
E00088488,260,42,218
E00088489,266,55,211
E00088490,269,38,231
E00088491,424,91,333
E00088492,307,76,231
E00088493,326,76,250
E00088494,324,75,249
E00088495,329,75,254
E00088496,416,98,318
E00088497,285,53,232
E00088498,292,55,237
E00088499,306,51,255
E00088500,275,32,243
E00088501,265,43,222
E00088502,252,77,175
E00088503,251,44,207
E00088504,260,56,204
E00088505,328,53,275
E00088506,283,42,241
E00088507,277,44,233
E00088508,311,53,258
E00088509,318,59,259
E00088510,291,60,231
E00088511,327,48,279
E00088512,299,56,243
E00088513,299,50,249
E00088514,328,63,265
E00088515,296,61,235
E00088516,275,43,232
E00088517,293,45,248
E00088518,261,38,223
E00088519,254,65,189
E00088520,296,60,236
E00088521,299,59,240
E00088522,280,38,242
E00088523,258,40,218
E00088524,363,85,278
E00088526,439,130,309
E00088527,433,119,314
E00088528,301,101,200
E00088529,467,167,300
E00088531,351,92,259
E00088532,468,147,321
E00088533,387,106,281
E00088534,423,128,295
E00088535,353,95,258
E00088536,457,144,313
E00088537,392,106,286
E00088538,452,128,324
E00088540,361,72,289
E00088541,248,47,201
E00088542,468,139,329
E00088543,374,111,263
E00088544,358,55,303
E00088545,341,51,290
E00088546,393,67,326
E00088547,205,26,179
E00088548,277,67,210
E00088549,371,51,320
E00088550,328,64,264
E00088551,281,42,239
E00088552,112,14,98
E00088553,434,79,355
E00088554,466,72,394
E00088555,267,33,234
E00088556,330,32,298
E00088557,398,50,348
E00088558,324,40,284
E00088559,327,50,277
E00088560,387,45,342
E00088561,233,28,205
E00088562,378,69,309
E00088563,256,57,199
E00088564,304,40,264
E00088565,345,82,263
E00088567,249,34,215
E00088568,160,38,122
E00088569,239,43,196
E00088570,314,47,267
E00088571,298,56,242
E00088572,242,28,214
E00088573,311,52,259
E00088574,364,57,307
E00088575,256,40,216
E00088576,331,58,273
E00088577,263,51,212
E00088578,296,43,253
E00088579,334,51,283
E00088580,378,82,296
E00088581,330,59,271
E00088582,318,55,263
E00088585,256,36,220
E00088587,280,50,230
E00088588,129,21,108
E00088589,228,36,192
E00088590,333,66,267
E00088591,336,47,289
E00088594,328,67,261
E00088595,303,54,249
E00088596,198,18,180
E00088598,368,75,293
E00088600,289,33,256
E00088601,275,42,233
E00088602,280,52,228
E00088603,526,135,391
E00088604,537,98,439
E00088605,280,50,230
E00088606,433,76,357
E00088608,291,51,240
E00088609,323,53,270
E00088610,274,55,219
E00088611,238,28,210
E00088612,325,59,266
E00088613,488,75,413
E00088615,288,69,219
E00088616,434,52,382
E00088617,257,41,216
E00088618,439,56,383
E00088619,239,29,210
E00088620,267,35,232
E00088621,246,18,228
E00088622,201,29,172
E00088623,309,67,242
E00088624,251,38,213
E00088625,256,23,233
E00088626,406,64,342
E00088627,318,59,259
E00088628,323,55,268
E00088629,357,69,288
E00088630,344,73,271
E00088631,308,50,258
E00088632,283,48,235
E00088633,233,22,211
E00088634,288,39,249
E00088635,334,65,269
E00088636,341,61,280
E00088637,389,74,315
E00088638,299,51,248
E00088639,339,68,271
E00088640,283,47,236
E00088641,325,54,271
E00088642,300,61,239
E00088643,311,51,260
E00088644,302,55,247
E00088645,349,55,294
E00088646,295,49,246
E00088647,248,17,231
E00088648,290,42,248
E00088649,314,60,254
E00088650,318,55,263
E00088651,267,32,235
E00088653,228,35,193
E00088654,355,57,298
E00088655,393,75,318
E00088656,236,5,231
E00088657,250,49,201
E00088658,354,69,285
E00088659,296,57,239
E00088660,193,17,176
E00088661,146,3,143
E00088662,298,40,258
E00088663,304,50,254
E00088664,358,62,296
E00088665,298,50,248
E00088666,489,94,395
E00088667,315,40,275
E00088668,284,37,247
E00088669,336,56,280
E00088670,305,36,269
E00088671,286,53,233
E00088672,273,39,234
E00088673,249,36,213
E00088674,315,86,229
E00088675,329,60,269
E00088676,299,42,257
E00088677,275,45,230
E00088678,350,59,291
E00088679,328,76,252
E00088680,230,18,212
E00088681,362,57,305
E00088682,281,44,237
E00088684,252,64,188
E00088686,317,80,237
E00088687,322,53,269
E00088688,315,58,257
E00088690,425,68,357
E00088692,265,66,199
E00088693,316,54,262
E00088694,299,34,265
E00088695,285,25,260
E00088696,390,57,333
E00088697,243,48,195
E00088698,313,64,249
E00088699,178,36,142
E00088700,238,31,207
E00088701,288,42,246
E00088702,279,43,236
E00088704,289,33,256
E00088705,291,47,244
E00088706,303,55,248
E00088707,399,60,339
E00088708,357,60,297
E00088709,304,53,251
E00088710,292,53,239
E00088711,264,32,232
E00088712,248,31,217
E00088713,263,33,230
E00088714,265,45,220
E00088715,298,51,247
E00088717,372,52,320
E00088718,336,59,277
E00088719,284,48,236
E00088720,290,57,233
E00088721,442,82,360
E00088722,282,33,249
E00088723,311,38,273
E00088724,343,60,283
E00088725,512,78,434
E00088726,486,88,398
E00088727,257,32,225
E00088729,293,60,233
E00088730,406,122,284
E00088731,252,39,213
E00088732,347,75,272
E00088733,289,33,256
E00088734,320,59,261
E00088735,259,46,213
E00088736,337,54,283
E00088737,271,53,218
E00088738,454,95,359
E00088740,270,54,216
E00088742,272,76,196
E00088743,317,60,257
E00088744,324,53,271
E00088745,405,75,330
E00088746,300,53,247
E00088747,276,28,248
E00088748,227,34,193
E00088749,560,128,432
E00088750,410,46,364
E00088751,346,61,285
E00088752,356,56,300
E00088753,315,47,268
E00088754,377,78,299
E00088755,304,57,247
E00088756,317,64,253
E00088757,346,63,283
E00088758,295,53,242
E00088759,279,45,234
E00088760,374,63,311
E00088761,531,101,430
E00088762,352,80,272
E00088763,335,57,278
E00088764,300,71,229
E00088765,179,27,152
E00088766,309,58,251
E00088767,350,83,267
E00088768,300,43,257
E00088769,325,63,262
E00088770,294,72,222
E00088771,260,42,218
E00088772,263,43,220
E00088773,295,46,249
E00088774,295,34,261
E00088775,255,29,226
E00088776,291,44,247
E00088777,281,22,259
E00088778,348,38,310
E00088779,178,25,153
E00088780,351,63,288
E00088781,148,23,125
E00088782,148,22,126
E00088783,148,0,148
E00088785,324,59,265
E00088786,282,39,243
E00088787,375,62,313
E00088788,292,48,244
E00088789,252,33,219
E00088790,278,54,224
E00088791,253,42,211
E00088792,286,35,251
E00088793,352,38,314
E00088794,364,26,338
E00088795,297,40,257
E00088796,291,53,238
E00088797,253,39,214
E00088798,279,60,219
E00088799,310,57,253
E00088800,365,112,253
E00088801,440,59,381
E00088802,263,34,229
E00088803,301,56,245
E00088804,282,39,243
E00088805,247,41,206
E00088806,290,44,246
E00088807,327,48,279
E00088808,287,45,242
E00088809,272,49,223
E00088810,311,90,221
E00088811,237,50,187
E00088812,309,87,222
E00088813,295,93,202
E00088814,301,86,215
E00088815,313,87,226
E00088816,302,78,224
E00088817,312,43,269
E00088818,337,97,240
E00088819,298,48,250
E00088820,250,43,207
E00088821,273,64,209
E00088822,273,76,197
E00088823,326,52,274
E00088824,308,83,225
E00088825,318,58,260
E00088828,414,95,319
E00088829,264,51,213
E00088830,287,58,229
E00088831,316,83,233
E00088832,316,56,260
E00088833,233,53,180
E00088834,278,68,210
E00088835,241,34,207
E00088836,385,105,280
E00088837,355,68,287
E00088838,251,53,198
E00088839,319,73,246
E00088840,310,84,226
E00088841,294,60,234
E00088842,369,74,295
E00088843,199,37,162
E00088844,222,30,192
E00088845,292,59,233
E00088846,375,111,264
E00088847,288,60,228
E00088848,282,61,221
E00088849,248,53,195
E00088850,374,106,268
E00088851,360,99,261
E00088852,271,56,215
E00088853,325,76,249
E00088854,249,32,217
E00088855,306,47,259
E00088856,321,44,277
E00088857,296,43,253
E00088858,322,64,258
E00088859,314,35,279
E00088860,283,46,237
E00088861,293,49,244
E00088862,255,38,217
E00088863,267,45,222
E00088864,325,79,246
E00088865,299,86,213
E00088866,399,108,291
E00088867,257,30,227
E00088868,403,77,326
E00088869,277,46,231
E00088870,399,82,317
E00088871,395,57,338
E00088872,285,38,247
E00088873,286,40,246
E00088874,333,63,270
E00088876,409,112,297
E00088877,322,58,264
E00088878,232,47,185
E00088879,250,62,188
E00088880,320,53,267
E00088881,321,69,252
E00088882,390,64,326
E00088883,282,41,241
E00088884,261,40,221
E00088885,307,43,264
E00088886,518,89,429
E00088887,296,50,246
E00088888,334,53,281
E00088889,393,75,318
E00088890,284,61,223
E00088891,276,55,221
E00088892,281,55,226
E00088893,262,48,214
E00088894,261,58,203
E00088895,347,62,285
E00088896,293,45,248
E00088897,161,23,138
E00088898,256,49,207
E00088899,295,36,259
E00088900,343,79,264
E00088901,342,80,262
E00088902,349,65,284
E00088903,294,46,248
E00088904,235,25,210
E00088905,240,44,196
E00088906,293,55,238
E00088907,287,46,241
E00088908,344,66,278
E00088909,221,37,184
E00088910,247,35,212
E00088912,290,33,257
E00088913,421,62,359
E00088914,362,46,316
E00088915,312,64,248
E00088916,318,69,249
E00088917,292,75,217
E00088918,270,64,206
E00088919,280,37,243
E00088920,286,44,242
E00088921,292,73,219
E00088922,173,21,152
E00088923,329,90,239
E00088924,405,106,299
E00088925,272,70,202
E00088926,327,99,228
E00088927,344,87,257
E00088928,309,38,271
E00088929,361,54,307
E00088930,321,86,235
E00088931,324,79,245
E00088932,339,102,237
E00088933,350,95,255
E00088934,356,106,250
E00088936,244,38,206
E00088937,335,77,258
E00088938,363,67,296
E00088939,373,92,281
E00088940,278,51,227
E00088941,355,59,296
E00088942,319,71,248
E00088943,279,35,244
E00088944,275,51,224
E00088945,360,61,299
E00088946,243,27,216
E00088947,278,36,242
E00088948,324,60,264
E00088949,244,34,210
E00088950,254,51,203
E00088951,361,83,278
E00088952,252,53,199
E00088953,282,34,248
E00088954,279,48,231
E00088955,349,53,296
E00088956,289,36,253
E00088957,334,56,278
E00088958,377,50,327
E00088960,300,46,254
E00088961,338,65,273
E00088962,162,20,142
E00088963,298,36,262
E00088964,263,30,233
E00088965,246,39,207
E00088966,296,54,242
E00088967,256,47,209
E00088968,324,60,264
E00088969,334,69,265
E00088970,270,42,228
E00088971,317,59,258
E00088972,99,3,96
E00088973,261,38,223
E00088974,314,56,258
E00088976,361,61,300
E00088977,312,67,245
E00088978,320,49,271
E00088979,474,88,386
E00088981,147,23,124
E00088982,260,48,212
E00088983,428,78,350
E00088984,329,51,278
E00088985,512,104,408
E00088986,374,64,310
E00088987,344,50,294
E00088988,138,15,123
E00088989,337,52,285
E00088991,376,60,316
E00088992,299,56,243
E00088993,302,50,252
E00088994,261,32,229
E00088995,304,59,245
E00088996,355,64,291
E00088997,302,51,251
E00088998,314,57,257
E00088999,248,25,223
E00089000,263,49,214
E00089001,289,47,242
E00089005,288,50,238
E00089006,373,49,324
E00089007,334,51,283
E00089008,247,50,197
E00089009,375,59,316
E00089011,315,74,241
E00089013,207,16,191
E00089014,280,49,231
E00089015,288,58,230
E00089016,313,64,249
E00089017,303,73,230
E00089018,294,55,239
E00089019,316,73,243
E00089020,173,21,152
E00089021,289,54,235
E00089022,296,62,234
E00089023,333,70,263
E00089024,264,44,220
E00089025,306,56,250
E00089026,322,59,263
E00089027,274,42,232
E00089028,313,62,251
E00089029,286,60,226
E00089030,358,56,302
E00089031,254,36,218
E00089032,316,55,261
E00089033,321,73,248
E00089034,235,48,187
E00089035,317,70,247
E00089036,389,94,295
E00089037,327,56,271
E00089038,303,75,228
E00089039,336,84,252
E00089040,273,49,224
E00089041,290,53,237
E00089042,294,51,243
E00089043,428,72,356
E00089044,362,45,317
E00089045,220,32,188
E00089047,307,42,265
E00089048,129,20,109
E00089049,251,44,207
E00089050,267,47,220
E00089051,289,43,246
E00089052,294,56,238
E00089053,283,55,228
E00089054,332,60,272
E00089055,421,83,338
E00089056,301,38,263
E00089057,295,55,240
E00089058,284,61,223
E00089059,263,45,218
E00089060,336,49,287
E00089061,278,52,226
E00089062,199,49,150
E00089063,279,47,232
E00089064,196,124,72
E00089066,256,46,210
E00089067,320,64,256
E00089068,339,60,279
E00089069,224,48,176
E00089070,233,47,186
E00089071,261,30,231
E00089072,274,52,222
E00089073,266,45,221
E00089074,283,66,217
E00089075,324,76,248
E00089076,329,70,259
E00089077,321,69,252
E00089078,414,87,327
E00089079,323,74,249
E00089080,353,69,284
E00089081,346,70,276
E00089082,312,85,227
E00089084,292,47,245
E00089085,277,57,220
E00089087,267,52,215
E00089088,345,69,276
E00089090,249,40,209
E00089091,201,25,176
E00089092,464,134,330
E00089093,326,61,265
E00089094,192,44,148
E00089095,233,43,190
E00089096,241,46,195
E00089097,117,19,98
E00089098,268,52,216
E00089099,421,80,341
E00089100,391,56,335
E00089101,348,63,285
E00089102,295,31,264
E00089103,298,56,242
E00089104,266,36,230
E00089105,297,75,222
E00089106,263,38,225
E00089107,227,29,198
E00089108,437,85,352
E00089109,282,57,225
E00089110,285,53,232
E00089111,225,25,200
E00089112,312,59,253
E00089113,382,110,272
E00089114,147,6,141
E00089115,329,77,252
E00089116,426,88,338
E00089117,255,36,219
E00089118,219,23,196
E00089119,321,62,259
E00089120,247,38,209
E00089121,302,53,249
E00089122,242,46,196
E00089124,255,47,208
E00089125,308,57,251
E00089126,334,47,287
E00089127,247,30,217
E00089128,412,90,322
E00089129,495,89,406
E00089130,219,30,189
E00089131,180,16,164
E00089132,244,66,178
E00089133,305,40,265
E00089134,359,90,269
E00089135,259,36,223
E00089136,209,39,170
E00089137,207,30,177
E00089138,301,60,241
E00089139,368,54,314
E00089140,347,74,273
E00089141,356,85,271
E00089142,338,63,275
E00089143,238,40,198
E00089144,350,101,249
E00089145,358,100,258
E00089146,297,41,256
E00089147,275,61,214
E00089148,261,38,223
E00089149,306,60,246
E00089150,341,60,281
E00089151,366,80,286
E00089152,287,60,227
E00089153,300,50,250
E00089154,229,25,204
E00089155,281,69,212
E00089156,284,56,228
E00089157,333,65,268
E00089158,344,56,288
E00089159,277,40,237
E00089160,189,14,175
E00089161,266,52,214
E00089162,253,36,217
E00089163,252,33,219
E00089164,272,44,228
E00089165,260,26,234
E00089166,317,97,220
E00089167,284,66,218
E00089168,389,104,285
E00089169,285,45,240
E00089170,252,43,209
E00089171,330,89,241
E00089172,361,111,250
E00089173,239,31,208
E00089174,477,115,362
E00089175,284,66,218
E00089176,384,51,333
E00089178,371,48,323
E00089179,325,30,295
E00089181,285,46,239
E00089182,298,85,213
E00089183,266,49,217
E00089184,393,112,281
E00089185,321,79,242
E00089186,328,51,277
E00089187,300,45,255
E00089188,300,43,257
E00089189,220,37,183
E00089190,496,71,425
E00089191,292,43,249
E00089192,403,93,310
E00089193,340,55,285
E00089195,362,66,296
E00089196,391,53,338
E00089197,308,54,254
E00089198,460,77,383
E00089199,423,74,349
E00089200,375,60,315
E00089201,239,43,196
E00089202,499,116,383
E00089203,142,29,113
E00089204,247,47,200
E00089205,406,107,299
E00089207,297,70,227
E00089208,149,24,125
E00089209,392,75,317
E00089210,438,79,359
E00089211,128,19,109
E00089212,255,36,219
E00089213,305,43,262
E00089214,235,25,210
E00089215,495,116,379
E00089216,426,82,344
E00089217,507,98,409
E00089219,303,47,256
E00089220,236,29,207
E00089221,160,22,138
E00089222,318,61,257
E00089223,322,64,258
E00089224,294,43,251
E00089225,199,16,183
E00089226,252,51,201
E00089227,255,44,211
E00089228,229,27,202
E00089229,293,55,238
E00089230,286,39,247
E00089231,115,13,102
E00089232,181,32,149
E00089233,399,76,323
E00089234,312,51,261
E00089235,425,96,329
E00089236,355,44,311
E00089237,304,51,253
E00089238,295,31,264
E00089239,498,93,405
E00089240,258,48,210
E00089241,269,50,219
E00089242,294,46,248
E00089243,267,41,226
E00089244,333,56,277
E00089245,307,46,261
E00089246,260,58,202
E00089247,128,28,100
E00089248,393,76,317
E00089249,332,76,256
E00089250,315,62,253
E00089251,271,55,216
E00089252,298,67,231
E00089253,272,61,211
E00089254,249,38,211
E00089255,505,96,409
E00089256,326,58,268
E00089257,232,43,189
E00089259,261,45,216
E00089260,151,15,136
E00089261,186,38,148
E00089263,128,17,111
E00089264,241,24,217
E00089265,259,54,205
E00089266,326,54,272
E00089269,197,75,122
E00089270,334,65,269
E00089271,314,56,258
E00089272,373,51,322
E00089273,275,46,229
E00089274,360,64,296
E00089275,223,32,191
E00089276,293,56,237
E00089277,278,43,235
E00089278,292,65,227
E00089279,387,73,314
E00089280,313,39,274
E00089281,186,14,172
E00089282,312,39,273
E00089283,275,46,229
E00089284,253,45,208
E00089285,260,50,210
E00089286,268,39,229
E00089287,300,48,252
E00089288,332,49,283
E00089289,238,34,204
E00089291,291,50,241
E00089293,256,49,207
E00089294,324,60,264
E00089296,194,24,170
E00089297,271,40,231
E00089298,324,62,262
E00089299,349,76,273
E00089300,128,25,103
E00089301,280,32,248
E00089302,248,45,203
E00089303,280,44,236
E00089304,313,48,265
E00089305,385,90,295
E00089306,278,44,234
E00089307,329,79,250
E00089308,314,49,265
E00089309,307,22,285
E00089310,289,47,242
E00089311,287,50,237
E00089312,227,38,189
E00089313,364,81,283
E00089314,367,71,296
E00089315,315,72,243
E00089316,297,68,229
E00089317,276,53,223
E00089318,286,56,230
E00089319,344,82,262
E00089320,238,37,201
E00089321,315,41,274
E00089322,315,62,253
E00089323,242,34,208
E00089324,211,23,188
E00089325,269,48,221
E00089326,297,46,251
E00089328,297,61,236
E00089329,192,42,150
E00089330,226,37,189
E00089331,272,55,217
E00089333,323,48,275
E00089334,377,72,305
E00089335,237,17,220
E00089336,344,79,265
E00089337,356,67,289
E00089339,412,71,341
E00089340,331,64,267
E00089341,507,78,429
E00089342,291,55,236
E00089343,397,81,316
E00089344,307,63,244
E00089345,279,50,229
E00089346,308,71,237
E00089347,245,30,215
E00089348,300,71,229
E00089349,314,52,262
E00089350,333,80,253
E00089352,328,85,243
E00089353,309,61,248
E00089354,308,68,240
E00089355,282,56,226
E00089356,328,78,250
E00089357,280,51,229
E00089358,397,75,322
E00089359,291,76,215
E00089360,279,27,252
E00089361,339,96,243
E00089362,235,35,200
E00089363,389,117,272
E00089364,326,65,261
E00089365,390,87,303
E00089367,396,98,298
E00089368,449,130,319
E00089369,258,52,206
E00089370,495,148,347
E00089371,312,76,236
E00089372,410,98,312
E00089373,437,136,301
E00089374,280,52,228
E00089375,290,58,232
E00089376,378,97,281
E00089377,375,94,281
E00089378,410,97,313
E00089379,366,80,286
E00089380,386,65,321
E00089381,152,26,126
E00089382,307,52,255
E00089383,254,34,220
E00089384,558,135,423
E00089385,256,54,202
E00089386,265,67,198
E00089387,283,34,249
E00089388,291,35,256
E00089389,162,23,139
E00089390,312,50,262
E00089391,252,37,215
E00089392,201,35,166
E00089393,305,60,245
E00089394,301,64,237
E00089395,386,82,304
E00089396,365,80,285
E00089397,433,67,366
E00089398,405,65,340
E00089399,162,27,135
E00089400,124,22,102
E00089401,329,61,268
E00089402,527,97,430
E00089403,249,49,200
E00089405,385,75,310
E00089406,538,113,425
E00089407,326,66,260
E00089408,194,40,154
E00089410,462,94,368
E00089411,253,65,188
E00089412,142,27,115
E00089415,335,86,249
E00089416,276,58,218
E00089417,314,70,244
E00089418,230,34,196
E00089419,340,83,257
E00089420,279,61,218
E00089421,238,26,212
E00089422,306,55,251
E00089423,208,26,182
E00089424,255,44,211
E00089425,302,59,243
E00089426,220,26,194
E00089427,212,13,199
E00089428,338,74,264
E00089429,379,104,275
E00089430,260,41,219
E00089431,323,89,234
E00089432,297,49,248
E00089433,299,46,253
E00089434,259,57,202
E00089435,334,81,253
E00089436,316,79,237
E00089437,355,95,260
E00089438,327,84,243
E00089439,329,82,247
E00089440,283,39,244
E00089442,299,54,245
E00089443,320,37,283
E00089444,304,56,248
E00089446,174,41,133
E00089447,138,26,112
E00089448,289,57,232
E00089449,428,72,356
E00089450,275,38,237
E00089451,285,61,224
E00089453,249,35,214
E00089454,287,69,218
E00089455,363,83,280
E00089456,440,56,384
E00089457,316,83,233
E00089458,287,56,231
E00089459,174,14,160
E00089460,410,82,328
E00089461,284,61,223
E00089462,201,17,184
E00089463,297,61,236
E00089464,319,49,270
E00089465,199,33,166
E00089466,335,63,272
E00089467,278,61,217
E00089468,239,34,205
E00089469,261,29,232
E00089470,459,85,374
E00089471,226,35,191
E00089472,310,51,259
E00089473,333,48,285
E00089474,240,44,196
E00089475,302,68,234
E00089476,411,92,319
E00089477,279,55,224
E00089478,293,50,243
E00089479,404,51,353
E00089480,337,50,287
E00089481,405,60,345
E00089482,411,77,334
E00089483,372,79,293
E00089484,262,42,220
E00089485,387,64,323
E00089486,132,20,112
E00089487,149,17,132
E00089488,352,50,302
E00089489,435,69,366
E00089490,413,73,340
E00089491,322,40,282
E00089492,274,42,232
E00089494,334,58,276
E00089495,234,28,206
E00089496,371,71,300
E00089497,197,28,169
E00089498,253,48,205
E00089499,288,28,260
E00089500,286,32,254
E00089501,196,25,171
E00089502,305,47,258
E00089503,285,59,226
E00089504,303,49,254
E00089505,254,33,221
E00089506,302,65,237
E00089507,407,93,314
E00089508,312,50,262
E00089509,291,69,222
E00089510,267,55,212
E00089511,300,69,231
E00089512,320,70,250
E00089513,401,101,300
E00089514,363,74,289
E00089515,339,83,256
E00089516,367,83,284
E00089517,242,44,198
E00089518,320,67,253
E00089519,390,97,293
E00089520,320,87,233
E00089521,463,78,385
E00089522,321,82,239
E00089523,350,86,264
E00089524,318,78,240
E00089525,313,64,249
E00089526,341,63,278
E00089527,415,121,294
E00089528,197,31,166
E00089529,250,43,207
E00089530,154,24,130
E00089531,322,36,286
E00089532,249,69,180
E00089533,310,77,233
E00089534,292,57,235
E00089535,273,56,217
E00089536,253,43,210
E00089537,269,57,212
E00089538,304,77,227
E00089539,238,38,200
E00089540,336,83,253
E00089541,325,67,258
E00089542,189,25,164
E00089543,286,82,204
E00089544,260,59,201
E00089545,286,36,250
E00089546,372,83,289
E00089547,332,69,263
E00089548,388,82,306
E00089549,348,63,285
E00089550,356,69,287
E00089551,327,53,274
E00089552,280,47,233
E00089553,323,71,252
E00089554,428,83,345
E00089555,249,34,215
E00089556,313,66,247
E00089557,319,85,234
E00089558,399,85,314
E00089559,493,124,369
E00089560,311,52,259
E00089561,348,69,279
E00089562,286,37,249
E00089563,255,49,206
E00089564,362,70,292
E00089565,234,42,192
E00089566,160,40,120
E00089567,197,32,165
E00089568,333,60,273
E00089569,320,75,245
E00089570,387,81,306
E00089571,297,47,250
E00089572,358,81,277
E00089573,359,97,262
E00089574,297,45,252
E00089575,387,67,320
E00089576,180,31,149
E00089577,115,11,104
E00089578,209,31,178
E00089579,404,83,321
E00089580,291,69,222
E00089581,307,84,223
E00089582,335,77,258
E00089583,211,19,192
E00089584,367,93,274
E00089585,315,72,243
E00089586,316,70,246
E00089587,340,81,259
E00089588,310,54,256
E00089590,277,41,236
E00089591,323,68,255
E00089592,328,63,265
E00089593,359,67,292
E00089594,426,72,354
E00089595,372,68,304
E00089596,335,56,279
E00089597,396,87,309
E00089598,363,65,298
E00089599,245,47,198
E00089600,359,66,293
E00089601,365,73,292
E00089602,152,25,127
E00089603,483,82,401
E00089604,442,78,364
E00089605,377,72,305
E00089606,339,71,268
E00089607,264,57,207
E00089608,305,71,234
E00089609,326,78,248
E00089610,332,89,243
E00089611,278,45,233
E00089612,299,68,231
E00089613,251,53,198
E00089614,302,55,247
E00089615,261,47,214
E00089616,271,49,222
E00089617,267,47,220
E00089618,322,53,269
E00089619,393,91,302
E00089620,367,79,288
E00089621,355,66,289
E00089622,235,42,193
E00089623,393,92,301
E00089624,248,41,207
E00089625,353,54,299
E00089626,318,63,255
E00089627,286,56,230
E00089628,331,69,262
E00089629,352,79,273
E00089630,460,75,385
E00089631,336,82,254
E00089632,360,78,282
E00089633,247,25,222
E00089634,317,78,239
E00089635,277,55,222
E00089636,291,62,229
E00089637,328,66,262
E00089638,299,65,234
E00089639,349,93,256
E00089640,364,73,291
E00089641,328,85,243
E00089642,311,103,208
E00089643,322,64,258
E00089644,322,63,259
E00089645,276,33,243
E00089646,317,56,261
E00089647,330,67,263
E00089648,340,65,275
E00089649,330,51,279
E00089650,322,78,244
E00089651,327,74,253
E00089652,334,49,285
E00089653,287,56,231
E00089654,301,65,236
E00089655,301,74,227
E00089656,346,70,276
E00089657,220,48,172
E00089658,347,72,275
E00089659,339,75,264
E00089660,315,64,251
E00089661,251,37,214
E00089662,271,53,218
E00089663,233,44,189
E00089664,240,19,221
E00089665,242,42,200
E00089666,315,80,235
E00089667,303,63,240
E00089668,259,41,218
E00089669,360,78,282
E00089670,274,21,253
E00089671,308,59,249
E00089672,315,50,265
E00089673,282,49,233
E00089674,298,48,250
E00089675,291,54,237
E00089676,333,78,255
E00089677,306,37,269
E00089678,366,63,303
E00089679,300,40,260
E00089680,275,39,236
E00089681,296,46,250
E00089682,311,58,253
E00089683,308,48,260
E00089684,322,67,255
E00089685,284,41,243
E00089686,320,68,252
E00089687,336,58,278
E00089688,280,47,233
E00089689,294,25,269
E00089691,357,70,287
E00089693,321,72,249
E00089694,337,83,254
E00089696,346,98,248
E00089697,303,76,227
E00089698,322,51,271
E00089699,307,66,241
E00089700,329,74,255
E00089701,293,63,230
E00089702,321,83,238
E00089703,323,66,257
E00089704,375,81,294
E00089705,299,52,247
E00089706,366,68,298
E00089707,324,71,253
E00089708,362,87,275
E00089709,368,86,282
E00089710,268,66,202
E00089711,390,84,306
E00089712,290,61,229
E00089713,321,51,270
E00089714,343,83,260
E00089715,286,53,233
E00089716,327,61,266
E00089717,339,76,263
E00089718,401,96,305
E00089719,460,135,325
E00089720,317,66,251
E00089721,385,78,307
E00089722,143,23,120
E00089723,120,19,101
E00089724,277,47,230
E00089725,227,36,191
E00089726,317,50,267
E00089727,358,70,288
E00089728,390,114,276
E00089729,388,82,306
E00089730,340,68,272
E00089731,382,93,289
E00089732,359,94,265
E00089733,311,69,242
E00089734,308,61,247
E00089735,324,77,247
E00089736,302,54,248
E00089737,295,58,237
E00089738,327,30,297
E00089739,296,53,243
E00089740,302,51,251
E00089741,184,28,156
E00089742,303,76,227
E00089743,350,80,270
E00089744,274,45,229
E00089745,276,38,238
E00089746,304,70,234
E00089747,270,69,201
E00089748,261,33,228
E00089749,292,66,226
E00089750,290,47,243
E00089751,235,39,196
E00089752,410,71,339
E00089753,313,55,258
E00089754,301,59,242
E00089755,310,66,244
E00089756,275,44,231
E00089757,262,57,205
E00089758,312,71,241
E00089759,445,128,317
E00089760,337,87,250
E00089761,337,87,250
E00089762,343,61,282
E00089763,302,56,246
E00089764,270,67,203
E00089765,352,55,297
E00089766,319,73,246
E00089767,304,57,247
E00089768,228,42,186
E00089769,294,37,257
E00089770,261,34,227
E00089772,370,47,323
E00089773,346,69,277
E00089774,362,67,295
E00089775,220,22,198
E00089776,253,58,195
E00089777,289,41,248
E00089778,218,36,182
E00089779,270,57,213
E00089780,253,41,212
E00089781,307,60,247
E00089782,336,71,265
E00089783,265,48,217
E00089784,344,83,261
E00089785,243,47,196
E00089786,380,78,302
E00089787,306,71,235
E00089788,303,68,235
E00089789,362,46,316
E00089790,327,67,260
E00089791,332,69,263
E00089792,369,81,288
E00089793,399,133,266
E00089794,333,82,251
E00089795,346,79,267
E00089796,414,101,313
E00089797,323,87,236
E00089798,310,62,248
E00089799,235,41,194
E00089800,364,82,282
E00089801,310,65,245
E00089802,327,87,240
E00089803,395,92,303
E00089804,288,64,224
E00089805,325,53,272
E00089806,426,61,365
E00089807,461,100,361
E00089808,295,58,237
E00089809,304,78,226
E00089810,402,79,323
E00089811,439,98,341
E00089812,250,57,193
E00089813,321,94,227
E00089814,476,116,360
E00089815,379,69,310
E00089816,255,33,222
E00089817,590,174,416
E00089818,244,51,193
E00089819,292,60,232
E00089820,367,97,270
E00089821,367,85,282
E00089822,295,65,230
E00089823,378,78,300
E00089824,335,78,257
E00089825,411,91,320
E00089826,260,49,211
E00089827,435,116,319
E00089828,374,40,334
E00089829,281,52,229
E00089830,351,51,300
E00089831,337,67,270
E00089832,250,40,210
E00089833,343,67,276
E00089834,316,85,231
E00089835,368,82,286
E00089836,290,62,228
E00089837,280,37,243
E00089838,303,59,244
E00089839,412,49,363
E00089840,305,55,250
E00089841,229,20,209
E00089842,330,67,263
E00089843,295,47,248
E00089844,372,67,305
E00089845,306,39,267
E00089846,352,74,278
E00089847,308,47,261
E00089848,254,52,202
E00089849,261,50,211
E00089850,313,65,248
E00089851,304,56,248
E00089852,371,63,308
E00089853,310,58,252
E00089854,352,83,269
E00089855,321,87,234
E00089856,304,68,236
E00089857,243,43,200
E00089858,258,60,198
E00089859,245,30,215
E00089860,433,57,376
E00089861,309,61,248
E00089862,298,61,237
E00089864,255,28,227
E00089865,301,54,247
E00089866,290,38,252
E00089867,269,46,223
E00089868,281,39,242
E00089869,291,63,228
E00089870,296,36,260
E00089871,307,24,283
E00089872,309,44,265
E00089873,387,79,308
E00089874,466,97,369
E00089875,275,39,236
E00089876,316,57,259
E00089877,264,31,233
E00089878,278,50,228
E00089879,278,57,221
E00089880,458,69,389
E00089881,379,68,311
E00089882,319,45,274
E00089883,290,37,253
E00089884,342,69,273
E00089885,207,46,161
E00089886,335,63,272
E00089887,265,34,231
E00089888,461,94,367
E00089889,293,40,253
E00089890,331,58,273
E00089891,434,86,348
E00089892,385,86,299
E00089893,319,68,251
E00089894,358,77,281
E00089895,337,68,269
E00089896,377,76,301
E00089897,290,48,242
E00089898,423,76,347
E00089899,270,46,224
E00089900,321,57,264
E00089901,398,65,333
E00089902,528,179,349
E00089903,496,98,398
E00089904,297,56,241
E00089905,371,84,287
E00089906,336,80,256
E00089907,341,82,259
E00089908,318,65,253
E00089909,311,80,231
E00089910,421,78,343
E00089911,406,88,318
E00089912,299,53,246
E00089913,266,58,208
E00089914,358,41,317
E00089915,502,70,432
E00089916,283,43,240
E00089917,386,116,270
E00089918,391,87,304
E00089919,401,87,314
E00089920,232,42,190
E00089921,389,97,292
E00089922,513,92,421
E00089923,380,88,292
E00089924,389,116,273
E00089925,412,100,312
E00089926,388,86,302
E00089927,440,103,337
E00089928,272,50,222
E00089929,241,43,198
E00089930,238,40,198
E00089931,315,60,255
E00089932,297,72,225
E00089933,309,46,263
E00089934,227,43,184
E00089935,320,51,269
E00089936,278,53,225
E00089937,433,91,342
E00089938,170,26,144
E00089939,259,34,225
E00089940,335,50,285
E00089941,302,53,249
E00089942,183,32,151
E00089943,280,49,231
E00089944,277,56,221
E00089945,319,49,270
E00089946,355,81,274
E00089947,426,83,343
E00089948,273,57,216
E00089949,261,55,206
E00089950,530,103,427
E00089951,296,54,242
E00089952,303,50,253
E00089953,323,42,281
E00089954,390,80,310
E00089955,293,53,240
E00089956,490,95,395
E00089957,395,77,318
E00089958,369,75,294
E00089959,419,69,350
E00089960,421,68,353
E00089961,379,49,330
E00089962,266,34,232
E00089963,309,52,257
E00089964,483,72,411
E00089965,322,82,240
E00089966,500,72,428
E00089967,332,44,288
E00089968,362,71,291
E00089969,269,44,225
E00089970,342,80,262
E00089971,286,68,218
E00089972,344,64,280
E00089973,262,51,211
E00089974,355,69,286
E00089975,341,58,283
E00089976,348,53,295
E00089977,299,50,249
E00089978,448,95,353
E00089979,477,69,408
E00089980,499,69,430
E00089982,238,32,206
E00089983,342,44,298
E00089984,200,34,166
E00089985,292,45,247
E00089987,202,21,181
E00089988,335,66,269
E00089989,301,48,253
E00089990,303,67,236
E00089991,225,4,221
E00089992,239,80,159
E00089993,365,65,300
E00089994,381,73,308
E00089996,284,64,220
E00089997,317,57,260
E00089998,445,114,331
E00089999,421,90,331
E00090000,437,105,332
E00090001,310,61,249
E00090002,435,128,307
E00090004,364,82,282
E00090005,239,46,193
E00090006,398,82,316
E00090007,360,81,279
E00090009,451,106,345
E00090010,474,115,359
E00090013,441,97,344
E00090014,354,80,274
E00090015,367,77,290
E00090016,429,85,344
E00090017,387,89,298
E00090018,415,115,300
E00090019,211,35,176
E00090020,376,65,311
E00090021,319,75,244
E00090023,384,73,311
E00090024,353,51,302
E00090025,345,51,294
E00090027,515,52,463
E00090028,311,52,259
E00090029,206,20,186
E00090030,317,34,283
E00090031,271,42,229
E00090032,258,49,209
E00090033,319,62,257
E00090034,288,44,244
E00090035,430,118,312
E00090036,328,55,273
E00090037,324,58,266
E00090038,411,70,341
E00090039,403,83,320
E00090040,288,67,221
E00090041,347,64,283
E00090042,234,31,203
E00090043,365,56,309
E00090044,273,32,241
E00090045,246,36,210
E00090046,314,50,264
E00090047,363,42,321
E00090048,344,70,274
E00090049,242,21,221
E00090050,333,57,276
E00090051,269,57,212
E00090052,295,61,234
E00090053,301,45,256
E00090054,273,41,232
E00090055,300,51,249
E00090056,273,42,231
E00090057,185,13,172
E00090058,220,28,192
E00090059,285,34,251
E00090060,355,50,305
E00090061,333,48,285
E00090062,327,94,233
E00090063,202,33,169
E00090064,353,70,283
E00090065,443,107,336
E00090066,417,117,300
E00090067,412,120,292
E00090068,419,118,301
E00090069,423,115,308
E00090070,299,82,217
E00090071,276,60,216
E00090072,275,60,215
E00090073,333,82,251
E00090074,447,113,334
E00090075,294,51,243
E00090076,423,85,338
E00090077,297,49,248
E00090078,360,76,284
E00090079,358,86,272
E00090080,334,85,249
E00090081,353,42,311
E00090082,382,96,286
E00090083,364,57,307
E00090084,274,49,225
E00090085,262,37,225
E00090086,312,41,271
E00090087,253,46,207
E00090088,280,49,231
E00090089,280,28,252
E00090090,341,59,282
E00090091,180,21,159
E00090092,301,47,254
E00090093,457,71,386
E00090094,344,81,263
E00090095,578,173,405
E00090096,114,5,109
E00090097,283,81,202
E00090098,400,100,300
E00090099,200,20,180
E00090100,369,90,279
E00090102,345,74,271
E00090103,223,63,160
E00090104,321,55,266
E00090105,307,62,245
E00090106,358,104,254
E00090107,316,81,235
E00090108,272,67,205
E00090109,342,83,259
E00090111,369,81,288
E00090112,339,80,259
E00090113,283,66,217
E00090114,360,91,269
E00090115,333,71,262
E00090116,275,44,231
E00090117,345,75,270
E00090118,328,79,249
E00090119,254,41,213
E00090120,273,59,214
E00090121,154,41,113
E00090122,385,98,287
E00090123,105,21,84
E00090124,440,101,339
E00090125,323,62,261
E00090126,340,90,250
E00090127,355,66,289
E00090128,283,54,229
E00090129,313,54,259
E00090130,251,39,212
E00090131,279,40,239
E00090132,309,50,259
E00090133,287,44,243
E00090134,335,59,276
E00090135,279,47,232
E00090136,309,65,244
E00090137,340,72,268
E00090138,295,63,232
E00090139,278,66,212
E00090140,317,81,236
E00090141,254,59,195
E00090142,304,57,247
E00090143,291,55,236
E00090144,301,69,232
E00090145,307,51,256
E00090146,296,43,253
E00090147,273,46,227
E00090148,273,30,243
E00090149,306,57,249
E00090150,284,43,241
E00090151,285,45,240
E00090152,356,69,287
E00090153,292,50,242
E00090154,302,70,232
E00090155,282,27,255
E00090156,336,54,282
E00090157,297,65,232
E00090158,273,28,245
E00090159,265,41,224
E00090160,293,43,250
E00090161,311,61,250
E00090162,271,50,221
E00090163,391,63,328
E00090164,356,64,292
E00090165,295,50,245
E00090166,269,31,238
E00090167,288,55,233
E00090168,256,33,223
E00090169,356,62,294
E00090170,272,48,224
E00090171,274,46,228
E00090172,321,52,269
E00090173,343,54,289
E00090174,281,27,254
E00090175,310,80,230
E00090176,297,56,241
E00090177,338,90,248
E00090178,331,67,264
E00090179,316,61,255
E00090180,279,58,221
E00090181,328,80,248
E00090182,269,65,204
E00090183,325,78,247
E00090184,324,80,244
E00090185,408,103,305
E00090186,330,82,248
E00090187,293,49,244
E00090188,278,42,236
E00090189,349,82,267
E00090190,319,57,262
E00090191,217,18,199
E00090193,210,31,179
E00090194,261,42,219
E00090195,219,30,189
E00090196,261,38,223
E00090197,311,66,245
E00090198,248,40,208
E00090199,223,35,188
E00090200,327,67,260
E00090201,264,44,220
E00090202,370,86,284
E00090203,365,64,301
E00090204,333,75,258
E00090205,308,73,235
E00090206,420,76,344
E00090208,311,51,260
E00090209,361,82,279
E00090210,317,55,262
E00090211,310,69,241
E00090213,326,53,273
E00090214,328,63,265
E00090215,396,76,320
E00090216,363,91,272
E00090218,307,58,249
E00090219,231,47,184
E00090220,318,56,262
E00090221,334,56,278
E00090222,179,18,161
E00090223,316,61,255
E00090224,297,67,230
E00090225,301,49,252
E00090226,301,68,233
E00090227,327,75,252
E00090228,301,58,243
E00090229,268,55,213
E00090230,235,32,203
E00090231,273,57,216
E00090232,272,43,229
E00090233,368,82,286
E00090234,330,50,280
E00090235,342,62,280
E00090236,490,104,386
E00090238,223,48,175
E00090239,153,15,138
E00090240,194,28,166
E00090241,266,29,237
E00090242,288,52,236
E00090243,287,57,230
E00090244,239,42,197
E00090245,295,48,247
E00090246,365,99,266
E00090247,280,53,227
E00090248,265,38,227
E00090249,258,39,219
E00090250,360,96,264
E00090251,240,31,209
E00090252,320,84,236
E00090253,278,65,213
E00090254,230,32,198
E00090255,284,45,239
E00090256,263,48,215
E00090257,265,56,209
E00090258,303,70,233
E00090259,257,41,216
E00090260,284,44,240
E00090261,358,78,280
E00090262,302,70,232
E00090263,338,85,253
E00090264,324,39,285
E00090265,274,52,222
E00090266,309,76,233
E00090267,249,51,198
E00090268,297,53,244
E00090269,327,91,236
E00090270,318,80,238
E00090271,325,75,250
E00090272,383,91,292
E00090273,338,76,262
E00090274,282,60,222
E00090275,382,84,298
E00090276,280,46,234
E00090277,295,59,236
E00090278,282,50,232
E00090279,216,43,173
E00090280,308,75,233
E00090281,422,75,347
E00090282,283,63,220
E00090283,308,74,234
E00090284,253,60,193
E00090285,300,62,238
E00090286,289,61,228
E00090287,278,60,218
E00090288,298,73,225
E00090289,290,60,230
E00090290,304,75,229
E00090291,309,74,235
E00090292,243,47,196
E00090293,202,5,197
E00090294,281,60,221
E00090295,238,35,203
E00090296,295,73,222
E00090297,260,30,230
E00090298,315,68,247
E00090299,415,122,293
E00090300,218,53,165
E00090301,309,52,257
E00090302,244,57,187
E00090303,294,58,236
E00090304,352,108,244
E00090305,308,63,245
E00090306,335,73,262
E00090307,244,48,196
E00090308,188,21,167
E00090309,379,102,277
E00090310,250,70,180
E00090311,306,81,225
E00090312,301,71,230
E00090313,318,82,236
E00090314,332,93,239
E00090315,261,52,209
E00090316,407,87,320
E00090317,407,88,319
E00090318,461,112,349
E00090319,540,186,354
E00090320,272,36,236
E00090321,242,48,194
E00090322,322,31,291
E00090323,517,118,399
E00090324,418,81,337
E00090325,474,107,367
E00090326,371,101,270
E00090327,412,100,312
E00090328,363,131,232
E00090329,386,144,242
E00090330,390,94,296
E00090331,557,172,385
E00090332,502,125,377
E00090333,380,90,290
E00090334,292,61,231
E00090335,316,65,251
E00090336,508,132,376
E00090337,232,41,191
E00090338,294,65,229
E00090339,289,45,244
E00090340,285,72,213
E00090341,292,47,245
E00090342,344,44,300
E00090343,257,53,204
E00090344,213,40,173
E00090346,362,70,292
E00090347,490,82,408
E00090348,313,67,246
E00090349,442,70,372
E00090351,398,73,325
E00090353,489,92,397
E00090354,331,64,267
E00090355,471,64,407
E00090356,301,53,248
E00090357,317,67,250
E00090358,374,72,302
E00090359,342,65,277
E00090360,320,64,256
E00090361,329,53,276
E00090362,301,44,257
E00090363,395,82,313
E00090364,316,60,256
E00090365,302,51,251
E00090366,284,77,207
E00090367,370,95,275
E00090368,345,80,265
E00090369,329,73,256
E00090370,356,103,253
E00090371,306,44,262
E00090372,364,53,311
E00090374,197,32,165
E00090375,297,47,250
E00090376,179,28,151
E00090377,308,60,248
E00090378,459,77,382
E00090379,348,72,276
E00090380,363,76,287
E00090381,408,62,346
E00090382,304,41,263
E00090383,309,44,265
E00090384,347,67,280
E00090385,265,36,229
E00090386,451,101,350
E00090387,316,67,249
E00090388,251,34,217
E00090389,207,25,182
E00090390,276,44,232
E00090391,263,35,228
E00090392,327,71,256
E00090393,396,85,311
E00090394,271,44,227
E00090395,327,51,276
E00090396,355,73,282
E00090397,272,50,222
E00090398,377,91,286
E00090399,289,44,245
E00090400,315,76,239
E00090401,331,62,269
E00090402,360,93,267
E00090403,271,100,171
E00090404,311,72,239
E00090405,509,159,350
E00090406,429,95,334
E00090407,327,88,239
E00090408,294,46,248
E00090409,289,45,244
E00090410,333,42,291
E00090411,344,74,270
E00090412,279,50,229
E00090413,294,33,261
E00090414,333,52,281
E00090415,165,16,149
E00090416,251,40,211
E00090417,213,50,163
E00090418,448,97,351
E00090420,480,114,366
E00090421,317,54,263
E00090422,251,34,217
E00090423,314,49,265
E00090424,281,39,242
E00090425,322,60,262
E00090426,303,63,240
E00090427,321,94,227
E00090428,261,58,203
E00090429,313,62,251
E00090430,265,60,205
E00090431,399,99,300
E00090432,312,75,237
E00090433,320,50,270
E00090434,440,129,311
E00090436,389,101,288
E00090437,333,73,260
E00090438,312,48,264
E00090439,244,19,225
E00090440,250,35,215
E00090441,379,76,303
E00090442,256,50,206
E00090443,281,56,225
E00090444,281,44,237
E00090445,130,7,123
E00090446,233,34,199
E00090447,308,59,249
E00090448,285,48,237
E00090449,397,54,343
E00090450,349,48,301
E00090451,256,41,215
E00090452,100,24,76
E00090453,316,47,269
E00090454,317,66,251
E00090455,254,25,229
E00090456,237,18,219
E00090457,247,17,230
E00090458,309,49,260
E00090459,369,47,322
E00090460,301,54,247
E00090461,118,3,115
E00090462,255,49,206
E00090463,269,56,213
E00090464,232,26,206
E00090465,325,94,231
E00090466,322,80,242
E00090467,231,37,194
E00090468,241,23,218
E00090469,311,49,262
E00090470,308,76,232
E00090471,244,48,196
E00090472,219,36,183
E00090473,274,42,232
E00090474,293,64,229
E00090475,311,61,250
E00090476,221,31,190
E00090477,403,81,322
E00090478,329,59,270
E00090479,258,52,206
E00090480,507,116,391
E00090481,213,39,174
E00090482,289,66,223
E00090483,281,51,230
E00090484,320,46,274
E00090485,278,63,215
E00090486,331,56,275
E00090487,323,73,250
E00090488,298,55,243
E00090489,369,69,300
E00090490,263,44,219
E00090491,260,54,206
E00090492,319,64,255
E00090493,303,62,241
E00090494,323,58,265
E00090495,257,49,208
E00090496,254,58,196
E00090497,383,73,310
E00090498,352,73,279
E00090499,344,68,276
E00090500,347,69,278
E00090501,256,28,228
E00090502,357,74,283
E00090503,343,63,280
E00090504,266,40,226
E00090505,307,62,245
E00090506,254,47,207
E00090507,293,33,260
E00090508,382,58,324
E00090509,119,20,99
E00090510,288,53,235
E00090511,282,49,233
E00090512,283,52,231
E00090514,311,89,222
E00090515,287,62,225
E00090516,313,70,243
E00090517,507,81,426
E00090518,430,100,330
E00090519,342,75,267
E00090520,449,73,376
E00090521,327,73,254
E00090522,370,105,265
E00090523,226,52,174
E00090524,255,64,191
E00090525,352,95,257
E00090526,179,23,156
E00090527,296,94,202
E00090528,309,62,247
E00090529,320,80,240
E00090530,238,40,198
E00090531,417,90,327
E00090532,179,27,152
E00090533,321,84,237
E00090534,386,96,290
E00090535,191,17,174
E00090536,448,78,370
E00090537,367,85,282
E00090539,168,38,130
E00090540,226,39,187
E00090541,296,74,222
E00090542,292,66,226
E00090543,301,54,247
E00090545,327,76,251
E00090546,338,80,258
E00090547,254,38,216
E00090548,244,43,201
E00090549,296,86,210
E00090550,190,71,119
E00090551,383,93,290
E00090552,292,53,239
E00090553,258,63,195
E00090554,278,70,208
E00090555,275,69,206
E00090556,355,79,276
E00090557,241,42,199
E00090558,167,20,147
E00090559,324,75,249
E00090560,247,38,209
E00090561,295,70,225
E00090562,301,60,241
E00090563,189,41,148
E00090564,244,70,174
E00090565,212,40,172
E00090566,289,95,194
E00090567,235,69,166
E00090568,320,87,233
E00090569,312,60,252
E00090570,232,38,194
E00090571,355,69,286
E00090574,488,351,137
E00090575,224,55,169
E00090576,218,46,172
E00090577,1770,1642,128
E00090580,357,185,172
E00090581,252,41,211
E00090582,279,71,208
E00090583,315,100,215
E00090584,287,66,221
E00090586,321,87,234
E00090587,272,50,222
E00090588,304,62,242
E00090589,307,73,234
E00090590,227,37,190
E00090591,301,45,256
E00090592,270,66,204
E00090593,311,75,236
E00090594,397,101,296
E00090595,309,73,236
E00090596,320,91,229
E00090597,294,56,238
E00090598,327,61,266
E00090599,352,64,288
E00090600,307,65,242
E00090601,339,57,282
E00090602,231,29,202
E00090603,305,62,243
E00090604,236,41,195
E00090605,248,52,196
E00090606,346,71,275
E00090607,331,78,253
E00090608,370,86,284
E00090609,237,54,183
E00090610,201,29,172
E00090611,430,109,321
E00090612,371,83,288
E00090613,298,53,245
E00090614,547,104,443
E00090615,297,78,219
E00090616,285,68,217
E00090617,284,66,218
E00090618,314,55,259
E00090619,390,90,300
E00090620,332,63,269
E00090621,347,88,259
E00090622,408,100,308
E00090623,202,18,184
E00090624,337,88,249
E00090627,298,64,234
E00090628,252,53,199
E00090629,395,102,293
E00090630,228,20,208
E00090631,222,52,170
E00090632,490,238,252
E00090633,400,133,267
E00090634,311,87,224
E00090635,205,43,162
E00090636,266,72,194
E00090637,147,22,125
E00090638,326,61,265
E00090639,314,155,159
E00090640,331,61,270
E00090642,311,78,233
E00090643,269,28,241
E00090644,505,139,366
E00090645,316,56,260
E00090646,363,76,287
E00090647,470,108,362
E00090648,265,39,226
E00090649,350,68,282
E00090650,399,78,321
E00090651,249,53,196
E00090653,413,78,335
E00090654,173,18,155
E00090655,353,39,314
E00090656,400,88,312
E00090657,249,45,204
E00090658,301,48,253
E00090659,303,76,227
E00090660,334,76,258
E00090661,325,91,234
E00090662,250,39,211
E00090663,266,33,233
E00090664,396,98,298
E00090665,476,77,399
E00090666,342,64,278
E00090667,327,86,241
E00090668,358,65,293
E00090669,355,80,275
E00090670,328,61,267
E00090671,267,45,222
E00090672,284,63,221
E00090673,331,56,275
E00090674,239,59,180
E00090675,319,71,248
E00090676,273,77,196
E00090677,333,76,257
E00090678,218,40,178
E00090679,280,39,241
E00090680,368,95,273
E00090681,397,71,326
E00090682,381,83,298
E00090683,253,61,192
E00090684,302,66,236
E00090685,243,55,188
E00090686,317,52,265
E00090688,267,32,235
E00090689,256,27,229
E00090691,296,67,229
E00090692,312,64,248
E00090694,258,44,214
E00090695,308,44,264
E00090696,233,32,201
E00090697,295,66,229
E00090700,284,84,200
E00090701,247,54,193
E00090702,203,93,110
E00090703,171,41,130
E00090704,279,46,233
E00090705,226,44,182
E00090707,256,49,207
E00090708,259,68,191
E00090710,1862,1743,119
E00090712,1191,1066,125
E00090714,160,56,104
E00090715,766,641,125
E00090716,324,83,241
E00090717,250,53,197
E00090719,306,89,217
E00090720,268,74,194
E00090721,246,65,181
E00090723,2697,2522,175
E00090724,191,35,156
E00090726,233,74,159
E00090727,306,73,233
E00090728,272,47,225
E00090729,380,102,278
E00090730,222,58,164
E00090731,279,67,212
E00090733,303,105,198
E00090734,253,70,183
E00090736,369,219,150
E00090737,295,54,241
E00090738,343,102,241
E00090739,181,20,161
E00090740,241,70,171
E00090741,443,253,190
E00090742,191,26,165
E00090743,241,60,181
E00090744,417,262,155
E00090745,425,351,74
E00090746,293,53,240
E00090747,189,51,138
E00090748,338,109,229
E00090749,382,123,259
E00090750,328,84,244
E00090751,335,85,250
E00090752,550,91,459
E00090753,486,191,295
E00090754,341,63,278
E00090755,383,75,308
E00090756,310,83,227
E00090757,248,45,203
E00090758,294,53,241
E00090759,455,68,387
E00090760,292,69,223
E00090762,277,51,226
E00090763,341,68,273
E00090765,301,70,231
E00090766,259,59,200
E00090767,225,35,190
E00090768,587,111,476
E00090771,484,94,390
E00090772,329,71,258
E00090773,380,83,297
E00090774,331,90,241
E00090775,320,53,267
E00090777,301,68,233
E00090778,536,347,189
E00090779,273,90,183
E00090780,425,97,328
E00090781,498,103,395
E00090782,201,36,165
E00090783,207,42,165
E00090785,294,67,227
E00090786,268,51,217
E00090788,249,47,202
E00090789,355,91,264
E00090790,433,111,322
E00090791,215,65,150
E00090792,217,57,160
E00090793,238,62,176
E00090794,154,27,127
E00090795,296,58,238
E00090796,235,44,191
E00090797,232,70,162
E00090798,126,20,106
E00090799,268,62,206
E00090800,259,47,212
E00090801,280,89,191
E00090802,148,61,87
E00090803,205,35,170
E00090804,406,80,326
E00090805,232,42,190
E00090806,172,25,147
E00090808,357,96,261
E00090809,283,72,211
E00090811,208,29,179
E00090816,282,56,226
E00090817,161,25,136
E00090820,283,66,217
E00090822,247,26,221
E00090824,313,65,248
E00090825,208,13,195
E00090826,290,50,240
E00090827,327,62,265
E00090828,309,58,251
E00090829,302,66,236
E00090830,273,68,205
E00090831,213,53,160
E00090832,277,72,205
E00090833,365,72,293
E00090834,341,87,254
E00090835,282,61,221
E00090836,295,86,209
E00090837,275,68,207
E00090838,279,64,215
E00090839,420,104,316
E00090840,359,99,260
E00090841,327,89,238
E00090842,259,60,199
E00090843,570,230,340
E00090844,295,65,230
E00090845,126,18,108
E00090846,130,7,123
E00090847,170,14,156
E00090848,232,53,179
E00090849,215,20,195
E00090850,244,45,199
E00090851,231,55,176
E00090852,251,51,200
E00090853,436,111,325
E00090854,309,45,264
E00090855,491,114,377
E00090856,429,57,372
E00090857,356,75,281
E00090858,306,56,250
E00090859,359,61,298
E00090860,404,85,319
E00090861,178,32,146
E00090862,181,31,150
E00090863,255,42,213
E00090864,206,28,178
E00090865,126,13,113
E00090866,405,78,327
E00090867,287,40,247
E00090868,311,42,269
E00090869,573,118,455
E00090870,460,88,372
E00090871,460,97,363
E00090872,417,92,325
E00090873,323,56,267
E00090874,238,33,205
E00090875,290,66,224
E00090876,343,57,286
E00090877,310,73,237
E00090878,257,56,201
E00090879,275,62,213
E00090880,291,37,254
E00090881,251,36,215
E00090882,217,25,192
E00090883,274,38,236
E00090884,149,9,140
E00090885,300,52,248
E00090887,129,29,100
E00090889,433,31,402
E00090890,338,51,287
E00090891,322,58,264
E00090895,340,45,295
E00090896,366,55,311
E00090897,350,53,297
E00090898,302,56,246
E00090899,411,74,337
E00090900,391,61,330
E00090901,318,49,269
E00090902,260,45,215
E00090903,344,52,292
E00090904,329,48,281
E00090905,468,67,401
E00090906,363,82,281
E00090907,327,64,263
E00090908,258,26,232
E00090909,345,59,286
E00090910,423,65,358
E00090911,355,63,292
E00090912,380,69,311
E00090913,331,56,275
E00090914,297,43,254
E00090915,120,16,104
E00090916,207,39,168
E00090917,360,61,299
E00090918,311,18,293
E00090919,342,130,212
E00090920,274,23,251
E00090921,363,38,325
E00090922,248,20,228
E00090923,206,38,168
E00090924,353,53,300
E00090925,239,22,217
E00090926,236,28,208
E00090927,317,57,260
E00090928,360,54,306
E00090929,394,76,318
E00090930,104,1,103
E00090931,282,32,250
E00090932,224,22,202
E00090933,305,35,270
E00090934,219,39,180
E00090935,203,21,182
E00090937,218,32,186
E00090939,407,92,315
E00090941,264,42,222
E00090942,260,22,238
E00090943,287,72,215
E00090945,313,76,237
E00090946,203,25,178
E00090947,292,59,233
E00090948,241,57,184
E00090949,324,108,216
E00090950,216,20,196
E00090951,251,42,209
E00090953,318,65,253
E00090954,402,81,321
E00090956,368,70,298
E00090957,411,65,346
E00090958,371,64,307
E00090960,240,32,208
E00090961,288,46,242
E00090962,269,57,212
E00090963,229,16,213
E00090964,241,30,211
E00090965,340,51,289
E00090966,299,64,235
E00090967,222,24,198
E00090968,258,28,230
E00090969,253,39,214
E00090970,248,26,222
E00090971,223,35,188
E00090972,271,40,231
E00090973,408,107,301
E00090974,330,66,264
E00090975,252,51,201
E00090976,383,54,329
E00090977,264,52,212
E00090978,267,54,213
E00090979,334,80,254
E00090980,222,20,202
E00090981,251,48,203
E00090982,343,54,289
E00090983,169,21,148
E00090984,279,50,229
E00090985,231,43,188
E00090986,342,52,290
E00090987,390,80,310
E00090988,109,20,89
E00090989,381,62,319
E00090990,315,66,249
E00090991,263,45,218
E00090992,258,31,227
E00090993,290,40,250
E00090994,413,81,332
E00090995,190,32,158
E00090996,339,41,298
E00090997,336,74,262
E00090998,251,34,217
E00090999,389,83,306
E00091000,253,34,219
E00091001,321,70,251
E00091002,387,64,323
E00091003,261,42,219
E00091004,319,58,261
E00091005,312,47,265
E00091006,313,51,262
E00091007,345,74,271
E00091008,306,39,267
E00091009,312,60,252
E00091010,185,21,164
E00091011,289,55,234
E00091012,487,67,420
E00091013,414,89,325
E00091014,235,37,198
E00091015,309,45,264
E00091016,304,42,262
E00091017,350,58,292
E00091018,195,25,170
E00091019,386,75,311
E00091020,263,27,236
E00091021,282,33,249
E00091022,285,27,258
E00091023,225,25,200
E00091024,257,31,226
E00091025,278,24,254
E00091027,333,77,256
E00091028,330,76,254
E00091030,317,72,245
E00091031,282,44,238
E00091032,325,61,264
E00091033,323,60,263
E00091034,363,49,314
E00091036,303,47,256
E00091038,243,33,210
E00091039,259,63,196
E00091040,284,40,244
E00091041,329,39,290
E00091042,418,67,351
E00091044,459,102,357
E00091045,399,74,325
E00091046,304,50,254
E00091047,370,73,297
E00091048,261,36,225
E00091050,295,49,246
E00091051,426,97,329
E00091052,343,71,272
E00091053,381,79,302
E00091054,289,45,244
E00091055,567,102,465
E00091056,293,65,228
E00091057,311,73,238
E00091059,319,39,280
E00091060,197,23,174
E00091061,274,35,239
E00091062,436,88,348
E00091063,311,52,259
E00091064,394,91,303
E00091065,154,23,131
E00091066,315,45,270
E00091067,460,77,383
E00091068,501,53,448
E00091069,345,75,270
E00091070,323,44,279
E00091071,326,67,259
E00091072,373,70,303
E00091073,330,57,273
E00091074,443,94,349
E00091075,322,53,269
E00091076,344,66,278
E00091077,273,47,226
E00091078,346,71,275
E00091079,291,62,229
E00091080,301,53,248
E00091081,264,29,235
E00091082,412,74,338
E00091083,362,49,313
E00091084,141,31,110
E00091085,376,59,317
E00091086,289,46,243
E00091087,248,50,198
E00091088,427,98,329
E00091089,344,72,272
E00091090,318,53,265
E00091091,254,49,205
E00091092,253,33,220
E00091093,216,52,164
E00091094,113,23,90
E00091095,351,57,294
E00091096,477,109,368
E00091097,266,36,230
E00091098,324,44,280
E00091099,249,12,237
E00091100,249,26,223
E00091101,289,45,244
E00091102,359,63,296
E00091103,290,56,234
E00091104,436,77,359
E00091105,285,53,232
E00091106,274,36,238
E00091107,269,33,236
E00091108,346,59,287
E00091109,453,75,378
E00091110,355,69,286
E00091111,317,59,258
E00091112,433,71,362
E00091113,264,34,230
E00091114,385,67,318
E00091115,405,66,339
E00091116,188,53,135
E00091117,305,44,261
E00091118,162,29,133
E00091119,477,75,402
E00091120,369,48,321
E00091121,378,85,293
E00091122,225,24,201
E00091123,335,38,297
E00091124,268,43,225
E00091125,453,83,370
E00091126,348,73,275
E00091127,453,69,384
E00091128,367,67,300
E00091129,400,71,329
E00091130,521,116,405
E00091131,260,41,219
E00091132,248,25,223
E00091133,302,54,248
E00091135,263,16,247
E00091136,361,41,320
E00091137,161,20,141
E00091138,331,54,277
E00091139,326,67,259
E00091140,326,62,264
E00091141,204,22,182
E00091142,442,61,381
E00091143,262,35,227
E00091144,359,46,313
E00091145,420,65,355
E00091146,384,56,328
E00091147,315,68,247
E00091148,273,39,234
E00091149,332,56,276
E00091150,353,51,302
E00091151,404,84,320
E00091152,290,45,245
E00091153,424,75,349
E00091154,290,35,255
E00091155,454,55,399
E00091156,403,59,344
E00091157,479,92,387
E00091158,246,35,211
E00091159,285,42,243
E00091160,284,21,263
E00091161,216,21,195
E00091162,263,47,216
E00091163,310,83,227
E00091164,499,73,426
E00091165,299,59,240
E00091166,215,27,188
E00091167,524,97,427
E00091168,348,58,290
E00091169,328,47,281
E00091170,265,25,240
E00091171,315,49,266
E00091172,500,86,414
E00091173,354,92,262
E00091174,336,81,255
E00091175,309,50,259
E00091176,303,58,245
E00091178,381,46,335
E00091179,275,46,229
E00091180,515,100,415
E00091181,312,63,249
E00091182,285,35,250
E00091183,403,75,328
E00091184,307,42,265
E00091185,291,34,257
E00091186,288,49,239
E00091187,267,49,218
E00091188,334,48,286
E00091189,328,55,273
E00091190,310,81,229
E00091191,233,30,203
E00091192,264,44,220
E00091193,500,73,427
E00091194,362,47,315
E00091195,435,94,341
E00091197,422,80,342
E00091199,226,24,202
E00091200,257,40,217
E00091201,261,28,233
E00091202,341,46,295
E00091203,266,28,238
E00091204,431,46,385
E00091205,262,41,221
E00091206,268,33,235
E00091207,235,11,224
E00091208,312,64,248
E00091209,303,66,237
E00091210,235,19,216
E00091211,457,90,367
E00091212,359,64,295
E00091213,247,37,210
E00091214,246,45,201
E00091215,286,43,243
E00091216,306,78,228
E00091217,275,57,218
E00091218,283,38,245
E00091219,268,82,186
E00091220,312,41,271
E00091221,238,29,209
E00091223,563,124,439
E00091224,291,48,243
E00091225,179,33,146
E00091226,276,64,212
E00091228,411,109,302
E00091229,261,51,210
E00091230,296,57,239
E00091231,389,93,296
E00091232,357,72,285
E00091233,360,67,293
E00091234,265,37,228
E00091235,257,42,215
E00091236,301,48,253
E00091237,343,72,271
E00091238,342,81,261
E00091239,184,19,165
E00091240,295,41,254
E00091241,511,101,410
E00091242,298,60,238
E00091243,359,56,303
E00091244,455,86,369
E00091245,298,26,272
E00091246,396,81,315
E00091247,281,30,251
E00091249,422,94,328
E00091250,329,43,286
E00091251,279,31,248
E00091252,294,44,250
E00091253,292,31,261
E00091254,316,46,270
E00091255,264,31,233
E00091256,152,9,143
E00091257,298,32,266
E00091258,268,38,230
E00091259,281,37,244
E00091260,183,21,162
E00091261,502,66,436
E00091262,377,71,306
E00091263,318,55,263
E00091265,264,29,235
E00091266,297,41,256
E00091267,177,19,158
E00091270,267,29,238
E00091271,268,36,232
E00091272,166,11,155
E00091273,397,64,333
E00091275,393,60,333
E00091276,473,82,391
E00091277,454,74,380
E00091278,324,54,270
E00091279,488,60,428
E00091280,337,53,284
E00091281,310,42,268
E00091282,407,57,350
E00091283,366,81,285
E00091284,334,46,288
E00091285,327,44,283
E00091286,388,73,315
E00091287,287,46,241
E00091288,148,26,122
E00091289,276,46,230
E00091290,323,63,260
E00091291,329,52,277
E00091292,268,37,231
E00091293,328,49,279
E00091294,382,55,327
E00091295,458,63,395
E00091296,272,54,218
E00091297,266,36,230
E00091298,416,60,356
E00091299,307,34,273
E00091300,212,22,190
E00091301,171,19,152
E00091302,229,28,201
E00091303,367,59,308
E00091304,277,35,242
E00091305,386,82,304
E00091306,358,61,297
E00091307,412,66,346
E00091308,297,46,251
E00091309,165,11,154
E00091310,278,30,248
E00091311,392,40,352
E00091312,379,88,291
E00091313,346,31,315
E00091314,303,30,273
E00091315,226,26,200
E00091316,424,92,332
E00091317,330,48,282
E00091318,282,40,242
E00091319,253,31,222
E00091320,253,37,216
E00091321,204,15,189
E00091322,341,60,281
E00091323,299,36,263
E00091324,360,59,301
E00091325,320,33,287
E00091326,373,60,313
E00091327,411,52,359
E00091328,386,50,336
E00091329,318,49,269
E00091330,305,38,267
E00091331,291,43,248
E00091332,292,38,254
E00091333,261,27,234
E00091334,403,83,320
E00091335,493,107,386
E00091336,336,62,274
E00091337,445,95,350
E00091338,260,44,216
E00091339,362,58,304
E00091340,305,41,264
E00091341,277,58,219
E00091342,349,79,270
E00091343,230,30,200
E00091344,280,49,231
E00091345,270,28,242
E00091346,263,42,221
E00091347,281,29,252
E00091348,211,33,178
E00091349,297,45,252
E00091350,345,54,291
E00091351,285,51,234
E00091352,252,28,224
E00091353,295,46,249
E00091354,215,24,191
E00091355,448,69,379
E00091356,290,46,244
E00091357,227,26,201
E00091358,309,58,251
E00091359,342,63,279
E00091360,404,81,323
E00091361,318,75,243
E00091362,410,79,331
E00091363,269,27,242
E00091364,268,51,217
E00091366,255,42,213
E00091367,275,53,222
E00091368,316,68,248
E00091369,369,109,260
E00091370,416,135,281
E00091371,351,82,269
E00091372,304,75,229
E00091373,299,31,268
E00091374,531,95,436
E00091375,327,74,253
E00091376,204,17,187
E00091377,341,52,289
E00091378,502,74,428
E00091379,365,61,304
E00091380,248,21,227
E00091381,554,94,460
E00091382,459,88,371
E00091383,539,73,466
E00091384,459,81,378
E00091386,253,33,220
E00091387,294,40,254
E00091388,360,44,316
E00091389,243,26,217
E00091390,450,86,364
E00091391,315,48,267
E00091392,326,36,290
E00091395,346,43,303
E00091396,255,34,221
E00091397,327,50,277
E00091398,228,25,203
E00091399,246,41,205
E00091400,320,58,262
E00091401,376,61,315
E00091402,277,47,230
E00091403,340,50,290
E00091404,295,64,231
E00091407,485,103,382
E00091408,295,55,240
E00091409,250,46,204
E00091410,288,54,234
E00091411,271,49,222
E00091412,304,45,259
E00091413,272,43,229
E00091414,309,30,279
E00091416,275,37,238
E00091417,401,49,352
E00091418,287,61,226
E00091419,160,27,133
E00091420,314,42,272
E00091421,243,35,208
E00091422,289,51,238
E00091423,114,10,104
E00091424,263,43,220
E00091425,406,72,334
E00091426,352,44,308
E00091427,136,21,115
E00091428,329,60,269
E00091429,292,53,239
E00091430,258,36,222
E00091431,322,41,281
E00091432,272,41,231
E00091433,323,55,268
E00091434,245,29,216
E00091435,313,45,268
E00091436,366,60,306
E00091437,361,70,291
E00091438,278,41,237
E00091439,282,35,247
E00091440,270,48,222
E00091441,294,44,250
E00091442,330,58,272
E00091443,296,48,248
E00091444,331,50,281
E00091445,217,16,201
E00091446,248,26,222
E00091447,393,66,327
E00091448,163,19,144
E00091449,321,60,261
E00091450,359,55,304
E00091451,152,24,128
E00091452,266,48,218
E00091453,314,45,269
E00091454,188,26,162
E00091455,227,39,188
E00091456,255,40,215
E00091457,328,65,263
E00091458,129,18,111
E00091459,270,36,234
E00091460,300,47,253
E00091461,306,41,265
E00091462,351,45,306
E00091463,302,47,255
E00091464,307,55,252
E00091465,245,37,208
E00091466,327,58,269
E00091467,123,15,108
E00091468,264,30,234
E00091469,365,60,305
E00091470,402,80,322
E00091473,271,41,230
E00091474,282,31,251
E00091475,336,56,280
E00091476,264,29,235
E00091477,535,129,406
E00091478,538,105,433
E00091480,292,56,236
E00091481,333,61,272
E00091482,325,54,271
E00091483,254,42,212
E00091484,283,54,229
E00091485,235,17,218
E00091486,257,37,220
E00091487,306,51,255
E00091488,303,48,255
E00091489,246,24,222
E00091490,352,75,277
E00091491,270,53,217
E00091492,372,69,303
E00091493,224,31,193
E00091494,445,123,322
E00091495,270,49,221
E00091496,168,16,152
E00091497,408,63,345
E00091498,320,64,256
E00091499,331,74,257
E00091500,287,50,237
E00091501,324,65,259
E00091502,328,68,260
E00091503,300,51,249
E00091504,260,46,214
E00091505,294,56,238
E00091506,441,79,362
E00091507,324,29,295
E00091509,265,35,230
E00091510,397,64,333
E00091511,348,77,271
E00091512,266,28,238
E00091513,424,67,357
E00091514,254,32,222
E00091515,262,55,207
E00091516,281,26,255
E00091517,285,40,245
E00091518,252,36,216
E00091519,265,30,235
E00091520,317,50,267
E00091521,274,43,231
E00091522,321,44,277
E00091524,323,43,280
E00091525,303,53,250
E00091526,254,30,224
E00091527,269,59,210
E00091528,401,47,354
E00091529,316,65,251
E00091530,266,40,226
E00091531,255,42,213
E00091532,354,50,304
E00091533,356,64,292
E00091534,325,62,263
E00091535,339,48,291
E00091536,246,30,216
E00091537,359,35,324
E00091538,347,54,293
E00091539,376,83,293
E00091540,296,38,258
E00091541,348,64,284
E00091542,320,72,248
E00091543,286,74,212
E00091544,307,86,221
E00091545,354,80,274
E00091546,313,70,243
E00091547,300,59,241
E00091548,360,90,270
E00091549,479,120,359
E00091550,327,86,241
E00091551,430,107,323
E00091552,325,69,256
E00091553,393,116,277
E00091554,325,81,244
E00091556,343,71,272
E00091557,301,61,240
E00091558,287,50,237
E00091559,553,122,431
E00091560,206,54,152
E00091562,392,24,368
E00091563,296,51,245
E00091564,401,63,338
E00091565,242,24,218
E00091567,409,33,376
E00091568,363,71,292
E00091571,229,42,187
E00091572,297,56,241
E00091573,262,49,213
E00091574,310,60,250
E00091575,269,52,217
E00091576,262,42,220
E00091578,251,34,217
E00091579,246,38,208
E00091580,315,63,252
E00091581,245,42,203
E00091582,310,55,255
E00091583,237,40,197
E00091584,269,77,192
E00091585,304,47,257
E00091586,272,55,217
E00091587,251,40,211
E00091588,339,40,299
E00091589,289,47,242
E00091590,301,45,256
E00091591,347,68,279
E00091592,236,33,203
E00091593,246,42,204
E00091595,305,56,249
E00091596,284,39,245
E00091597,269,47,222
E00091598,275,45,230
E00091599,332,52,280
E00091600,467,78,389
E00091601,237,21,216
E00091602,253,21,232
E00091603,536,87,449
E00091604,367,57,310
E00091605,180,22,158
E00091606,395,75,320
E00091607,461,90,371
E00091608,354,74,280
E00091609,312,50,262
E00091610,220,40,180
E00091611,309,62,247
E00091612,288,42,246
E00091613,304,60,244
E00091614,302,50,252
E00091615,243,35,208
E00091616,340,71,269
E00091617,242,28,214
E00091618,303,54,249
E00091619,363,83,280
E00091620,243,22,221
E00091621,308,33,275
E00091622,232,58,174
E00091623,261,32,229
E00091624,287,50,237
E00091626,301,37,264
E00091627,403,74,329
E00091628,316,53,263
E00091629,273,57,216
E00091630,271,55,216
E00091631,144,37,107
E00091632,181,26,155
E00091633,192,45,147
E00091634,261,43,218
E00091635,271,61,210
E00091636,288,37,251
E00091637,164,21,143
E00091638,253,40,213
E00091639,209,39,170
E00091640,265,52,213
E00091641,230,48,182
E00091642,489,83,406
E00091643,320,52,268
E00091644,195,30,165
E00091645,181,24,157
E00091646,204,30,174
E00091647,249,43,206
E00091648,258,39,219
E00091649,288,48,240
E00091650,332,74,258
E00091651,203,30,173
E00091652,218,18,200
E00091653,307,40,267
E00091654,333,61,272
E00091655,307,51,256
E00091656,176,2,174
E00091657,217,15,202
E00091659,310,43,267
E00091660,187,10,177
E00091662,298,56,242
E00091663,234,30,204
E00091664,291,47,244
E00091665,343,72,271
E00091666,252,64,188
E00091668,287,78,209
E00091669,257,31,226
E00091670,345,56,289
E00091671,282,57,225
E00091672,222,23,199
E00091674,222,19,203
E00091675,295,49,246
E00091676,237,42,195
E00091677,307,58,249
E00091678,254,40,214
E00091679,309,62,247
E00091680,390,53,337
E00091681,293,57,236
E00091682,288,38,250
E00091683,352,72,280
E00091684,281,51,230
E00091685,322,48,274
E00091686,145,10,135
E00091687,262,44,218
E00091688,320,60,260
E00091689,324,47,277
E00091690,287,45,242
E00091691,246,16,230
E00091692,268,33,235
E00091693,200,29,171
E00091694,257,22,235
E00091695,263,32,231
E00091696,343,64,279
E00091697,367,50,317
E00091698,323,48,275
E00091699,279,27,252
E00091700,298,53,245
E00091701,281,35,246
E00091702,333,61,272
E00091703,349,44,305
E00091704,333,75,258
E00091705,270,37,233
E00091706,243,13,230
E00091707,393,70,323
E00091708,299,60,239
E00091709,429,77,352
E00091710,275,33,242
E00091711,293,48,245
E00091712,204,36,168
E00091713,270,50,220
E00091714,283,51,232
E00091715,332,65,267
E00091716,289,47,242
E00091717,349,67,282
E00091718,233,22,211
E00091720,214,17,197
E00091721,265,32,233
E00091722,262,51,211
E00091723,206,23,183
E00091724,260,43,217
E00091725,266,55,211
E00091726,314,78,236
E00091727,272,40,232
E00091728,297,41,256
E00091729,327,53,274
E00091730,347,77,270
E00091731,460,69,391
E00091732,269,42,227
E00091733,246,42,204
E00091734,264,44,220
E00091735,326,62,264
E00091736,162,18,144
E00091737,244,28,216
E00091738,245,41,204
E00091739,310,32,278
E00091740,263,36,227
E00091741,329,80,249
E00091742,299,62,237
E00091743,353,51,302
E00091744,251,30,221
E00091745,277,23,254
E00091746,279,56,223
E00091747,278,29,249
E00091749,259,12,247
E00091750,280,46,234
E00091751,304,51,253
E00091752,278,36,242
E00091753,361,80,281
E00091754,293,59,234
E00091755,269,40,229
E00091756,251,35,216
E00091757,330,69,261
E00091758,303,63,240
E00091759,332,72,260
E00091760,239,39,200
E00091761,305,36,269
E00091763,237,29,208
E00091764,348,64,284
E00091765,237,14,223
E00091766,280,44,236
E00091767,201,24,177
E00091768,203,29,174
E00091769,259,36,223
E00091770,323,40,283
E00091771,186,20,166
E00091772,312,60,252
E00091773,290,35,255
E00091774,339,66,273
E00091775,250,36,214
E00091776,261,33,228
E00091777,321,60,261
E00091778,305,44,261
E00091779,280,57,223
E00091780,284,41,243
E00091781,290,35,255
E00091783,248,32,216
E00091784,305,76,229
E00091785,325,57,268
E00091786,407,67,340
E00091787,283,50,233
E00091788,284,58,226
E00091789,204,21,183
E00091790,243,29,214
E00091791,501,75,426
E00091792,360,50,310
E00091793,250,27,223
E00091794,394,53,341
E00091795,306,42,264
E00091796,322,53,269
E00091797,282,44,238
E00091798,287,51,236
E00091799,290,51,239
E00091800,327,56,271
E00091801,263,28,235
E00091802,399,54,345
E00091803,271,25,246
E00091804,278,44,234
E00091805,261,45,216
E00091806,208,21,187
E00091807,348,54,294
E00091808,291,51,240
E00091809,351,70,281
E00091810,209,24,185
E00091811,274,52,222
E00091812,264,42,222
E00091813,329,44,285
E00091814,292,57,235
E00091815,326,64,262
E00091816,268,53,215
E00091817,285,41,244
E00091818,302,49,253
E00091819,299,40,259
E00091820,338,67,271
E00091822,277,44,233
E00091823,256,37,219
E00091824,220,19,201
E00091825,279,37,242
E00091826,260,38,222
E00091827,268,41,227
E00091828,269,60,209
E00091829,372,85,287
E00091830,327,48,279
E00091831,305,67,238
E00091832,251,36,215
E00091833,301,42,259
E00091834,382,25,357
E00091835,234,33,201
E00091836,252,46,206
E00091837,268,57,211
E00091838,299,44,255
E00091841,182,30,152
E00091842,382,78,304
E00091843,328,58,270
E00091844,401,48,353
E00091845,146,21,125
E00091846,208,27,181
E00091847,519,83,436
E00091848,382,72,310
E00091849,292,54,238
E00091850,355,70,285
E00091851,292,48,244
E00091852,238,22,216
E00091853,247,35,212
E00091854,141,22,119
E00091855,376,57,319
E00091856,330,60,270
E00091857,240,21,219
E00091859,250,51,199
E00091860,225,28,197
E00091861,287,36,251
E00091862,287,46,241
E00091863,363,39,324
E00091864,429,65,364
E00091865,299,37,262
E00091866,219,23,196
E00091867,391,71,320
E00091868,277,34,243
E00091869,243,60,183
E00091870,352,47,305
E00091871,261,30,231
E00091872,192,28,164
E00091873,279,53,226
E00091874,357,64,293
E00091875,375,62,313
E00091876,306,51,255
E00091877,352,69,283
E00091878,394,62,332
E00091879,441,103,338
E00091881,243,45,198
E00091882,302,48,254
E00091884,290,60,230
E00091885,256,70,186
E00091887,323,45,278
E00091888,255,39,216
E00091889,324,83,241
E00091890,550,110,440
E00091891,215,27,188
E00091892,294,46,248
E00091893,384,47,337
E00091894,249,28,221
E00091895,252,28,224
E00091896,299,44,255
E00091897,342,53,289
E00091898,331,60,271
E00091899,297,43,254
E00091900,280,50,230
E00091901,173,15,158
E00091902,352,65,287
E00091903,275,34,241
E00091904,441,66,375
E00091905,289,60,229
E00091906,420,72,348
E00091907,393,61,332
E00091908,466,101,365
E00091909,185,25,160
E00091910,246,43,203
E00091911,279,39,240
E00091912,301,51,250
E00091913,328,45,283
E00091914,208,33,175
E00091915,339,74,265
E00091916,260,22,238
E00091917,261,41,220
E00091918,221,24,197
E00091919,249,41,208
E00091920,239,37,202
E00091921,268,44,224
E00091922,323,57,266
E00091923,212,27,185
E00091924,289,57,232
E00091925,367,84,283
E00091926,154,31,123
E00091927,269,47,222
E00091928,218,31,187
E00091929,303,58,245
E00091930,261,44,217
E00091931,324,88,236
E00091932,318,94,224
E00091933,245,33,212
E00091934,274,39,235
E00091935,201,46,155
E00091936,366,73,293
E00091937,214,20,194
E00091938,274,55,219
E00091939,216,24,192
E00091940,178,50,128
E00091941,195,30,165
E00091942,127,18,109
E00091943,338,72,266
E00091944,328,94,234
E00091945,293,44,249
E00091946,287,61,226
E00091947,276,56,220
E00091948,239,43,196
E00091949,274,46,228
E00091950,289,57,232
E00091951,103,25,78
E00091952,377,71,306
E00091953,149,31,118
E00091954,535,122,413
E00091957,326,66,260
E00091958,341,65,276
E00091960,309,60,249
E00091962,156,27,129
E00091963,382,60,322
E00091965,452,105,347
E00091966,487,121,366
E00091967,236,45,191
E00091968,246,39,207
E00091969,308,40,268
E00091970,306,67,239
E00091971,294,66,228
E00091972,287,52,235
E00091973,347,71,276
E00091974,335,57,278
E00091975,316,64,252
E00091976,293,63,230
E00091977,281,51,230
E00091978,260,37,223
E00091979,284,51,233
E00091980,343,61,282
E00091981,198,14,184
E00091982,320,39,281
E00091983,261,43,218
E00091984,412,95,317
E00091985,407,58,349
E00091986,268,53,215
E00091987,168,26,142
E00091988,261,52,209
E00091989,309,48,261
E00091990,506,108,398
E00091991,338,75,263
E00091992,323,60,263
E00091993,328,73,255
E00091994,353,76,277
E00091995,410,91,319
E00091996,353,71,282
E00091997,388,88,300
E00091998,354,53,301
E00091999,329,57,272
E00092000,432,59,373
E00092001,458,112,346
E00092002,341,71,270
E00092003,363,71,292
E00092004,246,31,215
E00092005,381,68,313
E00092006,318,72,246
E00092007,359,61,298
E00092008,351,75,276
E00092009,258,39,219
E00092010,344,74,270
E00092011,328,81,247
E00092012,305,60,245
E00092013,290,54,236
E00092014,406,78,328
E00092015,316,52,264
E00092016,199,30,169
E00092017,374,70,304
E00092018,364,63,301
E00092019,314,60,254
E00092020,336,53,283
E00092021,269,36,233
E00092022,293,58,235
E00092023,290,51,239
E00092024,294,45,249
E00092025,263,38,225
E00092026,474,118,356
E00092027,295,40,255
E00092028,267,37,230
E00092029,328,52,276
E00092030,309,92,217
E00092031,252,44,208
E00092032,391,79,312
E00092033,195,31,164
E00092034,301,40,261
E00092035,292,43,249
E00092036,459,87,372
E00092037,256,30,226
E00092038,346,55,291
E00092039,302,50,252
E00092040,347,54,293
E00092041,295,41,254
E00092042,326,52,274
E00092043,368,56,312
E00092044,246,24,222
E00092045,180,19,161
E00092046,273,33,240
E00092047,195,31,164
E00092048,288,46,242
E00092049,416,77,339
E00092050,380,72,308
E00092051,355,71,284
E00092052,253,49,204
E00092056,244,24,220
E00092057,258,35,223
E00092058,254,38,216
E00092059,272,46,226
E00092060,277,41,236
E00092061,265,41,224
E00092062,448,98,350
E00092063,405,82,323
E00092064,321,63,258
E00092065,285,47,238
E00092066,265,58,207
E00092067,380,78,302
E00092068,270,51,219
E00092069,376,89,287
E00092070,324,71,253
E00092071,415,95,320
E00092072,254,55,199
E00092074,221,40,181
E00092075,310,66,244
E00092076,325,73,252
E00092077,287,66,221
E00092079,287,66,221
E00092080,285,59,226
E00092081,269,39,230
E00092082,278,53,225
E00092083,350,46,304
E00092084,315,55,260
E00092085,355,77,278
E00092086,293,20,273
E00092087,272,42,230
E00092088,313,65,248
E00092089,350,78,272
E00092090,331,54,277
E00092091,209,26,183
E00092092,274,44,230
E00092093,345,87,258
E00092094,311,41,270
E00092095,311,67,244
E00092096,341,89,252
E00092097,511,106,405
E00092098,284,47,237
E00092099,286,52,234
E00092100,368,69,299
E00092101,276,51,225
E00092102,209,38,171
E00092103,348,86,262
E00092105,248,59,189
E00092106,218,63,155
E00092107,323,67,256
E00092108,480,112,368
E00092109,317,60,257
E00092110,188,18,170
E00092111,331,44,287
E00092112,419,89,330
E00092113,268,48,220
E00092114,348,45,303
E00092115,345,88,257
E00092116,230,44,186
E00092117,386,76,310
E00092118,253,56,197
E00092119,248,32,216
E00092120,256,55,201
E00092121,305,62,243
E00092122,304,59,245
E00092123,348,79,269
E00092124,222,48,174
E00092125,109,13,96
E00092129,313,70,243
E00092130,272,45,227
E00092131,400,61,339
E00092132,275,61,214
E00092133,239,34,205
E00092134,116,15,101
E00092135,204,32,172
E00092136,296,41,255
E00092137,366,63,303
E00092138,247,32,215
E00092139,307,57,250
E00092140,342,87,255
E00092141,297,50,247
E00092142,279,46,233
E00092143,337,58,279
E00092144,396,78,318
E00092145,311,51,260
E00092146,426,66,360
E00092147,284,49,235
E00092148,170,29,141
E00092149,291,48,243
E00092150,288,40,248
E00092151,357,68,289
E00092152,312,46,266
E00092153,328,80,248
E00092155,300,65,235
E00092156,235,31,204
E00092157,162,29,133
E00092158,355,60,295
E00092159,331,68,263
E00092160,271,38,233
E00092161,302,36,266
E00092162,249,30,219
E00092163,317,50,267
E00092164,235,29,206
E00092165,314,50,264
E00092166,484,101,383
E00092167,314,64,250
E00092168,301,50,251
E00092169,293,41,252
E00092170,267,33,234
E00092171,271,44,227
E00092172,233,17,216
E00092173,442,95,347
E00092174,356,50,306
E00092175,324,53,271
E00092176,241,45,196
E00092177,248,40,208
E00092178,314,53,261
E00092179,287,53,234
E00092180,283,50,233
E00092181,137,28,109
E00092182,347,50,297
E00092183,155,24,131
E00092184,252,43,209
E00092185,335,68,267
E00092186,312,61,251
E00092187,199,27,172
E00092188,267,40,227
E00092189,389,84,305
E00092190,348,86,262
E00092193,445,82,363
E00092194,397,102,295
E00092195,355,67,288
E00092196,331,63,268
E00092197,348,78,270
E00092198,333,67,266
E00092199,237,54,183
E00092200,414,88,326
E00092201,403,64,339
E00092202,261,37,224
E00092203,342,70,272
E00092204,236,31,205
E00092205,344,52,292
E00092206,320,45,275
E00092207,345,66,279
E00092208,171,27,144
E00092209,332,76,256
E00092210,377,63,314
E00092211,253,39,214
E00092212,146,22,124
E00092213,276,45,231
E00092214,307,67,240
E00092215,196,29,167
E00092216,286,63,223
E00092217,245,44,201
E00092218,375,86,289
E00092219,325,79,246
E00092220,442,117,325
E00092221,325,104,221
E00092222,295,61,234
E00092223,313,78,235
E00092224,247,43,204
E00092225,282,35,247
E00092226,363,79,284
E00092227,252,53,199
E00092228,263,55,208
E00092229,159,13,146
E00092230,214,23,191
E00092231,273,48,225
E00092232,183,21,162
E00092233,261,54,207
E00092234,376,78,298
E00092235,229,32,197
E00092236,110,27,83
E00092237,323,70,253
E00092238,229,50,179
E00092239,474,82,392
E00092240,267,50,217
E00092241,317,47,270
E00092242,265,51,214
E00092243,213,26,187
E00092244,138,24,114
E00092245,203,39,164
E00092246,144,31,113
E00092247,287,60,227
E00092248,293,42,251
E00092249,325,56,269
E00092250,386,81,305
E00092251,228,36,192
E00092252,158,25,133
E00092253,345,69,276
E00092254,185,28,157
E00092255,227,28,199
E00092256,262,15,247
E00092257,402,75,327
E00092258,406,78,328
E00092259,217,41,176
E00092260,350,49,301
E00092261,295,64,231
E00092262,298,28,270
E00092263,210,36,174
E00092264,289,51,238
E00092265,123,28,95
E00092266,356,68,288
E00092267,342,67,275
E00092268,383,79,304
E00092269,138,34,104
E00092270,239,45,194
E00092271,233,45,188
E00092272,272,64,208
E00092273,350,58,292
E00092274,233,45,188
E00092275,284,49,235
E00092276,366,76,290
E00092277,333,67,266
E00092278,312,66,246
E00092279,372,72,300
E00092280,301,48,253
E00092281,283,39,244
E00092282,183,21,162
E00092283,293,57,236
E00092284,287,42,245
E00092285,320,42,278
E00092286,410,78,332
E00092288,303,29,274
E00092289,272,42,230
E00092290,320,54,266
E00092291,349,55,294
E00092293,211,33,178
E00092294,209,26,183
E00092296,255,35,220
E00092297,289,67,222
E00092298,265,43,222
E00092299,291,54,237
E00092300,340,44,296
E00092301,299,50,249
E00092302,312,46,266
E00092303,252,26,226
E00092304,405,73,332
E00092305,258,42,216
E00092306,191,34,157
E00092308,253,45,208
E00092309,356,81,275
E00092310,309,56,253
E00092311,330,63,267
E00092312,302,57,245
E00092313,241,43,198
E00092314,371,80,291
E00092315,354,90,264
E00092316,348,58,290
E00092317,317,58,259
E00092318,337,52,285
E00092319,381,68,313
E00092320,414,90,324
E00092321,389,67,322
E00092322,349,53,296
E00092323,401,65,336
E00092324,315,53,262
E00092326,320,77,243
E00092327,401,89,312
E00092328,331,53,278
E00092329,332,62,270
E00092330,348,70,278
E00092331,307,58,249
E00092332,282,50,232
E00092333,353,54,299
E00092334,278,56,222
E00092335,249,31,218
E00092336,271,56,215
E00092337,133,23,110
E00092338,352,65,287
E00092339,344,83,261
E00092340,309,61,248
E00092341,280,58,222
E00092342,337,47,290
E00092343,228,31,197
E00092344,261,80,181
E00092345,279,73,206
E00092346,248,43,205
E00092347,301,54,247
E00092348,302,48,254
E00092349,302,63,239
E00092350,353,117,236
E00092351,362,93,269
E00092352,301,43,258
E00092353,318,104,214
E00092354,382,114,268
E00092355,285,46,239
E00092356,229,28,201
E00092357,290,65,225
E00092358,299,80,219
E00092359,234,43,191
E00092360,214,24,190
E00092361,300,51,249
E00092362,212,23,189
E00092363,256,59,197
E00092364,382,89,293
E00092365,314,31,283
E00092366,290,72,218
E00092367,345,134,211
E00092368,304,55,249
E00092369,221,43,178
E00092370,270,40,230
E00092371,244,52,192
E00092372,233,30,203
E00092373,334,98,236
E00092374,284,50,234
E00092375,279,43,236
E00092376,335,81,254
E00092377,250,55,195
E00092378,251,43,208
E00092379,296,47,249
E00092380,293,71,222
E00092381,177,26,151
E00092382,221,60,161
E00092383,224,37,187
E00092384,283,37,246
E00092385,313,63,250
E00092387,491,299,192
E00092388,205,9,196
E00092389,262,38,224
E00092392,263,41,222
E00092393,369,48,321
E00092394,201,27,174
E00092395,182,16,166
E00092396,161,12,149
E00092397,316,77,239
E00092398,316,81,235
E00092399,111,16,95
E00092400,323,84,239
E00092401,304,32,272
E00092402,349,90,259
E00092403,260,38,222
E00092404,231,34,197
E00092405,263,34,229
E00092406,247,46,201
E00092407,291,52,239
E00092408,292,52,240
E00092409,291,66,225
E00092410,300,50,250
E00092411,235,46,189
E00092412,227,33,194
E00092413,241,35,206
E00092414,273,63,210
E00092415,250,43,207
E00092416,147,28,119
E00092417,216,35,181
E00092418,333,76,257
E00092419,299,51,248
E00092420,311,58,253
E00092421,252,35,217
E00092422,262,36,226
E00092423,528,99,429
E00092424,269,59,210
E00092425,104,16,88
E00092426,332,61,271
E00092427,339,75,264
E00092428,290,35,255
E00092430,435,88,347
E00092431,191,17,174
E00092434,204,29,175
E00092435,196,16,180
E00092437,609,134,475
E00092438,522,183,339
E00092439,164,11,153
E00092440,274,18,256
E00092441,237,22,215
E00092442,372,222,150
E00092443,374,197,177
E00092444,269,62,207
E00092447,450,242,208
E00092448,260,41,219
E00092449,366,147,219
E00092450,274,89,185
E00092453,202,31,171
E00092454,203,55,148
E00092455,277,33,244
E00092456,357,136,221
E00092457,483,351,132
E00092458,346,191,155
E00092459,332,48,284
E00092460,239,38,201
E00092461,374,55,319
E00092462,302,61,241
E00092463,358,88,270
E00092464,322,47,275
E00092465,278,45,233
E00092466,250,32,218
E00092467,235,34,201
E00092468,360,78,282
E00092469,311,61,250
E00092470,302,72,230
E00092471,292,53,239
E00092472,116,9,107
E00092473,258,35,223
E00092474,366,74,292
E00092475,320,48,272
E00092478,133,21,112
E00092479,298,53,245
E00092480,291,56,235
E00092481,441,54,387
E00092482,211,31,180
E00092485,243,41,202
E00092487,331,54,277
E00092488,256,33,223
E00092489,212,40,172
E00092490,219,31,188
E00092491,311,58,253
E00092492,185,28,157
E00092493,152,20,132
E00092494,252,42,210
E00092495,116,18,98
E00092496,233,54,179
E00092497,146,25,121
E00092498,292,52,240
E00092499,250,33,217
E00092501,398,80,318
E00092502,487,106,381
E00092503,273,46,227
E00092504,266,33,233
E00092505,281,26,255
E00092506,290,51,239
E00092507,381,90,291
E00092508,388,139,249
E00092509,189,5,184
E00092510,185,19,166
E00092511,233,27,206
E00092512,296,63,233
E00092513,246,41,205
E00092514,244,31,213
E00092515,323,54,269
E00092516,270,38,232
E00092517,267,38,229
E00092518,291,48,243
E00092519,206,14,192
E00092520,215,18,197
E00092521,302,20,282
E00092522,223,21,202
E00092523,211,18,193
E00092524,301,47,254
E00092525,222,20,202
E00092526,247,46,201
E00092527,206,26,180
E00092528,299,65,234
E00092529,236,33,203
E00092530,225,39,186
E00092531,324,41,283
E00092532,305,48,257
E00092533,370,55,315
E00092534,278,61,217
E00092535,350,66,284
E00092536,305,60,245
E00092537,324,69,255
E00092538,323,70,253
E00092539,297,67,230
E00092540,308,54,254
E00092541,261,41,220
E00092542,378,61,317
E00092543,256,69,187
E00092544,220,29,191
E00092545,254,50,204
E00092546,209,30,179
E00092547,297,56,241
E00092549,242,45,197
E00092550,292,56,236
E00092551,257,49,208
E00092552,324,48,276
E00092553,277,40,237
E00092554,308,37,271
E00092555,181,32,149
E00092556,311,50,261
E00092557,498,102,396
E00092558,361,47,314
E00092559,207,36,171
E00092560,392,88,304
E00092561,278,44,234
E00092562,305,48,257
E00092563,342,68,274
E00092564,294,61,233
E00092565,286,63,223
E00092566,324,97,227
E00092567,393,91,302
E00092568,324,83,241
E00092569,253,34,219
E00092570,331,52,279
E00092571,284,48,236
E00092572,339,61,278
E00092573,301,57,244
E00092574,274,56,218
E00092575,241,55,186
E00092576,274,40,234
E00092577,301,66,235
E00092578,196,27,169
E00092579,274,62,212
E00092580,386,136,250
E00092581,304,61,243
E00092582,251,30,221
E00092583,280,39,241
E00092584,209,26,183
E00092585,204,23,181
E00092586,269,38,231
E00092587,179,41,138
E00092588,207,34,173
E00092589,336,73,263
E00092590,428,63,365
E00092591,171,33,138
E00092592,213,38,175
E00092593,261,40,221
E00092594,208,25,183
E00092596,251,52,199
E00092597,296,38,258
E00092598,289,30,259
E00092599,373,56,317
E00092600,184,34,150
E00092601,195,31,164
E00092602,315,129,186
E00092603,271,51,220
E00092604,405,89,316
E00092605,261,56,205
E00092606,259,44,215
E00092607,287,55,232
E00092608,267,57,210
E00092609,214,30,184
E00092610,243,51,192
E00092611,352,61,291
E00092612,115,16,99
E00092613,189,38,151
E00092614,436,39,397
E00092615,275,40,235
E00092617,313,85,228
E00092618,297,66,231
E00092619,300,66,234
E00092620,211,23,188
E00092621,213,27,186
E00092622,231,33,198
E00092623,307,44,263
E00092624,248,43,205
E00092625,388,70,318
E00092626,228,37,191
E00092627,299,86,213
E00092628,258,55,203
E00092629,208,36,172
E00092630,284,58,226
E00092631,330,80,250
E00092632,252,40,212
E00092633,308,32,276
E00092634,219,36,183
E00092635,252,41,211
E00092636,183,20,163
E00092637,282,54,228
E00092638,255,34,221
E00092639,287,49,238
E00092640,259,45,214
E00092641,201,29,172
E00092642,214,50,164
E00092643,276,62,214
E00092644,358,55,303
E00092645,307,52,255
E00092646,325,37,288
E00092647,342,58,284
E00092648,184,32,152
E00092649,235,31,204
E00092650,384,88,296
E00092651,295,45,250
E00092652,291,60,231
E00092653,337,54,283
E00092654,257,33,224
E00092655,109,25,84
E00092656,187,30,157
E00092657,421,55,366
E00092659,202,32,170
E00092660,149,25,124
E00092661,254,51,203
E00092662,252,34,218
E00092663,279,53,226
E00092664,237,33,204
E00092665,224,26,198
E00092666,526,127,399
E00092667,477,115,362
E00092668,294,50,244
E00092669,323,67,256
E00092670,416,72,344
E00092672,223,24,199
E00092673,188,38,150
E00092674,316,46,270
E00092675,235,37,198
E00092676,133,16,117
E00092677,196,36,160
E00092678,376,76,300
E00092679,216,34,182
E00092680,298,29,269
E00092681,297,32,265
E00092682,240,38,202
E00092683,140,25,115
E00092684,377,79,298
E00092685,388,69,319
E00092686,146,27,119
E00092687,343,49,294
E00092688,123,15,108
E00092689,194,39,155
E00092690,224,28,196
E00092691,209,36,173
E00092692,306,51,255
E00092693,372,60,312
E00092694,309,58,251
E00092695,376,67,309
E00092696,293,48,245
E00092697,344,90,254
E00092698,332,40,292
E00092699,290,59,231
E00092700,333,59,274
E00092701,231,31,200
E00092702,287,55,232
E00092703,217,29,188
E00092704,243,16,227
E00092705,285,54,231
E00092706,270,47,223
E00092707,309,58,251
E00092708,272,40,232
E00092709,272,61,211
E00092710,318,57,261
E00092711,336,101,235
E00092712,319,72,247
E00092713,401,88,313
E00092715,269,44,225
E00092716,297,51,246
E00092717,296,69,227
E00092718,303,48,255
E00092719,252,46,206
E00092720,319,69,250
E00092721,296,67,229
E00092722,278,64,214
E00092723,294,49,245
E00092724,222,38,184
E00092725,232,25,207
E00092726,349,69,280
E00092727,275,45,230
E00092728,282,42,240
E00092729,245,28,217
E00092730,237,48,189
E00092731,286,37,249
E00092732,269,32,237
E00092733,373,32,341
E00092734,323,64,259
E00092735,212,23,189
E00092736,293,64,229
E00092737,264,53,211
E00092738,281,62,219
E00092739,276,67,209
E00092740,270,53,217
E00092741,138,2,136
E00092742,315,74,241
E00092743,251,43,208
E00092744,272,60,212
E00092745,259,36,223
E00092746,290,52,238
E00092747,245,51,194
E00092748,298,39,259
E00092749,255,43,212
E00092750,324,72,252
E00092751,420,84,336
E00092752,313,55,258
E00092753,283,51,232
E00092754,320,56,264
E00092755,315,63,252
E00092756,272,42,230
E00092757,267,33,234
E00092758,267,45,222
E00092759,275,48,227
E00092760,461,80,381
E00092761,293,41,252
E00092763,255,33,222
E00092764,250,37,213
E00092765,308,51,257
E00092766,252,27,225
E00092767,262,50,212
E00092768,381,64,317
E00092769,205,27,178
E00092770,263,32,231
E00092771,341,52,289
E00092772,263,45,218
E00092773,160,14,146
E00092774,256,29,227
E00092775,268,45,223
E00092776,271,51,220
E00092777,281,43,238
E00092778,219,23,196
E00092779,305,75,230
E00092780,293,81,212
E00092781,249,33,216
E00092782,295,95,200
E00092783,180,32,148
E00092784,275,47,228
E00092785,247,41,206
E00092786,303,47,256
E00092787,308,54,254
E00092788,316,72,244
E00092790,296,53,243
E00092791,456,109,347
E00092792,231,31,200
E00092793,299,62,237
E00092794,227,53,174
E00092795,172,14,158
E00092796,278,61,217
E00092797,537,114,423
E00092798,431,67,364
E00092799,156,18,138
E00092800,360,49,311
E00092801,189,34,155
E00092802,352,63,289
E00092803,290,57,233
E00092804,297,66,231
E00092806,188,20,168
E00092807,425,100,325
E00092808,179,26,153
E00092809,513,83,430
E00092811,328,45,283
E00092813,231,43,188
E00092815,264,85,179
E00092816,299,56,243
E00092817,286,36,250
E00092818,254,31,223
E00092820,222,19,203
E00092821,298,73,225
E00092822,272,47,225
E00092823,450,77,373
E00092825,201,20,181
E00092826,259,41,218
E00092827,537,102,435
E00092828,226,24,202
E00092829,259,30,229
E00092830,314,43,271
E00092831,258,41,217
E00092832,192,26,166
E00092833,305,45,260
E00092835,266,44,222
E00092836,248,41,207
E00092837,263,42,221
E00092838,218,37,181
E00092839,253,49,204
E00092841,374,80,294
E00092842,341,78,263
E00092843,322,101,221
E00092845,293,73,220
E00092846,303,51,252
E00092847,284,49,235
E00092848,333,54,279
E00092849,338,98,240
E00092850,287,59,228
E00092851,334,76,258
E00092852,230,40,190
E00092853,258,43,215
E00092854,233,22,211
E00092855,274,20,254
E00092856,266,33,233
E00092857,304,30,274
E00092858,375,56,319
E00092860,331,43,288
E00092861,256,37,219
E00092862,315,55,260
E00092863,290,57,233
E00092864,405,44,361
E00092865,432,64,368
E00092866,277,43,234
E00092867,281,57,224
E00092868,364,74,290
E00092869,196,21,175
E00092870,319,55,264
E00092871,297,40,257
E00092872,255,35,220
E00092873,303,33,270
E00092874,294,27,267
E00092875,288,36,252
E00092876,278,30,248
E00092877,247,38,209
E00092878,262,24,238
E00092879,297,46,251
E00092880,221,33,188
E00092881,288,32,256
E00092882,260,43,217
E00092883,286,34,252
E00092884,322,45,277
E00092885,279,36,243
E00092886,312,48,264
E00092887,459,67,392
E00092888,277,37,240
E00092889,388,47,341
E00092890,256,40,216
E00092891,273,32,241
E00092892,255,46,209
E00092894,223,25,198
E00092895,263,36,227
E00092896,231,34,197
E00092897,548,117,431
E00092898,290,53,237
E00092899,219,25,194
E00092900,285,47,238
E00092901,267,40,227
E00092902,370,79,291
E00092903,287,61,226
E00092904,301,52,249
E00092905,264,44,220
E00092906,243,21,222
E00092907,297,34,263
E00092908,184,31,153
E00092909,293,46,247
E00092910,287,45,242
E00092911,317,51,266
E00092912,200,21,179
E00092913,286,41,245
E00092914,252,64,188
E00092915,318,57,261
E00092916,285,43,242
E00092918,255,39,216
E00092919,245,25,220
E00092920,287,54,233
E00092921,417,99,318
E00092922,286,55,231
E00092923,290,46,244
E00092924,324,58,266
E00092925,263,43,220
E00092926,329,35,294
E00092927,258,48,210
E00092928,265,31,234
E00092929,465,66,399
E00092930,384,63,321
E00092931,324,71,253
E00092933,338,52,286
E00092934,332,65,267
E00092935,195,19,176
E00092936,472,64,408
E00092937,246,29,217
E00092938,283,13,270
E00092939,196,27,169
E00092940,259,14,245
E00092941,230,22,208
E00092942,223,17,206
E00092943,243,27,216
E00092944,306,67,239
E00092945,368,97,271
E00092946,263,38,225
E00092947,289,43,246
E00092948,290,48,242
E00092950,252,42,210
E00092952,319,76,243
E00092953,279,64,215
E00092954,276,46,230
E00092955,223,47,176
E00092956,362,86,276
E00092957,172,30,142
E00092958,224,42,182
E00092960,518,99,419
E00092962,259,58,201
E00092963,239,23,216
E00092964,301,53,248
E00092965,225,46,179
E00092966,303,51,252
E00092967,374,56,318
E00092968,285,34,251
E00092969,318,47,271
E00092970,421,69,352
E00092971,341,34,307
E00092972,296,31,265
E00092973,259,47,212
E00092974,243,32,211
E00092975,379,39,340
E00092976,163,10,153
E00092977,271,39,232
E00092978,279,39,240
E00092979,262,40,222
E00092980,256,40,216
E00092981,229,19,210
E00092982,343,57,286
E00092983,257,30,227
E00092984,281,40,241
E00092985,256,37,219
E00092986,310,45,265
E00092987,237,31,206
E00092988,287,53,234
E00092989,216,21,195
E00092990,217,35,182
E00092991,283,50,233
E00092992,298,52,246
E00092993,307,48,259
E00092994,305,34,271
E00092995,171,20,151
E00092996,303,53,250
E00092997,440,75,365
E00092998,276,36,240
E00092999,290,30,260
E00093000,247,47,200
E00093001,310,37,273
E00093002,308,45,263
E00093003,335,53,282
E00093004,240,21,219
E00093005,269,39,230
E00093006,294,59,235
E00093007,288,34,254
E00093008,303,59,244
E00093009,304,65,239
E00093010,260,35,225
E00093011,291,31,260
E00093012,210,34,176
E00093013,297,36,261
E00093014,239,33,206
E00093016,262,30,232
E00093017,227,29,198
E00093018,212,21,191
E00093019,350,51,299
E00093020,307,73,234
E00093021,245,33,212
E00093023,257,36,221
E00093024,324,65,259
E00093025,256,23,233
E00093026,435,65,370
E00093029,239,29,210
E00093030,227,32,195
E00093031,254,45,209
E00093033,317,52,265
E00093035,213,24,189
E00093036,256,30,226
E00093037,225,17,208
E00093038,406,51,355
E00093039,306,49,257
E00093041,238,21,217
E00093042,280,41,239
E00093043,324,57,267
E00093044,503,94,409
E00093046,322,67,255
E00093048,320,68,252
E00093049,326,33,293
E00093050,283,40,243
E00093051,305,52,253
E00093052,397,74,323
E00093053,337,55,282
E00093055,359,75,284
E00093056,253,26,227
E00093058,303,53,250
E00093059,379,69,310
E00093060,282,38,244
E00093062,282,47,235
E00093064,225,40,185
E00093066,181,20,161
E00093067,254,31,223
E00093068,281,26,255
E00093069,220,28,192
E00093070,315,55,260
E00093071,236,35,201
E00093072,438,90,348
E00093073,327,51,276
E00093074,446,80,366
E00093075,317,60,257
E00093076,289,49,240
E00093077,438,88,350
E00093078,312,82,230
E00093080,428,57,371
E00093081,275,60,215
E00093082,211,34,177
E00093083,212,36,176
E00093084,327,49,278
E00093085,345,37,308
E00093086,367,54,313
E00093087,380,81,299
E00093088,301,54,247
E00093089,330,51,279
E00093090,290,19,271
E00093091,304,46,258
E00093092,346,58,288
E00093093,255,28,227
E00093094,305,44,261
E00093095,582,101,481
E00093096,142,18,124
E00093097,384,65,319
E00093098,433,59,374
E00093099,328,46,282
E00093100,467,87,380
E00093101,406,70,336
E00093102,290,42,248
E00093103,266,56,210
E00093104,256,37,219
E00093105,225,25,200
E00093106,287,19,268
E00093107,208,31,177
E00093108,288,30,258
E00093109,145,12,133
E00093110,215,26,189
E00093111,185,25,160
E00093113,276,42,234
E00093115,260,31,229
E00093116,291,46,245
E00093117,280,43,237
E00093118,247,46,201
E00093119,218,27,191
E00093120,317,74,243
E00093121,356,49,307
E00093122,230,41,189
E00093123,246,21,225
E00093124,297,44,253
E00093125,246,28,218
E00093126,237,29,208
E00093127,224,32,192
E00093128,228,26,202
E00093129,246,23,223
E00093130,211,25,186
E00093131,328,53,275
E00093132,394,37,357
E00093134,275,17,258
E00093135,281,41,240
E00093136,471,87,384
E00093137,332,60,272
E00093138,315,54,261
E00093140,291,57,234
E00093141,277,48,229
E00093142,260,46,214
E00093144,309,43,266
E00093145,312,57,255
E00093146,353,92,261
E00093147,203,3,200
E00093148,219,11,208
E00093149,289,37,252
E00093150,241,42,199
E00093151,276,45,231
E00093152,277,50,227
E00093153,333,91,242
E00093154,307,91,216
E00093155,352,120,232
E00093156,352,106,246
E00093157,285,78,207
E00093158,255,45,210
E00093160,316,66,250
E00093161,278,45,233
E00093162,237,26,211
E00093163,267,38,229
E00093164,336,63,273
E00093165,271,53,218
E00093166,421,89,332
E00093167,285,34,251
E00093168,405,86,319
E00093169,219,33,186
E00093170,250,65,185
E00093171,333,63,270
E00093172,314,35,279
E00093173,206,30,176
E00093174,222,21,201
E00093175,192,24,168
E00093176,568,145,423
E00093177,206,23,183
E00093178,232,39,193
E00093179,254,31,223
E00093181,278,20,258
E00093182,260,51,209
E00093183,263,50,213
E00093184,289,50,239
E00093185,368,39,329
E00093186,245,50,195
E00093187,226,18,208
E00093189,312,50,262
E00093190,380,64,316
E00093191,284,50,234
E00093192,256,48,208
E00093193,253,62,191
E00093194,236,28,208
E00093195,235,35,200
E00093196,307,51,256
E00093197,263,44,219
E00093198,248,15,233
E00093199,272,46,226
E00093200,293,41,252
E00093201,279,38,241
E00093202,272,29,243
E00093203,334,61,273
E00093204,305,30,275
E00093205,293,53,240
E00093206,517,97,420
E00093207,312,41,271
E00093208,346,47,299
E00093209,357,66,291
E00093210,161,27,134
E00093211,272,43,229
E00093212,261,51,210
E00093213,416,69,347
E00093214,267,39,228
E00093215,254,43,211
E00093216,246,37,209
E00093217,247,33,214
E00093218,486,124,362
E00093219,211,13,198
E00093220,222,21,201
E00093221,293,47,246
E00093222,304,58,246
E00093223,373,66,307
E00093224,348,70,278
E00093225,330,56,274
E00093226,374,82,292
E00093227,395,67,328
E00093228,494,129,365
E00093229,219,39,180
E00093230,240,32,208
E00093231,242,41,201
E00093232,251,48,203
E00093233,298,41,257
E00093234,364,67,297
E00093235,339,68,271
E00093236,311,90,221
E00093237,382,106,276
E00093238,282,76,206
E00093239,354,95,259
E00093240,262,50,212
E00093241,359,84,275
E00093242,370,83,287
E00093243,287,39,248
E00093244,377,118,259
E00093245,299,73,226
E00093246,558,153,405
E00093247,225,17,208
E00093248,516,102,414
E00093251,478,71,407
E00093252,299,52,247
E00093253,342,83,259
E00093254,312,41,271
E00093255,209,31,178
E00093259,252,62,190
E00093260,216,48,168
E00093262,289,51,238
E00093263,152,24,128
E00093264,258,37,221
E00093265,170,32,138
E00093266,123,24,99
E00093267,129,17,112
E00093268,174,18,156
E00093269,301,50,251
E00093270,350,53,297
E00093271,262,47,215
E00093272,364,98,266
E00093274,280,49,231
E00093275,379,97,282
E00093276,295,106,189
E00093277,388,102,286
E00093278,295,56,239
E00093279,322,88,234
E00093280,284,83,201
E00093281,279,58,221
E00093282,251,43,208
E00093283,248,64,184
E00093284,240,35,205
E00093285,204,10,194
E00093286,230,29,201
E00093287,254,48,206
E00093288,253,52,201
E00093289,317,28,289
E00093290,302,36,266
E00093291,405,80,325
E00093292,288,46,242
E00093293,386,67,319
E00093294,190,14,176
E00093295,374,76,298
E00093296,275,55,220
E00093297,365,53,312
E00093298,250,44,206
E00093299,359,80,279
E00093300,244,31,213
E00093301,309,59,250
E00093302,374,51,323
E00093303,277,58,219
E00093304,362,51,311
E00093305,298,45,253
E00093306,289,28,261
E00093307,304,55,249
E00093308,532,60,472
E00093309,345,69,276
E00093310,379,69,310
E00093312,220,15,205
E00093313,285,42,243
E00093314,305,49,256
E00093315,262,31,231
E00093316,272,39,233
E00093317,271,23,248
E00093318,267,39,228
E00093319,247,36,211
E00093320,331,45,286
E00093321,277,43,234
E00093322,533,95,438
E00093323,254,27,227
E00093324,384,62,322
E00093325,542,110,432
E00093326,570,106,464
E00093328,268,31,237
E00093329,244,25,219
E00093330,393,71,322
E00093331,244,35,209
E00093332,276,44,232
E00093333,266,40,226
E00093334,230,21,209
E00093335,232,17,215
E00093336,197,12,185
E00093337,229,30,199
E00093338,343,81,262
E00093339,290,54,236
E00093340,345,80,265
E00093341,314,41,273
E00093342,278,51,227
E00093343,385,107,278
E00093344,282,65,217
E00093345,329,55,274
E00093346,261,43,218
E00093348,308,71,237
E00093349,188,43,145
E00093350,382,42,340
E00093351,260,30,230
E00093352,271,49,222
E00093353,248,30,218
E00093354,310,61,249
E00093355,184,24,160
E00093356,191,6,185
E00093357,243,30,213
E00093358,237,29,208
E00093359,286,29,257
E00093360,252,44,208
E00093361,198,26,172
E00093362,265,52,213
E00093363,267,30,237
E00093364,221,11,210
E00093365,250,17,233
E00093367,280,16,264
E00093368,330,50,280
E00093369,293,46,247
E00093370,419,71,348
E00093371,315,14,301
E00093372,263,31,232
E00093373,247,41,206
E00093374,292,45,247
E00093375,250,47,203
E00093376,215,11,204
E00093377,358,51,307
E00093378,282,44,238
E00093379,303,60,243
E00093380,472,94,378
E00093381,280,35,245
E00093382,334,49,285
E00093383,352,40,312
E00093384,310,46,264
E00093385,283,35,248
E00093386,364,50,314
E00093387,367,57,310
E00093388,250,21,229
E00093389,387,56,331
E00093390,336,51,285
E00093391,271,55,216
E00093392,393,78,315
E00093393,249,44,205
E00093394,261,32,229
E00093395,342,65,277
E00093396,240,33,207
E00093397,359,66,293
E00093398,344,62,282
E00093399,260,55,205
E00093400,227,53,174
E00093401,279,86,193
E00093402,271,36,235
E00093403,360,55,305
E00093404,306,84,222
E00093405,239,48,191
E00093406,238,49,189
E00093407,283,69,214
E00093408,264,50,214
E00093409,263,63,200
E00093410,229,26,203
E00093411,307,64,243
E00093412,281,48,233
E00093413,248,35,213
E00093414,279,47,232
E00093415,270,42,228
E00093416,285,47,238
E00093417,284,43,241
E00093418,535,104,431
E00093419,287,34,253
E00093420,242,41,201
E00093421,332,45,287
E00093422,198,33,165
E00093423,488,74,414
E00093424,297,60,237
E00093425,466,62,404
E00093426,254,46,208
E00093427,180,34,146
E00093429,341,55,286
E00093430,207,28,179
E00093431,282,33,249
E00093432,235,29,206
E00093433,139,21,118
E00093436,189,34,155
E00093437,350,95,255
E00093438,137,19,118
E00093439,272,39,233
E00093440,270,32,238
E00093441,335,53,282
E00093442,365,46,319
E00093443,316,59,257
E00093444,164,23,141
E00093445,289,38,251
E00093446,272,37,235
E00093447,256,18,238
E00093448,304,53,251
E00093449,231,26,205
E00093451,302,73,229
E00093452,248,38,210
E00093453,264,37,227
E00093454,252,51,201
E00093455,324,76,248
E00093456,416,109,307
E00093457,308,74,234
E00093458,383,71,312
E00093459,265,44,221
E00093460,233,40,193
E00093461,258,49,209
E00093462,279,25,254
E00093463,281,52,229
E00093464,433,100,333
E00093465,232,56,176
E00093466,177,27,150
E00093467,323,102,221
E00093468,265,39,226
E00093469,253,37,216
E00093470,291,45,246
E00093471,255,66,189
E00093472,220,47,173
E00093473,344,120,224
E00093474,296,52,244
E00093475,262,65,197
E00093476,316,97,219
E00093477,322,71,251
E00093479,283,56,227
E00093480,277,77,200
E00093481,276,45,231
E00093482,303,50,253
E00093483,276,41,235
E00093484,326,56,270
E00093485,304,52,252
E00093486,274,54,220
E00093487,304,72,232
E00093488,279,47,232
E00093489,309,52,257
E00093490,355,74,281
E00093491,332,48,284
E00093492,300,59,241
E00093493,267,44,223
E00093494,486,92,394
E00093495,276,25,251
E00093496,532,94,438
E00093497,269,43,226
E00093498,260,37,223
E00093499,246,21,225
E00093500,262,28,234
E00093501,369,69,300
E00093502,249,27,222
E00093503,501,118,383
E00093504,333,36,297
E00093505,273,36,237
E00093506,284,52,232
E00093507,286,37,249
E00093508,323,39,284
E00093509,279,36,243
E00093510,258,45,213
E00093511,264,32,232
E00093512,269,33,236
E00093513,272,48,224
E00093514,306,51,255
E00093515,230,41,189
E00093516,301,62,239
E00093517,303,67,236
E00093518,217,30,187
E00093519,288,71,217
E00093520,245,27,218
E00093521,274,36,238
E00093522,379,94,285
E00093523,312,58,254
E00093524,315,67,248
E00093525,317,98,219
E00093527,255,62,193
E00093528,334,64,270
E00093529,274,43,231
E00093530,225,26,199
E00093531,212,17,195
E00093532,308,51,257
E00093533,317,84,233
E00093534,341,33,308
E00093535,309,29,280
E00093536,259,31,228
E00093537,245,24,221
E00093538,251,35,216
E00093539,208,29,179
E00093540,363,45,318
E00093541,275,41,234
E00093542,314,53,261
E00093543,324,32,292
E00093544,290,35,255
E00093545,168,18,150
E00093546,298,58,240
E00093547,233,49,184
E00093548,260,37,223
E00093549,270,58,212
E00093550,240,50,190
E00093551,305,68,237
E00093552,303,78,225
E00093553,317,56,261
E00093554,227,33,194
E00093555,333,68,265
E00093556,301,71,230
E00093557,286,61,225
E00093558,285,52,233
E00093559,285,57,228
E00093560,223,36,187
E00093561,259,40,219
E00093562,190,21,169
E00093563,258,77,181
E00093564,235,36,199
E00093565,334,118,216
E00093566,305,90,215
E00093567,346,78,268
E00093568,302,75,227
E00093569,283,42,241
E00093570,221,32,189
E00093571,221,28,193
E00093572,269,38,231
E00093573,301,66,235
E00093574,274,49,225
E00093575,284,67,217
E00093576,255,39,216
E00093577,249,36,213
E00093578,249,22,227
E00093579,277,34,243
E00093580,272,25,247
E00093581,229,34,195
E00093582,241,53,188
E00093583,265,59,206
E00093584,278,41,237
E00093585,292,56,236
E00093586,254,29,225
E00093587,207,30,177
E00093588,288,52,236
E00093589,262,34,228
E00093590,205,33,172
E00093591,399,70,329
E00093593,339,58,281
E00093594,246,25,221
E00093595,273,31,242
E00093596,267,29,238
E00093597,298,34,264
E00093598,233,20,213
E00093599,301,63,238
E00093600,227,15,212
E00093601,300,69,231
E00093602,369,69,300
E00093603,260,45,215
E00093604,315,86,229
E00093605,237,38,199
E00093606,274,52,222
E00093607,259,52,207
E00093608,309,75,234
E00093609,367,70,297
E00093610,241,61,180
E00093612,266,49,217
E00093613,297,42,255
E00093614,272,59,213
E00093615,253,54,199
E00093616,294,92,202
E00093617,268,40,228
E00093618,338,65,273
E00093619,354,47,307
E00093620,496,93,403
E00093622,442,123,319
E00093623,240,48,192
E00093624,204,32,172
E00093625,253,31,222
E00093626,254,49,205
E00093627,335,63,272
E00093628,231,18,213
E00093629,270,41,229
E00093630,206,23,183
E00093631,251,37,214
E00093632,229,24,205
E00093633,291,46,245
E00093634,254,45,209
E00093635,303,46,257
E00093636,285,36,249
E00093637,278,51,227
E00093638,249,22,227
E00093639,243,32,211
E00093640,300,37,263
E00093641,295,38,257
E00093642,278,56,222
E00093643,276,54,222
E00093644,205,52,153
E00093645,288,51,237
E00093646,293,65,228
E00093647,300,51,249
E00093648,271,56,215
E00093649,287,38,249
E00093650,277,40,237
E00093651,262,25,237
E00093652,277,52,225
E00093653,227,21,206
E00093654,246,40,206
E00093655,263,33,230
E00093656,368,81,287
E00093657,264,49,215
E00093658,265,46,219
E00093659,261,34,227
E00093660,363,60,303
E00093661,324,62,262
E00093662,291,60,231
E00093663,351,69,282
E00093664,266,32,234
E00093665,284,50,234
E00093666,243,19,224
E00093667,200,24,176
E00093668,298,58,240
E00093669,311,68,243
E00093670,410,82,328
E00093671,335,67,268
E00093672,517,163,354
E00093673,183,17,166
E00093674,242,39,203
E00093675,303,85,218
E00093676,375,38,337
E00093678,385,66,319
E00093679,299,56,243
E00093680,264,43,221
E00093681,288,42,246
E00093682,290,50,240
E00093683,239,17,222
E00093684,225,26,199
E00093685,328,63,265
E00093686,251,33,218
E00093687,273,32,241
E00093688,233,24,209
E00093689,253,42,211
E00093690,290,45,245
E00093691,282,40,242
E00093692,302,58,244
E00093693,261,47,214
E00093694,522,115,407
E00093695,270,48,222
E00093696,317,65,252
E00093697,297,57,240
E00093698,351,53,298
E00093699,472,76,396
E00093700,263,29,234
E00093701,276,30,246
E00093702,315,38,277
E00093703,302,51,251
E00093704,319,63,256
E00093705,242,51,191
E00093706,316,39,277
E00093707,275,39,236
E00093708,252,30,222
E00093709,379,66,313
E00093710,310,48,262
E00093711,188,13,175
E00093712,265,47,218
E00093713,269,42,227
E00093714,314,53,261
E00093715,313,63,250
E00093716,190,10,180
E00093717,289,42,247
E00093718,352,24,328
E00093719,266,50,216
E00093720,292,70,222
E00093721,297,56,241
E00093722,358,69,289
E00093723,248,33,215
E00093724,308,54,254
E00093725,288,60,228
E00093726,218,17,201
E00093727,328,49,279
E00093728,478,78,400
E00093729,378,66,312
E00093730,229,36,193
E00093731,313,49,264
E00093732,217,41,176
E00093733,301,50,251
E00093734,447,60,387
E00093735,199,23,176
E00093736,243,33,210
E00093737,242,44,198
E00093738,396,75,321
E00093739,299,54,245
E00093740,253,35,218
E00093741,303,30,273
E00093742,336,74,262
E00093743,216,27,189
E00093744,348,76,272
E00093745,206,17,189
E00093746,295,52,243
E00093747,302,60,242
E00093748,259,54,205
E00093749,254,58,196
E00093750,210,23,187
E00093751,459,98,361
E00093752,322,46,276
E00093753,296,55,241
E00093754,254,32,222
E00093755,491,58,433
E00093756,307,27,280
E00093757,134,18,116
E00093758,250,34,216
E00093759,252,37,215
E00093760,348,50,298
E00093761,366,22,344
E00093763,285,56,229
E00093764,144,18,126
E00093765,332,71,261
E00093766,314,50,264
E00093767,280,54,226
E00093768,313,55,258
E00093769,471,113,358
E00093770,375,84,291
E00093771,332,77,255
E00093772,107,15,92
E00093773,150,15,135
E00093774,226,32,194
E00093775,253,33,220
E00093776,350,48,302
E00093778,275,48,227
E00093779,321,63,258
E00093780,376,69,307
E00093781,328,66,262
E00093782,270,32,238
E00093783,400,65,335
E00093784,408,75,333
E00093785,254,43,211
E00093786,308,64,244
E00093787,556,122,434
E00093788,259,37,222
E00093789,227,22,205
E00093790,299,48,251
E00093791,324,43,281
E00093792,236,31,205
E00093793,239,32,207
E00093794,271,39,232
E00093795,262,42,220
E00093796,259,26,233
E00093797,252,30,222
E00093798,136,19,117
E00093799,304,54,250
E00093800,298,64,234
E00093801,302,67,235
E00093802,264,55,209
E00093803,304,70,234
E00093804,287,56,231
E00093805,299,66,233
E00093806,227,27,200
E00093807,296,63,233
E00093808,337,81,256
E00093809,307,57,250
E00093810,335,88,247
E00093811,369,95,274
E00093812,320,86,234
E00093813,306,84,222
E00093814,292,74,218
E00093815,439,57,382
E00093816,248,43,205
E00093817,423,57,366
E00093818,236,33,203
E00093819,199,19,180
E00093820,209,23,186
E00093821,296,45,251
E00093822,263,36,227
E00093823,298,58,240
E00093824,289,47,242
E00093825,234,32,202
E00093826,280,44,236
E00093827,333,73,260
E00093828,289,74,215
E00093829,249,27,222
E00093830,353,56,297
E00093831,227,43,184
E00093832,262,62,200
E00093834,305,75,230
E00093835,294,69,225
E00093836,246,43,203
E00093837,283,42,241
E00093838,302,48,254
E00093839,290,53,237
E00093840,326,45,281
E00093841,265,37,228
E00093842,323,71,252
E00093843,178,17,161
E00093844,265,57,208
E00093845,309,66,243
E00093846,259,46,213
E00093847,266,54,212
E00093848,180,15,165
E00093849,300,49,251
E00093850,295,56,239
E00093851,242,35,207
E00093852,319,74,245
E00093854,214,48,166
E00093855,217,32,185
E00093856,194,31,163
E00093857,340,48,292
E00093858,198,24,174
E00093859,230,35,195
E00093860,368,72,296
E00093861,353,65,288
E00093862,322,59,263
E00093863,309,49,260
E00093864,278,35,243
E00093865,271,61,210
E00093866,243,28,215
E00093867,542,110,432
E00093868,505,112,393
E00093869,475,111,364
E00093870,345,73,272
E00093871,374,47,327
E00093872,224,15,209
E00093873,269,37,232
E00093874,416,59,357
E00093875,297,44,253
E00093876,259,41,218
E00093877,331,69,262
E00093878,177,28,149
E00093879,260,49,211
E00093880,242,27,215
E00093881,315,61,254
E00093882,304,50,254
E00093883,343,68,275
E00093884,298,31,267
E00093885,304,64,240
E00093886,332,60,272
E00093887,258,39,219
E00093888,266,48,218
E00093889,318,77,241
E00093890,325,84,241
E00093891,295,74,221
E00093892,295,59,236
E00093893,173,26,147
E00093894,298,53,245
E00093895,347,71,276
E00093896,284,56,228
E00093897,269,48,221
E00093898,203,16,187
E00093899,241,34,207
E00093900,202,23,179
E00093901,195,15,180
E00093902,354,79,275
E00093903,145,10,135
E00093904,285,36,249
E00093905,305,65,240
E00093906,300,62,238
E00093907,329,74,255
E00093908,353,81,272
E00093909,341,62,279
E00093910,268,38,230
E00093911,323,66,257
E00093912,318,62,256
E00093913,297,50,247
E00093914,285,38,247
E00093915,269,47,222
E00093916,251,47,204
E00093917,280,71,209
E00093918,300,80,220
E00093919,298,74,224
E00093920,272,35,237
E00093921,247,40,207
E00093922,260,47,213
E00093923,159,30,129
E00093924,280,71,209
E00093925,284,60,224
E00093926,267,50,217
E00093927,311,87,224
E00093928,294,53,241
E00093929,185,15,170
E00093930,256,34,222
E00093931,289,58,231
E00093932,247,30,217
E00093933,355,65,290
E00093934,315,67,248
E00093935,273,41,232
E00093936,316,82,234
E00093937,311,68,243
E00093938,253,48,205
E00093939,297,68,229
E00093940,298,68,230
E00093941,227,39,188
E00093942,152,28,124
E00093943,240,40,200
E00093944,273,39,234
E00093945,314,64,250
E00093946,349,63,286
E00093949,244,18,226
E00093950,269,41,228
E00093951,369,61,308
E00093952,252,27,225
E00093953,330,69,261
E00093954,257,35,222
E00093955,211,23,188
E00093956,374,72,302
E00093957,285,53,232
E00093958,230,35,195
E00093959,218,22,196
E00093960,278,55,223
E00093961,295,91,204
E00093962,231,43,188
E00093963,276,33,243
E00093964,360,97,263
E00093965,261,52,209
E00093966,508,117,391
E00093967,285,75,210
E00093968,333,78,255
E00093969,303,90,213
E00093970,271,58,213
E00093971,279,76,203
E00093972,263,37,226
E00093973,259,36,223
E00093974,106,20,86
E00093975,250,55,195
E00093976,232,35,197
E00093977,252,25,227
E00093978,453,97,356
E00093979,310,39,271
E00093980,229,24,205
E00093981,308,42,266
E00093982,260,38,222
E00093983,284,25,259
E00093985,232,38,194
E00093986,309,43,266
E00093987,244,32,212
E00093988,358,35,323
E00093989,323,62,261
E00093990,263,38,225
E00093991,296,33,263
E00093992,237,28,209
E00093993,336,45,291
E00093994,216,28,188
E00093995,270,37,233
E00093996,243,36,207
E00093997,274,45,229
E00093998,251,37,214
E00093999,269,36,233
E00094000,195,17,178
E00094001,299,56,243
E00094002,299,57,242
E00094003,297,37,260
E00094004,315,53,262
E00094005,236,13,223
E00094006,266,24,242
E00094007,236,31,205
E00094008,357,58,299
E00094009,311,37,274
E00094010,253,32,221
E00094011,272,37,235
E00094012,310,66,244
E00094013,261,32,229
E00094014,282,46,236
E00094015,296,56,240
E00094016,251,35,216
E00094017,357,50,307
E00094018,234,45,189
E00094019,236,29,207
E00094020,284,59,225
E00094021,149,16,133
E00094022,271,65,206
E00094023,147,16,131
E00094024,214,32,182
E00094026,221,33,188
E00094027,263,39,224
E00094028,290,57,233
E00094029,244,39,205
E00094030,238,31,207
E00094031,255,38,217
E00094032,231,40,191
E00094033,294,49,245
E00094034,214,25,189
E00094035,277,50,227
E00094036,270,56,214
E00094037,257,42,215
E00094038,313,61,252
E00094039,321,48,273
E00094040,295,47,248
E00094041,272,46,226
E00094042,354,76,278
E00094043,317,51,266
E00094044,258,41,217
E00094045,284,46,238
E00094046,330,59,271
E00094047,274,32,242
E00094048,364,80,284
E00094049,386,64,322
E00094050,256,22,234
E00094051,279,39,240
E00094052,265,49,216
E00094053,304,62,242
E00094054,236,26,210
E00094055,248,23,225
E00094056,288,41,247
E00094057,296,38,258
E00094058,296,56,240
E00094059,256,57,199
E00094060,237,33,204
E00094062,337,98,239
E00094063,223,25,198
E00094064,358,58,300
E00094065,267,30,237
E00094066,217,17,200
E00094067,242,38,204
E00094068,294,54,240
E00094069,134,15,119
E00094070,278,34,244
E00094071,449,92,357
E00094072,327,70,257
E00094073,228,50,178
E00094074,219,22,197
E00094075,247,45,202
E00094076,251,47,204
E00094077,341,116,225
E00094078,347,58,289
E00094079,294,32,262
E00094080,327,57,270
E00094081,281,34,247
E00094082,293,53,240
E00094083,289,44,245
E00094084,247,56,191
E00094085,288,60,228
E00094086,299,39,260
E00094088,277,45,232
E00094089,346,74,272
E00094090,336,73,263
E00094091,288,54,234
E00094092,212,14,198
E00094093,296,61,235
E00094094,277,49,228
E00094095,247,27,220
E00094096,543,106,437
E00094097,499,98,401
E00094098,326,53,273
E00094099,280,74,206
E00094100,245,40,205
E00094101,260,41,219
E00094102,266,51,215
E00094103,375,77,298
E00094104,231,49,182
E00094105,167,7,160
E00094106,258,55,203
E00094107,248,33,215
E00094108,261,36,225
E00094109,239,27,212
E00094110,299,45,254
E00094111,242,48,194
E00094112,247,52,195
E00094113,292,66,226
E00094114,292,59,233
E00094115,213,28,185
E00094116,157,9,148
E00094117,334,71,263
E00094118,179,33,146
E00094119,239,30,209
E00094120,473,98,375
E00094121,225,31,194
E00094122,151,21,130
E00094123,136,12,124
E00094124,338,47,291
E00094125,233,24,209
E00094126,383,60,323
E00094127,305,51,254
E00094128,378,53,325
E00094129,365,67,298
E00094130,237,51,186
E00094131,305,45,260
E00094132,337,64,273
E00094133,140,0,140
E00094134,283,36,247
E00094135,287,49,238
E00094136,299,81,218
E00094137,209,26,183
E00094138,300,60,240
E00094139,276,54,222
E00094141,255,53,202
E00094142,311,64,247
E00094143,337,71,266
E00094144,289,74,215
E00094145,241,31,210
E00094146,398,99,299
E00094147,320,73,247
E00094148,246,35,211
E00094149,297,55,242
E00094150,280,36,244
E00094151,350,44,306
E00094152,373,57,316
E00094153,228,40,188
E00094154,351,52,299
E00094155,340,39,301
E00094156,299,46,253
E00094157,367,43,324
E00094158,325,48,277
E00094159,266,42,224
E00094160,354,60,294
E00094161,305,48,257
E00094162,290,35,255
E00094163,234,24,210
E00094164,233,27,206
E00094165,288,71,217
E00094166,287,50,237
E00094167,358,46,312
E00094168,256,43,213
E00094169,259,29,230
E00094170,307,67,240
E00094171,332,41,291
E00094172,316,54,262
E00094173,293,60,233
E00094174,262,53,209
E00094175,248,46,202
E00094176,311,52,259
E00094177,191,42,149
E00094178,311,59,252
E00094179,294,41,253
E00094180,288,35,253
E00094181,290,39,251
E00094182,337,36,301
E00094183,273,54,219
E00094184,216,24,192
E00094185,324,39,285
E00094186,345,85,260
E00094187,278,54,224
E00094188,250,38,212
E00094189,248,36,212
E00094190,327,61,266
E00094191,375,68,307
E00094192,198,36,162
E00094193,271,53,218
E00094194,271,50,221
E00094195,339,60,279
E00094196,336,63,273
E00094197,241,46,195
E00094198,200,46,154
E00094199,313,51,262
E00094200,298,43,255
E00094201,287,56,231
E00094202,255,49,206
E00094203,269,40,229
E00094204,283,50,233
E00094205,499,49,450
E00094206,368,58,310
E00094207,347,49,298
E00094208,297,57,240
E00094210,217,31,186
E00094211,276,50,226
E00094212,222,27,195
E00094213,292,65,227
E00094214,286,53,233
E00094215,249,26,223
E00094216,311,55,256
E00094218,276,40,236
E00094219,274,42,232
E00094220,328,74,254
E00094221,279,45,234
E00094222,320,53,267
E00094223,218,48,170
E00094224,210,38,172
E00094225,277,34,243
E00094226,301,36,265
E00094227,249,34,215
E00094228,315,56,259
E00094229,299,36,263
E00094230,273,38,235
E00094231,307,53,254
E00094232,187,29,158
E00094233,340,58,282
E00094234,284,32,252
E00094235,418,63,355
E00094236,299,34,265
E00094237,236,40,196
E00094238,307,38,269
E00094239,184,36,148
E00094240,283,39,244
E00094241,285,49,236
E00094242,272,31,241
E00094243,217,40,177
E00094244,286,38,248
E00094245,207,33,174
E00094246,328,60,268
E00094247,346,71,275
E00094248,346,66,280
E00094249,294,52,242
E00094250,395,113,282
E00094251,319,59,260
E00094252,264,35,229
E00094253,305,71,234
E00094254,408,90,318
E00094255,239,23,216
E00094256,316,49,267
E00094257,269,55,214
E00094258,275,45,230
E00094259,251,22,229
E00094260,306,45,261
E00094261,288,44,244
E00094262,312,50,262
E00094263,256,47,209
E00094264,268,40,228
E00094265,331,50,281
E00094267,259,32,227
E00094268,255,46,209
E00094269,276,56,220
E00094270,290,49,241
E00094271,309,41,268
E00094272,255,46,209
E00094273,280,57,223
E00094274,273,27,246
E00094275,387,82,305
E00094277,288,45,243
E00094278,264,29,235
E00094279,278,38,240
E00094280,251,26,225
E00094281,288,44,244
E00094282,559,93,466
E00094283,241,15,226
E00094284,228,26,202
E00094285,331,63,268
E00094286,393,82,311
E00094287,279,49,230
E00094288,342,50,292
E00094289,303,54,249
E00094290,246,29,217
E00094291,267,36,231
E00094292,237,36,201
E00094293,473,67,406
E00094294,443,83,360
E00094295,459,110,349
E00094296,308,70,238
E00094297,243,33,210
E00094298,438,78,360
E00094299,298,67,231
E00094300,328,46,282
E00094301,258,37,221
E00094302,134,21,113
E00094303,141,19,122
E00094304,293,58,235
E00094305,197,25,172
E00094306,201,22,179
E00094307,384,53,331
E00094308,303,37,266
E00094309,249,21,228
E00094310,301,52,249
E00094311,333,59,274
E00094312,210,44,166
E00094313,324,59,265
E00094314,322,43,279
E00094315,270,50,220
E00094316,310,48,262
E00094317,276,36,240
E00094318,259,32,227
E00094319,320,63,257
E00094320,158,4,154
E00094321,233,41,192
E00094322,287,29,258
E00094323,296,51,245
E00094324,285,44,241
E00094325,316,52,264
E00094326,221,36,185
E00094327,263,44,219
E00094328,285,48,237
E00094329,356,85,271
E00094330,331,76,255
E00094331,266,55,211
E00094332,361,89,272
E00094333,178,33,145
E00094334,230,43,187
E00094335,384,76,308
E00094336,294,63,231
E00094337,211,35,176
E00094338,323,47,276
E00094339,280,51,229
E00094340,289,50,239
E00094341,351,62,289
E00094342,306,52,254
E00094343,321,59,262
E00094344,434,88,346
E00094345,302,55,247
E00094347,278,51,227
E00094348,270,33,237
E00094349,320,56,264
E00094350,269,36,233
E00094351,485,93,392
E00094352,336,57,279
E00094353,314,47,267
E00094354,372,83,289
E00094355,347,70,277
E00094356,272,47,225
E00094358,342,69,273
E00094359,244,31,213
E00094360,324,45,279
E00094361,370,54,316
E00094362,408,57,351
E00094363,313,45,268
E00094364,267,37,230
E00094365,283,43,240
E00094366,276,41,235
E00094368,381,67,314
E00094369,249,27,222
E00094370,257,43,214
E00094371,284,32,252
E00094372,303,52,251
E00094373,266,36,230
E00094374,303,51,252
E00094375,265,31,234
E00094376,269,34,235
E00094377,251,47,204
E00094378,328,56,272
E00094379,284,43,241
E00094380,299,51,248
E00094381,296,56,240
E00094382,289,30,259
E00094383,306,55,251
E00094384,319,53,266
E00094385,134,8,126
E00094387,331,89,242
E00094389,294,52,242
E00094390,321,84,237
E00094391,344,60,284
E00094392,274,56,218
E00094393,469,113,356
E00094395,357,36,321
E00094396,256,43,213
E00094397,285,37,248
E00094398,215,27,188
E00094399,261,55,206
E00094400,226,35,191
E00094402,316,73,243
E00094403,301,56,245
E00094404,277,70,207
E00094405,286,36,250
E00094406,309,76,233
E00094407,292,60,232
E00094408,415,62,353
E00094409,501,89,412
E00094410,315,69,246
E00094411,504,78,426
E00094412,247,53,194
E00094414,268,17,251
E00094415,306,53,253
E00094416,264,44,220
E00094417,266,52,214
E00094418,287,42,245
E00094419,306,48,258
E00094420,281,47,234
E00094421,302,45,257
E00094422,183,17,166
E00094423,259,42,217
E00094424,257,35,222
E00094425,314,50,264
E00094426,378,65,313
E00094427,186,23,163
E00094428,405,62,343
E00094429,101,11,90
E00094430,494,61,433
E00094431,426,63,363
E00094432,237,33,204
E00094433,226,47,179
E00094434,248,36,212
E00094435,251,38,213
E00094436,229,34,195
E00094437,261,48,213
E00094438,331,74,257
E00094439,296,68,228
E00094440,418,72,346
E00094441,286,57,229
E00094442,238,37,201
E00094443,211,17,194
E00094444,244,34,210
E00094445,207,25,182
E00094446,288,51,237
E00094447,303,45,258
E00094448,262,37,225
E00094449,247,43,204
E00094450,225,47,178
E00094451,265,40,225
E00094452,243,44,199
E00094453,228,50,178
E00094454,292,56,236
E00094455,279,45,234
E00094456,322,38,284
E00094457,270,32,238
E00094460,320,66,254
E00094462,258,57,201
E00094463,418,73,345
E00094464,266,37,229
E00094465,326,56,270
E00094466,246,31,215
E00094467,282,38,244
E00094468,246,44,202
E00094469,391,37,354
E00094470,312,60,252
E00094471,263,44,219
E00094472,208,28,180
E00094473,291,68,223
E00094474,224,23,201
E00094475,334,71,263
E00094476,266,35,231
E00094477,245,31,214
E00094478,263,30,233
E00094479,315,57,258
E00094480,304,70,234
E00094481,286,64,222
E00094482,302,40,262
E00094483,228,30,198
E00094484,265,37,228
E00094485,326,56,270
E00094486,262,39,223
E00094487,248,44,204
E00094489,278,34,244
E00094490,393,62,331
E00094491,301,63,238
E00094492,271,49,222
E00094493,294,45,249
E00094494,286,54,232
E00094495,266,42,224
E00094496,342,56,286
E00094497,287,52,235
E00094498,459,62,397
E00094499,282,52,230
E00094500,426,63,363
E00094501,311,32,279
E00094502,301,30,271
E00094503,220,32,188
E00094504,387,40,347
E00094505,284,44,240
E00094506,245,46,199
E00094507,579,81,498
E00094508,271,28,243
E00094509,143,0,143
E00094510,225,42,183
E00094511,290,39,251
E00094512,341,53,288
E00094513,427,61,366
E00094514,252,44,208
E00094515,223,44,179
E00094516,348,66,282
E00094517,326,57,269
E00094518,518,98,420
E00094519,489,88,401
E00094521,305,47,258
E00094522,230,26,204
E00094523,266,20,246
E00094524,247,40,207
E00094525,251,49,202
E00094526,297,52,245
E00094527,402,88,314
E00094528,281,22,259
E00094529,236,29,207
E00094530,301,58,243
E00094531,336,66,270
E00094532,276,47,229
E00094533,261,33,228
E00094534,288,41,247
E00094535,259,61,198
E00094536,260,31,229
E00094537,256,39,217
E00094538,326,65,261
E00094539,267,47,220
E00094540,315,78,237
E00094541,305,50,255
E00094542,320,77,243
E00094543,267,46,221
E00094544,213,39,174
E00094545,297,41,256
E00094546,259,56,203
E00094547,332,55,277
E00094548,331,90,241
E00094549,268,39,229
E00094550,261,47,214
E00094551,300,45,255
E00094553,242,35,207
E00094554,282,40,242
E00094555,278,39,239
E00094556,201,23,178
E00094557,354,52,302
E00094558,261,33,228
E00094559,479,94,385
E00094560,299,16,283
E00094561,366,74,292
E00094562,354,60,294
E00094563,263,54,209
E00094564,251,30,221
E00094565,325,46,279
E00094566,246,48,198
E00094567,340,46,294
E00094568,252,38,214
E00094569,235,31,204
E00094570,316,61,255
E00094571,248,33,215
E00094572,403,46,357
E00094573,352,43,309
E00094574,229,24,205
E00094575,282,32,250
E00094576,217,12,205
E00094577,478,102,376
E00094578,342,116,226
E00094579,345,128,217
E00094581,309,53,256
E00094582,327,55,272
E00094583,375,133,242
E00094584,374,59,315
E00094587,242,35,207
E00094589,303,86,217
E00094590,375,137,238
E00094591,445,58,387
E00094592,291,45,246
E00094593,290,36,254
E00094594,328,97,231
E00094595,381,134,247
E00094596,246,34,212
E00094597,247,54,193
E00094598,229,31,198
E00094599,204,22,182
E00094600,468,59,409
E00094601,296,41,255
E00094602,299,35,264
E00094603,332,64,268
E00094604,220,21,199
E00094606,303,61,242
E00094607,283,42,241
E00094608,336,81,255
E00094609,265,42,223
E00094611,254,51,203
E00094612,218,43,175
E00094613,271,49,222
E00094614,211,26,185
E00094615,201,29,172
E00094616,447,94,353
E00094617,252,21,231
E00094618,282,57,225
E00094619,241,26,215
E00094620,262,57,205
E00094621,346,72,274
E00094622,268,41,227
E00094623,251,21,230
E00094624,366,67,299
E00094625,238,65,173
E00094626,261,57,204
E00094627,280,77,203
E00094628,297,59,238
E00094629,262,43,219
E00094630,317,61,256
E00094632,537,100,437
E00094633,383,109,274
E00094634,376,93,283
E00094635,322,79,243
E00094636,409,82,327
E00094637,384,122,262
E00094638,236,49,187
E00094639,368,58,310
E00094640,214,17,197
E00094641,341,36,305
E00094642,281,37,244
E00094643,251,40,211
E00094644,226,55,171
E00094645,261,52,209
E00094646,306,44,262
E00094647,275,33,242
E00094648,239,20,219
E00094650,290,34,256
E00094651,338,43,295
E00094652,177,23,154
E00094653,292,41,251
E00094655,476,87,389
E00094656,431,62,369
E00094657,281,62,219
E00094658,285,29,256
E00094659,257,20,237
E00094660,317,36,281
E00094661,345,48,297
E00094662,335,36,299
E00094663,321,43,278
E00094664,259,36,223
E00094665,157,12,145
E00094666,320,16,304
E00094667,332,37,295
E00094668,221,39,182
E00094669,242,45,197
E00094670,295,38,257
E00094671,244,58,186
E00094672,236,38,198
E00094673,264,24,240
E00094674,268,23,245
E00094675,208,14,194
E00094676,486,76,410
E00094677,395,59,336
E00094679,318,42,276
E00094680,317,41,276
E00094681,319,47,272
E00094682,445,62,383
E00094683,352,39,313
E00094684,387,53,334
E00094685,296,39,257
E00094686,331,29,302
E00094687,501,98,403
E00094688,303,32,271
E00094689,362,58,304
E00094690,302,50,252
E00094691,442,67,375
E00094692,293,34,259
E00094693,456,73,383
E00094694,212,34,178
E00094695,228,27,201
E00094696,378,56,322
E00094697,320,36,284
E00094698,360,52,308
E00094699,342,42,300
E00094700,312,28,284
E00094701,270,56,214
E00094702,171,13,158
E00094703,236,26,210
E00094704,166,22,144
E00094705,169,27,142
E00094706,305,44,261
E00094707,368,56,312
E00094708,161,11,150
E00094709,363,55,308
E00094711,293,36,257
E00094712,217,25,192
E00094713,241,36,205
E00094714,497,70,427
E00094715,374,52,322
E00094716,356,74,282
E00094717,342,70,272
E00094718,225,28,197
E00094719,294,55,239
E00094720,200,35,165
E00094721,172,20,152
E00094722,110,16,94
E00094723,268,38,230
E00094724,252,29,223
E00094725,240,32,208
E00094726,381,43,338
E00094727,99,11,88
E00094728,131,15,116
E00094729,185,12,173
E00094730,149,22,127
E00094731,188,26,162
E00094732,279,28,251
E00094733,315,47,268
E00094734,288,43,245
E00094735,340,83,257
E00094736,321,51,270
E00094737,503,107,396
E00094738,364,53,311
E00094739,290,43,247
E00094740,490,105,385
E00094741,323,59,264
E00094742,315,61,254
E00094743,344,48,296
E00094744,257,46,211
E00094745,209,26,183
E00094746,578,149,429
E00094748,260,56,204
E00094749,247,28,219
E00094750,259,40,219
E00094751,381,55,326
E00094752,215,19,196
E00094753,245,23,222
E00094754,330,68,262
E00094755,331,54,277
E00094756,278,30,248
E00094757,259,48,211
E00094758,316,26,290
E00094759,398,69,329
E00094760,394,89,305
E00094761,344,53,291
E00094762,212,19,193
E00094763,273,32,241
E00094764,314,68,246
E00094765,177,17,160
E00094766,267,16,251
E00094767,334,33,301
E00094768,264,22,242
E00094769,240,35,205
E00094770,201,19,182
E00094771,236,22,214
E00094772,172,14,158
E00094773,205,16,189
E00094774,228,18,210
E00094775,325,74,251
E00094777,212,32,180
E00094778,282,53,229
E00094779,241,33,208
E00094780,240,20,220
E00094781,213,24,189
E00094782,283,42,241
E00094783,181,13,168
E00094784,284,44,240
E00094785,371,51,320
E00094786,325,57,268
E00094787,277,31,246
E00094788,339,41,298
E00094789,301,49,252
E00094790,262,30,232
E00094791,509,71,438
E00094792,258,52,206
E00094793,410,47,363
E00094794,242,32,210
E00094795,244,40,204
E00094796,533,96,437
E00094797,321,42,279
E00094798,301,43,258
E00094799,347,48,299
E00094800,277,52,225
E00094801,362,48,314
E00094802,309,71,238
E00094803,295,46,249
E00094804,315,54,261
E00094805,352,58,294
E00094806,251,32,219
E00094807,491,71,420
E00094808,313,68,245
E00094809,282,47,235
E00094810,222,42,180
E00094811,261,47,214
E00094812,162,22,140
E00094813,199,15,184
E00094814,338,50,288
E00094815,192,25,167
E00094816,168,17,151
E00094817,374,43,331
E00094818,312,45,267
E00094819,257,36,221
E00094820,288,37,251
E00094821,250,20,230
E00094822,324,41,283
E00094823,279,37,242
E00094824,304,46,258
E00094825,289,30,259
E00094826,321,48,273
E00094827,244,29,215
E00094828,265,37,228
E00094829,302,40,262
E00094830,316,29,287
E00094831,333,54,279
E00094832,250,44,206
E00094833,462,65,397
E00094834,324,49,275
E00094835,119,10,109
E00094836,291,53,238
E00094837,252,35,217
E00094838,226,36,190
E00094839,192,39,153
E00094840,287,58,229
E00094841,308,47,261
E00094843,330,72,258
E00094844,395,65,330
E00094845,241,26,215
E00094846,209,28,181
E00094847,288,43,245
E00094848,279,49,230
E00094849,231,29,202
E00094850,282,50,232
E00094851,236,32,204
E00094852,339,43,296
E00094853,245,43,202
E00094854,261,61,200
E00094855,255,44,211
E00094856,252,32,220
E00094857,272,48,224
E00094858,253,41,212
E00094859,336,85,251
E00094860,396,83,313
E00094861,288,51,237
E00094862,287,33,254
E00094863,284,61,223
E00094864,286,72,214
E00094865,294,57,237
E00094867,280,26,254
E00094868,355,55,300
E00094869,257,55,202
E00094870,336,53,283
E00094871,307,60,247
E00094872,269,39,230
E00094873,187,9,178
E00094874,291,37,254
E00094875,222,20,202
E00094876,289,42,247
E00094877,299,44,255
E00094878,313,50,263
E00094879,290,51,239
E00094880,318,45,273
E00094881,258,37,221
E00094882,288,49,239
E00094883,284,69,215
E00094884,264,60,204
E00094885,217,26,191
E00094886,281,52,229
E00094887,302,45,257
E00094888,306,72,234
E00094889,246,31,215
E00094890,364,58,306
E00094891,311,86,225
E00094892,289,56,233
E00094893,241,40,201
E00094894,227,27,200
E00094895,280,45,235
E00094896,279,46,233
E00094897,249,35,214
E00094898,280,40,240
E00094899,296,44,252
E00094900,281,50,231
E00094901,288,36,252
E00094902,266,51,215
E00094903,277,47,230
E00094904,272,61,211
E00094905,272,35,237
E00094906,231,35,196
E00094907,354,74,280
E00094908,301,37,264
E00094909,272,52,220
E00094910,275,47,228
E00094911,240,31,209
E00094912,243,24,219
E00094913,211,31,180
E00094914,292,57,235
E00094915,248,36,212
E00094916,237,24,213
E00094917,297,57,240
E00094918,353,77,276
E00094919,176,9,167
E00094920,313,31,282
E00094921,207,26,181
E00094922,373,81,292
E00094923,331,143,188
E00094924,281,110,171
E00094925,378,222,156
E00094926,289,110,179
E00094927,263,120,143
E00094928,258,46,212
E00094929,370,210,160
E00094930,329,179,150
E00094932,317,148,169
E00094933,273,77,196
E00094934,284,98,186
E00094935,368,105,263
E00094936,257,41,216
E00094937,279,75,204
E00094938,304,43,261
E00094939,260,50,210
E00094940,378,71,307
E00094941,255,46,209
E00094942,261,27,234
E00094943,261,56,205
E00094944,302,59,243
E00094945,217,26,191
E00094946,239,38,201
E00094947,269,68,201
E00094948,227,36,191
E00094950,262,33,229
E00094951,309,54,255
E00094952,373,35,338
E00094953,196,10,186
E00094954,169,6,163
E00094955,245,34,211
E00094956,288,49,239
E00094958,325,46,279
E00094959,206,30,176
E00094960,500,98,402
E00094961,308,68,240
E00094962,295,39,256
E00094963,319,49,270
E00094964,232,42,190
E00094966,337,70,267
E00094967,276,53,223
E00094968,314,26,288
E00094969,235,29,206
E00094970,280,53,227
E00094971,246,46,200
E00094972,306,70,236
E00094973,250,45,205
E00094974,282,40,242
E00094975,263,33,230
E00094977,250,43,207
E00094978,440,87,353
E00094979,296,55,241
E00094980,463,97,366
E00094981,480,98,382
E00094982,262,42,220
E00094983,383,86,297
E00094984,143,25,118
E00094985,238,27,211
E00094986,265,27,238
E00094987,290,15,275
E00094988,246,24,222
E00094989,371,68,303
E00094990,269,50,219
E00094991,258,34,224
E00094992,247,22,225
E00094993,308,58,250
E00094994,238,39,199
E00094995,340,79,261
E00094996,275,48,227
E00094997,265,33,232
E00094998,364,71,293
E00094999,367,53,314
E00095000,284,37,247
E00095001,233,44,189
E00095002,310,41,269
E00095003,290,59,231
E00095004,304,66,238
E00095005,273,46,227
E00095006,278,48,230
E00095007,335,61,274
E00095008,207,24,183
E00095009,390,82,308
E00095010,334,74,260
E00095011,335,59,276
E00095013,265,44,221
E00095014,305,48,257
E00095015,263,39,224
E00095016,362,57,305
E00095017,299,39,260
E00095018,363,61,302
E00095019,276,45,231
E00095020,337,60,277
E00095021,234,37,197
E00095022,289,55,234
E00095024,458,84,374
E00095025,297,61,236
E00095026,255,25,230
E00095027,288,49,239
E00095028,251,22,229
E00095029,316,66,250
E00095030,182,18,164
E00095031,289,41,248
E00095032,173,10,163
E00095033,207,23,184
E00095034,421,57,364
E00095035,429,75,354
E00095036,409,90,319
E00095037,374,68,306
E00095038,386,90,296
E00095039,122,19,103
E00095040,130,24,106
E00095041,319,80,239
E00095042,231,34,197
E00095043,304,50,254
E00095044,299,39,260
E00095045,266,57,209
E00095046,227,19,208
E00095047,254,43,211
E00095048,266,46,220
E00095049,314,51,263
E00095050,324,53,271
E00095051,255,28,227
E00095052,130,27,103
E00095053,227,19,208
E00095054,268,44,224
E00095055,250,22,228
E00095056,391,64,327
E00095057,310,55,255
E00095058,219,22,197
E00095059,225,27,198
E00095060,206,27,179
E00095061,249,36,213
E00095062,233,24,209
E00095063,301,57,244
E00095064,307,50,257
E00095065,338,39,299
E00095066,340,44,296
E00095067,312,56,256
E00095068,321,48,273
E00095069,269,42,227
E00095070,216,28,188
E00095071,474,94,380
E00095072,526,126,400
E00095073,540,115,425
E00095074,372,51,321
E00095075,430,64,366
E00095076,296,52,244
E00095077,270,37,233
E00095078,484,97,387
E00095079,430,95,335
E00095080,344,115,229
E00095081,324,74,250
E00095082,398,163,235
E00095084,405,125,280
E00095085,286,27,259
E00095086,324,108,216
E00095087,387,129,258
E00095088,405,114,291
E00095089,276,78,198
E00095090,269,66,203
E00095091,321,127,194
E00095092,301,43,258
E00095093,595,363,232
E00095094,201,54,147
E00095095,235,67,168
E00095096,302,118,184
E00095097,538,140,398
E00095098,335,67,268
E00095099,287,82,205
E00095100,340,72,268
E00095101,407,92,315
E00095102,251,68,183
E00095103,264,85,179
E00095104,355,102,253
E00095105,152,22,130
E00095106,327,95,232
E00095107,300,91,209
E00095108,200,61,139
E00095109,288,74,214
E00095110,336,135,201
E00095111,555,345,210
E00095112,409,209,200
E00095113,278,97,181
E00095114,330,155,175
E00095115,295,79,216
E00095116,277,31,246
E00095117,313,75,238
E00095118,412,200,212
E00095119,338,103,235
E00095120,211,30,181
E00095121,292,68,224
E00095122,304,74,230
E00095123,184,19,165
E00095124,198,19,179
E00095125,253,31,222
E00095126,480,84,396
E00095127,336,77,259
E00095128,285,35,250
E00095129,383,73,310
E00095130,311,62,249
E00095131,398,77,321
E00095132,273,48,225
E00095133,223,35,188
E00095134,224,28,196
E00095135,408,79,329
E00095136,240,71,169
E00095137,303,45,258
E00095138,344,61,283
E00095139,402,104,298
E00095140,326,76,250
E00095141,352,69,283
E00095142,391,73,318
E00095143,285,52,233
E00095144,295,69,226
E00095145,507,87,420
E00095146,311,22,289
E00095147,365,69,296
E00095148,304,57,247
E00095149,211,30,181
E00095150,340,57,283
E00095151,333,40,293
E00095152,242,30,212
E00095154,348,38,310
E00095155,195,29,166
E00095157,200,48,152
E00095158,149,8,141
E00095159,159,13,146
E00095160,266,43,223
E00095161,241,41,200
E00095162,154,17,137
E00095163,242,37,205
E00095164,346,42,304
E00095165,269,57,212
E00095166,127,7,120
E00095167,113,9,104
E00095168,121,2,119
E00095169,274,27,247
E00095170,290,40,250
E00095171,321,41,280
E00095172,194,28,166
E00095173,342,87,255
E00095174,306,54,252
E00095175,256,31,225
E00095176,335,59,276
E00095177,311,50,261
E00095178,332,61,271
E00095179,288,47,241
E00095180,271,46,225
E00095181,158,14,144
E00095182,248,45,203
E00095183,261,54,207
E00095185,158,35,123
E00095186,229,40,189
E00095187,270,55,215
E00095188,298,81,217
E00095189,304,63,241
E00095190,342,60,282
E00095192,277,54,223
E00095193,229,49,180
E00095194,247,40,207
E00095195,296,61,235
E00095196,270,66,204
E00095197,354,75,279
E00095198,525,123,402
E00095200,250,29,221
E00095201,252,21,231
E00095202,256,26,230
E00095203,312,12,300
E00095204,373,47,326
E00095205,248,43,205
E00095206,250,37,213
E00095207,270,28,242
E00095208,237,36,201
E00095209,274,41,233
E00095210,275,71,204
E00095211,245,46,199
E00095212,285,54,231
E00095213,226,30,196
E00095214,260,33,227
E00095215,287,57,230
E00095216,228,31,197
E00095218,285,54,231
E00095219,228,25,203
E00095220,260,49,211
E00095221,322,83,239
E00095222,354,107,247
E00095223,252,31,221
E00095224,334,70,264
E00095225,270,45,225
E00095226,194,21,173
E00095227,270,57,213
E00095228,231,51,180
E00095229,239,51,188
E00095230,274,49,225
E00095232,329,43,286
E00095234,291,31,260
E00095235,276,32,244
E00095236,171,17,154
E00095237,400,59,341
E00095238,192,25,167
E00095239,241,34,207
E00095240,209,24,185
E00095241,231,23,208
E00095242,349,32,317
E00095243,366,58,308
E00095244,397,57,340
E00095245,271,43,228
E00095246,338,69,269
E00095247,382,66,316
E00095248,278,36,242
E00095249,319,57,262
E00095250,309,44,265
E00095251,278,48,230
E00095252,251,29,222
E00095253,346,72,274
E00095254,191,33,158
E00095255,266,49,217
E00095256,497,110,387
E00095257,349,63,286
E00095259,324,49,275
E00095260,414,53,361
E00095261,256,40,216
E00095262,355,49,306
E00095263,130,13,117
E00095264,285,47,238
E00095265,365,51,314
E00095266,317,70,247
E00095267,419,69,350
E00095269,215,43,172
E00095270,215,35,180
E00095271,268,53,215
E00095272,278,40,238
E00095273,270,57,213
E00095274,293,54,239
E00095275,306,65,241
E00095276,225,40,185
E00095277,319,45,274
E00095278,494,99,395
E00095279,376,108,268
E00095280,321,41,280
E00095281,313,50,263
E00095282,255,37,218
E00095283,256,69,187
E00095284,308,59,249
E00095285,315,62,253
E00095286,265,56,209
E00095287,326,85,241
E00095288,334,36,298
E00095289,333,54,279
E00095290,250,45,205
E00095291,279,34,245
E00095292,405,72,333
E00095293,321,65,256
E00095294,248,29,219
E00095295,411,64,347
E00095296,292,88,204
E00095297,237,34,203
E00095298,267,40,227
E00095299,290,52,238
E00095300,310,40,270
E00095301,323,68,255
E00095302,301,28,273
E00095303,295,41,254
E00095304,300,41,259
E00095305,355,39,316
E00095306,188,37,151
E00095307,223,18,205
E00095308,278,58,220
E00095309,280,41,239
E00095310,333,55,278
E00095311,265,32,233
E00095312,202,36,166
E00095313,245,27,218
E00095314,328,77,251
E00095315,284,45,239
E00095316,210,18,192
E00095317,234,26,208
E00095318,264,52,212
E00095319,319,43,276
E00095320,315,47,268
E00095321,478,90,388
E00095322,408,82,326
E00095323,297,38,259
E00095324,300,68,232
E00095325,272,33,239
E00095326,396,58,338
E00095327,352,67,285
E00095328,263,47,216
E00095329,260,42,218
E00095330,282,25,257
E00095331,301,35,266
E00095332,392,61,331
E00095333,263,41,222
E00095334,439,71,368
E00095335,197,11,186
E00095336,299,32,267
E00095337,335,61,274
E00095338,188,13,175
E00095339,192,22,170
E00095340,321,52,269
E00095341,326,38,288
E00095342,246,30,216
E00095343,436,88,348
E00095344,290,41,249
E00095345,269,40,229
E00095346,282,58,224
E00095347,248,38,210
E00095348,286,35,251
E00095349,353,61,292
E00095350,247,35,212
E00095351,303,53,250
E00095352,361,71,290
E00095353,307,51,256
E00095354,248,51,197
E00095355,362,80,282
E00095356,267,47,220
E00095357,308,48,260
E00095358,308,41,267
E00095359,269,42,227
E00095360,313,43,270
E00095361,310,45,265
E00095362,115,16,99
E00095363,486,106,380
E00095364,288,81,207
E00095365,268,39,229
E00095366,287,44,243
E00095368,419,117,302
E00095370,174,12,162
E00095371,283,48,235
E00095372,284,82,202
E00095373,242,44,198
E00095374,291,87,204
E00095375,516,144,372
E00095378,309,53,256
E00095379,233,22,211
E00095380,342,76,266
E00095381,281,37,244
E00095382,288,53,235
E00095383,263,30,233
E00095384,250,38,212
E00095385,282,37,245
E00095386,280,38,242
E00095387,182,18,164
E00095388,249,33,216
E00095389,319,46,273
E00095390,245,30,215
E00095391,275,39,236
E00095392,261,46,215
E00095393,315,41,274
E00095394,261,25,236
E00095395,251,23,228
E00095396,242,38,204
E00095397,438,80,358
E00095398,251,42,209
E00095399,310,76,234
E00095400,436,76,360
E00095401,223,47,176
E00095402,368,59,309
E00095403,211,29,182
E00095404,509,131,378
E00095405,326,59,267
E00095406,342,42,300
E00095407,273,33,240
E00095408,310,45,265
E00095409,394,62,332
E00095410,391,86,305
E00095411,277,46,231
E00095412,251,37,214
E00095413,190,36,154
E00095414,206,26,180
E00095415,319,82,237
E00095416,340,85,255
E00095417,395,81,314
E00095418,554,133,421
E00095419,314,40,274
E00095420,278,47,231
E00095421,334,58,276
E00095422,392,74,318
E00095423,334,44,290
E00095425,345,66,279
E00095426,251,34,217
E00095427,473,88,385
E00095428,236,24,212
E00095430,243,24,219
E00095431,312,42,270
E00095436,208,52,156
E00095437,281,59,222
E00095438,224,7,217
E00095439,342,48,294
E00095440,320,59,261
E00095441,311,64,247
E00095442,439,81,358
E00095443,211,52,159
E00095444,348,59,289
E00095445,311,52,259
E00095447,170,23,147
E00095448,324,48,276
E00095449,355,70,285
E00095450,192,32,160
E00095451,285,67,218
E00095452,152,23,129
E00095453,330,64,266
E00095454,261,12,249
E00095455,254,33,221
E00095456,403,125,278
E00095457,176,18,158
E00095458,144,11,133
E00095459,376,69,307
E00095460,258,23,235
E00095461,186,23,163
E00095462,282,55,227
E00095463,263,39,224
E00095464,432,97,335
E00095465,212,13,199
E00095466,199,21,178
E00095467,233,41,192
E00095468,208,40,168
E00095469,343,57,286
E00095470,404,48,356
E00095471,418,62,356
E00095472,369,74,295
E00095473,275,31,244
E00095474,212,34,178
E00095475,364,47,317
E00095476,275,62,213
E00095477,246,47,199
E00095478,272,29,243
E00095479,234,19,215
E00095480,280,30,250
E00095481,205,28,177
E00095482,345,36,309
E00095483,481,66,415
E00095484,237,25,212
E00095485,261,40,221
E00095486,361,81,280
E00095487,424,120,304
E00095488,234,26,208
E00095489,295,74,221
E00095490,235,44,191
E00095491,268,63,205
E00095492,318,69,249
E00095493,331,65,266
E00095494,294,44,250
E00095495,416,86,330
E00095496,361,86,275
E00095497,365,55,310
E00095498,519,114,405
E00095499,303,40,263
E00095500,485,93,392
E00095501,410,74,336
E00095502,336,78,258
E00095503,353,40,313
E00095504,338,40,298
E00095506,295,49,246
E00095507,315,57,258
E00095508,395,66,329
E00095510,419,73,346
E00095511,477,80,397
E00095512,341,62,279
E00095513,284,29,255
E00095514,360,64,296
E00095515,295,45,250
E00095516,317,54,263
E00095517,260,40,220
E00095518,221,36,185
E00095519,288,29,259
E00095520,406,85,321
E00095521,353,36,317
E00095522,398,77,321
E00095523,326,53,273
E00095524,309,58,251
E00095525,306,61,245
E00095526,340,70,270
E00095527,306,49,257
E00095528,281,28,253
E00095529,195,32,163
E00095530,229,34,195
E00095533,366,83,283
E00095534,306,49,257
E00095535,370,56,314
E00095536,293,52,241
E00095537,353,48,305
E00095538,163,17,146
E00095539,246,20,226
E00095540,280,31,249
E00095541,341,72,269
E00095542,318,57,261
E00095543,290,37,253
E00095544,367,83,284
E00095545,319,56,263
E00095546,309,51,258
E00095547,202,40,162
E00095548,425,87,338
E00095549,374,51,323
E00095550,336,47,289
E00095551,323,59,264
E00095552,316,40,276
E00095553,348,57,291
E00095554,349,51,298
E00095555,403,69,334
E00095556,460,87,373
E00095557,383,70,313
E00095558,272,36,236
E00095559,417,80,337
E00095560,269,25,244
E00095561,388,64,324
E00095562,275,29,246
E00095563,328,46,282
E00095564,440,67,373
E00095565,319,48,271
E00095566,362,48,314
E00095567,281,42,239
E00095568,159,21,138
E00095569,306,33,273
E00095570,332,42,290
E00095571,299,28,271
E00095572,285,38,247
E00095573,219,33,186
E00095574,340,48,292
E00095575,350,64,286
E00095576,301,24,277
E00095577,284,60,224
E00095578,276,46,230
E00095579,401,77,324
E00095580,273,43,230
E00095581,285,45,240
E00095582,382,107,275
E00095583,218,59,159
E00095584,270,53,217
E00095585,253,35,218
E00095586,295,45,250
E00095588,517,118,399
E00095589,269,55,214
E00095590,260,48,212
E00095591,268,46,222
E00095592,260,31,229
E00095593,335,80,255
E00095594,257,48,209
E00095595,207,24,183
E00095596,355,52,303
E00095597,276,42,234
E00095598,331,66,265
E00095599,241,54,187
E00095600,220,23,197
E00095601,438,49,389
E00095602,366,70,296
E00095604,512,129,383
E00095605,332,74,258
E00095606,297,22,275
E00095607,335,38,297
E00095608,303,36,267
E00095609,284,19,265
E00095611,268,44,224
E00095612,289,41,248
E00095613,391,117,274
E00095614,293,32,261
E00095615,310,44,266
E00095616,425,93,332
E00095617,554,97,457
E00095618,391,82,309
E00095619,266,78,188
E00095620,422,110,312
E00095622,311,46,265
E00095623,243,48,195
E00095624,200,14,186
E00095625,341,53,288
E00095626,410,77,333
E00095627,241,22,219
E00095628,272,65,207
E00095629,296,46,250
E00095630,266,32,234
E00095631,226,24,202
E00095632,205,31,174
E00095633,204,37,167
E00095634,397,67,330
E00095635,336,57,279
E00095636,274,40,234
E00095637,232,12,220
E00095638,373,51,322
E00095640,332,40,292
E00095641,295,71,224
E00095643,261,43,218
E00095644,388,44,344
E00095645,229,27,202
E00095646,226,37,189
E00095647,402,77,325
E00095648,409,74,335
E00095649,431,112,319
E00095650,293,42,251
E00095651,358,50,308
E00095652,312,56,256
E00095653,261,36,225
E00095654,215,22,193
E00095655,293,42,251
E00095656,255,35,220
E00095657,231,21,210
E00095658,242,32,210
E00095659,259,27,232
E00095660,198,31,167
E00095661,484,71,413
E00095662,268,43,225
E00095663,369,100,269
E00095664,290,46,244
E00095665,316,51,265
E00095666,284,47,237
E00095667,262,55,207
E00095668,180,30,150
E00095669,339,49,290
E00095670,341,45,296
E00095671,270,39,231
E00095672,349,40,309
E00095673,276,41,235
E00095674,283,50,233
E00095675,353,65,288
E00095676,287,63,224
E00095678,321,49,272
E00095679,289,66,223
E00095680,342,92,250
E00095681,366,91,275
E00095682,311,51,260
E00095683,355,51,304
E00095684,303,45,258
E00095685,213,40,173
E00095686,169,14,155
E00095687,179,20,159
E00095688,264,24,240
E00095689,249,25,224
E00095690,486,98,388
E00095692,330,49,281
E00095693,328,40,288
E00095694,310,51,259
E00095695,267,43,224
E00095696,298,46,252
E00095697,367,75,292
E00095698,305,79,226
E00095699,361,63,298
E00095700,295,39,256
E00095701,271,44,227
E00095702,316,65,251
E00095703,327,37,290
E00095704,157,24,133
E00095705,388,66,322
E00095706,269,43,226
E00095707,323,38,285
E00095708,407,62,345
E00095709,403,56,347
E00095710,341,34,307
E00095711,277,35,242
E00095712,355,53,302
E00095713,228,28,200
E00095714,243,34,209
E00095715,185,28,157
E00095716,111,6,105
E00095717,192,20,172
E00095718,184,20,164
E00095721,170,16,154
E00095722,396,52,344
E00095723,147,24,123
E00095724,557,111,446
E00095725,149,8,141
E00095726,264,55,209
E00095727,183,24,159
E00095728,433,80,353
E00095729,233,31,202
E00095730,399,120,279
E00095731,419,123,296
E00095732,258,44,214
E00095733,319,40,279
E00095734,308,47,261
E00095735,302,58,244
E00095736,342,73,269
E00095737,104,10,94
E00095738,137,20,117
E00095739,281,62,219
E00095740,346,33,313
E00095741,225,31,194
E00095742,212,16,196
E00095743,358,61,297
E00095745,290,60,230
E00095746,340,116,224
E00095747,357,46,311
E00095748,321,31,290
E00095749,238,27,211
E00095750,206,31,175
E00095751,208,17,191
E00095752,234,29,205
E00095753,244,52,192
E00095754,203,15,188
E00095755,263,55,208
E00095756,200,16,184
E00095757,274,37,237
E00095760,251,58,193
E00095761,374,64,310
E00095762,311,47,264
E00095763,336,41,295
E00095764,373,62,311
E00095767,247,41,206
E00095768,189,45,144
E00095769,215,43,172
E00095770,122,11,111
E00095773,366,78,288
E00095774,247,27,220
E00095775,197,31,166
E00095776,289,45,244
E00095777,418,86,332
E00095778,239,22,217
E00095779,329,28,301
E00095780,290,40,250
E00095781,266,27,239
E00095782,394,52,342
E00095783,142,23,119
E00095784,262,44,218
E00095785,225,23,202
E00095786,239,25,214
E00095787,299,51,248
E00095788,327,50,277
E00095789,323,108,215
E00095790,306,32,274
E00095791,362,48,314
E00095792,188,30,158
E00095793,193,31,162
E00095794,230,34,196
E00095795,399,62,337
E00095796,231,27,204
E00095797,267,40,227
E00095798,212,31,181
E00095799,209,28,181
E00095800,510,66,444
E00095801,232,25,207
E00095802,258,28,230
E00095803,281,21,260
E00095804,202,25,177
E00095805,294,38,256
E00095806,305,33,272
E00095807,191,29,162
E00095808,420,58,362
E00095809,326,66,260
E00095810,458,85,373
E00095811,342,69,273
E00095812,302,70,232
E00095813,182,13,169
E00095814,240,39,201
E00095815,114,21,93
E00095816,327,46,281
E00095817,242,31,211
E00095818,307,48,259
E00095819,243,25,218
E00095820,344,69,275
E00095821,413,100,313
E00095822,122,2,120
E00095823,322,19,303
E00095824,229,41,188
E00095825,147,11,136
E00095826,306,45,261
E00095827,248,52,196
E00095828,239,33,206
E00095829,259,59,200
E00095830,283,52,231
E00095831,312,35,277
E00095832,241,28,213
E00095833,496,78,418
E00095834,329,44,285
E00095835,161,17,144
E00095836,292,35,257
E00095837,391,66,325
E00095838,297,48,249
E00095839,249,33,216
E00095840,359,75,284
E00095841,257,48,209
E00095842,210,27,183
E00095843,257,51,206
E00095844,303,58,245
E00095845,177,21,156
E00095846,281,54,227
E00095847,288,42,246
E00095848,263,52,211
E00095849,257,32,225
E00095850,214,27,187
E00095851,278,71,207
E00095852,221,29,192
E00095853,242,25,217
E00095854,218,38,180
E00095855,241,28,213
E00095856,259,53,206
E00095857,263,38,225
E00095858,322,52,270
E00095859,208,10,198
E00095860,251,36,215
E00095861,290,59,231
E00095862,198,25,173
E00095863,295,43,252
E00095864,468,111,357
E00095865,292,56,236
E00095866,192,28,164
E00095867,449,82,367
E00095868,239,41,198
E00095869,439,78,361
E00095870,302,41,261
E00095871,381,57,324
E00095872,208,40,168
E00095873,226,37,189
E00095874,237,30,207
E00095875,502,103,399
E00095876,295,63,232
E00095877,289,24,265
E00095878,255,40,215
E00095879,292,44,248
E00095880,304,41,263
E00095881,410,82,328
E00095882,378,73,305
E00095883,258,42,216
E00095884,297,41,256
E00095885,305,59,246
E00095886,311,57,254
E00095887,264,37,227
E00095888,286,44,242
E00095889,248,33,215
E00095890,354,52,302
E00095891,319,44,275
E00095893,370,29,341
E00095894,367,57,310
E00095895,335,60,275
E00095896,318,91,227
E00095897,389,80,309
E00095898,257,45,212
E00095899,178,27,151
E00095900,214,15,199
E00095901,281,41,240
E00095902,246,24,222
E00095903,214,22,192
E00095904,245,41,204
E00095905,176,24,152
E00095907,344,34,310
E00095908,156,21,135
E00095909,296,16,280
E00095910,209,23,186
E00095911,270,43,227
E00095912,354,43,311
E00095913,290,38,252
E00095914,281,39,242
E00095915,268,27,241
E00095916,277,31,246
E00095917,356,70,286
E00095918,370,46,324
E00095919,301,44,257
E00095920,285,38,247
E00095921,263,34,229
E00095922,334,54,280
E00095923,267,45,222
E00095924,216,20,196
E00095925,318,31,287
E00095926,281,39,242
E00095927,424,56,368
E00095928,238,36,202
E00095929,279,64,215
E00095930,354,70,284
E00095931,195,33,162
E00095932,430,94,336
E00095933,163,29,134
E00095934,179,13,166
E00095935,269,34,235
E00095936,269,44,225
E00095937,165,22,143
E00095938,320,22,298
E00095939,266,33,233
E00095940,317,31,286
E00095941,239,32,207
E00095942,212,39,173
E00095943,274,46,228
E00095944,235,30,205
E00095945,227,25,202
E00095946,328,58,270
E00095947,240,43,197
E00095948,294,36,258
E00095949,270,31,239
E00095950,246,19,227
E00095951,307,45,262
E00095952,391,68,323
E00095953,279,70,209
E00095954,232,27,205
E00095955,261,36,225
E00095956,207,18,189
E00095957,264,49,215
E00095958,254,28,226
E00095959,288,49,239
E00095960,363,47,316
E00095961,236,39,197
E00095962,227,35,192
E00095963,252,49,203
E00095964,204,37,167
E00095965,201,24,177
E00095966,325,95,230
E00095967,280,25,255
E00095968,282,35,247
E00095969,452,72,380
E00095970,233,38,195
E00095971,340,62,278
E00095972,298,87,211
E00095973,300,64,236
E00095974,176,19,157
E00095975,285,56,229
E00095976,185,16,169
E00095977,287,40,247
E00095978,225,34,191
E00095979,281,32,249
E00095980,258,24,234
E00095981,219,30,189
E00095982,294,18,276
E00095983,199,27,172
E00095984,261,43,218
E00095985,219,32,187
E00095986,313,23,290
E00095987,204,20,184
E00095988,302,79,223
E00095989,283,64,219
E00095990,292,76,216
E00095991,190,39,151
E00095992,202,21,181
E00095993,198,15,183
E00095994,171,12,159
E00095995,234,23,211
E00095996,233,21,212
E00095997,254,45,209
E00095998,255,52,203
E00095999,247,26,221
E00096000,194,31,163
E00096001,243,24,219
E00096002,168,10,158
E00096003,213,18,195
E00096004,241,28,213
E00096005,206,24,182
E00096006,265,40,225
E00096007,268,34,234
E00096008,264,41,223
E00096009,193,19,174
E00096010,170,16,154
E00096011,180,33,147
E00096012,181,22,159
E00096013,277,31,246
E00096014,236,33,203
E00096015,315,43,272
E00096016,194,11,183
E00096017,234,39,195
E00096018,199,37,162
E00096019,290,58,232
E00096020,292,43,249
E00096021,186,27,159
E00096022,277,65,212
E00096023,227,27,200
E00096024,301,23,278
E00096025,283,54,229
E00096026,426,73,353
E00096027,340,39,301
E00096028,236,60,176
E00096029,274,48,226
E00096030,292,38,254
E00096031,321,41,280
E00096032,208,30,178
E00096033,429,93,336
E00096034,205,37,168
E00096035,321,64,257
E00096036,242,45,197
E00096037,378,56,322
E00096038,249,40,209
E00096039,257,40,217
E00096040,292,42,250
E00096041,287,44,243
E00096042,221,47,174
E00096043,288,53,235
E00096044,483,103,380
E00096045,301,51,250
E00096046,211,19,192
E00096047,286,33,253
E00096048,222,34,188
E00096049,265,49,216
E00096050,217,37,180
E00096051,351,74,277
E00096052,273,46,227
E00096053,456,87,369
E00096054,308,46,262
E00096055,251,39,212
E00096056,190,18,172
E00096057,162,22,140
E00096058,151,14,137
E00096059,130,9,121
E00096060,138,13,125
E00096061,361,43,318
E00096062,262,21,241
E00096063,493,107,386
E00096064,190,24,166
E00096065,237,32,205
E00096068,143,4,139
E00096071,291,82,209
E00096072,318,52,266
E00096073,246,31,215
E00096075,332,65,267
E00096076,209,29,180
E00096077,292,44,248
E00096078,119,22,97
E00096079,242,50,192
E00096080,226,50,176
E00096081,460,52,408
E00096082,403,49,354
E00096083,353,84,269
E00096084,274,49,225
E00096085,317,68,249
E00096087,331,54,277
E00096089,398,64,334
E00096090,340,58,282
E00096091,261,23,238
E00096092,311,24,287
E00096093,236,20,216
E00096095,249,38,211
E00096096,255,43,212
E00096098,398,83,315
E00096099,392,60,332
E00096100,233,22,211
E00096101,250,27,223
E00096102,357,40,317
E00096103,245,36,209
E00096104,212,16,196
E00096105,270,39,231
E00096106,288,51,237
E00096107,273,43,230
E00096108,364,77,287
E00096109,428,90,338
E00096110,374,85,289
E00096111,282,42,240
E00096112,308,69,239
E00096113,285,65,220
E00096114,371,58,313
E00096115,317,69,248
E00096116,280,66,214
E00096117,427,54,373
E00096118,315,60,255
E00096119,232,30,202
E00096120,349,66,283
E00096121,240,52,188
E00096122,219,27,192
E00096123,273,59,214
E00096124,256,38,218
E00096125,304,42,262
E00096129,185,16,169
E00096130,204,21,183
E00096131,382,69,313
E00096132,208,22,186
E00096133,223,33,190
E00096134,173,18,155
E00096135,195,21,174
E00096136,281,45,236
E00096137,260,37,223
E00096138,270,62,208
E00096139,315,25,290
E00096140,307,46,261
E00096141,194,18,176
E00096142,290,31,259
E00096143,282,37,245
E00096144,244,34,210
E00096145,264,22,242
E00096146,445,59,386
E00096147,235,32,203
E00096148,228,35,193
E00096149,414,67,347
E00096150,346,39,307
E00096151,390,44,346
E00096152,418,61,357
E00096153,239,23,216
E00096154,381,43,338
E00096155,324,38,286
E00096156,206,15,191
E00096157,405,76,329
E00096158,393,68,325
E00096159,325,64,261
E00096161,346,56,290
E00096162,375,32,343
E00096163,477,75,402
E00096164,178,9,169
E00096165,455,45,410
E00096166,371,45,326
E00096167,164,21,143
E00096168,236,42,194
E00096169,283,41,242
E00096170,277,49,228
E00096171,309,50,259
E00096172,362,56,306
E00096173,274,55,219
E00096174,287,68,219
E00096175,284,46,238
E00096176,346,51,295
E00096178,202,22,180
E00096179,303,32,271
E00096180,281,39,242
E00096181,235,20,215
E00096182,279,43,236
E00096183,228,48,180
E00096184,329,53,276
E00096185,232,23,209
E00096186,181,15,166
E00096187,306,56,250
E00096188,277,51,226
E00096189,468,60,408
E00096190,177,37,140
E00096191,349,56,293
E00096192,257,55,202
E00096193,192,17,175
E00096194,282,45,237
E00096195,225,25,200
E00096196,334,36,298
E00096197,392,56,336
E00096198,352,53,299
E00096199,350,58,292
E00096200,193,18,175
E00096201,299,46,253
E00096202,358,40,318
E00096203,178,20,158
E00096204,281,35,246
E00096205,244,20,224
E00096206,412,72,340
E00096207,179,23,156
E00096208,143,10,133
E00096209,248,37,211
E00096210,271,33,238
E00096211,205,27,178
E00096212,239,36,203
E00096213,323,51,272
E00096214,334,54,280
E00096215,394,57,337
E00096216,270,30,240
E00096217,274,53,221
E00096218,253,53,200
E00096219,206,11,195
E00096220,253,24,229
E00096221,216,22,194
E00096222,222,24,198
E00096224,272,31,241
E00096225,217,20,197
E00096226,523,130,393
E00096227,248,42,206
E00096228,407,87,320
E00096230,294,67,227
E00096231,301,46,255
E00096232,279,30,249
E00096233,163,20,143
E00096234,284,66,218
E00096235,277,65,212
E00096236,317,61,256
E00096237,278,32,246
E00096238,297,63,234
E00096239,245,33,212
E00096240,267,54,213
E00096241,214,30,184
E00096242,539,83,456
E00096243,189,23,166
E00096244,314,65,249
E00096245,220,33,187
E00096246,199,14,185
E00096247,314,42,272
E00096248,253,47,206
E00096250,369,50,319
E00096252,253,31,222
E00096254,459,88,371
E00096255,233,47,186
E00096256,334,27,307
E00096257,135,25,110
E00096258,242,31,211
E00096259,272,36,236
E00096260,294,46,248
E00096261,275,33,242
E00096262,224,50,174
E00096263,341,74,267
E00096265,316,40,276
E00096266,330,117,213
E00096267,250,36,214
E00096268,276,47,229
E00096269,213,41,172
E00096270,299,44,255
E00096271,258,44,214
E00096273,367,54,313
E00096274,296,39,257
E00096275,269,42,227
E00096276,221,38,183
E00096278,257,51,206
E00096279,389,71,318
E00096280,191,36,155
E00096281,418,63,355
E00096282,287,68,219
E00096283,200,32,168
E00096284,189,17,172
E00096285,331,64,267
E00096286,360,67,293
E00096287,440,91,349
E00096288,362,85,277
E00096289,230,32,198
E00096290,374,68,306
E00096291,381,86,295
E00096292,266,32,234
E00096293,571,107,464
E00096294,372,65,307
E00096296,389,81,308
E00096297,164,43,121
E00096300,204,35,169
E00096301,240,34,206
E00096303,171,31,140
E00096304,251,33,218
E00096305,313,58,255
E00096306,319,54,265
E00096307,296,71,225
E00096308,244,31,213
E00096309,255,48,207
E00096310,252,69,183
E00096311,387,87,300
E00096312,319,62,257
E00096313,308,73,235
E00096314,254,46,208
E00096315,257,37,220
E00096316,223,34,189
E00096317,171,29,142
E00096318,201,21,180
E00096319,275,41,234
E00096320,237,33,204
E00096321,315,54,261
E00096322,376,71,305
E00096323,405,97,308
E00096324,302,26,276
E00096325,291,46,245
E00096326,264,37,227
E00096327,278,61,217
E00096328,348,68,280
E00096329,384,84,300
E00096330,508,96,412
E00096331,316,77,239
E00096332,287,33,254
E00096333,285,22,263
E00096334,402,75,327
E00096335,520,99,421
E00096336,364,71,293
E00096337,476,82,394
E00096338,430,62,368
E00096339,339,59,280
E00096340,326,68,258
E00096341,342,64,278
E00096342,278,53,225
E00096344,344,52,292
E00096345,296,48,248
E00096346,363,61,302
E00096347,530,108,422
E00096348,301,44,257
E00096349,148,22,126
E00096350,304,36,268
E00096351,355,70,285
E00096352,277,36,241
E00096353,260,33,227
E00096354,228,24,204
E00096355,293,42,251
E00096356,347,43,304
E00096357,187,21,166
E00096358,144,20,124
E00096359,273,29,244
E00096360,303,25,278
E00096361,238,26,212
E00096362,342,44,298
E00096363,314,48,266
E00096364,540,127,413
E00096365,307,56,251
E00096366,257,46,211
E00096367,559,106,453
E00096368,508,113,395
E00096370,271,48,223
E00096371,332,50,282
E00096372,305,52,253
E00096373,275,36,239
E00096374,244,29,215
E00096375,262,67,195
E00096376,285,44,241
E00096377,351,92,259
E00096378,304,49,255
E00096379,280,50,230
E00096380,348,76,272
E00096381,301,53,248
E00096382,393,60,333
E00096383,224,28,196
E00096384,134,4,130
E00096385,239,25,214
E00096386,250,44,206
E00096387,386,73,313
E00096388,315,65,250
E00096390,403,76,327
E00096391,267,24,243
E00096392,477,102,375
E00096393,341,57,284
E00096394,346,57,289
E00096395,414,79,335
E00096396,416,92,324
E00096397,359,106,253
E00096398,420,90,330
E00096399,340,62,278
E00096400,164,29,135
E00096401,128,17,111
E00096402,285,46,239
E00096403,234,36,198
E00096404,243,32,211
E00096405,225,19,206
E00096406,328,53,275
E00096407,206,14,192
E00096408,143,13,130
E00096409,282,51,231
E00096410,303,43,260
E00096411,253,38,215
E00096413,254,33,221
E00096414,287,38,249
E00096415,308,67,241
E00096416,247,32,215
E00096417,249,34,215
E00096418,297,30,267
E00096419,238,31,207
E00096420,235,24,211
E00096421,249,38,211
E00096422,243,40,203
E00096423,257,48,209
E00096424,239,44,195
E00096425,265,37,228
E00096426,226,37,189
E00096427,288,45,243
E00096428,282,43,239
E00096429,324,64,260
E00096430,289,52,237
E00096431,242,29,213
E00096432,344,105,239
E00096433,310,52,258
E00096434,300,47,253
E00096435,279,41,238
E00096436,371,32,339
E00096437,290,52,238
E00096438,298,35,263
E00096439,216,18,198
E00096440,220,30,190
E00096441,346,62,284
E00096442,369,74,295
E00096443,292,50,242
E00096444,365,52,313
E00096446,396,73,323
E00096447,318,65,253
E00096448,261,34,227
E00096449,253,29,224
E00096450,293,57,236
E00096451,279,49,230
E00096452,276,42,234
E00096453,368,62,306
E00096454,238,26,212
E00096455,352,40,312
E00096456,276,42,234
E00096457,341,54,287
E00096458,237,36,201
E00096459,287,31,256
E00096460,387,59,328
E00096461,207,13,194
E00096462,277,38,239
E00096463,201,18,183
E00096464,252,37,215
E00096465,277,30,247
E00096466,354,53,301
E00096467,218,41,177
E00096468,282,48,234
E00096469,232,47,185
E00096470,455,95,360
E00096472,300,41,259
E00096474,271,23,248
E00096475,242,33,209
E00096477,129,17,112
E00096478,407,61,346
E00096479,379,64,315
E00096480,325,37,288
E00096481,247,28,219
E00096482,326,52,274
E00096484,271,31,240
E00096485,126,25,101
E00096486,219,25,194
E00096488,159,14,145
E00096489,329,40,289
E00096490,267,45,222
E00096491,267,36,231
E00096492,190,23,167
E00096493,141,30,111
E00096494,126,21,105
E00096495,338,57,281
E00096497,302,58,244
E00096498,298,32,266
E00096499,264,35,229
E00096500,279,55,224
E00096501,344,67,277
E00096502,257,20,237
E00096503,412,39,373
E00096504,275,57,218
E00096505,290,53,237
E00096506,295,52,243
E00096507,236,32,204
E00096508,256,32,224
E00096509,306,48,258
E00096510,275,53,222
E00096511,248,32,216
E00096512,249,50,199
E00096513,267,66,201
E00096514,320,58,262
E00096515,456,91,365
E00096516,275,52,223
E00096517,293,57,236
E00096518,289,46,243
E00096519,281,55,226
E00096520,324,76,248
E00096521,265,69,196
E00096522,235,40,195
E00096523,244,33,211
E00096524,248,41,207
E00096525,298,39,259
E00096526,223,37,186
E00096527,296,50,246
E00096528,237,47,190
E00096529,337,69,268
E00096530,236,24,212
E00096531,207,20,187
E00096532,316,44,272
E00096533,308,47,261
E00096534,228,14,214
E00096536,285,35,250
E00096537,288,38,250
E00096538,259,34,225
E00096539,450,80,370
E00096540,329,49,280
E00096541,199,31,168
E00096542,223,24,199
E00096543,416,53,363
E00096544,307,48,259
E00096545,398,68,330
E00096546,254,36,218
E00096547,243,20,223
E00096548,221,24,197
E00096549,243,25,218
E00096550,239,28,211
E00096551,183,24,159
E00096552,249,39,210
E00096553,220,60,160
E00096554,309,46,263
E00096555,389,93,296
E00096556,182,17,165
E00096557,284,55,229
E00096558,237,16,221
E00096559,254,29,225
E00096560,241,29,212
E00096561,186,27,159
E00096562,195,12,183
E00096563,199,15,184
E00096564,383,58,325
E00096565,221,26,195
E00096566,272,36,236
E00096567,306,39,267
E00096568,218,23,195
E00096569,475,90,385
E00096570,260,45,215
E00096571,264,40,224
E00096572,267,31,236
E00096573,220,45,175
E00096574,330,86,244
E00096575,230,33,197
E00096576,247,46,201
E00096577,303,99,204
E00096578,248,57,191
E00096579,281,43,238
E00096580,267,47,220
E00096581,231,50,181
E00096582,293,63,230
E00096583,264,61,203
E00096584,304,83,221
E00096585,275,34,241
E00096586,273,47,226
E00096587,259,63,196
E00096588,236,49,187
E00096590,284,54,230
E00096591,199,23,176
E00096592,218,30,188
E00096593,353,68,285
E00096594,229,16,213
E00096595,301,55,246
E00096596,294,84,210
E00096597,313,97,216
E00096598,352,84,268
E00096599,366,59,307
E00096600,277,57,220
E00096601,294,57,237
E00096602,287,61,226
E00096603,274,29,245
E00096604,223,30,193
E00096605,283,39,244
E00096606,242,52,190
E00096607,315,30,285
E00096608,287,46,241
E00096609,238,31,207
E00096610,288,50,238
E00096611,256,31,225
E00096612,163,11,152
E00096613,319,42,277
E00096614,253,31,222
E00096615,226,30,196
E00096616,229,23,206
E00096617,215,22,193
E00096618,228,35,193
E00096619,240,38,202
E00096620,211,25,186
E00096621,165,16,149
E00096622,276,56,220
E00096623,269,32,237
E00096624,281,40,241
E00096625,266,30,236
E00096626,241,19,222
E00096627,497,83,414
E00096628,316,17,299
E00096629,262,25,237
E00096630,244,33,211
E00096631,306,36,270
E00096632,280,42,238
E00096633,183,6,177
E00096634,264,43,221
E00096635,282,50,232
E00096636,279,35,244
E00096637,298,44,254
E00096638,211,30,181
E00096639,204,25,179
E00096640,274,45,229
E00096641,157,13,144
E00096642,241,35,206
E00096643,178,15,163
E00096644,241,41,200
E00096645,240,28,212
E00096646,236,42,194
E00096647,229,18,211
E00096648,299,50,249
E00096649,292,69,223
E00096650,172,25,147
E00096651,231,38,193
E00096652,147,17,130
E00096653,350,62,288
E00096654,308,41,267
E00096655,278,48,230
E00096656,233,30,203
E00096657,294,45,249
E00096658,309,44,265
E00096659,497,107,390
E00096660,270,53,217
E00096661,293,47,246
E00096662,448,75,373
E00096663,274,59,215
E00096664,266,53,213
E00096665,250,23,227
E00096666,206,28,178
E00096667,257,30,227
E00096668,260,35,225
E00096669,346,42,304
E00096670,330,35,295
E00096671,307,34,273
E00096672,248,38,210
E00096673,197,19,178
E00096674,261,40,221
E00096675,284,54,230
E00096676,390,69,321
E00096677,264,18,246
E00096678,254,12,242
E00096679,171,18,153
E00096680,260,49,211
E00096681,259,42,217
E00096682,215,30,185
E00096683,335,73,262
E00096684,268,31,237
E00096685,225,36,189
E00096686,302,23,279
E00096687,281,32,249
E00096688,315,45,270
E00096690,396,84,312
E00096691,415,59,356
E00096692,253,41,212
E00096693,365,51,314
E00096694,215,50,165
E00096695,470,75,395
E00096696,291,37,254
E00096697,388,47,341
E00096698,348,50,298
E00096699,436,68,368
E00096700,354,54,300
E00096701,153,17,136
E00096702,327,47,280
E00096703,194,34,160
E00096704,258,45,213
E00096705,307,45,262
E00096706,492,74,418
E00096707,427,70,357
E00096708,420,56,364
E00096709,299,39,260
E00096710,336,37,299
E00096711,280,24,256
E00096712,265,40,225
E00096713,204,23,181
E00096714,206,26,180
E00096715,285,63,222
E00096716,283,64,219
E00096717,275,34,241
E00096718,282,51,231
E00096719,331,36,295
E00096720,262,36,226
E00096721,301,38,263
E00096722,215,20,195
E00096723,253,36,217
E00096724,491,112,379
E00096725,335,44,291
E00096726,511,95,416
E00096727,368,53,315
E00096728,587,133,454
E00096730,265,33,232
E00096731,213,18,195
E00096732,170,26,144
E00096733,152,21,131
E00096734,263,47,216
E00096735,205,39,166
E00096737,157,13,144
E00096738,197,32,165
E00096739,218,24,194
E00096740,269,53,216
E00096741,225,21,204
E00096742,240,52,188
E00096743,283,48,235
E00096744,341,73,268
E00096745,159,23,136
E00096746,219,32,187
E00096747,213,51,162
E00096748,229,39,190
E00096749,294,44,250
E00096750,275,69,206
E00096751,248,52,196
E00096752,282,57,225
E00096755,208,29,179
E00096756,182,22,160
E00096757,239,41,198
E00096758,239,46,193
E00096759,267,51,216
E00096760,377,82,295
E00096761,321,44,277
E00096762,331,40,291
E00096763,196,22,174
E00096764,299,50,249
E00096765,309,40,269
E00096766,298,52,246
E00096767,264,28,236
E00096768,278,51,227
E00096769,257,32,225
E00096770,303,23,280
E00096771,312,53,259
E00096772,309,37,272
E00096773,225,35,190
E00096774,300,54,246
E00096775,332,57,275
E00096776,241,37,204
E00096777,282,53,229
E00096778,413,68,345
E00096779,261,33,228
E00096780,272,41,231
E00096781,248,21,227
E00096782,206,11,195
E00096783,282,43,239
E00096784,229,42,187
E00096785,216,33,183
E00096786,249,34,215
E00096787,228,37,191
E00096788,223,32,191
E00096789,249,30,219
E00096790,230,33,197
E00096791,228,38,190
E00096792,328,54,274
E00096793,265,38,227
E00096794,242,27,215
E00096795,291,28,263
E00096796,350,51,299
E00096797,303,64,239
E00096798,316,71,245
E00096799,246,31,215
E00096800,283,69,214
E00096801,243,35,208
E00096802,202,10,192
E00096803,274,44,230
E00096804,243,21,222
E00096805,254,15,239
E00096806,271,28,243
E00096807,213,25,188
E00096808,275,33,242
E00096809,342,68,274
E00096810,293,53,240
E00096811,353,58,295
E00096814,262,38,224
E00096815,208,22,186
E00096816,236,20,216
E00096817,197,17,180
E00096818,178,22,156
E00096819,186,8,178
E00096820,221,21,200
E00096821,180,24,156
E00096822,210,37,173
E00096823,202,23,179
E00096824,142,20,122
E00096825,176,28,148
E00096826,226,34,192
E00096827,185,16,169
E00096828,209,36,173
E00096829,263,49,214
E00096830,381,66,315
E00096831,274,46,228
E00096832,165,13,152
E00096833,228,27,201
E00096834,215,30,185
E00096835,202,27,175
E00096836,319,78,241
E00096837,235,53,182
E00096838,187,54,133
E00096839,232,32,200
E00096840,245,44,201
E00096841,179,29,150
E00096842,246,30,216
E00096843,147,12,135
E00096844,268,37,231
E00096845,329,106,223
E00096846,281,55,226
E00096847,247,33,214
E00096848,277,48,229
E00096849,259,44,215
E00096850,315,45,270
E00096851,341,56,285
E00096852,366,60,306
E00096853,279,47,232
E00096854,278,28,250
E00096855,301,53,248
E00096856,295,71,224
E00096857,312,81,231
E00096859,337,88,249
E00096860,258,49,209
E00096861,282,50,232
E00096862,216,22,194
E00096863,279,77,202
E00096864,304,52,252
E00096865,247,34,213
E00096866,131,7,124
E00096867,210,30,180
E00096868,215,16,199
E00096869,218,25,193
E00096870,278,56,222
E00096871,242,69,173
E00096872,370,95,275
E00096873,227,50,177
E00096874,250,50,200
E00096875,239,25,214
E00096876,258,48,210
E00096877,217,30,187
E00096878,277,51,226
E00096879,229,28,201
E00096880,318,58,260
E00096881,194,26,168
E00096882,319,59,260
E00096883,337,78,259
E00096884,329,63,266
E00096885,290,35,255
E00096886,346,48,298
E00096887,345,49,296
E00096888,295,59,236
E00096889,224,20,204
E00096890,217,30,187
E00096891,283,48,235
E00096892,198,20,178
E00096893,300,49,251
E00096894,214,33,181
E00096895,166,10,156
E00096896,267,42,225
E00096897,214,35,179
E00096898,198,36,162
E00096899,281,42,239
E00096900,199,36,163
E00096901,380,94,286
E00096902,205,29,176
E00096903,286,39,247
E00096904,293,88,205
E00096905,210,29,181
E00096906,197,17,180
E00096907,212,31,181
E00096908,187,32,155
E00096909,194,22,172
E00096910,200,33,167
E00096911,291,40,251
E00096912,294,69,225
E00096913,366,81,285
E00096914,341,84,257
E00096915,202,34,168
E00096916,277,42,235
E00096917,297,33,264
E00096919,499,71,428
E00096920,281,36,245
E00096921,471,82,389
E00096922,208,26,182
E00096923,273,85,188
E00096924,363,91,272
E00096925,230,25,205
E00096926,276,36,240
E00096927,252,20,232
E00096928,275,44,231
E00096929,245,30,215
E00096930,332,48,284
E00096931,256,32,224
E00096932,230,23,207
E00096933,301,45,256
E00096934,230,26,204
E00096935,250,37,213
E00096936,365,87,278
E00096937,278,27,251
E00096938,213,30,183
E00096939,279,45,234
E00096940,251,65,186
E00096941,302,46,256
E00096942,243,44,199
E00096943,325,65,260
E00096946,239,11,228
E00096947,247,40,207
E00096950,243,40,203
E00096951,211,35,176
E00096952,242,44,198
E00096953,178,30,148
E00096954,202,30,172
E00096955,243,40,203
E00096956,383,55,328
E00096957,283,45,238
E00096958,180,30,150
E00096959,279,34,245
E00096960,230,37,193
E00096961,295,44,251
E00096962,253,38,215
E00096963,257,36,221
E00096964,230,17,213
E00096965,239,36,203
E00096966,269,40,229
E00096967,278,46,232
E00096968,278,64,214
E00096969,272,65,207
E00096970,272,27,245
E00096971,268,55,213
E00096972,217,32,185
E00096973,209,19,190
E00096974,220,40,180
E00096975,193,22,171
E00096976,251,24,227
E00096977,266,42,224
E00096978,295,40,255
E00096979,274,35,239
E00096980,272,30,242
E00096981,285,49,236
E00096982,340,86,254
E00096983,262,56,206
E00096984,253,41,212
E00096985,305,67,238
E00096986,292,50,242
E00096987,233,32,201
E00096988,331,52,279
E00096990,277,15,262
E00096991,271,43,228
E00096992,328,62,266
E00096993,272,35,237
E00096994,259,51,208
E00096995,258,38,220
E00096996,243,32,211
E00096997,290,44,246
E00096998,300,47,253
E00097000,475,105,370
E00097001,375,34,341
E00097002,261,33,228
E00097003,243,57,186
E00097004,373,96,277
E00097005,235,42,193
E00097006,436,103,333
E00097007,269,63,206
E00097008,383,97,286
E00097009,356,75,281
E00097010,415,127,288
E00097011,241,27,214
E00097012,309,59,250
E00097013,339,60,279
E00097014,234,44,190
E00097015,294,30,264
E00097016,215,40,175
E00097017,241,38,203
E00097018,239,51,188
E00097019,228,45,183
E00097020,221,50,171
E00097021,383,53,330
E00097022,293,46,247
E00097023,258,37,221
E00097024,229,38,191
E00097025,243,28,215
E00097026,291,58,233
E00097027,319,64,255
E00097028,281,68,213
E00097029,227,42,185
E00097030,321,83,238
E00097031,338,60,278
E00097032,464,152,312
E00097033,300,69,231
E00097034,228,45,183
E00097035,327,37,290
E00097036,237,23,214
E00097037,318,28,290
E00097038,242,23,219
E00097039,241,17,224
E00097040,435,68,367
E00097041,239,35,204
E00097042,198,28,170
E00097043,345,46,299
E00097044,200,27,173
E00097045,350,85,265
E00097046,315,73,242
E00097047,318,64,254
E00097048,365,64,301
E00097049,239,54,185
E00097050,462,64,398
E00097051,573,85,488
E00097052,310,54,256
E00097053,292,42,250
E00097054,467,84,383
E00097055,251,40,211
E00097056,340,100,240
E00097057,229,38,191
E00097058,241,35,206
E00097059,326,29,297
E00097060,355,33,322
E00097061,268,61,207
E00097062,238,37,201
E00097063,202,26,176
E00097064,317,63,254
E00097065,325,36,289
E00097066,258,46,212
E00097067,193,14,179
E00097068,243,44,199
E00097069,254,43,211
E00097070,225,21,204
E00097071,272,29,243
E00097072,197,51,146
E00097073,237,40,197
E00097074,195,50,145
E00097075,225,26,199
E00097076,232,44,188
E00097077,315,79,236
E00097078,320,42,278
E00097079,253,43,210
E00097080,314,85,229
E00097081,273,47,226
E00097082,209,42,167
E00097083,254,49,205
E00097084,213,34,179
E00097085,245,44,201
E00097086,260,56,204
E00097087,255,59,196
E00097088,268,59,209
E00097089,282,85,197
E00097090,263,59,204
E00097091,231,43,188
E00097092,209,27,182
E00097093,267,53,214
E00097094,219,18,201
E00097095,214,27,187
E00097096,262,41,221
E00097098,183,21,162
E00097099,288,49,239
E00097100,278,41,237
E00097101,264,42,222
E00097102,229,23,206
E00097103,452,91,361
E00097104,327,42,285
E00097105,244,44,200
E00097106,301,47,254
E00097107,287,56,231
E00097110,293,41,252
E00097111,306,53,253
E00097112,312,40,272
E00097114,283,49,234
E00097115,347,40,307
E00097116,192,21,171
E00097117,236,36,200
E00097118,239,27,212
E00097119,182,18,164
E00097120,191,22,169
E00097121,335,64,271
E00097122,192,26,166
E00097123,308,63,245
E00097124,247,36,211
E00097125,275,51,224
E00097126,336,61,275
E00097127,348,59,289
E00097128,234,36,198
E00097129,243,48,195
E00097130,451,218,233
E00097131,366,98,268
E00097132,253,62,191
E00097133,228,25,203
E00097134,217,27,190
E00097135,389,39,350
E00097136,206,36,170
E00097137,309,56,253
E00097138,146,29,117
E00097139,275,32,243
E00097140,179,20,159
E00097141,257,45,212
E00097142,351,59,292
E00097143,234,33,201
E00097144,335,42,293
E00097145,421,68,353
E00097146,214,27,187
E00097147,201,31,170
E00097148,354,75,279
E00097150,285,74,211
E00097151,533,133,400
E00097152,267,59,208
E00097153,246,27,219
E00097154,180,23,157
E00097155,263,36,227
E00097156,263,37,226
E00097157,327,79,248
E00097158,243,26,217
E00097159,247,26,221
E00097160,251,20,231
E00097161,188,24,164
E00097162,351,78,273
E00097163,304,64,240
E00097164,327,47,280
E00097166,243,31,212
E00097167,297,53,244
E00097170,262,46,216
E00097171,248,48,200
E00097172,134,21,113
E00097173,190,32,158
E00097174,275,43,232
E00097175,365,45,320
E00097176,147,16,131
E00097177,394,54,340
E00097178,275,53,222
E00097179,107,13,94
E00097180,366,49,317
E00097181,250,45,205
E00097182,271,57,214
E00097183,348,54,294
E00097184,343,58,285
E00097185,243,35,208
E00097186,230,26,204
E00097187,388,54,334
E00097188,437,72,365
E00097189,380,62,318
E00097190,390,66,324
E00097191,328,37,291
E00097192,394,50,344
E00097193,343,51,292
E00097194,351,66,285
E00097195,337,37,300
E00097196,143,19,124
E00097197,224,20,204
E00097198,269,33,236
E00097199,269,49,220
E00097200,163,13,150
E00097201,221,25,196
E00097202,274,49,225
E00097203,293,57,236
E00097204,180,14,166
E00097205,312,73,239
E00097206,267,43,224
E00097207,291,47,244
E00097208,184,28,156
E00097209,259,39,220
E00097210,222,18,204
E00097211,230,19,211
E00097212,224,24,200
E00097213,240,48,192
E00097214,270,59,211
E00097215,225,58,167
E00097216,254,41,213
E00097217,177,29,148
E00097218,215,26,189
E00097219,197,26,171
E00097220,204,29,175
E00097221,231,47,184
E00097222,258,49,209
E00097223,214,26,188
E00097224,393,76,317
E00097225,276,72,204
E00097226,235,43,192
E00097227,305,58,247
E00097228,332,51,281
E00097229,239,49,190
E00097230,214,47,167
E00097231,184,19,165
E00097232,199,28,171
E00097233,248,46,202
E00097234,229,51,178
E00097235,298,58,240
E00097236,248,50,198
E00097237,218,23,195
E00097238,207,14,193
E00097239,306,100,206
E00097240,234,53,181
E00097241,192,19,173
E00097242,160,14,146
E00097243,274,66,208
E00097244,347,56,291
E00097245,409,66,343
E00097247,330,48,282
E00097248,272,43,229
E00097249,324,45,279
E00097250,269,51,218
E00097251,258,27,231
E00097252,379,55,324
E00097253,240,23,217
E00097255,318,50,268
E00097256,259,35,224
E00097257,289,53,236
E00097258,145,1,144
E00097259,255,43,212
E00097260,295,48,247
E00097261,288,47,241
E00097262,325,87,238
E00097263,264,46,218
E00097264,335,88,247
E00097265,182,32,150
E00097266,245,49,196
E00097267,289,70,219
E00097268,252,35,217
E00097269,239,28,211
E00097270,282,56,226
E00097271,298,60,238
E00097272,262,20,242
E00097273,238,40,198
E00097274,238,41,197
E00097276,229,26,203
E00097277,267,43,224
E00097278,246,46,200
E00097279,261,56,205
E00097280,305,69,236
E00097281,315,78,237
E00097282,329,100,229
E00097283,253,48,205
E00097284,202,28,174
E00097285,213,34,179
E00097286,260,62,198
E00097287,236,17,219
E00097288,238,49,189
E00097289,235,43,192
E00097290,278,63,215
E00097291,245,45,200
E00097292,277,75,202
E00097293,295,68,227
E00097294,273,62,211
E00097295,483,74,409
E00097296,337,39,298
E00097297,357,42,315
E00097299,294,22,272
E00097301,218,21,197
E00097302,246,32,214
E00097303,243,33,210
E00097304,339,55,284
E00097305,425,67,358
E00097306,369,61,308
E00097307,375,60,315
E00097308,257,41,216
E00097309,290,33,257
E00097310,213,42,171
E00097311,299,62,237
E00097312,230,36,194
E00097313,256,38,218
E00097314,306,33,273
E00097315,255,26,229
E00097316,285,37,248
E00097317,243,26,217
E00097318,177,22,155
E00097319,231,18,213
E00097320,194,25,169
E00097321,225,24,201
E00097322,222,31,191
E00097324,187,21,166
E00097325,298,54,244
E00097326,286,49,237
E00097327,279,48,231
E00097328,224,18,206
E00097329,261,36,225
E00097330,225,26,199
E00097331,194,22,172
E00097332,432,64,368
E00097333,266,44,222
E00097335,172,17,155
E00097336,146,14,132
E00097337,217,26,191
E00097338,266,50,216
E00097339,314,53,261
E00097340,269,56,213
E00097341,266,52,214
E00097342,238,30,208
E00097343,195,31,164
E00097344,258,35,223
E00097345,252,41,211
E00097346,264,37,227
E00097347,221,34,187
E00097348,265,44,221
E00097349,260,21,239
E00097350,328,51,277
E00097351,255,29,226
E00097352,474,93,381
E00097353,279,43,236
E00097354,300,55,245
E00097355,458,73,385
E00097356,298,71,227
E00097357,259,48,211
E00097358,255,43,212
E00097359,286,42,244
E00097360,248,21,227
E00097361,276,51,225
E00097362,260,34,226
E00097363,382,52,330
E00097364,161,22,139
E00097365,270,45,225
E00097366,247,35,212
E00097367,229,29,200
E00097368,256,67,189
E00097369,258,49,209
E00097370,509,104,405
E00097371,250,40,210
E00097372,265,37,228
E00097373,259,37,222
E00097374,268,37,231
E00097375,290,34,256
E00097376,231,20,211
E00097377,255,46,209
E00097378,231,41,190
E00097379,178,16,162
E00097380,234,37,197
E00097381,261,40,221
E00097382,243,56,187
E00097383,247,37,210
E00097384,242,51,191
E00097385,279,44,235
E00097386,267,35,232
E00097387,225,23,202
E00097388,254,43,211
E00097389,201,19,182
E00097390,266,50,216
E00097391,253,34,219
E00097392,300,66,234
E00097393,261,19,242
E00097394,261,21,240
E00097395,399,85,314
E00097396,374,59,315
E00097397,285,50,235
E00097398,315,47,268
E00097399,252,50,202
E00097400,350,54,296
E00097401,435,87,348
E00097402,264,75,189
E00097403,185,23,162
E00097404,275,69,206
E00097405,251,54,197
E00097406,272,55,217
E00097407,269,62,207
E00097408,266,57,209
E00097409,297,59,238
E00097410,401,53,348
E00097411,291,58,233
E00097412,314,38,276
E00097413,141,16,125
E00097414,241,40,201
E00097415,155,10,145
E00097416,221,18,203
E00097417,285,50,235
E00097418,261,41,220
E00097419,255,54,201
E00097420,217,26,191
E00097421,220,39,181
E00097422,388,53,335
E00097423,203,18,185
E00097424,192,23,169
E00097425,287,63,224
E00097426,207,24,183
E00097427,178,24,154
E00097428,219,32,187
E00097429,234,23,211
E00097430,226,31,195
E00097431,262,34,228
E00097432,326,39,287
E00097433,300,59,241
E00097434,199,26,173
E00097435,252,46,206
E00097436,342,65,277
E00097437,441,82,359
E00097438,200,28,172
E00097439,215,39,176
E00097440,155,19,136
E00097441,389,50,339
E00097442,256,28,228
E00097443,197,16,181
E00097444,200,30,170
E00097445,240,31,209
E00097446,302,43,259
E00097447,200,11,189
E00097448,206,12,194
E00097449,147,13,134
E00097450,123,0,123
E00097451,295,45,250
E00097452,287,33,254
E00097453,293,29,264
E00097454,298,65,233
E00097455,260,53,207
E00097456,271,37,234
E00097457,186,13,173
E00097458,255,15,240
E00097459,128,5,123
E00097460,186,16,170
E00097461,206,30,176
E00097462,233,15,218
E00097463,237,20,217
E00097464,224,28,196
E00097465,305,49,256
E00097466,506,48,458
E00097467,255,45,210
E00097468,221,40,181
E00097469,206,30,176
E00097470,240,28,212
E00097471,279,41,238
E00097472,274,58,216
E00097473,198,32,166
E00097474,230,32,198
E00097475,305,47,258
E00097476,235,35,200
E00097477,228,39,189
E00097478,272,61,211
E00097479,278,62,216
E00097480,166,22,144
E00097481,276,43,233
E00097482,302,47,255
E00097483,277,29,248
E00097484,261,41,220
E00097485,243,31,212
E00097486,352,73,279
E00097487,296,62,234
E00097488,319,73,246
E00097489,266,46,220
E00097490,271,49,222
E00097491,232,45,187
E00097492,235,27,208
E00097493,250,47,203
E00097494,243,27,216
E00097495,267,46,221
E00097496,240,47,193
E00097497,160,19,141
E00097498,314,55,259
E00097499,313,58,255
E00097500,239,18,221
E00097501,302,67,235
E00097502,249,25,224
E00097503,267,54,213
E00097504,288,51,237
E00097505,274,39,235
E00097506,255,43,212
E00097507,187,24,163
E00097508,222,28,194
E00097509,276,25,251
E00097510,258,30,228
E00097511,109,15,94
E00097512,352,54,298
E00097513,281,57,224
E00097514,235,38,197
E00097515,274,75,199
E00097516,274,63,211
E00097517,255,64,191
E00097518,227,38,189
E00097519,269,34,235
E00097520,254,45,209
E00097521,297,68,229
E00097522,286,47,239
E00097523,272,35,237
E00097524,231,37,194
E00097525,254,47,207
E00097526,280,68,212
E00097527,259,47,212
E00097528,296,68,228
E00097529,341,48,293
E00097530,362,53,309
E00097531,295,39,256
E00097532,254,54,200
E00097533,236,34,202
E00097534,243,38,205
E00097535,296,48,248
E00097536,204,33,171
E00097537,362,53,309
E00097538,298,34,264
E00097539,290,30,260
E00097540,268,44,224
E00097541,191,28,163
E00097542,259,55,204
E00097543,266,22,244
E00097544,163,28,135
E00097545,238,51,187
E00097546,272,41,231
E00097547,387,73,314
E00097548,253,21,232
E00097549,258,42,216
E00097550,173,40,133
E00097551,374,93,281
E00097553,265,57,208
E00097554,250,40,210
E00097555,353,51,302
E00097556,235,43,192
E00097557,232,32,200
E00097558,200,49,151
E00097559,199,47,152
E00097560,197,14,183
E00097561,181,18,163
E00097562,229,26,203
E00097563,276,27,249
E00097564,245,29,216
E00097565,335,56,279
E00097566,264,41,223
E00097567,210,28,182
E00097568,308,66,242
E00097569,285,33,252
E00097570,286,33,253
E00097571,341,35,306
E00097572,302,28,274
E00097573,219,21,198
E00097574,278,33,245
E00097575,203,24,179
E00097576,316,47,269
E00097577,256,37,219
E00097578,236,17,219
E00097579,239,39,200
E00097580,249,21,228
E00097581,222,18,204
E00097582,318,43,275
E00097583,440,69,371
E00097584,237,26,211
E00097585,485,70,415
E00097586,422,100,322
E00097587,326,39,287
E00097588,312,30,282
E00097589,180,19,161
E00097590,404,71,333
E00097591,399,68,331
E00097592,379,56,323
E00097593,134,14,120
E00097594,141,15,126
E00097595,283,47,236
E00097596,297,27,270
E00097597,461,74,387
E00097598,290,37,253
E00097599,214,33,181
E00097600,149,19,130
E00097601,258,36,222
E00097602,231,39,192
E00097603,347,61,286
E00097604,359,62,297
E00097605,231,22,209
E00097606,229,42,187
E00097607,470,84,386
E00097608,388,50,338
E00097609,474,45,429
E00097610,375,58,317
E00097611,291,18,273
E00097612,290,40,250
E00097613,208,16,192
E00097614,192,32,160
E00097615,407,50,357
E00097616,422,61,361
E00097617,479,73,406
E00097618,420,77,343
E00097619,481,89,392
E00097620,350,32,318
E00097621,340,62,278
E00097622,303,42,261
E00097623,364,62,302
E00097624,449,60,389
E00097625,383,68,315
E00097626,122,5,117
E00097627,348,57,291
E00097628,165,17,148
E00097629,277,36,241
E00097630,252,37,215
E00097631,207,19,188
E00097632,317,71,246
E00097633,238,13,225
E00097634,138,27,111
E00097635,122,29,93
E00097636,309,40,269
E00097637,270,33,237
E00097638,374,77,297
E00097639,347,57,290
E00097641,360,50,310
E00097642,170,16,154
E00097643,266,45,221
E00097644,233,34,199
E00097645,379,81,298
E00097646,330,43,287
E00097647,438,74,364
E00097648,344,68,276
E00097649,185,27,158
E00097650,240,46,194
E00097651,242,28,214
E00097652,208,33,175
E00097653,347,69,278
E00097654,281,46,235
E00097655,188,30,158
E00097656,267,40,227
E00097657,198,28,170
E00097658,342,34,308
E00097659,298,29,269
E00097660,162,31,131
E00097661,190,26,164
E00097662,260,50,210
E00097663,373,76,297
E00097664,396,68,328
E00097665,254,35,219
E00097666,240,22,218
E00097667,324,45,279
E00097668,398,65,333
E00097669,395,59,336
E00097670,230,10,220
E00097671,528,80,448
E00097672,247,29,218
E00097673,471,74,397
E00097675,279,38,241
E00097676,372,78,294
E00097677,284,31,253
E00097678,457,103,354
E00097679,270,34,236
E00097680,349,30,319
E00097681,310,62,248
E00097682,420,84,336
E00097683,368,53,315
E00097684,266,35,231
E00097685,254,33,221
E00097686,262,23,239
E00097687,307,73,234
E00097688,264,35,229
E00097689,299,45,254
E00097690,261,16,245
E00097691,300,37,263
E00097692,284,43,241
E00097693,288,35,253
E00097694,357,57,300
E00097695,265,35,230
E00097696,271,38,233
E00097697,490,76,414
E00097698,278,38,240
E00097699,213,22,191
E00097700,196,14,182
E00097701,192,19,173
E00097702,378,78,300
E00097703,261,35,226
E00097704,261,45,216
E00097705,216,27,189
E00097706,280,33,247
E00097707,394,25,369
E00097708,262,49,213
E00097709,349,49,300
E00097710,316,67,249
E00097711,270,71,199
E00097712,213,29,184
E00097713,260,34,226
E00097714,290,58,232
E00097715,321,51,270
E00097716,238,42,196
E00097717,339,69,270
E00097718,310,58,252
E00097719,238,32,206
E00097720,297,49,248
E00097721,261,52,209
E00097722,296,46,250
E00097723,190,33,157
E00097724,244,23,221
E00097725,314,40,274
E00097726,194,30,164
E00097727,309,39,270
E00097728,275,44,231
E00097729,291,53,238
E00097730,306,37,269
E00097731,106,17,89
E00097732,323,36,287
E00097733,367,44,323
E00097734,326,41,285
E00097735,349,46,303
E00097736,427,77,350
E00097737,278,53,225
E00097738,137,11,126
E00097739,304,26,278
E00097740,179,25,154
E00097741,126,9,117
E00097742,150,10,140
E00097743,343,40,303
E00097744,144,31,113
E00097745,226,36,190
E00097746,327,67,260
E00097747,194,14,180
E00097748,255,40,215
E00097749,265,45,220
E00097750,221,26,195
E00097751,228,14,214
E00097752,253,23,230
E00097753,303,30,273
E00097754,246,35,211
E00097755,228,15,213
E00097756,262,36,226
E00097757,431,106,325
E00097758,282,30,252
E00097759,248,22,226
E00097760,349,45,304
E00097761,155,5,150
E00097762,249,43,206
E00097763,274,40,234
E00097764,361,41,320
E00097765,104,11,93
E00097766,314,56,258
E00097767,318,48,270
E00097768,303,42,261
E00097769,243,30,213
E00097770,223,27,196
E00097771,197,39,158
E00097772,221,20,201
E00097773,351,35,316
E00097774,176,38,138
E00097775,185,36,149
E00097776,121,17,104
E00097777,323,26,297
E00097778,233,38,195
E00097779,266,50,216
E00097780,128,14,114
E00097781,245,32,213
E00097782,300,70,230
E00097783,248,49,199
E00097784,337,55,282
E00097785,272,55,217
E00097787,380,69,311
E00097789,291,33,258
E00097790,364,67,297
E00097791,233,41,192
E00097792,448,59,389
E00097793,174,20,154
E00097794,316,25,291
E00097796,256,34,222
E00097797,148,18,130
E00097798,241,19,222
E00097799,274,55,219
E00097800,147,11,136
E00097801,128,8,120
E00097803,234,38,196
E00097804,174,28,146
E00097805,130,23,107
E00097806,233,20,213
E00097807,228,32,196
E00097808,285,30,255
E00097809,410,56,354
E00097810,210,39,171
E00097811,169,23,146
E00097812,128,16,112
E00097813,387,45,342
E00097814,306,47,259
E00097815,298,56,242
E00097816,294,53,241
E00097817,301,36,265
E00097818,244,19,225
E00097819,214,12,202
E00097820,403,38,365
E00097821,305,18,287
E00097822,396,23,373
E00097823,219,13,206
E00097824,230,10,220
E00097825,243,17,226
E00097826,220,17,203
E00097827,202,6,196
E00097828,177,7,170
E00097829,259,27,232
E00097830,273,25,248
E00097831,210,19,191
E00097832,309,59,250
E00097833,265,27,238
E00097834,278,32,246
E00097835,232,18,214
E00097836,153,13,140
E00097837,254,33,221
E00097838,242,24,218
E00097839,203,19,184
E00097840,324,39,285
E00097841,282,29,253
E00097842,330,53,277
E00097843,295,52,243
E00097844,233,32,201
E00097845,249,29,220
E00097846,323,36,287
E00097847,294,48,246
E00097848,261,26,235
E00097849,266,41,225
E00097850,272,57,215
E00097851,299,28,271
E00097853,318,54,264
E00097854,506,150,356
E00097855,342,76,266
E00097856,223,51,172
E00097857,246,30,216
E00097858,242,23,219
E00097859,376,47,329
E00097860,260,48,212
E00097861,343,73,270
E00097862,252,22,230
E00097863,238,27,211
E00097865,253,26,227
E00097866,247,40,207
E00097867,273,36,237
E00097868,332,49,283
E00097869,346,72,274
E00097870,271,48,223
E00097871,238,21,217
E00097872,212,13,199
E00097873,254,30,224
E00097874,290,39,251
E00097875,258,33,225
E00097876,294,42,252
E00097877,251,38,213
E00097878,297,51,246
E00097879,307,52,255
E00097880,311,41,270
E00097881,244,11,233
E00097882,214,22,192
E00097883,261,63,198
E00097884,208,17,191
E00097885,299,30,269
E00097886,297,84,213
E00097887,289,38,251
E00097888,293,51,242
E00097889,311,84,227
E00097890,183,13,170
E00097891,276,67,209
E00097892,272,40,232
E00097893,272,36,236
E00097894,233,30,203
E00097895,262,33,229
E00097896,363,53,310
E00097897,281,27,254
E00097898,346,30,316
E00097899,285,25,260
E00097900,327,37,290
E00097901,291,55,236
E00097902,225,31,194
E00097903,248,24,224
E00097904,270,55,215
E00097906,324,47,277
E00097907,268,39,229
E00097909,297,62,235
E00097910,344,56,288
E00097911,220,37,183
E00097912,344,80,264
E00097913,255,27,228
E00097914,242,38,204
E00097915,383,80,303
E00097916,233,30,203
E00097917,289,54,235
E00097918,370,61,309
E00097919,315,36,279
E00097920,275,36,239
E00097921,244,27,217
E00097922,282,15,267
E00097923,246,47,199
E00097924,230,34,196
E00097925,272,40,232
E00097926,220,10,210
E00097927,127,17,110
E00097928,337,25,312
E00097930,238,34,204
E00097931,337,73,264
E00097932,284,48,236
E00097933,299,54,245
E00097934,319,54,265
E00097935,277,39,238
E00097936,311,80,231
E00097937,275,71,204
E00097938,302,62,240
E00097939,377,106,271
E00097940,220,22,198
E00097941,349,110,239
E00097942,338,56,282
E00097943,301,29,272
E00097944,487,115,372
E00097945,231,19,212
E00097946,235,27,208
E00097947,296,46,250
E00097948,371,176,195
E00097949,264,26,238
E00097950,204,11,193
E00097951,240,29,211
E00097952,190,13,177
E00097953,221,20,201
E00097954,346,41,305
E00097955,227,15,212
E00097956,129,14,115
E00097957,316,53,263
E00097958,264,88,176
E00097959,140,14,126
E00097960,202,30,172
E00097961,267,29,238
E00097962,281,33,248
E00097963,264,36,228
E00097964,241,21,220
E00097965,317,42,275
E00097966,322,42,280
E00097967,201,24,177
E00097968,385,66,319
E00097969,312,29,283
E00097970,265,37,228
E00097971,376,35,341
E00097972,358,70,288
E00097973,222,18,204
E00097974,270,35,235
E00097975,223,43,180
E00097976,333,47,286
E00097977,485,75,410
E00097978,211,23,188
E00097979,208,13,195
E00097980,316,62,254
E00097981,223,23,200
E00097982,266,39,227
E00097983,260,32,228
E00097984,246,28,218
E00097985,358,66,292
E00097986,314,39,275
E00097987,154,18,136
E00097988,225,8,217
E00097989,268,36,232
E00097990,265,34,231
E00097991,503,89,414
E00097992,324,64,260
E00097993,243,46,197
E00097994,328,36,292
E00097995,338,70,268
E00097996,367,87,280
E00097997,301,82,219
E00097998,223,26,197
E00097999,287,16,271
E00098000,195,25,170
E00098001,294,28,266
E00098002,227,15,212
E00098003,436,90,346
E00098004,346,42,304
E00098005,301,50,251
E00098006,232,27,205
E00098007,276,23,253
E00098008,237,27,210
E00098009,198,14,184
E00098010,332,48,284
E00098011,298,51,247
E00098012,508,277,231
E00098013,301,120,181
E00098014,235,42,193
E00098015,259,26,233
E00098017,426,122,304
E00098018,214,18,196
E00098019,288,30,258
E00098020,236,27,209
E00098021,263,38,225
E00098022,250,22,228
E00098023,144,12,132
E00098024,268,27,241
E00098025,350,56,294
E00098026,225,30,195
E00098027,218,24,194
E00098028,364,65,299
E00098029,415,65,350
E00098030,210,33,177
E00098031,199,25,174
E00098032,147,17,130
E00098033,188,19,169
E00098034,444,69,375
E00098035,109,5,104
E00098036,292,51,241
E00098037,266,26,240
E00098038,273,50,223
E00098039,263,46,217
E00098040,538,89,449
E00098041,272,47,225
E00098042,252,52,200
E00098043,335,55,280
E00098044,231,26,205
E00098045,296,75,221
E00098046,271,48,223
E00098047,211,24,187
E00098048,353,52,301
E00098049,266,36,230
E00098050,296,38,258
E00098051,285,40,245
E00098052,243,40,203
E00098053,251,39,212
E00098054,281,44,237
E00098055,250,36,214
E00098056,243,30,213
E00098057,276,38,238
E00098058,379,59,320
E00098059,247,34,213
E00098060,226,32,194
E00098061,333,50,283
E00098062,188,17,171
E00098063,256,15,241
E00098064,245,38,207
E00098065,292,50,242
E00098066,238,25,213
E00098067,296,34,262
E00098068,345,40,305
E00098069,253,28,225
E00098070,224,23,201
E00098071,245,17,228
E00098072,186,17,169
E00098073,367,49,318
E00098074,205,26,179
E00098075,286,49,237
E00098077,321,42,279
E00098078,384,63,321
E00098080,315,31,284
E00098081,178,32,146
E00098082,287,33,254
E00098083,211,15,196
E00098084,176,2,174
E00098085,199,25,174
E00098086,198,12,186
E00098087,274,38,236
E00098088,257,75,182
E00098089,230,39,191
E00098090,266,33,233
E00098091,265,33,232
E00098092,266,41,225
E00098093,248,38,210
E00098094,292,35,257
E00098095,298,63,235
E00098096,268,41,227
E00098097,250,25,225
E00098098,297,27,270
E00098099,312,39,273
E00098100,293,59,234
E00098101,279,33,246
E00098102,290,38,252
E00098103,237,17,220
E00098104,216,22,194
E00098105,231,41,190
E00098106,268,53,215
E00098107,293,63,230
E00098108,284,36,248
E00098109,225,23,202
E00098110,261,57,204
E00098111,239,30,209
E00098112,236,23,213
E00098114,227,38,189
E00098115,271,56,215
E00098116,301,52,249
E00098117,310,38,272
E00098118,257,35,222
E00098119,420,77,343
E00098120,271,56,215
E00098121,334,68,266
E00098122,215,28,187
E00098123,340,55,285
E00098124,286,31,255
E00098125,245,38,207
E00098126,382,103,279
E00098127,227,30,197
E00098128,264,30,234
E00098129,416,82,334
E00098130,256,50,206
E00098131,253,26,227
E00098132,259,40,219
E00098133,240,24,216
E00098134,344,53,291
E00098135,221,34,187
E00098137,279,65,214
E00098138,216,29,187
E00098139,465,45,420
E00098140,103,13,90
E00098141,272,35,237
E00098142,260,50,210
E00098143,239,30,209
E00098144,248,41,207
E00098145,324,47,277
E00098146,320,44,276
E00098147,255,46,209
E00098148,245,50,195
E00098149,275,44,231
E00098150,235,16,219
E00098151,271,38,233
E00098152,347,52,295
E00098153,288,57,231
E00098154,254,26,228
E00098155,423,56,367
E00098156,260,34,226
E00098157,323,63,260
E00098158,329,36,293
E00098159,171,8,163
E00098160,362,75,287
E00098161,289,35,254
E00098162,315,44,271
E00098163,270,35,235
E00098164,181,12,169
E00098165,270,35,235
E00098166,221,29,192
E00098167,296,41,255
E00098168,308,54,254
E00098169,314,49,265
E00098170,210,32,178
E00098171,313,43,270
E00098172,286,48,238
E00098173,320,70,250
E00098174,329,65,264
E00098175,288,56,232
E00098176,463,114,349
E00098177,302,68,234
E00098178,401,85,316
E00098179,284,61,223
E00098180,270,49,221
E00098181,270,48,222
E00098182,274,28,246
E00098183,244,32,212
E00098184,251,28,223
E00098185,241,26,215
E00098186,207,21,186
E00098187,279,36,243
E00098188,304,48,256
E00098189,178,16,162
E00098190,296,48,248
E00098191,278,29,249
E00098192,297,44,253
E00098193,280,42,238
E00098194,265,46,219
E00098195,238,24,214
E00098196,287,53,234
E00098197,274,43,231
E00098198,243,25,218
E00098199,248,18,230
E00098200,280,43,237
E00098201,271,40,231
E00098202,260,32,228
E00098203,291,67,224
E00098204,248,19,229
E00098206,267,43,224
E00098207,327,65,262
E00098208,256,68,188
E00098209,461,111,350
E00098210,238,49,189
E00098211,278,36,242
E00098212,325,64,261
E00098213,270,46,224
E00098214,355,44,311
E00098215,354,42,312
E00098216,325,35,290
E00098217,281,44,237
E00098218,320,72,248
E00098219,291,30,261
E00098220,260,29,231
E00098221,193,15,178
E00098222,264,42,222
E00098223,317,41,276
E00098224,212,30,182
E00098225,242,65,177
E00098226,358,59,299
E00098227,258,33,225
E00098228,335,29,306
E00098229,288,54,234
E00098230,296,65,231
E00098231,239,31,208
E00098232,266,37,229
E00098233,260,32,228
E00098234,246,33,213
E00098235,399,74,325
E00098236,317,38,279
E00098237,242,31,211
E00098238,254,33,221
E00098239,253,28,225
E00098240,278,41,237
E00098242,274,29,245
E00098243,296,43,253
E00098244,411,94,317
E00098246,307,81,226
E00098247,304,72,232
E00098248,316,65,251
E00098249,252,63,189
E00098250,335,102,233
E00098251,191,28,163
E00098252,242,32,210
E00098253,337,75,262
E00098254,305,73,232
E00098255,316,63,253
E00098256,301,61,240
E00098257,315,72,243
E00098258,365,79,286
E00098259,280,40,240
E00098260,233,21,212
E00098261,271,28,243
E00098262,272,36,236
E00098263,281,33,248
E00098264,333,55,278
E00098265,289,38,251
E00098266,236,22,214
E00098267,229,41,188
E00098268,345,63,282
E00098269,438,86,352
E00098270,305,44,261
E00098271,352,39,313
E00098272,263,27,236
E00098273,214,28,186
E00098274,283,42,241
E00098275,325,37,288
E00098276,273,56,217
E00098277,327,63,264
E00098278,270,41,229
E00098279,322,42,280
E00098280,252,48,204
E00098281,262,37,225
E00098282,205,26,179
E00098283,305,53,252
E00098284,260,22,238
E00098285,374,42,332
E00098286,228,51,177
E00098287,342,58,284
E00098288,227,27,200
E00098289,289,42,247
E00098290,290,50,240
E00098291,321,55,266
E00098292,281,35,246
E00098293,435,88,347
E00098294,251,20,231
E00098295,310,71,239
E00098296,384,69,315
E00098297,262,50,212
E00098298,336,75,261
E00098299,359,55,304
E00098300,428,57,371
E00098301,327,51,276
E00098302,306,52,254
E00098303,315,59,256
E00098304,257,54,203
E00098305,239,30,209
E00098306,283,48,235
E00098307,319,70,249
E00098308,260,36,224
E00098309,312,48,264
E00098311,278,27,251
E00098312,326,52,274
E00098313,322,58,264
E00098314,295,60,235
E00098315,288,62,226
E00098316,359,55,304
E00098317,363,54,309
E00098318,292,45,247
E00098319,305,57,248
E00098320,293,38,255
E00098321,256,26,230
E00098322,369,53,316
E00098323,318,79,239
E00098324,405,66,339
E00098325,368,47,321
E00098326,322,71,251
E00098327,293,24,269
E00098328,235,57,178
E00098329,251,38,213
E00098330,372,59,313
E00098331,275,39,236
E00098332,244,53,191
E00098333,246,35,211
E00098334,198,28,170
E00098335,236,21,215
E00098336,377,66,311
E00098337,302,56,246
E00098338,297,60,237
E00098339,230,29,201
E00098340,282,59,223
E00098341,263,41,222
E00098342,278,37,241
E00098343,262,36,226
E00098344,533,103,430
E00098345,355,65,290
E00098346,254,33,221
E00098347,446,107,339
E00098348,199,25,174
E00098349,442,71,371
E00098350,344,75,269
E00098352,260,59,201
E00098353,276,42,234
E00098354,275,43,232
E00098355,248,34,214
E00098356,352,38,314
E00098357,274,48,226
E00098358,303,62,241
E00098359,264,40,224
E00098360,399,86,313
E00098361,261,47,214
E00098362,305,44,261
E00098363,215,19,196
E00098364,306,46,260
E00098365,263,42,221
E00098366,290,43,247
E00098367,279,35,244
E00098368,288,48,240
E00098369,297,39,258
E00098370,279,58,221
E00098371,435,78,357
E00098372,256,56,200
E00098373,329,78,251
E00098374,280,54,226
E00098375,269,46,223
E00098376,369,49,320
E00098377,300,35,265
E00098378,498,75,423
E00098379,235,34,201
E00098380,324,69,255
E00098381,236,36,200
E00098382,349,99,250
E00098383,240,40,200
E00098384,384,77,307
E00098385,414,70,344
E00098386,244,38,206
E00098387,272,49,223
E00098388,451,75,376
E00098389,310,59,251
E00098390,322,41,281
E00098391,270,20,250
E00098392,153,12,141
E00098393,282,75,207
E00098394,287,29,258
E00098395,269,25,244
E00098396,518,131,387
E00098397,518,117,401
E00098398,219,12,207
E00098399,215,23,192
E00098400,311,41,270
E00098401,286,33,253
E00098402,274,38,236
E00098404,256,30,226
E00098405,264,28,236
E00098406,281,56,225
E00098407,289,37,252
E00098408,279,46,233
E00098409,205,27,178
E00098410,254,44,210
E00098411,201,19,182
E00098412,220,43,177
E00098413,250,35,215
E00098414,301,49,252
E00098415,330,63,267
E00098416,239,22,217
E00098417,265,66,199
E00098418,277,52,225
E00098419,240,19,221
E00098420,278,22,256
E00098421,213,41,172
E00098422,313,59,254
E00098423,264,48,216
E00098424,288,37,251
E00098425,193,12,181
E00098426,320,55,265
E00098427,302,55,247
E00098428,284,58,226
E00098429,270,29,241
E00098430,237,19,218
E00098431,275,66,209
E00098432,255,65,190
E00098433,346,88,258
E00098434,404,83,321
E00098435,256,35,221
E00098436,436,82,354
E00098437,198,18,180
E00098438,346,47,299
E00098439,261,29,232
E00098440,321,48,273
E00098441,279,37,242
E00098442,267,43,224
E00098443,314,45,269
E00098444,190,19,171
E00098447,435,70,365
E00098448,330,55,275
E00098449,244,18,226
E00098450,331,45,286
E00098451,225,36,189
E00098453,232,40,192
E00098454,276,38,238
E00098455,280,51,229
E00098456,273,33,240
E00098457,480,112,368
E00098458,312,31,281
E00098459,254,40,214
E00098460,254,34,220
E00098461,282,55,227
E00098462,420,115,305
E00098463,244,42,202
E00098464,293,74,219
E00098465,331,60,271
E00098466,219,39,180
E00098467,260,52,208
E00098468,248,32,216
E00098469,322,67,255
E00098470,260,46,214
E00098471,248,35,213
E00098472,271,62,209
E00098473,281,39,242
E00098474,328,60,268
E00098475,367,64,303
E00098477,341,60,281
E00098478,349,69,280
E00098479,273,58,215
E00098480,307,52,255
E00098481,335,40,295
E00098482,145,10,135
E00098483,348,50,298
E00098484,307,28,279
E00098485,267,40,227
E00098486,301,50,251
E00098487,309,36,273
E00098488,220,17,203
E00098489,247,34,213
E00098490,206,16,190
E00098491,311,48,263
E00098492,301,47,254
E00098493,291,30,261
E00098494,359,80,279
E00098495,319,48,271
E00098496,233,11,222
E00098497,238,21,217
E00098498,330,44,286
E00098499,289,36,253
E00098500,273,37,236
E00098501,266,28,238
E00098502,205,30,175
E00098503,443,54,389
E00098504,251,26,225
E00098505,324,59,265
E00098506,214,37,177
E00098507,261,33,228
E00098508,351,72,279
E00098509,471,104,367
E00098510,271,37,234
E00098511,301,67,234
E00098512,372,89,283
E00098513,275,32,243
E00098514,235,33,202
E00098515,227,23,204
E00098516,270,17,253
E00098517,259,42,217
E00098518,353,72,281
E00098519,251,25,226
E00098520,244,24,220
E00098521,261,28,233
E00098522,254,30,224
E00098523,264,28,236
E00098524,375,47,328
E00098525,443,75,368
E00098526,277,24,253
E00098527,271,23,248
E00098528,281,51,230
E00098529,248,55,193
E00098530,303,76,227
E00098531,261,38,223
E00098532,469,89,380
E00098533,250,37,213
E00098534,220,29,191
E00098535,300,31,269
E00098536,349,71,278
E00098537,420,72,348
E00098538,445,122,323
E00098539,288,70,218
E00098540,298,50,248
E00098541,295,65,230
E00098542,363,54,309
E00098543,335,57,278
E00098544,244,8,236
E00098545,483,78,405
E00098546,231,41,190
E00098547,160,15,145
E00098548,266,42,224
E00098549,172,20,152
E00098550,256,50,206
E00098551,245,50,195
E00098552,247,34,213
E00098553,518,113,405
E00098554,276,40,236
E00098555,253,46,207
E00098556,288,56,232
E00098557,200,19,181
E00098558,290,33,257
E00098559,372,65,307
E00098560,252,31,221
E00098561,190,25,165
E00098562,226,14,212
E00098563,220,37,183
E00098564,192,18,174
E00098565,307,71,236
E00098566,310,33,277
E00098567,265,48,217
E00098568,268,60,208
E00098569,425,70,355
E00098570,250,36,214
E00098571,322,43,279
E00098572,229,17,212
E00098573,295,63,232
E00098574,322,55,267
E00098575,257,47,210
E00098576,318,65,253
E00098577,248,25,223
E00098578,328,52,276
E00098579,290,50,240
E00098580,372,49,323
E00098581,282,52,230
E00098582,418,82,336
E00098583,260,47,213
E00098584,356,67,289
E00098585,344,67,277
E00098586,290,41,249
E00098587,425,99,326
E00098588,312,43,269
E00098590,439,50,389
E00098591,289,46,243
E00098592,248,33,215
E00098593,162,12,150
E00098594,286,36,250
E00098595,262,31,231
E00098596,390,103,287
E00098597,189,18,171
E00098599,245,33,212
E00098600,491,66,425
E00098601,233,45,188
E00098602,242,40,202
E00098603,227,27,200
E00098604,352,59,293
E00098605,304,71,233
E00098606,272,59,213
E00098607,336,82,254
E00098608,269,64,205
E00098609,327,34,293
E00098610,125,18,107
E00098612,261,29,232
E00098613,333,49,284
E00098614,335,35,300
E00098615,244,16,228
E00098616,258,36,222
E00098617,256,32,224
E00098618,285,28,257
E00098619,297,49,248
E00098620,294,38,256
E00098621,254,52,202
E00098622,239,39,200
E00098623,373,61,312
E00098624,298,67,231
E00098625,260,31,229
E00098626,364,55,309
E00098627,292,45,247
E00098628,339,53,286
E00098629,234,17,217
E00098630,286,49,237
E00098631,316,50,266
E00098632,349,60,289
E00098633,313,48,265
E00098634,437,71,366
E00098635,312,43,269
E00098636,311,42,269
E00098637,375,32,343
E00098638,357,93,264
E00098639,276,23,253
E00098640,402,78,324
E00098641,396,62,334
E00098642,218,36,182
E00098643,439,68,371
E00098644,337,54,283
E00098645,452,86,366
E00098646,259,40,219
E00098647,265,59,206
E00098648,248,37,211
E00098649,292,48,244
E00098650,270,58,212
E00098651,293,41,252
E00098652,294,52,242
E00098653,336,46,290
E00098654,247,14,233
E00098655,287,41,246
E00098656,291,43,248
E00098657,373,38,335
E00098658,301,54,247
E00098659,276,25,251
E00098660,288,64,224
E00098661,266,43,223
E00098662,307,48,259
E00098663,233,35,198
E00098664,288,61,227
E00098665,231,36,195
E00098666,236,54,182
E00098667,223,44,179
E00098668,370,69,301
E00098669,347,104,243
E00098670,394,70,324
E00098671,290,59,231
E00098672,253,43,210
E00098673,340,74,266
E00098674,325,68,257
E00098675,318,42,276
E00098676,364,38,326
E00098677,351,66,285
E00098678,338,70,268
E00098679,307,42,265
E00098680,437,87,350
E00098681,265,28,237
E00098683,337,86,251
E00098684,292,39,253
E00098685,321,67,254
E00098686,296,60,236
E00098687,267,40,227
E00098688,330,61,269
E00098689,324,31,293
E00098690,425,87,338
E00098692,309,67,242
E00098693,216,36,180
E00098694,308,72,236
E00098695,258,33,225
E00098696,278,53,225
E00098697,386,74,312
E00098698,266,42,224
E00098699,270,59,211
E00098700,228,37,191
E00098701,450,76,374
E00098702,190,23,167
E00098703,511,74,437
E00098704,354,65,289
E00098705,156,20,136
E00098706,142,31,111
E00098707,284,32,252
E00098708,337,69,268
E00098709,323,53,270
E00098710,242,17,225
E00098711,339,50,289
E00098712,295,29,266
E00098713,310,48,262
E00098714,261,34,227
E00098715,246,40,206
E00098716,423,53,370
E00098718,250,34,216
E00098719,301,76,225
E00098720,199,25,174
E00098721,526,80,446
E00098723,260,71,189
E00098724,342,56,286
E00098725,376,71,305
E00098726,406,66,340
E00098727,254,41,213
E00098728,494,80,414
E00098729,319,64,255
E00098730,267,47,220
E00098731,291,41,250
E00098732,289,66,223
E00098733,255,63,192
E00098734,494,89,405
E00098735,314,43,271
E00098736,298,40,258
E00098737,300,43,257
E00098738,266,37,229
E00098739,287,32,255
E00098740,278,33,245
E00098741,328,66,262
E00098742,226,40,186
E00098743,277,53,224
E00098744,212,23,189
E00098745,193,24,169
E00098746,282,50,232
E00098747,263,31,232
E00098748,250,27,223
E00098749,261,49,212
E00098750,306,43,263
E00098751,402,32,370
E00098752,278,55,223
E00098753,238,35,203
E00098754,235,46,189
E00098755,218,28,190
E00098756,210,13,197
E00098757,154,9,145
E00098758,226,30,196
E00098759,320,54,266
E00098760,122,7,115
E00098761,368,58,310
E00098762,235,33,202
E00098763,322,42,280
E00098764,300,65,235
E00098765,256,45,211
E00098766,273,42,231
E00098767,211,29,182
E00098768,174,21,153
E00098769,142,21,121
E00098770,246,67,179
E00098771,353,67,286
E00098772,276,49,227
E00098773,265,37,228
E00098774,232,32,200
E00098775,331,96,235
E00098776,270,47,223
E00098777,280,41,239
E00098778,283,39,244
E00098779,305,62,243
E00098780,230,29,201
E00098781,347,77,270
E00098782,299,38,261
E00098783,302,45,257
E00098784,292,50,242
E00098785,279,50,229
E00098786,267,25,242
E00098787,286,37,249
E00098788,253,31,222
E00098789,254,29,225
E00098790,224,18,206
E00098791,561,116,445
E00098792,368,31,337
E00098793,179,16,163
E00098794,241,23,218
E00098795,213,38,175
E00098796,236,19,217
E00098797,289,73,216
E00098798,268,45,223
E00098799,238,45,193
E00098800,208,11,197
E00098801,289,39,250
E00098802,297,34,263
E00098803,311,50,261
E00098804,242,29,213
E00098805,266,28,238
E00098806,272,53,219
E00098807,273,50,223
E00098808,255,32,223
E00098809,512,100,412
E00098810,262,46,216
E00098811,249,28,221
E00098812,229,21,208
E00098813,237,39,198
E00098814,220,33,187
E00098815,340,55,285
E00098816,270,30,240
E00098817,304,46,258
E00098818,221,33,188
E00098819,219,18,201
E00098820,285,46,239
E00098821,265,35,230
E00098822,324,37,287
E00098824,313,66,247
E00098825,268,50,218
E00098826,293,61,232
E00098827,266,57,209
E00098828,271,46,225
E00098829,221,19,202
E00098830,230,22,208
E00098832,198,5,193
E00098833,292,42,250
E00098834,276,71,205
E00098835,258,45,213
E00098836,185,8,177
E00098837,227,35,192
E00098838,237,49,188
E00098839,229,36,193
E00098840,205,27,178
E00098841,288,43,245
E00098842,216,25,191
E00098843,266,61,205
E00098844,307,70,237
E00098845,264,69,195
E00098846,274,63,211
E00098847,272,48,224
E00098848,311,65,246
E00098849,275,62,213
E00098850,284,36,248
E00098851,251,33,218
E00098852,339,48,291
E00098854,281,62,219
E00098855,259,31,228
E00098856,218,28,190
E00098857,231,39,192
E00098858,451,100,351
E00098859,272,39,233
E00098860,264,24,240
E00098861,238,34,204
E00098862,245,16,229
E00098863,338,87,251
E00098864,265,50,215
E00098865,234,21,213
E00098866,285,26,259
E00098867,245,37,208
E00098868,299,49,250
E00098869,281,40,241
E00098870,230,31,199
E00098871,261,48,213
E00098872,378,86,292
E00098873,281,22,259
E00098874,343,98,245
E00098875,306,40,266
E00098876,325,85,240
E00098877,344,96,248
E00098878,239,28,211
E00098879,239,29,210
E00098880,221,11,210
E00098881,300,74,226
E00098882,271,32,239
E00098883,236,11,225
E00098884,324,64,260
E00098885,308,50,258
E00098886,444,122,322
E00098887,305,56,249
E00098888,411,90,321
E00098889,535,116,419
E00098890,336,74,262
E00098891,345,60,285
E00098892,281,45,236
E00098893,302,56,246
E00098894,272,45,227
E00098895,250,38,212
E00098896,309,88,221
E00098897,313,36,277
E00098898,235,37,198
E00098899,378,95,283
E00098900,264,38,226
E00098901,243,37,206
E00098902,285,43,242
E00098903,233,39,194
E00098904,271,40,231
E00098905,284,56,228
E00098906,191,19,172
E00098907,217,44,173
E00098908,222,28,194
E00098909,111,7,104
E00098910,357,81,276
E00098911,236,31,205
E00098912,237,31,206
E00098913,230,26,204
E00098914,232,30,202
E00098915,241,34,207
E00098916,315,39,276
E00098917,196,18,178
E00098918,330,54,276
E00098919,538,99,439
E00098920,342,52,290
E00098921,204,27,177
E00098922,238,27,211
E00098923,256,52,204
E00098924,261,56,205
E00098925,138,6,132
E00098926,237,29,208
E00098927,160,7,153
E00098928,157,15,142
E00098929,170,16,154
E00098930,216,29,187
E00098931,203,40,163
E00098932,217,28,189
E00098933,265,50,215
E00098934,273,58,215
E00098935,146,3,143
E00098936,250,41,209
E00098937,293,54,239
E00098938,337,69,268
E00098939,282,32,250
E00098940,338,76,262
E00098941,344,58,286
E00098942,318,47,271
E00098943,265,34,231
E00098944,227,20,207
E00098945,408,80,328
E00098946,353,94,259
E00098947,375,123,252
E00098948,487,116,371
E00098949,445,70,375
E00098950,255,41,214
E00098951,123,9,114
E00098952,277,54,223
E00098953,237,25,212
E00098954,181,26,155
E00098955,377,114,263
E00098956,386,71,315
E00098957,348,102,246
E00098958,279,82,197
E00098959,289,87,202
E00098960,350,69,281
E00098961,249,47,202
E00098962,273,48,225
E00098963,293,81,212
E00098964,336,73,263
E00098965,367,69,298
E00098966,318,79,239
E00098967,407,89,318
E00098968,209,24,185
E00098969,218,36,182
E00098970,248,32,216
E00098971,258,47,211
E00098972,319,32,287
E00098973,271,39,232
E00098974,238,35,203
E00098975,252,36,216
E00098976,191,24,167
E00098977,264,44,220
E00098978,364,67,297
E00098979,245,38,207
E00098980,227,41,186
E00098981,280,55,225
E00098982,225,13,212
E00098983,291,63,228
E00098984,282,40,242
E00098985,269,49,220
E00098986,277,35,242
E00098987,184,20,164
E00098988,225,40,185
E00098989,241,34,207
E00098990,308,83,225
E00098991,239,24,215
E00098992,298,65,233
E00098993,280,70,210
E00098994,227,43,184
E00098995,245,41,204
E00098996,242,31,211
E00098997,389,53,336
E00098998,278,29,249
E00098999,156,17,139
E00099000,197,29,168
E00099001,289,51,238
E00099002,261,36,225
E00099003,239,42,197
E00099004,189,15,174
E00099005,291,61,230
E00099006,267,60,207
E00099007,262,29,233
E00099008,282,55,227
E00099009,330,95,235
E00099010,200,26,174
E00099011,343,81,262
E00099012,217,29,188
E00099013,342,100,242
E00099014,201,29,172
E00099015,228,28,200
E00099016,255,29,226
E00099017,359,38,321
E00099018,219,29,190
E00099019,304,53,251
E00099020,299,53,246
E00099021,193,22,171
E00099022,309,34,275
E00099023,311,68,243
E00099024,282,49,233
E00099025,216,28,188
E00099026,250,47,203
E00099027,332,73,259
E00099028,228,33,195
E00099029,307,54,253
E00099030,437,128,309
E00099031,498,88,410
E00099032,313,56,257
E00099033,157,21,136
E00099034,303,54,249
E00099035,185,16,169
E00099036,419,75,344
E00099037,281,49,232
E00099039,280,38,242
E00099040,432,63,369
E00099042,336,47,289
E00099043,278,43,235
E00099044,279,49,230
E00099045,275,26,249
E00099046,328,48,280
E00099047,208,30,178
E00099048,484,69,415
E00099049,282,67,215
E00099050,311,58,253
E00099051,368,86,282
E00099052,286,45,241
E00099054,253,24,229
E00099055,264,48,216
E00099056,277,44,233
E00099057,231,30,201
E00099058,214,9,205
E00099059,304,57,247
E00099060,266,27,239
E00099061,209,23,186
E00099062,299,48,251
E00099063,272,36,236
E00099064,390,79,311
E00099065,224,12,212
E00099066,253,36,217
E00099067,325,47,278
E00099068,238,34,204
E00099069,274,44,230
E00099070,238,24,214
E00099071,228,25,203
E00099072,309,42,267
E00099073,249,18,231
E00099074,127,8,119
E00099075,281,52,229
E00099076,228,29,199
E00099077,185,20,165
E00099078,236,30,206
E00099079,289,47,242
E00099080,299,56,243
E00099081,277,36,241
E00099082,244,46,198
E00099083,304,56,248
E00099084,237,21,216
E00099085,209,15,194
E00099086,233,15,218
E00099087,278,46,232
E00099088,270,37,233
E00099089,217,38,179
E00099090,314,58,256
E00099091,391,78,313
E00099092,371,80,291
E00099093,292,62,230
E00099094,290,46,244
E00099095,269,57,212
E00099096,216,30,186
E00099097,328,41,287
E00099098,281,45,236
E00099099,274,44,230
E00099100,254,46,208
E00099101,344,43,301
E00099102,280,44,236
E00099103,355,55,300
E00099104,290,40,250
E00099105,186,24,162
E00099106,219,18,201
E00099107,365,77,288
E00099108,304,53,251
E00099109,223,57,166
E00099110,223,31,192
E00099111,247,33,214
E00099112,323,56,267
E00099113,492,75,417
E00099115,261,38,223
E00099117,297,49,248
E00099118,381,97,284
E00099119,314,75,239
E00099120,530,101,429
E00099121,307,28,279
E00099122,260,23,237
E00099123,336,47,289
E00099124,351,56,295
E00099125,211,26,185
E00099126,270,37,233
E00099127,253,24,229
E00099128,295,39,256
E00099129,245,18,227
E00099130,190,13,177
E00099131,160,8,152
E00099132,215,17,198
E00099133,310,79,231
E00099134,234,17,217
E00099135,216,35,181
E00099136,245,25,220
E00099137,271,38,233
E00099138,196,28,168
E00099139,231,30,201
E00099140,344,67,277
E00099141,252,42,210
E00099142,217,13,204
E00099143,265,29,236
E00099144,283,41,242
E00099145,258,38,220
E00099146,284,44,240
E00099150,415,61,354
E00099151,456,64,392
E00099152,462,71,391
E00099153,208,31,177
E00099154,372,69,303
E00099155,213,22,191
E00099156,187,30,157
E00099157,245,25,220
E00099158,388,71,317
E00099159,183,16,167
E00099160,222,39,183
E00099161,271,30,241
E00099162,151,24,127
E00099163,106,13,93
E00099164,305,34,271
E00099165,227,39,188
E00099166,233,35,198
E00099167,348,54,294
E00099168,350,56,294
E00099169,252,42,210
E00099170,334,59,275
E00099171,295,43,252
E00099172,261,42,219
E00099173,153,28,125
E00099174,130,14,116
E00099175,137,18,119
E00099176,303,43,260
E00099177,274,36,238
E00099178,190,24,166
E00099179,232,44,188
E00099180,154,29,125
E00099181,231,17,214
E00099182,197,30,167
E00099183,203,25,178
E00099184,232,25,207
E00099185,504,75,429
E00099186,304,36,268
E00099187,259,34,225
E00099188,250,55,195
E00099189,204,18,186
E00099190,306,64,242
E00099191,244,44,200
E00099192,214,28,186
E00099193,462,56,406
E00099194,438,66,372
E00099195,198,25,173
E00099196,357,62,295
E00099197,263,23,240
E00099198,172,12,160
E00099199,222,24,198
E00099200,240,39,201
E00099201,254,37,217
E00099202,116,20,96
E00099203,173,33,140
E00099204,174,13,161
E00099205,118,21,97
E00099206,174,35,139
E00099207,403,50,353
E00099208,129,21,108
E00099209,312,25,287
E00099210,110,18,92
E00099211,134,11,123
E00099212,129,13,116
E00099213,431,67,364
E00099214,377,114,263
E00099215,253,34,219
E00099216,411,72,339
E00099217,234,41,193
E00099219,182,41,141
E00099220,290,35,255
E00099221,192,35,157
E00099222,340,59,281
E00099223,295,26,269
E00099224,232,25,207
E00099225,245,35,210
E00099226,434,71,363
E00099227,341,52,289
E00099228,151,24,127
E00099229,287,53,234
E00099230,285,32,253
E00099231,279,53,226
E00099232,284,35,249
E00099233,189,29,160
E00099234,341,49,292
E00099235,223,39,184
E00099236,235,56,179
E00099237,253,38,215
E00099238,289,40,249
E00099239,157,17,140
E00099240,186,24,162
E00099241,313,41,272
E00099242,189,10,179
E00099243,232,39,193
E00099244,197,21,176
E00099245,236,51,185
E00099246,272,45,227
E00099247,127,19,108
E00099248,295,45,250
E00099249,221,39,182
E00099250,256,22,234
E00099251,257,30,227
E00099252,207,35,172
E00099253,106,18,88
E00099255,193,25,168
E00099256,183,28,155
E00099260,310,52,258
E00099261,110,12,98
E00099262,261,32,229
E00099263,272,44,228
E00099264,215,34,181
E00099265,244,23,221
E00099266,306,37,269
E00099267,331,35,296
E00099268,253,34,219
E00099269,214,30,184
E00099274,277,56,221
E00099275,281,33,248
E00099276,273,37,236
E00099277,383,58,325
E00099278,257,35,222
E00099279,275,37,238
E00099280,326,45,281
E00099281,179,9,170
E00099282,259,39,220
E00099283,375,52,323
E00099284,495,103,392
E00099285,299,49,250
E00099286,284,34,250
E00099287,279,44,235
E00099288,249,39,210
E00099289,263,31,232
E00099290,180,22,158
E00099291,270,32,238
E00099292,373,101,272
E00099293,354,82,272
E00099294,254,38,216
E00099295,517,101,416
E00099296,377,60,317
E00099297,274,51,223
E00099298,294,59,235
E00099299,266,81,185
E00099300,221,22,199
E00099301,247,34,213
E00099302,218,27,191
E00099303,253,27,226
E00099304,371,44,327
E00099305,332,52,280
E00099306,247,19,228
E00099307,289,39,250
E00099308,313,49,264
E00099309,284,45,239
E00099310,305,47,258
E00099311,214,31,183
E00099312,474,95,379
E00099313,288,54,234
E00099314,392,49,343
E00099315,315,47,268
E00099316,317,53,264
E00099317,303,48,255
E00099318,252,49,203
E00099319,239,36,203
E00099320,308,37,271
E00099321,256,42,214
E00099322,235,33,202
E00099323,238,39,199
E00099324,272,50,222
E00099325,274,56,218
E00099326,196,40,156
E00099327,225,40,185
E00099328,368,45,323
E00099329,352,43,309
E00099330,298,32,266
E00099331,361,51,310
E00099332,181,32,149
E00099333,345,63,282
E00099334,255,29,226
E00099335,264,44,220
E00099336,410,50,360
E00099337,360,66,294
E00099338,372,68,304
E00099339,180,18,162
E00099340,277,31,246
E00099341,388,100,288
E00099342,227,17,210
E00099343,307,43,264
E00099344,203,29,174
E00099345,286,34,252
E00099346,202,25,177
E00099347,289,50,239
E00099348,217,23,194
E00099349,169,17,152
E00099351,262,57,205
E00099352,308,42,266
E00099353,269,53,216
E00099354,337,72,265
E00099356,307,30,277
E00099357,250,32,218
E00099358,191,16,175
E00099359,276,30,246
E00099360,335,56,279
E00099361,250,48,202
E00099363,321,66,255
E00099364,304,60,244
E00099365,310,63,247
E00099366,273,33,240
E00099367,317,53,264
E00099368,314,65,249
E00099369,242,25,217
E00099370,284,54,230
E00099371,263,35,228
E00099372,237,20,217
E00099373,257,39,218
E00099374,192,29,163
E00099375,249,40,209
E00099376,252,26,226
E00099377,342,51,291
E00099378,321,53,268
E00099379,232,36,196
E00099380,255,29,226
E00099381,254,29,225
E00099382,233,19,214
E00099383,278,49,229
E00099384,456,103,353
E00099385,314,58,256
E00099386,265,31,234
E00099387,266,57,209
E00099388,277,41,236
E00099389,310,41,269
E00099390,268,22,246
E00099391,251,42,209
E00099392,280,39,241
E00099393,235,41,194
E00099394,287,58,229
E00099395,274,55,219
E00099396,262,56,206
E00099397,189,11,178
E00099398,319,55,264
E00099399,316,70,246
E00099400,298,62,236
E00099401,312,53,259
E00099402,268,47,221
E00099403,326,59,267
E00099404,256,43,213
E00099405,211,36,175
E00099406,242,32,210
E00099407,251,19,232
E00099408,275,45,230
E00099409,341,44,297
E00099410,281,43,238
E00099411,318,66,252
E00099412,215,33,182
E00099413,289,49,240
E00099414,249,39,210
E00099415,238,37,201
E00099416,238,40,198
E00099417,249,46,203
E00099418,293,54,239
E00099419,208,14,194
E00099420,296,42,254
E00099421,234,37,197
E00099422,234,46,188
E00099423,272,49,223
E00099424,269,47,222
E00099425,266,67,199
E00099426,240,48,192
E00099427,211,33,178
E00099428,248,61,187
E00099429,313,47,266
E00099430,264,60,204
E00099431,325,44,281
E00099432,291,46,245
E00099433,306,58,248
E00099434,281,67,214
E00099435,365,64,301
E00099436,285,36,249
E00099437,351,123,228
E00099439,266,36,230
E00099440,245,36,209
E00099441,403,62,341
E00099442,339,61,278
E00099443,257,34,223
E00099444,278,33,245
E00099445,262,37,225
E00099446,271,39,232
E00099447,522,68,454
E00099448,211,45,166
E00099449,180,27,153
E00099450,248,34,214
E00099451,289,63,226
E00099452,352,53,299
E00099453,315,45,270
E00099454,358,76,282
E00099456,311,47,264
E00099457,332,47,285
E00099458,292,46,246
E00099459,422,76,346
E00099461,232,55,177
E00099462,308,58,250
E00099463,443,112,331
E00099464,198,27,171
E00099465,278,48,230
E00099466,243,36,207
E00099467,319,39,280
E00099468,261,22,239
E00099469,243,34,209
E00099470,245,36,209
E00099471,280,45,235
E00099472,297,33,264
E00099473,233,24,209
E00099474,235,38,197
E00099475,275,49,226
E00099476,266,37,229
E00099477,228,40,188
E00099478,290,55,235
E00099479,277,29,248
E00099481,175,24,151
E00099482,173,8,165
E00099483,291,75,216
E00099484,263,41,222
E00099485,260,23,237
E00099486,261,40,221
E00099487,238,29,209
E00099488,240,37,203
E00099489,216,24,192
E00099490,294,68,226
E00099491,327,89,238
E00099492,362,65,297
E00099493,245,39,206
E00099494,350,106,244
E00099495,346,102,244
E00099496,255,44,211
E00099497,270,42,228
E00099498,215,24,191
E00099499,241,27,214
E00099500,268,42,226
E00099501,279,76,203
E00099502,281,66,215
E00099503,245,57,188
E00099504,379,85,294
E00099505,251,68,183
E00099506,254,30,224
E00099507,245,46,199
E00099508,267,50,217
E00099509,208,25,183
E00099510,235,36,199
E00099511,207,26,181
E00099512,263,52,211
E00099513,330,76,254
E00099514,255,57,198
E00099515,276,38,238
E00099516,248,48,200
E00099517,237,33,204
E00099518,203,19,184
E00099519,264,22,242
E00099520,274,41,233
E00099521,230,34,196
E00099522,311,62,249
E00099523,279,48,231
E00099524,315,46,269
E00099525,292,52,240
E00099526,321,64,257
E00099527,292,44,248
E00099528,261,48,213
E00099529,241,56,185
E00099530,393,49,344
E00099531,416,55,361
E00099532,290,44,246
E00099533,256,25,231
E00099534,313,43,270
E00099535,310,54,256
E00099536,264,36,228
E00099537,417,82,335
E00099538,258,38,220
E00099539,330,49,281
E00099540,338,55,283
E00099541,329,49,280
E00099542,267,32,235
E00099543,240,44,196
E00099544,455,85,370
E00099545,308,38,270
E00099546,238,31,207
E00099547,281,41,240
E00099548,308,35,273
E00099549,227,32,195
E00099550,223,21,202
E00099551,273,30,243
E00099552,346,49,297
E00099553,260,36,224
E00099554,211,20,191
E00099555,316,63,253
E00099556,301,58,243
E00099557,274,54,220
E00099558,259,34,225
E00099559,204,27,177
E00099560,224,40,184
E00099561,266,32,234
E00099562,247,49,198
E00099563,303,71,232
E00099564,207,26,181
E00099565,246,29,217
E00099566,266,57,209
E00099567,265,39,226
E00099568,306,68,238
E00099569,364,42,322
E00099570,225,49,176
E00099571,344,67,277
E00099573,308,66,242
E00099574,268,34,234
E00099575,268,31,237
E00099576,268,52,216
E00099577,289,64,225
E00099578,236,37,199
E00099579,288,25,263
E00099580,227,18,209
E00099581,270,36,234
E00099582,294,19,275
E00099583,231,33,198
E00099584,292,40,252
E00099585,247,44,203
E00099586,241,42,199
E00099587,298,51,247
E00099588,257,38,219
E00099589,287,50,237
E00099590,342,71,271
E00099591,279,51,228
E00099592,281,49,232
E00099593,262,50,212
E00099594,221,26,195
E00099595,333,64,269
E00099596,316,59,257
E00099597,300,55,245
E00099598,329,75,254
E00099599,219,35,184
E00099600,245,25,220
E00099601,280,60,220
E00099602,299,61,238
E00099603,282,54,228
E00099604,269,21,248
E00099605,248,41,207
E00099606,371,65,306
E00099607,272,38,234
E00099608,354,60,294
E00099609,270,46,224
E00099610,250,39,211
E00099611,255,38,217
E00099612,285,34,251
E00099613,274,55,219
E00099614,230,43,187
E00099615,318,66,252
E00099616,247,33,214
E00099617,302,66,236
E00099618,376,63,313
E00099619,278,64,214
E00099620,296,70,226
E00099621,281,41,240
E00099622,237,48,189
E00099623,216,36,180
E00099624,281,38,243
E00099625,303,61,242
E00099626,242,28,214
E00099627,310,62,248
E00099628,293,66,227
E00099629,374,90,284
E00099630,320,83,237
E00099632,309,74,235
E00099633,232,39,193
E00099634,319,87,232
E00099635,298,77,221
E00099636,321,57,264
E00099637,314,48,266
E00099638,302,51,251
E00099639,269,47,222
E00099640,237,34,203
E00099641,226,29,197
E00099642,306,55,251
E00099643,258,42,216
E00099644,331,38,293
E00099645,270,39,231
E00099646,214,25,189
E00099647,261,46,215
E00099648,255,35,220
E00099649,278,43,235
E00099650,269,36,233
E00099651,326,47,279
E00099652,298,48,250
E00099653,292,34,258
E00099654,295,55,240
E00099655,263,42,221
E00099656,279,47,232
E00099657,310,86,224
E00099658,274,30,244
E00099659,247,34,213
E00099660,278,42,236
E00099661,359,81,278
E00099662,239,32,207
E00099663,228,33,195
E00099664,225,21,204
E00099665,232,37,195
E00099666,291,48,243
E00099667,263,30,233
E00099668,260,28,232
E00099669,347,55,292
E00099670,245,61,184
E00099671,264,43,221
E00099672,248,34,214
E00099673,286,35,251
E00099674,279,57,222
E00099675,211,22,189
E00099676,253,29,224
E00099677,408,77,331
E00099678,261,50,211
E00099679,258,37,221
E00099680,348,57,291
E00099681,321,36,285
E00099682,310,49,261
E00099683,225,35,190
E00099684,295,31,264
E00099685,281,32,249
E00099686,289,41,248
E00099687,292,57,235
E00099688,297,46,251
E00099689,296,91,205
E00099690,259,33,226
E00099691,290,52,238
E00099692,365,67,298
E00099693,291,42,249
E00099694,225,11,214
E00099695,288,33,255
E00099696,239,18,221
E00099697,350,61,289
E00099698,237,26,211
E00099699,307,36,271
E00099700,226,28,198
E00099701,260,46,214
E00099702,289,53,236
E00099703,331,70,261
E00099704,323,49,274
E00099706,277,66,211
E00099708,400,86,314
E00099709,262,33,229
E00099710,342,68,274
E00099711,246,53,193
E00099712,241,33,208
E00099713,306,55,251
E00099714,219,33,186
E00099715,282,41,241
E00099716,336,58,278
E00099717,264,36,228
E00099718,468,87,381
E00099719,288,43,245
E00099720,369,64,305
E00099721,252,33,219
E00099722,294,71,223
E00099723,188,13,175
E00099724,177,15,162
E00099725,242,34,208
E00099726,225,28,197
E00099727,257,35,222
E00099728,266,39,227
E00099730,227,30,197
E00099731,268,36,232
E00099732,239,26,213
E00099733,381,84,297
E00099734,296,46,250
E00099735,231,37,194
E00099736,276,52,224
E00099737,242,35,207
E00099738,249,40,209
E00099739,246,33,213
E00099740,299,52,247
E00099741,337,73,264
E00099742,264,34,230
E00099743,321,55,266
E00099744,304,58,246
E00099745,489,116,373
E00099746,249,56,193
E00099747,395,78,317
E00099748,311,67,244
E00099749,397,61,336
E00099750,237,29,208
E00099751,303,45,258
E00099752,236,23,213
E00099753,254,68,186
E00099754,248,28,220
E00099755,289,50,239
E00099756,100,0,100
E00099757,294,55,239
E00099758,224,27,197
E00099759,296,55,241
E00099760,280,40,240
E00099761,291,38,253
E00099762,208,22,186
E00099763,229,39,190
E00099764,325,62,263
E00099765,225,23,202
E00099766,291,44,247
E00099767,258,36,222
E00099768,296,55,241
E00099769,375,68,307
E00099770,280,52,228
E00099771,308,83,225
E00099772,195,21,174
E00099773,274,39,235
E00099775,367,72,295
E00099776,252,28,224
E00099777,289,35,254
E00099778,239,27,212
E00099779,349,58,291
E00099780,293,66,227
E00099781,290,63,227
E00099782,221,14,207
E00099783,252,35,217
E00099785,202,20,182
E00099786,369,50,319
E00099787,176,11,165
E00099788,280,26,254
E00099789,324,69,255
E00099790,267,34,233
E00099791,184,10,174
E00099792,246,21,225
E00099793,293,33,260
E00099794,302,32,270
E00099795,325,47,278
E00099796,441,95,346
E00099797,405,83,322
E00099798,239,36,203
E00099799,274,65,209
E00099800,282,33,249
E00099801,318,61,257
E00099802,456,92,364
E00099803,272,28,244
E00099804,339,90,249
E00099805,309,53,256
E00099806,277,44,233
E00099807,313,60,253
E00099808,286,67,219
E00099809,124,23,101
E00099810,300,34,266
E00099813,253,54,199
E00099815,249,28,221
E00099816,229,29,200
E00099817,242,51,191
E00099818,268,66,202
E00099819,293,86,207
E00099820,290,70,220
E00099821,280,69,211
E00099822,329,93,236
E00099823,296,78,218
E00099824,275,60,215
E00099825,225,52,173
E00099826,246,29,217
E00099827,257,53,204
E00099828,262,62,200
E00099829,259,38,221
E00099830,246,43,203
E00099831,291,33,258
E00099832,331,46,285
E00099833,315,40,275
E00099834,281,69,212
E00099835,230,35,195
E00099836,215,35,180
E00099837,315,73,242
E00099838,297,61,236
E00099839,295,37,258
E00099840,305,83,222
E00099841,247,38,209
E00099842,288,58,230
E00099843,249,29,220
E00099844,330,56,274
E00099845,277,52,225
E00099846,171,18,153
E00099847,239,35,204
E00099848,284,59,225
E00099849,266,42,224
E00099850,259,41,218
E00099851,113,14,99
E00099852,258,44,214
E00099853,332,70,262
E00099854,154,16,138
E00099855,215,24,191
E00099856,311,62,249
E00099857,238,28,210
E00099858,317,48,269
E00099859,127,19,108
E00099860,268,26,242
E00099861,265,21,244
E00099862,271,35,236
E00099863,311,54,257
E00099864,295,25,270
E00099865,217,18,199
E00099866,320,55,265
E00099867,145,15,130
E00099868,215,28,187
E00099869,340,54,286
E00099870,224,29,195
E00099871,218,21,197
E00099872,384,69,315
E00099873,235,31,204
E00099874,326,24,302
E00099876,304,35,269
E00099877,294,53,241
E00099878,270,42,228
E00099879,212,30,182
E00099880,271,32,239
E00099881,236,31,205
E00099882,256,38,218
E00099883,356,67,289
E00099884,240,40,200
E00099885,240,29,211
E00099886,253,40,213
E00099889,305,56,249
E00099890,314,59,255
E00099891,371,69,302
E00099892,233,41,192
E00099893,288,71,217
E00099894,265,43,222
E00099895,238,29,209
E00099896,266,54,212
E00099897,234,30,204
E00099898,147,19,128
E00099899,249,49,200
E00099900,308,51,257
E00099901,253,60,193
E00099902,242,43,199
E00099903,223,18,205
E00099904,243,26,217
E00099905,250,40,210
E00099906,244,26,218
E00099907,268,27,241
E00099908,339,65,274
E00099909,365,62,303
E00099910,246,30,216
E00099911,252,45,207
E00099912,340,47,293
E00099913,255,22,233
E00099914,288,45,243
E00099915,308,42,266
E00099916,279,38,241
E00099917,273,30,243
E00099918,251,46,205
E00099919,280,48,232
E00099920,287,50,237
E00099921,215,41,174
E00099922,383,44,339
E00099923,344,50,294
E00099925,280,47,233
E00099926,178,27,151
E00099927,127,14,113
E00099928,220,38,182
E00099929,222,22,200
E00099930,207,27,180
E00099931,349,48,301
E00099932,322,57,265
E00099933,300,38,262
E00099934,269,73,196
E00099935,420,82,338
E00099936,204,38,166
E00099937,227,22,205
E00099938,124,23,101
E00099939,247,35,212
E00099940,238,39,199
E00099941,247,31,216
E00099942,245,52,193
E00099943,135,17,118
E00099944,262,38,224
E00099945,208,42,166
E00099946,118,18,100
E00099947,270,34,236
E00099948,356,57,299
E00099949,168,24,144
E00099950,283,27,256
E00099951,286,42,244
E00099952,300,48,252
E00099953,196,24,172
E00099954,207,22,185
E00099955,284,38,246
E00099956,195,26,169
E00099957,328,59,269
E00099958,245,47,198
E00099959,304,62,242
E00099960,195,44,151
E00099961,535,93,442
E00099962,261,41,220
E00099963,386,70,316
E00099964,237,40,197
E00099965,493,110,383
E00099966,283,38,245
E00099967,339,53,286
E00099968,194,24,170
E00099969,538,148,390
E00099970,369,60,309
E00099971,238,54,184
E00099972,239,26,213
E00099973,262,37,225
E00099974,225,22,203
E00099975,309,63,246
E00099976,318,56,262
E00099977,284,71,213
E00099978,229,27,202
E00099979,323,67,256
E00099980,324,76,248
E00099981,348,108,240
E00099982,336,125,211
E00099983,490,137,353
E00099984,232,24,208
E00099985,290,46,244
E00099986,235,29,206
E00099987,333,58,275
E00099988,296,55,241
E00099989,276,35,241
E00099990,247,24,223
E00099991,327,55,272
E00099992,345,77,268
E00099993,369,62,307
E00099994,428,70,358
E00099995,326,43,283
E00099996,320,76,244
E00099997,265,45,220
E00099998,252,50,202
E00099999,374,62,312
E00100000,339,56,283
E00100001,311,53,258
E00100002,254,23,231
E00100003,357,58,299
E00100004,251,43,208
E00100005,269,33,236
E00100006,341,65,276
E00100007,220,31,189
E00100008,391,73,318
E00100009,214,23,191
E00100010,282,36,246
E00100011,306,41,265
E00100012,217,34,183
E00100013,310,61,249
E00100014,295,51,244
E00100015,355,58,297
E00100016,252,41,211
E00100017,212,19,193
E00100018,244,20,224
E00100019,327,78,249
E00100020,326,55,271
E00100021,248,32,216
E00100022,249,55,194
E00100023,204,39,165
E00100024,179,23,156
E00100025,230,27,203
E00100026,260,30,230
E00100027,344,58,286
E00100028,388,67,321
E00100029,285,33,252
E00100030,257,34,223
E00100031,346,34,312
E00100032,278,56,222
E00100033,261,28,233
E00100034,338,53,285
E00100035,303,49,254
E00100036,235,35,200
E00100037,265,53,212
E00100038,224,37,187
E00100039,247,27,220
E00100040,358,55,303
E00100041,310,47,263
E00100042,246,30,216
E00100043,260,37,223
E00100044,276,35,241
E00100045,323,49,274
E00100046,122,21,101
E00100047,241,36,205
E00100048,233,40,193
E00100049,288,53,235
E00100050,334,48,286
E00100051,240,27,213
E00100052,280,42,238
E00100054,333,28,305
E00100055,256,40,216
E00100056,221,22,199
E00100057,363,29,334
E00100058,396,43,353
E00100060,262,26,236
E00100061,220,16,204
E00100062,225,25,200
E00100063,326,69,257
E00100064,239,32,207
E00100065,236,33,203
E00100066,226,40,186
E00100067,248,34,214
E00100068,260,24,236
E00100069,220,22,198
E00100070,256,17,239
E00100071,288,84,204
E00100072,293,44,249
E00100073,238,16,222
E00100074,227,29,198
E00100075,273,49,224
E00100076,222,38,184
E00100077,245,55,190
E00100078,272,20,252
E00100079,415,117,298
E00100080,241,38,203
E00100081,281,52,229
E00100082,261,44,217
E00100083,274,36,238
E00100084,275,39,236
E00100085,282,47,235
E00100086,289,43,246
E00100087,265,37,228
E00100088,217,23,194
E00100089,231,25,206
E00100090,258,36,222
E00100091,268,46,222
E00100092,259,28,231
E00100093,207,20,187
E00100094,239,29,210
E00100095,338,64,274
E00100096,249,29,220
E00100097,346,36,310
E00100098,422,112,310
E00100099,311,44,267
E00100100,259,43,216
E00100101,277,48,229
E00100102,229,37,192
E00100103,291,49,242
E00100104,310,53,257
E00100105,202,23,179
E00100106,268,40,228
E00100107,310,68,242
E00100108,289,83,206
E00100109,248,58,190
E00100110,337,50,287
E00100111,277,64,213
E00100112,301,53,248
E00100113,299,53,246
E00100114,285,48,237
E00100115,296,44,252
E00100116,316,70,246
E00100117,207,28,179
E00100118,182,21,161
E00100119,306,60,246
E00100120,204,23,181
E00100121,299,51,248
E00100122,261,45,216
E00100123,285,51,234
E00100124,312,65,247
E00100125,284,47,237
E00100126,268,47,221
E00100127,294,53,241
E00100128,245,20,225
E00100129,255,41,214
E00100130,260,25,235
E00100131,275,52,223
E00100132,231,37,194
E00100133,364,74,290
E00100134,332,71,261
E00100135,120,27,93
E00100136,281,56,225
E00100137,338,32,306
E00100138,215,36,179
E00100139,223,33,190
E00100140,132,18,114
E00100141,352,75,277
E00100142,240,38,202
E00100143,228,37,191
E00100144,292,30,262
E00100145,332,74,258
E00100146,268,32,236
E00100147,267,30,237
E00100148,176,12,164
E00100149,219,36,183
E00100150,199,32,167
E00100152,268,26,242
E00100153,265,34,231
E00100154,244,56,188
E00100155,323,57,266
E00100156,263,23,240
E00100157,548,104,444
E00100158,295,52,243
E00100159,269,36,233
E00100160,292,57,235
E00100161,188,25,163
E00100162,298,64,234
E00100163,216,39,177
E00100164,308,32,276
E00100165,287,47,240
E00100166,269,47,222
E00100167,273,32,241
E00100168,413,66,347
E00100169,365,48,317
E00100170,320,54,266
E00100171,292,56,236
E00100172,331,59,272
E00100173,249,26,223
E00100174,159,32,127
E00100175,232,47,185
E00100176,250,39,211
E00100177,268,35,233
E00100178,192,39,153
E00100180,215,29,186
E00100181,252,34,218
E00100182,177,27,150
E00100183,221,22,199
E00100184,216,18,198
E00100185,543,121,422
E00100186,256,28,228
E00100187,255,47,208
E00100188,263,36,227
E00100189,277,36,241
E00100190,208,27,181
E00100191,349,87,262
E00100192,237,39,198
E00100193,311,53,258
E00100194,267,61,206
E00100196,428,48,380
E00100197,202,38,164
E00100198,264,33,231
E00100199,243,39,204
E00100200,321,56,265
E00100201,341,83,258
E00100202,258,55,203
E00100204,406,70,336
E00100205,389,82,307
E00100206,306,53,253
E00100207,225,19,206
E00100208,244,34,210
E00100209,206,22,184
E00100210,323,47,276
E00100211,347,57,290
E00100212,278,44,234
E00100213,324,55,269
E00100214,300,44,256
E00100215,227,25,202
E00100216,325,36,289
E00100217,175,21,154
E00100218,302,28,274
E00100219,349,48,301
E00100220,251,26,225
E00100221,352,82,270
E00100222,373,56,317
E00100223,324,43,281
E00100224,309,79,230
E00100225,322,49,273
E00100226,183,27,156
E00100227,287,38,249
E00100228,303,52,251
E00100229,365,49,316
E00100230,350,66,284
E00100231,225,29,196
E00100232,219,11,208
E00100233,192,24,168
E00100234,256,33,223
E00100235,296,54,242
E00100236,369,106,263
E00100237,240,63,177
E00100238,253,28,225
E00100239,320,43,277
E00100240,254,33,221
E00100241,250,23,227
E00100242,243,25,218
E00100243,272,33,239
E00100244,280,54,226
E00100245,206,14,192
E00100246,426,71,355
E00100247,225,23,202
E00100248,256,40,216
E00100249,385,108,277
E00100250,264,32,232
E00100251,367,91,276
E00100252,251,31,220
E00100253,279,60,219
E00100254,309,38,271
E00100255,249,32,217
E00100256,322,46,276
E00100257,309,56,253
E00100258,217,28,189
E00100259,248,47,201
E00100260,358,62,296
E00100261,429,71,358
E00100262,238,25,213
E00100263,274,41,233
E00100264,251,28,223
E00100265,280,58,222
E00100266,306,52,254
E00100267,249,27,222
E00100268,331,59,272
E00100269,277,45,232
E00100270,298,35,263
E00100271,374,65,309
E00100272,253,40,213
E00100273,420,69,351
E00100274,316,46,270
E00100275,237,22,215
E00100277,304,67,237
E00100278,293,46,247
E00100279,231,51,180
E00100280,356,85,271
E00100281,268,43,225
E00100282,323,52,271
E00100283,335,71,264
E00100284,306,59,247
E00100285,280,35,245
E00100286,257,41,216
E00100287,198,16,182
E00100288,204,28,176
E00100289,268,27,241
E00100290,268,48,220
E00100291,279,31,248
E00100292,312,72,240
E00100293,425,61,364
E00100294,264,30,234
E00100295,328,61,267
E00100296,282,36,246
E00100297,319,75,244
E00100298,232,24,208
E00100299,231,29,202
E00100300,408,110,298
E00100301,313,41,272
E00100302,357,52,305
E00100303,305,73,232
E00100304,314,39,275
E00100305,293,50,243
E00100306,418,68,350
E00100307,305,58,247
E00100308,243,33,210
E00100309,289,34,255
E00100310,232,16,216
E00100311,221,32,189
E00100312,254,25,229
E00100313,235,34,201
E00100314,198,18,180
E00100315,265,57,208
E00100316,298,46,252
E00100317,393,72,321
E00100318,311,35,276
E00100319,273,43,230
E00100320,298,45,253
E00100321,250,48,202
E00100322,296,42,254
E00100323,377,57,320
E00100324,325,60,265
E00100325,348,57,291
E00100326,250,42,208
E00100327,263,32,231
E00100328,295,33,262
E00100329,348,34,314
E00100330,213,37,176
E00100331,246,36,210
E00100332,532,112,420
E00100334,297,62,235
E00100335,293,39,254
E00100336,288,35,253
E00100337,327,53,274
E00100338,297,36,261
E00100339,252,37,215
E00100340,233,26,207
E00100341,255,36,219
E00100342,480,79,401
E00100343,325,36,289
E00100344,266,33,233
E00100345,302,62,240
E00100346,278,53,225
E00100347,268,30,238
E00100348,102,11,91
E00100349,275,30,245
E00100350,311,44,267
E00100351,283,39,244
E00100352,347,43,304
E00100354,232,23,209
E00100355,202,18,184
E00100356,204,18,186
E00100357,193,19,174
E00100358,250,32,218
E00100359,340,63,277
E00100360,310,70,240
E00100361,356,52,304
E00100362,387,60,327
E00100363,269,40,229
E00100364,260,49,211
E00100365,268,31,237
E00100367,423,70,353
E00100368,223,39,184
E00100369,227,23,204
E00100370,323,62,261
E00100371,319,45,274
E00100372,199,19,180
E00100373,324,27,297
E00100374,308,30,278
E00100377,415,90,325
E00100378,358,67,291
E00100379,377,77,300
E00100380,304,58,246
E00100381,365,68,297
E00100382,300,49,251
E00100383,317,63,254
E00100385,265,39,226
E00100386,315,97,218
E00100387,287,33,254
E00100388,278,45,233
E00100389,341,47,294
E00100390,421,92,329
E00100391,172,18,154
E00100392,308,53,255
E00100393,267,27,240
E00100394,284,50,234
E00100396,502,113,389
E00100397,329,63,266
E00100398,281,26,255
E00100399,250,33,217
E00100400,341,76,265
E00100401,287,52,235
E00100402,397,59,338
E00100403,304,53,251
E00100405,472,103,369
E00100406,286,64,222
E00100408,181,34,147
E00100410,276,31,245
E00100411,236,10,226
E00100412,347,82,265
E00100413,313,88,225
E00100414,329,52,277
E00100415,380,66,314
E00100416,279,69,210
E00100417,266,70,196
E00100418,377,42,335
E00100419,247,35,212
E00100420,300,48,252
E00100421,271,39,232
E00100422,250,41,209
E00100423,299,35,264
E00100424,303,40,263
E00100425,299,59,240
E00100426,316,62,254
E00100427,265,48,217
E00100428,245,35,210
E00100429,364,43,321
E00100430,309,59,250
E00100431,318,50,268
E00100432,310,54,256
E00100434,180,44,136
E00100435,511,94,417
E00100436,258,58,200
E00100437,277,54,223
E00100438,295,65,230
E00100439,240,25,215
E00100442,247,68,179
E00100443,268,34,234
E00100444,298,55,243
E00100445,372,70,302
E00100446,543,115,428
E00100447,294,53,241
E00100448,331,55,276
E00100449,356,63,293
E00100451,342,37,305
E00100452,274,47,227
E00100453,415,89,326
E00100454,484,83,401
E00100455,281,45,236
E00100456,269,38,231
E00100457,401,69,332
E00100458,352,45,307
E00100459,299,48,251
E00100460,230,31,199
E00100461,385,68,317
E00100462,267,38,229
E00100463,337,76,261
E00100464,256,54,202
E00100465,336,71,265
E00100467,266,45,221
E00100468,262,47,215
E00100469,231,26,205
E00100470,283,42,241
E00100471,298,46,252
E00100472,240,26,214
E00100473,306,46,260
E00100474,403,73,330
E00100475,299,53,246
E00100476,299,56,243
E00100477,311,63,248
E00100478,423,99,324
E00100479,276,33,243
E00100480,403,60,343
E00100481,276,64,212
E00100482,295,42,253
E00100483,346,67,279
E00100484,335,56,279
E00100485,284,40,244
E00100486,286,61,225
E00100487,254,33,221
E00100488,257,23,234
E00100489,264,34,230
E00100490,231,66,165
E00100491,273,52,221
E00100492,347,101,246
E00100493,265,40,225
E00100494,371,105,266
E00100495,248,44,204
E00100496,304,51,253
E00100497,275,30,245
E00100498,234,25,209
E00100499,307,51,256
E00100500,287,29,258
E00100501,356,84,272
E00100502,302,55,247
E00100503,280,36,244
E00100504,323,49,274
E00100505,349,72,277
E00100506,288,73,215
E00100507,306,51,255
E00100508,311,52,259
E00100509,422,61,361
E00100510,379,63,316
E00100511,276,50,226
E00100512,311,46,265
E00100513,269,38,231
E00100514,280,62,218
E00100515,267,45,222
E00100516,367,82,285
E00100517,228,52,176
E00100518,390,56,334
E00100519,289,60,229
E00100520,279,69,210
E00100521,284,51,233
E00100522,281,42,239
E00100523,285,63,222
E00100524,297,51,246
E00100525,305,48,257
E00100526,420,40,380
E00100527,234,42,192
E00100528,229,32,197
E00100529,129,21,108
E00100530,478,60,418
E00100531,340,45,295
E00100532,217,76,141
E00100533,265,30,235
E00100534,588,120,468
E00100535,442,96,346
E00100537,406,81,325
E00100538,265,43,222
E00100539,246,42,204
E00100540,258,40,218
E00100541,326,63,263
E00100542,645,349,296
E00100543,269,48,221
E00100544,312,40,272
E00100545,261,29,232
E00100546,246,39,207
E00100547,121,13,108
E00100548,206,27,179
E00100549,219,24,195
E00100550,423,48,375
E00100551,338,48,290
E00100552,436,54,382
E00100553,446,82,364
E00100554,225,38,187
E00100555,357,52,305
E00100556,356,73,283
E00100557,114,12,102
E00100558,284,29,255
E00100559,229,46,183
E00100560,319,63,256
E00100561,257,45,212
E00100562,254,37,217
E00100563,257,43,214
E00100564,332,47,285
E00100565,321,57,264
E00100566,285,57,228
E00100567,313,62,251
E00100568,237,38,199
E00100569,266,28,238
E00100570,279,50,229
E00100571,258,28,230
E00100572,295,61,234
E00100573,324,64,260
E00100574,203,22,181
E00100576,287,50,237
E00100578,333,56,277
E00100579,273,39,234
E00100580,294,35,259
E00100581,348,50,298
E00100582,251,43,208
E00100583,336,58,278
E00100585,306,35,271
E00100586,258,50,208
E00100587,338,44,294
E00100588,310,60,250
E00100589,275,44,231
E00100590,247,48,199
E00100591,311,70,241
E00100592,379,71,308
E00100593,290,26,264
E00100594,248,33,215
E00100595,306,42,264
E00100596,215,38,177
E00100597,222,22,200
E00100598,343,58,285
E00100600,267,40,227
E00100601,297,37,260
E00100602,276,33,243
E00100603,280,46,234
E00100604,300,68,232
E00100605,333,60,273
E00100606,495,88,407
E00100608,267,35,232
E00100609,252,35,217
E00100610,281,59,222
E00100611,279,33,246
E00100612,317,51,266
E00100613,399,89,310
E00100616,390,77,313
E00100617,261,40,221
E00100618,275,41,234
E00100620,286,48,238
E00100621,514,105,409
E00100622,449,81,368
E00100623,234,38,196
E00100624,246,25,221
E00100625,466,107,359
E00100626,320,58,262
E00100628,293,59,234
E00100629,493,73,420
E00100630,283,46,237
E00100631,308,56,252
E00100632,305,52,253
E00100633,208,22,186
E00100635,273,44,229
E00100636,269,35,234
E00100637,230,32,198
E00100638,307,21,286
E00100639,376,26,350
E00100640,271,26,245
E00100642,344,25,319
E00100643,263,40,223
E00100644,265,53,212
E00100645,372,50,322
E00100646,173,16,157
E00100647,249,33,216
E00100648,345,49,296
E00100649,316,35,281
E00100650,500,84,416
E00100651,108,17,91
E00100652,257,43,214
E00100653,357,92,265
E00100654,211,17,194
E00100655,260,33,227
E00100656,201,17,184
E00100657,206,23,183
E00100658,272,27,245
E00100659,228,40,188
E00100660,261,60,201
E00100661,331,51,280
E00100662,325,63,262
E00100664,416,79,337
E00100667,302,32,270
E00100668,245,43,202
E00100669,315,67,248
E00100670,308,49,259
E00100671,398,64,334
E00100672,298,45,253
E00100673,348,86,262
E00100674,298,54,244
E00100676,280,34,246
E00100677,231,16,215
E00100678,202,16,186
E00100679,257,15,242
E00100680,266,32,234
E00100681,256,19,237
E00100682,221,10,211
E00100683,267,18,249
E00100684,255,23,232
E00100685,173,10,163
E00100686,224,38,186
E00100687,381,36,345
E00100688,343,77,266
E00100689,223,22,201
E00100690,268,39,229
E00100691,290,45,245
E00100692,281,32,249
E00100693,247,14,233
E00100694,450,111,339
E00100695,209,23,186
E00100696,231,25,206
E00100697,244,28,216
E00100698,159,28,131
E00100699,459,78,381
E00100700,397,63,334
E00100701,288,50,238
E00100702,384,64,320
E00100703,321,47,274
E00100704,253,4,249
E00100705,99,10,89
E00100706,449,72,377
E00100707,238,22,216
E00100708,249,26,223
E00100709,370,59,311
E00100710,273,26,247
E00100711,422,56,366
E00100712,222,44,178
E00100713,290,42,248
E00100714,324,27,297
E00100715,317,37,280
E00100716,243,18,225
E00100717,221,17,204
E00100718,242,27,215
E00100719,147,12,135
E00100720,424,49,375
E00100721,233,33,200
E00100722,334,49,285
E00100723,244,28,216
E00100724,283,45,238
E00100725,300,53,247
E00100726,336,53,283
E00100727,247,34,213
E00100728,345,34,311
E00100729,236,27,209
E00100730,185,36,149
E00100731,377,63,314
E00100732,534,92,442
E00100733,296,40,256
E00100734,339,40,299
E00100735,292,55,237
E00100736,222,27,195
E00100737,304,43,261
E00100738,226,41,185
E00100739,331,53,278
E00100740,319,40,279
E00100741,241,32,209
E00100742,353,63,290
E00100743,364,71,293
E00100745,288,45,243
E00100746,288,47,241
E00100747,297,56,241
E00100748,255,16,239
E00100749,252,28,224
E00100750,244,23,221
E00100751,320,62,258
E00100752,286,55,231
E00100753,245,15,230
E00100754,260,43,217
E00100755,331,32,299
E00100756,304,57,247
E00100757,264,55,209
E00100758,341,77,264
E00100759,193,5,188
E00100760,269,23,246
E00100761,287,46,241
E00100762,401,57,344
E00100763,275,39,236
E00100764,244,39,205
E00100765,321,58,263
E00100766,316,42,274
E00100767,300,19,281
E00100768,288,45,243
E00100769,334,67,267
E00100770,368,53,315
E00100771,324,71,253
E00100772,472,126,346
E00100773,308,47,261
E00100774,269,45,224
E00100775,371,65,306
E00100776,219,12,207
E00100777,240,45,195
E00100778,224,20,204
E00100779,500,36,464
E00100780,304,45,259
E00100781,286,44,242
E00100782,258,28,230
E00100783,359,54,305
E00100784,335,23,312
E00100785,390,50,340
E00100786,287,5,282
E00100788,234,11,223
E00100789,238,18,220
E00100790,295,34,261
E00100791,318,88,230
E00100792,279,48,231
E00100793,383,106,277
E00100794,484,76,408
E00100795,269,43,226
E00100796,319,71,248
E00100797,260,39,221
E00100798,252,24,228
E00100799,437,67,370
E00100800,303,35,268
E00100801,283,20,263
E00100802,285,34,251
E00100803,270,40,230
E00100804,326,50,276
E00100805,235,28,207
E00100806,216,18,198
E00100807,242,39,203
E00100808,295,43,252
E00100809,415,45,370
E00100810,259,30,229
E00100811,258,25,233
E00100812,164,15,149
E00100813,280,32,248
E00100814,342,63,279
E00100815,313,60,253
E00100816,249,29,220
E00100817,355,69,286
E00100818,291,52,239
E00100819,316,58,258
E00100820,306,57,249
E00100821,242,50,192
E00100822,285,42,243
E00100823,213,25,188
E00100824,292,37,255
E00100825,246,32,214
E00100826,300,55,245
E00100827,438,70,368
E00100828,323,52,271
E00100829,296,69,227
E00100830,335,67,268
E00100831,259,43,216
E00100832,231,9,222
E00100833,184,23,161
E00100834,342,84,258
E00100835,244,34,210
E00100836,324,67,257
E00100837,304,56,248
E00100838,293,38,255
E00100839,242,52,190
E00100840,375,106,269
E00100841,291,58,233
E00100842,318,56,262
E00100843,228,27,201
E00100844,404,102,302
E00100845,357,73,284
E00100846,291,48,243
E00100847,230,16,214
E00100848,265,39,226
E00100849,306,45,261
E00100850,253,34,219
E00100851,299,47,252
E00100852,291,49,242
E00100853,386,72,314
E00100854,341,75,266
E00100855,231,32,199
E00100856,313,65,248
E00100857,457,58,399
E00100858,336,18,318
E00100859,272,35,237
E00100860,226,31,195
E00100861,264,35,229
E00100862,235,28,207
E00100863,283,56,227
E00100864,204,13,191
E00100865,276,56,220
E00100866,254,42,212
E00100867,281,37,244
E00100868,301,54,247
E00100869,262,62,200
E00100870,301,48,253
E00100871,282,69,213
E00100872,226,32,194
E00100873,322,69,253
E00100874,332,57,275
E00100875,274,36,238
E00100876,304,53,251
E00100877,287,49,238
E00100878,275,17,258
E00100879,226,21,205
E00100880,240,43,197
E00100881,224,22,202
E00100882,233,23,210
E00100883,204,12,192
E00100884,321,64,257
E00100885,257,32,225
E00100886,473,43,430
E00100887,453,93,360
E00100888,311,37,274
E00100889,326,61,265
E00100890,163,9,154
E00100891,272,43,229
E00100892,255,45,210
E00100893,254,45,209
E00100894,319,37,282
E00100895,264,27,237
E00100896,308,28,280
E00100897,247,28,219
E00100898,433,68,365
E00100899,288,24,264
E00100900,291,52,239
E00100901,309,43,266
E00100902,299,25,274
E00100903,247,26,221
E00100904,279,33,246
E00100905,310,35,275
E00100906,357,64,293
E00100907,379,46,333
E00100908,287,65,222
E00100909,358,42,316
E00100910,210,27,183
E00100911,313,40,273
E00100912,306,52,254
E00100913,213,20,193
E00100914,520,76,444
E00100915,192,33,159
E00100916,358,45,313
E00100917,330,51,279
E00100918,425,81,344
E00100919,321,40,281
E00100920,332,57,275
E00100921,227,28,199
E00100922,389,92,297
E00100923,355,78,277
E00100924,266,44,222
E00100925,412,71,341
E00100926,456,86,370
E00100927,324,73,251
E00100928,319,71,248
E00100929,393,65,328
E00100930,257,34,223
E00100931,369,41,328
E00100932,380,46,334
E00100933,488,86,402
E00100935,298,40,258
E00100936,277,59,218
E00100937,318,58,260
E00100938,318,76,242
E00100939,260,38,222
E00100940,270,37,233
E00100941,300,53,247
E00100942,322,71,251
E00100943,275,46,229
E00100944,264,60,204
E00100945,220,45,175
E00100947,586,165,421
E00100948,209,91,118
E00100949,394,40,354
E00100950,267,43,224
E00100951,308,48,260
E00100952,344,58,286
E00100953,304,55,249
E00100954,309,48,261
E00100955,285,27,258
E00100956,399,42,357
E00100957,327,16,311
E00100958,242,22,220
E00100959,242,28,214
E00100960,386,40,346
E00100961,250,31,219
E00100962,250,23,227
E00100963,270,16,254
E00100964,263,35,228
E00100966,259,25,234
E00100967,271,43,228
E00100968,193,33,160
E00100969,240,16,224
E00100970,284,23,261
E00100971,256,35,221
E00100972,262,19,243
E00100973,260,16,244
E00100974,246,19,227
E00100975,298,23,275
E00100976,236,14,222
E00100977,281,42,239
E00100978,287,14,273
E00100979,302,27,275
E00100980,296,46,250
E00100981,338,24,314
E00100982,227,22,205
E00100983,196,42,154
E00100984,257,42,215
E00100985,308,27,281
E00100986,327,15,312
E00100987,398,48,350
E00100988,273,38,235
E00100989,360,66,294
E00100990,351,28,323
E00100992,271,24,247
E00100993,306,20,286
E00100994,253,25,228
E00100995,329,39,290
E00100996,261,27,234
E00100997,247,44,203
E00100998,229,33,196
E00100999,280,56,224
E00101000,295,37,258
E00101001,314,37,277
E00101002,210,23,187
E00101003,237,47,190
E00101004,246,33,213
E00101005,519,97,422
E00101006,300,59,241
E00101007,331,57,274
E00101008,276,29,247
E00101009,275,43,232
E00101010,280,49,231
E00101011,231,18,213
E00101012,249,13,236
E00101013,260,12,248
E00101014,192,9,183
E00101015,252,34,218
E00101016,268,17,251
E00101017,319,9,310
E00101018,181,9,172
E00101019,247,22,225
E00101020,287,26,261
E00101021,315,37,278
E00101022,314,43,271
E00101023,312,65,247
E00101024,277,31,246
E00101025,179,4,175
E00101026,279,17,262
E00101027,215,27,188
E00101028,275,23,252
E00101029,227,16,211
E00101030,230,37,193
E00101031,282,42,240
E00101032,384,62,322
E00101033,325,45,280
E00101034,411,88,323
E00101035,349,72,277
E00101036,302,49,253
E00101037,300,59,241
E00101038,238,31,207
E00101039,230,20,210
E00101040,343,46,297
E00101041,348,48,300
E00101042,327,76,251
E00101043,358,61,297
E00101044,308,42,266
E00101045,347,53,294
E00101046,309,67,242
E00101048,288,30,258
E00101050,413,68,345
E00101051,334,60,274
E00101052,332,52,280
E00101053,408,81,327
E00101054,315,57,258
E00101055,271,26,245
E00101056,286,25,261
E00101057,274,37,237
E00101058,446,112,334
E00101059,360,62,298
E00101060,320,42,278
E00101061,380,77,303
E00101062,380,73,307
E00101063,198,36,162
E00101064,301,44,257
E00101065,219,32,187
E00101067,318,63,255
E00101068,255,35,220
E00101069,302,48,254
E00101070,241,14,227
E00101071,274,31,243
E00101072,297,36,261
E00101073,206,27,179
E00101074,225,25,200
E00101075,254,39,215
E00101076,273,45,228
E00101077,400,50,350
E00101078,250,35,215
E00101079,278,50,228
E00101080,323,46,277
E00101081,349,45,304
E00101082,266,53,213
E00101083,276,41,235
E00101084,241,42,199
E00101085,214,30,184
E00101086,368,65,303
E00101087,274,35,239
E00101088,220,31,189
E00101089,229,34,195
E00101090,256,34,222
E00101091,265,37,228
E00101092,276,47,229
E00101093,251,35,216
E00101094,226,20,206
E00101095,262,22,240
E00101096,300,30,270
E00101097,197,18,179
E00101098,236,31,205
E00101099,259,47,212
E00101100,265,41,224
E00101101,224,40,184
E00101102,282,45,237
E00101103,296,60,236
E00101104,297,36,261
E00101105,199,21,178
E00101106,283,55,228
E00101107,287,46,241
E00101108,355,96,259
E00101109,238,33,205
E00101110,298,56,242
E00101111,289,35,254
E00101112,258,31,227
E00101113,340,92,248
E00101114,280,48,232
E00101115,287,46,241
E00101116,345,77,268
E00101117,407,40,367
E00101118,237,46,191
E00101119,401,54,347
E00101120,267,49,218
E00101121,312,54,258
E00101122,276,55,221
E00101123,191,13,178
E00101124,881,776,105
E00101125,318,41,277
E00101126,321,83,238
E00101127,279,29,250
E00101129,222,41,181
E00101130,805,649,156
E00101131,963,841,122
E00101132,520,279,241
E00101133,238,50,188
E00101134,236,31,205
E00101135,234,45,189
E00101136,219,25,194
E00101137,286,46,240
E00101138,333,70,263
E00101139,315,86,229
E00101140,336,99,237
E00101141,326,75,251
E00101142,227,26,201
E00101143,220,41,179
E00101144,304,82,222
E00101145,269,46,223
E00101146,426,74,352
E00101147,261,37,224
E00101148,554,141,413
E00101149,265,33,232
E00101150,274,56,218
E00101151,293,55,238
E00101152,225,16,209
E00101153,299,48,251
E00101154,284,58,226
E00101155,204,30,174
E00101156,240,48,192
E00101157,309,53,256
E00101158,204,46,158
E00101159,279,74,205
E00101160,240,41,199
E00101161,240,57,183
E00101162,269,68,201
E00101163,493,263,230
E00101164,294,88,206
E00101165,286,46,240
E00101166,383,43,340
E00101167,278,53,225
E00101168,272,52,220
E00101169,313,52,261
E00101170,323,54,269
E00101171,309,53,256
E00101172,279,59,220
E00101173,245,54,191
E00101174,249,29,220
E00101175,279,61,218
E00101176,289,56,233
E00101177,258,64,194
E00101178,262,57,205
E00101179,272,34,238
E00101180,397,183,214
E00101181,283,51,232
E00101182,259,51,208
E00101183,267,54,213
E00101184,281,55,226
E00101185,304,73,231
E00101186,298,60,238
E00101187,337,83,254
E00101188,290,70,220
E00101189,273,56,217
E00101190,235,52,183
E00101191,252,43,209
E00101192,300,53,247
E00101193,309,50,259
E00101194,373,82,291
E00101195,306,53,253
E00101196,259,35,224
E00101197,292,80,212
E00101198,261,50,211
E00101199,262,40,222
E00101200,292,128,164
E00101201,361,134,227
E00101202,379,207,172
E00101203,237,103,134
E00101204,201,48,153
E00101206,548,331,217
E00101207,409,237,172
E00101208,177,43,134
E00101209,261,58,203
E00101210,228,46,182
E00101211,236,73,163
E00101212,284,93,191
E00101213,204,77,127
E00101214,281,46,235
E00101215,328,103,225
E00101216,242,38,204
E00101217,324,185,139
E00101218,281,156,125
E00101219,325,183,142
E00101220,325,90,235
E00101221,257,54,203
E00101222,273,52,221
E00101223,208,23,185
E00101224,373,174,199
E00101225,210,37,173
E00101226,320,122,198
E00101227,323,157,166
E00101228,251,73,178
E00101229,309,73,236
E00101230,224,22,202
E00101231,269,45,224
E00101232,233,47,186
E00101233,307,61,246
E00101234,236,42,194
E00101235,262,44,218
E00101236,244,56,188
E00101237,256,49,207
E00101238,288,70,218
E00101239,342,58,284
E00101240,289,53,236
E00101241,309,66,243
E00101243,243,43,200
E00101244,305,48,257
E00101245,546,120,426
E00101246,437,95,342
E00101247,259,29,230
E00101248,455,109,346
E00101249,241,33,208
E00101251,267,44,223
E00101252,255,25,230
E00101253,551,93,458
E00101255,435,131,304
E00101256,324,75,249
E00101257,256,35,221
E00101258,345,68,277
E00101259,321,101,220
E00101260,316,139,177
E00101261,366,107,259
E00101262,262,72,190
E00101263,363,207,156
E00101264,383,222,161
E00101265,236,82,154
E00101266,285,59,226
E00101267,258,56,202
E00101268,293,62,231
E00101269,248,48,200
E00101270,462,97,365
E00101271,367,213,154
E00101273,412,294,118
E00101274,379,234,145
E00101275,384,256,128
E00101276,433,282,151
E00101277,299,69,230
E00101278,276,50,226
E00101279,247,41,206
E00101280,223,29,194
E00101281,350,57,293
E00101282,359,94,265
E00101283,295,33,262
E00101285,315,59,256
E00101286,363,55,308
E00101287,267,73,194
E00101288,275,63,212
E00101289,344,76,268
E00101290,385,108,277
E00101291,340,99,241
E00101292,363,103,260
E00101293,279,66,213
E00101294,385,63,322
E00101295,219,42,177
E00101296,268,70,198
E00101297,276,52,224
E00101299,311,53,258
E00101300,281,33,248
E00101301,307,58,249
E00101302,260,54,206
E00101303,270,47,223
E00101304,280,59,221
E00101305,276,46,230
E00101306,412,90,322
E00101307,154,3,151
E00101308,307,90,217
E00101309,345,195,150
E00101310,270,98,172
E00101313,264,76,188
E00101314,180,8,172
E00101315,359,58,301
E00101316,522,256,266
E00101317,222,25,197
E00101318,161,16,145
E00101319,357,67,290
E00101320,210,24,186
E00101321,206,23,183
E00101322,212,65,147
E00101323,322,168,154
E00101325,302,123,179
E00101326,475,161,314
E00101327,409,293,116
E00101328,302,184,118
E00101329,519,373,146
E00101330,482,395,87
E00101331,314,140,174
E00101332,458,247,211
E00101333,301,123,178
E00101334,527,333,194
E00101336,433,243,190
E00101337,319,178,141
E00101338,426,372,54
E00101339,505,426,79
E00101340,516,354,162
E00101341,347,196,151
E00101342,330,190,140
E00101343,368,145,223
E00101344,326,214,112
E00101345,374,271,103
E00101346,303,67,236
E00101347,299,44,255
E00101348,277,58,219
E00101349,265,49,216
E00101350,180,24,156
E00101351,231,36,195
E00101352,313,73,240
E00101353,225,25,200
E00101355,196,16,180
E00101356,325,51,274
E00101357,289,53,236
E00101358,261,64,197
E00101359,512,142,370
E00101360,279,41,238
E00101361,219,27,192
E00101362,228,43,185
E00101363,281,33,248
E00101364,215,25,190
E00101365,247,45,202
E00101366,315,58,257
E00101367,295,49,246
E00101368,278,41,237
E00101369,234,39,195
E00101370,274,52,222
E00101373,245,45,200
E00101375,196,12,184
E00101376,539,91,448
E00101377,294,35,259
E00101378,290,44,246
E00101379,264,44,220
E00101380,276,52,224
E00101381,358,52,306
E00101382,272,29,243
E00101383,351,43,308
E00101384,307,54,253
E00101385,294,35,259
E00101386,349,75,274
E00101387,259,50,209
E00101388,279,52,227
E00101389,302,52,250
E00101390,406,58,348
E00101391,222,32,190
E00101392,291,48,243
E00101393,392,38,354
E00101394,261,54,207
E00101395,269,31,238
E00101396,442,101,341
E00101397,273,55,218
E00101398,294,54,240
E00101399,226,38,188
E00101400,237,32,205
E00101401,236,31,205
E00101402,183,17,166
E00101403,145,14,131
E00101404,155,26,129
E00101405,212,32,180
E00101406,223,36,187
E00101410,318,27,291
E00101411,257,41,216
E00101413,313,65,248
E00101414,200,29,171
E00101415,189,23,166
E00101416,205,22,183
E00101417,199,25,174
E00101418,172,15,157
E00101419,247,22,225
E00101420,164,13,151
E00101421,141,5,136
E00101422,160,12,148
E00101423,310,57,253
E00101424,273,44,229
E00101426,247,51,196
E00101427,274,26,248
E00101428,246,65,181
E00101430,267,53,214
E00101431,265,48,217
E00101432,254,61,193
E00101433,236,38,198
E00101434,180,13,167
E00101435,224,47,177
E00101436,243,30,213
E00101437,275,47,228
E00101438,320,56,264
E00101439,233,41,192
E00101440,294,62,232
E00101441,282,52,230
E00101442,268,57,211
E00101443,278,58,220
E00101444,261,32,229
E00101445,256,55,201
E00101446,319,69,250
E00101447,248,40,208
E00101448,312,49,263
E00101449,170,20,150
E00101450,345,53,292
E00101451,254,33,221
E00101452,295,53,242
E00101453,260,40,220
E00101455,360,85,275
E00101456,353,75,278
E00101457,465,104,361
E00101458,251,21,230
E00101459,281,47,234
E00101460,253,28,225
E00101461,223,33,190
E00101462,207,28,179
E00101463,172,40,132
E00101464,265,63,202
E00101465,373,81,292
E00101466,255,41,214
E00101467,412,104,308
E00101468,327,53,274
E00101469,131,21,110
E00101470,186,33,153
E00101471,277,50,227
E00101472,270,34,236
E00101473,382,56,326
E00101474,372,59,313
E00101475,259,48,211
E00101476,293,45,248
E00101477,110,11,99
E00101478,182,23,159
E00101479,241,47,194
E00101480,254,40,214
E00101481,143,29,114
E00101482,361,64,297
E00101483,397,78,319
E00101484,278,43,235
E00101485,275,46,229
E00101486,313,45,268
E00101487,264,36,228
E00101488,195,24,171
E00101489,439,62,377
E00101491,426,70,356
E00101492,257,20,237
E00101493,287,24,263
E00101494,262,18,244
E00101495,353,46,307
E00101496,442,84,358
E00101497,288,37,251
E00101498,263,31,232
E00101499,261,37,224
E00101500,276,22,254
E00101501,248,32,216
E00101502,419,69,350
E00101503,299,30,269
E00101504,160,21,139
E00101505,317,30,287
E00101506,376,50,326
E00101507,299,42,257
E00101508,132,25,107
E00101509,332,41,291
E00101510,366,50,316
E00101511,313,57,256
E00101512,377,70,307
E00101513,191,9,182
E00101514,286,70,216
E00101515,240,17,223
E00101516,250,26,224
E00101517,298,26,272
E00101518,218,24,194
E00101519,269,27,242
E00101520,154,22,132
E00101521,263,36,227
E00101522,266,60,206
E00101523,295,63,232
E00101524,273,53,220
E00101525,219,17,202
E00101526,303,66,237
E00101527,186,7,179
E00101529,537,139,398
E00101530,256,39,217
E00101531,264,36,228
E00101532,243,44,199
E00101533,336,44,292
E00101534,422,84,338
E00101535,520,68,452
E00101536,257,54,203
E00101537,329,40,289
E00101538,339,42,297
E00101539,155,30,125
E00101540,103,14,89
E00101541,310,45,265
E00101543,147,21,126
E00101544,317,51,266
E00101545,304,75,229
E00101546,339,69,270
E00101547,249,45,204
E00101548,261,39,222
E00101549,439,74,365
E00101551,297,42,255
E00101552,297,56,241
E00101553,264,64,200
E00101554,269,26,243
E00101555,253,29,224
E00101556,247,30,217
E00101557,321,54,267
E00101558,356,66,290
E00101559,264,67,197
E00101560,568,134,434
E00101561,451,65,386
E00101562,272,39,233
E00101563,313,63,250
E00101564,347,64,283
E00101565,319,61,258
E00101566,239,41,198
E00101567,389,73,316
E00101568,375,66,309
E00101569,384,77,307
E00101570,320,49,271
E00101571,275,37,238
E00101572,214,18,196
E00101573,276,41,235
E00101574,287,46,241
E00101575,292,48,244
E00101576,267,31,236
E00101577,279,57,222
E00101578,267,54,213
E00101579,247,44,203
E00101580,193,23,170
E00101581,405,71,334
E00101582,465,112,353
E00101583,236,48,188
E00101584,262,56,206
E00101585,393,58,335
E00101586,312,64,248
E00101587,267,37,230
E00101588,279,39,240
E00101589,333,55,278
E00101590,329,56,273
E00101592,309,54,255
E00101593,319,32,287
E00101594,300,63,237
E00101595,370,73,297
E00101596,291,57,234
E00101597,274,46,228
E00101598,368,120,248
E00101599,274,66,208
E00101600,413,70,343
E00101601,308,59,249
E00101602,265,67,198
E00101604,290,57,233
E00101605,369,79,290
E00101606,428,54,374
E00101608,255,46,209
E00101610,355,69,286
E00101611,289,42,247
E00101612,282,52,230
E00101613,285,37,248
E00101614,182,23,159
E00101615,123,19,104
E00101616,139,16,123
E00101617,405,69,336
E00101618,273,38,235
E00101619,321,55,266
E00101620,192,23,169
E00101621,346,57,289
E00101622,314,55,259
E00101623,333,45,288
E00101624,297,44,253
E00101625,327,45,282
E00101626,272,41,231
E00101627,325,46,279
E00101628,317,43,274
E00101629,397,72,325
E00101630,315,72,243
E00101631,249,34,215
E00101632,235,35,200
E00101633,470,73,397
E00101634,362,59,303
E00101635,135,21,114
E00101636,249,45,204
E00101637,398,59,339
E00101638,335,40,295
E00101639,292,47,245
E00101640,271,43,228
E00101641,409,84,325
E00101642,255,52,203
E00101643,126,15,111
E00101644,476,76,400
E00101645,287,54,233
E00101646,304,42,262
E00101647,353,61,292
E00101648,500,119,381
E00101649,350,55,295
E00101650,287,46,241
E00101651,313,42,271
E00101652,287,55,232
E00101653,460,79,381
E00101654,249,50,199
E00101655,269,49,220
E00101656,309,67,242
E00101657,451,73,378
E00101658,309,46,263
E00101659,176,26,150
E00101660,482,62,420
E00101661,406,70,336
E00101662,258,36,222
E00101663,267,67,200
E00101664,517,82,435
E00101665,216,45,171
E00101666,323,48,275
E00101667,327,32,295
E00101668,294,42,252
E00101670,238,45,193
E00101671,282,45,237
E00101672,230,38,192
E00101673,297,53,244
E00101674,230,41,189
E00101675,242,29,213
E00101676,232,39,193
E00101677,268,63,205
E00101678,278,64,214
E00101679,265,55,210
E00101680,229,43,186
E00101681,277,61,216
E00101682,432,98,334
E00101683,274,42,232
E00101684,439,70,369
E00101685,279,32,247
E00101686,397,68,329
E00101687,419,80,339
E00101688,375,76,299
E00101689,228,49,179
E00101690,122,13,109
E00101692,266,33,233
E00101693,286,54,232
E00101694,166,33,133
E00101695,293,40,253
E00101696,304,53,251
E00101697,286,38,248
E00101698,249,42,207
E00101699,376,86,290
E00101700,281,34,247
E00101701,299,37,262
E00101702,334,50,284
E00101703,392,47,345
E00101704,260,38,222
E00101706,253,45,208
E00101707,204,13,191
E00101708,272,35,237
E00101709,351,50,301
E00101710,452,69,383
E00101711,259,13,246
E00101712,226,20,206
E00101713,201,29,172
E00101714,225,34,191
E00101715,168,21,147
E00101716,177,29,148
E00101717,290,59,231
E00101718,280,43,237
E00101719,253,27,226
E00101720,156,20,136
E00101721,162,24,138
E00101722,378,55,323
E00101723,286,52,234
E00101724,167,21,146
E00101725,358,95,263
E00101726,326,41,285
E00101727,308,85,223
E00101728,380,56,324
E00101729,443,77,366
E00101730,225,33,192
E00101731,290,60,230
E00101732,286,43,243
E00101733,361,52,309
E00101734,302,48,254
E00101735,319,63,256
E00101736,343,59,284
E00101737,306,51,255
E00101738,281,55,226
E00101739,174,20,154
E00101740,323,47,276
E00101741,211,26,185
E00101742,499,108,391
E00101743,235,46,189
E00101744,152,21,131
E00101745,203,29,174
E00101746,256,35,221
E00101747,272,39,233
E00101748,308,63,245
E00101749,271,58,213
E00101750,227,47,180
E00101751,262,32,230
E00101752,335,78,257
E00101753,318,28,290
E00101754,254,20,234
E00101755,247,43,204
E00101756,151,7,144
E00101757,300,36,264
E00101758,257,35,222
E00101759,245,42,203
E00101760,248,16,232
E00101761,231,31,200
E00101762,274,53,221
E00101763,303,33,270
E00101764,229,29,200
E00101765,258,49,209
E00101766,285,56,229
E00101767,130,4,126
E00101768,291,56,235
E00101769,276,14,262
E00101770,407,61,346
E00101771,178,20,158
E00101772,278,47,231
E00101773,296,41,255
E00101774,217,29,188
E00101775,271,63,208
E00101776,430,59,371
E00101777,177,17,160
E00101778,249,31,218
E00101779,260,35,225
E00101780,450,80,370
E00101781,252,32,220
E00101782,249,32,217
E00101783,343,56,287
E00101784,242,32,210
E00101785,211,25,186
E00101786,400,47,353
E00101787,421,57,364
E00101788,325,57,268
E00101789,284,56,228
E00101790,279,49,230
E00101791,257,28,229
E00101792,344,54,290
E00101793,283,54,229
E00101794,281,51,230
E00101795,252,35,217
E00101796,266,31,235
E00101797,152,21,131
E00101798,293,40,253
E00101800,321,60,261
E00101801,237,43,194
E00101802,295,65,230
E00101803,219,20,199
E00101804,334,137,197
E00101805,166,22,144
E00101806,232,43,189
E00101807,175,34,141
E00101808,304,51,253
E00101809,358,61,297
E00101810,388,75,313
E00101811,233,38,195
E00101813,263,32,231
E00101814,313,57,256
E00101815,455,58,397
E00101816,266,38,228
E00101817,451,60,391
E00101818,281,19,262
E00101820,288,35,253
E00101821,247,19,228
E00101822,242,11,231
E00101823,283,37,246
E00101824,331,31,300
E00101825,158,20,138
E00101826,238,45,193
E00101827,200,34,166
E00101828,447,95,352
E00101829,251,43,208
E00101830,512,85,427
E00101831,135,12,123
E00101832,184,25,159
E00101833,275,56,219
E00101834,220,33,187
E00101835,332,62,270
E00101836,313,54,259
E00101837,283,43,240
E00101838,223,20,203
E00101839,352,95,257
E00101841,310,46,264
E00101842,352,65,287
E00101843,259,41,218
E00101844,259,25,234
E00101845,465,79,386
E00101846,306,44,262
E00101847,348,38,310
E00101848,217,32,185
E00101849,271,49,222
E00101850,226,35,191
E00101851,252,40,212
E00101852,311,89,222
E00101853,268,44,224
E00101854,328,59,269
E00101855,278,34,244
E00101856,254,35,219
E00101857,247,52,195
E00101858,237,28,209
E00101859,285,20,265
E00101860,284,46,238
E00101861,309,57,252
E00101862,315,52,263
E00101863,300,39,261
E00101864,281,42,239
E00101865,325,54,271
E00101866,329,63,266
E00101867,255,41,214
E00101868,342,71,271
E00101869,296,63,233
E00101870,326,43,283
E00101871,290,49,241
E00101872,361,61,300
E00101873,248,34,214
E00101874,290,68,222
E00101875,293,36,257
E00101876,290,48,242
E00101877,342,76,266
E00101878,304,59,245
E00101879,229,28,201
E00101880,252,15,237
E00101881,164,15,149
E00101882,457,50,407
E00101883,324,47,277
E00101884,236,52,184
E00101885,165,23,142
E00101886,245,33,212
E00101887,256,33,223
E00101888,233,32,201
E00101890,289,43,246
E00101891,299,46,253
E00101892,570,133,437
E00101893,272,65,207
E00101894,331,58,273
E00101895,401,50,351
E00101896,344,46,298
E00101897,389,60,329
E00101898,258,55,203
E00101899,370,57,313
E00101901,427,60,367
E00101902,281,49,232
E00101903,381,42,339
E00101904,231,36,195
E00101905,233,21,212
E00101906,271,35,236
E00101907,286,72,214
E00101908,246,26,220
E00101909,310,62,248
E00101910,309,53,256
E00101911,288,42,246
E00101912,231,19,212
E00101913,250,19,231
E00101914,270,32,238
E00101915,194,15,179
E00101916,333,21,312
E00101917,289,25,264
E00101918,236,14,222
E00101919,247,34,213
E00101920,258,22,236
E00101921,266,44,222
E00101922,333,55,278
E00101923,410,77,333
E00101924,451,85,366
E00101925,418,76,342
E00101926,255,45,210
E00101927,286,61,225
E00101928,313,53,260
E00101929,305,57,248
E00101930,244,39,205
E00101931,277,55,222
E00101932,280,31,249
E00101933,323,81,242
E00101934,274,39,235
E00101935,210,33,177
E00101936,322,65,257
E00101937,426,93,333
E00101938,368,57,311
E00101939,342,62,280
E00101940,391,56,335
E00101941,493,164,329
E00101942,246,31,215
E00101943,366,73,293
E00101944,376,52,324
E00101945,361,54,307
E00101946,323,51,272
E00101947,326,69,257
E00101948,332,82,250
E00101949,163,26,137
E00101950,326,65,261
E00101951,245,39,206
E00101952,197,13,184
E00101954,442,72,370
E00101955,436,74,362
E00101956,262,36,226
E00101957,237,25,212
E00101958,309,50,259
E00101959,230,47,183
E00101961,330,45,285
E00101963,266,36,230
E00101964,379,51,328
E00101965,393,65,328
E00101966,270,38,232
E00101967,498,93,405
E00101968,311,47,264
E00101969,290,32,258
E00101970,254,37,217
E00101972,359,55,304
E00101973,266,41,225
E00101974,396,67,329
E00101975,311,50,261
E00101976,334,33,301
E00101977,467,84,383
E00101978,445,65,380
E00101979,250,35,215
E00101980,467,100,367
E00101981,262,33,229
E00101982,248,23,225
E00101983,239,18,221
E00101984,323,73,250
E00101985,157,6,151
E00101986,330,68,262
E00101987,262,53,209
E00101988,307,72,235
E00101989,301,62,239
E00101990,534,129,405
E00101991,245,59,186
E00101992,272,51,221
E00101993,301,67,234
E00101994,453,112,341
E00101995,335,68,267
E00101996,501,86,415
E00101997,200,38,162
E00101998,159,24,135
E00101999,440,95,345
E00102000,329,65,264
E00102001,188,30,158
E00102002,267,45,222
E00102003,323,53,270
E00102004,300,45,255
E00102005,241,22,219
E00102006,408,76,332
E00102007,352,34,318
E00102008,472,77,395
E00102009,448,46,402
E00102010,269,47,222
E00102011,227,27,200
E00102012,527,99,428
E00102013,237,38,199
E00102014,307,49,258
E00102015,271,44,227
E00102016,253,46,207
E00102017,301,42,259
E00102018,251,46,205
E00102019,299,56,243
E00102020,296,47,249
E00102021,234,49,185
E00102022,272,38,234
E00102023,303,41,262
E00102024,226,33,193
E00102025,392,61,331
E00102026,269,46,223
E00102027,214,35,179
E00102028,340,51,289
E00102029,372,50,322
E00102030,198,23,175
E00102031,251,38,213
E00102032,280,55,225
E00102033,307,32,275
E00102034,250,19,231
E00102035,530,99,431
E00102036,219,38,181
E00102037,337,51,286
E00102038,278,45,233
E00102039,233,41,192
E00102040,282,36,246
E00102041,551,99,452
E00102042,377,60,317
E00102043,178,29,149
E00102044,438,97,341
E00102045,273,18,255
E00102046,191,16,175
E00102047,295,42,253
E00102048,183,11,172
E00102049,234,19,215
E00102050,162,6,156
E00102051,237,16,221
E00102052,203,3,200
E00102053,200,4,196
E00102054,163,4,159
E00102055,212,20,192
E00102056,196,21,175
E00102057,179,16,163
E00102058,224,1,223
E00102059,185,15,170
E00102060,243,24,219
E00102061,224,25,199
E00102062,192,29,163
E00102063,312,60,252
E00102064,283,58,225
E00102065,402,82,320
E00102066,269,55,214
E00102067,287,55,232
E00102068,271,46,225
E00102069,211,32,179
E00102070,315,64,251
E00102071,410,61,349
E00102072,241,44,197
E00102073,415,68,347
E00102074,388,71,317
E00102075,293,47,246
E00102076,198,23,175
E00102077,153,20,133
E00102078,209,28,181
E00102079,290,58,232
E00102080,553,93,460
E00102081,271,48,223
E00102082,407,64,343
E00102083,365,56,309
E00102084,285,32,253
E00102085,344,52,292
E00102086,294,59,235
E00102087,297,64,233
E00102088,317,46,271
E00102089,271,49,222
E00102090,328,44,284
E00102091,349,71,278
E00102092,306,45,261
E00102093,323,48,275
E00102095,225,46,179
E00102096,241,30,211
E00102097,365,46,319
E00102098,337,49,288
E00102100,327,68,259
E00102101,319,52,267
E00102102,305,35,270
E00102103,312,43,269
E00102104,269,42,227
E00102105,319,53,266
E00102106,562,127,435
E00102107,284,47,237
E00102108,319,57,262
E00102109,299,67,232
E00102110,290,26,264
E00102111,304,71,233
E00102112,301,54,247
E00102113,191,32,159
E00102114,340,76,264
E00102115,317,72,245
E00102116,352,87,265
E00102117,336,72,264
E00102118,445,83,362
E00102119,287,54,233
E00102120,296,54,242
E00102121,292,65,227
E00102122,311,60,251
E00102123,305,71,234
E00102124,293,52,241
E00102125,291,51,240
E00102126,294,46,248
E00102127,290,55,235
E00102128,227,23,204
E00102129,242,43,199
E00102130,250,37,213
E00102131,404,79,325
E00102132,308,71,237
E00102133,525,108,417
E00102134,278,53,225
E00102135,360,68,292
E00102136,262,43,219
E00102137,253,30,223
E00102138,270,29,241
E00102139,251,24,227
E00102140,260,45,215
E00102141,298,48,250
E00102142,292,48,244
E00102143,331,75,256
E00102144,220,20,200
E00102145,327,59,268
E00102146,347,74,273
E00102147,360,68,292
E00102148,344,77,267
E00102149,234,23,211
E00102150,300,40,260
E00102151,343,78,265
E00102152,440,56,384
E00102153,313,44,269
E00102154,378,53,325
E00102155,260,45,215
E00102156,224,42,182
E00102157,271,35,236
E00102158,282,29,253
E00102159,333,39,294
E00102160,233,28,205
E00102161,268,20,248
E00102162,296,58,238
E00102163,326,53,273
E00102164,346,77,269
E00102165,165,19,146
E00102166,322,41,281
E00102167,240,19,221
E00102168,385,52,333
E00102169,172,9,163
E00102170,184,12,172
E00102171,157,16,141
E00102172,254,34,220
E00102173,238,24,214
E00102174,145,3,142
E00102175,209,25,184
E00102176,238,27,211
E00102177,273,31,242
E00102178,248,31,217
E00102179,257,22,235
E00102180,151,29,122
E00102181,474,64,410
E00102182,136,14,122
E00102183,287,31,256
E00102184,204,31,173
E00102185,273,33,240
E00102186,308,55,253
E00102187,282,25,257
E00102188,201,10,191
E00102189,252,22,230
E00102190,228,29,199
E00102191,430,64,366
E00102192,276,28,248
E00102193,276,51,225
E00102194,200,23,177
E00102195,199,27,172
E00102196,241,34,207
E00102197,419,86,333
E00102198,239,41,198
E00102199,271,46,225
E00102200,252,39,213
E00102201,353,56,297
E00102202,332,43,289
E00102203,223,42,181
E00102204,258,36,222
E00102205,234,20,214
E00102206,355,37,318
E00102207,180,25,155
E00102208,548,79,469
E00102209,360,48,312
E00102210,275,22,253
E00102211,230,38,192
E00102212,286,33,253
E00102213,271,47,224
E00102214,474,84,390
E00102215,300,54,246
E00102216,319,71,248
E00102217,263,42,221
E00102218,219,28,191
E00102219,277,42,235
E00102220,235,35,200
E00102221,263,51,212
E00102222,217,19,198
E00102223,310,32,278
E00102224,317,80,237
E00102226,229,30,199
E00102227,268,29,239
E00102228,206,26,180
E00102229,412,52,360
E00102230,254,36,218
E00102231,246,46,200
E00102232,300,37,263
E00102233,212,31,181
E00102234,311,79,232
E00102235,174,15,159
E00102236,450,102,348
E00102237,259,50,209
E00102238,226,34,192
E00102239,237,14,223
E00102240,182,13,169
E00102241,286,38,248
E00102242,371,55,316
E00102243,298,46,252
E00102245,392,66,326
E00102246,432,71,361
E00102247,273,30,243
E00102248,257,24,233
E00102249,347,33,314
E00102250,357,56,301
E00102251,196,24,172
E00102252,257,26,231
E00102253,302,36,266
E00102254,297,53,244
E00102255,206,10,196
E00102256,270,28,242
E00102257,430,49,381
E00102258,494,103,391
E00102259,398,67,331
E00102260,360,33,327
E00102261,189,10,179
E00102262,195,33,162
E00102263,225,28,197
E00102264,308,41,267
E00102265,284,64,220
E00102266,140,6,134
E00102267,184,15,169
E00102268,260,64,196
E00102269,269,54,215
E00102270,308,45,263
E00102271,274,50,224
E00102272,492,118,374
E00102273,360,67,293
E00102274,282,31,251
E00102275,264,56,208
E00102276,264,43,221
E00102277,386,72,314
E00102278,280,31,249
E00102279,301,31,270
E00102280,259,23,236
E00102281,278,29,249
E00102282,283,48,235
E00102283,371,57,314
E00102284,339,73,266
E00102285,537,110,427
E00102286,318,42,276
E00102289,354,44,310
E00102290,202,34,168
E00102291,158,23,135
E00102292,360,61,299
E00102293,250,33,217
E00102294,339,59,280
E00102295,156,20,136
E00102296,280,52,228
E00102297,475,73,402
E00102298,259,38,221
E00102299,345,52,293
E00102300,325,77,248
E00102301,279,48,231
E00102302,232,49,183
E00102303,267,38,229
E00102304,368,81,287
E00102305,263,37,226
E00102306,322,69,253
E00102307,288,43,245
E00102308,347,59,288
E00102309,241,31,210
E00102310,327,69,258
E00102311,296,49,247
E00102312,296,61,235
E00102313,255,57,198
E00102314,266,36,230
E00102315,242,47,195
E00102316,276,28,248
E00102317,259,47,212
E00102318,390,79,311
E00102319,274,29,245
E00102320,274,30,244
E00102321,320,36,284
E00102322,361,36,325
E00102323,341,42,299
E00102324,332,39,293
E00102325,163,10,153
E00102326,203,21,182
E00102327,306,33,273
E00102328,293,37,256
E00102329,242,26,216
E00102330,347,1,346
E00102331,251,44,207
E00102332,236,23,213
E00102333,300,48,252
E00102334,263,35,228
E00102335,329,71,258
E00102336,204,30,174
E00102337,253,19,234
E00102338,265,29,236
E00102339,272,32,240
E00102340,327,50,277
E00102341,311,80,231
E00102342,223,22,201
E00102343,252,38,214
E00102344,358,41,317
E00102345,239,30,209
E00102346,301,33,268
E00102347,424,89,335
E00102348,348,64,284
E00102349,302,56,246
E00102350,324,51,273
E00102351,256,34,222
E00102352,311,45,266
E00102354,274,25,249
E00102355,288,27,261
E00102356,280,51,229
E00102357,242,25,217
E00102358,289,28,261
E00102359,340,55,285
E00102360,235,50,185
E00102361,283,52,231
E00102362,313,67,246
E00102364,274,40,234
E00102365,322,55,267
E00102366,253,36,217
E00102367,298,66,232
E00102368,320,64,256
E00102369,270,37,233
E00102371,476,77,399
E00102372,518,113,405
E00102373,177,30,147
E00102374,318,72,246
E00102375,281,25,256
E00102376,271,29,242
E00102377,290,37,253
E00102378,309,45,264
E00102379,452,105,347
E00102380,249,46,203
E00102381,292,64,228
E00102382,253,41,212
E00102383,304,55,249
E00102384,289,26,263
E00102385,281,55,226
E00102386,252,35,217
E00102387,274,55,219
E00102388,299,73,226
E00102389,284,36,248
E00102390,262,52,210
E00102391,247,17,230
E00102392,327,38,289
E00102393,300,52,248
E00102394,276,47,229
E00102395,298,33,265
E00102396,223,22,201
E00102397,414,78,336
E00102398,317,34,283
E00102399,274,48,226
E00102400,255,36,219
E00102401,188,22,166
E00102402,169,13,156
E00102403,338,44,294
E00102404,297,65,232
E00102405,288,43,245
E00102406,287,53,234
E00102407,311,67,244
E00102408,390,46,344
E00102409,296,40,256
E00102410,371,100,271
E00102411,350,41,309
E00102412,324,37,287
E00102413,251,44,207
E00102414,259,31,228
E00102415,291,35,256
E00102417,485,94,391
E00102418,381,82,299
E00102419,355,59,296
E00102420,368,62,306
E00102421,358,48,310
E00102422,253,30,223
E00102423,315,62,253
E00102425,282,46,236
E00102426,265,41,224
E00102428,236,20,216
E00102429,361,63,298
E00102430,302,52,250
E00102431,304,60,244
E00102432,241,20,221
E00102433,502,79,423
E00102434,278,30,248
E00102435,298,39,259
E00102436,176,16,160
E00102437,351,59,292
E00102438,419,45,374
E00102439,385,71,314
E00102440,372,64,308
E00102441,273,35,238
E00102442,294,44,250
E00102443,271,47,224
E00102444,291,42,249
E00102445,395,67,328
E00102446,214,31,183
E00102447,281,76,205
E00102448,304,34,270
E00102449,287,46,241
E00102450,265,42,223
E00102451,234,20,214
E00102452,322,37,285
E00102453,335,50,285
E00102455,333,74,259
E00102456,485,94,391
E00102458,240,20,220
E00102459,280,24,256
E00102460,282,38,244
E00102461,318,52,266
E00102462,332,78,254
E00102463,307,53,254
E00102464,305,55,250
E00102465,282,40,242
E00102466,277,41,236
E00102467,362,81,281
E00102468,147,5,142
E00102469,326,49,277
E00102470,264,29,235
E00102471,254,31,223
E00102472,274,40,234
E00102473,257,27,230
E00102474,225,14,211
E00102475,224,24,200
E00102476,320,20,300
E00102477,393,70,323
E00102479,178,17,161
E00102480,314,39,275
E00102481,182,27,155
E00102482,113,1,112
E00102483,220,30,190
E00102484,249,33,216
E00102485,281,23,258
E00102486,296,60,236
E00102487,246,44,202
E00102488,253,21,232
E00102489,288,26,262
E00102490,305,63,242
E00102491,322,38,284
E00102492,222,28,194
E00102493,236,29,207
E00102494,264,26,238
E00102495,315,25,290
E00102496,318,27,291
E00102497,197,9,188
E00102498,357,50,307
E00102499,341,44,297
E00102500,260,38,222
E00102501,283,38,245
E00102502,242,43,199
E00102503,273,39,234
E00102504,336,55,281
E00102505,360,63,297
E00102506,267,33,234
E00102507,307,59,248
E00102508,332,53,279
E00102509,282,39,243
E00102510,363,49,314
E00102511,293,52,241
E00102512,295,55,240
E00102513,273,37,236
E00102514,299,41,258
E00102515,257,36,221
E00102516,321,59,262
E00102518,304,62,242
E00102519,256,37,219
E00102520,285,29,256
E00102522,258,36,222
E00102523,513,90,423
E00102524,437,116,321
E00102525,396,62,334
E00102526,183,14,169
E00102527,264,46,218
E00102528,287,53,234
E00102529,183,24,159
E00102530,515,71,444
E00102531,328,56,272
E00102533,378,55,323
E00102534,122,23,99
E00102535,107,10,97
E00102536,348,60,288
E00102537,233,24,209
E00102538,207,28,179
E00102539,231,46,185
E00102540,211,22,189
E00102541,265,40,225
E00102542,309,58,251
E00102543,306,33,273
E00102544,261,39,222
E00102545,252,48,204
E00102546,227,22,205
E00102547,271,47,224
E00102548,502,89,413
E00102549,267,41,226
E00102550,352,65,287
E00102551,430,70,360
E00102552,300,46,254
E00102553,431,111,320
E00102554,232,29,203
E00102555,268,25,243
E00102556,305,52,253
E00102557,305,52,253
E00102558,285,52,233
E00102559,235,17,218
E00102560,237,39,198
E00102561,278,39,239
E00102562,237,40,197
E00102563,162,18,144
E00102564,285,42,243
E00102565,273,46,227
E00102566,443,75,368
E00102567,348,38,310
E00102568,390,50,340
E00102569,265,34,231
E00102570,277,59,218
E00102571,230,33,197
E00102573,286,56,230
E00102574,240,43,197
E00102575,271,49,222
E00102576,279,55,224
E00102577,244,38,206
E00102578,327,59,268
E00102579,335,59,276
E00102580,289,38,251
E00102581,267,30,237
E00102582,397,63,334
E00102583,297,50,247
E00102584,320,39,281
E00102585,272,48,224
E00102586,259,34,225
E00102587,296,48,248
E00102589,334,62,272
E00102590,272,36,236
E00102591,352,62,290
E00102592,238,17,221
E00102593,219,22,197
E00102594,276,48,228
E00102595,260,52,208
E00102596,248,52,196
E00102598,227,43,184
E00102599,319,40,279
E00102600,237,21,216
E00102601,314,75,239
E00102602,235,26,209
E00102603,280,61,219
E00102605,306,21,285
E00102606,337,58,279
E00102607,222,36,186
E00102608,486,83,403
E00102609,381,49,332
E00102610,242,39,203
E00102611,257,36,221
E00102612,251,28,223
E00102613,248,31,217
E00102614,170,16,154
E00102615,277,30,247
E00102616,233,30,203
E00102617,255,36,219
E00102618,216,22,194
E00102619,255,30,225
E00102620,262,45,217
E00102621,374,69,305
E00102622,340,48,292
E00102623,239,21,218
E00102624,360,46,314
E00102625,257,42,215
E00102626,303,47,256
E00102627,332,9,323
E00102628,129,24,105
E00102629,163,1,162
E00102630,312,46,266
E00102631,414,66,348
E00102632,329,50,279
E00102633,241,38,203
E00102634,408,85,323
E00102635,302,41,261
E00102636,284,49,235
E00102637,279,26,253
E00102638,330,53,277
E00102639,396,44,352
E00102640,222,30,192
E00102641,297,27,270
E00102642,225,13,212
E00102643,365,57,308
E00102644,330,65,265
E00102645,301,72,229
E00102646,250,25,225
E00102647,276,49,227
E00102648,280,42,238
E00102649,323,71,252
E00102650,360,35,325
E00102651,254,28,226
E00102652,528,83,445
E00102653,287,26,261
E00102654,246,32,214
E00102655,287,38,249
E00102656,158,12,146
E00102657,208,21,187
E00102658,244,16,228
E00102659,321,20,301
E00102660,217,7,210
E00102661,210,22,188
E00102662,189,14,175
E00102663,155,2,153
E00102664,257,35,222
E00102665,216,21,195
E00102666,361,54,307
E00102667,300,60,240
E00102668,288,28,260
E00102669,255,45,210
E00102670,287,98,189
E00102671,339,96,243
E00102672,296,59,237
E00102673,262,48,214
E00102674,264,48,216
E00102675,220,33,187
E00102676,238,30,208
E00102677,332,57,275
E00102678,288,54,234
E00102679,260,58,202
E00102680,306,48,258
E00102681,243,46,197
E00102682,256,43,213
E00102683,303,53,250
E00102684,172,18,154
E00102685,296,45,251
E00102686,213,25,188
E00102687,318,52,266
E00102688,211,21,190
E00102689,333,66,267
E00102690,311,57,254
E00102691,282,45,237
E00102692,363,67,296
E00102693,203,36,167
E00102694,178,16,162
E00102695,154,15,139
E00102696,237,25,212
E00102697,221,16,205
E00102698,206,26,180
E00102699,242,29,213
E00102700,198,23,175
E00102701,491,105,386
E00102702,189,23,166
E00102703,237,28,209
E00102704,258,34,224
E00102705,271,40,231
E00102706,316,95,221
E00102708,310,64,246
E00102709,238,22,216
E00102710,279,56,223
E00102711,381,52,329
E00102712,288,72,216
E00102713,479,112,367
E00102714,281,28,253
E00102715,342,83,259
E00102716,327,49,278
E00102717,405,89,316
E00102718,289,24,265
E00102719,140,24,116
E00102720,361,47,314
E00102721,284,45,239
E00102722,358,92,266
E00102724,239,42,197
E00102725,301,55,246
E00102726,270,25,245
E00102727,486,81,405
E00102728,248,29,219
E00102729,296,39,257
E00102730,278,48,230
E00102731,227,41,186
E00102732,297,48,249
E00102733,293,36,257
E00102734,199,34,165
E00102735,270,42,228
E00102736,242,36,206
E00102737,254,42,212
E00102738,258,51,207
E00102739,138,12,126
E00102740,473,90,383
E00102741,264,34,230
E00102742,428,98,330
E00102743,244,24,220
E00102744,323,67,256
E00102745,320,74,246
E00102746,283,52,231
E00102747,491,118,373
E00102748,281,56,225
E00102749,416,71,345
E00102750,272,67,205
E00102751,287,70,217
E00102753,228,38,190
E00102754,210,15,195
E00102756,281,33,248
E00102757,352,45,307
E00102758,353,47,306
E00102759,289,45,244
E00102760,330,55,275
E00102761,160,28,132
E00102762,161,15,146
E00102763,236,28,208
E00102764,152,11,141
E00102765,353,47,306
E00102766,192,19,173
E00102767,378,35,343
E00102768,220,27,193
E00102769,208,34,174
E00102770,288,45,243
E00102771,216,30,186
E00102772,427,63,364
E00102773,219,34,185
E00102774,281,45,236
E00102775,239,30,209
E00102776,363,34,329
E00102777,142,10,132
E00102778,257,22,235
E00102779,261,34,227
E00102780,351,43,308
E00102781,340,44,296
E00102782,367,63,304
E00102783,215,22,193
E00102784,321,22,299
E00102785,119,27,92
E00102786,223,39,184
E00102787,453,85,368
E00102788,227,49,178
E00102789,243,38,205
E00102790,302,47,255
E00102791,368,56,312
E00102792,341,46,295
E00102793,279,31,248
E00102794,224,34,190
E00102795,286,44,242
E00102796,169,31,138
E00102797,316,59,257
E00102798,349,50,299
E00102800,282,49,233
E00102801,348,49,299
E00102802,281,37,244
E00102804,288,42,246
E00102805,270,24,246
E00102806,409,54,355
E00102807,288,45,243
E00102808,338,61,277
E00102809,503,53,450
E00102810,359,39,320
E00102811,362,47,315
E00102812,456,71,385
E00102813,288,37,251
E00102814,351,48,303
E00102815,243,30,213
E00102816,220,24,196
E00102817,350,38,312
E00102818,323,56,267
E00102819,214,35,179
E00102820,180,13,167
E00102821,270,33,237
E00102823,269,38,231
E00102824,357,29,328
E00102825,291,30,261
E00102826,329,31,298
E00102827,284,33,251
E00102828,180,16,164
E00102829,196,8,188
E00102830,206,15,191
E00102831,247,19,228
E00102832,234,49,185
E00102833,270,28,242
E00102834,284,33,251
E00102835,253,40,213
E00102836,253,16,237
E00102837,299,48,251
E00102838,279,37,242
E00102839,325,45,280
E00102840,231,24,207
E00102841,349,48,301
E00102842,267,36,231
E00102843,474,67,407
E00102844,342,55,287
E00102845,209,35,174
E00102847,383,71,312
E00102848,444,72,372
E00102849,328,44,284
E00102850,230,36,194
E00102851,400,47,353
E00102852,353,46,307
E00102853,451,65,386
E00102854,280,21,259
E00102855,387,32,355
E00102856,254,42,212
E00102857,283,29,254
E00102858,278,34,244
E00102859,206,32,174
E00102861,350,57,293
E00102862,408,103,305
E00102863,319,63,256
E00102864,331,59,272
E00102865,285,57,228
E00102866,258,48,210
E00102867,242,47,195
E00102868,249,28,221
E00102869,317,57,260
E00102870,269,26,243
E00102871,255,45,210
E00102872,433,69,364
E00102873,268,47,221
E00102874,229,22,207
E00102875,237,31,206
E00102876,412,45,367
E00102877,543,80,463
E00102878,273,41,232
E00102879,257,22,235
E00102880,316,40,276
E00102881,372,52,320
E00102882,500,80,420
E00102883,110,17,93
E00102884,461,53,408
E00102885,330,42,288
E00102886,331,27,304
E00102887,180,18,162
E00102888,422,45,377
E00102889,494,83,411
E00102890,302,18,284
E00102891,298,21,277
E00102892,325,13,312
E00102893,191,26,165
E00102894,291,52,239
E00102895,346,50,296
E00102896,336,46,290
E00102897,243,31,212
E00102898,293,47,246
E00102899,434,92,342
E00102900,396,51,345
E00102901,244,27,217
E00102902,281,46,235
E00102903,438,68,370
E00102904,194,16,178
E00102905,322,45,277
E00102906,273,75,198
E00102907,237,39,198
E00102908,287,41,246
E00102909,325,31,294
E00102910,451,52,399
E00102911,322,45,277
E00102912,304,56,248
E00102913,173,19,154
E00102914,432,50,382
E00102915,314,62,252
E00102916,354,56,298
E00102917,265,30,235
E00102918,123,20,103
E00102919,190,25,165
E00102920,163,32,131
E00102921,146,24,122
E00102922,276,47,229
E00102923,346,80,266
E00102924,261,33,228
E00102925,248,32,216
E00102926,307,46,261
E00102927,325,61,264
E00102928,228,33,195
E00102929,394,39,355
E00102930,226,22,204
E00102931,333,48,285
E00102932,204,25,179
E00102933,216,32,184
E00102934,343,54,289
E00102935,424,57,367
E00102936,246,42,204
E00102937,280,40,240
E00102938,279,31,248
E00102939,317,48,269
E00102940,205,33,172
E00102941,495,79,416
E00102942,388,45,343
E00102943,267,35,232
E00102944,404,72,332
E00102945,198,31,167
E00102946,185,21,164
E00102947,157,26,131
E00102948,314,44,270
E00102949,288,23,265
E00102950,289,28,261
E00102951,411,73,338
E00102952,291,41,250
E00102953,582,93,489
E00102954,250,47,203
E00102955,364,49,315
E00102956,157,14,143
E00102957,287,59,228
E00102958,457,67,390
E00102959,415,70,345
E00102960,344,49,295
E00102962,341,34,307
E00102963,285,30,255
E00102965,362,58,304
E00102966,390,43,347
E00102967,164,23,141
E00102968,364,45,319
E00102969,355,35,320
E00102970,294,34,260
E00102971,136,17,119
E00102972,132,15,117
E00102973,314,49,265
E00102974,297,39,258
E00102975,351,71,280
E00102976,412,62,350
E00102977,160,33,127
E00102979,371,64,307
E00102980,371,59,312
E00102981,307,51,256
E00102982,376,65,311
E00102983,263,36,227
E00102984,450,87,363
E00102986,510,113,397
E00102987,367,57,310
E00102988,250,46,204
E00102989,368,52,316
E00102990,340,81,259
E00102991,278,33,245
E00102992,259,26,233
E00102993,243,29,214
E00102994,297,45,252
E00102995,263,38,225
E00102996,439,53,386
E00102997,249,35,214
E00102998,265,49,216
E00102999,209,14,195
E00103000,313,67,246
E00103001,287,59,228
E00103002,359,79,280
E00103003,332,37,295
E00103004,146,14,132
E00103005,256,30,226
E00103006,275,40,235
E00103007,408,45,363
E00103008,455,69,386
E00103009,240,25,215
E00103010,267,37,230
E00103011,298,22,276
E00103013,353,68,285
E00103014,323,57,266
E00103015,269,44,225
E00103016,286,51,235
E00103017,525,73,452
E00103018,305,58,247
E00103019,256,32,224
E00103020,249,30,219
E00103021,356,39,317
E00103023,298,61,237
E00103024,301,39,262
E00103025,252,34,218
E00103026,377,50,327
E00103027,235,39,196
E00103028,351,54,297
E00103029,252,36,216
E00103030,262,30,232
E00103031,235,20,215
E00103032,460,248,212
E00103033,189,19,170
E00103034,258,19,239
E00103035,237,53,184
E00103036,239,34,205
E00103037,267,28,239
E00103038,387,43,344
E00103039,290,59,231
E00103040,300,35,265
E00103041,290,43,247
E00103042,389,73,316
E00103043,266,44,222
E00103044,309,41,268
E00103045,349,53,296
E00103047,371,76,295
E00103048,287,65,222
E00103049,362,51,311
E00103050,293,41,252
E00103051,277,36,241
E00103052,398,47,351
E00103053,284,53,231
E00103054,486,82,404
E00103055,417,56,361
E00103056,288,28,260
E00103057,213,38,175
E00103058,358,49,309
E00103059,333,49,284
E00103060,306,64,242
E00103061,302,58,244
E00103062,292,57,235
E00103063,302,39,263
E00103064,323,52,271
E00103065,251,50,201
E00103066,127,22,105
E00103067,227,21,206
E00103068,264,35,229
E00103069,305,24,281
E00103070,271,47,224
E00103071,292,38,254
E00103072,252,32,220
E00103073,334,31,303
E00103074,331,82,249
E00103075,213,41,172
E00103076,260,50,210
E00103077,231,39,192
E00103078,308,61,247
E00103079,321,47,274
E00103080,267,25,242
E00103081,317,28,289
E00103082,274,53,221
E00103083,180,28,152
E00103084,306,71,235
E00103085,317,68,249
E00103086,168,24,144
E00103087,270,64,206
E00103088,282,48,234
E00103089,304,51,253
E00103090,322,70,252
E00103091,321,56,265
E00103092,300,87,213
E00103093,227,36,191
E00103094,328,81,247
E00103095,194,38,156
E00103096,321,44,277
E00103097,246,63,183
E00103098,240,32,208
E00103099,193,24,169
E00103100,341,71,270
E00103101,267,12,255
E00103102,235,20,215
E00103103,244,19,225
E00103104,155,4,151
E00103105,186,9,177
E00103106,253,23,230
E00103107,239,7,232
E00103108,415,48,367
E00103109,338,20,318
E00103110,254,17,237
E00103111,278,35,243
E00103112,206,21,185
E00103113,358,44,314
E00103114,265,15,250
E00103115,421,65,356
E00103116,340,72,268
E00103117,245,36,209
E00103118,286,60,226
E00103119,313,86,227
E00103120,276,64,212
E00103121,381,70,311
E00103122,306,68,238
E00103123,334,66,268
E00103124,303,59,244
E00103125,306,54,252
E00103126,484,134,350
E00103127,304,65,239
E00103128,225,39,186
E00103129,285,34,251
E00103130,257,24,233
E00103131,251,44,207
E00103132,268,34,234
E00103133,258,24,234
E00103134,250,19,231
E00103135,240,30,210
E00103136,350,45,305
E00103137,306,36,270
E00103138,262,28,234
E00103139,293,43,250
E00103140,234,17,217
E00103141,250,36,214
E00103142,222,30,192
E00103143,218,17,201
E00103144,316,37,279
E00103145,108,2,106
E00103146,265,24,241
E00103147,306,37,269
E00103148,357,63,294
E00103149,377,68,309
E00103150,291,41,250
E00103151,288,48,240
E00103152,224,35,189
E00103153,250,21,229
E00103154,288,20,268
E00103155,319,44,275
E00103156,304,77,227
E00103157,273,47,226
E00103158,338,39,299
E00103159,324,73,251
E00103160,320,63,257
E00103161,280,58,222
E00103162,448,109,339
E00103163,360,80,280
E00103164,245,44,201
E00103165,345,67,278
E00103166,315,80,235
E00103167,235,32,203
E00103168,321,77,244
E00103169,330,82,248
E00103170,329,71,258
E00103171,384,89,295
E00103172,392,87,305
E00103173,228,25,203
E00103174,238,36,202
E00103175,267,29,238
E00103176,242,24,218
E00103177,206,20,186
E00103178,294,44,250
E00103179,272,20,252
E00103180,280,39,241
E00103181,301,40,261
E00103182,333,67,266
E00103183,233,24,209
E00103184,286,55,231
E00103185,276,47,229
E00103186,278,43,235
E00103187,282,57,225
E00103188,269,37,232
E00103189,335,54,281
E00103190,277,56,221
E00103191,331,55,276
E00103192,289,34,255
E00103193,262,21,241
E00103194,292,32,260
E00103195,332,55,277
E00103196,286,37,249
E00103197,355,61,294
E00103198,342,62,280
E00103200,375,56,319
E00103201,266,57,209
E00103202,235,34,201
E00103203,272,30,242
E00103204,269,41,228
E00103205,299,52,247
E00103206,357,78,279
E00103207,254,48,206
E00103208,273,38,235
E00103209,341,78,263
E00103210,258,35,223
E00103211,227,27,200
E00103212,212,19,193
E00103213,233,34,199
E00103214,365,42,323
E00103215,300,59,241
E00103216,272,29,243
E00103217,239,29,210
E00103218,284,41,243
E00103219,267,26,241
E00103220,298,53,245
E00103221,296,46,250
E00103223,268,46,222
E00103224,299,47,252
E00103225,268,35,233
E00103226,243,31,212
E00103227,260,38,222
E00103228,296,39,257
E00103229,220,17,203
E00103230,420,79,341
E00103231,280,47,233
E00103232,293,34,259
E00103233,232,28,204
E00103234,282,37,245
E00103235,286,52,234
E00103236,355,56,299
E00103237,256,33,223
E00103238,284,25,259
E00103239,284,59,225
E00103240,359,79,280
E00103241,321,58,263
E00103242,309,55,254
E00103243,285,31,254
E00103244,322,58,264
E00103245,311,41,270
E00103246,210,13,197
E00103247,238,19,219
E00103248,250,22,228
E00103249,258,38,220
E00103250,268,37,231
E00103251,264,46,218
E00103252,215,14,201
E00103253,252,43,209
E00103254,321,53,268
E00103255,280,59,221
E00103256,305,48,257
E00103257,284,52,232
E00103258,268,39,229
E00103259,274,55,219
E00103260,332,78,254
E00103261,317,59,258
E00103262,341,73,268
E00103263,264,43,221
E00103264,316,34,282
E00103265,295,50,245
E00103266,320,46,274
E00103267,258,50,208
E00103268,311,67,244
E00103270,264,29,235
E00103271,298,43,255
E00103272,319,63,256
E00103273,464,83,381
E00103274,227,26,201
E00103275,199,33,166
E00103276,315,53,262
E00103277,246,43,203
E00103278,334,69,265
E00103279,309,54,255
E00103280,301,34,267
E00103281,368,93,275
E00103282,322,73,249
E00103283,293,72,221
E00103284,308,34,274
E00103285,298,47,251
E00103286,295,44,251
E00103287,190,22,168
E00103288,328,64,264
E00103289,411,79,332
E00103290,311,47,264
E00103291,299,53,246
E00103292,321,47,274
E00103293,434,80,354
E00103294,364,60,304
E00103295,265,48,217
E00103296,324,65,259
E00103297,258,39,219
E00103298,239,32,207
E00103299,287,48,239
E00103300,275,50,225
E00103301,281,51,230
E00103302,260,28,232
E00103303,294,65,229
E00103304,239,47,192
E00103305,267,38,229
E00103306,271,37,234
E00103307,282,52,230
E00103308,308,50,258
E00103309,313,47,266
E00103310,293,52,241
E00103311,267,46,221
E00103312,128,15,113
E00103313,193,30,163
E00103314,378,66,312
E00103315,381,55,326
E00103316,133,30,103
E00103317,289,31,258
E00103318,202,19,183
E00103319,292,31,261
E00103321,274,26,248
E00103322,293,41,252
E00103323,381,20,361
E00103324,293,35,258
E00103325,230,27,203
E00103326,327,43,284
E00103327,133,1,132
E00103328,298,36,262
E00103329,135,0,135
E00103330,267,20,247
E00103331,290,31,259
E00103332,292,27,265
E00103333,352,26,326
E00103334,378,31,347
E00103335,285,53,232
E00103336,271,41,230
E00103337,199,38,161
E00103338,279,29,250
E00103339,348,26,322
E00103340,285,37,248
E00103341,200,34,166
E00103342,323,111,212
E00103343,284,67,217
E00103344,289,31,258
E00103345,330,77,253
E00103346,283,89,194
E00103347,344,22,322
E00103348,244,7,237
E00103349,282,25,257
E00103350,241,38,203
E00103351,184,23,161
E00103352,254,48,206
E00103353,213,34,179
E00103354,350,57,293
E00103355,277,48,229
E00103356,284,41,243
E00103357,243,43,200
E00103358,398,62,336
E00103359,149,32,117
E00103360,428,87,341
E00103361,334,38,296
E00103362,321,58,263
E00103363,308,51,257
E00103364,308,36,272
E00103365,483,58,425
E00103366,269,34,235
E00103368,289,60,229
E00103370,525,116,409
E00103371,293,25,268
E00103373,370,22,348
E00103374,272,37,235
E00103375,318,69,249
E00103376,164,1,163
E00103377,287,29,258
E00103378,313,64,249
E00103379,295,36,259
E00103380,334,64,270
E00103381,354,62,292
E00103382,341,28,313
E00103383,249,18,231
E00103384,251,12,239
E00103385,285,20,265
E00103386,354,50,304
E00103387,223,12,211
E00103388,274,36,238
E00103389,192,20,172
E00103390,458,79,379
E00103391,341,34,307
E00103392,300,33,267
E00103393,360,65,295
E00103394,312,24,288
E00103395,222,16,206
E00103396,288,45,243
E00103397,232,38,194
E00103398,227,22,205
E00103399,259,35,224
E00103400,323,49,274
E00103401,272,32,240
E00103402,296,34,262
E00103405,320,37,283
E00103406,340,39,301
E00103407,324,30,294
E00103408,311,24,287
E00103409,260,10,250
E00103410,261,24,237
E00103411,318,31,287
E00103412,297,37,260
E00103413,372,70,302
E00103414,249,31,218
E00103415,264,36,228
E00103416,310,38,272
E00103417,244,23,221
E00103418,233,12,221
E00103419,266,34,232
E00103420,288,44,244
E00103421,272,55,217
E00103422,129,18,111
E00103423,167,16,151
E00103424,134,26,108
E00103425,221,36,185
E00103426,281,45,236
E00103427,338,72,266
E00103428,301,86,215
E00103429,317,55,262
E00103430,325,32,293
E00103431,545,136,409
E00103432,267,21,246
E00103433,452,84,368
E00103434,259,51,208
E00103435,303,67,236
E00103436,251,16,235
E00103437,326,36,290
E00103438,375,78,297
E00103439,517,79,438
E00103440,291,71,220
E00103441,341,36,305
E00103442,464,80,384
E00103443,392,75,317
E00103444,330,50,280
E00103445,470,64,406
E00103446,270,47,223
E00103447,320,64,256
E00103448,285,43,242
E00103449,262,48,214
E00103450,251,38,213
E00103451,183,12,171
E00103452,290,62,228
E00103453,322,63,259
E00103454,324,55,269
E00103455,282,55,227
E00103456,265,40,225
E00103457,256,30,226
E00103458,298,60,238
E00103459,265,36,229
E00103460,212,30,182
E00103461,268,21,247
E00103462,276,38,238
E00103463,294,16,278
E00103464,305,65,240
E00103465,356,53,303
E00103466,296,40,256
E00103467,273,18,255
E00103468,332,43,289
E00103470,302,39,263
E00103471,290,50,240
E00103472,347,52,295
E00103473,376,77,299
E00103474,303,40,263
E00103475,278,30,248
E00103476,378,16,362
E00103477,321,33,288
E00103478,226,7,219
E00103479,330,46,284
E00103480,315,53,262
E00103481,267,13,254
E00103482,340,24,316
E00103483,258,33,225
E00103484,245,21,224
E00103485,315,45,270
E00103486,284,25,259
E00103487,331,35,296
E00103488,289,34,255
E00103489,259,23,236
E00103490,218,7,211
E00103491,126,19,107
E00103492,270,32,238
E00103493,183,16,167
E00103494,306,24,282
E00103495,268,38,230
E00103496,343,53,290
E00103497,309,38,271
E00103498,270,17,253
E00103499,309,16,293
E00103500,130,10,120
E00103502,155,21,134
E00103503,241,27,214
E00103504,273,53,220
E00103505,264,40,224
E00103506,209,21,188
E00103507,253,38,215
E00103508,222,20,202
E00103509,222,31,191
E00103510,258,57,201
E00103511,237,45,192
E00103512,304,86,218
E00103513,290,29,261
E00103514,343,93,250
E00103515,327,55,272
E00103516,173,21,152
E00103518,255,36,219
E00103519,231,25,206
E00103520,272,33,239
E00103521,233,20,213
E00103522,198,21,177
E00103523,146,3,143
E00103524,268,38,230
E00103525,345,46,299
E00103526,273,50,223
E00103527,257,53,204
E00103528,170,25,145
E00103529,299,52,247
E00103530,361,60,301
E00103531,312,34,278
E00103532,380,48,332
E00103533,422,187,235
E00103534,287,48,239
E00103535,332,32,300
E00103536,350,61,289
E00103537,373,55,318
E00103538,336,22,314
E00103539,184,15,169
E00103540,423,46,377
E00103541,286,38,248
E00103542,348,55,293
E00103543,262,44,218
E00103544,287,50,237
E00103545,280,24,256
E00103546,293,49,244
E00103547,264,17,247
E00103548,297,41,256
E00103549,256,38,218
E00103550,429,62,367
E00103551,258,34,224
E00103552,294,48,246
E00103553,287,34,253
E00103554,293,55,238
E00103555,289,34,255
E00103556,216,22,194
E00103558,348,49,299
E00103559,331,80,251
E00103561,319,57,262
E00103562,430,95,335
E00103563,297,84,213
E00103564,257,52,205
E00103565,253,18,235
E00103566,335,80,255
E00103567,204,19,185
E00103568,265,25,240
E00103569,309,48,261
E00103570,218,14,204
E00103571,210,12,198
E00103572,290,26,264
E00103573,472,61,411
E00103574,301,54,247
E00103575,278,53,225
E00103576,326,37,289
E00103577,325,84,241
E00103578,326,61,265
E00103579,395,64,331
E00103580,300,40,260
E00103581,289,37,252
E00103582,307,36,271
E00103583,310,64,246
E00103584,349,54,295
E00103585,216,34,182
E00103586,346,33,313
E00103587,116,15,101
E00103588,110,13,97
E00103589,276,34,242
E00103590,308,33,275
E00103591,190,23,167
E00103592,197,32,165
E00103593,169,21,148
E00103594,296,57,239
E00103595,367,40,327
E00103596,175,13,162
E00103597,183,15,168
E00103598,378,65,313
E00103599,316,37,279
E00103600,363,50,313
E00103601,238,26,212
E00103602,254,42,212
E00103603,296,57,239
E00103604,215,35,180
E00103605,259,30,229
E00103606,349,39,310
E00103608,260,64,196
E00103609,346,59,287
E00103610,268,25,243
E00103611,354,34,320
E00103612,249,23,226
E00103613,255,50,205
E00103614,366,72,294
E00103615,211,31,180
E00103616,295,98,197
E00103617,376,49,327
E00103619,379,53,326
E00103620,394,77,317
E00103621,363,54,309
E00103622,311,65,246
E00103623,305,45,260
E00103624,383,56,327
E00103625,182,13,169
E00103626,185,12,173
E00103627,219,11,208
E00103628,246,38,208
E00103629,254,43,211
E00103630,220,36,184
E00103631,140,22,118
E00103632,194,21,173
E00103633,310,49,261
E00103634,322,39,283
E00103635,409,40,369
E00103636,166,28,138
E00103637,238,32,206
E00103638,129,14,115
E00103639,254,19,235
E00103640,250,47,203
E00103641,304,20,284
E00103642,273,45,228
E00103643,312,42,270
E00103644,287,25,262
E00103645,306,51,255
E00103646,358,78,280
E00103647,419,78,341
E00103648,264,45,219
E00103649,275,36,239
E00103650,292,50,242
E00103654,412,58,354
E00103655,273,45,228
E00103656,345,71,274
E00103657,290,48,242
E00103658,242,33,209
E00103659,351,58,293
E00103660,291,64,227
E00103661,138,14,124
E00103662,486,66,420
E00103664,269,56,213
E00103665,235,40,195
E00103666,304,50,254
E00103667,149,28,121
E00103668,229,22,207
E00103669,252,24,228
E00103670,315,41,274
E00103671,280,18,262
E00103672,206,9,197
E00103673,337,41,296
E00103674,247,26,221
E00103675,354,84,270
E00103676,216,14,202
E00103677,305,24,281
E00103679,333,47,286
E00103680,327,42,285
E00103682,262,49,213
E00103683,298,47,251
E00103684,334,70,264
E00103685,279,49,230
E00103686,237,57,180
E00103687,340,71,269
E00103688,214,26,188
E00103689,287,38,249
E00103690,232,26,206
E00103691,325,76,249
E00103692,204,52,152
E00103693,239,25,214
E00103694,287,31,256
E00103695,220,37,183
E00103696,208,35,173
E00103697,265,16,249
E00103699,246,20,226
E00103700,313,67,246
E00103701,438,67,371
E00103702,304,77,227
E00103703,300,44,256
E00103705,297,32,265
E00103706,328,23,305
E00103707,231,27,204
E00103708,284,35,249
E00103710,195,19,176
E00103711,286,38,248
E00103712,380,49,331
E00103713,283,31,252
E00103714,222,31,191
E00103716,302,29,273
E00103717,294,74,220
E00103719,724,110,614
E00103720,287,108,179
E00103721,249,68,181
E00103722,152,13,139
E00103724,314,45,269
E00103725,267,44,223
E00103726,297,37,260
E00103727,260,31,229
E00103728,138,12,126
E00103730,269,23,246
E00103731,465,70,395
E00103732,261,33,228
E00103733,253,23,230
E00103734,245,43,202
E00103735,240,29,211
E00103736,280,42,238
E00103737,244,36,208
E00103738,272,49,223
E00103739,302,60,242
E00103740,276,24,252
E00103741,225,31,194
E00103742,220,33,187
E00103743,214,21,193
E00103744,292,46,246
E00103745,420,78,342
E00103746,211,32,179
E00103747,312,42,270
E00103748,187,26,161
E00103749,230,29,201
E00103750,270,48,222
E00103751,165,15,150
E00103752,208,14,194
E00103753,384,58,326
E00103754,255,34,221
E00103755,141,10,131
E00103756,300,33,267
E00103757,307,67,240
E00103758,276,22,254
E00103759,262,31,231
E00103760,175,27,148
E00103761,270,26,244
E00103762,180,24,156
E00103763,256,28,228
E00103764,331,59,272
E00103765,263,30,233
E00103766,255,19,236
E00103767,390,37,353
E00103768,310,30,280
E00103769,230,15,215
E00103770,280,72,208
E00103771,442,117,325
E00103772,248,44,204
E00103773,271,41,230
E00103774,255,44,211
E00103775,114,20,94
E00103776,303,68,235
E00103777,323,39,284
E00103778,249,42,207
E00103779,386,76,310
E00103780,308,48,260
E00103781,198,8,190
E00103782,321,51,270
E00103783,450,102,348
E00103784,260,41,219
E00103785,308,65,243
E00103786,427,71,356
E00103787,342,94,248
E00103788,257,29,228
E00103789,263,40,223
E00103790,306,52,254
E00103791,247,46,201
E00103792,222,34,188
E00103793,303,82,221
E00103794,270,34,236
E00103795,294,48,246
E00103796,378,75,303
E00103797,204,37,167
E00103798,328,57,271
E00103799,445,27,418
E00103800,309,39,270
E00103801,340,73,267
E00103802,273,37,236
E00103803,293,53,240
E00103804,313,33,280
E00103805,502,109,393
E00103806,405,79,326
E00103807,226,42,184
E00103808,241,30,211
E00103809,132,8,124
E00103810,252,54,198
E00103811,318,61,257
E00103812,324,50,274
E00103813,199,26,173
E00103814,283,47,236
E00103815,275,42,233
E00103816,266,38,228
E00103817,398,29,369
E00103818,285,31,254
E00103819,184,5,179
E00103820,286,49,237
E00103821,179,9,170
E00103822,228,23,205
E00103823,215,29,186
E00103824,289,38,251
E00103825,214,17,197
E00103826,315,27,288
E00103827,262,38,224
E00103828,256,14,242
E00103829,215,29,186
E00103830,220,25,195
E00103831,286,48,238
E00103832,189,14,175
E00103833,206,25,181
E00103834,246,27,219
E00103835,216,27,189
E00103836,169,5,164
E00103837,227,24,203
E00103838,240,19,221
E00103839,224,17,207
E00103840,337,74,263
E00103841,323,71,252
E00103842,291,63,228
E00103843,318,42,276
E00103844,283,35,248
E00103845,212,21,191
E00103846,304,59,245
E00103847,238,22,216
E00103848,245,38,207
E00103849,281,52,229
E00103850,229,37,192
E00103851,287,45,242
E00103852,220,17,203
E00103853,235,24,211
E00103854,317,55,262
E00103855,284,36,248
E00103856,256,38,218
E00103857,309,45,264
E00103858,273,46,227
E00103859,231,13,218
E00103860,263,38,225
E00103861,236,33,203
E00103862,253,19,234
E00103863,226,25,201
E00103864,257,39,218
E00103865,254,25,229
E00103866,239,29,210
E00103867,265,17,248
E00103869,188,15,173
E00103870,298,46,252
E00103871,280,41,239
E00103872,317,61,256
E00103873,231,29,202
E00103874,426,60,366
E00103875,300,59,241
E00103876,309,38,271
E00103877,226,29,197
E00103878,214,14,200
E00103879,152,24,128
E00103880,326,54,272
E00103881,302,35,267
E00103882,363,51,312
E00103883,294,37,257
E00103884,294,46,248
E00103885,248,31,217
E00103886,327,29,298
E00103887,448,150,298
E00103888,382,114,268
E00103889,391,70,321
E00103890,345,85,260
E00103891,299,54,245
E00103894,289,34,255
E00103895,239,25,214
E00103896,257,32,225
E00103897,229,24,205
E00103898,261,43,218
E00103899,288,22,266
E00103900,260,18,242
E00103901,236,43,193
E00103902,236,15,221
E00103903,177,25,152
E00103904,318,32,286
E00103905,268,27,241
E00103906,231,32,199
E00103907,291,47,244
E00103908,423,85,338
E00103909,307,37,270
E00103910,306,34,272
E00103911,316,40,276
E00103912,307,50,257
E00103913,321,56,265
E00103914,262,41,221
E00103915,323,52,271
E00103916,290,50,240
E00103917,241,31,210
E00103918,286,26,260
E00103919,391,60,331
E00103920,295,36,259
E00103921,272,58,214
E00103922,255,47,208
E00103923,249,20,229
E00103924,259,34,225
E00103925,260,56,204
E00103926,246,30,216
E00103927,186,23,163
E00103928,268,39,229
E00103929,295,62,233
E00103930,295,55,240
E00103931,195,16,179
E00103932,303,55,248
E00103933,221,26,195
E00103934,310,49,261
E00103935,312,39,273
E00103936,212,22,190
E00103937,352,32,320
E00103938,212,23,189
E00103939,266,22,244
E00103940,263,30,233
E00103941,237,25,212
E00103942,220,24,196
E00103943,236,20,216
E00103944,228,21,207
E00103945,238,9,229
E00103946,306,21,285
E00103947,157,18,139
E00103948,204,21,183
E00103949,199,15,184
E00103950,250,25,225
E00103951,348,85,263
E00103952,261,46,215
E00103953,263,32,231
E00103954,242,25,217
E00103955,365,50,315
E00103956,278,16,262
E00103957,377,39,338
E00103958,363,42,321
E00103959,328,36,292
E00103960,300,64,236
E00103961,276,33,243
E00103962,334,34,300
E00103963,322,53,269
E00103964,368,57,311
E00103965,272,34,238
E00103966,445,58,387
E00103967,377,38,339
E00103968,293,40,253
E00103969,244,27,217
E00103970,127,24,103
E00103971,239,21,218
E00103972,255,26,229
E00103973,217,19,198
E00103974,200,18,182
E00103975,243,9,234
E00103976,240,36,204
E00103977,168,7,161
E00103978,373,55,318
E00103979,101,16,85
E00103980,360,56,304
E00103981,322,70,252
E00103982,389,63,326
E00103983,227,19,208
E00103984,245,23,222
E00103985,258,45,213
E00103986,248,27,221
E00103987,350,38,312
E00103988,273,35,238
E00103989,337,38,299
E00103990,230,17,213
E00103991,294,41,253
E00103992,565,99,466
E00103994,229,28,201
E00103995,194,30,164
E00103996,346,50,296
E00103998,175,37,138
E00103999,174,13,161
E00104000,308,42,266
E00104001,253,30,223
E00104002,251,48,203
E00104003,282,29,253
E00104004,274,39,235
E00104005,247,9,238
E00104006,348,54,294
E00104007,206,17,189
E00104008,234,35,199
E00104009,223,20,203
E00104010,116,21,95
E00104011,343,42,301
E00104012,190,39,151
E00104013,125,21,104
E00104014,304,29,275
E00104015,290,34,256
E00104016,300,24,276
E00104017,270,41,229
E00104018,294,37,257
E00104019,448,63,385
E00104020,323,46,277
E00104021,320,73,247
E00104022,344,56,288
E00104023,259,34,225
E00104024,251,26,225
E00104025,274,54,220
E00104026,457,93,364
E00104027,263,49,214
E00104028,280,56,224
E00104029,271,53,218
E00104030,340,44,296
E00104031,295,36,259
E00104032,259,28,231
E00104034,228,17,211
E00104035,186,11,175
E00104036,274,26,248
E00104037,251,20,231
E00104038,200,14,186
E00104039,224,33,191
E00104040,368,54,314
E00104041,368,68,300
E00104042,198,26,172
E00104043,377,87,290
E00104044,438,75,363
E00104045,243,36,207
E00104046,272,48,224
E00104047,234,34,200
E00104048,231,40,191
E00104049,202,25,177
E00104050,231,33,198
E00104051,266,55,211
E00104052,314,81,233
E00104053,370,52,318
E00104054,250,41,209
E00104055,270,45,225
E00104056,323,36,287
E00104057,374,48,326
E00104058,342,49,293
E00104059,340,20,320
E00104060,419,24,395
E00104062,186,14,172
E00104063,213,26,187
E00104064,280,50,230
E00104065,327,38,289
E00104067,459,63,396
E00104068,265,45,220
E00104069,208,25,183
E00104070,235,30,205
E00104071,319,63,256
E00104072,266,52,214
E00104073,269,60,209
E00104074,260,48,212
E00104075,347,62,285
E00104076,249,39,210
E00104077,282,49,233
E00104078,280,41,239
E00104079,308,59,249
E00104080,279,46,233
E00104081,348,75,273
E00104082,296,42,254
E00104083,345,76,269
E00104084,337,50,287
E00104085,302,77,225
E00104086,352,67,285
E00104087,424,71,353
E00104088,354,49,305
E00104089,343,71,272
E00104090,309,68,241
E00104091,296,66,230
E00104093,362,83,279
E00104094,302,52,250
E00104095,376,75,301
E00104096,281,57,224
E00104097,256,23,233
E00104098,257,35,222
E00104099,271,31,240
E00104100,218,44,174
E00104101,157,24,133
E00104103,415,41,374
E00104105,256,22,234
E00104106,233,34,199
E00104107,284,45,239
E00104108,241,24,217
E00104109,277,40,237
E00104111,202,23,179
E00104112,153,16,137
E00104113,395,56,339
E00104114,240,29,211
E00104115,275,48,227
E00104116,244,21,223
E00104117,378,53,325
E00104118,191,10,181
E00104119,333,16,317
E00104120,286,50,236
E00104122,260,39,221
E00104123,254,41,213
E00104124,237,44,193
E00104125,213,11,202
E00104126,264,35,229
E00104127,193,20,173
E00104128,365,38,327
E00104129,287,23,264
E00104130,171,11,160
E00104131,189,38,151
E00104132,168,28,140
E00104133,145,29,116
E00104134,354,50,304
E00104135,290,39,251
E00104136,436,98,338
E00104137,177,30,147
E00104138,308,37,271
E00104139,358,51,307
E00104140,334,55,279
E00104141,350,27,323
E00104142,323,50,273
E00104143,338,35,303
E00104144,386,50,336
E00104145,334,97,237
E00104146,175,35,140
E00104147,347,56,291
E00104148,337,66,271
E00104149,311,46,265
E00104150,308,55,253
E00104151,260,37,223
E00104152,412,79,333
E00104153,405,63,342
E00104154,209,30,179
E00104155,203,16,187
E00104156,473,68,405
E00104157,414,90,324
E00104158,207,21,186
E00104159,208,30,178
E00104160,163,38,125
E00104161,352,50,302
E00104162,142,20,122
E00104163,224,31,193
E00104164,148,26,122
E00104165,136,10,126
E00104166,307,49,258
E00104167,338,53,285
E00104168,133,22,111
E00104169,433,88,345
E00104170,301,36,265
E00104171,365,71,294
E00104172,300,45,255
E00104173,244,34,210
E00104174,481,85,396
E00104175,298,44,254
E00104176,369,65,304
E00104177,302,50,252
E00104178,490,63,427
E00104179,392,67,325
E00104180,171,41,130
E00104181,395,46,349
E00104182,106,18,88
E00104183,164,18,146
E00104184,127,21,106
E00104185,206,33,173
E00104186,177,15,162
E00104187,295,37,258
E00104188,358,36,322
E00104189,353,60,293
E00104190,235,17,218
E00104191,250,10,240
E00104194,310,50,260
E00104195,357,98,259
E00104196,308,55,253
E00104197,345,67,278
E00104198,254,29,225
E00104199,200,14,186
E00104200,250,22,228
E00104201,290,23,267
E00104202,389,25,364
E00104203,342,44,298
E00104204,246,25,221
E00104205,256,25,231
E00104206,189,25,164
E00104207,263,53,210
E00104208,315,31,284
E00104209,243,37,206
E00104210,247,40,207
E00104211,254,32,222
E00104212,343,59,284
E00104213,503,92,411
E00104216,180,14,166
E00104217,441,142,299
E00104218,211,24,187
E00104219,246,36,210
E00104220,256,39,217
E00104221,179,38,141
E00104222,222,17,205
E00104223,247,27,220
E00104224,242,28,214
E00104225,362,58,304
E00104226,280,55,225
E00104227,365,60,305
E00104228,123,13,110
E00104229,259,27,232
E00104230,280,44,236
E00104231,306,30,276
E00104232,300,37,263
E00104234,289,64,225
E00104235,265,72,193
E00104236,370,67,303
E00104237,166,18,148
E00104238,236,27,209
E00104239,276,53,223
E00104240,202,48,154
E00104241,189,20,169
E00104242,357,97,260
E00104243,359,96,263
E00104244,264,54,210
E00104245,302,32,270
E00104246,247,41,206
E00104247,261,47,214
E00104248,165,17,148
E00104249,313,21,292
E00104250,310,40,270
E00104251,406,36,370
E00104252,287,62,225
E00104253,379,46,333
E00104254,196,14,182
E00104255,230,15,215
E00104256,245,40,205
E00104257,277,56,221
E00104258,245,23,222
E00104259,182,11,171
E00104260,257,34,223
E00104261,213,19,194
E00104262,294,29,265
E00104263,217,19,198
E00104264,272,18,254
E00104265,378,26,352
E00104266,301,29,272
E00104267,246,20,226
E00104268,276,29,247
E00104269,253,21,232
E00104270,254,25,229
E00104271,258,30,228
E00104272,286,36,250
E00104273,404,49,355
E00104274,268,25,243
E00104275,353,51,302
E00104276,301,51,250
E00104277,248,9,239
E00104278,260,8,252
E00104279,209,17,192
E00104280,265,35,230
E00104281,298,25,273
E00104282,218,15,203
E00104283,269,12,257
E00104284,293,28,265
E00104285,282,46,236
E00104286,291,56,235
E00104287,281,36,245
E00104288,306,36,270
E00104289,288,40,248
E00104290,292,45,247
E00104291,318,48,270
E00104292,316,41,275
E00104293,403,44,359
E00104294,266,36,230
E00104295,257,44,213
E00104296,350,50,300
E00104297,390,72,318
E00104298,279,44,235
E00104300,258,23,235
E00104301,326,54,272
E00104302,203,22,181
E00104303,282,44,238
E00104304,327,60,267
E00104305,356,38,318
E00104306,220,36,184
E00104307,319,47,272
E00104308,345,57,288
E00104309,265,34,231
E00104310,335,101,234
E00104311,287,60,227
E00104312,303,83,220
E00104313,240,22,218
E00104314,296,58,238
E00104315,303,55,248
E00104316,295,54,241
E00104317,266,33,233
E00104318,343,45,298
E00104319,340,48,292
E00104320,216,33,183
E00104322,267,27,240
E00104323,264,25,239
E00104324,295,72,223
E00104325,245,57,188
E00104326,291,63,228
E00104327,437,50,387
E00104328,207,24,183
E00104329,213,31,182
E00104330,244,61,183
E00104331,263,39,224
E00104332,263,42,221
E00104333,259,25,234
E00104335,214,42,172
E00104337,329,62,267
E00104338,302,40,262
E00104339,241,50,191
E00104340,149,8,141
E00104341,237,31,206
E00104342,285,26,259
E00104343,332,36,296
E00104344,355,64,291
E00104345,308,52,256
E00104346,282,38,244
E00104347,225,28,197
E00104348,216,35,181
E00104349,266,35,231
E00104350,282,35,247
E00104351,257,38,219
E00104352,246,35,211
E00104353,224,26,198
E00104354,292,60,232
E00104355,222,23,199
E00104356,216,29,187
E00104357,311,53,258
E00104358,267,37,230
E00104359,255,40,215
E00104361,328,32,296
E00104362,286,39,247
E00104363,284,36,248
E00104364,275,30,245
E00104365,285,54,231
E00104366,276,36,240
E00104367,323,51,272
E00104369,303,69,234
E00104370,235,42,193
E00104371,247,51,196
E00104372,330,75,255
E00104373,266,66,200
E00104374,339,87,252
E00104375,312,72,240
E00104376,268,30,238
E00104377,269,39,230
E00104378,334,70,264
E00104379,205,22,183
E00104380,270,38,232
E00104381,358,50,308
E00104382,327,75,252
E00104383,227,32,195
E00104384,305,49,256
E00104385,308,43,265
E00104387,238,23,215
E00104388,244,33,211
E00104389,292,60,232
E00104390,336,61,275
E00104391,254,60,194
E00104392,250,36,214
E00104393,245,29,216
E00104394,330,64,266
E00104395,282,49,233
E00104396,294,43,251
E00104397,285,33,252
E00104398,222,31,191
E00104399,357,71,286
E00104400,437,74,363
E00104401,276,39,237
E00104402,287,49,238
E00104403,263,50,213
E00104404,218,17,201
E00104405,252,37,215
E00104406,281,37,244
E00104407,160,13,147
E00104408,238,60,178
E00104409,229,34,195
E00104410,218,24,194
E00104411,233,35,198
E00104412,257,44,213
E00104413,186,22,164
E00104414,211,35,176
E00104415,216,27,189
E00104416,260,22,238
E00104417,237,24,213
E00104418,269,60,209
E00104419,303,74,229
E00104420,267,47,220
E00104421,239,40,199
E00104422,277,40,237
E00104423,247,34,213
E00104424,279,46,233
E00104425,281,35,246
E00104426,279,38,241
E00104427,399,63,336
E00104428,338,50,288
E00104429,249,20,229
E00104430,327,34,293
E00104431,244,46,198
E00104432,289,49,240
E00104433,310,83,227
E00104434,248,42,206
E00104435,508,95,413
E00104436,322,65,257
E00104437,240,28,212
E00104438,268,30,238
E00104439,314,69,245
E00104440,289,61,228
E00104441,299,45,254
E00104442,298,46,252
E00104443,326,60,266
E00104444,320,60,260
E00104445,346,70,276
E00104446,192,27,165
E00104447,313,60,253
E00104448,235,22,213
E00104449,227,44,183
E00104450,309,48,261
E00104451,272,42,230
E00104452,307,60,247
E00104453,270,41,229
E00104454,301,47,254
E00104455,320,79,241
E00104456,281,40,241
E00104457,278,33,245
E00104458,240,50,190
E00104459,239,32,207
E00104460,346,56,290
E00104461,299,57,242
E00104462,252,36,216
E00104463,221,37,184
E00104464,270,67,203
E00104465,279,87,192
E00104466,215,26,189
E00104467,269,47,222
E00104468,383,132,251
E00104469,203,30,173
E00104470,240,50,190
E00104471,218,23,195
E00104472,350,80,270
E00104473,229,34,195
E00104474,241,25,216
E00104475,223,35,188
E00104476,309,54,255
E00104477,268,12,256
E00104478,239,42,197
E00104479,279,34,245
E00104480,194,19,175
E00104481,283,52,231
E00104482,243,41,202
E00104483,208,27,181
E00104484,269,35,234
E00104485,277,27,250
E00104486,252,71,181
E00104487,257,15,242
E00104488,229,48,181
E00104489,282,42,240
E00104490,255,40,215
E00104491,337,43,294
E00104492,197,30,167
E00104493,295,40,255
E00104494,258,41,217
E00104495,274,36,238
E00104496,253,35,218
E00104497,453,78,375
E00104498,279,54,225
E00104499,300,66,234
E00104500,246,54,192
E00104501,233,32,201
E00104502,165,16,149
E00104503,217,37,180
E00104504,282,60,222
E00104505,255,33,222
E00104506,272,53,219
E00104507,344,60,284
E00104508,261,49,212
E00104509,247,47,200
E00104510,247,59,188
E00104511,229,44,185
E00104512,241,43,198
E00104513,224,34,190
E00104514,233,51,182
E00104515,216,47,169
E00104516,294,47,247
E00104517,205,12,193
E00104518,347,62,285
E00104519,347,63,284
E00104520,296,75,221
E00104521,181,10,171
E00104522,234,29,205
E00104523,302,45,257
E00104524,239,46,193
E00104525,242,37,205
E00104526,286,39,247
E00104527,368,75,293
E00104528,310,52,258
E00104529,198,25,173
E00104530,258,52,206
E00104531,311,45,266
E00104532,290,52,238
E00104533,340,69,271
E00104534,355,67,288
E00104535,245,41,204
E00104536,301,56,245
E00104537,220,20,200
E00104538,268,44,224
E00104539,298,40,258
E00104540,208,27,181
E00104541,230,29,201
E00104542,201,14,187
E00104543,213,33,180
E00104544,207,26,181
E00104545,222,52,170
E00104546,411,86,325
E00104547,327,72,255
E00104548,238,29,209
E00104549,276,45,231
E00104550,278,37,241
E00104551,220,16,204
E00104552,242,38,204
E00104553,267,41,226
E00104554,230,36,194
E00104555,403,67,336
E00104556,225,34,191
E00104557,295,45,250
E00104558,290,57,233
E00104559,238,32,206
E00104560,270,53,217
E00104561,254,43,211
E00104562,268,47,221
E00104563,247,45,202
E00104564,250,58,192
E00104566,264,61,203
E00104567,304,55,249
E00104568,294,58,236
E00104569,314,46,268
E00104570,279,42,237
E00104572,316,50,266
E00104573,277,34,243
E00104574,301,48,253
E00104575,262,27,235
E00104576,357,57,300
E00104577,361,80,281
E00104578,299,35,264
E00104579,213,27,186
E00104580,263,54,209
E00104581,258,23,235
E00104582,250,32,218
E00104583,353,57,296
E00104584,262,27,235
E00104585,256,42,214
E00104586,262,59,203
E00104587,202,33,169
E00104588,198,32,166
E00104589,261,58,203
E00104590,222,16,206
E00104591,274,36,238
E00104592,313,54,259
E00104593,272,78,194
E00104594,306,55,251
E00104595,303,53,250
E00104596,244,42,202
E00104597,225,50,175
E00104598,200,21,179
E00104600,303,34,269
E00104601,252,41,211
E00104602,353,72,281
E00104603,106,25,81
E00104604,410,88,322
E00104605,503,119,384
E00104606,420,82,338
E00104607,239,34,205
E00104608,234,21,213
E00104609,247,34,213
E00104610,323,86,237
E00104611,318,37,281
E00104612,349,49,300
E00104613,470,102,368
E00104614,267,37,230
E00104615,317,112,205
E00104616,330,57,273
E00104617,404,53,351
E00104618,237,27,210
E00104619,215,41,174
E00104620,314,83,231
E00104621,176,33,143
E00104622,420,105,315
E00104623,218,36,182
E00104624,290,48,242
E00104626,239,30,209
E00104627,284,40,244
E00104628,279,43,236
E00104629,326,66,260
E00104630,284,53,231
E00104632,325,73,252
E00104633,246,25,221
E00104634,274,17,257
E00104635,310,49,261
E00104636,254,38,216
E00104637,208,34,174
E00104638,234,52,182
E00104639,251,47,204
E00104641,237,33,204
E00104642,264,46,218
E00104643,302,49,253
E00104644,273,52,221
E00104645,230,41,189
E00104646,289,41,248
E00104647,287,53,234
E00104648,455,77,378
E00104649,254,48,206
E00104650,224,33,191
E00104651,259,44,215
E00104652,313,83,230
E00104653,273,37,236
E00104654,297,51,246
E00104655,250,42,208
E00104656,319,52,267
E00104657,281,44,237
E00104658,227,46,181
E00104659,265,42,223
E00104661,312,57,255
E00104662,456,78,378
E00104663,312,53,259
E00104664,299,49,250
E00104665,357,46,311
E00104666,270,50,220
E00104667,229,17,212
E00104668,254,45,209
E00104669,238,28,210
E00104670,241,34,207
E00104671,255,42,213
E00104672,271,54,217
E00104673,278,61,217
E00104674,256,49,207
E00104675,245,47,198
E00104676,310,63,247
E00104677,227,35,192
E00104678,381,69,312
E00104679,200,65,135
E00104680,224,23,201
E00104681,286,53,233
E00104682,246,28,218
E00104683,282,62,220
E00104684,154,28,126
E00104685,378,74,304
E00104686,509,86,423
E00104687,270,74,196
E00104688,239,59,180
E00104689,296,46,250
E00104690,236,50,186
E00104691,204,24,180
E00104692,287,45,242
E00104693,298,36,262
E00104694,283,53,230
E00104695,267,59,208
E00104696,278,47,231
E00104697,282,61,221
E00104698,311,69,242
E00104699,275,45,230
E00104700,209,26,183
E00104701,281,48,233
E00104702,247,40,207
E00104703,334,35,299
E00104704,305,35,270
E00104705,258,42,216
E00104706,318,48,270
E00104707,379,76,303
E00104708,283,45,238
E00104709,246,25,221
E00104710,106,15,91
E00104711,207,25,182
E00104712,315,69,246
E00104713,322,59,263
E00104714,446,107,339
E00104715,374,90,284
E00104716,274,46,228
E00104717,213,39,174
E00104718,315,41,274
E00104719,340,52,288
E00104720,262,29,233
E00104721,265,41,224
E00104722,285,45,240
E00104723,220,18,202
E00104725,430,79,351
E00104726,512,109,403
E00104727,253,27,226
E00104729,473,107,366
E00104731,284,41,243
E00104732,276,50,226
E00104733,188,25,163
E00104734,392,61,331
E00104735,360,51,309
E00104736,264,47,217
E00104737,267,42,225
E00104738,269,54,215
E00104739,202,32,170
E00104740,232,39,193
E00104741,273,33,240
E00104742,286,79,207
E00104743,328,69,259
E00104744,253,52,201
E00104745,295,72,223
E00104746,311,65,246
E00104749,280,77,203
E00104750,287,55,232
E00104751,297,76,221
E00104752,287,58,229
E00104753,318,75,243
E00104754,276,36,240
E00104755,269,55,214
E00104756,241,32,209
E00104757,158,20,138
E00104758,269,29,240
E00104760,361,102,259
E00104761,359,77,282
E00104763,426,117,309
E00104764,248,35,213
E00104765,291,71,220
E00104766,292,52,240
E00104767,303,52,251
E00104768,410,99,311
E00104769,236,43,193
E00104770,423,151,272
E00104771,238,74,164
E00104772,277,87,190
E00104773,359,109,250
E00104774,333,88,245
E00104775,275,69,206
E00104776,214,14,200
E00104777,241,26,215
E00104778,284,42,242
E00104779,467,107,360
E00104780,229,30,199
E00104781,360,55,305
E00104782,264,29,235
E00104785,273,58,215
E00104786,261,56,205
E00104787,294,78,216
E00104788,225,32,193
E00104789,252,32,220
E00104790,292,75,217
E00104791,257,43,214
E00104792,263,41,222
E00104793,262,41,221
E00104794,286,52,234
E00104795,367,60,307
E00104796,518,114,404
E00104797,316,36,280
E00104798,327,39,288
E00104799,333,80,253
E00104800,241,46,195
E00104801,330,67,263
E00104802,299,51,248
E00104803,248,53,195
E00104804,310,58,252
E00104805,372,59,313
E00104806,247,37,210
E00104807,236,29,207
E00104808,248,52,196
E00104809,300,43,257
E00104810,287,48,239
E00104812,241,20,221
E00104813,303,36,267
E00104814,287,31,256
E00104815,295,48,247
E00104816,255,37,218
E00104817,186,30,156
E00104818,344,48,296
E00104819,230,32,198
E00104820,211,30,181
E00104821,290,66,224
E00104822,239,47,192
E00104823,269,38,231
E00104824,358,44,314
E00104825,233,26,207
E00104826,309,77,232
E00104827,316,36,280
E00104828,272,41,231
E00104829,254,36,218
E00104830,355,70,285
E00104831,180,27,153
E00104832,300,43,257
E00104833,316,61,255
E00104834,405,55,350
E00104835,403,84,319
E00104836,263,46,217
E00104837,247,20,227
E00104838,202,20,182
E00104839,306,26,280
E00104840,296,63,233
E00104841,309,23,286
E00104842,578,127,451
E00104843,297,60,237
E00104844,305,60,245
E00104845,311,53,258
E00104846,331,58,273
E00104847,421,91,330
E00104848,137,24,113
E00104849,285,47,238
E00104850,290,40,250
E00104851,241,45,196
E00104852,278,42,236
E00104853,250,40,210
E00104854,245,30,215
E00104855,244,28,216
E00104856,530,78,452
E00104857,306,48,258
E00104858,172,22,150
E00104859,255,41,214
E00104860,265,34,231
E00104861,247,48,199
E00104862,273,59,214
E00104863,283,54,229
E00104864,242,48,194
E00104865,293,72,221
E00104866,334,45,289
E00104867,222,21,201
E00104868,297,42,255
E00104869,260,25,235
E00104870,324,46,278
E00104871,213,41,172
E00104872,318,60,258
E00104873,316,64,252
E00104874,267,49,218
E00104875,222,34,188
E00104876,152,13,139
E00104877,266,50,216
E00104878,261,70,191
E00104879,213,15,198
E00104880,221,33,188
E00104881,214,35,179
E00104882,261,49,212
E00104883,278,53,225
E00104884,229,48,181
E00104885,420,93,327
E00104886,229,38,191
E00104887,215,33,182
E00104888,290,60,230
E00104889,264,52,212
E00104890,528,99,429
E00104891,214,37,177
E00104892,172,12,160
E00104893,198,24,174
E00104894,276,49,227
E00104895,227,29,198
E00104896,266,53,213
E00104897,273,51,222
E00104898,317,59,258
E00104899,186,15,171
E00104900,204,17,187
E00104901,306,72,234
E00104902,323,88,235
E00104903,265,36,229
E00104904,181,19,162
E00104905,231,27,204
E00104906,208,15,193
E00104907,298,90,208
E00104908,253,37,216
E00104909,250,44,206
E00104910,237,45,192
E00104911,308,25,283
E00104912,235,36,199
E00104913,246,44,202
E00104914,275,35,240
E00104915,317,40,277
E00104916,287,47,240
E00104917,319,74,245
E00104918,224,26,198
E00104919,275,37,238
E00104920,256,40,216
E00104921,233,25,208
E00104922,281,36,245
E00104923,265,41,224
E00104924,201,43,158
E00104925,251,68,183
E00104926,297,78,219
E00104927,285,33,252
E00104928,317,62,255
E00104929,230,41,189
E00104930,199,22,177
E00104932,300,61,239
E00104933,227,34,193
E00104934,201,30,171
E00104935,281,69,212
E00104936,253,41,212
E00104937,368,53,315
E00104938,297,59,238
E00104940,244,39,205
E00104941,279,53,226
E00104942,266,48,218
E00104943,327,52,275
E00104944,298,53,245
E00104945,330,63,267
E00104946,309,50,259
E00104947,309,61,248
E00104948,276,60,216
E00104949,270,59,211
E00104950,331,47,284
E00104951,254,31,223
E00104952,298,62,236
E00104953,230,36,194
E00104954,227,27,200
E00104955,217,19,198
E00104956,287,49,238
E00104957,259,30,229
E00104958,385,54,331
E00104959,422,98,324
E00104960,296,58,238
E00104961,377,78,299
E00104962,394,62,332
E00104963,366,76,290
E00104965,264,35,229
E00104966,254,51,203
E00104967,289,32,257
E00104968,290,61,229
E00104969,326,65,261
E00104970,206,29,177
E00104971,308,41,267
E00104972,250,23,227
E00104973,274,62,212
E00104974,309,55,254
E00104975,288,66,222
E00104976,338,63,275
E00104977,324,60,264
E00104978,310,61,249
E00104979,303,84,219
E00104980,269,50,219
E00104981,242,27,215
E00104982,175,15,160
E00104983,232,51,181
E00104984,226,36,190
E00104985,296,45,251
E00104986,274,62,212
E00104987,230,35,195
E00104988,212,38,174
E00104989,244,39,205
E00104990,145,1,144
E00104991,357,98,259
E00104992,229,20,209
E00104993,293,45,248
E00104994,274,33,241
E00104995,193,20,173
E00104996,233,42,191
E00104997,247,25,222
E00104998,267,38,229
E00104999,264,40,224
E00105000,266,45,221
E00105001,241,54,187
E00105002,209,39,170
E00105003,228,19,209
E00105004,379,44,335
E00105005,276,48,228
E00105006,257,33,224
E00105007,288,73,215
E00105008,252,41,211
E00105009,403,162,241
E00105010,312,58,254
E00105011,278,50,228
E00105012,291,51,240
E00105013,227,27,200
E00105014,269,47,222
E00105015,257,51,206
E00105016,399,44,355
E00105017,255,79,176
E00105018,350,71,279
E00105020,250,50,200
E00105021,463,77,386
E00105022,267,59,208
E00105023,299,63,236
E00105024,455,63,392
E00105025,275,51,224
E00105026,235,27,208
E00105027,259,31,228
E00105028,332,47,285
E00105029,257,41,216
E00105030,371,78,293
E00105031,346,59,287
E00105032,283,43,240
E00105033,269,60,209
E00105034,252,49,203
E00105035,284,55,229
E00105037,273,34,239
E00105038,243,35,208
E00105039,268,49,219
E00105040,240,57,183
E00105041,186,13,173
E00105042,354,70,284
E00105043,288,53,235
E00105044,307,46,261
E00105045,264,45,219
E00105046,257,50,207
E00105047,247,46,201
E00105048,376,134,242
E00105049,409,158,251
E00105050,612,588,24
E00105051,530,411,119
E00105053,513,402,111
E00105054,415,208,207
E00105055,520,353,167
E00105056,407,231,176
E00105058,304,71,233
E00105059,300,62,238
E00105061,262,144,118
E00105062,322,76,246
E00105063,342,58,284
E00105064,206,42,164
E00105065,519,128,391
E00105066,118,32,86
E00105067,143,25,118
E00105068,179,22,157
E00105069,263,32,231
E00105070,216,33,183
E00105071,296,39,257
E00105072,257,15,242
E00105073,248,41,207
E00105074,218,23,195
E00105075,191,61,130
E00105077,503,366,137
E00105078,410,313,97
E00105079,573,502,71
E00105080,3201,3090,111
E00105081,335,67,268
E00105082,323,105,218
E00105083,253,52,201
E00105084,392,55,337
E00105085,293,51,242
E00105086,300,54,246
E00105087,297,51,246
E00105088,260,54,206
E00105089,231,33,198
E00105090,241,52,189
E00105091,300,40,260
E00105092,288,64,224
E00105093,395,94,301
E00105094,204,15,189
E00105096,423,91,332
E00105098,281,55,226
E00105099,251,52,199
E00105101,297,148,149
E00105102,270,100,170
E00105104,297,100,197
E00105106,373,122,251
E00105107,282,57,225
E00105108,312,99,213
E00105109,452,255,197
E00105110,217,30,187
E00105111,292,82,210
E00105112,319,47,272
E00105113,405,53,352
E00105114,383,89,294
E00105115,253,57,196
E00105116,351,79,272
E00105117,287,74,213
E00105119,280,47,233
E00105120,212,22,190
E00105121,355,64,291
E00105122,104,15,89
E00105123,404,69,335
E00105124,224,48,176
E00105125,259,58,201
E00105126,153,16,137
E00105127,242,34,208
E00105128,226,28,198
E00105129,244,33,211
E00105130,237,19,218
E00105131,274,46,228
E00105132,213,23,190
E00105133,233,29,204
E00105134,288,33,255
E00105135,232,48,184
E00105136,270,53,217
E00105137,267,47,220
E00105138,198,33,165
E00105139,301,35,266
E00105140,332,63,269
E00105141,248,40,208
E00105142,266,57,209
E00105143,289,55,234
E00105144,272,49,223
E00105145,340,66,274
E00105146,283,52,231
E00105147,273,57,216
E00105148,245,50,195
E00105149,267,45,222
E00105150,233,42,191
E00105151,211,37,174
E00105152,273,43,230
E00105153,212,51,161
E00105154,251,90,161
E00105155,318,209,109
E00105156,542,380,162
E00105157,265,69,196
E00105158,331,112,219
E00105159,401,138,263
E00105160,320,101,219
E00105161,253,53,200
E00105162,259,41,218
E00105163,313,83,230
E00105164,293,94,199
E00105165,290,142,148
E00105166,280,113,167
E00105167,277,94,183
E00105168,251,86,165
E00105169,283,63,220
E00105170,269,52,217
E00105171,262,50,212
E00105172,355,55,300
E00105173,273,42,231
E00105174,296,42,254
E00105175,280,38,242
E00105176,332,52,280
E00105177,241,33,208
E00105178,240,35,205
E00105179,459,91,368
E00105180,242,24,218
E00105181,200,19,181
E00105182,241,56,185
E00105183,464,255,209
E00105184,336,195,141
E00105186,376,238,138
E00105188,259,35,224
E00105189,285,49,236
E00105190,321,62,259
E00105191,205,30,175
E00105192,405,62,343
E00105193,279,54,225
E00105194,331,61,270
E00105195,273,52,221
E00105196,237,33,204
E00105197,279,49,230
E00105198,214,35,179
E00105199,233,23,210
E00105200,332,54,278
E00105201,267,46,221
E00105202,226,29,197
E00105203,298,50,248
E00105204,306,56,250
E00105205,249,43,206
E00105206,270,50,220
E00105207,290,40,250
E00105208,139,20,119
E00105209,315,42,273
E00105211,259,46,213
E00105212,268,45,223
E00105213,262,45,217
E00105214,291,82,209
E00105215,284,61,223
E00105216,318,78,240
E00105217,211,41,170
E00105218,440,109,331
E00105219,232,45,187
E00105220,231,38,193
E00105221,233,34,199
E00105222,286,78,208
E00105223,237,44,193
E00105224,213,26,187
E00105225,251,27,224
E00105226,217,23,194
E00105227,460,51,409
E00105228,173,2,171
E00105229,237,27,210
E00105230,272,64,208
E00105231,194,11,183
E00105232,247,22,225
E00105233,272,65,207
E00105234,194,34,160
E00105235,218,45,173
E00105236,231,26,205
E00105237,257,40,217
E00105238,206,31,175
E00105239,158,28,130
E00105240,181,21,160
E00105241,240,37,203
E00105242,170,24,146
E00105243,176,38,138
E00105244,337,103,234
E00105245,417,106,311
E00105246,346,54,292
E00105247,555,129,426
E00105248,249,52,197
E00105249,259,51,208
E00105250,300,52,248
E00105251,276,45,231
E00105252,313,73,240
E00105253,216,32,184
E00105254,404,90,314
E00105255,298,54,244
E00105256,207,37,170
E00105257,306,83,223
E00105258,329,74,255
E00105259,256,50,206
E00105260,518,116,402
E00105261,366,43,323
E00105262,399,71,328
E00105263,207,22,185
E00105264,251,50,201
E00105265,230,31,199
E00105266,219,41,178
E00105267,266,60,206
E00105268,210,31,179
E00105269,276,53,223
E00105270,262,56,206
E00105271,244,73,171
E00105272,224,34,190
E00105273,226,32,194
E00105274,270,28,242
E00105275,344,34,310
E00105276,216,9,207
E00105277,216,31,185
E00105278,261,46,215
E00105279,321,46,275
E00105280,281,65,216
E00105281,180,11,169
E00105282,295,77,218
E00105283,216,49,167
E00105284,302,94,208
E00105285,193,15,178
E00105286,294,81,213
E00105287,216,24,192
E00105289,197,12,185
E00105290,232,21,211
E00105292,272,58,214
E00105293,332,62,270
E00105294,276,58,218
E00105295,244,45,199
E00105296,285,52,233
E00105297,229,45,184
E00105298,184,38,146
E00105299,476,92,384
E00105300,276,60,216
E00105301,241,46,195
E00105302,201,40,161
E00105303,359,62,297
E00105304,214,27,187
E00105305,277,55,222
E00105306,102,11,91
E00105307,253,5,248
E00105308,249,37,212
E00105309,226,57,169
E00105310,283,66,217
E00105311,268,46,222
E00105312,178,35,143
E00105313,268,48,220
E00105314,201,17,184
E00105315,381,55,326
E00105316,333,49,284
E00105317,457,76,381
E00105318,481,71,410
E00105319,268,85,183
E00105320,180,26,154
E00105321,263,46,217
E00105322,256,38,218
E00105323,234,38,196
E00105324,307,55,252
E00105325,441,96,345
E00105326,246,52,194
E00105327,338,62,276
E00105328,194,24,170
E00105329,285,61,224
E00105330,218,49,169
E00105331,260,62,198
E00105332,268,50,218
E00105333,275,56,219
E00105334,245,48,197
E00105335,452,112,340
E00105336,369,109,260
E00105337,324,72,252
E00105338,288,47,241
E00105339,288,73,215
E00105340,267,74,193
E00105341,331,83,248
E00105342,539,113,426
E00105343,329,66,263
E00105344,267,44,223
E00105345,302,43,259
E00105346,304,47,257
E00105347,335,56,279
E00105348,215,41,174
E00105349,419,113,306
E00105350,486,109,377
E00105351,223,44,179
E00105352,202,35,167
E00105353,363,85,278
E00105354,255,50,205
E00105356,246,32,214
E00105357,267,58,209
E00105358,291,36,255
E00105359,241,30,211
E00105360,254,31,223
E00105361,243,54,189
E00105362,293,81,212
E00105363,272,49,223
E00105364,267,75,192
E00105365,215,30,185
E00105366,176,6,170
E00105367,218,23,195
E00105368,287,41,246
E00105369,342,73,269
E00105370,122,9,113
E00105371,181,42,139
E00105372,112,10,102
E00105373,200,15,185
E00105374,243,23,220
E00105375,182,22,160
E00105376,197,30,167
E00105377,314,69,245
E00105378,281,60,221
E00105379,183,31,152
E00105380,226,32,194
E00105381,156,11,145
E00105382,197,28,169
E00105383,248,24,224
E00105384,236,43,193
E00105385,265,66,199
E00105386,276,74,202
E00105387,291,45,246
E00105388,214,26,188
E00105389,364,90,274
E00105390,283,80,203
E00105391,265,55,210
E00105392,257,43,214
E00105393,216,18,198
E00105394,284,71,213
E00105395,238,55,183
E00105396,237,34,203
E00105397,285,68,217
E00105398,270,78,192
E00105399,312,57,255
E00105400,299,54,245
E00105401,235,55,180
E00105403,158,26,132
E00105404,287,49,238
E00105405,275,39,236
E00105406,217,31,186
E00105407,258,62,196
E00105408,121,20,101
E00105409,364,56,308
E00105410,254,44,210
E00105411,238,45,193
E00105412,359,64,295
E00105413,370,64,306
E00105414,252,24,228
E00105415,347,47,300
E00105417,295,59,236
E00105418,273,48,225
E00105419,286,61,225
E00105420,211,36,175
E00105421,244,43,201
E00105422,310,44,266
E00105423,275,25,250
E00105424,294,26,268
E00105425,260,34,226
E00105426,222,39,183
E00105427,275,83,192
E00105428,268,53,215
E00105429,266,55,211
E00105430,239,59,180
E00105431,249,38,211
E00105432,280,50,230
E00105433,235,39,196
E00105434,272,22,250
E00105435,317,33,284
E00105436,270,35,235
E00105437,289,36,253
E00105438,264,53,211
E00105439,267,48,219
E00105440,357,61,296
E00105441,295,68,227
E00105442,320,60,260
E00105443,262,41,221
E00105444,275,58,217
E00105445,246,49,197
E00105446,288,58,230
E00105447,258,22,236
E00105448,310,67,243
E00105449,396,65,331
E00105450,301,33,268
E00105451,297,51,246
E00105452,235,37,198
E00105453,265,46,219
E00105454,216,30,186
E00105455,238,53,185
E00105456,275,52,223
E00105457,343,44,299
E00105458,276,41,235
E00105459,348,56,292
E00105460,247,28,219
E00105461,209,33,176
E00105462,266,57,209
E00105463,221,35,186
E00105464,250,37,213
E00105465,191,12,179
E00105466,303,43,260
E00105467,224,37,187
E00105468,325,32,293
E00105469,318,67,251
E00105470,242,35,207
E00105472,290,46,244
E00105473,224,27,197
E00105474,335,92,243
E00105475,243,43,200
E00105476,291,74,217
E00105477,325,64,261
E00105478,293,59,234
E00105479,249,45,204
E00105480,289,61,228
E00105481,330,48,282
E00105482,271,45,226
E00105483,270,21,249
E00105484,321,38,283
E00105485,279,48,231
E00105486,377,61,316
E00105487,224,36,188
E00105488,197,22,175
E00105489,260,50,210
E00105490,318,59,259
E00105491,178,23,155
E00105492,201,37,164
E00105493,376,89,287
E00105494,219,37,182
E00105495,273,44,229
E00105496,240,35,205
E00105497,183,28,155
E00105498,391,61,330
E00105499,386,43,343
E00105500,285,54,231
E00105501,233,33,200
E00105502,277,32,245
E00105503,200,32,168
E00105504,289,50,239
E00105505,293,52,241
E00105506,158,30,128
E00105507,179,14,165
E00105508,131,16,115
E00105509,258,34,224
E00105510,234,41,193
E00105511,474,80,394
E00105512,421,80,341
E00105513,274,54,220
E00105514,308,63,245
E00105515,292,40,252
E00105517,451,105,346
E00105518,493,82,411
E00105519,359,59,300
E00105520,206,32,174
E00105521,223,48,175
E00105522,282,63,219
E00105523,235,36,199
E00105524,258,53,205
E00105525,255,58,197
E00105526,116,17,99
E00105527,248,48,200
E00105528,295,42,253
E00105529,300,62,238
E00105530,265,48,217
E00105531,324,35,289
E00105532,257,48,209
E00105533,249,33,216
E00105534,204,31,173
E00105535,235,41,194
E00105536,246,36,210
E00105537,281,43,238
E00105538,267,40,227
E00105539,248,47,201
E00105540,236,44,192
E00105541,210,26,184
E00105542,224,43,181
E00105543,220,27,193
E00105544,255,53,202
E00105545,249,37,212
E00105546,234,36,198
E00105547,271,44,227
E00105548,406,65,341
E00105549,245,52,193
E00105550,201,27,174
E00105551,279,40,239
E00105552,248,46,202
E00105553,224,34,190
E00105554,206,23,183
E00105555,234,31,203
E00105556,218,29,189
E00105557,259,50,209
E00105558,220,36,184
E00105559,195,28,167
E00105560,172,24,148
E00105561,248,35,213
E00105562,226,30,196
E00105563,233,24,209
E00105564,317,64,253
E00105565,131,5,126
E00105566,283,54,229
E00105568,222,32,190
E00105569,391,51,340
E00105570,236,43,193
E00105572,205,31,174
E00105573,318,107,211
E00105574,147,25,122
E00105575,222,44,178
E00105576,178,24,154
E00105577,200,23,177
E00105578,150,10,140
E00105579,258,61,197
E00105580,199,15,184
E00105581,159,20,139
E00105583,243,38,205
E00105584,211,41,170
E00105585,222,37,185
E00105586,134,28,106
E00105587,316,56,260
E00105588,221,16,205
E00105589,220,36,184
E00105590,252,35,217
E00105591,222,54,168
E00105592,199,36,163
E00105593,281,41,240
E00105594,229,11,218
E00105595,363,95,268
E00105596,245,28,217
E00105597,283,27,256
E00105598,259,40,219
E00105599,239,40,199
E00105600,229,40,189
E00105601,181,24,157
E00105602,156,33,123
E00105603,113,19,94
E00105604,244,39,205
E00105605,381,74,307
E00105606,240,35,205
E00105607,230,29,201
E00105608,262,57,205
E00105609,291,71,220
E00105610,271,49,222
E00105611,255,37,218
E00105612,352,60,292
E00105613,243,28,215
E00105614,269,46,223
E00105615,297,67,230
E00105616,311,57,254
E00105617,273,51,222
E00105618,292,58,234
E00105619,250,42,208
E00105620,232,51,181
E00105621,303,79,224
E00105622,226,31,195
E00105624,257,33,224
E00105625,248,23,225
E00105626,251,45,206
E00105627,270,41,229
E00105628,179,26,153
E00105629,257,40,217
E00105630,286,65,221
E00105631,321,89,232
E00105632,299,48,251
E00105633,205,51,154
E00105634,236,17,219
E00105635,225,52,173
E00105636,214,45,169
E00105637,294,70,224
E00105638,259,41,218
E00105639,391,56,335
E00105640,192,30,162
E00105641,224,36,188
E00105642,324,49,275
E00105643,209,34,175
E00105644,256,63,193
E00105645,226,54,172
E00105646,160,28,132
E00105648,265,43,222
E00105649,278,35,243
E00105650,285,43,242
E00105651,323,78,245
E00105652,256,43,213
E00105653,287,58,229
E00105654,204,20,184
E00105655,280,45,235
E00105656,313,73,240
E00105657,194,14,180
E00105658,267,42,225
E00105660,279,31,248
E00105661,333,72,261
E00105662,237,36,201
E00105663,297,60,237
E00105664,345,66,279
E00105665,259,43,216
E00105666,296,35,261
E00105667,329,55,274
E00105668,258,40,218
E00105670,217,24,193
E00105671,292,45,247
E00105672,222,40,182
E00105673,251,44,207
E00105674,270,33,237
E00105675,284,37,247
E00105676,263,51,212
E00105677,202,24,178
E00105678,318,104,214
E00105679,281,29,252
E00105680,315,48,267
E00105681,165,16,149
E00105682,278,68,210
E00105683,309,74,235
E00105684,249,37,212
E00105685,374,66,308
E00105686,225,37,188
E00105687,262,45,217
E00105688,304,49,255
E00105689,224,42,182
E00105690,280,39,241
E00105691,199,19,180
E00105692,226,38,188
E00105693,356,48,308
E00105694,299,62,237
E00105695,242,51,191
E00105696,249,44,205
E00105697,336,71,265
E00105698,216,24,192
E00105699,114,12,102
E00105700,264,43,221
E00105701,243,36,207
E00105703,257,52,205
E00105704,184,14,170
E00105705,372,55,317
E00105706,270,44,226
E00105707,280,32,248
E00105708,288,58,230
E00105710,263,44,219
E00105711,257,38,219
E00105712,268,50,218
E00105713,248,47,201
E00105714,289,53,236
E00105715,205,29,176
E00105716,266,35,231
E00105717,220,39,181
E00105718,267,53,214
E00105719,263,58,205
E00105720,282,57,225
E00105721,309,66,243
E00105722,246,48,198
E00105723,260,34,226
E00105724,331,68,263
E00105725,291,35,256
E00105726,280,47,233
E00105727,278,46,232
E00105728,219,33,186
E00105729,261,51,210
E00105730,262,39,223
E00105731,236,28,208
E00105732,251,49,202
E00105733,200,33,167
E00105734,246,55,191
E00105735,291,37,254
E00105736,268,52,216
E00105738,177,32,145
E00105739,222,31,191
E00105740,263,36,227
E00105741,224,33,191
E00105742,254,35,219
E00105743,247,29,218
E00105744,258,67,191
E00105745,277,63,214
E00105746,205,21,184
E00105747,275,26,249
E00105748,256,26,230
E00105749,251,30,221
E00105750,262,34,228
E00105751,193,20,173
E00105752,253,22,231
E00105753,170,10,160
E00105754,243,41,202
E00105755,249,36,213
E00105756,227,47,180
E00105757,260,45,215
E00105758,294,60,234
E00105759,240,22,218
E00105760,226,29,197
E00105761,110,20,90
E00105762,263,40,223
E00105763,240,52,188
E00105764,328,84,244
E00105765,207,38,169
E00105766,191,31,160
E00105767,206,35,171
E00105768,233,48,185
E00105769,247,60,187
E00105770,240,23,217
E00105771,206,41,165
E00105772,255,62,193
E00105773,242,55,187
E00105774,230,33,197
E00105775,234,47,187
E00105776,217,48,169
E00105777,244,61,183
E00105778,241,39,202
E00105780,304,43,261
E00105781,256,61,195
E00105782,308,48,260
E00105783,210,23,187
E00105784,398,72,326
E00105785,229,41,188
E00105786,270,57,213
E00105787,262,18,244
E00105788,237,22,215
E00105789,268,54,214
E00105791,200,26,174
E00105792,270,57,213
E00105793,275,85,190
E00105794,276,71,205
E00105795,231,40,191
E00105796,198,27,171
E00105797,264,56,208
E00105798,217,53,164
E00105799,318,70,248
E00105800,309,40,269
E00105801,323,40,283
E00105802,255,78,177
E00105803,285,71,214
E00105804,365,102,263
E00105805,437,110,327
E00105806,225,46,179
E00105807,212,47,165
E00105808,288,65,223
E00105809,228,45,183
E00105810,242,52,190
E00105811,284,37,247
E00105812,313,64,249
E00105813,220,18,202
E00105815,266,18,248
E00105816,249,25,224
E00105817,479,99,380
E00105818,235,31,204
E00105819,224,18,206
E00105820,379,75,304
E00105821,258,65,193
E00105822,254,24,230
E00105823,351,69,282
E00105824,283,86,197
E00105825,308,56,252
E00105826,288,25,263
E00105827,533,105,428
E00105828,233,26,207
E00105829,253,25,228
E00105830,437,140,297
E00105831,262,45,217
E00105832,202,27,175
E00105833,203,18,185
E00105834,430,47,383
E00105835,312,53,259
E00105836,278,52,226
E00105837,278,59,219
E00105838,423,74,349
E00105839,273,46,227
E00105840,384,53,331
E00105841,266,39,227
E00105842,339,48,291
E00105843,277,35,242
E00105844,261,34,227
E00105845,250,29,221
E00105846,219,26,193
E00105847,207,30,177
E00105848,188,18,170
E00105849,188,16,172
E00105850,293,37,256
E00105851,302,63,239
E00105852,253,34,219
E00105853,197,25,172
E00105854,148,18,130
E00105855,255,38,217
E00105856,265,43,222
E00105857,278,44,234
E00105858,127,18,109
E00105859,408,66,342
E00105860,341,62,279
E00105861,369,53,316
E00105862,287,28,259
E00105863,220,43,177
E00105864,293,47,246
E00105865,245,35,210
E00105866,290,49,241
E00105867,257,35,222
E00105868,196,20,176
E00105869,292,41,251
E00105870,300,39,261
E00105871,214,41,173
E00105872,251,32,219
E00105873,287,48,239
E00105874,258,53,205
E00105875,238,36,202
E00105876,263,47,216
E00105877,330,65,265
E00105878,114,21,93
E00105879,238,37,201
E00105880,306,56,250
E00105881,212,28,184
E00105882,386,40,346
E00105883,105,13,92
E00105884,459,65,394
E00105885,132,16,116
E00105886,431,62,369
E00105887,171,26,145
E00105888,195,26,169
E00105889,235,34,201
E00105890,259,47,212
E00105891,332,44,288
E00105892,270,33,237
E00105893,308,57,251
E00105894,286,46,240
E00105895,218,25,193
E00105896,145,21,124
E00105897,199,35,164
E00105898,184,13,171
E00105899,235,45,190
E00105900,181,18,163
E00105901,245,48,197
E00105902,127,24,103
E00105903,105,14,91
E00105904,160,20,140
E00105905,381,47,334
E00105906,163,15,148
E00105907,149,34,115
E00105908,297,39,258
E00105909,222,32,190
E00105910,231,48,183
E00105911,245,32,213
E00105912,289,57,232
E00105913,268,30,238
E00105914,255,23,232
E00105916,273,25,248
E00105917,160,34,126
E00105918,225,23,202
E00105919,230,30,200
E00105920,265,71,194
E00105921,365,55,310
E00105923,193,22,171
E00105924,151,11,140
E00105925,362,71,291
E00105926,287,23,264
E00105927,203,21,182
E00105928,269,49,220
E00105929,240,27,213
E00105930,282,36,246
E00105931,287,46,241
E00105932,476,100,376
E00105933,264,44,220
E00105934,269,42,227
E00105935,282,45,237
E00105936,265,51,214
E00105937,220,18,202
E00105938,241,43,198
E00105939,267,62,205
E00105940,264,52,212
E00105941,268,67,201
E00105942,217,36,181
E00105943,236,43,193
E00105944,175,16,159
E00105945,205,34,171
E00105946,296,44,252
E00105947,302,53,249
E00105948,222,23,199
E00105949,471,87,384
E00105950,248,54,194
E00105951,314,48,266
E00105952,260,56,204
E00105953,235,40,195
E00105954,194,28,166
E00105955,268,44,224
E00105956,147,24,123
E00105957,227,43,184
E00105958,190,34,156
E00105959,528,109,419
E00105960,230,44,186
E00105961,206,49,157
E00105962,246,45,201
E00105963,435,78,357
E00105964,262,51,211
E00105965,253,36,217
E00105966,334,53,281
E00105967,230,32,198
E00105968,212,15,197
E00105969,191,29,162
E00105970,350,90,260
E00105971,487,72,415
E00105972,260,45,215
E00105973,331,70,261
E00105974,311,34,277
E00105976,257,33,224
E00105977,322,38,284
E00105978,202,36,166
E00105979,291,54,237
E00105980,283,76,207
E00105981,266,60,206
E00105982,386,76,310
E00105983,283,28,255
E00105984,234,49,185
E00105985,259,59,200
E00105986,551,121,430
E00105987,284,34,250
E00105988,461,70,391
E00105989,166,30,136
E00105990,279,40,239
E00105991,352,61,291
E00105992,263,24,239
E00105993,319,43,276
E00105994,315,37,278
E00105995,268,34,234
E00105996,290,41,249
E00105997,305,29,276
E00105998,320,60,260
E00105999,221,53,168
E00106000,277,40,237
E00106001,160,23,137
E00106002,219,52,167
E00106003,313,52,261
E00106004,232,39,193
E00106005,272,29,243
E00106006,205,42,163
E00106007,214,16,198
E00106008,272,37,235
E00106009,274,37,237
E00106010,270,59,211
E00106011,221,52,169
E00106012,356,65,291
E00106013,304,47,257
E00106014,178,15,163
E00106015,335,44,291
E00106016,236,33,203
E00106018,270,47,223
E00106019,278,67,211
E00106020,357,55,302
E00106021,359,48,311
E00106022,294,33,261
E00106023,269,35,234
E00106024,542,122,420
E00106025,318,46,272
E00106026,313,56,257
E00106027,239,19,220
E00106028,286,22,264
E00106029,283,38,245
E00106030,174,22,152
E00106031,105,15,90
E00106032,241,34,207
E00106033,289,40,249
E00106034,329,36,293
E00106035,241,22,219
E00106036,270,31,239
E00106037,232,23,209
E00106038,210,20,190
E00106039,315,44,271
E00106040,235,35,200
E00106041,237,44,193
E00106042,283,49,234
E00106043,300,33,267
E00106044,335,56,279
E00106045,541,108,433
E00106046,247,41,206
E00106047,183,33,150
E00106048,214,58,156
E00106049,253,51,202
E00106050,288,35,253
E00106051,199,27,172
E00106052,354,74,280
E00106053,283,58,225
E00106054,298,66,232
E00106055,286,44,242
E00106056,202,30,172
E00106057,363,76,287
E00106058,278,72,206
E00106061,329,54,275
E00106062,250,30,220
E00106063,223,45,178
E00106064,273,40,233
E00106065,239,27,212
E00106066,236,35,201
E00106067,266,57,209
E00106068,272,51,221
E00106069,357,74,283
E00106070,278,33,245
E00106071,222,39,183
E00106072,167,14,153
E00106073,346,49,297
E00106074,230,28,202
E00106075,286,71,215
E00106076,231,37,194
E00106077,266,51,215
E00106078,237,36,201
E00106079,231,52,179
E00106080,221,41,180
E00106081,241,33,208
E00106082,225,43,182
E00106083,406,56,350
E00106084,312,48,264
E00106085,265,62,203
E00106086,302,90,212
E00106087,228,43,185
E00106088,261,54,207
E00106089,280,74,206
E00106090,253,54,199
E00106091,281,51,230
E00106092,254,48,206
E00106093,273,62,211
E00106094,267,46,221
E00106095,241,23,218
E00106096,311,60,251
E00106098,237,41,196
E00106099,213,23,190
E00106100,185,17,168
E00106101,355,50,305
E00106102,422,66,356
E00106103,360,65,295
E00106104,518,110,408
E00106105,294,43,251
E00106106,275,39,236
E00106107,263,50,213
E00106108,346,54,292
E00106109,372,74,298
E00106110,268,47,221
E00106111,256,33,223
E00106112,272,34,238
E00106113,267,41,226
E00106114,107,16,91
E00106115,279,42,237
E00106116,140,38,102
E00106117,290,106,184
E00106118,191,53,138
E00106119,218,49,169
E00106120,294,57,237
E00106121,297,61,236
E00106122,230,50,180
E00106123,267,75,192
E00106124,252,62,190
E00106125,282,72,210
E00106126,337,88,249
E00106127,317,41,276
E00106128,243,63,180
E00106129,309,69,240
E00106130,261,48,213
E00106131,369,65,304
E00106132,336,76,260
E00106133,279,65,214
E00106134,187,23,164
E00106135,277,53,224
E00106136,300,42,258
E00106137,330,48,282
E00106138,329,71,258
E00106139,255,35,220
E00106140,266,55,211
E00106141,188,29,159
E00106142,443,42,401
E00106143,288,81,207
E00106144,267,47,220
E00106145,423,88,335
E00106146,266,61,205
E00106147,208,36,172
E00106148,247,45,202
E00106149,311,71,240
E00106150,295,82,213
E00106151,301,68,233
E00106152,338,71,267
E00106153,301,51,250
E00106154,413,105,308
E00106155,219,28,191
E00106156,255,39,216
E00106157,240,49,191
E00106158,269,61,208
E00106159,364,54,310
E00106162,178,20,158
E00106163,243,47,196
E00106164,207,64,143
E00106165,296,51,245
E00106166,340,72,268
E00106167,283,49,234
E00106168,214,33,181
E00106169,273,38,235
E00106170,264,36,228
E00106171,305,57,248
E00106172,322,83,239
E00106173,274,51,223
E00106174,368,83,285
E00106175,328,46,282
E00106176,290,69,221
E00106177,411,111,300
E00106178,344,78,266
E00106179,310,78,232
E00106180,191,31,160
E00106181,298,85,213
E00106182,267,43,224
E00106183,306,84,222
E00106184,264,52,212
E00106185,168,11,157
E00106186,202,21,181
E00106187,287,64,223
E00106188,299,62,237
E00106189,293,58,235
E00106190,245,51,194
E00106191,214,45,169
E00106192,390,58,332
E00106193,331,61,270
E00106194,217,37,180
E00106195,294,73,221
E00106196,207,50,157
E00106197,358,81,277
E00106198,239,46,193
E00106199,226,49,177
E00106200,291,49,242
E00106201,281,63,218
E00106202,327,80,247
E00106203,327,96,231
E00106204,335,88,247
E00106205,332,73,259
E00106206,285,65,220
E00106207,282,68,214
E00106208,204,36,168
E00106209,331,81,250
E00106210,266,58,208
E00106211,254,48,206
E00106212,511,131,380
E00106213,388,90,298
E00106214,387,96,291
E00106217,383,87,296
E00106218,529,118,411
E00106219,295,36,259
E00106220,267,65,202
E00106221,142,24,118
E00106222,214,42,172
E00106223,323,77,246
E00106224,352,53,299
E00106225,315,60,255
E00106226,286,54,232
E00106227,205,23,182
E00106228,249,50,199
E00106229,227,30,197
E00106230,218,45,173
E00106231,181,46,135
E00106232,253,35,218
E00106233,261,49,212
E00106234,187,17,170
E00106235,247,50,197
E00106236,149,27,122
E00106237,269,71,198
E00106238,206,61,145
E00106239,155,2,153
E00106240,232,30,202
E00106241,275,49,226
E00106242,227,32,195
E00106243,223,43,180
E00106244,228,54,174
E00106245,277,44,233
E00106246,161,31,130
E00106247,261,27,234
E00106248,212,12,200
E00106249,156,2,154
E00106250,284,33,251
E00106251,313,41,272
E00106252,299,46,253
E00106253,285,33,252
E00106254,316,14,302
E00106255,228,28,200
E00106256,209,12,197
E00106257,299,44,255
E00106258,347,32,315
E00106259,294,43,251
E00106260,240,38,202
E00106261,350,58,292
E00106262,177,2,175
E00106263,181,4,177
E00106264,275,36,239
E00106265,188,8,180
E00106266,244,23,221
E00106267,446,71,375
E00106268,170,16,154
E00106269,145,5,140
E00106270,215,23,192
E00106271,181,12,169
E00106272,193,15,178
E00106273,306,56,250
E00106274,197,6,191
E00106276,303,43,260
E00106277,239,25,214
E00106278,195,27,168
E00106280,256,38,218
E00106281,183,10,173
E00106282,204,12,192
E00106283,216,14,202
E00106284,234,5,229
E00106285,207,23,184
E00106286,234,18,216
E00106287,278,41,237
E00106288,281,62,219
E00106289,366,111,255
E00106290,260,55,205
E00106291,366,95,271
E00106292,282,86,196
E00106293,319,81,238
E00106294,339,80,259
E00106295,284,77,207
E00106296,288,57,231
E00106297,308,74,234
E00106298,325,85,240
E00106299,312,68,244
E00106300,288,56,232
E00106301,275,37,238
E00106302,214,41,173
E00106303,232,43,189
E00106304,190,30,160
E00106305,290,72,218
E00106306,292,61,231
E00106307,289,57,232
E00106308,226,47,179
E00106309,274,61,213
E00106310,326,92,234
E00106311,294,64,230
E00106312,322,70,252
E00106313,265,41,224
E00106314,293,49,244
E00106315,300,49,251
E00106316,279,39,240
E00106317,329,95,234
E00106318,312,64,248
E00106319,310,70,240
E00106320,342,98,244
E00106321,329,72,257
E00106322,360,112,248
E00106323,283,42,241
E00106324,241,37,204
E00106325,370,69,301
E00106326,120,16,104
E00106327,144,14,130
E00106328,266,63,203
E00106329,233,26,207
E00106330,301,42,259
E00106331,253,27,226
E00106332,269,27,242
E00106333,271,34,237
E00106334,351,85,266
E00106335,229,21,208
E00106336,287,62,225
E00106337,282,64,218
E00106338,265,37,228
E00106339,240,15,225
E00106340,295,47,248
E00106341,241,20,221
E00106342,349,46,303
E00106343,264,26,238
E00106344,240,35,205
E00106345,193,10,183
E00106346,278,32,246
E00106347,276,48,228
E00106348,340,44,296
E00106349,242,32,210
E00106350,273,44,229
E00106351,309,45,264
E00106352,288,66,222
E00106353,308,52,256
E00106354,299,42,257
E00106355,155,28,127
E00106356,329,62,267
E00106357,206,41,165
E00106358,302,58,244
E00106359,299,53,246
E00106360,271,21,250
E00106361,279,52,227
E00106362,264,59,205
E00106363,294,42,252
E00106364,319,69,250
E00106365,287,70,217
E00106366,265,53,212
E00106367,304,71,233
E00106368,245,58,187
E00106369,409,93,316
E00106370,365,85,280
E00106371,352,78,274
E00106372,344,70,274
E00106373,227,2,225
E00106374,262,40,222
E00106375,196,5,191
E00106376,344,89,255
E00106377,265,24,241
E00106378,204,36,168
E00106379,319,63,256
E00106380,316,73,243
E00106381,316,62,254
E00106382,197,23,174
E00106383,360,112,248
E00106384,338,60,278
E00106385,331,90,241
E00106386,260,57,203
E00106387,357,94,263
E00106388,192,27,165
E00106389,277,72,205
E00106390,306,66,240
E00106391,276,41,235
E00106392,372,93,279
E00106393,300,61,239
E00106394,303,78,225
E00106395,334,55,279
E00106396,278,35,243
E00106397,314,94,220
E00106398,255,37,218
E00106399,297,59,238
E00106401,302,64,238
E00106402,288,71,217
E00106403,351,51,300
E00106404,312,56,256
E00106405,259,41,218
E00106406,288,55,233
E00106407,274,55,219
E00106408,252,29,223
E00106409,274,43,231
E00106410,280,35,245
E00106412,254,36,218
E00106413,220,26,194
E00106414,224,34,190
E00106415,214,27,187
E00106416,565,104,461
E00106418,284,46,238
E00106419,250,80,170
E00106421,252,34,218
E00106422,206,13,193
E00106423,273,44,229
E00106424,360,33,327
E00106425,346,39,307
E00106426,285,39,246
E00106427,177,20,157
E00106428,346,16,330
E00106429,324,54,270
E00106430,224,27,197
E00106431,167,19,148
E00106432,218,12,206
E00106433,250,46,204
E00106434,211,19,192
E00106435,293,27,266
E00106436,202,24,178
E00106437,184,21,163
E00106438,188,9,179
E00106439,225,14,211
E00106440,157,7,150
E00106441,388,78,310
E00106442,213,36,177
E00106443,264,16,248
E00106444,296,26,270
E00106445,194,34,160
E00106446,296,51,245
E00106447,264,19,245
E00106448,251,46,205
E00106449,301,21,280
E00106450,234,37,197
E00106451,230,38,192
E00106453,385,47,338
E00106454,319,70,249
E00106455,283,68,215
E00106456,359,52,307
E00106457,177,26,151
E00106458,319,45,274
E00106459,197,13,184
E00106461,509,115,394
E00106462,363,84,279
E00106463,259,54,205
E00106464,545,76,469
E00106465,417,71,346
E00106466,293,47,246
E00106467,225,34,191
E00106468,295,79,216
E00106469,298,65,233
E00106470,301,40,261
E00106471,193,27,166
E00106472,347,65,282
E00106473,425,81,344
E00106474,508,104,404
E00106475,525,117,408
E00106476,237,60,177
E00106477,368,72,296
E00106478,281,31,250
E00106479,318,33,285
E00106480,381,87,294
E00106481,500,132,368
E00106482,257,27,230
E00106483,226,47,179
E00106484,291,57,234
E00106485,312,107,205
E00106486,283,90,193
E00106487,292,54,238
E00106488,301,75,226
E00106489,285,55,230
E00106490,292,71,221
E00106491,255,50,205
E00106492,268,65,203
E00106493,250,50,200
E00106494,252,32,220
E00106495,225,45,180
E00106496,254,41,213
E00106497,243,37,206
E00106498,311,34,277
E00106499,273,50,223
E00106500,259,63,196
E00106501,197,38,159
E00106502,213,45,168
E00106503,330,49,281
E00106504,209,35,174
E00106505,295,44,251
E00106506,353,64,289
E00106507,271,43,228
E00106508,284,46,238
E00106509,204,20,184
E00106510,267,38,229
E00106511,176,27,149
E00106512,220,23,197
E00106513,259,30,229
E00106514,293,32,261
E00106515,304,61,243
E00106516,340,46,294
E00106517,292,56,236
E00106518,240,31,209
E00106519,240,39,201
E00106520,310,47,263
E00106521,234,26,208
E00106522,308,50,258
E00106523,237,14,223
E00106524,243,45,198
E00106525,216,12,204
E00106526,413,65,348
E00106527,260,26,234
E00106528,120,26,94
E00106529,239,44,195
E00106530,236,64,172
E00106531,251,55,196
E00106532,239,33,206
E00106533,280,44,236
E00106534,183,21,162
E00106535,212,40,172
E00106536,243,45,198
E00106537,138,12,126
E00106538,182,12,170
E00106539,118,19,99
E00106541,184,21,163
E00106545,213,42,171
E00106546,225,32,193
E00106547,206,21,185
E00106548,188,19,169
E00106549,171,24,147
E00106550,215,31,184
E00106551,182,16,166
E00106552,247,39,208
E00106553,248,40,208
E00106554,223,24,199
E00106555,177,9,168
E00106556,219,37,182
E00106557,191,14,177
E00106558,100,2,98
E00106559,256,37,219
E00106560,152,21,131
E00106561,210,23,187
E00106562,171,21,150
E00106563,142,17,125
E00106564,163,0,163
E00106565,195,33,162
E00106566,260,47,213
E00106567,376,92,284
E00106568,262,46,216
E00106569,263,42,221
E00106570,304,56,248
E00106571,254,28,226
E00106572,396,79,317
E00106573,246,45,201
E00106574,237,40,197
E00106575,315,69,246
E00106576,308,43,265
E00106577,224,33,191
E00106578,310,58,252
E00106579,213,16,197
E00106580,249,27,222
E00106581,264,25,239
E00106582,360,43,317
E00106583,243,36,207
E00106584,179,15,164
E00106585,320,42,278
E00106586,400,66,334
E00106587,233,16,217
E00106588,219,22,197
E00106589,218,33,185
E00106590,272,71,201
E00106591,238,32,206
E00106592,282,42,240
E00106593,241,28,213
E00106594,267,40,227
E00106595,225,28,197
E00106596,332,49,283
E00106597,338,78,260
E00106598,238,35,203
E00106599,358,61,297
E00106600,313,49,264
E00106601,323,76,247
E00106602,387,79,308
E00106603,283,56,227
E00106604,199,45,154
E00106605,506,115,391
E00106606,248,50,198
E00106607,287,65,222
E00106609,354,63,291
E00106610,375,120,255
E00106611,292,62,230
E00106612,284,63,221
E00106613,246,48,198
E00106614,261,67,194
E00106615,292,65,227
E00106616,304,89,215
E00106617,289,76,213
E00106618,271,69,202
E00106619,195,42,153
E00106620,221,35,186
E00106621,285,50,235
E00106622,293,58,235
E00106623,302,79,223
E00106624,310,49,261
E00106625,369,62,307
E00106626,258,15,243
E00106627,238,22,216
E00106628,418,41,377
E00106629,320,58,262
E00106630,253,34,219
E00106631,355,33,322
E00106632,229,31,198
E00106633,275,74,201
E00106634,313,73,240
E00106635,218,8,210
E00106636,261,17,244
E00106637,379,77,302
E00106638,337,43,294
E00106639,270,36,234
E00106640,380,60,320
E00106641,276,56,220
E00106642,316,51,265
E00106643,135,8,127
E00106644,202,21,181
E00106645,245,22,223
E00106646,325,56,269
E00106647,268,34,234
E00106648,337,69,268
E00106649,224,20,204
E00106650,168,14,154
E00106651,174,13,161
E00106652,192,15,177
E00106653,283,33,250
E00106654,348,60,288
E00106655,343,68,275
E00106656,271,55,216
E00106657,195,29,166
E00106658,209,39,170
E00106659,174,22,152
E00106660,284,57,227
E00106661,326,54,272
E00106662,321,58,263
E00106663,324,110,214
E00106664,298,46,252
E00106665,292,62,230
E00106666,256,39,217
E00106667,275,56,219
E00106668,264,44,220
E00106669,299,53,246
E00106670,331,46,285
E00106671,188,29,159
E00106672,373,85,288
E00106673,247,42,205
E00106674,379,100,279
E00106675,264,64,200
E00106676,329,57,272
E00106677,241,73,168
E00106678,264,34,230
E00106679,197,26,171
E00106680,326,77,249
E00106681,386,51,335
E00106682,427,54,373
E00106683,350,41,309
E00106684,226,41,185
E00106685,202,11,191
E00106686,279,49,230
E00106687,251,38,213
E00106688,247,24,223
E00106689,267,47,220
E00106690,318,53,265
E00106691,284,52,232
E00106692,414,55,359
E00106693,199,19,180
E00106694,266,43,223
E00106697,301,67,234
E00106698,254,51,203
E00106699,342,61,281
E00106700,283,46,237
E00106701,183,20,163
E00106702,292,51,241
E00106703,262,38,224
E00106704,301,54,247
E00106705,299,47,252
E00106706,278,59,219
E00106707,262,56,206
E00106708,300,56,244
E00106709,329,56,273
E00106710,327,63,264
E00106711,317,46,271
E00106712,287,54,233
E00106713,210,48,162
E00106714,235,70,165
E00106715,268,68,200
E00106716,316,57,259
E00106717,280,45,235
E00106718,245,58,187
E00106719,283,60,223
E00106720,287,56,231
E00106721,272,66,206
E00106722,309,69,240
E00106723,374,64,310
E00106724,292,46,246
E00106725,461,105,356
E00106726,260,49,211
E00106727,316,99,217
E00106728,310,84,226
E00106729,299,113,186
E00106730,364,59,305
E00106731,278,62,216
E00106732,278,57,221
E00106733,320,67,253
E00106734,231,35,196
E00106735,357,57,300
E00106736,336,72,264
E00106737,342,54,288
E00106738,314,68,246
E00106739,233,54,179
E00106740,298,57,241
E00106741,259,40,219
E00106742,562,95,467
E00106743,304,56,248
E00106744,261,47,214
E00106745,307,61,246
E00106746,176,22,154
E00106747,348,76,272
E00106748,353,87,266
E00106749,306,83,223
E00106750,299,31,268
E00106751,330,50,280
E00106753,342,67,275
E00106754,288,42,246
E00106755,302,91,211
E00106756,200,42,158
E00106757,109,3,106
E00106758,311,71,240
E00106759,300,44,256
E00106760,346,76,270
E00106761,191,20,171
E00106762,283,70,213
E00106763,254,44,210
E00106764,296,45,251
E00106765,359,77,282
E00106766,380,81,299
E00106767,399,83,316
E00106768,373,79,294
E00106769,313,59,254
E00106770,457,99,358
E00106771,271,53,218
E00106772,406,76,330
E00106773,407,74,333
E00106774,267,58,209
E00106775,252,51,201
E00106776,255,48,207
E00106777,502,100,402
E00106778,543,75,468
E00106780,252,52,200
E00106781,342,72,270
E00106782,412,87,325
E00106783,529,99,430
E00106785,336,66,270
E00106786,255,44,211
E00106787,243,40,203
E00106788,341,63,278
E00106789,251,45,206
E00106790,285,45,240
E00106791,305,59,246
E00106792,255,43,212
E00106793,384,52,332
E00106794,244,46,198
E00106795,464,99,365
E00106796,269,33,236
E00106797,286,53,233
E00106798,315,63,252
E00106799,244,24,220
E00106800,283,46,237
E00106801,231,41,190
E00106802,138,12,126
E00106803,289,46,243
E00106804,301,49,252
E00106805,300,45,255
E00106806,295,47,248
E00106807,315,39,276
E00106808,371,77,294
E00106809,324,38,286
E00106810,251,42,209
E00106811,158,13,145
E00106812,283,49,234
E00106813,287,38,249
E00106814,257,67,190
E00106815,222,48,174
E00106816,241,48,193
E00106817,169,28,141
E00106818,235,45,190
E00106819,290,66,224
E00106820,264,59,205
E00106821,229,20,209
E00106822,234,40,194
E00106823,188,14,174
E00106824,301,60,241
E00106825,266,31,235
E00106826,210,25,185
E00106827,246,50,196
E00106828,304,72,232
E00106829,282,54,228
E00106830,247,39,208
E00106831,331,78,253
E00106832,396,73,323
E00106833,296,63,233
E00106834,267,39,228
E00106835,242,37,205
E00106836,374,51,323
E00106837,259,30,229
E00106838,269,36,233
E00106839,341,32,309
E00106840,316,60,256
E00106841,262,56,206
E00106842,338,70,268
E00106843,234,41,193
E00106844,249,40,209
E00106845,270,49,221
E00106846,180,20,160
E00106847,269,82,187
E00106848,341,84,257
E00106849,299,63,236
E00106850,266,59,207
E00106851,275,67,208
E00106852,282,52,230
E00106853,275,50,225
E00106854,167,20,147
E00106855,324,63,261
E00106856,286,102,184
E00106857,597,33,564
E00106858,270,71,199
E00106859,312,63,249
E00106860,328,94,234
E00106861,273,40,233
E00106862,367,84,283
E00106863,282,33,249
E00106864,250,47,203
E00106865,304,69,235
E00106866,233,38,195
E00106867,333,81,252
E00106868,243,49,194
E00106869,183,14,169
E00106870,266,63,203
E00106871,224,32,192
E00106872,235,36,199
E00106873,326,76,250
E00106874,291,58,233
E00106875,312,85,227
E00106876,262,61,201
E00106877,273,42,231
E00106878,302,80,222
E00106879,301,63,238
E00106880,307,50,257
E00106881,247,60,187
E00106883,288,49,239
E00106884,276,40,236
E00106885,253,58,195
E00106886,275,45,230
E00106888,265,54,211
E00106889,468,117,351
E00106890,382,93,289
E00106891,416,146,270
E00106893,411,110,301
E00106894,375,21,354
E00106895,236,40,196
E00106896,283,31,252
E00106897,266,60,206
E00106898,273,47,226
E00106899,247,40,207
E00106900,309,56,253
E00106901,296,32,264
E00106902,318,48,270
E00106903,308,37,271
E00106904,318,81,237
E00106905,339,64,275
E00106906,295,51,244
E00106907,263,37,226
E00106908,302,84,218
E00106909,340,82,258
E00106910,262,54,208
E00106911,284,58,226
E00106912,250,52,198
E00106913,253,40,213
E00106914,284,40,244
E00106915,280,79,201
E00106916,206,32,174
E00106917,295,52,243
E00106918,239,31,208
E00106919,337,53,284
E00106920,321,56,265
E00106921,180,30,150
E00106922,354,64,290
E00106923,357,64,293
E00106924,281,56,225
E00106925,259,37,222
E00106926,255,46,209
E00106927,190,28,162
E00106928,282,41,241
E00106929,246,26,220
E00106930,315,50,265
E00106931,269,34,235
E00106932,308,52,256
E00106933,328,64,264
E00106934,378,72,306
E00106935,214,34,180
E00106936,284,82,202
E00106937,328,61,267
E00106938,480,85,395
E00106939,309,62,247
E00106940,250,34,216
E00106941,344,42,302
E00106942,247,39,208
E00106943,247,67,180
E00106944,257,35,222
E00106945,213,30,183
E00106946,237,55,182
E00106947,350,54,296
E00106948,306,49,257
E00106949,291,56,235
E00106950,284,39,245
E00106952,304,42,262
E00106953,287,51,236
E00106954,309,43,266
E00106955,464,43,421
E00106956,322,39,283
E00106957,232,12,220
E00106958,542,110,432
E00106959,388,75,313
E00106961,303,46,257
E00106962,385,73,312
E00106963,311,59,252
E00106964,288,40,248
E00106965,261,31,230
E00106966,350,60,290
E00106967,283,26,257
E00106968,328,42,286
E00106969,274,48,226
E00106970,285,47,238
E00106971,470,98,372
E00106972,267,59,208
E00106973,284,50,234
E00106974,340,84,256
E00106975,238,38,200
E00106976,264,46,218
E00106977,313,49,264
E00106978,281,52,229
E00106979,209,35,174
E00106980,265,41,224
E00106981,252,38,214
E00106982,282,29,253
E00106983,175,7,168
E00106984,257,33,224
E00106985,269,29,240
E00106986,295,54,241
E00106987,299,51,248
E00106988,314,63,251
E00106989,298,48,250
E00106990,254,40,214
E00106991,282,37,245
E00106992,198,28,170
E00106993,337,61,276
E00106994,113,10,103
E00106995,183,34,149
E00106996,204,26,178
E00106997,274,39,235
E00106998,299,60,239
E00106999,251,45,206
E00107000,344,161,183
E00107001,159,20,139
E00107002,192,14,178
E00107003,302,57,245
E00107004,304,33,271
E00107005,289,49,240
E00107006,274,40,234
E00107007,152,5,147
E00107008,256,42,214
E00107009,195,15,180
E00107010,255,43,212
E00107011,404,56,348
E00107012,350,39,311
E00107013,323,49,274
E00107014,258,22,236
E00107015,253,39,214
E00107016,208,29,179
E00107017,201,14,187
E00107018,315,33,282
E00107019,285,25,260
E00107020,318,63,255
E00107021,281,58,223
E00107022,251,26,225
E00107023,275,29,246
E00107024,261,34,227
E00107025,274,30,244
E00107026,225,20,205
E00107027,255,25,230
E00107028,232,25,207
E00107029,274,30,244
E00107030,252,27,225
E00107031,278,45,233
E00107032,247,23,224
E00107033,283,50,233
E00107034,293,71,222
E00107035,279,33,246
E00107036,321,71,250
E00107037,319,59,260
E00107038,352,70,282
E00107039,290,59,231
E00107040,339,75,264
E00107041,248,31,217
E00107042,303,56,247
E00107043,236,18,218
E00107044,274,24,250
E00107045,255,55,200
E00107046,324,64,260
E00107047,301,47,254
E00107049,285,28,257
E00107050,341,30,311
E00107051,269,35,234
E00107052,255,64,191
E00107053,251,27,224
E00107054,248,25,223
E00107055,318,54,264
E00107056,209,15,194
E00107057,369,63,306
E00107058,424,78,346
E00107059,211,22,189
E00107060,341,46,295
E00107061,215,27,188
E00107062,273,21,252
E00107063,312,34,278
E00107064,265,40,225
E00107065,315,46,269
E00107066,313,37,276
E00107067,183,34,149
E00107068,273,22,251
E00107069,259,18,241
E00107070,354,62,292
E00107071,252,13,239
E00107072,243,16,227
E00107073,308,44,264
E00107074,302,30,272
E00107075,256,31,225
E00107076,244,21,223
E00107077,254,29,225
E00107078,306,32,274
E00107079,320,37,283
E00107080,175,19,156
E00107081,273,23,250
E00107082,272,44,228
E00107083,229,21,208
E00107084,284,66,218
E00107085,356,87,269
E00107086,425,82,343
E00107087,212,46,166
E00107088,393,77,316
E00107089,339,59,280
E00107090,258,42,216
E00107091,298,45,253
E00107092,303,69,234
E00107093,242,51,191
E00107094,394,98,296
E00107095,163,15,148
E00107096,173,21,152
E00107097,372,94,278
E00107098,320,72,248
E00107099,356,88,268
E00107100,281,42,239
E00107101,364,57,307
E00107102,364,36,328
E00107103,233,12,221
E00107104,240,34,206
E00107105,342,38,304
E00107106,225,25,200
E00107107,345,54,291
E00107108,287,31,256
E00107109,346,71,275
E00107110,293,40,253
E00107111,267,54,213
E00107112,261,50,211
E00107113,364,79,285
E00107114,350,49,301
E00107115,310,67,243
E00107116,306,41,265
E00107117,368,44,324
E00107118,171,15,156
E00107119,343,47,296
E00107120,257,36,221
E00107121,226,31,195
E00107122,235,34,201
E00107123,295,76,219
E00107124,281,41,240
E00107125,180,11,169
E00107126,284,61,223
E00107127,123,1,122
E00107128,285,38,247
E00107129,280,55,225
E00107130,236,40,196
E00107131,248,22,226
E00107132,271,49,222
E00107133,310,53,257
E00107134,226,39,187
E00107135,238,25,213
E00107136,270,22,248
E00107137,279,47,232
E00107138,178,16,162
E00107139,240,19,221
E00107140,240,29,211
E00107141,230,7,223
E00107142,298,23,275
E00107143,158,3,155
E00107144,317,35,282
E00107145,342,29,313
E00107146,298,42,256
E00107147,209,18,191
E00107148,245,19,226
E00107149,244,14,230
E00107150,216,7,209
E00107151,235,10,225
E00107152,252,15,237
E00107153,275,9,266
E00107154,295,39,256
E00107155,436,87,349
E00107156,297,40,257
E00107157,223,37,186
E00107158,273,55,218
E00107159,264,39,225
E00107160,276,30,246
E00107161,312,71,241
E00107162,188,37,151
E00107163,361,50,311
E00107164,272,45,227
E00107165,204,30,174
E00107166,299,81,218
E00107167,343,41,302
E00107168,423,74,349
E00107169,417,44,373
E00107170,281,37,244
E00107171,331,72,259
E00107172,358,43,315
E00107173,305,58,247
E00107174,368,62,306
E00107175,219,27,192
E00107176,300,28,272
E00107177,267,34,233
E00107178,256,41,215
E00107179,319,45,274
E00107180,205,23,182
E00107181,299,52,247
E00107182,178,19,159
E00107183,141,30,111
E00107184,259,36,223
E00107185,303,30,273
E00107186,202,40,162
E00107187,200,30,170
E00107188,277,22,255
E00107189,213,22,191
E00107190,242,17,225
E00107191,252,44,208
E00107192,299,27,272
E00107193,332,43,289
E00107194,247,25,222
E00107195,239,24,215
E00107196,218,20,198
E00107197,168,23,145
E00107198,148,18,130
E00107199,373,62,311
E00107200,401,66,335
E00107201,417,46,371
E00107202,340,50,290
E00107203,235,34,201
E00107204,243,37,206
E00107205,320,36,284
E00107206,306,47,259
E00107207,270,45,225
E00107208,255,39,216
E00107209,259,17,242
E00107210,242,24,218
E00107211,277,21,256
E00107212,241,13,228
E00107213,181,14,167
E00107214,259,42,217
E00107215,219,15,204
E00107216,228,34,194
E00107217,284,28,256
E00107218,331,65,266
E00107219,222,17,205
E00107220,226,7,219
E00107221,284,45,239
E00107222,263,17,246
E00107223,250,20,230
E00107224,313,61,252
E00107225,288,21,267
E00107226,288,24,264
E00107227,232,7,225
E00107228,288,27,261
E00107229,202,14,188
E00107230,128,17,111
E00107231,240,16,224
E00107232,249,21,228
E00107233,336,45,291
E00107234,351,59,292
E00107235,279,34,245
E00107239,304,81,223
E00107240,291,47,244
E00107241,241,50,191
E00107242,369,47,322
E00107243,258,47,211
E00107244,248,47,201
E00107245,260,50,210
E00107246,266,43,223
E00107247,222,23,199
E00107248,278,14,264
E00107249,240,24,216
E00107250,289,48,241
E00107251,222,8,214
E00107252,519,72,447
E00107253,341,62,279
E00107254,382,54,328
E00107255,362,46,316
E00107256,346,54,292
E00107257,301,57,244
E00107258,253,22,231
E00107259,236,37,199
E00107260,265,21,244
E00107261,310,24,286
E00107262,447,54,393
E00107263,453,56,397
E00107264,193,36,157
E00107265,227,55,172
E00107266,134,20,114
E00107267,195,29,166
E00107268,315,35,280
E00107269,319,83,236
E00107270,290,58,232
E00107271,244,19,225
E00107272,282,75,207
E00107273,271,43,228
E00107275,255,56,199
E00107276,234,47,187
E00107277,279,31,248
E00107278,216,12,204
E00107279,226,16,210
E00107280,200,16,184
E00107281,251,19,232
E00107282,209,33,176
E00107283,203,13,190
E00107284,220,27,193
E00107285,241,27,214
E00107286,267,39,228
E00107287,241,29,212
E00107288,197,1,196
E00107289,344,26,318
E00107290,202,17,185
E00107291,214,5,209
E00107292,230,15,215
E00107293,203,25,178
E00107294,247,28,219
E00107295,216,8,208
E00107296,215,34,181
E00107297,254,40,214
E00107298,187,2,185
E00107299,411,85,326
E00107300,296,49,247
E00107301,284,30,254
E00107302,237,17,220
E00107303,189,38,151
E00107304,307,24,283
E00107305,226,15,211
E00107306,277,17,260
E00107307,174,20,154
E00107308,134,28,106
E00107309,310,25,285
E00107311,284,23,261
E00107312,330,46,284
E00107313,265,21,244
E00107314,310,38,272
E00107315,249,25,224
E00107316,248,15,233
E00107317,262,21,241
E00107318,262,24,238
E00107319,245,13,232
E00107320,282,31,251
E00107321,339,51,288
E00107322,399,95,304
E00107323,469,60,409
E00107324,289,52,237
E00107325,243,20,223
E00107326,252,31,221
E00107327,249,28,221
E00107328,310,53,257
E00107329,267,28,239
E00107330,331,47,284
E00107331,274,43,231
E00107332,360,57,303
E00107333,248,16,232
E00107334,252,34,218
E00107335,305,46,259
E00107336,352,75,277
E00107337,258,21,237
E00107338,342,93,249
E00107339,244,67,177
E00107340,240,45,195
E00107341,273,47,226
E00107342,291,49,242
E00107343,285,30,255
E00107344,335,39,296
E00107346,229,21,208
E00107347,279,26,253
E00107348,245,7,238
E00107349,252,42,210
E00107350,336,37,299
E00107351,370,68,302
E00107352,248,44,204
E00107353,266,57,209
E00107354,347,59,288
E00107355,302,47,255
E00107356,253,48,205
E00107357,283,53,230
E00107358,527,99,428
E00107359,325,69,256
E00107360,348,59,289
E00107361,232,32,200
E00107362,284,62,222
E00107363,293,48,245
E00107364,284,37,247
E00107365,488,120,368
E00107366,277,38,239
E00107367,319,61,258
E00107368,400,76,324
E00107369,385,102,283
E00107370,286,35,251
E00107371,249,21,228
E00107372,371,84,287
E00107373,452,107,345
E00107374,281,45,236
E00107375,304,86,218
E00107376,270,77,193
E00107377,298,24,274
E00107378,324,79,245
E00107379,226,48,178
E00107380,271,57,214
E00107381,239,38,201
E00107382,319,90,229
E00107383,405,91,314
E00107384,421,56,365
E00107385,311,76,235
E00107386,269,28,241
E00107387,340,53,287
E00107388,289,64,225
E00107389,430,99,331
E00107390,304,36,268
E00107391,298,42,256
E00107392,298,49,249
E00107393,351,55,296
E00107394,318,61,257
E00107395,405,82,323
E00107397,275,29,246
E00107398,225,14,211
E00107399,242,33,209
E00107403,226,29,197
E00107404,107,11,96
E00107405,168,31,137
E00107406,464,96,368
E00107407,289,42,247
E00107408,309,54,255
E00107409,294,52,242
E00107410,368,75,293
E00107412,300,45,255
E00107413,193,26,167
E00107414,428,57,371
E00107415,392,71,321
E00107416,411,64,347
E00107417,358,64,294
E00107418,548,105,443
E00107419,135,19,116
E00107420,328,33,295
E00107421,436,78,358
E00107422,294,57,237
E00107423,383,33,350
E00107424,337,44,293
E00107425,413,79,334
E00107426,314,47,267
E00107427,394,69,325
E00107428,339,62,277
E00107429,294,53,241
E00107430,280,48,232
E00107431,346,50,296
E00107432,181,7,174
E00107433,266,27,239
E00107434,402,63,339
E00107435,449,110,339
E00107436,253,33,220
E00107439,213,49,164
E00107440,272,43,229
E00107441,376,66,310
E00107442,319,60,259
E00107443,271,48,223
E00107444,317,53,264
E00107445,379,68,311
E00107446,358,73,285
E00107447,292,58,234
E00107449,185,23,162
E00107450,207,37,170
E00107451,312,65,247
E00107452,199,23,176
E00107453,331,55,276
E00107454,322,56,266
E00107455,321,57,264
E00107456,393,69,324
E00107457,252,46,206
E00107458,267,36,231
E00107459,309,55,254
E00107460,363,75,288
E00107461,308,64,244
E00107462,267,46,221
E00107463,277,51,226
E00107464,235,25,210
E00107465,248,57,191
E00107466,354,45,309
E00107467,297,61,236
E00107468,451,110,341
E00107469,374,66,308
E00107470,417,86,331
E00107471,337,56,281
E00107472,358,48,310
E00107473,424,85,339
E00107474,457,107,350
E00107475,319,83,236
E00107476,291,39,252
E00107477,331,63,268
E00107478,337,50,287
E00107479,425,87,338
E00107480,289,34,255
E00107481,292,53,239
E00107482,313,52,261
E00107483,332,46,286
E00107484,296,35,261
E00107485,343,53,290
E00107486,352,48,304
E00107487,316,32,284
E00107488,328,37,291
E00107489,250,38,212
E00107490,337,53,284
E00107491,279,20,259
E00107492,290,41,249
E00107493,293,45,248
E00107494,279,39,240
E00107495,286,50,236
E00107496,335,61,274
E00107497,262,44,218
E00107498,345,79,266
E00107499,362,65,297
E00107500,320,51,269
E00107501,341,43,298
E00107502,281,34,247
E00107503,209,28,181
E00107504,281,24,257
E00107505,342,78,264
E00107506,368,61,307
E00107507,246,33,213
E00107508,315,55,260
E00107509,292,51,241
E00107510,210,40,170
E00107511,376,63,313
E00107512,272,49,223
E00107513,358,62,296
E00107514,300,38,262
E00107515,352,62,290
E00107516,215,60,155
E00107517,304,46,258
E00107518,212,19,193
E00107519,197,40,157
E00107520,377,39,338
E00107521,307,42,265
E00107522,180,29,151
E00107523,247,14,233
E00107524,237,27,210
E00107525,250,22,228
E00107526,284,34,250
E00107527,290,30,260
E00107528,265,21,244
E00107529,417,55,362
E00107530,329,72,257
E00107531,265,44,221
E00107532,364,79,285
E00107533,324,55,269
E00107534,390,68,322
E00107535,250,45,205
E00107536,316,61,255
E00107537,288,36,252
E00107538,313,60,253
E00107539,274,67,207
E00107540,302,73,229
E00107541,310,57,253
E00107542,378,55,323
E00107543,249,39,210
E00107544,288,44,244
E00107545,318,57,261
E00107546,288,41,247
E00107547,355,44,311
E00107548,301,59,242
E00107549,373,70,303
E00107550,331,68,263
E00107551,309,52,257
E00107552,471,60,411
E00107553,250,30,220
E00107554,309,48,261
E00107555,361,61,300
E00107556,515,96,419
E00107557,376,94,282
E00107558,375,56,319
E00107559,418,72,346
E00107560,266,57,209
E00107561,277,49,228
E00107562,382,78,304
E00107563,321,41,280
E00107564,297,42,255
E00107565,358,68,290
E00107566,240,41,199
E00107567,249,43,206
E00107568,271,60,211
E00107569,245,24,221
E00107570,400,52,348
E00107571,261,27,234
E00107572,203,11,192
E00107573,220,28,192
E00107574,343,56,287
E00107575,262,23,239
E00107576,235,39,196
E00107577,310,37,273
E00107579,267,28,239
E00107581,318,67,251
E00107582,312,60,252
E00107583,313,60,253
E00107584,331,74,257
E00107585,266,52,214
E00107586,278,37,241
E00107587,307,57,250
E00107588,350,87,263
E00107589,515,113,402
E00107590,296,68,228
E00107591,229,42,187
E00107592,261,57,204
E00107593,338,89,249
E00107594,270,46,224
E00107597,376,65,311
E00107598,286,33,253
E00107599,355,71,284
E00107600,292,11,281
E00107601,346,93,253
E00107602,278,26,252
E00107603,430,72,358
E00107604,443,65,378
E00107605,536,122,414
E00107606,272,37,235
E00107607,422,60,362
E00107608,269,36,233
E00107609,297,55,242
E00107610,267,27,240
E00107611,347,71,276
E00107612,261,36,225
E00107613,277,55,222
E00107614,268,60,208
E00107615,199,26,173
E00107616,172,27,145
E00107617,208,23,185
E00107618,257,22,235
E00107619,270,50,220
E00107620,314,53,261
E00107621,327,68,259
E00107622,266,35,231
E00107623,317,40,277
E00107624,324,52,272
E00107625,338,55,283
E00107626,261,56,205
E00107627,253,35,218
E00107628,340,55,285
E00107629,352,75,277
E00107630,365,40,325
E00107631,330,37,293
E00107632,292,47,245
E00107633,302,43,259
E00107634,418,67,351
E00107635,284,38,246
E00107636,335,44,291
E00107637,338,49,289
E00107638,260,42,218
E00107639,161,24,137
E00107640,375,77,298
E00107641,270,34,236
E00107642,258,37,221
E00107643,304,59,245
E00107644,289,48,241
E00107645,351,51,300
E00107646,342,37,305
E00107647,172,8,164
E00107648,249,13,236
E00107649,166,14,152
E00107650,179,23,156
E00107651,302,49,253
E00107652,346,61,285
E00107653,346,71,275
E00107654,387,86,301
E00107655,306,62,244
E00107656,286,40,246
E00107657,286,49,237
E00107658,325,53,272
E00107659,261,35,226
E00107660,254,35,219
E00107661,262,48,214
E00107662,102,10,92
E00107663,316,57,259
E00107664,256,41,215
E00107665,275,26,249
E00107666,239,40,199
E00107667,212,16,196
E00107668,229,29,200
E00107669,583,308,275
E00107670,271,44,227
E00107671,384,71,313
E00107673,271,18,253
E00107674,346,72,274
E00107675,294,43,251
E00107676,353,68,285
E00107677,313,52,261
E00107678,271,37,234
E00107679,277,30,247
E00107680,353,40,313
E00107683,426,70,356
E00107684,511,109,402
E00107685,311,40,271
E00107686,371,55,316
E00107687,326,55,271
E00107688,232,18,214
E00107689,224,23,201
E00107690,298,35,263
E00107691,305,41,264
E00107692,212,33,179
E00107694,355,68,287
E00107695,280,48,232
E00107696,438,64,374
E00107697,490,95,395
E00107698,350,56,294
E00107699,230,31,199
E00107700,249,28,221
E00107701,279,43,236
E00107702,314,64,250
E00107703,311,76,235
E00107704,351,130,221
E00107705,246,34,212
E00107706,287,50,237
E00107707,362,64,298
E00107708,296,42,254
E00107709,262,45,217
E00107710,420,55,365
E00107711,323,52,271
E00107712,295,63,232
E00107713,338,52,286
E00107714,296,64,232
E00107715,246,39,207
E00107716,430,64,366
E00107717,295,40,255
E00107718,254,23,231
E00107719,223,23,200
E00107720,303,38,265
E00107721,222,11,211
E00107722,243,13,230
E00107723,257,34,223
E00107724,246,9,237
E00107725,270,35,235
E00107726,232,29,203
E00107727,284,33,251
E00107728,294,43,251
E00107729,381,62,319
E00107730,372,75,297
E00107731,341,85,256
E00107732,458,105,353
E00107733,318,25,293
E00107735,315,63,252
E00107737,287,26,261
E00107738,372,66,306
E00107740,301,42,259
E00107741,257,17,240
E00107742,303,48,255
E00107743,249,14,235
E00107744,359,71,288
E00107745,411,98,313
E00107746,322,48,274
E00107748,254,33,221
E00107749,339,51,288
E00107750,211,5,206
E00107751,332,57,275
E00107752,242,17,225
E00107753,299,61,238
E00107754,230,29,201
E00107755,310,53,257
E00107756,358,62,296
E00107757,364,71,293
E00107758,392,71,321
E00107759,219,18,201
E00107760,257,22,235
E00107761,278,47,231
E00107762,235,31,204
E00107763,252,35,217
E00107764,218,13,205
E00107765,286,29,257
E00107766,212,11,201
E00107767,156,23,133
E00107768,269,42,227
E00107769,247,18,229
E00107770,349,46,303
E00107771,373,90,283
E00107772,279,37,242
E00107773,209,11,198
E00107774,271,43,228
E00107775,261,31,230
E00107776,336,47,289
E00107777,325,65,260
E00107778,280,36,244
E00107779,270,41,229
E00107780,344,44,300
E00107781,294,49,245
E00107782,260,45,215
E00107783,254,31,223
E00107784,263,41,222
E00107785,300,50,250
E00107786,290,41,249
E00107787,355,59,296
E00107788,363,67,296
E00107789,309,71,238
E00107790,396,45,351
E00107791,297,37,260
E00107792,294,41,253
E00107793,298,44,254
E00107794,234,31,203
E00107795,299,47,252
E00107796,309,59,250
E00107797,295,65,230
E00107798,293,65,228
E00107799,320,49,271
E00107800,315,57,258
E00107801,301,51,250
E00107802,316,61,255
E00107803,379,98,281
E00107804,283,51,232
E00107805,289,65,224
E00107806,256,36,220
E00107807,299,35,264
E00107808,274,51,223
E00107809,283,55,228
E00107810,152,21,131
E00107811,339,64,275
E00107812,338,59,279
E00107813,324,61,263
E00107814,274,54,220
E00107815,313,70,243
E00107816,275,41,234
E00107817,267,74,193
E00107818,322,62,260
E00107820,481,66,415
E00107821,425,73,352
E00107822,410,94,316
E00107823,301,59,242
E00107824,403,75,328
E00107825,359,72,287
E00107826,293,62,231
E00107827,381,64,317
E00107828,280,39,241
E00107829,282,45,237
E00107830,377,63,314
E00107831,252,46,206
E00107832,374,66,308
E00107833,254,50,204
E00107834,424,69,355
E00107835,266,32,234
E00107836,222,39,183
E00107837,443,81,362
E00107838,327,58,269
E00107839,308,37,271
E00107840,308,61,247
E00107841,291,46,245
E00107842,300,57,243
E00107843,264,55,209
E00107844,238,46,192
E00107845,208,8,200
E00107846,245,16,229
E00107847,297,62,235
E00107848,252,21,231
E00107849,259,32,227
E00107850,240,40,200
E00107851,193,7,186
E00107852,280,57,223
E00107853,256,35,221
E00107854,257,21,236
E00107855,227,25,202
E00107856,259,35,224
E00107857,259,39,220
E00107858,243,20,223
E00107859,276,35,241
E00107860,246,49,197
E00107861,187,23,164
E00107862,272,32,240
E00107863,228,25,203
E00107864,287,20,267
E00107865,218,16,202
E00107866,277,30,247
E00107867,238,20,218
E00107868,151,20,131
E00107869,314,56,258
E00107870,299,33,266
E00107871,311,60,251
E00107872,327,71,256
E00107873,280,58,222
E00107874,369,88,281
E00107875,359,71,288
E00107876,323,63,260
E00107877,312,64,248
E00107878,295,68,227
E00107879,294,51,243
E00107880,389,96,293
E00107881,167,15,152
E00107882,300,46,254
E00107883,336,67,269
E00107884,290,49,241
E00107885,335,31,304
E00107886,284,55,229
E00107887,361,86,275
E00107888,260,49,211
E00107889,254,45,209
E00107890,327,60,267
E00107891,320,58,262
E00107892,272,45,227
E00107893,309,64,245
E00107894,307,33,274
E00107895,270,41,229
E00107896,307,70,237
E00107897,289,62,227
E00107898,339,53,286
E00107899,239,25,214
E00107900,330,59,271
E00107901,311,40,271
E00107902,387,70,317
E00107903,295,60,235
E00107904,398,92,306
E00107905,330,65,265
E00107906,303,66,237
E00107907,259,48,211
E00107908,337,70,267
E00107909,331,69,262
E00107910,297,58,239
E00107911,254,46,208
E00107912,300,68,232
E00107913,240,39,201
E00107914,180,22,158
E00107915,366,72,294
E00107916,201,20,181
E00107917,295,47,248
E00107918,316,57,259
E00107919,292,46,246
E00107920,263,56,207
E00107921,312,74,238
E00107922,290,44,246
E00107923,300,54,246
E00107924,231,38,193
E00107925,334,68,266
E00107926,265,42,223
E00107927,251,30,221
E00107928,272,52,220
E00107929,297,65,232
E00107930,293,46,247
E00107931,300,60,240
E00107932,321,59,262
E00107933,282,41,241
E00107934,272,49,223
E00107935,310,54,256
E00107936,339,63,276
E00107937,328,64,264
E00107938,302,52,250
E00107939,290,59,231
E00107940,258,30,228
E00107941,263,51,212
E00107942,288,48,240
E00107943,277,47,230
E00107944,231,52,179
E00107945,286,51,235
E00107946,260,48,212
E00107947,243,43,200
E00107948,259,45,214
E00107949,252,43,209
E00107950,286,36,250
E00107951,287,50,237
E00107952,286,52,234
E00107953,277,45,232
E00107954,296,52,244
E00107955,270,38,232
E00107956,288,37,251
E00107957,339,61,278
E00107958,352,73,279
E00107959,311,62,249
E00107960,394,68,326
E00107961,281,41,240
E00107962,288,53,235
E00107963,250,38,212
E00107964,319,59,260
E00107965,346,61,285
E00107966,339,66,273
E00107967,290,45,245
E00107968,304,71,233
E00107969,207,29,178
E00107970,338,78,260
E00107971,327,62,265
E00107972,316,57,259
E00107973,269,58,211
E00107974,375,66,309
E00107975,351,54,297
E00107976,281,47,234
E00107977,337,65,272
E00107978,305,52,253
E00107979,216,33,183
E00107980,307,71,236
E00107981,216,27,189
E00107982,234,34,200
E00107983,210,34,176
E00107984,190,25,165
E00107985,341,58,283
E00107986,428,57,371
E00107987,308,35,273
E00107988,314,40,274
E00107989,351,43,308
E00107990,354,60,294
E00107991,335,61,274
E00107992,401,75,326
E00107993,309,67,242
E00107994,242,21,221
E00107995,442,95,347
E00107996,358,70,288
E00107997,334,54,280
E00107998,268,36,232
E00107999,259,21,238
E00108000,318,50,268
E00108001,222,40,182
E00108002,269,45,224
E00108003,310,67,243
E00108004,256,44,212
E00108005,198,20,178
E00108006,330,64,266
E00108007,288,52,236
E00108008,264,59,205
E00108009,245,22,223
E00108010,296,55,241
E00108011,335,72,263
E00108012,298,100,198
E00108013,263,67,196
E00108014,257,67,190
E00108015,266,66,200
E00108016,327,70,257
E00108017,389,92,297
E00108018,229,59,170
E00108019,386,52,334
E00108020,320,57,263
E00108021,214,37,177
E00108022,348,67,281
E00108023,323,88,235
E00108024,317,63,254
E00108025,277,50,227
E00108026,279,48,231
E00108027,334,73,261
E00108028,306,71,235
E00108029,287,57,230
E00108030,442,94,348
E00108032,250,53,197
E00108033,401,70,331
E00108034,245,48,197
E00108035,328,69,259
E00108036,335,81,254
E00108037,436,142,294
E00108038,271,49,222
E00108039,274,66,208
E00108040,307,68,239
E00108041,400,143,257
E00108042,321,75,246
E00108043,273,48,225
E00108044,357,74,283
E00108045,271,63,208
E00108046,283,65,218
E00108047,262,50,212
E00108048,406,141,265
E00108049,393,87,306
E00108050,358,71,287
E00108051,285,67,218
E00108053,246,37,209
E00108054,277,43,234
E00108055,334,73,261
E00108056,419,89,330
E00108057,432,80,352
E00108058,287,73,214
E00108059,304,81,223
E00108060,303,60,243
E00108062,485,118,367
E00108063,321,60,261
E00108064,297,63,234
E00108066,300,60,240
E00108067,222,41,181
E00108069,312,28,284
E00108070,283,60,223
E00108071,295,71,224
E00108072,238,48,190
E00108073,325,59,266
E00108074,322,86,236
E00108075,266,55,211
E00108076,294,36,258
E00108077,316,53,263
E00108078,340,59,281
E00108079,247,36,211
E00108080,248,5,243
E00108081,347,41,306
E00108082,322,53,269
E00108083,286,70,216
E00108084,298,35,263
E00108085,237,47,190
E00108086,269,61,208
E00108087,290,43,247
E00108088,264,62,202
E00108089,271,49,222
E00108090,228,40,188
E00108091,346,43,303
E00108092,283,35,248
E00108094,352,58,294
E00108095,212,46,166
E00108096,301,56,245
E00108097,314,51,263
E00108098,256,48,208
E00108099,351,63,288
E00108100,307,64,243
E00108101,299,49,250
E00108102,356,81,275
E00108103,319,68,251
E00108104,283,59,224
E00108105,248,35,213
E00108106,248,47,201
E00108107,244,55,189
E00108108,249,36,213
E00108109,190,36,154
E00108110,385,46,339
E00108111,247,43,204
E00108112,232,41,191
E00108113,259,53,206
E00108114,296,42,254
E00108115,288,68,220
E00108116,255,47,208
E00108117,272,62,210
E00108118,373,58,315
E00108119,123,12,111
E00108120,283,70,213
E00108121,272,57,215
E00108122,344,85,259
E00108123,390,79,311
E00108124,288,60,228
E00108125,283,63,220
E00108126,353,86,267
E00108127,440,120,320
E00108128,322,79,243
E00108129,207,28,179
E00108130,285,51,234
E00108132,302,80,222
E00108133,283,75,208
E00108134,290,57,233
E00108135,122,8,114
E00108136,372,107,265
E00108137,276,49,227
E00108138,261,62,199
E00108139,293,54,239
E00108140,367,72,295
E00108141,295,61,234
E00108142,310,76,234
E00108143,314,62,252
E00108144,407,120,287
E00108145,321,61,260
E00108146,334,92,242
E00108147,343,79,264
E00108148,281,90,191
E00108149,336,86,250
E00108150,433,147,286
E00108151,282,60,222
E00108152,368,112,256
E00108153,283,54,229
E00108154,474,159,315
E00108156,509,196,313
E00108157,403,84,319
E00108158,278,62,216
E00108159,272,54,218
E00108160,491,116,375
E00108161,268,44,224
E00108162,221,20,201
E00108163,305,65,240
E00108164,212,28,184
E00108166,225,25,200
E00108167,326,104,222
E00108168,273,68,205
E00108169,312,65,247
E00108170,295,76,219
E00108171,267,44,223
E00108173,363,71,292
E00108174,288,59,229
E00108175,267,54,213
E00108176,246,46,200
E00108177,280,52,228
E00108178,251,44,207
E00108179,265,45,220
E00108180,258,46,212
E00108181,318,51,267
E00108182,421,72,349
E00108183,266,48,218
E00108184,376,77,299
E00108185,276,45,231
E00108186,288,50,238
E00108187,302,49,253
E00108188,231,42,189
E00108189,272,54,218
E00108190,270,52,218
E00108191,247,41,206
E00108192,341,43,298
E00108193,301,49,252
E00108194,489,88,401
E00108195,331,66,265
E00108196,303,50,253
E00108197,311,52,259
E00108198,325,69,256
E00108199,277,58,219
E00108200,253,35,218
E00108201,285,58,227
E00108202,229,36,193
E00108203,323,82,241
E00108204,281,55,226
E00108205,466,139,327
E00108206,181,27,154
E00108207,250,43,207
E00108208,252,58,194
E00108209,242,47,195
E00108210,322,98,224
E00108211,290,53,237
E00108212,362,119,243
E00108213,278,49,229
E00108214,306,62,244
E00108215,313,90,223
E00108216,321,92,229
E00108217,220,34,186
E00108218,211,37,174
E00108219,324,69,255
E00108220,296,44,252
E00108221,272,65,207
E00108222,256,59,197
E00108223,276,52,224
E00108224,242,42,200
E00108225,290,79,211
E00108226,280,50,230
E00108227,274,57,217
E00108228,256,44,212
E00108229,239,44,195
E00108230,304,80,224
E00108231,320,89,231
E00108232,221,28,193
E00108233,289,57,232
E00108234,381,51,330
E00108235,366,60,306
E00108236,174,25,149
E00108237,236,44,192
E00108238,317,58,259
E00108239,322,49,273
E00108240,239,31,208
E00108241,271,42,229
E00108242,302,39,263
E00108243,201,31,170
E00108244,262,67,195
E00108245,369,76,293
E00108246,329,54,275
E00108247,326,37,289
E00108248,297,38,259
E00108249,254,25,229
E00108250,257,70,187
E00108251,345,66,279
E00108252,332,76,256
E00108253,264,38,226
E00108254,307,72,235
E00108255,314,75,239
E00108256,252,34,218
E00108257,254,46,208
E00108258,321,84,237
E00108259,247,43,204
E00108260,320,27,293
E00108261,322,48,274
E00108262,211,27,184
E00108263,343,87,256
E00108264,237,21,216
E00108265,277,28,249
E00108266,317,77,240
E00108267,267,24,243
E00108268,238,38,200
E00108269,306,70,236
E00108270,244,44,200
E00108271,195,19,176
E00108272,190,25,165
E00108273,431,81,350
E00108274,321,46,275
E00108275,303,38,265
E00108276,295,77,218
E00108277,292,73,219
E00108278,218,25,193
E00108279,275,60,215
E00108280,98,6,92
E00108281,299,63,236
E00108282,253,60,193
E00108283,342,96,246
E00108284,357,95,262
E00108285,274,67,207
E00108286,276,49,227
E00108287,325,69,256
E00108288,334,77,257
E00108289,304,73,231
E00108290,418,71,347
E00108291,275,41,234
E00108292,335,61,274
E00108293,302,67,235
E00108294,301,59,242
E00108296,279,50,229
E00108297,296,69,227
E00108298,297,84,213
E00108299,338,90,248
E00108300,367,77,290
E00108301,388,94,294
E00108302,285,49,236
E00108304,252,35,217
E00108305,228,35,193
E00108306,247,46,201
E00108307,314,73,241
E00108308,278,63,215
E00108309,366,74,292
E00108310,362,80,282
E00108311,293,63,230
E00108312,299,62,237
E00108313,372,140,232
E00108314,285,81,204
E00108315,267,63,204
E00108316,366,77,289
E00108317,437,131,306
E00108318,315,61,254
E00108319,274,39,235
E00108320,249,35,214
E00108321,357,86,271
E00108322,338,68,270
E00108323,300,69,231
E00108324,385,108,277
E00108325,400,100,300
E00108326,374,120,254
E00108327,320,67,253
E00108328,276,62,214
E00108329,281,63,218
E00108330,290,72,218
E00108331,408,130,278
E00108332,335,60,275
E00108333,316,93,223
E00108334,313,74,239
E00108335,301,78,223
E00108336,358,107,251
E00108337,241,54,187
E00108338,272,51,221
E00108339,295,78,217
E00108340,280,36,244
E00108341,312,45,267
E00108342,433,82,351
E00108343,346,79,267
E00108344,232,31,201
E00108345,320,57,263
E00108346,271,36,235
E00108347,259,32,227
E00108348,284,54,230
E00108349,393,56,337
E00108350,317,35,282
E00108351,202,49,153
E00108353,312,42,270
E00108354,308,49,259
E00108355,271,55,216
E00108356,283,43,240
E00108357,223,21,202
E00108358,291,45,246
E00108359,213,23,190
E00108360,302,53,249
E00108361,289,44,245
E00108362,281,53,228
E00108363,273,45,228
E00108364,279,44,235
E00108365,365,48,317
E00108366,282,33,249
E00108367,365,75,290
E00108368,357,55,302
E00108369,452,82,370
E00108370,291,61,230
E00108371,415,95,320
E00108372,285,55,230
E00108373,239,38,201
E00108374,258,35,223
E00108375,325,47,278
E00108376,327,52,275
E00108377,290,45,245
E00108378,353,70,283
E00108379,257,48,209
E00108380,392,62,330
E00108381,237,25,212
E00108382,293,45,248
E00108383,336,74,262
E00108384,382,82,300
E00108385,372,55,317
E00108386,371,61,310
E00108387,320,59,261
E00108388,296,65,231
E00108389,309,64,245
E00108390,337,72,265
E00108391,254,28,226
E00108392,290,40,250
E00108393,416,73,343
E00108394,270,21,249
E00108396,317,42,275
E00108397,333,40,293
E00108398,328,49,279
E00108399,352,44,308
E00108400,230,31,199
E00108401,268,34,234
E00108402,224,32,192
E00108403,290,65,225
E00108404,302,60,242
E00108405,402,96,306
E00108406,366,88,278
E00108407,274,58,216
E00108408,361,82,279
E00108409,199,33,166
E00108410,322,84,238
E00108412,467,71,396
E00108413,304,62,242
E00108414,314,64,250
E00108415,293,57,236
E00108416,250,32,218
E00108417,367,61,306
E00108418,472,69,403
E00108419,402,93,309
E00108420,290,56,234
E00108421,296,54,242
E00108422,425,81,344
E00108423,242,34,208
E00108424,405,88,317
E00108425,261,63,198
E00108426,571,158,413
E00108427,280,58,222
E00108428,274,58,216
E00108429,279,62,217
E00108430,200,31,169
E00108432,347,64,283
E00108433,304,45,259
E00108434,316,66,250
E00108435,440,105,335
E00108436,271,39,232
E00108437,274,35,239
E00108438,119,29,90
E00108439,301,56,245
E00108440,317,55,262
E00108441,239,43,196
E00108442,275,47,228
E00108443,347,57,290
E00108444,337,80,257
E00108445,327,62,265
E00108446,402,58,344
E00108447,489,57,432
E00108449,302,70,232
E00108450,349,79,270
E00108451,284,47,237
E00108452,385,72,313
E00108453,345,44,301
E00108454,275,41,234
E00108455,151,11,140
E00108456,271,47,224
E00108457,317,78,239
E00108458,405,103,302
E00108459,383,78,305
E00108460,212,46,166
E00108461,325,55,270
E00108462,298,60,238
E00108463,403,87,316
E00108464,164,29,135
E00108465,145,29,116
E00108466,296,41,255
E00108467,523,93,430
E00108468,362,46,316
E00108469,256,24,232
E00108470,261,53,208
E00108471,316,50,266
E00108472,347,81,266
E00108474,268,51,217
E00108475,299,64,235
E00108476,331,68,263
E00108477,326,33,293
E00108478,272,43,229
E00108479,248,36,212
E00108480,229,23,206
E00108481,317,56,261
E00108482,338,49,289
E00108484,212,27,185
E00108485,306,54,252
E00108486,335,88,247
E00108488,309,60,249
E00108489,341,36,305
E00108490,193,33,160
E00108491,305,72,233
E00108492,283,45,238
E00108493,288,57,231
E00108494,283,60,223
E00108495,277,61,216
E00108496,323,46,277
E00108497,208,37,171
E00108498,297,57,240
E00108499,454,76,378
E00108501,306,57,249
E00108502,354,75,279
E00108503,356,55,301
E00108504,242,27,215
E00108505,217,38,179
E00108506,451,65,386
E00108508,319,63,256
E00108509,306,82,224
E00108510,295,54,241
E00108511,232,29,203
E00108512,377,60,317
E00108513,286,57,229
E00108514,316,46,270
E00108515,295,46,249
E00108516,367,59,308
E00108517,388,54,334
E00108518,305,56,249
E00108520,315,52,263
E00108521,304,46,258
E00108522,301,55,246
E00108523,237,36,201
E00108524,298,49,249
E00108525,248,34,214
E00108526,316,59,257
E00108527,256,41,215
E00108528,334,44,290
E00108529,263,49,214
E00108530,440,102,338
E00108532,300,48,252
E00108533,358,28,330
E00108536,365,102,263
E00108537,411,90,321
E00108538,478,95,383
E00108539,242,30,212
E00108540,208,41,167
E00108542,235,34,201
E00108543,365,119,246
E00108544,578,150,428
E00108545,174,16,158
E00108546,358,67,291
E00108547,315,54,261
E00108548,292,63,229
E00108549,303,45,258
E00108550,215,39,176
E00108551,243,29,214
E00108552,320,66,254
E00108553,406,106,300
E00108554,354,86,268
E00108555,284,49,235
E00108556,235,20,215
E00108557,233,32,201
E00108559,249,43,206
E00108560,399,81,318
E00108561,275,41,234
E00108562,336,34,302
E00108563,286,63,223
E00108564,245,38,207
E00108566,336,79,257
E00108567,331,65,266
E00108568,290,54,236
E00108569,313,70,243
E00108571,267,43,224
E00108572,300,41,259
E00108573,292,63,229
E00108574,321,54,267
E00108575,262,45,217
E00108576,296,47,249
E00108577,269,60,209
E00108578,384,58,326
E00108579,356,79,277
E00108580,330,67,263
E00108581,333,53,280
E00108582,194,24,170
E00108583,311,39,272
E00108584,502,80,422
E00108585,249,45,204
E00108586,285,57,228
E00108587,508,91,417
E00108588,253,38,215
E00108589,283,59,224
E00108590,360,52,308
E00108591,350,82,268
E00108592,318,51,267
E00108593,295,50,245
E00108594,246,42,204
E00108595,205,13,192
E00108596,274,46,228
E00108597,244,35,209
E00108598,266,40,226
E00108599,310,50,260
E00108600,489,78,411
E00108601,248,41,207
E00108602,283,32,251
E00108603,507,65,442
E00108604,279,37,242
E00108605,550,81,469
E00108606,332,43,289
E00108607,308,44,264
E00108608,407,64,343
E00108609,208,24,184
E00108610,282,40,242
E00108611,286,46,240
E00108612,281,31,250
E00108613,351,58,293
E00108614,280,38,242
E00108616,535,110,425
E00108617,522,105,417
E00108618,388,74,314
E00108619,482,104,378
E00108620,286,67,219
E00108621,392,75,317
E00108622,425,101,324
E00108623,490,120,370
E00108624,350,69,281
E00108625,352,68,284
E00108627,355,92,263
E00108628,400,103,297
E00108629,301,61,240
E00108631,231,50,181
E00108632,382,65,317
E00108634,443,86,357
E00108635,339,62,277
E00108636,357,87,270
E00108637,356,71,285
E00108638,375,82,293
E00108639,236,26,210
E00108640,244,29,215
E00108641,247,35,212
E00108642,221,24,197
E00108643,317,56,261
E00108644,233,27,206
E00108645,336,51,285
E00108646,346,61,285
E00108647,252,22,230
E00108649,303,61,242
E00108650,263,40,223
E00108651,253,18,235
E00108652,380,72,308
E00108653,297,53,244
E00108654,290,52,238
E00108655,316,70,246
E00108656,373,83,290
E00108657,304,66,238
E00108658,260,47,213
E00108659,258,45,213
E00108660,241,25,216
E00108661,349,83,266
E00108662,296,40,256
E00108663,289,55,234
E00108664,299,46,253
E00108665,275,67,208
E00108666,326,79,247
E00108667,264,35,229
E00108668,283,50,233
E00108669,275,52,223
E00108670,240,26,214
E00108671,246,27,219
E00108672,276,43,233
E00108673,317,46,271
E00108674,278,38,240
E00108675,269,46,223
E00108676,286,41,245
E00108677,367,36,331
E00108678,292,63,229
E00108679,379,42,337
E00108680,295,48,247
E00108681,273,25,248
E00108682,277,61,216
E00108683,310,54,256
E00108684,224,40,184
E00108685,264,37,227
E00108686,271,41,230
E00108687,259,51,208
E00108688,133,16,117
E00108689,375,50,325
E00108690,368,56,312
E00108691,250,47,203
E00108692,301,71,230
E00108693,336,45,291
E00108695,336,92,244
E00108696,235,25,210
E00108697,394,74,320
E00108698,314,62,252
E00108699,308,48,260
E00108700,398,67,331
E00108701,375,57,318
E00108702,266,26,240
E00108703,428,65,363
E00108704,286,26,260
E00108705,264,40,224
E00108706,322,63,259
E00108707,273,57,216
E00108708,293,38,255
E00108709,131,24,107
E00108710,238,56,182
E00108711,348,64,284
E00108712,350,65,285
E00108713,281,54,227
E00108714,320,76,244
E00108715,288,37,251
E00108716,282,53,229
E00108717,305,57,248
E00108718,336,55,281
E00108719,316,72,244
E00108720,286,40,246
E00108721,353,49,304
E00108722,185,29,156
E00108723,329,54,275
E00108724,305,39,266
E00108725,271,28,243
E00108726,259,39,220
E00108727,347,32,315
E00108728,414,66,348
E00108729,335,49,286
E00108730,186,20,166
E00108731,319,52,267
E00108732,428,85,343
E00108733,308,50,258
E00108734,356,62,294
E00108735,307,65,242
E00108736,161,18,143
E00108737,354,46,308
E00108738,326,39,287
E00108739,311,25,286
E00108740,309,36,273
E00108741,313,37,276
E00108742,232,42,190
E00108743,193,25,168
E00108744,218,38,180
E00108746,191,31,160
E00108748,206,34,172
E00108749,185,30,155
E00108750,178,30,148
E00108751,125,14,111
E00108752,320,49,271
E00108753,201,43,158
E00108754,154,16,138
E00108755,322,52,270
E00108756,285,41,244
E00108757,361,69,292
E00108758,352,58,294
E00108759,248,36,212
E00108760,337,84,253
E00108761,292,39,253
E00108762,473,88,385
E00108763,252,37,215
E00108764,332,68,264
E00108765,339,46,293
E00108766,359,60,299
E00108767,325,68,257
E00108768,454,92,362
E00108769,128,20,108
E00108770,359,59,300
E00108771,386,68,318
E00108772,376,51,325
E00108773,320,40,280
E00108774,288,42,246
E00108775,250,40,210
E00108776,244,24,220
E00108777,305,45,260
E00108778,235,40,195
E00108779,270,41,229
E00108780,308,51,257
E00108781,259,47,212
E00108782,337,34,303
E00108783,334,49,285
E00108784,348,57,291
E00108785,363,44,319
E00108786,279,45,234
E00108787,269,58,211
E00108788,404,68,336
E00108789,258,33,225
E00108790,221,30,191
E00108791,193,15,178
E00108792,336,33,303
E00108793,232,34,198
E00108794,158,10,148
E00108795,337,29,308
E00108796,321,64,257
E00108797,217,13,204
E00108798,244,17,227
E00108799,313,68,245
E00108800,354,78,276
E00108801,270,23,247
E00108802,449,60,389
E00108803,206,25,181
E00108804,388,51,337
E00108805,304,47,257
E00108806,306,38,268
E00108807,172,15,157
E00108808,409,69,340
E00108809,304,41,263
E00108810,316,90,226
E00108811,271,66,205
E00108812,228,47,181
E00108813,302,85,217
E00108814,290,50,240
E00108815,243,47,196
E00108816,288,65,223
E00108817,264,39,225
E00108818,248,35,213
E00108819,245,33,212
E00108820,386,75,311
E00108821,356,81,275
E00108822,233,20,213
E00108823,295,64,231
E00108824,409,70,339
E00108825,300,47,253
E00108826,294,45,249
E00108827,299,54,245
E00108828,250,23,227
E00108829,284,49,235
E00108831,287,43,244
E00108832,302,59,243
E00108834,298,49,249
E00108836,347,36,311
E00108837,321,83,238
E00108838,255,38,217
E00108839,301,71,230
E00108840,260,20,240
E00108841,292,69,223
E00108842,275,58,217
E00108843,264,50,214
E00108845,305,60,245
E00108846,368,91,277
E00108847,259,40,219
E00108848,367,102,265
E00108849,370,85,285
E00108850,258,28,230
E00108851,223,22,201
E00108852,297,30,267
E00108853,251,36,215
E00108854,271,60,211
E00108855,347,69,278
E00108856,218,31,187
E00108857,261,53,208
E00108858,275,53,222
E00108859,275,58,217
E00108860,242,53,189
E00108861,326,59,267
E00108862,330,79,251
E00108863,358,50,308
E00108864,280,50,230
E00108865,264,23,241
E00108866,272,35,237
E00108867,237,28,209
E00108868,260,57,203
E00108869,243,48,195
E00108870,229,42,187
E00108871,309,58,251
E00108872,469,95,374
E00108873,119,24,95
E00108874,340,51,289
E00108875,314,55,259
E00108876,442,86,356
E00108877,235,55,180
E00108879,338,71,267
E00108880,237,29,208
E00108881,282,50,232
E00108882,570,136,434
E00108883,289,49,240
E00108884,258,34,224
E00108885,319,56,263
E00108886,354,100,254
E00108887,434,132,302
E00108888,221,23,198
E00108889,275,46,229
E00108890,513,114,399
E00108891,296,63,233
E00108892,345,73,272
E00108893,177,14,163
E00108894,402,86,316
E00108895,227,25,202
E00108896,238,53,185
E00108897,330,66,264
E00108898,209,45,164
E00108899,310,51,259
E00108900,329,62,267
E00108901,440,84,356
E00108902,402,26,376
E00108904,334,76,258
E00108905,307,71,236
E00108906,493,69,424
E00108907,284,66,218
E00108908,222,28,194
E00108909,277,50,227
E00108910,267,42,225
E00108911,274,67,207
E00108912,295,66,229
E00108913,247,31,216
E00108914,343,75,268
E00108916,169,31,138
E00108917,207,18,189
E00108918,445,46,399
E00108920,294,57,237
E00108921,457,64,393
E00108922,353,79,274
E00108923,286,41,245
E00108924,335,44,291
E00108925,189,36,153
E00108926,324,76,248
E00108927,520,71,449
E00108928,291,45,246
E00108929,330,48,282
E00108930,308,51,257
E00108931,262,49,213
E00108932,480,80,400
E00108933,320,55,265
E00108934,289,54,235
E00108935,315,51,264
E00108936,323,74,249
E00108937,320,58,262
E00108938,311,42,269
E00108939,280,48,232
E00108940,311,58,253
E00108941,302,53,249
E00108942,244,52,192
E00108943,135,22,113
E00108944,297,52,245
E00108945,271,43,228
E00108946,286,40,246
E00108947,301,63,238
E00108948,353,57,296
E00108950,289,39,250
E00108951,334,50,284
E00108952,163,23,140
E00108953,135,8,127
E00108954,252,30,222
E00108955,294,66,228
E00108956,287,55,232
E00108957,312,63,249
E00108958,279,40,239
E00108959,360,64,296
E00108960,251,27,224
E00108961,331,48,283
E00108962,324,51,273
E00108963,347,60,287
E00108964,367,87,280
E00108965,347,75,272
E00108966,339,62,277
E00108967,263,44,219
E00108968,347,67,280
E00108969,330,58,272
E00108970,325,64,261
E00108971,332,64,268
E00108972,290,60,230
E00108973,288,50,238
E00108974,281,74,207
E00108975,317,52,265
E00108976,315,68,247
E00108978,289,65,224
E00108979,292,47,245
E00108980,276,36,240
E00108982,393,67,326
E00108983,259,52,207
E00108984,298,62,236
E00108985,284,58,226
E00108986,385,65,320
E00108987,296,50,246
E00108988,228,34,194
E00108989,264,38,226
E00108990,315,61,254
E00108991,311,57,254
E00108992,331,67,264
E00108993,316,47,269
E00108994,252,62,190
E00108995,274,50,224
E00108996,336,115,221
E00108997,295,45,250
E00108998,269,49,220
E00108999,280,55,225
E00109000,255,55,200
E00109001,359,92,267
E00109002,324,73,251
E00109003,227,26,201
E00109004,324,63,261
E00109005,208,15,193
E00109006,253,44,209
E00109007,312,57,255
E00109008,260,45,215
E00109009,329,72,257
E00109010,338,81,257
E00109011,330,65,265
E00109012,329,52,277
E00109013,279,39,240
E00109014,273,21,252
E00109015,323,61,262
E00109016,247,35,212
E00109017,329,62,267
E00109018,284,58,226
E00109019,223,37,186
E00109020,252,32,220
E00109021,308,53,255
E00109022,298,46,252
E00109023,263,40,223
E00109024,267,29,238
E00109025,306,61,245
E00109026,367,50,317
E00109027,382,62,320
E00109028,295,47,248
E00109029,239,36,203
E00109030,109,14,95
E00109031,258,63,195
E00109032,495,99,396
E00109033,251,48,203
E00109034,291,72,219
E00109035,286,47,239
E00109036,307,66,241
E00109037,246,38,208
E00109038,292,53,239
E00109039,335,68,267
E00109040,327,53,274
E00109041,309,49,260
E00109042,378,68,310
E00109043,318,45,273
E00109044,238,25,213
E00109045,349,69,280
E00109046,283,50,233
E00109047,379,84,295
E00109048,298,44,254
E00109049,296,55,241
E00109050,211,32,179
E00109051,296,81,215
E00109052,313,48,265
E00109053,300,68,232
E00109054,365,61,304
E00109055,228,43,185
E00109056,266,48,218
E00109057,328,62,266
E00109058,289,57,232
E00109059,320,66,254
E00109060,342,64,278
E00109061,238,45,193
E00109062,307,79,228
E00109063,176,20,156
E00109064,225,31,194
E00109065,302,67,235
E00109066,319,63,256
E00109067,295,50,245
E00109068,343,74,269
E00109069,341,79,262
E00109070,198,26,172
E00109071,419,90,329
E00109072,265,41,224
E00109073,269,59,210
E00109074,267,51,216
E00109075,251,36,215
E00109076,289,44,245
E00109077,124,23,101
E00109078,287,30,257
E00109079,440,66,374
E00109080,393,73,320
E00109081,302,45,257
E00109082,301,38,263
E00109083,329,67,262
E00109084,312,44,268
E00109085,322,61,261
E00109086,287,41,246
E00109087,313,48,265
E00109088,403,73,330
E00109089,299,59,240
E00109090,278,42,236
E00109091,336,50,286
E00109093,246,37,209
E00109094,211,27,184
E00109095,282,56,226
E00109096,463,84,379
E00109097,382,33,349
E00109098,224,52,172
E00109099,356,50,306
E00109100,272,57,215
E00109101,318,48,270
E00109102,253,43,210
E00109103,285,50,235
E00109104,328,77,251
E00109105,304,66,238
E00109106,303,60,243
E00109107,271,37,234
E00109108,349,58,291
E00109109,320,60,260
E00109110,342,71,271
E00109111,255,31,224
E00109112,338,57,281
E00109113,283,52,231
E00109114,353,79,274
E00109115,330,60,270
E00109116,295,43,252
E00109117,347,69,278
E00109118,269,43,226
E00109119,288,45,243
E00109120,336,61,275
E00109121,275,49,226
E00109122,328,71,257
E00109123,294,55,239
E00109124,242,23,219
E00109125,300,52,248
E00109126,266,56,210
E00109127,312,59,253
E00109128,384,72,312
E00109129,376,59,317
E00109130,478,78,400
E00109131,319,47,272
E00109132,331,56,275
E00109133,232,46,186
E00109134,259,29,230
E00109135,391,60,331
E00109136,276,53,223
E00109137,393,89,304
E00109138,361,73,288
E00109139,321,63,258
E00109140,333,54,279
E00109141,345,54,291
E00109142,352,55,297
E00109143,378,73,305
E00109144,321,58,263
E00109145,328,59,269
E00109146,323,53,270
E00109147,319,49,270
E00109148,321,41,280
E00109149,474,57,417
E00109150,264,39,225
E00109151,372,64,308
E00109152,249,54,195
E00109153,302,38,264
E00109154,167,17,150
E00109155,279,47,232
E00109156,324,71,253
E00109157,238,31,207
E00109158,428,143,285
E00109159,298,38,260
E00109160,249,36,213
E00109161,205,54,151
E00109162,246,36,210
E00109163,350,68,282
E00109164,311,64,247
E00109165,301,50,251
E00109166,246,32,214
E00109167,301,55,246
E00109168,289,35,254
E00109169,186,27,159
E00109170,258,39,219
E00109171,345,48,297
E00109172,245,31,214
E00109173,358,66,292
E00109174,301,37,264
E00109175,283,43,240
E00109176,342,51,291
E00109177,268,42,226
E00109178,274,59,215
E00109179,203,29,174
E00109180,250,38,212
E00109181,310,53,257
E00109182,350,38,312
E00109183,275,46,229
E00109184,206,27,179
E00109185,262,44,218
E00109186,222,37,185
E00109187,275,41,234
E00109188,238,29,209
E00109189,269,44,225
E00109190,290,40,250
E00109191,252,45,207
E00109192,226,26,200
E00109193,247,39,208
E00109195,350,55,295
E00109196,273,1,272
E00109197,302,54,248
E00109198,254,36,218
E00109199,268,43,225
E00109200,235,44,191
E00109201,281,44,237
E00109202,224,28,196
E00109203,242,19,223
E00109204,280,52,228
E00109205,252,34,218
E00109206,270,58,212
E00109207,315,58,257
E00109208,285,33,252
E00109209,321,52,269
E00109210,214,18,196
E00109211,250,35,215
E00109212,313,52,261
E00109213,296,37,259
E00109214,284,34,250
E00109215,273,30,243
E00109216,395,67,328
E00109217,334,61,273
E00109218,277,56,221
E00109219,273,35,238
E00109220,284,36,248
E00109221,299,32,267
E00109222,215,28,187
E00109223,289,27,262
E00109224,305,59,246
E00109225,310,46,264
E00109226,322,38,284
E00109228,290,46,244
E00109229,285,57,228
E00109230,353,50,303
E00109231,292,41,251
E00109232,292,50,242
E00109234,420,100,320
E00109235,305,69,236
E00109236,215,22,193
E00109237,293,48,245
E00109238,285,27,258
E00109239,299,42,257
E00109240,246,45,201
E00109241,297,39,258
E00109242,164,15,149
E00109243,298,57,241
E00109244,250,54,196
E00109245,242,26,216
E00109246,281,64,217
E00109247,161,15,146
E00109248,351,90,261
E00109249,276,41,235
E00109250,361,98,263
E00109251,368,84,284
E00109252,272,58,214
E00109253,310,72,238
E00109254,290,75,215
E00109255,387,100,287
E00109256,319,74,245
E00109257,354,109,245
E00109258,270,56,214
E00109259,198,43,155
E00109260,281,53,228
E00109261,398,106,292
E00109262,257,61,196
E00109263,381,82,299
E00109264,273,51,222
E00109265,291,43,248
E00109266,406,99,307
E00109267,306,71,235
E00109268,258,55,203
E00109269,248,40,208
E00109270,326,48,278
E00109271,301,53,248
E00109272,180,19,161
E00109273,252,30,222
E00109274,336,56,280
E00109275,579,118,461
E00109276,264,27,237
E00109277,305,42,263
E00109279,313,54,259
E00109280,317,60,257
E00109281,327,47,280
E00109282,298,50,248
E00109283,241,23,218
E00109284,221,20,201
E00109285,246,32,214
E00109286,276,35,241
E00109287,278,30,248
E00109288,347,59,288
E00109289,312,61,251
E00109290,310,63,247
E00109291,308,40,268
E00109292,344,73,271
E00109293,209,23,186
E00109294,294,48,246
E00109295,317,58,259
E00109296,299,47,252
E00109297,294,38,256
E00109298,280,33,247
E00109299,336,54,282
E00109300,372,67,305
E00109301,341,66,275
E00109302,283,52,231
E00109303,272,47,225
E00109304,299,62,237
E00109305,300,60,240
E00109306,303,39,264
E00109307,290,41,249
E00109308,298,38,260
E00109309,252,38,214
E00109310,446,84,362
E00109311,241,32,209
E00109312,291,46,245
E00109313,248,26,222
E00109314,278,36,242
E00109315,314,40,274
E00109316,274,37,237
E00109317,280,40,240
E00109318,312,55,257
E00109319,288,53,235
E00109320,278,38,240
E00109321,338,52,286
E00109322,286,40,246
E00109323,238,29,209
E00109324,284,44,240
E00109325,290,43,247
E00109326,286,52,234
E00109327,394,62,332
E00109328,307,49,258
E00109329,235,32,203
E00109330,281,48,233
E00109331,278,51,227
E00109332,258,34,224
E00109333,275,43,232
E00109334,242,25,217
E00109335,287,32,255
E00109336,305,49,256
E00109337,355,48,307
E00109338,263,60,203
E00109339,348,58,290
E00109340,269,47,222
E00109341,254,40,214
E00109342,335,50,285
E00109343,245,36,209
E00109344,288,36,252
E00109345,257,33,224
E00109346,292,44,248
E00109347,296,55,241
E00109348,325,54,271
E00109349,375,63,312
E00109350,375,79,296
E00109351,290,26,264
E00109352,320,60,260
E00109353,335,70,265
E00109354,343,43,300
E00109355,343,49,294
E00109356,330,53,277
E00109357,392,72,320
E00109358,302,47,255
E00109359,223,40,183
E00109360,294,39,255
E00109361,287,50,237
E00109362,306,59,247
E00109363,234,23,211
E00109364,254,35,219
E00109365,321,54,267
E00109366,316,71,245
E00109367,287,42,245
E00109368,255,47,208
E00109369,299,46,253
E00109370,284,38,246
E00109371,317,72,245
E00109372,270,33,237
E00109373,219,34,185
E00109374,276,46,230
E00109375,352,69,283
E00109376,278,38,240
E00109377,258,24,234
E00109378,277,63,214
E00109379,256,22,234
E00109380,297,65,232
E00109381,316,63,253
E00109382,260,46,214
E00109383,403,56,347
E00109384,273,25,248
E00109385,337,48,289
E00109386,339,65,274
E00109387,260,25,235
E00109388,304,57,247
E00109389,184,34,150
E00109390,348,63,285
E00109391,238,51,187
E00109393,178,0,178
E00109395,395,53,342
E00109396,255,46,209
E00109397,304,54,250
E00109398,331,68,263
E00109399,313,45,268
E00109400,371,44,327
E00109401,326,55,271
E00109402,289,53,236
E00109403,298,52,246
E00109404,311,37,274
E00109405,291,60,231
E00109406,402,223,179
E00109407,422,83,339
E00109408,361,69,292
E00109409,330,50,280
E00109410,314,52,262
E00109411,242,35,207
E00109412,386,66,320
E00109413,308,42,266
E00109414,333,49,284
E00109415,367,74,293
E00109417,307,54,253
E00109418,269,52,217
E00109419,361,52,309
E00109421,288,42,246
E00109422,381,59,322
E00109423,247,49,198
E00109425,254,24,230
E00109426,390,68,322
E00109427,305,54,251
E00109428,330,65,265
E00109430,325,62,263
E00109431,245,27,218
E00109434,295,67,228
E00109435,363,73,290
E00109436,250,47,203
E00109437,341,72,269
E00109438,370,64,306
E00109439,322,54,268
E00109440,304,70,234
E00109441,308,56,252
E00109442,374,68,306
E00109444,309,38,271
E00109446,458,124,334
E00109447,180,7,173
E00109448,255,46,209
E00109450,343,48,295
E00109452,241,39,202
E00109453,205,15,190
E00109454,238,53,185
E00109455,287,56,231
E00109456,300,28,272
E00109457,280,38,242
E00109458,248,41,207
E00109459,320,54,266
E00109460,437,120,317
E00109461,243,53,190
E00109462,244,25,219
E00109463,243,47,196
E00109464,255,48,207
E00109465,261,38,223
E00109466,223,40,183
E00109467,254,44,210
E00109468,220,34,186
E00109469,233,31,202
E00109470,181,25,156
E00109471,184,24,160
E00109472,207,42,165
E00109473,579,119,460
E00109474,356,53,303
E00109475,291,42,249
E00109476,364,55,309
E00109477,390,85,305
E00109478,319,41,278
E00109479,360,60,300
E00109480,374,70,304
E00109481,316,44,272
E00109482,330,52,278
E00109483,208,48,160
E00109484,237,36,201
E00109485,214,33,181
E00109486,225,45,180
E00109487,272,63,209
E00109488,250,45,205
E00109489,287,39,248
E00109490,342,56,286
E00109491,233,45,188
E00109492,300,48,252
E00109493,279,46,233
E00109494,368,66,302
E00109495,347,73,274
E00109496,286,59,227
E00109497,323,55,268
E00109498,260,27,233
E00109499,247,37,210
E00109500,302,61,241
E00109501,272,41,231
E00109502,258,33,225
E00109503,155,27,128
E00109504,272,51,221
E00109505,296,61,235
E00109506,214,45,169
E00109508,244,43,201
E00109509,350,69,281
E00109510,268,48,220
E00109511,271,49,222
E00109512,326,62,264
E00109513,296,45,251
E00109514,222,32,190
E00109515,294,64,230
E00109516,311,54,257
E00109517,320,63,257
E00109518,287,53,234
E00109519,248,46,202
E00109520,222,26,196
E00109521,305,58,247
E00109522,320,49,271
E00109523,326,55,271
E00109524,266,40,226
E00109525,256,44,212
E00109526,223,41,182
E00109527,256,48,208
E00109528,224,48,176
E00109529,285,38,247
E00109530,277,53,224
E00109531,385,65,320
E00109532,289,52,237
E00109533,257,44,213
E00109534,256,46,210
E00109535,325,54,271
E00109536,284,50,234
E00109537,298,67,231
E00109538,319,63,256
E00109539,342,68,274
E00109540,365,63,302
E00109541,243,14,229
E00109542,292,50,242
E00109543,245,42,203
E00109544,244,44,200
E00109545,282,34,248
E00109546,458,85,373
E00109547,261,44,217
E00109548,347,87,260
E00109549,332,80,252
E00109550,495,79,416
E00109551,326,95,231
E00109552,262,67,195
E00109553,319,56,263
E00109554,286,54,232
E00109555,302,58,244
E00109556,292,52,240
E00109557,346,63,283
E00109558,470,100,370
E00109559,284,54,230
E00109560,266,49,217
E00109562,304,55,249
E00109563,291,66,225
E00109564,322,77,245
E00109565,244,31,213
E00109566,315,69,246
E00109567,277,64,213
E00109568,318,57,261
E00109569,360,47,313
E00109570,277,36,241
E00109571,238,35,203
E00109572,319,57,262
E00109573,422,80,342
E00109574,311,79,232
E00109575,321,64,257
E00109576,291,53,238
E00109577,290,57,233
E00109578,346,68,278
E00109579,324,56,268
E00109580,296,48,248
E00109581,286,43,243
E00109582,328,64,264
E00109583,297,48,249
E00109584,336,45,291
E00109585,329,54,275
E00109586,309,56,253
E00109587,307,65,242
E00109588,242,33,209
E00109589,288,47,241
E00109590,310,70,240
E00109591,416,134,282
E00109592,197,47,150
E00109593,392,91,301
E00109594,383,67,316
E00109595,495,78,417
E00109596,316,57,259
E00109597,295,51,244
E00109599,311,45,266
E00109600,218,28,190
E00109602,239,38,201
E00109603,340,64,276
E00109604,268,70,198
E00109605,216,48,168
E00109606,322,87,235
E00109607,350,73,277
E00109609,405,84,321
E00109610,291,55,236
E00109611,359,51,308
E00109612,334,77,257
E00109613,216,28,188
E00109614,381,95,286
E00109615,342,95,247
E00109616,313,70,243
E00109617,303,65,238
E00109618,249,58,191
E00109619,191,17,174
E00109620,357,89,268
E00109621,380,96,284
E00109622,235,39,196
E00109623,288,32,256
E00109625,278,54,224
E00109626,338,43,295
E00109627,348,36,312
E00109629,220,24,196
E00109630,344,58,286
E00109631,287,40,247
E00109632,372,22,350
E00109633,225,31,194
E00109634,407,70,337
E00109636,258,40,218
E00109637,314,60,254
E00109638,276,61,215
E00109639,325,40,285
E00109640,321,40,281
E00109641,248,38,210
E00109642,443,86,357
E00109644,305,54,251
E00109645,323,80,243
E00109646,334,67,267
E00109647,263,46,217
E00109648,285,60,225
E00109649,330,73,257
E00109650,271,46,225
E00109651,289,43,246
E00109652,296,54,242
E00109653,297,62,235
E00109654,265,42,223
E00109655,256,36,220
E00109656,320,70,250
E00109657,303,58,245
E00109658,316,64,252
E00109659,310,54,256
E00109660,359,75,284
E00109661,203,28,175
E00109662,291,65,226
E00109663,219,43,176
E00109664,321,55,266
E00109665,296,62,234
E00109666,314,57,257
E00109667,301,45,256
E00109668,266,62,204
E00109669,260,39,221
E00109670,321,69,252
E00109671,290,56,234
E00109672,297,49,248
E00109673,312,71,241
E00109674,351,89,262
E00109675,227,39,188
E00109676,419,109,310
E00109677,335,95,240
E00109678,275,44,231
E00109679,286,48,238
E00109680,293,60,233
E00109681,249,52,197
E00109682,226,20,206
E00109683,199,32,167
E00109684,299,50,249
E00109685,272,54,218
E00109686,331,64,267
E00109687,304,57,247
E00109688,226,35,191
E00109689,281,55,226
E00109690,296,45,251
E00109693,231,37,194
E00109694,272,44,228
E00109696,327,60,267
E00109697,317,43,274
E00109698,287,34,253
E00109699,304,42,262
E00109700,320,42,278
E00109701,288,40,248
E00109702,294,38,256
E00109703,275,32,243
E00109704,221,28,193
E00109705,362,53,309
E00109706,315,42,273
E00109707,222,26,196
E00109708,292,66,226
E00109709,318,88,230
E00109710,366,91,275
E00109711,306,74,232
E00109712,266,53,213
E00109713,278,29,249
E00109714,301,53,248
E00109715,261,57,204
E00109716,304,78,226
E00109717,321,77,244
E00109718,237,50,187
E00109719,302,71,231
E00109720,296,76,220
E00109721,310,91,219
E00109722,228,66,162
E00109723,296,28,268
E00109724,255,40,215
E00109725,338,107,231
E00109726,324,87,237
E00109727,284,66,218
E00109728,320,77,243
E00109729,317,58,259
E00109730,425,73,352
E00109731,424,93,331
E00109732,239,50,189
E00109733,344,57,287
E00109734,292,44,248
E00109735,258,47,211
E00109736,221,34,187
E00109737,320,56,264
E00109738,307,57,250
E00109739,356,87,269
E00109740,345,57,288
E00109741,374,51,323
E00109742,345,50,295
E00109743,402,73,329
E00109744,328,57,271
E00109745,423,91,332
E00109746,298,48,250
E00109747,243,28,215
E00109748,261,44,217
E00109749,339,58,281
E00109750,337,52,285
E00109751,265,24,241
E00109752,349,57,292
E00109753,375,68,307
E00109754,481,81,400
E00109756,328,52,276
E00109757,272,37,235
E00109758,232,40,192
E00109759,290,46,244
E00109760,311,43,268
E00109761,310,65,245
E00109762,253,45,208
E00109763,248,33,215
E00109764,271,53,218
E00109765,346,62,284
E00109766,270,50,220
E00109767,314,65,249
E00109768,223,33,190
E00109769,252,47,205
E00109770,229,26,203
E00109771,103,3,100
E00109772,205,38,167
E00109773,227,40,187
E00109774,326,54,272
E00109775,245,35,210
E00109776,239,39,200
E00109777,273,50,223
E00109778,288,44,244
E00109779,287,68,219
E00109780,291,47,244
E00109781,301,47,254
E00109783,339,80,259
E00109784,296,63,233
E00109785,258,47,211
E00109786,255,48,207
E00109787,363,75,288
E00109788,314,51,263
E00109789,327,80,247
E00109790,273,49,224
E00109791,363,89,274
E00109792,345,74,271
E00109793,322,52,270
E00109794,279,42,237
E00109795,323,53,270
E00109796,301,52,249
E00109797,298,48,250
E00109798,274,37,237
E00109799,230,37,193
E00109800,361,79,282
E00109801,251,48,203
E00109802,278,51,227
E00109803,263,39,224
E00109804,306,36,270
E00109805,487,85,402
E00109806,318,39,279
E00109807,319,65,254
E00109808,268,43,225
E00109809,226,40,186
E00109810,317,51,266
E00109811,260,42,218
E00109812,273,45,228
E00109813,234,47,187
E00109814,249,44,205
E00109815,264,47,217
E00109816,320,66,254
E00109817,264,62,202
E00109818,140,10,130
E00109819,288,45,243
E00109820,298,68,230
E00109821,213,46,167
E00109822,363,87,276
E00109823,237,39,198
E00109824,245,56,189
E00109825,321,73,248
E00109827,97,3,94
E00109828,324,55,269
E00109830,248,37,211
E00109831,311,69,242
E00109832,175,28,147
E00109833,288,55,233
E00109834,305,60,245
E00109835,284,58,226
E00109836,262,47,215
E00109837,289,52,237
E00109838,271,53,218
E00109839,342,67,275
E00109840,294,51,243
E00109841,277,60,217
E00109842,286,60,226
E00109843,297,43,254
E00109844,287,55,232
E00109845,284,52,232
E00109846,303,53,250
E00109847,283,50,233
E00109848,298,65,233
E00109849,265,41,224
E00109850,278,56,222
E00109851,307,61,246
E00109852,535,30,505
E00109853,469,121,348
E00109854,282,60,222
E00109855,325,73,252
E00109856,317,67,250
E00109857,336,81,255
E00109858,300,62,238
E00109859,279,46,233
E00109860,396,74,322
E00109861,323,66,257
E00109862,255,49,206
E00109863,340,80,260
E00109864,299,66,233
E00109865,265,37,228
E00109866,415,103,312
E00109867,182,15,167
E00109868,428,99,329
E00109869,324,53,271
E00109870,278,55,223
E00109871,277,66,211
E00109872,311,71,240
E00109873,306,52,254
E00109874,288,37,251
E00109875,332,65,267
E00109876,350,57,293
E00109877,255,35,220
E00109878,245,30,215
E00109879,301,49,252
E00109880,309,79,230
E00109881,304,44,260
E00109882,356,101,255
E00109883,264,49,215
E00109884,333,74,259
E00109886,263,66,197
E00109887,475,263,212
E00109888,264,36,228
E00109889,519,77,442
E00109890,239,29,210
E00109891,202,25,177
E00109892,209,32,177
E00109893,153,19,134
E00109894,247,38,209
E00109895,213,27,186
E00109896,237,40,197
E00109897,321,53,268
E00109898,385,87,298
E00109899,227,42,185
E00109900,331,72,259
E00109901,283,30,253
E00109902,272,43,229
E00109903,259,45,214
E00109904,266,37,229
E00109905,260,47,213
E00109906,280,45,235
E00109907,276,34,242
E00109908,245,41,204
E00109910,284,60,224
E00109911,296,75,221
E00109914,257,48,209
E00109915,282,61,221
E00109916,302,62,240
E00109917,308,88,220
E00109918,313,50,263
E00109919,321,94,227
E00109920,276,64,212
E00109921,313,74,239
E00109922,248,44,204
E00109923,520,145,375
E00109924,302,44,258
E00109925,285,40,245
E00109926,226,32,194
E00109927,302,62,240
E00109928,233,32,201
E00109929,309,63,246
E00109930,358,67,291
E00109931,341,59,282
E00109932,282,50,232
E00109933,275,53,222
E00109934,281,42,239
E00109935,228,33,195
E00109936,276,36,240
E00109937,274,62,212
E00109938,270,54,216
E00109939,129,26,103
E00109940,273,47,226
E00109941,159,24,135
E00109942,305,56,249
E00109943,290,44,246
E00109944,221,43,178
E00109945,381,61,320
E00109946,307,55,252
E00109949,228,44,184
E00109950,289,69,220
E00109952,220,23,197
E00109954,362,58,304
E00109956,265,33,232
E00109958,267,42,225
E00109959,162,13,149
E00109961,299,62,237
E00109962,275,65,210
E00109963,353,69,284
E00109964,193,25,168
E00109965,324,69,255
E00109967,205,19,186
E00109968,234,43,191
E00109969,188,23,165
E00109972,307,50,257
E00109973,310,57,253
E00109974,240,44,196
E00109975,399,79,320
E00109976,237,31,206
E00109978,321,72,249
E00109979,213,35,178
E00109980,318,77,241
E00109981,255,55,200
E00109982,248,51,197
E00109983,326,75,251
E00109984,245,43,202
E00109985,284,73,211
E00109986,313,74,239
E00109987,312,88,224
E00109988,305,75,230
E00109989,325,85,240
E00109990,249,42,207
E00109991,428,98,330
E00109992,196,41,155
E00109993,366,53,313
E00109994,409,89,320
E00109995,259,40,219
E00109997,292,51,241
E00109998,328,59,269
E00109999,228,41,187
E00110000,286,41,245
E00110001,282,59,223
E00110002,253,42,211
E00110003,233,29,204
E00110004,330,57,273
E00110005,239,48,191
E00110006,433,76,357
E00110007,227,37,190
E00110008,340,59,281
E00110009,275,29,246
E00110010,222,48,174
E00110012,236,55,181
E00110013,296,52,244
E00110014,353,89,264
E00110015,340,60,280
E00110016,339,49,290
E00110017,315,70,245
E00110018,383,55,328
E00110019,258,45,213
E00110020,251,48,203
E00110021,299,49,250
E00110022,417,79,338
E00110023,447,91,356
E00110024,352,55,297
E00110025,560,149,411
E00110026,292,64,228
E00110027,267,36,231
E00110028,200,32,168
E00110029,189,27,162
E00110030,443,83,360
E00110031,248,41,207
E00110032,238,37,201
E00110033,205,35,170
E00110034,286,47,239
E00110035,297,52,245
E00110036,303,47,256
E00110037,284,44,240
E00110038,210,33,177
E00110039,378,62,316
E00110040,109,15,94
E00110042,301,41,260
E00110043,309,51,258
E00110044,298,82,216
E00110045,343,61,282
E00110046,196,37,159
E00110047,328,88,240
E00110048,226,41,185
E00110049,269,43,226
E00110050,196,26,170
E00110051,255,61,194
E00110052,169,31,138
E00110053,219,37,182
E00110054,273,38,235
E00110055,344,75,269
E00110056,286,68,218
E00110057,253,40,213
E00110058,219,37,182
E00110059,319,71,248
E00110060,289,50,239
E00110062,175,36,139
E00110063,241,43,198
E00110064,238,41,197
E00110067,160,36,124
E00110068,141,20,121
E00110069,284,74,210
E00110070,334,105,229
E00110071,369,78,291
E00110072,167,16,151
E00110073,284,56,228
E00110074,241,34,207
E00110075,215,50,165
E00110076,236,60,176
E00110077,117,9,108
E00110078,192,33,159
E00110079,219,30,189
E00110080,165,33,132
E00110081,226,35,191
E00110082,123,14,109
E00110083,253,50,203
E00110084,132,21,111
E00110085,164,28,136
E00110086,367,100,267
E00110088,319,76,243
E00110089,333,52,281
E00110090,303,70,233
E00110091,230,21,209
E00110092,350,61,289
E00110093,287,51,236
E00110094,258,49,209
E00110095,291,51,240
E00110096,332,67,265
E00110097,339,87,252
E00110098,363,98,265
E00110099,320,75,245
E00110100,345,67,278
E00110101,239,37,202
E00110102,320,57,263
E00110103,342,93,249
E00110104,294,54,240
E00110105,306,59,247
E00110106,257,45,212
E00110107,297,40,257
E00110108,134,30,104
E00110109,272,58,214
E00110110,222,33,189
E00110111,259,37,222
E00110112,214,28,186
E00110113,248,36,212
E00110114,304,65,239
E00110115,307,57,250
E00110116,552,121,431
E00110123,470,99,371
E00110124,278,50,228
E00110125,550,122,428
E00110126,378,59,319
E00110127,376,52,324
E00110128,408,66,342
E00110129,276,46,230
E00110130,383,74,309
E00110132,291,63,228
E00110133,265,36,229
E00110134,365,48,317
E00110136,366,78,288
E00110137,574,193,381
E00110139,307,70,237
E00110140,352,55,297
E00110142,253,62,191
E00110144,303,47,256
E00110145,426,67,359
E00110146,356,85,271
E00110147,430,220,210
E00110148,316,78,238
E00110149,299,65,234
E00110150,472,117,355
E00110152,255,44,211
E00110153,292,63,229
E00110154,328,76,252
E00110156,249,49,200
E00110157,228,62,166
E00110158,298,64,234
E00110159,238,46,192
E00110160,228,41,187
E00110161,241,66,175
E00110162,264,44,220
E00110163,117,5,112
E00110165,281,77,204
E00110166,332,58,274
E00110167,348,66,282
E00110168,308,61,247
E00110169,244,48,196
E00110170,303,63,240
E00110171,268,37,231
E00110172,342,64,278
E00110173,289,53,236
E00110174,277,61,216
E00110175,276,42,234
E00110176,296,68,228
E00110177,250,49,201
E00110178,287,54,233
E00110179,305,53,252
E00110180,316,70,246
E00110181,298,51,247
E00110182,297,55,242
E00110183,303,55,248
E00110184,327,71,256
E00110185,284,46,238
E00110186,273,49,224
E00110187,302,55,247
E00110188,237,46,191
E00110189,276,44,232
E00110190,248,41,207
E00110191,317,51,266
E00110192,272,36,236
E00110193,434,56,378
E00110194,282,53,229
E00110195,176,18,158
E00110196,330,59,271
E00110197,234,25,209
E00110198,364,47,317
E00110199,173,29,144
E00110200,332,52,280
E00110201,221,39,182
E00110202,212,49,163
E00110203,315,164,151
E00110204,270,93,177
E00110205,323,117,206
E00110206,311,132,179
E00110207,294,98,196
E00110208,368,148,220
E00110209,346,131,215
E00110210,257,75,182
E00110211,310,81,229
E00110212,150,22,128
E00110213,321,112,209
E00110214,339,127,212
E00110215,321,134,187
E00110216,461,372,89
E00110217,275,112,163
E00110218,148,74,74
E00110219,297,94,203
E00110220,378,188,190
E00110222,239,98,141
E00110223,222,85,137
E00110224,288,67,221
E00110225,271,67,204
E00110226,283,64,219
E00110227,214,35,179
E00110228,315,111,204
E00110229,209,45,164
E00110230,231,71,160
E00110231,194,32,162
E00110232,249,52,197
E00110233,245,42,203
E00110234,436,89,347
E00110235,225,79,146
E00110236,181,31,150
E00110237,236,24,212
E00110238,277,32,245
E00110239,238,33,205
E00110240,346,105,241
E00110241,257,46,211
E00110242,278,40,238
E00110243,285,51,234
E00110244,264,55,209
E00110245,268,63,205
E00110246,294,58,236
E00110247,314,54,260
E00110248,324,44,280
E00110249,361,118,243
E00110250,373,99,274
E00110251,307,85,222
E00110252,336,68,268
E00110253,317,54,263
E00110254,195,18,177
E00110255,251,33,218
E00110256,334,73,261
E00110257,288,75,213
E00110258,275,45,230
E00110259,387,81,306
E00110260,230,30,200
E00110261,265,61,204
E00110262,258,18,240
E00110263,262,33,229
E00110264,314,50,264
E00110265,274,34,240
E00110266,311,33,278
E00110267,275,43,232
E00110268,345,53,292
E00110269,302,62,240
E00110270,268,54,214
E00110272,290,37,253
E00110273,299,52,247
E00110274,304,40,264
E00110275,300,54,246
E00110276,209,19,190
E00110277,283,47,236
E00110278,331,81,250
E00110279,223,25,198
E00110280,317,63,254
E00110282,219,39,180
E00110283,336,91,245
E00110284,331,126,205
E00110285,249,46,203
E00110286,231,45,186
E00110287,258,63,195
E00110288,269,60,209
E00110289,253,46,207
E00110290,488,113,375
E00110291,272,48,224
E00110292,306,66,240
E00110293,253,63,190
E00110294,372,139,233
E00110295,317,60,257
E00110298,350,106,244
E00110299,340,126,214
E00110300,380,80,300
E00110301,505,194,311
E00110302,427,94,333
E00110303,224,31,193
E00110304,258,51,207
E00110305,332,83,249
E00110306,348,93,255
E00110307,298,67,231
E00110309,215,43,172
E00110310,333,68,265
E00110311,250,45,205
E00110312,404,56,348
E00110313,364,73,291
E00110314,187,28,159
E00110317,412,74,338
E00110318,216,32,184
E00110319,226,39,187
E00110320,197,28,169
E00110321,206,43,163
E00110322,163,4,159
E00110323,227,57,170
E00110324,250,41,209
E00110325,264,56,208
E00110326,205,28,177
E00110327,307,58,249
E00110328,436,107,329
E00110332,249,40,209
E00110333,121,16,105
E00110334,236,23,213
E00110335,217,24,193
E00110336,411,71,340
E00110337,276,32,244
E00110338,330,62,268
E00110339,309,43,266
E00110340,333,54,279
E00110341,445,99,346
E00110342,344,27,317
E00110343,304,24,280
E00110344,376,69,307
E00110345,446,85,361
E00110346,264,44,220
E00110347,293,35,258
E00110348,318,42,276
E00110349,480,83,397
E00110350,313,48,265
E00110351,321,74,247
E00110352,254,54,200
E00110353,230,53,177
E00110354,312,49,263
E00110355,256,15,241
E00110356,326,48,278
E00110357,245,28,217
E00110358,242,29,213
E00110359,285,35,250
E00110360,341,67,274
E00110361,327,45,282
E00110362,375,54,321
E00110363,331,48,283
E00110364,301,65,236
E00110365,219,34,185
E00110366,303,54,249
E00110367,301,60,241
E00110368,284,50,234
E00110369,218,54,164
E00110370,304,57,247
E00110371,224,52,172
E00110372,133,29,104
E00110373,299,53,246
E00110374,289,51,238
E00110375,244,32,212
E00110376,353,67,286
E00110377,269,35,234
E00110378,264,30,234
E00110379,268,22,246
E00110380,258,32,226
E00110381,259,29,230
E00110382,254,29,225
E00110383,306,29,277
E00110384,280,43,237
E00110385,288,28,260
E00110386,250,34,216
E00110387,241,24,217
E00110388,278,35,243
E00110389,244,31,213
E00110390,146,18,128
E00110391,275,32,243
E00110392,271,27,244
E00110393,277,43,234
E00110394,124,21,103
E00110395,294,48,246
E00110396,351,40,311
E00110397,266,52,214
E00110398,477,87,390
E00110399,230,21,209
E00110400,276,44,232
E00110401,271,37,234
E00110402,280,47,233
E00110404,499,126,373
E00110405,200,37,163
E00110406,228,59,169
E00110407,237,68,169
E00110409,138,12,126
E00110410,235,27,208
E00110411,282,51,231
E00110412,275,51,224
E00110413,234,33,201
E00110414,301,47,254
E00110415,223,43,180
E00110416,271,38,233
E00110417,247,38,209
E00110418,278,48,230
E00110419,317,48,269
E00110420,223,31,192
E00110421,299,69,230
E00110422,325,78,247
E00110423,337,70,267
E00110425,351,37,314
E00110426,313,68,245
E00110427,265,56,209
E00110428,291,60,231
E00110429,478,81,397
E00110430,403,77,326
E00110431,257,29,228
E00110432,249,34,215
E00110433,374,51,323
E00110434,421,71,350
E00110435,319,56,263
E00110436,270,48,222
E00110437,368,57,311
E00110438,258,49,209
E00110439,294,55,239
E00110440,271,80,191
E00110441,327,65,262
E00110442,360,82,278
E00110443,380,80,300
E00110444,164,7,157
E00110445,287,41,246
E00110446,367,51,316
E00110447,150,10,140
E00110448,341,71,270
E00110449,250,35,215
E00110450,281,47,234
E00110451,295,52,243
E00110452,360,70,290
E00110453,299,80,219
E00110454,241,34,207
E00110455,308,66,242
E00110456,279,53,226
E00110457,328,72,256
E00110458,282,52,230
E00110459,214,22,192
E00110460,227,40,187
E00110461,346,66,280
E00110462,284,64,220
E00110463,278,43,235
E00110464,290,48,242
E00110465,292,55,237
E00110466,267,50,217
E00110467,312,65,247
E00110468,325,46,279
E00110469,343,64,279
E00110470,350,65,285
E00110471,163,16,147
E00110472,252,58,194
E00110473,425,66,359
E00110474,346,63,283
E00110475,359,58,301
E00110476,332,50,282
E00110477,234,46,188
E00110478,274,37,237
E00110479,256,58,198
E00110480,490,114,376
E00110481,350,85,265
E00110482,299,69,230
E00110483,295,50,245
E00110484,366,56,310
E00110485,259,39,220
E00110486,352,70,282
E00110487,327,51,276
E00110488,280,56,224
E00110489,216,40,176
E00110490,392,89,303
E00110491,399,73,326
E00110492,363,81,282
E00110493,274,50,224
E00110494,286,55,231
E00110495,278,48,230
E00110496,222,32,190
E00110497,373,60,313
E00110498,162,22,140
E00110499,252,36,216
E00110500,320,46,274
E00110501,206,45,161
E00110502,294,62,232
E00110503,364,67,297
E00110504,287,47,240
E00110505,254,27,227
E00110506,296,50,246
E00110507,277,48,229
E00110508,389,48,341
E00110509,318,60,258
E00110510,273,51,222
E00110511,238,22,216
E00110512,158,12,146
E00110513,273,37,236
E00110514,168,35,133
E00110515,251,64,187
E00110516,208,19,189
E00110517,171,12,159
E00110518,311,54,257
E00110519,314,70,244
E00110520,257,42,215
E00110521,323,63,260
E00110522,275,67,208
E00110523,201,24,177
E00110524,226,36,190
E00110525,315,69,246
E00110526,248,28,220
E00110527,322,46,276
E00110528,303,36,267
E00110529,306,49,257
E00110530,202,11,191
E00110531,446,78,368
E00110532,312,46,266
E00110533,303,61,242
E00110534,250,43,207
E00110536,250,52,198
E00110537,285,61,224
E00110538,240,24,216
E00110539,292,39,253
E00110540,309,70,239
E00110541,269,46,223
E00110542,236,30,206
E00110543,321,69,252
E00110544,343,53,290
E00110545,207,29,178
E00110546,355,85,270
E00110547,549,110,439
E00110548,375,56,319
E00110549,276,43,233
E00110550,323,54,269
E00110552,444,105,339
E00110553,357,51,306
E00110554,276,46,230
E00110555,418,67,351
E00110556,378,86,292
E00110557,408,86,322
E00110558,330,57,273
E00110559,274,80,194
E00110560,338,65,273
E00110561,246,59,187
E00110562,263,70,193
E00110563,444,107,337
E00110564,316,78,238
E00110565,241,58,183
E00110566,411,106,305
E00110567,287,56,231
E00110568,331,92,239
E00110569,332,63,269
E00110570,359,62,297
E00110571,306,51,255
E00110572,267,46,221
E00110573,123,30,93
E00110574,280,50,230
E00110575,354,44,310
E00110576,283,68,215
E00110577,285,45,240
E00110578,336,57,279
E00110579,486,78,408
E00110580,307,56,251
E00110581,320,49,271
E00110582,317,64,253
E00110583,404,80,324
E00110584,261,44,217
E00110585,246,26,220
E00110586,211,36,175
E00110587,253,38,215
E00110588,216,38,178
E00110589,235,32,203
E00110590,290,56,234
E00110591,390,58,332
E00110592,344,50,294
E00110593,310,65,245
E00110594,267,65,202
E00110595,268,70,198
E00110596,243,52,191
E00110597,293,63,230
E00110598,228,50,178
E00110599,295,64,231
E00110600,282,67,215
E00110601,277,60,217
E00110602,313,62,251
E00110603,306,71,235
E00110604,241,48,193
E00110605,305,38,267
E00110606,287,45,242
E00110607,313,77,236
E00110608,276,57,219
E00110609,199,27,172
E00110610,355,93,262
E00110611,235,38,197
E00110612,387,100,287
E00110613,314,65,249
E00110614,247,39,208
E00110615,435,91,344
E00110616,185,21,164
E00110617,284,56,228
E00110618,240,40,200
E00110619,169,18,151
E00110620,267,58,209
E00110621,316,70,246
E00110622,296,72,224
E00110623,264,47,217
E00110624,378,128,250
E00110625,237,48,189
E00110626,262,48,214
E00110627,239,47,192
E00110628,291,65,226
E00110629,275,66,209
E00110630,357,114,243
E00110631,308,72,236
E00110632,293,61,232
E00110633,296,59,237
E00110634,269,61,208
E00110635,187,35,152
E00110636,281,74,207
E00110637,197,33,164
E00110638,301,58,243
E00110639,277,49,228
E00110640,236,37,199
E00110641,277,52,225
E00110642,357,87,270
E00110643,318,64,254
E00110644,302,68,234
E00110645,328,63,265
E00110646,258,37,221
E00110647,302,42,260
E00110648,280,48,232
E00110649,301,52,249
E00110650,308,55,253
E00110651,298,68,230
E00110652,256,22,234
E00110653,330,62,268
E00110654,184,25,159
E00110655,283,59,224
E00110656,322,61,261
E00110657,274,46,228
E00110658,282,54,228
E00110659,336,73,263
E00110660,356,72,284
E00110661,330,80,250
E00110662,282,45,237
E00110663,307,54,253
E00110664,243,27,216
E00110665,312,42,270
E00110666,242,43,199
E00110667,334,51,283
E00110668,309,63,246
E00110669,288,51,237
E00110670,328,56,272
E00110671,306,51,255
E00110672,272,37,235
E00110673,174,8,166
E00110674,301,47,254
E00110675,379,73,306
E00110676,356,68,288
E00110677,304,53,251
E00110678,357,57,300
E00110679,354,71,283
E00110680,310,37,273
E00110681,255,42,213
E00110682,299,56,243
E00110683,283,49,234
E00110684,378,69,309
E00110686,487,92,395
E00110687,290,48,242
E00110688,254,33,221
E00110689,384,56,328
E00110690,349,79,270
E00110691,451,70,381
E00110692,398,131,267
E00110693,366,53,313
E00110694,364,73,291
E00110695,293,56,237
E00110696,356,56,300
E00110697,310,38,272
E00110698,206,22,184
E00110699,332,63,269
E00110700,360,58,302
E00110701,295,42,253
E00110702,299,37,262
E00110703,282,23,259
E00110704,361,60,301
E00110705,292,51,241
E00110706,359,59,300
E00110707,272,37,235
E00110708,355,54,301
E00110709,314,57,257
E00110710,288,59,229
E00110712,357,81,276
E00110714,196,24,172
E00110715,303,40,263
E00110716,113,22,91
E00110717,158,7,151
E00110718,319,50,269
E00110719,340,45,295
E00110720,432,76,356
E00110721,244,47,197
E00110722,327,59,268
E00110723,223,40,183
E00110724,415,43,372
E00110725,379,66,313
E00110726,341,75,266
E00110727,342,63,279
E00110728,318,46,272
E00110729,343,45,298
E00110730,285,53,232
E00110731,283,40,243
E00110732,243,33,210
E00110733,266,59,207
E00110734,261,41,220
E00110735,412,78,334
E00110736,231,26,205
E00110737,337,44,293
E00110738,465,115,350
E00110739,373,66,307
E00110740,432,84,348
E00110741,323,44,279
E00110742,381,71,310
E00110743,363,54,309
E00110744,156,11,145
E00110745,158,34,124
E00110746,197,34,163
E00110747,330,56,274
E00110748,310,58,252
E00110749,127,8,119
E00110750,211,36,175
E00110751,298,60,238
E00110752,319,45,274
E00110753,236,21,215
E00110754,314,50,264
E00110755,468,111,357
E00110756,323,78,245
E00110758,401,102,299
E00110759,350,76,274
E00110760,301,70,231
E00110761,270,45,225
E00110762,348,59,289
E00110763,339,79,260
E00110764,316,64,252
E00110765,305,49,256
E00110766,346,83,263
E00110767,296,55,241
E00110768,192,14,178
E00110769,313,52,261
E00110770,259,37,222
E00110771,322,30,292
E00110772,338,66,272
E00110773,355,64,291
E00110775,257,46,211
E00110776,260,46,214
E00110777,375,65,310
E00110778,182,13,169
E00110779,239,41,198
E00110782,345,50,295
E00110783,282,60,222
E00110784,260,42,218
E00110785,303,65,238
E00110786,248,33,215
E00110787,272,66,206
E00110788,344,73,271
E00110789,267,49,218
E00110790,201,28,173
E00110791,347,62,285
E00110792,257,36,221
E00110793,203,32,171
E00110794,325,52,273
E00110795,255,51,204
E00110796,294,57,237
E00110797,292,74,218
E00110798,296,50,246
E00110799,290,84,206
E00110800,252,45,207
E00110801,299,68,231
E00110802,322,81,241
E00110804,321,76,245
E00110805,267,60,207
E00110806,237,38,199
E00110807,240,30,210
E00110808,288,45,243
E00110809,367,62,305
E00110810,182,12,170
E00110811,289,42,247
E00110812,174,14,160
E00110813,332,63,269
E00110814,150,27,123
E00110815,338,55,283
E00110816,250,47,203
E00110817,254,46,208
E00110818,254,61,193
E00110819,358,67,291
E00110820,335,84,251
E00110821,223,28,195
E00110822,259,46,213
E00110823,308,62,246
E00110824,301,64,237
E00110825,294,65,229
E00110826,272,30,242
E00110827,274,68,206
E00110828,265,39,226
E00110829,520,135,385
E00110830,312,56,256
E00110831,377,40,337
E00110832,237,35,202
E00110834,307,71,236
E00110835,310,65,245
E00110836,248,45,203
E00110837,407,86,321
E00110838,437,68,369
E00110839,373,47,326
E00110840,323,61,262
E00110841,237,18,219
E00110842,284,32,252
E00110843,338,71,267
E00110844,288,39,249
E00110845,278,49,229
E00110846,296,67,229
E00110847,279,57,222
E00110848,382,112,270
E00110849,334,81,253
E00110850,346,77,269
E00110851,252,61,191
E00110852,307,65,242
E00110853,229,40,189
E00110854,254,58,196
E00110855,303,91,212
E00110856,412,85,327
E00110857,320,56,264
E00110858,280,44,236
E00110859,258,42,216
E00110860,314,72,242
E00110861,157,12,145
E00110862,361,84,277
E00110863,254,59,195
E00110864,303,53,250
E00110865,285,45,240
E00110866,319,58,261
E00110867,309,68,241
E00110868,310,77,233
E00110869,268,47,221
E00110870,275,57,218
E00110871,362,72,290
E00110872,213,39,174
E00110873,285,42,243
E00110874,380,94,286
E00110875,325,77,248
E00110876,275,49,226
E00110877,298,66,232
E00110878,212,35,177
E00110879,237,41,196
E00110880,280,46,234
E00110881,297,62,235
E00110882,292,54,238
E00110883,259,55,204
E00110884,342,64,278
E00110885,290,79,211
E00110886,316,78,238
E00110887,306,55,251
E00110888,226,56,170
E00110889,236,42,194
E00110890,294,61,233
E00110891,267,55,212
E00110892,316,75,241
E00110893,315,79,236
E00110894,289,66,223
E00110895,356,80,276
E00110897,281,44,237
E00110898,310,47,263
E00110899,339,68,271
E00110900,266,40,226
E00110901,289,58,231
E00110902,220,39,181
E00110903,316,60,256
E00110904,298,54,244
E00110905,273,55,218
E00110906,299,54,245
E00110907,295,51,244
E00110908,318,62,256
E00110909,270,24,246
E00110910,235,36,199
E00110911,266,48,218
E00110912,311,41,270
E00110913,276,55,221
E00110914,221,35,186
E00110915,309,67,242
E00110916,229,41,188
E00110917,305,61,244
E00110918,300,41,259
E00110919,291,43,248
E00110920,228,40,188
E00110921,291,59,232
E00110922,287,47,240
E00110923,281,54,227
E00110924,362,77,285
E00110925,285,71,214
E00110926,279,48,231
E00110927,304,69,235
E00110928,281,66,215
E00110929,272,78,194
E00110930,340,92,248
E00110931,313,58,255
E00110932,282,63,219
E00110933,307,66,241
E00110934,340,74,266
E00110935,214,25,189
E00110936,218,42,176
E00110937,311,65,246
E00110938,266,37,229
E00110939,303,73,230
E00110940,234,33,201
E00110941,305,46,259
E00110942,315,66,249
E00110943,308,51,257
E00110945,300,57,243
E00110946,360,92,268
E00110947,278,58,220
E00110948,266,45,221
E00110949,202,41,161
E00110950,265,45,220
E00110951,398,48,350
E00110952,344,80,264
E00110953,283,66,217
E00110954,234,55,179
E00110955,424,71,353
E00110956,401,94,307
E00110957,325,84,241
E00110958,305,74,231
E00110959,284,64,220
E00110960,295,66,229
E00110961,408,113,295
E00110962,338,84,254
E00110963,342,91,251
E00110965,284,51,233
E00110967,242,58,184
E00110968,260,34,226
E00110969,282,39,243
E00110970,223,48,175
E00110971,269,56,213
E00110972,270,49,221
E00110973,298,81,217
E00110974,328,62,266
E00110975,300,72,228
E00110976,202,50,152
E00110977,285,75,210
E00110979,233,50,183
E00110980,282,61,221
E00110981,238,55,183
E00110982,465,123,342
E00110983,323,54,269
E00110984,232,34,198
E00110985,302,78,224
E00110986,305,66,239
E00110987,312,64,248
E00110988,327,85,242
E00110989,336,64,272
E00110990,285,68,217
E00110991,383,98,285
E00110992,310,67,243
E00110993,293,57,236
E00110994,334,80,254
E00110995,253,63,190
E00110996,299,58,241
E00110997,325,70,255
E00110998,252,46,206
E00110999,342,71,271
E00111000,333,63,270
E00111001,308,52,256
E00111002,301,73,228
E00111003,340,68,272
E00111004,350,83,267
E00111005,307,57,250
E00111007,290,64,226
E00111008,248,46,202
E00111009,290,76,214
E00111010,218,45,173
E00111011,297,67,230
E00111012,265,58,207
E00111013,180,20,160
E00111014,322,67,255
E00111015,323,71,252
E00111016,310,83,227
E00111017,349,102,247
E00111018,299,67,232
E00111020,256,46,210
E00111022,291,55,236
E00111023,339,61,278
E00111024,292,43,249
E00111025,288,31,257
E00111026,289,57,232
E00111027,264,55,209
E00111029,385,56,329
E00111030,305,56,249
E00111031,310,57,253
E00111032,305,49,256
E00111033,294,71,223
E00111034,364,61,303
E00111035,213,32,181
E00111036,295,42,253
E00111037,330,46,284
E00111038,328,65,263
E00111039,249,40,209
E00111040,285,53,232
E00111041,306,86,220
E00111042,355,83,272
E00111043,268,67,201
E00111044,468,120,348
E00111045,296,64,232
E00111046,321,68,253
E00111047,323,74,249
E00111048,293,69,224
E00111049,311,68,243
E00111050,229,48,181
E00111051,282,81,201
E00111052,292,55,237
E00111053,324,70,254
E00111054,300,44,256
E00111055,294,65,229
E00111056,334,91,243
E00111057,243,49,194
E00111058,324,77,247
E00111059,305,58,247
E00111060,274,69,205
E00111061,317,82,235
E00111062,338,76,262
E00111063,345,84,261
E00111064,244,40,204
E00111065,358,81,277
E00111066,266,45,221
E00111067,346,61,285
E00111068,226,40,186
E00111069,269,45,224
E00111070,242,37,205
E00111071,250,45,205
E00111072,299,57,242
E00111073,251,37,214
E00111074,266,42,224
E00111075,252,37,215
E00111076,270,51,219
E00111077,361,109,252
E00111078,312,79,233
E00111079,300,62,238
E00111080,183,18,165
E00111081,265,58,207
E00111082,365,89,276
E00111083,383,95,288
E00111084,246,48,198
E00111085,429,127,302
E00111086,276,66,210
E00111087,287,57,230
E00111088,343,103,240
E00111089,261,39,222
E00111090,290,51,239
E00111091,256,56,200
E00111092,190,27,163
E00111093,332,70,262
E00111094,323,70,253
E00111096,201,30,171
E00111097,332,83,249
E00111098,322,57,265
E00111099,267,36,231
E00111100,295,64,231
E00111101,356,95,261
E00111102,300,66,234
E00111103,319,44,275
E00111104,307,67,240
E00111105,364,83,281
E00111106,291,84,207
E00111107,289,64,225
E00111108,251,66,185
E00111109,350,96,254
E00111110,340,97,243
E00111111,479,52,427
E00111112,184,6,178
E00111113,393,23,370
E00111114,125,31,94
E00111115,254,40,214
E00111116,355,63,292
E00111117,445,81,364
E00111118,264,52,212
E00111119,312,48,264
E00111120,331,58,273
E00111121,381,43,338
E00111122,279,32,247
E00111123,364,42,322
E00111124,257,44,213
E00111125,233,22,211
E00111126,384,58,326
E00111127,576,110,466
E00111128,348,57,291
E00111130,269,37,232
E00111131,331,67,264
E00111132,273,32,241
E00111133,272,39,233
E00111134,259,44,215
E00111135,180,40,140
E00111136,366,77,289
E00111137,304,26,278
E00111138,245,30,215
E00111139,272,41,231
E00111140,301,44,257
E00111141,285,44,241
E00111142,304,30,274
E00111143,235,26,209
E00111144,259,44,215
E00111145,312,45,267
E00111146,188,14,174
E00111147,264,59,205
E00111148,275,46,229
E00111149,254,38,216
E00111150,255,30,225
E00111151,247,32,215
E00111152,364,66,298
E00111153,243,59,184
E00111154,339,60,279
E00111155,272,45,227
E00111156,375,80,295
E00111157,321,66,255
E00111158,322,53,269
E00111159,360,44,316
E00111160,321,56,265
E00111161,350,38,312
E00111162,408,75,333
E00111163,345,47,298
E00111164,389,55,334
E00111165,295,36,259
E00111166,219,24,195
E00111167,339,48,291
E00111169,303,49,254
E00111170,311,60,251
E00111171,285,53,232
E00111172,241,34,207
E00111173,249,33,216
E00111174,310,39,271
E00111175,242,29,213
E00111176,383,74,309
E00111177,256,43,213
E00111178,300,54,246
E00111179,531,71,460
E00111180,379,63,316
E00111181,337,62,275
E00111182,462,89,373
E00111183,310,62,248
E00111185,379,82,297
E00111186,322,83,239
E00111187,273,60,213
E00111188,300,59,241
E00111189,345,66,279
E00111190,417,53,364
E00111191,180,29,151
E00111192,217,28,189
E00111193,327,57,270
E00111194,305,64,241
E00111195,218,28,190
E00111196,412,33,379
E00111197,334,41,293
E00111198,272,27,245
E00111199,180,11,169
E00111200,271,55,216
E00111201,239,39,200
E00111202,221,23,198
E00111203,291,42,249
E00111204,233,23,210
E00111205,274,17,257
E00111206,424,60,364
E00111207,285,42,243
E00111208,277,58,219
E00111209,269,41,228
E00111210,365,65,300
E00111211,369,63,306
E00111212,378,70,308
E00111213,279,41,238
E00111214,233,22,211
E00111215,286,43,243
E00111216,439,118,321
E00111217,226,39,187
E00111218,289,67,222
E00111219,305,48,257
E00111220,280,42,238
E00111221,261,47,214
E00111222,291,51,240
E00111223,298,41,257
E00111224,258,34,224
E00111225,309,35,274
E00111226,290,28,262
E00111227,274,34,240
E00111228,292,42,250
E00111229,206,17,189
E00111231,297,50,247
E00111232,229,46,183
E00111233,271,40,231
E00111234,158,8,150
E00111235,348,65,283
E00111236,342,65,277
E00111237,399,80,319
E00111238,128,21,107
E00111239,344,46,298
E00111240,281,60,221
E00111241,384,79,305
E00111242,199,22,177
E00111243,355,41,314
E00111245,327,37,290
E00111246,470,77,393
E00111247,355,62,293
E00111248,376,57,319
E00111249,384,56,328
E00111250,462,73,389
E00111251,374,54,320
E00111252,270,47,223
E00111253,266,35,231
E00111254,200,34,166
E00111255,265,43,222
E00111256,251,32,219
E00111257,201,33,168
E00111258,514,119,395
E00111259,326,41,285
E00111261,258,33,225
E00111262,328,76,252
E00111263,319,43,276
E00111264,282,51,231
E00111265,259,37,222
E00111266,462,82,380
E00111267,299,27,272
E00111268,331,56,275
E00111269,250,40,210
E00111270,266,43,223
E00111271,193,30,163
E00111272,277,55,222
E00111273,286,35,251
E00111274,293,32,261
E00111275,111,11,100
E00111276,249,40,209
E00111277,296,51,245
E00111278,155,14,141
E00111279,361,62,299
E00111280,362,73,289
E00111281,413,61,352
E00111282,393,81,312
E00111283,219,34,185
E00111284,281,50,231
E00111285,338,57,281
E00111286,366,71,295
E00111287,358,43,315
E00111288,160,29,131
E00111289,528,77,451
E00111290,395,71,324
E00111291,475,77,398
E00111292,225,46,179
E00111293,327,37,290
E00111294,281,31,250
E00111295,421,49,372
E00111296,434,75,359
E00111297,278,37,241
E00111298,198,42,156
E00111299,173,31,142
E00111300,156,33,123
E00111301,306,51,255
E00111302,156,23,133
E00111303,272,46,226
E00111304,347,56,291
E00111305,307,38,269
E00111306,182,36,146
E00111307,279,48,231
E00111308,321,62,259
E00111309,310,50,260
E00111310,287,47,240
E00111311,279,42,237
E00111312,145,15,130
E00111313,219,28,191
E00111314,256,43,213
E00111315,341,44,297
E00111316,239,22,217
E00111317,368,69,299
E00111318,365,54,311
E00111319,364,59,305
E00111320,408,93,315
E00111321,427,67,360
E00111322,349,86,263
E00111323,230,43,187
E00111324,160,35,125
E00111327,231,49,182
E00111328,325,44,281
E00111329,365,67,298
E00111330,308,52,256
E00111331,296,30,266
E00111332,128,17,111
E00111333,470,86,384
E00111334,430,73,357
E00111335,286,43,243
E00111336,465,94,371
E00111338,306,49,257
E00111339,259,37,222
E00111340,314,58,256
E00111341,363,62,301
E00111342,354,57,297
E00111343,330,56,274
E00111344,295,46,249
E00111345,154,24,130
E00111346,351,63,288
E00111347,310,59,251
E00111348,300,68,232
E00111349,327,54,273
E00111350,293,49,244
E00111351,232,28,204
E00111352,234,23,211
E00111353,347,54,293
E00111354,370,52,318
E00111355,334,65,269
E00111356,207,16,191
E00111357,284,42,242
E00111358,392,79,313
E00111360,268,46,222
E00111361,338,74,264
E00111362,352,76,276
E00111363,357,81,276
E00111364,274,48,226
E00111365,307,50,257
E00111366,310,69,241
E00111367,264,53,211
E00111368,293,67,226
E00111369,345,62,283
E00111370,364,62,302
E00111371,245,33,212
E00111372,302,35,267
E00111373,271,47,224
E00111374,222,38,184
E00111375,354,66,288
E00111376,467,100,367
E00111377,302,50,252
E00111378,329,67,262
E00111379,338,49,289
E00111380,218,27,191
E00111381,281,33,248
E00111382,312,40,272
E00111383,310,57,253
E00111384,341,60,281
E00111385,361,71,290
E00111386,263,42,221
E00111387,255,33,222
E00111388,281,38,243
E00111389,288,49,239
E00111390,156,12,144
E00111391,304,40,264
E00111392,271,34,237
E00111393,301,52,249
E00111394,350,66,284
E00111395,264,51,213
E00111396,289,49,240
E00111397,247,36,211
E00111398,266,45,221
E00111399,236,34,202
E00111400,367,70,297
E00111401,197,33,164
E00111402,398,81,317
E00111403,290,48,242
E00111404,313,37,276
E00111405,297,52,245
E00111406,278,51,227
E00111407,335,55,280
E00111408,300,41,259
E00111410,314,34,280
E00111412,336,39,297
E00111413,341,45,296
E00111414,350,59,291
E00111415,251,45,206
E00111416,245,35,210
E00111417,315,47,268
E00111418,290,41,249
E00111419,389,65,324
E00111420,273,44,229
E00111421,282,36,246
E00111422,283,41,242
E00111423,291,43,248
E00111424,242,40,202
E00111425,194,12,182
E00111426,290,61,229
E00111427,180,19,161
E00111428,299,48,251
E00111429,272,35,237
E00111430,282,53,229
E00111431,245,38,207
E00111432,300,55,245
E00111433,300,35,265
E00111434,320,58,262
E00111435,334,57,277
E00111436,261,30,231
E00111437,254,41,213
E00111438,319,53,266
E00111439,268,42,226
E00111440,498,101,397
E00111441,272,49,223
E00111442,300,39,261
E00111443,310,59,251
E00111444,317,60,257
E00111445,439,84,355
E00111446,337,55,282
E00111447,444,90,354
E00111448,344,58,286
E00111449,360,48,312
E00111450,314,26,288
E00111451,289,41,248
E00111452,340,53,287
E00111453,330,64,266
E00111454,322,25,297
E00111455,199,1,198
E00111456,217,4,213
E00111457,295,62,233
E00111458,122,11,111
E00111459,329,58,271
E00111460,256,32,224
E00111461,250,26,224
E00111462,202,1,201
E00111463,248,38,210
E00111464,350,55,295
E00111465,316,51,265
E00111466,323,53,270
E00111467,289,46,243
E00111468,333,51,282
E00111469,308,63,245
E00111470,371,64,307
E00111471,399,64,335
E00111472,325,71,254
E00111473,319,43,276
E00111474,285,45,240
E00111475,319,58,261
E00111476,325,56,269
E00111477,251,40,211
E00111478,379,57,322
E00111479,318,55,263
E00111480,288,46,242
E00111481,314,48,266
E00111482,279,56,223
E00111483,286,66,220
E00111484,301,46,255
E00111485,236,40,196
E00111486,317,51,266
E00111487,250,38,212
E00111488,263,41,222
E00111489,226,27,199
E00111490,331,81,250
E00111491,305,56,249
E00111492,320,61,259
E00111493,249,50,199
E00111494,309,64,245
E00111495,325,61,264
E00111496,266,48,218
E00111497,328,46,282
E00111499,262,50,212
E00111500,281,65,216
E00111501,229,57,172
E00111503,270,37,233
E00111505,283,55,228
E00111506,254,66,188
E00111507,294,41,253
E00111508,283,42,241
E00111509,282,33,249
E00111510,157,29,128
E00111511,285,36,249
E00111512,281,55,226
E00111513,278,41,237
E00111514,289,85,204
E00111515,338,72,266
E00111516,246,37,209
E00111517,335,60,275
E00111518,317,55,262
E00111519,266,30,236
E00111520,244,25,219
E00111521,336,42,294
E00111522,257,41,216
E00111523,526,141,385
E00111524,291,59,232
E00111525,299,47,252
E00111526,301,49,252
E00111527,290,60,230
E00111528,317,66,251
E00111529,290,53,237
E00111530,289,40,249
E00111531,233,30,203
E00111532,255,44,211
E00111533,385,76,309
E00111534,256,55,201
E00111535,304,48,256
E00111536,316,63,253
E00111537,408,82,326
E00111538,332,50,282
E00111539,290,34,256
E00111540,323,62,261
E00111541,341,61,280
E00111542,343,44,299
E00111543,303,53,250
E00111544,271,43,228
E00111545,241,35,206
E00111546,331,50,281
E00111547,294,48,246
E00111548,351,48,303
E00111549,262,68,194
E00111550,307,58,249
E00111551,311,44,267
E00111552,303,60,243
E00111553,329,62,267
E00111554,333,57,276
E00111555,346,72,274
E00111556,254,48,206
E00111557,287,47,240
E00111558,373,74,299
E00111559,268,54,214
E00111560,313,55,258
E00111561,263,38,225
E00111562,342,50,292
E00111563,211,19,192
E00111564,308,42,266
E00111565,189,29,160
E00111566,344,63,281
E00111567,310,55,255
E00111568,330,59,271
E00111569,297,32,265
E00111570,398,79,319
E00111571,278,38,240
E00111572,344,61,283
E00111573,341,40,301
E00111575,272,40,232
E00111576,330,49,281
E00111577,240,42,198
E00111578,292,49,243
E00111579,302,46,256
E00111580,237,50,187
E00111581,257,56,201
E00111582,291,76,215
E00111583,270,69,201
E00111584,260,53,207
E00111585,278,60,218
E00111586,287,46,241
E00111587,267,59,208
E00111588,164,18,146
E00111589,221,42,179
E00111590,284,70,214
E00111591,257,64,193
E00111592,354,82,272
E00111593,274,47,227
E00111594,390,81,309
E00111595,324,79,245
E00111596,216,43,173
E00111597,283,51,232
E00111598,342,50,292
E00111599,353,51,302
E00111600,428,74,354
E00111601,336,55,281
E00111602,301,62,239
E00111604,248,40,208
E00111605,320,53,267
E00111606,347,69,278
E00111607,305,46,259
E00111608,385,71,314
E00111609,257,37,220
E00111610,273,37,236
E00111611,279,49,230
E00111612,324,59,265
E00111613,232,20,212
E00111614,241,14,227
E00111615,275,47,228
E00111616,299,45,254
E00111617,301,59,242
E00111618,289,36,253
E00111619,274,14,260
E00111622,251,23,228
E00111624,315,62,253
E00111625,333,76,257
E00111626,293,41,252
E00111627,313,36,277
E00111628,468,87,381
E00111629,414,69,345
E00111630,327,52,275
E00111631,244,50,194
E00111632,241,33,208
E00111633,279,39,240
E00111634,362,53,309
E00111635,281,45,236
E00111636,346,61,285
E00111637,213,22,191
E00111638,333,67,266
E00111639,530,101,429
E00111640,268,37,231
E00111641,272,37,235
E00111642,266,41,225
E00111643,315,49,266
E00111644,328,53,275
E00111645,266,49,217
E00111646,242,18,224
E00111647,234,27,207
E00111648,282,40,242
E00111649,298,51,247
E00111650,243,20,223
E00111651,243,28,215
E00111652,293,56,237
E00111653,282,50,232
E00111654,278,49,229
E00111655,239,35,204
E00111656,427,93,334
E00111657,223,46,177
E00111658,272,56,216
E00111660,253,26,227
E00111661,298,43,255
E00111662,280,47,233
E00111663,238,15,223
E00111664,244,17,227
E00111665,269,31,238
E00111666,265,29,236
E00111667,320,24,296
E00111668,254,28,226
E00111669,225,14,211
E00111670,301,27,274
E00111671,220,21,199
E00111672,284,46,238
E00111673,264,35,229
E00111674,259,47,212
E00111675,266,27,239
E00111676,225,11,214
E00111677,198,9,189
E00111678,198,6,192
E00111679,186,23,163
E00111680,318,47,271
E00111681,237,25,212
E00111682,328,46,282
E00111683,241,30,211
E00111684,291,34,257
E00111685,271,33,238
E00111686,181,14,167
E00111687,269,12,257
E00111688,228,21,207
E00111689,195,21,174
E00111690,228,30,198
E00111691,297,24,273
E00111692,352,43,309
E00111693,255,24,231
E00111694,250,23,227
E00111695,264,35,229
E00111696,265,31,234
E00111697,237,18,219
E00111698,228,19,209
E00111699,233,24,209
E00111700,232,15,217
E00111701,244,30,214
E00111702,228,25,203
E00111703,238,17,221
E00111704,235,24,211
E00111705,251,26,225
E00111706,196,31,165
E00111707,361,63,298
E00111708,314,54,260
E00111709,331,41,290
E00111710,234,43,191
E00111711,273,43,230
E00111712,295,54,241
E00111713,340,65,275
E00111714,286,35,251
E00111715,399,78,321
E00111716,371,65,306
E00111717,446,68,378
E00111718,264,43,221
E00111719,303,53,250
E00111720,332,56,276
E00111721,276,39,237
E00111722,296,26,270
E00111723,272,42,230
E00111724,218,10,208
E00111725,209,13,196
E00111726,265,40,225
E00111727,247,23,224
E00111728,237,36,201
E00111729,235,42,193
E00111730,252,45,207
E00111731,173,20,153
E00111732,273,26,247
E00111733,195,12,183
E00111734,308,31,277
E00111735,253,33,220
E00111736,288,65,223
E00111737,322,53,269
E00111738,253,29,224
E00111739,267,53,214
E00111740,251,41,210
E00111741,183,24,159
E00111742,218,27,191
E00111743,225,31,194
E00111744,344,65,279
E00111745,284,59,225
E00111746,318,42,276
E00111747,315,62,253
E00111748,282,41,241
E00111749,257,50,207
E00111750,453,102,351
E00111751,292,59,233
E00111752,270,40,230
E00111753,253,35,218
E00111754,339,74,265
E00111755,462,116,346
E00111756,283,46,237
E00111757,237,34,203
E00111758,255,14,241
E00111759,299,52,247
E00111760,193,35,158
E00111761,249,50,199
E00111762,239,38,201
E00111763,356,10,346
E00111764,248,23,225
E00111765,281,37,244
E00111766,351,72,279
E00111767,226,32,194
E00111769,138,7,131
E00111770,334,53,281
E00111771,219,37,182
E00111772,433,84,349
E00111773,270,70,200
E00111774,213,39,174
E00111775,255,24,231
E00111776,243,37,206
E00111777,219,28,191
E00111778,276,38,238
E00111779,217,29,188
E00111780,219,44,175
E00111781,272,55,217
E00111782,307,47,260
E00111783,286,57,229
E00111784,309,47,262
E00111785,266,33,233
E00111786,280,39,241
E00111787,257,38,219
E00111788,309,66,243
E00111789,502,118,384
E00111790,293,82,211
E00111791,329,76,253
E00111792,335,30,305
E00111793,323,77,246
E00111794,302,54,248
E00111795,332,72,260
E00111796,250,63,187
E00111797,270,37,233
E00111798,257,24,233
E00111799,241,20,221
E00111800,237,14,223
E00111801,243,17,226
E00111802,273,17,256
E00111803,234,21,213
E00111804,308,44,264
E00111805,275,61,214
E00111806,293,38,255
E00111807,300,21,279
E00111808,240,18,222
E00111809,250,32,218
E00111810,308,44,264
E00111811,296,31,265
E00111812,277,34,243
E00111813,302,44,258
E00111814,485,87,398
E00111815,271,21,250
E00111816,451,81,370
E00111817,269,27,242
E00111818,285,27,258
E00111819,291,61,230
E00111820,395,56,339
E00111821,238,14,224
E00111822,207,7,200
E00111823,254,37,217
E00111824,229,17,212
E00111825,226,26,200
E00111826,289,40,249
E00111827,248,14,234
E00111828,237,32,205
E00111829,379,69,310
E00111830,302,59,243
E00111831,260,42,218
E00111832,288,47,241
E00111833,239,33,206
E00111834,272,59,213
E00111835,245,47,198
E00111837,223,44,179
E00111838,327,70,257
E00111839,281,38,243
E00111840,215,39,176
E00111841,252,32,220
E00111842,274,39,235
E00111843,233,30,203
E00111844,321,38,283
E00111845,273,54,219
E00111846,266,41,225
E00111847,335,48,287
E00111848,285,1,284
E00111849,271,44,227
E00111850,350,42,308
E00111851,325,59,266
E00111852,271,22,249
E00111853,265,42,223
E00111854,481,63,418
E00111855,439,64,375
E00111856,386,63,323
E00111857,184,35,149
E00111858,267,38,229
E00111859,396,44,352
E00111860,281,45,236
E00111861,182,13,169
E00111862,220,32,188
E00111863,213,26,187
E00111864,230,48,182
E00111865,266,45,221
E00111866,232,48,184
E00111867,323,28,295
E00111868,299,43,256
E00111869,223,27,196
E00111870,308,23,285
E00111871,378,59,319
E00111873,253,36,217
E00111874,395,62,333
E00111875,337,75,262
E00111876,335,68,267
E00111877,284,43,241
E00111878,317,60,257
E00111879,292,54,238
E00111880,253,48,205
E00111881,191,29,162
E00111882,316,58,258
E00111883,308,54,254
E00111884,117,1,116
E00111885,255,48,207
E00111886,268,71,197
E00111887,269,59,210
E00111888,279,31,248
E00111889,257,50,207
E00111890,259,73,186
E00111891,237,37,200
E00111892,276,33,243
E00111893,255,29,226
E00111894,248,49,199
E00111895,369,64,305
E00111896,377,51,326
E00111897,200,8,192
E00111898,343,64,279
E00111899,291,0,291
E00111900,319,66,253
E00111901,290,42,248
E00111902,289,63,226
E00111903,346,78,268
E00111904,249,31,218
E00111905,347,76,271
E00111906,261,52,209
E00111907,210,27,183
E00111908,366,53,313
E00111909,288,43,245
E00111910,229,38,191
E00111911,294,37,257
E00111912,295,55,240
E00111913,293,72,221
E00111914,283,47,236
E00111915,259,63,196
E00111916,278,52,226
E00111917,222,10,212
E00111918,257,44,213
E00111919,359,76,283
E00111920,269,50,219
E00111921,296,60,236
E00111922,320,84,236
E00111923,238,39,199
E00111924,254,45,209
E00111925,227,38,189
E00111926,261,54,207
E00111927,244,52,192
E00111928,288,87,201
E00111929,232,68,164
E00111930,295,27,268
E00111931,270,56,214
E00111932,244,68,176
E00111933,203,21,182
E00111934,255,21,234
E00111935,255,17,238
E00111936,221,25,196
E00111937,230,20,210
E00111938,226,17,209
E00111939,234,25,209
E00111940,261,16,245
E00111941,223,23,200
E00111942,286,21,265
E00111943,223,25,198
E00111944,262,30,232
E00111945,241,16,225
E00111946,245,25,220
E00111947,239,26,213
E00111948,245,24,221
E00111949,234,16,218
E00111950,256,27,229
E00111951,233,25,208
E00111952,279,46,233
E00111953,210,14,196
E00111954,269,60,209
E00111955,165,18,147
E00111956,286,52,234
E00111957,306,75,231
E00111958,296,16,280
E00111959,262,21,241
E00111960,223,24,199
E00111961,299,43,256
E00111962,233,18,215
E00111963,286,52,234
E00111964,254,14,240
E00111965,283,20,263
E00111966,204,9,195
E00111967,289,33,256
E00111968,388,62,326
E00111969,280,47,233
E00111970,249,23,226
E00111971,275,57,218
E00111972,295,51,244
E00111973,245,31,214
E00111974,248,46,202
E00111975,270,24,246
E00111976,186,13,173
E00111977,207,20,187
E00111978,228,57,171
E00111979,307,29,278
E00111980,216,7,209
E00111981,221,20,201
E00111982,242,41,201
E00111983,198,25,173
E00111984,269,36,233
E00111985,280,59,221
E00111986,255,41,214
E00111987,162,26,136
E00111988,327,97,230
E00111989,259,45,214
E00111990,324,68,256
E00111991,258,37,221
E00111992,224,26,198
E00111993,306,25,281
E00111994,257,40,217
E00111995,242,28,214
E00111996,305,71,234
E00111997,325,41,284
E00111998,240,38,202
E00111999,332,78,254
E00112000,265,56,209
E00112001,201,47,154
E00112002,269,68,201
E00112003,305,39,266
E00112005,372,41,331
E00112006,355,52,303
E00112007,164,12,152
E00112008,279,29,250
E00112009,272,44,228
E00112010,252,27,225
E00112011,240,26,214
E00112012,237,37,200
E00112013,342,65,277
E00112014,348,43,305
E00112015,360,67,293
E00112016,308,34,274
E00112017,330,48,282
E00112018,276,55,221
E00112019,255,21,234
E00112020,341,32,309
E00112021,291,24,267
E00112022,313,14,299
E00112023,294,51,243
E00112024,341,31,310
E00112025,281,48,233
E00112026,277,27,250
E00112027,259,49,210
E00112028,329,66,263
E00112029,225,35,190
E00112030,251,24,227
E00112031,380,32,348
E00112032,281,44,237
E00112033,230,15,215
E00112034,245,44,201
E00112035,206,30,176
E00112036,302,44,258
E00112037,430,87,343
E00112038,251,46,205
E00112039,254,42,212
E00112040,213,26,187
E00112041,246,28,218
E00112042,338,79,259
E00112043,361,53,308
E00112044,420,69,351
E00112045,289,47,242
E00112046,485,87,398
E00112047,485,62,423
E00112048,406,59,347
E00112049,430,79,351
E00112050,376,40,336
E00112051,236,11,225
E00112052,228,35,193
E00112053,232,16,216
E00112054,256,35,221
E00112055,228,22,206
E00112056,221,44,177
E00112057,255,42,213
E00112058,497,59,438
E00112059,285,26,259
E00112060,208,44,164
E00112061,267,26,241
E00112062,264,45,219
E00112063,343,59,284
E00112064,265,56,209
E00112065,310,55,255
E00112066,237,47,190
E00112067,321,63,258
E00112068,306,52,254
E00112069,521,102,419
E00112070,250,37,213
E00112071,348,62,286
E00112072,277,45,232
E00112073,369,63,306
E00112074,333,59,274
E00112076,299,42,257
E00112078,353,59,294
E00112079,397,79,318
E00112080,258,37,221
E00112081,278,51,227
E00112082,330,67,263
E00112083,338,57,281
E00112084,310,72,238
E00112085,366,68,298
E00112086,328,72,256
E00112087,358,79,279
E00112088,224,53,171
E00112089,262,45,217
E00112090,283,58,225
E00112091,375,61,314
E00112092,377,63,314
E00112093,226,35,191
E00112094,151,14,137
E00112095,448,94,354
E00112097,396,65,331
E00112098,308,49,259
E00112099,493,85,408
E00112100,491,93,398
E00112101,417,89,328
E00112102,446,92,354
E00112103,253,39,214
E00112104,297,50,247
E00112105,311,50,261
E00112106,425,91,334
E00112108,339,87,252
E00112109,336,42,294
E00112110,384,55,329
E00112111,341,41,300
E00112112,367,55,312
E00112113,219,40,179
E00112115,335,48,287
E00112117,373,73,300
E00112119,287,38,249
E00112120,496,133,363
E00112121,345,46,299
E00112122,500,95,405
E00112123,480,91,389
E00112124,310,39,271
E00112125,376,43,333
E00112126,356,33,323
E00112127,349,56,293
E00112128,297,42,255
E00112129,436,64,372
E00112130,220,43,177
E00112131,262,33,229
E00112132,169,6,163
E00112133,217,27,190
E00112134,187,11,176
E00112135,224,40,184
E00112137,298,53,245
E00112138,267,33,234
E00112139,189,22,167
E00112140,240,44,196
E00112141,412,100,312
E00112142,412,82,330
E00112143,270,41,229
E00112144,211,41,170
E00112145,366,68,298
E00112146,361,67,294
E00112147,251,45,206
E00112148,243,34,209
E00112149,338,69,269
E00112150,437,84,353
E00112151,273,38,235
E00112152,364,59,305
E00112153,307,48,259
E00112154,261,39,222
E00112155,279,45,234
E00112156,472,104,368
E00112158,292,48,244
E00112159,373,71,302
E00112160,478,95,383
E00112161,341,77,264
E00112162,279,62,217
E00112163,336,81,255
E00112164,247,34,213
E00112165,196,18,178
E00112166,262,40,222
E00112167,401,99,302
E00112168,337,74,263
E00112169,333,69,264
E00112170,417,85,332
E00112171,194,50,144
E00112172,252,46,206
E00112173,264,25,239
E00112174,220,25,195
E00112175,268,23,245
E00112176,238,45,193
E00112177,164,11,153
E00112178,350,83,267
E00112179,284,40,244
E00112181,375,63,312
E00112182,303,67,236
E00112183,275,47,228
E00112184,268,41,227
E00112185,235,31,204
E00112186,294,54,240
E00112187,276,37,239
E00112188,378,66,312
E00112189,289,58,231
E00112190,293,54,239
E00112192,245,42,203
E00112193,264,60,204
E00112194,439,84,355
E00112195,371,92,279
E00112196,267,37,230
E00112197,316,50,266
E00112198,292,69,223
E00112199,422,83,339
E00112200,277,59,218
E00112202,250,51,199
E00112203,289,59,230
E00112204,332,74,258
E00112205,230,36,194
E00112206,302,41,261
E00112207,317,42,275
E00112209,475,109,366
E00112210,321,44,277
E00112211,402,71,331
E00112212,513,106,407
E00112213,265,49,216
E00112214,364,48,316
E00112215,334,74,260
E00112216,325,61,264
E00112217,287,43,244
E00112218,331,44,287
E00112219,443,89,354
E00112220,207,34,173
E00112221,274,53,221
E00112222,555,114,441
E00112223,225,38,187
E00112224,402,71,331
E00112225,299,37,262
E00112226,442,97,345
E00112227,272,54,218
E00112228,407,80,327
E00112229,367,87,280
E00112230,252,46,206
E00112231,389,66,323
E00112232,307,50,257
E00112233,304,59,245
E00112234,393,71,322
E00112235,458,84,374
E00112236,403,80,323
E00112237,330,73,257
E00112238,357,75,282
E00112239,452,76,376
E00112241,287,63,224
E00112243,166,34,132
E00112244,316,82,234
E00112245,244,60,184
E00112246,529,121,408
E00112247,191,36,155
E00112248,332,62,270
E00112250,133,3,130
E00112251,397,95,302
E00112252,248,29,219
E00112253,429,85,344
E00112254,293,34,259
E00112255,567,128,439
E00112256,361,61,300
E00112257,278,45,233
E00112258,244,28,216
E00112259,291,56,235
E00112260,324,61,263
E00112261,483,66,417
E00112262,324,56,268
E00112263,280,74,206
E00112264,248,36,212
E00112265,430,98,332
E00112266,390,80,310
E00112267,204,40,164
E00112268,264,39,225
E00112269,274,47,227
E00112270,254,48,206
E00112271,463,85,378
E00112272,413,64,349
E00112273,249,37,212
E00112274,541,106,435
E00112275,362,62,300
E00112276,311,67,244
E00112277,209,27,182
E00112278,312,42,270
E00112279,311,66,245
E00112280,253,50,203
E00112281,423,87,336
E00112282,250,46,204
E00112283,328,58,270
E00112284,300,43,257
E00112285,220,40,180
E00112286,329,61,268
E00112287,275,48,227
E00112288,311,44,267
E00112289,356,52,304
E00112290,454,78,376
E00112291,311,40,271
E00112293,430,88,342
E00112294,449,85,364
E00112295,252,45,207
E00112296,215,17,198
E00112297,318,60,258
E00112298,403,63,340
E00112299,247,43,204
E00112300,208,23,185
E00112301,265,65,200
E00112302,205,28,177
E00112303,238,20,218
E00112304,226,17,209
E00112305,193,12,181
E00112306,217,38,179
E00112307,232,26,206
E00112308,219,25,194
E00112309,137,16,121
E00112311,203,25,178
E00112312,206,31,175
E00112313,115,7,108
E00112314,279,56,223
E00112315,264,49,215
E00112316,234,33,201
E00112317,253,57,196
E00112319,285,54,231
E00112320,286,47,239
E00112321,253,36,217
E00112322,255,44,211
E00112323,327,82,245
E00112324,296,76,220
E00112325,304,77,227
E00112326,314,66,248
E00112327,268,43,225
E00112328,225,41,184
E00112329,272,63,209
E00112330,288,68,220
E00112331,303,77,226
E00112332,272,46,226
E00112333,275,46,229
E00112334,275,48,227
E00112335,200,20,180
E00112336,237,43,194
E00112337,454,65,389
E00112338,306,47,259
E00112339,269,36,233
E00112340,245,36,209
E00112341,266,45,221
E00112342,261,40,221
E00112343,276,54,222
E00112344,255,53,202
E00112345,270,42,228
E00112346,290,56,234
E00112347,292,62,230
E00112348,278,50,228
E00112349,310,67,243
E00112350,280,69,211
E00112351,295,80,215
E00112352,341,100,241
E00112353,248,59,189
E00112354,334,61,273
E00112355,303,83,220
E00112356,314,80,234
E00112357,348,107,241
E00112358,319,100,219
E00112359,278,82,196
E00112360,292,81,211
E00112361,186,27,159
E00112362,267,61,206
E00112363,244,43,201
E00112364,359,90,269
E00112365,276,70,206
E00112366,371,92,279
E00112367,261,53,208
E00112368,330,78,252
E00112369,283,59,224
E00112370,322,88,234
E00112371,311,76,235
E00112372,235,27,208
E00112373,292,47,245
E00112374,248,25,223
E00112375,150,3,147
E00112376,256,40,216
E00112377,221,23,198
E00112378,274,43,231
E00112379,355,85,270
E00112380,266,35,231
E00112381,234,47,187
E00112382,265,63,202
E00112383,340,69,271
E00112384,360,85,275
E00112386,268,71,197
E00112387,267,40,227
E00112388,215,26,189
E00112389,209,36,173
E00112390,241,49,192
E00112391,212,28,184
E00112392,325,70,255
E00112393,266,43,223
E00112394,243,50,193
E00112395,299,65,234
E00112396,282,19,263
E00112397,392,28,364
E00112398,255,37,218
E00112399,269,14,255
E00112400,205,17,188
E00112401,272,16,256
E00112402,246,14,232
E00112403,238,9,229
E00112404,216,13,203
E00112405,336,101,235
E00112406,241,49,192
E00112407,264,34,230
E00112408,304,61,243
E00112409,271,46,225
E00112410,353,99,254
E00112411,318,82,236
E00112412,353,79,274
E00112413,276,53,223
E00112414,450,128,322
E00112415,250,36,214
E00112417,254,69,185
E00112418,252,62,190
E00112419,535,94,441
E00112420,298,44,254
E00112423,340,88,252
E00112424,259,37,222
E00112425,340,38,302
E00112427,187,18,169
E00112428,194,14,180
E00112429,183,19,164
E00112430,205,19,186
E00112431,190,18,172
E00112432,160,15,145
E00112433,316,30,286
E00112434,178,13,165
E00112435,325,37,288
E00112436,159,5,154
E00112437,203,30,173
E00112439,277,49,228
E00112440,227,20,207
E00112441,220,22,198
E00112442,174,16,158
E00112443,196,5,191
E00112444,251,50,201
E00112445,161,13,148
E00112446,289,56,233
E00112447,272,54,218
E00112448,241,43,198
E00112449,264,48,216
E00112450,344,52,292
E00112451,217,49,168
E00112452,244,39,205
E00112453,382,76,306
E00112454,260,44,216
E00112455,337,71,266
E00112456,253,52,201
E00112457,379,50,329
E00112458,246,58,188
E00112459,218,36,182
E00112460,407,93,314
E00112461,288,56,232
E00112462,306,46,260
E00112463,313,68,245
E00112464,316,64,252
E00112465,347,109,238
E00112466,262,46,216
E00112467,325,80,245
E00112468,286,59,227
E00112469,310,70,240
E00112470,284,68,216
E00112471,224,27,197
E00112472,278,52,226
E00112473,285,64,221
E00112474,257,57,200
E00112475,350,106,244
E00112476,227,20,207
E00112477,255,19,236
E00112478,180,21,159
E00112479,343,85,258
E00112480,283,50,233
E00112481,198,31,167
E00112482,316,64,252
E00112483,168,42,126
E00112484,223,22,201
E00112485,205,25,180
E00112486,387,78,309
E00112487,270,29,241
E00112488,477,95,382
E00112489,440,70,370
E00112490,259,19,240
E00112491,219,19,200
E00112492,192,27,165
E00112493,292,26,266
E00112494,210,32,178
E00112495,209,23,186
E00112496,304,45,259
E00112497,197,20,177
E00112498,254,34,220
E00112499,274,38,236
E00112500,398,219,179
E00112501,201,23,178
E00112502,255,25,230
E00112503,257,42,215
E00112504,527,308,219
E00112505,583,376,207
E00112506,204,30,174
E00112507,218,25,193
E00112508,207,39,168
E00112509,237,20,217
E00112510,215,19,196
E00112511,225,22,203
E00112512,205,39,166
E00112513,243,30,213
E00112514,289,33,256
E00112516,246,28,218
E00112517,230,30,200
E00112518,293,49,244
E00112519,247,46,201
E00112520,232,15,217
E00112521,257,40,217
E00112522,332,37,295
E00112523,198,19,179
E00112524,233,15,218
E00112525,233,18,215
E00112526,271,46,225
E00112527,348,75,273
E00112528,238,31,207
E00112529,386,53,333
E00112530,257,27,230
E00112531,296,53,243
E00112532,221,25,196
E00112533,295,44,251
E00112534,286,39,247
E00112535,272,20,252
E00112536,300,40,260
E00112537,271,30,241
E00112538,255,18,237
E00112539,283,39,244
E00112540,309,43,266
E00112541,358,46,312
E00112543,278,25,253
E00112544,293,46,247
E00112545,300,47,253
E00112546,341,71,270
E00112547,290,40,250
E00112548,305,58,247
E00112549,265,28,237
E00112550,279,53,226
E00112551,328,66,262
E00112552,165,14,151
E00112553,175,26,149
E00112554,230,20,210
E00112555,343,33,310
E00112556,170,20,150
E00112557,384,61,323
E00112558,461,78,383
E00112559,281,59,222
E00112560,297,51,246
E00112561,320,83,237
E00112562,374,82,292
E00112563,348,82,266
E00112564,431,167,264
E00112565,305,112,193
E00112566,437,211,226
E00112567,343,184,159
E00112568,331,93,238
E00112570,216,31,185
E00112571,292,83,209
E00112572,364,132,232
E00112573,326,107,219
E00112574,280,103,177
E00112575,181,14,167
E00112576,391,85,306
E00112577,315,61,254
E00112578,249,81,168
E00112579,295,72,223
E00112580,345,90,255
E00112581,341,115,226
E00112582,426,44,382
E00112583,264,33,231
E00112584,406,36,370
E00112585,230,63,167
E00112586,236,50,186
E00112587,269,31,238
E00112588,363,39,324
E00112589,278,30,248
E00112590,263,31,232
E00112591,399,122,277
E00112592,278,50,228
E00112593,404,65,339
E00112594,320,62,258
E00112596,283,41,242
E00112597,427,81,346
E00112598,241,53,188
E00112599,283,95,188
E00112600,211,26,185
E00112601,393,38,355
E00112602,265,73,192
E00112603,342,89,253
E00112604,329,69,260
E00112605,314,78,236
E00112606,444,101,343
E00112607,237,10,227
E00112608,348,83,265
E00112609,306,44,262
E00112610,266,43,223
E00112611,310,58,252
E00112612,296,72,224
E00112613,231,29,202
E00112614,299,44,255
E00112615,259,28,231
E00112616,413,78,335
E00112617,219,20,199
E00112619,309,83,226
E00112620,254,46,208
E00112621,314,58,256
E00112622,288,75,213
E00112623,285,49,236
E00112624,270,49,221
E00112625,232,40,192
E00112626,233,28,205
E00112627,317,71,246
E00112628,241,39,202
E00112629,281,69,212
E00112630,287,65,222
E00112631,283,46,237
E00112632,283,33,250
E00112633,268,32,236
E00112634,308,49,259
E00112635,297,49,248
E00112636,262,30,232
E00112637,346,36,310
E00112638,257,33,224
E00112639,251,24,227
E00112640,299,40,259
E00112641,234,19,215
E00112642,223,34,189
E00112643,320,82,238
E00112644,258,59,199
E00112645,289,48,241
E00112646,292,63,229
E00112647,249,55,194
E00112648,234,36,198
E00112649,311,68,243
E00112650,398,92,306
E00112651,314,33,281
E00112652,403,97,306
E00112653,293,52,241
E00112654,162,20,142
E00112655,276,57,219
E00112656,255,36,219
E00112657,256,40,216
E00112658,249,46,203
E00112659,232,29,203
E00112660,270,38,232
E00112661,318,70,248
E00112662,233,51,182
E00112663,214,20,194
E00112664,194,24,170
E00112665,289,56,233
E00112666,228,31,197
E00112667,261,52,209
E00112668,297,67,230
E00112669,246,45,201
E00112670,343,111,232
E00112671,237,35,202
E00112672,207,19,188
E00112673,282,40,242
E00112674,198,11,187
E00112675,209,15,194
E00112676,231,38,193
E00112677,259,46,213
E00112678,270,49,221
E00112679,215,48,167
E00112680,185,29,156
E00112681,281,49,232
E00112682,307,32,275
E00112683,206,23,183
E00112684,192,16,176
E00112685,264,24,240
E00112686,295,53,242
E00112687,180,21,159
E00112688,103,11,92
E00112689,313,56,257
E00112690,345,73,272
E00112692,337,51,286
E00112694,176,26,150
E00112695,307,42,265
E00112696,117,12,105
E00112697,199,26,173
E00112698,238,35,203
E00112699,144,12,132
E00112700,151,19,132
E00112701,399,74,325
E00112702,144,4,140
E00112703,174,22,152
E00112704,247,32,215
E00112705,266,28,238
E00112706,217,11,206
E00112707,282,47,235
E00112708,278,34,244
E00112709,259,20,239
E00112710,301,37,264
E00112711,313,65,248
E00112712,288,49,239
E00112713,227,33,194
E00112714,273,35,238
E00112715,201,19,182
E00112716,286,41,245
E00112718,228,36,192
E00112719,352,52,300
E00112720,268,36,232
E00112721,171,10,161
E00112722,237,35,202
E00112723,274,40,234
E00112724,409,89,320
E00112725,403,58,345
E00112726,339,69,270
E00112727,414,96,318
E00112728,281,50,231
E00112729,110,14,96
E00112730,265,36,229
E00112731,375,82,293
E00112732,250,15,235
E00112733,240,27,213
E00112734,256,39,217
E00112735,278,37,241
E00112736,365,60,305
E00112737,281,38,243
E00112738,264,30,234
E00112739,291,40,251
E00112740,297,36,261
E00112741,423,68,355
E00112743,484,74,410
E00112744,453,95,358
E00112745,264,44,220
E00112746,244,36,208
E00112748,137,15,122
E00112749,296,50,246
E00112750,294,53,241
E00112751,346,35,311
E00112752,306,40,266
E00112753,222,45,177
E00112754,222,31,191
E00112755,289,59,230
E00112756,105,15,90
E00112757,146,32,114
E00112758,243,47,196
E00112759,240,35,205
E00112760,100,11,89
E00112761,240,24,216
E00112762,283,50,233
E00112763,376,134,242
E00112764,146,28,118
E00112765,277,41,236
E00112766,276,53,223
E00112767,260,83,177
E00112768,289,42,247
E00112769,313,55,258
E00112770,308,68,240
E00112771,274,79,195
E00112772,328,71,257
E00112773,483,89,394
E00112775,242,25,217
E00112776,309,53,256
E00112777,302,55,247
E00112778,286,64,222
E00112779,241,50,191
E00112780,301,75,226
E00112781,339,77,262
E00112783,227,40,187
E00112784,241,37,204
E00112785,246,28,218
E00112786,204,34,170
E00112787,109,15,94
E00112788,312,95,217
E00112789,164,30,134
E00112790,139,20,119
E00112791,186,24,162
E00112792,269,62,207
E00112793,344,42,302
E00112794,218,28,190
E00112795,348,63,285
E00112796,182,11,171
E00112797,184,17,167
E00112798,490,252,238
E00112799,287,41,246
E00112800,303,55,248
E00112801,208,20,188
E00112802,264,31,233
E00112803,175,14,161
E00112804,233,20,213
E00112805,404,68,336
E00112806,345,54,291
E00112807,302,55,247
E00112808,285,53,232
E00112809,310,50,260
E00112810,343,75,268
E00112811,265,38,227
E00112812,301,54,247
E00112813,339,71,268
E00112814,303,44,259
E00112815,236,27,209
E00112816,270,53,217
E00112817,267,43,224
E00112818,236,49,187
E00112819,247,27,220
E00112820,256,21,235
E00112821,256,46,210
E00112822,276,43,233
E00112823,294,43,251
E00112824,314,37,277
E00112825,353,81,272
E00112826,304,31,273
E00112827,294,54,240
E00112828,216,27,189
E00112829,266,41,225
E00112830,289,50,239
E00112831,374,64,310
E00112832,232,24,208
E00112833,223,32,191
E00112834,159,22,137
E00112835,210,34,176
E00112836,243,28,215
E00112837,278,36,242
E00112838,238,31,207
E00112840,246,40,206
E00112841,529,101,428
E00112842,276,56,220
E00112843,301,57,244
E00112844,207,24,183
E00112845,243,26,217
E00112847,296,49,247
E00112848,155,39,116
E00112849,283,57,226
E00112850,239,40,199
E00112851,376,48,328
E00112852,323,43,280
E00112853,213,29,184
E00112854,338,45,293
E00112855,136,23,113
E00112856,335,45,290
E00112857,117,16,101
E00112858,277,38,239
E00112859,366,52,314
E00112860,288,62,226
E00112861,279,41,238
E00112863,261,72,189
E00112865,166,25,141
E00112866,251,54,197
E00112867,155,17,138
E00112868,126,10,116
E00112869,376,55,321
E00112871,349,50,299
E00112874,206,32,174
E00112875,208,25,183
E00112876,209,24,185
E00112877,277,38,239
E00112878,269,3,266
E00112879,493,89,404
E00112880,146,33,113
E00112881,238,34,204
E00112882,226,29,197
E00112883,226,27,199
E00112884,406,45,361
E00112885,255,46,209
E00112886,249,39,210
E00112887,269,40,229
E00112888,248,27,221
E00112889,187,20,167
E00112890,264,38,226
E00112891,230,21,209
E00112894,310,53,257
E00112895,243,16,227
E00112897,230,19,211
E00112898,257,25,232
E00112899,430,69,361
E00112900,307,49,258
E00112901,283,49,234
E00112902,283,65,218
E00112903,327,52,275
E00112904,268,44,224
E00112905,346,52,294
E00112906,242,47,195
E00112907,204,29,175
E00112908,220,37,183
E00112910,386,67,319
E00112911,412,91,321
E00112913,175,22,153
E00112914,223,23,200
E00112915,292,43,249
E00112918,259,47,212
E00112920,457,97,360
E00112921,204,38,166
E00112922,221,42,179
E00112923,168,15,153
E00112924,142,18,124
E00112925,303,29,274
E00112926,352,65,287
E00112927,290,49,241
E00112928,259,41,218
E00112930,286,41,245
E00112931,274,33,241
E00112932,252,33,219
E00112934,255,36,219
E00112935,294,46,248
E00112936,433,69,364
E00112937,219,9,210
E00112938,190,14,176
E00112939,369,66,303
E00112940,231,30,201
E00112941,321,60,261
E00112942,299,51,248
E00112944,440,54,386
E00112945,249,44,205
E00112946,227,50,177
E00112947,252,47,205
E00112948,488,96,392
E00112949,369,74,295
E00112950,409,61,348
E00112951,286,38,248
E00112952,223,29,194
E00112953,320,39,281
E00112954,396,47,349
E00112955,250,27,223
E00112956,185,35,150
E00112957,174,26,148
E00112958,167,28,139
E00112960,189,7,182
E00112961,384,52,332
E00112962,328,57,271
E00112963,367,62,305
E00112964,471,69,402
E00112965,304,51,253
E00112966,287,37,250
E00112967,302,60,242
E00112968,306,71,235
E00112969,365,40,325
E00112970,268,41,227
E00112971,264,39,225
E00112972,266,53,213
E00112973,197,16,181
E00112975,510,68,442
E00112976,227,36,191
E00112977,354,34,320
E00112978,324,46,278
E00112979,317,49,268
E00112980,298,48,250
E00112981,291,35,256
E00112982,278,55,223
E00112983,225,17,208
E00112984,295,38,257
E00112985,269,39,230
E00112986,405,49,356
E00112987,261,30,231
E00112988,232,38,194
E00112989,347,59,288
E00112990,358,42,316
E00112991,506,94,412
E00112992,145,21,124
E00112993,250,36,214
E00112994,394,66,328
E00112995,221,28,193
E00112996,251,44,207
E00112997,426,57,369
E00112998,304,48,256
E00112999,369,48,321
E00113000,217,25,192
E00113001,185,28,157
E00113002,401,59,342
E00113003,301,50,251
E00113004,249,30,219
E00113005,336,59,277
E00113006,130,19,111
E00113007,279,34,245
E00113008,309,67,242
E00113009,230,47,183
E00113010,276,36,240
E00113011,267,71,196
E00113012,316,60,256
E00113013,396,52,344
E00113014,292,45,247
E00113015,306,34,272
E00113016,255,33,222
E00113017,288,49,239
E00113018,268,40,228
E00113019,371,36,335
E00113020,316,30,286
E00113021,288,34,254
E00113022,198,29,169
E00113023,316,38,278
E00113024,257,43,214
E00113025,256,39,217
E00113026,117,17,100
E00113027,351,60,291
E00113028,430,72,358
E00113029,325,57,268
E00113030,265,50,215
E00113031,276,68,208
E00113032,274,40,234
E00113033,320,59,261
E00113034,274,53,221
E00113035,273,40,233
E00113036,278,49,229
E00113037,257,60,197
E00113038,272,39,233
E00113039,259,41,218
E00113040,291,45,246
E00113041,315,44,271
E00113042,267,41,226
E00113043,250,44,206
E00113044,272,48,224
E00113045,316,51,265
E00113046,248,28,220
E00113047,350,46,304
E00113048,265,64,201
E00113049,377,85,292
E00113050,221,42,179
E00113051,523,90,433
E00113052,379,59,320
E00113053,351,36,315
E00113054,414,74,340
E00113055,209,35,174
E00113056,281,46,235
E00113057,243,23,220
E00113058,290,17,273
E00113059,473,106,367
E00113060,380,55,325
E00113061,268,19,249
E00113062,252,16,236
E00113063,280,56,224
E00113064,260,22,238
E00113065,270,31,239
E00113066,252,38,214
E00113067,313,45,268
E00113068,439,84,355
E00113069,340,57,283
E00113070,366,93,273
E00113071,332,64,268
E00113072,244,29,215
E00113073,301,50,251
E00113074,238,44,194
E00113075,205,33,172
E00113076,220,21,199
E00113077,260,41,219
E00113078,224,32,192
E00113079,338,56,282
E00113080,236,44,192
E00113081,305,60,245
E00113082,345,53,292
E00113083,286,44,242
E00113084,344,58,286
E00113085,440,107,333
E00113086,321,52,269
E00113087,193,35,158
E00113088,376,53,323
E00113090,591,205,386
E00113091,235,33,202
E00113092,292,36,256
E00113093,144,16,128
E00113094,234,31,203
E00113095,262,37,225
E00113096,307,58,249
E00113097,379,48,331
E00113098,312,43,269
E00113099,340,49,291
E00113100,325,74,251
E00113101,286,70,216
E00113102,275,42,233
E00113103,241,29,212
E00113104,349,46,303
E00113106,352,57,295
E00113107,377,45,332
E00113108,378,74,304
E00113109,179,29,150
E00113110,312,53,259
E00113111,298,40,258
E00113112,330,51,279
E00113113,306,49,257
E00113114,272,58,214
E00113115,279,45,234
E00113116,334,63,271
E00113117,285,45,240
E00113118,256,22,234
E00113119,262,51,211
E00113120,229,35,194
E00113121,235,33,202
E00113122,288,45,243
E00113123,307,37,270
E00113124,312,44,268
E00113125,242,46,196
E00113126,165,20,145
E00113127,318,68,250
E00113128,257,38,219
E00113129,279,43,236
E00113130,335,43,292
E00113132,270,61,209
E00113133,361,57,304
E00113134,305,76,229
E00113135,218,28,190
E00113137,321,63,258
E00113138,243,36,207
E00113139,432,68,364
E00113140,307,55,252
E00113141,294,40,254
E00113142,285,42,243
E00113143,260,37,223
E00113144,313,61,252
E00113145,278,27,251
E00113146,328,43,285
E00113147,228,11,217
E00113148,272,34,238
E00113149,283,49,234
E00113150,325,44,281
E00113151,329,55,274
E00113152,429,81,348
E00113153,304,65,239
E00113154,405,63,342
E00113155,356,58,298
E00113156,257,40,217
E00113157,243,31,212
E00113158,517,135,382
E00113159,412,64,348
E00113160,302,45,257
E00113161,290,49,241
E00113162,260,32,228
E00113163,295,52,243
E00113164,276,23,253
E00113165,364,33,331
E00113166,286,65,221
E00113167,320,58,262
E00113168,293,39,254
E00113169,330,46,284
E00113170,204,17,187
E00113171,207,33,174
E00113172,270,51,219
E00113175,239,29,210
E00113176,349,49,300
E00113177,380,56,324
E00113178,295,37,258
E00113179,323,39,284
E00113180,340,60,280
E00113181,275,39,236
E00113182,298,47,251
E00113183,301,64,237
E00113184,264,31,233
E00113185,232,30,202
E00113186,322,54,268
E00113187,371,45,326
E00113188,327,37,290
E00113189,234,39,195
E00113190,348,39,309
E00113191,385,31,354
E00113192,338,49,289
E00113193,341,61,280
E00113194,317,57,260
E00113195,247,19,228
E00113196,493,84,409
E00113197,176,29,147
E00113198,321,45,276
E00113199,232,39,193
E00113200,253,37,216
E00113201,341,37,304
E00113202,317,54,263
E00113203,381,57,324
E00113204,329,54,275
E00113205,311,37,274
E00113206,319,50,269
E00113207,246,34,212
E00113208,279,33,246
E00113209,291,37,254
E00113210,359,56,303
E00113211,226,35,191
E00113212,292,29,263
E00113213,416,66,350
E00113214,401,64,337
E00113215,383,81,302
E00113216,398,63,335
E00113217,394,70,324
E00113218,263,42,221
E00113219,423,68,355
E00113220,295,46,249
E00113221,268,28,240
E00113222,217,35,182
E00113224,379,75,304
E00113225,259,42,217
E00113226,272,35,237
E00113227,189,8,181
E00113228,321,71,250
E00113229,302,75,227
E00113230,253,38,215
E00113231,219,16,203
E00113232,281,41,240
E00113235,551,78,473
E00113236,146,40,106
E00113237,311,51,260
E00113238,255,37,218
E00113239,327,57,270
E00113240,285,44,241
E00113241,333,59,274
E00113242,382,48,334
E00113243,258,68,190
E00113245,292,54,238
E00113246,306,51,255
E00113247,235,53,182
E00113248,251,58,193
E00113249,317,36,281
E00113250,318,67,251
E00113251,272,67,205
E00113252,245,25,220
E00113253,250,30,220
E00113254,186,23,163
E00113255,210,13,197
E00113256,231,45,186
E00113257,263,45,218
E00113258,321,59,262
E00113259,353,86,267
E00113260,370,61,309
E00113261,310,50,260
E00113262,250,42,208
E00113263,282,55,227
E00113264,243,54,189
E00113265,328,59,269
E00113266,270,49,221
E00113267,312,48,264
E00113268,332,37,295
E00113269,207,25,182
E00113270,300,48,252
E00113272,283,59,224
E00113273,223,23,200
E00113274,328,55,273
E00113275,514,98,416
E00113276,413,84,329
E00113277,326,57,269
E00113278,347,56,291
E00113279,337,94,243
E00113280,279,42,237
E00113282,303,54,249
E00113283,293,56,237
E00113284,271,31,240
E00113285,263,40,223
E00113286,361,93,268
E00113287,309,62,247
E00113288,348,84,264
E00113289,251,22,229
E00113290,307,68,239
E00113291,259,41,218
E00113292,328,78,250
E00113293,347,66,281
E00113294,321,81,240
E00113295,330,71,259
E00113296,315,54,261
E00113297,287,71,216
E00113298,329,75,254
E00113299,375,79,296
E00113300,269,50,219
E00113302,323,66,257
E00113303,352,81,271
E00113304,226,37,189
E00113305,281,65,216
E00113306,339,78,261
E00113307,244,46,198
E00113308,307,79,228
E00113309,319,70,249
E00113310,322,85,237
E00113311,399,87,312
E00113312,327,64,263
E00113313,469,107,362
E00113314,276,55,221
E00113315,233,56,177
E00113316,323,70,253
E00113317,254,60,194
E00113318,279,57,222
E00113319,305,72,233
E00113320,272,64,208
E00113321,301,93,208
E00113322,325,97,228
E00113323,412,115,297
E00113324,228,47,181
E00113325,355,69,286
E00113326,334,72,262
E00113327,249,60,189
E00113328,363,103,260
E00113329,344,106,238
E00113330,278,76,202
E00113331,422,106,316
E00113332,320,73,247
E00113333,256,33,223
E00113334,233,36,197
E00113335,288,59,229
E00113336,269,56,213
E00113337,323,65,258
E00113338,297,56,241
E00113339,343,90,253
E00113340,347,64,283
E00113341,242,50,192
E00113342,317,51,266
E00113343,245,32,213
E00113344,441,105,336
E00113345,300,45,255
E00113346,442,88,354
E00113347,397,62,335
E00113348,264,35,229
E00113349,258,37,221
E00113350,219,13,206
E00113351,353,56,297
E00113352,130,7,123
E00113353,260,45,215
E00113354,254,17,237
E00113355,255,37,218
E00113356,319,44,275
E00113357,211,29,182
E00113358,239,22,217
E00113359,232,30,202
E00113360,252,43,209
E00113361,257,23,234
E00113362,257,40,217
E00113363,365,78,287
E00113364,316,74,242
E00113365,262,30,232
E00113366,283,45,238
E00113367,307,55,252
E00113368,347,82,265
E00113369,307,74,233
E00113370,297,60,237
E00113371,285,50,235
E00113372,278,47,231
E00113373,337,78,259
E00113374,268,30,238
E00113375,275,51,224
E00113376,239,9,230
E00113377,245,32,213
E00113378,265,30,235
E00113379,251,37,214
E00113380,272,38,234
E00113381,282,45,237
E00113382,287,58,229
E00113383,293,54,239
E00113384,253,23,230
E00113385,291,44,247
E00113386,210,16,194
E00113387,189,22,167
E00113388,288,55,233
E00113389,317,73,244
E00113390,199,19,180
E00113391,260,42,218
E00113392,303,50,253
E00113393,296,45,251
E00113394,247,36,211
E00113395,252,23,229
E00113396,269,50,219
E00113397,283,52,231
E00113398,279,37,242
E00113399,246,47,199
E00113400,352,76,276
E00113401,308,77,231
E00113402,328,144,184
E00113403,266,50,216
E00113404,341,148,193
E00113405,155,19,136
E00113407,154,10,144
E00113408,192,32,160
E00113409,381,66,315
E00113410,337,53,284
E00113412,333,33,300
E00113413,298,60,238
E00113414,281,100,181
E00113415,269,72,197
E00113416,299,63,236
E00113417,223,38,185
E00113418,279,37,242
E00113419,244,52,192
E00113420,277,42,235
E00113421,360,72,288
E00113422,241,74,167
E00113423,333,41,292
E00113424,454,84,370
E00113425,331,56,275
E00113426,248,39,209
E00113427,267,37,230
E00113428,260,42,218
E00113429,300,56,244
E00113430,384,80,304
E00113431,404,77,327
E00113432,234,18,216
E00113433,302,52,250
E00113434,336,65,271
E00113435,273,50,223
E00113436,298,60,238
E00113437,299,61,238
E00113438,280,38,242
E00113439,291,66,225
E00113440,330,135,195
E00113441,393,111,282
E00113442,294,54,240
E00113443,258,52,206
E00113444,295,39,256
E00113445,254,40,214
E00113446,305,44,261
E00113447,298,64,234
E00113448,277,38,239
E00113449,213,23,190
E00113450,285,35,250
E00113451,268,30,238
E00113452,304,58,246
E00113453,366,63,303
E00113454,380,91,289
E00113455,254,64,190
E00113456,488,81,407
E00113457,295,77,218
E00113458,241,55,186
E00113459,291,50,241
E00113460,209,67,142
E00113461,295,41,254
E00113462,271,54,217
E00113463,210,46,164
E00113464,266,55,211
E00113465,334,60,274
E00113466,408,122,286
E00113467,401,75,326
E00113468,209,29,180
E00113469,345,59,286
E00113470,268,53,215
E00113471,568,146,422
E00113472,327,57,270
E00113473,322,77,245
E00113474,207,22,185
E00113475,224,30,194
E00113476,238,36,202
E00113477,323,61,262
E00113478,244,49,195
E00113479,266,58,208
E00113480,204,31,173
E00113481,281,52,229
E00113482,270,69,201
E00113483,317,73,244
E00113484,284,45,239
E00113485,341,80,261
E00113486,218,47,171
E00113487,259,72,187
E00113488,240,46,194
E00113489,255,44,211
E00113490,371,76,295
E00113491,321,69,252
E00113492,268,44,224
E00113493,437,112,325
E00113494,285,47,238
E00113495,256,44,212
E00113496,305,61,244
E00113497,252,47,205
E00113498,340,88,252
E00113499,358,86,272
E00113500,262,74,188
E00113501,369,86,283
E00113502,311,71,240
E00113503,295,71,224
E00113504,356,94,262
E00113505,280,67,213
E00113506,293,61,232
E00113507,224,32,192
E00113508,324,75,249
E00113509,346,101,245
E00113510,312,69,243
E00113511,302,78,224
E00113512,309,96,213
E00113513,325,71,254
E00113514,328,81,247
E00113515,302,55,247
E00113516,316,67,249
E00113517,316,79,237
E00113518,300,60,240
E00113519,318,50,268
E00113520,342,85,257
E00113521,302,56,246
E00113523,208,32,176
E00113524,327,64,263
E00113525,264,53,211
E00113526,308,59,249
E00113527,240,38,202
E00113528,370,70,300
E00113529,301,72,229
E00113530,263,55,208
E00113531,257,44,213
E00113534,335,46,289
E00113535,276,45,231
E00113536,223,18,205
E00113537,115,1,114
E00113538,244,40,204
E00113539,261,44,217
E00113540,241,42,199
E00113541,328,75,253
E00113542,274,48,226
E00113543,229,36,193
E00113544,251,43,208
E00113545,234,52,182
E00113546,277,41,236
E00113547,219,29,190
E00113548,245,49,196
E00113549,229,36,193
E00113550,423,99,324
E00113551,420,100,320
E00113552,262,34,228
E00113553,370,77,293
E00113554,291,47,244
E00113555,286,52,234
E00113556,406,88,318
E00113557,271,49,222
E00113558,383,79,304
E00113560,319,64,255
E00113561,246,42,204
E00113562,289,60,229
E00113563,291,54,237
E00113564,222,33,189
E00113565,317,37,280
E00113566,243,48,195
E00113567,287,55,232
E00113568,196,11,185
E00113569,216,36,180
E00113570,263,49,214
E00113571,224,14,210
E00113572,299,54,245
E00113573,419,88,331
E00113574,397,84,313
E00113575,338,59,279
E00113576,308,46,262
E00113577,364,107,257
E00113578,276,32,244
E00113579,315,59,256
E00113580,293,53,240
E00113581,281,46,235
E00113582,316,38,278
E00113583,314,52,262
E00113584,259,22,237
E00113585,250,27,223
E00113586,281,31,250
E00113587,243,46,197
E00113588,286,77,209
E00113589,414,122,292
E00113590,279,31,248
E00113593,277,49,228
E00113594,216,30,186
E00113595,177,12,165
E00113596,141,7,134
E00113598,338,65,273
E00113601,437,69,368
E00113603,208,37,171
E00113604,104,7,97
E00113605,425,61,364
E00113608,319,62,257
E00113609,275,44,231
E00113610,293,52,241
E00113611,315,50,265
E00113612,324,56,268
E00113613,283,44,239
E00113614,277,54,223
E00113615,271,50,221
E00113616,195,17,178
E00113617,279,37,242
E00113618,259,31,228
E00113620,484,82,402
E00113621,300,56,244
E00113623,318,40,278
E00113624,339,36,303
E00113625,323,54,269
E00113626,158,16,142
E00113627,207,19,188
E00113628,490,109,381
E00113629,356,67,289
E00113630,381,67,314
E00113631,276,39,237
E00113632,381,80,301
E00113633,266,35,231
E00113634,303,47,256
E00113635,307,62,245
E00113636,240,28,212
E00113637,278,44,234
E00113638,302,73,229
E00113639,432,74,358
E00113640,288,54,234
E00113641,430,79,351
E00113642,546,97,449
E00113643,406,93,313
E00113644,430,60,370
E00113646,287,53,234
E00113647,336,75,261
E00113648,405,93,312
E00113649,292,48,244
E00113650,217,27,190
E00113651,337,52,285
E00113652,320,74,246
E00113653,283,53,230
E00113654,312,44,268
E00113655,298,31,267
E00113656,201,25,176
E00113657,349,71,278
E00113658,216,30,186
E00113659,198,29,169
E00113660,280,43,237
E00113661,257,30,227
E00113662,222,30,192
E00113663,261,26,235
E00113664,429,58,371
E00113665,283,40,243
E00113666,281,36,245
E00113667,351,63,288
E00113668,449,66,383
E00113669,335,55,280
E00113670,291,51,240
E00113671,167,28,139
E00113672,290,38,252
E00113673,227,23,204
E00113674,319,36,283
E00113675,282,36,246
E00113676,251,24,227
E00113677,312,28,284
E00113678,261,57,204
E00113679,288,42,246
E00113680,333,57,276
E00113681,208,22,186
E00113682,223,40,183
E00113683,535,117,418
E00113684,223,41,182
E00113685,334,50,284
E00113687,216,18,198
E00113688,358,48,310
E00113690,337,73,264
E00113691,345,59,286
E00113692,382,53,329
E00113693,318,71,247
E00113694,236,43,193
E00113695,339,88,251
E00113696,290,67,223
E00113697,262,51,211
E00113698,337,64,273
E00113699,307,70,237
E00113700,234,33,201
E00113701,424,58,366
E00113702,216,33,183
E00113703,338,76,262
E00113704,329,64,265
E00113705,210,33,177
E00113706,310,52,258
E00113707,243,37,206
E00113708,256,51,205
E00113709,230,40,190
E00113710,329,42,287
E00113711,149,17,132
E00113712,292,57,235
E00113713,435,66,369
E00113714,359,67,292
E00113715,440,85,355
E00113716,228,43,185
E00113717,267,40,227
E00113718,209,39,170
E00113719,252,26,226
E00113720,151,22,129
E00113721,303,37,266
E00113722,298,45,253
E00113723,395,78,317
E00113724,242,28,214
E00113725,360,69,291
E00113726,249,45,204
E00113727,475,93,382
E00113728,241,33,208
E00113729,255,31,224
E00113730,273,38,235
E00113731,235,43,192
E00113732,290,86,204
E00113733,283,78,205
E00113734,337,81,256
E00113735,260,53,207
E00113737,303,49,254
E00113738,370,55,315
E00113740,493,87,406
E00113741,428,72,356
E00113742,292,48,244
E00113743,436,78,358
E00113745,466,88,378
E00113746,324,59,265
E00113747,287,53,234
E00113748,320,69,251
E00113749,185,31,154
E00113750,193,25,168
E00113751,201,31,170
E00113752,309,67,242
E00113753,272,37,235
E00113754,268,44,224
E00113755,204,27,177
E00113756,184,22,162
E00113757,173,16,157
E00113758,259,48,211
E00113759,249,35,214
E00113760,450,90,360
E00113762,293,58,235
E00113763,259,53,206
E00113764,149,26,123
E00113766,372,66,306
E00113767,379,76,303
E00113768,177,30,147
E00113769,169,13,156
E00113771,283,47,236
E00113772,295,50,245
E00113773,329,45,284
E00113774,301,55,246
E00113775,291,49,242
E00113776,233,41,192
E00113777,151,35,116
E00113778,516,162,354
E00113779,299,69,230
E00113780,454,43,411
E00113781,299,47,252
E00113782,298,55,243
E00113783,314,73,241
E00113784,330,52,278
E00113785,305,53,252
E00113786,205,26,179
E00113787,366,75,291
E00113788,349,47,302
E00113789,234,33,201
E00113790,321,61,260
E00113791,309,40,269
E00113792,283,50,233
E00113793,374,60,314
E00113794,434,102,332
E00113795,263,71,192
E00113796,199,36,163
E00113797,343,57,286
E00113798,420,65,355
E00113799,427,73,354
E00113800,285,50,235
E00113801,218,31,187
E00113802,266,35,231
E00113803,245,21,224
E00113804,202,25,177
E00113805,296,44,252
E00113806,299,39,260
E00113807,279,36,243
E00113808,434,124,310
E00113809,281,50,231
E00113810,286,47,239
E00113811,273,20,253
E00113812,403,52,351
E00113813,269,33,236
E00113814,281,52,229
E00113815,280,49,231
E00113816,278,49,229
E00113817,281,43,238
E00113818,260,31,229
E00113819,484,87,397
E00113820,452,66,386
E00113821,266,40,226
E00113822,248,28,220
E00113823,402,72,330
E00113824,311,46,265
E00113825,299,45,254
E00113826,329,47,282
E00113827,277,44,233
E00113828,178,38,140
E00113829,207,19,188
E00113830,343,44,299
E00113831,242,35,207
E00113832,267,33,234
E00113833,255,46,209
E00113834,266,41,225
E00113835,285,54,231
E00113836,270,52,218
E00113837,299,44,255
E00113838,307,69,238
E00113839,308,48,260
E00113840,280,36,244
E00113841,314,64,250
E00113842,307,73,234
E00113843,261,32,229
E00113844,258,36,222
E00113845,280,44,236
E00113846,248,41,207
E00113847,303,54,249
E00113848,507,113,394
E00113849,302,42,260
E00113850,377,41,336
E00113851,387,67,320
E00113852,345,91,254
E00113853,383,44,339
E00113854,332,55,277
E00113855,164,25,139
E00113856,340,36,304
E00113857,445,63,382
E00113858,344,50,294
E00113859,330,46,284
E00113860,557,123,434
E00113861,262,35,227
E00113862,299,62,237
E00113863,312,60,252
E00113864,241,38,203
E00113865,337,89,248
E00113866,234,33,201
E00113867,329,55,274
E00113868,362,73,289
E00113869,297,51,246
E00113870,214,21,193
E00113871,191,22,169
E00113872,247,27,220
E00113873,289,31,258
E00113874,427,70,357
E00113875,373,82,291
E00113876,301,64,237
E00113877,277,40,237
E00113878,212,24,188
E00113879,312,84,228
E00113880,275,44,231
E00113881,508,95,413
E00113882,233,48,185
E00113883,169,9,160
E00113884,258,30,228
E00113885,342,60,282
E00113886,301,23,278
E00113888,333,55,278
E00113889,444,159,285
E00113890,280,38,242
E00113891,430,80,350
E00113892,149,19,130
E00113893,336,55,281
E00113894,288,45,243
E00113895,322,58,264
E00113896,292,43,249
E00113897,325,38,287
E00113898,293,32,261
E00113899,315,46,269
E00113900,274,39,235
E00113901,275,45,230
E00113902,343,63,280
E00113904,309,51,258
E00113905,238,20,218
E00113906,350,54,296
E00113907,379,59,320
E00113908,259,54,205
E00113909,353,81,272
E00113910,292,47,245
E00113911,299,54,245
E00113912,295,53,242
E00113913,280,53,227
E00113914,234,24,210
E00113915,297,29,268
E00113916,296,62,234
E00113917,315,46,269
E00113918,273,54,219
E00113919,410,78,332
E00113920,257,39,218
E00113921,331,58,273
E00113922,297,53,244
E00113923,317,44,273
E00113924,293,45,248
E00113925,204,25,179
E00113926,278,52,226
E00113927,341,68,273
E00113928,202,31,171
E00113929,282,48,234
E00113930,287,44,243
E00113932,255,17,238
E00113933,328,57,271
E00113934,398,63,335
E00113935,313,61,252
E00113936,508,101,407
E00113937,256,33,223
E00113938,338,46,292
E00113939,121,17,104
E00113940,302,44,258
E00113941,291,37,254
E00113942,498,81,417
E00113943,402,86,316
E00113944,336,52,284
E00113945,275,51,224
E00113946,238,30,208
E00113947,381,68,313
E00113948,430,74,356
E00113949,249,50,199
E00113950,288,40,248
E00113951,280,56,224
E00113952,302,53,249
E00113953,303,51,252
E00113954,294,49,245
E00113955,393,54,339
E00113956,248,50,198
E00113957,152,6,146
E00113958,279,45,234
E00113959,233,17,216
E00113960,296,59,237
E00113961,298,59,239
E00113962,290,53,237
E00113963,290,56,234
E00113964,340,77,263
E00113965,300,48,252
E00113966,260,57,203
E00113967,306,38,268
E00113968,363,59,304
E00113970,433,77,356
E00113971,382,94,288
E00113973,509,98,411
E00113976,207,33,174
E00113977,381,71,310
E00113978,215,37,178
E00113979,255,53,202
E00113980,266,42,224
E00113981,149,22,127
E00113982,251,15,236
E00113983,210,15,195
E00113984,328,86,242
E00113985,419,114,305
E00113987,285,45,240
E00113988,393,77,316
E00113989,320,56,264
E00113990,260,21,239
E00113991,238,31,207
E00113992,370,56,314
E00113994,305,43,262
E00113995,291,45,246
E00113996,160,19,141
E00113997,251,21,230
E00113998,237,50,187
E00113999,297,42,255
E00114000,351,72,279
E00114001,287,48,239
E00114002,267,46,221
E00114003,306,59,247
E00114004,297,45,252
E00114005,263,50,213
E00114006,274,50,224
E00114007,289,71,218
E00114008,280,34,246
E00114009,279,33,246
E00114010,256,37,219
E00114011,276,61,215
E00114012,268,43,225
E00114013,260,28,232
E00114014,314,65,249
E00114015,323,67,256
E00114016,248,47,201
E00114017,260,34,226
E00114018,265,29,236
E00114019,262,34,228
E00114020,286,73,213
E00114021,311,60,251
E00114022,263,35,228
E00114023,209,26,183
E00114024,321,63,258
E00114025,289,56,233
E00114026,235,29,206
E00114027,256,32,224
E00114028,375,76,299
E00114029,278,56,222
E00114030,359,84,275
E00114031,340,68,272
E00114032,326,51,275
E00114033,247,40,207
E00114034,256,41,215
E00114035,205,35,170
E00114036,250,33,217
E00114037,299,47,252
E00114038,300,48,252
E00114039,275,44,231
E00114040,301,80,221
E00114041,273,60,213
E00114042,228,30,198
E00114043,279,32,247
E00114044,268,45,223
E00114045,255,37,218
E00114046,252,25,227
E00114047,305,42,263
E00114048,277,53,224
E00114049,228,33,195
E00114051,263,53,210
E00114053,563,120,443
E00114054,266,29,237
E00114055,306,56,250
E00114057,252,24,228
E00114058,284,39,245
E00114059,330,56,274
E00114060,177,20,157
E00114061,282,50,232
E00114062,295,42,253
E00114063,294,64,230
E00114065,203,14,189
E00114066,303,50,253
E00114067,295,53,242
E00114068,273,55,218
E00114069,245,41,204
E00114070,251,53,198
E00114071,322,83,239
E00114074,185,7,178
E00114075,256,56,200
E00114076,247,26,221
E00114077,550,115,435
E00114078,250,29,221
E00114079,210,10,200
E00114080,298,65,233
E00114081,224,29,195
E00114082,228,32,196
E00114083,279,58,221
E00114084,239,38,201
E00114085,307,81,226
E00114086,276,46,230
E00114087,236,44,192
E00114089,267,53,214
E00114090,237,47,190
E00114091,213,32,181
E00114092,368,48,320
E00114093,290,47,243
E00114094,260,32,228
E00114095,275,41,234
E00114096,305,45,260
E00114097,503,102,401
E00114098,484,97,387
E00114099,205,28,177
E00114100,526,123,403
E00114101,101,31,70
E00114102,523,64,459
E00114103,253,30,223
E00114104,214,19,195
E00114107,156,27,129
E00114108,293,50,243
E00114109,142,14,128
E00114110,339,52,287
E00114111,242,54,188
E00114112,126,21,105
E00114113,140,20,120
E00114114,119,12,107
E00114115,245,44,201
E00114116,278,48,230
E00114117,240,39,201
E00114118,287,52,235
E00114119,216,24,192
E00114120,361,85,276
E00114121,411,81,330
E00114122,314,43,271
E00114123,204,38,166
E00114124,427,64,363
E00114125,406,51,355
E00114126,417,60,357
E00114127,304,68,236
E00114128,254,29,225
E00114129,275,43,232
E00114131,538,103,435
E00114132,410,54,356
E00114133,507,129,378
E00114134,307,61,246
E00114136,328,53,275
E00114137,280,38,242
E00114138,207,16,191
E00114139,319,48,271
E00114140,258,29,229
E00114141,154,23,131
E00114142,184,12,172
E00114143,380,62,318
E00114144,470,70,400
E00114145,275,46,229
E00114146,304,58,246
E00114147,292,40,252
E00114148,231,46,185
E00114149,240,29,211
E00114150,260,44,216
E00114151,318,74,244
E00114152,416,96,320
E00114153,523,108,415
E00114154,334,57,277
E00114155,313,61,252
E00114156,270,35,235
E00114157,323,54,269
E00114158,254,28,226
E00114159,261,10,251
E00114160,315,52,263
E00114161,477,97,380
E00114162,297,46,251
E00114163,228,35,193
E00114165,308,58,250
E00114166,317,64,253
E00114167,225,35,190
E00114168,298,59,239
E00114169,220,32,188
E00114170,206,9,197
E00114172,211,31,180
E00114173,262,33,229
E00114174,261,41,220
E00114175,260,26,234
E00114176,237,36,201
E00114177,250,32,218
E00114178,289,48,241
E00114179,193,8,185
E00114180,308,53,255
E00114181,316,53,263
E00114182,204,24,180
E00114183,235,33,202
E00114184,372,101,271
E00114186,267,50,217
E00114187,292,58,234
E00114188,322,53,269
E00114189,197,26,171
E00114190,244,41,203
E00114191,266,46,220
E00114192,231,53,178
E00114194,272,15,257
E00114195,267,32,235
E00114196,291,36,255
E00114197,277,23,254
E00114198,180,10,170
E00114199,204,15,189
E00114201,292,46,246
E00114202,234,32,202
E00114203,262,31,231
E00114204,276,44,232
E00114205,223,27,196
E00114206,210,30,180
E00114207,205,30,175
E00114208,194,13,181
E00114209,187,20,167
E00114210,105,3,102
E00114211,385,55,330
E00114212,440,31,409
E00114213,291,53,238
E00114214,379,67,312
E00114215,259,32,227
E00114216,385,48,337
E00114217,430,79,351
E00114219,310,34,276
E00114221,368,52,316
E00114223,323,68,255
E00114224,239,28,211
E00114225,379,77,302
E00114227,248,33,215
E00114228,279,29,250
E00114229,248,17,231
E00114230,282,49,233
E00114231,152,7,145
E00114232,181,10,171
E00114233,273,56,217
E00114234,201,26,175
E00114235,222,23,199
E00114236,244,32,212
E00114237,295,51,244
E00114238,215,37,178
E00114240,171,34,137
E00114241,150,11,139
E00114242,253,27,226
E00114243,319,49,270
E00114244,250,28,222
E00114245,321,64,257
E00114246,293,54,239
E00114247,375,68,307
E00114248,288,40,248
E00114249,420,72,348
E00114250,327,56,271
E00114251,301,62,239
E00114252,292,48,244
E00114253,231,27,204
E00114254,227,42,185
E00114255,239,41,198
E00114256,257,45,212
E00114257,348,65,283
E00114258,308,49,259
E00114259,292,44,248
E00114260,216,25,191
E00114261,306,59,247
E00114262,342,43,299
E00114263,306,42,264
E00114264,301,34,267
E00114265,287,40,247
E00114266,286,33,253
E00114267,428,71,357
E00114268,243,44,199
E00114269,257,43,214
E00114270,274,37,237
E00114271,316,68,248
E00114272,282,55,227
E00114273,284,45,239
E00114274,413,84,329
E00114275,216,20,196
E00114276,306,45,261
E00114277,210,27,183
E00114278,319,91,228
E00114279,296,52,244
E00114280,317,40,277
E00114281,311,64,247
E00114282,300,76,224
E00114283,346,73,273
E00114284,290,57,233
E00114285,255,64,191
E00114287,248,42,206
E00114288,322,62,260
E00114289,209,29,180
E00114290,250,44,206
E00114291,255,47,208
E00114292,230,34,196
E00114293,190,11,179
E00114294,272,44,228
E00114295,261,36,225
E00114296,264,56,208
E00114297,333,66,267
E00114298,249,40,209
E00114299,265,40,225
E00114300,316,72,244
E00114301,288,75,213
E00114302,330,62,268
E00114303,267,59,208
E00114304,299,72,227
E00114305,273,45,228
E00114306,255,57,198
E00114307,346,76,270
E00114308,342,72,270
E00114309,222,30,192
E00114310,341,69,272
E00114311,202,26,176
E00114312,185,23,162
E00114313,325,73,252
E00114314,284,51,233
E00114315,494,84,410
E00114316,382,61,321
E00114317,263,34,229
E00114318,420,98,322
E00114319,312,56,256
E00114322,280,31,249
E00114323,315,54,261
E00114324,280,42,238
E00114325,319,69,250
E00114326,257,47,210
E00114327,264,62,202
E00114328,335,92,243
E00114329,345,93,252
E00114330,349,86,263
E00114331,295,63,232
E00114333,289,70,219
E00114334,369,103,266
E00114335,252,58,194
E00114336,310,74,236
E00114337,320,90,230
E00114338,324,73,251
E00114339,268,46,222
E00114340,431,98,333
E00114341,287,62,225
E00114342,263,39,224
E00114343,304,38,266
E00114344,329,59,270
E00114345,254,42,212
E00114346,306,78,228
E00114347,565,93,472
E00114348,318,66,252
E00114349,144,23,121
E00114350,342,107,235
E00114351,306,62,244
E00114352,322,57,265
E00114353,551,103,448
E00114354,355,65,290
E00114355,318,54,264
E00114357,302,58,244
E00114358,222,40,182
E00114359,154,30,124
E00114360,246,48,198
E00114361,425,67,358
E00114362,177,74,103
E00114363,336,39,297
E00114364,241,31,210
E00114365,322,46,276
E00114366,304,68,236
E00114367,153,25,128
E00114368,268,46,222
E00114369,188,26,162
E00114370,276,41,235
E00114371,209,24,185
E00114372,333,45,288
E00114373,270,38,232
E00114374,311,58,253
E00114375,318,50,268
E00114376,384,78,306
E00114377,252,33,219
E00114379,257,28,229
E00114380,308,53,255
E00114381,286,46,240
E00114382,254,33,221
E00114383,300,56,244
E00114384,373,76,297
E00114385,267,33,234
E00114388,374,85,289
E00114389,293,63,230
E00114390,202,38,164
E00114391,262,38,224
E00114392,204,31,173
E00114393,219,28,191
E00114394,485,119,366
E00114395,449,107,342
E00114396,228,37,191
E00114397,436,66,370
E00114398,323,68,255
E00114399,292,60,232
E00114400,210,18,192
E00114401,451,102,349
E00114403,359,58,301
E00114404,277,43,234
E00114406,288,45,243
E00114407,247,31,216
E00114409,307,48,259
E00114410,313,42,271
E00114411,159,13,146
E00114412,348,43,305
E00114413,306,42,264
E00114414,311,59,252
E00114415,195,8,187
E00114416,266,32,234
E00114417,264,43,221
E00114418,328,62,266
E00114420,348,50,298
E00114421,295,42,253
E00114422,300,54,246
E00114423,215,23,192
E00114424,259,34,225
E00114425,196,19,177
E00114426,215,36,179
E00114427,340,43,297
E00114428,267,46,221
E00114429,293,49,244
E00114430,303,59,244
E00114431,287,47,240
E00114432,313,82,231
E00114433,376,69,307
E00114434,401,62,339
E00114435,327,76,251
E00114436,316,54,262
E00114437,259,45,214
E00114438,256,47,209
E00114439,242,38,204
E00114440,282,56,226
E00114441,314,69,245
E00114442,330,59,271
E00114443,278,44,234
E00114444,237,53,184
E00114445,352,72,280
E00114446,333,76,257
E00114447,220,25,195
E00114448,308,69,239
E00114449,309,56,253
E00114450,288,54,234
E00114451,318,67,251
E00114452,351,72,279
E00114453,283,66,217
E00114454,298,45,253
E00114455,227,42,185
E00114456,279,49,230
E00114457,247,34,213
E00114458,329,66,263
E00114460,210,23,187
E00114461,363,56,307
E00114462,288,41,247
E00114463,148,30,118
E00114464,309,94,215
E00114465,167,25,142
E00114466,282,53,229
E00114467,308,56,252
E00114468,369,42,327
E00114469,314,44,270
E00114470,336,44,292
E00114471,302,45,257
E00114472,332,48,284
E00114473,301,45,256
E00114475,341,56,285
E00114476,275,33,242
E00114477,331,63,268
E00114478,305,73,232
E00114479,368,76,292
E00114480,327,58,269
E00114481,264,28,236
E00114482,245,12,233
E00114483,250,16,234
E00114484,230,36,194
E00114485,250,9,241
E00114486,266,38,228
E00114487,322,49,273
E00114488,312,46,266
E00114489,221,30,191
E00114490,314,52,262
E00114491,289,56,233
E00114492,279,40,239
E00114493,296,46,250
E00114495,291,46,245
E00114496,391,80,311
E00114498,266,38,228
E00114499,265,37,228
E00114500,259,32,227
E00114501,248,32,216
E00114502,229,18,211
E00114503,282,43,239
E00114504,191,21,170
E00114505,207,38,169
E00114506,298,60,238
E00114507,270,48,222
E00114508,246,37,209
E00114509,221,29,192
E00114511,333,65,268
E00114512,305,75,230
E00114513,333,56,277
E00114514,370,72,298
E00114516,326,55,271
E00114517,492,98,394
E00114518,335,62,273
E00114519,296,51,245
E00114520,347,53,294
E00114521,442,87,355
E00114522,373,75,298
E00114523,345,97,248
E00114524,349,59,290
E00114525,356,94,262
E00114526,293,50,243
E00114527,287,62,225
E00114528,525,125,400
E00114529,279,37,242
E00114530,322,57,265
E00114531,282,52,230
E00114532,243,18,225
E00114533,222,36,186
E00114534,183,12,171
E00114536,358,63,295
E00114537,276,43,233
E00114539,280,65,215
E00114540,264,39,225
E00114541,278,47,231
E00114542,261,49,212
E00114543,296,58,238
E00114544,317,70,247
E00114545,281,38,243
E00114546,302,47,255
E00114547,266,42,224
E00114548,285,45,240
E00114549,336,50,286
E00114550,229,34,195
E00114551,463,98,365
E00114552,306,41,265
E00114553,219,35,184
E00114554,313,51,262
E00114555,313,31,282
E00114556,314,55,259
E00114557,297,41,256
E00114558,144,12,132
E00114559,327,42,285
E00114560,181,25,156
E00114561,369,79,290
E00114562,443,96,347
E00114563,246,28,218
E00114564,203,16,187
E00114565,326,52,274
E00114566,364,76,288
E00114567,232,29,203
E00114568,253,26,227
E00114569,335,51,284
E00114570,301,43,258
E00114571,300,48,252
E00114572,374,55,319
E00114574,389,62,327
E00114575,188,28,160
E00114576,282,41,241
E00114577,351,39,312
E00114578,358,62,296
E00114579,304,37,267
E00114580,284,49,235
E00114581,262,34,228
E00114582,282,33,249
E00114583,416,61,355
E00114584,349,70,279
E00114585,202,49,153
E00114586,265,46,219
E00114587,334,62,272
E00114588,309,61,248
E00114589,281,56,225
E00114591,368,86,282
E00114593,333,75,258
E00114594,307,77,230
E00114597,373,92,281
E00114598,269,61,208
E00114599,370,101,269
E00114600,229,49,180
E00114601,293,75,218
E00114602,356,85,271
E00114604,330,76,254
E00114605,336,59,277
E00114606,345,75,270
E00114609,253,55,198
E00114610,300,61,239
E00114611,285,51,234
E00114616,200,50,150
E00114617,182,36,146
E00114620,324,53,271
E00114621,254,47,207
E00114622,103,22,81
E00114623,282,55,227
E00114625,321,48,273
E00114626,322,43,279
E00114627,288,55,233
E00114628,139,22,117
E00114629,237,52,185
E00114630,268,38,230
E00114631,244,38,206
E00114632,241,41,200
E00114633,298,52,246
E00114634,301,70,231
E00114635,311,66,245
E00114636,320,72,248
E00114637,218,28,190
E00114638,244,32,212
E00114639,257,52,205
E00114640,295,60,235
E00114641,271,58,213
E00114642,317,55,262
E00114643,253,49,204
E00114644,266,39,227
E00114645,274,57,217
E00114646,251,18,233
E00114647,320,48,272
E00114648,288,35,253
E00114649,314,64,250
E00114650,307,57,250
E00114651,277,51,226
E00114652,311,54,257
E00114653,248,31,217
E00114654,197,17,180
E00114655,250,51,199
E00114656,408,80,328
E00114657,247,35,212
E00114658,284,43,241
E00114659,264,34,230
E00114660,282,49,233
E00114661,247,40,207
E00114662,268,36,232
E00114663,352,63,289
E00114665,384,117,267
E00114666,151,16,135
E00114667,345,43,302
E00114668,253,29,224
E00114669,248,33,215
E00114670,345,70,275
E00114671,248,27,221
E00114672,314,65,249
E00114673,293,47,246
E00114674,317,63,254
E00114675,336,74,262
E00114676,292,29,263
E00114677,271,52,219
E00114678,283,35,248
E00114679,232,31,201
E00114680,273,46,227
E00114681,277,60,217
E00114682,354,35,319
E00114683,256,57,199
E00114684,193,22,171
E00114685,291,58,233
E00114686,311,56,255
E00114687,286,41,245
E00114688,246,39,207
E00114689,223,22,201
E00114690,239,35,204
E00114691,338,49,289
E00114692,277,53,224
E00114693,256,48,208
E00114694,230,41,189
E00114695,265,40,225
E00114696,227,27,200
E00114697,264,43,221
E00114698,254,47,207
E00114699,183,33,150
E00114700,294,48,246
E00114701,196,28,168
E00114702,243,40,203
E00114703,137,29,108
E00114704,150,26,124
E00114705,341,76,265
E00114706,361,72,289
E00114707,349,70,279
E00114709,280,45,235
E00114710,271,39,232
E00114711,269,44,225
E00114712,270,27,243
E00114713,391,85,306
E00114714,166,23,143
E00114715,227,24,203
E00114716,294,51,243
E00114717,275,58,217
E00114718,252,44,208
E00114720,222,51,171
E00114721,329,75,254
E00114722,329,69,260
E00114723,303,54,249
E00114724,287,38,249
E00114725,335,70,265
E00114726,342,80,262
E00114727,281,43,238
E00114728,221,30,191
E00114729,288,46,242
E00114730,310,52,258
E00114731,265,44,221
E00114732,249,38,211
E00114733,467,82,385
E00114734,306,46,260
E00114735,281,50,231
E00114736,262,44,218
E00114737,348,47,301
E00114738,345,48,297
E00114739,258,26,232
E00114740,309,57,252
E00114741,297,59,238
E00114742,254,29,225
E00114743,283,71,212
E00114744,288,44,244
E00114745,341,46,295
E00114746,264,35,229
E00114747,277,65,212
E00114748,224,36,188
E00114749,314,43,271
E00114750,239,37,202
E00114751,286,51,235
E00114752,234,28,206
E00114753,347,54,293
E00114754,233,21,212
E00114755,262,28,234
E00114756,231,29,202
E00114757,276,45,231
E00114758,288,40,248
E00114759,345,73,272
E00114760,309,60,249
E00114761,440,95,345
E00114762,255,30,225
E00114763,262,29,233
E00114764,536,110,426
E00114765,344,83,261
E00114766,303,65,238
E00114767,195,4,191
E00114768,373,116,257
E00114769,241,32,209
E00114770,378,69,309
E00114771,285,23,262
E00114772,182,15,167
E00114773,240,16,224
E00114774,269,23,246
E00114776,310,58,252
E00114777,305,42,263
E00114778,248,22,226
E00114779,240,31,209
E00114780,345,65,280
E00114781,401,87,314
E00114783,303,38,265
E00114784,472,103,369
E00114785,293,33,260
E00114789,292,62,230
E00114790,219,34,185
E00114791,291,41,250
E00114792,273,25,248
E00114793,313,27,286
E00114794,264,41,223
E00114795,493,94,399
E00114796,341,75,266
E00114797,494,77,417
E00114798,388,80,308
E00114799,328,66,262
E00114800,419,92,327
E00114801,339,69,270
E00114802,374,70,304
E00114804,386,57,329
E00114805,433,74,359
E00114806,299,62,237
E00114807,452,54,398
E00114808,354,68,286
E00114809,326,66,260
E00114810,292,48,244
E00114811,434,68,366
E00114812,337,84,253
E00114813,570,141,429
E00114814,265,58,207
E00114815,333,82,251
E00114816,384,96,288
E00114817,328,68,260
E00114818,252,35,217
E00114819,363,75,288
E00114820,380,71,309
E00114821,473,89,384
E00114822,337,71,266
E00114823,441,97,344
E00114824,295,54,241
E00114825,291,62,229
E00114826,340,57,283
E00114827,345,45,300
E00114828,263,47,216
E00114830,265,48,217
E00114831,233,32,201
E00114832,207,30,177
E00114833,286,30,256
E00114834,293,51,242
E00114835,259,33,226
E00114837,412,65,347
E00114838,279,45,234
E00114839,366,52,314
E00114840,300,55,245
E00114841,328,63,265
E00114842,169,19,150
E00114843,105,15,90
E00114844,215,37,178
E00114845,499,71,428
E00114846,523,90,433
E00114847,280,35,245
E00114848,368,54,314
E00114849,226,32,194
E00114850,137,23,114
E00114851,310,41,269
E00114852,136,19,117
E00114853,250,35,215
E00114854,520,85,435
E00114855,421,88,333
E00114856,385,48,337
E00114857,336,52,284
E00114858,282,45,237
E00114859,330,66,264
E00114861,330,46,284
E00114862,402,86,316
E00114863,196,40,156
E00114864,275,43,232
E00114865,353,54,299
E00114866,391,66,325
E00114867,296,52,244
E00114869,279,45,234
E00114870,295,54,241
E00114871,322,51,271
E00114872,194,33,161
E00114875,324,54,270
E00114876,257,21,236
E00114877,130,16,114
E00114878,292,39,253
E00114879,259,49,210
E00114880,343,57,286
E00114881,480,319,161
E00114882,293,66,227
E00114883,416,80,336
E00114884,121,24,97
E00114885,447,104,343
E00114887,234,20,214
E00114888,306,45,261
E00114889,380,52,328
E00114890,251,38,213
E00114891,245,42,203
E00114892,258,29,229
E00114893,335,79,256
E00114894,265,46,219
E00114895,294,33,261
E00114896,306,56,250
E00114897,318,74,244
E00114898,295,80,215
E00114899,339,36,303
E00114900,302,39,263
E00114901,330,61,269
E00114902,310,46,264
E00114903,171,20,151
E00114904,452,77,375
E00114905,292,46,246
E00114906,305,36,269
E00114907,274,49,225
E00114908,239,33,206
E00114909,237,37,200
E00114910,350,58,292
E00114911,316,46,270
E00114912,258,36,222
E00114914,439,71,368
E00114915,454,75,379
E00114916,375,139,236
E00114917,453,82,371
E00114918,288,46,242
E00114919,169,31,138
E00114920,426,76,350
E00114921,228,36,192
E00114922,318,50,268
E00114923,401,62,339
E00114924,214,43,171
E00114925,273,35,238
E00114926,367,72,295
E00114927,314,48,266
E00114928,248,38,210
E00114929,276,29,247
E00114930,331,47,284
E00114931,323,56,267
E00114932,320,59,261
E00114933,336,50,286
E00114934,293,49,244
E00114935,262,46,216
E00114936,270,40,230
E00114937,379,71,308
E00114938,282,45,237
E00114941,322,48,274
E00114943,461,89,372
E00114944,260,41,219
E00114945,178,15,163
E00114946,291,48,243
E00114947,304,45,259
E00114949,300,49,251
E00114950,266,34,232
E00114951,295,49,246
E00114952,402,88,314
E00114953,291,59,232
E00114954,287,50,237
E00114955,366,52,314
E00114956,275,55,220
E00114957,335,51,284
E00114958,386,88,298
E00114959,284,52,232
E00114960,225,50,175
E00114961,250,27,223
E00114962,304,60,244
E00114963,296,42,254
E00114964,364,57,307
E00114966,296,33,263
E00114967,265,33,232
E00114968,302,34,268
E00114969,262,32,230
E00114970,293,57,236
E00114971,118,21,97
E00114972,401,67,334
E00114973,316,57,259
E00114974,296,55,241
E00114975,353,80,273
E00114976,283,58,225
E00114977,211,17,194
E00114978,246,45,201
E00114979,300,53,247
E00114980,397,56,341
E00114981,308,49,259
E00114982,276,41,235
E00114983,287,70,217
E00114984,285,38,247
E00114985,333,70,263
E00114986,312,53,259
E00114987,261,48,213
E00114988,223,33,190
E00114989,216,28,188
E00114990,278,56,222
E00114991,283,52,231
E00114992,324,61,263
E00114993,388,64,324
E00114994,284,44,240
E00114996,412,81,331
E00114997,576,165,411
E00114998,350,83,267
E00115000,276,51,225
E00115001,290,34,256
E00115002,163,9,154
E00115003,317,56,261
E00115004,276,54,222
E00115005,350,86,264
E00115006,277,48,229
E00115007,326,71,255
E00115008,332,72,260
E00115009,280,57,223
E00115010,314,63,251
E00115011,239,33,206
E00115012,312,54,258
E00115013,323,57,266
E00115014,322,54,268
E00115015,360,42,318
E00115016,293,45,248
E00115017,347,65,282
E00115018,316,54,262
E00115019,311,42,269
E00115021,324,59,265
E00115022,312,47,265
E00115023,191,24,167
E00115024,187,13,174
E00115025,330,71,259
E00115026,217,35,182
E00115027,224,30,194
E00115028,216,27,189
E00115029,235,18,217
E00115030,309,16,293
E00115031,221,15,206
E00115032,210,17,193
E00115033,182,19,163
E00115034,196,26,170
E00115035,187,43,144
E00115036,297,55,242
E00115037,393,73,320
E00115038,403,50,353
E00115039,373,84,289
E00115040,187,38,149
E00115041,236,35,201
E00115042,469,80,389
E00115043,292,42,250
E00115044,271,20,251
E00115045,240,27,213
E00115046,242,35,207
E00115047,443,59,384
E00115048,304,52,252
E00115049,357,57,300
E00115050,288,49,239
E00115051,306,44,262
E00115052,304,53,251
E00115053,280,55,225
E00115054,274,35,239
E00115055,260,41,219
E00115056,124,7,117
E00115057,334,63,271
E00115058,354,63,291
E00115059,433,80,353
E00115060,130,20,110
E00115061,286,35,251
E00115062,276,48,228
E00115063,270,37,233
E00115064,280,57,223
E00115065,260,43,217
E00115066,305,57,248
E00115067,239,17,222
E00115068,238,23,215
E00115069,293,48,245
E00115070,263,43,220
E00115071,234,48,186
E00115072,189,11,178
E00115073,232,36,196
E00115074,268,39,229
E00115075,317,63,254
E00115076,389,65,324
E00115077,321,72,249
E00115078,343,71,272
E00115079,354,78,276
E00115080,360,82,278
E00115081,225,17,208
E00115082,279,44,235
E00115083,107,11,96
E00115084,378,72,306
E00115086,286,46,240
E00115087,324,49,275
E00115088,326,40,286
E00115089,332,59,273
E00115090,370,66,304
E00115091,406,89,317
E00115092,489,94,395
E00115094,269,43,226
E00115095,98,21,77
E00115096,239,47,192
E00115097,266,42,224
E00115098,270,44,226
E00115100,336,56,280
E00115101,357,53,304
E00115102,272,22,250
E00115103,293,50,243
E00115104,360,99,261
E00115105,298,44,254
E00115106,257,38,219
E00115107,276,51,225
E00115108,282,37,245
E00115109,310,43,267
E00115110,301,58,243
E00115111,293,48,245
E00115112,232,26,206
E00115113,256,35,221
E00115114,310,53,257
E00115115,296,52,244
E00115116,372,56,316
E00115117,272,48,224
E00115118,284,24,260
E00115119,240,14,226
E00115120,313,56,257
E00115121,262,34,228
E00115122,210,26,184
E00115123,291,50,241
E00115124,281,46,235
E00115125,295,69,226
E00115127,290,66,224
E00115128,338,68,270
E00115129,287,63,224
E00115131,253,34,219
E00115132,244,47,197
E00115133,233,20,213
E00115134,271,54,217
E00115135,274,51,223
E00115136,155,5,150
E00115137,299,67,232
E00115138,285,53,232
E00115139,220,29,191
E00115140,562,105,457
E00115141,303,59,244
E00115142,252,40,212
E00115143,299,43,256
E00115144,282,61,221
E00115145,263,29,234
E00115147,324,60,264
E00115148,246,33,213
E00115149,324,58,266
E00115150,250,35,215
E00115151,276,43,233
E00115152,239,44,195
E00115153,283,61,222
E00115154,271,42,229
E00115155,274,33,241
E00115156,279,43,236
E00115157,280,61,219
E00115158,281,57,224
E00115159,252,49,203
E00115160,327,42,285
E00115162,214,30,184
E00115163,414,61,353
E00115164,287,57,230
E00115166,259,50,209
E00115167,293,82,211
E00115168,231,50,181
E00115169,315,81,234
E00115170,265,36,229
E00115171,214,19,195
E00115172,251,32,219
E00115173,203,23,180
E00115174,242,23,219
E00115175,280,39,241
E00115176,251,47,204
E00115177,249,46,203
E00115178,280,67,213
E00115179,351,53,298
E00115181,355,66,289
E00115182,375,57,318
E00115183,297,54,243
E00115184,249,46,203
E00115185,326,73,253
E00115186,213,14,199
E00115187,323,42,281
E00115188,294,56,238
E00115189,285,44,241
E00115190,167,21,146
E00115191,325,79,246
E00115192,315,68,247
E00115193,295,61,234
E00115194,254,53,201
E00115195,314,52,262
E00115196,259,35,224
E00115197,243,15,228
E00115198,292,48,244
E00115199,266,20,246
E00115200,316,59,257
E00115201,325,72,253
E00115202,347,69,278
E00115203,327,60,267
E00115204,321,69,252
E00115205,240,38,202
E00115206,215,35,180
E00115207,279,45,234
E00115208,320,41,279
E00115209,141,10,131
E00115210,319,18,301
E00115211,355,62,293
E00115212,246,44,202
E00115213,283,48,235
E00115214,508,82,426
E00115215,319,51,268
E00115216,352,66,286
E00115217,389,74,315
E00115218,252,32,220
E00115219,275,38,237
E00115221,283,51,232
E00115223,244,38,206
E00115224,328,70,258
E00115225,253,42,211
E00115226,316,49,267
E00115227,306,35,271
E00115229,291,46,245
E00115230,262,42,220
E00115231,354,70,284
E00115232,324,88,236
E00115233,252,48,204
E00115234,411,83,328
E00115235,535,134,401
E00115236,307,57,250
E00115237,391,78,313
E00115238,277,48,229
E00115239,144,8,136
E00115241,292,45,247
E00115242,376,54,322
E00115243,386,66,320
E00115244,416,62,354
E00115245,252,39,213
E00115246,269,37,232
E00115247,303,55,248
E00115248,531,85,446
E00115249,320,49,271
E00115250,506,99,407
E00115251,473,116,357
E00115252,270,42,228
E00115253,274,31,243
E00115254,351,53,298
E00115255,230,17,213
E00115256,378,66,312
E00115257,260,40,220
E00115258,338,80,258
E00115259,397,72,325
E00115260,284,45,239
E00115261,404,62,342
E00115262,214,34,180
E00115263,254,30,224
E00115264,253,28,225
E00115265,179,22,157
E00115266,353,96,257
E00115267,300,56,244
E00115269,313,77,236
E00115270,286,49,237
E00115271,517,106,411
E00115272,358,72,286
E00115273,340,87,253
E00115274,345,69,276
E00115275,252,42,210
E00115276,197,15,182
E00115277,337,66,271
E00115278,315,55,260
E00115279,444,77,367
E00115280,271,37,234
E00115281,327,51,276
E00115282,277,41,236
E00115283,324,79,245
E00115284,349,83,266
E00115286,335,44,291
E00115287,532,133,399
E00115288,287,51,236
E00115289,316,68,248
E00115290,235,34,201
E00115291,324,79,245
E00115292,207,21,186
E00115293,381,90,291
E00115294,257,35,222
E00115295,375,90,285
E00115296,538,117,421
E00115298,295,53,242
E00115299,356,57,299
E00115300,292,52,240
E00115301,349,62,287
E00115302,263,50,213
E00115303,220,34,186
E00115304,466,95,371
E00115305,343,73,270
E00115306,293,44,249
E00115307,302,48,254
E00115308,268,44,224
E00115309,255,44,211
E00115310,407,65,342
E00115311,213,22,191
E00115312,461,76,385
E00115313,260,33,227
E00115314,180,15,165
E00115315,126,30,96
E00115316,362,70,292
E00115317,197,19,178
E00115319,339,69,270
E00115321,258,31,227
E00115322,222,30,192
E00115323,293,55,238
E00115325,299,57,242
E00115326,248,36,212
E00115327,306,63,243
E00115328,235,34,201
E00115329,242,13,229
E00115330,392,97,295
E00115331,259,42,217
E00115332,278,46,232
E00115333,268,43,225
E00115334,250,34,216
E00115335,251,43,208
E00115336,255,36,219
E00115337,278,31,247
E00115338,322,64,258
E00115340,284,44,240
E00115341,352,82,270
E00115342,472,96,376
E00115343,291,68,223
E00115344,299,78,221
E00115346,236,49,187
E00115347,254,65,189
E00115348,240,52,188
E00115349,357,98,259
E00115351,169,44,125
E00115352,317,77,240
E00115353,224,34,190
E00115354,311,64,247
E00115355,313,69,244
E00115356,221,51,170
E00115357,307,75,232
E00115358,309,77,232
E00115359,253,53,200
E00115360,314,53,261
E00115361,243,36,207
E00115362,276,40,236
E00115363,294,46,248
E00115364,305,73,232
E00115365,297,41,256
E00115366,268,49,219
E00115368,172,34,138
E00115369,157,19,138
E00115370,320,45,275
E00115371,291,43,248
E00115372,121,12,109
E00115373,347,39,308
E00115374,349,53,296
E00115375,294,52,242
E00115376,274,43,231
E00115377,283,28,255
E00115378,492,107,385
E00115379,341,63,278
E00115380,255,40,215
E00115381,308,42,266
E00115382,344,73,271
E00115383,372,66,306
E00115384,216,24,192
E00115385,294,43,251
E00115386,365,56,309
E00115387,271,49,222
E00115388,327,71,256
E00115389,329,56,273
E00115390,287,78,209
E00115391,336,86,250
E00115392,403,89,314
E00115393,329,57,272
E00115394,306,61,245
E00115395,313,61,252
E00115396,196,26,170
E00115397,327,77,250
E00115398,319,56,263
E00115399,212,5,207
E00115400,216,46,170
E00115401,343,62,281
E00115402,348,99,249
E00115403,359,76,283
E00115404,261,56,205
E00115405,286,44,242
E00115406,283,57,226
E00115407,358,85,273
E00115408,365,92,273
E00115409,311,63,248
E00115410,292,68,224
E00115411,329,84,245
E00115412,249,32,217
E00115413,332,94,238
E00115414,271,47,224
E00115415,311,50,261
E00115416,317,66,251
E00115417,309,73,236
E00115419,304,50,254
E00115420,334,75,259
E00115421,335,85,250
E00115422,330,66,264
E00115423,371,72,299
E00115424,299,67,232
E00115425,396,101,295
E00115426,328,86,242
E00115427,262,62,200
E00115428,280,65,215
E00115429,202,23,179
E00115430,319,58,261
E00115431,303,69,234
E00115432,280,60,220
E00115433,240,33,207
E00115434,285,57,228
E00115435,256,32,224
E00115436,253,30,223
E00115437,297,38,259
E00115438,255,15,240
E00115439,295,51,244
E00115440,236,35,201
E00115441,270,40,230
E00115442,270,51,219
E00115443,282,56,226
E00115444,304,49,255
E00115445,305,62,243
E00115446,374,53,321
E00115447,284,58,226
E00115448,267,52,215
E00115449,310,48,262
E00115450,433,82,351
E00115451,229,31,198
E00115452,266,24,242
E00115453,249,53,196
E00115454,461,117,344
E00115455,205,19,186
E00115456,300,47,253
E00115457,184,19,165
E00115458,263,37,226
E00115459,260,38,222
E00115460,495,90,405
E00115461,516,94,422
E00115462,197,8,189
E00115463,466,63,403
E00115464,265,38,227
E00115465,440,42,398
E00115466,187,16,171
E00115467,340,68,272
E00115468,278,46,232
E00115469,204,25,179
E00115470,348,61,287
E00115471,333,67,266
E00115472,277,27,250
E00115473,273,37,236
E00115474,248,38,210
E00115475,161,17,144
E00115476,239,33,206
E00115477,253,29,224
E00115478,304,50,254
E00115479,330,51,279
E00115480,231,25,206
E00115481,231,52,179
E00115482,462,67,395
E00115483,194,26,168
E00115484,205,16,189
E00115485,331,70,261
E00115486,326,42,284
E00115487,282,45,237
E00115488,309,49,260
E00115489,271,38,233
E00115490,248,31,217
E00115491,310,68,242
E00115492,271,27,244
E00115493,381,72,309
E00115494,314,39,275
E00115495,349,43,306
E00115496,271,35,236
E00115497,247,26,221
E00115498,304,53,251
E00115499,251,23,228
E00115500,438,46,392
E00115501,226,29,197
E00115502,292,53,239
E00115503,230,39,191
E00115504,272,47,225
E00115505,269,45,224
E00115506,227,37,190
E00115507,298,52,246
E00115508,240,39,201
E00115509,152,53,99
E00115510,404,48,356
E00115511,320,62,258
E00115512,304,61,243
E00115513,300,59,241
E00115514,268,31,237
E00115515,285,41,244
E00115516,225,35,190
E00115517,281,40,241
E00115518,383,51,332
E00115519,368,47,321
E00115520,312,38,274
E00115521,276,47,229
E00115522,321,51,270
E00115523,235,38,197
E00115524,265,54,211
E00115525,234,28,206
E00115526,312,37,275
E00115527,313,57,256
E00115528,292,49,243
E00115529,295,42,253
E00115530,339,38,301
E00115531,241,21,220
E00115532,282,46,236
E00115533,292,54,238
E00115534,294,59,235
E00115535,290,44,246
E00115536,423,84,339
E00115537,309,58,251
E00115538,274,55,219
E00115539,341,76,265
E00115540,325,50,275
E00115541,420,49,371
E00115542,271,51,220
E00115543,254,47,207
E00115544,344,58,286
E00115545,245,28,217
E00115546,308,57,251
E00115547,256,36,220
E00115548,306,59,247
E00115549,290,45,245
E00115550,257,22,235
E00115551,212,26,186
E00115552,223,20,203
E00115553,317,49,268
E00115554,294,53,241
E00115555,327,57,270
E00115556,302,67,235
E00115557,222,26,196
E00115558,371,48,323
E00115559,310,54,256
E00115560,366,57,309
E00115561,219,34,185
E00115562,300,65,235
E00115563,323,66,257
E00115564,348,84,264
E00115565,263,31,232
E00115566,264,55,209
E00115567,286,53,233
E00115568,265,41,224
E00115569,245,29,216
E00115570,227,39,188
E00115571,265,24,241
E00115572,433,85,348
E00115573,495,95,400
E00115574,255,34,221
E00115575,364,45,319
E00115576,311,38,273
E00115577,255,60,195
E00115578,282,54,228
E00115579,315,48,267
E00115580,321,99,222
E00115581,319,66,253
E00115582,226,7,219
E00115583,238,24,214
E00115584,240,25,215
E00115585,270,31,239
E00115586,260,16,244
E00115587,338,50,288
E00115588,292,36,256
E00115589,332,38,294
E00115590,247,27,220
E00115591,418,107,311
E00115592,200,17,183
E00115593,306,44,262
E00115594,274,32,242
E00115595,297,58,239
E00115596,228,31,197
E00115597,254,36,218
E00115598,304,70,234
E00115599,326,63,263
E00115600,219,21,198
E00115601,248,27,221
E00115602,225,7,218
E00115603,214,8,206
E00115604,272,35,237
E00115606,284,38,246
E00115607,275,47,228
E00115608,260,37,223
E00115609,299,51,248
E00115610,259,40,219
E00115611,248,29,219
E00115612,276,68,208
E00115613,280,43,237
E00115614,331,39,292
E00115615,278,38,240
E00115616,265,16,249
E00115617,333,40,293
E00115618,284,56,228
E00115619,315,36,279
E00115620,304,44,260
E00115621,316,46,270
E00115622,316,49,267
E00115623,318,40,278
E00115624,430,125,305
E00115625,286,35,251
E00115626,236,30,206
E00115627,280,42,238
E00115629,316,42,274
E00115630,327,39,288
E00115631,294,48,246
E00115632,303,47,256
E00115633,354,59,295
E00115634,342,65,277
E00115635,180,15,165
E00115636,320,68,252
E00115637,316,41,275
E00115638,274,46,228
E00115639,205,22,183
E00115640,330,56,274
E00115641,330,54,276
E00115642,410,77,333
E00115643,338,53,285
E00115644,268,42,226
E00115645,299,54,245
E00115646,280,37,243
E00115647,225,44,181
E00115648,233,33,200
E00115649,255,42,213
E00115650,315,39,276
E00115652,217,32,185
E00115653,218,26,192
E00115655,279,59,220
E00115656,327,69,258
E00115657,346,70,276
E00115658,416,90,326
E00115659,233,20,213
E00115661,314,72,242
E00115662,285,39,246
E00115664,334,66,268
E00115665,270,72,198
E00115666,262,48,214
E00115667,302,72,230
E00115668,305,49,256
E00115669,358,76,282
E00115671,541,82,459
E00115672,283,32,251
E00115673,290,52,238
E00115674,295,34,261
E00115675,254,37,217
E00115676,196,21,175
E00115677,290,59,231
E00115678,270,30,240
E00115679,283,50,233
E00115680,339,46,293
E00115681,271,22,249
E00115682,265,42,223
E00115683,289,62,227
E00115684,321,39,282
E00115685,256,26,230
E00115686,274,37,237
E00115687,443,65,378
E00115688,257,20,237
E00115689,238,27,211
E00115690,266,26,240
E00115691,222,29,193
E00115692,274,31,243
E00115693,278,17,261
E00115694,269,40,229
E00115695,315,57,258
E00115696,286,58,228
E00115697,346,54,292
E00115698,305,49,256
E00115699,215,26,189
E00115700,218,33,185
E00115701,303,51,252
E00115702,309,49,260
E00115703,241,28,213
E00115704,271,33,238
E00115705,277,55,222
E00115706,311,60,251
E00115707,268,35,233
E00115708,242,26,216
E00115709,292,43,249
E00115710,253,18,235
E00115711,343,75,268
E00115712,314,63,251
E00115713,389,60,329
E00115714,350,66,284
E00115715,251,45,206
E00115716,348,93,255
E00115717,247,34,213
E00115718,290,41,249
E00115719,441,85,356
E00115720,312,61,251
E00115721,356,46,310
E00115722,229,20,209
E00115723,228,20,208
E00115724,282,62,220
E00115725,322,63,259
E00115726,281,51,230
E00115727,296,33,263
E00115728,342,38,304
E00115729,252,46,206
E00115730,394,66,328
E00115731,297,69,228
E00115732,314,58,256
E00115733,343,60,283
E00115734,332,88,244
E00115735,358,98,260
E00115736,507,121,386
E00115737,374,58,316
E00115738,340,68,272
E00115739,324,60,264
E00115741,388,79,309
E00115742,480,118,362
E00115743,317,67,250
E00115744,243,55,188
E00115745,316,47,269
E00115746,301,76,225
E00115747,339,88,251
E00115748,263,44,219
E00115749,308,79,229
E00115750,352,90,262
E00115751,290,68,222
E00115752,327,63,264
E00115753,221,40,181
E00115754,273,46,227
E00115755,251,32,219
E00115756,255,30,225
E00115758,257,28,229
E00115759,371,78,293
E00115760,285,39,246
E00115761,288,41,247
E00115762,287,33,254
E00115763,275,29,246
E00115764,252,45,207
E00115765,264,32,232
E00115766,294,48,246
E00115767,329,55,274
E00115768,297,38,259
E00115769,368,55,313
E00115770,200,7,193
E00115771,177,22,155
E00115772,263,30,233
E00115773,258,24,234
E00115774,238,27,211
E00115775,330,64,266
E00115776,247,29,218
E00115777,280,45,235
E00115778,225,39,186
E00115779,323,83,240
E00115780,223,31,192
E00115781,319,78,241
E00115782,561,112,449
E00115783,415,69,346
E00115785,204,17,187
E00115786,381,45,336
E00115787,329,47,282
E00115788,346,71,275
E00115789,272,25,247
E00115790,293,28,265
E00115791,277,43,234
E00115792,286,31,255
E00115793,223,15,208
E00115794,248,51,197
E00115795,355,49,306
E00115796,329,66,263
E00115797,380,66,314
E00115798,372,60,312
E00115799,320,48,272
E00115800,296,42,254
E00115801,318,54,264
E00115802,255,39,216
E00115803,212,33,179
E00115804,279,38,241
E00115805,337,75,262
E00115806,291,48,243
E00115808,275,40,235
E00115809,326,56,270
E00115810,224,30,194
E00115811,246,36,210
E00115812,299,53,246
E00115813,299,54,245
E00115814,245,37,208
E00115815,255,34,221
E00115816,396,87,309
E00115817,206,34,172
E00115818,321,53,268
E00115819,372,69,303
E00115820,306,43,263
E00115821,340,51,289
E00115822,396,77,319
E00115823,290,41,249
E00115824,327,46,281
E00115825,426,77,349
E00115826,239,27,212
E00115827,418,41,377
E00115828,324,69,255
E00115829,314,71,243
E00115830,294,56,238
E00115831,261,52,209
E00115832,537,100,437
E00115833,306,50,256
E00115834,347,55,292
E00115835,302,63,239
E00115836,322,64,258
E00115837,260,20,240
E00115838,126,3,123
E00115839,304,47,257
E00115840,356,63,293
E00115841,300,54,246
E00115842,267,51,216
E00115843,234,35,199
E00115844,291,36,255
E00115845,364,69,295
E00115846,264,40,224
E00115847,238,12,226
E00115848,303,44,259
E00115849,343,56,287
E00115850,235,49,186
E00115851,222,21,201
E00115852,299,57,242
E00115853,223,27,196
E00115854,290,34,256
E00115855,421,72,349
E00115856,374,53,321
E00115857,252,29,223
E00115858,291,43,248
E00115859,251,36,215
E00115860,264,29,235
E00115861,264,33,231
E00115862,248,64,184
E00115863,237,36,201
E00115864,322,54,268
E00115866,280,41,239
E00115867,290,70,220
E00115868,286,52,234
E00115869,336,69,267
E00115870,338,55,283
E00115871,258,51,207
E00115872,239,31,208
E00115873,421,121,300
E00115874,309,73,236
E00115875,226,20,206
E00115876,276,53,223
E00115877,292,56,236
E00115878,308,64,244
E00115879,258,32,226
E00115880,271,44,227
E00115881,208,37,171
E00115882,364,73,291
E00115883,228,38,190
E00115884,285,45,240
E00115885,267,37,230
E00115886,268,33,235
E00115887,253,48,205
E00115888,293,48,245
E00115889,205,19,186
E00115890,362,71,291
E00115891,316,71,245
E00115892,373,80,293
E00115893,338,64,274
E00115894,339,69,270
E00115895,170,1,169
E00115896,252,14,238
E00115897,271,38,233
E00115898,212,71,141
E00115899,253,38,215
E00115900,230,42,188
E00115901,301,40,261
E00115902,232,42,190
E00115903,252,31,221
E00115904,244,38,206
E00115905,284,40,244
E00115906,274,56,218
E00115907,217,35,182
E00115908,250,44,206
E00115909,292,43,249
E00115910,230,30,200
E00115911,267,32,235
E00115912,234,20,214
E00115913,219,4,215
E00115914,192,11,181
E00115915,296,62,234
E00115916,294,53,241
E00115917,255,33,222
E00115918,292,53,239
E00115919,248,28,220
E00115920,297,58,239
E00115921,221,17,204
E00115922,326,44,282
E00115924,333,47,286
E00115925,322,63,259
E00115926,330,24,306
E00115927,283,50,233
E00115928,280,39,241
E00115929,284,48,236
E00115930,271,44,227
E00115931,281,57,224
E00115932,280,47,233
E00115933,285,53,232
E00115934,284,50,234
E00115935,293,53,240
E00115936,338,74,264
E00115937,301,55,246
E00115938,274,28,246
E00115939,308,48,260
E00115940,348,69,279
E00115941,233,42,191
E00115942,200,22,178
E00115943,298,66,232
E00115944,278,52,226
E00115945,269,50,219
E00115946,288,50,238
E00115947,309,54,255
E00115948,290,53,237
E00115949,285,41,244
E00115950,244,36,208
E00115951,282,54,228
E00115952,305,64,241
E00115953,243,41,202
E00115954,408,72,336
E00115955,172,22,150
E00115956,356,89,267
E00115957,280,77,203
E00115958,311,74,237
E00115961,382,118,264
E00115963,333,88,245
E00115964,412,106,306
E00115965,305,82,223
E00115967,428,95,333
E00115968,316,61,255
E00115969,349,87,262
E00115970,251,67,184
E00115971,290,73,217
E00115972,454,154,300
E00115973,277,54,223
E00115974,347,74,273
E00115975,256,52,204
E00115976,278,59,219
E00115977,337,79,258
E00115979,363,65,298
E00115980,325,51,274
E00115982,270,46,224
E00115983,303,54,249
E00115984,301,44,257
E00115985,258,32,226
E00115986,297,58,239
E00115987,276,37,239
E00115988,301,31,270
E00115989,415,49,366
E00115990,253,37,216
E00115991,227,41,186
E00115992,252,31,221
E00115993,273,44,229
E00115994,252,38,214
E00115995,258,35,223
E00115996,162,19,143
E00115997,259,45,214
E00115998,372,98,274
E00116000,579,109,470
E00116002,155,0,155
E00116003,271,34,237
E00116004,234,20,214
E00116005,220,24,196
E00116006,324,38,286
E00116007,246,10,236
E00116008,280,35,245
E00116009,266,36,230
E00116010,247,18,229
E00116011,259,53,206
E00116012,250,21,229
E00116013,279,27,252
E00116015,348,64,284
E00116016,313,63,250
E00116017,201,22,179
E00116018,273,44,229
E00116019,217,26,191
E00116020,304,55,249
E00116021,309,57,252
E00116022,304,73,231
E00116023,290,42,248
E00116024,232,54,178
E00116025,143,15,128
E00116026,259,50,209
E00116027,323,76,247
E00116028,290,52,238
E00116029,266,40,226
E00116030,322,73,249
E00116031,255,35,220
E00116032,299,44,255
E00116033,319,59,260
E00116034,243,19,224
E00116035,234,11,223
E00116036,312,48,264
E00116037,216,25,191
E00116038,215,18,197
E00116039,228,46,182
E00116040,280,36,244
E00116041,231,38,193
E00116042,262,26,236
E00116043,217,34,183
E00116044,237,37,200
E00116045,288,45,243
E00116046,292,48,244
E00116047,305,68,237
E00116048,226,33,193
E00116049,251,33,218
E00116050,353,71,282
E00116051,282,37,245
E00116052,250,41,209
E00116053,224,21,203
E00116054,230,32,198
E00116055,298,51,247
E00116056,282,57,225
E00116057,297,54,243
E00116058,357,82,275
E00116059,276,49,227
E00116060,255,46,209
E00116061,301,58,243
E00116062,282,45,237
E00116063,220,31,189
E00116064,226,44,182
E00116065,303,83,220
E00116066,307,47,260
E00116067,281,79,202
E00116068,355,64,291
E00116069,232,35,197
E00116070,356,129,227
E00116071,305,93,212
E00116072,324,68,256
E00116073,312,71,241
E00116074,262,43,219
E00116076,292,10,282
E00116077,276,45,231
E00116078,170,5,165
E00116079,220,46,174
E00116080,230,21,209
E00116081,170,18,152
E00116082,308,49,259
E00116083,293,41,252
E00116084,229,48,181
E00116085,276,32,244
E00116086,211,61,150
E00116087,290,93,197
E00116088,246,38,208
E00116089,267,44,223
E00116090,225,31,194
E00116092,328,44,284
E00116094,278,46,232
E00116096,281,28,253
E00116097,340,77,263
E00116098,252,28,224
E00116099,306,51,255
E00116100,419,72,347
E00116101,305,38,267
E00116102,291,35,256
E00116103,302,50,252
E00116104,274,38,236
E00116105,351,69,282
E00116106,379,71,308
E00116107,299,70,229
E00116108,331,67,264
E00116109,325,81,244
E00116110,245,42,203
E00116111,293,70,223
E00116112,355,69,286
E00116113,283,51,232
E00116114,306,68,238
E00116115,230,35,195
E00116116,285,45,240
E00116117,344,70,274
E00116118,300,48,252
E00116119,288,54,234
E00116120,311,68,243
E00116121,306,58,248
E00116122,331,86,245
E00116123,296,68,228
E00116124,432,90,342
E00116125,301,46,255
E00116126,306,51,255
E00116127,118,4,114
E00116128,350,48,302
E00116129,288,56,232
E00116130,306,72,234
E00116131,308,68,240
E00116132,297,78,219
E00116133,264,54,210
E00116134,299,47,252
E00116135,226,22,204
E00116136,243,40,203
E00116137,337,68,269
E00116138,346,48,298
E00116139,400,147,253
E00116140,311,68,243
E00116141,274,49,225
E00116142,292,49,243
E00116143,563,100,463
E00116144,265,57,208
E00116145,303,62,241
E00116148,377,77,300
E00116149,374,86,288
E00116150,159,17,142
E00116151,268,51,217
E00116152,277,62,215
E00116153,372,90,282
E00116154,412,92,320
E00116155,290,54,236
E00116156,458,102,356
E00116157,290,56,234
E00116158,276,52,224
E00116159,314,35,279
E00116160,309,50,259
E00116161,318,41,277
E00116162,303,50,253
E00116163,340,62,278
E00116164,304,61,243
E00116165,398,83,315
E00116166,322,60,262
E00116167,261,43,218
E00116168,310,22,288
E00116169,338,23,315
E00116171,277,50,227
E00116172,329,26,303
E00116173,337,75,262
E00116174,319,54,265
E00116175,301,60,241
E00116176,354,69,285
E00116177,281,57,224
E00116178,305,62,243
E00116179,273,63,210
E00116180,297,54,243
E00116181,313,56,257
E00116182,317,58,259
E00116183,368,84,284
E00116184,282,46,236
E00116185,295,65,230
E00116186,293,55,238
E00116187,228,29,199
E00116188,291,67,224
E00116189,288,41,247
E00116190,314,63,251
E00116191,340,60,280
E00116192,365,68,297
E00116194,279,21,258
E00116195,357,70,287
E00116197,419,59,360
E00116198,231,35,196
E00116199,269,40,229
E00116200,240,30,210
E00116201,353,42,311
E00116202,351,73,278
E00116203,330,61,269
E00116204,289,46,243
E00116205,335,64,271
E00116206,300,52,248
E00116207,302,54,248
E00116208,335,58,277
E00116209,345,79,266
E00116210,306,55,251
E00116211,210,25,185
E00116212,309,51,258
E00116213,330,80,250
E00116214,305,65,240
E00116215,236,30,206
E00116216,310,79,231
E00116217,332,78,254
E00116218,323,67,256
E00116219,332,59,273
E00116220,397,80,317
E00116221,293,42,251
E00116222,314,60,254
E00116223,361,61,300
E00116224,306,51,255
E00116226,363,77,286
E00116227,291,68,223
E00116228,312,61,251
E00116229,110,8,102
E00116230,328,68,260
E00116231,302,23,279
E00116232,365,69,296
E00116233,324,88,236
E00116234,350,64,286
E00116235,357,84,273
E00116236,275,42,233
E00116237,313,53,260
E00116238,301,63,238
E00116239,319,73,246
E00116240,327,66,261
E00116241,545,118,427
E00116242,362,63,299
E00116243,254,34,220
E00116244,304,41,263
E00116245,365,61,304
E00116246,325,63,262
E00116247,279,55,224
E00116248,299,53,246
E00116249,261,46,215
E00116250,262,54,208
E00116251,274,51,223
E00116253,433,76,357
E00116254,500,96,404
E00116255,185,44,141
E00116256,301,40,261
E00116257,254,37,217
E00116258,315,62,253
E00116259,287,46,241
E00116260,255,9,246
E00116261,241,29,212
E00116262,275,49,226
E00116263,315,57,258
E00116264,283,46,237
E00116265,286,51,235
E00116266,268,31,237
E00116267,351,73,278
E00116268,438,103,335
E00116269,339,60,279
E00116270,300,66,234
E00116272,238,36,202
E00116273,286,48,238
E00116274,357,75,282
E00116276,333,68,265
E00116277,352,73,279
E00116278,321,73,248
E00116279,314,62,252
E00116280,439,79,360
E00116281,296,56,240
E00116282,281,24,257
E00116283,189,39,150
E00116285,268,55,213
E00116286,297,53,244
E00116287,237,38,199
E00116291,312,72,240
E00116292,171,33,138
E00116293,155,28,127
E00116294,268,37,231
E00116295,318,56,262
E00116296,485,83,402
E00116297,484,89,395
E00116298,326,59,267
E00116299,306,58,248
E00116300,295,53,242
E00116301,360,32,328
E00116303,213,21,192
E00116304,222,17,205
E00116305,307,49,258
E00116306,308,68,240
E00116307,381,39,342
E00116308,295,38,257
E00116309,353,68,285
E00116310,213,20,193
E00116311,302,46,256
E00116312,320,60,260
E00116313,320,46,274
E00116314,296,58,238
E00116315,294,57,237
E00116316,351,66,285
E00116317,301,51,250
E00116318,325,41,284
E00116319,285,45,240
E00116320,274,29,245
E00116321,282,35,247
E00116322,483,61,422
E00116323,317,54,263
E00116324,259,44,215
E00116325,276,41,235
E00116326,272,40,232
E00116327,260,36,224
E00116328,501,82,419
E00116329,271,53,218
E00116330,225,32,193
E00116331,224,28,196
E00116332,256,34,222
E00116333,294,56,238
E00116334,308,46,262
E00116335,273,36,237
E00116336,374,61,313
E00116337,267,50,217
E00116338,277,51,226
E00116339,263,54,209
E00116340,302,64,238
E00116341,350,70,280
E00116342,306,55,251
E00116343,270,48,222
E00116344,348,71,277
E00116345,169,34,135
E00116346,288,49,239
E00116347,289,53,236
E00116348,247,44,203
E00116349,316,38,278
E00116350,273,56,217
E00116351,309,68,241
E00116352,319,65,254
E00116353,310,60,250
E00116354,313,59,254
E00116355,263,44,219
E00116356,294,64,230
E00116357,330,81,249
E00116358,406,86,320
E00116359,309,49,260
E00116360,282,62,220
E00116361,244,50,194
E00116362,298,65,233
E00116363,311,59,252
E00116364,328,75,253
E00116365,226,41,185
E00116366,370,82,288
E00116367,331,59,272
E00116369,321,63,258
E00116370,325,61,264
E00116371,305,81,224
E00116372,361,77,284
E00116373,296,45,251
E00116374,336,60,276
E00116375,442,107,335
E00116376,266,31,235
E00116377,240,52,188
E00116378,231,42,189
E00116379,239,50,189
E00116380,287,80,207
E00116381,309,73,236
E00116382,292,57,235
E00116383,298,54,244
E00116384,311,63,248
E00116385,292,55,237
E00116386,286,69,217
E00116387,323,56,267
E00116388,349,69,280
E00116389,202,30,172
E00116390,390,97,293
E00116391,193,31,162
E00116392,319,55,264
E00116393,329,55,274
E00116394,252,45,207
E00116395,298,58,240
E00116396,384,65,319
E00116397,298,46,252
E00116398,298,61,237
E00116399,307,62,245
E00116400,332,53,279
E00116401,332,60,272
E00116402,511,67,444
E00116403,271,39,232
E00116404,261,35,226
E00116405,433,58,375
E00116406,326,59,267
E00116407,296,49,247
E00116408,328,59,269
E00116410,255,33,222
E00116411,243,23,220
E00116412,316,52,264
E00116413,257,32,225
E00116414,331,66,265
E00116415,236,47,189
E00116416,278,27,251
E00116417,267,28,239
E00116418,503,84,419
E00116419,307,45,262
E00116420,277,40,237
E00116421,245,41,204
E00116422,291,55,236
E00116423,264,39,225
E00116424,218,21,197
E00116425,286,53,233
E00116426,309,52,257
E00116427,280,76,204
E00116428,296,69,227
E00116429,262,34,228
E00116430,298,61,237
E00116431,317,60,257
E00116432,273,56,217
E00116433,287,61,226
E00116434,322,79,243
E00116435,286,65,221
E00116436,313,67,246
E00116437,307,83,224
E00116438,349,91,258
E00116439,245,35,210
E00116440,302,61,241
E00116441,285,67,218
E00116442,293,68,225
E00116443,293,77,216
E00116444,258,49,209
E00116445,285,48,237
E00116446,256,47,209
E00116447,316,56,260
E00116448,295,40,255
E00116449,282,29,253
E00116450,294,38,256
E00116451,229,20,209
E00116452,316,75,241
E00116453,279,50,229
E00116454,303,50,253
E00116455,281,36,245
E00116456,284,45,239
E00116457,302,43,259
E00116458,256,46,210
E00116459,294,48,246
E00116460,305,66,239
E00116461,221,32,189
E00116462,298,34,264
E00116463,345,53,292
E00116464,283,31,252
E00116465,347,63,284
E00116467,372,91,281
E00116468,258,26,232
E00116469,348,60,288
E00116470,299,57,242
E00116472,295,35,260
E00116473,295,51,244
E00116474,214,17,197
E00116475,306,39,267
E00116476,306,39,267
E00116477,288,45,243
E00116478,356,39,317
E00116479,276,30,246
E00116480,191,11,180
E00116481,327,36,291
E00116482,240,19,221
E00116483,280,27,253
E00116484,234,35,199
E00116485,300,33,267
E00116486,284,18,266
E00116487,273,43,230
E00116488,286,23,263
E00116489,220,14,206
E00116490,268,24,244
E00116491,224,8,216
E00116492,452,82,370
E00116494,373,88,285
E00116495,289,64,225
E00116496,310,41,269
E00116497,295,57,238
E00116498,275,51,224
E00116500,242,62,180
E00116501,246,34,212
E00116502,303,57,246
E00116503,276,46,230
E00116504,289,31,258
E00116505,259,39,220
E00116506,274,39,235
E00116507,199,30,169
E00116508,262,32,230
E00116509,253,49,204
E00116510,336,42,294
E00116511,336,53,283
E00116512,385,87,298
E00116513,311,81,230
E00116514,529,144,385
E00116515,354,95,259
E00116516,279,67,212
E00116517,305,67,238
E00116518,310,71,239
E00116519,227,44,183
E00116520,268,22,246
E00116521,270,52,218
E00116522,246,33,213
E00116523,325,63,262
E00116524,303,43,260
E00116525,224,9,215
E00116526,226,27,199
E00116527,325,35,290
E00116528,236,27,209
E00116529,290,41,249
E00116530,240,19,221
E00116531,226,16,210
E00116532,355,42,313
E00116533,256,25,231
E00116534,333,49,284
E00116535,344,62,282
E00116536,257,18,239
E00116537,335,58,277
E00116538,298,55,243
E00116539,377,51,326
E00116541,442,40,402
E00116542,290,29,261
E00116543,437,68,369
E00116544,285,18,267
E00116545,293,37,256
E00116546,273,31,242
E00116547,280,12,268
E00116548,198,12,186
E00116549,139,18,121
E00116550,392,98,294
E00116551,331,56,275
E00116552,308,43,265
E00116553,393,54,339
E00116554,239,45,194
E00116555,461,71,390
E00116556,249,24,225
E00116557,310,30,280
E00116558,230,31,199
E00116559,294,25,269
E00116560,211,16,195
E00116561,307,69,238
E00116562,300,40,260
E00116563,263,27,236
E00116564,302,37,265
E00116565,263,20,243
E00116566,205,22,183
E00116567,299,24,275
E00116568,277,31,246
E00116569,262,27,235
E00116570,194,12,182
E00116571,300,49,251
E00116572,313,48,265
E00116573,451,78,373
E00116574,300,25,275
E00116575,270,33,237
E00116576,317,43,274
E00116577,301,23,278
E00116578,313,51,262
E00116579,277,11,266
E00116580,264,38,226
E00116581,274,33,241
E00116582,311,40,271
E00116583,282,38,244
E00116584,294,44,250
E00116585,252,12,240
E00116586,378,51,327
E00116587,247,40,207
E00116588,265,24,241
E00116589,249,32,217
E00116590,253,15,238
E00116591,291,30,261
E00116592,252,22,230
E00116593,260,36,224
E00116594,230,13,217
E00116595,238,8,230
E00116596,250,32,218
E00116597,203,24,179
E00116598,272,47,225
E00116599,188,25,163
E00116600,299,45,254
E00116601,340,62,278
E00116602,244,42,202
E00116603,269,38,231
E00116604,367,55,312
E00116605,205,29,176
E00116606,301,51,250
E00116607,293,46,247
E00116608,249,43,206
E00116609,267,37,230
E00116610,240,44,196
E00116611,336,58,278
E00116612,259,37,222
E00116613,342,41,301
E00116614,336,70,266
E00116615,321,43,278
E00116616,538,113,425
E00116617,318,54,264
E00116618,299,45,254
E00116619,252,24,228
E00116620,283,37,246
E00116621,319,53,266
E00116622,245,25,220
E00116623,331,52,279
E00116624,265,49,216
E00116625,225,26,199
E00116626,294,52,242
E00116627,354,55,299
E00116628,307,45,262
E00116629,238,40,198
E00116630,274,43,231
E00116631,336,47,289
E00116632,254,31,223
E00116633,369,58,311
E00116634,315,55,260
E00116635,326,41,285
E00116637,298,41,257
E00116638,292,69,223
E00116639,278,59,219
E00116640,276,46,230
E00116642,247,35,212
E00116643,245,34,211
E00116644,484,86,398
E00116645,262,45,217
E00116646,326,70,256
E00116647,527,119,408
E00116648,437,61,376
E00116649,330,64,266
E00116650,356,47,309
E00116651,374,30,344
E00116652,226,31,195
E00116653,242,26,216
E00116654,263,44,219
E00116656,294,29,265
E00116657,238,40,198
E00116658,251,35,216
E00116659,308,58,250
E00116660,271,39,232
E00116661,367,65,302
E00116662,335,82,253
E00116663,274,57,217
E00116664,181,16,165
E00116665,284,47,237
E00116666,223,19,204
E00116667,298,50,248
E00116668,201,21,180
E00116669,231,31,200
E00116670,313,48,265
E00116671,186,11,175
E00116672,314,62,252
E00116673,396,110,286
E00116674,348,81,267
E00116676,297,44,253
E00116677,345,71,274
E00116678,266,72,194
E00116679,363,86,277
E00116680,332,75,257
E00116681,365,80,285
E00116682,294,55,239
E00116683,325,71,254
E00116684,293,75,218
E00116685,325,79,246
E00116686,285,54,231
E00116687,286,54,232
E00116688,248,41,207
E00116689,316,63,253
E00116690,199,31,168
E00116691,314,81,233
E00116692,409,113,296
E00116693,319,83,236
E00116694,359,105,254
E00116695,390,133,257
E00116697,325,85,240
E00116699,425,136,289
E00116700,356,93,263
E00116701,334,80,254
E00116702,317,59,258
E00116703,366,103,263
E00116704,310,68,242
E00116705,356,118,238
E00116706,266,68,198
E00116707,244,62,182
E00116708,268,58,210
E00116709,307,54,253
E00116710,238,35,203
E00116711,284,22,262
E00116712,312,54,258
E00116713,377,58,319
E00116714,370,41,329
E00116715,403,72,331
E00116716,282,47,235
E00116717,298,54,244
E00116718,327,64,263
E00116719,267,26,241
E00116720,343,60,283
E00116721,294,43,251
E00116722,196,15,181
E00116723,232,19,213
E00116724,204,29,175
E00116725,225,29,196
E00116726,255,43,212
E00116727,309,23,286
E00116728,215,23,192
E00116729,425,68,357
E00116730,290,51,239
E00116731,267,26,241
E00116732,211,16,195
E00116733,260,29,231
E00116734,486,88,398
E00116735,277,46,231
E00116736,396,17,379
E00116737,250,21,229
E00116738,192,9,183
E00116739,259,35,224
E00116741,258,33,225
E00116742,320,48,272
E00116743,280,43,237
E00116744,286,32,254
E00116745,358,75,283
E00116746,231,26,205
E00116747,240,26,214
E00116748,281,47,234
E00116749,263,49,214
E00116750,347,59,288
E00116751,310,49,261
E00116752,278,43,235
E00116753,301,37,264
E00116754,434,43,391
E00116755,317,55,262
E00116756,297,44,253
E00116757,143,19,124
E00116758,106,4,102
E00116759,287,32,255
E00116760,382,53,329
E00116761,260,23,237
E00116762,250,13,237
E00116763,260,36,224
E00116764,260,16,244
E00116765,109,7,102
E00116766,283,20,263
E00116767,270,2,268
E00116768,256,21,235
E00116769,231,10,221
E00116770,261,24,237
E00116771,275,17,258
E00116772,275,27,248
E00116773,310,33,277
E00116774,357,20,337
E00116775,290,28,262
E00116776,240,20,220
E00116777,219,17,202
E00116778,255,21,234
E00116779,330,44,286
E00116780,298,8,290
E00116781,361,74,287
E00116782,195,19,176
E00116783,283,28,255
E00116784,285,9,276
E00116785,235,30,205
E00116786,320,56,264
E00116787,298,33,265
E00116788,298,40,258
E00116789,281,34,247
E00116790,328,52,276
E00116791,258,30,228
E00116792,387,24,363
E00116793,241,38,203
E00116794,260,32,228
E00116795,223,32,191
E00116796,363,66,297
E00116797,260,52,208
E00116798,298,43,255
E00116799,288,37,251
E00116800,244,26,218
E00116801,323,35,288
E00116802,282,26,256
E00116803,286,51,235
E00116804,299,17,282
E00116805,397,23,374
E00116806,414,54,360
E00116807,316,77,239
E00116808,313,78,235
E00116809,298,43,255
E00116810,347,63,284
E00116811,227,55,172
E00116812,295,42,253
E00116813,351,49,302
E00116814,499,75,424
E00116815,360,68,292
E00116816,347,50,297
E00116817,214,28,186
E00116818,248,46,202
E00116819,215,35,180
E00116820,246,24,222
E00116821,264,38,226
E00116822,328,44,284
E00116823,325,25,300
E00116824,296,38,258
E00116825,294,33,261
E00116826,301,44,257
E00116827,337,39,298
E00116828,194,30,164
E00116829,294,30,264
E00116830,379,48,331
E00116831,321,94,227
E00116832,260,51,209
E00116833,243,35,208
E00116834,233,36,197
E00116835,213,22,191
E00116836,255,49,206
E00116837,267,33,234
E00116838,309,56,253
E00116839,308,43,265
E00116840,336,54,282
E00116841,316,53,263
E00116842,305,37,268
E00116843,323,53,270
E00116844,283,52,231
E00116845,369,46,323
E00116846,211,27,184
E00116847,229,28,201
E00116848,213,26,187
E00116849,246,46,200
E00116850,243,35,208
E00116851,266,46,220
E00116852,222,22,200
E00116853,330,47,283
E00116854,230,23,207
E00116855,309,34,275
E00116856,281,25,256
E00116857,287,28,259
E00116858,340,58,282
E00116859,416,65,351
E00116860,251,61,190
E00116861,357,57,300
E00116862,295,66,229
E00116863,274,44,230
E00116864,310,51,259
E00116865,284,37,247
E00116866,210,36,174
E00116867,323,71,252
E00116868,154,22,132
E00116869,227,29,198
E00116870,288,28,260
E00116871,443,75,368
E00116872,290,56,234
E00116873,328,57,271
E00116874,324,83,241
E00116875,399,43,356
E00116876,193,27,166
E00116877,369,70,299
E00116878,112,21,91
E00116879,267,38,229
E00116880,283,43,240
E00116881,280,27,253
E00116882,310,42,268
E00116883,293,44,249
E00116884,516,118,398
E00116885,319,45,274
E00116886,296,42,254
E00116887,358,62,296
E00116888,228,23,205
E00116889,232,42,190
E00116890,262,31,231
E00116891,248,30,218
E00116892,208,27,181
E00116893,278,44,234
E00116894,370,49,321
E00116895,320,46,274
E00116896,277,42,235
E00116897,295,74,221
E00116898,280,90,190
E00116899,314,72,242
E00116900,407,113,294
E00116901,326,61,265
E00116902,373,65,308
E00116903,279,51,228
E00116904,282,35,247
E00116905,255,12,243
E00116908,277,70,207
E00116909,135,5,130
E00116910,147,13,134
E00116911,208,31,177
E00116912,308,73,235
E00116913,304,67,237
E00116914,202,16,186
E00116915,310,64,246
E00116916,208,31,177
E00116917,114,4,110
E00116918,264,10,254
E00116919,225,21,204
E00116920,235,9,226
E00116921,420,59,361
E00116922,367,50,317
E00116923,218,44,174
E00116924,331,41,290
E00116925,232,26,206
E00116926,259,20,239
E00116927,404,54,350
E00116928,135,15,120
E00116929,151,25,126
E00116930,211,41,170
E00116931,170,6,164
E00116932,274,33,241
E00116933,323,44,279
E00116934,243,43,200
E00116935,311,27,284
E00116936,282,35,247
E00116937,267,67,200
E00116938,246,24,222
E00116939,352,49,303
E00116940,258,29,229
E00116941,276,51,225
E00116942,255,20,235
E00116943,272,23,249
E00116944,256,36,220
E00116945,266,29,237
E00116946,263,40,223
E00116947,286,19,267
E00116948,211,26,185
E00116949,271,41,230
E00116950,235,25,210
E00116951,303,57,246
E00116952,397,58,339
E00116953,298,27,271
E00116954,254,24,230
E00116955,277,54,223
E00116956,270,29,241
E00116957,278,38,240
E00116958,216,21,195
E00116959,333,64,269
E00116960,306,85,221
E00116961,291,47,244
E00116962,162,27,135
E00116963,273,46,227
E00116964,278,32,246
E00116965,280,29,251
E00116966,271,31,240
E00116967,339,58,281
E00116968,238,26,212
E00116970,285,34,251
E00116971,358,68,290
E00116972,312,23,289
E00116973,300,60,240
E00116974,279,43,236
E00116975,270,35,235
E00116976,323,28,295
E00116977,354,70,284
E00116978,378,53,325
E00116979,259,37,222
E00116980,279,42,237
E00116981,514,63,451
E00116982,276,46,230
E00116983,278,48,230
E00116984,270,49,221
E00116985,304,57,247
E00116986,259,28,231
E00116987,248,37,211
E00116988,278,57,221
E00116989,295,56,239
E00116990,266,28,238
E00116991,230,19,211
E00116992,235,28,207
E00116993,211,23,188
E00116994,368,89,279
E00116995,114,24,90
E00116996,285,27,258
E00116997,210,26,184
E00116998,267,26,241
E00116999,268,61,207
E00117000,298,42,256
E00117001,260,26,234
E00117002,296,42,254
E00117003,247,34,213
E00117004,177,4,173
E00117005,308,47,261
E00117006,429,96,333
E00117007,320,48,272
E00117008,296,36,260
E00117009,337,62,275
E00117010,332,79,253
E00117011,318,62,256
E00117012,335,84,251
E00117013,282,26,256
E00117014,322,48,274
E00117015,304,66,238
E00117016,264,37,227
E00117017,548,190,358
E00117018,296,38,258
E00117019,335,67,268
E00117020,173,29,144
E00117021,327,76,251
E00117022,284,102,182
E00117023,241,50,191
E00117024,245,25,220
E00117025,289,41,248
E00117026,235,43,192
E00117027,295,43,252
E00117028,307,63,244
E00117029,375,89,286
E00117030,307,40,267
E00117031,306,35,271
E00117032,382,104,278
E00117033,278,37,241
E00117034,322,68,254
E00117035,291,36,255
E00117036,354,48,306
E00117037,311,52,259
E00117038,232,22,210
E00117039,282,31,251
E00117040,354,46,308
E00117041,230,25,205
E00117042,335,47,288
E00117043,260,25,235
E00117044,238,28,210
E00117045,238,22,216
E00117046,290,42,248
E00117047,371,72,299
E00117048,109,3,106
E00117049,247,39,208
E00117050,310,52,258
E00117051,393,49,344
E00117052,143,15,128
E00117053,332,60,272
E00117054,352,63,289
E00117056,250,27,223
E00117057,295,51,244
E00117058,267,39,228
E00117059,239,37,202
E00117060,241,26,215
E00117061,258,50,208
E00117062,279,58,221
E00117063,271,31,240
E00117064,292,67,225
E00117065,239,40,199
E00117066,270,36,234
E00117067,264,34,230
E00117068,286,32,254
E00117069,298,57,241
E00117070,312,57,255
E00117071,302,59,243
E00117072,248,30,218
E00117073,308,28,280
E00117074,235,14,221
E00117075,231,12,219
E00117076,220,15,205
E00117077,324,42,282
E00117078,282,44,238
E00117079,262,22,240
E00117080,251,45,206
E00117081,234,21,213
E00117082,156,11,145
E00117083,256,41,215
E00117084,214,19,195
E00117085,227,31,196
E00117086,239,23,216
E00117087,179,3,176
E00117088,278,49,229
E00117089,238,27,211
E00117090,260,34,226
E00117091,224,17,207
E00117092,291,43,248
E00117093,264,28,236
E00117094,324,37,287
E00117095,387,61,326
E00117096,366,31,335
E00117097,331,15,316
E00117098,328,38,290
E00117099,217,23,194
E00117100,215,17,198
E00117101,297,37,260
E00117102,263,61,202
E00117103,296,58,238
E00117106,215,25,190
E00117107,138,15,123
E00117108,211,37,174
E00117109,207,29,178
E00117110,227,31,196
E00117111,246,27,219
E00117112,324,53,271
E00117113,371,75,296
E00117114,279,48,231
E00117115,274,38,236
E00117116,334,59,275
E00117117,451,69,382
E00117118,324,67,257
E00117119,277,50,227
E00117120,321,55,266
E00117121,276,45,231
E00117122,525,174,351
E00117123,376,65,311
E00117124,466,91,375
E00117125,359,64,295
E00117126,244,39,205
E00117127,164,38,126
E00117128,356,67,289
E00117129,227,24,203
E00117130,297,38,259
E00117131,311,13,298
E00117132,227,23,204
E00117133,263,21,242
E00117134,212,19,193
E00117135,348,24,324
E00117136,222,13,209
E00117137,214,22,192
E00117138,193,22,171
E00117139,216,42,174
E00117140,257,16,241
E00117141,232,5,227
E00117142,275,50,225
E00117143,198,15,183
E00117144,287,30,257
E00117145,296,28,268
E00117146,296,37,259
E00117147,345,54,291
E00117148,332,53,279
E00117149,259,20,239
E00117150,231,28,203
E00117151,259,15,244
E00117152,295,24,271
E00117153,219,27,192
E00117154,209,17,192
E00117155,277,17,260
E00117156,263,19,244
E00117157,263,54,209
E00117158,218,26,192
E00117159,319,27,292
E00117160,280,78,202
E00117161,253,45,208
E00117162,209,15,194
E00117163,319,45,274
E00117164,276,67,209
E00117165,367,87,280
E00117166,303,26,277
E00117167,311,38,273
E00117168,293,64,229
E00117169,307,34,273
E00117170,203,35,168
E00117171,271,57,214
E00117172,223,17,206
E00117173,453,84,369
E00117174,268,52,216
E00117175,268,54,214
E00117176,335,49,286
E00117177,256,36,220
E00117178,244,36,208
E00117179,288,37,251
E00117180,338,61,277
E00117181,278,44,234
E00117182,275,29,246
E00117183,275,33,242
E00117184,224,36,188
E00117185,230,21,209
E00117186,279,48,231
E00117187,297,20,277
E00117188,274,48,226
E00117189,271,40,231
E00117190,307,81,226
E00117191,314,69,245
E00117192,293,56,237
E00117193,135,17,118
E00117194,329,53,276
E00117195,224,55,169
E00117196,279,99,180
E00117197,294,45,249
E00117198,396,88,308
E00117199,408,74,334
E00117200,305,47,258
E00117201,290,36,254
E00117202,342,74,268
E00117203,330,65,265
E00117204,330,36,294
E00117205,310,51,259
E00117206,335,55,280
E00117207,321,65,256
E00117208,291,56,235
E00117209,205,37,168
E00117210,369,59,310
E00117211,292,44,248
E00117212,328,82,246
E00117213,334,74,260
E00117214,301,54,247
E00117215,207,37,170
E00117216,300,65,235
E00117217,329,74,255
E00117218,283,36,247
E00117219,298,59,239
E00117220,347,72,275
E00117221,308,62,246
E00117222,174,11,163
E00117223,270,16,254
E00117224,237,42,195
E00117225,206,32,174
E00117226,231,23,208
E00117227,271,33,238
E00117228,386,71,315
E00117229,335,63,272
E00117231,194,26,168
E00117232,245,34,211
E00117233,374,70,304
E00117234,260,34,226
E00117235,225,50,175
E00117236,337,60,277
E00117237,317,51,266
E00117238,279,34,245
E00117239,241,32,209
E00117240,326,39,287
E00117241,343,71,272
E00117242,300,29,271
E00117243,163,45,118
E00117244,325,46,279
E00117245,359,61,298
E00117246,478,86,392
E00117247,287,36,251
E00117248,313,54,259
E00117249,260,42,218
E00117250,302,63,239
E00117251,329,62,267
E00117252,309,40,269
E00117253,346,70,276
E00117254,290,43,247
E00117255,282,32,250
E00117256,264,22,242
E00117257,312,47,265
E00117258,246,28,218
E00117259,276,45,231
E00117260,283,34,249
E00117261,318,53,265
E00117262,210,25,185
E00117263,267,28,239
E00117264,283,36,247
E00117265,393,73,320
E00117266,292,45,247
E00117267,242,30,212
E00117268,296,38,258
E00117269,369,81,288
E00117270,307,53,254
E00117271,341,55,286
E00117272,286,66,220
E00117273,280,56,224
E00117274,464,76,388
E00117275,247,40,207
E00117277,251,39,212
E00117278,250,51,199
E00117279,230,40,190
E00117280,450,94,356
E00117281,289,50,239
E00117282,292,45,247
E00117283,429,71,358
E00117284,291,62,229
E00117285,292,42,250
E00117286,316,74,242
E00117287,529,94,435
E00117288,333,64,269
E00117289,299,68,231
E00117290,287,50,237
E00117291,233,27,206
E00117292,259,31,228
E00117293,266,64,202
E00117294,238,40,198
E00117295,282,59,223
E00117296,277,50,227
E00117297,278,37,241
E00117298,291,62,229
E00117299,327,71,256
E00117300,244,41,203
E00117301,292,58,234
E00117302,261,29,232
E00117303,296,56,240
E00117304,249,36,213
E00117305,295,51,244
E00117306,295,65,230
E00117307,282,50,232
E00117308,293,59,234
E00117309,332,77,255
E00117310,252,40,212
E00117311,302,57,245
E00117312,239,36,203
E00117313,301,38,263
E00117314,311,53,258
E00117315,278,40,238
E00117316,300,54,246
E00117317,214,40,174
E00117318,252,48,204
E00117319,278,49,229
E00117320,314,62,252
E00117321,266,47,219
E00117322,278,69,209
E00117323,314,59,255
E00117324,259,34,225
E00117325,240,32,208
E00117326,339,76,263
E00117327,247,29,218
E00117328,253,34,219
E00117329,193,27,166
E00117330,262,44,218
E00117331,279,50,229
E00117332,246,30,216
E00117333,274,48,226
E00117334,297,42,255
E00117335,307,60,247
E00117336,227,41,186
E00117337,183,22,161
E00117338,259,46,213
E00117339,220,40,180
E00117340,314,68,246
E00117341,315,59,256
E00117342,240,42,198
E00117343,376,101,275
E00117344,213,39,174
E00117345,237,42,195
E00117346,356,94,262
E00117347,234,35,199
E00117348,240,36,204
E00117349,427,123,304
E00117350,303,78,225
E00117351,280,65,215
E00117352,266,39,227
E00117353,267,41,226
E00117354,322,52,270
E00117355,243,29,214
E00117357,282,47,235
E00117358,356,48,308
E00117359,307,54,253
E00117360,316,43,273
E00117361,256,35,221
E00117362,339,68,271
E00117363,311,38,273
E00117364,233,41,192
E00117365,172,24,148
E00117366,226,35,191
E00117368,332,72,260
E00117369,410,61,349
E00117370,323,75,248
E00117371,408,77,331
E00117372,172,13,159
E00117373,281,38,243
E00117374,253,38,215
E00117375,419,91,328
E00117376,221,34,187
E00117377,347,41,306
E00117378,296,58,238
E00117379,306,70,236
E00117380,273,37,236
E00117381,342,96,246
E00117382,269,38,231
E00117383,239,43,196
E00117384,275,42,233
E00117385,312,68,244
E00117386,292,48,244
E00117387,344,71,273
E00117388,187,23,164
E00117389,360,85,275
E00117390,345,69,276
E00117391,317,50,267
E00117392,299,50,249
E00117393,274,40,234
E00117394,272,49,223
E00117395,282,33,249
E00117396,182,27,155
E00117397,252,46,206
E00117398,239,33,206
E00117399,341,50,291
E00117400,401,86,315
E00117401,349,62,287
E00117402,325,32,293
E00117403,347,60,287
E00117404,308,55,253
E00117405,274,38,236
E00117406,290,47,243
E00117407,279,51,228
E00117408,253,31,222
E00117409,250,46,204
E00117410,310,64,246
E00117411,224,40,184
E00117412,192,35,157
E00117413,415,78,337
E00117414,234,38,196
E00117415,349,68,281
E00117416,485,116,369
E00117417,356,48,308
E00117418,238,39,199
E00117419,249,59,190
E00117420,201,23,178
E00117421,288,45,243
E00117422,285,44,241
E00117423,484,109,375
E00117424,287,56,231
E00117425,307,59,248
E00117426,310,58,252
E00117427,225,42,183
E00117428,408,80,328
E00117429,505,114,391
E00117430,125,8,117
E00117431,320,52,268
E00117432,255,39,216
E00117433,280,75,205
E00117434,298,59,239
E00117435,301,82,219
E00117436,247,36,211
E00117438,296,39,257
E00117439,224,58,166
E00117440,243,50,193
E00117441,245,62,183
E00117442,338,41,297
E00117443,287,56,231
E00117444,284,54,230
E00117445,228,49,179
E00117446,269,68,201
E00117448,383,76,307
E00117449,340,76,264
E00117450,404,60,344
E00117451,328,57,271
E00117452,546,85,461
E00117453,393,66,327
E00117454,304,59,245
E00117455,244,48,196
E00117456,330,53,277
E00117457,266,45,221
E00117458,268,44,224
E00117459,307,48,259
E00117460,367,46,321
E00117461,520,96,424
E00117462,332,57,275
E00117463,312,47,265
E00117464,324,33,291
E00117465,435,67,368
E00117466,283,41,242
E00117467,365,95,270
E00117468,257,79,178
E00117469,239,43,196
E00117470,312,46,266
E00117471,342,73,269
E00117472,390,91,299
E00117473,373,73,300
E00117474,266,45,221
E00117475,408,92,316
E00117476,307,62,245
E00117477,305,70,235
E00117478,308,63,245
E00117479,321,68,253
E00117480,309,64,245
E00117481,379,79,300
E00117482,260,34,226
E00117483,315,43,272
E00117484,288,45,243
E00117485,367,53,314
E00117486,375,67,308
E00117487,250,33,217
E00117488,309,53,256
E00117489,317,72,245
E00117490,286,54,232
E00117491,251,39,212
E00117492,309,60,249
E00117493,308,57,251
E00117494,267,50,217
E00117496,287,48,239
E00117497,272,32,240
E00117498,359,90,269
E00117499,355,68,287
E00117500,112,29,83
E00117501,167,48,119
E00117503,266,51,215
E00117504,271,53,218
E00117505,280,48,232
E00117506,286,47,239
E00117507,239,32,207
E00117508,275,46,229
E00117509,235,34,201
E00117510,267,43,224
E00117511,284,27,257
E00117512,273,51,222
E00117513,265,41,224
E00117514,248,42,206
E00117515,299,50,249
E00117516,307,40,267
E00117517,279,44,235
E00117518,251,31,220
E00117519,247,37,210
E00117520,253,44,209
E00117521,275,43,232
E00117522,272,43,229
E00117523,272,66,206
E00117524,283,48,235
E00117525,228,45,183
E00117526,331,61,270
E00117527,289,57,232
E00117528,302,64,238
E00117530,216,32,184
E00117531,233,53,180
E00117532,300,65,235
E00117533,229,38,191
E00117534,312,42,270
E00117535,245,50,195
E00117536,265,32,233
E00117537,302,40,262
E00117539,274,45,229
E00117540,320,75,245
E00117541,314,49,265
E00117542,257,39,218
E00117543,217,46,171
E00117545,258,23,235
E00117546,210,26,184
E00117547,273,53,220
E00117548,247,45,202
E00117549,241,36,205
E00117551,432,143,289
E00117552,218,18,200
E00117553,234,45,189
E00117554,338,59,279
E00117555,250,46,204
E00117558,381,75,306
E00117559,339,50,289
E00117560,306,57,249
E00117562,446,44,402
E00117563,244,39,205
E00117564,273,34,239
E00117565,318,73,245
E00117566,327,71,256
E00117567,364,65,299
E00117568,245,36,209
E00117569,327,64,263
E00117570,247,24,223
E00117571,324,30,294
E00117572,419,57,362
E00117573,313,45,268
E00117574,405,117,288
E00117575,271,15,256
E00117577,273,32,241
E00117579,243,36,207
E00117580,360,54,306
E00117581,259,30,229
E00117582,389,59,330
E00117583,249,37,212
E00117587,431,128,303
E00117589,357,70,287
E00117590,278,71,207
E00117591,487,69,418
E00117592,446,57,389
E00117594,259,32,227
E00117595,316,51,265
E00117596,290,42,248
E00117597,255,27,228
E00117598,207,35,172
E00117599,241,36,205
E00117600,293,58,235
E00117601,270,40,230
E00117602,246,27,219
E00117603,292,58,234
E00117604,253,46,207
E00117605,275,30,245
E00117606,237,29,208
E00117607,281,45,236
E00117608,325,60,265
E00117609,284,37,247
E00117610,317,54,263
E00117611,347,86,261
E00117612,316,74,242
E00117613,283,17,266
E00117614,199,10,189
E00117615,315,14,301
E00117616,321,49,272
E00117617,270,17,253
E00117618,217,30,187
E00117619,225,14,211
E00117620,279,41,238
E00117621,224,21,203
E00117622,255,18,237
E00117623,356,29,327
E00117624,271,70,201
E00117625,283,41,242
E00117626,399,43,356
E00117627,261,32,229
E00117628,396,57,339
E00117630,344,100,244
E00117632,301,54,247
E00117634,278,58,220
E00117635,300,89,211
E00117636,307,104,203
E00117637,302,57,245
E00117638,296,63,233
E00117639,251,39,212
E00117640,287,71,216
E00117641,200,21,179
E00117642,344,113,231
E00117643,322,77,245
E00117644,303,54,249
E00117645,279,35,244
E00117646,217,41,176
E00117647,383,113,270
E00117648,290,76,214
E00117649,337,78,259
E00117650,371,68,303
E00117651,282,28,254
E00117653,220,18,202
E00117654,340,58,282
E00117655,345,68,277
E00117656,372,74,298
E00117657,410,97,313
E00117658,291,46,245
E00117659,347,35,312
E00117660,300,44,256
E00117661,318,38,280
E00117662,312,43,269
E00117663,259,47,212
E00117664,262,44,218
E00117665,366,92,274
E00117666,258,37,221
E00117667,164,32,132
E00117668,259,26,233
E00117669,287,39,248
E00117670,283,42,241
E00117672,266,36,230
E00117673,276,44,232
E00117674,175,28,147
E00117675,271,46,225
E00117676,289,47,242
E00117677,255,39,216
E00117678,322,48,274
E00117679,412,162,250
E00117680,363,66,297
E00117681,359,58,301
E00117682,308,51,257
E00117683,298,41,257
E00117684,386,40,346
E00117685,254,30,224
E00117686,344,49,295
E00117687,337,46,291
E00117688,236,37,199
E00117689,357,63,294
E00117690,283,28,255
E00117691,374,86,288
E00117692,330,59,271
E00117693,315,56,259
E00117694,286,33,253
E00117695,124,21,103
E00117696,206,26,180
E00117697,337,78,259
E00117698,287,59,228
E00117699,288,52,236
E00117700,271,44,227
E00117701,248,37,211
E00117702,281,44,237
E00117703,388,57,331
E00117704,217,29,188
E00117705,444,71,373
E00117706,235,24,211
E00117707,311,49,262
E00117708,273,34,239
E00117709,147,24,123
E00117710,348,59,289
E00117711,115,20,95
E00117712,109,11,98
E00117713,272,39,233
E00117714,167,28,139
E00117715,221,31,190
E00117716,242,29,213
E00117717,331,51,280
E00117718,263,18,245
E00117719,299,31,268
E00117720,266,34,232
E00117721,267,43,224
E00117722,277,53,224
E00117723,209,15,194
E00117724,236,30,206
E00117725,458,73,385
E00117726,303,52,251
E00117727,110,15,95
E00117728,269,44,225
E00117729,443,82,361
E00117730,414,91,323
E00117731,499,76,423
E00117732,405,65,340
E00117733,249,61,188
E00117734,566,112,454
E00117735,346,81,265
E00117736,324,62,262
E00117737,339,59,280
E00117739,316,46,270
E00117740,222,26,196
E00117741,295,38,257
E00117742,209,25,184
E00117743,319,46,273
E00117744,291,46,245
E00117745,253,35,218
E00117746,327,24,303
E00117747,273,45,228
E00117748,338,56,282
E00117749,302,54,248
E00117750,309,57,252
E00117751,404,47,357
E00117752,219,30,189
E00117753,236,32,204
E00117754,189,15,174
E00117755,269,28,241
E00117756,220,38,182
E00117757,231,37,194
E00117758,260,41,219
E00117759,232,37,195
E00117760,282,30,252
E00117761,271,43,228
E00117762,225,24,201
E00117763,259,38,221
E00117764,189,29,160
E00117765,192,38,154
E00117766,313,47,266
E00117767,286,46,240
E00117768,256,64,192
E00117769,333,62,271
E00117770,292,45,247
E00117771,307,46,261
E00117772,122,25,97
E00117773,139,15,124
E00117774,302,66,236
E00117775,371,72,299
E00117776,140,17,123
E00117777,332,58,274
E00117778,365,77,288
E00117779,221,38,183
E00117780,202,31,171
E00117781,306,52,254
E00117782,267,27,240
E00117783,285,57,228
E00117784,401,80,321
E00117785,297,52,245
E00117786,306,35,271
E00117787,498,115,383
E00117788,252,27,225
E00117789,324,74,250
E00117790,270,36,234
E00117791,513,115,398
E00117792,273,66,207
E00117793,358,53,305
E00117794,357,53,304
E00117795,328,73,255
E00117796,392,73,319
E00117797,272,54,218
E00117798,446,84,362
E00117799,292,38,254
E00117800,287,38,249
E00117801,299,63,236
E00117802,330,77,253
E00117803,280,26,254
E00117804,228,31,197
E00117805,355,81,274
E00117806,483,61,422
E00117807,294,47,247
E00117808,407,59,348
E00117809,450,77,373
E00117810,418,87,331
E00117812,245,29,216
E00117813,421,67,354
E00117814,271,23,248
E00117815,253,44,209
E00117816,251,12,239
E00117817,350,49,301
E00117818,354,70,284
E00117819,355,82,273
E00117820,467,74,393
E00117821,221,20,201
E00117822,302,41,261
E00117823,357,61,296
E00117824,299,52,247
E00117825,316,66,250
E00117826,318,44,274
E00117827,176,18,158
E00117828,289,43,246
E00117829,303,56,247
E00117830,292,44,248
E00117831,313,58,255
E00117833,291,73,218
E00117834,231,38,193
E00117835,255,32,223
E00117836,295,33,262
E00117837,249,35,214
E00117838,500,95,405
E00117839,298,38,260
E00117840,243,38,205
E00117841,390,85,305
E00117842,327,48,279
E00117843,257,35,222
E00117845,269,42,227
E00117846,303,40,263
E00117847,213,39,174
E00117848,450,80,370
E00117849,248,44,204
E00117850,271,52,219
E00117851,247,48,199
E00117852,162,22,140
E00117853,377,49,328
E00117855,393,61,332
E00117856,318,58,260
E00117857,236,29,207
E00117858,223,42,181
E00117859,412,60,352
E00117862,172,22,150
E00117863,288,35,253
E00117864,314,54,260
E00117865,391,56,335
E00117866,284,51,233
E00117867,267,35,232
E00117868,296,70,226
E00117869,221,28,193
E00117870,301,47,254
E00117871,310,36,274
E00117872,303,48,255
E00117873,304,42,262
E00117874,322,54,268
E00117877,295,59,236
E00117878,219,32,187
E00117879,268,39,229
E00117880,473,66,407
E00117881,358,71,287
E00117882,326,69,257
E00117885,268,39,229
E00117886,285,30,255
E00117887,180,21,159
E00117888,292,48,244
E00117889,265,40,225
E00117890,249,38,211
E00117891,232,27,205
E00117892,213,11,202
E00117893,275,32,243
E00117894,394,65,329
E00117895,233,18,215
E00117897,274,47,227
E00117898,295,62,233
E00117899,317,87,230
E00117900,323,95,228
E00117901,291,71,220
E00117902,298,69,229
E00117903,339,74,265
E00117904,199,23,176
E00117905,242,22,220
E00117906,259,37,222
E00117907,321,58,263
E00117908,332,42,290
E00117909,293,54,239
E00117910,311,60,251
E00117911,235,37,198
E00117912,362,58,304
E00117913,294,55,239
E00117914,277,52,225
E00117915,229,26,203
E00117916,301,47,254
E00117917,251,40,211
E00117918,294,74,220
E00117919,299,47,252
E00117920,341,72,269
E00117921,327,69,258
E00117922,219,20,199
E00117923,258,32,226
E00117924,226,16,210
E00117925,302,46,256
E00117926,257,44,213
E00117927,209,36,173
E00117928,294,67,227
E00117929,453,75,378
E00117930,389,111,278
E00117931,378,92,286
E00117932,327,62,265
E00117933,453,130,323
E00117934,266,25,241
E00117935,397,89,308
E00117936,366,110,256
E00117937,294,76,218
E00117938,228,38,190
E00117939,295,77,218
E00117940,319,65,254
E00117941,249,28,221
E00117942,279,58,221
E00117943,277,52,225
E00117944,280,40,240
E00117945,338,65,273
E00117946,325,76,249
E00117947,320,65,255
E00117948,259,36,223
E00117949,290,56,234
E00117950,213,29,184
E00117951,279,50,229
E00117952,302,35,267
E00117953,247,38,209
E00117954,365,56,309
E00117955,295,55,240
E00117956,323,45,278
E00117957,315,52,263
E00117958,393,68,325
E00117959,450,76,374
E00117960,340,54,286
E00117961,377,79,298
E00117962,274,42,232
E00117963,327,57,270
E00117964,298,23,275
E00117965,333,52,281
E00117966,266,29,237
E00117967,249,37,212
E00117968,246,30,216
E00117969,316,41,275
E00117970,330,45,285
E00117971,347,55,292
E00117972,295,57,238
E00117973,426,79,347
E00117974,448,75,373
E00117975,350,30,320
E00117976,204,33,171
E00117977,327,54,273
E00117978,353,56,297
E00117979,325,32,293
E00117980,330,64,266
E00117981,443,54,389
E00117982,292,34,258
E00117983,254,47,207
E00117984,284,45,239
E00117985,461,73,388
E00117986,265,42,223
E00117987,358,72,286
E00117988,242,50,192
E00117989,214,48,166
E00117990,189,16,173
E00117991,248,54,194
E00117992,304,34,270
E00117993,299,42,257
E00117994,532,58,474
E00117995,284,38,246
E00117997,431,76,355
E00117998,225,36,189
E00117999,401,54,347
E00118000,305,67,238
E00118001,253,39,214
E00118002,381,52,329
E00118003,342,74,268
E00118004,241,42,199
E00118005,225,44,181
E00118007,267,64,203
E00118008,301,58,243
E00118009,430,102,328
E00118010,189,41,148
E00118011,269,31,238
E00118012,243,35,208
E00118013,411,86,325
E00118014,273,41,232
E00118015,211,42,169
E00118017,376,81,295
E00118018,299,61,238
E00118019,456,125,331
E00118020,337,89,248
E00118021,266,53,213
E00118022,338,79,259
E00118023,198,43,155
E00118024,407,85,322
E00118025,368,54,314
E00118026,485,120,365
E00118027,399,76,323
E00118028,268,61,207
E00118029,191,29,162
E00118030,429,78,351
E00118031,316,62,254
E00118032,263,51,212
E00118033,314,67,247
E00118034,297,67,230
E00118035,303,69,234
E00118036,310,52,258
E00118037,324,40,284
E00118038,269,46,223
E00118039,367,58,309
E00118040,419,69,350
E00118041,317,45,272
E00118043,212,33,179
E00118044,313,46,267
E00118045,316,45,271
E00118046,432,43,389
E00118047,527,86,441
E00118048,398,82,316
E00118049,385,42,343
E00118050,382,58,324
E00118051,226,35,191
E00118052,297,56,241
E00118053,343,56,287
E00118054,248,51,197
E00118055,356,70,286
E00118056,327,40,287
E00118057,337,50,287
E00118058,311,45,266
E00118059,241,30,211
E00118060,439,87,352
E00118061,374,75,299
E00118062,212,38,174
E00118063,314,59,255
E00118064,347,55,292
E00118065,334,69,265
E00118066,266,68,198
E00118067,234,42,192
E00118068,235,52,183
E00118069,332,57,275
E00118070,362,72,290
E00118071,366,69,297
E00118072,339,55,284
E00118073,307,47,260
E00118074,282,63,219
E00118075,293,44,249
E00118077,273,45,228
E00118078,506,101,405
E00118079,281,52,229
E00118080,298,66,232
E00118081,325,58,267
E00118082,283,47,236
E00118083,281,48,233
E00118084,276,44,232
E00118085,295,53,242
E00118086,293,51,242
E00118087,308,78,230
E00118088,272,53,219
E00118089,327,73,254
E00118090,286,54,232
E00118092,346,64,282
E00118093,269,29,240
E00118094,305,85,220
E00118095,184,25,159
E00118096,255,54,201
E00118097,264,72,192
E00118098,220,40,180
E00118099,266,71,195
E00118100,295,58,237
E00118101,291,62,229
E00118102,279,34,245
E00118103,347,76,271
E00118104,274,51,223
E00118105,310,59,251
E00118106,323,68,255
E00118108,472,95,377
E00118109,325,42,283
E00118110,141,15,126
E00118111,303,39,264
E00118112,320,48,272
E00118113,350,66,284
E00118114,512,108,404
E00118115,312,48,264
E00118116,411,70,341
E00118117,323,56,267
E00118118,383,84,299
E00118119,238,31,207
E00118120,341,71,270
E00118121,326,106,220
E00118122,310,71,239
E00118123,488,80,408
E00118124,295,71,224
E00118125,341,50,291
E00118126,435,73,362
E00118127,327,73,254
E00118128,249,47,202
E00118129,413,83,330
E00118130,299,74,225
E00118131,346,93,253
E00118132,274,50,224
E00118133,200,20,180
E00118134,309,76,233
E00118135,377,102,275
E00118136,282,76,206
E00118137,232,30,202
E00118138,325,49,276
E00118139,253,21,232
E00118140,298,61,237
E00118141,354,50,304
E00118142,429,85,344
E00118143,496,94,402
E00118144,187,24,163
E00118145,244,58,186
E00118146,335,76,259
E00118147,178,12,166
E00118148,241,63,178
E00118149,307,47,260
E00118150,236,39,197
E00118151,264,51,213
E00118152,197,34,163
E00118153,308,48,260
E00118154,347,82,265
E00118155,172,9,163
E00118156,545,128,417
E00118157,367,89,278
E00118158,251,48,203
E00118159,320,68,252
E00118160,356,89,267
E00118161,368,119,249
E00118162,509,232,277
E00118163,307,91,216
E00118164,323,96,227
E00118165,243,46,197
E00118166,257,44,213
E00118167,222,52,170
E00118168,222,27,195
E00118169,211,24,187
E00118170,284,36,248
E00118171,284,29,255
E00118172,196,33,163
E00118173,366,130,236
E00118174,248,46,202
E00118175,246,40,206
E00118176,229,55,174
E00118177,248,82,166
E00118178,424,221,203
E00118179,262,65,197
E00118180,282,106,176
E00118181,388,128,260
E00118182,387,155,232
E00118183,391,177,214
E00118184,248,72,176
E00118186,239,77,162
E00118187,429,178,251
E00118188,351,160,191
E00118189,229,52,177
E00118190,364,166,198
E00118191,377,205,172
E00118192,415,238,177
E00118193,342,138,204
E00118194,376,181,195
E00118195,375,89,286
E00118196,327,155,172
E00118197,275,81,194
E00118198,306,63,243
E00118199,208,22,186
E00118200,311,72,239
E00118202,248,61,187
E00118205,270,75,195
E00118206,579,340,239
E00118207,422,188,234
E00118208,297,64,233
E00118209,287,94,193
E00118210,271,47,224
E00118211,278,53,225
E00118212,257,64,193
E00118213,250,64,186
E00118214,404,55,349
E00118215,290,46,244
E00118216,375,131,244
E00118217,259,45,214
E00118218,317,107,210
E00118220,431,85,346
E00118221,290,64,226
E00118222,288,69,219
E00118223,437,210,227
E00118224,264,68,196
E00118225,323,84,239
E00118226,250,64,186
E00118227,293,106,187
E00118228,253,53,200
E00118229,255,49,206
E00118232,413,68,345
E00118233,413,83,330
E00118234,442,83,359
E00118235,405,73,332
E00118236,318,53,265
E00118237,315,57,258
E00118238,401,70,331
E00118239,325,62,263
E00118240,341,48,293
E00118241,234,43,191
E00118242,274,45,229
E00118243,396,74,322
E00118244,121,33,88
E00118245,307,65,242
E00118246,378,48,330
E00118248,223,52,171
E00118249,197,57,140
E00118250,151,32,119
E00118251,274,174,100
E00118252,273,30,243
E00118253,297,45,252
E00118254,329,55,274
E00118255,300,51,249
E00118256,419,112,307
E00118257,399,77,322
E00118258,505,105,400
E00118259,419,85,334
E00118260,126,25,101
E00118261,207,39,168
E00118262,351,64,287
E00118263,519,112,407
E00118264,337,53,284
E00118265,305,48,257
E00118266,280,45,235
E00118267,285,51,234
E00118268,283,43,240
E00118269,363,77,286
E00118270,324,43,281
E00118271,304,43,261
E00118272,267,39,228
E00118273,229,31,198
E00118274,254,56,198
E00118275,305,65,240
E00118276,209,17,192
E00118277,293,55,238
E00118278,318,61,257
E00118279,293,60,233
E00118280,302,54,248
E00118281,295,29,266
E00118282,264,30,234
E00118283,309,41,268
E00118284,311,67,244
E00118285,271,45,226
E00118286,157,29,128
E00118287,471,81,390
E00118288,209,45,164
E00118289,227,40,187
E00118290,209,25,184
E00118291,379,65,314
E00118292,397,74,323
E00118293,462,110,352
E00118294,314,51,263
E00118295,243,49,194
E00118296,305,58,247
E00118298,323,74,249
E00118299,259,68,191
E00118300,265,33,232
E00118301,315,50,265
E00118302,328,49,279
E00118304,340,69,271
E00118305,299,59,240
E00118306,289,57,232
E00118307,288,35,253
E00118308,268,48,220
E00118309,276,46,230
E00118310,306,55,251
E00118311,353,51,302
E00118312,430,86,344
E00118313,367,63,304
E00118314,340,55,285
E00118315,392,85,307
E00118316,340,52,288
E00118317,351,63,288
E00118318,309,49,260
E00118319,253,56,197
E00118320,412,125,287
E00118321,508,88,420
E00118322,319,62,257
E00118323,215,33,182
E00118324,378,60,318
E00118325,315,52,263
E00118326,394,98,296
E00118327,289,36,253
E00118328,241,38,203
E00118329,330,53,277
E00118330,363,80,283
E00118331,426,83,343
E00118332,308,60,248
E00118333,285,63,222
E00118334,368,73,295
E00118335,350,81,269
E00118336,295,40,255
E00118337,319,44,275
E00118338,265,45,220
E00118339,367,70,297
E00118340,322,56,266
E00118341,342,76,266
E00118342,309,60,249
E00118343,226,31,195
E00118344,357,66,291
E00118345,270,69,201
E00118346,304,56,248
E00118347,333,93,240
E00118348,302,41,261
E00118349,290,37,253
E00118350,288,60,228
E00118351,300,65,235
E00118352,367,71,296
E00118353,367,36,331
E00118354,205,30,175
E00118355,476,122,354
E00118356,270,56,214
E00118357,312,53,259
E00118358,372,81,291
E00118359,343,77,266
E00118360,351,89,262
E00118361,379,70,309
E00118362,347,82,265
E00118363,310,61,249
E00118364,348,68,280
E00118365,301,52,249
E00118366,380,71,309
E00118367,330,45,285
E00118368,333,77,256
E00118369,362,84,278
E00118370,280,45,235
E00118371,324,53,271
E00118372,386,79,307
E00118373,294,59,235
E00118374,312,60,252
E00118375,309,40,269
E00118376,235,40,195
E00118377,343,85,258
E00118378,326,96,230
E00118379,355,102,253
E00118380,225,26,199
E00118381,361,72,289
E00118382,238,26,212
E00118383,329,58,271
E00118384,274,50,224
E00118385,286,62,224
E00118386,282,60,222
E00118387,350,71,279
E00118388,281,40,241
E00118389,241,29,212
E00118390,157,28,129
E00118391,358,58,300
E00118392,253,69,184
E00118393,307,52,255
E00118394,279,44,235
E00118395,308,47,261
E00118396,316,75,241
E00118397,341,69,272
E00118398,286,53,233
E00118399,298,45,253
E00118400,243,24,219
E00118401,323,60,263
E00118402,302,75,227
E00118403,264,36,228
E00118404,405,95,310
E00118405,277,48,229
E00118406,266,52,214
E00118407,303,61,242
E00118408,315,71,244
E00118409,351,67,284
E00118410,255,31,224
E00118411,276,46,230
E00118412,419,75,344
E00118413,297,43,254
E00118414,361,88,273
E00118415,372,75,297
E00118416,327,63,264
E00118417,338,69,269
E00118418,332,52,280
E00118419,269,55,214
E00118420,331,54,277
E00118421,339,76,263
E00118422,345,47,298
E00118423,317,50,267
E00118424,292,53,239
E00118425,317,70,247
E00118426,310,74,236
E00118427,348,76,272
E00118429,455,117,338
E00118430,304,40,264
E00118431,405,71,334
E00118432,383,82,301
E00118433,515,103,412
E00118434,464,69,395
E00118435,238,31,207
E00118436,422,70,352
E00118437,298,52,246
E00118438,517,82,435
E00118439,269,40,229
E00118440,339,72,267
E00118441,404,59,345
E00118442,557,118,439
E00118443,348,59,289
E00118444,372,82,290
E00118445,277,41,236
E00118446,279,42,237
E00118447,323,39,284
E00118448,347,78,269
E00118449,369,76,293
E00118450,262,33,229
E00118451,258,43,215
E00118452,322,61,261
E00118453,349,63,286
E00118454,338,45,293
E00118455,308,45,263
E00118456,254,31,223
E00118457,295,47,248
E00118458,299,54,245
E00118459,291,45,246
E00118460,295,52,243
E00118461,353,68,285
E00118462,320,52,268
E00118463,312,64,248
E00118465,307,60,247
E00118466,283,52,231
E00118467,308,78,230
E00118468,316,56,260
E00118469,285,47,238
E00118470,338,72,266
E00118471,306,53,253
E00118472,282,69,213
E00118473,530,105,425
E00118474,237,39,198
E00118476,264,45,219
E00118477,269,34,235
E00118478,443,92,351
E00118479,244,35,209
E00118480,271,51,220
E00118481,223,43,180
E00118482,330,82,248
E00118483,279,33,246
E00118484,316,61,255
E00118485,297,46,251
E00118486,277,43,234
E00118488,283,46,237
E00118489,210,25,185
E00118490,323,41,282
E00118491,240,38,202
E00118492,300,58,242
E00118493,161,8,153
E00118494,265,28,237
E00118495,371,84,287
E00118496,275,48,227
E00118497,281,45,236
E00118498,271,40,231
E00118499,306,69,237
E00118500,380,89,291
E00118501,181,21,160
E00118502,315,67,248
E00118503,301,56,245
E00118504,302,62,240
E00118505,268,58,210
E00118506,286,63,223
E00118507,292,61,231
E00118508,268,52,216
E00118509,295,52,243
E00118510,314,68,246
E00118511,271,75,196
E00118512,306,79,227
E00118513,307,64,243
E00118514,265,54,211
E00118515,321,72,249
E00118516,313,55,258
E00118517,360,66,294
E00118518,305,54,251
E00118519,322,68,254
E00118520,286,43,243
E00118521,290,43,247
E00118522,273,47,226
E00118523,320,52,268
E00118524,327,68,259
E00118525,344,75,269
E00118526,370,87,283
E00118527,445,86,359
E00118528,339,72,267
E00118529,376,93,283
E00118530,296,59,237
E00118531,401,71,330
E00118532,317,73,244
E00118533,350,47,303
E00118534,354,85,269
E00118535,282,43,239
E00118536,345,53,292
E00118537,343,56,287
E00118538,384,74,310
E00118539,292,65,227
E00118540,428,87,341
E00118541,299,49,250
E00118542,388,83,305
E00118543,321,61,260
E00118544,499,104,395
E00118545,345,69,276
E00118546,246,30,216
E00118547,318,79,239
E00118548,297,57,240
E00118549,309,53,256
E00118550,285,32,253
E00118551,448,77,371
E00118552,339,68,271
E00118553,261,46,215
E00118554,232,36,196
E00118555,268,64,204
E00118556,243,66,177
E00118558,492,111,381
E00118559,325,78,247
E00118560,281,42,239
E00118563,399,119,280
E00118564,344,65,279
E00118565,421,105,316
E00118566,284,64,220
E00118567,324,66,258
E00118568,274,60,214
E00118569,311,74,237
E00118570,255,41,214
E00118571,351,69,282
E00118572,264,69,195
E00118573,324,73,251
E00118574,174,24,150
E00118575,325,74,251
E00118576,386,95,291
E00118577,274,50,224
E00118578,290,76,214
E00118579,303,70,233
E00118580,277,58,219
E00118581,177,30,147
E00118582,316,52,264
E00118583,332,76,256
E00118584,271,53,218
E00118585,214,48,166
E00118586,276,53,223
E00118587,336,68,268
E00118588,306,61,245
E00118589,307,70,237
E00118590,309,89,220
E00118591,346,51,295
E00118592,322,93,229
E00118593,273,59,214
E00118596,270,63,207
E00118597,254,49,205
E00118598,223,37,186
E00118599,220,43,177
E00118600,302,45,257
E00118601,386,67,319
E00118602,231,31,200
E00118603,208,30,178
E00118604,469,73,396
E00118605,292,53,239
E00118607,186,19,167
E00118610,324,53,271
E00118611,285,55,230
E00118612,498,105,393
E00118613,288,44,244
E00118614,327,59,268
E00118615,292,73,219
E00118616,273,46,227
E00118618,284,53,231
E00118619,341,74,267
E00118620,324,71,253
E00118621,358,75,283
E00118622,283,49,234
E00118623,267,34,233
E00118624,271,49,222
E00118625,393,109,284
E00118626,359,81,278
E00118627,379,71,308
E00118628,368,87,281
E00118629,380,85,295
E00118630,306,70,236
E00118631,304,71,233
E00118632,246,58,188
E00118633,329,83,246
E00118634,348,67,281
E00118635,369,65,304
E00118636,272,63,209
E00118637,226,37,189
E00118638,294,60,234
E00118639,311,62,249
E00118640,274,48,226
E00118641,263,51,212
E00118642,294,47,247
E00118643,221,59,162
E00118644,522,89,433
E00118645,127,3,124
E00118646,466,77,389
E00118647,325,46,279
E00118650,312,58,254
E00118651,334,30,304
E00118653,335,60,275
E00118654,479,71,408
E00118655,284,45,239
E00118656,294,50,244
E00118657,157,31,126
E00118658,162,40,122
E00118659,157,30,127
E00118660,315,54,261
E00118661,119,21,98
E00118662,242,55,187
E00118663,349,60,289
E00118664,294,47,247
E00118665,167,35,132
E00118666,327,61,266
E00118667,346,89,257
E00118668,372,93,279
E00118669,395,111,284
E00118670,261,46,215
E00118671,371,102,269
E00118672,348,80,268
E00118673,304,76,228
E00118674,328,79,249
E00118675,368,96,272
E00118676,396,112,284
E00118677,330,78,252
E00118678,311,71,240
E00118679,389,79,310
E00118680,400,109,291
E00118681,374,80,294
E00118682,299,54,245
E00118683,310,73,237
E00118684,310,69,241
E00118685,355,71,284
E00118686,289,66,223
E00118687,276,40,236
E00118688,398,44,354
E00118689,429,51,378
E00118690,234,26,208
E00118691,219,30,189
E00118692,248,27,221
E00118694,287,61,226
E00118695,288,62,226
E00118696,323,73,250
E00118697,257,25,232
E00118698,283,59,224
E00118699,271,49,222
E00118700,386,92,294
E00118701,312,65,247
E00118702,257,31,226
E00118703,297,74,223
E00118704,169,4,165
E00118705,340,65,275
E00118706,339,75,264
E00118707,248,55,193
E00118708,341,79,262
E00118709,273,75,198
E00118710,496,123,373
E00118711,318,68,250
E00118712,329,54,275
E00118713,327,79,248
E00118714,353,84,269
E00118715,335,66,269
E00118716,329,59,270
E00118717,313,57,256
E00118718,271,29,242
E00118719,337,84,253
E00118720,257,52,205
E00118721,320,67,253
E00118722,296,77,219
E00118723,332,69,263
E00118724,320,67,253
E00118725,344,83,261
E00118726,369,97,272
E00118728,425,119,306
E00118729,335,80,255
E00118730,351,61,290
E00118731,264,44,220
E00118732,255,68,187
E00118733,428,113,315
E00118735,245,45,200
E00118736,338,77,261
E00118737,335,85,250
E00118738,353,92,261
E00118739,392,77,315
E00118740,307,44,263
E00118741,320,58,262
E00118742,320,62,258
E00118743,363,76,287
E00118744,326,56,270
E00118745,275,57,218
E00118746,326,66,260
E00118748,249,33,216
E00118749,270,47,223
E00118750,267,55,212
E00118752,293,57,236
E00118753,288,66,222
E00118754,263,36,227
E00118755,343,70,273
E00118756,282,32,250
E00118757,347,81,266
E00118758,285,52,233
E00118759,189,44,145
E00118760,305,60,245
E00118761,202,38,164
E00118762,373,70,303
E00118763,296,64,232
E00118764,334,48,286
E00118765,320,49,271
E00118766,255,50,205
E00118767,330,71,259
E00118768,303,47,256
E00118769,222,22,200
E00118770,278,43,235
E00118771,307,77,230
E00118772,338,54,284
E00118773,321,45,276
E00118774,269,43,226
E00118775,248,43,205
E00118776,354,89,265
E00118777,331,73,258
E00118778,386,96,290
E00118779,271,51,220
E00118780,293,50,243
E00118781,306,43,263
E00118782,281,41,240
E00118783,294,48,246
E00118784,316,62,254
E00118785,271,45,226
E00118786,333,57,276
E00118787,238,31,207
E00118788,292,53,239
E00118789,313,81,232
E00118790,301,54,247
E00118791,342,59,283
E00118792,311,70,241
E00118793,303,63,240
E00118794,315,68,247
E00118795,293,48,245
E00118796,361,76,285
E00118797,264,47,217
E00118798,207,28,179
E00118799,268,59,209
E00118800,315,69,246
E00118801,295,46,249
E00118802,301,57,244
E00118803,335,71,264
E00118804,273,63,210
E00118805,301,62,239
E00118806,430,85,345
E00118807,312,54,258
E00118808,309,64,245
E00118809,339,57,282
E00118810,334,51,283
E00118811,297,45,252
E00118812,324,56,268
E00118813,202,27,175
E00118814,355,54,301
E00118815,272,55,217
E00118816,317,56,261
E00118817,333,84,249
E00118818,290,28,262
E00118819,304,58,246
E00118820,393,90,303
E00118821,299,70,229
E00118822,238,52,186
E00118823,305,59,246
E00118824,262,53,209
E00118825,313,68,245
E00118826,298,64,234
E00118827,301,77,224
E00118828,280,54,226
E00118829,316,69,247
E00118830,304,86,218
E00118831,364,58,306
E00118832,308,73,235
E00118833,320,53,267
E00118834,245,54,191
E00118835,237,35,202
E00118836,373,104,269
E00118837,316,56,260
E00118838,348,72,276
E00118839,323,74,249
E00118840,336,73,263
E00118841,211,26,185
E00118842,186,12,174
E00118843,286,71,215
E00118844,215,49,166
E00118845,379,103,276
E00118846,219,25,194
E00118847,384,83,301
E00118848,289,48,241
E00118849,241,37,204
E00118850,319,60,259
E00118851,305,72,233
E00118852,269,60,209
E00118853,358,51,307
E00118854,306,60,246
E00118855,385,116,269
E00118856,311,64,247
E00118857,378,113,265
E00118858,328,73,255
E00118859,323,35,288
E00118860,442,84,358
E00118861,338,58,280
E00118862,374,102,272
E00118865,222,32,190
E00118866,271,41,230
E00118867,212,16,196
E00118868,294,56,238
E00118869,353,41,312
E00118870,244,33,211
E00118871,340,71,269
E00118872,214,7,207
E00118873,167,18,149
E00118875,359,51,308
E00118876,322,76,246
E00118877,250,59,191
E00118878,326,75,251
E00118879,308,70,238
E00118880,327,59,268
E00118881,297,63,234
E00118882,317,71,246
E00118883,368,63,305
E00118884,338,103,235
E00118885,316,99,217
E00118886,236,40,196
E00118887,264,70,194
E00118888,274,44,230
E00118889,314,73,241
E00118890,286,48,238
E00118891,398,63,335
E00118892,280,60,220
E00118893,280,45,235
E00118894,283,44,239
E00118895,366,92,274
E00118896,247,34,213
E00118897,310,73,237
E00118898,353,74,279
E00118899,295,81,214
E00118900,323,53,270
E00118901,366,64,302
E00118902,338,88,250
E00118903,251,44,207
E00118904,320,65,255
E00118905,301,66,235
E00118906,260,36,224
E00118907,190,27,163
E00118908,329,56,273
E00118909,299,37,262
E00118910,230,45,185
E00118911,242,35,207
E00118912,249,44,205
E00118913,150,20,130
E00118914,299,50,249
E00118915,260,49,211
E00118916,337,64,273
E00118917,236,43,193
E00118918,313,52,261
E00118919,295,59,236
E00118920,303,81,222
E00118921,334,50,284
E00118922,319,98,221
E00118923,299,42,257
E00118924,316,35,281
E00118925,296,79,217
E00118926,309,42,267
E00118927,328,67,261
E00118928,268,49,219
E00118929,300,34,266
E00118930,306,35,271
E00118931,285,46,239
E00118932,296,46,250
E00118933,288,62,226
E00118934,344,74,270
E00118935,310,66,244
E00118937,377,91,286
E00118938,284,58,226
E00118939,217,38,179
E00118940,387,75,312
E00118941,381,74,307
E00118943,328,67,261
E00118944,299,49,250
E00118945,327,80,247
E00118946,321,71,250
E00118947,300,52,248
E00118948,262,38,224
E00118949,263,43,220
E00118950,224,33,191
E00118951,409,60,349
E00118952,198,30,168
E00118953,192,17,175
E00118954,331,76,255
E00118955,337,62,275
E00118956,226,35,191
E00118957,278,53,225
E00118958,393,81,312
E00118959,282,44,238
E00118960,316,66,250
E00118961,334,65,269
E00118962,211,30,181
E00118963,412,83,329
E00118964,300,64,236
E00118965,253,59,194
E00118966,276,64,212
E00118967,253,44,209
E00118968,295,63,232
E00118969,309,64,245
E00118970,221,47,174
E00118971,333,76,257
E00118972,249,60,189
E00118973,286,50,236
E00118974,332,51,281
E00118975,345,58,287
E00118976,197,39,158
E00118977,296,56,240
E00118978,438,89,349
E00118979,320,71,249
E00118980,258,37,221
E00118981,311,65,246
E00118982,270,60,210
E00118983,327,34,293
E00118984,345,73,272
E00118985,345,80,265
E00118986,325,64,261
E00118987,342,71,271
E00118988,308,56,252
E00118989,315,61,254
E00118990,496,222,274
E00118991,237,19,218
E00118992,297,55,242
E00118993,244,34,210
E00118994,263,27,236
E00118995,412,84,328
E00118996,445,74,371
E00118997,289,59,230
E00118998,418,75,343
E00118999,329,70,259
E00119000,281,56,225
E00119001,330,71,259
E00119002,243,24,219
E00119003,383,80,303
E00119004,217,46,171
E00119005,289,53,236
E00119006,290,57,233
E00119007,251,29,222
E00119008,327,50,277
E00119009,309,76,233
E00119010,226,33,193
E00119011,298,40,258
E00119012,324,70,254
E00119013,415,92,323
E00119014,312,74,238
E00119015,293,61,232
E00119016,311,65,246
E00119017,202,40,162
E00119018,300,72,228
E00119019,165,28,137
E00119020,185,44,141
E00119021,152,23,129
E00119022,262,37,225
E00119023,368,59,309
E00119024,322,55,267
E00119025,242,43,199
E00119026,266,36,230
E00119027,392,94,298
E00119028,293,45,248
E00119029,321,70,251
E00119030,228,52,176
E00119031,559,107,452
E00119032,322,71,251
E00119033,316,60,256
E00119034,263,48,215
E00119035,270,59,211
E00119036,353,84,269
E00119037,351,64,287
E00119038,202,38,164
E00119039,273,43,230
E00119040,276,51,225
E00119041,259,40,219
E00119042,212,27,185
E00119043,318,76,242
E00119044,194,40,154
E00119045,314,71,243
E00119046,299,52,247
E00119047,397,128,269
E00119048,219,47,172
E00119049,332,69,263
E00119050,293,39,254
E00119051,246,43,203
E00119052,266,39,227
E00119053,278,51,227
E00119054,294,77,217
E00119055,480,275,205
E00119056,370,70,300
E00119057,313,63,250
E00119058,343,63,280
E00119059,389,96,293
E00119060,282,49,233
E00119061,401,71,330
E00119062,331,79,252
E00119063,324,82,242
E00119064,306,57,249
E00119065,332,46,286
E00119066,259,45,214
E00119067,327,63,264
E00119068,275,60,215
E00119069,290,40,250
E00119070,497,119,378
E00119071,310,56,254
E00119073,583,133,450
E00119074,244,48,196
E00119075,296,62,234
E00119076,299,74,225
E00119077,313,64,249
E00119078,350,82,268
E00119079,448,93,355
E00119080,337,70,267
E00119081,371,82,289
E00119082,273,69,204
E00119083,238,31,207
E00119084,438,39,399
E00119085,375,75,300
E00119087,292,54,238
E00119088,297,59,238
E00119089,403,91,312
E00119090,291,44,247
E00119091,267,35,232
E00119092,334,65,269
E00119093,320,76,244
E00119094,269,60,209
E00119095,233,37,196
E00119096,256,41,215
E00119097,281,51,230
E00119098,253,42,211
E00119099,269,19,250
E00119100,345,42,303
E00119101,281,32,249
E00119102,253,44,209
E00119104,352,55,297
E00119105,361,63,298
E00119106,300,47,253
E00119107,327,75,252
E00119108,433,92,341
E00119109,177,8,169
E00119111,166,35,131
E00119113,253,47,206
E00119114,125,4,121
E00119115,297,64,233
E00119116,235,35,200
E00119117,320,69,251
E00119118,325,65,260
E00119119,316,45,271
E00119120,309,57,252
E00119121,292,44,248
E00119122,335,78,257
E00119123,327,65,262
E00119124,449,64,385
E00119125,309,73,236
E00119126,313,68,245
E00119127,378,94,284
E00119128,346,77,269
E00119129,277,59,218
E00119130,297,67,230
E00119131,321,66,255
E00119134,296,49,247
E00119135,326,64,262
E00119136,341,76,265
E00119137,429,128,301
E00119138,288,56,232
E00119139,364,47,317
E00119140,304,70,234
E00119141,360,95,265
E00119142,420,115,305
E00119143,329,73,256
E00119144,342,78,264
E00119145,321,74,247
E00119146,387,100,287
E00119147,370,90,280
E00119148,210,34,176
E00119149,264,48,216
E00119150,294,54,240
E00119151,387,89,298
E00119152,349,56,293
E00119153,330,77,253
E00119154,346,75,271
E00119155,260,45,215
E00119156,340,52,288
E00119157,264,48,216
E00119158,296,71,225
E00119159,301,43,258
E00119160,268,50,218
E00119161,264,43,221
E00119162,283,70,213
E00119163,283,59,224
E00119164,318,68,250
E00119165,583,141,442
E00119166,300,44,256
E00119167,367,59,308
E00119168,330,68,262
E00119169,337,56,281
E00119170,263,57,206
E00119171,187,37,150
E00119172,404,63,341
E00119173,336,63,273
E00119174,118,21,97
E00119175,267,45,222
E00119176,244,29,215
E00119177,311,49,262
E00119178,391,84,307
E00119180,321,52,269
E00119181,317,61,256
E00119182,501,69,432
E00119183,461,115,346
E00119185,294,45,249
E00119186,496,112,384
E00119187,229,25,204
E00119188,443,96,347
E00119189,287,45,242
E00119190,302,51,251
E00119191,144,22,122
E00119192,261,31,230
E00119193,290,42,248
E00119194,250,30,220
E00119195,275,33,242
E00119196,311,61,250
E00119197,290,47,243
E00119198,270,43,227
E00119199,321,46,275
E00119200,318,44,274
E00119201,256,34,222
E00119202,358,79,279
E00119203,343,74,269
E00119204,273,53,220
E00119205,251,34,217
E00119206,324,71,253
E00119207,509,99,410
E00119208,292,61,231
E00119209,329,76,253
E00119210,290,52,238
E00119211,284,25,259
E00119212,276,43,233
E00119213,368,42,326
E00119214,120,11,109
E00119215,356,74,282
E00119216,403,79,324
E00119217,372,89,283
E00119218,256,41,215
E00119219,297,68,229
E00119220,221,33,188
E00119221,246,42,204
E00119222,276,64,212
E00119223,240,54,186
E00119224,285,47,238
E00119225,358,82,276
E00119226,293,60,233
E00119227,241,40,201
E00119228,301,67,234
E00119229,248,33,215
E00119230,260,47,213
E00119231,310,69,241
E00119232,257,34,223
E00119233,249,31,218
E00119234,308,60,248
E00119236,314,67,247
E00119237,218,55,163
E00119238,305,64,241
E00119239,267,47,220
E00119240,286,54,232
E00119241,325,81,244
E00119242,210,43,167
E00119244,301,54,247
E00119246,315,65,250
E00119248,233,24,209
E00119249,301,18,283
E00119250,358,63,295
E00119252,284,56,228
E00119253,368,55,313
E00119254,316,36,280
E00119255,285,31,254
E00119256,305,57,248
E00119257,211,21,190
E00119259,306,62,244
E00119260,303,44,259
E00119261,327,59,268
E00119263,292,53,239
E00119264,372,79,293
E00119265,309,56,253
E00119266,392,74,318
E00119267,208,46,162
E00119268,567,137,430
E00119269,286,68,218
E00119270,284,57,227
E00119271,262,60,202
E00119272,250,43,207
E00119273,407,113,294
E00119274,305,79,226
E00119275,344,64,280
E00119276,291,61,230
E00119277,506,120,386
E00119278,306,51,255
E00119279,200,24,176
E00119281,347,83,264
E00119282,337,56,281
E00119283,248,22,226
E00119284,244,36,208
E00119285,171,38,133
E00119286,279,50,229
E00119287,267,41,226
E00119288,297,59,238
E00119289,326,59,267
E00119290,463,85,378
E00119291,313,58,255
E00119292,343,69,274
E00119293,247,34,213
E00119294,256,46,210
E00119295,368,79,289
E00119296,224,31,193
E00119297,321,62,259
E00119298,325,72,253
E00119299,256,49,207
E00119300,278,54,224
E00119301,318,50,268
E00119302,228,52,176
E00119303,294,63,231
E00119304,340,63,277
E00119305,296,69,227
E00119306,255,32,223
E00119307,313,59,254
E00119308,299,44,255
E00119309,260,46,214
E00119310,344,83,261
E00119311,268,61,207
E00119312,233,28,205
E00119313,288,66,222
E00119314,162,12,150
E00119315,459,97,362
E00119316,250,53,197
E00119317,168,21,147
E00119319,309,44,265
E00119320,185,36,149
E00119321,316,57,259
E00119322,321,60,261
E00119323,369,62,307
E00119324,353,79,274
E00119325,354,52,302
E00119326,267,45,222
E00119327,263,58,205
E00119328,315,54,261
E00119329,502,88,414
E00119330,310,52,258
E00119331,443,100,343
E00119332,391,78,313
E00119333,175,29,146
E00119334,228,46,182
E00119335,233,28,205
E00119336,150,24,126
E00119338,348,57,291
E00119339,304,53,251
E00119340,270,44,226
E00119341,358,71,287
E00119342,282,44,238
E00119343,478,98,380
E00119344,378,75,303
E00119345,337,64,273
E00119346,348,73,275
E00119347,498,115,383
E00119348,395,62,333
E00119349,337,81,256
E00119350,194,29,165
E00119352,314,61,253
E00119353,427,89,338
E00119354,269,49,220
E00119355,344,78,266
E00119356,323,58,265
E00119357,277,52,225
E00119358,274,49,225
E00119359,308,34,274
E00119360,341,54,287
E00119361,261,36,225
E00119362,298,57,241
E00119363,352,61,291
E00119364,297,45,252
E00119365,300,50,250
E00119367,313,53,260
E00119368,309,73,236
E00119369,310,58,252
E00119370,332,63,269
E00119371,302,40,262
E00119372,360,100,260
E00119373,315,72,243
E00119374,340,70,270
E00119375,263,41,222
E00119376,327,64,263
E00119377,402,98,304
E00119378,241,36,205
E00119379,314,53,261
E00119380,261,29,232
E00119381,317,55,262
E00119382,319,67,252
E00119383,322,66,256
E00119384,230,38,192
E00119385,297,51,246
E00119386,305,53,252
E00119387,519,130,389
E00119388,251,49,202
E00119389,323,54,269
E00119390,263,33,230
E00119391,286,48,238
E00119393,426,70,356
E00119394,387,92,295
E00119395,237,31,206
E00119396,307,66,241
E00119397,396,62,334
E00119398,303,50,253
E00119399,361,73,288
E00119400,339,72,267
E00119401,349,56,293
E00119402,452,89,363
E00119403,391,63,328
E00119404,296,62,234
E00119405,286,39,247
E00119406,271,40,231
E00119407,364,72,292
E00119409,211,53,158
E00119410,398,61,337
E00119411,318,67,251
E00119412,424,89,335
E00119413,397,60,337
E00119415,171,9,162
E00119416,367,67,300
E00119417,304,58,246
E00119418,344,84,260
E00119419,236,19,217
E00119420,271,57,214
E00119421,356,34,322
E00119422,288,54,234
E00119423,458,62,396
E00119424,300,62,238
E00119425,238,47,191
E00119426,275,48,227
E00119427,506,107,399
E00119428,393,43,350
E00119429,327,39,288
E00119430,300,45,255
E00119431,234,18,216
E00119432,272,53,219
E00119433,279,67,212
E00119434,217,26,191
E00119435,375,65,310
E00119436,293,68,225
E00119437,301,51,250
E00119438,258,46,212
E00119439,250,44,206
E00119440,184,10,174
E00119441,234,22,212
E00119442,297,55,242
E00119443,259,37,222
E00119444,289,40,249
E00119445,309,62,247
E00119446,230,29,201
E00119447,306,45,261
E00119448,305,59,246
E00119449,332,86,246
E00119450,463,88,375
E00119451,243,48,195
E00119452,243,38,205
E00119453,365,39,326
E00119454,329,58,271
E00119455,232,34,198
E00119456,279,45,234
E00119457,367,94,273
E00119459,247,22,225
E00119460,274,64,210
E00119461,283,49,234
E00119462,330,66,264
E00119463,327,85,242
E00119464,377,128,249
E00119465,372,62,310
E00119466,323,73,250
E00119467,347,87,260
E00119468,329,70,259
E00119469,269,52,217
E00119471,362,62,300
E00119472,323,70,253
E00119473,274,43,231
E00119474,316,46,270
E00119475,331,51,280
E00119476,386,88,298
E00119477,294,47,247
E00119478,302,64,238
E00119480,358,75,283
E00119481,362,74,288
E00119482,151,25,126
E00119483,369,84,285
E00119485,316,80,236
E00119486,316,58,258
E00119487,344,65,279
E00119488,361,88,273
E00119489,308,62,246
E00119490,233,51,182
E00119491,275,56,219
E00119492,357,98,259
E00119493,233,51,182
E00119494,244,41,203
E00119496,296,56,240
E00119497,355,76,279
E00119498,356,65,291
E00119499,328,70,258
E00119500,340,68,272
E00119501,329,62,267
E00119502,318,75,243
E00119503,266,57,209
E00119504,222,49,173
E00119505,238,48,190
E00119506,290,56,234
E00119507,327,55,272
E00119508,366,70,296
E00119509,309,87,222
E00119510,328,67,261
E00119511,282,69,213
E00119512,451,109,342
E00119513,363,92,271
E00119514,329,91,238
E00119515,325,72,253
E00119516,321,80,241
E00119517,321,77,244
E00119518,300,55,245
E00119519,327,89,238
E00119520,240,57,183
E00119522,249,36,213
E00119523,319,95,224
E00119524,297,65,232
E00119525,335,64,271
E00119526,265,59,206
E00119527,261,53,208
E00119528,303,61,242
E00119530,323,59,264
E00119531,378,92,286
E00119532,203,29,174
E00119533,283,62,221
E00119534,293,74,219
E00119535,361,64,297
E00119537,288,60,228
E00119538,454,113,341
E00119539,301,49,252
E00119540,416,112,304
E00119541,350,70,280
E00119542,325,75,250
E00119543,359,90,269
E00119544,226,55,171
E00119545,284,70,214
E00119546,297,57,240
E00119547,353,89,264
E00119548,239,37,202
E00119549,303,63,240
E00119550,237,40,197
E00119551,287,52,235
E00119552,272,58,214
E00119553,266,82,184
E00119554,258,91,167
E00119555,403,106,297
E00119556,512,125,387
E00119557,368,81,287
E00119559,313,56,257
E00119560,367,85,282
E00119561,520,68,452
E00119562,315,93,222
E00119563,276,56,220
E00119565,350,84,266
E00119566,349,105,244
E00119568,392,106,286
E00119569,390,76,314
E00119570,361,95,266
E00119571,328,72,256
E00119572,351,71,280
E00119573,308,66,242
E00119574,294,56,238
E00119575,388,93,295
E00119576,364,102,262
E00119577,279,63,216
E00119581,255,38,217
E00119582,358,79,279
E00119583,272,42,230
E00119584,202,33,169
E00119585,262,49,213
E00119586,254,45,209
E00119587,269,29,240
E00119588,204,25,179
E00119590,403,74,329
E00119591,408,108,300
E00119592,456,95,361
E00119593,313,80,233
E00119594,331,78,253
E00119595,209,17,192
E00119596,397,94,303
E00119597,409,112,297
E00119598,316,62,254
E00119599,316,88,228
E00119600,369,51,318
E00119601,335,31,304
E00119602,337,50,287
E00119603,368,92,276
E00119604,356,56,300
E00119605,370,90,280
E00119606,403,83,320
E00119607,271,44,227
E00119608,331,61,270
E00119609,264,42,222
E00119610,304,56,248
E00119611,349,61,288
E00119612,277,32,245
E00119613,386,65,321
E00119614,297,49,248
E00119615,364,45,319
E00119616,247,52,195
E00119617,321,63,258
E00119618,180,27,153
E00119619,322,64,258
E00119620,317,85,232
E00119621,282,64,218
E00119622,320,67,253
E00119623,368,63,305
E00119624,321,81,240
E00119626,351,77,274
E00119628,299,56,243
E00119629,397,80,317
E00119630,312,76,236
E00119631,307,49,258
E00119632,248,55,193
E00119633,295,60,235
E00119635,417,78,339
E00119636,299,68,231
E00119637,316,74,242
E00119639,265,49,216
E00119640,379,77,302
E00119641,306,64,242
E00119642,277,52,225
E00119643,268,51,217
E00119644,559,156,403
E00119645,242,33,209
E00119646,310,68,242
E00119647,268,45,223
E00119648,198,17,181
E00119649,304,73,231
E00119650,290,65,225
E00119651,253,42,211
E00119652,415,97,318
E00119653,279,66,213
E00119654,263,64,199
E00119655,347,75,272
E00119656,379,83,296
E00119657,276,61,215
E00119658,333,56,277
E00119659,324,67,257
E00119660,325,77,248
E00119661,421,78,343
E00119662,338,67,271
E00119663,391,68,323
E00119664,293,38,255
E00119665,312,61,251
E00119666,321,102,219
E00119667,299,78,221
E00119668,307,56,251
E00119669,397,125,272
E00119671,339,69,270
E00119672,293,67,226
E00119673,498,120,378
E00119674,380,64,316
E00119675,339,68,271
E00119676,327,81,246
E00119677,306,73,233
E00119678,458,70,388
E00119679,382,83,299
E00119680,438,129,309
E00119681,313,65,248
E00119682,410,83,327
E00119683,388,88,300
E00119684,323,77,246
E00119685,407,74,333
E00119686,258,38,220
E00119687,359,93,266
E00119688,249,41,208
E00119689,370,97,273
E00119690,247,43,204
E00119691,402,102,300
E00119692,342,83,259
E00119693,351,82,269
E00119694,325,75,250
E00119695,393,114,279
E00119696,180,27,153
E00119697,267,52,215
E00119698,227,44,183
E00119699,348,73,275
E00119700,328,93,235
E00119701,313,68,245
E00119702,366,90,276
E00119703,290,68,222
E00119704,352,70,282
E00119705,276,46,230
E00119706,318,67,251
E00119707,302,49,253
E00119708,304,56,248
E00119709,332,116,216
E00119710,282,49,233
E00119711,381,117,264
E00119712,268,30,238
E00119713,311,95,216
E00119714,335,89,246
E00119715,309,68,241
E00119716,315,81,234
E00119717,350,93,257
E00119718,323,70,253
E00119719,304,82,222
E00119720,312,79,233
E00119721,320,73,247
E00119722,205,31,174
E00119723,325,87,238
E00119724,315,55,260
E00119725,332,59,273
E00119726,253,31,222
E00119727,331,53,278
E00119728,280,60,220
E00119729,345,75,270
E00119730,405,95,310
E00119731,312,71,241
E00119732,220,39,181
E00119733,304,56,248
E00119734,245,36,209
E00119735,348,93,255
E00119736,336,91,245
E00119737,261,73,188
E00119738,288,53,235
E00119739,244,50,194
E00119740,347,55,292
E00119741,341,68,273
E00119742,289,41,248
E00119743,323,67,256
E00119744,290,72,218
E00119745,360,78,282
E00119746,313,69,244
E00119747,305,21,284
E00119749,274,57,217
E00119750,309,55,254
E00119751,454,71,383
E00119752,344,80,264
E00119753,331,43,288
E00119754,319,50,269
E00119755,327,67,260
E00119756,353,64,289
E00119757,284,51,233
E00119758,258,33,225
E00119759,324,47,277
E00119760,199,22,177
E00119761,333,47,286
E00119762,254,38,216
E00119763,161,32,129
E00119764,213,41,172
E00119765,181,31,150
E00119766,290,74,216
E00119767,179,30,149
E00119768,333,82,251
E00119769,329,76,253
E00119770,98,27,71
E00119771,305,53,252
E00119772,332,57,275
E00119773,259,54,205
E00119774,339,70,269
E00119775,245,46,199
E00119776,291,88,203
E00119777,287,73,214
E00119778,360,76,284
E00119779,300,62,238
E00119780,285,55,230
E00119781,329,62,267
E00119782,275,54,221
E00119783,318,74,244
E00119784,303,71,232
E00119785,385,75,310
E00119786,312,56,256
E00119787,289,52,237
E00119788,281,61,220
E00119789,308,51,257
E00119790,221,34,187
E00119791,433,52,381
E00119792,308,55,253
E00119793,240,41,199
E00119794,242,24,218
E00119795,266,51,215
E00119796,352,71,281
E00119797,245,28,217
E00119798,244,31,213
E00119799,349,55,294
E00119800,324,70,254
E00119801,471,103,368
E00119802,284,52,232
E00119803,305,51,254
E00119804,273,50,223
E00119805,324,42,282
E00119806,337,92,245
E00119807,119,3,116
E00119808,162,27,135
E00119809,320,67,253
E00119810,304,78,226
E00119811,271,73,198
E00119812,376,79,297
E00119813,270,55,215
E00119814,286,71,215
E00119815,405,73,332
E00119816,290,35,255
E00119817,371,59,312
E00119818,253,27,226
E00119819,289,45,244
E00119820,295,66,229
E00119821,356,38,318
E00119822,237,31,206
E00119823,208,26,182
E00119824,309,80,229
E00119825,404,69,335
E00119826,242,26,216
E00119827,297,46,251
E00119828,346,80,266
E00119829,367,61,306
E00119830,346,64,282
E00119831,245,39,206
E00119832,306,50,256
E00119833,246,44,202
E00119834,327,69,258
E00119835,258,31,227
E00119836,249,41,208
E00119837,397,76,321
E00119838,249,51,198
E00119839,260,45,215
E00119840,249,47,202
E00119841,392,54,338
E00119842,408,68,340
E00119843,311,51,260
E00119844,356,47,309
E00119845,167,30,137
E00119846,137,31,106
E00119847,323,48,275
E00119848,295,56,239
E00119849,140,38,102
E00119850,120,30,90
E00119853,495,109,386
E00119854,246,18,228
E00119855,225,30,195
E00119857,287,66,221
E00119858,380,60,320
E00119859,273,26,247
E00119860,157,23,134
E00119861,225,24,201
E00119862,287,63,224
E00119864,240,25,215
E00119865,411,38,373
E00119866,330,63,267
E00119867,234,48,186
E00119868,317,93,224
E00119869,285,65,220
E00119870,361,56,305
E00119871,342,77,265
E00119872,328,69,259
E00119873,253,42,211
E00119874,206,17,189
E00119875,328,51,277
E00119876,313,57,256
E00119877,285,56,229
E00119878,262,36,226
E00119879,343,76,267
E00119880,274,50,224
E00119881,302,70,232
E00119882,234,30,204
E00119883,262,39,223
E00119884,378,63,315
E00119885,219,43,176
E00119886,310,71,239
E00119887,414,86,328
E00119888,298,89,209
E00119889,277,53,224
E00119890,239,34,205
E00119891,291,57,234
E00119892,323,70,253
E00119893,316,68,248
E00119894,321,69,252
E00119895,234,21,213
E00119896,427,65,362
E00119897,300,59,241
E00119898,275,47,228
E00119899,346,86,260
E00119900,253,32,221
E00119901,262,50,212
E00119902,312,61,251
E00119903,283,64,219
E00119904,379,95,284
E00119905,301,60,241
E00119906,363,58,305
E00119907,266,57,209
E00119908,302,69,233
E00119909,326,73,253
E00119910,325,61,264
E00119911,355,64,291
E00119912,210,28,182
E00119913,213,29,184
E00119914,271,41,230
E00119915,338,86,252
E00119916,345,71,274
E00119917,243,36,207
E00119918,335,95,240
E00119919,317,64,253
E00119920,159,23,136
E00119921,346,79,267
E00119922,301,54,247
E00119923,168,22,146
E00119924,222,40,182
E00119925,246,54,192
E00119926,405,111,294
E00119927,407,76,331
E00119928,286,62,224
E00119930,358,63,295
E00119931,414,87,327
E00119933,326,80,246
E00119934,193,17,176
E00119935,273,52,221
E00119936,341,81,260
E00119937,342,63,279
E00119938,411,51,360
E00119939,395,93,302
E00119940,200,22,178
E00119941,229,49,180
E00119942,313,65,248
E00119943,334,65,269
E00119944,321,61,260
E00119945,262,52,210
E00119946,286,68,218
E00119947,240,43,197
E00119948,213,44,169
E00119949,273,54,219
E00119950,251,48,203
E00119951,310,101,209
E00119952,333,80,253
E00119953,283,45,238
E00119954,284,46,238
E00119955,216,31,185
E00119956,334,73,261
E00119957,241,34,207
E00119958,465,61,404
E00119959,282,51,231
E00119961,345,76,269
E00119962,326,79,247
E00119963,272,33,239
E00119964,207,26,181
E00119965,383,108,275
E00119966,294,50,244
E00119967,345,90,255
E00119968,117,17,100
E00119969,253,58,195
E00119970,396,85,311
E00119971,324,66,258
E00119972,192,43,149
E00119973,305,52,253
E00119974,326,63,263
E00119975,346,66,280
E00119976,332,49,283
E00119977,116,17,99
E00119978,318,71,247
E00119979,348,65,283
E00119980,283,40,243
E00119981,358,56,302
E00119982,524,105,419
E00119983,411,90,321
E00119984,245,39,206
E00119985,450,94,356
E00119986,260,58,202
E00119987,286,61,225
E00119988,321,81,240
E00119989,289,47,242
E00119990,328,65,263
E00119991,351,45,306
E00119992,511,62,449
E00119993,340,76,264
E00119994,254,30,224
E00119995,268,32,236
E00119996,344,49,295
E00119997,322,57,265
E00119998,266,50,216
E00119999,322,47,275
E00120000,271,53,218
E00120001,284,64,220
E00120002,193,23,170
E00120003,283,55,228
E00120004,229,28,201
E00120005,266,42,224
E00120006,288,51,237
E00120007,337,67,270
E00120008,181,17,164
E00120009,469,94,375
E00120011,326,72,254
E00120012,323,66,257
E00120013,354,42,312
E00120015,280,61,219
E00120016,321,61,260
E00120017,319,52,267
E00120018,296,44,252
E00120019,268,42,226
E00120020,273,30,243
E00120021,312,81,231
E00120022,243,29,214
E00120023,236,46,190
E00120024,393,53,340
E00120025,213,37,176
E00120026,280,67,213
E00120027,440,89,351
E00120028,320,67,253
E00120029,311,74,237
E00120030,215,34,181
E00120031,203,35,168
E00120032,268,58,210
E00120033,273,39,234
E00120034,310,72,238
E00120035,249,42,207
E00120036,250,26,224
E00120037,287,55,232
E00120038,270,58,212
E00120039,283,62,221
E00120040,263,38,225
E00120041,170,7,163
E00120042,268,38,230
E00120043,342,90,252
E00120044,274,52,222
E00120045,333,74,259
E00120046,408,81,327
E00120047,202,27,175
E00120048,380,84,296
E00120049,178,9,169
E00120050,357,63,294
E00120051,292,53,239
E00120052,281,59,222
E00120053,272,54,218
E00120054,292,70,222
E00120055,246,28,218
E00120056,245,51,194
E00120057,320,71,249
E00120058,257,61,196
E00120059,293,71,222
E00120060,252,41,211
E00120061,259,48,211
E00120062,226,61,165
E00120063,166,21,145
E00120064,264,46,218
E00120065,294,43,251
E00120066,216,34,182
E00120067,256,27,229
E00120068,317,57,260
E00120069,286,49,237
E00120070,273,50,223
E00120071,315,43,272
E00120072,370,42,328
E00120073,320,55,265
E00120074,345,50,295
E00120075,249,41,208
E00120076,272,37,235
E00120078,306,55,251
E00120079,261,34,227
E00120080,314,92,222
E00120081,273,38,235
E00120082,377,95,282
E00120083,321,75,246
E00120084,422,85,337
E00120085,294,47,247
E00120086,325,54,271
E00120087,334,85,249
E00120088,289,36,253
E00120089,216,31,185
E00120090,272,52,220
E00120091,293,49,244
E00120092,283,64,219
E00120093,349,89,260
E00120094,300,64,236
E00120095,291,52,239
E00120096,250,47,203
E00120097,256,33,223
E00120098,342,76,266
E00120099,276,50,226
E00120100,333,92,241
E00120101,203,38,165
E00120102,225,21,204
E00120103,369,105,264
E00120104,197,24,173
E00120105,172,8,164
E00120106,244,30,214
E00120107,297,62,235
E00120108,206,36,170
E00120109,250,65,185
E00120110,318,34,284
E00120111,386,63,323
E00120112,221,28,193
E00120113,305,49,256
E00120114,352,77,275
E00120115,283,37,246
E00120116,319,89,230
E00120117,363,104,259
E00120118,159,37,122
E00120119,547,105,442
E00120120,324,43,281
E00120121,325,55,270
E00120122,465,89,376
E00120123,274,54,220
E00120124,308,72,236
E00120125,231,20,211
E00120126,310,43,267
E00120127,306,54,252
E00120128,294,56,238
E00120129,254,28,226
E00120130,330,71,259
E00120131,349,61,288
E00120132,295,45,250
E00120134,571,124,447
E00120135,259,40,219
E00120137,316,43,273
E00120138,390,46,344
E00120139,361,34,327
E00120140,183,22,161
E00120141,309,51,258
E00120142,343,41,302
E00120143,380,76,304
E00120145,457,103,354
E00120146,364,69,295
E00120147,308,67,241
E00120148,262,30,232
E00120149,277,55,222
E00120150,286,42,244
E00120151,306,48,258
E00120152,288,35,253
E00120153,350,65,285
E00120154,325,58,267
E00120155,328,59,269
E00120157,307,61,246
E00120158,286,36,250
E00120160,440,92,348
E00120161,248,34,214
E00120162,280,50,230
E00120163,354,84,270
E00120164,327,59,268
E00120165,301,55,246
E00120166,376,55,321
E00120167,302,44,258
E00120168,276,33,243
E00120169,292,28,264
E00120170,225,19,206
E00120171,154,28,126
E00120172,224,21,203
E00120173,235,27,208
E00120174,236,41,195
E00120175,137,27,110
E00120176,168,31,137
E00120177,263,40,223
E00120178,255,65,190
E00120179,322,71,251
E00120180,349,106,243
E00120181,318,85,233
E00120182,502,167,335
E00120183,426,102,324
E00120184,348,76,272
E00120185,288,61,227
E00120186,383,97,286
E00120187,338,102,236
E00120188,506,111,395
E00120189,336,97,239
E00120190,321,72,249
E00120192,432,55,377
E00120193,344,81,263
E00120194,324,62,262
E00120195,316,70,246
E00120196,357,87,270
E00120197,337,63,274
E00120198,311,72,239
E00120199,185,21,164
E00120200,341,86,255
E00120201,330,97,233
E00120202,506,77,429
E00120203,321,71,250
E00120204,484,119,365
E00120205,409,138,271
E00120206,502,137,365
E00120207,293,56,237
E00120208,335,102,233
E00120209,338,100,238
E00120210,267,58,209
E00120211,260,48,212
E00120212,298,69,229
E00120213,317,69,248
E00120214,275,68,207
E00120215,327,77,250
E00120216,317,65,252
E00120217,352,95,257
E00120218,312,86,226
E00120219,345,86,259
E00120220,311,83,228
E00120221,312,81,231
E00120222,380,84,296
E00120224,367,81,286
E00120225,327,76,251
E00120226,256,43,213
E00120227,309,43,266
E00120228,363,98,265
E00120229,352,87,265
E00120231,317,93,224
E00120232,291,61,230
E00120233,370,104,266
E00120234,408,71,337
E00120235,380,82,298
E00120236,352,67,285
E00120237,311,71,240
E00120238,267,55,212
E00120239,326,82,244
E00120240,329,107,222
E00120241,293,52,241
E00120242,269,64,205
E00120243,378,98,280
E00120244,218,38,180
E00120245,328,75,253
E00120247,377,89,288
E00120248,240,52,188
E00120249,280,72,208
E00120250,284,39,245
E00120251,255,56,199
E00120252,482,208,274
E00120253,314,58,256
E00120254,257,53,204
E00120255,253,48,205
E00120256,476,120,356
E00120257,434,122,312
E00120258,356,70,286
E00120259,372,82,290
E00120260,328,85,243
E00120261,323,77,246
E00120262,325,78,247
E00120263,311,70,241
E00120264,332,74,258
E00120265,285,43,242
E00120266,289,63,226
E00120267,433,61,372
E00120268,218,51,167
E00120269,409,117,292
E00120270,318,71,247
E00120271,278,72,206
E00120272,295,54,241
E00120273,261,62,199
E00120274,363,99,264
E00120275,305,91,214
E00120276,298,59,239
E00120277,299,68,231
E00120278,293,55,238
E00120279,311,46,265
E00120280,215,28,187
E00120281,319,83,236
E00120282,436,187,249
E00120283,412,130,282
E00120284,267,54,213
E00120285,306,85,221
E00120286,357,71,286
E00120287,369,112,257
E00120288,335,98,237
E00120289,389,129,260
E00120290,274,68,206
E00120291,344,108,236
E00120292,327,89,238
E00120293,272,62,210
E00120294,421,75,346
E00120295,317,87,230
E00120296,285,81,204
E00120297,297,58,239
E00120298,237,49,188
E00120299,288,63,225
E00120300,372,117,255
E00120301,328,82,246
E00120302,281,66,215
E00120303,368,98,270
E00120304,261,67,194
E00120305,287,77,210
E00120307,333,82,251
E00120308,333,74,259
E00120309,300,79,221
E00120310,313,101,212
E00120311,324,86,238
E00120312,335,86,249
E00120313,289,68,221
E00120314,329,85,244
E00120315,321,76,245
E00120316,342,63,279
E00120317,341,90,251
E00120318,281,44,237
E00120319,345,96,249
E00120320,331,88,243
E00120321,462,117,345
E00120322,432,149,283
E00120323,406,111,295
E00120324,274,50,224
E00120325,297,62,235
E00120326,324,71,253
E00120327,288,52,236
E00120328,330,71,259
E00120329,307,76,231
E00120330,298,63,235
E00120331,299,67,232
E00120332,333,99,234
E00120333,298,77,221
E00120334,310,67,243
E00120335,247,37,210
E00120336,281,64,217
E00120337,305,70,235
E00120338,333,76,257
E00120339,284,44,240
E00120340,277,49,228
E00120341,421,120,301
E00120342,339,87,252
E00120343,280,53,227
E00120344,338,76,262
E00120345,345,96,249
E00120346,358,77,281
E00120347,332,95,237
E00120348,302,50,252
E00120349,339,87,252
E00120350,388,120,268
E00120351,268,68,200
E00120352,266,22,244
E00120353,231,33,198
E00120354,344,49,295
E00120355,329,82,247
E00120356,367,94,273
E00120357,296,81,215
E00120358,316,92,224
E00120359,382,101,281
E00120360,348,56,292
E00120361,356,88,268
E00120362,231,43,188
E00120363,360,116,244
E00120364,290,71,219
E00120365,325,80,245
E00120366,247,47,200
E00120367,302,60,242
E00120368,348,79,269
E00120369,279,42,237
E00120370,235,34,201
E00120371,281,40,241
E00120372,339,70,269
E00120373,238,47,191
E00120374,238,26,212
E00120375,312,63,249
E00120376,351,74,277
E00120378,261,39,222
E00120379,338,49,289
E00120380,197,20,177
E00120381,263,51,212
E00120382,223,34,189
E00120383,348,97,251
E00120384,384,93,291
E00120385,284,64,220
E00120386,313,73,240
E00120387,347,94,253
E00120388,321,66,255
E00120389,360,72,288
E00120390,331,66,265
E00120391,354,73,281
E00120392,387,74,313
E00120393,270,45,225
E00120394,407,101,306
E00120395,344,89,255
E00120396,304,82,222
E00120397,316,69,247
E00120398,230,45,185
E00120399,247,63,184
E00120400,359,92,267
E00120401,351,90,261
E00120402,208,33,175
E00120403,322,84,238
E00120404,431,122,309
E00120405,334,84,250
E00120406,288,69,219
E00120407,344,96,248
E00120408,325,87,238
E00120410,240,56,184
E00120411,237,42,195
E00120412,273,71,202
E00120413,317,56,261
E00120414,148,18,130
E00120415,327,51,276
E00120416,371,94,277
E00120417,392,90,302
E00120418,391,103,288
E00120419,287,59,228
E00120420,511,113,398
E00120421,244,55,189
E00120422,370,100,270
E00120423,408,130,278
E00120424,389,116,273
E00120425,381,110,271
E00120426,396,110,286
E00120427,364,117,247
E00120428,293,72,221
E00120429,339,79,260
E00120430,266,43,223
E00120431,357,87,270
E00120432,363,101,262
E00120433,309,54,255
E00120434,324,76,248
E00120435,376,72,304
E00120437,392,82,310
E00120438,204,20,184
E00120439,322,59,263
E00120440,302,65,237
E00120441,344,71,273
E00120442,282,72,210
E00120443,321,55,266
E00120444,190,17,173
E00120445,388,70,318
E00120447,319,65,254
E00120448,306,54,252
E00120449,324,51,273
E00120450,201,49,152
E00120451,445,74,371
E00120452,305,75,230
E00120453,291,52,239
E00120454,334,66,268
E00120455,307,46,261
E00120456,241,63,178
E00120457,429,110,319
E00120458,246,43,203
E00120459,360,87,273
E00120460,416,93,323
E00120461,313,66,247
E00120462,350,88,262
E00120463,315,67,248
E00120464,273,52,221
E00120465,338,87,251
E00120466,286,41,245
E00120467,312,47,265
E00120468,290,57,233
E00120469,388,62,326
E00120470,318,75,243
E00120471,317,57,260
E00120472,262,36,226
E00120473,349,64,285
E00120474,242,44,198
E00120475,237,45,192
E00120476,327,65,262
E00120477,210,34,176
E00120478,328,60,268
E00120479,272,9,263
E00120480,294,49,245
E00120481,329,47,282
E00120482,442,63,379
E00120483,284,34,250
E00120484,298,36,262
E00120485,160,2,158
E00120486,206,42,164
E00120488,298,57,241
E00120489,216,32,184
E00120490,337,71,266
E00120491,353,48,305
E00120492,291,27,264
E00120493,412,46,366
E00120494,263,29,234
E00120495,276,37,239
E00120497,240,42,198
E00120498,353,69,284
E00120499,302,64,238
E00120500,233,31,202
E00120501,219,35,184
E00120503,351,81,270
E00120504,330,64,266
E00120505,338,74,264
E00120506,364,74,290
E00120507,320,58,262
E00120508,347,69,278
E00120509,313,56,257
E00120510,250,46,204
E00120511,236,22,214
E00120512,252,25,227
E00120513,314,39,275
E00120514,272,38,234
E00120515,318,41,277
E00120516,269,37,232
E00120517,285,48,237
E00120518,408,99,309
E00120519,329,56,273
E00120520,333,59,274
E00120521,324,68,256
E00120522,312,51,261
E00120523,360,91,269
E00120524,296,69,227
E00120525,352,98,254
E00120526,176,38,138
E00120527,275,44,231
E00120528,311,56,255
E00120529,246,47,199
E00120530,170,21,149
E00120531,227,40,187
E00120532,289,54,235
E00120533,272,50,222
E00120534,330,76,254
E00120535,340,51,289
E00120536,292,61,231
E00120537,260,45,215
E00120538,181,17,164
E00120539,255,35,220
E00120540,258,48,210
E00120541,275,46,229
E00120542,282,54,228
E00120543,323,77,246
E00120544,283,55,228
E00120545,351,47,304
E00120546,447,134,313
E00120547,314,76,238
E00120548,248,55,193
E00120549,449,118,331
E00120550,283,67,216
E00120551,314,71,243
E00120552,290,68,222
E00120553,335,85,250
E00120554,370,107,263
E00120555,309,68,241
E00120556,392,107,285
E00120557,254,57,197
E00120558,312,76,236
E00120559,228,44,184
E00120560,249,41,208
E00120561,274,36,238
E00120562,348,83,265
E00120563,257,35,222
E00120564,252,33,219
E00120565,284,60,224
E00120566,235,30,205
E00120567,340,39,301
E00120568,283,28,255
E00120569,301,68,233
E00120570,318,71,247
E00120571,222,31,191
E00120574,304,51,253
E00120575,256,55,201
E00120576,294,63,231
E00120577,294,62,232
E00120578,307,66,241
E00120579,323,59,264
E00120580,257,41,216
E00120581,262,46,216
E00120582,240,35,205
E00120583,258,49,209
E00120584,334,77,257
E00120585,323,61,262
E00120586,303,65,238
E00120587,317,64,253
E00120588,466,118,348
E00120589,332,74,258
E00120590,322,114,208
E00120591,300,78,222
E00120592,271,55,216
E00120593,361,70,291
E00120594,395,80,315
E00120595,339,42,297
E00120596,327,61,266
E00120597,298,71,227
E00120598,509,121,388
E00120599,370,86,284
E00120600,258,63,195
E00120601,229,36,193
E00120602,288,55,233
E00120603,279,49,230
E00120604,257,40,217
E00120605,292,56,236
E00120606,343,95,248
E00120607,515,93,422
E00120608,255,49,206
E00120609,359,89,270
E00120610,364,73,291
E00120611,324,73,251
E00120612,268,30,238
E00120613,346,115,231
E00120614,276,40,236
E00120615,270,68,202
E00120616,187,12,175
E00120617,279,69,210
E00120618,275,44,231
E00120619,298,61,237
E00120620,106,7,99
E00120621,286,64,222
E00120622,284,45,239
E00120623,303,52,251
E00120624,333,70,263
E00120625,351,78,273
E00120626,238,41,197
E00120627,327,64,263
E00120628,308,56,252
E00120629,320,79,241
E00120630,309,71,238
E00120631,328,67,261
E00120632,334,87,247
E00120633,253,46,207
E00120634,190,42,148
E00120635,297,70,227
E00120636,264,48,216
E00120637,230,36,194
E00120638,279,51,228
E00120639,272,54,218
E00120641,305,76,229
E00120642,297,72,225
E00120643,368,97,271
E00120644,184,25,159
E00120645,309,55,254
E00120646,301,46,255
E00120647,352,80,272
E00120648,294,58,236
E00120649,268,64,204
E00120650,322,49,273
E00120652,308,55,253
E00120653,285,60,225
E00120654,271,81,190
E00120655,257,54,203
E00120656,280,57,223
E00120657,270,58,212
E00120658,350,88,262
E00120659,309,70,239
E00120660,287,48,239
E00120661,289,55,234
E00120662,283,70,213
E00120663,499,110,389
E00120664,286,68,218
E00120665,319,80,239
E00120666,334,85,249
E00120667,344,84,260
E00120668,235,37,198
E00120669,289,72,217
E00120670,298,59,239
E00120671,298,62,236
E00120672,311,47,264
E00120673,557,118,439
E00120674,315,65,250
E00120675,279,55,224
E00120676,287,43,244
E00120677,313,40,273
E00120678,175,27,148
E00120679,244,27,217
E00120680,250,32,218
E00120681,223,33,190
E00120682,314,66,248
E00120683,291,53,238
E00120684,289,67,222
E00120685,365,93,272
E00120686,236,36,200
E00120687,309,82,227
E00120688,275,52,223
E00120689,275,48,227
E00120690,217,35,182
E00120691,276,31,245
E00120692,306,74,232
E00120693,260,45,215
E00120694,254,33,221
E00120695,318,56,262
E00120696,285,39,246
E00120697,287,50,237
E00120698,213,16,197
E00120699,375,63,312
E00120700,256,39,217
E00120701,273,46,227
E00120703,321,41,280
E00120704,319,48,271
E00120705,288,53,235
E00120706,327,53,274
E00120707,279,44,235
E00120708,257,54,203
E00120709,316,44,272
E00120710,260,36,224
E00120711,268,70,198
E00120712,303,65,238
E00120713,363,72,291
E00120714,167,5,162
E00120715,308,59,249
E00120716,361,81,280
E00120717,326,58,268
E00120718,263,42,221
E00120719,385,72,313
E00120720,309,60,249
E00120721,266,54,212
E00120722,318,58,260
E00120723,309,92,217
E00120724,300,42,258
E00120725,321,89,232
E00120726,294,51,243
E00120727,265,51,214
E00120728,329,57,272
E00120729,299,40,259
E00120730,376,87,289
E00120731,284,29,255
E00120732,238,21,217
E00120733,338,53,285
E00120734,454,98,356
E00120735,330,92,238
E00120736,316,82,234
E00120737,369,79,290
E00120738,185,23,162
E00120739,325,53,272
E00120740,337,73,264
E00120741,252,44,208
E00120742,377,49,328
E00120745,233,31,202
E00120747,369,104,265
E00120748,282,55,227
E00120750,299,53,246
E00120751,312,88,224
E00120752,337,65,272
E00120753,256,48,208
E00120754,294,45,249
E00120755,400,94,306
E00120756,198,36,162
E00120757,358,85,273
E00120758,243,37,206
E00120759,307,58,249
E00120760,309,64,245
E00120761,215,24,191
E00120762,284,52,232
E00120763,209,30,179
E00120764,240,34,206
E00120765,349,69,280
E00120766,262,57,205
E00120767,331,84,247
E00120768,266,43,223
E00120769,236,44,192
E00120770,397,88,309
E00120771,309,85,224
E00120772,312,55,257
E00120773,329,68,261
E00120774,263,49,214
E00120775,499,134,365
E00120776,428,58,370
E00120777,362,58,304
E00120778,314,76,238
E00120779,308,68,240
E00120780,373,98,275
E00120781,318,59,259
E00120782,196,23,173
E00120783,329,76,253
E00120784,417,66,351
E00120785,312,68,244
E00120786,345,82,263
E00120787,405,98,307
E00120788,228,37,191
E00120789,356,62,294
E00120790,257,25,232
E00120791,268,62,206
E00120792,342,64,278
E00120793,308,75,233
E00120794,433,116,317
E00120795,319,66,253
E00120796,288,60,228
E00120797,340,84,256
E00120798,304,71,233
E00120800,292,64,228
E00120801,300,68,232
E00120802,320,70,250
E00120803,283,65,218
E00120804,366,85,281
E00120805,389,102,287
E00120806,353,94,259
E00120807,352,79,273
E00120808,299,57,242
E00120809,288,62,226
E00120810,322,80,242
E00120811,299,90,209
E00120812,285,55,230
E00120813,310,73,237
E00120814,314,83,231
E00120815,285,71,214
E00120816,330,90,240
E00120817,268,65,203
E00120818,336,61,275
E00120819,299,77,222
E00120820,226,55,171
E00120821,328,67,261
E00120822,322,80,242
E00120823,282,57,225
E00120824,307,61,246
E00120825,318,50,268
E00120826,336,63,273
E00120827,264,42,222
E00120828,346,78,268
E00120829,311,76,235
E00120830,273,54,219
E00120831,260,42,218
E00120832,289,49,240
E00120833,235,52,183
E00120834,211,26,185
E00120835,284,47,237
E00120836,252,40,212
E00120837,360,54,306
E00120838,228,43,185
E00120839,198,16,182
E00120840,182,31,151
E00120841,195,27,168
E00120842,257,53,204
E00120843,319,61,258
E00120844,262,39,223
E00120845,232,34,198
E00120846,304,50,254
E00120847,349,48,301
E00120848,425,79,346
E00120849,337,89,248
E00120850,249,47,202
E00120851,323,81,242
E00120852,305,41,264
E00120853,496,87,409
E00120854,283,41,242
E00120855,278,61,217
E00120856,423,48,375
E00120858,339,101,238
E00120859,523,116,407
E00120860,361,55,306
E00120861,324,72,252
E00120862,290,44,246
E00120863,254,49,205
E00120864,233,49,184
E00120865,571,74,497
E00120866,264,43,221
E00120867,251,55,196
E00120868,266,46,220
E00120869,262,31,231
E00120870,273,49,224
E00120871,271,49,222
E00120872,251,47,204
E00120873,211,21,190
E00120874,312,62,250
E00120875,288,55,233
E00120876,323,71,252
E00120877,292,70,222
E00120878,331,70,261
E00120879,340,64,276
E00120880,202,40,162
E00120881,366,85,281
E00120882,397,119,278
E00120883,375,89,286
E00120884,302,61,241
E00120885,284,63,221
E00120886,341,93,248
E00120887,327,59,268
E00120888,291,71,220
E00120889,365,80,285
E00120890,344,82,262
E00120891,272,58,214
E00120892,234,38,196
E00120893,283,61,222
E00120894,352,82,270
E00120895,374,53,321
E00120896,238,44,194
E00120897,277,49,228
E00120898,296,54,242
E00120899,385,58,327
E00120900,342,68,274
E00120901,358,61,297
E00120902,291,53,238
E00120903,154,1,153
E00120905,311,58,253
E00120906,406,108,298
E00120907,321,67,254
E00120908,302,41,261
E00120909,287,40,247
E00120910,300,41,259
E00120911,263,38,225
E00120912,244,35,209
E00120913,242,38,204
E00120914,310,45,265
E00120915,288,37,251
E00120916,287,52,235
E00120917,249,39,210
E00120918,286,41,245
E00120919,233,33,200
E00120920,282,50,232
E00120921,302,49,253
E00120922,325,57,268
E00120923,289,55,234
E00120924,248,53,195
E00120925,350,76,274
E00120926,446,76,370
E00120927,384,77,307
E00120928,353,97,256
E00120929,155,13,142
E00120930,407,87,320
E00120931,407,79,328
E00120932,384,79,305
E00120933,384,90,294
E00120934,303,52,251
E00120935,352,87,265
E00120936,243,45,198
E00120937,287,58,229
E00120938,335,51,284
E00120939,354,99,255
E00120940,321,59,262
E00120941,308,71,237
E00120942,295,81,214
E00120943,271,68,203
E00120944,284,76,208
E00120945,291,77,214
E00120946,401,77,324
E00120947,324,88,236
E00120948,374,92,282
E00120949,334,60,274
E00120950,394,101,293
E00120951,308,54,254
E00120952,273,52,221
E00120953,298,61,237
E00120954,304,81,223
E00120955,298,59,239
E00120956,383,72,311
E00120957,324,65,259
E00120958,306,59,247
E00120959,326,64,262
E00120960,328,68,260
E00120961,304,76,228
E00120962,260,47,213
E00120963,334,72,262
E00120964,346,78,268
E00120965,344,83,261
E00120966,347,71,276
E00120967,293,48,245
E00120968,529,119,410
E00120969,522,143,379
E00120970,310,64,246
E00120971,228,41,187
E00120972,284,42,242
E00120973,211,47,164
E00120974,291,56,235
E00120975,357,76,281
E00120976,240,45,195
E00120977,333,80,253
E00120978,343,84,259
E00120979,281,57,224
E00120980,349,80,269
E00120981,317,70,247
E00120982,322,63,259
E00120983,380,99,281
E00120984,429,109,320
E00120985,232,44,188
E00120986,520,136,384
E00120987,303,55,248
E00120988,281,47,234
E00120989,355,85,270
E00120990,337,63,274
E00120991,307,75,232
E00120992,327,73,254
E00120993,247,58,189
E00120994,259,57,202
E00120995,386,98,288
E00120996,321,79,242
E00120997,323,75,248
E00120998,381,113,268
E00120999,353,81,272
E00121000,337,94,243
E00121001,253,53,200
E00121002,345,66,279
E00121003,358,113,245
E00121004,244,59,185
E00121005,386,85,301
E00121007,222,29,193
E00121008,262,29,233
E00121009,204,28,176
E00121010,388,78,310
E00121011,230,15,215
E00121012,350,92,258
E00121013,416,99,317
E00121014,141,6,135
E00121015,315,71,244
E00121016,301,70,231
E00121017,313,69,244
E00121018,295,56,239
E00121019,411,94,317
E00121020,273,44,229
E00121023,325,62,263
E00121025,255,44,211
E00121026,416,78,338
E00121027,368,70,298
E00121028,379,113,266
E00121029,250,39,211
E00121030,331,110,221
E00121031,348,77,271
E00121032,238,51,187
E00121033,393,98,295
E00121034,231,55,176
E00121036,216,36,180
E00121037,249,51,198
E00121038,264,57,207
E00121039,314,64,250
E00121040,328,79,249
E00121041,139,27,112
E00121042,256,42,214
E00121043,274,50,224
E00121044,280,52,228
E00121045,236,39,197
E00121046,269,45,224
E00121047,280,71,209
E00121048,284,65,219
E00121049,302,56,246
E00121050,228,39,189
E00121051,385,95,290
E00121052,376,76,300
E00121053,418,61,357
E00121054,339,74,265
E00121055,363,59,304
E00121056,352,55,297
E00121057,309,58,251
E00121058,322,60,262
E00121059,388,96,292
E00121060,346,60,286
E00121061,363,74,289
E00121062,525,45,480
E00121063,355,70,285
E00121064,348,77,271
E00121065,378,39,339
E00121066,391,81,310
E00121067,323,85,238
E00121068,185,23,162
E00121069,279,66,213
E00121070,208,39,169
E00121071,319,67,252
E00121072,276,45,231
E00121073,313,72,241
E00121074,352,75,277
E00121075,267,62,205
E00121076,451,122,329
E00121077,309,71,238
E00121078,281,48,233
E00121079,313,74,239
E00121080,282,76,206
E00121081,359,46,313
E00121082,269,53,216
E00121083,368,110,258
E00121084,287,51,236
E00121085,288,66,222
E00121087,328,64,264
E00121088,227,48,179
E00121089,231,31,200
E00121090,204,40,164
E00121092,278,54,224
E00121093,331,57,274
E00121094,378,102,276
E00121095,342,51,291
E00121096,290,63,227
E00121097,311,71,240
E00121098,319,68,251
E00121099,312,84,228
E00121100,250,43,207
E00121101,342,70,272
E00121102,217,42,175
E00121103,295,75,220
E00121104,297,71,226
E00121105,509,144,365
E00121106,391,29,362
E00121107,333,39,294
E00121108,208,29,179
E00121109,286,24,262
E00121110,235,44,191
E00121111,223,23,200
E00121112,305,53,252
E00121113,164,22,142
E00121114,263,40,223
E00121115,284,54,230
E00121116,249,41,208
E00121117,297,49,248
E00121118,474,166,308
E00121121,230,37,193
E00121122,304,68,236
E00121123,321,68,253
E00121124,345,95,250
E00121125,324,68,256
E00121126,293,57,236
E00121127,280,51,229
E00121128,271,52,219
E00121129,377,94,283
E00121130,403,94,309
E00121131,366,73,293
E00121132,354,58,296
E00121133,271,50,221
E00121134,314,54,260
E00121135,296,38,258
E00121136,351,54,297
E00121137,280,50,230
E00121138,517,133,384
E00121139,442,81,361
E00121140,361,72,289
E00121141,365,67,298
E00121142,150,8,142
E00121143,367,84,283
E00121144,173,12,161
E00121145,349,77,272
E00121146,437,115,322
E00121147,402,101,301
E00121148,318,60,258
E00121149,351,61,290
E00121150,414,75,339
E00121151,300,68,232
E00121152,332,62,270
E00121153,426,90,336
E00121154,469,97,372
E00121155,330,67,263
E00121156,352,64,288
E00121157,262,58,204
E00121158,293,79,214
E00121159,333,79,254
E00121160,296,71,225
E00121161,334,65,269
E00121162,431,115,316
E00121163,339,58,281
E00121164,440,77,363
E00121166,412,69,343
E00121167,260,51,209
E00121168,285,22,263
E00121169,427,70,357
E00121172,540,83,457
E00121174,410,96,314
E00121175,401,65,336
E00121176,406,105,301
E00121177,271,52,219
E00121178,386,70,316
E00121180,184,21,163
E00121181,339,77,262
E00121182,349,65,284
E00121183,394,43,351
E00121185,293,71,222
E00121186,328,57,271
E00121187,444,138,306
E00121188,404,94,310
E00121189,294,94,200
E00121190,274,68,206
E00121191,354,81,273
E00121195,452,121,331
E00121196,376,71,305
E00121197,404,75,329
E00121198,251,47,204
E00121199,238,31,207
E00121200,251,48,203
E00121201,377,70,307
E00121202,341,84,257
E00121203,259,70,189
E00121204,303,72,231
E00121205,338,96,242
E00121207,358,90,268
E00121208,432,144,288
E00121209,261,60,201
E00121210,328,81,247
E00121211,284,55,229
E00121212,380,92,288
E00121213,363,108,255
E00121214,327,66,261
E00121215,278,58,220
E00121216,298,67,231
E00121217,434,103,331
E00121218,415,103,312
E00121219,459,144,315
E00121220,370,95,275
E00121221,329,70,259
E00121222,386,89,297
E00121223,319,61,258
E00121224,318,60,258
E00121225,250,33,217
E00121226,257,52,205
E00121228,333,94,239
E00121229,382,99,283
E00121230,382,120,262
E00121231,275,34,241
E00121232,366,79,287
E00121233,356,92,264
E00121234,341,52,289
E00121235,367,69,298
E00121236,329,75,254
E00121237,305,58,247
E00121238,215,28,187
E00121240,296,34,262
E00121241,324,83,241
E00121242,332,76,256
E00121243,341,75,266
E00121244,340,77,263
E00121245,360,98,262
E00121247,284,78,206
E00121248,280,65,215
E00121249,290,60,230
E00121250,348,87,261
E00121251,313,78,235
E00121252,294,28,266
E00121253,500,70,430
E00121254,261,39,222
E00121255,318,67,251
E00121256,336,68,268
E00121257,276,34,242
E00121258,474,87,387
E00121259,336,86,250
E00121260,317,41,276
E00121261,376,52,324
E00121262,347,38,309
E00121263,316,83,233
E00121264,362,68,294
E00121265,309,73,236
E00121266,285,63,222
E00121267,344,56,288
E00121268,331,63,268
E00121269,339,71,268
E00121270,284,52,232
E00121271,436,77,359
E00121272,354,52,302
E00121274,463,150,313
E00121275,333,66,267
E00121276,337,73,264
E00121277,284,48,236
E00121278,269,41,228
E00121279,400,92,308
E00121280,238,51,187
E00121281,336,74,262
E00121282,262,21,241
E00121283,318,33,285
E00121284,262,52,210
E00121285,325,61,264
E00121286,302,56,246
E00121287,451,79,372
E00121288,318,61,257
E00121289,414,79,335
E00121290,292,42,250
E00121291,300,68,232
E00121292,295,62,233
E00121293,282,40,242
E00121294,260,39,221
E00121295,533,154,379
E00121296,388,79,309
E00121298,338,94,244
E00121299,327,76,251
E00121300,334,77,257
E00121301,350,88,262
E00121302,355,90,265
E00121303,348,78,270
E00121304,366,76,290
E00121305,372,78,294
E00121306,341,82,259
E00121307,356,87,269
E00121308,324,61,263
E00121309,445,72,373
E00121310,402,85,317
E00121312,418,91,327
E00121313,353,88,265
E00121314,304,57,247
E00121315,315,71,244
E00121316,285,51,234
E00121317,249,42,207
E00121318,350,53,297
E00121319,332,100,232
E00121320,343,76,267
E00121321,244,39,205
E00121322,397,118,279
E00121323,344,102,242
E00121324,402,76,326
E00121325,369,97,272
E00121326,293,45,248
E00121327,291,56,235
E00121328,251,43,208
E00121329,360,52,308
E00121330,318,61,257
E00121331,380,79,301
E00121332,354,70,284
E00121333,319,71,248
E00121334,316,63,253
E00121335,388,70,318
E00121336,243,42,201
E00121337,393,71,322
E00121338,290,54,236
E00121339,317,58,259
E00121340,331,70,261
E00121341,184,21,163
E00121342,401,78,323
E00121343,396,94,302
E00121344,383,92,291
E00121345,295,66,229
E00121346,334,59,275
E00121347,392,92,300
E00121348,346,61,285
E00121349,268,53,215
E00121350,255,19,236
E00121351,286,45,241
E00121352,329,62,267
E00121353,481,111,370
E00121354,368,74,294
E00121355,360,79,281
E00121356,391,84,307
E00121358,330,68,262
E00121359,421,81,340
E00121360,503,131,372
E00121361,386,105,281
E00121362,345,75,270
E00121363,447,118,329
E00121364,393,85,308
E00121365,548,138,410
E00121366,322,74,248
E00121367,416,118,298
E00121368,338,70,268
E00121369,316,85,231
E00121370,362,82,280
E00121371,486,118,368
E00121372,377,102,275
E00121373,279,51,228
E00121374,270,28,242
E00121375,247,49,198
E00121376,305,66,239
E00121377,286,59,227
E00121378,293,56,237
E00121379,410,111,299
E00121380,319,62,257
E00121381,452,130,322
E00121382,243,49,194
E00121383,320,90,230
E00121384,469,104,365
E00121385,266,53,213
E00121386,378,89,289
E00121387,239,45,194
E00121388,339,81,258
E00121389,294,64,230
E00121390,276,62,214
E00121391,232,31,201
E00121392,253,45,208
E00121393,248,46,202
E00121394,298,60,238
E00121395,476,126,350
E00121396,424,70,354
E00121397,284,42,242
E00121398,369,65,304
E00121399,335,70,265
E00121400,327,50,277
E00121401,303,52,251
E00121402,439,110,329
E00121403,241,138,103
E00121404,332,64,268
E00121405,309,44,265
E00121406,325,55,270
E00121407,269,63,206
E00121408,336,90,246
E00121409,289,56,233
E00121410,315,67,248
E00121411,360,51,309
E00121412,306,98,208
E00121413,317,59,258
E00121414,248,44,204
E00121415,255,58,197
E00121416,334,96,238
E00121417,320,71,249
E00121418,257,65,192
E00121419,231,34,197
E00121420,285,61,224
E00121421,341,49,292
E00121422,252,48,204
E00121423,315,68,247
E00121424,241,39,202
E00121425,276,52,224
E00121426,176,34,142
E00121427,263,55,208
E00121428,305,70,235
E00121429,286,56,230
E00121430,220,44,176
E00121431,287,53,234
E00121432,288,61,227
E00121433,270,45,225
E00121434,284,48,236
E00121435,245,33,212
E00121436,337,97,240
E00121438,297,42,255
E00121439,356,42,314
E00121440,231,24,207
E00121441,276,58,218
E00121442,199,22,177
E00121443,238,31,207
E00121444,353,81,272
E00121445,275,59,216
E00121446,262,25,237
E00121447,301,58,243
E00121448,395,90,305
E00121449,329,67,262
E00121450,331,88,243
E00121451,271,45,226
E00121452,232,45,187
E00121453,271,42,229
E00121454,359,69,290
E00121455,122,0,122
E00121456,269,67,202
E00121457,293,62,231
E00121458,241,36,205
E00121459,507,212,295
E00121460,501,152,349
E00121461,246,90,156
E00121462,326,113,213
E00121463,356,99,257
E00121464,314,128,186
E00121465,304,112,192
E00121466,342,134,208
E00121467,395,115,280
E00121468,361,146,215
E00121469,419,103,316
E00121470,390,147,243
E00121471,432,172,260
E00121472,440,150,290
E00121473,499,118,381
E00121474,309,65,244
E00121475,238,33,205
E00121476,250,55,195
E00121477,286,70,216
E00121478,245,51,194
E00121479,278,65,213
E00121480,381,77,304
E00121481,253,46,207
E00121483,257,27,230
E00121484,278,57,221
E00121485,306,70,236
E00121486,416,55,361
E00121487,333,65,268
E00121488,242,49,193
E00121489,396,144,252
E00121490,186,32,154
E00121493,290,45,245
E00121494,275,37,238
E00121495,246,45,201
E00121496,293,37,256
E00121497,264,61,203
E00121498,514,111,403
E00121499,314,84,230
E00121500,263,33,230
E00121501,368,88,280
E00121502,239,23,216
E00121503,339,79,260
E00121504,243,60,183
E00121505,362,79,283
E00121507,352,95,257
E00121508,242,55,187
E00121510,336,87,249
E00121511,331,71,260
E00121512,347,69,278
E00121513,324,61,263
E00121514,195,45,150
E00121515,316,53,263
E00121516,380,82,298
E00121517,323,70,253
E00121518,305,77,228
E00121519,347,80,267
E00121520,213,43,170
E00121522,306,60,246
E00121523,359,128,231
E00121524,322,67,255
E00121525,343,89,254
E00121526,294,78,216
E00121527,282,88,194
E00121528,377,176,201
E00121529,236,39,197
E00121530,350,123,227
E00121531,319,95,224
E00121532,332,127,205
E00121533,192,26,166
E00121534,358,124,234
E00121535,388,114,274
E00121536,320,107,213
E00121537,380,125,255
E00121538,363,132,231
E00121539,372,133,239
E00121541,669,522,147
E00121542,331,78,253
E00121544,288,78,210
E00121545,350,153,197
E00121546,363,177,186
E00121547,303,88,215
E00121550,306,94,212
E00121551,365,77,288
E00121552,325,66,259
E00121553,259,77,182
E00121554,449,164,285
E00121555,268,67,201
E00121556,341,80,261
E00121557,309,70,239
E00121558,274,38,236
E00121559,263,54,209
E00121560,350,86,264
E00121561,222,37,185
E00121562,317,55,262
E00121563,174,13,161
E00121564,309,65,244
E00121565,342,94,248
E00121566,574,147,427
E00121567,354,104,250
E00121569,340,81,259
E00121570,285,66,219
E00121571,320,78,242
E00121572,295,83,212
E00121575,316,61,255
E00121576,327,61,266
E00121577,371,87,284
E00121579,352,90,262
E00121580,207,47,160
E00121581,388,109,279
E00121582,321,73,248
E00121583,263,52,211
E00121584,235,47,188
E00121585,312,69,243
E00121586,284,42,242
E00121587,295,70,225
E00121588,322,70,252
E00121589,307,74,233
E00121590,323,95,228
E00121591,311,55,256
E00121592,309,61,248
E00121593,333,63,270
E00121594,325,70,255
E00121595,321,37,284
E00121596,338,67,271
E00121597,304,39,265
E00121598,376,72,304
E00121599,370,77,293
E00121600,335,65,270
E00121601,294,55,239
E00121602,342,58,284
E00121603,316,54,262
E00121604,332,47,285
E00121605,356,68,288
E00121606,241,26,215
E00121607,211,36,175
E00121608,296,76,220
E00121609,296,49,247
E00121610,298,55,243
E00121611,257,46,211
E00121612,418,61,357
E00121613,289,59,230
E00121614,329,53,276
E00121615,247,38,209
E00121616,221,31,190
E00121617,176,3,173
E00121618,244,50,194
E00121619,260,38,222
E00121620,148,10,138
E00121621,227,44,183
E00121622,206,19,187
E00121623,265,45,220
E00121624,242,31,211
E00121625,280,60,220
E00121626,227,26,201
E00121627,235,38,197
E00121628,249,43,206
E00121629,248,23,225
E00121630,359,62,297
E00121631,282,42,240
E00121632,229,34,195
E00121633,320,91,229
E00121634,338,92,246
E00121635,361,104,257
E00121636,329,75,254
E00121638,365,71,294
E00121639,267,67,200
E00121640,275,73,202
E00121642,282,63,219
E00121643,246,54,192
E00121644,398,112,286
E00121645,227,35,192
E00121646,285,82,203
E00121647,332,72,260
E00121648,354,100,254
E00121649,334,85,249
E00121650,251,48,203
E00121651,325,65,260
E00121652,252,58,194
E00121653,273,56,217
E00121654,390,110,280
E00121655,291,54,237
E00121656,285,53,232
E00121657,310,52,258
E00121658,323,71,252
E00121659,249,49,200
E00121660,272,59,213
E00121661,102,12,90
E00121662,293,76,217
E00121663,313,63,250
E00121664,260,69,191
E00121665,285,75,210
E00121666,331,80,251
E00121667,304,71,233
E00121668,238,49,189
E00121669,245,49,196
E00121670,261,59,202
E00121671,294,64,230
E00121672,352,78,274
E00121673,293,69,224
E00121674,305,52,253
E00121675,336,55,281
E00121676,300,46,254
E00121677,346,211,135
E00121678,254,26,228
E00121680,303,51,252
E00121681,284,40,244
E00121682,278,60,218
E00121683,308,70,238
E00121684,288,57,231
E00121685,265,47,218
E00121686,200,29,171
E00121687,285,53,232
E00121688,243,32,211
E00121689,316,42,274
E00121690,301,52,249
E00121691,365,65,300
E00121692,361,68,293
E00121693,320,82,238
E00121694,333,69,264
E00121695,367,73,294
E00121696,366,71,295
E00121697,318,49,269
E00121698,286,45,241
E00121699,383,58,325
E00121700,372,65,307
E00121701,298,65,233
E00121704,272,46,226
E00121706,325,71,254
E00121707,303,56,247
E00121708,328,63,265
E00121709,313,59,254
E00121710,272,32,240
E00121711,315,53,262
E00121712,402,51,351
E00121713,312,40,272
E00121714,267,35,232
E00121715,245,26,219
E00121716,309,75,234
E00121717,424,107,317
E00121718,297,45,252
E00121719,296,56,240
E00121720,352,69,283
E00121721,260,52,208
E00121723,342,76,266
E00121724,299,58,241
E00121725,291,54,237
E00121726,296,46,250
E00121727,394,93,301
E00121730,336,67,269
E00121731,365,89,276
E00121732,228,30,198
E00121733,414,104,310
E00121734,425,85,340
E00121735,361,57,304
E00121736,337,79,258
E00121737,261,63,198
E00121738,343,59,284
E00121739,334,71,263
E00121740,295,55,240
E00121742,434,108,326
E00121743,313,81,232
E00121744,276,40,236
E00121745,373,69,304
E00121746,315,59,256
E00121747,332,55,277
E00121748,289,47,242
E00121749,194,8,186
E00121750,388,72,316
E00121751,334,39,295
E00121752,363,63,300
E00121753,311,57,254
E00121754,374,84,290
E00121755,286,52,234
E00121756,518,69,449
E00121757,290,65,225
E00121758,292,41,251
E00121759,254,68,186
E00121760,359,64,295
E00121761,311,62,249
E00121762,217,22,195
E00121763,335,89,246
E00121764,326,89,237
E00121765,315,58,257
E00121766,470,105,365
E00121767,480,128,352
E00121771,349,89,260
E00121772,304,101,203
E00121773,255,32,223
E00121774,289,49,240
E00121775,320,88,232
E00121776,267,75,192
E00121777,279,41,238
E00121778,279,56,223
E00121779,236,30,206
E00121780,321,44,277
E00121781,300,50,250
E00121782,281,42,239
E00121783,572,108,464
E00121784,300,28,272
E00121785,319,39,280
E00121786,228,20,208
E00121787,278,56,222
E00121788,311,71,240
E00121789,294,47,247
E00121790,425,86,339
E00121791,359,49,310
E00121792,313,64,249
E00121793,188,43,145
E00121794,348,70,278
E00121795,240,38,202
E00121796,385,74,311
E00121797,300,58,242
E00121798,350,75,275
E00121799,233,48,185
E00121800,298,47,251
E00121801,260,39,221
E00121802,154,29,125
E00121803,232,44,188
E00121804,299,52,247
E00121805,399,89,310
E00121807,376,74,302
E00121808,315,89,226
E00121809,549,90,459
E00121810,497,110,387
E00121811,348,74,274
E00121814,380,80,300
E00121815,303,84,219
E00121816,323,45,278
E00121817,308,68,240
E00121819,328,65,263
E00121820,243,28,215
E00121821,322,44,278
E00121822,274,46,228
E00121823,301,53,248
E00121824,282,45,237
E00121825,309,55,254
E00121826,296,64,232
E00121827,251,43,208
E00121828,326,73,253
E00121829,279,54,225
E00121830,279,54,225
E00121831,334,77,257
E00121832,238,33,205
E00121833,225,21,204
E00121834,277,63,214
E00121835,428,53,375
E00121836,268,27,241
E00121837,340,25,315
E00121838,263,56,207
E00121839,261,53,208
E00121840,351,66,285
E00121841,346,68,278
E00121842,283,40,243
E00121843,337,57,280
E00121844,322,61,261
E00121845,268,41,227
E00121846,289,44,245
E00121848,324,65,259
E00121849,318,73,245
E00121850,288,45,243
E00121851,564,137,427
E00121852,457,98,359
E00121853,301,64,237
E00121854,350,66,284
E00121855,280,47,233
E00121856,365,69,296
E00121857,348,79,269
E00121858,219,39,180
E00121859,351,72,279
E00121860,330,67,263
E00121861,288,28,260
E00121862,376,84,292
E00121863,268,41,227
E00121864,288,58,230
E00121865,310,39,271
E00121866,257,18,239
E00121867,288,38,250
E00121868,317,48,269
E00121869,292,56,236
E00121870,349,75,274
E00121871,277,47,230
E00121872,306,65,241
E00121873,339,81,258
E00121874,499,85,414
E00121876,253,33,220
E00121877,277,35,242
E00121878,402,68,334
E00121880,344,77,267
E00121881,338,57,281
E00121882,502,127,375
E00121883,352,78,274
E00121884,370,99,271
E00121885,252,49,203
E00121888,461,64,397
E00121889,219,38,181
E00121890,230,39,191
E00121891,246,30,216
E00121892,387,40,347
E00121893,354,57,297
E00121894,285,42,243
E00121895,107,23,84
E00121896,301,17,284
E00121897,408,63,345
E00121898,136,21,115
E00121899,310,48,262
E00121900,332,38,294
E00121901,257,30,227
E00121902,292,46,246
E00121903,259,34,225
E00121904,306,50,256
E00121905,248,41,207
E00121906,280,61,219
E00121907,503,106,397
E00121909,459,88,371
E00121910,224,36,188
E00121911,303,37,266
E00121913,193,33,160
E00121914,435,76,359
E00121915,303,37,266
E00121916,317,42,275
E00121917,311,56,255
E00121918,204,42,162
E00121919,305,46,259
E00121920,438,72,366
E00121921,300,67,233
E00121922,295,38,257
E00121923,303,67,236
E00121924,244,47,197
E00121925,284,45,239
E00121926,208,35,173
E00121927,268,52,216
E00121928,255,23,232
E00121930,223,24,199
E00121931,211,25,186
E00121932,395,84,311
E00121933,336,59,277
E00121934,377,72,305
E00121935,288,49,239
E00121936,267,43,224
E00121937,416,90,326
E00121939,461,88,373
E00121940,348,118,230
E00121941,415,122,293
E00121942,457,149,308
E00121943,373,117,256
E00121944,333,80,253
E00121945,350,84,266
E00121946,301,89,212
E00121947,468,129,339
E00121948,421,117,304
E00121949,381,108,273
E00121950,288,37,251
E00121951,320,48,272
E00121952,315,33,282
E00121953,281,73,208
E00121954,317,53,264
E00121955,278,44,234
E00121956,235,52,183
E00121957,266,33,233
E00121958,417,99,318
E00121959,288,58,230
E00121960,295,61,234
E00121961,334,64,270
E00121962,157,26,131
E00121963,345,77,268
E00121964,257,32,225
E00121965,283,36,247
E00121966,297,41,256
E00121967,242,30,212
E00121968,272,42,230
E00121969,348,57,291
E00121970,241,22,219
E00121971,257,25,232
E00121972,250,20,230
E00121973,286,35,251
E00121974,249,14,235
E00121975,310,43,267
E00121976,308,56,252
E00121977,282,21,261
E00121978,296,53,243
E00121980,379,84,295
E00121981,183,2,181
E00121982,274,39,235
E00121983,320,60,260
E00121984,261,40,221
E00121985,367,44,323
E00121986,438,91,347
E00121987,220,36,184
E00121988,269,61,208
E00121990,288,59,229
E00121991,244,63,181
E00121992,218,41,177
E00121993,372,62,310
E00121994,482,93,389
E00121995,266,62,204
E00121996,354,58,296
E00121997,275,39,236
E00121998,356,77,279
E00121999,308,61,247
E00122001,332,61,271
E00122002,310,56,254
E00122004,301,55,246
E00122005,303,51,252
E00122006,236,78,158
E00122007,337,96,241
E00122008,356,52,304
E00122009,276,46,230
E00122010,324,41,283
E00122011,336,35,301
E00122012,300,43,257
E00122013,315,62,253
E00122014,145,26,119
E00122015,421,73,348
E00122016,275,45,230
E00122017,376,33,343
E00122018,327,75,252
E00122019,175,42,133
E00122020,420,57,363
E00122021,254,40,214
E00122022,389,51,338
E00122023,337,57,280
E00122024,317,65,252
E00122025,406,53,353
E00122027,227,31,196
E00122029,447,84,363
E00122031,266,29,237
E00122032,224,33,191
E00122033,254,37,217
E00122034,275,51,224
E00122035,313,55,258
E00122036,413,69,344
E00122037,352,71,281
E00122038,321,75,246
E00122039,270,32,238
E00122040,520,118,402
E00122041,248,38,210
E00122042,423,90,333
E00122043,327,62,265
E00122044,421,61,360
E00122045,268,48,220
E00122046,397,80,317
E00122047,198,30,168
E00122048,233,30,203
E00122049,142,38,104
E00122050,286,35,251
E00122051,286,45,241
E00122052,554,51,503
E00122053,280,33,247
E00122054,338,40,298
E00122055,247,35,212
E00122056,230,21,209
E00122057,409,80,329
E00122058,299,59,240
E00122059,359,90,269
E00122060,245,41,204
E00122061,222,45,177
E00122062,207,24,183
E00122063,399,73,326
E00122064,308,60,248
E00122065,320,59,261
E00122066,301,46,255
E00122067,281,48,233
E00122068,176,37,139
E00122069,259,36,223
E00122070,256,36,220
E00122071,241,35,206
E00122072,218,33,185
E00122073,331,44,287
E00122074,432,108,324
E00122075,365,121,244
E00122077,314,164,150
E00122078,290,70,220
E00122080,290,91,199
E00122083,341,79,262
E00122084,311,63,248
E00122085,593,316,277
E00122086,324,92,232
E00122087,318,88,230
E00122088,291,90,201
E00122089,262,64,198
E00122090,277,35,242
E00122091,312,52,260
E00122092,445,59,386
E00122093,291,85,206
E00122094,271,54,217
E00122095,400,83,317
E00122096,288,61,227
E00122097,398,134,264
E00122098,338,173,165
E00122099,319,109,210
E00122100,363,178,185
E00122101,453,286,167
E00122102,243,41,202
E00122103,313,68,245
E00122105,316,34,282
E00122106,340,68,272
E00122107,357,78,279
E00122110,189,34,155
E00122111,266,25,241
E00122112,325,80,245
E00122114,345,78,267
E00122115,314,54,260
E00122116,321,77,244
E00122117,322,79,243
E00122118,316,88,228
E00122119,149,33,116
E00122120,247,53,194
E00122121,317,62,255
E00122122,285,71,214
E00122123,298,62,236
E00122124,281,51,230
E00122125,319,62,257
E00122126,337,51,286
E00122127,369,53,316
E00122128,431,65,366
E00122129,325,38,287
E00122130,331,49,282
E00122131,273,43,230
E00122132,330,68,262
E00122133,271,50,221
E00122134,391,75,316
E00122135,296,43,253
E00122136,306,44,262
E00122137,286,33,253
E00122138,264,32,232
E00122139,241,31,210
E00122140,151,7,144
E00122141,305,62,243
E00122142,186,21,165
E00122143,247,51,196
E00122144,283,31,252
E00122145,274,40,234
E00122146,264,51,213
E00122147,342,57,285
E00122148,324,59,265
E00122149,261,28,233
E00122150,220,37,183
E00122151,277,39,238
E00122152,275,41,234
E00122153,344,45,299
E00122154,282,33,249
E00122155,307,29,278
E00122156,410,62,348
E00122157,322,66,256
E00122158,272,42,230
E00122159,210,19,191
E00122160,235,39,196
E00122161,328,51,277
E00122162,270,51,219
E00122163,302,67,235
E00122164,341,58,283
E00122165,252,24,228
E00122166,298,62,236
E00122167,324,73,251
E00122169,302,55,247
E00122170,378,58,320
E00122171,331,119,212
E00122172,358,58,300
E00122173,302,61,241
E00122174,281,39,242
E00122175,276,50,226
E00122176,282,39,243
E00122177,291,53,238
E00122178,307,29,278
E00122179,387,74,313
E00122180,378,90,288
E00122181,312,55,257
E00122182,310,65,245
E00122183,278,54,224
E00122184,290,35,255
E00122185,336,72,264
E00122186,227,47,180
E00122188,368,78,290
E00122189,246,44,202
E00122191,439,84,355
E00122192,160,36,124
E00122193,336,53,283
E00122194,297,51,246
E00122195,413,71,342
E00122196,449,166,283
E00122197,229,56,173
E00122198,301,58,243
E00122199,268,50,218
E00122200,260,32,228
E00122201,146,11,135
E00122202,228,39,189
E00122203,158,24,134
E00122204,309,68,241
E00122205,249,46,203
E00122206,191,41,150
E00122207,266,48,218
E00122208,180,19,161
E00122209,240,11,229
E00122210,279,59,220
E00122211,345,51,294
E00122212,233,32,201
E00122213,173,31,142
E00122214,223,30,193
E00122215,182,23,159
E00122216,179,30,149
E00122217,327,50,277
E00122218,299,57,242
E00122219,207,15,192
E00122220,259,53,206
E00122221,342,77,265
E00122222,273,47,226
E00122224,350,50,300
E00122225,560,131,429
E00122227,511,108,403
E00122228,393,84,309
E00122229,339,51,288
E00122230,302,37,265
E00122231,233,37,196
E00122232,313,38,275
E00122233,421,83,338
E00122234,307,53,254
E00122235,359,83,276
E00122236,288,39,249
E00122237,224,9,215
E00122238,319,50,269
E00122239,305,35,270
E00122240,363,74,289
E00122241,325,59,266
E00122242,302,60,242
E00122243,321,70,251
E00122244,335,76,259
E00122245,299,73,226
E00122246,296,58,238
E00122247,300,44,256
E00122248,304,71,233
E00122249,253,12,241
E00122250,417,84,333
E00122251,261,39,222
E00122252,276,36,240
E00122253,278,50,228
E00122254,263,36,227
E00122255,223,15,208
E00122256,190,17,173
E00122257,364,39,325
E00122258,255,40,215
E00122259,226,40,186
E00122260,248,31,217
E00122261,279,48,231
E00122262,299,39,260
E00122263,424,78,346
E00122264,199,24,175
E00122265,142,6,136
E00122266,326,36,290
E00122267,279,55,224
E00122268,199,43,156
E00122269,259,49,210
E00122270,279,45,234
E00122271,235,53,182
E00122272,256,46,210
E00122273,163,15,148
E00122274,260,31,229
E00122275,245,52,193
E00122276,296,67,229
E00122277,342,61,281
E00122278,428,80,348
E00122279,322,41,281
E00122280,324,72,252
E00122281,333,60,273
E00122282,302,59,243
E00122283,227,22,205
E00122284,250,40,210
E00122285,265,45,220
E00122286,300,53,247
E00122287,303,49,254
E00122288,308,34,274
E00122289,351,43,308
E00122290,182,27,155
E00122291,335,76,259
E00122293,306,65,241
E00122294,395,53,342
E00122295,285,53,232
E00122296,317,69,248
E00122297,292,64,228
E00122298,235,28,207
E00122299,304,62,242
E00122300,280,62,218
E00122301,300,56,244
E00122302,293,52,241
E00122303,302,52,250
E00122305,342,174,168
E00122306,341,87,254
E00122307,281,90,191
E00122308,311,89,222
E00122310,215,62,153
E00122311,352,161,191
E00122312,257,110,147
E00122313,323,81,242
E00122314,175,40,135
E00122315,114,6,108
E00122316,245,69,176
E00122317,454,294,160
E00122318,315,72,243
E00122319,325,97,228
E00122320,335,77,258
E00122321,299,85,214
E00122322,303,80,223
E00122323,353,53,300
E00122324,269,35,234
E00122325,272,44,228
E00122326,214,38,176
E00122327,327,31,296
E00122328,290,28,262
E00122329,326,48,278
E00122330,289,35,254
E00122331,318,49,269
E00122332,367,17,350
E00122333,544,96,448
E00122334,105,8,97
E00122335,299,45,254
E00122336,311,62,249
E00122337,253,35,218
E00122338,278,50,228
E00122339,264,27,237
E00122340,337,52,285
E00122341,295,42,253
E00122342,259,26,233
E00122343,296,38,258
E00122344,279,44,235
E00122345,273,33,240
E00122346,327,43,284
E00122347,242,22,220
E00122348,263,27,236
E00122350,263,67,196
E00122351,315,132,183
E00122352,423,162,261
E00122353,441,233,208
E00122354,404,160,244
E00122355,254,54,200
E00122356,304,96,208
E00122357,283,83,200
E00122358,298,87,211
E00122359,351,128,223
E00122360,278,79,199
E00122361,293,144,149
E00122362,318,140,178
E00122363,280,161,119
E00122364,428,240,188
E00122365,402,305,97
E00122366,315,141,174
E00122367,280,117,163
E00122368,339,79,260
E00122369,286,161,125
E00122370,315,85,230
E00122371,489,276,213
E00122372,350,68,282
E00122373,357,117,240
E00122374,350,179,171
E00122375,389,252,137
E00122376,318,179,139
E00122377,413,247,166
E00122378,230,68,162
E00122379,268,35,233
E00122380,290,80,210
E00122381,250,55,195
E00122382,283,43,240
E00122383,284,37,247
E00122384,284,27,257
E00122385,289,27,262
E00122386,324,48,276
E00122387,255,26,229
E00122388,331,63,268
E00122389,319,44,275
E00122390,290,47,243
E00122391,274,37,237
E00122392,258,40,218
E00122394,429,87,342
E00122395,309,62,247
E00122396,321,53,268
E00122397,240,13,227
E00122398,374,67,307
E00122399,432,85,347
E00122400,182,23,159
E00122401,286,47,239
E00122402,351,49,302
E00122403,375,73,302
E00122404,282,48,234
E00122406,283,57,226
E00122407,298,53,245
E00122409,265,88,177
E00122410,263,32,231
E00122411,279,53,226
E00122412,346,83,263
E00122413,360,50,310
E00122414,346,70,276
E00122415,481,142,339
E00122416,245,27,218
E00122417,319,59,260
E00122418,279,46,233
E00122419,282,35,247
E00122420,286,44,242
E00122421,298,37,261
E00122422,260,21,239
E00122423,256,51,205
E00122424,241,38,203
E00122425,267,32,235
E00122426,285,54,231
E00122427,244,28,216
E00122428,325,45,280
E00122429,346,48,298
E00122430,289,51,238
E00122431,255,48,207
E00122432,272,47,225
E00122433,322,58,264
E00122434,262,27,235
E00122435,290,26,264
E00122436,265,45,220
E00122437,313,51,262
E00122438,286,46,240
E00122439,230,16,214
E00122440,259,30,229
E00122441,318,86,232
E00122442,297,54,243
E00122443,225,16,209
E00122444,288,19,269
E00122445,267,34,233
E00122446,330,38,292
E00122447,315,45,270
E00122448,333,41,292
E00122449,239,46,193
E00122450,266,29,237
E00122451,317,61,256
E00122452,266,41,225
E00122453,291,57,234
E00122454,246,30,216
E00122455,293,68,225
E00122456,300,34,266
E00122457,319,76,243
E00122458,286,52,234
E00122459,300,59,241
E00122460,321,135,186
E00122461,283,116,167
E00122462,399,117,282
E00122463,304,85,219
E00122464,260,103,157
E00122465,318,89,229
E00122466,301,97,204
E00122467,283,87,196
E00122468,354,177,177
E00122469,302,109,193
E00122470,302,99,203
E00122471,280,41,239
E00122472,300,83,217
E00122474,377,165,212
E00122476,339,121,218
E00122477,227,55,172
E00122478,306,79,227
E00122479,293,92,201
E00122482,253,82,171
E00122483,309,89,220
E00122484,371,111,260
E00122485,385,101,284
E00122486,362,99,263
E00122487,242,56,186
E00122488,265,63,202
E00122489,288,58,230
E00122490,333,107,226
E00122491,296,47,249
E00122493,442,133,309
E00122494,294,82,212
E00122495,232,37,195
E00122496,287,41,246
E00122497,321,52,269
E00122499,347,105,242
E00122500,368,167,201
E00122502,340,143,197
E00122503,254,83,171
E00122504,366,106,260
E00122505,340,88,252
E00122506,272,109,163
E00122507,283,43,240
E00122508,297,49,248
E00122509,294,67,227
E00122510,248,48,200
E00122511,323,56,267
E00122512,416,164,252
E00122513,390,79,311
E00122514,343,63,280
E00122515,279,43,236
E00122517,425,95,330
E00122518,288,60,228
E00122519,260,40,220
E00122521,288,52,236
E00122522,496,79,417
E00122523,285,48,237
E00122524,304,54,250
E00122525,347,84,263
E00122526,313,60,253
E00122527,279,70,209
E00122528,299,67,232
E00122529,295,71,224
E00122530,325,74,251
E00122531,418,112,306
E00122532,254,57,197
E00122533,291,65,226
E00122534,428,101,327
E00122535,336,76,260
E00122536,270,53,217
E00122538,323,67,256
E00122539,308,68,240
E00122540,257,45,212
E00122541,168,18,150
E00122542,370,72,298
E00122543,303,72,231
E00122545,342,64,278
E00122546,269,43,226
E00122547,305,63,242
E00122548,290,61,229
E00122549,307,56,251
E00122550,303,46,257
E00122551,191,39,152
E00122552,264,61,203
E00122553,286,44,242
E00122554,274,72,202
E00122555,274,56,218
E00122556,244,52,192
E00122558,388,90,298
E00122560,351,62,289
E00122562,252,48,204
E00122564,271,40,231
E00122566,224,42,182
E00122567,388,94,294
E00122568,285,65,220
E00122570,307,59,248
E00122571,278,61,217
E00122572,358,64,294
E00122573,368,75,293
E00122574,345,57,288
E00122575,325,50,275
E00122576,386,76,310
E00122577,269,54,215
E00122578,305,57,248
E00122579,383,85,298
E00122580,338,76,262
E00122581,374,87,287
E00122582,341,66,275
E00122583,293,52,241
E00122584,384,81,303
E00122585,330,65,265
E00122586,261,47,214
E00122587,308,68,240
E00122588,354,77,277
E00122589,341,80,261
E00122590,324,78,246
E00122593,308,86,222
E00122595,507,117,390
E00122596,497,138,359
E00122597,297,59,238
E00122598,261,77,184
E00122599,237,60,177
E00122600,387,87,300
E00122601,156,33,123
E00122602,214,49,165
E00122603,221,65,156
E00122604,441,97,344
E00122605,343,56,287
E00122606,285,46,239
E00122607,323,53,270
E00122608,327,68,259
E00122609,297,42,255
E00122610,215,3,212
E00122611,313,70,243
E00122613,294,49,245
E00122614,292,50,242
E00122615,276,25,251
E00122616,344,60,284
E00122617,335,70,265
E00122618,397,67,330
E00122619,267,39,228
E00122620,270,41,229
E00122621,240,31,209
E00122622,320,72,248
E00122623,250,60,190
E00122624,205,30,175
E00122625,207,30,177
E00122626,205,26,179
E00122629,261,57,204
E00122630,275,60,215
E00122631,273,62,211
E00122632,318,72,246
E00122633,313,91,222
E00122634,310,82,228
E00122635,384,86,298
E00122636,312,72,240
E00122637,355,51,304
E00122638,317,45,272
E00122639,310,49,261
E00122640,295,55,240
E00122641,299,38,261
E00122642,321,57,264
E00122643,343,52,291
E00122644,356,51,305
E00122646,323,38,285
E00122647,443,109,334
E00122648,348,54,294
E00122649,240,38,202
E00122650,224,37,187
E00122651,292,20,272
E00122652,382,57,325
E00122653,277,55,222
E00122654,451,64,387
E00122655,301,40,261
E00122656,208,21,187
E00122657,257,55,202
E00122658,379,84,295
E00122659,321,58,263
E00122660,283,58,225
E00122661,277,51,226
E00122662,170,15,155
E00122663,415,104,311
E00122664,322,53,269
E00122665,177,14,163
E00122666,296,69,227
E00122667,259,47,212
E00122668,296,72,224
E00122669,296,78,218
E00122670,299,59,240
E00122671,293,63,230
E00122672,336,69,267
E00122673,323,86,237
E00122674,324,63,261
E00122675,329,50,279
E00122676,412,94,318
E00122678,328,71,257
E00122679,262,62,200
E00122680,334,80,254
E00122681,398,105,293
E00122682,358,95,263
E00122683,394,98,296
E00122684,390,98,292
E00122685,220,33,187
E00122686,279,62,217
E00122687,227,34,193
E00122688,298,57,241
E00122689,315,96,219
E00122690,266,53,213
E00122691,331,70,261
E00122692,354,106,248
E00122693,261,67,194
E00122694,350,87,263
E00122695,234,55,179
E00122696,375,72,303
E00122697,304,81,223
E00122698,359,76,283
E00122699,408,79,329
E00122700,362,79,283
E00122701,395,99,296
E00122702,318,52,266
E00122703,238,50,188
E00122704,312,76,236
E00122706,244,53,191
E00122707,225,40,185
E00122708,369,101,268
E00122709,272,61,211
E00122710,328,73,255
E00122711,292,87,205
E00122712,244,48,196
E00122713,279,47,232
E00122714,426,100,326
E00122715,251,47,204
E00122716,306,63,243
E00122717,183,15,168
E00122718,163,13,150
E00122719,316,55,261
E00122720,232,35,197
E00122721,334,62,272
E00122722,312,59,253
E00122723,264,33,231
E00122724,425,78,347
E00122725,369,95,274
E00122726,205,27,178
E00122727,323,58,265
E00122728,405,71,334
E00122729,276,62,214
E00122730,268,38,230
E00122731,315,64,251
E00122732,267,46,221
E00122733,268,55,213
E00122734,359,88,271
E00122735,339,64,275
E00122736,290,78,212
E00122737,268,52,216
E00122739,245,48,197
E00122740,233,49,184
E00122742,326,95,231
E00122743,335,72,263
E00122744,315,83,232
E00122745,285,63,222
E00122746,282,44,238
E00122747,310,72,238
E00122748,280,65,215
E00122749,309,78,231
E00122750,285,55,230
E00122751,272,60,212
E00122752,286,68,218
E00122753,218,43,175
E00122755,308,72,236
E00122756,279,57,222
E00122757,496,105,391
E00122758,334,88,246
E00122759,246,39,207
E00122760,349,105,244
E00122766,262,52,210
E00122768,256,43,213
E00122769,353,100,253
E00122771,313,83,230
E00122772,340,73,267
E00122773,327,67,260
E00122774,280,63,217
E00122776,363,88,275
E00122777,319,71,248
E00122778,357,83,274
E00122779,297,77,220
E00122780,297,66,231
E00122781,307,62,245
E00122783,378,82,296
E00122784,312,55,257
E00122785,307,62,245
E00122786,355,69,286
E00122787,251,32,219
E00122788,262,27,235
E00122789,318,70,248
E00122790,281,46,235
E00122791,357,53,304
E00122792,344,68,276
E00122793,415,88,327
E00122794,342,88,254
E00122795,318,56,262
E00122796,349,58,291
E00122797,457,83,374
E00122798,297,61,236
E00122799,333,68,265
E00122801,353,59,294
E00122802,289,57,232
E00122803,414,141,273
E00122804,404,85,319
E00122805,313,80,233
E00122806,391,52,339
E00122807,242,48,194
E00122808,339,73,266
E00122809,299,54,245
E00122810,331,84,247
E00122811,536,85,451
E00122812,332,39,293
E00122813,220,34,186
E00122814,266,56,210
E00122815,290,41,249
E00122816,298,68,230
E00122817,326,72,254
E00122818,261,58,203
E00122819,329,80,249
E00122820,330,69,261
E00122821,288,70,218
E00122822,279,81,198
E00122823,264,59,205
E00122824,347,75,272
E00122825,213,43,170
E00122826,352,84,268
E00122827,404,99,305
E00122828,279,51,228
E00122829,337,75,262
E00122830,301,80,221
E00122831,328,60,268
E00122832,245,34,211
E00122833,343,67,276
E00122834,276,53,223
E00122835,253,46,207
E00122836,257,43,214
E00122837,291,41,250
E00122838,242,26,216
E00122840,275,25,250
E00122841,273,16,257
E00122842,285,39,246
E00122843,479,71,408
E00122844,205,17,188
E00122845,421,32,389
E00122847,176,5,171
E00122848,246,38,208
E00122849,248,29,219
E00122850,153,12,141
E00122851,194,23,171
E00122852,249,32,217
E00122853,318,53,265
E00122854,338,53,285
E00122855,281,40,241
E00122856,369,78,291
E00122857,205,34,171
E00122858,310,65,245
E00122859,209,26,183
E00122860,278,29,249
E00122861,354,60,294
E00122862,355,82,273
E00122863,245,21,224
E00122864,223,25,198
E00122865,240,23,217
E00122866,360,29,331
E00122867,342,63,279
E00122868,356,41,315
E00122869,364,58,306
E00122870,290,68,222
E00122871,348,78,270
E00122872,295,52,243
E00122873,330,42,288
E00122874,291,43,248
E00122875,274,55,219
E00122876,254,30,224
E00122877,373,92,281
E00122878,338,67,271
E00122879,215,36,179
E00122880,257,34,223
E00122881,328,57,271
E00122882,349,52,297
E00122883,295,42,253
E00122884,361,80,281
E00122885,421,71,350
E00122886,350,55,295
E00122887,295,65,230
E00122888,339,57,282
E00122889,256,42,214
E00122890,237,35,202
E00122891,537,126,411
E00122892,428,69,359
E00122893,379,65,314
E00122894,547,92,455
E00122895,322,39,283
E00122896,311,43,268
E00122897,222,28,194
E00122898,279,33,246
E00122899,332,65,267
E00122900,269,40,229
E00122901,273,35,238
E00122902,393,82,311
E00122903,432,63,369
E00122904,333,42,291
E00122905,316,46,270
E00122906,297,51,246
E00122907,301,44,257
E00122908,320,56,264
E00122909,346,36,310
E00122910,421,61,360
E00122911,370,62,308
E00122912,307,52,255
E00122913,387,47,340
E00122914,328,53,275
E00122915,321,55,266
E00122916,319,60,259
E00122917,319,76,243
E00122918,243,34,209
E00122919,300,66,234
E00122920,291,53,238
E00122921,312,71,241
E00122922,310,66,244
E00122923,339,69,270
E00122924,312,82,230
E00122925,274,65,209
E00122926,287,61,226
E00122927,248,37,211
E00122928,219,39,180
E00122929,288,29,259
E00122930,323,59,264
E00122931,410,73,337
E00122932,479,113,366
E00122933,277,60,217
E00122934,511,108,403
E00122936,336,22,314
E00122937,338,32,306
E00122938,272,53,219
E00122939,280,79,201
E00122940,318,104,214
E00122941,381,63,318
E00122942,259,31,228
E00122943,302,51,251
E00122944,276,46,230
E00122945,461,95,366
E00122946,295,19,276
E00122947,343,48,295
E00122948,302,49,253
E00122949,357,73,284
E00122950,342,79,263
E00122951,285,46,239
E00122952,316,52,264
E00122953,299,38,261
E00122954,298,55,243
E00122955,283,57,226
E00122956,305,58,247
E00122957,310,53,257
E00122958,281,39,242
E00122959,298,55,243
E00122960,288,51,237
E00122961,241,54,187
E00122962,302,50,252
E00122963,303,70,233
E00122964,312,79,233
E00122965,401,87,314
E00122966,283,50,233
E00122967,309,54,255
E00122968,314,60,254
E00122969,311,60,251
E00122970,319,66,253
E00122971,288,44,244
E00122972,246,34,212
E00122973,330,57,273
E00122974,324,75,249
E00122975,283,39,244
E00122976,318,41,277
E00122977,311,51,260
E00122978,233,25,208
E00122979,283,40,243
E00122980,335,85,250
E00122981,220,21,199
E00122982,209,19,190
E00122983,390,39,351
E00122984,295,46,249
E00122985,228,35,193
E00122986,152,20,132
E00122987,172,20,152
E00122988,213,24,189
E00122989,363,66,297
E00122990,177,24,153
E00122991,132,6,126
E00122992,127,5,122
E00122993,149,11,138
E00122994,230,34,196
E00122995,182,15,167
E00122996,245,25,220
E00122997,237,25,212
E00122998,247,22,225
E00122999,182,14,168
E00123000,213,23,190
E00123001,162,14,148
E00123002,182,22,160
E00123003,251,21,230
E00123004,290,61,229
E00123005,245,30,215
E00123006,207,45,162
E00123007,193,18,175
E00123008,211,24,187
E00123009,223,30,193
E00123010,226,45,181
E00123011,256,27,229
E00123012,275,36,239
E00123013,305,53,252
E00123014,271,17,254
E00123015,260,39,221
E00123016,219,18,201
E00123017,327,58,269
E00123018,312,38,274
E00123019,373,51,322
E00123020,326,72,254
E00123021,314,57,257
E00123022,294,56,238
E00123023,296,36,260
E00123024,330,58,272
E00123025,279,42,237
E00123026,324,31,293
E00123027,331,66,265
E00123028,289,24,265
E00123029,288,46,242
E00123030,255,38,217
E00123031,349,44,305
E00123033,458,139,319
E00123034,344,113,231
E00123035,277,53,224
E00123036,321,46,275
E00123037,339,41,298
E00123038,238,35,203
E00123039,287,34,253
E00123040,360,75,285
E00123041,222,31,191
E00123042,278,27,251
E00123043,239,27,212
E00123044,354,66,288
E00123045,303,32,271
E00123046,259,29,230
E00123047,261,85,176
E00123048,429,103,326
E00123049,310,81,229
E00123050,302,56,246
E00123051,300,71,229
E00123052,274,32,242
E00123053,323,75,248
E00123054,271,46,225
E00123055,282,52,230
E00123056,368,105,263
E00123057,361,75,286
E00123058,285,37,248
E00123059,201,34,167
E00123060,321,89,232
E00123061,345,100,245
E00123062,502,124,378
E00123063,286,68,218
E00123064,222,14,208
E00123065,362,38,324
E00123066,205,9,196
E00123067,305,60,245
E00123068,185,9,176
E00123069,200,15,185
E00123070,244,17,227
E00123071,215,36,179
E00123072,262,35,227
E00123073,235,42,193
E00123074,222,35,187
E00123075,258,39,219
E00123076,289,72,217
E00123077,258,48,210
E00123078,295,65,230
E00123079,271,52,219
E00123080,241,35,206
E00123081,159,36,123
E00123082,255,32,223
E00123083,352,74,278
E00123084,453,81,372
E00123085,400,49,351
E00123086,337,34,303
E00123087,291,47,244
E00123088,333,45,288
E00123089,302,55,247
E00123090,261,38,223
E00123091,327,72,255
E00123092,216,21,195
E00123093,264,57,207
E00123094,341,107,234
E00123095,387,79,308
E00123096,492,140,352
E00123097,272,56,216
E00123098,367,67,300
E00123099,278,46,232
E00123100,264,48,216
E00123101,263,64,199
E00123102,371,70,301
E00123103,385,67,318
E00123104,343,41,302
E00123105,348,43,305
E00123106,404,115,289
E00123107,271,46,225
E00123108,355,38,317
E00123109,322,63,259
E00123110,251,48,203
E00123111,325,69,256
E00123112,184,24,160
E00123113,227,18,209
E00123114,322,77,245
E00123115,220,21,199
E00123116,277,33,244
E00123117,292,53,239
E00123118,215,22,193
E00123119,212,24,188
E00123120,298,34,264
E00123121,233,17,216
E00123122,163,4,159
E00123123,251,16,235
E00123124,248,30,218
E00123125,268,21,247
E00123126,260,47,213
E00123127,206,17,189
E00123128,245,24,221
E00123129,349,33,316
E00123130,309,39,270
E00123131,274,35,239
E00123132,416,44,372
E00123133,175,15,160
E00123135,354,33,321
E00123136,312,63,249
E00123137,222,8,214
E00123138,330,75,255
E00123139,272,38,234
E00123141,407,50,357
E00123142,293,40,253
E00123143,294,44,250
E00123144,226,25,201
E00123145,302,51,251
E00123147,312,54,258
E00123148,373,49,324
E00123149,312,35,277
E00123150,298,43,255
E00123151,425,75,350
E00123152,293,32,261
E00123153,297,46,251
E00123154,327,48,279
E00123155,353,50,303
E00123156,297,45,252
E00123157,531,104,427
E00123158,208,20,188
E00123159,263,42,221
E00123160,347,68,279
E00123161,226,26,200
E00123162,315,65,250
E00123163,313,46,267
E00123164,421,90,331
E00123165,360,43,317
E00123166,213,23,190
E00123167,351,62,289
E00123168,388,99,289
E00123169,325,59,266
E00123170,138,15,123
E00123171,285,57,228
E00123172,273,43,230
E00123173,206,33,173
E00123174,296,48,248
E00123175,273,37,236
E00123176,272,44,228
E00123177,193,21,172
E00123178,266,28,238
E00123179,272,49,223
E00123180,276,35,241
E00123181,248,29,219
E00123182,246,55,191
E00123183,393,54,339
E00123184,267,46,221
E00123185,301,83,218
E00123186,308,77,231
E00123187,332,81,251
E00123188,296,54,242
E00123189,245,36,209
E00123190,305,83,222
E00123191,290,48,242
E00123192,352,86,266
E00123193,317,74,243
E00123194,337,81,256
E00123195,270,71,199
E00123196,229,45,184
E00123197,253,64,189
E00123198,334,56,278
E00123199,270,38,232
E00123200,329,72,257
E00123201,306,73,233
E00123202,352,70,282
E00123203,228,42,186
E00123204,336,38,298
E00123205,321,77,244
E00123206,279,38,241
E00123207,267,35,232
E00123208,297,56,241
E00123209,198,22,176
E00123210,260,44,216
E00123211,328,60,268
E00123212,292,51,241
E00123213,293,38,255
E00123214,269,42,227
E00123215,337,60,277
E00123216,311,43,268
E00123217,253,33,220
E00123218,289,40,249
E00123219,321,54,267
E00123220,292,29,263
E00123221,287,46,241
E00123222,334,52,282
E00123223,400,97,303
E00123224,239,46,193
E00123225,248,46,202
E00123226,251,38,213
E00123227,283,39,244
E00123228,442,62,380
E00123229,292,35,257
E00123230,251,28,223
E00123231,282,52,230
E00123232,310,67,243
E00123233,268,37,231
E00123234,303,56,247
E00123235,249,40,209
E00123236,349,60,289
E00123237,499,104,395
E00123238,391,61,330
E00123239,302,47,255
E00123240,362,68,294
E00123241,246,37,209
E00123242,206,19,187
E00123243,350,69,281
E00123244,281,44,237
E00123245,306,51,255
E00123246,380,78,302
E00123247,305,61,244
E00123248,274,47,227
E00123249,261,84,177
E00123250,300,75,225
E00123251,392,116,276
E00123252,330,85,245
E00123253,267,58,209
E00123254,249,51,198
E00123255,303,55,248
E00123256,308,67,241
E00123257,336,82,254
E00123258,341,68,273
E00123260,350,68,282
E00123261,276,78,198
E00123262,546,129,417
E00123263,224,41,183
E00123264,333,135,198
E00123265,304,107,197
E00123266,275,96,179
E00123267,201,36,165
E00123268,261,54,207
E00123269,315,53,262
E00123270,243,48,195
E00123271,326,86,240
E00123272,305,78,227
E00123273,298,74,224
E00123274,308,49,259
E00123275,260,50,210
E00123276,342,80,262
E00123277,239,41,198
E00123278,340,61,279
E00123279,334,71,263
E00123280,323,75,248
E00123282,340,104,236
E00123283,330,70,260
E00123284,371,99,272
E00123285,355,102,253
E00123286,502,133,369
E00123287,280,59,221
E00123288,344,95,249
E00123289,313,62,251
E00123290,337,85,252
E00123291,278,51,227
E00123292,295,78,217
E00123293,255,45,210
E00123294,310,51,259
E00123295,351,53,298
E00123296,308,49,259
E00123297,427,52,375
E00123298,273,51,222
E00123299,256,31,225
E00123300,301,53,248
E00123301,236,70,166
E00123302,266,50,216
E00123303,256,40,216
E00123304,358,53,305
E00123305,336,60,276
E00123306,216,43,173
E00123307,206,39,167
E00123308,345,61,284
E00123309,280,60,220
E00123310,170,29,141
E00123311,425,71,354
E00123312,393,75,318
E00123314,464,92,372
E00123315,387,71,316
E00123316,158,24,134
E00123317,238,13,225
E00123318,518,111,407
E00123319,468,88,380
E00123320,295,74,221
E00123321,319,58,261
E00123323,329,65,264
E00123324,405,95,310
E00123325,305,68,237
E00123326,363,61,302
E00123327,263,43,220
E00123328,382,86,296
E00123329,291,30,261
E00123331,399,72,327
E00123332,289,37,252
E00123333,394,88,306
E00123334,416,121,295
E00123335,310,98,212
E00123336,310,46,264
E00123337,236,21,215
E00123338,224,48,176
E00123341,261,85,176
E00123342,338,71,267
E00123343,255,48,207
E00123344,249,53,196
E00123345,393,114,279
E00123346,359,96,263
E00123347,351,109,242
E00123349,491,116,375
E00123350,344,109,235
E00123351,343,98,245
E00123352,285,62,223
E00123353,290,53,237
E00123354,418,70,348
E00123355,296,59,237
E00123356,357,69,288
E00123357,345,57,288
E00123358,312,53,259
E00123359,291,70,221
E00123360,318,65,253
E00123361,290,28,262
E00123362,308,64,244
E00123363,339,70,269
E00123364,266,52,214
E00123365,304,37,267
E00123366,258,46,212
E00123367,334,64,270
E00123368,186,67,119
E00123369,286,53,233
E00123370,317,45,272
E00123371,303,49,254
E00123372,199,35,164
E00123373,235,32,203
E00123374,286,47,239
E00123375,481,83,398
E00123376,267,36,231
E00123377,215,33,182
E00123378,266,41,225
E00123379,250,39,211
E00123380,332,61,271
E00123381,262,47,215
E00123382,349,112,237
E00123383,317,98,219
E00123384,261,59,202
E00123385,348,75,273
E00123386,299,59,240
E00123387,468,136,332
E00123388,371,131,240
E00123389,446,137,309
E00123391,258,52,206
E00123392,292,39,253
E00123393,282,56,226
E00123394,275,68,207
E00123395,319,62,257
E00123396,339,92,247
E00123397,299,61,238
E00123398,272,46,226
E00123399,381,55,326
E00123400,233,37,196
E00123401,287,55,232
E00123402,280,63,217
E00123403,322,76,246
E00123404,196,41,155
E00123405,325,89,236
E00123406,355,114,241
E00123407,341,71,270
E00123408,285,65,220
E00123409,288,85,203
E00123410,331,102,229
E00123411,257,46,211
E00123412,322,81,241
E00123413,335,67,268
E00123414,327,81,246
E00123415,350,113,237
E00123416,295,34,261
E00123417,338,87,251
E00123418,351,104,247
E00123419,288,48,240
E00123420,172,31,141
E00123421,335,91,244
E00123422,276,62,214
E00123423,338,97,241
E00123424,314,88,226
E00123425,286,55,231
E00123426,318,128,190
E00123427,297,52,245
E00123428,391,120,271
E00123429,355,76,279
E00123430,296,58,238
E00123431,290,53,237
E00123432,305,60,245
E00123433,250,37,213
E00123434,370,105,265
E00123435,279,51,228
E00123436,303,50,253
E00123437,282,56,226
E00123438,279,59,220
E00123439,307,65,242
E00123440,315,79,236
E00123441,269,51,218
E00123442,365,79,286
E00123443,277,33,244
E00123444,250,41,209
E00123445,326,65,261
E00123446,343,66,277
E00123447,276,57,219
E00123448,279,45,234
E00123449,296,65,231
E00123450,265,59,206
E00123451,395,93,302
E00123452,498,90,408
E00123453,350,57,293
E00123454,387,124,263
E00123455,378,59,319
E00123456,409,88,321
E00123457,500,104,396
E00123459,326,58,268
E00123460,295,48,247
E00123461,337,84,253
E00123462,276,61,215
E00123463,290,56,234
E00123464,372,69,303
E00123465,257,38,219
E00123466,571,140,431
E00123467,242,26,216
E00123468,228,29,199
E00123469,287,45,242
E00123471,218,12,206
E00123472,196,12,184
E00123473,272,49,223
E00123474,260,35,225
E00123475,323,82,241
E00123476,232,20,212
E00123477,330,66,264
E00123478,254,32,222
E00123479,308,55,253
E00123480,249,31,218
E00123482,284,42,242
E00123483,315,55,260
E00123484,423,97,326
E00123485,349,43,306
E00123486,307,30,277
E00123487,290,41,249
E00123488,321,33,288
E00123489,291,20,271
E00123490,364,83,281
E00123491,273,52,221
E00123492,319,50,269
E00123493,300,48,252
E00123494,329,77,252
E00123495,311,63,248
E00123496,318,69,249
E00123497,353,65,288
E00123498,304,72,232
E00123499,351,41,310
E00123500,294,52,242
E00123501,340,60,280
E00123502,294,44,250
E00123503,271,45,226
E00123504,330,53,277
E00123505,312,64,248
E00123506,328,57,271
E00123507,285,55,230
E00123508,276,45,231
E00123509,223,22,201
E00123510,296,47,249
E00123511,255,32,223
E00123512,276,48,228
E00123513,297,59,238
E00123514,349,77,272
E00123515,329,85,244
E00123516,446,91,355
E00123517,322,45,277
E00123518,355,76,279
E00123519,322,53,269
E00123520,428,92,336
E00123521,267,30,237
E00123522,420,56,364
E00123523,198,35,163
E00123524,319,61,258
E00123525,227,34,193
E00123526,274,53,221
E00123528,324,46,278
E00123529,265,51,214
E00123530,310,49,261
E00123531,312,53,259
E00123532,344,79,265
E00123533,307,54,253
E00123534,351,64,287
E00123535,350,89,261
E00123536,298,55,243
E00123537,279,50,229
E00123538,383,79,304
E00123539,286,42,244
E00123540,294,47,247
E00123541,288,46,242
E00123542,401,77,324
E00123543,405,90,315
E00123544,429,73,356
E00123545,320,62,258
E00123546,263,34,229
E00123547,220,40,180
E00123548,418,58,360
E00123550,439,65,374
E00123551,421,76,345
E00123552,311,65,246
E00123553,400,54,346
E00123554,300,60,240
E00123555,350,42,308
E00123556,345,82,263
E00123557,328,72,256
E00123558,477,91,386
E00123559,312,50,262
E00123560,412,65,347
E00123562,253,27,226
E00123563,331,57,274
E00123564,325,52,273
E00123565,304,43,261
E00123567,206,14,192
E00123568,282,31,251
E00123569,262,37,225
E00123570,442,83,359
E00123571,395,63,332
E00123572,382,79,303
E00123573,277,41,236
E00123574,308,41,267
E00123575,232,18,214
E00123576,252,28,224
E00123577,282,53,229
E00123578,271,54,217
E00123579,202,16,186
E00123580,280,37,243
E00123581,298,46,252
E00123582,336,54,282
E00123583,315,46,269
E00123584,336,45,291
E00123585,110,16,94
E00123586,409,87,322
E00123587,104,18,86
E00123588,503,69,434
E00123589,283,48,235
E00123590,374,80,294
E00123591,396,87,309
E00123592,155,37,118
E00123593,206,25,181
E00123594,160,18,142
E00123595,336,43,293
E00123596,361,87,274
E00123597,270,57,213
E00123598,548,84,464
E00123599,234,45,189
E00123600,218,32,186
E00123601,309,79,230
E00123602,261,38,223
E00123603,289,51,238
E00123604,279,63,216
E00123605,295,50,245
E00123606,207,24,183
E00123608,252,35,217
E00123609,314,55,259
E00123610,302,43,259
E00123611,381,73,308
E00123612,301,68,233
E00123613,461,77,384
E00123614,236,32,204
E00123615,267,25,242
E00123616,215,22,193
E00123617,235,38,197
E00123618,520,119,401
E00123619,324,61,263
E00123620,318,58,260
E00123621,353,53,300
E00123622,253,40,213
E00123623,323,82,241
E00123624,302,51,251
E00123625,278,44,234
E00123626,420,81,339
E00123627,331,39,292
E00123628,281,46,235
E00123629,286,58,228
E00123630,298,42,256
E00123631,266,57,209
E00123632,218,54,164
E00123633,278,44,234
E00123634,322,66,256
E00123635,363,53,310
E00123636,388,77,311
E00123637,262,43,219
E00123638,316,73,243
E00123639,303,53,250
E00123640,309,64,245
E00123641,215,25,190
E00123642,340,69,271
E00123643,315,43,272
E00123644,256,48,208
E00123645,403,71,332
E00123646,371,84,287
E00123647,333,55,278
E00123648,268,57,211
E00123649,314,63,251
E00123650,326,60,266
E00123652,274,41,233
E00123653,332,77,255
E00123654,360,65,295
E00123655,322,64,258
E00123656,251,43,208
E00123657,301,48,253
E00123658,291,46,245
E00123659,386,79,307
E00123660,304,53,251
E00123661,260,61,199
E00123662,297,55,242
E00123663,495,90,405
E00123664,303,70,233
E00123665,434,81,353
E00123667,545,122,423
E00123669,333,61,272
E00123670,267,44,223
E00123671,292,39,253
E00123672,267,32,235
E00123673,268,45,223
E00123674,274,31,243
E00123675,397,51,346
E00123676,279,63,216
E00123677,275,38,237
E00123678,299,52,247
E00123679,289,45,244
E00123680,223,36,187
E00123681,472,58,414
E00123682,375,61,314
E00123683,438,83,355
E00123684,546,104,442
E00123685,386,42,344
E00123686,399,74,325
E00123687,247,40,207
E00123689,191,30,161
E00123690,275,45,230
E00123691,387,55,332
E00123692,293,35,258
E00123693,267,35,232
E00123694,284,46,238
E00123695,291,47,244
E00123696,301,57,244
E00123697,302,55,247
E00123698,409,133,276
E00123699,287,45,242
E00123701,379,100,279
E00123702,426,99,327
E00123703,188,38,150
E00123704,539,99,440
E00123706,427,77,350
E00123707,301,62,239
E00123708,293,62,231
E00123709,299,57,242
E00123710,294,46,248
E00123711,468,117,351
E00123713,341,49,292
E00123714,318,56,262
E00123715,480,86,394
E00123716,300,50,250
E00123717,387,129,258
E00123718,468,132,336
E00123719,463,145,318
E00123721,260,29,231
E00123722,392,51,341
E00123723,202,33,169
E00123724,303,24,279
E00123726,323,56,267
E00123727,394,86,308
E00123729,369,50,319
E00123730,320,49,271
E00123731,399,87,312
E00123732,332,50,282
E00123733,288,55,233
E00123734,282,37,245
E00123735,296,66,230
E00123736,366,80,286
E00123737,295,33,262
E00123738,222,38,184
E00123739,298,36,262
E00123740,432,67,365
E00123741,265,45,220
E00123742,435,65,370
E00123743,346,48,298
E00123744,446,100,346
E00123745,302,54,248
E00123746,276,46,230
E00123747,510,115,395
E00123748,293,45,248
E00123749,304,32,272
E00123750,308,52,256
E00123751,368,65,303
E00123752,259,38,221
E00123753,291,43,248
E00123755,426,69,357
E00123756,490,98,392
E00123757,266,29,237
E00123758,451,79,372
E00123759,427,58,369
E00123760,268,50,218
E00123761,223,44,179
E00123762,409,71,338
E00123763,248,30,218
E00123764,355,59,296
E00123765,263,63,200
E00123766,370,69,301
E00123767,250,39,211
E00123768,316,60,256
E00123769,518,81,437
E00123770,287,54,233
E00123771,487,88,399
E00123772,314,36,278
E00123773,410,87,323
E00123774,421,70,351
E00123777,236,44,192
E00123779,308,47,261
E00123780,410,65,345
E00123781,506,108,398
E00123782,341,50,291
E00123783,469,83,386
E00123784,286,66,220
E00123785,327,60,267
E00123786,222,44,178
E00123787,310,43,267
E00123789,233,18,215
E00123790,242,35,207
E00123791,303,73,230
E00123792,323,61,262
E00123793,319,67,252
E00123794,336,84,252
E00123795,474,76,398
E00123796,284,74,210
E00123797,242,35,207
E00123798,306,50,256
E00123799,252,75,177
E00123800,166,34,132
E00123801,305,44,261
E00123802,452,68,384
E00123803,244,41,203
E00123804,167,42,125
E00123805,151,24,127
E00123806,407,52,355
E00123807,384,49,335
E00123808,117,16,101
E00123809,191,27,164
E00123810,376,102,274
E00123812,287,110,177
E00123813,220,35,185
E00123814,282,61,221
E00123815,316,94,222
E00123816,279,48,231
E00123817,249,43,206
E00123819,383,102,281
E00123821,386,117,269
E00123822,249,53,196
E00123824,310,75,235
E00123825,342,93,249
E00123826,336,77,259
E00123827,313,73,240
E00123828,366,68,298
E00123829,282,47,235
E00123830,321,63,258
E00123831,362,79,283
E00123832,308,43,265
E00123833,411,83,328
E00123834,356,77,279
E00123835,326,74,252
E00123836,317,54,263
E00123837,501,62,439
E00123838,305,64,241
E00123839,370,63,307
E00123840,358,79,279
E00123841,351,67,284
E00123842,317,66,251
E00123843,322,67,255
E00123844,233,64,169
E00123845,381,92,289
E00123846,261,30,231
E00123847,312,75,237
E00123848,303,71,232
E00123849,360,82,278
E00123850,269,47,222
E00123851,306,67,239
E00123852,253,58,195
E00123853,311,43,268
E00123854,302,54,248
E00123855,302,48,254
E00123856,282,62,220
E00123857,278,64,214
E00123858,249,60,189
E00123859,212,33,179
E00123860,197,13,184
E00123861,335,83,252
E00123862,287,40,247
E00123863,282,50,232
E00123864,160,5,155
E00123865,473,98,375
E00123866,413,85,328
E00123867,311,63,248
E00123868,279,54,225
E00123869,314,58,256
E00123870,316,63,253
E00123871,269,39,230
E00123872,346,63,283
E00123873,248,45,203
E00123874,379,81,298
E00123875,273,47,226
E00123876,283,55,228
E00123878,402,75,327
E00123880,232,24,208
E00123881,460,69,391
E00123882,365,75,290
E00123883,263,41,222
E00123884,272,46,226
E00123885,247,34,213
E00123887,253,43,210
E00123888,540,109,431
E00123889,257,34,223
E00123890,274,61,213
E00123892,270,42,228
E00123893,495,97,398
E00123894,308,70,238
E00123895,514,119,395
E00123896,367,54,313
E00123897,364,78,286
E00123898,309,63,246
E00123899,561,89,472
E00123900,281,49,232
E00123901,253,31,222
E00123902,295,50,245
E00123903,325,60,265
E00123904,334,57,277
E00123905,380,74,306
E00123906,262,36,226
E00123907,254,33,221
E00123908,484,72,412
E00123909,248,41,207
E00123910,273,32,241
E00123911,542,100,442
E00123912,240,31,209
E00123913,306,43,263
E00123914,267,43,224
E00123915,379,41,338
E00123916,409,41,368
E00123917,278,35,243
E00123918,347,108,239
E00123920,308,62,246
E00123921,176,11,165
E00123922,246,49,197
E00123923,329,75,254
E00123924,302,70,232
E00123925,315,56,259
E00123926,308,62,246
E00123927,293,47,246
E00123928,298,45,253
E00123929,273,50,223
E00123930,288,45,243
E00123931,324,48,276
E00123933,336,60,276
E00123934,285,54,231
E00123935,284,65,219
E00123936,322,83,239
E00123937,281,38,243
E00123938,250,47,203
E00123939,194,38,156
E00123940,288,52,236
E00123941,409,99,310
E00123942,439,60,379
E00123943,282,68,214
E00123944,428,109,319
E00123945,398,104,294
E00123946,345,97,248
E00123947,314,79,235
E00123948,322,71,251
E00123949,318,73,245
E00123950,327,87,240
E00123951,222,45,177
E00123952,302,72,230
E00123953,230,49,181
E00123954,276,48,228
E00123955,340,46,294
E00123956,279,48,231
E00123957,380,79,301
E00123958,334,59,275
E00123959,301,36,265
E00123960,314,54,260
E00123961,214,31,183
E00123962,352,58,294
E00123963,269,46,223
E00123964,328,62,266
E00123965,241,36,205
E00123966,327,56,271
E00123967,313,34,279
E00123968,371,72,299
E00123969,161,26,135
E00123970,130,18,112
E00123971,314,51,263
E00123972,272,46,226
E00123973,466,105,361
E00123974,173,35,138
E00123975,513,98,415
E00123976,290,57,233
E00123977,345,89,256
E00123979,162,14,148
E00123980,292,67,225
E00123981,256,35,221
E00123982,264,55,209
E00123983,333,85,248
E00123984,338,87,251
E00123985,282,47,235
E00123986,319,81,238
E00123987,336,107,229
E00123988,323,89,234
E00123989,274,33,241
E00123990,250,19,231
E00123991,294,41,253
E00123992,385,71,314
E00123993,355,76,279
E00123996,309,83,226
E00123997,364,75,289
E00123998,347,68,279
E00123999,270,52,218
E00124000,272,44,228
E00124001,378,48,330
E00124002,230,52,178
E00124003,297,59,238
E00124004,381,69,312
E00124005,301,75,226
E00124006,273,50,223
E00124007,291,52,239
E00124008,318,50,268
E00124009,386,70,316
E00124010,308,80,228
E00124011,250,40,210
E00124012,262,47,215
E00124013,329,51,278
E00124014,444,64,380
E00124015,269,26,243
E00124016,233,43,190
E00124017,306,59,247
E00124018,281,40,241
E00124019,209,27,182
E00124020,182,37,145
E00124021,306,60,246
E00124022,273,48,225
E00124023,320,52,268
E00124024,290,45,245
E00124025,162,26,136
E00124026,328,44,284
E00124027,289,56,233
E00124028,245,31,214
E00124029,307,59,248
E00124030,258,33,225
E00124031,343,58,285
E00124032,262,21,241
E00124033,369,83,286
E00124035,261,43,218
E00124036,280,44,236
E00124037,316,44,272
E00124038,123,25,98
E00124039,97,19,78
E00124040,493,99,394
E00124041,286,42,244
E00124042,231,11,220
E00124043,302,32,270
E00124044,433,87,346
E00124045,242,29,213
E00124046,338,65,273
E00124047,362,29,333
E00124048,248,37,211
E00124049,280,25,255
E00124050,334,54,280
E00124051,237,31,206
E00124052,318,54,264
E00124053,295,49,246
E00124054,274,30,244
E00124055,290,44,246
E00124056,278,44,234
E00124057,436,92,344
E00124058,308,42,266
E00124059,303,55,248
E00124060,354,74,280
E00124061,189,19,170
E00124062,315,66,249
E00124063,421,61,360
E00124064,278,57,221
E00124065,169,29,140
E00124066,304,50,254
E00124067,347,56,291
E00124068,494,72,422
E00124069,273,45,228
E00124070,323,49,274
E00124071,323,40,283
E00124072,269,37,232
E00124073,314,50,264
E00124074,380,57,323
E00124075,283,0,283
E00124076,309,48,261
E00124077,276,20,256
E00124078,344,78,266
E00124079,296,59,237
E00124080,302,56,246
E00124081,264,46,218
E00124082,297,47,250
E00124083,290,31,259
E00124084,365,71,294
E00124085,270,39,231
E00124086,494,79,415
E00124087,334,59,275
E00124088,442,65,377
E00124089,269,31,238
E00124090,389,61,328
E00124091,255,34,221
E00124092,153,44,109
E00124093,356,49,307
E00124094,257,38,219
E00124095,149,19,130
E00124096,274,33,241
E00124097,318,46,272
E00124098,198,43,155
E00124099,368,78,290
E00124100,315,58,257
E00124101,202,44,158
E00124102,364,67,297
E00124103,347,71,276
E00124104,329,76,253
E00124105,344,72,272
E00124106,262,37,225
E00124107,337,72,265
E00124108,334,60,274
E00124109,318,60,258
E00124110,284,61,223
E00124111,285,59,226
E00124112,420,83,337
E00124113,298,68,230
E00124114,365,60,305
E00124115,337,67,270
E00124117,220,52,168
E00124118,313,70,243
E00124119,259,49,210
E00124120,328,77,251
E00124121,279,43,236
E00124122,336,82,254
E00124123,291,71,220
E00124124,277,53,224
E00124125,291,43,248
E00124126,352,89,263
E00124127,339,75,264
E00124128,329,68,261
E00124129,254,50,204
E00124130,334,54,280
E00124131,261,41,220
E00124132,285,52,233
E00124133,386,78,308
E00124134,371,73,298
E00124135,241,30,211
E00124136,336,84,252
E00124137,336,63,273
E00124138,307,81,226
E00124139,388,64,324
E00124140,322,65,257
E00124141,368,77,291
E00124142,362,84,278
E00124143,312,65,247
E00124144,298,64,234
E00124145,326,72,254
E00124146,293,71,222
E00124147,239,41,198
E00124148,403,112,291
E00124149,234,45,189
E00124150,257,46,211
E00124151,409,109,300
E00124152,273,58,215
E00124153,300,73,227
E00124154,366,98,268
E00124155,240,50,190
E00124156,229,46,183
E00124157,210,36,174
E00124158,318,85,233
E00124159,371,90,281
E00124160,389,96,293
E00124161,320,71,249
E00124162,337,63,274
E00124163,297,46,251
E00124164,274,39,235
E00124165,262,45,217
E00124166,398,114,284
E00124167,363,86,277
E00124168,428,99,329
E00124169,347,92,255
E00124170,369,97,272
E00124171,365,94,271
E00124172,418,108,310
E00124173,366,86,280
E00124174,419,105,314
E00124175,410,85,325
E00124176,268,64,204
E00124177,222,43,179
E00124178,339,77,262
E00124179,335,82,253
E00124180,361,100,261
E00124181,319,77,242
E00124182,321,87,234
E00124183,332,96,236
E00124184,374,97,277
E00124185,233,34,199
E00124186,291,60,231
E00124187,312,60,252
E00124188,266,44,222
E00124189,335,90,245
E00124190,266,57,209
E00124191,239,41,198
E00124192,322,62,260
E00124193,347,37,310
E00124194,340,84,256
E00124195,236,42,194
E00124196,261,52,209
E00124197,319,73,246
E00124198,258,59,199
E00124199,336,83,253
E00124200,331,93,238
E00124201,364,78,286
E00124202,490,86,404
E00124203,278,67,211
E00124204,370,64,306
E00124205,235,25,210
E00124206,251,50,201
E00124208,259,52,207
E00124209,211,30,181
E00124211,452,70,382
E00124212,308,70,238
E00124213,314,59,255
E00124214,284,52,232
E00124215,331,44,287
E00124216,318,48,270
E00124217,288,35,253
E00124219,325,51,274
E00124220,279,37,242
E00124221,416,115,301
E00124222,325,59,266
E00124223,334,51,283
E00124224,343,85,258
E00124225,306,61,245
E00124226,270,57,213
E00124227,302,50,252
E00124228,253,36,217
E00124229,316,56,260
E00124230,283,45,238
E00124231,445,78,367
E00124232,335,63,272
E00124233,332,79,253
E00124234,332,99,233
E00124235,344,76,268
E00124236,374,82,292
E00124237,269,34,235
E00124238,420,104,316
E00124239,238,59,179
E00124240,305,60,245
E00124241,290,65,225
E00124242,309,77,232
E00124243,222,21,201
E00124244,318,98,220
E00124245,376,93,283
E00124246,440,74,366
E00124247,306,83,223
E00124248,229,26,203
E00124249,380,75,305
E00124250,287,50,237
E00124251,252,40,212
E00124252,409,99,310
E00124253,269,37,232
E00124254,223,32,191
E00124255,271,55,216
E00124256,234,41,193
E00124257,276,47,229
E00124258,285,77,208
E00124259,210,27,183
E00124260,240,37,203
E00124261,174,27,147
E00124262,313,58,255
E00124263,284,59,225
E00124264,150,9,141
E00124265,285,75,210
E00124266,285,63,222
E00124267,381,93,288
E00124268,318,53,265
E00124269,289,32,257
E00124270,284,46,238
E00124271,263,47,216
E00124272,272,31,241
E00124273,258,68,190
E00124274,358,73,285
E00124275,349,85,264
E00124276,295,30,265
E00124277,275,42,233
E00124278,331,61,270
E00124279,279,50,229
E00124280,300,33,267
E00124281,291,34,257
E00124282,379,40,339
E00124283,302,33,269
E00124284,245,14,231
E00124285,256,15,241
E00124286,274,26,248
E00124287,240,18,222
E00124288,205,13,192
E00124289,293,44,249
E00124290,227,12,215
E00124291,262,38,224
E00124292,226,15,211
E00124293,236,20,216
E00124294,269,23,246
E00124295,371,61,310
E00124296,303,34,269
E00124297,235,18,217
E00124298,243,15,228
E00124299,214,6,208
E00124300,228,15,213
E00124301,291,47,244
E00124302,297,38,259
E00124303,289,42,247
E00124304,283,26,257
E00124305,295,50,245
E00124306,251,25,226
E00124307,270,30,240
E00124308,260,30,230
E00124309,281,49,232
E00124310,253,24,229
E00124311,363,95,268
E00124312,260,43,217
E00124313,329,70,259
E00124314,330,57,273
E00124315,488,107,381
E00124316,314,59,255
E00124317,241,36,205
E00124318,318,70,248
E00124319,380,76,304
E00124320,381,70,311
E00124321,373,83,290
E00124322,291,53,238
E00124323,212,31,181
E00124324,330,62,268
E00124325,515,77,438
E00124326,381,66,315
E00124327,438,92,346
E00124328,352,71,281
E00124329,345,73,272
E00124330,356,83,273
E00124332,426,121,305
E00124333,327,79,248
E00124334,265,52,213
E00124335,364,116,248
E00124336,273,28,245
E00124337,308,62,246
E00124338,310,77,233
E00124339,361,108,253
E00124340,235,43,192
E00124341,334,58,276
E00124342,335,74,261
E00124343,226,49,177
E00124344,224,32,192
E00124345,321,75,246
E00124346,289,71,218
E00124347,245,35,210
E00124348,269,65,204
E00124349,298,83,215
E00124350,316,70,246
E00124351,188,33,155
E00124352,302,52,250
E00124353,274,63,211
E00124354,237,49,188
E00124355,337,86,251
E00124356,300,69,231
E00124357,295,81,214
E00124358,267,45,222
E00124359,346,100,246
E00124360,367,101,266
E00124361,320,79,241
E00124362,324,75,249
E00124363,291,66,225
E00124364,356,81,275
E00124365,328,77,251
E00124366,305,74,231
E00124367,271,58,213
E00124368,247,51,196
E00124369,345,46,299
E00124370,246,56,190
E00124371,296,53,243
E00124372,219,25,194
E00124373,236,30,206
E00124374,279,64,215
E00124375,260,56,204
E00124376,327,93,234
E00124377,258,35,223
E00124378,332,85,247
E00124379,246,40,206
E00124380,283,72,211
E00124381,311,77,234
E00124382,248,43,205
E00124383,322,55,267
E00124384,375,40,335
E00124386,330,37,293
E00124387,222,26,196
E00124388,273,36,237
E00124389,299,0,299
E00124390,299,79,220
E00124391,272,54,218
E00124392,213,42,171
E00124393,316,62,254
E00124394,157,12,145
E00124396,279,38,241
E00124397,279,45,234
E00124398,434,75,359
E00124399,246,14,232
E00124400,254,36,218
E00124401,316,43,273
E00124403,178,12,166
E00124404,231,20,211
E00124405,309,21,288
E00124406,216,8,208
E00124407,363,36,327
E00124408,269,32,237
E00124410,322,60,262
E00124411,348,75,273
E00124412,266,39,227
E00124413,242,17,225
E00124414,285,69,216
E00124415,418,65,353
E00124416,327,22,305
E00124417,209,15,194
E00124418,176,8,168
E00124419,439,79,360
E00124420,333,77,256
E00124421,311,74,237
E00124422,299,59,240
E00124423,267,43,224
E00124424,312,71,241
E00124425,325,79,246
E00124426,289,57,232
E00124427,302,52,250
E00124428,356,65,291
E00124429,300,59,241
E00124430,258,52,206
E00124431,286,50,236
E00124432,323,65,258
E00124433,343,49,294
E00124434,318,51,267
E00124435,350,72,278
E00124436,275,44,231
E00124437,293,69,224
E00124438,364,92,272
E00124439,267,30,237
E00124440,335,46,289
E00124441,255,31,224
E00124442,257,35,222
E00124443,270,26,244
E00124444,344,65,279
E00124445,381,61,320
E00124446,551,128,423
E00124447,300,47,253
E00124448,321,43,278
E00124449,342,45,297
E00124450,343,72,271
E00124451,285,37,248
E00124452,490,107,383
E00124453,409,46,363
E00124454,253,24,229
E00124455,344,52,292
E00124456,404,99,305
E00124458,195,17,178
E00124459,309,55,254
E00124460,206,22,184
E00124461,304,37,267
E00124462,283,26,257
E00124463,281,34,247
E00124464,171,8,163
E00124465,217,28,189
E00124466,259,68,191
E00124467,303,49,254
E00124468,240,28,212
E00124469,237,29,208
E00124470,292,27,265
E00124471,341,46,295
E00124472,217,12,205
E00124473,320,61,259
E00124474,308,35,273
E00124475,292,60,232
E00124476,322,44,278
E00124477,274,20,254
E00124478,156,14,142
E00124479,224,24,200
E00124480,262,19,243
E00124481,258,21,237
E00124482,297,38,259
E00124483,312,29,283
E00124484,175,13,162
E00124485,203,15,188
E00124486,245,32,213
E00124487,167,15,152
E00124488,407,46,361
E00124489,262,38,224
E00124490,309,44,265
E00124491,257,23,234
E00124492,278,39,239
E00124493,362,64,298
E00124494,330,38,292
E00124495,299,46,253
E00124496,338,41,297
E00124497,208,18,190
E00124498,339,39,300
E00124499,248,18,230
E00124500,262,32,230
E00124501,306,51,255
E00124503,256,52,204
E00124504,281,53,228
E00124505,234,36,198
E00124506,297,35,262
E00124507,251,22,229
E00124508,228,17,211
E00124509,229,18,211
E00124510,328,68,260
E00124511,377,57,320
E00124512,275,42,233
E00124513,271,50,221
E00124514,282,22,260
E00124515,273,60,213
E00124516,274,42,232
E00124517,260,40,220
E00124518,511,75,436
E00124519,209,26,183
E00124520,342,63,279
E00124521,309,38,271
E00124522,442,79,363
E00124523,309,55,254
E00124524,341,42,299
E00124525,296,36,260
E00124526,305,72,233
E00124527,372,73,299
E00124528,265,59,206
E00124529,333,43,290
E00124530,317,55,262
E00124531,258,21,237
E00124532,327,25,302
E00124533,338,77,261
E00124534,297,70,227
E00124535,246,48,198
E00124536,107,19,88
E00124537,207,24,183
E00124538,287,37,250
E00124539,261,60,201
E00124540,284,47,237
E00124541,279,25,254
E00124542,397,62,335
E00124543,259,33,226
E00124544,305,33,272
E00124545,412,55,357
E00124546,307,41,266
E00124547,279,37,242
E00124548,365,24,341
E00124549,367,46,321
E00124550,263,27,236
E00124551,297,30,267
E00124552,187,11,176
E00124553,248,29,219
E00124554,262,44,218
E00124555,341,46,295
E00124556,264,31,233
E00124557,215,25,190
E00124558,297,65,232
E00124559,391,110,281
E00124560,291,25,266
E00124561,242,44,198
E00124562,280,32,248
E00124563,318,38,280
E00124564,521,73,448
E00124565,270,29,241
E00124566,174,17,157
E00124567,429,100,329
E00124568,282,56,226
E00124571,353,57,296
E00124572,534,106,428
E00124573,511,136,375
E00124574,317,69,248
E00124576,276,31,245
E00124578,255,66,189
E00124580,331,71,260
E00124581,348,66,282
E00124582,277,37,240
E00124583,288,32,256
E00124584,308,41,267
E00124585,267,16,251
E00124586,304,46,258
E00124587,312,45,267
E00124588,193,26,167
E00124589,327,57,270
E00124590,222,24,198
E00124591,263,46,217
E00124592,168,24,144
E00124593,270,45,225
E00124594,264,28,236
E00124595,328,59,269
E00124596,533,85,448
E00124597,385,67,318
E00124598,406,73,333
E00124599,328,48,280
E00124600,423,77,346
E00124601,130,34,96
E00124602,329,60,269
E00124603,334,69,265
E00124604,254,56,198
E00124605,311,48,263
E00124606,224,26,198
E00124607,348,59,289
E00124608,121,14,107
E00124609,303,43,260
E00124610,291,38,253
E00124611,131,23,108
E00124612,222,31,191
E00124613,194,24,170
E00124614,273,48,225
E00124615,283,50,233
E00124616,262,31,231
E00124617,273,51,222
E00124618,295,11,284
E00124619,270,38,232
E00124620,262,35,227
E00124621,323,69,254
E00124622,320,65,255
E00124623,235,34,201
E00124624,230,34,196
E00124625,311,43,268
E00124627,328,44,284
E00124629,461,92,369
E00124630,290,45,245
E00124631,302,78,224
E00124632,421,50,371
E00124633,344,22,322
E00124634,258,43,215
E00124635,252,26,226
E00124636,586,82,504
E00124637,346,43,303
E00124638,320,58,262
E00124639,346,58,288
E00124640,161,25,136
E00124641,233,28,205
E00124642,234,42,192
E00124643,280,42,238
E00124644,415,68,347
E00124645,276,56,220
E00124646,310,52,258
E00124647,326,60,266
E00124648,365,70,295
E00124649,371,58,313
E00124650,221,39,182
E00124651,291,39,252
E00124652,249,37,212
E00124653,224,35,189
E00124654,379,67,312
E00124655,325,62,263
E00124656,344,49,295
E00124657,478,86,392
E00124658,192,26,166
E00124659,269,48,221
E00124660,553,109,444
E00124661,233,24,209
E00124662,331,64,267
E00124663,210,20,190
E00124664,279,43,236
E00124665,261,47,214
E00124666,333,61,272
E00124667,329,73,256
E00124668,377,102,275
E00124669,290,61,229
E00124670,316,80,236
E00124671,272,44,228
E00124672,309,56,253
E00124674,314,67,247
E00124675,341,74,267
E00124676,375,79,296
E00124677,362,90,272
E00124678,296,52,244
E00124680,351,90,261
E00124681,303,57,246
E00124682,247,44,203
E00124683,304,58,246
E00124684,323,66,257
E00124685,117,20,97
E00124686,290,43,247
E00124687,270,38,232
E00124688,349,67,282
E00124689,116,12,104
E00124690,350,60,290
E00124691,332,60,272
E00124692,370,48,322
E00124693,199,23,176
E00124694,272,28,244
E00124697,317,50,267
E00124698,382,58,324
E00124699,248,29,219
E00124700,246,38,208
E00124701,330,116,214
E00124702,323,38,285
E00124703,503,127,376
E00124704,315,51,264
E00124705,212,31,181
E00124706,465,81,384
E00124707,283,39,244
E00124709,291,56,235
E00124710,400,68,332
E00124711,346,47,299
E00124712,423,72,351
E00124713,317,50,267
E00124714,324,74,250
E00124716,401,43,358
E00124717,356,44,312
E00124718,324,89,235
E00124719,366,66,300
E00124720,249,29,220
E00124721,271,50,221
E00124722,286,39,247
E00124723,335,50,285
E00124724,544,111,433
E00124725,211,33,178
E00124727,256,44,212
E00124729,223,23,200
E00124733,305,45,260
E00124734,295,56,239
E00124735,289,38,251
E00124736,251,31,220
E00124737,309,62,247
E00124738,315,77,238
E00124739,353,66,287
E00124740,306,59,247
E00124741,294,57,237
E00124742,341,56,285
E00124743,408,72,336
E00124744,303,61,242
E00124745,291,57,234
E00124746,239,26,213
E00124747,286,45,241
E00124748,299,52,247
E00124749,317,83,234
E00124750,351,70,281
E00124753,288,42,246
E00124754,288,73,215
E00124755,365,55,310
E00124756,225,18,207
E00124757,281,30,251
E00124758,278,31,247
E00124759,407,32,375
E00124760,345,67,278
E00124761,369,62,307
E00124762,310,69,241
E00124763,296,54,242
E00124764,381,92,289
E00124765,276,53,223
E00124766,311,47,264
E00124767,255,37,218
E00124768,390,72,318
E00124769,222,31,191
E00124770,296,54,242
E00124771,403,100,303
E00124772,303,47,256
E00124773,207,24,183
E00124774,303,89,214
E00124775,305,75,230
E00124776,254,36,218
E00124777,304,42,262
E00124778,318,44,274
E00124779,328,59,269
E00124780,278,44,234
E00124781,337,47,290
E00124782,303,36,267
E00124783,537,92,445
E00124784,341,63,278
E00124785,352,59,293
E00124786,351,52,299
E00124787,281,26,255
E00124788,314,50,264
E00124789,293,33,260
E00124790,291,40,251
E00124792,327,40,287
E00124793,310,68,242
E00124794,248,32,216
E00124795,160,13,147
E00124796,272,32,240
E00124797,274,42,232
E00124798,349,34,315
E00124799,382,39,343
E00124800,328,38,290
E00124801,386,66,320
E00124802,323,42,281
E00124803,291,46,245
E00124804,272,68,204
E00124805,374,104,270
E00124806,317,43,274
E00124808,352,85,267
E00124809,355,85,270
E00124810,283,58,225
E00124811,322,85,237
E00124812,280,66,214
E00124813,322,87,235
E00124814,160,27,133
E00124815,327,81,246
E00124816,350,87,263
E00124817,336,80,256
E00124818,238,24,214
E00124819,298,48,250
E00124820,327,55,272
E00124821,304,42,262
E00124822,248,22,226
E00124823,314,65,249
E00124824,354,72,282
E00124825,389,55,334
E00124826,265,34,231
E00124827,267,54,213
E00124828,282,56,226
E00124829,297,71,226
E00124830,317,37,280
E00124831,327,60,267
E00124832,235,28,207
E00124833,235,27,208
E00124834,314,49,265
E00124835,345,81,264
E00124836,334,68,266
E00124837,359,70,289
E00124838,258,36,222
E00124840,305,76,229
E00124841,275,52,223
E00124842,297,87,210
E00124843,246,25,221
E00124844,287,42,245
E00124845,351,73,278
E00124846,276,57,219
E00124847,389,72,317
E00124848,280,56,224
E00124849,328,59,269
E00124850,327,67,260
E00124851,264,32,232
E00124852,277,56,221
E00124853,199,27,172
E00124854,306,62,244
E00124855,243,34,209
E00124856,296,51,245
E00124857,229,28,201
E00124858,259,40,219
E00124859,314,58,256
E00124860,316,66,250
E00124861,298,54,244
E00124862,288,57,231
E00124863,245,30,215
E00124864,249,38,211
E00124865,185,16,169
E00124866,293,45,248
E00124867,275,40,235
E00124868,260,42,218
E00124869,301,48,253
E00124870,270,32,238
E00124871,314,52,262
E00124872,185,11,174
E00124873,318,53,265
E00124874,266,41,225
E00124875,305,61,244
E00124876,287,52,235
E00124877,318,91,227
E00124878,277,77,200
E00124879,295,52,243
E00124880,240,32,208
E00124881,556,115,441
E00124882,317,36,281
E00124883,451,76,375
E00124884,366,68,298
E00124885,320,70,250
E00124886,378,117,261
E00124887,313,58,255
E00124888,434,93,341
E00124889,392,83,309
E00124891,275,40,235
E00124892,286,51,235
E00124893,270,32,238
E00124894,465,84,381
E00124895,307,51,256
E00124896,370,59,311
E00124897,440,98,342
E00124898,321,63,258
E00124899,312,63,249
E00124900,313,84,229
E00124901,264,58,206
E00124902,311,82,229
E00124903,251,59,192
E00124904,223,43,180
E00124905,285,65,220
E00124906,298,86,212
E00124907,337,79,258
E00124908,288,80,208
E00124909,378,95,283
E00124910,357,88,269
E00124911,375,135,240
E00124912,292,48,244
E00124913,362,102,260
E00124914,203,56,147
E00124915,350,61,289
E00124916,328,90,238
E00124917,369,93,276
E00124918,309,74,235
E00124919,294,76,218
E00124920,286,72,214
E00124921,346,88,258
E00124922,323,68,255
E00124923,302,72,230
E00124924,343,67,276
E00124925,315,57,258
E00124926,381,84,297
E00124927,323,57,266
E00124928,242,35,207
E00124929,365,93,272
E00124930,260,64,196
E00124931,249,47,202
E00124932,291,82,209
E00124933,210,30,180
E00124934,388,75,313
E00124935,373,73,300
E00124937,1627,56,1571
E00124939,299,34,265
E00124940,280,28,252
E00124941,416,103,313
E00124942,231,31,200
E00124943,258,31,227
E00124944,230,38,192
E00124945,166,34,132
E00124946,251,25,226
E00124947,301,72,229
E00124948,323,53,270
E00124949,323,51,272
E00124950,274,42,232
E00124951,276,43,233
E00124952,279,23,256
E00124953,296,64,232
E00124955,252,35,217
E00124956,504,97,407
E00124957,227,23,204
E00124959,202,41,161
E00124960,258,45,213
E00124962,478,70,408
E00124963,256,35,221
E00124964,220,31,189
E00124965,396,60,336
E00124966,244,60,184
E00124967,348,72,276
E00124968,339,72,267
E00124969,366,66,300
E00124970,411,94,317
E00124971,268,36,232
E00124972,362,69,293
E00124973,350,53,297
E00124975,303,64,239
E00124976,206,38,168
E00124977,268,34,234
E00124978,268,41,227
E00124979,280,47,233
E00124980,371,47,324
E00124981,313,55,258
E00124982,420,77,343
E00124984,565,110,455
E00124985,280,38,242
E00124986,332,65,267
E00124987,422,110,312
E00124988,273,44,229
E00124989,307,64,243
E00124990,325,58,267
E00124991,334,56,278
E00124992,454,71,383
E00124993,307,48,259
E00124994,430,51,379
E00124995,228,39,189
E00124996,270,39,231
E00124997,178,37,141
E00124998,216,39,177
E00124999,154,44,110
E00125000,382,54,328
E00125001,360,81,279
E00125002,257,28,229
E00125003,259,31,228
E00125004,261,31,230
E00125005,275,32,243
E00125006,312,57,255
E00125007,310,52,258
E00125008,273,43,230
E00125009,281,50,231
E00125010,283,32,251
E00125011,321,72,249
E00125012,210,21,189
E00125013,257,27,230
E00125014,205,34,171
E00125015,249,41,208
E00125016,164,39,125
E00125017,375,88,287
E00125018,265,41,224
E00125019,383,70,313
E00125020,269,49,220
E00125021,295,66,229
E00125022,279,43,236
E00125023,283,52,231
E00125024,337,79,258
E00125025,273,66,207
E00125026,349,104,245
E00125027,376,58,318
E00125028,365,90,275
E00125029,297,67,230
E00125030,288,60,228
E00125031,279,30,249
E00125032,304,39,265
E00125033,277,42,235
E00125034,307,39,268
E00125035,251,5,246
E00125036,295,45,250
E00125037,300,45,255
E00125038,284,32,252
E00125039,250,26,224
E00125040,255,20,235
E00125041,214,18,196
E00125042,260,20,240
E00125043,259,28,231
E00125044,249,18,231
E00125045,263,29,234
E00125046,238,43,195
E00125047,331,61,270
E00125048,188,8,180
E00125049,271,52,219
E00125050,280,52,228
E00125051,326,59,267
E00125052,285,43,242
E00125053,247,51,196
E00125054,231,18,213
E00125055,254,29,225
E00125056,192,2,190
E00125057,244,29,215
E00125058,304,62,242
E00125059,247,31,216
E00125060,274,31,243
E00125061,315,89,226
E00125062,257,29,228
E00125063,275,36,239
E00125064,231,33,198
E00125065,206,7,199
E00125066,283,31,252
E00125067,300,31,269
E00125068,228,21,207
E00125069,233,33,200
E00125070,167,31,136
E00125071,211,19,192
E00125072,233,29,204
E00125073,199,19,180
E00125074,290,52,238
E00125075,223,24,199
E00125076,246,36,210
E00125077,310,72,238
E00125078,257,24,233
E00125079,185,26,159
E00125080,214,29,185
E00125081,328,41,287
E00125082,257,50,207
E00125083,246,23,223
E00125084,245,32,213
E00125085,308,27,281
E00125086,294,33,261
E00125087,332,63,269
E00125088,319,77,242
E00125089,280,41,239
E00125090,246,50,196
E00125091,313,57,256
E00125092,136,11,125
E00125093,274,51,223
E00125094,323,49,274
E00125095,285,65,220
E00125096,291,57,234
E00125097,293,64,229
E00125099,193,26,167
E00125100,280,70,210
E00125101,272,61,211
E00125102,295,53,242
E00125103,233,40,193
E00125104,346,54,292
E00125105,256,56,200
E00125106,239,27,212
E00125107,326,29,297
E00125108,353,65,288
E00125109,215,29,186
E00125110,262,44,218
E00125111,358,46,312
E00125112,227,26,201
E00125113,334,66,268
E00125114,346,55,291
E00125115,339,43,296
E00125116,278,49,229
E00125117,291,36,255
E00125118,335,41,294
E00125119,387,68,319
E00125120,285,48,237
E00125121,280,22,258
E00125122,261,35,226
E00125123,216,13,203
E00125124,281,43,238
E00125125,306,50,256
E00125126,257,22,235
E00125127,191,12,179
E00125128,303,57,246
E00125129,291,68,223
E00125130,223,19,204
E00125131,246,33,213
E00125132,267,42,225
E00125133,271,30,241
E00125134,290,31,259
E00125135,203,17,186
E00125136,292,45,247
E00125137,253,28,225
E00125138,226,7,219
E00125139,250,43,207
E00125140,333,84,249
E00125141,318,62,256
E00125142,215,14,201
E00125143,314,49,265
E00125144,247,24,223
E00125145,267,52,215
E00125146,291,47,244
E00125147,266,50,216
E00125148,258,36,222
E00125149,248,23,225
E00125150,380,66,314
E00125151,258,26,232
E00125152,278,44,234
E00125153,285,67,218
E00125154,359,85,274
E00125155,431,76,355
E00125156,350,65,285
E00125157,546,113,433
E00125158,240,23,217
E00125159,363,58,305
E00125160,284,45,239
E00125161,321,51,270
E00125162,131,1,130
E00125164,406,32,374
E00125166,469,109,360
E00125167,291,58,233
E00125169,261,42,219
E00125170,348,67,281
E00125171,395,98,297
E00125172,307,72,235
E00125173,408,85,323
E00125174,472,91,381
E00125175,309,74,235
E00125176,305,57,248
E00125177,288,81,207
E00125178,197,24,173
E00125179,192,39,153
E00125180,313,69,244
E00125181,267,86,181
E00125182,273,57,216
E00125183,293,39,254
E00125184,296,60,236
E00125185,297,63,234
E00125186,226,47,179
E00125187,171,5,166
E00125188,225,30,195
E00125189,452,132,320
E00125190,350,87,263
E00125191,295,64,231
E00125192,329,91,238
E00125193,294,95,199
E00125194,336,106,230
E00125195,213,63,150
E00125196,317,74,243
E00125197,306,51,255
E00125198,267,39,228
E00125199,281,68,213
E00125200,234,49,185
E00125201,325,75,250
E00125202,249,36,213
E00125203,206,25,181
E00125204,177,25,152
E00125205,133,5,128
E00125206,192,32,160
E00125207,372,64,308
E00125208,231,34,197
E00125209,224,35,189
E00125210,300,64,236
E00125211,320,56,264
E00125212,306,67,239
E00125213,512,201,311
E00125214,267,57,210
E00125215,351,90,261
E00125216,226,46,180
E00125217,278,46,232
E00125218,306,59,247
E00125219,306,57,249
E00125220,236,32,204
E00125221,307,78,229
E00125222,390,115,275
E00125223,351,81,270
E00125224,298,58,240
E00125225,277,42,235
E00125226,448,101,347
E00125227,226,11,215
E00125228,205,29,176
E00125229,326,77,249
E00125230,270,37,233
E00125231,292,59,233
E00125232,312,69,243
E00125233,237,37,200
E00125234,341,75,266
E00125235,276,47,229
E00125236,306,49,257
E00125237,309,49,260
E00125238,252,35,217
E00125239,330,40,290
E00125240,279,57,222
E00125241,327,66,261
E00125242,322,63,259
E00125243,263,53,210
E00125244,299,41,258
E00125245,421,51,370
E00125246,304,52,252
E00125247,285,26,259
E00125248,322,60,262
E00125249,463,64,399
E00125250,330,49,281
E00125251,433,75,358
E00125252,301,58,243
E00125253,178,25,153
E00125254,330,46,284
E00125255,457,73,384
E00125256,209,41,168
E00125257,279,70,209
E00125258,336,85,251
E00125259,233,39,194
E00125260,338,70,268
E00125261,332,70,262
E00125262,304,66,238
E00125263,391,84,307
E00125264,209,18,191
E00125266,171,13,158
E00125267,264,34,230
E00125268,220,16,204
E00125269,266,46,220
E00125270,268,46,222
E00125271,255,23,232
E00125272,317,77,240
E00125273,236,18,218
E00125274,391,88,303
E00125275,311,61,250
E00125276,342,75,267
E00125277,383,83,300
E00125278,338,73,265
E00125279,256,36,220
E00125280,247,28,219
E00125281,462,94,368
E00125282,255,38,217
E00125283,302,57,245
E00125284,231,20,211
E00125285,313,49,264
E00125286,297,80,217
E00125287,312,76,236
E00125288,248,55,193
E00125289,295,75,220
E00125290,348,89,259
E00125291,286,44,242
E00125292,313,69,244
E00125293,437,170,267
E00125294,353,90,263
E00125295,387,83,304
E00125296,344,88,256
E00125298,330,68,262
E00125299,386,77,309
E00125300,357,105,252
E00125301,248,54,194
E00125302,241,38,203
E00125303,238,34,204
E00125304,270,47,223
E00125305,310,59,251
E00125306,263,43,220
E00125307,326,83,243
E00125308,255,58,197
E00125309,339,49,290
E00125310,283,52,231
E00125311,121,5,116
E00125312,284,61,223
E00125313,330,80,250
E00125314,247,37,210
E00125315,254,45,209
E00125316,263,45,218
E00125317,310,77,233
E00125318,304,64,240
E00125319,260,35,225
E00125320,211,20,191
E00125321,249,28,221
E00125322,336,35,301
E00125323,315,69,246
E00125324,297,60,237
E00125325,329,74,255
E00125326,319,70,249
E00125327,254,38,216
E00125328,296,56,240
E00125329,279,45,234
E00125330,340,57,283
E00125331,295,46,249
E00125332,319,58,261
E00125333,237,20,217
E00125334,178,16,162
E00125335,242,45,197
E00125336,210,17,193
E00125337,285,51,234
E00125338,275,40,235
E00125339,241,47,194
E00125340,301,31,270
E00125341,300,56,244
E00125342,328,80,248
E00125343,298,43,255
E00125344,333,49,284
E00125345,187,8,179
E00125346,284,54,230
E00125347,458,85,373
E00125349,326,50,276
E00125350,291,65,226
E00125351,324,66,258
E00125352,338,60,278
E00125353,310,72,238
E00125354,293,65,228
E00125355,228,42,186
E00125356,297,69,228
E00125357,345,82,263
E00125358,359,88,271
E00125359,261,46,215
E00125360,284,43,241
E00125361,359,92,267
E00125362,248,43,205
E00125363,288,56,232
E00125364,312,63,249
E00125365,353,102,251
E00125366,255,34,221
E00125367,248,71,177
E00125368,380,75,305
E00125369,406,89,317
E00125370,312,41,271
E00125371,297,69,228
E00125372,291,45,246
E00125373,245,43,202
E00125374,271,57,214
E00125375,313,55,258
E00125376,257,47,210
E00125377,281,58,223
E00125378,364,106,258
E00125379,228,28,200
E00125381,295,37,258
E00125383,263,35,228
E00125384,290,51,239
E00125385,443,79,364
E00125386,290,60,230
E00125387,418,75,343
E00125388,213,23,190
E00125389,262,34,228
E00125390,449,121,328
E00125391,276,44,232
E00125392,315,43,272
E00125393,282,31,251
E00125394,231,35,196
E00125395,350,66,284
E00125396,377,68,309
E00125397,260,43,217
E00125398,147,21,126
E00125399,309,53,256
E00125400,135,24,111
E00125401,214,32,182
E00125402,194,25,169
E00125403,293,54,239
E00125404,284,60,224
E00125405,234,28,206
E00125406,268,44,224
E00125407,238,43,195
E00125408,312,72,240
E00125409,207,17,190
E00125410,224,27,197
E00125411,302,55,247
E00125412,298,63,235
E00125413,544,103,441
E00125414,247,25,222
E00125415,238,25,213
E00125416,484,108,376
E00125417,253,30,223
E00125418,383,36,347
E00125419,260,22,238
E00125420,284,54,230
E00125421,264,49,215
E00125422,258,41,217
E00125423,235,29,206
E00125424,285,57,228
E00125425,172,14,158
E00125426,241,38,203
E00125427,382,57,325
E00125428,328,71,257
E00125429,345,68,277
E00125430,319,51,268
E00125431,343,57,286
E00125432,276,38,238
E00125433,334,58,276
E00125434,273,35,238
E00125435,192,22,170
E00125436,298,38,260
E00125438,333,48,285
E00125439,331,67,264
E00125440,475,96,379
E00125441,378,63,315
E00125442,225,16,209
E00125443,325,50,275
E00125444,328,60,268
E00125445,344,52,292
E00125446,285,42,243
E00125447,310,57,253
E00125448,328,75,253
E00125449,337,75,262
E00125450,308,59,249
E00125451,268,35,233
E00125452,319,79,240
E00125453,346,97,249
E00125454,260,29,231
E00125455,306,20,286
E00125456,303,43,260
E00125457,264,29,235
E00125458,354,49,305
E00125459,219,13,206
E00125460,244,23,221
E00125461,298,29,269
E00125462,372,58,314
E00125463,231,37,194
E00125465,490,95,395
E00125466,326,52,274
E00125467,219,29,190
E00125469,312,58,254
E00125470,314,54,260
E00125471,318,55,263
E00125472,296,56,240
E00125474,330,51,279
E00125475,253,25,228
E00125476,340,58,282
E00125477,287,63,224
E00125478,245,36,209
E00125479,272,46,226
E00125480,250,33,217
E00125481,295,64,231
E00125482,277,56,221
E00125483,293,62,231
E00125484,289,45,244
E00125485,205,38,167
E00125486,144,24,120
E00125487,250,47,203
E00125488,233,42,191
E00125489,323,61,262
E00125490,245,40,205
E00125491,275,39,236
E00125492,252,39,213
E00125493,313,55,258
E00125494,349,63,286
E00125495,280,55,225
E00125496,287,57,230
E00125497,209,36,173
E00125498,399,53,346
E00125499,283,45,238
E00125501,290,58,232
E00125502,340,73,267
E00125503,327,73,254
E00125504,339,62,277
E00125505,521,112,409
E00125506,265,49,216
E00125507,299,58,241
E00125508,283,49,234
E00125509,381,92,289
E00125510,228,51,177
E00125511,471,77,394
E00125512,303,57,246
E00125513,166,36,130
E00125514,324,64,260
E00125515,288,42,246
E00125516,335,60,275
E00125517,317,54,263
E00125518,350,60,290
E00125519,363,58,305
E00125520,299,41,258
E00125521,295,32,263
E00125522,283,39,244
E00125523,502,115,387
E00125524,259,38,221
E00125526,267,28,239
E00125527,297,52,245
E00125528,361,58,303
E00125529,148,13,135
E00125530,329,37,292
E00125531,385,74,311
E00125532,320,62,258
E00125533,483,122,361
E00125534,246,38,208
E00125535,192,19,173
E00125536,364,101,263
E00125537,340,75,265
E00125538,295,51,244
E00125539,304,50,254
E00125541,322,53,269
E00125542,201,17,184
E00125543,331,58,273
E00125544,326,58,268
E00125545,407,66,341
E00125546,340,70,270
E00125547,374,92,282
E00125548,323,77,246
E00125550,330,42,288
E00125551,275,52,223
E00125552,337,61,276
E00125553,299,36,263
E00125554,228,41,187
E00125555,277,66,211
E00125556,276,53,223
E00125557,316,57,259
E00125558,301,55,246
E00125559,260,34,226
E00125560,312,51,261
E00125562,311,52,259
E00125564,281,48,233
E00125565,313,59,254
E00125566,268,46,222
E00125567,275,41,234
E00125568,531,97,434
E00125569,236,24,212
E00125570,445,80,365
E00125571,451,68,383
E00125572,266,29,237
E00125574,322,76,246
E00125576,243,46,197
E00125577,236,32,204
E00125578,437,80,357
E00125579,479,78,401
E00125580,435,67,368
E00125581,316,53,263
E00125582,343,48,295
E00125583,300,55,245
E00125584,404,86,318
E00125585,367,117,250
E00125586,291,55,236
E00125587,428,168,260
E00125588,327,49,278
E00125589,302,76,226
E00125590,325,78,247
E00125591,345,80,265
E00125592,318,51,267
E00125593,269,54,215
E00125594,283,50,233
E00125595,288,35,253
E00125596,283,45,238
E00125597,294,37,257
E00125598,220,50,170
E00125599,363,47,316
E00125600,119,17,102
E00125601,358,70,288
E00125602,324,56,268
E00125603,303,55,248
E00125604,230,39,191
E00125605,214,33,181
E00125606,255,53,202
E00125607,318,48,270
E00125608,315,39,276
E00125609,366,178,188
E00125610,320,56,264
E00125611,380,101,279
E00125612,273,52,221
E00125613,266,33,233
E00125614,328,63,265
E00125615,200,13,187
E00125616,365,61,304
E00125617,338,64,274
E00125618,334,56,278
E00125619,334,78,256
E00125620,267,38,229
E00125621,283,58,225
E00125622,281,57,224
E00125623,304,47,257
E00125624,300,64,236
E00125625,295,49,246
E00125626,323,86,237
E00125627,390,82,308
E00125628,323,63,260
E00125629,280,47,233
E00125630,284,55,229
E00125631,252,43,209
E00125632,282,43,239
E00125633,332,53,279
E00125634,315,62,253
E00125635,286,53,233
E00125636,312,75,237
E00125637,298,61,237
E00125638,308,68,240
E00125639,324,54,270
E00125640,375,90,285
E00125641,288,64,224
E00125642,348,73,275
E00125643,343,94,249
E00125644,276,63,213
E00125645,300,61,239
E00125646,325,71,254
E00125647,302,60,242
E00125648,325,67,258
E00125649,317,59,258
E00125650,462,107,355
E00125651,278,56,222
E00125652,191,30,161
E00125653,316,66,250
E00125654,284,54,230
E00125655,359,79,280
E00125656,136,29,107
E00125659,149,26,123
E00125660,297,82,215
E00125661,292,67,225
E00125662,313,59,254
E00125663,248,46,202
E00125664,412,75,337
E00125665,340,64,276
E00125666,298,57,241
E00125667,266,42,224
E00125668,251,34,217
E00125669,312,81,231
E00125670,425,92,333
E00125671,258,45,213
E00125672,274,61,213
E00125673,297,56,241
E00125674,267,38,229
E00125675,329,76,253
E00125676,346,97,249
E00125677,378,96,282
E00125678,346,104,242
E00125680,326,76,250
E00125681,414,101,313
E00125682,302,57,245
E00125683,435,127,308
E00125684,241,48,193
E00125686,281,43,238
E00125687,262,54,208
E00125688,263,50,213
E00125690,431,79,352
E00125691,290,37,253
E00125692,256,42,214
E00125693,271,41,230
E00125694,251,33,218
E00125695,305,32,273
E00125696,290,40,250
E00125697,321,48,273
E00125698,354,70,284
E00125699,277,34,243
E00125700,331,76,255
E00125701,271,53,218
E00125702,323,46,277
E00125703,388,58,330
E00125704,304,58,246
E00125705,332,65,267
E00125706,296,55,241
E00125709,365,75,290
E00125711,384,91,293
E00125712,341,46,295
E00125714,312,56,256
E00125715,262,41,221
E00125717,310,49,261
E00125718,319,67,252
E00125719,437,115,322
E00125720,236,21,215
E00125721,571,145,426
E00125722,277,60,217
E00125723,342,58,284
E00125724,377,85,292
E00125725,306,58,248
E00125726,249,51,198
E00125727,228,49,179
E00125728,235,29,206
E00125729,400,132,268
E00125730,225,35,190
E00125731,327,65,262
E00125732,352,53,299
E00125733,317,46,271
E00125734,290,50,240
E00125735,261,38,223
E00125736,269,37,232
E00125737,261,42,219
E00125738,273,39,234
E00125739,288,33,255
E00125740,276,50,226
E00125741,353,68,285
E00125742,318,53,265
E00125743,347,68,279
E00125745,283,34,249
E00125746,234,22,212
E00125748,213,43,170
E00125749,288,39,249
E00125750,351,96,255
E00125751,340,95,245
E00125752,371,93,278
E00125753,168,16,152
E00125754,316,75,241
E00125755,341,81,260
E00125756,344,87,257
E00125757,302,59,243
E00125758,276,38,238
E00125759,290,72,218
E00125760,338,75,263
E00125761,255,59,196
E00125762,276,52,224
E00125763,275,37,238
E00125764,471,91,380
E00125765,289,54,235
E00125766,313,74,239
E00125767,272,49,223
E00125768,247,39,208
E00125769,275,54,221
E00125770,334,82,252
E00125771,233,40,193
E00125772,325,78,247
E00125773,359,80,279
E00125774,185,11,174
E00125775,363,62,301
E00125776,267,34,233
E00125777,268,52,216
E00125778,439,115,324
E00125779,147,33,114
E00125780,114,23,91
E00125781,244,46,198
E00125782,334,51,283
E00125783,305,51,254
E00125784,232,31,201
E00125785,326,73,253
E00125786,195,44,151
E00125787,325,58,267
E00125788,199,24,175
E00125789,295,50,245
E00125790,283,55,228
E00125791,383,77,306
E00125792,266,37,229
E00125793,333,66,267
E00125794,268,50,218
E00125796,242,41,201
E00125797,319,69,250
E00125798,290,23,267
E00125799,305,38,267
E00125800,243,28,215
E00125801,308,47,261
E00125802,317,38,279
E00125803,298,53,245
E00125804,345,71,274
E00125805,124,27,97
E00125806,266,31,235
E00125807,535,91,444
E00125808,279,44,235
E00125809,369,90,279
E00125810,294,76,218
E00125811,296,46,250
E00125812,310,39,271
E00125813,186,41,145
E00125814,264,52,212
E00125816,266,47,219
E00125817,225,29,196
E00125818,381,88,293
E00125819,264,45,219
E00125820,308,54,254
E00125821,321,59,262
E00125822,254,45,209
E00125823,344,72,272
E00125824,241,43,198
E00125825,291,70,221
E00125826,301,60,241
E00125827,194,42,152
E00125828,422,72,350
E00125829,228,38,190
E00125830,432,228,204
E00125831,285,41,244
E00125832,240,42,198
E00125833,257,61,196
E00125834,407,70,337
E00125835,441,77,364
E00125836,228,37,191
E00125837,350,40,310
E00125838,337,56,281
E00125839,311,41,270
E00125840,359,72,287
E00125841,312,42,270
E00125842,282,63,219
E00125843,309,69,240
E00125844,376,80,296
E00125845,408,79,329
E00125846,295,59,236
E00125847,319,51,268
E00125848,304,74,230
E00125849,245,38,207
E00125850,290,64,226
E00125851,319,77,242
E00125852,288,74,214
E00125853,201,27,174
E00125854,311,94,217
E00125855,304,56,248
E00125856,267,42,225
E00125857,245,46,199
E00125858,453,82,371
E00125859,236,48,188
E00125860,276,43,233
E00125861,320,45,275
E00125862,275,30,245
E00125863,300,52,248
E00125864,282,66,216
E00125865,310,60,250
E00125866,416,69,347
E00125867,286,61,225
E00125868,346,64,282
E00125869,294,49,245
E00125870,321,73,248
E00125872,268,46,222
E00125874,263,42,221
E00125875,233,40,193
E00125877,278,56,222
E00125878,271,32,239
E00125879,275,79,196
E00125880,232,27,205
E00125881,262,66,196
E00125882,307,71,236
E00125883,186,28,158
E00125884,235,15,220
E00125885,360,93,267
E00125886,308,51,257
E00125887,407,83,324
E00125888,342,61,281
E00125889,255,40,215
E00125890,322,52,270
E00125891,241,14,227
E00125892,326,39,287
E00125893,237,7,230
E00125894,318,19,299
E00125895,255,45,210
E00125896,195,38,157
E00125897,453,92,361
E00125898,194,36,158
E00125899,259,49,210
E00125900,265,44,221
E00125901,247,52,195
E00125902,293,65,228
E00125903,306,53,253
E00125904,283,57,226
E00125905,329,68,261
E00125906,336,55,281
E00125907,403,89,314
E00125908,386,126,260
E00125909,245,56,189
E00125910,261,46,215
E00125911,425,93,332
E00125912,261,46,215
E00125913,409,84,325
E00125914,270,51,219
E00125915,298,58,240
E00125916,330,67,263
E00125917,255,50,205
E00125918,420,95,325
E00125919,319,57,262
E00125920,370,74,296
E00125921,476,101,375
E00125922,309,53,256
E00125923,314,59,255
E00125924,387,77,310
E00125925,253,47,206
E00125926,341,53,288
E00125927,390,72,318
E00125928,284,36,248
E00125929,356,67,289
E00125930,286,38,248
E00125931,251,53,198
E00125932,299,52,247
E00125933,356,52,304
E00125934,356,68,288
E00125935,329,56,273
E00125936,283,61,222
E00125937,224,35,189
E00125938,288,38,250
E00125939,258,38,220
E00125940,215,34,181
E00125941,291,49,242
E00125942,299,66,233
E00125943,282,42,240
E00125944,255,42,213
E00125945,259,26,233
E00125946,513,82,431
E00125947,368,54,314
E00125948,214,35,179
E00125949,230,36,194
E00125950,301,47,254
E00125951,296,49,247
E00125952,531,109,422
E00125953,289,62,227
E00125954,352,64,288
E00125955,276,54,222
E00125956,272,41,231
E00125957,310,50,260
E00125958,278,64,214
E00125959,272,53,219
E00125960,333,66,267
E00125961,267,57,210
E00125962,319,63,256
E00125963,270,25,245
E00125964,269,48,221
E00125965,259,39,220
E00125966,338,86,252
E00125967,421,81,340
E00125968,321,46,275
E00125969,329,69,260
E00125970,254,43,211
E00125971,543,111,432
E00125972,267,37,230
E00125973,225,29,196
E00125974,306,60,246
E00125975,241,32,209
E00125976,304,63,241
E00125977,369,84,285
E00125978,221,35,186
E00125979,332,85,247
E00125980,269,38,231
E00125981,321,79,242
E00125982,226,18,208
E00125983,370,73,297
E00125984,288,62,226
E00125985,276,48,228
E00125986,418,47,371
E00125987,236,34,202
E00125988,290,62,228
E00125989,349,91,258
E00125990,217,37,180
E00125991,334,66,268
E00125992,117,1,116
E00125993,342,74,268
E00125994,308,83,225
E00125995,323,67,256
E00125996,319,83,236
E00125997,269,53,216
E00125998,360,89,271
E00125999,433,59,374
E00126000,362,65,297
E00126001,314,44,270
E00126002,278,43,235
E00126003,242,29,213
E00126004,373,38,335
E00126005,305,48,257
E00126006,293,40,253
E00126007,365,78,287
E00126008,211,21,190
E00126009,276,56,220
E00126010,337,49,288
E00126011,298,68,230
E00126012,274,48,226
E00126013,408,85,323
E00126014,293,47,246
E00126015,304,75,229
E00126016,290,58,232
E00126017,260,54,206
E00126018,295,60,235
E00126019,294,58,236
E00126020,287,54,233
E00126021,303,62,241
E00126022,263,42,221
E00126023,311,52,259
E00126024,242,44,198
E00126025,260,43,217
E00126026,275,52,223
E00126027,350,47,303
E00126028,267,55,212
E00126029,337,104,233
E00126030,258,44,214
E00126031,252,41,211
E00126032,189,24,165
E00126033,375,94,281
E00126034,247,44,203
E00126035,320,75,245
E00126036,323,72,251
E00126037,305,66,239
E00126038,196,18,178
E00126039,282,49,233
E00126040,236,49,187
E00126041,377,59,318
E00126042,434,92,342
E00126043,352,97,255
E00126046,377,65,312
E00126047,376,98,278
E00126048,331,85,246
E00126049,319,70,249
E00126050,304,57,247
E00126051,318,79,239
E00126052,396,63,333
E00126053,269,49,220
E00126054,290,42,248
E00126055,250,36,214
E00126056,188,26,162
E00126057,221,41,180
E00126058,309,60,249
E00126059,367,98,269
E00126060,378,117,261
E00126061,368,82,286
E00126062,373,103,270
E00126063,293,63,230
E00126064,281,55,226
E00126065,285,59,226
E00126066,306,62,244
E00126067,326,71,255
E00126068,437,116,321
E00126069,324,89,235
E00126070,321,81,240
E00126071,308,72,236
E00126072,346,85,261
E00126073,360,91,269
E00126074,326,87,239
E00126075,329,87,242
E00126076,347,48,299
E00126077,320,58,262
E00126078,279,48,231
E00126079,284,65,219
E00126080,379,122,257
E00126081,390,73,317
E00126082,271,42,229
E00126085,399,109,290
E00126086,225,21,204
E00126087,266,58,208
E00126088,264,39,225
E00126089,365,111,254
E00126090,317,58,259
E00126091,298,47,251
E00126092,293,64,229
E00126093,385,103,282
E00126094,268,61,207
E00126095,229,29,200
E00126096,317,75,242
E00126097,314,57,257
E00126098,326,71,255
E00126099,311,56,255
E00126100,288,60,228
E00126101,291,50,241
E00126102,327,64,263
E00126103,283,54,229
E00126104,308,83,225
E00126105,347,87,260
E00126106,269,60,209
E00126107,280,55,225
E00126108,274,49,225
E00126109,325,84,241
E00126110,348,92,256
E00126111,316,81,235
E00126112,323,73,250
E00126113,321,71,250
E00126114,315,77,238
E00126115,329,83,246
E00126116,304,61,243
E00126117,274,49,225
E00126118,305,57,248
E00126119,274,45,229
E00126120,343,69,274
E00126121,333,65,268
E00126122,433,92,341
E00126123,252,49,203
E00126124,291,58,233
E00126125,323,52,271
E00126126,332,59,273
E00126127,406,75,331
E00126128,326,73,253
E00126129,279,67,212
E00126130,303,58,245
E00126131,289,47,242
E00126132,183,23,160
E00126133,132,35,97
E00126134,281,62,219
E00126135,299,63,236
E00126136,167,12,155
E00126137,326,86,240
E00126138,250,44,206
E00126139,251,58,193
E00126140,373,78,295
E00126141,389,97,292
E00126142,124,28,96
E00126143,167,39,128
E00126144,269,40,229
E00126145,283,53,230
E00126146,311,80,231
E00126147,189,50,139
E00126148,360,100,260
E00126149,318,66,252
E00126150,351,80,271
E00126151,346,81,265
E00126152,271,62,209
E00126153,229,44,185
E00126154,308,71,237
E00126155,423,80,343
E00126156,340,81,259
E00126157,273,70,203
E00126158,172,43,129
E00126159,285,49,236
E00126160,428,139,289
E00126161,494,146,348
E00126162,236,57,179
E00126163,258,65,193
E00126164,257,39,218
E00126165,241,50,191
E00126166,265,49,216
E00126167,225,43,182
E00126168,334,80,254
E00126169,480,165,315
E00126170,377,118,259
E00126171,289,78,211
E00126172,365,94,271
E00126173,121,4,117
E00126174,376,76,300
E00126175,337,68,269
E00126176,181,21,160
E00126177,247,68,179
E00126178,340,87,253
E00126179,256,40,216
E00126180,193,19,174
E00126181,201,41,160
E00126182,279,24,255
E00126183,244,26,218
E00126184,316,45,271
E00126185,276,41,235
E00126186,292,51,241
E00126187,370,69,301
E00126188,257,27,230
E00126189,496,91,405
E00126190,269,38,231
E00126191,324,43,281
E00126192,299,55,244
E00126193,231,29,202
E00126194,265,53,212
E00126195,265,51,214
E00126196,233,45,188
E00126197,306,34,272
E00126198,351,64,287
E00126199,350,41,309
E00126200,291,45,246
E00126201,218,40,178
E00126202,285,70,215
E00126203,283,45,238
E00126204,300,88,212
E00126205,351,115,236
E00126206,206,46,160
E00126207,134,1,133
E00126208,252,34,218
E00126209,225,44,181
E00126210,215,34,181
E00126211,276,74,202
E00126212,304,67,237
E00126213,230,43,187
E00126214,195,32,163
E00126215,268,54,214
E00126216,245,50,195
E00126217,232,38,194
E00126218,411,67,344
E00126219,268,58,210
E00126220,222,36,186
E00126221,211,31,180
E00126222,317,46,271
E00126223,257,31,226
E00126224,268,36,232
E00126225,329,40,289
E00126226,301,50,251
E00126227,289,30,259
E00126228,244,24,220
E00126229,177,8,169
E00126230,229,36,193
E00126231,277,37,240
E00126232,193,37,156
E00126233,229,29,200
E00126234,319,52,267
E00126235,264,32,232
E00126236,233,34,199
E00126237,302,38,264
E00126238,319,50,269
E00126239,192,27,165
E00126240,178,21,157
E00126241,322,63,259
E00126242,439,128,311
E00126243,253,51,202
E00126244,234,35,199
E00126245,362,36,326
E00126246,241,40,201
E00126247,287,68,219
E00126248,237,40,197
E00126249,240,35,205
E00126250,239,37,202
E00126251,282,57,225
E00126252,302,85,217
E00126253,172,21,151
E00126254,287,47,240
E00126255,234,30,204
E00126256,270,46,224
E00126257,315,53,262
E00126258,274,40,234
E00126260,366,73,293
E00126262,371,124,247
E00126265,436,151,285
E00126266,298,102,196
E00126267,381,121,260
E00126268,509,167,342
E00126269,506,163,343
E00126270,268,83,185
E00126271,393,111,282
E00126272,442,162,280
E00126274,216,32,184
E00126275,386,66,320
E00126276,179,29,150
E00126277,343,65,278
E00126278,205,38,167
E00126279,251,61,190
E00126280,333,78,255
E00126281,211,32,179
E00126282,250,26,224
E00126283,225,44,181
E00126284,274,40,234
E00126285,288,61,227
E00126286,286,79,207
E00126287,242,43,199
E00126288,225,43,182
E00126289,274,32,242
E00126290,567,130,437
E00126291,309,77,232
E00126292,276,46,230
E00126293,205,34,171
E00126294,291,68,223
E00126295,273,62,211
E00126296,224,41,183
E00126297,471,76,395
E00126298,206,24,182
E00126299,306,52,254
E00126300,282,54,228
E00126301,320,105,215
E00126302,387,72,315
E00126303,246,24,222
E00126304,338,63,275
E00126305,225,40,185
E00126306,233,37,196
E00126307,203,37,166
E00126308,269,61,208
E00126309,282,74,208
E00126310,322,67,255
E00126311,221,47,174
E00126312,345,80,265
E00126313,281,32,249
E00126314,247,47,200
E00126315,330,47,283
E00126316,287,63,224
E00126317,322,98,224
E00126318,277,47,230
E00126319,239,39,200
E00126320,311,75,236
E00126321,279,44,235
E00126323,271,36,235
E00126324,343,69,274
E00126325,261,65,196
E00126326,283,73,210
E00126327,215,35,180
E00126328,262,48,214
E00126329,226,46,180
E00126330,261,46,215
E00126331,281,51,230
E00126332,431,91,340
E00126333,296,108,188
E00126334,261,37,224
E00126335,321,83,238
E00126336,300,46,254
E00126337,411,133,278
E00126338,490,140,350
E00126339,298,32,266
E00126340,271,48,223
E00126341,242,29,213
E00126342,303,72,231
E00126343,343,102,241
E00126344,456,96,360
E00126345,287,66,221
E00126346,296,64,232
E00126347,332,97,235
E00126348,335,77,258
E00126349,330,71,259
E00126350,295,67,228
E00126351,341,141,200
E00126352,349,74,275
E00126353,332,63,269
E00126354,447,98,349
E00126355,415,67,348
E00126356,405,112,293
E00126357,229,35,194
E00126358,346,92,254
E00126359,201,54,147
E00126360,285,42,243
E00126361,357,75,282
E00126362,325,51,274
E00126363,286,68,218
E00126364,195,40,155
E00126365,258,63,195
E00126366,259,45,214
E00126367,326,101,225
E00126368,289,69,220
E00126369,297,58,239
E00126370,319,75,244
E00126371,341,83,258
E00126372,298,62,236
E00126373,336,106,230
E00126374,444,88,356
E00126375,377,70,307
E00126376,375,93,282
E00126377,296,33,263
E00126378,420,67,353
E00126380,182,32,150
E00126381,259,49,210
E00126382,267,28,239
E00126383,309,43,266
E00126384,301,76,225
E00126385,433,170,263
E00126386,228,30,198
E00126387,303,46,257
E00126388,247,35,212
E00126389,395,116,279
E00126390,308,96,212
E00126391,455,134,321
E00126392,260,43,217
E00126393,234,38,196
E00126394,270,43,227
E00126395,237,43,194
E00126396,256,43,213
E00126397,316,77,239
E00126398,313,95,218
E00126399,259,75,184
E00126400,283,48,235
E00126401,300,35,265
E00126402,301,88,213
E00126403,256,50,206
E00126404,268,58,210
E00126405,334,57,277
E00126406,325,64,261
E00126407,252,40,212
E00126409,304,71,233
E00126411,339,66,273
E00126412,261,44,217
E00126413,265,51,214
E00126414,291,53,238
E00126415,299,50,249
E00126416,216,53,163
E00126417,235,36,199
E00126418,226,43,183
E00126419,235,45,190
E00126420,346,84,262
E00126421,254,45,209
E00126422,280,73,207
E00126423,287,75,212
E00126424,310,74,236
E00126425,364,47,317
E00126426,260,57,203
E00126427,250,47,203
E00126428,299,46,253
E00126429,254,28,226
E00126431,272,59,213
E00126432,374,109,265
E00126433,246,39,207
E00126434,176,25,151
E00126435,171,29,142
E00126437,348,76,272
E00126438,267,43,224
E00126439,334,83,251
E00126440,352,64,288
E00126441,298,56,242
E00126442,301,52,249
E00126443,336,53,283
E00126444,262,20,242
E00126445,218,35,183
E00126446,243,67,176
E00126447,280,49,231
E00126448,253,22,231
E00126449,279,63,216
E00126450,344,52,292
E00126451,207,25,182
E00126452,316,61,255
E00126453,296,54,242
E00126454,289,36,253
E00126455,170,4,166
E00126456,213,24,189
E00126457,254,13,241
E00126458,535,91,444
E00126459,400,55,345
E00126460,240,35,205
E00126461,262,38,224
E00126462,282,27,255
E00126463,234,33,201
E00126464,245,51,194
E00126465,323,71,252
E00126466,337,37,300
E00126467,254,64,190
E00126468,326,38,288
E00126469,218,29,189
E00126470,249,42,207
E00126471,469,98,371
E00126472,284,43,241
E00126474,232,36,196
E00126475,381,66,315
E00126476,286,44,242
E00126477,321,51,270
E00126478,236,34,202
E00126479,150,28,122
E00126480,290,47,243
E00126481,359,53,306
E00126482,286,75,211
E00126483,272,31,241
E00126484,132,4,128
E00126485,276,30,246
E00126486,264,38,226
E00126487,251,37,214
E00126488,278,40,238
E00126489,285,79,206
E00126490,212,43,169
E00126491,198,29,169
E00126493,295,46,249
E00126494,276,41,235
E00126495,343,43,300
E00126496,238,26,212
E00126497,220,23,197
E00126498,258,38,220
E00126499,306,50,256
E00126500,216,20,196
E00126501,327,51,276
E00126502,372,66,306
E00126503,264,46,218
E00126504,291,34,257
E00126505,290,49,241
E00126506,246,49,197
E00126507,272,41,231
E00126508,552,117,435
E00126509,283,36,247
E00126510,397,70,327
E00126511,226,24,202
E00126512,248,32,216
E00126513,302,76,226
E00126514,294,41,253
E00126515,278,31,247
E00126516,341,71,270
E00126517,240,42,198
E00126518,524,108,416
E00126519,229,31,198
E00126520,449,90,359
E00126521,266,23,243
E00126522,235,37,198
E00126523,254,39,215
E00126524,256,46,210
E00126526,238,39,199
E00126527,249,55,194
E00126528,255,54,201
E00126529,262,69,193
E00126530,297,77,220
E00126531,240,56,184
E00126532,312,75,237
E00126533,284,73,211
E00126534,261,54,207
E00126535,306,80,226
E00126536,319,51,268
E00126537,252,52,200
E00126538,327,58,269
E00126539,284,34,250
E00126540,301,57,244
E00126541,288,33,255
E00126542,223,42,181
E00126543,275,43,232
E00126544,196,33,163
E00126545,223,37,186
E00126546,288,69,219
E00126547,242,39,203
E00126548,336,69,267
E00126549,283,56,227
E00126550,265,31,234
E00126551,224,23,201
E00126552,208,34,174
E00126553,257,38,219
E00126554,217,24,193
E00126555,338,94,244
E00126556,287,32,255
E00126557,192,34,158
E00126558,238,13,225
E00126559,263,45,218
E00126560,261,34,227
E00126561,323,46,277
E00126562,255,39,216
E00126563,309,41,268
E00126564,310,38,272
E00126565,302,44,258
E00126566,268,32,236
E00126567,222,31,191
E00126568,260,31,229
E00126569,271,47,224
E00126570,284,55,229
E00126571,257,45,212
E00126572,267,34,233
E00126573,251,36,215
E00126574,232,35,197
E00126575,223,24,199
E00126576,401,57,344
E00126577,285,57,228
E00126578,433,75,358
E00126579,466,86,380
E00126581,249,40,209
E00126582,469,108,361
E00126583,569,130,439
E00126584,339,73,266
E00126585,484,99,385
E00126586,244,37,207
E00126588,235,32,203
E00126589,221,40,181
E00126590,312,59,253
E00126591,256,37,219
E00126592,261,18,243
E00126593,318,60,258
E00126594,525,99,426
E00126595,175,20,155
E00126596,215,27,188
E00126597,291,44,247
E00126598,163,13,150
E00126599,287,61,226
E00126600,237,27,210
E00126601,237,31,206
E00126602,335,74,261
E00126604,403,98,305
E00126605,218,19,199
E00126607,289,45,244
E00126608,477,117,360
E00126609,312,49,263
E00126611,256,32,224
E00126612,225,35,190
E00126613,334,90,244
E00126614,290,63,227
E00126615,288,62,226
E00126616,312,46,266
E00126617,259,79,180
E00126618,211,29,182
E00126619,197,18,179
E00126620,253,58,195
E00126621,370,86,284
E00126622,315,55,260
E00126623,300,41,259
E00126624,307,73,234
E00126625,314,58,256
E00126626,287,46,241
E00126627,271,58,213
E00126628,297,47,250
E00126629,412,64,348
E00126630,278,49,229
E00126631,269,35,234
E00126632,392,88,304
E00126633,346,63,283
E00126634,302,65,237
E00126636,381,99,282
E00126637,246,44,202
E00126638,293,48,245
E00126639,356,68,288
E00126640,298,54,244
E00126641,279,46,233
E00126642,367,79,288
E00126643,344,50,294
E00126644,321,56,265
E00126645,267,36,231
E00126646,383,45,338
E00126647,271,71,200
E00126648,417,76,341
E00126649,197,27,170
E00126650,252,58,194
E00126651,347,81,266
E00126652,101,2,99
E00126653,301,35,266
E00126654,243,40,203
E00126655,412,52,360
E00126656,193,25,168
E00126657,196,19,177
E00126658,279,62,217
E00126659,170,16,154
E00126660,241,39,202
E00126661,215,33,182
E00126662,272,67,205
E00126663,223,27,196
E00126664,320,106,214
E00126666,358,35,323
E00126667,301,47,254
E00126668,438,113,325
E00126669,272,49,223
E00126670,406,77,329
E00126674,202,27,175
E00126675,205,17,188
E00126676,288,51,237
E00126677,289,64,225
E00126678,263,31,232
E00126679,278,33,245
E00126680,343,61,282
E00126681,224,16,208
E00126682,368,46,322
E00126683,202,26,176
E00126684,285,41,244
E00126685,316,46,270
E00126686,298,49,249
E00126687,549,130,419
E00126688,137,14,123
E00126689,255,24,231
E00126690,390,62,328
E00126691,460,104,356
E00126692,326,56,270
E00126693,254,30,224
E00126694,484,102,382
E00126695,267,68,199
E00126696,269,39,230
E00126697,272,51,221
E00126698,273,48,225
E00126699,270,70,200
E00126700,251,38,213
E00126701,277,34,243
E00126702,471,108,363
E00126703,282,50,232
E00126704,370,67,303
E00126705,298,61,237
E00126706,437,104,333
E00126707,276,51,225
E00126708,244,27,217
E00126709,280,32,248
E00126710,328,69,259
E00126711,285,33,252
E00126712,297,50,247
E00126713,235,25,210
E00126714,273,42,231
E00126715,291,53,238
E00126716,237,47,190
E00126717,351,69,282
E00126718,311,42,269
E00126719,341,50,291
E00126720,302,44,258
E00126721,216,36,180
E00126722,238,56,182
E00126723,261,43,218
E00126724,301,51,250
E00126725,147,9,138
E00126727,315,49,266
E00126728,270,37,233
E00126729,360,83,277
E00126730,241,27,214
E00126731,274,45,229
E00126733,238,31,207
E00126734,275,54,221
E00126735,302,47,255
E00126736,392,57,335
E00126737,270,57,213
E00126738,240,38,202
E00126739,265,42,223
E00126740,196,18,178
E00126741,275,24,251
E00126742,243,42,201
E00126743,240,37,203
E00126744,252,45,207
E00126745,308,79,229
E00126746,236,31,205
E00126747,248,34,214
E00126749,388,65,323
E00126750,240,38,202
E00126751,325,36,289
E00126753,286,51,235
E00126754,266,38,228
E00126756,215,31,184
E00126757,245,55,190
E00126758,194,24,170
E00126759,386,87,299
E00126760,286,37,249
E00126761,419,76,343
E00126762,294,45,249
E00126763,507,128,379
E00126764,253,35,218
E00126765,301,66,235
E00126766,298,64,234
E00126767,224,30,194
E00126769,430,68,362
E00126770,276,38,238
E00126771,291,65,226
E00126772,345,51,294
E00126774,250,33,217
E00126775,340,59,281
E00126776,375,67,308
E00126777,240,36,204
E00126778,341,50,291
E00126779,351,43,308
E00126780,310,55,255
E00126781,294,50,244
E00126782,223,38,185
E00126783,198,31,167
E00126784,269,39,230
E00126785,238,40,198
E00126786,289,62,227
E00126787,250,63,187
E00126788,242,36,206
E00126789,214,36,178
E00126790,376,59,317
E00126791,263,30,233
E00126792,223,34,189
E00126793,247,33,214
E00126794,356,27,329
E00126795,212,23,189
E00126796,327,77,250
E00126797,266,36,230
E00126798,191,5,186
E00126799,332,64,268
E00126800,321,72,249
E00126801,306,24,282
E00126802,251,58,193
E00126803,233,30,203
E00126804,249,48,201
E00126805,241,46,195
E00126806,266,12,254
E00126807,241,24,217
E00126808,244,43,201
E00126809,290,44,246
E00126810,285,46,239
E00126811,283,56,227
E00126812,293,62,231
E00126813,219,30,189
E00126814,174,11,163
E00126815,285,44,241
E00126816,298,42,256
E00126817,278,11,267
E00126818,201,10,191
E00126819,226,16,210
E00126820,177,19,158
E00126821,291,6,285
E00126822,273,35,238
E00126823,282,60,222
E00126824,329,48,281
E00126825,226,34,192
E00126826,234,3,231
E00126827,340,34,306
E00126828,195,42,153
E00126829,232,32,200
E00126830,192,24,168
E00126831,216,31,185
E00126832,213,22,191
E00126833,228,31,197
E00126834,227,34,193
E00126835,264,38,226
E00126836,255,3,252
E00126837,290,46,244
E00126838,212,35,177
E00126839,333,75,258
E00126840,197,9,188
E00126841,272,28,244
E00126842,255,36,219
E00126843,291,37,254
E00126844,268,26,242
E00126845,232,24,208
E00126846,166,10,156
E00126847,251,30,221
E00126848,205,11,194
E00126849,233,15,218
E00126850,171,3,168
E00126851,226,23,203
E00126852,246,34,212
E00126853,281,24,257
E00126854,191,7,184
E00126855,307,22,285
E00126856,319,54,265
E00126857,305,44,261
E00126858,379,58,321
E00126860,213,14,199
E00126861,206,20,186
E00126862,321,21,300
E00126863,251,31,220
E00126864,272,32,240
E00126865,197,24,173
E00126866,415,25,390
E00126867,288,43,245
E00126868,297,46,251
E00126869,272,33,239
E00126870,315,47,268
E00126871,209,18,191
E00126872,264,33,231
E00126873,215,32,183
E00126874,286,42,244
E00126875,394,60,334
E00126876,318,44,274
E00126877,294,34,260
E00126878,362,60,302
E00126879,232,19,213
E00126880,222,19,203
E00126881,305,31,274
E00126882,310,99,211
E00126883,304,78,226
E00126884,301,32,269
E00126885,295,45,250
E00126886,151,34,117
E00126887,243,29,214
E00126888,336,54,282
E00126889,351,49,302
E00126890,239,29,210
E00126891,317,48,269
E00126893,305,48,257
E00126895,217,17,200
E00126896,408,56,352
E00126897,266,45,221
E00126898,295,52,243
E00126899,242,32,210
E00126900,341,45,296
E00126901,240,35,205
E00126902,537,87,450
E00126903,273,61,212
E00126904,264,72,192
E00126905,291,67,224
E00126906,226,37,189
E00126907,230,8,222
E00126908,255,50,205
E00126909,265,29,236
E00126910,385,63,322
E00126911,289,30,259
E00126912,242,23,219
E00126913,246,53,193
E00126914,259,17,242
E00126915,167,21,146
E00126916,249,39,210
E00126917,305,73,232
E00126918,218,46,172
E00126919,225,43,182
E00126920,270,49,221
E00126921,232,37,195
E00126922,241,29,212
E00126923,206,12,194
E00126924,282,37,245
E00126925,220,20,200
E00126926,201,26,175
E00126927,270,35,235
E00126928,287,24,263
E00126930,279,53,226
E00126931,251,36,215
E00126932,271,43,228
E00126933,182,14,168
E00126934,330,91,239
E00126935,284,52,232
E00126936,278,43,235
E00126937,265,40,225
E00126938,273,45,228
E00126939,292,52,240
E00126940,198,21,177
E00126941,244,45,199
E00126943,312,68,244
E00126944,266,30,236
E00126945,326,40,286
E00126946,316,54,262
E00126947,250,31,219
E00126948,260,46,214
E00126949,298,54,244
E00126950,326,60,266
E00126951,583,143,440
E00126953,493,125,368
E00126954,273,28,245
E00126955,231,24,207
E00126956,521,116,405
E00126957,289,43,246
E00126958,275,61,214
E00126959,274,49,225
E00126960,315,72,243
E00126961,389,76,313
E00126962,336,65,271
E00126963,347,47,300
E00126964,282,57,225
E00126965,279,51,228
E00126966,270,40,230
E00126967,261,38,223
E00126968,248,27,221
E00126969,257,46,211
E00126970,449,64,385
E00126971,244,40,204
E00126972,274,49,225
E00126973,268,38,230
E00126974,275,39,236
E00126975,259,50,209
E00126976,284,41,243
E00126977,200,34,166
E00126978,235,32,203
E00126979,257,25,232
E00126980,387,45,342
E00126981,274,45,229
E00126983,188,5,183
E00126984,255,36,219
E00126985,215,28,187
E00126986,349,46,303
E00126987,312,57,255
E00126988,514,90,424
E00126989,269,38,231
E00126990,353,47,306
E00126991,257,41,216
E00126992,310,54,256
E00126993,282,48,234
E00126994,285,49,236
E00126995,227,46,181
E00126996,333,76,257
E00126997,225,32,193
E00126999,273,38,235
E00127000,243,29,214
E00127001,263,33,230
E00127002,274,46,228
E00127003,187,16,171
E00127005,275,34,241
E00127006,432,90,342
E00127007,298,55,243
E00127008,236,31,205
E00127009,230,30,200
E00127010,241,18,223
E00127011,255,64,191
E00127012,280,63,217
E00127013,221,47,174
E00127016,199,24,175
E00127017,251,25,226
E00127018,248,29,219
E00127019,242,46,196
E00127020,475,82,393
E00127021,344,59,285
E00127022,315,33,282
E00127023,228,28,200
E00127024,301,53,248
E00127025,419,94,325
E00127026,430,80,350
E00127027,313,43,270
E00127028,226,42,184
E00127029,355,54,301
E00127030,369,70,299
E00127031,421,122,299
E00127032,400,74,326
E00127033,333,57,276
E00127035,455,77,378
E00127036,335,69,266
E00127037,273,46,227
E00127038,337,17,320
E00127039,143,28,115
E00127040,409,78,331
E00127041,427,87,340
E00127042,279,65,214
E00127043,106,1,105
E00127044,368,86,282
E00127045,193,22,171
E00127048,390,44,346
E00127049,172,0,172
E00127050,235,15,220
E00127051,395,96,299
E00127053,284,64,220
E00127054,267,64,203
E00127055,232,45,187
E00127056,211,53,158
E00127058,286,59,227
E00127059,302,75,227
E00127060,216,33,183
E00127061,270,39,231
E00127062,310,51,259
E00127063,487,132,355
E00127064,307,88,219
E00127066,344,65,279
E00127067,293,69,224
E00127068,312,52,260
E00127069,125,4,121
E00127070,259,15,244
E00127071,264,47,217
E00127072,331,69,262
E00127073,316,42,274
E00127074,292,71,221
E00127075,251,52,199
E00127076,264,45,219
E00127077,298,59,239
E00127078,294,89,205
E00127079,329,76,253
E00127080,284,52,232
E00127081,255,30,225
E00127082,224,28,196
E00127083,231,25,206
E00127084,292,50,242
E00127085,307,41,266
E00127086,262,32,230
E00127087,292,59,233
E00127088,279,60,219
E00127089,295,33,262
E00127090,257,43,214
E00127091,330,58,272
E00127092,186,26,160
E00127093,266,47,219
E00127094,363,110,253
E00127095,524,197,327
E00127096,490,159,331
E00127097,248,66,182
E00127098,519,184,335
E00127099,257,63,194
E00127100,415,114,301
E00127101,553,234,319
E00127102,298,76,222
E00127103,352,121,231
E00127104,379,138,241
E00127107,375,112,263
E00127108,322,100,222
E00127109,198,37,161
E00127110,483,146,337
E00127112,188,32,156
E00127113,336,60,276
E00127114,202,44,158
E00127115,336,113,223
E00127116,187,4,183
E00127117,216,38,178
E00127118,334,109,225
E00127120,278,60,218
E00127121,299,68,231
E00127122,267,63,204
E00127123,273,53,220
E00127124,224,52,172
E00127125,321,64,257
E00127126,221,36,185
E00127127,338,52,286
E00127128,296,52,244
E00127129,281,41,240
E00127130,286,46,240
E00127131,269,36,233
E00127132,262,37,225
E00127133,382,63,319
E00127134,209,33,176
E00127135,209,18,191
E00127136,240,59,181
E00127137,217,42,175
E00127138,242,58,184
E00127139,259,30,229
E00127140,264,31,233
E00127141,466,166,300
E00127142,238,33,205
E00127143,274,28,246
E00127144,273,50,223
E00127145,323,71,252
E00127146,357,56,301
E00127147,235,32,203
E00127148,285,43,242
E00127149,273,57,216
E00127150,201,21,180
E00127152,352,61,291
E00127153,299,51,248
E00127154,446,90,356
E00127155,289,58,231
E00127156,316,34,282
E00127157,257,24,233
E00127158,208,34,174
E00127159,355,58,297
E00127160,265,35,230
E00127161,152,9,143
E00127162,500,106,394
E00127163,211,18,193
E00127164,207,47,160
E00127165,191,38,153
E00127166,254,64,190
E00127167,172,17,155
E00127168,266,24,242
E00127169,280,44,236
E00127170,208,32,176
E00127171,327,44,283
E00127172,300,50,250
E00127173,344,89,255
E00127174,193,19,174
E00127175,247,52,195
E00127176,200,29,171
E00127177,297,57,240
E00127178,251,81,170
E00127179,275,75,200
E00127180,272,52,220
E00127181,304,80,224
E00127182,220,42,178
E00127183,397,68,329
E00127184,503,93,410
E00127185,210,44,166
E00127186,312,96,216
E00127187,343,114,229
E00127188,249,55,194
E00127189,249,55,194
E00127190,358,29,329
E00127191,269,37,232
E00127192,387,49,338
E00127193,276,43,233
E00127194,243,46,197
E00127195,197,25,172
E00127196,291,90,201
E00127197,235,38,197
E00127198,295,65,230
E00127199,213,33,180
E00127200,338,94,244
E00127201,333,58,275
E00127202,266,50,216
E00127203,220,30,190
E00127204,216,34,182
E00127205,279,53,226
E00127206,210,31,179
E00127207,269,61,208
E00127208,304,39,265
E00127209,311,61,250
E00127210,342,40,302
E00127211,294,52,242
E00127212,353,80,273
E00127213,274,42,232
E00127214,258,47,211
E00127215,275,63,212
E00127216,241,50,191
E00127217,192,12,180
E00127218,261,32,229
E00127219,271,36,235
E00127220,257,56,201
E00127221,235,42,193
E00127222,292,66,226
E00127223,295,65,230
E00127224,193,41,152
E00127225,335,71,264
E00127226,370,82,288
E00127227,251,79,172
E00127228,230,41,189
E00127229,243,49,194
E00127230,242,53,189
E00127231,195,43,152
E00127232,187,13,174
E00127233,373,105,268
E00127234,253,55,198
E00127235,255,57,198
E00127236,269,52,217
E00127237,238,63,175
E00127238,223,46,177
E00127239,245,62,183
E00127240,265,47,218
E00127241,246,49,197
E00127242,254,36,218
E00127243,370,55,315
E00127244,257,59,198
E00127245,336,60,276
E00127246,348,82,266
E00127247,338,74,264
E00127248,234,47,187
E00127249,246,44,202
E00127250,207,38,169
E00127251,255,35,220
E00127252,283,74,209
E00127253,209,31,178
E00127254,230,32,198
E00127255,260,47,213
E00127256,181,26,155
E00127257,269,48,221
E00127258,175,20,155
E00127259,270,45,225
E00127260,202,19,183
E00127261,253,35,218
E00127262,354,58,296
E00127263,255,36,219
E00127264,312,75,237
E00127265,290,53,237
E00127266,285,56,229
E00127267,206,32,174
E00127268,293,48,245
E00127269,216,45,171
E00127270,334,62,272
E00127271,222,41,181
E00127272,181,5,176
E00127273,254,28,226
E00127274,323,73,250
E00127275,486,79,407
E00127276,178,33,145
E00127277,324,66,258
E00127278,426,71,355
E00127279,278,35,243
E00127280,228,31,197
E00127281,251,39,212
E00127282,285,50,235
E00127283,278,43,235
E00127284,249,47,202
E00127285,222,27,195
E00127286,274,36,238
E00127287,273,46,227
E00127288,301,41,260
E00127289,333,70,263
E00127290,307,45,262
E00127291,315,31,284
E00127292,328,55,273
E00127293,267,36,231
E00127294,204,30,174
E00127295,264,55,209
E00127296,252,38,214
E00127297,197,14,183
E00127298,255,39,216
E00127299,363,91,272
E00127300,323,108,215
E00127301,261,69,192
E00127302,424,134,290
E00127303,341,102,239
E00127304,516,149,367
E00127305,359,106,253
E00127306,299,102,197
E00127307,335,86,249
E00127308,300,93,207
E00127309,240,63,177
E00127310,389,79,310
E00127311,283,76,207
E00127312,358,92,266
E00127313,351,99,252
E00127314,297,50,247
E00127315,248,44,204
E00127316,276,23,253
E00127317,301,30,271
E00127318,231,12,219
E00127319,267,26,241
E00127320,189,24,165
E00127321,215,21,194
E00127322,255,48,207
E00127323,272,43,229
E00127324,304,18,286
E00127325,250,40,210
E00127326,258,42,216
E00127327,306,54,252
E00127328,306,55,251
E00127329,249,30,219
E00127330,243,30,213
E00127331,299,42,257
E00127332,323,44,279
E00127333,253,46,207
E00127334,267,35,232
E00127335,261,35,226
E00127336,231,21,210
E00127337,285,44,241
E00127338,245,31,214
E00127339,272,43,229
E00127340,290,55,235
E00127341,325,72,253
E00127342,185,21,164
E00127343,195,19,176
E00127344,303,68,235
E00127345,372,204,168
E00127346,326,64,262
E00127347,284,59,225
E00127348,303,59,244
E00127349,255,55,200
E00127350,359,73,286
E00127351,284,76,208
E00127352,394,93,301
E00127354,290,48,242
E00127355,538,334,204
E00127357,370,203,167
E00127358,571,346,225
E00127359,249,50,199
E00127360,232,48,184
E00127361,205,47,158
E00127362,240,56,184
E00127363,281,59,222
E00127364,293,75,218
E00127365,257,99,158
E00127366,370,32,338
E00127367,333,63,270
E00127368,238,43,195
E00127369,340,62,278
E00127370,285,57,228
E00127371,270,45,225
E00127372,349,62,287
E00127373,293,55,238
E00127374,171,23,148
E00127375,474,96,378
E00127376,294,73,221
E00127377,275,34,241
E00127378,307,61,246
E00127379,248,26,222
E00127380,314,95,219
E00127381,311,103,208
E00127382,403,77,326
E00127383,246,46,200
E00127384,300,61,239
E00127385,294,46,248
E00127386,279,40,239
E00127387,313,52,261
E00127389,287,72,215
E00127390,185,19,166
E00127391,313,113,200
E00127392,269,127,142
E00127393,234,68,166
E00127394,304,84,220
E00127396,243,53,190
E00127397,216,39,177
E00127398,282,57,225
E00127399,211,78,133
E00127400,300,97,203
E00127402,262,53,209
E00127403,165,40,125
E00127406,358,177,181
E00127407,328,130,198
E00127408,529,334,195
E00127409,331,186,145
E00127410,265,133,132
E00127411,314,52,262
E00127412,346,56,290
E00127413,465,100,365
E00127415,319,91,228
E00127416,342,58,284
E00127417,284,51,233
E00127419,235,41,194
E00127420,344,58,286
E00127421,266,57,209
E00127422,292,58,234
E00127423,304,56,248
E00127424,280,32,248
E00127425,276,52,224
E00127426,292,47,245
E00127427,282,50,232
E00127428,276,58,218
E00127429,285,52,233
E00127431,225,47,178
E00127433,245,39,206
E00127434,294,48,246
E00127435,307,52,255
E00127436,255,43,212
E00127437,271,73,198
E00127438,167,16,151
E00127439,252,55,197
E00127440,168,29,139
E00127441,211,34,177
E00127442,227,46,181
E00127443,297,67,230
E00127444,282,45,237
E00127445,293,57,236
E00127446,277,52,225
E00127447,257,59,198
E00127448,278,57,221
E00127449,303,71,232
E00127450,256,45,211
E00127451,206,26,180
E00127452,294,56,238
E00127453,262,49,213
E00127454,189,40,149
E00127455,258,48,210
E00127456,242,36,206
E00127457,200,47,153
E00127458,216,35,181
E00127459,304,55,249
E00127460,299,44,255
E00127461,206,28,178
E00127462,249,28,221
E00127463,242,37,205
E00127464,247,28,219
E00127465,236,26,210
E00127466,246,31,215
E00127467,227,25,202
E00127468,263,55,208
E00127469,336,56,280
E00127470,255,35,220
E00127471,271,53,218
E00127472,323,72,251
E00127473,251,57,194
E00127474,139,10,129
E00127475,270,78,192
E00127476,248,39,209
E00127477,247,49,198
E00127478,241,43,198
E00127479,204,61,143
E00127480,275,83,192
E00127481,267,69,198
E00127482,292,77,215
E00127483,367,60,307
E00127484,251,51,200
E00127485,241,59,182
E00127486,257,54,203
E00127487,278,61,217
E00127488,267,13,254
E00127489,195,42,153
E00127490,228,36,192
E00127491,241,66,175
E00127492,218,31,187
E00127493,245,56,189
E00127494,291,44,247
E00127495,323,91,232
E00127496,236,41,195
E00127497,259,54,205
E00127499,305,81,224
E00127500,339,40,299
E00127501,269,49,220
E00127502,261,35,226
E00127503,226,30,196
E00127504,267,38,229
E00127505,292,42,250
E00127506,304,64,240
E00127507,287,47,240
E00127508,261,34,227
E00127509,241,44,197
E00127512,315,56,259
E00127513,271,43,228
E00127514,265,37,228
E00127515,219,77,142
E00127516,284,140,144
E00127517,548,135,413
E00127518,411,246,165
E00127519,211,85,126
E00127520,270,68,202
E00127521,250,96,154
E00127522,273,120,153
E00127524,297,171,126
E00127525,343,214,129
E00127527,294,132,162
E00127528,248,44,204
E00127529,263,49,214
E00127530,235,48,187
E00127531,228,28,200
E00127532,301,61,240
E00127533,282,45,237
E00127534,272,96,176
E00127535,266,79,187
E00127536,262,88,174
E00127537,346,71,275
E00127538,177,33,144
E00127539,333,54,279
E00127540,376,73,303
E00127541,223,35,188
E00127542,287,23,264
E00127543,290,53,237
E00127544,155,23,132
E00127545,328,72,256
E00127546,294,36,258
E00127547,320,56,264
E00127548,271,45,226
E00127549,258,46,212
E00127550,324,47,277
E00127551,294,58,236
E00127552,378,58,320
E00127553,273,38,235
E00127554,189,38,151
E00127555,285,50,235
E00127556,274,35,239
E00127557,406,63,343
E00127558,186,26,160
E00127559,269,52,217
E00127560,308,23,285
E00127561,336,70,266
E00127564,450,87,363
E00127565,258,37,221
E00127566,207,31,176
E00127567,286,42,244
E00127568,233,39,194
E00127569,266,61,205
E00127570,207,34,173
E00127571,220,26,194
E00127572,270,51,219
E00127573,331,80,251
E00127574,282,45,237
E00127575,257,32,225
E00127576,292,85,207
E00127577,193,43,150
E00127578,185,24,161
E00127579,302,58,244
E00127580,185,27,158
E00127581,276,74,202
E00127582,278,66,212
E00127583,178,20,158
E00127584,239,57,182
E00127585,249,77,172
E00127586,288,46,242
E00127587,214,38,176
E00127588,215,37,178
E00127589,360,38,322
E00127590,216,44,172
E00127591,149,9,140
E00127592,257,49,208
E00127593,282,80,202
E00127594,245,44,201
E00127595,214,34,180
E00127596,245,62,183
E00127597,302,42,260
E00127598,307,78,229
E00127599,270,83,187
E00127600,260,41,219
E00127601,259,41,218
E00127602,294,55,239
E00127603,248,50,198
E00127604,270,70,200
E00127605,269,78,191
E00127606,289,69,220
E00127607,285,55,230
E00127608,213,47,166
E00127609,215,28,187
E00127610,300,65,235
E00127611,278,37,241
E00127612,294,69,225
E00127613,370,56,314
E00127614,226,79,147
E00127615,188,43,145
E00127616,524,125,399
E00127618,160,25,135
E00127619,261,57,204
E00127620,251,81,170
E00127621,285,75,210
E00127622,172,29,143
E00127623,289,69,220
E00127624,283,84,199
E00127625,375,145,230
E00127626,284,79,205
E00127627,235,90,145
E00127628,263,107,156
E00127629,309,108,201
E00127630,257,41,216
E00127631,284,85,199
E00127632,194,39,155
E00127633,271,78,193
E00127634,287,36,251
E00127635,194,25,169
E00127636,270,34,236
E00127637,238,17,221
E00127638,295,48,247
E00127639,243,43,200
E00127640,195,28,167
E00127641,334,42,292
E00127642,310,43,267
E00127643,272,56,216
E00127644,280,47,233
E00127645,275,54,221
E00127646,298,65,233
E00127647,299,78,221
E00127648,348,87,261
E00127649,274,41,233
E00127650,302,88,214
E00127651,254,32,222
E00127652,138,8,130
E00127653,288,75,213
E00127654,394,114,280
E00127655,346,82,264
E00127656,185,20,165
E00127657,211,33,178
E00127658,287,42,245
E00127659,270,59,211
E00127660,321,82,239
E00127661,273,52,221
E00127662,314,94,220
E00127663,295,63,232
E00127664,261,74,187
E00127665,324,86,238
E00127666,294,46,248
E00127667,304,55,249
E00127668,293,43,250
E00127669,314,63,251
E00127670,309,85,224
E00127671,295,51,244
E00127672,238,54,184
E00127673,309,51,258
E00127674,308,70,238
E00127675,167,9,158
E00127676,382,143,239
E00127677,331,71,260
E00127678,260,41,219
E00127679,238,41,197
E00127680,346,126,220
E00127681,243,46,197
E00127682,288,58,230
E00127683,214,25,189
E00127684,245,41,204
E00127685,249,37,212
E00127686,148,12,136
E00127687,248,30,218
E00127688,269,56,213
E00127689,238,34,204
E00127690,365,71,294
E00127691,283,40,243
E00127692,267,43,224
E00127693,277,52,225
E00127694,254,33,221
E00127695,266,19,247
E00127696,299,64,235
E00127697,269,43,226
E00127698,230,22,208
E00127699,255,45,210
E00127700,296,28,268
E00127701,239,31,208
E00127702,229,28,201
E00127703,234,26,208
E00127704,250,30,220
E00127705,196,10,186
E00127706,206,26,180
E00127707,211,6,205
E00127708,254,53,201
E00127709,213,25,188
E00127710,200,20,180
E00127711,215,32,183
E00127712,241,26,215
E00127713,193,8,185
E00127714,253,32,221
E00127715,295,56,239
E00127716,269,43,226
E00127717,260,44,216
E00127718,230,30,200
E00127719,228,17,211
E00127720,281,45,236
E00127721,296,38,258
E00127722,346,62,284
E00127723,511,136,375
E00127724,208,10,198
E00127725,457,91,366
E00127726,126,19,107
E00127727,214,24,190
E00127728,148,14,134
E00127729,213,39,174
E00127730,212,19,193
E00127731,270,48,222
E00127732,227,31,196
E00127733,293,45,248
E00127734,213,34,179
E00127735,115,13,102
E00127736,332,49,283
E00127737,286,48,238
E00127738,222,28,194
E00127739,327,50,277
E00127740,263,40,223
E00127741,240,34,206
E00127742,296,33,263
E00127743,354,55,299
E00127744,266,36,230
E00127745,220,22,198
E00127746,217,18,199
E00127747,260,58,202
E00127748,263,47,216
E00127749,210,18,192
E00127750,200,47,153
E00127751,247,66,181
E00127752,254,45,209
E00127753,222,21,201
E00127754,233,34,199
E00127755,241,23,218
E00127756,219,23,196
E00127757,231,23,208
E00127758,264,43,221
E00127760,239,54,185
E00127761,197,15,182
E00127762,172,11,161
E00127763,257,26,231
E00127764,309,75,234
E00127765,277,33,244
E00127766,222,37,185
E00127767,302,61,241
E00127768,313,64,249
E00127769,344,50,294
E00127770,248,51,197
E00127771,194,14,180
E00127772,242,38,204
E00127773,316,76,240
E00127774,250,39,211
E00127775,262,41,221
E00127776,185,25,160
E00127777,363,78,285
E00127778,437,89,348
E00127779,266,46,220
E00127780,322,81,241
E00127781,268,47,221
E00127782,276,32,244
E00127783,242,32,210
E00127784,215,24,191
E00127785,242,24,218
E00127786,221,22,199
E00127787,330,66,264
E00127788,222,19,203
E00127789,230,39,191
E00127790,176,22,154
E00127791,275,16,259
E00127792,124,15,109
E00127793,302,61,241
E00127794,325,56,269
E00127795,287,57,230
E00127796,273,25,248
E00127797,324,44,280
E00127798,306,43,263
E00127799,351,46,305
E00127800,237,36,201
E00127801,249,40,209
E00127802,258,45,213
E00127803,262,39,223
E00127804,385,66,319
E00127805,288,51,237
E00127806,248,44,204
E00127807,344,64,280
E00127808,202,38,164
E00127809,327,52,275
E00127810,345,100,245
E00127811,476,160,316
E00127812,175,48,127
E00127813,358,98,260
E00127814,268,49,219
E00127815,344,100,244
E00127816,368,106,262
E00127817,345,108,237
E00127818,207,40,167
E00127819,356,103,253
E00127820,357,50,307
E00127821,352,113,239
E00127822,318,68,250
E00127823,386,138,248
E00127824,361,117,244
E00127825,397,149,248
E00127826,432,142,290
E00127827,400,152,248
E00127828,443,124,319
E00127829,453,111,342
E00127830,225,36,189
E00127831,180,39,141
E00127832,463,153,310
E00127833,365,101,264
E00127834,403,122,281
E00127836,260,38,222
E00127837,283,57,226
E00127838,305,62,243
E00127839,465,139,326
E00127840,275,55,220
E00127841,419,128,291
E00127842,209,52,157
E00127843,322,99,223
E00127844,185,19,166
E00127845,355,107,248
E00127846,226,30,196
E00127847,264,47,217
E00127848,338,97,241
E00127849,211,26,185
E00127850,286,65,221
E00127851,359,109,250
E00127852,361,87,274
E00127853,345,112,233
E00127854,359,80,279
E00127855,437,117,320
E00127856,329,62,267
E00127857,255,46,209
E00127858,343,92,251
E00127859,418,144,274
E00127860,102,3,99
E00127861,356,97,259
E00127862,402,135,267
E00127863,314,48,266
E00127864,277,60,217
E00127865,261,58,203
E00127866,353,65,288
E00127867,340,51,289
E00127868,261,58,203
E00127869,216,23,193
E00127870,289,42,247
E00127871,388,103,285
E00127872,216,41,175
E00127873,274,50,224
E00127874,239,24,215
E00127875,206,32,174
E00127876,305,60,245
E00127877,321,46,275
E00127878,305,62,243
E00127879,271,74,197
E00127880,179,35,144
E00127881,226,38,188
E00127882,226,40,186
E00127883,265,53,212
E00127884,272,54,218
E00127885,346,48,298
E00127886,226,15,211
E00127887,266,47,219
E00127888,227,30,197
E00127889,300,69,231
E00127890,221,13,208
E00127891,225,28,197
E00127892,321,72,249
E00127893,329,89,240
E00127894,266,35,231
E00127895,210,25,185
E00127896,299,60,239
E00127897,188,11,177
E00127898,260,44,216
E00127899,310,53,257
E00127900,316,36,280
E00127901,240,34,206
E00127902,515,95,420
E00127903,304,51,253
E00127904,276,46,230
E00127905,306,75,231
E00127906,266,47,219
E00127907,259,46,213
E00127908,264,46,218
E00127909,218,22,196
E00127910,371,56,315
E00127911,304,63,241
E00127912,358,73,285
E00127913,305,46,259
E00127914,432,77,355
E00127915,282,51,231
E00127916,246,32,214
E00127917,316,46,270
E00127918,202,19,183
E00127921,293,46,247
E00127922,169,26,143
E00127923,323,64,259
E00127924,265,33,232
E00127925,271,40,231
E00127926,336,41,295
E00127927,308,55,253
E00127928,266,22,244
E00127929,249,28,221
E00127930,256,34,222
E00127931,285,36,249
E00127932,271,37,234
E00127933,316,24,292
E00127934,307,53,254
E00127935,280,35,245
E00127936,250,44,206
E00127937,315,33,282
E00127938,184,50,134
E00127939,169,18,151
E00127940,236,27,209
E00127941,209,57,152
E00127942,228,42,186
E00127943,259,58,201
E00127944,213,41,172
E00127945,154,19,135
E00127946,236,23,213
E00127947,267,50,217
E00127948,231,34,197
E00127949,202,27,175
E00127950,334,78,256
E00127951,256,53,203
E00127952,300,63,237
E00127953,317,82,235
E00127954,301,74,227
E00127955,322,74,248
E00127956,398,132,266
E00127957,252,57,195
E00127958,338,58,280
E00127959,336,54,282
E00127960,273,36,237
E00127961,289,54,235
E00127962,311,83,228
E00127963,298,72,226
E00127964,291,39,252
E00127965,286,44,242
E00127966,341,51,290
E00127967,316,40,276
E00127968,261,47,214
E00127969,291,66,225
E00127970,208,39,169
E00127971,528,145,383
E00127972,171,23,148
E00127973,401,96,305
E00127974,366,122,244
E00127975,320,57,263
E00127976,399,136,263
E00127977,398,128,270
E00127978,478,170,308
E00127979,360,73,287
E00127980,436,95,341
E00127981,314,74,240
E00127982,252,33,219
E00127983,345,72,273
E00127984,274,49,225
E00127985,301,76,225
E00127986,337,91,246
E00127987,173,23,150
E00127988,432,136,296
E00127989,427,143,284
E00127990,354,96,258
E00127992,219,65,154
E00127993,390,119,271
E00127995,255,65,190
E00127996,112,15,97
E00127997,270,53,217
E00127998,251,69,182
E00127999,223,43,180
E00128000,284,86,198
E00128001,237,36,201
E00128002,287,70,217
E00128003,264,65,199
E00128004,230,53,177
E00128005,304,59,245
E00128006,406,54,352
E00128007,269,71,198
E00128008,304,93,211
E00128009,259,56,203
E00128010,321,76,245
E00128011,279,47,232
E00128012,239,35,204
E00128013,228,22,206
E00128014,317,80,237
E00128015,226,34,192
E00128016,283,61,222
E00128017,207,30,177
E00128018,405,81,324
E00128019,294,47,247
E00128020,324,104,220
E00128021,313,113,200
E00128022,265,62,203
E00128023,329,94,235
E00128024,405,149,256
E00128025,394,120,274
E00128026,320,75,245
E00128027,342,84,258
E00128028,328,98,230
E00128029,512,151,361
E00128030,444,147,297
E00128031,249,54,195
E00128032,257,64,193
E00128033,276,57,219
E00128034,484,156,328
E00128035,251,50,201
E00128036,218,27,191
E00128037,311,74,237
E00128038,272,82,190
E00128039,142,26,116
E00128040,250,42,208
E00128041,254,51,203
E00128042,246,50,196
E00128043,197,19,178
E00128044,290,66,224
E00128045,310,74,236
E00128046,313,48,265
E00128047,229,45,184
E00128048,367,84,283
E00128050,234,37,197
E00128051,257,20,237
E00128052,280,23,257
E00128054,367,142,225
E00128055,487,171,316
E00128056,546,168,378
E00128057,483,168,315
E00128058,552,191,361
E00128059,447,146,301
E00128061,235,52,183
E00128062,336,87,249
E00128063,280,53,227
E00128064,335,73,262
E00128065,301,56,245
E00128066,228,29,199
E00128067,246,52,194
E00128068,338,44,294
E00128069,271,41,230
E00128070,217,43,174
E00128071,239,48,191
E00128072,241,53,188
E00128073,200,21,179
E00128074,297,54,243
E00128075,269,46,223
E00128076,321,80,241
E00128077,216,44,172
E00128078,290,65,225
E00128079,349,93,256
E00128080,339,120,219
E00128081,385,97,288
E00128082,235,40,195
E00128083,342,81,261
E00128084,312,78,234
E00128085,252,83,169
E00128086,327,66,261
E00128087,334,106,228
E00128088,368,105,263
E00128089,199,29,170
E00128090,271,44,227
E00128091,165,19,146
E00128092,258,76,182
E00128093,313,79,234
E00128094,236,34,202
E00128095,187,36,151
E00128096,301,88,213
E00128097,301,100,201
E00128098,337,74,263
E00128099,332,72,260
E00128100,289,51,238
E00128101,380,77,303
E00128102,292,67,225
E00128103,301,48,253
E00128104,352,74,278
E00128105,330,50,280
E00128106,295,73,222
E00128107,240,18,222
E00128108,279,48,231
E00128109,330,67,263
E00128110,303,58,245
E00128111,253,34,219
E00128112,267,37,230
E00128113,354,76,278
E00128114,281,45,236
E00128115,337,49,288
E00128116,178,17,161
E00128117,351,73,278
E00128118,309,69,240
E00128119,326,93,233
E00128120,279,73,206
E00128121,322,78,244
E00128122,314,95,219
E00128123,368,75,293
E00128124,314,72,242
E00128125,299,60,239
E00128126,408,121,287
E00128127,288,67,221
E00128128,426,112,314
E00128129,320,95,225
E00128130,309,79,230
E00128131,425,119,306
E00128132,407,79,328
E00128133,414,146,268
E00128134,374,87,287
E00128135,444,115,329
E00128136,363,110,253
E00128137,404,135,269
E00128138,399,119,280
E00128139,435,137,298
E00128140,436,157,279
E00128141,402,128,274
E00128142,401,147,254
E00128143,333,106,227
E00128144,369,100,269
E00128146,297,68,229
E00128147,297,64,233
E00128148,105,17,88
E00128149,300,39,261
E00128150,276,36,240
E00128151,340,108,232
E00128152,394,130,264
E00128153,253,73,180
E00128154,295,72,223
E00128155,350,98,252
E00128156,332,114,218
E00128157,140,26,114
E00128158,307,90,217
E00128159,380,69,311
E00128160,329,72,257
E00128161,515,99,416
E00128162,425,60,365
E00128164,318,75,243
E00128165,245,43,202
E00128166,270,54,216
E00128167,239,50,189
E00128168,286,39,247
E00128169,269,40,229
E00128170,270,47,223
E00128171,274,53,221
E00128172,220,38,182
E00128173,196,50,146
E00128174,324,109,215
E00128175,216,26,190
E00128176,233,40,193
E00128177,375,105,270
E00128178,226,42,184
E00128179,285,59,226
E00128180,466,102,364
E00128181,312,61,251
E00128182,375,77,298
E00128184,261,53,208
E00128185,468,108,360
E00128186,261,37,224
E00128187,503,91,412
E00128188,233,46,187
E00128189,246,34,212
E00128190,264,53,211
E00128191,294,51,243
E00128192,267,37,230
E00128193,278,47,231
E00128194,283,62,221
E00128195,305,59,246
E00128196,324,79,245
E00128197,270,41,229
E00128198,316,72,244
E00128199,289,55,234
E00128200,122,4,118
E00128201,270,47,223
E00128202,342,78,264
E00128203,318,54,264
E00128204,304,47,257
E00128205,271,54,217
E00128206,229,24,205
E00128207,174,16,158
E00128208,344,71,273
E00128209,319,77,242
E00128210,234,62,172
E00128211,238,44,194
E00128212,280,41,239
E00128213,265,40,225
E00128214,185,33,152
E00128215,296,82,214
E00128216,278,32,246
E00128217,261,44,217
E00128218,300,73,227
E00128219,200,31,169
E00128220,222,36,186
E00128221,159,33,126
E00128222,224,32,192
E00128223,279,31,248
E00128224,284,64,220
E00128225,236,52,184
E00128226,210,32,178
E00128227,227,54,173
E00128228,255,56,199
E00128229,210,28,182
E00128230,297,61,236
E00128231,276,54,222
E00128232,347,111,236
E00128233,231,43,188
E00128234,301,52,249
E00128235,239,54,185
E00128236,155,20,135
E00128237,242,46,196
E00128238,223,37,186
E00128239,232,45,187
E00128240,272,66,206
E00128241,288,55,233
E00128242,364,85,279
E00128243,218,40,178
E00128244,233,41,192
E00128245,466,129,337
E00128246,511,101,410
E00128247,291,39,252
E00128248,243,26,217
E00128249,249,29,220
E00128250,327,68,259
E00128251,216,48,168
E00128252,278,45,233
E00128253,270,36,234
E00128254,267,53,214
E00128255,300,50,250
E00128256,315,98,217
E00128259,310,55,255
E00128260,298,49,249
E00128261,307,47,260
E00128262,519,118,401
E00128263,396,92,304
E00128264,300,36,264
E00128265,321,62,259
E00128266,284,45,239
E00128267,263,39,224
E00128268,303,59,244
E00128269,240,50,190
E00128270,303,75,228
E00128271,255,55,200
E00128272,306,68,238
E00128273,351,177,174
E00128274,330,108,222
E00128275,375,156,219
E00128276,331,92,239
E00128277,371,91,280
E00128278,327,119,208
E00128279,267,70,197
E00128280,307,124,183
E00128281,272,106,166
E00128282,270,73,197
E00128283,281,98,183
E00128284,224,51,173
E00128285,237,42,195
E00128286,268,88,180
E00128287,176,22,154
E00128288,253,60,193
E00128289,294,71,223
E00128291,218,36,182
E00128292,294,46,248
E00128293,296,51,245
E00128294,326,52,274
E00128295,278,50,228
E00128296,537,121,416
E00128297,273,56,217
E00128298,412,75,337
E00128300,245,34,211
E00128301,329,78,251
E00128302,204,33,171
E00128303,550,109,441
E00128304,415,94,321
E00128305,207,42,165
E00128306,242,55,187
E00128307,193,33,160
E00128308,240,36,204
E00128309,436,61,375
E00128310,387,51,336
E00128312,328,81,247
E00128313,210,44,166
E00128314,453,80,373
E00128316,336,46,290
E00128317,254,39,215
E00128318,344,55,289
E00128320,344,62,282
E00128322,423,97,326
E00128323,389,81,308
E00128324,396,120,276
E00128325,315,47,268
E00128326,369,87,282
E00128327,374,129,245
E00128328,326,75,251
E00128329,352,72,280
E00128330,307,60,247
E00128331,310,76,234
E00128332,249,35,214
E00128333,411,133,278
E00128334,265,46,219
E00128335,323,74,249
E00128336,348,62,286
E00128337,360,108,252
E00128338,250,41,209
E00128339,281,68,213
E00128340,345,91,254
E00128341,334,86,248
E00128342,463,144,319
E00128343,389,111,278
E00128344,385,119,266
E00128345,201,31,170
E00128346,357,147,210
E00128347,407,109,298
E00128348,425,200,225
E00128349,285,60,225
E00128350,367,87,280
E00128352,193,32,161
E00128353,254,24,230
E00128354,365,120,245
E00128355,272,74,198
E00128356,357,77,280
E00128357,274,72,202
E00128358,165,45,120
E00128359,471,98,373
E00128360,215,53,162
E00128361,202,24,178
E00128362,204,19,185
E00128363,209,34,175
E00128364,290,46,244
E00128365,221,44,177
E00128366,223,42,181
E00128367,224,52,172
E00128368,310,57,253
E00128369,330,97,233
E00128370,376,108,268
E00128372,363,126,237
E00128373,205,42,163
E00128374,260,73,187
E00128375,405,110,295
E00128377,332,108,224
E00128379,244,69,175
E00128384,128,33,95
E00128385,232,46,186
E00128386,222,54,168
E00128387,170,33,137
E00128388,297,77,220
E00128389,256,38,218
E00128391,309,60,249
E00128392,395,100,295
E00128393,487,179,308
E00128394,392,98,294
E00128395,298,57,241
E00128397,320,101,219
E00128398,356,95,261
E00128399,225,28,197
E00128400,417,97,320
E00128401,442,105,337
E00128403,355,102,253
E00128404,313,92,221
E00128405,266,67,199
E00128406,430,133,297
E00128407,292,87,205
E00128408,398,51,347
E00128409,262,39,223
E00128410,312,72,240
E00128411,368,85,283
E00128412,199,24,175
E00128413,223,37,186
E00128414,179,15,164
E00128415,290,63,227
E00128416,259,60,199
E00128417,290,65,225
E00128418,263,43,220
E00128419,224,37,187
E00128420,312,45,267
E00128421,246,54,192
E00128422,290,58,232
E00128423,295,66,229
E00128424,232,49,183
E00128425,245,54,191
E00128426,220,32,188
E00128427,292,60,232
E00128428,235,33,202
E00128429,304,59,245
E00128430,373,82,291
E00128431,547,180,367
E00128432,257,63,194
E00128433,169,14,155
E00128435,291,71,220
E00128436,310,60,250
E00128437,266,45,221
E00128438,190,26,164
E00128439,254,37,217
E00128440,462,149,313
E00128441,365,100,265
E00128442,557,177,380
E00128443,350,94,256
E00128444,169,46,123
E00128445,365,98,267
E00128446,297,63,234
E00128447,328,92,236
E00128448,363,110,253
E00128449,356,97,259
E00128450,282,77,205
E00128452,251,48,203
E00128453,216,43,173
E00128454,418,79,339
E00128455,235,47,188
E00128456,240,42,198
E00128457,265,42,223
E00128458,316,69,247
E00128459,296,62,234
E00128460,202,56,146
E00128461,333,106,227
E00128462,205,29,176
E00128463,242,36,206
E00128464,235,33,202
E00128465,178,23,155
E00128466,309,146,163
E00128467,221,40,181
E00128468,253,63,190
E00128469,204,38,166
E00128470,311,65,246
E00128471,254,36,218
E00128472,292,95,197
E00128473,214,38,176
E00128474,313,61,252
E00128476,282,84,198
E00128477,319,85,234
E00128478,205,56,149
E00128479,214,67,147
E00128480,404,253,151
E00128481,465,203,262
E00128482,338,110,228
E00128483,170,21,149
E00128484,207,83,124
E00128485,691,627,64
E00128487,202,19,183
E00128489,345,62,283
E00128490,290,52,238
E00128492,166,24,142
E00128493,198,26,172
E00128494,125,16,109
E00128495,291,41,250
E00128496,546,110,436
E00128497,221,34,187
E00128498,259,38,221
E00128499,279,37,242
E00128500,233,27,206
E00128501,392,71,321
E00128502,246,43,203
E00128503,248,19,229
E00128504,279,59,220
E00128505,204,35,169
E00128506,125,9,116
E00128507,450,115,335
E00128509,323,47,276
E00128510,430,70,360
E00128511,185,38,147
E00128512,326,47,279
E00128513,193,31,162
E00128514,151,26,125
E00128515,283,45,238
E00128516,332,60,272
E00128517,238,48,190
E00128518,322,65,257
E00128519,263,36,227
E00128520,260,45,215
E00128521,194,24,170
E00128522,162,23,139
E00128523,169,36,133
E00128524,357,49,308
E00128525,258,26,232
E00128526,422,68,354
E00128527,267,46,221
E00128528,327,46,281
E00128529,314,48,266
E00128530,277,46,231
E00128531,171,27,144
E00128532,398,70,328
E00128533,212,43,169
E00128534,135,24,111
E00128535,388,59,329
E00128536,304,59,245
E00128538,275,32,243
E00128539,239,28,211
E00128540,168,10,158
E00128541,271,47,224
E00128542,240,50,190
E00128543,247,42,205
E00128544,245,41,204
E00128545,237,46,191
E00128546,298,31,267
E00128547,220,42,178
E00128548,224,30,194
E00128550,231,19,212
E00128551,261,37,224
E00128552,324,48,276
E00128553,291,56,235
E00128554,258,42,216
E00128555,247,39,208
E00128556,352,46,306
E00128557,474,85,389
E00128558,198,30,168
E00128559,191,21,170
E00128560,290,58,232
E00128561,335,82,253
E00128562,342,61,281
E00128564,352,66,286
E00128565,430,95,335
E00128566,216,33,183
E00128567,330,59,271
E00128568,139,21,118
E00128569,239,41,198
E00128570,463,80,383
E00128571,287,43,244
E00128572,377,59,318
E00128573,280,26,254
E00128574,279,33,246
E00128575,250,55,195
E00128576,441,86,355
E00128577,283,47,236
E00128578,199,13,186
E00128579,355,61,294
E00128580,274,30,244
E00128581,332,67,265
E00128583,331,46,285
E00128584,202,20,182
E00128585,225,28,197
E00128586,252,43,209
E00128587,349,87,262
E00128588,135,10,125
E00128589,255,53,202
E00128590,263,26,237
E00128591,366,65,301
E00128592,291,58,233
E00128593,250,20,230
E00128594,349,44,305
E00128595,246,37,209
E00128596,338,64,274
E00128597,279,30,249
E00128598,446,87,359
E00128599,215,26,189
E00128600,259,33,226
E00128601,291,52,239
E00128602,311,51,260
E00128603,317,54,263
E00128605,473,90,383
E00128606,336,44,292
E00128607,298,44,254
E00128608,242,48,194
E00128609,277,53,224
E00128610,313,48,265
E00128611,264,53,211
E00128612,316,54,262
E00128613,274,33,241
E00128614,294,49,245
E00128615,265,34,231
E00128616,288,50,238
E00128617,285,55,230
E00128618,236,36,200
E00128619,261,19,242
E00128620,385,64,321
E00128621,270,33,237
E00128622,366,56,310
E00128623,354,59,295
E00128624,265,37,228
E00128625,247,45,202
E00128626,215,36,179
E00128627,166,14,152
E00128628,268,33,235
E00128629,258,61,197
E00128630,385,104,281
E00128631,330,59,271
E00128632,274,41,233
E00128633,272,42,230
E00128634,306,70,236
E00128635,258,26,232
E00128636,319,64,255
E00128637,246,37,209
E00128638,328,65,263
E00128639,355,73,282
E00128640,335,83,252
E00128641,269,50,219
E00128642,280,46,234
E00128643,275,39,236
E00128644,210,25,185
E00128645,465,66,399
E00128646,189,36,153
E00128647,328,46,282
E00128648,241,33,208
E00128649,309,34,275
E00128650,311,45,266
E00128651,265,31,234
E00128652,394,26,368
E00128653,311,36,275
E00128654,253,36,217
E00128655,290,64,226
E00128656,255,42,213
E00128657,346,58,288
E00128658,461,81,380
E00128659,166,10,156
E00128660,185,23,162
E00128662,326,25,301
E00128663,249,31,218
E00128665,265,51,214
E00128667,406,61,345
E00128668,311,62,249
E00128669,316,51,265
E00128670,302,44,258
E00128671,291,61,230
E00128672,269,37,232
E00128673,254,41,213
E00128674,310,61,249
E00128675,250,45,205
E00128676,178,26,152
E00128679,498,86,412
E00128682,229,43,186
E00128683,417,80,337
E00128684,574,139,435
E00128685,304,72,232
E00128686,348,63,285
E00128687,230,48,182
E00128688,299,63,236
E00128689,310,57,253
E00128690,375,90,285
E00128691,298,62,236
E00128692,316,62,254
E00128693,225,44,181
E00128694,285,37,248
E00128695,219,37,182
E00128696,389,64,325
E00128697,314,48,266
E00128698,303,58,245
E00128699,286,43,243
E00128700,262,44,218
E00128701,305,56,249
E00128702,273,53,220
E00128703,262,40,222
E00128704,310,65,245
E00128705,305,43,262
E00128706,331,42,289
E00128707,367,82,285
E00128708,253,39,214
E00128709,438,74,364
E00128710,221,30,191
E00128711,261,47,214
E00128712,272,29,243
E00128713,314,47,267
E00128714,250,50,200
E00128715,249,50,199
E00128716,286,38,248
E00128717,318,67,251
E00128718,380,48,332
E00128719,351,69,282
E00128720,270,42,228
E00128721,271,37,234
E00128722,268,41,227
E00128723,290,46,244
E00128724,163,39,124
E00128725,345,87,258
E00128726,246,53,193
E00128727,224,35,189
E00128728,210,37,173
E00128729,289,56,233
E00128730,246,45,201
E00128731,254,50,204
E00128732,309,80,229
E00128733,340,67,273
E00128734,334,49,285
E00128735,335,32,303
E00128736,393,69,324
E00128737,452,114,338
E00128738,300,54,246
E00128739,325,75,250
E00128740,284,52,232
E00128741,276,37,239
E00128742,275,67,208
E00128743,365,79,286
E00128744,284,38,246
E00128745,211,39,172
E00128746,448,142,306
E00128747,295,46,249
E00128748,246,39,207
E00128749,354,65,289
E00128750,411,115,296
E00128751,291,49,242
E00128752,500,106,394
E00128753,385,82,303
E00128754,239,47,192
E00128755,293,59,234
E00128756,286,44,242
E00128757,458,104,354
E00128758,265,76,189
E00128759,262,46,216
E00128760,285,73,212
E00128761,257,32,225
E00128762,310,49,261
E00128763,323,41,282
E00128764,360,84,276
E00128765,282,41,241
E00128766,250,39,211
E00128767,306,49,257
E00128768,232,40,192
E00128769,246,44,202
E00128770,312,55,257
E00128771,354,71,283
E00128772,202,18,184
E00128773,326,68,258
E00128774,309,62,247
E00128775,253,28,225
E00128776,310,55,255
E00128777,363,47,316
E00128778,229,30,199
E00128779,379,89,290
E00128780,344,62,282
E00128781,329,62,267
E00128782,201,24,177
E00128783,283,74,209
E00128784,291,39,252
E00128785,302,50,252
E00128786,320,72,248
E00128787,284,41,243
E00128788,350,64,286
E00128790,177,8,169
E00128791,383,105,278
E00128792,283,46,237
E00128793,253,60,193
E00128794,275,56,219
E00128795,316,46,270
E00128796,303,57,246
E00128797,415,81,334
E00128798,487,102,385
E00128799,298,43,255
E00128800,263,48,215
E00128801,302,62,240
E00128802,300,42,258
E00128803,325,37,288
E00128804,298,49,249
E00128805,281,34,247
E00128806,258,53,205
E00128807,237,35,202
E00128808,281,56,225
E00128809,286,68,218
E00128810,251,47,204
E00128811,257,35,222
E00128812,378,87,291
E00128813,279,42,237
E00128814,320,76,244
E00128815,377,75,302
E00128816,313,48,265
E00128817,278,88,190
E00128818,280,55,225
E00128819,244,47,197
E00128820,210,45,165
E00128821,331,110,221
E00128822,289,88,201
E00128823,313,54,259
E00128824,372,104,268
E00128826,211,30,181
E00128827,296,39,257
E00128829,253,52,201
E00128830,564,91,473
E00128831,328,62,266
E00128833,279,68,211
E00128834,251,68,183
E00128835,257,37,220
E00128836,358,71,287
E00128837,329,74,255
E00128838,283,65,218
E00128839,289,59,230
E00128840,315,70,245
E00128841,276,77,199
E00128842,411,70,341
E00128843,256,84,172
E00128844,192,23,169
E00128845,163,9,154
E00128846,289,51,238
E00128847,256,32,224
E00128848,384,51,333
E00128849,246,32,214
E00128850,472,120,352
E00128851,332,56,276
E00128852,296,84,212
E00128853,228,31,197
E00128854,223,32,191
E00128855,316,62,254
E00128856,211,30,181
E00128857,254,52,202
E00128858,291,35,256
E00128859,369,81,288
E00128860,303,72,231
E00128861,219,31,188
E00128862,270,50,220
E00128863,302,45,257
E00128864,412,87,325
E00128865,271,58,213
E00128866,365,63,302
E00128867,341,57,284
E00128868,227,22,205
E00128869,318,61,257
E00128870,223,21,202
E00128871,240,38,202
E00128872,161,18,143
E00128873,234,52,182
E00128874,283,82,201
E00128875,275,81,194
E00128876,262,44,218
E00128877,334,65,269
E00128878,283,55,228
E00128879,249,38,211
E00128880,350,61,289
E00128881,178,29,149
E00128882,344,70,274
E00128883,177,10,167
E00128884,298,85,213
E00128885,150,23,127
E00128887,201,31,170
E00128888,169,17,152
E00128889,266,38,228
E00128890,256,51,205
E00128891,393,98,295
E00128892,402,118,284
E00128893,344,90,254
E00128894,394,114,280
E00128895,365,112,253
E00128896,293,77,216
E00128897,261,39,222
E00128898,234,46,188
E00128899,224,46,178
E00128900,202,33,169
E00128901,241,43,198
E00128902,499,78,421
E00128903,309,60,249
E00128905,266,29,237
E00128906,268,62,206
E00128907,341,99,242
E00128908,240,45,195
E00128909,258,40,218
E00128910,243,33,210
E00128911,207,26,181
E00128912,461,101,360
E00128914,277,39,238
E00128917,368,68,300
E00128918,525,124,401
E00128919,177,10,167
E00128920,485,105,380
E00128921,235,42,193
E00128922,248,45,203
E00128923,418,95,323
E00128924,234,21,213
E00128925,247,46,201
E00128926,435,92,343
E00128927,406,94,312
E00128929,288,42,246
E00128930,255,48,207
E00128931,278,65,213
E00128932,233,10,223
E00128933,243,59,184
E00128934,325,42,283
E00128935,162,15,147
E00128936,213,23,190
E00128937,235,18,217
E00128938,257,30,227
E00128939,309,55,254
E00128940,222,29,193
E00128941,292,64,228
E00128942,302,44,258
E00128943,232,38,194
E00128944,277,37,240
E00128945,270,40,230
E00128946,316,33,283
E00128947,179,10,169
E00128948,248,34,214
E00128949,275,41,234
E00128950,289,62,227
E00128951,242,38,204
E00128952,317,47,270
E00128953,456,129,327
E00128954,193,23,170
E00128955,222,29,193
E00128956,142,11,131
E00128957,321,61,260
E00128958,225,33,192
E00128959,238,27,211
E00128960,211,24,187
E00128962,260,38,222
E00128963,269,56,213
E00128964,269,46,223
E00128965,252,52,200
E00128966,270,58,212
E00128967,221,39,182
E00128968,346,48,298
E00128969,257,24,233
E00128970,300,46,254
E00128971,280,31,249
E00128972,230,32,198
E00128973,260,42,218
E00128974,185,19,166
E00128975,239,31,208
E00128976,304,64,240
E00128977,102,6,96
E00128978,272,46,226
E00128979,270,25,245
E00128980,542,91,451
E00128981,299,58,241
E00128982,263,31,232
E00128983,230,22,208
E00128984,269,54,215
E00128985,344,59,285
E00128986,201,10,191
E00128987,340,78,262
E00128988,344,87,257
E00128989,260,43,217
E00128990,253,47,206
E00128991,268,35,233
E00128992,214,20,194
E00128993,299,59,240
E00128994,464,74,390
E00128995,248,34,214
E00128996,224,29,195
E00128997,330,66,264
E00128998,337,65,272
E00128999,151,16,135
E00129000,226,47,179
E00129001,287,44,243
E00129002,301,51,250
E00129003,266,43,223
E00129004,363,74,289
E00129008,305,35,270
E00129009,398,79,319
E00129010,285,67,218
E00129011,200,24,176
E00129012,274,33,241
E00129013,290,50,240
E00129014,245,69,176
E00129016,189,31,158
E00129017,275,58,217
E00129018,274,54,220
E00129019,271,44,227
E00129020,259,33,226
E00129021,307,69,238
E00129022,266,39,227
E00129025,216,29,187
E00129026,163,34,129
E00129027,309,72,237
E00129028,288,47,241
E00129029,316,64,252
E00129030,321,53,268
E00129031,301,50,251
E00129032,291,41,250
E00129033,267,42,225
E00129034,303,62,241
E00129035,272,56,216
E00129036,337,72,265
E00129037,304,45,259
E00129038,322,67,255
E00129039,262,71,191
E00129040,266,56,210
E00129041,193,38,155
E00129042,316,73,243
E00129043,280,71,209
E00129044,342,90,252
E00129045,178,7,171
E00129046,188,36,152
E00129047,103,24,79
E00129048,305,69,236
E00129049,256,49,207
E00129050,256,49,207
E00129051,249,35,214
E00129052,226,23,203
E00129053,294,49,245
E00129054,280,63,217
E00129055,305,68,237
E00129056,347,79,268
E00129057,306,48,258
E00129058,314,71,243
E00129061,258,51,207
E00129062,309,58,251
E00129063,261,40,221
E00129064,307,58,249
E00129065,231,35,196
E00129066,286,60,226
E00129068,263,42,221
E00129070,278,52,226
E00129071,277,52,225
E00129072,261,53,208
E00129074,222,27,195
E00129075,239,25,214
E00129076,227,30,197
E00129078,257,30,227
E00129079,280,57,223
E00129080,241,42,199
E00129081,286,42,244
E00129082,265,32,233
E00129083,243,34,209
E00129084,332,44,288
E00129085,252,35,217
E00129086,264,34,230
E00129087,265,31,234
E00129088,230,25,205
E00129089,230,35,195
E00129090,468,97,371
E00129091,268,42,226
E00129092,307,57,250
E00129093,281,42,239
E00129094,227,33,194
E00129095,427,56,371
E00129096,168,26,142
E00129097,368,59,309
E00129098,339,60,279
E00129099,275,42,233
E00129100,321,63,258
E00129101,268,39,229
E00129102,320,43,277
E00129103,353,72,281
E00129106,347,38,309
E00129107,420,57,363
E00129108,270,58,212
E00129109,219,26,193
E00129110,358,46,312
E00129111,264,41,223
E00129112,367,75,292
E00129113,277,33,244
E00129114,328,53,275
E00129115,186,21,165
E00129116,268,47,221
E00129117,268,39,229
E00129118,264,32,232
E00129119,316,41,275
E00129120,227,30,197
E00129121,322,75,247
E00129122,258,23,235
E00129123,306,47,259
E00129124,279,57,222
E00129125,236,39,197
E00129126,279,41,238
E00129127,240,28,212
E00129128,318,51,267
E00129129,211,34,177
E00129130,251,32,219
E00129131,227,22,205
E00129132,288,36,252
E00129133,297,61,236
E00129134,183,16,167
E00129135,241,43,198
E00129136,209,19,190
E00129137,300,45,255
E00129138,247,30,217
E00129139,216,36,180
E00129140,404,130,274
E00129141,347,105,242
E00129142,329,95,234
E00129143,279,58,221
E00129144,528,159,369
E00129145,315,59,256
E00129146,249,22,227
E00129147,252,30,222
E00129148,259,36,223
E00129149,297,60,237
E00129150,334,46,288
E00129151,298,45,253
E00129152,313,65,248
E00129153,115,0,115
E00129154,256,36,220
E00129155,294,45,249
E00129156,217,50,167
E00129157,264,32,232
E00129158,230,66,164
E00129159,201,32,169
E00129160,221,33,188
E00129161,225,32,193
E00129162,220,28,192
E00129163,228,34,194
E00129164,201,57,144
E00129165,510,88,422
E00129166,259,50,209
E00129167,209,49,160
E00129168,218,42,176
E00129169,278,60,218
E00129170,166,23,143
E00129171,123,21,102
E00129172,327,103,224
E00129173,262,41,221
E00129174,142,18,124
E00129175,275,51,224
E00129176,522,108,414
E00129177,199,28,171
E00129178,346,68,278
E00129179,340,75,265
E00129180,334,58,276
E00129181,295,51,244
E00129182,378,61,317
E00129183,266,48,218
E00129184,348,60,288
E00129185,337,70,267
E00129186,318,67,251
E00129187,244,37,207
E00129188,269,40,229
E00129189,216,35,181
E00129190,241,33,208
E00129191,294,61,233
E00129192,302,48,254
E00129193,345,67,278
E00129194,241,45,196
E00129195,190,26,164
E00129196,270,55,215
E00129197,271,42,229
E00129198,430,79,351
E00129199,281,37,244
E00129200,405,69,336
E00129201,449,48,401
E00129202,240,40,200
E00129203,356,47,309
E00129204,210,34,176
E00129205,251,46,205
E00129206,302,56,246
E00129207,235,32,203
E00129208,270,53,217
E00129209,280,34,246
E00129210,245,40,205
E00129211,161,17,144
E00129212,323,64,259
E00129213,275,36,239
E00129214,269,55,214
E00129215,259,39,220
E00129216,254,35,219
E00129217,328,63,265
E00129219,268,34,234
E00129221,396,71,325
E00129222,279,47,232
E00129223,267,38,229
E00129224,265,45,220
E00129225,226,37,189
E00129226,323,62,261
E00129227,327,48,279
E00129228,273,27,246
E00129229,226,26,200
E00129230,266,48,218
E00129231,322,45,277
E00129232,213,30,183
E00129233,297,42,255
E00129234,255,40,215
E00129235,257,40,217
E00129236,230,35,195
E00129237,230,36,194
E00129238,235,27,208
E00129239,364,60,304
E00129240,325,70,255
E00129241,227,37,190
E00129242,257,44,213
E00129243,244,33,211
E00129244,282,43,239
E00129245,337,81,256
E00129246,265,43,222
E00129247,225,44,181
E00129248,255,35,220
E00129249,273,50,223
E00129250,257,30,227
E00129251,310,56,254
E00129253,316,46,270
E00129254,319,67,252
E00129255,239,32,207
E00129256,350,74,276
E00129257,410,71,339
E00129258,253,46,207
E00129259,311,47,264
E00129260,307,54,253
E00129261,242,42,200
E00129262,323,71,252
E00129263,249,25,224
E00129264,220,42,178
E00129265,382,77,305
E00129266,256,57,199
E00129267,304,57,247
E00129268,370,125,245
E00129269,230,62,168
E00129270,230,40,190
E00129271,385,93,292
E00129272,263,38,225
E00129273,347,52,295
E00129274,326,49,277
E00129275,343,58,285
E00129276,280,42,238
E00129277,277,43,234
E00129278,294,44,250
E00129279,254,36,218
E00129280,295,65,230
E00129281,206,19,187
E00129282,311,56,255
E00129283,260,59,201
E00129284,398,73,325
E00129285,332,57,275
E00129286,284,49,235
E00129287,214,35,179
E00129288,348,68,280
E00129289,316,54,262
E00129290,263,42,221
E00129291,337,50,287
E00129292,295,60,235
E00129293,237,47,190
E00129294,331,49,282
E00129295,294,64,230
E00129296,239,41,198
E00129297,341,87,254
E00129298,275,42,233
E00129299,412,33,379
E00129301,265,51,214
E00129302,306,58,248
E00129303,263,33,230
E00129304,270,41,229
E00129305,271,29,242
E00129306,137,23,114
E00129307,277,72,205
E00129308,311,57,254
E00129309,410,84,326
E00129310,314,81,233
E00129311,394,137,257
E00129312,266,72,194
E00129313,242,42,200
E00129314,314,77,237
E00129315,312,73,239
E00129316,309,93,216
E00129317,322,75,247
E00129318,328,98,230
E00129319,167,30,137
E00129320,300,54,246
E00129321,415,96,319
E00129322,246,45,201
E00129323,268,28,240
E00129324,543,142,401
E00129325,254,30,224
E00129326,260,38,222
E00129328,527,108,419
E00129329,278,40,238
E00129330,186,16,170
E00129331,118,15,103
E00129332,254,43,211
E00129333,385,59,326
E00129334,390,75,315
E00129335,146,21,125
E00129336,401,67,334
E00129337,350,58,292
E00129338,357,81,276
E00129339,266,41,225
E00129340,299,71,228
E00129341,306,51,255
E00129342,276,49,227
E00129343,372,79,293
E00129344,287,74,213
E00129345,314,64,250
E00129346,321,58,263
E00129347,355,69,286
E00129348,368,62,306
E00129349,263,49,214
E00129350,276,31,245
E00129351,335,56,279
E00129352,343,109,234
E00129354,286,61,225
E00129355,593,306,287
E00129356,324,128,196
E00129357,374,210,164
E00129360,201,38,163
E00129362,233,75,158
E00129363,359,181,178
E00129364,187,13,174
E00129365,297,64,233
E00129366,342,75,267
E00129367,233,26,207
E00129368,288,57,231
E00129369,368,89,279
E00129370,244,37,207
E00129371,286,57,229
E00129372,306,64,242
E00129373,270,75,195
E00129374,285,94,191
E00129375,286,69,217
E00129376,286,51,235
E00129377,318,81,237
E00129378,444,126,318
E00129379,253,41,212
E00129380,438,119,319
E00129381,193,41,152
E00129382,301,29,272
E00129383,321,60,261
E00129384,398,54,344
E00129385,198,25,173
E00129386,282,48,234
E00129387,159,26,133
E00129388,240,44,196
E00129389,286,46,240
E00129390,403,80,323
E00129391,300,50,250
E00129392,321,57,264
E00129393,385,86,299
E00129394,304,47,257
E00129395,258,44,214
E00129396,347,52,295
E00129397,316,55,261
E00129398,371,79,292
E00129399,264,32,232
E00129400,436,70,366
E00129401,206,32,174
E00129402,279,53,226
E00129403,287,60,227
E00129404,326,73,253
E00129405,227,37,190
E00129406,265,29,236
E00129407,278,50,228
E00129408,394,65,329
E00129409,306,60,246
E00129410,245,37,208
E00129411,394,185,209
E00129412,375,92,283
E00129413,321,66,255
E00129414,334,77,257
E00129415,289,60,229
E00129416,280,53,227
E00129417,238,52,186
E00129418,223,72,151
E00129419,230,36,194
E00129420,265,47,218
E00129421,278,38,240
E00129422,299,52,247
E00129423,238,41,197
E00129424,214,55,159
E00129425,224,17,207
E00129426,321,81,240
E00129427,346,91,255
E00129428,349,112,237
E00129429,338,97,241
E00129430,234,55,179
E00129431,273,77,196
E00129432,306,51,255
E00129433,306,33,273
E00129434,288,23,265
E00129435,330,47,283
E00129436,300,44,256
E00129437,424,77,347
E00129438,297,33,264
E00129439,382,51,331
E00129440,339,16,323
E00129441,244,23,221
E00129442,274,38,236
E00129443,437,52,385
E00129444,348,60,288
E00129445,361,70,291
E00129446,387,86,301
E00129447,218,27,191
E00129448,356,46,310
E00129450,268,29,239
E00129451,220,41,179
E00129452,379,66,313
E00129453,264,49,215
E00129454,288,57,231
E00129455,329,45,284
E00129456,176,22,154
E00129457,275,52,223
E00129458,242,32,210
E00129459,228,35,193
E00129460,244,48,196
E00129461,288,46,242
E00129462,314,45,269
E00129463,252,39,213
E00129464,343,52,291
E00129465,441,57,384
E00129466,345,44,301
E00129467,373,55,318
E00129468,326,67,259
E00129469,247,35,212
E00129470,305,37,268
E00129471,449,89,360
E00129472,408,70,338
E00129473,258,43,215
E00129474,371,46,325
E00129475,290,39,251
E00129476,310,41,269
E00129477,284,32,252
E00129478,207,32,175
E00129479,310,33,277
E00129480,469,45,424
E00129481,229,41,188
E00129482,303,42,261
E00129483,260,81,179
E00129484,295,99,196
E00129485,259,64,195
E00129486,310,51,259
E00129487,277,66,211
E00129488,239,31,208
E00129489,338,102,236
E00129490,272,58,214
E00129491,238,41,197
E00129492,237,26,211
E00129493,301,65,236
E00129495,321,60,261
E00129496,271,38,233
E00129497,467,111,356
E00129498,218,37,181
E00129499,530,409,121
E00129500,241,86,155
E00129501,246,23,223
E00129502,247,34,213
E00129503,246,30,216
E00129504,301,74,227
E00129505,304,63,241
E00129506,317,75,242
E00129507,283,48,235
E00129508,289,80,209
E00129509,327,99,228
E00129510,252,49,203
E00129511,328,64,264
E00129512,290,58,232
E00129513,287,48,239
E00129514,341,75,266
E00129515,320,70,250
E00129516,194,29,165
E00129517,159,18,141
E00129518,306,74,232
E00129519,396,56,340
E00129520,266,69,197
E00129521,318,73,245
E00129522,309,40,269
E00129523,328,34,294
E00129524,348,83,265
E00129525,226,27,199
E00129526,181,36,145
E00129527,210,29,181
E00129528,185,37,148
E00129529,167,19,148
E00129530,313,46,267
E00129531,271,48,223
E00129532,249,46,203
E00129533,202,30,172
E00129534,265,53,212
E00129535,207,28,179
E00129536,316,89,227
E00129537,319,73,246
E00129538,286,81,205
E00129539,366,66,300
E00129540,228,37,191
E00129541,179,27,152
E00129542,322,60,262
E00129545,338,95,243
E00129546,330,55,275
E00129547,347,62,285
E00129548,244,59,185
E00129549,299,71,228
E00129550,336,33,303
E00129551,582,117,465
E00129552,270,28,242
E00129553,261,39,222
E00129554,396,60,336
E00129555,303,46,257
E00129556,246,43,203
E00129557,300,47,253
E00129558,261,20,241
E00129559,317,49,268
E00129560,282,30,252
E00129561,411,66,345
E00129562,328,50,278
E00129563,272,38,234
E00129564,187,17,170
E00129565,302,40,262
E00129566,395,103,292
E00129567,275,30,245
E00129568,464,95,369
E00129569,217,29,188
E00129570,326,51,275
E00129571,323,50,273
E00129572,199,17,182
E00129573,249,64,185
E00129574,289,33,256
E00129575,335,44,291
E00129576,308,65,243
E00129577,309,67,242
E00129578,334,53,281
E00129579,224,22,202
E00129580,272,58,214
E00129581,275,42,233
E00129582,362,74,288
E00129583,239,32,207
E00129584,293,56,237
E00129585,286,49,237
E00129586,412,100,312
E00129587,346,52,294
E00129588,371,53,318
E00129589,320,48,272
E00129590,323,56,267
E00129591,160,34,126
E00129592,262,42,220
E00129593,298,32,266
E00129594,247,30,217
E00129595,286,36,250
E00129596,356,69,287
E00129597,235,53,182
E00129598,292,60,232
E00129599,403,73,330
E00129600,418,82,336
E00129601,295,50,245
E00129602,237,30,207
E00129603,317,55,262
E00129604,226,32,194
E00129605,200,27,173
E00129606,289,52,237
E00129607,213,35,178
E00129608,242,38,204
E00129609,178,16,162
E00129610,492,134,358
E00129611,259,56,203
E00129612,220,33,187
E00129614,305,61,244
E00129616,321,44,277
E00129617,261,26,235
E00129618,281,35,246
E00129619,258,52,206
E00129620,203,15,188
E00129621,287,61,226
E00129622,478,66,412
E00129623,261,61,200
E00129624,272,45,227
E00129625,478,69,409
E00129626,230,29,201
E00129628,306,51,255
E00129629,322,62,260
E00129630,227,43,184
E00129631,170,12,158
E00129632,220,35,185
E00129633,371,75,296
E00129634,236,27,209
E00129638,360,9,351
E00129639,302,49,253
E00129640,154,25,129
E00129641,163,41,122
E00129642,176,5,171
E00129643,463,65,398
E00129644,199,27,172
E00129647,578,108,470
E00129648,353,68,285
E00129649,323,60,263
E00129650,304,56,248
E00129651,272,57,215
E00129652,273,55,218
E00129653,294,51,243
E00129654,124,22,102
E00129655,243,29,214
E00129656,290,39,251
E00129657,225,40,185
E00129658,275,38,237
E00129659,222,34,188
E00129660,333,45,288
E00129661,314,53,261
E00129662,289,53,236
E00129663,424,80,344
E00129664,314,53,261
E00129665,351,57,294
E00129667,340,60,280
E00129668,326,64,262
E00129669,268,37,231
E00129670,202,25,177
E00129671,319,59,260
E00129672,226,9,217
E00129673,274,59,215
E00129674,334,67,267
E00129675,244,25,219
E00129676,180,14,166
E00129677,169,6,163
E00129678,231,24,207
E00129679,208,10,198
E00129680,252,35,217
E00129681,199,23,176
E00129682,206,10,196
E00129683,200,22,178
E00129684,211,22,189
E00129685,337,72,265
E00129686,314,50,264
E00129687,294,44,250
E00129688,314,62,252
E00129689,261,33,228
E00129690,320,45,275
E00129691,279,47,232
E00129692,223,10,213
E00129693,370,54,316
E00129694,208,16,192
E00129695,248,31,217
E00129696,294,32,262
E00129697,257,28,229
E00129698,281,40,241
E00129699,246,29,217
E00129700,249,17,232
E00129701,211,17,194
E00129702,364,36,328
E00129703,240,26,214
E00129704,235,35,200
E00129706,228,14,214
E00129707,326,49,277
E00129708,180,29,151
E00129709,297,49,248
E00129710,274,57,217
E00129712,290,46,244
E00129713,241,18,223
E00129714,373,64,309
E00129715,250,38,212
E00129716,311,61,250
E00129717,254,26,228
E00129718,350,53,297
E00129719,325,47,278
E00129720,328,48,280
E00129721,279,22,257
E00129723,304,61,243
E00129724,331,64,267
E00129725,261,44,217
E00129726,311,44,267
E00129727,190,21,169
E00129728,244,15,229
E00129729,316,23,293
E00129730,370,79,291
E00129731,139,3,136
E00129732,244,28,216
E00129733,379,71,308
E00129734,493,67,426
E00129735,300,42,258
E00129736,289,36,253
E00129737,250,40,210
E00129738,226,48,178
E00129739,265,27,238
E00129740,250,45,205
E00129741,391,71,320
E00129742,206,13,193
E00129743,345,41,304
E00129744,299,32,267
E00129745,302,46,256
E00129746,375,58,317
E00129747,442,99,343
E00129748,237,34,203
E00129749,264,44,220
E00129750,324,45,279
E00129751,159,11,148
E00129752,260,54,206
E00129753,229,34,195
E00129754,228,29,199
E00129755,240,25,215
E00129756,248,36,212
E00129757,231,18,213
E00129758,264,41,223
E00129759,288,36,252
E00129760,238,29,209
E00129761,176,19,157
E00129762,191,20,171
E00129763,244,26,218
E00129764,276,53,223
E00129765,160,18,142
E00129766,183,16,167
E00129767,239,24,215
E00129768,230,11,219
E00129769,266,37,229
E00129770,277,37,240
E00129771,229,16,213
E00129772,278,30,248
E00129773,312,60,252
E00129774,291,61,230
E00129775,215,28,187
E00129776,216,24,192
E00129777,291,48,243
E00129778,198,19,179
E00129780,232,33,199
E00129781,198,25,173
E00129782,249,57,192
E00129783,232,45,187
E00129784,266,55,211
E00129785,175,17,158
E00129786,218,31,187
E00129787,259,47,212
E00129788,274,50,224
E00129789,236,35,201
E00129790,274,51,223
E00129791,212,40,172
E00129792,252,63,189
E00129793,254,34,220
E00129794,275,40,235
E00129795,314,72,242
E00129796,278,46,232
E00129797,227,35,192
E00129798,288,56,232
E00129799,454,92,362
E00129800,303,59,244
E00129801,284,62,222
E00129802,260,36,224
E00129803,237,15,222
E00129804,235,18,217
E00129805,328,54,274
E00129806,288,76,212
E00129807,264,66,198
E00129808,390,123,267
E00129809,364,73,291
E00129810,296,63,233
E00129811,294,78,216
E00129812,317,55,262
E00129813,246,55,191
E00129814,296,57,239
E00129815,281,48,233
E00129816,317,65,252
E00129817,284,81,203
E00129818,251,47,204
E00129819,212,42,170
E00129820,227,50,177
E00129821,251,43,208
E00129822,206,20,186
E00129823,142,8,134
E00129824,262,52,210
E00129825,232,30,202
E00129826,293,55,238
E00129827,269,42,227
E00129828,262,57,205
E00129829,186,26,160
E00129830,257,52,205
E00129831,268,59,209
E00129832,226,39,187
E00129833,307,65,242
E00129834,207,31,176
E00129835,208,17,191
E00129836,233,45,188
E00129837,178,15,163
E00129838,208,43,165
E00129839,252,36,216
E00129840,534,106,428
E00129841,349,43,306
E00129842,432,101,331
E00129843,149,8,141
E00129844,461,66,395
E00129845,306,48,258
E00129846,300,50,250
E00129848,321,37,284
E00129849,233,21,212
E00129850,222,10,212
E00129851,160,4,156
E00129852,381,25,356
E00129853,305,64,241
E00129854,362,41,321
E00129855,296,44,252
E00129856,418,72,346
E00129857,331,44,287
E00129858,225,19,206
E00129859,228,33,195
E00129860,283,36,247
E00129861,208,15,193
E00129862,178,18,160
E00129863,256,50,206
E00129864,315,53,262
E00129865,191,18,173
E00129866,218,8,210
E00129867,246,28,218
E00129868,290,28,262
E00129869,285,67,218
E00129870,294,64,230
E00129871,237,16,221
E00129873,299,72,227
E00129874,146,25,121
E00129875,352,102,250
E00129876,324,31,293
E00129877,204,61,143
E00129878,301,91,210
E00129879,272,63,209
E00129880,255,22,233
E00129881,256,67,189
E00129882,248,23,225
E00129883,250,30,220
E00129884,272,23,249
E00129885,242,29,213
E00129886,313,25,288
E00129887,321,53,268
E00129888,258,41,217
E00129889,525,65,460
E00129890,501,104,397
E00129892,251,29,222
E00129893,225,24,201
E00129894,256,54,202
E00129895,224,15,209
E00129896,260,26,234
E00129897,272,32,240
E00129898,258,33,225
E00129899,248,34,214
E00129900,243,38,205
E00129901,214,31,183
E00129902,296,42,254
E00129903,241,33,208
E00129904,220,12,208
E00129905,297,67,230
E00129906,275,46,229
E00129907,196,26,170
E00129908,425,66,359
E00129909,211,30,181
E00129910,284,42,242
E00129911,348,49,299
E00129912,224,39,185
E00129913,186,9,177
E00129914,322,44,278
E00129915,249,50,199
E00129916,317,78,239
E00129917,296,39,257
E00129918,209,31,178
E00129919,252,43,209
E00129920,332,50,282
E00129921,216,26,190
E00129922,257,23,234
E00129923,235,16,219
E00129924,291,56,235
E00129925,192,10,182
E00129926,277,35,242
E00129927,275,41,234
E00129928,255,26,229
E00129929,255,31,224
E00129930,221,34,187
E00129931,257,28,229
E00129932,229,38,191
E00129933,285,28,257
E00129934,298,49,249
E00129935,274,44,230
E00129936,264,51,213
E00129937,315,65,250
E00129938,264,24,240
E00129939,303,35,268
E00129940,347,68,279
E00129941,342,79,263
E00129942,276,56,220
E00129943,297,88,209
E00129944,406,70,336
E00129945,221,32,189
E00129946,258,36,222
E00129947,288,55,233
E00129948,252,54,198
E00129949,340,29,311
E00129950,243,39,204
E00129951,309,86,223
E00129952,291,58,233
E00129953,306,75,231
E00129954,319,61,258
E00129955,316,72,244
E00129956,252,38,214
E00129957,293,49,244
E00129958,262,40,222
E00129959,313,78,235
E00129960,149,29,120
E00129961,322,27,295
E00129962,347,61,286
E00129963,318,59,259
E00129964,412,51,361
E00129965,336,37,299
E00129966,339,56,283
E00129967,452,78,374
E00129968,277,53,224
E00129969,332,65,267
E00129970,309,38,271
E00129971,222,30,192
E00129972,311,41,270
E00129973,437,76,361
E00129974,310,56,254
E00129975,265,32,233
E00129977,263,63,200
E00129978,218,33,185
E00129979,296,64,232
E00129980,196,23,173
E00129981,294,65,229
E00129982,359,71,288
E00129983,329,68,261
E00129984,326,65,261
E00129985,303,49,254
E00129986,294,83,211
E00129987,260,33,227
E00129988,337,49,288
E00129989,289,36,253
E00129990,252,32,220
E00129991,305,47,258
E00129992,276,45,231
E00129994,523,131,392
E00129996,350,42,308
E00129997,318,50,268
E00129998,449,100,349
E00129999,259,33,226
E00130000,404,68,336
E00130001,281,53,228
E00130002,290,56,234
E00130003,200,28,172
E00130004,240,38,202
E00130005,388,79,309
E00130006,271,41,230
E00130007,388,87,301
E00130008,361,44,317
E00130011,356,56,300
E00130012,530,128,402
E00130013,286,41,245
E00130014,336,67,269
E00130015,323,59,264
E00130016,276,37,239
E00130017,277,60,217
E00130018,331,52,279
E00130019,282,47,235
E00130020,245,23,222
E00130021,273,48,225
E00130022,261,46,215
E00130024,118,29,89
E00130025,331,53,278
E00130026,343,55,288
E00130027,210,46,164
E00130029,382,84,298
E00130030,327,59,268
E00130031,320,69,251
E00130032,402,68,334
E00130033,287,57,230
E00130034,258,42,216
E00130035,250,43,207
E00130036,105,8,97
E00130037,273,38,235
E00130038,263,35,228
E00130039,274,45,229
E00130040,268,45,223
E00130042,246,51,195
E00130043,399,86,313
E00130044,446,92,354
E00130045,519,118,401
E00130046,339,49,290
E00130048,308,61,247
E00130049,269,35,234
E00130050,331,73,258
E00130051,234,30,204
E00130052,302,51,251
E00130053,269,46,223
E00130054,349,73,276
E00130055,275,54,221
E00130056,347,67,280
E00130057,293,41,252
E00130058,237,17,220
E00130059,469,99,370
E00130060,313,47,266
E00130062,234,36,198
E00130063,255,19,236
E00130064,340,58,282
E00130065,327,52,275
E00130066,324,62,262
E00130067,302,54,248
E00130068,280,67,213
E00130069,333,58,275
E00130070,320,57,263
E00130071,404,60,344
E00130072,287,50,237
E00130073,258,41,217
E00130074,269,51,218
E00130075,308,68,240
E00130076,264,56,208
E00130078,225,48,177
E00130080,308,73,235
E00130081,369,88,281
E00130082,292,58,234
E00130083,337,53,284
E00130084,295,59,236
E00130085,284,51,233
E00130086,264,43,221
E00130087,308,51,257
E00130088,341,69,272
E00130089,305,37,268
E00130090,349,60,289
E00130092,293,29,264
E00130093,277,40,237
E00130094,466,83,383
E00130095,534,125,409
E00130096,246,34,212
E00130097,241,38,203
E00130098,223,37,186
E00130099,261,50,211
E00130100,209,34,175
E00130101,280,56,224
E00130102,332,59,273
E00130103,232,15,217
E00130104,249,27,222
E00130105,272,42,230
E00130106,300,59,241
E00130107,419,84,335
E00130108,461,105,356
E00130109,318,63,255
E00130110,256,38,218
E00130111,258,58,200
E00130112,276,48,228
E00130113,328,57,271
E00130114,277,40,237
E00130115,280,38,242
E00130116,323,71,252
E00130117,294,51,243
E00130118,275,36,239
E00130119,311,64,247
E00130120,283,55,228
E00130121,273,34,239
E00130122,245,47,198
E00130123,330,57,273
E00130124,356,65,291
E00130125,287,70,217
E00130126,328,62,266
E00130127,269,49,220
E00130128,390,82,308
E00130129,224,30,194
E00130130,377,78,299
E00130131,455,97,358
E00130132,501,83,418
E00130133,374,74,300
E00130134,356,79,277
E00130135,334,67,267
E00130136,355,60,295
E00130137,389,64,325
E00130138,302,49,253
E00130139,279,52,227
E00130140,508,103,405
E00130141,264,33,231
E00130142,252,44,208
E00130143,260,24,236
E00130144,270,37,233
E00130145,288,51,237
E00130146,337,76,261
E00130147,288,54,234
E00130148,279,51,228
E00130149,492,77,415
E00130150,310,68,242
E00130151,214,12,202
E00130152,317,54,263
E00130153,292,60,232
E00130154,415,64,351
E00130155,282,47,235
E00130156,221,38,183
E00130157,247,37,210
E00130158,305,54,251
E00130159,585,118,467
E00130160,320,53,267
E00130161,252,52,200
E00130162,403,59,344
E00130163,210,45,165
E00130164,448,72,376
E00130165,297,48,249
E00130166,239,34,205
E00130167,146,27,119
E00130168,211,46,165
E00130169,341,54,287
E00130170,263,40,223
E00130171,372,54,318
E00130172,328,65,263
E00130173,291,49,242
E00130174,348,63,285
E00130175,312,58,254
E00130176,303,62,241
E00130177,317,59,258
E00130178,320,72,248
E00130179,324,70,254
E00130180,319,55,264
E00130181,284,66,218
E00130182,301,65,236
E00130183,339,96,243
E00130184,269,46,223
E00130185,292,61,231
E00130186,299,57,242
E00130187,333,67,266
E00130188,277,54,223
E00130189,377,99,278
E00130190,308,53,255
E00130191,384,51,333
E00130192,361,49,312
E00130193,282,32,250
E00130194,256,41,215
E00130195,258,29,229
E00130196,295,37,258
E00130197,299,44,255
E00130198,334,61,273
E00130199,309,55,254
E00130200,246,49,197
E00130201,271,46,225
E00130202,275,44,231
E00130203,304,62,242
E00130204,312,66,246
E00130206,349,62,287
E00130207,383,88,295
E00130208,225,20,205
E00130209,342,75,267
E00130210,283,46,237
E00130212,239,36,203
E00130213,149,35,114
E00130214,153,20,133
E00130215,259,31,228
E00130217,383,47,336
E00130219,293,34,259
E00130220,328,38,290
E00130221,309,63,246
E00130222,215,32,183
E00130223,470,77,393
E00130224,263,40,223
E00130225,269,28,241
E00130228,306,50,256
E00130229,291,49,242
E00130230,354,54,300
E00130231,290,58,232
E00130232,303,57,246
E00130233,254,46,208
E00130234,251,42,209
E00130235,238,34,204
E00130236,355,77,278
E00130237,450,107,343
E00130239,310,67,243
E00130240,317,50,267
E00130241,299,54,245
E00130242,277,41,236
E00130243,270,51,219
E00130244,289,62,227
E00130245,268,47,221
E00130246,295,69,226
E00130247,323,70,253
E00130249,236,33,203
E00130250,361,89,272
E00130251,306,59,247
E00130252,242,41,201
E00130253,292,48,244
E00130254,360,85,275
E00130255,338,56,282
E00130256,257,45,212
E00130257,330,54,276
E00130258,344,55,289
E00130259,553,136,417
E00130260,253,40,213
E00130261,230,32,198
E00130262,207,19,188
E00130263,419,61,358
E00130264,308,35,273
E00130268,281,71,210
E00130269,297,42,255
E00130270,258,50,208
E00130272,300,54,246
E00130273,333,74,259
E00130274,292,47,245
E00130276,248,28,220
E00130278,277,43,234
E00130279,418,56,362
E00130280,411,77,334
E00130281,162,22,140
E00130282,366,55,311
E00130283,319,40,279
E00130284,274,49,225
E00130285,296,41,255
E00130286,283,49,234
E00130288,294,61,233
E00130289,279,42,237
E00130290,289,63,226
E00130291,265,58,207
E00130292,165,42,123
E00130293,348,46,302
E00130294,264,27,237
E00130295,327,62,265
E00130296,313,61,252
E00130297,329,71,258
E00130298,282,43,239
E00130299,339,67,272
E00130300,287,38,249
E00130301,284,42,242
E00130302,311,53,258
E00130303,383,88,295
E00130304,309,43,266
E00130305,354,54,300
E00130306,368,62,306
E00130307,258,32,226
E00130308,279,42,237
E00130310,280,28,252
E00130311,326,60,266
E00130312,287,44,243
E00130313,378,53,325
E00130314,361,62,299
E00130315,333,54,279
E00130316,349,68,281
E00130317,265,35,230
E00130318,303,73,230
E00130319,356,56,300
E00130320,306,52,254
E00130321,366,77,289
E00130322,258,45,213
E00130323,282,58,224
E00130324,223,33,190
E00130325,276,60,216
E00130326,306,59,247
E00130327,299,76,223
E00130328,239,21,218
E00130329,297,58,239
E00130330,282,44,238
E00130331,171,24,147
E00130332,340,49,291
E00130333,437,70,367
E00130334,257,50,207
E00130336,113,11,102
E00130338,184,27,157
E00130339,313,45,268
E00130340,270,39,231
E00130341,231,22,209
E00130342,261,41,220
E00130343,219,38,181
E00130344,361,76,285
E00130345,277,43,234
E00130346,264,50,214
E00130347,231,45,186
E00130349,194,37,157
E00130350,336,114,222
E00130351,374,144,230
E00130352,362,121,241
E00130353,518,227,291
E00130354,427,186,241
E00130356,3080,2910,170
E00130357,384,130,254
E00130359,196,64,132
E00130361,365,67,298
E00130362,330,56,274
E00130363,241,23,218
E00130365,172,24,148
E00130366,114,14,100
E00130367,187,21,166
E00130368,232,39,193
E00130369,426,87,339
E00130370,257,42,215
E00130371,263,32,231
E00130372,446,100,346
E00130373,387,55,332
E00130374,254,28,226
E00130375,236,25,211
E00130376,241,25,216
E00130377,255,39,216
E00130378,403,72,331
E00130379,315,54,261
E00130380,254,43,211
E00130381,301,52,249
E00130382,215,28,187
E00130383,228,35,193
E00130384,275,38,237
E00130385,336,43,293
E00130386,194,36,158
E00130387,236,26,210
E00130388,307,111,196
E00130389,389,71,318
E00130390,297,53,244
E00130391,105,0,105
E00130392,306,44,262
E00130393,260,34,226
E00130394,195,58,137
E00130395,216,34,182
E00130396,296,57,239
E00130397,299,43,256
E00130398,302,44,258
E00130399,447,107,340
E00130400,495,138,357
E00130401,215,26,189
E00130402,409,47,362
E00130404,210,38,172
E00130405,197,26,171
E00130406,213,40,173
E00130407,430,96,334
E00130408,150,10,140
E00130409,268,46,222
E00130410,172,21,151
E00130411,243,37,206
E00130412,245,43,202
E00130413,235,26,209
E00130414,392,91,301
E00130415,226,29,197
E00130416,171,14,157
E00130417,354,100,254
E00130418,256,61,195
E00130419,256,67,189
E00130420,369,122,247
E00130421,486,97,389
E00130422,173,15,158
E00130423,571,154,417
E00130424,254,39,215
E00130425,419,101,318
E00130426,538,136,402
E00130427,249,47,202
E00130428,173,40,133
E00130430,348,82,266
E00130431,304,56,248
E00130433,310,73,237
E00130434,492,176,316
E00130435,172,12,160
E00130436,204,34,170
E00130437,214,48,166
E00130438,291,37,254
E00130439,327,96,231
E00130441,178,53,125
E00130442,197,55,142
E00130443,252,65,187
E00130444,268,54,214
E00130445,273,49,224
E00130447,375,83,292
E00130448,376,100,276
E00130449,153,27,126
E00130450,290,55,235
E00130451,559,303,256
E00130452,287,63,224
E00130453,320,55,265
E00130454,332,64,268
E00130455,277,58,219
E00130456,234,30,204
E00130457,278,47,231
E00130458,361,87,274
E00130459,290,45,245
E00130460,259,39,220
E00130461,268,35,233
E00130462,270,46,224
E00130463,349,67,282
E00130464,232,43,189
E00130465,317,54,263
E00130466,260,62,198
E00130467,295,70,225
E00130468,579,160,419
E00130469,443,118,325
E00130470,306,79,227
E00130471,266,68,198
E00130472,392,62,330
E00130473,303,60,243
E00130475,375,83,292
E00130476,275,46,229
E00130478,213,44,169
E00130480,331,48,283
E00130481,192,37,155
E00130482,266,30,236
E00130483,278,72,206
E00130484,212,49,163
E00130485,394,132,262
E00130486,314,105,209
E00130487,483,364,119
E00130489,447,286,161
E00130491,241,69,172
E00130492,316,83,233
E00130493,510,253,257
E00130495,363,163,200
E00130496,296,91,205
E00130497,338,126,212
E00130498,203,37,166
E00130499,268,60,208
E00130500,288,76,212
E00130501,308,104,204
E00130502,527,408,119
E00130503,361,253,108
E00130505,522,393,129
E00130506,162,14,148
E00130507,274,45,229
E00130508,316,84,232
E00130509,232,62,170
E00130510,212,97,115
E00130511,258,49,209
E00130512,537,294,243
E00130513,250,35,215
E00130514,318,89,229
E00130515,261,40,221
E00130516,381,255,126
E00130517,407,311,96
E00130518,307,58,249
E00130519,295,121,174
E00130521,343,46,297
E00130522,265,50,215
E00130524,288,42,246
E00130525,362,77,285
E00130526,212,51,161
E00130527,354,48,306
E00130528,409,58,351
E00130529,342,71,271
E00130530,363,78,285
E00130531,270,48,222
E00130532,328,52,276
E00130533,200,22,178
E00130534,173,35,138
E00130535,248,55,193
E00130536,221,38,183
E00130537,307,85,222
E00130538,344,60,284
E00130539,118,17,101
E00130540,206,23,183
E00130541,266,63,203
E00130542,223,45,178
E00130543,288,46,242
E00130545,315,41,274
E00130546,257,33,224
E00130547,327,45,282
E00130548,280,31,249
E00130549,244,44,200
E00130550,578,113,465
E00130551,244,16,228
E00130553,262,47,215
E00130554,290,49,241
E00130555,360,48,312
E00130556,285,30,255
E00130557,325,49,276
E00130558,351,82,269
E00130560,351,59,292
E00130561,511,121,390
E00130562,305,54,251
E00130563,311,50,261
E00130564,235,58,177
E00130565,291,41,250
E00130566,293,65,228
E00130567,339,64,275
E00130568,265,35,230
E00130569,238,35,203
E00130570,183,20,163
E00130571,282,21,261
E00130572,313,55,258
E00130573,392,87,305
E00130574,358,69,289
E00130576,306,31,275
E00130577,495,107,388
E00130578,211,32,179
E00130579,390,86,304
E00130581,328,58,270
E00130583,500,91,409
E00130584,252,32,220
E00130585,297,74,223
E00130586,435,84,351
E00130587,238,42,196
E00130588,285,25,260
E00130589,262,29,233
E00130590,264,35,229
E00130591,280,33,247
E00130592,259,25,234
E00130593,321,65,256
E00130594,254,30,224
E00130595,282,51,231
E00130596,235,23,212
E00130597,350,30,320
E00130598,287,45,242
E00130599,295,34,261
E00130600,274,40,234
E00130601,235,30,205
E00130602,263,54,209
E00130603,315,35,280
E00130604,225,18,207
E00130605,304,42,262
E00130606,456,71,385
E00130607,338,88,250
E00130608,334,52,282
E00130609,250,32,218
E00130610,201,16,185
E00130611,317,48,269
E00130612,282,36,246
E00130613,282,44,238
E00130615,432,92,340
E00130616,338,81,257
E00130617,280,55,225
E00130618,227,23,204
E00130620,220,33,187
E00130621,388,67,321
E00130622,274,63,211
E00130624,404,66,338
E00130625,222,35,187
E00130626,265,72,193
E00130628,412,90,322
E00130629,189,9,180
E00130630,338,53,285
E00130631,268,22,246
E00130632,239,22,217
E00130633,216,24,192
E00130634,227,34,193
E00130635,320,46,274
E00130636,319,48,271
E00130637,309,73,236
E00130638,315,43,272
E00130639,398,81,317
E00130640,276,35,241
E00130641,316,79,237
E00130642,413,67,346
E00130643,309,49,260
E00130644,317,35,282
E00130645,480,86,394
E00130647,183,36,147
E00130648,342,67,275
E00130649,532,133,399
E00130650,285,48,237
E00130651,256,36,220
E00130652,306,43,263
E00130653,302,44,258
E00130654,402,75,327
E00130655,328,86,242
E00130656,278,39,239
E00130658,243,38,205
E00130659,303,51,252
E00130661,470,88,382
E00130662,258,37,221
E00130663,338,76,262
E00130664,249,34,215
E00130665,382,83,299
E00130666,352,78,274
E00130667,219,21,198
E00130668,244,31,213
E00130669,428,73,355
E00130670,205,32,173
E00130671,295,49,246
E00130672,350,65,285
E00130673,271,39,232
E00130674,307,45,262
E00130675,283,43,240
E00130676,293,30,263
E00130677,248,38,210
E00130678,306,53,253
E00130680,495,58,437
E00130681,300,39,261
E00130683,294,40,254
E00130684,247,26,221
E00130685,192,13,179
E00130686,284,45,239
E00130687,232,41,191
E00130688,245,29,216
E00130689,154,29,125
E00130690,312,69,243
E00130691,164,18,146
E00130692,364,57,307
E00130693,260,41,219
E00130694,167,32,135
E00130695,259,41,218
E00130696,502,109,393
E00130697,376,70,306
E00130698,323,58,265
E00130699,355,52,303
E00130700,251,43,208
E00130701,431,72,359
E00130702,388,83,305
E00130703,490,96,394
E00130704,326,77,249
E00130705,295,40,255
E00130706,273,26,247
E00130707,350,52,298
E00130708,180,33,147
E00130709,343,78,265
E00130710,310,57,253
E00130711,314,83,231
E00130712,280,39,241
E00130713,286,69,217
E00130714,359,53,306
E00130715,340,56,284
E00130716,330,68,262
E00130717,289,37,252
E00130718,320,53,267
E00130719,296,65,231
E00130720,265,37,228
E00130721,256,39,217
E00130723,332,66,266
E00130724,362,85,277
E00130725,450,61,389
E00130726,210,21,189
E00130727,327,45,282
E00130728,289,61,228
E00130729,361,80,281
E00130730,278,48,230
E00130731,328,65,263
E00130732,321,51,270
E00130733,290,88,202
E00130734,222,28,194
E00130735,170,34,136
E00130736,439,84,355
E00130737,319,60,259
E00130738,378,70,308
E00130739,295,51,244
E00130740,245,41,204
E00130741,253,48,205
E00130742,291,65,226
E00130743,279,32,247
E00130744,246,37,209
E00130745,349,70,279
E00130746,237,53,184
E00130747,113,10,103
E00130748,173,19,154
E00130749,177,32,145
E00130750,184,22,162
E00130751,301,50,251
E00130752,421,69,352
E00130753,232,38,194
E00130754,422,59,363
E00130755,313,61,252
E00130756,358,65,293
E00130757,360,60,300
E00130758,556,113,443
E00130759,304,42,262
E00130760,274,76,198
E00130761,380,78,302
E00130762,264,49,215
E00130763,309,62,247
E00130764,300,55,245
E00130765,305,75,230
E00130766,509,123,386
E00130767,316,37,279
E00130770,533,125,408
E00130771,336,54,282
E00130772,241,34,207
E00130773,304,47,257
E00130774,311,58,253
E00130776,200,40,160
E00130777,307,50,257
E00130778,291,53,238
E00130779,413,69,344
E00130780,306,41,265
E00130781,269,49,220
E00130782,256,50,206
E00130783,340,53,287
E00130784,371,66,305
E00130785,222,28,194
E00130786,257,51,206
E00130787,260,57,203
E00130788,236,36,200
E00130789,281,40,241
E00130790,300,54,246
E00130791,316,45,271
E00130792,329,60,269
E00130793,448,84,364
E00130794,340,63,277
E00130795,276,44,232
E00130796,284,48,236
E00130797,279,51,228
E00130798,267,47,220
E00130799,295,82,213
E00130801,298,42,256
E00130802,296,33,263
E00130803,325,64,261
E00130804,267,51,216
E00130805,337,55,282
E00130806,446,76,370
E00130808,296,70,226
E00130809,302,60,242
E00130810,444,87,357
E00130812,528,101,427
E00130813,248,35,213
E00130814,281,38,243
E00130815,228,39,189
E00130816,346,65,281
E00130817,275,54,221
E00130818,274,45,229
E00130819,373,50,323
E00130820,334,59,275
E00130821,342,50,292
E00130822,340,65,275
E00130824,333,62,271
E00130825,332,63,269
E00130827,310,55,255
E00130828,381,74,307
E00130829,278,39,239
E00130830,343,49,294
E00130831,243,33,210
E00130833,342,80,262
E00130834,313,42,271
E00130835,318,32,286
E00130836,226,35,191
E00130837,299,43,256
E00130838,116,16,100
E00130839,283,60,223
E00130840,185,27,158
E00130841,249,32,217
E00130843,392,51,341
E00130844,422,58,364
E00130845,343,51,292
E00130846,218,32,186
E00130847,316,52,264
E00130849,202,49,153
E00130850,241,33,208
E00130851,333,57,276
E00130852,348,71,277
E00130853,215,22,193
E00130854,309,56,253
E00130855,300,57,243
E00130856,305,63,242
E00130858,325,55,270
E00130859,305,64,241
E00130860,301,58,243
E00130861,242,35,207
E00130862,334,46,288
E00130863,343,64,279
E00130864,286,54,232
E00130865,227,55,172
E00130866,201,18,183
E00130867,238,20,218
E00130868,220,23,197
E00130869,281,42,239
E00130871,393,66,327
E00130872,260,36,224
E00130873,310,58,252
E00130875,370,152,218
E00130876,293,37,256
E00130877,411,85,326
E00130878,318,67,251
E00130879,270,36,234
E00130880,423,71,352
E00130881,314,59,255
E00130882,335,61,274
E00130883,316,53,263
E00130884,329,73,256
E00130885,445,114,331
E00130886,281,45,236
E00130887,280,48,232
E00130888,324,58,266
E00130889,305,68,237
E00130890,270,46,224
E00130891,277,53,224
E00130892,254,30,224
E00130893,233,42,191
E00130894,473,90,383
E00130896,269,40,229
E00130900,280,49,231
E00130901,365,27,338
E00130902,212,24,188
E00130903,320,71,249
E00130904,372,56,316
E00130905,251,41,210
E00130906,350,86,264
E00130908,311,83,228
E00130909,369,94,275
E00130910,121,14,107
E00130911,405,82,323
E00130912,424,62,362
E00130913,340,54,286
E00130914,258,50,208
E00130915,373,87,286
E00130916,227,22,205
E00130917,389,46,343
E00130918,419,58,361
E00130919,289,25,264
E00130920,146,26,120
E00130921,248,32,216
E00130922,286,53,233
E00130923,204,27,177
E00130924,266,30,236
E00130925,424,68,356
E00130926,301,68,233
E00130927,350,72,278
E00130928,361,67,294
E00130929,564,119,445
E00130930,292,64,228
E00130931,272,66,206
E00130932,296,60,236
E00130933,223,36,187
E00130934,338,75,263
E00130935,271,28,243
E00130937,242,11,231
E00130938,231,13,218
E00130939,289,26,263
E00130941,293,50,243
E00130942,367,39,328
E00130943,152,19,133
E00130944,232,37,195
E00130945,341,57,284
E00130946,398,58,340
E00130947,426,76,350
E00130948,483,79,404
E00130949,187,29,158
E00130951,228,40,188
E00130952,343,65,278
E00130953,397,73,324
E00130954,323,60,263
E00130955,271,49,222
E00130956,268,48,220
E00130957,472,80,392
E00130958,338,44,294
E00130959,377,58,319
E00130960,281,49,232
E00130961,301,46,255
E00130962,233,37,196
E00130963,215,28,187
E00130964,224,28,196
E00130965,298,44,254
E00130966,288,57,231
E00130967,364,56,308
E00130968,355,62,293
E00130969,304,69,235
E00130970,347,62,285
E00130973,318,49,269
E00130974,327,50,277
E00130975,334,56,278
E00130976,448,80,368
E00130977,241,38,203
E00130978,304,31,273
E00130979,343,60,283
E00130980,293,52,241
E00130981,535,93,442
E00130982,239,23,216
E00130983,501,75,426
E00130984,280,59,221
E00130985,408,68,340
E00130986,238,30,208
E00130987,335,61,274
E00130988,133,28,105
E00130989,109,11,98
E00130990,147,20,127
E00130991,219,39,180
E00130992,266,57,209
E00130993,323,55,268
E00130994,348,67,281
E00130995,520,105,415
E00130996,277,60,217
E00130997,380,69,311
E00130998,171,21,150
E00130999,481,88,393
E00131000,351,43,308
E00131001,274,37,237
E00131002,344,57,287
E00131003,561,116,445
E00131004,316,58,258
E00131005,276,46,230
E00131007,299,39,260
E00131008,258,30,228
E00131009,281,46,235
E00131010,265,35,230
E00131011,232,27,205
E00131012,243,28,215
E00131013,261,45,216
E00131014,293,46,247
E00131015,259,40,219
E00131016,310,41,269
E00131017,254,36,218
E00131018,270,31,239
E00131019,244,34,210
E00131020,438,103,335
E00131021,328,49,279
E00131022,211,22,189
E00131023,127,17,110
E00131024,122,17,105
E00131025,301,56,245
E00131026,336,77,259
E00131027,285,60,225
E00131028,293,38,255
E00131030,262,39,223
E00131031,348,73,275
E00131032,297,60,237
E00131033,302,61,241
E00131034,374,58,316
E00131035,273,32,241
E00131036,277,46,231
E00131037,229,25,204
E00131038,277,40,237
E00131039,218,27,191
E00131040,260,33,227
E00131041,330,65,265
E00131042,223,14,209
E00131043,420,77,343
E00131044,281,45,236
E00131045,327,74,253
E00131046,350,82,268
E00131047,228,28,200
E00131048,233,40,193
E00131049,261,32,229
E00131050,330,52,278
E00131051,320,54,266
E00131052,228,37,191
E00131053,294,48,246
E00131054,262,23,239
E00131055,287,53,234
E00131056,291,66,225
E00131057,309,45,264
E00131058,293,54,239
E00131059,309,51,258
E00131060,275,55,220
E00131061,300,67,233
E00131062,348,35,313
E00131063,317,56,261
E00131064,361,58,303
E00131065,210,30,180
E00131066,213,14,199
E00131067,253,33,220
E00131068,211,21,190
E00131069,248,42,206
E00131070,262,55,207
E00131071,265,69,196
E00131072,205,29,176
E00131073,267,55,212
E00131074,311,64,247
E00131075,318,70,248
E00131076,575,116,459
E00131077,269,31,238
E00131078,368,69,299
E00131081,219,32,187
E00131082,350,44,306
E00131083,383,42,341
E00131084,235,35,200
E00131085,306,51,255
E00131086,325,55,270
E00131087,478,104,374
E00131088,387,59,328
E00131089,514,138,376
E00131090,374,59,315
E00131091,329,39,290
E00131092,109,13,96
E00131093,239,31,208
E00131094,223,25,198
E00131095,264,43,221
E00131096,260,59,201
E00131097,243,46,197
E00131098,281,35,246
E00131099,324,41,283
E00131100,280,56,224
E00131101,250,30,220
E00131102,219,26,193
E00131103,219,36,183
E00131104,346,61,285
E00131105,208,48,160
E00131106,456,86,370
E00131107,278,20,258
E00131108,249,30,219
E00131109,244,40,204
E00131110,314,68,246
E00131111,274,46,228
E00131112,338,72,266
E00131113,368,58,310
E00131114,225,28,197
E00131115,356,47,309
E00131116,331,47,284
E00131118,309,35,274
E00131119,268,32,236
E00131120,256,54,202
E00131121,403,89,314
E00131122,443,94,349
E00131123,213,29,184
E00131124,357,55,302
E00131126,298,35,263
E00131127,298,42,256
E00131128,246,36,210
E00131129,361,55,306
E00131130,345,38,307
E00131131,411,63,348
E00131132,326,70,256
E00131133,323,53,270
E00131134,336,50,286
E00131135,253,29,224
E00131136,237,30,207
E00131137,200,8,192
E00131138,246,32,214
E00131139,242,26,216
E00131140,263,23,240
E00131141,299,57,242
E00131142,317,91,226
E00131143,445,75,370
E00131144,281,55,226
E00131145,311,56,255
E00131146,269,43,226
E00131147,336,38,298
E00131148,322,67,255
E00131150,323,65,258
E00131151,243,35,208
E00131152,291,33,258
E00131153,220,20,200
E00131154,205,29,176
E00131155,267,50,217
E00131156,448,87,361
E00131157,285,48,237
E00131158,283,31,252
E00131159,286,54,232
E00131160,216,14,202
E00131161,317,50,267
E00131162,302,45,257
E00131163,289,51,238
E00131164,280,53,227
E00131165,370,72,298
E00131166,419,98,321
E00131167,344,66,278
E00131168,277,45,232
E00131169,271,54,217
E00131170,330,46,284
E00131171,226,32,194
E00131172,386,46,340
E00131173,375,61,314
E00131174,294,36,258
E00131175,300,37,263
E00131176,261,45,216
E00131177,238,28,210
E00131178,252,36,216
E00131179,404,51,353
E00131180,415,67,348
E00131181,226,40,186
E00131182,297,49,248
E00131183,403,89,314
E00131184,280,55,225
E00131185,346,46,300
E00131186,259,31,228
E00131187,272,35,237
E00131191,272,41,231
E00131192,171,14,157
E00131193,374,64,310
E00131196,210,34,176
E00131197,169,18,151
E00131198,244,30,214
E00131199,230,28,202
E00131200,218,52,166
E00131201,269,37,232
E00131202,290,55,235
E00131203,278,43,235
E00131205,384,74,310
E00131206,237,30,207
E00131207,308,54,254
E00131208,196,35,161
E00131209,240,54,186
E00131210,310,38,272
E00131211,261,20,241
E00131212,365,62,303
E00131213,334,54,280
E00131214,356,68,288
E00131215,358,53,305
E00131216,544,76,468
E00131217,203,24,179
E00131218,409,65,344
E00131220,322,50,272
E00131222,375,70,305
E00131223,286,53,233
E00131224,253,33,220
E00131225,349,54,295
E00131226,297,38,259
E00131227,252,28,224
E00131228,313,55,258
E00131230,395,68,327
E00131231,187,27,160
E00131232,279,22,257
E00131233,171,21,150
E00131234,287,41,246
E00131235,250,30,220
E00131236,279,60,219
E00131237,258,38,220
E00131238,213,13,200
E00131239,302,36,266
E00131240,245,22,223
E00131241,431,63,368
E00131242,284,54,230
E00131243,250,16,234
E00131244,437,103,334
E00131246,420,112,308
E00131247,253,38,215
E00131248,198,17,181
E00131249,257,34,223
E00131250,266,24,242
E00131251,276,56,220
E00131252,270,43,227
E00131253,229,26,203
E00131254,193,45,148
E00131255,354,48,306
E00131256,520,108,412
E00131257,365,89,276
E00131258,259,47,212
E00131259,222,40,182
E00131260,563,117,446
E00131261,262,55,207
E00131262,179,32,147
E00131263,365,54,311
E00131264,361,39,322
E00131265,291,32,259
E00131267,269,50,219
E00131268,227,62,165
E00131269,118,7,111
E00131270,181,4,177
E00131271,352,42,310
E00131272,231,25,206
E00131273,234,22,212
E00131274,233,18,215
E00131275,266,32,234
E00131276,248,41,207
E00131277,169,11,158
E00131278,320,44,276
E00131279,267,43,224
E00131280,570,128,442
E00131281,286,66,220
E00131283,365,67,298
E00131284,223,37,186
E00131285,251,34,217
E00131286,462,98,364
E00131287,258,46,212
E00131288,195,23,172
E00131289,449,137,312
E00131290,314,68,246
E00131292,127,5,122
E00131293,246,37,209
E00131294,207,30,177
E00131295,275,33,242
E00131296,352,42,310
E00131297,510,105,405
E00131298,227,23,204
E00131299,286,31,255
E00131300,148,23,125
E00131301,290,61,229
E00131302,275,84,191
E00131303,250,44,206
E00131304,275,35,240
E00131305,375,52,323
E00131306,292,43,249
E00131307,328,45,283
E00131308,161,33,128
E00131309,333,42,291
E00131311,223,29,194
E00131312,480,78,402
E00131313,257,86,171
E00131314,121,16,105
E00131315,344,55,289
E00131316,255,22,233
E00131317,256,41,215
E00131318,239,44,195
E00131319,218,28,190
E00131320,258,45,213
E00131321,294,51,243
E00131322,288,72,216
E00131324,298,33,265
E00131325,306,55,251
E00131326,551,111,440
E00131327,208,20,188
E00131328,335,52,283
E00131329,242,38,204
E00131330,307,38,269
E00131331,494,96,398
E00131332,294,49,245
E00131333,351,50,301
E00131334,283,38,245
E00131335,231,22,209
E00131336,194,29,165
E00131337,270,33,237
E00131338,289,36,253
E00131339,350,40,310
E00131340,295,58,237
E00131341,438,83,355
E00131342,314,53,261
E00131343,383,45,338
E00131344,344,72,272
E00131345,195,20,175
E00131346,335,65,270
E00131347,203,34,169
E00131348,246,62,184
E00131349,358,60,298
E00131350,298,69,229
E00131351,262,32,230
E00131352,383,50,333
E00131353,214,31,183
E00131354,333,69,264
E00131355,279,39,240
E00131356,306,69,237
E00131357,290,47,243
E00131358,329,66,263
E00131359,279,57,222
E00131360,243,44,199
E00131361,255,32,223
E00131362,285,46,239
E00131363,231,32,199
E00131364,355,58,297
E00131365,301,36,265
E00131366,330,42,288
E00131367,283,44,239
E00131368,382,59,323
E00131369,329,48,281
E00131370,268,37,231
E00131371,232,24,208
E00131372,334,89,245
E00131373,232,23,209
E00131374,316,50,266
E00131375,389,52,337
E00131376,358,51,307
E00131377,353,61,292
E00131378,347,71,276
E00131379,274,35,239
E00131380,321,44,277
E00131381,327,63,264
E00131382,284,41,243
E00131383,277,45,232
E00131384,267,46,221
E00131385,366,75,291
E00131386,318,71,247
E00131387,310,54,256
E00131388,252,58,194
E00131389,318,63,255
E00131390,378,57,321
E00131391,308,41,267
E00131392,226,21,205
E00131393,236,30,206
E00131394,310,42,268
E00131395,261,47,214
E00131396,184,10,174
E00131397,303,52,251
E00131398,145,4,141
E00131399,346,42,304
E00131400,274,39,235
E00131401,253,39,214
E00131402,288,42,246
E00131403,216,23,193
E00131404,253,47,206
E00131405,301,49,252
E00131406,237,28,209
E00131407,253,29,224
E00131408,536,95,441
E00131409,287,65,222
E00131410,332,57,275
E00131412,254,36,218
E00131413,426,61,365
E00131414,284,38,246
E00131415,245,18,227
E00131416,251,29,222
E00131417,266,37,229
E00131418,256,46,210
E00131419,186,26,160
E00131420,327,99,228
E00131421,231,38,193
E00131422,303,70,233
E00131423,447,85,362
E00131424,232,53,179
E00131425,468,61,407
E00131426,326,69,257
E00131427,265,59,206
E00131428,260,63,197
E00131429,323,76,247
E00131430,263,55,208
E00131431,424,54,370
E00131433,156,22,134
E00131434,352,43,309
E00131435,328,37,291
E00131436,377,80,297
E00131437,404,91,313
E00131438,242,38,204
E00131439,222,19,203
E00131440,300,52,248
E00131441,210,20,190
E00131442,254,48,206
E00131443,186,19,167
E00131444,260,36,224
E00131445,291,42,249
E00131446,265,34,231
E00131447,224,31,193
E00131448,254,44,210
E00131449,478,83,395
E00131450,307,52,255
E00131451,418,97,321
E00131452,297,56,241
E00131453,271,67,204
E00131454,305,51,254
E00131455,312,52,260
E00131456,200,22,178
E00131457,379,69,310
E00131458,287,63,224
E00131459,523,99,424
E00131460,386,72,314
E00131461,358,77,281
E00131462,314,54,260
E00131463,390,112,278
E00131464,247,63,184
E00131465,201,23,178
E00131466,253,42,211
E00131467,354,51,303
E00131468,215,59,156
E00131470,261,52,209
E00131471,161,35,126
E00131472,189,37,152
E00131473,220,23,197
E00131474,252,55,197
E00131475,292,38,254
E00131476,225,30,195
E00131477,317,59,258
E00131478,317,69,248
E00131479,459,59,400
E00131480,241,51,190
E00131481,319,71,248
E00131482,322,52,270
E00131483,228,22,206
E00131484,278,41,237
E00131485,274,37,237
E00131486,334,37,297
E00131487,332,43,289
E00131488,274,49,225
E00131489,477,95,382
E00131490,232,37,195
E00131491,283,49,234
E00131492,129,17,112
E00131493,327,44,283
E00131494,260,33,227
E00131495,272,51,221
E00131496,294,51,243
E00131497,364,57,307
E00131498,368,74,294
E00131499,297,45,252
E00131500,230,32,198
E00131501,199,24,175
E00131502,144,30,114
E00131503,168,29,139
E00131504,305,36,269
E00131505,330,70,260
E00131506,314,64,250
E00131507,356,66,290
E00131508,328,59,269
E00131509,340,72,268
E00131510,298,54,244
E00131511,276,42,234
E00131512,306,55,251
E00131513,278,42,236
E00131514,213,23,190
E00131516,274,56,218
E00131517,333,57,276
E00131519,334,48,286
E00131520,265,40,225
E00131521,459,82,377
E00131522,232,54,178
E00131523,486,110,376
E00131524,172,8,164
E00131526,504,96,408
E00131527,267,46,221
E00131528,283,45,238
E00131529,272,35,237
E00131530,331,55,276
E00131531,572,138,434
E00131532,297,62,235
E00131533,402,87,315
E00131534,288,9,279
E00131535,321,66,255
E00131536,250,64,186
E00131537,237,58,179
E00131538,278,45,233
E00131539,361,52,309
E00131540,452,72,380
E00131541,373,105,268
E00131542,242,34,208
E00131543,383,69,314
E00131544,216,40,176
E00131545,256,30,226
E00131546,439,89,350
E00131547,358,74,284
E00131549,528,95,433
E00131550,295,62,233
E00131553,337,58,279
E00131554,384,55,329
E00131555,381,64,317
E00131556,341,53,288
E00131557,329,32,297
E00131558,262,21,241
E00131559,386,50,336
E00131561,343,50,293
E00131562,315,66,249
E00131563,293,54,239
E00131564,338,68,270
E00131565,299,29,270
E00131566,334,62,272
E00131567,261,44,217
E00131568,238,25,213
E00131569,278,49,229
E00131570,302,43,259
E00131572,263,30,233
E00131573,279,55,224
E00131574,246,36,210
E00131575,288,49,239
E00131576,254,48,206
E00131577,220,32,188
E00131578,243,31,212
E00131579,344,84,260
E00131580,249,30,219
E00131582,414,92,322
E00131583,532,108,424
E00131584,412,67,345
E00131585,300,41,259
E00131586,286,37,249
E00131587,364,61,303
E00131588,335,40,295
E00131589,454,84,370
E00131590,243,39,204
E00131591,284,35,249
E00131592,402,70,332
E00131593,296,58,238
E00131594,329,69,260
E00131595,307,42,265
E00131596,360,65,295
E00131597,194,15,179
E00131598,206,34,172
E00131599,245,31,214
E00131600,556,137,419
E00131601,391,43,348
E00131603,373,63,310
E00131604,243,50,193
E00131605,345,78,267
E00131606,238,28,210
E00131607,258,25,233
E00131608,178,28,150
E00131609,248,63,185
E00131610,196,5,191
E00131611,204,21,183
E00131612,336,102,234
E00131613,360,64,296
E00131614,277,74,203
E00131615,232,76,156
E00131616,266,55,211
E00131617,185,16,169
E00131618,243,21,222
E00131619,200,25,175
E00131620,313,53,260
E00131621,247,32,215
E00131622,366,42,324
E00131623,267,33,234
E00131624,267,26,241
E00131626,339,70,269
E00131628,328,56,272
E00131629,310,55,255
E00131630,508,123,385
E00131631,285,50,235
E00131632,213,13,200
E00131633,238,26,212
E00131634,301,39,262
E00131635,299,47,252
E00131636,411,77,334
E00131638,554,105,449
E00131640,269,29,240
E00131641,327,42,285
E00131642,265,51,214
E00131643,252,38,214
E00131644,341,39,302
E00131645,424,87,337
E00131646,281,47,234
E00131647,230,36,194
E00131648,259,66,193
E00131649,291,53,238
E00131651,410,70,340
E00131652,264,36,228
E00131653,287,39,248
E00131654,295,52,243
E00131655,250,40,210
E00131656,340,125,215
E00131657,266,63,203
E00131658,320,63,257
E00131659,307,98,209
E00131660,342,133,209
E00131661,426,158,268
E00131662,512,126,386
E00131663,296,134,162
E00131664,478,146,332
E00131665,437,190,247
E00131666,389,86,303
E00131667,407,67,340
E00131668,336,52,284
E00131669,369,43,326
E00131671,312,71,241
E00131672,274,44,230
E00131673,208,18,190
E00131674,366,72,294
E00131675,208,27,181
E00131676,283,67,216
E00131677,244,50,194
E00131678,248,50,198
E00131679,210,37,173
E00131680,201,24,177
E00131681,262,25,237
E00131682,329,44,285
E00131683,287,45,242
E00131684,377,72,305
E00131685,257,52,205
E00131686,436,60,376
E00131687,278,37,241
E00131688,292,46,246
E00131689,312,54,258
E00131690,273,36,237
E00131691,500,87,413
E00131692,308,61,247
E00131693,293,73,220
E00131694,498,86,412
E00131695,408,62,346
E00131696,371,78,293
E00131697,247,45,202
E00131698,261,65,196
E00131699,238,27,211
E00131701,159,13,146
E00131702,418,97,321
E00131703,263,44,219
E00131704,341,55,286
E00131705,369,87,282
E00131706,329,67,262
E00131707,139,21,118
E00131708,383,103,280
E00131709,230,42,188
E00131710,279,47,232
E00131711,142,21,121
E00131712,358,55,303
E00131713,456,72,384
E00131714,311,47,264
E00131715,292,41,251
E00131716,313,78,235
E00131717,300,52,248
E00131719,241,23,218
E00131720,310,52,258
E00131721,318,57,261
E00131722,398,72,326
E00131723,244,39,205
E00131724,287,52,235
E00131725,368,80,288
E00131726,243,32,211
E00131727,303,55,248
E00131729,217,20,197
E00131730,327,57,270
E00131731,553,135,418
E00131734,262,41,221
E00131735,368,66,302
E00131736,291,35,256
E00131737,476,104,372
E00131738,279,38,241
E00131739,282,48,234
E00131740,314,56,258
E00131741,221,49,172
E00131742,407,33,374
E00131743,278,33,245
E00131744,273,24,249
E00131745,244,29,215
E00131746,292,34,258
E00131747,375,64,311
E00131748,322,56,266
E00131749,274,75,199
E00131750,290,66,224
E00131751,324,46,278
E00131752,535,88,447
E00131753,425,73,352
E00131754,130,34,96
E00131755,235,36,199
E00131756,270,51,219
E00131757,254,32,222
E00131759,321,32,289
E00131760,473,101,372
E00131761,314,70,244
E00131762,359,47,312
E00131763,278,49,229
E00131764,265,33,232
E00131765,312,42,270
E00131766,292,61,231
E00131767,247,29,218
E00131768,262,23,239
E00131769,345,46,299
E00131770,240,22,218
E00131771,246,23,223
E00131772,243,21,222
E00131773,303,41,262
E00131774,330,56,274
E00131775,305,41,264
E00131776,292,41,251
E00131777,289,49,240
E00131778,243,34,209
E00131779,298,30,268
E00131780,249,35,214
E00131781,191,15,176
E00131782,428,67,361
E00131783,284,53,231
E00131784,322,37,285
E00131785,403,82,321
E00131786,347,65,282
E00131787,334,61,273
E00131788,339,67,272
E00131789,292,61,231
E00131791,288,69,219
E00131792,283,63,220
E00131793,339,81,258
E00131794,270,47,223
E00131795,291,62,229
E00131796,279,66,213
E00131797,370,71,299
E00131799,359,75,284
E00131801,401,111,290
E00131802,301,82,219
E00131803,236,47,189
E00131804,280,62,218
E00131805,299,51,248
E00131806,232,37,195
E00131807,371,67,304
E00131808,488,91,397
E00131809,375,89,286
E00131810,332,83,249
E00131811,271,60,211
E00131812,311,81,230
E00131813,349,59,290
E00131814,219,50,169
E00131815,249,35,214
E00131816,416,53,363
E00131817,287,69,218
E00131818,193,29,164
E00131819,285,78,207
E00131820,299,51,248
E00131821,332,75,257
E00131822,285,57,228
E00131823,246,45,201
E00131824,248,38,210
E00131825,305,67,238
E00131826,293,69,224
E00131827,325,75,250
E00131828,333,69,264
E00131829,324,62,262
E00131830,312,59,253
E00131831,306,54,252
E00131832,338,78,260
E00131833,373,76,297
E00131834,367,97,270
E00131835,320,72,248
E00131836,303,73,230
E00131837,384,109,275
E00131838,331,69,262
E00131840,334,88,246
E00131841,367,81,286
E00131842,393,98,295
E00131843,304,61,243
E00131844,360,85,275
E00131845,268,39,229
E00131846,385,88,297
E00131847,331,51,280
E00131848,256,61,195
E00131849,265,60,205
E00131850,298,57,241
E00131851,246,48,198
E00131852,261,50,211
E00131853,282,65,217
E00131854,249,45,204
E00131855,468,130,338
E00131856,248,53,195
E00131857,287,60,227
E00131858,251,45,206
E00131859,277,55,222
E00131860,245,45,200
E00131861,222,41,181
E00131862,361,110,251
E00131863,221,37,184
E00131865,273,56,217
E00131866,240,28,212
E00131867,250,32,218
E00131868,334,34,300
E00131869,272,32,240
E00131870,244,22,222
E00131871,308,43,265
E00131872,267,30,237
E00131873,247,35,212
E00131874,325,39,286
E00131875,198,22,176
E00131876,269,33,236
E00131877,321,62,259
E00131878,257,40,217
E00131879,235,39,196
E00131880,248,40,208
E00131881,238,30,208
E00131882,326,64,262
E00131883,282,48,234
E00131884,267,46,221
E00131885,208,22,186
E00131886,256,30,226
E00131887,291,35,256
E00131888,225,29,196
E00131889,218,35,183
E00131890,215,32,183
E00131891,271,18,253
E00131892,397,52,345
E00131893,329,68,261
E00131894,294,70,224
E00131895,209,24,185
E00131896,260,34,226
E00131897,329,88,241
E00131898,282,55,227
E00131899,295,64,231
E00131900,344,68,276
E00131901,285,61,224
E00131903,269,48,221
E00131904,278,45,233
E00131905,278,55,223
E00131906,290,67,223
E00131907,277,64,213
E00131908,275,38,237
E00131909,234,32,202
E00131910,293,49,244
E00131911,307,72,235
E00131912,318,85,233
E00131913,229,44,185
E00131914,274,55,219
E00131915,373,101,272
E00131916,461,104,357
E00131917,294,77,217
E00131918,275,53,222
E00131919,276,44,232
E00131920,222,31,191
E00131921,301,52,249
E00131922,234,48,186
E00131923,280,55,225
E00131924,293,87,206
E00131925,233,39,194
E00131926,230,26,204
E00131927,310,68,242
E00131928,212,17,195
E00131929,310,42,268
E00131930,283,41,242
E00131931,259,34,225
E00131932,243,32,211
E00131933,227,19,208
E00131934,270,49,221
E00131935,176,22,154
E00131936,277,37,240
E00131937,296,45,251
E00131938,296,51,245
E00131940,352,67,285
E00131941,278,46,232
E00131942,316,40,276
E00131943,289,56,233
E00131944,259,53,206
E00131945,277,42,235
E00131946,381,76,305
E00131947,377,78,299
E00131948,286,49,237
E00131949,291,59,232
E00131950,286,39,247
E00131951,324,67,257
E00131953,249,28,221
E00131954,266,49,217
E00131955,285,47,238
E00131956,410,96,314
E00131957,274,50,224
E00131958,387,74,313
E00131959,347,90,257
E00131960,331,73,258
E00131961,342,56,286
E00131962,396,74,322
E00131964,243,34,209
E00131965,317,50,267
E00131966,267,36,231
E00131967,256,37,219
E00131968,282,39,243
E00131969,285,48,237
E00131970,288,46,242
E00131971,269,41,228
E00131972,236,49,187
E00131973,230,20,210
E00131975,304,42,262
E00131976,364,59,305
E00131977,317,37,280
E00131978,320,62,258
E00131979,456,104,352
E00131980,369,85,284
E00131981,287,44,243
E00131982,379,71,308
E00131983,356,34,322
E00131984,366,91,275
E00131985,273,45,228
E00131986,456,173,283
E00131987,458,152,306
E00131988,506,140,366
E00131989,381,83,298
E00131990,263,48,215
E00131991,281,57,224
E00131993,326,38,288
E00131994,249,29,220
E00131995,341,84,257
E00131996,271,21,250
E00131997,256,52,204
E00131998,231,50,181
E00131999,309,28,281
E00132000,243,48,195
E00132001,288,49,239
E00132002,379,64,315
E00132003,330,90,240
E00132004,346,57,289
E00132005,235,24,211
E00132006,339,73,266
E00132007,347,71,276
E00132008,311,54,257
E00132009,289,54,235
E00132010,108,18,90
E00132011,367,67,300
E00132012,316,44,272
E00132013,190,33,157
E00132014,249,14,235
E00132015,243,42,201
E00132016,560,105,455
E00132017,444,61,383
E00132018,472,90,382
E00132019,217,27,190
E00132020,469,71,398
E00132021,152,40,112
E00132022,463,49,414
E00132023,253,40,213
E00132024,434,37,397
E00132025,377,54,323
E00132027,296,43,253
E00132029,263,16,247
E00132030,277,66,211
E00132032,225,43,182
E00132034,451,105,346
E00132036,182,32,150
E00132037,366,40,326
E00132038,260,48,212
E00132039,285,61,224
E00132040,305,50,255
E00132041,255,40,215
E00132042,552,117,435
E00132043,460,112,348
E00132044,303,59,244
E00132045,315,58,257
E00132046,266,35,231
E00132047,393,75,318
E00132048,286,34,252
E00132049,224,33,191
E00132050,445,67,378
E00132051,291,50,241
E00132052,387,93,294
E00132053,431,109,322
E00132054,286,41,245
E00132055,305,36,269
E00132056,233,43,190
E00132057,266,28,238
E00132058,242,13,229
E00132059,401,72,329
E00132060,191,13,178
E00132061,298,64,234
E00132062,346,63,283
E00132063,349,71,278
E00132064,370,55,315
E00132065,209,11,198
E00132066,324,61,263
E00132067,382,76,306
E00132068,239,33,206
E00132069,419,98,321
E00132070,363,90,273
E00132071,237,49,188
E00132072,501,119,382
E00132073,440,80,360
E00132074,420,98,322
E00132075,302,68,234
E00132076,294,54,240
E00132077,321,57,264
E00132078,279,70,209
E00132079,296,49,247
E00132080,159,27,132
E00132081,262,35,227
E00132082,287,42,245
E00132083,279,48,231
E00132084,291,60,231
E00132085,333,76,257
E00132086,344,83,261
E00132088,595,112,483
E00132089,368,62,306
E00132090,298,34,264
E00132091,504,87,417
E00132092,320,35,285
E00132093,231,43,188
E00132094,215,25,190
E00132095,253,53,200
E00132096,479,97,382
E00132097,298,35,263
E00132098,294,47,247
E00132099,427,72,355
E00132100,314,71,243
E00132101,244,47,197
E00132102,245,23,222
E00132103,323,64,259
E00132104,376,102,274
E00132105,342,70,272
E00132106,336,53,283
E00132107,335,62,273
E00132108,234,21,213
E00132109,270,56,214
E00132110,316,45,271
E00132111,286,47,239
E00132112,364,49,315
E00132113,297,41,256
E00132115,380,76,304
E00132116,275,54,221
E00132117,447,58,389
E00132118,306,70,236
E00132119,351,56,295
E00132120,291,60,231
E00132121,378,48,330
E00132123,315,38,277
E00132124,522,97,425
E00132125,265,30,235
E00132128,334,51,283
E00132129,319,61,258
E00132130,312,51,261
E00132131,304,51,253
E00132132,269,61,208
E00132133,266,38,228
E00132134,251,40,211
E00132135,494,129,365
E00132136,207,21,186
E00132137,279,51,228
E00132138,293,80,213
E00132139,201,37,164
E00132140,339,49,290
E00132141,268,42,226
E00132142,217,28,189
E00132143,252,46,206
E00132144,313,93,220
E00132145,341,66,275
E00132146,240,56,184
E00132147,273,62,211
E00132148,338,49,289
E00132149,272,32,240
E00132151,352,71,281
E00132152,253,38,215
E00132153,255,35,220
E00132154,266,28,238
E00132155,243,20,223
E00132156,337,59,278
E00132157,299,59,240
E00132158,334,41,293
E00132159,257,38,219
E00132160,296,46,250
E00132161,481,103,378
E00132162,449,122,327
E00132163,363,58,305
E00132164,306,79,227
E00132165,231,24,207
E00132166,251,22,229
E00132167,384,45,339
E00132168,213,26,187
E00132169,268,31,237
E00132170,354,58,296
E00132171,277,18,259
E00132172,132,19,113
E00132173,271,36,235
E00132174,239,24,215
E00132175,290,33,257
E00132176,427,53,374
E00132177,236,27,209
E00132178,236,39,197
E00132179,290,49,241
E00132180,222,24,198
E00132181,227,16,211
E00132182,222,18,204
E00132183,331,55,276
E00132184,318,59,259
E00132185,360,28,332
E00132186,244,14,230
E00132187,288,25,263
E00132188,256,14,242
E00132189,447,55,392
E00132190,237,12,225
E00132191,253,26,227
E00132192,260,26,234
E00132193,300,24,276
E00132194,243,10,233
E00132195,279,32,247
E00132196,238,9,229
E00132197,305,47,258
E00132198,336,56,280
E00132199,287,51,236
E00132200,298,17,281
E00132201,266,27,239
E00132202,397,100,297
E00132204,255,66,189
E00132207,101,12,89
E00132208,230,37,193
E00132209,269,49,220
E00132210,451,82,369
E00132211,223,40,183
E00132212,257,46,211
E00132213,408,81,327
E00132214,339,33,306
E00132215,417,111,306
E00132217,322,77,245
E00132218,293,29,264
E00132219,136,18,118
E00132220,296,37,259
E00132221,270,41,229
E00132222,303,51,252
E00132223,304,39,265
E00132224,293,45,248
E00132225,193,29,164
E00132226,192,16,176
E00132227,362,54,308
E00132228,276,47,229
E00132229,287,40,247
E00132230,279,36,243
E00132231,284,50,234
E00132232,343,31,312
E00132233,326,53,273
E00132234,98,12,86
E00132235,344,56,288
E00132236,348,35,313
E00132237,232,45,187
E00132239,349,66,283
E00132240,187,17,170
E00132241,214,24,190
E00132242,303,20,283
E00132243,334,33,301
E00132244,287,38,249
E00132245,505,61,444
E00132246,437,62,375
E00132247,231,32,199
E00132248,334,53,281
E00132249,270,48,222
E00132250,307,53,254
E00132251,281,57,224
E00132252,287,32,255
E00132253,266,36,230
E00132255,306,50,256
E00132256,283,47,236
E00132257,241,33,208
E00132258,255,28,227
E00132259,266,36,230
E00132260,255,27,228
E00132261,502,84,418
E00132262,300,68,232
E00132263,243,46,197
E00132264,411,85,326
E00132265,253,23,230
E00132266,255,17,238
E00132267,306,56,250
E00132268,303,50,253
E00132269,255,32,223
E00132270,227,31,196
E00132271,575,115,460
E00132272,399,63,336
E00132273,223,14,209
E00132274,292,54,238
E00132275,339,51,288
E00132276,408,107,301
E00132277,293,57,236
E00132278,443,69,374
E00132279,212,16,196
E00132280,227,29,198
E00132281,239,21,218
E00132282,243,27,216
E00132283,253,37,216
E00132284,157,25,132
E00132285,160,27,133
E00132286,192,10,182
E00132287,239,33,206
E00132289,252,33,219
E00132290,192,13,179
E00132292,144,9,135
E00132293,119,24,95
E00132294,183,32,151
E00132295,132,17,115
E00132296,334,46,288
E00132297,289,25,264
E00132298,352,17,335
E00132299,502,122,380
E00132300,246,18,228
E00132301,165,1,164
E00132302,327,24,303
E00132303,204,40,164
E00132304,270,38,232
E00132305,323,54,269
E00132306,326,50,276
E00132307,351,56,295
E00132308,154,25,129
E00132309,242,28,214
E00132312,152,16,136
E00132313,184,19,165
E00132314,175,36,139
E00132315,335,49,286
E00132316,154,21,133
E00132317,99,12,87
E00132318,371,28,343
E00132319,267,51,216
E00132320,144,9,135
E00132321,157,20,137
E00132322,224,31,193
E00132323,320,65,255
E00132324,561,132,429
E00132325,422,60,362
E00132326,238,11,227
E00132327,285,25,260
E00132328,166,18,148
E00132329,309,24,285
E00132330,208,16,192
E00132331,256,26,230
E00132332,261,35,226
E00132333,276,40,236
E00132334,281,31,250
E00132335,287,59,228
E00132336,328,60,268
E00132337,304,35,269
E00132339,267,23,244
E00132340,221,9,212
E00132341,265,36,229
E00132342,244,27,217
E00132343,343,55,288
E00132344,345,62,283
E00132345,249,19,230
E00132346,244,40,204
E00132347,206,45,161
E00132348,326,33,293
E00132349,209,48,161
E00132350,187,18,169
E00132351,261,48,213
E00132352,205,31,174
E00132353,123,12,111
E00132354,322,45,277
E00132355,208,23,185
E00132356,172,14,158
E00132357,392,59,333
E00132358,346,56,290
E00132359,162,31,131
E00132360,432,72,360
E00132361,159,11,148
E00132362,276,58,218
E00132363,474,123,351
E00132364,247,33,214
E00132365,272,63,209
E00132366,330,68,262
E00132367,268,45,223
E00132368,268,31,237
E00132369,365,66,299
E00132370,216,27,189
E00132371,238,20,218
E00132372,325,48,277
E00132373,240,24,216
E00132374,220,31,189
E00132375,327,49,278
E00132376,193,25,168
E00132377,192,17,175
E00132378,288,35,253
E00132379,241,30,211
E00132380,193,20,173
E00132381,328,58,270
E00132382,144,18,126
E00132383,222,42,180
E00132384,283,34,249
E00132385,265,46,219
E00132386,269,22,247
E00132387,223,35,188
E00132388,233,41,192
E00132389,301,62,239
E00132390,190,20,170
E00132391,250,48,202
E00132392,213,29,184
E00132393,360,45,315
E00132394,135,16,119
E00132395,133,25,108
E00132396,242,31,211
E00132397,303,27,276
E00132398,312,22,290
E00132399,341,30,311
E00132400,257,44,213
E00132401,350,26,324
E00132402,270,5,265
E00132404,234,27,207
E00132405,234,50,184
E00132408,295,61,234
E00132409,105,4,101
E00132410,242,33,209
E00132411,134,19,115
E00132412,207,9,198
E00132413,263,50,213
E00132414,250,14,236
E00132415,193,34,159
E00132416,340,52,288
E00132417,287,72,215
E00132418,182,33,149
E00132420,219,49,170
E00132421,462,106,356
E00132422,281,33,248
E00132423,242,36,206
E00132424,279,39,240
E00132425,387,72,315
E00132426,253,51,202
E00132427,284,40,244
E00132428,272,41,231
E00132430,279,60,219
E00132431,437,57,380
E00132432,277,48,229
E00132433,221,33,188
E00132434,390,62,328
E00132435,238,20,218
E00132436,262,78,184
E00132437,223,31,192
E00132438,281,45,236
E00132439,258,38,220
E00132440,239,32,207
E00132441,212,17,195
E00132442,211,23,188
E00132443,307,31,276
E00132444,211,24,187
E00132445,385,47,338
E00132446,291,29,262
E00132447,328,61,267
E00132448,292,51,241
E00132449,204,30,174
E00132450,296,56,240
E00132451,278,64,214
E00132452,317,56,261
E00132453,273,28,245
E00132454,248,21,227
E00132455,221,31,190
E00132456,251,40,211
E00132457,336,64,272
E00132459,228,31,197
E00132460,200,42,158
E00132461,259,51,208
E00132462,224,27,197
E00132463,200,14,186
E00132464,226,36,190
E00132465,236,32,204
E00132466,300,52,248
E00132467,217,28,189
E00132468,355,72,283
E00132469,305,81,224
E00132470,229,20,209
E00132471,300,46,254
E00132472,270,36,234
E00132473,240,17,223
E00132474,168,15,153
E00132475,314,38,276
E00132476,303,66,237
E00132477,304,48,256
E00132478,293,74,219
E00132479,301,44,257
E00132480,282,48,234
E00132481,282,30,252
E00132482,318,66,252
E00132483,211,22,189
E00132484,205,9,196
E00132485,406,54,352
E00132486,444,75,369
E00132487,215,37,178
E00132488,283,47,236
E00132489,297,34,263
E00132490,205,28,177
E00132491,248,31,217
E00132492,265,48,217
E00132493,141,21,120
E00132494,118,29,89
E00132495,279,28,251
E00132496,217,23,194
E00132497,184,21,163
E00132498,178,18,160
E00132499,318,37,281
E00132500,269,31,238
E00132501,264,34,230
E00132502,374,100,274
E00132503,265,52,213
E00132504,417,86,331
E00132506,419,85,334
E00132507,366,58,308
E00132508,319,54,265
E00132509,322,43,279
E00132510,242,46,196
E00132511,146,25,121
E00132512,324,49,275
E00132513,448,40,408
E00132514,506,74,432
E00132515,399,45,354
E00132516,168,18,150
E00132517,212,10,202
E00132518,411,50,361
E00132519,274,24,250
E00132520,253,21,232
E00132521,336,25,311
E00132522,310,28,282
E00132523,179,9,170
E00132524,296,15,281
E00132525,297,27,270
E00132526,284,62,222
E00132527,229,7,222
E00132528,223,17,206
E00132529,214,6,208
E00132530,292,14,278
E00132531,276,34,242
E00132532,250,20,230
E00132533,154,23,131
E00132534,150,16,134
E00132535,340,53,287
E00132536,210,27,183
E00132537,150,17,133
E00132538,131,27,104
E00132539,472,59,413
E00132540,265,39,226
E00132541,449,128,321
E00132542,269,45,224
E00132543,230,46,184
E00132544,219,31,188
E00132545,430,67,363
E00132546,309,58,251
E00132547,251,31,220
E00132548,278,36,242
E00132549,362,71,291
E00132550,496,97,399
E00132551,317,79,238
E00132552,246,39,207
E00132553,259,54,205
E00132554,342,75,267
E00132555,319,39,280
E00132556,272,20,252
E00132557,352,39,313
E00132558,259,4,255
E00132562,296,15,281
E00132563,321,36,285
E00132564,284,52,232
E00132565,310,53,257
E00132566,283,47,236
E00132567,312,34,278
E00132568,279,20,259
E00132569,242,29,213
E00132570,263,47,216
E00132571,183,22,161
E00132572,329,56,273
E00132573,293,76,217
E00132574,354,39,315
E00132575,370,96,274
E00132576,273,22,251
E00132577,125,15,110
E00132578,104,9,95
E00132579,426,27,399
E00132580,348,38,310
E00132581,123,17,106
E00132582,213,23,190
E00132583,351,53,298
E00132584,229,25,204
E00132585,231,16,215
E00132586,229,44,185
E00132587,319,44,275
E00132588,277,45,232
E00132589,258,70,188
E00132590,227,17,210
E00132591,293,31,262
E00132592,457,99,358
E00132593,212,3,209
E00132594,322,58,264
E00132595,323,47,276
E00132596,215,38,177
E00132597,301,55,246
E00132598,253,25,228
E00132599,298,42,256
E00132600,232,23,209
E00132601,353,36,317
E00132602,183,22,161
E00132603,164,23,141
E00132604,254,31,223
E00132605,134,14,120
E00132606,355,28,327
E00132607,199,26,173
E00132608,194,19,175
E00132609,389,34,355
E00132610,302,42,260
E00132611,271,32,239
E00132612,402,53,349
E00132614,401,53,348
E00132615,277,31,246
E00132616,269,34,235
E00132617,233,19,214
E00132618,284,25,259
E00132619,194,22,172
E00132620,267,58,209
E00132621,315,48,267
E00132622,245,46,199
E00132623,367,57,310
E00132624,205,25,180
E00132625,127,24,103
E00132626,281,21,260
E00132628,245,53,192
E00132629,308,42,266
E00132630,259,43,216
E00132632,339,79,260
E00132633,409,132,277
E00132634,261,38,223
E00132636,282,50,232
E00132637,203,32,171
E00132638,331,104,227
E00132639,389,66,323
E00132641,298,55,243
E00132642,291,52,239
E00132643,401,103,298
E00132644,300,84,216
E00132645,359,59,300
E00132646,321,78,243
E00132647,293,79,214
E00132648,323,91,232
E00132649,310,66,244
E00132650,397,63,334
E00132651,322,80,242
E00132652,227,60,167
E00132653,278,16,262
E00132654,318,73,245
E00132655,252,32,220
E00132656,236,26,210
E00132657,434,109,325
E00132658,248,42,206
E00132660,362,81,281
E00132662,234,29,205
E00132663,312,62,250
E00132664,283,40,243
E00132665,204,32,172
E00132666,265,67,198
E00132667,346,95,251
E00132668,276,51,225
E00132669,248,60,188
E00132670,208,44,164
E00132671,266,84,182
E00132672,292,95,197
E00132673,341,63,278
E00132674,249,50,199
E00132675,272,37,235
E00132676,234,23,211
E00132677,299,52,247
E00132678,279,39,240
E00132679,245,30,215
E00132680,271,72,199
E00132681,346,80,266
E00132682,185,23,162
E00132685,325,102,223
E00132686,361,160,201
E00132687,382,136,246
E00132688,278,74,204
E00132689,219,27,192
E00132690,258,39,219
E00132691,350,67,283
E00132692,241,24,217
E00132693,243,42,201
E00132694,306,46,260
E00132696,257,28,229
E00132697,310,40,270
E00132698,261,38,223
E00132699,380,91,289
E00132700,315,45,270
E00132701,258,38,220
E00132702,319,41,278
E00132703,340,83,257
E00132704,342,33,309
E00132707,298,95,203
E00132708,205,20,185
E00132709,508,126,382
E00132710,312,57,255
E00132711,243,31,212
E00132712,265,57,208
E00132713,244,42,202
E00132714,471,88,383
E00132715,311,54,257
E00132716,255,72,183
E00132717,217,29,188
E00132718,446,102,344
E00132719,219,28,191
E00132720,297,45,252
E00132721,246,47,199
E00132722,253,46,207
E00132723,227,40,187
E00132724,292,55,237
E00132725,206,35,171
E00132726,236,50,186
E00132727,306,87,219
E00132728,281,44,237
E00132729,395,78,317
E00132730,305,67,238
E00132731,268,68,200
E00132732,380,54,326
E00132733,298,63,235
E00132734,255,46,209
E00132735,453,308,145
E00132736,236,29,207
E00132737,260,52,208
E00132739,215,18,197
E00132740,345,145,200
E00132741,275,69,206
E00132742,317,127,190
E00132743,441,306,135
E00132744,348,162,186
E00132745,297,140,157
E00132747,458,281,177
E00132748,288,160,128
E00132749,310,119,191
E00132750,346,230,116
E00132751,458,178,280
E00132753,599,406,193
E00132754,388,220,168
E00132755,152,23,129
E00132756,395,310,85
E00132757,319,216,103
E00132759,576,118,458
E00132760,263,46,217
E00132761,549,112,437
E00132762,435,75,360
E00132763,232,47,185
E00132764,184,26,158
E00132765,225,47,178
E00132766,199,45,154
E00132767,266,54,212
E00132768,192,28,164
E00132769,264,47,217
E00132770,281,65,216
E00132771,264,61,203
E00132772,232,39,193
E00132773,351,45,306
E00132774,359,75,284
E00132775,375,66,309
E00132776,285,67,218
E00132777,270,70,200
E00132778,268,68,200
E00132779,217,36,181
E00132780,246,85,161
E00132781,214,40,174
E00132782,296,96,200
E00132783,218,39,179
E00132784,191,23,168
E00132785,218,43,175
E00132786,208,58,150
E00132787,281,53,228
E00132788,282,52,230
E00132790,374,100,274
E00132791,409,125,284
E00132793,331,73,258
E00132794,333,94,239
E00132796,313,71,242
E00132797,379,107,272
E00132798,297,76,221
E00132799,360,89,271
E00132800,306,83,223
E00132801,317,66,251
E00132802,255,37,218
E00132803,188,18,170
E00132804,345,108,237
E00132805,249,36,213
E00132806,213,16,197
E00132807,246,48,198
E00132808,345,90,255
E00132809,317,50,267
E00132810,312,88,224
E00132811,251,28,223
E00132812,278,37,241
E00132813,300,74,226
E00132814,210,27,183
E00132815,223,28,195
E00132816,264,41,223
E00132817,251,26,225
E00132818,241,37,204
E00132819,331,46,285
E00132820,274,45,229
E00132821,218,27,191
E00132822,254,42,212
E00132823,262,32,230
E00132824,247,27,220
E00132825,251,38,213
E00132826,259,25,234
E00132827,285,66,219
E00132828,244,51,193
E00132829,322,52,270
E00132830,281,40,241
E00132831,269,53,216
E00132832,218,27,191
E00132833,218,34,184
E00132834,354,99,255
E00132835,249,29,220
E00132836,276,42,234
E00132837,285,54,231
E00132838,275,40,235
E00132839,275,32,243
E00132840,312,65,247
E00132841,252,53,199
E00132842,285,53,232
E00132843,329,35,294
E00132844,313,95,218
E00132845,272,44,228
E00132846,254,65,189
E00132847,394,114,280
E00132848,343,32,311
E00132849,322,72,250
E00132850,216,30,186
E00132851,385,90,295
E00132852,305,85,220
E00132853,445,125,320
E00132854,343,100,243
E00132855,161,19,142
E00132856,247,48,199
E00132857,197,32,165
E00132858,290,58,232
E00132859,295,48,247
E00132861,342,130,212
E00132862,257,35,222
E00132863,293,45,248
E00132864,283,94,189
E00132865,261,38,223
E00132866,217,19,198
E00132867,320,40,280
E00132868,403,161,242
E00132869,299,44,255
E00132870,370,84,286
E00132871,343,71,272
E00132872,549,208,341
E00132873,223,41,182
E00132874,314,71,243
E00132875,312,53,259
E00132876,246,23,223
E00132877,146,19,127
E00132878,242,19,223
E00132879,276,29,247
E00132880,225,22,203
E00132881,298,44,254
E00132882,372,57,315
E00132883,229,31,198
E00132884,250,45,205
E00132885,227,41,186
E00132886,208,22,186
E00132887,491,167,324
E00132888,336,110,226
E00132889,237,41,196
E00132890,319,117,202
E00132891,236,58,178
E00132892,321,70,251
E00132893,276,41,235
E00132894,223,44,179
E00132895,273,52,221
E00132896,217,20,197
E00132897,387,77,310
E00132898,238,36,202
E00132899,251,43,208
E00132900,250,36,214
E00132901,290,64,226
E00132902,318,45,273
E00132903,271,48,223
E00132904,302,159,143
E00132905,223,33,190
E00132906,310,154,156
E00132907,231,52,179
E00132908,435,163,272
E00132909,334,107,227
E00132910,386,139,247
E00132911,353,134,219
E00132912,396,207,189
E00132913,286,81,205
E00132914,293,89,204
E00132915,394,110,284
E00132916,308,24,284
E00132917,336,118,218
E00132918,313,95,218
E00132919,302,115,187
E00132920,314,60,254
E00132921,246,53,193
E00132922,333,59,274
E00132923,341,50,291
E00132924,244,53,191
E00132925,278,44,234
E00132926,397,113,284
E00132927,247,32,215
E00132928,345,80,265
E00132929,351,43,308
E00132930,169,44,125
E00132931,292,36,256
E00132932,541,62,479
E00132934,461,80,381
E00132935,438,62,376
E00132936,266,38,228
E00132937,306,43,263
E00132938,553,111,442
E00132939,333,48,285
E00132942,510,81,429
E00132943,271,53,218
E00132944,303,40,263
E00132945,250,30,220
E00132946,152,19,133
E00132947,413,60,353
E00132948,354,93,261
E00132949,388,72,316
E00132950,204,28,176
E00132952,476,115,361
E00132953,342,70,272
E00132954,535,117,418
E00132955,244,21,223
E00132956,262,29,233
E00132957,244,21,223
E00132958,260,40,220
E00132959,276,50,226
E00132960,233,28,205
E00132961,275,51,224
E00132962,484,97,387
E00132963,497,121,376
E00132964,325,64,261
E00132965,262,32,230
E00132966,290,30,260
E00132967,359,42,317
E00132968,315,52,263
E00132971,438,80,358
E00132972,264,29,235
E00132973,299,71,228
E00132974,269,42,227
E00132975,273,80,193
E00132977,245,52,193
E00132978,279,77,202
E00132979,345,63,282
E00132980,340,41,299
E00132981,226,21,205
E00132982,256,25,231
E00132983,237,17,220
E00132984,208,43,165
E00132985,312,63,249
E00132986,331,51,280
E00132987,259,36,223
E00132988,358,50,308
E00132989,280,34,246
E00132990,330,63,267
E00132991,475,114,361
E00132992,441,72,369
E00132993,282,39,243
E00132994,476,68,408
E00132995,548,82,466
E00132996,239,45,194
E00132997,237,29,208
E00132998,529,80,449
E00132999,219,50,169
E00133000,403,46,357
E00133002,359,43,316
E00133003,317,46,271
E00133005,284,46,238
E00133006,227,24,203
E00133007,547,85,462
E00133008,305,31,274
E00133009,362,60,302
E00133010,289,19,270
E00133011,420,55,365
E00133012,348,59,289
E00133013,138,41,97
E00133014,274,72,202
E00133016,447,122,325
E00133018,311,70,241
E00133019,255,34,221
E00133021,252,23,229
E00133022,305,45,260
E00133023,424,66,358
E00133024,384,65,319
E00133025,543,91,452
E00133026,115,22,93
E00133027,539,98,441
E00133028,165,21,144
E00133029,405,75,330
E00133030,372,49,323
E00133032,340,28,312
E00133033,253,28,225
E00133034,382,43,339
E00133035,376,88,288
E00133036,307,44,263
E00133037,227,24,203
E00133038,169,12,157
E00133039,343,50,293
E00133040,287,52,235
E00133041,353,58,295
E00133042,273,51,222
E00133043,188,40,148
E00133045,206,35,171
E00133046,320,41,279
E00133047,448,98,350
E00133048,331,58,273
E00133049,249,28,221
E00133050,298,40,258
E00133051,210,23,187
E00133052,272,42,230
E00133053,250,47,203
E00133054,296,38,258
E00133055,292,62,230
E00133056,320,50,270
E00133057,252,36,216
E00133058,254,22,232
E00133059,323,56,267
E00133060,248,24,224
E00133061,296,63,233
E00133062,234,31,203
E00133063,348,57,291
E00133064,284,35,249
E00133065,323,72,251
E00133066,360,44,316
E00133067,334,55,279
E00133068,294,61,233
E00133069,380,40,340
E00133070,486,65,421
E00133071,340,53,287
E00133072,317,57,260
E00133073,435,76,359
E00133074,442,65,377
E00133075,419,76,343
E00133076,235,39,196
E00133077,266,33,233
E00133078,276,18,258
E00133079,264,43,221
E00133080,258,13,245
E00133081,223,17,206
E00133082,140,27,113
E00133083,348,36,312
E00133084,137,22,115
E00133085,111,12,99
E00133086,432,72,360
E00133087,201,24,177
E00133088,305,59,246
E00133089,232,28,204
E00133090,349,50,299
E00133091,267,54,213
E00133092,306,46,260
E00133093,349,52,297
E00133094,363,67,296
E00133095,237,25,212
E00133096,210,27,183
E00133097,265,36,229
E00133098,337,58,279
E00133099,316,66,250
E00133100,246,34,212
E00133101,223,33,190
E00133102,296,64,232
E00133103,252,30,222
E00133104,315,56,259
E00133105,300,50,250
E00133106,379,53,326
E00133107,398,64,334
E00133108,456,99,357
E00133109,215,30,185
E00133110,247,50,197
E00133111,230,27,203
E00133112,263,41,222
E00133113,268,53,215
E00133114,261,39,222
E00133115,269,44,225
E00133116,308,57,251
E00133117,569,109,460
E00133118,250,32,218
E00133119,320,40,280
E00133120,297,41,256
E00133121,240,24,216
E00133122,384,85,299
E00133124,224,12,212
E00133127,232,11,221
E00133128,211,14,197
E00133129,185,19,166
E00133131,286,49,237
E00133132,379,72,307
E00133133,243,26,217
E00133134,258,36,222
E00133135,252,22,230
E00133136,320,43,277
E00133137,293,44,249
E00133138,266,12,254
E00133139,291,52,239
E00133140,287,48,239
E00133141,271,45,226
E00133142,434,70,364
E00133143,199,20,179
E00133144,221,11,210
E00133145,250,28,222
E00133146,245,9,236
E00133147,282,42,240
E00133148,266,46,220
E00133149,217,26,191
E00133150,155,22,133
E00133151,139,11,128
E00133152,403,70,333
E00133153,262,47,215
E00133154,300,29,271
E00133155,223,42,181
E00133156,259,51,208
E00133157,431,80,351
E00133158,383,30,353
E00133159,296,39,257
E00133160,394,69,325
E00133161,327,54,273
E00133162,211,58,153
E00133163,259,67,192
E00133164,241,32,209
E00133165,360,54,306
E00133166,310,44,266
E00133167,312,66,246
E00133168,398,64,334
E00133169,240,27,213
E00133170,345,38,307
E00133171,315,41,274
E00133172,336,44,292
E00133173,276,29,247
E00133174,436,74,362
E00133175,287,40,247
E00133176,276,53,223
E00133177,109,16,93
E00133178,346,54,292
E00133179,426,82,344
E00133180,294,47,247
E00133181,199,23,176
E00133182,320,66,254
E00133183,244,21,223
E00133184,342,28,314
E00133185,319,32,287
E00133186,252,16,236
E00133187,302,49,253
E00133188,256,40,216
E00133189,208,20,188
E00133190,385,76,309
E00133191,516,130,386
E00133192,333,73,260
E00133193,300,55,245
E00133194,244,31,213
E00133195,297,37,260
E00133196,254,49,205
E00133197,253,30,223
E00133198,413,84,329
E00133199,268,46,222
E00133202,217,27,190
E00133203,322,72,250
E00133204,366,115,251
E00133205,422,78,344
E00133206,298,65,233
E00133207,278,41,237
E00133208,315,67,248
E00133209,533,95,438
E00133210,291,53,238
E00133211,428,81,347
E00133212,277,21,256
E00133213,502,91,411
E00133214,263,30,233
E00133215,338,49,289
E00133216,182,26,156
E00133217,208,24,184
E00133218,247,49,198
E00133219,352,67,285
E00133220,311,40,271
E00133223,289,57,232
E00133224,282,42,240
E00133225,515,98,417
E00133226,250,31,219
E00133227,170,22,148
E00133228,365,70,295
E00133229,283,56,227
E00133230,407,82,325
E00133231,425,141,284
E00133232,264,54,210
E00133235,307,46,261
E00133236,382,93,289
E00133237,463,107,356
E00133238,301,51,250
E00133239,264,38,226
E00133240,262,28,234
E00133241,316,47,269
E00133242,256,24,232
E00133243,258,21,237
E00133244,369,53,316
E00133245,173,30,143
E00133246,349,50,299
E00133247,307,80,227
E00133248,401,57,344
E00133249,321,54,267
E00133251,262,39,223
E00133252,357,62,295
E00133253,467,87,380
E00133254,547,116,431
E00133255,324,49,275
E00133256,339,74,265
E00133258,293,60,233
E00133259,353,54,299
E00133260,353,41,312
E00133261,402,75,327
E00133262,275,86,189
E00133263,349,62,287
E00133264,304,46,258
E00133265,412,84,328
E00133266,350,67,283
E00133267,313,58,255
E00133268,265,46,219
E00133269,388,61,327
E00133270,234,24,210
E00133271,222,27,195
E00133272,324,48,276
E00133273,108,13,95
E00133274,456,85,371
E00133275,340,56,284
E00133276,303,29,274
E00133277,343,36,307
E00133278,249,29,220
E00133279,274,25,249
E00133280,396,43,353
E00133281,336,51,285
E00133282,331,52,279
E00133283,291,42,249
E00133284,340,32,308
E00133285,329,27,302
E00133286,255,80,175
E00133287,342,55,287
E00133288,323,61,262
E00133289,241,11,230
E00133290,160,19,141
E00133291,310,36,274
E00133292,197,14,183
E00133293,323,40,283
E00133294,317,64,253
E00133295,453,75,378
E00133296,282,30,252
E00133297,271,42,229
E00133298,235,12,223
E00133299,227,13,214
E00133300,354,49,305
E00133301,217,34,183
E00133302,153,28,125
E00133303,250,28,222
E00133304,317,36,281
E00133305,222,29,193
E00133306,325,38,287
E00133307,254,25,229
E00133308,289,37,252
E00133309,272,37,235
E00133310,405,58,347
E00133311,304,49,255
E00133312,248,38,210
E00133313,251,32,219
E00133314,276,42,234
E00133315,295,48,247
E00133316,399,80,319
E00133317,262,40,222
E00133318,201,9,192
E00133319,302,60,242
E00133320,312,38,274
E00133321,251,24,227
E00133322,226,22,204
E00133323,236,27,209
E00133324,413,88,325
E00133325,282,38,244
E00133326,375,67,308
E00133327,325,51,274
E00133328,298,61,237
E00133329,306,46,260
E00133330,303,57,246
E00133331,323,44,279
E00133332,495,79,416
E00133333,251,20,231
E00133334,113,14,99
E00133335,357,59,298
E00133336,321,34,287
E00133337,315,56,259
E00133338,341,60,281
E00133339,254,27,227
E00133341,257,37,220
E00133342,254,27,227
E00133343,298,33,265
E00133344,275,40,235
E00133345,261,34,227
E00133346,231,15,216
E00133347,372,45,327
E00133348,189,3,186
E00133349,251,30,221
E00133350,212,23,189
E00133351,315,34,281
E00133352,419,51,368
E00133353,212,26,186
E00133354,311,46,265
E00133355,338,50,288
E00133356,433,71,362
E00133357,272,32,240
E00133358,302,46,256
E00133359,336,51,285
E00133360,269,39,230
E00133361,302,48,254
E00133362,288,35,253
E00133363,368,68,300
E00133364,219,38,181
E00133365,268,48,220
E00133366,330,51,279
E00133367,248,37,211
E00133368,271,57,214
E00133369,185,28,157
E00133370,250,41,209
E00133371,257,43,214
E00133372,404,71,333
E00133373,326,40,286
E00133374,312,39,273
E00133376,153,23,130
E00133377,394,38,356
E00133378,273,38,235
E00133379,299,55,244
E00133380,419,59,360
E00133381,342,70,272
E00133382,388,35,353
E00133383,272,59,213
E00133384,338,46,292
E00133385,329,50,279
E00133386,407,46,361
E00133388,322,58,264
E00133389,284,50,234
E00133390,330,44,286
E00133391,331,77,254
E00133392,255,32,223
E00133393,221,13,208
E00133394,515,94,421
E00133395,281,36,245
E00133396,275,51,224
E00133397,310,77,233
E00133398,372,65,307
E00133399,352,28,324
E00133400,328,45,283
E00133401,324,47,277
E00133402,303,52,251
E00133403,393,39,354
E00133404,376,47,329
E00133405,416,84,332
E00133406,410,66,344
E00133407,330,35,295
E00133409,236,25,211
E00133410,369,51,318
E00133411,489,67,422
E00133412,270,33,237
E00133413,332,43,289
E00133414,366,67,299
E00133415,302,48,254
E00133416,329,72,257
E00133417,316,40,276
E00133418,259,40,219
E00133419,296,43,253
E00133420,329,47,282
E00133421,322,68,254
E00133422,190,21,169
E00133423,210,18,192
E00133424,258,53,205
E00133425,565,111,454
E00133426,285,36,249
E00133427,284,48,236
E00133428,351,58,293
E00133429,356,118,238
E00133430,318,66,252
E00133431,374,96,278
E00133432,343,45,298
E00133433,229,29,200
E00133434,336,61,275
E00133435,386,63,323
E00133436,343,54,289
E00133437,333,52,281
E00133438,315,52,263
E00133439,452,62,390
E00133440,328,31,297
E00133441,274,40,234
E00133442,266,27,239
E00133443,331,49,282
E00133444,387,68,319
E00133446,459,81,378
E00133448,255,41,214
E00133449,235,27,208
E00133450,479,100,379
E00133451,286,33,253
E00133452,499,87,412
E00133454,371,70,301
E00133455,352,70,282
E00133456,214,16,198
E00133457,373,45,328
E00133458,220,30,190
E00133459,343,54,289
E00133460,314,40,274
E00133461,304,48,256
E00133462,310,29,281
E00133463,381,71,310
E00133464,186,31,155
E00133465,284,43,241
E00133466,288,69,219
E00133467,241,25,216
E00133469,289,33,256
E00133470,222,38,184
E00133471,276,29,247
E00133472,290,43,247
E00133473,241,50,191
E00133474,209,40,169
E00133475,127,15,112
E00133476,383,47,336
E00133477,391,75,316
E00133478,239,48,191
E00133479,406,62,344
E00133480,366,69,297
E00133481,337,49,288
E00133482,322,35,287
E00133483,457,42,415
E00133484,501,94,407
E00133485,164,27,137
E00133487,286,49,237
E00133488,300,43,257
E00133489,142,32,110
E00133490,361,48,313
E00133491,269,53,216
E00133492,345,52,293
E00133493,417,55,362
E00133494,385,65,320
E00133495,347,56,291
E00133496,384,65,319
E00133497,430,75,355
E00133498,294,55,239
E00133499,277,38,239
E00133500,314,31,283
E00133501,299,74,225
E00133502,296,48,248
E00133503,354,57,297
E00133504,343,68,275
E00133505,409,66,343
E00133506,523,86,437
E00133507,226,26,200
E00133508,325,51,274
E00133509,354,47,307
E00133510,327,59,268
E00133511,261,32,229
E00133512,250,32,218
E00133513,299,37,262
E00133514,221,47,174
E00133515,355,91,264
E00133516,408,74,334
E00133517,269,49,220
E00133518,177,22,155
E00133520,305,66,239
E00133521,251,42,209
E00133522,249,15,234
E00133523,194,18,176
E00133524,200,14,186
E00133525,263,52,211
E00133526,236,27,209
E00133527,301,68,233
E00133528,284,54,230
E00133529,494,106,388
E00133530,252,31,221
E00133531,189,27,162
E00133532,120,9,111
E00133533,189,27,162
E00133534,259,25,234
E00133535,245,47,198
E00133536,506,89,417
E00133537,404,56,348
E00133538,290,28,262
E00133539,367,57,310
E00133540,307,61,246
E00133541,328,56,272
E00133542,343,60,283
E00133543,329,51,278
E00133544,277,57,220
E00133547,283,41,242
E00133548,301,33,268
E00133549,245,29,216
E00133550,292,42,250
E00133551,215,29,186
E00133552,243,36,207
E00133553,243,49,194
E00133554,248,30,218
E00133555,299,43,256
E00133556,255,41,214
E00133557,316,46,270
E00133558,345,60,285
E00133559,267,41,226
E00133560,266,52,214
E00133561,279,53,226
E00133562,228,12,216
E00133563,217,20,197
E00133564,476,72,404
E00133565,292,22,270
E00133566,279,55,224
E00133567,303,61,242
E00133568,318,66,252
E00133569,266,51,215
E00133570,236,42,194
E00133571,392,59,333
E00133572,333,56,277
E00133573,261,25,236
E00133575,209,27,182
E00133576,323,47,276
E00133578,255,22,233
E00133580,320,68,252
E00133581,259,30,229
E00133582,263,36,227
E00133583,256,42,214
E00133584,366,51,315
E00133585,344,66,278
E00133586,258,34,224
E00133587,334,53,281
E00133589,335,54,281
E00133590,139,20,119
E00133591,289,50,239
E00133592,272,51,221
E00133593,264,30,234
E00133594,239,22,217
E00133595,335,74,261
E00133596,291,52,239
E00133597,419,82,337
E00133598,223,23,200
E00133599,320,53,267
E00133600,332,43,289
E00133601,400,69,331
E00133602,348,50,298
E00133603,333,65,268
E00133604,233,29,204
E00133605,243,30,213
E00133606,391,86,305
E00133607,214,29,185
E00133609,274,48,226
E00133610,244,55,189
E00133611,285,56,229
E00133612,300,71,229
E00133613,345,56,289
E00133614,229,30,199
E00133615,252,46,206
E00133616,404,45,359
E00133617,209,24,185
E00133618,356,54,302
E00133619,235,32,203
E00133620,223,38,185
E00133621,309,54,255
E00133622,349,102,247
E00133624,423,132,291
E00133625,298,65,233
E00133626,311,97,214
E00133627,366,76,290
E00133628,355,92,263
E00133629,327,110,217
E00133630,276,62,214
E00133631,298,94,204
E00133632,346,119,227
E00133633,315,95,220
E00133634,259,63,196
E00133635,450,140,310
E00133636,379,55,324
E00133637,329,57,272
E00133638,268,38,230
E00133639,203,26,177
E00133640,218,15,203
E00133641,325,59,266
E00133642,413,87,326
E00133643,290,49,241
E00133644,231,27,204
E00133645,356,70,286
E00133646,337,61,276
E00133647,145,10,135
E00133648,295,73,222
E00133649,199,32,167
E00133650,128,13,115
E00133651,269,35,234
E00133652,391,81,310
E00133653,296,51,245
E00133654,254,37,217
E00133655,271,42,229
E00133656,197,21,176
E00133657,444,90,354
E00133661,434,73,361
E00133662,548,97,451
E00133663,326,72,254
E00133664,163,13,150
E00133665,299,28,271
E00133666,209,24,185
E00133667,282,48,234
E00133669,262,44,218
E00133670,257,32,225
E00133671,221,21,200
E00133672,293,38,255
E00133673,364,29,335
E00133675,248,26,222
E00133676,325,68,257
E00133678,287,51,236
E00133680,353,61,292
E00133681,278,42,236
E00133682,324,41,283
E00133683,243,37,206
E00133684,312,43,269
E00133686,265,31,234
E00133687,241,44,197
E00133688,219,13,206
E00133689,265,35,230
E00133690,428,76,352
E00133691,270,24,246
E00133692,451,89,362
E00133693,263,40,223
E00133694,329,37,292
E00133695,201,51,150
E00133698,262,38,224
E00133699,246,42,204
E00133700,275,42,233
E00133701,267,28,239
E00133702,297,57,240
E00133703,299,60,239
E00133704,315,70,245
E00133705,330,68,262
E00133706,229,19,210
E00133707,352,67,285
E00133708,253,47,206
E00133709,252,49,203
E00133710,325,92,233
E00133711,322,74,248
E00133712,275,51,224
E00133713,278,43,235
E00133714,340,81,259
E00133715,282,65,217
E00133716,323,80,243
E00133717,202,12,190
E00133718,248,38,210
E00133719,328,101,227
E00133720,279,66,213
E00133721,307,54,253
E00133722,287,64,223
E00133723,276,63,213
E00133724,262,64,198
E00133725,272,60,212
E00133726,244,29,215
E00133727,344,45,299
E00133728,322,63,259
E00133729,289,64,225
E00133730,316,53,263
E00133731,203,23,180
E00133732,150,21,129
E00133733,147,25,122
E00133734,293,45,248
E00133735,144,20,124
E00133736,508,116,392
E00133737,243,45,198
E00133738,390,66,324
E00133739,298,48,250
E00133740,231,55,176
E00133741,280,32,248
E00133742,511,98,413
E00133743,402,45,357
E00133744,260,32,228
E00133745,295,62,233
E00133747,132,20,112
E00133748,309,45,264
E00133750,307,41,266
E00133751,273,38,235
E00133752,153,25,128
E00133753,206,26,180
E00133754,206,21,185
E00133755,171,32,139
E00133756,318,66,252
E00133757,298,42,256
E00133758,155,21,134
E00133759,297,45,252
E00133760,405,78,327
E00133761,450,71,379
E00133762,449,83,366
E00133763,134,19,115
E00133764,427,72,355
E00133765,290,24,266
E00133766,334,40,294
E00133767,290,44,246
E00133769,317,37,280
E00133770,315,52,263
E00133772,306,78,228
E00133773,308,51,257
E00133774,304,48,256
E00133775,311,50,261
E00133776,246,41,205
E00133777,187,22,165
E00133778,328,76,252
E00133779,309,36,273
E00133780,295,48,247
E00133781,251,11,240
E00133782,228,28,200
E00133783,305,52,253
E00133784,274,30,244
E00133785,275,53,222
E00133786,258,53,205
E00133787,459,72,387
E00133788,156,31,125
E00133789,361,54,307
E00133790,319,52,267
E00133791,281,71,210
E00133792,233,24,209
E00133793,303,42,261
E00133794,350,90,260
E00133795,332,61,271
E00133796,280,31,249
E00133797,312,41,271
E00133798,266,42,224
E00133799,212,25,187
E00133800,397,78,319
E00133801,471,79,392
E00133802,270,54,216
E00133803,271,50,221
E00133804,210,24,186
E00133805,428,85,343
E00133806,364,54,310
E00133807,336,65,271
E00133808,325,48,277
E00133809,216,57,159
E00133810,364,104,260
E00133811,312,96,216
E00133812,370,57,313
E00133813,297,42,255
E00133814,263,29,234
E00133815,300,47,253
E00133816,292,63,229
E00133817,309,29,280
E00133818,274,37,237
E00133819,359,64,295
E00133820,271,54,217
E00133821,289,59,230
E00133822,256,38,218
E00133823,244,52,192
E00133824,263,56,207
E00133825,395,63,332
E00133826,255,5,250
E00133827,278,32,246
E00133828,185,14,171
E00133829,227,47,180
E00133830,231,24,207
E00133831,292,61,231
E00133832,227,55,172
E00133833,329,75,254
E00133834,282,38,244
E00133835,373,92,281
E00133836,349,64,285
E00133837,249,39,210
E00133838,352,54,298
E00133839,201,27,174
E00133840,212,44,168
E00133841,264,37,227
E00133842,344,80,264
E00133843,238,53,185
E00133844,320,70,250
E00133845,213,17,196
E00133846,220,37,183
E00133847,179,27,152
E00133848,234,15,219
E00133849,379,118,261
E00133850,189,16,173
E00133851,249,39,210
E00133852,308,30,278
E00133853,258,30,228
E00133854,213,10,203
E00133855,436,52,384
E00133856,229,34,195
E00133857,208,19,189
E00133858,215,27,188
E00133859,308,56,252
E00133860,179,21,158
E00133861,235,33,202
E00133862,280,42,238
E00133863,233,26,207
E00133864,497,126,371
E00133865,253,51,202
E00133866,145,18,127
E00133867,218,36,182
E00133868,242,25,217
E00133869,269,46,223
E00133870,266,43,223
E00133871,260,44,216
E00133872,252,41,211
E00133873,317,49,268
E00133874,378,68,310
E00133875,368,73,295
E00133876,482,85,397
E00133877,326,46,280
E00133878,217,21,196
E00133879,345,56,289
E00133880,301,61,240
E00133881,269,43,226
E00133882,256,47,209
E00133883,249,68,181
E00133884,275,54,221
E00133885,236,26,210
E00133886,299,61,238
E00133887,273,52,221
E00133888,257,32,225
E00133889,216,33,183
E00133890,281,71,210
E00133891,244,30,214
E00133892,270,38,232
E00133893,353,66,287
E00133894,253,43,210
E00133895,292,47,245
E00133896,309,77,232
E00133898,328,69,259
E00133900,272,40,232
E00133901,361,76,285
E00133902,268,46,222
E00133903,323,54,269
E00133904,292,67,225
E00133905,286,35,251
E00133906,256,31,225
E00133907,252,29,223
E00133908,440,63,377
E00133909,352,37,315
E00133910,293,59,234
E00133911,303,43,260
E00133912,441,64,377
E00133913,447,82,365
E00133914,482,92,390
E00133915,330,48,282
E00133916,293,68,225
E00133917,415,49,366
E00133918,328,63,265
E00133919,374,107,267
E00133920,375,84,291
E00133921,297,37,260
E00133922,286,55,231
E00133923,283,24,259
E00133924,447,58,389
E00133927,216,37,179
E00133928,268,54,214
E00133929,294,4,290
E00133930,330,47,283
E00133931,239,45,194
E00133932,545,114,431
E00133933,173,20,153
E00133934,343,42,301
E00133935,314,40,274
E00133937,345,52,293
E00133938,210,15,195
E00133939,366,87,279
E00133940,299,31,268
E00133941,296,60,236
E00133942,160,19,141
E00133943,286,42,244
E00133944,505,122,383
E00133945,304,54,250
E00133946,246,23,223
E00133947,294,64,230
E00133948,253,19,234
E00133949,524,103,421
E00133950,241,45,196
E00133951,311,38,273
E00133952,247,26,221
E00133953,262,28,234
E00133954,242,40,202
E00133955,329,60,269
E00133956,229,26,203
E00133957,256,28,228
E00133959,523,108,415
E00133960,252,26,226
E00133962,325,42,283
E00133963,255,42,213
E00133964,228,27,201
E00133965,305,51,254
E00133966,275,59,216
E00133967,320,63,257
E00133968,283,62,221
E00133969,375,68,307
E00133970,274,45,229
E00133971,528,106,422
E00133972,344,87,257
E00133973,273,40,233
E00133974,176,43,133
E00133975,204,31,173
E00133976,242,45,197
E00133977,267,28,239
E00133978,313,54,259
E00133981,475,85,390
E00133982,144,25,119
E00133983,145,29,116
E00133984,138,30,108
E00133985,318,70,248
E00133988,260,37,223
E00133989,496,141,355
E00133990,310,70,240
E00133991,292,82,210
E00133992,250,40,210
E00133993,303,37,266
E00133994,251,67,184
E00133995,282,80,202
E00133996,248,62,186
E00133997,249,62,187
E00133998,309,80,229
E00133999,258,55,203
E00134000,284,42,242
E00134001,237,70,167
E00134002,290,67,223
E00134003,379,121,258
E00134004,261,28,233
E00134005,397,72,325
E00134006,238,41,197
E00134007,253,44,209
E00134008,325,45,280
E00134009,219,31,188
E00134010,260,28,232
E00134011,299,60,239
E00134012,279,69,210
E00134014,340,89,251
E00134015,280,50,230
E00134016,254,54,200
E00134017,240,59,181
E00134018,408,80,328
E00134019,417,105,312
E00134020,297,72,225
E00134021,240,52,188
E00134022,272,72,200
E00134023,284,44,240
E00134024,260,36,224
E00134025,234,44,190
E00134026,334,71,263
E00134027,421,65,356
E00134029,217,36,181
E00134030,259,30,229
E00134031,276,47,229
E00134033,196,25,171
E00134034,320,49,271
E00134035,246,18,228
E00134036,243,47,196
E00134037,327,66,261
E00134038,214,30,184
E00134039,387,45,342
E00134040,517,119,398
E00134041,273,47,226
E00134042,105,20,85
E00134043,450,64,386
E00134044,126,22,104
E00134045,101,13,88
E00134046,370,49,321
E00134047,123,6,117
E00134048,302,42,260
E00134049,219,55,164
E00134050,321,69,252
E00134051,108,10,98
E00134052,433,82,351
E00134053,415,65,350
E00134054,188,28,160
E00134055,319,40,279
E00134056,206,41,165
E00134057,241,41,200
E00134058,230,35,195
E00134059,291,30,261
E00134060,261,48,213
E00134061,325,39,286
E00134062,305,35,270
E00134063,228,37,191
E00134064,262,26,236
E00134065,249,38,211
E00134066,232,31,201
E00134067,443,52,391
E00134068,219,37,182
E00134069,164,25,139
E00134070,144,32,112
E00134071,249,28,221
E00134073,440,73,367
E00134075,227,22,205
E00134076,302,63,239
E00134077,271,47,224
E00134078,263,33,230
E00134079,449,72,377
E00134080,299,35,264
E00134081,314,38,276
E00134082,172,22,150
E00134083,280,35,245
E00134084,256,35,221
E00134085,217,22,195
E00134086,377,56,321
E00134088,377,54,323
E00134089,233,32,201
E00134090,204,18,186
E00134091,312,59,253
E00134092,332,45,287
E00134093,266,33,233
E00134095,276,30,246
E00134096,266,32,234
E00134098,416,62,354
E00134099,224,32,192
E00134100,248,19,229
E00134101,292,38,254
E00134102,282,34,248
E00134103,350,53,297
E00134104,198,16,182
E00134105,305,43,262
E00134106,288,44,244
E00134107,146,32,114
E00134108,187,27,160
E00134110,202,47,155
E00134111,366,58,308
E00134112,394,45,349
E00134113,233,21,212
E00134114,218,31,187
E00134116,346,73,273
E00134117,229,33,196
E00134118,253,18,235
E00134119,194,17,177
E00134120,184,15,169
E00134121,480,88,392
E00134122,391,60,331
E00134123,213,27,186
E00134124,102,7,95
E00134125,135,12,123
E00134126,105,13,92
E00134129,221,42,179
E00134130,298,40,258
E00134131,265,44,221
E00134132,380,72,308
E00134133,288,38,250
E00134134,408,108,300
E00134135,567,119,448
E00134136,219,47,172
E00134137,203,48,155
E00134138,289,30,259
E00134139,398,65,333
E00134140,133,21,112
E00134141,281,40,241
E00134143,301,57,244
E00134144,403,67,336
E00134145,309,48,261
E00134146,249,26,223
E00134147,425,93,332
E00134148,218,33,185
E00134149,315,48,267
E00134150,307,44,263
E00134151,285,47,238
E00134152,351,59,292
E00134153,510,88,422
E00134154,285,29,256
E00134155,315,57,258
E00134156,299,44,255
E00134157,337,42,295
E00134158,236,29,207
E00134159,309,48,261
E00134160,258,42,216
E00134161,372,74,298
E00134162,310,74,236
E00134163,310,52,258
E00134164,521,131,390
E00134165,248,34,214
E00134166,286,51,235
E00134167,342,57,285
E00134168,205,27,178
E00134169,527,102,425
E00134170,245,24,221
E00134171,327,25,302
E00134172,240,33,207
E00134173,461,105,356
E00134174,296,26,270
E00134175,443,44,399
E00134176,387,46,341
E00134177,276,37,239
E00134178,431,57,374
E00134179,351,49,302
E00134180,277,1,276
E00134181,255,0,255
E00134182,356,67,289
E00134183,323,45,278
E00134184,481,62,419
E00134185,367,53,314
E00134186,365,55,310
E00134187,224,30,194
E00134188,322,42,280
E00134189,258,35,223
E00134190,476,72,404
E00134191,206,32,174
E00134192,211,37,174
E00134193,455,88,367
E00134194,303,20,283
E00134195,372,78,294
E00134196,318,57,261
E00134197,317,60,257
E00134198,299,56,243
E00134200,404,119,285
E00134201,473,94,379
E00134202,259,51,208
E00134203,295,54,241
E00134204,199,24,175
E00134205,430,81,349
E00134206,206,33,173
E00134207,171,32,139
E00134208,322,51,271
E00134209,347,69,278
E00134210,220,39,181
E00134211,178,10,168
E00134212,194,30,164
E00134213,374,81,293
E00134214,282,46,236
E00134216,283,33,250
E00134217,307,60,247
E00134219,284,43,241
E00134220,280,41,239
E00134221,257,43,214
E00134222,270,52,218
E00134223,125,22,103
E00134224,316,59,257
E00134225,396,54,342
E00134226,508,61,447
E00134227,240,33,207
E00134228,389,85,304
E00134229,373,59,314
E00134230,242,31,211
E00134231,262,42,220
E00134232,210,29,181
E00134233,316,68,248
E00134234,456,69,387
E00134235,261,40,221
E00134236,224,31,193
E00134237,183,28,155
E00134238,287,29,258
E00134239,377,58,319
E00134240,292,34,258
E00134242,352,51,301
E00134243,376,60,316
E00134244,279,45,234
E00134245,282,51,231
E00134246,294,66,228
E00134247,271,22,249
E00134248,250,15,235
E00134249,247,33,214
E00134251,208,23,185
E00134253,275,43,232
E00134254,359,43,316
E00134255,322,48,274
E00134256,233,22,211
E00134257,294,49,245
E00134258,391,91,300
E00134260,352,68,284
E00134261,272,23,249
E00134262,287,80,207
E00134263,335,47,288
E00134264,265,46,219
E00134265,237,29,208
E00134266,253,41,212
E00134267,276,42,234
E00134268,304,44,260
E00134269,322,28,294
E00134270,288,39,249
E00134271,383,57,326
E00134272,389,89,300
E00134273,231,17,214
E00134274,353,70,283
E00134275,307,31,276
E00134276,254,60,194
E00134277,316,70,246
E00134278,414,64,350
E00134280,411,97,314
E00134281,353,53,300
E00134282,248,49,199
E00134283,270,69,201
E00134284,300,58,242
E00134287,280,48,232
E00134288,218,30,188
E00134289,266,43,223
E00134290,255,27,228
E00134291,311,45,266
E00134292,286,33,253
E00134293,419,77,342
E00134294,209,21,188
E00134295,278,43,235
E00134296,194,28,166
E00134297,197,28,169
E00134299,307,44,263
E00134300,238,24,214
E00134301,243,34,209
E00134302,252,28,224
E00134303,273,51,222
E00134304,246,52,194
E00134305,258,27,231
E00134306,275,31,244
E00134307,360,79,281
E00134308,263,86,177
E00134309,242,34,208
E00134310,195,17,178
E00134311,258,32,226
E00134312,229,39,190
E00134313,273,34,239
E00134314,221,23,198
E00134315,310,65,245
E00134316,309,55,254
E00134317,241,39,202
E00134318,332,53,279
E00134319,486,81,405
E00134320,213,27,186
E00134321,321,52,269
E00134322,255,26,229
E00134323,256,51,205
E00134324,341,58,283
E00134325,301,77,224
E00134326,262,39,223
E00134327,263,40,223
E00134328,380,44,336
E00134329,279,28,251
E00134330,400,57,343
E00134331,345,42,303
E00134332,309,39,270
E00134333,372,37,335
E00134334,316,33,283
E00134335,220,17,203
E00134336,240,51,189
E00134337,242,52,190
E00134338,355,57,298
E00134339,245,42,203
E00134341,287,30,257
E00134343,365,50,315
E00134344,335,43,292
E00134345,291,34,257
E00134346,345,44,301
E00134347,341,65,276
E00134348,427,80,347
E00134349,241,25,216
E00134351,295,46,249
E00134352,317,42,275
E00134353,283,36,247
E00134354,152,16,136
E00134355,168,28,140
E00134356,359,51,308
E00134357,198,33,165
E00134358,150,15,135
E00134359,254,33,221
E00134360,193,41,152
E00134361,325,55,270
E00134362,244,43,201
E00134363,361,67,294
E00134364,142,35,107
E00134365,172,22,150
E00134366,152,32,120
E00134367,256,38,218
E00134368,297,48,249
E00134369,138,26,112
E00134370,347,43,304
E00134372,422,57,365
E00134373,392,50,342
E00134376,221,27,194
E00134378,310,58,252
E00134379,297,41,256
E00134380,393,50,343
E00134381,286,38,248
E00134382,107,14,93
E00134383,213,12,201
E00134384,369,64,305
E00134385,179,17,162
E00134386,252,28,224
E00134387,270,37,233
E00134388,218,23,195
E00134389,261,35,226
E00134390,297,44,253
E00134391,130,15,115
E00134392,364,67,297
E00134393,301,28,273
E00134394,241,26,215
E00134397,483,101,382
E00134398,248,48,200
E00134399,275,33,242
E00134400,334,44,290
E00134401,166,23,143
E00134402,270,32,238
E00134403,277,46,231
E00134406,118,6,112
E00134407,248,48,200
E00134408,301,71,230
E00134409,256,36,220
E00134413,290,30,260
E00134414,204,33,171
E00134416,363,60,303
E00134417,443,84,359
E00134418,422,97,325
E00134419,327,47,280
E00134420,258,38,220
E00134421,317,45,272
E00134422,416,76,340
E00134423,383,54,329
E00134424,345,66,279
E00134425,304,47,257
E00134426,429,48,381
E00134427,300,26,274
E00134428,211,21,190
E00134429,114,28,86
E00134430,110,17,93
E00134431,258,39,219
E00134432,226,24,202
E00134433,334,75,259
E00134434,276,42,234
E00134435,240,30,210
E00134436,280,43,237
E00134437,364,64,300
E00134438,283,35,248
E00134439,279,62,217
E00134440,328,77,251
E00134441,276,49,227
E00134442,306,49,257
E00134443,279,27,252
E00134444,304,62,242
E00134446,255,35,220
E00134447,255,39,216
E00134448,426,36,390
E00134449,241,24,217
E00134450,273,24,249
E00134451,231,31,200
E00134453,352,44,308
E00134454,258,17,241
E00134455,278,26,252
E00134456,199,24,175
E00134457,222,8,214
E00134458,246,16,230
E00134459,261,34,227
E00134460,341,62,279
E00134462,212,13,199
E00134463,339,31,308
E00134464,233,17,216
E00134465,260,77,183
E00134466,249,27,222
E00134467,255,23,232
E00134468,255,48,207
E00134469,259,41,218
E00134470,126,10,116
E00134472,457,48,409
E00134473,373,77,296
E00134475,411,72,339
E00134476,292,45,247
E00134477,263,49,214
E00134478,469,47,422
E00134479,395,50,345
E00134480,267,43,224
E00134481,290,33,257
E00134482,297,45,252
E00134483,360,72,288
E00134484,259,51,208
E00134485,277,21,256
E00134487,281,57,224
E00134488,454,58,396
E00134491,257,42,215
E00134492,282,31,251
E00134493,284,54,230
E00134494,361,134,227
E00134495,285,46,239
E00134497,318,92,226
E00134498,303,94,209
E00134499,355,112,243
E00134500,383,114,269
E00134501,410,126,284
E00134502,238,23,215
E00134503,249,24,225
E00134504,347,75,272
E00134505,314,71,243
E00134506,270,23,247
E00134507,199,28,171
E00134508,277,36,241
E00134509,324,24,300
E00134510,278,42,236
E00134511,234,23,211
E00134512,327,43,284
E00134513,349,37,312
E00134514,291,30,261
E00134515,251,42,209
E00134516,283,32,251
E00134517,284,40,244
E00134518,271,62,209
E00134519,292,45,247
E00134520,193,37,156
E00134521,383,69,314
E00134522,272,44,228
E00134523,250,33,217
E00134524,294,60,234
E00134525,312,47,265
E00134526,315,58,257
E00134527,260,33,227
E00134528,283,50,233
E00134529,252,39,213
E00134530,271,53,218
E00134531,250,43,207
E00134533,238,28,210
E00134534,311,45,266
E00134535,320,64,256
E00134536,305,43,262
E00134537,264,38,226
E00134538,374,68,306
E00134540,276,40,236
E00134541,271,77,194
E00134542,299,50,249
E00134543,269,32,237
E00134544,266,76,190
E00134545,327,52,275
E00134546,333,80,253
E00134547,305,73,232
E00134548,316,74,242
E00134549,222,37,185
E00134550,337,72,265
E00134551,331,65,266
E00134552,241,33,208
E00134553,340,73,267
E00134554,256,45,211
E00134555,429,100,329
E00134556,297,47,250
E00134557,289,79,210
E00134558,382,111,271
E00134559,288,57,231
E00134560,311,46,265
E00134561,305,87,218
E00134562,308,67,241
E00134563,330,64,266
E00134564,495,58,437
E00134565,344,62,282
E00134566,444,70,374
E00134567,257,39,218
E00134568,297,45,252
E00134569,291,48,243
E00134570,325,53,272
E00134571,283,50,233
E00134572,281,25,256
E00134573,232,30,202
E00134574,319,30,289
E00134575,364,45,319
E00134576,351,44,307
E00134577,250,47,203
E00134578,315,50,265
E00134579,255,43,212
E00134580,277,34,243
E00134581,268,39,229
E00134582,323,59,264
E00134583,270,39,231
E00134584,257,37,220
E00134585,445,64,381
E00134586,341,57,284
E00134587,375,59,316
E00134588,319,57,262
E00134589,376,46,330
E00134590,387,52,335
E00134591,445,68,377
E00134592,259,24,235
E00134593,292,35,257
E00134594,423,34,389
E00134595,282,64,218
E00134596,489,82,407
E00134597,272,13,259
E00134598,275,49,226
E00134601,289,34,255
E00134603,240,23,217
E00134604,246,16,230
E00134606,289,43,246
E00134607,240,44,196
E00134608,275,61,214
E00134609,244,34,210
E00134610,303,26,277
E00134611,287,17,270
E00134612,282,25,257
E00134613,374,38,336
E00134614,380,62,318
E00134615,365,40,325
E00134616,302,39,263
E00134617,313,48,265
E00134618,115,16,99
E00134619,433,73,360
E00134620,330,67,263
E00134621,356,36,320
E00134622,383,46,337
E00134623,316,58,258
E00134624,280,29,251
E00134625,119,12,107
E00134626,328,53,275
E00134627,247,19,228
E00134628,306,46,260
E00134629,310,42,268
E00134630,272,48,224
E00134631,321,50,271
E00134632,263,42,221
E00134633,254,25,229
E00134634,484,101,383
E00134635,244,36,208
E00134636,332,49,283
E00134637,324,48,276
E00134638,410,67,343
E00134639,426,66,360
E00134640,215,18,197
E00134641,260,24,236
E00134642,250,23,227
E00134643,308,46,262
E00134644,253,33,220
E00134645,240,43,197
E00134646,316,39,277
E00134647,197,34,163
E00134648,296,40,256
E00134649,246,13,233
E00134650,271,38,233
E00134651,257,39,218
E00134652,223,17,206
E00134653,333,56,277
E00134654,272,37,235
E00134655,217,43,174
E00134656,278,39,239
E00134657,287,36,251
E00134658,204,12,192
E00134659,247,60,187
E00134661,309,53,256
E00134662,289,32,257
E00134663,262,37,225
E00134664,244,40,204
E00134665,250,31,219
E00134666,254,34,220
E00134668,306,56,250
E00134669,180,18,162
E00134670,260,38,222
E00134671,250,46,204
E00134672,279,36,243
E00134673,245,33,212
E00134674,399,39,360
E00134675,233,24,209
E00134676,465,84,381
E00134677,312,33,279
E00134678,109,10,99
E00134679,329,46,283
E00134680,154,31,123
E00134681,296,40,256
E00134682,267,73,194
E00134683,167,22,145
E00134684,202,32,170
E00134686,402,90,312
E00134687,352,60,292
E00134688,346,44,302
E00134689,264,43,221
E00134690,484,72,412
E00134691,301,58,243
E00134692,284,26,258
E00134693,316,57,259
E00134694,272,39,233
E00134695,156,35,121
E00134696,218,29,189
E00134697,407,61,346
E00134698,387,74,313
E00134699,319,49,270
E00134700,348,38,310
E00134701,360,54,306
E00134702,290,44,246
E00134703,273,22,251
E00134704,302,34,268
E00134705,284,49,235
E00134706,481,64,417
E00134707,269,36,233
E00134708,381,45,336
E00134709,319,72,247
E00134710,276,42,234
E00134711,315,55,260
E00134713,169,18,151
E00134714,258,33,225
E00134715,220,36,184
E00134716,232,52,180
E00134717,260,20,240
E00134718,378,49,329
E00134719,243,28,215
E00134720,215,35,180
E00134721,204,26,178
E00134722,349,60,289
E00134723,374,79,295
E00134724,324,48,276
E00134725,314,51,263
E00134726,268,38,230
E00134727,291,36,255
E00134728,326,47,279
E00134729,325,54,271
E00134730,189,25,164
E00134731,274,36,238
E00134732,313,54,259
E00134733,328,60,268
E00134734,359,55,304
E00134735,308,53,255
E00134736,228,36,192
E00134737,411,66,345
E00134738,178,36,142
E00134739,214,21,193
E00134740,221,35,186
E00134741,221,41,180
E00134742,159,19,140
E00134743,298,63,235
E00134744,267,39,228
E00134745,201,18,183
E00134746,340,37,303
E00134747,394,51,343
E00134748,361,61,300
E00134749,490,120,370
E00134750,390,82,308
E00134751,293,61,232
E00134752,193,42,151
E00134753,339,79,260
E00134754,171,19,152
E00134755,184,22,162
E00134756,260,59,201
E00134757,318,41,277
E00134758,168,20,148
E00134759,248,49,199
E00134760,237,14,223
E00134761,312,25,287
E00134762,261,28,233
E00134763,334,50,284
E00134764,346,46,300
E00134765,261,39,222
E00134766,324,55,269
E00134767,418,73,345
E00134768,351,46,305
E00134769,297,49,248
E00134770,233,37,196
E00134771,244,35,209
E00134772,341,43,298
E00134773,346,52,294
E00134774,289,48,241
E00134775,200,35,165
E00134776,204,33,171
E00134777,202,33,169
E00134778,250,55,195
E00134779,202,30,172
E00134780,289,54,235
E00134781,230,28,202
E00134782,355,37,318
E00134783,360,49,311
E00134784,223,41,182
E00134785,400,51,349
E00134786,300,43,257
E00134787,376,53,323
E00134788,229,28,201
E00134789,236,12,224
E00134790,267,33,234
E00134791,263,28,235
E00134792,270,42,228
E00134793,255,38,217
E00134794,254,36,218
E00134795,267,23,244
E00134796,263,38,225
E00134797,255,27,228
E00134798,269,29,240
E00134799,297,31,266
E00134800,251,40,211
E00134801,298,43,255
E00134802,252,61,191
E00134803,250,48,202
E00134804,286,46,240
E00134805,219,29,190
E00134806,277,40,237
E00134807,147,17,130
E00134808,240,51,189
E00134809,270,32,238
E00134810,263,35,228
E00134811,324,68,256
E00134812,304,47,257
E00134813,304,54,250
E00134814,370,65,305
E00134815,311,41,270
E00134816,285,36,249
E00134817,269,28,241
E00134818,257,29,228
E00134819,275,59,216
E00134820,303,55,248
E00134821,254,38,216
E00134822,412,59,353
E00134823,269,41,228
E00134824,253,18,235
E00134825,241,30,211
E00134826,389,57,332
E00134827,202,41,161
E00134828,397,48,349
E00134829,261,36,225
E00134830,330,83,247
E00134831,334,57,277
E00134832,328,72,256
E00134833,349,59,290
E00134834,193,4,189
E00134835,238,55,183
E00134836,146,17,129
E00134837,358,56,302
E00134838,374,82,292
E00134839,453,84,369
E00134840,283,49,234
E00134841,527,107,420
E00134842,268,29,239
E00134844,326,66,260
E00134845,234,65,169
E00134846,245,35,210
E00134847,277,44,233
E00134848,288,72,216
E00134850,404,53,351
E00134851,399,83,316
E00134852,245,40,205
E00134853,337,67,270
E00134854,260,29,231
E00134855,303,67,236
E00134856,355,41,314
E00134857,326,65,261
E00134858,457,58,399
E00134859,265,35,230
E00134860,230,22,208
E00134861,295,43,252
E00134862,326,93,233
E00134863,504,86,418
E00134864,278,36,242
E00134865,328,49,279
E00134866,300,55,245
E00134867,252,25,227
E00134868,301,40,261
E00134869,274,35,239
E00134870,258,40,218
E00134871,277,41,236
E00134872,298,31,267
E00134873,281,36,245
E00134874,374,47,327
E00134875,250,31,219
E00134876,344,80,264
E00134877,239,32,207
E00134878,278,39,239
E00134879,181,10,171
E00134880,238,23,215
E00134882,259,30,229
E00134883,258,44,214
E00134884,236,29,207
E00134885,417,63,354
E00134887,322,43,279
E00134888,248,36,212
E00134889,238,45,193
E00134890,378,57,321
E00134891,301,32,269
E00134892,385,77,308
E00134893,263,44,219
E00134894,258,41,217
E00134895,255,40,215
E00134896,469,117,352
E00134897,332,53,279
E00134898,263,39,224
E00134899,250,41,209
E00134900,264,38,226
E00134901,241,34,207
E00134902,233,35,198
E00134905,229,40,189
E00134906,282,37,245
E00134907,266,46,220
E00134908,228,42,186
E00134909,255,30,225
E00134910,266,34,232
E00134911,255,38,217
E00134912,110,17,93
E00134913,338,76,262
E00134914,299,53,246
E00134915,274,37,237
E00134916,258,26,232
E00134917,245,22,223
E00134918,280,28,252
E00134919,273,35,238
E00134920,268,45,223
E00134921,270,44,226
E00134922,239,25,214
E00134923,293,43,250
E00134924,294,56,238
E00134925,293,73,220
E00134926,308,32,276
E00134927,253,48,205
E00134928,284,45,239
E00134929,291,56,235
E00134930,230,32,198
E00134931,288,49,239
E00134932,199,42,157
E00134933,316,47,269
E00134934,242,28,214
E00134935,218,26,192
E00134936,307,64,243
E00134937,284,36,248
E00134938,207,31,176
E00134939,259,45,214
E00134940,316,57,259
E00134941,247,28,219
E00134942,290,40,250
E00134943,243,25,218
E00134944,192,28,164
E00134945,231,22,209
E00134946,220,14,206
E00134947,260,23,237
E00134948,334,61,273
E00134949,244,24,220
E00134950,245,25,220
E00134952,249,28,221
E00134953,249,23,226
E00134954,317,51,266
E00134955,281,55,226
E00134956,237,24,213
E00134957,236,36,200
E00134958,321,54,267
E00134959,278,58,220
E00134960,237,18,219
E00134962,258,31,227
E00134963,216,14,202
E00134964,252,25,227
E00134965,218,14,204
E00134966,507,122,385
E00134967,488,52,436
E00134968,343,75,268
E00134969,296,46,250
E00134970,218,35,183
E00134971,360,88,272
E00134972,228,36,192
E00134973,300,55,245
E00134974,258,64,194
E00134975,280,68,212
E00134976,183,17,166
E00134977,190,15,175
E00134978,255,41,214
E00134979,254,26,228
E00134980,408,87,321
E00134981,266,43,223
E00134982,174,31,143
E00134983,318,51,267
E00134984,281,71,210
E00134985,240,27,213
E00134986,264,55,209
E00134987,225,20,205
E00134988,273,43,230
E00134989,244,23,221
E00134990,259,42,217
E00134991,289,42,247
E00134992,283,56,227
E00134993,316,58,258
E00134994,291,51,240
E00134995,191,24,167
E00134996,307,41,266
E00134997,333,68,265
E00134998,297,53,244
E00134999,327,56,271
E00135000,263,33,230
E00135001,262,45,217
E00135002,266,53,213
E00135003,283,49,234
E00135004,328,56,272
E00135005,267,30,237
E00135006,231,36,195
E00135007,297,44,253
E00135008,272,46,226
E00135009,233,43,190
E00135010,261,35,226
E00135011,274,50,224
E00135012,141,3,138
E00135013,235,36,199
E00135014,279,56,223
E00135015,202,19,183
E00135016,261,32,229
E00135017,262,34,228
E00135018,300,49,251
E00135019,231,32,199
E00135020,287,45,242
E00135021,238,39,199
E00135022,234,33,201
E00135023,351,50,301
E00135024,278,59,219
E00135025,220,17,203
E00135026,268,51,217
E00135027,257,60,197
E00135028,332,41,291
E00135029,306,52,254
E00135030,244,50,194
E00135031,290,59,231
E00135032,247,48,199
E00135033,210,15,195
E00135034,287,57,230
E00135035,270,52,218
E00135037,279,55,224
E00135038,336,54,282
E00135039,372,52,320
E00135040,279,32,247
E00135041,295,54,241
E00135042,341,52,289
E00135043,248,55,193
E00135044,368,92,276
E00135045,238,45,193
E00135046,490,120,370
E00135047,308,64,244
E00135048,514,87,427
E00135049,334,76,258
E00135050,500,92,408
E00135051,315,51,264
E00135052,369,69,300
E00135053,359,55,304
E00135054,339,51,288
E00135055,269,35,234
E00135056,403,49,354
E00135057,143,21,122
E00135058,135,10,125
E00135059,186,9,177
E00135060,219,20,199
E00135061,235,21,214
E00135062,245,27,218
E00135063,326,41,285
E00135064,404,81,323
E00135065,354,75,279
E00135067,268,39,229
E00135068,222,41,181
E00135069,228,58,170
E00135070,478,93,385
E00135071,201,30,171
E00135072,107,26,81
E00135073,296,60,236
E00135074,205,42,163
E00135075,330,45,285
E00135076,189,24,165
E00135077,131,20,111
E00135078,247,44,203
E00135079,285,18,267
E00135080,201,22,179
E00135081,195,29,166
E00135082,285,42,243
E00135083,289,34,255
E00135084,235,30,205
E00135085,260,48,212
E00135088,252,42,210
E00135089,255,19,236
E00135090,228,21,207
E00135091,230,28,202
E00135092,202,17,185
E00135093,265,45,220
E00135094,177,22,155
E00135095,284,49,235
E00135096,283,43,240
E00135097,176,14,162
E00135098,280,49,231
E00135099,343,64,279
E00135100,241,37,204
E00135101,230,27,203
E00135103,225,36,189
E00135104,207,20,187
E00135105,221,31,190
E00135106,360,33,327
E00135107,297,48,249
E00135108,211,36,175
E00135109,298,52,246
E00135110,275,48,227
E00135111,209,15,194
E00135112,227,26,201
E00135113,253,49,204
E00135114,294,41,253
E00135115,208,37,171
E00135116,263,22,241
E00135117,185,19,166
E00135118,295,37,258
E00135119,280,26,254
E00135120,260,17,243
E00135121,246,23,223
E00135122,364,41,323
E00135123,326,42,284
E00135124,199,26,173
E00135125,229,47,182
E00135126,245,22,223
E00135127,230,28,202
E00135128,208,6,202
E00135129,216,34,182
E00135130,245,40,205
E00135131,208,26,182
E00135132,268,29,239
E00135133,245,23,222
E00135134,247,25,222
E00135135,351,55,296
E00135136,231,52,179
E00135138,164,17,147
E00135139,308,57,251
E00135140,173,27,146
E00135141,273,43,230
E00135142,258,47,211
E00135143,249,34,215
E00135144,345,77,268
E00135145,270,32,238
E00135146,282,57,225
E00135147,417,59,358
E00135148,306,29,277
E00135149,240,38,202
E00135150,372,82,290
E00135151,454,77,377
E00135152,257,58,199
E00135153,271,54,217
E00135154,439,106,333
E00135155,319,76,243
E00135156,329,64,265
E00135157,402,87,315
E00135158,276,57,219
E00135159,330,56,274
E00135160,288,47,241
E00135161,282,67,215
E00135162,263,63,200
E00135163,276,45,231
E00135164,271,62,209
E00135165,256,50,206
E00135166,336,50,286
E00135167,260,37,223
E00135168,332,51,281
E00135169,245,40,205
E00135170,268,57,211
E00135171,246,48,198
E00135172,228,29,199
E00135173,312,61,251
E00135174,278,45,233
E00135175,232,40,192
E00135176,220,33,187
E00135177,292,69,223
E00135178,220,29,191
E00135179,253,50,203
E00135180,243,34,209
E00135181,265,65,200
E00135182,225,34,191
E00135183,250,56,194
E00135184,259,46,213
E00135185,238,54,184
E00135186,260,46,214
E00135187,222,47,175
E00135188,252,51,201
E00135189,234,29,205
E00135190,328,57,271
E00135191,226,40,186
E00135192,328,78,250
E00135193,266,44,222
E00135194,262,42,220
E00135195,288,65,223
E00135196,360,42,318
E00135197,422,51,371
E00135198,285,32,253
E00135199,284,21,263
E00135200,439,52,387
E00135201,366,45,321
E00135202,300,29,271
E00135203,470,54,416
E00135204,246,48,198
E00135205,238,27,211
E00135206,210,26,184
E00135207,227,23,204
E00135208,191,15,176
E00135209,293,50,243
E00135210,223,14,209
E00135211,474,76,398
E00135212,377,50,327
E00135213,294,65,229
E00135214,269,44,225
E00135215,311,46,265
E00135216,167,22,145
E00135217,399,58,341
E00135218,297,31,266
E00135219,245,40,205
E00135220,303,60,243
E00135221,254,42,212
E00135222,305,64,241
E00135223,299,53,246
E00135224,241,15,226
E00135225,299,50,249
E00135226,254,36,218
E00135227,239,24,215
E00135228,263,30,233
E00135229,256,12,244
E00135230,206,15,191
E00135232,301,41,260
E00135233,355,22,333
E00135234,315,53,262
E00135235,294,46,248
E00135236,244,34,210
E00135237,257,41,216
E00135238,270,65,205
E00135239,296,65,231
E00135240,223,23,200
E00135241,293,46,247
E00135242,143,19,124
E00135243,291,46,245
E00135244,233,25,208
E00135245,253,37,216
E00135246,133,24,109
E00135247,351,80,271
E00135248,361,32,329
E00135250,266,31,235
E00135251,263,19,244
E00135252,245,26,219
E00135253,264,52,212
E00135254,353,80,273
E00135255,243,40,203
E00135256,321,60,261
E00135257,234,30,204
E00135258,305,47,258
E00135259,340,107,233
E00135260,285,79,206
E00135261,237,43,194
E00135262,280,37,243
E00135263,208,18,190
E00135264,275,55,220
E00135265,242,44,198
E00135266,379,46,333
E00135267,235,34,201
E00135268,234,37,197
E00135269,270,39,231
E00135270,203,26,177
E00135271,255,65,190
E00135272,233,44,189
E00135273,348,88,260
E00135274,205,26,179
E00135275,336,70,266
E00135276,325,89,236
E00135277,351,106,245
E00135278,211,29,182
E00135279,391,93,298
E00135280,394,77,317
E00135281,387,74,313
E00135283,273,42,231
E00135284,332,55,277
E00135285,302,81,221
E00135286,257,44,213
E00135287,196,16,180
E00135288,302,59,243
E00135290,297,89,208
E00135291,340,84,256
E00135292,296,88,208
E00135293,300,99,201
E00135294,527,72,455
E00135295,270,72,198
E00135296,247,47,200
E00135297,286,55,231
E00135298,198,38,160
E00135299,281,66,215
E00135300,288,38,250
E00135301,339,103,236
E00135302,325,94,231
E00135303,296,102,194
E00135304,279,59,220
E00135305,294,28,266
E00135306,327,68,259
E00135307,373,62,311
E00135308,325,48,277
E00135309,262,25,237
E00135311,240,27,213
E00135312,268,44,224
E00135313,179,30,149
E00135314,312,33,279
E00135315,333,56,277
E00135316,246,21,225
E00135317,200,14,186
E00135318,223,20,203
E00135319,299,46,253
E00135320,255,42,213
E00135321,253,40,213
E00135322,253,33,220
E00135323,261,39,222
E00135324,283,47,236
E00135325,242,37,205
E00135326,262,36,226
E00135327,317,52,265
E00135328,241,25,216
E00135329,244,48,196
E00135330,157,28,129
E00135331,365,44,321
E00135332,267,42,225
E00135333,290,36,254
E00135334,310,50,260
E00135335,395,130,265
E00135336,248,42,206
E00135337,311,84,227
E00135338,320,78,242
E00135340,288,69,219
E00135341,368,57,311
E00135342,290,45,245
E00135343,317,63,254
E00135344,310,61,249
E00135345,304,69,235
E00135346,344,67,277
E00135347,277,68,209
E00135348,256,68,188
E00135349,345,94,251
E00135350,304,81,223
E00135351,216,46,170
E00135352,328,62,266
E00135353,291,19,272
E00135354,336,49,287
E00135355,130,17,113
E00135356,255,32,223
E00135357,268,61,207
E00135358,206,26,180
E00135359,449,81,368
E00135361,260,30,230
E00135362,305,72,233
E00135363,356,76,280
E00135364,397,48,349
E00135365,273,35,238
E00135366,336,33,303
E00135367,301,42,259
E00135368,195,25,170
E00135369,356,42,314
E00135370,295,63,232
E00135371,162,6,156
E00135372,279,59,220
E00135373,287,64,223
E00135374,286,62,224
E00135375,282,29,253
E00135376,212,23,189
E00135377,297,24,273
E00135378,302,70,232
E00135379,263,49,214
E00135380,293,82,211
E00135381,231,37,194
E00135382,295,79,216
E00135383,225,31,194
E00135384,231,47,184
E00135385,382,65,317
E00135386,352,39,313
E00135390,301,47,254
E00135391,317,19,298
E00135392,293,32,261
E00135393,329,63,266
E00135394,304,31,273
E00135395,143,16,127
E00135396,194,26,168
E00135397,378,55,323
E00135398,128,11,117
E00135399,199,19,180
E00135400,180,15,165
E00135401,167,9,158
E00135402,141,3,138
E00135405,142,9,133
E00135406,132,6,126
E00135407,213,32,181
E00135408,223,26,197
E00135409,131,16,115
E00135410,160,26,134
E00135411,123,20,103
E00135412,317,46,271
E00135413,353,66,287
E00135414,196,27,169
E00135415,319,62,257
E00135416,219,45,174
E00135417,285,36,249
E00135418,265,37,228
E00135419,273,29,244
E00135420,252,35,217
E00135421,394,68,326
E00135422,293,50,243
E00135423,314,95,219
E00135424,376,77,299
E00135425,347,82,265
E00135426,192,43,149
E00135427,274,41,233
E00135428,372,53,319
E00135429,337,63,274
E00135430,311,42,269
E00135431,310,44,266
E00135432,314,55,259
E00135433,308,58,250
E00135434,286,47,239
E00135435,382,75,307
E00135436,295,43,252
E00135437,314,55,259
E00135438,353,65,288
E00135439,233,38,195
E00135440,236,30,206
E00135441,410,66,344
E00135442,241,51,190
E00135443,361,61,300
E00135444,171,21,150
E00135445,471,82,389
E00135446,351,45,306
E00135447,301,59,242
E00135448,250,22,228
E00135449,260,63,197
E00135450,285,48,237
E00135451,263,18,245
E00135452,330,50,280
E00135453,228,15,213
E00135454,241,23,218
E00135455,307,57,250
E00135456,278,21,257
E00135457,214,17,197
E00135458,213,21,192
E00135459,257,24,233
E00135460,348,30,318
E00135461,282,33,249
E00135462,263,28,235
E00135463,270,26,244
E00135464,207,20,187
E00135465,211,28,183
E00135466,201,24,177
E00135467,260,40,220
E00135468,257,57,200
E00135469,328,37,291
E00135470,272,19,253
E00135471,399,56,343
E00135472,272,34,238
E00135475,343,41,302
E00135476,312,56,256
E00135479,329,78,251
E00135481,302,69,233
E00135483,315,37,278
E00135484,417,55,362
E00135485,444,92,352
E00135486,283,30,253
E00135487,334,53,281
E00135488,311,28,283
E00135489,252,48,204
E00135490,380,62,318
E00135492,340,53,287
E00135493,235,40,195
E00135494,292,38,254
E00135495,243,43,200
E00135496,230,44,186
E00135497,221,31,190
E00135498,278,59,219
E00135500,308,72,236
E00135501,304,79,225
E00135502,157,16,141
E00135503,272,49,223
E00135504,185,28,157
E00135505,278,55,223
E00135506,293,44,249
E00135507,251,42,209
E00135508,346,92,254
E00135509,300,79,221
E00135510,378,100,278
E00135511,326,85,241
E00135512,270,44,226
E00135513,330,84,246
E00135514,358,78,280
E00135515,416,76,340
E00135516,206,21,185
E00135517,289,26,263
E00135518,225,37,188
E00135519,258,56,202
E00135520,386,80,306
E00135521,286,38,248
E00135522,112,17,95
E00135523,330,44,286
E00135524,271,43,228
E00135525,271,62,209
E00135526,344,58,286
E00135527,279,54,225
E00135528,281,25,256
E00135529,313,72,241
E00135530,372,98,274
E00135531,296,82,214
E00135532,320,81,239
E00135533,234,32,202
E00135534,310,81,229
E00135535,298,46,252
E00135536,318,63,255
E00135537,316,41,275
E00135538,272,29,243
E00135539,299,41,258
E00135540,337,59,278
E00135541,324,49,275
E00135542,313,53,260
E00135543,306,48,258
E00135544,284,49,235
E00135545,305,44,261
E00135546,233,22,211
E00135547,202,29,173
E00135548,270,30,240
E00135549,321,50,271
E00135550,310,30,280
E00135551,262,39,223
E00135552,279,46,233
E00135553,288,43,245
E00135554,203,30,173
E00135555,315,59,256
E00135556,357,62,295
E00135557,320,58,262
E00135558,294,52,242
E00135559,212,27,185
E00135560,453,73,380
E00135561,309,60,249
E00135562,288,50,238
E00135563,375,73,302
E00135564,524,94,430
E00135565,269,60,209
E00135566,236,22,214
E00135567,295,41,254
E00135568,320,31,289
E00135569,229,29,200
E00135570,298,50,248
E00135571,290,35,255
E00135572,333,40,293
E00135573,245,28,217
E00135574,192,5,187
E00135575,277,52,225
E00135576,332,23,309
E00135577,293,24,269
E00135578,195,10,185
E00135579,194,18,176
E00135580,231,27,204
E00135581,224,25,199
E00135582,227,25,202
E00135583,317,39,278
E00135584,321,35,286
E00135585,210,15,195
E00135586,234,27,207
E00135587,243,7,236
E00135588,263,19,244
E00135589,281,42,239
E00135590,216,24,192
E00135591,230,38,192
E00135592,350,54,296
E00135593,303,42,261
E00135594,245,28,217
E00135595,345,57,288
E00135596,453,75,378
E00135597,248,35,213
E00135598,171,22,149
E00135599,201,7,194
E00135600,331,25,306
E00135601,345,14,331
E00135602,249,39,210
E00135603,227,11,216
E00135604,280,56,224
E00135605,206,9,197
E00135606,326,48,278
E00135607,209,38,171
E00135608,189,14,175
E00135609,190,2,188
E00135610,395,32,363
E00135611,167,14,153
E00135612,144,1,143
E00135613,203,11,192
E00135614,239,37,202
E00135615,154,17,137
E00135616,237,28,209
E00135617,219,21,198
E00135618,305,25,280
E00135622,393,69,324
E00135623,337,54,283
E00135624,327,46,281
E00135625,267,39,228
E00135626,224,17,207
E00135627,199,24,175
E00135628,183,33,150
E00135629,238,15,223
E00135630,346,32,314
E00135631,448,65,383
E00135633,293,18,275
E00135634,260,12,248
E00135635,337,70,267
E00135636,328,65,263
E00135637,248,31,217
E00135638,266,43,223
E00135639,538,189,349
E00135640,269,55,214
E00135641,310,57,253
E00135642,351,78,273
E00135643,349,97,252
E00135644,279,56,223
E00135645,327,80,247
E00135646,387,97,290
E00135647,399,137,262
E00135648,241,35,206
E00135649,535,90,445
E00135650,327,78,249
E00135651,326,84,242
E00135652,323,63,260
E00135653,243,23,220
E00135654,514,112,402
E00135655,269,29,240
E00135656,269,45,224
E00135657,292,53,239
E00135658,347,37,310
E00135659,285,46,239
E00135660,270,34,236
E00135661,373,65,308
E00135662,288,37,251
E00135663,307,35,272
E00135664,323,67,256
E00135665,304,38,266
E00135666,524,109,415
E00135667,252,33,219
E00135668,307,39,268
E00135669,268,32,236
E00135670,243,19,224
E00135671,267,41,226
E00135672,309,41,268
E00135674,276,48,228
E00135675,283,29,254
E00135676,253,45,208
E00135677,322,57,265
E00135678,254,37,217
E00135679,241,36,205
E00135680,171,9,162
E00135681,246,35,211
E00135682,283,38,245
E00135683,289,40,249
E00135684,151,23,128
E00135685,264,41,223
E00135686,184,21,163
E00135687,229,37,192
E00135688,283,51,232
E00135689,388,46,342
E00135690,334,56,278
E00135691,339,45,294
E00135692,277,40,237
E00135693,197,7,190
E00135694,230,21,209
E00135695,274,22,252
E00135697,298,29,269
E00135698,203,10,193
E00135699,271,20,251
E00135700,207,2,205
E00135701,327,42,285
E00135702,95,15,80
E00135703,260,27,233
E00135704,173,42,131
E00135705,250,27,223
E00135706,192,39,153
E00135707,226,35,191
E00135708,285,52,233
E00135709,293,27,266
E00135710,393,61,332
E00135711,237,20,217
E00135712,305,38,267
E00135713,281,37,244
E00135714,229,14,215
E00135715,320,50,270
E00135716,481,45,436
E00135717,250,19,231
E00135718,223,27,196
E00135719,265,30,235
E00135720,268,38,230
E00135721,390,50,340
E00135722,235,33,202
E00135723,251,42,209
E00135724,250,43,207
E00135725,308,76,232
E00135726,293,73,220
E00135727,253,76,177
E00135729,227,43,184
E00135730,344,70,274
E00135731,297,51,246
E00135733,259,40,219
E00135734,440,111,329
E00135735,325,50,275
E00135736,250,33,217
E00135737,472,100,372
E00135740,340,33,307
E00135741,274,25,249
E00135742,351,36,315
E00135743,227,14,213
E00135744,214,10,204
E00135745,182,1,181
E00135746,215,12,203
E00135747,195,13,182
E00135748,289,35,254
E00135749,287,43,244
E00135750,307,55,252
E00135752,371,48,323
E00135753,286,40,246
E00135754,427,72,355
E00135755,369,62,307
E00135756,291,44,247
E00135757,232,25,207
E00135758,289,51,238
E00135759,257,34,223
E00135760,374,62,312
E00135761,302,36,266
E00135762,273,42,231
E00135763,347,45,302
E00135764,426,70,356
E00135765,398,55,343
E00135766,398,59,339
E00135767,244,48,196
E00135768,381,65,316
E00135769,304,39,265
E00135770,315,66,249
E00135771,291,47,244
E00135772,286,58,228
E00135773,279,19,260
E00135774,259,36,223
E00135775,366,70,296
E00135776,408,56,352
E00135777,299,57,242
E00135778,284,40,244
E00135779,303,56,247
E00135780,501,114,387
E00135781,294,44,250
E00135782,428,63,365
E00135783,459,67,392
E00135784,426,76,350
E00135785,337,49,288
E00135786,338,38,300
E00135787,438,62,376
E00135788,319,38,281
E00135789,406,58,348
E00135790,375,76,299
E00135791,323,53,270
E00135792,348,42,306
E00135793,278,53,225
E00135794,255,31,224
E00135795,233,33,200
E00135796,248,32,216
E00135797,310,38,272
E00135798,257,32,225
E00135799,366,81,285
E00135800,395,37,358
E00135801,411,62,349
E00135802,386,62,324
E00135803,348,60,288
E00135804,355,60,295
E00135805,413,71,342
E00135806,341,54,287
E00135807,523,81,442
E00135808,428,66,362
E00135809,334,50,284
E00135810,219,32,187
E00135811,325,36,289
E00135812,284,58,226
E00135813,370,67,303
E00135814,331,49,282
E00135815,463,101,362
E00135816,433,91,342
E00135817,340,58,282
E00135818,251,34,217
E00135819,340,55,285
E00135820,357,68,289
E00135821,421,70,351
E00135822,322,39,283
E00135823,284,24,260
E00135824,282,60,222
E00135825,276,39,237
E00135826,315,43,272
E00135827,271,20,251
E00135828,293,41,252
E00135829,291,31,260
E00135830,301,48,253
E00135831,212,21,191
E00135832,205,45,160
E00135833,326,54,272
E00135834,294,32,262
E00135835,350,74,276
E00135836,252,51,201
E00135837,236,42,194
E00135838,181,36,145
E00135839,448,54,394
E00135840,257,32,225
E00135841,381,73,308
E00135842,365,54,311
E00135843,345,49,296
E00135844,375,44,331
E00135845,341,42,299
E00135846,196,25,171
E00135847,335,53,282
E00135848,265,33,232
E00135849,230,30,200
E00135850,356,44,312
E00135851,451,73,378
E00135852,350,46,304
E00135853,316,39,277
E00135854,228,30,198
E00135855,530,80,450
E00135856,302,38,264
E00135857,315,43,272
E00135858,338,39,299
E00135859,334,64,270
E00135860,400,46,354
E00135861,109,6,103
E00135862,277,24,253
E00135863,140,14,126
E00135864,328,45,283
E00135867,273,31,242
E00135868,315,57,258
E00135869,220,18,202
E00135870,203,22,181
E00135871,286,55,231
E00135872,292,48,244
E00135873,367,46,321
E00135874,367,58,309
E00135875,533,100,433
E00135876,350,37,313
E00135877,237,26,211
E00135878,236,40,196
E00135879,257,22,235
E00135880,229,38,191
E00135881,216,9,207
E00135882,431,63,368
E00135883,122,12,110
E00135884,187,27,160
E00135885,261,31,230
E00135886,258,30,228
E00135887,194,38,156
E00135888,462,70,392
E00135889,249,49,200
E00135890,244,42,202
E00135891,200,34,166
E00135892,424,46,378
E00135893,170,30,140
E00135894,120,18,102
E00135895,121,21,100
E00135896,120,14,106
E00135897,292,14,278
E00135898,224,15,209
E00135899,191,18,173
E00135900,228,32,196
E00135901,180,24,156
E00135902,281,37,244
E00135903,232,9,223
E00135904,280,23,257
E00135905,157,9,148
E00135906,267,30,237
E00135907,230,25,205
E00135908,186,15,171
E00135909,232,36,196
E00135910,203,18,185
E00135911,193,18,175
E00135912,216,26,190
E00135913,323,52,271
E00135914,268,46,222
E00135915,226,37,189
E00135916,250,29,221
E00135917,394,52,342
E00135918,319,41,278
E00135919,155,11,144
E00135920,129,23,106
E00135921,334,46,288
E00135922,440,61,379
E00135923,373,51,322
E00135924,275,41,234
E00135925,305,28,277
E00135926,282,28,254
E00135927,294,37,257
E00135928,216,31,185
E00135929,165,21,144
E00135930,123,9,114
E00135931,206,14,192
E00135932,177,16,161
E00135933,283,41,242
E00135934,214,28,186
E00135935,183,20,163
E00135936,189,22,167
E00135937,108,8,100
E00135938,318,26,292
E00135939,266,16,250
E00135940,334,48,286
E00135941,339,17,322
E00135942,176,49,127
E00135943,250,14,236
E00135944,300,35,265
E00135945,320,47,273
E00135946,196,12,184
E00135947,198,33,165
E00135948,223,7,216
E00135949,262,16,246
E00135950,168,23,145
E00135951,150,27,123
E00135952,247,20,227
E00135953,255,17,238
E00135954,198,9,189
E00135956,193,21,172
E00135957,453,86,367
E00135958,197,14,183
E00135959,276,43,233
E00135960,279,37,242
E00135961,293,38,255
E00135963,211,21,190
E00135964,212,11,201
E00135965,269,40,229
E00135966,173,13,160
E00135967,170,14,156
E00135968,242,17,225
E00135969,197,27,170
E00135970,239,27,212
E00135971,303,42,261
E00135972,244,18,226
E00135973,541,102,439
E00135974,289,25,264
E00135975,388,73,315
E00135976,261,50,211
E00135977,292,37,255
E00135978,306,54,252
E00135979,287,43,244
E00135980,256,26,230
E00135981,261,33,228
E00135982,283,37,246
E00135983,267,28,239
E00135984,262,32,230
E00135985,285,39,246
E00135986,259,48,211
E00135987,265,35,230
E00135988,290,33,257
E00135989,222,23,199
E00135990,277,56,221
E00135991,268,48,220
E00135992,276,40,236
E00135993,250,35,215
E00135994,274,42,232
E00135995,330,32,298
E00135996,309,21,288
E00135997,247,28,219
E00135998,314,66,248
E00135999,286,25,261
E00136000,193,17,176
E00136001,438,69,369
E00136002,243,34,209
E00136003,262,39,223
E00136004,371,73,298
E00136005,339,29,310
E00136006,281,48,233
E00136007,234,24,210
E00136008,351,39,312
E00136009,271,25,246
E00136010,325,41,284
E00136011,223,15,208
E00136012,231,48,183
E00136013,303,30,273
E00136014,264,51,213
E00136015,189,15,174
E00136016,253,42,211
E00136017,234,42,192
E00136018,245,33,212
E00136019,297,38,259
E00136020,260,18,242
E00136021,174,24,150
E00136022,253,7,246
E00136023,220,24,196
E00136024,107,7,100
E00136025,261,20,241
E00136026,228,27,201
E00136027,263,32,231
E00136028,211,32,179
E00136029,309,68,241
E00136030,292,35,257
E00136031,323,92,231
E00136032,253,36,217
E00136033,385,45,340
E00136034,272,38,234
E00136035,250,55,195
E00136036,331,35,296
E00136037,293,53,240
E00136038,334,84,250
E00136039,205,4,201
E00136040,232,35,197
E00136041,227,25,202
E00136042,255,34,221
E00136043,272,35,237
E00136044,253,30,223
E00136045,257,29,228
E00136046,291,39,252
E00136047,347,45,302
E00136048,262,24,238
E00136049,329,69,260
E00136051,317,33,284
E00136052,409,58,351
E00136053,240,42,198
E00136054,288,53,235
E00136055,289,43,246
E00136056,344,53,291
E00136057,474,68,406
E00136058,337,76,261
E00136059,294,30,264
E00136060,405,70,335
E00136062,161,28,133
E00136063,229,21,208
E00136064,271,16,255
E00136065,180,22,158
E00136066,292,19,273
E00136067,216,25,191
E00136068,209,14,195
E00136069,308,37,271
E00136070,447,57,390
E00136071,207,32,175
E00136072,344,30,314
E00136073,201,22,179
E00136074,198,32,166
E00136075,123,15,108
E00136076,206,35,171
E00136077,297,33,264
E00136078,178,14,164
E00136079,266,31,235
E00136080,223,30,193
E00136081,205,23,182
E00136082,192,25,167
E00136083,228,44,184
E00136084,156,13,143
E00136085,193,33,160
E00136086,414,75,339
E00136087,158,15,143
E00136088,142,20,122
E00136089,238,31,207
E00136090,243,40,203
E00136091,335,59,276
E00136092,231,12,219
E00136093,305,30,275
E00136095,156,23,133
E00136096,285,53,232
E00136097,337,74,263
E00136098,254,29,225
E00136099,260,33,227
E00136100,236,19,217
E00136101,328,58,270
E00136102,346,41,305
E00136103,437,40,397
E00136104,229,14,215
E00136105,228,24,204
E00136106,277,26,251
E00136107,310,33,277
E00136108,277,26,251
E00136109,250,33,217
E00136110,202,23,179
E00136111,198,10,188
E00136112,193,22,171
E00136113,312,28,284
E00136114,231,24,207
E00136115,223,28,195
E00136116,250,33,217
E00136117,264,42,222
E00136118,198,23,175
E00136119,269,39,230
E00136120,266,31,235
E00136121,151,11,140
E00136122,276,50,226
E00136123,157,17,140
E00136124,423,51,372
E00136125,214,39,175
E00136126,272,18,254
E00136127,287,25,262
E00136128,249,28,221
E00136129,237,35,202
E00136130,228,24,204
E00136131,291,64,227
E00136132,285,35,250
E00136133,322,46,276
E00136134,309,52,257
E00136135,354,78,276
E00136136,250,23,227
E00136137,238,44,194
E00136138,296,62,234
E00136139,274,50,224
E00136140,463,61,402
E00136141,403,66,337
E00136142,190,16,174
E00136143,181,10,171
E00136144,235,28,207
E00136145,178,28,150
E00136146,252,45,207
E00136148,300,41,259
E00136149,323,34,289
E00136150,182,30,152
E00136151,272,35,237
E00136152,375,84,291
E00136154,172,35,137
E00136155,252,62,190
E00136156,377,71,306
E00136157,298,41,257
E00136158,200,15,185
E00136159,270,12,258
E00136160,201,23,178
E00136161,283,33,250
E00136162,268,70,198
E00136163,317,11,306
E00136164,269,31,238
E00136165,260,50,210
E00136166,160,44,116
E00136167,110,13,97
E00136168,460,99,361
E00136169,286,42,244
E00136170,207,19,188
E00136171,230,22,208
E00136172,346,52,294
E00136173,222,30,192
E00136174,182,28,154
E00136175,305,68,237
E00136176,225,30,195
E00136177,241,40,201
E00136178,233,32,201
E00136179,247,36,211
E00136180,268,27,241
E00136181,207,13,194
E00136182,251,17,234
E00136183,294,9,285
E00136184,226,19,207
E00136185,225,31,194
E00136186,161,17,144
E00136187,150,30,120
E00136188,263,25,238
E00136189,278,51,227
E00136190,247,22,225
E00136191,184,19,165
E00136192,334,61,273
E00136193,200,23,177
E00136194,396,50,346
E00136195,265,45,220
E00136196,285,54,231
E00136197,260,30,230
E00136198,337,27,310
E00136199,324,25,299
E00136200,195,26,169
E00136201,274,38,236
E00136202,279,30,249
E00136203,228,27,201
E00136204,265,19,246
E00136205,252,26,226
E00136206,208,20,188
E00136207,317,30,287
E00136208,237,29,208
E00136209,250,21,229
E00136210,332,71,261
E00136211,355,40,315
E00136212,278,4,274
E00136213,227,25,202
E00136214,163,15,148
E00136215,380,45,335
E00136216,222,22,200
E00136217,188,25,163
E00136218,310,62,248
E00136219,294,30,264
E00136220,367,58,309
E00136221,330,61,269
E00136222,339,51,288
E00136223,174,16,158
E00136224,305,50,255
E00136225,195,29,166
E00136226,221,34,187
E00136227,136,10,126
E00136228,270,43,227
E00136229,211,29,182
E00136230,290,47,243
E00136231,316,59,257
E00136232,336,57,279
E00136233,362,81,281
E00136234,408,97,311
E00136235,322,101,221
E00136238,275,67,208
E00136239,391,170,221
E00136240,448,259,189
E00136241,390,192,198
E00136242,362,187,175
E00136243,394,233,161
E00136244,313,122,191
E00136245,443,269,174
E00136246,278,54,224
E00136247,281,60,221
E00136248,267,67,200
E00136249,271,72,199
E00136250,277,65,212
E00136251,249,56,193
E00136252,227,31,196
E00136253,359,118,241
E00136254,311,88,223
E00136255,266,48,218
E00136256,244,51,193
E00136257,371,128,243
E00136258,554,137,417
E00136259,340,124,216
E00136260,279,84,195
E00136261,331,58,273
E00136262,271,43,228
E00136263,316,113,203
E00136264,387,83,304
E00136265,347,47,300
E00136266,324,76,248
E00136267,273,54,219
E00136268,232,20,212
E00136269,323,70,253
E00136270,205,88,117
E00136271,319,37,282
E00136272,266,37,229
E00136273,283,41,242
E00136274,295,48,247
E00136276,357,75,282
E00136277,325,64,261
E00136278,206,45,161
E00136279,251,41,210
E00136280,233,19,214
E00136281,348,93,255
E00136282,266,39,227
E00136283,251,39,212
E00136284,331,78,253
E00136285,270,51,219
E00136286,301,59,242
E00136287,275,66,209
E00136288,282,46,236
E00136289,265,67,198
E00136290,296,67,229
E00136291,252,42,210
E00136292,263,52,211
E00136293,360,74,286
E00136294,266,37,229
E00136295,436,105,331
E00136296,286,27,259
E00136297,246,38,208
E00136298,419,139,280
E00136299,287,60,227
E00136300,205,48,157
E00136301,376,125,251
E00136302,236,30,206
E00136303,231,45,186
E00136304,279,62,217
E00136305,276,60,216
E00136306,225,36,189
E00136307,284,69,215
E00136308,269,67,202
E00136309,332,86,246
E00136310,211,36,175
E00136311,299,61,238
E00136312,266,50,216
E00136313,244,45,199
E00136314,305,76,229
E00136315,304,79,225
E00136316,273,49,224
E00136317,343,76,267
E00136319,250,62,188
E00136320,290,39,251
E00136321,288,58,230
E00136322,203,14,189
E00136323,278,34,244
E00136324,293,50,243
E00136325,241,15,226
E00136326,390,127,263
E00136327,366,92,274
E00136328,270,57,213
E00136329,269,53,216
E00136330,327,128,199
E00136331,248,60,188
E00136332,344,141,203
E00136333,243,54,189
E00136334,264,71,193
E00136335,298,60,238
E00136336,263,53,210
E00136337,309,51,258
E00136338,289,72,217
E00136339,330,60,270
E00136340,294,60,234
E00136341,304,63,241
E00136342,238,32,206
E00136343,266,39,227
E00136344,280,55,225
E00136345,436,77,359
E00136346,218,32,186
E00136347,383,50,333
E00136348,271,43,228
E00136349,251,53,198
E00136350,229,32,197
E00136351,272,58,214
E00136352,255,40,215
E00136353,297,50,247
E00136354,345,120,225
E00136355,312,69,243
E00136356,276,77,199
E00136357,242,32,210
E00136358,301,92,209
E00136359,382,168,214
E00136360,268,105,163
E00136361,282,62,220
E00136362,241,38,203
E00136363,301,78,223
E00136364,310,63,247
E00136365,244,47,197
E00136366,322,68,254
E00136367,289,83,206
E00136368,239,51,188
E00136369,160,38,122
E00136370,230,50,180
E00136371,355,93,262
E00136372,272,55,217
E00136373,211,35,176
E00136374,244,22,222
E00136375,247,25,222
E00136376,221,20,201
E00136377,267,29,238
E00136378,318,23,295
E00136379,311,51,260
E00136380,205,40,165
E00136381,254,29,225
E00136382,280,76,204
E00136383,262,45,217
E00136384,264,60,204
E00136385,298,74,224
E00136386,282,51,231
E00136387,363,101,262
E00136388,270,50,220
E00136389,293,49,244
E00136390,333,99,234
E00136391,280,62,218
E00136392,326,79,247
E00136393,290,64,226
E00136394,280,72,208
E00136395,358,31,327
E00136397,190,35,155
E00136398,145,5,140
E00136399,225,34,191
E00136400,346,49,297
E00136401,410,57,353
E00136402,337,57,280
E00136403,171,15,156
E00136404,192,23,169
E00136405,315,36,279
E00136406,247,34,213
E00136407,202,27,175
E00136408,225,42,183
E00136409,240,21,219
E00136410,198,24,174
E00136411,219,37,182
E00136412,333,43,290
E00136413,384,108,276
E00136414,238,42,196
E00136415,251,42,209
E00136416,240,32,208
E00136417,272,50,222
E00136418,258,42,216
E00136419,200,40,160
E00136420,161,22,139
E00136422,353,82,271
E00136423,375,34,341
E00136424,286,32,254
E00136425,170,17,153
E00136426,183,16,167
E00136427,260,25,235
E00136428,318,58,260
E00136429,162,11,151
E00136430,221,40,181
E00136431,492,237,255
E00136432,299,35,264
E00136435,244,47,197
E00136436,286,66,220
E00136437,320,100,220
E00136438,223,30,193
E00136439,265,64,201
E00136440,335,87,248
E00136441,307,66,241
E00136442,249,44,205
E00136443,388,108,280
E00136444,312,77,235
E00136445,345,67,278
E00136446,321,78,243
E00136447,264,46,218
E00136449,228,47,181
E00136450,309,54,255
E00136451,247,38,209
E00136452,238,36,202
E00136453,243,39,204
E00136454,241,25,216
E00136455,287,27,260
E00136456,333,83,250
E00136457,354,92,262
E00136458,346,105,241
E00136459,267,48,219
E00136460,353,99,254
E00136461,352,96,256
E00136462,312,84,228
E00136463,254,48,206
E00136464,315,90,225
E00136465,355,95,260
E00136466,251,44,207
E00136467,256,50,206
E00136468,351,85,266
E00136469,321,101,220
E00136470,298,83,215
E00136471,327,145,182
E00136472,253,56,197
E00136473,298,114,184
E00136474,292,92,200
E00136475,322,78,244
E00136476,299,80,219
E00136477,275,82,193
E00136478,268,68,200
E00136479,300,104,196
E00136480,282,79,203
E00136481,247,60,187
E00136482,257,52,205
E00136483,221,32,189
E00136484,281,74,207
E00136485,316,79,237
E00136486,267,76,191
E00136487,175,23,152
E00136488,286,64,222
E00136489,128,25,103
E00136490,260,39,221
E00136491,296,81,215
E00136492,263,62,201
E00136493,251,53,198
E00136494,364,87,277
E00136495,312,98,214
E00136496,284,102,182
E00136497,267,85,182
E00136498,213,52,161
E00136499,340,118,222
E00136500,272,107,165
E00136501,267,42,225
E00136502,336,81,255
E00136503,235,39,196
E00136504,201,24,177
E00136505,259,43,216
E00136506,201,19,182
E00136507,223,31,192
E00136508,289,40,249
E00136509,310,72,238
E00136510,198,31,167
E00136511,328,49,279
E00136512,257,46,211
E00136513,253,43,210
E00136514,329,50,279
E00136515,298,72,226
E00136516,220,26,194
E00136517,240,33,207
E00136518,189,19,170
E00136519,267,34,233
E00136520,276,51,225
E00136521,309,39,270
E00136522,323,35,288
E00136523,251,37,214
E00136524,273,90,183
E00136525,246,29,217
E00136526,256,34,222
E00136527,236,35,201
E00136528,214,46,168
E00136529,219,25,194
E00136530,426,69,357
E00136531,292,38,254
E00136532,277,38,239
E00136533,202,29,173
E00136534,258,40,218
E00136535,381,103,278
E00136536,233,40,193
E00136537,229,35,194
E00136538,304,39,265
E00136539,242,26,216
E00136540,217,17,200
E00136541,300,32,268
E00136542,255,38,217
E00136544,255,39,216
E00136545,229,35,194
E00136547,157,7,150
E00136548,366,47,319
E00136550,163,18,145
E00136553,277,24,253
E00136554,294,49,245
E00136555,258,47,211
E00136556,262,39,223
E00136558,133,7,126
E00136559,272,24,248
E00136560,270,16,254
E00136561,185,18,167
E00136562,200,21,179
E00136563,129,17,112
E00136564,292,63,229
E00136565,265,69,196
E00136566,280,54,226
E00136567,192,20,172
E00136568,231,39,192
E00136569,292,43,249
E00136570,224,34,190
E00136571,159,11,148
E00136573,347,50,297
E00136574,271,48,223
E00136575,230,67,163
E00136576,239,38,201
E00136577,219,42,177
E00136578,235,42,193
E00136579,282,25,257
E00136580,228,29,199
E00136581,202,25,177
E00136582,232,30,202
E00136583,276,43,233
E00136584,249,42,207
E00136585,231,35,196
E00136586,326,62,264
E00136587,258,54,204
E00136588,226,36,190
E00136589,272,31,241
E00136590,347,71,276
E00136591,342,54,288
E00136592,246,36,210
E00136593,186,25,161
E00136594,163,9,154
E00136595,250,74,176
E00136596,226,31,195
E00136597,254,62,192
E00136598,291,48,243
E00136599,239,70,169
E00136600,261,52,209
E00136602,262,77,185
E00136603,181,65,116
E00136604,248,63,185
E00136605,264,61,203
E00136606,359,81,278
E00136607,212,51,161
E00136608,293,116,177
E00136609,288,90,198
E00136610,289,110,179
E00136611,233,43,190
E00136612,303,156,147
E00136613,235,74,161
E00136614,420,153,267
E00136615,222,98,124
E00136616,247,58,189
E00136617,213,72,141
E00136618,434,227,207
E00136619,393,201,192
E00136620,362,141,221
E00136621,340,96,244
E00136622,485,313,172
E00136623,356,148,208
E00136624,388,180,208
E00136625,538,182,356
E00136626,200,86,114
E00136627,346,141,205
E00136629,340,151,189
E00136630,347,163,184
E00136631,254,79,175
E00136632,341,182,159
E00136633,250,94,156
E00136634,494,220,274
E00136636,221,56,165
E00136637,291,68,223
E00136638,346,106,240
E00136639,418,168,250
E00136640,211,31,180
E00136641,446,151,295
E00136642,417,166,251
E00136643,209,35,174
E00136644,575,239,336
E00136645,296,77,219
E00136646,405,185,220
E00136647,425,184,241
E00136648,426,208,218
E00136649,357,56,301
E00136650,286,59,227
E00136651,222,35,187
E00136652,283,65,218
E00136653,277,55,222
E00136654,338,67,271
E00136655,261,53,208
E00136656,298,70,228
E00136657,318,94,224
E00136658,352,98,254
E00136659,298,66,232
E00136660,296,56,240
E00136661,231,57,174
E00136662,410,131,279
E00136663,227,44,183
E00136664,242,35,207
E00136665,322,113,209
E00136666,381,118,263
E00136667,288,76,212
E00136668,274,31,243
E00136669,221,17,204
E00136670,256,42,214
E00136671,221,27,194
E00136672,284,44,240
E00136673,285,41,244
E00136674,196,8,188
E00136675,272,30,242
E00136676,250,26,224
E00136677,207,29,178
E00136678,202,34,168
E00136679,272,49,223
E00136680,231,35,196
E00136681,236,22,214
E00136682,281,37,244
E00136683,268,37,231
E00136684,296,35,261
E00136685,108,10,98
E00136686,201,36,165
E00136687,323,56,267
E00136688,257,22,235
E00136689,277,40,237
E00136690,311,39,272
E00136691,242,20,222
E00136692,318,60,258
E00136693,212,32,180
E00136694,251,20,231
E00136695,349,29,320
E00136696,481,77,404
E00136697,454,64,390
E00136698,202,33,169
E00136699,326,42,284
E00136700,309,50,259
E00136701,196,18,178
E00136702,319,48,271
E00136703,237,48,189
E00136704,147,15,132
E00136705,371,75,296
E00136706,431,62,369
E00136707,251,50,201
E00136708,265,26,239
E00136709,444,77,367
E00136710,213,40,173
E00136711,312,30,282
E00136712,263,48,215
E00136713,495,87,408
E00136714,275,35,240
E00136715,289,25,264
E00136716,367,81,286
E00136717,345,35,310
E00136718,281,44,237
E00136719,473,136,337
E00136720,259,44,215
E00136721,289,51,238
E00136723,248,47,201
E00136724,316,54,262
E00136725,331,66,265
E00136727,315,46,269
E00136728,294,34,260
E00136729,211,22,189
E00136731,469,92,377
E00136732,246,34,212
E00136733,216,33,183
E00136734,267,44,223
E00136735,451,81,370
E00136736,279,43,236
E00136737,346,101,245
E00136739,214,24,190
E00136740,528,116,412
E00136741,302,59,243
E00136742,369,74,295
E00136743,396,76,320
E00136744,251,57,194
E00136745,285,68,217
E00136746,292,54,238
E00136747,256,35,221
E00136748,415,48,367
E00136749,268,62,206
E00136750,360,46,314
E00136751,364,37,327
E00136752,262,32,230
E00136753,289,41,248
E00136754,297,28,269
E00136757,326,48,278
E00136758,281,20,261
E00136760,243,29,214
E00136761,236,31,205
E00136762,234,26,208
E00136763,191,18,173
E00136764,234,26,208
E00136765,515,93,422
E00136766,296,50,246
E00136767,296,62,234
E00136768,212,25,187
E00136769,202,11,191
E00136770,291,34,257
E00136771,353,56,297
E00136772,265,29,236
E00136773,208,26,182
E00136774,290,67,223
E00136775,274,43,231
E00136776,315,41,274
E00136777,289,47,242
E00136778,216,22,194
E00136779,274,32,242
E00136780,137,17,120
E00136781,341,30,311
E00136782,254,24,230
E00136783,287,43,244
E00136784,492,72,420
E00136785,171,18,153
E00136786,269,22,247
E00136787,279,62,217
E00136788,233,32,201
E00136789,400,61,339
E00136790,344,37,307
E00136791,325,31,294
E00136792,284,53,231
E00136793,297,58,239
E00136794,270,47,223
E00136795,262,35,227
E00136796,274,27,247
E00136797,298,42,256
E00136798,191,30,161
E00136799,268,56,212
E00136800,277,41,236
E00136801,490,93,397
E00136802,332,78,254
E00136803,138,12,126
E00136804,365,54,311
E00136805,110,11,99
E00136806,285,47,238
E00136808,121,26,95
E00136810,385,48,337
E00136811,384,56,328
E00136812,409,76,333
E00136813,236,30,206
E00136814,181,27,154
E00136815,162,31,131
E00136816,397,61,336
E00136817,373,49,324
E00136818,302,55,247
E00136819,258,40,218
E00136820,248,54,194
E00136821,242,52,190
E00136822,245,23,222
E00136823,190,37,153
E00136824,144,35,109
E00136825,258,26,232
E00136826,305,48,257
E00136827,311,53,258
E00136829,317,51,266
E00136830,324,70,254
E00136831,418,69,349
E00136832,225,37,188
E00136833,212,17,195
E00136834,178,32,146
E00136835,279,43,236
E00136836,239,18,221
E00136837,273,28,245
E00136838,269,33,236
E00136839,362,48,314
E00136840,362,62,300
E00136841,195,14,181
E00136842,307,52,255
E00136843,284,38,246
E00136844,286,45,241
E00136845,320,73,247
E00136846,305,60,245
E00136847,252,32,220
E00136848,279,36,243
E00136849,217,50,167
E00136850,461,83,378
E00136851,251,30,221
E00136852,232,40,192
E00136853,250,55,195
E00136854,293,49,244
E00136855,254,49,205
E00136856,321,51,270
E00136859,341,57,284
E00136860,246,46,200
E00136861,163,24,139
E00136862,300,37,263
E00136863,246,38,208
E00136864,301,41,260
E00136865,292,53,239
E00136866,115,10,105
E00136867,201,27,174
E00136868,276,39,237
E00136869,560,130,430
E00136870,276,49,227
E00136871,242,45,197
E00136872,356,44,312
E00136873,302,56,246
E00136874,224,54,170
E00136875,403,56,347
E00136876,401,50,351
E00136877,275,35,240
E00136878,236,24,212
E00136879,227,22,205
E00136880,244,34,210
E00136881,277,42,235
E00136882,336,63,273
E00136883,151,15,136
E00136884,331,53,278
E00136886,407,62,345
E00136887,237,45,192
E00136888,250,32,218
E00136889,234,28,206
E00136890,447,77,370
E00136891,330,44,286
E00136892,169,24,145
E00136893,292,70,222
E00136894,465,85,380
E00136895,296,39,257
E00136897,306,56,250
E00136899,273,38,235
E00136900,356,40,316
E00136901,207,43,164
E00136902,304,41,263
E00136903,312,49,263
E00136904,278,43,235
E00136905,280,43,237
E00136906,324,43,281
E00136907,256,25,231
E00136908,226,22,204
E00136909,281,30,251
E00136910,281,27,254
E00136911,282,54,228
E00136912,266,39,227
E00136913,263,28,235
E00136914,312,62,250
E00136915,227,18,209
E00136916,277,30,247
E00136917,287,43,244
E00136918,279,45,234
E00136919,264,22,242
E00136920,275,33,242
E00136921,263,38,225
E00136922,284,50,234
E00136923,304,39,265
E00136924,273,34,239
E00136925,471,99,372
E00136926,297,51,246
E00136927,372,55,317
E00136928,297,37,260
E00136929,266,53,213
E00136930,193,19,174
E00136931,279,48,231
E00136932,263,39,224
E00136933,196,16,180
E00136934,191,25,166
E00136935,302,64,238
E00136936,343,47,296
E00136937,128,25,103
E00136938,236,24,212
E00136939,256,34,222
E00136940,226,33,193
E00136941,276,29,247
E00136942,251,48,203
E00136943,297,33,264
E00136945,265,39,226
E00136946,179,25,154
E00136947,268,58,210
E00136949,184,26,158
E00136950,284,50,234
E00136951,215,33,182
E00136952,451,81,370
E00136953,363,51,312
E00136954,263,39,224
E00136955,201,41,160
E00136956,319,58,261
E00136957,320,44,276
E00136958,347,60,287
E00136959,558,111,447
E00136960,155,16,139
E00136961,166,35,131
E00136962,407,69,338
E00136963,272,43,229
E00136964,283,43,240
E00136965,283,31,252
E00136967,431,85,346
E00136969,522,87,435
E00136972,247,8,239
E00136973,293,47,246
E00136974,210,26,184
E00136975,152,24,128
E00136976,307,42,265
E00136977,181,31,150
E00136978,132,19,113
E00136979,406,59,347
E00136980,267,41,226
E00136981,337,60,277
E00136982,210,40,170
E00136983,162,16,146
E00136984,184,31,153
E00136985,249,29,220
E00136986,306,46,260
E00136987,344,57,287
E00136988,331,67,264
E00136989,201,21,180
E00136990,289,41,248
E00136991,370,51,319
E00136992,233,38,195
E00136993,376,57,319
E00136995,253,37,216
E00136996,237,49,188
E00136997,264,27,237
E00136998,284,41,243
E00136999,206,21,185
E00137000,476,69,407
E00137001,197,31,166
E00137002,301,29,272
E00137003,252,33,219
E00137004,322,29,293
E00137005,241,53,188
E00137006,272,34,238
E00137007,237,23,214
E00137008,172,21,151
E00137009,126,21,105
E00137010,165,23,142
E00137011,453,82,371
E00137012,337,59,278
E00137013,321,48,273
E00137014,372,78,294
E00137015,324,27,297
E00137016,442,78,364
E00137017,402,74,328
E00137018,325,31,294
E00137019,306,39,267
E00137020,312,45,267
E00137021,255,53,202
E00137022,235,45,190
E00137023,344,55,289
E00137024,179,28,151
E00137025,321,32,289
E00137026,249,52,197
E00137027,490,112,378
E00137029,329,59,270
E00137030,267,50,217
E00137031,199,41,158
E00137033,201,44,157
E00137034,332,45,287
E00137035,383,66,317
E00137036,289,46,243
E00137037,282,40,242
E00137038,237,32,205
E00137039,275,44,231
E00137040,251,35,216
E00137041,242,43,199
E00137042,289,64,225
E00137043,120,11,109
E00137044,275,39,236
E00137045,286,45,241
E00137046,341,34,307
E00137047,107,17,90
E00137048,294,51,243
E00137049,352,57,295
E00137050,457,78,379
E00137051,327,32,295
E00137052,124,20,104
E00137053,244,24,220
E00137054,473,92,381
E00137055,376,78,298
E00137057,288,70,218
E00137058,244,27,217
E00137059,253,30,223
E00137060,227,25,202
E00137061,369,82,287
E00137062,294,70,224
E00137063,339,59,280
E00137064,149,17,132
E00137066,410,67,343
E00137067,258,50,208
E00137068,170,29,141
E00137069,550,99,451
E00137070,303,49,254
E00137071,202,40,162
E00137072,302,63,239
E00137073,224,31,193
E00137074,265,42,223
E00137075,305,66,239
E00137076,303,36,267
E00137077,291,76,215
E00137078,286,53,233
E00137079,383,88,295
E00137080,336,92,244
E00137081,310,60,250
E00137082,331,63,268
E00137083,247,50,197
E00137084,532,98,434
E00137085,283,24,259
E00137086,331,44,287
E00137087,247,24,223
E00137088,270,25,245
E00137089,297,60,237
E00137090,341,43,298
E00137091,329,77,252
E00137092,300,45,255
E00137093,339,59,280
E00137094,359,63,296
E00137096,216,14,202
E00137097,265,22,243
E00137098,298,59,239
E00137099,270,58,212
E00137100,312,68,244
E00137101,307,62,245
E00137102,281,61,220
E00137103,335,77,258
E00137104,278,82,196
E00137105,309,66,243
E00137106,265,54,211
E00137107,384,71,313
E00137108,224,29,195
E00137109,304,51,253
E00137110,273,61,212
E00137111,330,86,244
E00137112,256,55,201
E00137113,307,59,248
E00137114,372,67,305
E00137115,289,64,225
E00137116,288,59,229
E00137117,285,69,216
E00137118,293,37,256
E00137119,320,61,259
E00137120,265,41,224
E00137121,295,55,240
E00137122,385,76,309
E00137123,341,73,268
E00137124,332,77,255
E00137125,200,24,176
E00137126,358,83,275
E00137127,258,52,206
E00137128,327,55,272
E00137129,267,50,217
E00137130,268,46,222
E00137131,268,46,222
E00137132,294,54,240
E00137133,265,46,219
E00137134,272,39,233
E00137135,297,53,244
E00137136,260,43,217
E00137137,292,57,235
E00137138,313,53,260
E00137139,284,37,247
E00137140,550,145,405
E00137142,210,52,158
E00137143,233,50,183
E00137144,268,39,229
E00137145,303,47,256
E00137146,373,60,313
E00137149,363,123,240
E00137150,304,77,227
E00137151,355,122,233
E00137152,389,66,323
E00137153,294,56,238
E00137155,219,18,201
E00137156,237,16,221
E00137157,357,76,281
E00137158,304,72,232
E00137159,330,64,266
E00137160,298,67,231
E00137161,407,82,325
E00137162,364,78,286
E00137163,328,82,246
E00137164,283,69,214
E00137165,391,23,368
E00137166,293,65,228
E00137167,262,45,217
E00137168,231,35,196
E00137169,384,74,310
E00137170,286,67,219
E00137171,345,71,274
E00137172,275,62,213
E00137173,302,52,250
E00137174,312,29,283
E00137175,321,60,261
E00137176,324,58,266
E00137177,262,47,215
E00137178,302,57,245
E00137179,269,47,222
E00137180,281,51,230
E00137181,265,53,212
E00137182,285,53,232
E00137183,433,69,364
E00137184,295,44,251
E00137185,311,56,255
E00137186,399,85,314
E00137187,264,36,228
E00137188,273,41,232
E00137189,272,52,220
E00137190,300,93,207
E00137191,295,54,241
E00137192,353,62,291
E00137193,213,29,184
E00137194,231,43,188
E00137195,279,49,230
E00137196,259,39,220
E00137197,278,50,228
E00137198,282,39,243
E00137199,248,26,222
E00137200,309,55,254
E00137201,251,43,208
E00137202,288,63,225
E00137203,300,71,229
E00137204,255,49,206
E00137206,313,33,280
E00137207,267,22,245
E00137208,393,83,310
E00137209,356,52,304
E00137210,304,42,262
E00137211,261,34,227
E00137213,306,56,250
E00137214,311,44,267
E00137215,325,62,263
E00137216,531,101,430
E00137217,276,49,227
E00137218,116,16,100
E00137219,310,45,265
E00137220,300,54,246
E00137221,307,32,275
E00137222,259,43,216
E00137223,394,58,336
E00137224,364,62,302
E00137225,280,44,236
E00137226,243,36,207
E00137227,244,20,224
E00137228,267,41,226
E00137229,301,47,254
E00137230,273,44,229
E00137232,285,55,230
E00137233,222,39,183
E00137234,275,49,226
E00137235,263,44,219
E00137236,262,47,215
E00137237,285,37,248
E00137238,246,38,208
E00137240,266,44,222
E00137241,302,47,255
E00137242,274,56,218
E00137243,220,41,179
E00137244,445,67,378
E00137245,277,57,220
E00137246,300,57,243
E00137247,280,66,214
E00137248,261,32,229
E00137249,261,37,224
E00137250,270,59,211
E00137251,265,29,236
E00137252,284,70,214
E00137253,370,54,316
E00137254,333,50,283
E00137255,368,91,277
E00137256,287,49,238
E00137257,481,99,382
E00137260,236,21,215
E00137261,541,131,410
E00137262,327,80,247
E00137263,295,66,229
E00137264,318,50,268
E00137265,266,40,226
E00137266,444,82,362
E00137267,307,50,257
E00137268,216,48,168
E00137269,241,32,209
E00137270,302,49,253
E00137271,243,26,217
E00137272,219,17,202
E00137273,218,12,206
E00137274,265,25,240
E00137275,250,18,232
E00137276,298,42,256
E00137277,305,28,277
E00137278,263,31,232
E00137279,216,25,191
E00137280,309,74,235
E00137281,225,32,193
E00137282,367,29,338
E00137283,268,22,246
E00137284,410,56,354
E00137285,273,29,244
E00137286,303,43,260
E00137287,275,27,248
E00137288,241,38,203
E00137289,235,36,199
E00137290,150,26,124
E00137291,277,51,226
E00137292,315,50,265
E00137294,323,48,275
E00137295,337,52,285
E00137296,301,40,261
E00137297,347,37,310
E00137298,281,25,256
E00137299,264,33,231
E00137300,314,39,275
E00137302,302,38,264
E00137303,279,73,206
E00137304,333,62,271
E00137305,329,48,281
E00137306,216,30,186
E00137307,281,52,229
E00137308,222,39,183
E00137309,250,29,221
E00137310,281,44,237
E00137312,242,19,223
E00137313,291,39,252
E00137314,229,27,202
E00137315,298,69,229
E00137316,261,37,224
E00137317,426,71,355
E00137318,276,56,220
E00137319,540,111,429
E00137320,343,88,255
E00137321,287,49,238
E00137322,435,93,342
E00137323,267,36,231
E00137324,314,63,251
E00137325,240,34,206
E00137326,261,34,227
E00137327,293,39,254
E00137328,301,46,255
E00137329,295,66,229
E00137330,331,60,271
E00137332,314,57,257
E00137333,242,25,217
E00137334,418,147,271
E00137335,285,50,235
E00137336,302,56,246
E00137337,355,66,289
E00137338,298,33,265
E00137339,294,54,240
E00137340,232,30,202
E00137341,341,50,291
E00137342,233,41,192
E00137343,363,75,288
E00137344,310,54,256
E00137345,364,55,309
E00137346,194,49,145
E00137347,448,89,359
E00137348,297,41,256
E00137349,442,83,359
E00137352,269,23,246
E00137353,382,76,306
E00137354,387,78,309
E00137355,319,82,237
E00137356,459,92,367
E00137357,207,23,184
E00137358,398,88,310
E00137359,278,41,237
E00137360,238,35,203
E00137361,372,85,287
E00137362,253,30,223
E00137363,272,34,238
E00137364,253,37,216
E00137365,297,49,248
E00137366,281,35,246
E00137367,280,46,234
E00137368,306,47,259
E00137369,305,83,222
E00137370,320,73,247
E00137371,313,74,239
E00137372,431,90,341
E00137373,275,69,206
E00137374,515,104,411
E00137375,269,49,220
E00137376,278,31,247
E00137377,309,53,256
E00137378,429,55,374
E00137379,294,23,271
E00137380,376,78,298
E00137381,426,83,343
E00137382,335,66,269
E00137383,252,25,227
E00137384,275,37,238
E00137385,274,39,235
E00137386,305,94,211
E00137388,380,102,278
E00137389,281,68,213
E00137390,275,60,215
E00137391,281,65,216
E00137392,286,72,214
E00137393,236,50,186
E00137394,331,100,231
E00137396,341,52,289
E00137397,273,39,234
E00137398,281,37,244
E00137399,251,46,205
E00137400,456,93,363
E00137401,261,47,214
E00137402,507,110,397
E00137403,325,59,266
E00137404,191,34,157
E00137405,249,31,218
E00137406,299,57,242
E00137407,295,46,249
E00137408,284,41,243
E00137409,264,47,217
E00137410,306,66,240
E00137411,553,94,459
E00137412,457,105,352
E00137413,428,57,371
E00137414,501,92,409
E00137416,544,130,414
E00137418,313,39,274
E00137419,372,123,249
E00137420,263,45,218
E00137421,220,46,174
E00137422,157,19,138
E00137423,436,61,375
E00137424,328,58,270
E00137425,187,40,147
E00137426,308,63,245
E00137427,281,49,232
E00137428,382,55,327
E00137429,323,48,275
E00137430,328,49,279
E00137431,129,22,107
E00137432,225,50,175
E00137433,263,34,229
E00137434,290,55,235
E00137435,569,76,493
E00137436,190,43,147
E00137437,182,29,153
E00137438,248,30,218
E00137439,411,70,341
E00137440,443,77,366
E00137441,313,58,255
E00137442,246,30,216
E00137443,346,77,269
E00137444,218,27,191
E00137445,189,25,164
E00137446,249,26,223
E00137447,356,62,294
E00137448,359,67,292
E00137449,373,55,318
E00137450,413,64,349
E00137451,295,38,257
E00137452,364,69,295
E00137453,291,73,218
E00137454,256,49,207
E00137455,311,46,265
E00137456,158,26,132
E00137457,471,79,392
E00137458,477,91,386
E00137459,334,52,282
E00137460,319,55,264
E00137461,351,67,284
E00137462,353,75,278
E00137464,585,145,440
E00137465,314,60,254
E00137466,389,81,308
E00137467,235,29,206
E00137468,298,37,261
E00137469,288,39,249
E00137470,240,17,223
E00137471,378,86,292
E00137472,311,35,276
E00137473,311,68,243
E00137474,312,53,259
E00137475,256,36,220
E00137476,271,61,210
E00137477,351,57,294
E00137479,280,42,238
E00137480,289,53,236
E00137481,289,41,248
E00137482,177,22,155
E00137483,204,24,180
E00137484,295,42,253
E00137485,274,44,230
E00137486,381,58,323
E00137489,435,73,362
E00137491,252,37,215
E00137492,305,49,256
E00137493,280,48,232
E00137494,326,59,267
E00137495,345,58,287
E00137496,198,33,165
E00137497,226,32,194
E00137498,284,54,230
E00137499,179,25,154
E00137500,245,39,206
E00137501,530,89,441
E00137502,254,40,214
E00137503,404,60,344
E00137504,357,71,286
E00137505,292,34,258
E00137506,312,50,262
E00137507,282,35,247
E00137508,289,35,254
E00137509,257,40,217
E00137510,288,51,237
E00137511,393,71,322
E00137512,514,105,409
E00137513,260,42,218
E00137514,326,74,252
E00137515,280,36,244
E00137517,279,75,204
E00137518,436,87,349
E00137519,247,61,186
E00137521,319,48,271
E00137522,353,51,302
E00137523,294,44,250
E00137524,556,115,441
E00137525,374,48,326
E00137526,365,53,312
E00137527,271,39,232
E00137528,510,74,436
E00137529,455,93,362
E00137530,302,48,254
E00137531,381,85,296
E00137533,377,79,298
E00137534,338,77,261
E00137535,367,73,294
E00137536,351,61,290
E00137537,290,39,251
E00137538,269,35,234
E00137539,316,60,256
E00137540,334,43,291
E00137541,276,50,226
E00137542,269,28,241
E00137543,271,22,249
E00137544,335,102,233
E00137545,333,90,243
E00137546,255,48,207
E00137547,550,110,440
E00137548,537,115,422
E00137549,424,100,324
E00137550,355,42,313
E00137551,146,16,130
E00137552,186,17,169
E00137553,238,26,212
E00137554,271,43,228
E00137555,437,89,348
E00137556,491,120,371
E00137557,274,37,237
E00137558,229,27,202
E00137559,188,38,150
E00137560,151,24,127
E00137561,115,10,105
E00137562,298,50,248
E00137563,167,38,129
E00137564,187,40,147
E00137565,379,67,312
E00137566,262,34,228
E00137567,244,36,208
E00137568,114,26,88
E00137569,382,51,331
E00137570,215,28,187
E00137571,361,60,301
E00137572,281,57,224
E00137573,265,40,225
E00137574,256,46,210
E00137575,193,23,170
E00137576,435,69,366
E00137577,329,41,288
E00137578,242,25,217
E00137579,231,22,209
E00137583,357,56,301
E00137584,252,43,209
E00137585,303,52,251
E00137586,269,60,209
E00137587,338,74,264
E00137589,312,54,258
E00137590,251,30,221
E00137591,457,83,374
E00137592,141,14,127
E00137593,416,87,329
E00137594,417,81,336
E00137595,172,30,142
E00137596,421,63,358
E00137597,488,53,435
E00137598,289,62,227
E00137599,276,39,237
E00137600,336,86,250
E00137601,306,50,256
E00137602,404,81,323
E00137603,449,62,387
E00137606,279,46,233
E00137607,314,44,270
E00137608,278,36,242
E00137609,287,41,246
E00137610,214,7,207
E00137611,460,83,377
E00137612,319,61,258
E00137613,264,37,227
E00137614,307,45,262
E00137615,275,41,234
E00137616,280,25,255
E00137617,297,42,255
E00137618,243,45,198
E00137619,300,81,219
E00137620,319,69,250
E00137621,325,58,267
E00137622,313,46,267
E00137623,336,59,277
E00137624,255,28,227
E00137625,274,36,238
E00137626,370,65,305
E00137627,319,48,271
E00137628,395,60,335
E00137630,276,56,220
E00137631,407,106,301
E00137632,273,24,249
E00137634,208,23,185
E00137635,319,82,237
E00137636,471,104,367
E00137637,473,98,375
E00137638,321,61,260
E00137639,295,40,255
E00137640,300,56,244
E00137641,336,97,239
E00137642,242,37,205
E00137643,301,45,256
E00137644,293,46,247
E00137645,232,41,191
E00137646,249,30,219
E00137647,267,35,232
E00137648,233,39,194
E00137649,533,117,416
E00137650,220,35,185
E00137651,323,60,263
E00137652,347,56,291
E00137653,438,65,373
E00137654,203,29,174
E00137657,225,35,190
E00137658,395,57,338
E00137659,383,46,337
E00137660,301,29,272
E00137661,384,59,325
E00137662,305,43,262
E00137663,274,55,219
E00137664,318,52,266
E00137665,285,52,233
E00137666,267,49,218
E00137667,371,56,315
E00137668,304,50,254
E00137669,294,41,253
E00137670,308,33,275
E00137671,264,41,223
E00137672,363,83,280
E00137673,368,65,303
E00137674,258,42,216
E00137675,356,73,283
E00137676,150,21,129
E00137677,330,44,286
E00137678,263,29,234
E00137679,269,28,241
E00137680,372,73,299
E00137681,102,7,95
E00137682,358,86,272
E00137683,213,21,192
E00137684,397,85,312
E00137685,215,19,196
E00137686,350,36,314
E00137687,250,30,220
E00137688,353,57,296
E00137689,252,34,218
E00137690,276,45,231
E00137692,352,62,290
E00137693,508,99,409
E00137695,270,34,236
E00137696,272,45,227
E00137697,292,55,237
E00137698,333,63,270
E00137699,250,38,212
E00137700,293,47,246
E00137701,232,34,198
E00137702,257,31,226
E00137703,295,76,219
E00137704,322,55,267
E00137705,376,98,278
E00137706,265,45,220
E00137707,224,21,203
E00137708,369,109,260
E00137709,273,32,241
E00137710,312,96,216
E00137711,308,67,241
E00137712,275,55,220
E00137713,318,97,221
E00137714,213,12,201
E00137715,264,46,218
E00137716,298,58,240
E00137717,415,60,355
E00137718,242,39,203
E00137719,209,30,179
E00137720,317,61,256
E00137721,300,59,241
E00137722,393,68,325
E00137723,227,24,203
E00137724,326,46,280
E00137725,268,67,201
E00137726,294,59,235
E00137727,486,97,389
E00137729,369,63,306
E00137730,387,96,291
E00137731,310,45,265
E00137733,348,64,284
E00137734,244,28,216
E00137735,228,30,198
E00137736,415,56,359
E00137737,295,55,240
E00137738,512,128,384
E00137739,407,80,327
E00137741,233,34,199
E00137742,293,58,235
E00137743,317,50,267
E00137744,307,33,274
E00137745,406,48,358
E00137746,452,91,361
E00137747,248,15,233
E00137748,300,47,253
E00137749,339,70,269
E00137750,416,73,343
E00137751,330,68,262
E00137752,272,50,222
E00137753,276,52,224
E00137754,332,50,282
E00137755,320,57,263
E00137756,331,67,264
E00137757,345,56,289
E00137758,383,66,317
E00137759,357,95,262
E00137760,435,117,318
E00137761,328,86,242
E00137762,229,36,193
E00137763,300,69,231
E00137764,284,62,222
E00137765,319,70,249
E00137766,287,64,223
E00137767,366,98,268
E00137768,266,66,200
E00137769,349,49,300
E00137770,306,67,239
E00137771,258,34,224
E00137772,270,47,223
E00137773,219,32,187
E00137774,245,20,225
E00137776,227,28,199
E00137777,220,19,201
E00137778,264,45,219
E00137779,274,36,238
E00137780,399,91,308
E00137781,478,122,356
E00137782,325,62,263
E00137783,318,62,256
E00137784,419,73,346
E00137786,285,64,221
E00137787,576,127,449
E00137788,284,47,237
E00137789,319,62,257
E00137790,386,58,328
E00137791,354,74,280
E00137792,270,46,224
E00137793,296,59,237
E00137794,357,66,291
E00137795,283,56,227
E00137796,288,50,238
E00137797,260,34,226
E00137798,245,26,219
E00137799,241,42,199
E00137802,128,18,110
E00137803,516,84,432
E00137804,138,9,129
E00137805,292,45,247
E00137806,293,69,224
E00137808,240,33,207
E00137809,308,58,250
E00137810,263,54,209
E00137811,315,46,269
E00137812,281,32,249
E00137813,327,82,245
E00137814,400,102,298
E00137815,258,24,234
E00137816,300,47,253
E00137817,386,56,330
E00137818,296,38,258
E00137819,328,54,274
E00137820,302,46,256
E00137822,364,84,280
E00137823,368,74,294
E00137824,318,49,269
E00137825,316,42,274
E00137826,484,81,403
E00137827,251,31,220
E00137828,382,73,309
E00137829,339,85,254
E00137830,192,18,174
E00137831,311,70,241
E00137832,396,90,306
E00137834,303,68,235
E00137835,270,60,210
E00137836,289,59,230
E00137837,316,44,272
E00137838,163,38,125
E00137839,283,68,215
E00137840,238,53,185
E00137841,245,42,203
E00137842,263,41,222
E00137843,260,63,197
E00137844,290,56,234
E00137845,294,41,253
E00137846,227,14,213
E00137847,289,47,242
E00137848,297,34,263
E00137849,265,48,217
E00137850,260,45,215
E00137851,368,72,296
E00137853,249,25,224
E00137856,290,39,251
E00137857,289,36,253
E00137860,378,57,321
E00137861,350,62,288
E00137862,378,77,301
E00137863,283,51,232
E00137864,258,30,228
E00137865,345,61,284
E00137866,254,49,205
E00137867,289,50,239
E00137868,293,45,248
E00137869,115,5,110
E00137870,235,24,211
E00137871,312,28,284
E00137872,361,89,272
E00137874,256,49,207
E00137875,337,72,265
E00137876,348,71,277
E00137877,253,35,218
E00137878,296,61,235
E00137879,473,74,399
E00137880,323,66,257
E00137881,260,13,247
E00137882,302,46,256
E00137883,268,48,220
E00137884,333,65,268
E00137885,423,79,344
E00137886,266,70,196
E00137887,295,36,259
E00137888,409,75,334
E00137889,291,65,226
E00137890,282,30,252
E00137891,331,62,269
E00137892,292,52,240
E00137893,297,42,255
E00137894,251,42,209
E00137895,314,57,257
E00137896,276,57,219
E00137897,276,42,234
E00137898,284,38,246
E00137899,274,49,225
E00137900,381,60,321
E00137901,403,58,345
E00137902,297,70,227
E00137903,278,49,229
E00137904,181,26,155
E00137905,253,31,222
E00137906,325,70,255
E00137907,338,66,272
E00137908,157,6,151
E00137909,286,23,263
E00137911,172,11,161
E00137913,309,45,264
E00137914,290,59,231
E00137915,327,62,265
E00137916,387,48,339
E00137917,310,77,233
E00137918,377,75,302
E00137919,332,66,266
E00137920,305,75,230
E00137921,360,80,280
E00137922,341,66,275
E00137923,354,51,303
E00137924,297,58,239
E00137925,364,56,308
E00137926,492,90,402
E00137927,304,58,246
E00137928,311,55,256
E00137929,280,47,233
E00137930,339,71,268
E00137931,339,71,268
E00137932,297,53,244
E00137935,248,38,210
E00137936,225,21,204
E00137937,437,62,375
E00137938,230,35,195
E00137939,285,53,232
E00137940,374,76,298
E00137941,310,66,244
E00137943,545,145,400
E00137944,330,94,236
E00137945,289,41,248
E00137946,297,41,256
E00137947,246,38,208
E00137948,276,35,241
E00137949,378,69,309
E00137950,311,57,254
E00137951,402,74,328
E00137952,286,45,241
E00137954,142,20,122
E00137955,238,32,206
E00137956,277,35,242
E00137957,247,46,201
E00137958,231,44,187
E00137959,137,24,113
E00137960,423,91,332
E00137961,259,33,226
E00137962,310,57,253
E00137963,351,74,277
E00137964,345,62,283
E00137965,322,65,257
E00137966,252,37,215
E00137968,301,50,251
E00137969,312,61,251
E00137970,271,37,234
E00137971,326,60,266
E00137972,340,70,270
E00137973,279,42,237
E00137974,261,31,230
E00137975,318,47,271
E00137976,320,69,251
E00137977,317,42,275
E00137978,522,99,423
E00137979,341,62,279
E00137980,455,111,344
E00137981,338,45,293
E00137982,311,58,253
E00137983,334,57,277
E00137984,382,61,321
E00137985,345,57,288
E00137986,286,46,240
E00137987,296,59,237
E00137988,282,51,231
E00137989,273,44,229
E00137991,422,72,350
E00137992,276,44,232
E00137993,292,44,248
E00137994,373,53,320
E00137995,296,44,252
E00137996,323,82,241
E00137997,299,74,225
E00137998,316,63,253
E00137999,258,57,201
E00138000,309,77,232
E00138001,247,38,209
E00138002,337,81,256
E00138003,324,83,241
E00138004,389,117,272
E00138005,441,165,276
E00138006,247,35,212
E00138007,394,48,346
E00138008,172,13,159
E00138009,394,50,344
E00138010,261,44,217
E00138011,369,68,301
E00138012,343,39,304
E00138013,408,93,315
E00138014,344,64,280
E00138015,245,28,217
E00138017,291,56,235
E00138018,299,100,199
E00138019,258,40,218
E00138020,270,44,226
E00138021,290,53,237
E00138022,363,45,318
E00138023,283,55,228
E00138024,351,78,273
E00138025,305,61,244
E00138026,390,83,307
E00138027,381,97,284
E00138028,258,41,217
E00138029,366,105,261
E00138030,321,96,225
E00138031,203,28,175
E00138032,242,42,200
E00138033,327,85,242
E00138034,287,56,231
E00138035,336,74,262
E00138036,344,76,268
E00138037,341,78,263
E00138038,275,49,226
E00138039,304,63,241
E00138040,275,49,226
E00138041,150,20,130
E00138042,319,64,255
E00138043,294,58,236
E00138044,399,100,299
E00138045,313,69,244
E00138046,357,83,274
E00138047,282,61,221
E00138048,315,56,259
E00138049,315,67,248
E00138050,368,62,306
E00138051,392,99,293
E00138052,323,75,248
E00138053,276,48,228
E00138054,341,65,276
E00138055,363,109,254
E00138056,314,78,236
E00138057,362,49,313
E00138058,305,53,252
E00138059,189,22,167
E00138060,550,61,489
E00138061,232,55,177
E00138062,295,51,244
E00138063,302,73,229
E00138064,336,61,275
E00138065,360,62,298
E00138066,289,55,234
E00138067,310,81,229
E00138068,394,83,311
E00138069,392,141,251
E00138070,336,103,233
E00138071,299,35,264
E00138072,276,74,202
E00138073,257,50,207
E00138074,461,148,313
E00138075,335,100,235
E00138076,242,38,204
E00138077,330,67,263
E00138078,273,39,234
E00138080,292,48,244
E00138081,300,56,244
E00138082,309,47,262
E00138083,287,35,252
E00138084,289,45,244
E00138085,291,33,258
E00138086,359,80,279
E00138087,342,54,288
E00138088,381,55,326
E00138089,208,35,173
E00138090,514,110,404
E00138091,309,50,259
E00138092,305,31,274
E00138093,270,51,219
E00138094,313,60,253
E00138095,251,29,222
E00138096,207,35,172
E00138097,297,71,226
E00138098,539,111,428
E00138099,265,46,219
E00138100,355,44,311
E00138101,277,46,231
E00138102,286,43,243
E00138103,289,37,252
E00138104,312,52,260
E00138105,218,29,189
E00138106,262,38,224
E00138107,315,67,248
E00138108,220,36,184
E00138109,232,30,202
E00138110,297,45,252
E00138111,271,54,217
E00138112,412,113,299
E00138113,269,35,234
E00138114,251,37,214
E00138115,309,47,262
E00138116,242,36,206
E00138117,538,149,389
E00138118,439,129,310
E00138119,336,58,278
E00138121,369,99,270
E00138122,314,80,234
E00138123,322,81,241
E00138124,218,57,161
E00138125,347,72,275
E00138126,398,101,297
E00138127,239,41,198
E00138128,350,96,254
E00138129,355,91,264
E00138130,354,88,266
E00138131,301,83,218
E00138132,326,82,244
E00138133,308,47,261
E00138134,295,57,238
E00138135,266,49,217
E00138136,445,79,366
E00138137,353,76,277
E00138138,427,111,316
E00138142,189,19,170
E00138143,288,53,235
E00138144,342,91,251
E00138145,184,15,169
E00138146,279,61,218
E00138147,200,18,182
E00138148,317,59,258
E00138149,264,83,181
E00138150,319,112,207
E00138151,203,45,158
E00138152,142,25,117
E00138153,357,58,299
E00138154,261,57,204
E00138155,329,106,223
E00138156,368,82,286
E00138157,286,51,235
E00138158,346,100,246
E00138160,323,90,233
E00138162,343,109,234
E00138163,311,86,225
E00138164,383,83,300
E00138165,283,81,202
E00138166,305,96,209
E00138167,330,95,235
E00138168,295,70,225
E00138169,404,99,305
E00138170,322,72,250
E00138171,312,88,224
E00138172,339,79,260
E00138173,308,95,213
E00138174,311,57,254
E00138175,282,57,225
E00138176,254,41,213
E00138177,300,65,235
E00138178,477,84,393
E00138179,313,60,253
E00138180,353,91,262
E00138181,325,73,252
E00138182,368,68,300
E00138183,432,82,350
E00138184,345,60,285
E00138185,148,53,95
E00138186,370,89,281
E00138187,240,38,202
E00138188,277,39,238
E00138189,316,68,248
E00138190,229,29,200
E00138191,255,45,210
E00138192,209,27,182
E00138193,293,53,240
E00138194,317,61,256
E00138195,290,57,233
E00138196,327,58,269
E00138197,257,53,204
E00138198,369,89,280
E00138199,320,66,254
E00138200,258,44,214
E00138201,357,84,273
E00138202,288,46,242
E00138203,276,62,214
E00138204,300,49,251
E00138205,267,37,230
E00138206,254,56,198
E00138207,352,70,282
E00138208,205,33,172
E00138209,321,62,259
E00138210,285,54,231
E00138211,269,40,229
E00138212,370,113,257
E00138213,260,34,226
E00138214,364,108,256
E00138215,338,84,254
E00138216,312,94,218
E00138217,348,98,250
E00138218,288,58,230
E00138219,284,61,223
E00138220,336,77,259
E00138221,295,85,210
E00138222,318,89,229
E00138223,297,63,234
E00138224,306,80,226
E00138225,272,66,206
E00138226,306,70,236
E00138227,325,62,263
E00138228,391,102,289
E00138229,256,55,201
E00138230,264,62,202
E00138231,297,48,249
E00138232,479,106,373
E00138233,475,109,366
E00138234,338,76,262
E00138235,295,88,207
E00138236,282,79,203
E00138237,358,111,247
E00138238,336,72,264
E00138239,297,50,247
E00138240,362,86,276
E00138241,304,80,224
E00138242,361,92,269
E00138243,305,72,233
E00138244,340,55,285
E00138245,384,104,280
E00138246,298,54,244
E00138247,311,50,261
E00138248,295,70,225
E00138249,276,42,234
E00138250,303,38,265
E00138251,239,42,197
E00138252,315,95,220
E00138254,322,106,216
E00138255,336,109,227
E00138256,300,77,223
E00138257,324,79,245
E00138258,422,110,312
E00138259,341,62,279
E00138260,294,61,233
E00138261,249,42,207
E00138262,234,23,211
E00138263,289,74,215
E00138264,262,56,206
E00138265,294,50,244
E00138266,385,109,276
E00138267,321,34,287
E00138268,289,52,237
E00138269,257,37,220
E00138270,250,37,213
E00138271,289,68,221
E00138272,447,111,336
E00138273,206,17,189
E00138274,282,56,226
E00138275,343,79,264
E00138276,279,23,256
E00138277,335,55,280
E00138278,268,58,210
E00138279,180,20,160
E00138280,476,151,325
E00138281,302,41,261
E00138282,244,43,201
E00138283,245,34,211
E00138284,379,78,301
E00138285,303,71,232
E00138286,340,85,255
E00138287,266,43,223
E00138288,534,127,407
E00138289,321,46,275
E00138290,214,24,190
E00138291,259,33,226
E00138292,310,47,263
E00138293,303,66,237
E00138294,292,51,241
E00138295,259,61,198
E00138296,309,87,222
E00138297,334,67,267
E00138298,312,82,230
E00138299,307,54,253
E00138300,259,35,224
E00138301,276,59,217
E00138302,368,120,248
E00138303,319,62,257
E00138304,237,47,190
E00138305,242,21,221
E00138306,292,59,233
E00138307,331,81,250
E00138308,299,76,223
E00138309,289,54,235
E00138310,232,47,185
E00138311,279,77,202
E00138312,359,61,298
E00138313,285,42,243
E00138314,384,48,336
E00138315,315,50,265
E00138316,367,107,260
E00138317,457,80,377
E00138318,370,96,274
E00138319,358,63,295
E00138320,353,47,306
E00138321,307,67,240
E00138322,263,44,219
E00138323,302,41,261
E00138324,345,51,294
E00138325,282,34,248
E00138326,261,45,216
E00138327,289,32,257
E00138328,322,71,251
E00138329,301,51,250
E00138330,258,28,230
E00138331,252,38,214
E00138332,285,48,237
E00138333,238,23,215
E00138334,263,51,212
E00138335,194,27,167
E00138336,225,31,194
E00138337,194,19,175
E00138338,165,29,136
E00138339,490,89,401
E00138340,333,78,255
E00138341,335,71,264
E00138342,345,92,253
E00138343,351,82,269
E00138344,376,82,294
E00138345,427,88,339
E00138347,263,23,240
E00138348,292,51,241
E00138349,368,92,276
E00138350,363,123,240
E00138351,366,108,258
E00138352,296,83,213
E00138353,375,106,269
E00138354,309,83,226
E00138355,249,46,203
E00138356,413,132,281
E00138357,358,86,272
E00138358,349,82,267
E00138359,345,83,262
E00138360,314,77,237
E00138361,275,78,197
E00138362,372,61,311
E00138363,401,123,278
E00138364,450,124,326
E00138365,273,71,202
E00138366,457,115,342
E00138367,141,16,125
E00138368,405,141,264
E00138369,278,82,196
E00138370,227,39,188
E00138371,338,84,254
E00138372,238,66,172
E00138373,346,120,226
E00138374,363,104,259
E00138375,431,158,273
E00138376,375,62,313
E00138377,384,71,313
E00138378,344,83,261
E00138379,343,64,279
E00138380,281,52,229
E00138381,279,60,219
E00138382,301,60,241
E00138383,271,39,232
E00138385,312,42,270
E00138386,308,49,259
E00138387,274,51,223
E00138391,415,93,322
E00138392,384,100,284
E00138393,399,114,285
E00138394,506,136,370
E00138395,360,81,279
E00138397,363,97,266
E00138398,349,93,256
E00138399,385,91,294
E00138400,314,70,244
E00138401,295,56,239
E00138402,325,81,244
E00138403,284,31,253
E00138404,325,63,262
E00138405,261,33,228
E00138406,409,63,346
E00138407,307,72,235
E00138408,300,63,237
E00138409,315,47,268
E00138410,235,43,192
E00138411,331,41,290
E00138412,303,66,237
E00138413,267,40,227
E00138414,223,36,187
E00138415,284,50,234
E00138416,293,58,235
E00138417,255,51,204
E00138418,222,31,191
E00138419,296,55,241
E00138420,478,120,358
E00138421,254,30,224
E00138422,304,62,242
E00138423,258,23,235
E00138424,255,27,228
E00138425,240,38,202
E00138426,287,40,247
E00138427,202,25,177
E00138428,284,40,244
E00138429,243,32,211
E00138431,258,73,185
E00138432,284,43,241
E00138434,497,122,375
E00138435,328,62,266
E00138436,296,64,232
E00138437,261,39,222
E00138438,280,67,213
E00138439,197,22,175
E00138440,302,57,245
E00138441,354,70,284
E00138442,198,28,170
E00138443,228,32,196
E00138444,336,78,258
E00138445,350,71,279
E00138446,283,29,254
E00138447,321,59,262
E00138449,228,22,206
E00138450,218,20,198
E00138451,284,33,251
E00138452,304,70,234
E00138453,247,35,212
E00138454,216,32,184
E00138455,253,49,204
E00138456,233,19,214
E00138457,252,43,209
E00138458,304,45,259
E00138459,326,43,283
E00138460,257,33,224
E00138461,209,27,182
E00138462,274,59,215
E00138463,260,50,210
E00138464,308,45,263
E00138465,300,47,253
E00138467,269,50,219
E00138468,257,32,225
E00138469,195,19,176
E00138470,257,18,239
E00138471,446,71,375
E00138472,244,34,210
E00138473,230,41,189
E00138474,298,41,257
E00138475,279,38,241
E00138476,290,43,247
E00138477,328,36,292
E00138478,242,26,216
E00138479,294,32,262
E00138480,216,21,195
E00138481,232,19,213
E00138482,257,24,233
E00138483,302,57,245
E00138484,415,88,327
E00138485,467,119,348
E00138487,322,70,252
E00138488,331,84,247
E00138489,366,112,254
E00138490,332,93,239
E00138491,371,92,279
E00138492,400,96,304
E00138493,309,85,224
E00138494,438,115,323
E00138495,261,69,192
E00138496,442,85,357
E00138497,229,45,184
E00138498,407,106,301
E00138499,312,65,247
E00138500,258,31,227
E00138501,271,67,204
E00138502,295,55,240
E00138503,294,79,215
E00138504,281,49,232
E00138505,230,42,188
E00138507,339,82,257
E00138508,290,61,229
E00138509,486,117,369
E00138510,296,49,247
E00138511,371,81,290
E00138512,317,51,266
E00138516,356,84,272
E00138517,310,50,260
E00138518,379,90,289
E00138519,477,140,337
E00138520,243,43,200
E00138521,345,87,258
E00138522,248,46,202
E00138523,271,65,206
E00138524,337,80,257
E00138525,275,80,195
E00138526,229,44,185
E00138527,308,70,238
E00138528,360,65,295
E00138529,287,95,192
E00138530,309,93,216
E00138531,306,77,229
E00138532,375,126,249
E00138533,226,41,185
E00138534,344,98,246
E00138536,292,50,242
E00138537,285,53,232
E00138538,506,130,376
E00138539,433,49,384
E00138540,392,89,303
E00138541,349,129,220
E00138542,420,138,282
E00138543,305,89,216
E00138544,330,77,253
E00138545,284,65,219
E00138546,256,49,207
E00138547,277,60,217
E00138548,244,41,203
E00138549,301,62,239
E00138550,488,103,385
E00138551,315,33,282
E00138552,212,21,191
E00138553,291,44,247
E00138554,213,26,187
E00138555,289,63,226
E00138556,255,51,204
E00138558,342,58,284
E00138559,275,43,232
E00138560,286,58,228
E00138561,315,42,273
E00138562,301,54,247
E00138563,185,17,168
E00138564,545,126,419
E00138565,337,111,226
E00138566,315,79,236
E00138567,421,150,271
E00138568,366,123,243
E00138569,331,37,294
E00138570,285,61,224
E00138571,511,166,345
E00138572,457,95,362
E00138573,335,94,241
E00138574,317,77,240
E00138575,251,54,197
E00138576,313,73,240
E00138577,271,55,216
E00138578,362,124,238
E00138579,387,106,281
E00138580,385,117,268
E00138581,254,68,186
E00138582,249,71,178
E00138583,258,81,177
E00138584,282,56,226
E00138585,216,29,187
E00138586,329,77,252
E00138587,385,121,264
E00138588,280,66,214
E00138589,281,81,200
E00138590,411,140,271
E00138591,241,57,184
E00138592,427,120,307
E00138593,336,74,262
E00138594,486,142,344
E00138595,364,90,274
E00138596,295,85,210
E00138597,368,74,294
E00138598,363,103,260
E00138599,313,45,268
E00138600,282,51,231
E00138601,277,54,223
E00138602,268,68,200
E00138603,305,80,225
E00138604,333,97,236
E00138605,317,88,229
E00138606,271,41,230
E00138607,343,89,254
E00138608,320,84,236
E00138609,337,114,223
E00138610,329,70,259
E00138611,302,84,218
E00138612,289,91,198
E00138613,338,100,238
E00138614,303,99,204
E00138615,358,116,242
E00138616,262,69,193
E00138617,459,123,336
E00138618,459,86,373
E00138619,342,90,252
E00138620,242,17,225
E00138622,299,65,234
E00138623,244,42,202
E00138624,380,117,263
E00138625,321,48,273
E00138626,267,54,213
E00138627,294,80,214
E00138628,350,65,285
E00138629,356,81,275
E00138630,303,47,256
E00138632,305,41,264
E00138633,469,100,369
E00138634,300,30,270
E00138635,303,39,264
E00138636,374,67,307
E00138637,313,42,271
E00138638,292,62,230
E00138640,273,40,233
E00138641,199,19,180
E00138642,277,42,235
E00138643,213,28,185
E00138644,567,133,434
E00138645,305,47,258
E00138646,233,39,194
E00138647,315,64,251
E00138648,334,67,267
E00138649,257,27,230
E00138650,286,70,216
E00138651,360,71,289
E00138652,372,62,310
E00138653,226,43,183
E00138654,287,50,237
E00138655,367,65,302
E00138656,289,44,245
E00138657,353,71,282
E00138658,283,58,225
E00138659,330,50,280
E00138660,319,54,265
E00138661,355,47,308
E00138662,290,47,243
E00138663,341,63,278
E00138664,259,45,214
E00138665,284,41,243
E00138666,289,54,235
E00138667,324,67,257
E00138668,335,65,270
E00138669,311,57,254
E00138670,310,56,254
E00138671,190,30,160
E00138672,290,53,237
E00138673,247,60,187
E00138674,137,23,114
E00138675,329,50,279
E00138676,128,34,94
E00138677,273,50,223
E00138678,143,20,123
E00138679,244,30,214
E00138680,111,21,90
E00138681,400,71,329
E00138682,298,51,247
E00138683,342,62,280
E00138684,192,28,164
E00138685,322,31,291
E00138686,304,39,265
E00138687,292,43,249
E00138688,374,55,319
E00138689,288,40,248
E00138690,279,46,233
E00138691,246,19,227
E00138692,292,28,264
E00138696,289,44,245
E00138697,363,56,307
E00138698,249,31,218
E00138699,298,47,251
E00138700,307,56,251
E00138701,275,31,244
E00138702,278,60,218
E00138703,229,26,203
E00138704,237,34,203
E00138705,276,36,240
E00138706,279,34,245
E00138707,304,60,244
E00138708,346,86,260
E00138709,210,20,190
E00138710,294,40,254
E00138711,287,46,241
E00138712,266,53,213
E00138713,233,25,208
E00138714,278,45,233
E00138715,287,53,234
E00138716,270,52,218
E00138717,339,49,290
E00138718,426,64,362
E00138719,242,30,212
E00138720,329,35,294
E00138721,253,59,194
E00138722,352,44,308
E00138723,308,59,249
E00138724,310,68,242
E00138725,298,54,244
E00138726,315,69,246
E00138727,253,44,209
E00138728,260,47,213
E00138729,379,76,303
E00138730,314,53,261
E00138731,301,67,234
E00138732,244,41,203
E00138733,236,36,200
E00138734,304,26,278
E00138735,323,55,268
E00138736,351,65,286
E00138737,418,66,352
E00138738,282,56,226
E00138739,399,70,329
E00138740,396,66,330
E00138742,464,71,393
E00138743,193,30,163
E00138744,343,88,255
E00138745,264,38,226
E00138746,248,37,211
E00138747,248,40,208
E00138748,315,50,265
E00138749,303,36,267
E00138750,318,65,253
E00138751,245,25,220
E00138752,443,88,355
E00138753,402,87,315
E00138754,517,99,418
E00138756,241,34,207
E00138757,357,64,293
E00138758,235,43,192
E00138759,403,51,352
E00138760,153,18,135
E00138761,321,53,268
E00138762,132,30,102
E00138763,253,50,203
E00138764,322,53,269
E00138765,167,25,142
E00138766,243,34,209
E00138767,250,41,209
E00138769,231,22,209
E00138771,528,88,440
E00138772,274,27,247
E00138773,276,37,239
E00138775,457,82,375
E00138776,271,47,224
E00138778,332,74,258
E00138780,286,47,239
E00138781,263,43,220
E00138782,324,56,268
E00138783,292,53,239
E00138784,315,45,270
E00138785,565,149,416
E00138786,332,75,257
E00138787,280,55,225
E00138788,298,62,236
E00138789,332,63,269
E00138790,357,64,293
E00138791,412,76,336
E00138792,318,47,271
E00138793,204,31,173
E00138794,315,43,272
E00138795,387,75,312
E00138796,235,29,206
E00138797,335,69,266
E00138798,293,52,241
E00138799,313,56,257
E00138800,290,35,255
E00138801,324,62,262
E00138802,341,77,264
E00138803,276,42,234
E00138804,317,59,258
E00138805,183,13,170
E00138806,259,54,205
E00138807,271,39,232
E00138808,225,38,187
E00138809,192,31,161
E00138810,245,46,199
E00138811,306,52,254
E00138812,252,41,211
E00138813,298,48,250
E00138814,271,41,230
E00138815,338,80,258
E00138816,300,44,256
E00138817,238,37,201
E00138818,199,32,167
E00138819,277,45,232
E00138820,252,34,218
E00138821,334,59,275
E00138822,287,54,233
E00138823,284,46,238
E00138824,295,42,253
E00138825,462,87,375
E00138826,142,16,126
E00138827,236,30,206
E00138828,460,105,355
E00138829,261,43,218
E00138830,249,39,210
E00138831,243,37,206
E00138832,149,15,134
E00138833,291,35,256
E00138834,328,35,293
E00138835,503,55,448
E00138836,319,53,266
E00138837,323,57,266
E00138838,268,41,227
E00138839,300,51,249
E00138841,302,49,253
E00138842,516,126,390
E00138843,365,69,296
E00138844,246,45,201
E00138845,304,65,239
E00138846,242,38,204
E00138847,292,58,234
E00138848,276,45,231
E00138849,245,33,212
E00138850,294,56,238
E00138851,264,44,220
E00138852,245,54,191
E00138853,275,50,225
E00138854,309,58,251
E00138855,290,41,249
E00138856,499,111,388
E00138857,294,59,235
E00138858,259,58,201
E00138859,558,113,445
E00138860,285,66,219
E00138861,414,72,342
E00138862,305,47,258
E00138863,567,142,425
E00138864,561,111,450
E00138865,390,55,335
E00138866,166,22,144
E00138867,272,43,229
E00138868,400,69,331
E00138869,194,23,171
E00138870,515,89,426
E00138871,367,60,307
E00138872,398,54,344
E00138873,316,55,261
E00138874,292,52,240
E00138875,381,59,322
E00138876,266,34,232
E00138877,387,90,297
E00138878,290,53,237
E00138879,430,81,349
E00138880,420,87,333
E00138881,325,71,254
E00138882,285,47,238
E00138883,448,70,378
E00138884,269,34,235
E00138885,281,50,231
E00138886,324,68,256
E00138888,256,43,213
E00138889,333,85,248
E00138892,164,30,134
E00138893,186,34,152
E00138894,158,21,137
E00138895,281,44,237
E00138896,266,36,230
E00138897,378,80,298
E00138898,277,32,245
E00138899,123,24,99
E00138902,197,39,158
E00138903,589,153,436
E00138904,294,41,253
E00138905,412,58,354
E00138906,277,48,229
E00138907,361,45,316
E00138908,309,47,262
E00138909,267,30,237
E00138910,271,47,224
E00138911,396,79,317
E00138912,420,51,369
E00138913,179,27,152
E00138914,314,56,258
E00138915,330,53,277
E00138916,365,39,326
E00138917,408,63,345
E00138918,298,50,248
E00138919,332,48,284
E00138920,314,57,257
E00138921,307,58,249
E00138922,374,74,300
E00138923,274,37,237
E00138924,308,59,249
E00138925,254,36,218
E00138926,304,50,254
E00138927,115,20,95
E00138928,245,47,198
E00138929,252,38,214
E00138930,220,35,185
E00138931,233,30,203
E00138932,264,43,221
E00138933,220,31,189
E00138934,323,52,271
E00138935,351,116,235
E00138936,339,52,287
E00138937,318,83,235
E00138938,224,48,176
E00138939,393,56,337
E00138940,304,45,259
E00138941,376,141,235
E00138942,308,47,261
E00138943,271,78,193
E00138944,307,69,238
E00138945,290,53,237
E00138946,264,51,213
E00138947,230,19,211
E00138948,290,62,228
E00138949,314,34,280
E00138950,276,37,239
E00138951,284,98,186
E00138952,254,46,208
E00138953,406,63,343
E00138954,404,75,329
E00138955,325,77,248
E00138956,396,63,333
E00138957,259,37,222
E00138958,303,42,261
E00138959,325,60,265
E00138960,352,53,299
E00138961,281,43,238
E00138962,352,72,280
E00138963,269,40,229
E00138965,409,77,332
E00138966,412,52,360
E00138967,289,46,243
E00138971,225,29,196
E00138972,304,58,246
E00138973,232,35,197
E00138974,379,72,307
E00138975,347,104,243
E00138976,432,109,323
E00138977,286,101,185
E00138978,273,54,219
E00138979,281,66,215
E00138980,343,99,244
E00138981,291,49,242
E00138982,336,41,295
E00138983,300,75,225
E00138984,347,74,273
E00138985,400,93,307
E00138986,325,61,264
E00138987,517,115,402
E00138988,256,57,199
E00138990,335,85,250
E00138991,330,101,229
E00138992,371,80,291
E00138993,321,94,227
E00138994,306,50,256
E00138995,178,16,162
E00138996,255,83,172
E00138997,302,92,210
E00138998,277,42,235
E00138999,268,39,229
E00139000,384,66,318
E00139001,446,75,371
E00139003,417,96,321
E00139004,321,72,249
E00139005,252,49,203
E00139006,268,46,222
E00139007,319,59,260
E00139008,328,54,274
E00139009,193,22,171
E00139010,406,91,315
E00139011,263,32,231
E00139012,283,42,241
E00139013,277,65,212
E00139014,362,61,301
E00139015,289,48,241
E00139016,290,42,248
E00139017,307,52,255
E00139018,237,45,192
E00139019,227,30,197
E00139020,257,37,220
E00139021,254,25,229
E00139022,353,65,288
E00139023,304,48,256
E00139024,351,44,307
E00139025,320,35,285
E00139026,332,59,273
E00139027,230,37,193
E00139028,278,54,224
E00139029,245,32,213
E00139030,357,54,303
E00139031,198,20,178
E00139032,354,63,291
E00139033,367,60,307
E00139034,185,24,161
E00139035,234,30,204
E00139036,382,43,339
E00139037,279,25,254
E00139038,418,81,337
E00139039,259,45,214
E00139040,377,141,236
E00139041,319,47,272
E00139042,288,49,239
E00139043,296,36,260
E00139045,463,162,301
E00139046,277,84,193
E00139047,278,76,202
E00139048,503,107,396
E00139049,323,93,230
E00139050,277,81,196
E00139051,309,69,240
E00139052,269,51,218
E00139053,322,85,237
E00139054,548,132,416
E00139055,325,94,231
E00139056,253,25,228
E00139057,244,40,204
E00139058,315,61,254
E00139059,395,47,348
E00139060,303,74,229
E00139061,277,42,235
E00139062,277,57,220
E00139063,259,35,224
E00139064,243,44,199
E00139065,279,41,238
E00139066,287,70,217
E00139067,289,44,245
E00139068,265,44,221
E00139069,275,36,239
E00139070,309,47,262
E00139071,346,64,282
E00139072,363,67,296
E00139073,262,26,236
E00139074,269,26,243
E00139075,179,27,152
E00139076,393,58,335
E00139077,406,73,333
E00139078,365,58,307
E00139079,279,42,237
E00139080,267,71,196
E00139081,440,57,383
E00139082,379,60,319
E00139083,386,95,291
E00139084,250,40,210
E00139085,210,74,136
E00139086,240,39,201
E00139087,324,95,229
E00139088,348,91,257
E00139089,259,68,191
E00139090,291,96,195
E00139091,291,76,215
E00139092,299,74,225
E00139093,341,87,254
E00139094,277,50,227
E00139095,278,74,204
E00139096,376,87,289
E00139097,300,100,200
E00139098,309,73,236
E00139099,301,36,265
E00139100,273,62,211
E00139101,273,63,210
E00139102,259,42,217
E00139103,273,32,241
E00139104,320,44,276
E00139105,267,36,231
E00139106,330,78,252
E00139107,314,47,267
E00139108,310,52,258
E00139109,297,72,225
E00139110,284,60,224
E00139111,330,72,258
E00139112,238,27,211
E00139113,235,32,203
E00139114,297,39,258
E00139115,282,56,226
E00139116,306,50,256
E00139117,314,58,256
E00139118,311,67,244
E00139119,285,55,230
E00139120,253,35,218
E00139121,239,54,185
E00139122,355,68,287
E00139123,272,33,239
E00139124,300,65,235
E00139125,302,55,247
E00139126,295,56,239
E00139127,371,80,291
E00139128,224,25,199
E00139129,286,39,247
E00139130,292,57,235
E00139131,393,61,332
E00139132,272,45,227
E00139133,251,41,210
E00139134,343,93,250
E00139135,345,61,284
E00139136,212,29,183
E00139137,230,32,198
E00139138,223,25,198
E00139139,352,41,311
E00139140,303,50,253
E00139141,250,29,221
E00139142,249,30,219
E00139143,302,47,255
E00139144,215,45,170
E00139145,269,39,230
E00139146,327,56,271
E00139147,302,64,238
E00139148,206,32,174
E00139149,216,32,184
E00139150,310,48,262
E00139151,238,28,210
E00139152,384,58,326
E00139153,490,83,407
E00139155,350,70,280
E00139156,241,30,211
E00139157,221,28,193
E00139158,251,48,203
E00139159,186,16,170
E00139160,353,52,301
E00139161,286,40,246
E00139163,338,50,288
E00139164,196,31,165
E00139165,258,38,220
E00139166,228,35,193
E00139167,362,85,277
E00139168,292,58,234
E00139169,296,59,237
E00139171,375,83,292
E00139172,339,64,275
E00139173,332,64,268
E00139174,286,38,248
E00139175,261,31,230
E00139176,176,25,151
E00139178,342,40,302
E00139179,344,51,293
E00139180,330,49,281
E00139181,331,37,294
E00139182,254,39,215
E00139183,270,33,237
E00139184,206,27,179
E00139185,213,35,178
E00139186,239,37,202
E00139187,244,11,233
E00139188,362,48,314
E00139189,325,54,271
E00139190,226,13,213
E00139191,228,23,205
E00139192,238,43,195
E00139193,264,53,211
E00139194,303,54,249
E00139195,362,56,306
E00139196,336,88,248
E00139197,330,89,241
E00139198,304,59,245
E00139199,273,16,257
E00139200,191,22,169
E00139201,252,40,212
E00139202,254,15,239
E00139203,202,16,186
E00139204,280,26,254
E00139205,258,52,206
E00139206,235,41,194
E00139207,446,54,392
E00139208,392,56,336
E00139209,162,20,142
E00139210,211,30,181
E00139211,230,22,208
E00139212,209,19,190
E00139213,163,20,143
E00139214,176,12,164
E00139215,206,14,192
E00139216,226,41,185
E00139218,383,98,285
E00139219,283,59,224
E00139220,286,49,237
E00139221,262,44,218
E00139222,226,24,202
E00139223,230,35,195
E00139224,353,54,299
E00139225,227,20,207
E00139226,228,40,188
E00139227,238,7,231
E00139228,343,49,294
E00139229,216,22,194
E00139230,211,22,189
E00139231,248,22,226
E00139232,175,22,153
E00139233,164,23,141
E00139234,337,27,310
E00139235,177,19,158
E00139236,164,16,148
E00139237,213,26,187
E00139238,252,28,224
E00139239,132,11,121
E00139240,177,18,159
E00139241,187,32,155
E00139242,326,28,298
E00139243,316,48,268
E00139244,216,41,175
E00139245,219,26,193
E00139246,304,36,268
E00139247,503,71,432
E00139248,280,40,240
E00139249,264,34,230
E00139250,338,87,251
E00139251,369,66,303
E00139252,408,60,348
E00139253,484,53,431
E00139254,353,27,326
E00139255,99,13,86
E00139256,144,22,122
E00139257,274,27,247
E00139258,212,18,194
E00139259,461,88,373
E00139260,284,36,248
E00139261,195,22,173
E00139262,307,45,262
E00139263,245,22,223
E00139264,133,19,114
E00139265,96,8,88
E00139266,233,27,206
E00139267,201,27,174
E00139268,182,25,157
E00139269,325,40,285
E00139270,440,40,400
E00139271,275,54,221
E00139272,284,34,250
E00139273,336,33,303
E00139274,317,32,285
E00139275,255,45,210
E00139276,270,46,224
E00139278,255,38,217
E00139279,320,66,254
E00139280,253,22,231
E00139281,297,57,240
E00139282,301,10,291
E00139283,231,24,207
E00139284,333,26,307
E00139285,289,28,261
E00139286,347,43,304
E00139287,225,12,213
E00139288,328,31,297
E00139289,194,26,168
E00139290,265,56,209
E00139291,225,24,201
E00139292,197,27,170
E00139293,209,15,194
E00139294,109,7,102
E00139295,116,13,103
E00139296,188,10,178
E00139297,142,20,122
E00139298,111,11,100
E00139299,280,23,257
E00139300,220,10,210
E00139301,328,36,292
E00139302,470,72,398
E00139303,233,29,204
E00139304,135,20,115
E00139305,357,35,322
E00139306,250,31,219
E00139307,125,15,110
E00139308,131,20,111
E00139309,299,66,233
E00139310,263,45,218
E00139311,261,50,211
E00139312,213,32,181
E00139313,219,33,186
E00139314,318,48,270
E00139315,293,28,265
E00139316,303,47,256
E00139317,264,37,227
E00139318,111,9,102
E00139319,204,6,198
E00139320,213,17,196
E00139321,253,20,233
E00139322,261,23,238
E00139323,277,25,252
E00139324,403,42,361
E00139326,307,27,280
E00139328,206,26,180
E00139330,222,27,195
E00139331,246,47,199
E00139332,338,52,286
E00139333,323,55,268
E00139334,276,35,241
E00139335,216,28,188
E00139336,147,12,135
E00139337,305,32,273
E00139338,324,43,281
E00139339,297,44,253
E00139340,337,50,287
E00139341,216,13,203
E00139342,387,82,305
E00139343,174,23,151
E00139345,351,35,316
E00139346,158,20,138
E00139347,95,9,86
E00139348,322,19,303
E00139349,187,16,171
E00139350,377,40,337
E00139351,347,44,303
E00139352,248,29,219
E00139353,122,19,103
E00139354,198,23,175
E00139355,208,22,186
E00139356,175,22,153
E00139357,233,37,196
E00139358,281,16,265
E00139359,342,44,298
E00139360,206,14,192
E00139361,249,42,207
E00139362,327,70,257
E00139363,298,71,227
E00139364,302,62,240
E00139365,258,73,185
E00139366,307,68,239
E00139367,370,61,309
E00139368,214,22,192
E00139369,338,54,284
E00139371,194,20,174
E00139372,269,34,235
E00139374,325,63,262
E00139375,231,23,208
E00139376,212,31,181
E00139377,265,63,202
E00139378,288,58,230
E00139379,208,28,180
E00139380,282,54,228
E00139381,342,55,287
E00139382,277,57,220
E00139383,397,84,313
E00139384,248,38,210
E00139385,312,85,227
E00139386,214,16,198
E00139387,387,34,353
E00139388,370,32,338
E00139389,249,29,220
E00139390,168,27,141
E00139391,245,16,229
E00139392,243,14,229
E00139393,221,31,190
E00139395,278,50,228
E00139396,254,59,195
E00139397,350,98,252
E00139398,258,58,200
E00139399,273,43,230
E00139400,259,46,213
E00139401,269,38,231
E00139402,217,41,176
E00139403,303,37,266
E00139404,269,56,213
E00139405,288,90,198
E00139406,259,62,197
E00139407,250,53,197
E00139408,296,61,235
E00139409,273,78,195
E00139410,304,56,248
E00139411,217,44,173
E00139412,245,42,203
E00139413,257,67,190
E00139414,201,37,164
E00139415,313,64,249
E00139416,250,52,198
E00139417,263,53,210
E00139418,220,13,207
E00139419,243,37,206
E00139420,226,41,185
E00139421,273,50,223
E00139422,322,39,283
E00139424,336,45,291
E00139425,291,35,256
E00139426,234,29,205
E00139427,133,33,100
E00139428,232,28,204
E00139429,292,52,240
E00139430,273,47,226
E00139431,317,54,263
E00139432,201,37,164
E00139433,275,50,225
E00139434,315,101,214
E00139435,279,75,204
E00139436,300,86,214
E00139437,353,110,243
E00139438,241,33,208
E00139439,278,53,225
E00139440,245,42,203
E00139441,373,76,297
E00139442,300,50,250
E00139443,365,89,276
E00139444,278,40,238
E00139445,306,72,234
E00139446,269,49,220
E00139447,330,61,269
E00139448,308,56,252
E00139449,251,47,204
E00139450,318,82,236
E00139451,337,81,256
E00139452,350,59,291
E00139453,307,53,254
E00139454,276,59,217
E00139455,246,24,222
E00139456,245,53,192
E00139457,230,32,198
E00139458,264,45,219
E00139459,495,96,399
E00139460,290,48,242
E00139461,298,55,243
E00139462,243,15,228
E00139464,275,42,233
E00139465,249,30,219
E00139466,338,59,279
E00139467,279,39,240
E00139468,260,59,201
E00139469,255,28,227
E00139470,178,17,161
E00139471,382,79,303
E00139472,218,28,190
E00139473,201,8,193
E00139474,230,28,202
E00139475,224,24,200
E00139476,246,22,224
E00139477,191,16,175
E00139478,234,33,201
E00139479,252,27,225
E00139480,208,23,185
E00139481,250,26,224
E00139482,212,13,199
E00139483,256,52,204
E00139484,237,26,211
E00139485,193,15,178
E00139486,240,34,206
E00139487,267,30,237
E00139488,261,51,210
E00139489,262,27,235
E00139490,202,30,172
E00139491,256,26,230
E00139492,311,46,265
E00139494,306,35,271
E00139495,284,40,244
E00139496,269,33,236
E00139497,312,67,245
E00139498,577,99,478
E00139499,236,31,205
E00139500,263,73,190
E00139501,240,64,176
E00139502,243,44,199
E00139504,303,62,241
E00139505,263,69,194
E00139506,250,49,201
E00139507,243,26,217
E00139508,257,35,222
E00139509,271,50,221
E00139510,213,35,178
E00139511,286,35,251
E00139512,222,30,192
E00139513,229,29,200
E00139514,225,33,192
E00139515,359,39,320
E00139516,313,58,255
E00139517,233,38,195
E00139518,242,36,206
E00139519,252,36,216
E00139520,268,74,194
E00139521,288,82,206
E00139522,226,34,192
E00139523,255,69,186
E00139524,168,40,128
E00139525,197,22,175
E00139526,298,47,251
E00139527,256,40,216
E00139528,204,38,166
E00139529,253,34,219
E00139530,255,55,200
E00139531,298,29,269
E00139532,223,35,188
E00139533,240,37,203
E00139534,368,57,311
E00139535,241,40,201
E00139536,283,37,246
E00139537,291,32,259
E00139538,220,49,171
E00139539,252,13,239
E00139540,269,42,227
E00139541,180,13,167
E00139542,446,106,340
E00139543,277,24,253
E00139544,243,37,206
E00139545,228,19,209
E00139546,214,38,176
E00139547,231,45,186
E00139548,213,15,198
E00139549,235,28,207
E00139550,171,14,157
E00139551,232,27,205
E00139552,244,22,222
E00139553,247,32,215
E00139554,243,46,197
E00139555,240,36,204
E00139556,245,41,204
E00139557,228,39,189
E00139558,279,71,208
E00139559,189,28,161
E00139560,256,57,199
E00139561,284,51,233
E00139562,220,28,192
E00139563,253,43,210
E00139564,280,65,215
E00139565,186,24,162
E00139566,323,81,242
E00139567,244,51,193
E00139568,383,59,324
E00139569,342,56,286
E00139572,301,68,233
E00139573,333,57,276
E00139574,300,66,234
E00139575,250,34,216
E00139576,449,79,370
E00139577,369,71,298
E00139578,238,30,208
E00139579,209,20,189
E00139580,180,11,169
E00139581,369,87,282
E00139582,275,88,187
E00139583,387,70,317
E00139585,281,90,191
E00139586,341,122,219
E00139587,290,42,248
E00139588,279,53,226
E00139589,293,49,244
E00139590,359,55,304
E00139591,269,39,230
E00139592,204,15,189
E00139593,180,23,157
E00139594,248,38,210
E00139595,229,50,179
E00139596,180,22,158
E00139597,217,37,180
E00139598,185,12,173
E00139599,285,80,205
E00139600,242,46,196
E00139601,260,47,213
E00139602,211,32,179
E00139603,230,37,193
E00139604,260,55,205
E00139605,263,58,205
E00139606,253,59,194
E00139607,195,12,183
E00139608,282,40,242
E00139609,213,60,153
E00139610,225,25,200
E00139611,232,36,196
E00139612,221,44,177
E00139613,245,24,221
E00139614,260,39,221
E00139615,220,21,199
E00139616,238,27,211
E00139617,231,20,211
E00139618,222,38,184
E00139619,284,52,232
E00139621,186,18,168
E00139622,245,25,220
E00139623,254,30,224
E00139624,283,42,241
E00139625,285,51,234
E00139626,223,23,200
E00139627,282,60,222
E00139628,194,13,181
E00139629,268,56,212
E00139630,199,10,189
E00139631,238,23,215
E00139632,342,59,283
E00139633,239,16,223
E00139634,308,31,277
E00139635,240,21,219
E00139636,282,56,226
E00139637,231,45,186
E00139638,357,66,291
E00139639,270,34,236
E00139640,282,36,246
E00139641,303,51,252
E00139642,253,45,208
E00139643,257,29,228
E00139644,235,26,209
E00139645,249,35,214
E00139646,217,21,196
E00139647,251,33,218
E00139648,259,42,217
E00139649,271,42,229
E00139650,325,59,266
E00139651,242,30,212
E00139652,306,56,250
E00139653,296,45,251
E00139655,301,46,255
E00139656,298,28,270
E00139657,360,54,306
E00139658,264,43,221
E00139659,239,22,217
E00139660,277,21,256
E00139661,275,43,232
E00139662,329,49,280
E00139663,188,23,165
E00139664,252,45,207
E00139665,268,40,228
E00139666,145,2,143
E00139667,217,14,203
E00139668,291,42,249
E00139670,274,16,258
E00139672,307,29,278
E00139673,360,60,300
E00139674,233,17,216
E00139675,312,64,248
E00139676,268,48,220
E00139678,278,40,238
E00139679,207,16,191
E00139680,271,58,213
E00139681,252,33,219
E00139682,235,33,202
E00139684,222,35,187
E00139685,239,28,211
E00139686,284,28,256
E00139687,299,55,244
E00139688,265,16,249
E00139689,483,64,419
E00139690,155,24,131
E00139691,189,29,160
E00139692,274,46,228
E00139693,270,32,238
E00139694,318,43,275
E00139696,243,40,203
E00139697,369,88,281
E00139698,388,42,346
E00139700,452,69,383
E00139701,259,37,222
E00139702,310,33,277
E00139703,382,63,319
E00139704,224,44,180
E00139705,315,29,286
E00139706,217,43,174
E00139707,329,40,289
E00139708,292,38,254
E00139709,174,28,146
E00139710,364,41,323
E00139711,247,40,207
E00139712,236,48,188
E00139713,240,30,210
E00139714,284,43,241
E00139715,276,46,230
E00139716,329,54,275
E00139717,233,36,197
E00139718,231,36,195
E00139719,257,32,225
E00139720,231,23,208
E00139721,309,36,273
E00139722,339,24,315
E00139723,181,9,172
E00139724,233,32,201
E00139725,177,18,159
E00139726,198,16,182
E00139727,290,35,255
E00139728,250,36,214
E00139729,221,39,182
E00139730,299,50,249
E00139731,125,4,121
E00139732,224,34,190
E00139733,267,60,207
E00139734,259,30,229
E00139735,261,37,224
E00139736,286,37,249
E00139737,285,52,233
E00139738,350,50,300
E00139739,303,43,260
E00139740,581,108,473
E00139741,447,79,368
E00139742,250,39,211
E00139743,309,48,261
E00139744,279,47,232
E00139745,289,44,245
E00139746,259,57,202
E00139747,257,56,201
E00139748,257,63,194
E00139749,426,70,356
E00139750,243,30,213
E00139751,359,72,287
E00139752,335,42,293
E00139753,287,57,230
E00139755,229,27,202
E00139756,271,65,206
E00139757,242,29,213
E00139758,248,48,200
E00139759,246,29,217
E00139760,246,34,212
E00139761,254,38,216
E00139762,237,48,189
E00139763,328,73,255
E00139764,243,65,178
E00139765,234,40,194
E00139766,426,51,375
E00139767,481,93,388
E00139768,261,54,207
E00139769,205,19,186
E00139770,238,44,194
E00139771,283,62,221
E00139772,295,45,250
E00139773,282,50,232
E00139774,231,36,195
E00139775,233,23,210
E00139776,289,64,225
E00139777,349,68,281
E00139778,226,21,205
E00139779,256,42,214
E00139780,168,13,155
E00139781,318,73,245
E00139782,338,66,272
E00139783,178,5,173
E00139784,255,37,218
E00139785,315,58,257
E00139786,294,35,259
E00139787,301,42,259
E00139788,344,69,275
E00139789,330,58,272
E00139790,344,64,280
E00139792,295,55,240
E00139793,362,40,322
E00139794,269,63,206
E00139795,492,81,411
E00139796,312,44,268
E00139797,309,57,252
E00139798,349,67,282
E00139799,321,49,272
E00139800,276,50,226
E00139801,365,89,276
E00139802,301,41,260
E00139803,309,48,261
E00139804,292,52,240
E00139806,306,63,243
E00139807,325,38,287
E00139808,287,49,238
E00139811,324,74,250
E00139812,224,51,173
E00139813,104,17,87
E00139814,214,36,178
E00139815,326,54,272
E00139816,331,60,271
E00139817,420,65,355
E00139818,364,34,330
E00139820,429,74,355
E00139821,215,28,187
E00139823,437,66,371
E00139824,344,27,317
E00139825,168,23,145
E00139826,294,28,266
E00139827,281,43,238
E00139828,284,42,242
E00139829,226,28,198
E00139830,240,41,199
E00139831,332,64,268
E00139833,322,37,285
E00139834,336,61,275
E00139835,236,45,191
E00139836,135,21,114
E00139837,304,63,241
E00139838,234,31,203
E00139839,328,41,287
E00139840,310,54,256
E00139841,190,22,168
E00139842,198,34,164
E00139843,312,38,274
E00139844,307,52,255
E00139845,274,21,253
E00139846,268,32,236
E00139847,213,24,189
E00139848,270,51,219
E00139849,462,82,380
E00139850,252,27,225
E00139851,159,27,132
E00139852,227,34,193
E00139853,279,46,233
E00139854,270,37,233
E00139855,267,39,228
E00139856,231,30,201
E00139857,257,41,216
E00139858,412,58,354
E00139859,257,34,223
E00139860,270,34,236
E00139861,306,40,266
E00139862,317,63,254
E00139863,319,46,273
E00139864,274,36,238
E00139865,194,21,173
E00139866,214,19,195
E00139867,381,72,309
E00139868,231,16,215
E00139869,247,18,229
E00139870,384,85,299
E00139871,387,63,324
E00139872,296,45,251
E00139873,205,24,181
E00139874,353,37,316
E00139875,333,34,299
E00139876,374,52,322
E00139877,288,44,244
E00139878,193,26,167
E00139879,244,32,212
E00139880,218,31,187
E00139881,262,22,240
E00139882,259,36,223
E00139883,234,45,189
E00139884,222,29,193
E00139885,277,48,229
E00139886,252,34,218
E00139887,247,33,214
E00139888,380,61,319
E00139889,307,62,245
E00139890,225,28,197
E00139891,275,37,238
E00139892,311,63,248
E00139893,243,19,224
E00139894,385,76,309
E00139895,291,37,254
E00139896,217,37,180
E00139897,258,41,217
E00139898,362,63,299
E00139899,422,72,350
E00139900,314,34,280
E00139901,177,10,167
E00139902,219,20,199
E00139903,302,31,271
E00139904,233,32,201
E00139905,331,61,270
E00139906,277,39,238
E00139907,279,55,224
E00139908,284,41,243
E00139909,286,46,240
E00139910,341,62,279
E00139911,191,21,170
E00139912,352,77,275
E00139913,290,33,257
E00139914,211,33,178
E00139915,240,23,217
E00139916,228,28,200
E00139917,273,43,230
E00139918,281,45,236
E00139919,391,55,336
E00139920,340,52,288
E00139921,277,35,242
E00139922,242,38,204
E00139923,254,44,210
E00139924,257,52,205
E00139925,272,57,215
E00139926,271,57,214
E00139927,321,31,290
E00139928,280,37,243
E00139929,313,56,257
E00139930,315,50,265
E00139931,263,48,215
E00139932,311,44,267
E00139933,287,81,206
E00139934,364,47,317
E00139935,269,43,226
E00139936,368,48,320
E00139937,561,109,452
E00139938,179,12,167
E00139939,321,47,274
E00139940,358,60,298
E00139941,397,50,347
E00139942,288,61,227
E00139943,253,36,217
E00139944,249,28,221
E00139945,325,54,271
E00139946,283,60,223
E00139947,275,44,231
E00139948,228,46,182
E00139949,371,74,297
E00139951,301,53,248
E00139952,307,69,238
E00139953,220,47,173
E00139954,236,37,199
E00139955,226,42,184
E00139957,239,46,193
E00139958,452,121,331
E00139959,320,59,261
E00139960,270,68,202
E00139961,267,37,230
E00139962,239,45,194
E00139963,306,70,236
E00139964,301,58,243
E00139965,434,89,345
E00139966,298,46,252
E00139967,271,38,233
E00139968,268,68,200
E00139969,502,74,428
E00139970,205,21,184
E00139971,297,48,249
E00139972,281,38,243
E00139973,255,40,215
E00139974,225,35,190
E00139975,196,25,171
E00139976,278,55,223
E00139977,272,41,231
E00139978,249,31,218
E00139979,246,47,199
E00139980,427,48,379
E00139981,132,16,116
E00139982,307,43,264
E00139983,456,82,374
E00139984,281,50,231
E00139985,159,17,142
E00139986,332,39,293
E00139987,329,49,280
E00139988,305,48,257
E00139989,354,62,292
E00139990,122,17,105
E00139991,144,21,123
E00139993,287,58,229
E00139994,280,52,228
E00139995,425,78,347
E00139996,225,30,195
E00139997,229,38,191
E00139998,209,26,183
E00139999,278,46,232
E00140000,308,52,256
E00140001,335,70,265
E00140002,212,27,185
E00140003,302,38,264
E00140004,280,59,221
E00140005,309,56,253
E00140006,272,36,236
E00140007,304,58,246
E00140008,208,22,186
E00140009,181,24,157
E00140010,265,32,233
E00140011,247,34,213
E00140012,212,31,181
E00140013,239,37,202
E00140014,200,27,173
E00140015,269,40,229
E00140016,294,58,236
E00140017,295,52,243
E00140018,247,26,221
E00140019,168,27,141
E00140020,176,29,147
E00140021,223,23,200
E00140022,225,25,200
E00140023,244,28,216
E00140024,198,30,168
E00140025,116,6,110
E00140026,190,38,152
E00140027,250,24,226
E00140028,206,27,179
E00140029,313,62,251
E00140030,237,45,192
E00140031,146,26,120
E00140032,274,50,224
E00140033,179,42,137
E00140034,268,47,221
E00140035,232,38,194
E00140036,271,41,230
E00140037,327,26,301
E00140038,260,49,211
E00140039,308,39,269
E00140040,252,28,224
E00140041,257,16,241
E00140042,266,37,229
E00140043,242,20,222
E00140044,543,72,471
E00140045,299,75,224
E00140046,244,38,206
E00140047,285,31,254
E00140048,204,34,170
E00140049,373,61,312
E00140050,236,49,187
E00140051,271,50,221
E00140052,186,9,177
E00140054,221,28,193
E00140055,265,26,239
E00140056,233,37,196
E00140057,251,48,203
E00140058,254,57,197
E00140059,354,114,240
E00140060,236,52,184
E00140061,251,55,196
E00140062,249,38,211
E00140063,282,66,216
E00140064,230,19,211
E00140065,197,31,166
E00140066,294,77,217
E00140067,559,123,436
E00140068,289,56,233
E00140069,137,21,116
E00140070,258,36,222
E00140071,391,44,347
E00140072,239,22,217
E00140073,279,48,231
E00140074,230,42,188
E00140075,376,39,337
E00140077,292,73,219
E00140078,258,45,213
E00140079,216,34,182
E00140080,251,51,200
E00140081,200,54,146
E00140082,187,25,162
E00140083,272,33,239
E00140084,306,65,241
E00140085,220,35,185
E00140086,217,23,194
E00140087,374,74,300
E00140088,294,38,256
E00140089,192,14,178
E00140090,297,39,258
E00140091,280,34,246
E00140092,278,26,252
E00140093,275,16,259
E00140094,252,39,213
E00140097,134,12,122
E00140098,183,19,164
E00140099,230,41,189
E00140100,269,64,205
E00140101,309,75,234
E00140102,240,55,185
E00140103,232,40,192
E00140104,262,45,217
E00140105,212,23,189
E00140106,277,61,216
E00140107,238,45,193
E00140108,214,34,180
E00140109,316,27,289
E00140110,180,38,142
E00140111,290,80,210
E00140112,213,37,176
E00140113,244,34,210
E00140114,242,29,213
E00140115,251,47,204
E00140116,334,61,273
E00140117,221,47,174
E00140118,253,47,206
E00140119,263,50,213
E00140120,320,59,261
E00140121,294,43,251
E00140122,379,135,244
E00140123,292,23,269
E00140124,385,29,356
E00140125,163,29,134
E00140126,333,50,283
E00140127,211,22,189
E00140128,234,21,213
E00140129,208,26,182
E00140130,330,48,282
E00140131,242,35,207
E00140132,229,38,191
E00140133,230,29,201
E00140134,217,34,183
E00140135,242,52,190
E00140136,296,46,250
E00140137,220,18,202
E00140138,253,41,212
E00140139,203,47,156
E00140140,252,40,212
E00140141,223,34,189
E00140142,265,55,210
E00140143,247,22,225
E00140144,287,28,259
E00140145,224,21,203
E00140146,264,26,238
E00140147,255,25,230
E00140148,217,28,189
E00140149,273,40,233
E00140150,264,28,236
E00140151,209,11,198
E00140152,288,84,204
E00140153,228,26,202
E00140154,276,39,237
E00140155,253,50,203
E00140156,234,18,216
E00140157,170,33,137
E00140158,259,56,203
E00140159,267,54,213
E00140161,208,16,192
E00140162,249,51,198
E00140163,310,34,276
E00140164,250,20,230
E00140165,292,57,235
E00140166,273,94,179
E00140167,271,44,227
E00140168,210,41,169
E00140169,223,55,168
E00140170,199,40,159
E00140171,248,55,193
E00140172,240,46,194
E00140173,304,51,253
E00140175,212,42,170
E00140176,296,25,271
E00140177,203,17,186
E00140178,484,112,372
E00140179,248,13,235
E00140180,203,34,169
E00140181,240,58,182
E00140182,283,29,254
E00140183,270,19,251
E00140184,239,60,179
E00140185,253,58,195
E00140186,278,31,247
E00140187,235,31,204
E00140188,294,51,243
E00140189,354,67,287
E00140190,218,20,198
E00140191,230,24,206
E00140192,285,69,216
E00140193,211,16,195
E00140194,176,5,171
E00140195,350,90,260
E00140196,287,43,244
E00140197,202,32,170
E00140198,176,33,143
E00140199,239,44,195
E00140200,226,59,167
E00140201,175,46,129
E00140202,327,119,208
E00140203,229,42,187
E00140204,183,30,153
E00140205,201,29,172
E00140206,173,17,156
E00140207,217,55,162
E00140208,198,31,167
E00140209,251,44,207
E00140210,224,45,179
E00140211,279,51,228
E00140212,396,136,260
E00140213,281,73,208
E00140214,265,35,230
E00140215,332,87,245
E00140216,247,19,228
E00140217,252,23,229
E00140218,118,14,104
E00140219,223,30,193
E00140221,266,35,231
E00140222,286,43,243
E00140223,295,65,230
E00140224,224,27,197
E00140225,253,59,194
E00140226,221,37,184
E00140227,249,40,209
E00140228,126,13,113
E00140229,202,26,176
E00140230,301,40,261
E00140231,251,36,215
E00140232,286,51,235
E00140233,227,25,202
E00140234,308,36,272
E00140235,300,70,230
E00140236,264,68,196
E00140237,276,55,221
E00140238,216,23,193
E00140239,226,16,210
E00140240,303,57,246
E00140241,261,25,236
E00140242,267,46,221
E00140243,387,82,305
E00140244,236,24,212
E00140245,150,13,137
E00140246,226,18,208
E00140247,252,20,232
E00140248,246,30,216
E00140249,248,19,229
E00140250,278,55,223
E00140251,278,39,239
E00140252,372,55,317
E00140253,197,41,156
E00140254,424,75,349
E00140255,210,58,152
E00140256,202,32,170
E00140257,368,64,304
E00140258,275,38,237
E00140259,191,26,165
E00140260,209,31,178
E00140261,489,83,406
E00140262,194,17,177
E00140265,149,17,132
E00140266,162,26,136
E00140267,337,35,302
E00140269,147,31,116
E00140270,149,26,123
E00140271,372,47,325
E00140272,238,33,205
E00140273,363,54,309
E00140274,221,32,189
E00140275,254,25,229
E00140276,298,50,248
E00140277,373,48,325
E00140278,246,41,205
E00140279,312,50,262
E00140280,236,28,208
E00140281,305,42,263
E00140282,245,25,220
E00140283,316,71,245
E00140284,483,111,372
E00140285,346,41,305
E00140286,335,39,296
E00140287,289,43,246
E00140288,247,52,195
E00140289,286,47,239
E00140290,347,66,281
E00140291,346,76,270
E00140292,324,57,267
E00140293,188,37,151
E00140294,319,64,255
E00140295,295,39,256
E00140296,224,37,187
E00140297,167,13,154
E00140298,221,36,185
E00140299,288,32,256
E00140300,314,64,250
E00140301,238,16,222
E00140302,284,33,251
E00140303,275,32,243
E00140304,334,33,301
E00140305,166,20,146
E00140306,202,26,176
E00140307,187,18,169
E00140308,341,59,282
E00140309,279,33,246
E00140310,325,68,257
E00140311,300,58,242
E00140312,295,59,236
E00140313,256,51,205
E00140314,315,54,261
E00140315,341,67,274
E00140316,286,35,251
E00140317,440,66,374
E00140318,278,37,241
E00140319,251,29,222
E00140320,275,44,231
E00140321,182,16,166
E00140322,235,29,206
E00140323,203,37,166
E00140324,235,30,205
E00140325,229,30,199
E00140326,286,36,250
E00140327,121,16,105
E00140329,335,64,271
E00140330,228,35,193
E00140331,293,43,250
E00140332,334,45,289
E00140333,413,66,347
E00140334,284,43,241
E00140335,224,30,194
E00140336,341,43,298
E00140337,247,23,224
E00140338,282,46,236
E00140339,239,23,216
E00140340,382,50,332
E00140341,210,26,184
E00140342,247,43,204
E00140343,297,37,260
E00140344,408,62,346
E00140345,229,32,197
E00140346,292,42,250
E00140347,298,23,275
E00140348,171,23,148
E00140349,292,40,252
E00140350,459,151,308
E00140351,181,21,160
E00140352,210,14,196
E00140353,210,22,188
E00140354,332,31,301
E00140355,298,30,268
E00140356,383,30,353
E00140357,336,23,313
E00140358,179,6,173
E00140359,285,41,244
E00140360,375,65,310
E00140361,350,43,307
E00140362,254,18,236
E00140363,269,30,239
E00140364,219,15,204
E00140365,384,48,336
E00140366,265,45,220
E00140367,266,31,235
E00140368,271,36,235
E00140369,470,58,412
E00140370,264,27,237
E00140371,319,51,268
E00140372,314,65,249
E00140373,320,44,276
E00140374,266,28,238
E00140375,167,14,153
E00140376,253,37,216
E00140377,225,31,194
E00140378,372,78,294
E00140379,249,41,208
E00140380,332,26,306
E00140381,249,23,226
E00140382,381,76,305
E00140383,301,61,240
E00140384,492,65,427
E00140385,302,54,248
E00140386,237,40,197
E00140387,269,50,219
E00140388,203,14,189
E00140389,230,41,189
E00140390,220,24,196
E00140391,334,71,263
E00140392,222,25,197
E00140393,224,21,203
E00140394,213,24,189
E00140395,221,36,185
E00140396,249,43,206
E00140397,283,56,227
E00140398,251,19,232
E00140399,252,55,197
E00140400,214,34,180
E00140401,246,41,205
E00140402,291,70,221
E00140403,291,70,221
E00140404,297,27,270
E00140405,286,50,236
E00140406,278,35,243
E00140407,274,48,226
E00140408,344,83,261
E00140409,322,33,289
E00140410,286,36,250
E00140411,230,25,205
E00140412,277,54,223
E00140413,421,115,306
E00140415,408,101,307
E00140416,297,48,249
E00140417,429,81,348
E00140418,331,72,259
E00140419,277,40,237
E00140420,336,60,276
E00140421,513,91,422
E00140422,318,75,243
E00140423,240,61,179
E00140424,242,40,202
E00140425,210,16,194
E00140426,146,25,121
E00140427,314,53,261
E00140428,424,74,350
E00140429,126,15,111
E00140430,168,16,152
E00140431,132,24,108
E00140432,313,33,280
E00140433,118,20,98
E00140434,287,11,276
E00140435,302,42,260
E00140436,313,33,280
E00140437,142,22,120
E00140438,356,58,298
E00140439,368,47,321
E00140440,285,41,244
E00140441,283,37,246
E00140442,441,62,379
E00140443,402,73,329
E00140444,269,38,231
E00140445,516,76,440
E00140446,470,86,384
E00140447,244,22,222
E00140448,337,55,282
E00140449,420,69,351
E00140450,319,70,249
E00140451,324,41,283
E00140452,235,27,208
E00140453,290,80,210
E00140454,229,24,205
E00140455,257,36,221
E00140456,221,15,206
E00140457,274,42,232
E00140458,236,17,219
E00140459,299,31,268
E00140460,387,66,321
E00140461,192,23,169
E00140462,374,43,331
E00140463,516,91,425
E00140464,315,73,242
E00140465,273,22,251
E00140466,261,32,229
E00140467,308,49,259
E00140468,138,23,115
E00140469,337,55,282
E00140470,272,31,241
E00140471,175,25,150
E00140472,255,30,225
E00140473,193,31,162
E00140474,216,14,202
E00140475,182,21,161
E00140476,233,28,205
E00140477,260,37,223
E00140478,138,18,120
E00140479,104,15,89
E00140480,305,29,276
E00140481,325,39,286
E00140482,193,22,171
E00140483,393,48,345
E00140484,143,22,121
E00140485,198,22,176
E00140487,260,31,229
E00140488,469,73,396
E00140489,368,54,314
E00140490,266,19,247
E00140491,321,31,290
E00140492,268,21,247
E00140493,492,77,415
E00140494,265,30,235
E00140495,228,12,216
E00140496,209,25,184
E00140497,276,58,218
E00140498,423,81,342
E00140499,258,32,226
E00140500,373,63,310
E00140501,250,39,211
E00140502,200,11,189
E00140503,248,29,219
E00140504,267,43,224
E00140505,255,35,220
E00140506,248,26,222
E00140507,297,42,255
E00140508,219,23,196
E00140509,337,88,249
E00140510,292,40,252
E00140511,276,47,229
E00140512,109,15,94
E00140513,229,40,189
E00140514,263,31,232
E00140515,163,10,153
E00140516,237,32,205
E00140517,225,22,203
E00140518,202,12,190
E00140519,140,18,122
E00140520,216,36,180
E00140521,277,49,228
E00140522,218,32,186
E00140523,269,37,232
E00140524,153,23,130
E00140525,294,46,248
E00140526,248,41,207
E00140527,238,45,193
E00140528,123,20,103
E00140529,289,44,245
E00140530,247,40,207
E00140531,199,33,166
E00140532,153,27,126
E00140533,254,56,198
E00140534,268,55,213
E00140535,315,55,260
E00140536,213,22,191
E00140537,276,33,243
E00140538,256,35,221
E00140539,215,17,198
E00140541,184,14,170
E00140545,476,89,387
E00140546,532,55,477
E00140547,267,40,227
E00140548,284,33,251
E00140549,409,40,369
E00140550,274,28,246
E00140551,187,20,167
E00140552,354,60,294
E00140553,303,43,260
E00140554,172,27,145
E00140555,151,20,131
E00140556,349,58,291
E00140557,241,21,220
E00140558,284,34,250
E00140559,227,23,204
E00140561,242,20,222
E00140562,265,20,245
E00140563,277,41,236
E00140564,302,25,277
E00140565,307,46,261
E00140566,297,44,253
E00140567,268,35,233
E00140568,269,35,234
E00140569,273,26,247
E00140570,347,82,265
E00140571,289,51,238
E00140572,224,61,163
E00140573,269,78,191
E00140574,138,26,112
E00140575,299,76,223
E00140576,330,90,240
E00140577,291,63,228
E00140578,371,49,322
E00140579,316,88,228
E00140580,270,42,228
E00140581,222,39,183
E00140582,295,59,236
E00140583,261,27,234
E00140586,255,23,232
E00140587,307,38,269
E00140588,255,25,230
E00140589,289,62,227
E00140590,256,44,212
E00140591,268,49,219
E00140592,523,102,421
E00140593,198,18,180
E00140594,285,59,226
E00140595,202,25,177
E00140596,311,87,224
E00140597,288,42,246
E00140598,257,34,223
E00140599,258,34,224
E00140600,262,46,216
E00140601,250,40,210
E00140602,185,23,162
E00140603,199,28,171
E00140604,245,35,210
E00140606,255,44,211
E00140607,242,52,190
E00140608,441,101,340
E00140609,183,23,160
E00140610,213,19,194
E00140611,180,15,165
E00140612,309,62,247
E00140613,264,38,226
E00140614,216,25,191
E00140615,253,43,210
E00140616,293,49,244
E00140617,242,28,214
E00140618,266,24,242
E00140620,234,35,199
E00140621,237,37,200
E00140622,152,24,128
E00140623,340,54,286
E00140624,289,39,250
E00140625,282,38,244
E00140626,296,38,258
E00140627,319,53,266
E00140628,117,18,99
E00140629,279,31,248
E00140630,373,59,314
E00140631,106,13,93
E00140632,273,32,241
E00140633,230,26,204
E00140634,174,58,116
E00140635,153,28,125
E00140636,172,37,135
E00140637,323,56,267
E00140638,255,43,212
E00140639,429,76,353
E00140640,383,64,319
E00140641,273,36,237
E00140643,377,39,338
E00140644,293,59,234
E00140645,287,39,248
E00140646,276,41,235
E00140647,261,43,218
E00140649,253,37,216
E00140650,292,24,268
E00140651,249,16,233
E00140652,295,40,255
E00140654,366,66,300
E00140655,238,42,196
E00140656,104,12,92
E00140657,249,35,214
E00140658,245,31,214
E00140659,303,34,269
E00140661,212,35,177
E00140662,307,39,268
E00140663,254,31,223
E00140664,293,33,260
E00140665,336,54,282
E00140666,263,20,243
E00140667,481,83,398
E00140668,298,45,253
E00140669,359,52,307
E00140670,441,103,338
E00140671,264,30,234
E00140672,272,35,237
E00140673,242,23,219
E00140674,270,27,243
E00140675,376,52,324
E00140676,264,55,209
E00140677,281,23,258
E00140678,269,33,236
E00140679,306,41,265
E00140680,349,46,303
E00140681,185,31,154
E00140682,294,14,280
E00140683,246,24,222
E00140684,302,35,267
E00140685,119,19,100
E00140686,290,37,253
E00140687,396,52,344
E00140688,130,19,111
E00140689,236,32,204
E00140690,317,46,271
E00140691,267,39,228
E00140692,448,91,357
E00140693,305,40,265
E00140694,263,49,214
E00140695,225,16,209
E00140696,274,31,243
E00140698,252,47,205
E00140699,280,26,254
E00140700,309,74,235
E00140701,406,67,339
E00140702,256,45,211
E00140703,292,36,256
E00140704,318,78,240
E00140705,236,19,217
E00140706,241,19,222
E00140707,261,9,252
E00140708,299,31,268
E00140709,279,34,245
E00140710,271,25,246
E00140711,271,36,235
E00140712,111,16,95
E00140713,143,26,117
E00140714,159,23,136
E00140715,135,29,106
E00140716,236,38,198
E00140717,321,65,256
E00140718,265,26,239
E00140719,374,40,334
E00140720,314,46,268
E00140721,274,51,223
E00140722,295,45,250
E00140723,173,25,148
E00140724,432,76,356
E00140725,416,82,334
E00140726,117,10,107
E00140727,189,37,152
E00140728,565,107,458
E00140729,203,30,173
E00140730,412,48,364
E00140731,323,42,281
E00140732,332,53,279
E00140734,281,37,244
E00140735,264,38,226
E00140736,159,20,139
E00140737,235,31,204
E00140738,386,70,316
E00140739,191,18,173
E00140740,126,15,111
E00140741,257,30,227
E00140742,143,16,127
E00140743,374,47,327
E00140744,193,36,157
E00140745,117,12,105
E00140746,323,43,280
E00140747,233,21,212
E00140748,286,35,251
E00140749,104,15,89
E00140750,311,56,255
E00140752,336,57,279
E00140753,258,44,214
E00140754,247,30,217
E00140755,233,35,198
E00140756,299,55,244
E00140757,202,29,173
E00140758,282,49,233
E00140759,247,39,208
E00140760,241,31,210
E00140761,194,15,179
E00140762,246,25,221
E00140763,281,35,246
E00140764,255,32,223
E00140765,278,41,237
E00140766,315,76,239
E00140767,254,54,200
E00140769,301,47,254
E00140770,287,42,245
E00140771,257,44,213
E00140772,331,66,265
E00140773,336,61,275
E00140774,228,17,211
E00140775,345,59,286
E00140776,316,48,268
E00140777,300,50,250
E00140778,165,34,131
E00140779,224,22,202
E00140780,325,49,276
E00140782,318,50,268
E00140783,236,24,212
E00140784,279,48,231
E00140785,308,64,244
E00140786,262,37,225
E00140787,334,43,291
E00140788,292,28,264
E00140790,454,57,397
E00140791,147,31,116
E00140793,130,17,113
E00140794,242,33,209
E00140795,201,41,160
E00140796,165,18,147
E00140797,274,49,225
E00140798,239,34,205
E00140799,326,67,259
E00140800,346,52,294
E00140801,441,76,365
E00140802,266,53,213
E00140803,278,35,243
E00140804,347,55,292
E00140805,300,58,242
E00140807,315,39,276
E00140808,260,61,199
E00140809,305,88,217
E00140810,343,101,242
E00140811,261,36,225
E00140812,337,78,259
E00140813,135,7,128
E00140814,294,55,239
E00140815,431,85,346
E00140816,294,66,228
E00140817,494,116,378
E00140818,310,50,260
E00140819,428,87,341
E00140820,473,44,429
E00140822,402,73,329
E00140823,337,70,267
E00140824,321,63,258
E00140825,253,29,224
E00140826,402,49,353
E00140827,249,36,213
E00140828,356,57,299
E00140829,257,63,194
E00140830,276,35,241
E00140831,266,54,212
E00140832,240,24,216
E00140833,511,84,427
E00140834,322,54,268
E00140835,305,54,251
E00140836,167,11,156
E00140837,280,61,219
E00140838,262,67,195
E00140839,490,119,371
E00140840,233,10,223
E00140841,185,18,167
E00140842,236,22,214
E00140843,223,5,218
E00140844,270,22,248
E00140845,258,47,211
E00140846,260,34,226
E00140847,224,34,190
E00140848,221,34,187
E00140849,199,32,167
E00140850,283,35,248
E00140851,265,37,228
E00140852,236,21,215
E00140853,259,49,210
E00140854,228,37,191
E00140855,289,21,268
E00140856,327,33,294
E00140857,278,18,260
E00140858,251,11,240
E00140859,216,24,192
E00140860,273,43,230
E00140861,361,32,329
E00140862,302,32,270
E00140863,302,71,231
E00140864,256,36,220
E00140865,237,30,207
E00140866,236,41,195
E00140867,274,43,231
E00140868,270,68,202
E00140869,267,56,211
E00140870,333,51,282
E00140871,291,66,225
E00140872,299,54,245
E00140873,339,83,256
E00140874,273,50,223
E00140875,305,44,261
E00140876,261,42,219
E00140877,230,32,198
E00140878,266,34,232
E00140879,293,36,257
E00140880,275,58,217
E00140881,220,38,182
E00140882,134,31,103
E00140883,371,56,315
E00140884,179,23,156
E00140885,565,137,428
E00140886,529,96,433
E00140887,488,112,376
E00140888,381,71,310
E00140889,487,102,385
E00140891,143,11,132
E00140892,206,23,183
E00140893,377,62,315
E00140894,278,41,237
E00140895,255,46,209
E00140896,246,35,211
E00140897,373,83,290
E00140898,286,43,243
E00140899,378,77,301
E00140900,365,88,277
E00140901,285,45,240
E00140902,152,26,126
E00140903,141,21,120
E00140904,321,72,249
E00140905,285,41,244
E00140906,331,51,280
E00140907,302,56,246
E00140908,285,46,239
E00140909,261,42,219
E00140910,230,35,195
E00140911,334,47,287
E00140912,250,38,212
E00140913,297,48,249
E00140914,239,21,218
E00140915,249,44,205
E00140916,250,41,209
E00140917,292,40,252
E00140918,261,34,227
E00140919,289,28,261
E00140920,311,60,251
E00140921,255,34,221
E00140922,245,25,220
E00140923,439,50,389
E00140924,265,36,229
E00140925,292,27,265
E00140926,275,28,247
E00140927,282,37,245
E00140928,312,69,243
E00140929,287,21,266
E00140930,275,43,232
E00140931,304,56,248
E00140932,285,56,229
E00140933,274,37,237
E00140934,305,57,248
E00140935,270,44,226
E00140936,326,32,294
E00140937,278,52,226
E00140938,247,38,209
E00140939,355,77,278
E00140940,208,20,188
E00140941,240,31,209
E00140942,360,89,271
E00140943,239,23,216
E00140944,379,88,291
E00140945,367,76,291
E00140946,159,14,145
E00140947,331,59,272
E00140948,338,56,282
E00140949,325,74,251
E00140950,320,88,232
E00140951,253,65,188
E00140953,221,27,194
E00140954,191,18,173
E00140955,262,22,240
E00140956,298,58,240
E00140957,225,35,190
E00140958,281,28,253
E00140959,183,9,174
E00140960,313,22,291
E00140961,258,13,245
E00140962,302,42,260
E00140963,232,15,217
E00140964,328,22,306
E00140965,250,33,217
E00140966,252,24,228
E00140967,263,49,214
E00140968,221,26,195
E00140969,245,31,214
E00140970,365,37,328
E00140971,239,18,221
E00140972,227,18,209
E00140973,263,29,234
E00140974,286,46,240
E00140975,295,42,253
E00140976,382,70,312
E00140977,379,47,332
E00140978,218,35,183
E00140979,309,42,267
E00140980,236,46,190
E00140981,257,41,216
E00140982,336,59,277
E00140983,556,71,485
E00140984,246,34,212
E00140985,240,54,186
E00140986,388,50,338
E00140987,335,84,251
E00140988,303,46,257
E00140989,370,54,316
E00140990,406,79,327
E00140991,252,39,213
E00140992,393,68,325
E00140993,140,28,112
E00140994,257,44,213
E00140995,198,38,160
E00140996,205,37,168
E00140997,279,49,230
E00140998,211,31,180
E00140999,233,33,200
E00141000,175,14,161
E00141001,209,25,184
E00141002,255,37,218
E00141003,238,31,207
E00141004,199,26,173
E00141005,151,26,125
E00141006,251,41,210
E00141008,439,67,372
E00141009,407,52,355
E00141010,245,27,218
E00141011,164,20,144
E00141012,190,19,171
E00141014,213,34,179
E00141015,329,58,271
E00141016,222,32,190
E00141017,342,58,284
E00141018,296,56,240
E00141019,226,33,193
E00141020,323,47,276
E00141021,252,32,220
E00141022,247,40,207
E00141023,336,66,270
E00141024,319,69,250
E00141025,272,53,219
E00141026,236,42,194
E00141027,210,36,174
E00141028,260,32,228
E00141029,232,28,204
E00141030,208,23,185
E00141031,300,48,252
E00141032,344,80,264
E00141033,257,26,231
E00141034,256,37,219
E00141035,325,44,281
E00141036,225,34,191
E00141037,280,27,253
E00141038,393,44,349
E00141039,372,64,308
E00141040,372,61,311
E00141041,458,68,390
E00141044,337,48,289
E00141045,292,52,240
E00141046,286,45,241
E00141047,308,68,240
E00141048,329,64,265
E00141050,252,38,214
E00141051,309,36,273
E00141053,351,52,299
E00141054,442,75,367
E00141055,252,53,199
E00141056,306,72,234
E00141057,299,79,220
E00141058,282,57,225
E00141059,254,58,196
E00141060,302,72,230
E00141061,280,41,239
E00141062,274,42,232
E00141063,329,60,269
E00141064,349,61,288
E00141065,352,61,291
E00141066,344,67,277
E00141067,332,84,248
E00141068,292,52,240
E00141069,297,57,240
E00141070,264,41,223
E00141071,557,87,470
E00141072,247,54,193
E00141073,177,21,156
E00141074,284,45,239
E00141075,252,35,217
E00141076,220,29,191
E00141077,210,21,189
E00141078,278,42,236
E00141079,305,46,259
E00141080,253,48,205
E00141081,278,47,231
E00141082,155,14,141
E00141083,109,25,84
E00141084,154,28,126
E00141085,137,20,117
E00141086,142,14,128
E00141087,304,64,240
E00141088,310,44,266
E00141089,465,73,392
E00141090,143,20,123
E00141091,521,97,424
E00141092,269,34,235
E00141093,307,47,260
E00141094,275,44,231
E00141095,100,13,87
E00141096,271,33,238
E00141097,288,59,229
E00141098,263,35,228
E00141099,254,35,219
E00141100,332,49,283
E00141101,286,37,249
E00141102,298,37,261
E00141103,229,29,200
E00141104,328,42,286
E00141105,255,13,242
E00141106,246,35,211
E00141107,218,30,188
E00141108,253,53,200
E00141109,307,58,249
E00141110,338,61,277
E00141111,166,22,144
E00141112,257,34,223
E00141113,467,116,351
E00141114,282,42,240
E00141115,312,59,253
E00141116,237,46,191
E00141117,207,20,187
E00141118,416,64,352
E00141119,284,32,252
E00141120,359,34,325
E00141121,333,83,250
E00141122,312,63,249
E00141123,307,59,248
E00141124,258,37,221
E00141125,267,39,228
E00141126,252,46,206
E00141127,265,32,233
E00141128,289,72,217
E00141129,216,56,160
E00141130,257,31,226
E00141131,256,33,223
E00141133,379,77,302
E00141134,423,164,259
E00141136,242,21,221
E00141137,269,65,204
E00141138,315,65,250
E00141139,360,58,302
E00141140,326,57,269
E00141141,523,145,378
E00141142,292,79,213
E00141143,277,39,238
E00141144,326,74,252
E00141145,264,15,249
E00141146,370,43,327
E00141147,286,34,252
E00141148,280,61,219
E00141149,290,67,223
E00141150,260,47,213
E00141151,275,67,208
E00141152,279,53,226
E00141153,395,93,302
E00141155,363,125,238
E00141156,306,72,234
E00141157,330,90,240
E00141158,273,55,218
E00141159,273,59,214
E00141160,326,85,241
E00141161,318,55,263
E00141162,340,97,243
E00141163,233,36,197
E00141164,282,56,226
E00141165,294,43,251
E00141166,195,22,173
E00141167,259,41,218
E00141168,289,52,237
E00141170,260,49,211
E00141171,266,56,210
E00141172,247,59,188
E00141173,223,31,192
E00141174,230,47,183
E00141175,234,44,190
E00141176,229,26,203
E00141177,277,44,233
E00141178,260,40,220
E00141179,270,43,227
E00141180,271,42,229
E00141181,304,60,244
E00141182,274,51,223
E00141183,292,47,245
E00141184,538,131,407
E00141185,265,41,224
E00141186,197,25,172
E00141187,468,64,404
E00141188,134,29,105
E00141189,209,35,174
E00141190,250,47,203
E00141191,346,65,281
E00141192,285,49,236
E00141193,246,42,204
E00141194,163,28,135
E00141195,289,64,225
E00141196,192,45,147
E00141197,312,77,235
E00141198,238,31,207
E00141199,285,58,227
E00141200,300,62,238
E00141201,330,95,235
E00141202,215,26,189
E00141203,300,42,258
E00141205,352,46,306
E00141206,274,32,242
E00141207,227,25,202
E00141208,228,31,197
E00141210,264,35,229
E00141211,235,34,201
E00141212,342,45,297
E00141213,222,21,201
E00141214,245,28,217
E00141215,288,59,229
E00141216,253,32,221
E00141217,271,37,234
E00141218,279,45,234
E00141219,327,68,259
E00141220,289,38,251
E00141221,336,86,250
E00141222,340,83,257
E00141223,237,23,214
E00141224,250,44,206
E00141225,305,64,241
E00141226,269,71,198
E00141227,212,41,171
E00141228,317,72,245
E00141229,379,67,312
E00141230,267,35,232
E00141231,346,92,254
E00141232,281,69,212
E00141233,243,42,201
E00141234,336,82,254
E00141235,285,37,248
E00141236,240,33,207
E00141237,307,39,268
E00141238,178,21,157
E00141239,133,17,116
E00141240,180,22,158
E00141241,196,32,164
E00141242,161,29,132
E00141243,148,18,130
E00141244,454,71,383
E00141245,209,30,179
E00141246,499,95,404
E00141247,283,54,229
E00141248,178,20,158
E00141249,309,42,267
E00141250,299,45,254
E00141251,115,25,90
E00141252,384,75,309
E00141253,393,90,303
E00141254,218,32,186
E00141255,383,58,325
E00141256,368,91,277
E00141257,379,83,296
E00141258,305,41,264
E00141259,280,41,239
E00141260,272,36,236
E00141261,172,18,154
E00141262,319,90,229
E00141263,278,53,225
E00141264,270,51,219
E00141265,265,39,226
E00141266,253,41,212
E00141267,220,8,212
E00141268,198,21,177
E00141269,191,14,177
E00141270,249,27,222
E00141271,259,36,223
E00141272,289,65,224
E00141273,189,21,168
E00141274,198,32,166
E00141275,206,14,192
E00141276,248,53,195
E00141277,182,31,151
E00141278,160,8,152
E00141279,235,42,193
E00141280,221,22,199
E00141281,291,31,260
E00141282,199,35,164
E00141283,235,32,203
E00141284,217,25,192
E00141285,105,11,94
E00141286,266,53,213
E00141287,245,28,217
E00141288,240,22,218
E00141289,218,38,180
E00141290,173,23,150
E00141291,358,34,324
E00141292,200,26,174
E00141293,165,21,144
E00141294,364,30,334
E00141295,136,14,122
E00141296,435,83,352
E00141297,384,72,312
E00141298,265,30,235
E00141299,267,38,229
E00141300,223,27,196
E00141301,247,32,215
E00141302,184,33,151
E00141303,325,68,257
E00141304,345,57,288
E00141305,315,48,267
E00141306,267,63,204
E00141307,233,29,204
E00141309,272,42,230
E00141310,278,60,218
E00141311,264,33,231
E00141312,225,23,202
E00141313,361,68,293
E00141314,312,74,238
E00141316,337,72,265
E00141317,268,28,240
E00141318,372,119,253
E00141319,326,67,259
E00141320,272,27,245
E00141321,248,38,210
E00141322,195,24,171
E00141324,434,64,370
E00141325,318,73,245
E00141326,137,23,114
E00141327,301,41,260
E00141328,294,48,246
E00141329,198,30,168
E00141331,175,27,148
E00141332,271,41,230
E00141333,269,33,236
E00141334,222,28,194
E00141336,268,30,238
E00141337,246,18,228
E00141338,226,18,208
E00141339,271,56,215
E00141340,178,19,159
E00141341,355,131,224
E00141343,520,93,427
E00141344,334,118,216
E00141346,221,27,194
E00141348,272,71,201
E00141349,227,20,207
E00141350,260,31,229
E00141352,416,71,345
E00141353,311,55,256
E00141354,369,31,338
E00141355,249,18,231
E00141356,217,5,212
E00141358,375,32,343
E00141359,257,48,209
E00141360,287,22,265
E00141361,386,48,338
E00141362,162,19,143
E00141363,111,18,93
E00141364,176,20,156
E00141365,446,139,307
E00141366,149,9,140
E00141367,235,38,197
E00141368,164,16,148
E00141369,392,47,345
E00141370,282,25,257
E00141371,305,37,268
E00141372,369,58,311
E00141373,187,22,165
E00141374,234,23,211
E00141375,237,39,198
E00141376,276,26,250
E00141377,224,30,194
E00141378,261,30,231
E00141379,303,57,246
E00141380,164,25,139
E00141381,351,31,320
E00141382,145,24,121
E00141383,164,18,146
E00141384,127,21,106
E00141385,256,30,226
E00141386,141,12,129
E00141387,337,68,269
E00141388,122,10,112
E00141389,264,28,236
E00141390,191,13,178
E00141393,346,35,311
E00141394,203,19,184
E00141397,342,28,314
E00141398,299,35,264
E00141399,356,33,323
E00141400,201,16,185
E00141401,289,48,241
E00141402,321,57,264
E00141403,297,88,209
E00141404,350,48,302
E00141405,268,44,224
E00141406,326,58,268
E00141407,272,35,237
E00141408,271,49,222
E00141409,265,49,216
E00141410,251,36,215
E00141411,259,46,213
E00141412,292,54,238
E00141413,318,68,250
E00141414,272,50,222
E00141415,293,64,229
E00141416,266,46,220
E00141417,338,46,292
E00141418,219,11,208
E00141419,222,18,204
E00141420,160,10,150
E00141421,337,50,287
E00141422,245,25,220
E00141423,201,40,161
E00141424,189,20,169
E00141425,431,56,375
E00141426,277,28,249
E00141427,341,38,303
E00141428,343,55,288
E00141429,254,22,232
E00141430,294,34,260
E00141431,319,80,239
E00141433,356,60,296
E00141435,165,9,156
E00141436,371,48,323
E00141437,245,18,227
E00141438,253,30,223
E00141439,351,50,301
E00141440,112,13,99
E00141441,210,31,179
E00141442,314,44,270
E00141443,299,43,256
E00141444,229,53,176
E00141445,325,65,260
E00141447,218,27,191
E00141448,319,62,257
E00141449,238,35,203
E00141450,263,38,225
E00141451,227,25,202
E00141452,319,33,286
E00141453,196,21,175
E00141454,388,60,328
E00141455,176,28,148
E00141456,124,15,109
E00141457,287,29,258
E00141458,156,7,149
E00141459,162,32,130
E00141460,152,17,135
E00141461,134,12,122
E00141462,141,13,128
E00141463,213,22,191
E00141466,155,14,141
E00141468,162,21,141
E00141469,252,41,211
E00141470,102,10,92
E00141471,262,42,220
E00141473,334,46,288
E00141474,224,31,193
E00141475,337,59,278
E00141476,295,35,260
E00141477,162,21,141
E00141478,323,38,285
E00141479,314,23,291
E00141480,119,22,97
E00141481,247,46,201
E00141482,182,27,155
E00141484,208,19,189
E00141485,231,27,204
E00141486,266,29,237
E00141487,241,38,203
E00141488,258,16,242
E00141489,301,69,232
E00141490,363,80,283
E00141491,217,17,200
E00141492,182,16,166
E00141493,194,21,173
E00141494,365,38,327
E00141495,275,28,247
E00141496,336,54,282
E00141497,343,40,303
E00141498,119,17,102
E00141499,244,34,210
E00141500,247,36,211
E00141501,324,43,281
E00141502,333,72,261
E00141503,294,44,250
E00141504,293,39,254
E00141505,293,41,252
E00141506,210,11,199
E00141507,201,29,172
E00141508,274,56,218
E00141509,263,22,241
E00141510,389,61,328
E00141511,229,24,205
E00141512,232,21,211
E00141514,351,42,309
E00141515,244,44,200
E00141516,223,23,200
E00141517,168,6,162
E00141518,240,17,223
E00141519,105,2,103
E00141520,292,50,242
E00141521,231,38,193
E00141522,214,36,178
E00141523,184,21,163
E00141524,293,73,220
E00141525,290,68,222
E00141526,230,30,200
E00141527,224,37,187
E00141528,233,33,200
E00141529,291,50,241
E00141530,254,38,216
E00141531,303,66,237
E00141532,356,66,290
E00141533,479,93,386
E00141534,316,57,259
E00141535,388,85,303
E00141536,274,49,225
E00141537,188,20,168
E00141538,280,21,259
E00141539,284,35,249
E00141541,289,30,259
E00141542,315,41,274
E00141543,261,61,200
E00141544,290,35,255
E00141545,313,52,261
E00141546,339,38,301
E00141547,306,52,254
E00141548,242,34,208
E00141549,330,65,265
E00141550,282,46,236
E00141551,267,42,225
E00141552,458,85,373
E00141553,140,16,124
E00141554,238,32,206
E00141555,303,41,262
E00141556,448,53,395
E00141557,520,84,436
E00141558,190,15,175
E00141559,193,27,166
E00141560,373,16,357
E00141561,225,37,188
E00141562,274,42,232
E00141563,191,13,178
E00141564,159,7,152
E00141565,286,49,237
E00141566,338,53,285
E00141567,238,23,215
E00141568,240,29,211
E00141569,165,22,143
E00141570,224,44,180
E00141573,218,21,197
E00141574,386,79,307
E00141575,273,17,256
E00141576,481,89,392
E00141577,268,36,232
E00141578,261,41,220
E00141579,173,27,146
E00141580,321,32,289
E00141581,292,40,252
E00141582,293,44,249
E00141583,247,48,199
E00141584,332,59,273
E00141585,103,15,88
E00141588,189,27,162
E00141589,335,57,278
E00141590,198,31,167
E00141591,207,38,169
E00141592,311,51,260
E00141593,206,33,173
E00141594,186,24,162
E00141595,283,36,247
E00141596,286,42,244
E00141597,261,47,214
E00141598,381,68,313
E00141599,332,62,270
E00141600,302,36,266
E00141601,166,28,138
E00141602,288,35,253
E00141603,270,39,231
E00141604,203,27,176
E00141605,261,32,229
E00141606,191,32,159
E00141607,180,28,152
E00141608,157,20,137
E00141609,202,22,180
E00141610,249,43,206
E00141611,366,64,302
E00141612,224,32,192
E00141613,282,21,261
E00141614,308,28,280
E00141615,454,48,406
E00141616,115,24,91
E00141617,295,30,265
E00141618,140,24,116
E00141619,254,31,223
E00141620,232,18,214
E00141621,281,52,229
E00141622,370,43,327
E00141623,246,28,218
E00141624,231,19,212
E00141625,184,31,153
E00141626,139,17,122
E00141627,242,42,200
E00141628,300,51,249
E00141629,391,49,342
E00141630,304,50,254
E00141631,335,63,272
E00141632,191,29,162
E00141633,210,40,170
E00141634,245,36,209
E00141635,295,61,234
E00141636,218,30,188
E00141637,205,35,170
E00141638,330,66,264
E00141639,286,23,263
E00141640,253,40,213
E00141641,251,17,234
E00141642,206,15,191
E00141643,199,17,182
E00141644,324,38,286
E00141645,195,30,165
E00141646,183,15,168
E00141647,196,15,181
E00141648,199,14,185
E00141649,235,49,186
E00141650,192,21,171
E00141651,514,85,429
E00141652,245,20,225
E00141653,264,17,247
E00141654,245,40,205
E00141655,274,35,239
E00141656,385,64,321
E00141657,274,34,240
E00141658,239,25,214
E00141659,403,54,349
E00141660,170,25,145
E00141661,318,30,288
E00141662,251,16,235
E00141663,169,9,160
E00141664,247,23,224
E00141665,208,13,195
E00141666,280,57,223
E00141667,207,29,178
E00141668,340,76,264
E00141669,276,51,225
E00141670,252,46,206
E00141671,344,57,287
E00141672,242,41,201
E00141673,301,75,226
E00141674,204,31,173
E00141675,332,80,252
E00141676,271,54,217
E00141677,279,63,216
E00141678,289,72,217
E00141679,241,49,192
E00141680,315,81,234
E00141681,316,71,245
E00141682,122,8,114
E00141683,278,32,246
E00141684,418,52,366
E00141685,274,27,247
E00141686,238,24,214
E00141687,345,31,314
E00141688,142,22,120
E00141689,334,80,254
E00141691,343,58,285
E00141692,265,36,229
E00141693,253,41,212
E00141694,283,51,232
E00141695,307,52,255
E00141696,243,44,199
E00141697,308,43,265
E00141698,245,61,184
E00141699,280,33,247
E00141700,215,27,188
E00141702,397,62,335
E00141703,271,33,238
E00141704,306,48,258
E00141708,347,103,244
E00141710,300,84,216
E00141711,282,78,204
E00141712,333,115,218
E00141713,216,46,170
E00141716,183,29,154
E00141717,315,84,231
E00141719,252,21,231
E00141720,224,35,189
E00141721,255,26,229
E00141723,264,77,187
E00141724,307,91,216
E00141725,387,122,265
E00141726,225,51,174
E00141727,217,30,187
E00141728,298,26,272
E00141729,265,46,219
E00141730,256,19,237
E00141731,315,59,256
E00141732,294,37,257
E00141733,276,21,255
E00141734,243,25,218
E00141735,242,33,209
E00141736,324,45,279
E00141737,279,52,227
E00141738,153,12,141
E00141739,221,21,200
E00141740,285,20,265
E00141741,179,17,162
E00141742,289,22,267
E00141744,277,38,239
E00141745,319,68,251
E00141746,300,67,233
E00141747,331,61,270
E00141748,398,100,298
E00141749,273,39,234
E00141750,286,41,245
E00141751,288,65,223
E00141752,267,44,223
E00141753,305,33,272
E00141754,246,43,203
E00141755,261,35,226
E00141756,243,27,216
E00141757,205,14,191
E00141758,251,23,228
E00141759,273,51,222
E00141760,219,34,185
E00141761,374,56,318
E00141762,207,24,183
E00141763,259,37,222
E00141764,229,18,211
E00141765,257,11,246
E00141766,181,9,172
E00141768,223,7,216
E00141769,289,53,236
E00141770,221,2,219
E00141771,250,19,231
E00141772,180,14,166
E00141773,222,4,218
E00141774,417,84,333
E00141775,289,65,224
E00141776,239,23,216
E00141777,222,11,211
E00141778,267,35,232
E00141779,248,45,203
E00141780,167,9,158
E00141781,305,81,224
E00141782,233,32,201
E00141783,170,14,156
E00141784,264,42,222
E00141785,243,35,208
E00141786,236,16,220
E00141787,228,31,197
E00141788,214,37,177
E00141789,412,45,367
E00141790,507,85,422
E00141791,213,20,193
E00141792,271,45,226
E00141793,312,72,240
E00141794,251,36,215
E00141795,307,30,277
E00141796,288,33,255
E00141797,214,31,183
E00141798,236,25,211
E00141799,299,32,267
E00141800,234,23,211
E00141801,217,11,206
E00141802,257,29,228
E00141803,322,41,281
E00141804,379,61,318
E00141805,285,37,248
E00141806,266,40,226
E00141807,257,32,225
E00141808,358,65,293
E00141809,247,37,210
E00141810,352,53,299
E00141811,339,43,296
E00141812,345,43,302
E00141813,260,38,222
E00141814,383,56,327
E00141815,287,41,246
E00141816,249,33,216
E00141817,309,51,258
E00141818,252,44,208
E00141819,280,49,231
E00141821,271,53,218
E00141822,373,59,314
E00141823,194,22,172
E00141824,253,30,223
E00141825,290,37,253
E00141826,271,29,242
E00141827,242,24,218
E00141828,289,78,211
E00141829,260,29,231
E00141830,195,19,176
E00141831,229,15,214
E00141832,255,29,226
E00141833,147,12,135
E00141834,336,72,264
E00141835,211,30,181
E00141836,120,12,108
E00141837,249,39,210
E00141838,189,28,161
E00141839,184,21,163
E00141840,235,37,198
E00141841,264,42,222
E00141842,275,45,230
E00141843,208,27,181
E00141844,199,14,185
E00141845,342,66,276
E00141846,304,44,260
E00141847,201,29,172
E00141848,202,16,186
E00141849,283,45,238
E00141850,350,39,311
E00141851,241,38,203
E00141852,275,43,232
E00141853,283,56,227
E00141854,318,65,253
E00141855,289,90,199
E00141856,280,41,239
E00141857,239,42,197
E00141858,243,41,202
E00141859,325,86,239
E00141860,313,64,249
E00141861,275,44,231
E00141862,318,32,286
E00141863,231,47,184
E00141864,375,29,346
E00141865,305,67,238
E00141866,300,32,268
E00141867,292,60,232
E00141868,227,32,195
E00141869,195,28,167
E00141870,239,39,200
E00141871,215,16,199
E00141872,279,17,262
E00141873,198,44,154
E00141874,275,26,249
E00141875,367,89,278
E00141876,240,53,187
E00141877,238,37,201
E00141878,270,43,227
E00141879,288,67,221
E00141880,269,40,229
E00141881,233,41,192
E00141882,260,53,207
E00141883,261,26,235
E00141884,309,44,265
E00141885,262,24,238
E00141886,279,72,207
E00141887,227,41,186
E00141888,194,36,158
E00141889,263,33,230
E00141890,253,43,210
E00141891,280,45,235
E00141892,301,59,242
E00141893,216,39,177
E00141894,142,4,138
E00141895,285,31,254
E00141896,240,15,225
E00141897,201,11,190
E00141898,234,18,216
E00141899,235,24,211
E00141900,199,21,178
E00141901,210,13,197
E00141902,190,17,173
E00141903,347,29,318
E00141904,212,18,194
E00141905,277,25,252
E00141906,174,24,150
E00141907,200,10,190
E00141908,247,20,227
E00141909,200,28,172
E00141910,219,48,171
E00141911,227,35,192
E00141912,267,25,242
E00141913,328,36,292
E00141915,298,37,261
E00141916,240,24,216
E00141917,239,18,221
E00141918,208,37,171
E00141919,251,12,239
E00141920,233,22,211
E00141921,205,22,183
E00141922,231,29,202
E00141923,257,28,229
E00141924,298,56,242
E00141925,323,41,282
E00141926,267,26,241
E00141927,282,49,233
E00141928,325,52,273
E00141929,265,40,225
E00141930,479,96,383
E00141931,229,27,202
E00141932,274,53,221
E00141933,273,36,237
E00141934,284,53,231
E00141935,289,45,244
E00141936,250,26,224
E00141938,258,22,236
E00141939,363,75,288
E00141940,283,54,229
E00141941,267,28,239
E00141942,314,28,286
E00141943,290,52,238
E00141944,250,38,212
E00141945,242,28,214
E00141946,214,31,183
E00141947,281,50,231
E00141948,318,40,278
E00141949,258,30,228
E00141950,223,19,204
E00141951,258,38,220
E00141952,270,47,223
E00141953,273,49,224
E00141954,183,26,157
E00141955,522,99,423
E00141956,319,72,247
E00141957,553,113,440
E00141958,218,19,199
E00141959,239,21,218
E00141960,303,67,236
E00141961,268,58,210
E00141962,302,72,230
E00141963,310,46,264
E00141964,247,32,215
E00141965,130,14,116
E00141966,173,14,159
E00141967,268,44,224
E00141968,193,26,167
E00141969,168,30,138
E00141970,210,15,195
E00141971,446,29,417
E00141972,392,23,369
E00141973,213,12,201
E00141974,180,6,174
E00141975,283,74,209
E00141976,290,33,257
E00141977,274,31,243
E00141978,282,43,239
E00141979,244,27,217
E00141980,320,31,289
E00141981,217,25,192
E00141982,183,14,169
E00141983,343,32,311
E00141984,260,45,215
E00141985,424,103,321
E00141986,329,32,297
E00141987,264,20,244
E00141988,319,24,295
E00141989,134,9,125
E00141990,132,5,127
E00141991,122,5,117
E00141992,185,11,174
E00141993,210,7,203
E00141994,136,7,129
E00141995,131,8,123
E00141996,231,15,216
E00141997,195,16,179
E00141998,186,17,169
E00141999,362,48,314
E00142000,381,143,238
E00142001,248,41,207
E00142002,286,93,193
E00142003,252,42,210
E00142004,192,35,157
E00142005,278,52,226
E00142006,263,38,225
E00142007,255,40,215
E00142008,285,22,263
E00142009,268,72,196
E00142010,391,147,244
E00142011,298,61,237
E00142012,297,67,230
E00142013,240,44,196
E00142014,379,64,315
E00142015,445,95,350
E00142016,333,57,276
E00142017,314,66,248
E00142018,200,37,163
E00142019,203,40,163
E00142020,323,67,256
E00142021,488,100,388
E00142022,260,40,220
E00142023,360,72,288
E00142025,271,28,243
E00142026,308,39,269
E00142027,326,52,274
E00142028,282,51,231
E00142029,267,49,218
E00142030,386,84,302
E00142031,285,36,249
E00142032,234,29,205
E00142033,439,77,362
E00142034,287,38,249
E00142035,289,39,250
E00142036,462,101,361
E00142037,304,42,262
E00142038,318,44,274
E00142039,444,72,372
E00142040,347,67,280
E00142041,311,46,265
E00142042,346,73,273
E00142043,311,38,273
E00142045,274,33,241
E00142046,257,42,215
E00142047,367,58,309
E00142048,453,81,372
E00142049,193,13,180
E00142050,267,31,236
E00142051,274,49,225
E00142052,305,56,249
E00142053,316,48,268
E00142054,319,34,285
E00142055,231,23,208
E00142056,272,61,211
E00142057,579,129,450
E00142058,384,66,318
E00142059,191,17,174
E00142060,286,41,245
E00142061,499,98,401
E00142062,107,16,91
E00142063,213,41,172
E00142064,143,37,106
E00142065,295,63,232
E00142066,289,44,245
E00142067,291,43,248
E00142068,307,54,253
E00142069,261,45,216
E00142070,150,26,124
E00142072,340,62,278
E00142073,454,81,373
E00142074,259,44,215
E00142075,268,42,226
E00142076,385,50,335
E00142077,272,50,222
E00142078,352,70,282
E00142079,208,37,171
E00142080,519,102,417
E00142082,283,54,229
E00142083,288,37,251
E00142084,539,89,450
E00142085,164,20,144
E00142086,107,17,90
E00142087,283,43,240
E00142088,244,40,204
E00142089,332,35,297
E00142090,149,23,126
E00142091,215,39,176
E00142092,122,19,103
E00142093,124,30,94
E00142094,385,44,341
E00142095,192,41,151
E00142096,383,51,332
E00142097,262,53,209
E00142098,251,41,210
E00142099,306,54,252
E00142100,251,27,224
E00142101,278,26,252
E00142102,220,32,188
E00142103,255,34,221
E00142104,292,32,260
E00142105,222,27,195
E00142106,222,17,205
E00142107,214,22,192
E00142109,441,67,374
E00142110,278,45,233
E00142111,324,54,270
E00142112,307,44,263
E00142113,221,19,202
E00142114,273,54,219
E00142116,269,45,224
E00142117,223,25,198
E00142118,264,27,237
E00142119,300,48,252
E00142120,407,55,352
E00142122,385,65,320
E00142123,399,40,359
E00142124,244,33,211
E00142125,268,54,214
E00142126,424,63,361
E00142127,390,63,327
E00142128,466,77,389
E00142129,463,84,379
E00142130,270,46,224
E00142131,312,80,232
E00142132,278,43,235
E00142133,120,16,104
E00142134,122,13,109
E00142135,530,90,440
E00142136,334,54,280
E00142137,354,74,280
E00142138,295,76,219
E00142139,372,73,299
E00142140,294,52,242
E00142141,334,48,286
E00142143,366,42,324
E00142144,318,61,257
E00142145,284,44,240
E00142146,301,55,246
E00142147,328,64,264
E00142148,327,41,286
E00142149,279,48,231
E00142150,367,86,281
E00142151,287,61,226
E00142152,293,61,232
E00142153,313,143,170
E00142154,130,17,113
E00142155,391,65,326
E00142156,379,59,320
E00142157,297,35,262
E00142158,331,44,287
E00142159,131,24,107
E00142160,313,61,252
E00142161,369,63,306
E00142162,304,78,226
E00142163,294,42,252
E00142164,379,51,328
E00142165,351,68,283
E00142166,139,28,111
E00142167,547,82,465
E00142168,208,28,180
E00142169,299,60,239
E00142170,414,111,303
E00142171,429,104,325
E00142172,371,52,319
E00142173,244,21,223
E00142174,254,40,214
E00142175,338,80,258
E00142176,173,24,149
E00142177,425,73,352
E00142178,220,55,165
E00142179,238,49,189
E00142180,242,80,162
E00142182,176,8,168
E00142183,273,55,218
E00142184,250,27,223
E00142185,256,66,190
E00142186,337,45,292
E00142187,305,93,212
E00142188,287,51,236
E00142189,254,55,199
E00142190,231,31,200
E00142191,262,48,214
E00142192,278,45,233
E00142193,273,47,226
E00142194,189,14,175
E00142195,297,53,244
E00142196,195,18,177
E00142197,246,48,198
E00142198,266,29,237
E00142199,332,102,230
E00142201,420,89,331
E00142202,442,97,345
E00142204,354,35,319
E00142205,329,76,253
E00142206,350,44,306
E00142207,342,56,286
E00142208,335,56,279
E00142209,279,43,236
E00142210,190,22,168
E00142211,256,42,214
E00142212,270,19,251
E00142213,291,48,243
E00142214,252,27,225
E00142215,280,29,251
E00142216,284,26,258
E00142217,321,63,258
E00142218,277,36,241
E00142220,271,29,242
E00142221,242,39,203
E00142222,456,82,374
E00142224,271,36,235
E00142226,338,36,302
E00142227,253,37,216
E00142228,359,60,299
E00142229,262,36,226
E00142230,268,48,220
E00142231,360,71,289
E00142232,267,52,215
E00142233,446,77,369
E00142234,289,28,261
E00142235,248,32,216
E00142236,238,29,209
E00142237,255,28,227
E00142238,327,50,277
E00142239,234,29,205
E00142240,288,41,247
E00142241,275,35,240
E00142242,253,49,204
E00142243,275,55,220
E00142244,320,69,251
E00142245,259,23,236
E00142246,250,46,204
E00142247,267,48,219
E00142248,293,57,236
E00142249,229,43,186
E00142251,230,33,197
E00142252,238,44,194
E00142253,243,51,192
E00142254,183,6,177
E00142255,265,32,233
E00142256,180,8,172
E00142257,261,41,220
E00142258,284,41,243
E00142259,278,44,234
E00142260,265,34,231
E00142261,327,56,271
E00142262,240,50,190
E00142263,230,31,199
E00142264,455,58,397
E00142265,264,40,224
E00142266,149,13,136
E00142267,227,52,175
E00142268,374,64,310
E00142269,389,60,329
E00142270,376,45,331
E00142271,284,41,243
E00142272,153,31,122
E00142274,183,34,149
E00142275,344,44,300
E00142277,268,29,239
E00142278,286,33,253
E00142279,293,44,249
E00142280,412,87,325
E00142281,343,34,309
E00142282,290,48,242
E00142283,291,33,258
E00142284,332,74,258
E00142285,261,36,225
E00142286,394,81,313
E00142287,351,73,278
E00142289,176,10,166
E00142290,360,50,310
E00142291,346,51,295
E00142292,423,87,336
E00142293,276,45,231
E00142294,280,39,241
E00142295,270,42,228
E00142296,297,57,240
E00142297,293,20,273
E00142298,351,63,288
E00142299,491,104,387
E00142300,247,37,210
E00142301,252,42,210
E00142302,248,47,201
E00142303,242,37,205
E00142304,548,129,419
E00142307,228,31,197
E00142311,248,31,217
E00142312,337,43,294
E00142314,328,66,262
E00142315,327,68,259
E00142316,273,26,247
E00142317,300,53,247
E00142318,249,43,206
E00142319,230,32,198
E00142320,313,45,268
E00142321,242,28,214
E00142322,345,76,269
E00142323,282,48,234
E00142324,222,24,198
E00142325,245,33,212
E00142326,259,37,222
E00142327,227,32,195
E00142328,350,44,306
E00142329,325,72,253
E00142330,266,51,215
E00142331,358,62,296
E00142332,335,66,269
E00142333,304,50,254
E00142334,228,19,209
E00142335,208,40,168
E00142336,301,68,233
E00142337,231,29,202
E00142338,257,44,213
E00142339,263,48,215
E00142340,313,53,260
E00142341,297,55,242
E00142342,286,57,229
E00142343,322,59,263
E00142344,437,51,386
E00142345,278,49,229
E00142347,262,48,214
E00142348,260,49,211
E00142349,277,40,237
E00142350,229,45,184
E00142351,305,86,219
E00142352,328,65,263
E00142353,201,35,166
E00142354,324,82,242
E00142355,203,45,158
E00142356,370,73,297
E00142357,433,79,354
E00142358,314,95,219
E00142359,275,38,237
E00142360,347,91,256
E00142361,188,28,160
E00142362,263,21,242
E00142363,266,25,241
E00142364,276,59,217
E00142365,201,33,168
E00142366,332,49,283
E00142367,334,70,264
E00142368,291,40,251
E00142369,208,37,171
E00142370,265,42,223
E00142371,228,19,209
E00142372,323,50,273
E00142373,284,36,248
E00142374,288,42,246
E00142375,297,61,236
E00142376,284,52,232
E00142377,273,35,238
E00142378,225,23,202
E00142379,257,41,216
E00142380,268,34,234
E00142381,258,39,219
E00142382,289,45,244
E00142383,248,19,229
E00142384,250,38,212
E00142385,267,26,241
E00142386,245,21,224
E00142387,292,46,246
E00142388,320,62,258
E00142390,298,55,243
E00142391,270,38,232
E00142392,268,35,233
E00142393,273,27,246
E00142394,297,46,251
E00142395,394,71,323
E00142396,278,50,228
E00142397,256,41,215
E00142398,243,19,224
E00142399,418,77,341
E00142401,264,46,218
E00142402,276,34,242
E00142403,233,29,204
E00142404,532,103,429
E00142405,211,21,190
E00142406,373,77,296
E00142407,243,36,207
E00142408,381,77,304
E00142409,350,75,275
E00142410,328,76,252
E00142411,277,49,228
E00142412,290,50,240
E00142413,303,52,251
E00142414,154,22,132
E00142415,262,31,231
E00142416,295,51,244
E00142417,273,32,241
E00142418,287,56,231
E00142419,341,75,266
E00142420,343,66,277
E00142421,307,81,226
E00142422,323,102,221
E00142423,274,72,202
E00142424,339,53,286
E00142425,332,69,263
E00142426,182,60,122
E00142427,327,75,252
E00142428,295,61,234
E00142429,469,61,408
E00142430,387,94,293
E00142431,297,56,241
E00142432,270,57,213
E00142433,274,60,214
E00142434,229,25,204
E00142435,318,55,263
E00142436,293,90,203
E00142437,266,53,213
E00142438,331,42,289
E00142439,189,35,154
E00142440,433,96,337
E00142441,368,104,264
E00142442,311,85,226
E00142443,288,92,196
E00142444,284,71,213
E00142445,334,74,260
E00142446,258,44,214
E00142447,285,47,238
E00142448,274,52,222
E00142450,205,33,172
E00142451,226,37,189
E00142452,217,27,190
E00142453,287,86,201
E00142454,281,74,207
E00142455,320,44,276
E00142456,294,42,252
E00142457,321,47,274
E00142458,293,42,251
E00142459,258,27,231
E00142460,418,87,331
E00142461,184,44,140
E00142462,382,79,303
E00142463,264,36,228
E00142464,219,27,192
E00142465,247,35,212
E00142466,184,13,171
E00142467,399,62,337
E00142468,230,29,201
E00142469,248,39,209
E00142470,354,50,304
E00142471,233,32,201
E00142472,221,35,186
E00142473,304,63,241
E00142474,338,50,288
E00142475,310,77,233
E00142476,270,51,219
E00142477,359,48,311
E00142478,501,149,352
E00142479,225,34,191
E00142480,207,39,168
E00142481,239,29,210
E00142482,216,36,180
E00142483,268,17,251
E00142484,256,45,211
E00142485,247,51,196
E00142486,223,48,175
E00142487,278,41,237
E00142488,290,53,237
E00142489,252,29,223
E00142490,252,30,222
E00142491,263,28,235
E00142492,249,25,224
E00142493,459,73,386
E00142494,194,16,178
E00142495,246,47,199
E00142496,338,75,263
E00142497,263,56,207
E00142498,232,39,193
E00142499,218,29,189
E00142500,294,46,248
E00142501,305,76,229
E00142502,283,32,251
E00142503,271,40,231
E00142504,257,45,212
E00142505,236,59,177
E00142506,345,85,260
E00142507,252,52,200
E00142508,378,76,302
E00142509,216,54,162
E00142510,296,50,246
E00142511,392,80,312
E00142512,268,32,236
E00142513,269,27,242
E00142514,280,42,238
E00142515,285,64,221
E00142516,306,46,260
E00142517,273,55,218
E00142518,273,43,230
E00142519,314,53,261
E00142520,259,50,209
E00142521,338,98,240
E00142522,270,46,224
E00142523,260,48,212
E00142524,429,68,361
E00142525,301,64,237
E00142527,396,82,314
E00142528,315,77,238
E00142529,291,53,238
E00142530,339,43,296
E00142531,294,52,242
E00142532,425,97,328
E00142533,267,61,206
E00142534,250,54,196
E00142536,331,84,247
E00142537,317,78,239
E00142538,299,66,233
E00142539,249,38,211
E00142540,349,84,265
E00142541,278,56,222
E00142542,540,104,436
E00142543,367,59,308
E00142544,205,36,169
E00142545,313,58,255
E00142546,293,61,232
E00142547,235,23,212
E00142548,250,41,209
E00142549,337,32,305
E00142550,315,52,263
E00142551,262,35,227
E00142552,247,31,216
E00142553,362,51,311
E00142554,314,77,237
E00142555,283,52,231
E00142556,308,38,270
E00142557,232,20,212
E00142558,261,41,220
E00142559,273,38,235
E00142560,288,74,214
E00142561,223,10,213
E00142562,221,17,204
E00142563,314,61,253
E00142564,200,8,192
E00142565,351,107,244
E00142566,207,33,174
E00142567,284,61,223
E00142568,324,74,250
E00142569,293,68,225
E00142570,267,35,232
E00142571,342,60,282
E00142572,378,90,288
E00142573,282,59,223
E00142574,241,31,210
E00142575,244,47,197
E00142576,232,44,188
E00142577,272,39,233
E00142578,462,77,385
E00142579,275,34,241
E00142580,301,66,235
E00142582,397,53,344
E00142583,239,19,220
E00142584,272,58,214
E00142587,399,76,323
E00142588,306,58,248
E00142589,438,77,361
E00142590,328,50,278
E00142591,437,75,362
E00142592,356,54,302
E00142593,294,49,245
E00142594,233,19,214
E00142595,291,48,243
E00142596,241,19,222
E00142597,286,18,268
E00142598,284,48,236
E00142599,324,110,214
E00142600,249,20,229
E00142601,338,79,259
E00142602,284,36,248
E00142603,296,74,222
E00142604,300,65,235
E00142605,325,59,266
E00142606,362,75,287
E00142607,492,63,429
E00142608,233,35,198
E00142609,282,70,212
E00142610,259,41,218
E00142611,220,39,181
E00142612,138,12,126
E00142613,259,29,230
E00142614,280,57,223
E00142615,242,21,221
E00142616,218,18,200
E00142617,284,55,229
E00142618,255,34,221
E00142619,277,29,248
E00142620,286,44,242
E00142621,361,51,310
E00142622,238,25,213
E00142623,238,19,219
E00142624,259,24,235
E00142625,298,53,245
E00142626,287,38,249
E00142627,263,48,215
E00142628,232,30,202
E00142629,268,33,235
E00142630,268,30,238
E00142631,286,39,247
E00142632,247,28,219
E00142633,350,44,306
E00142634,309,39,270
E00142635,223,32,191
E00142636,245,21,224
E00142637,314,77,237
E00142638,485,116,369
E00142639,276,47,229
E00142640,281,46,235
E00142641,354,45,309
E00142642,253,47,206
E00142643,340,50,290
E00142644,303,41,262
E00142645,254,32,222
E00142646,277,46,231
E00142647,277,41,236
E00142648,229,12,217
E00142649,225,39,186
E00142650,269,50,219
E00142652,169,29,140
E00142653,329,68,261
E00142654,243,31,212
E00142655,362,63,299
E00142656,211,30,181
E00142657,390,67,323
E00142658,424,91,333
E00142659,261,32,229
E00142660,295,35,260
E00142661,325,45,280
E00142662,339,59,280
E00142663,253,27,226
E00142664,299,36,263
E00142665,408,42,366
E00142666,305,38,267
E00142667,285,50,235
E00142668,267,41,226
E00142669,254,37,217
E00142670,257,23,234
E00142671,195,24,171
E00142672,271,19,252
E00142673,380,63,317
E00142674,205,23,182
E00142675,214,33,181
E00142676,233,23,210
E00142677,239,58,181
E00142678,219,56,163
E00142679,286,49,237
E00142680,303,101,202
E00142681,269,52,217
E00142682,258,42,216
E00142683,232,34,198
E00142684,264,34,230
E00142685,266,32,234
E00142686,244,29,215
E00142687,227,18,209
E00142688,179,31,148
E00142689,287,41,246
E00142690,321,29,292
E00142691,221,41,180
E00142692,406,54,352
E00142693,356,43,313
E00142694,181,20,161
E00142695,263,46,217
E00142696,348,68,280
E00142697,334,71,263
E00142698,319,65,254
E00142699,226,37,189
E00142700,110,21,89
E00142701,247,38,209
E00142702,215,31,184
E00142703,181,25,156
E00142704,246,44,202
E00142705,233,39,194
E00142706,367,60,307
E00142707,270,34,236
E00142708,230,25,205
E00142709,240,44,196
E00142710,343,39,304
E00142711,359,63,296
E00142712,463,70,393
E00142713,323,46,277
E00142714,225,11,214
E00142715,243,22,221
E00142716,272,33,239
E00142717,394,75,319
E00142718,309,50,259
E00142719,230,17,213
E00142720,254,55,199
E00142721,320,88,232
E00142722,285,56,229
E00142723,240,63,177
E00142724,257,27,230
E00142725,228,19,209
E00142726,201,28,173
E00142727,242,39,203
E00142728,352,47,305
E00142729,221,27,194
E00142730,195,21,174
E00142731,199,9,190
E00142733,280,61,219
E00142734,236,16,220
E00142735,471,59,412
E00142736,301,43,258
E00142737,272,46,226
E00142738,169,14,155
E00142739,268,37,231
E00142740,276,25,251
E00142741,357,52,305
E00142742,219,32,187
E00142743,322,82,240
E00142744,362,74,288
E00142745,175,21,154
E00142746,239,30,209
E00142747,342,84,258
E00142748,318,68,250
E00142749,304,73,231
E00142750,252,55,197
E00142751,280,66,214
E00142752,232,38,194
E00142753,237,50,187
E00142754,291,54,237
E00142755,255,55,200
E00142756,247,33,214
E00142757,272,26,246
E00142758,286,49,237
E00142760,229,26,203
E00142761,243,26,217
E00142763,193,18,175
E00142764,308,64,244
E00142765,261,40,221
E00142766,363,93,270
E00142768,268,42,226
E00142769,319,56,263
E00142770,444,87,357
E00142771,295,31,264
E00142772,442,87,355
E00142773,319,40,279
E00142774,361,64,297
E00142775,337,49,288
E00142776,291,46,245
E00142777,361,63,298
E00142778,237,34,203
E00142779,323,46,277
E00142780,302,41,261
E00142781,488,83,405
E00142782,333,55,278
E00142783,375,56,319
E00142784,352,55,297
E00142786,259,43,216
E00142787,268,36,232
E00142788,315,106,209
E00142789,255,58,197
E00142790,276,41,235
E00142791,486,102,384
E00142792,432,66,366
E00142793,276,34,242
E00142794,191,28,163
E00142796,197,42,155
E00142797,319,64,255
E00142798,290,56,234
E00142799,352,65,287
E00142800,306,52,254
E00142801,264,42,222
E00142802,221,33,188
E00142803,343,94,249
E00142804,206,22,184
E00142805,392,44,348
E00142806,255,31,224
E00142807,356,55,301
E00142808,297,54,243
E00142809,255,42,213
E00142810,273,46,227
E00142811,348,49,299
E00142812,275,48,227
E00142813,312,53,259
E00142814,304,66,238
E00142815,292,56,236
E00142816,276,66,210
E00142817,361,55,306
E00142818,243,42,201
E00142819,269,42,227
E00142820,345,53,292
E00142821,315,50,265
E00142822,366,72,294
E00142823,286,32,254
E00142824,284,51,233
E00142825,322,41,281
E00142826,124,15,109
E00142827,233,33,200
E00142828,287,33,254
E00142829,474,53,421
E00142830,286,51,235
E00142831,193,28,165
E00142832,302,53,249
E00142833,220,26,194
E00142834,110,13,97
E00142835,402,63,339
E00142836,299,45,254
E00142837,283,29,254
E00142838,329,53,276
E00142839,254,46,208
E00142840,502,112,390
E00142841,230,32,198
E00142843,398,78,320
E00142844,280,34,246
E00142845,351,67,284
E00142846,289,42,247
E00142847,204,30,174
E00142849,524,90,434
E00142850,444,55,389
E00142851,1029,16,1013
E00142852,266,33,233
E00142853,202,28,174
E00142854,234,25,209
E00142855,324,47,277
E00142856,343,25,318
E00142857,112,15,97
E00142858,357,45,312
E00142859,257,42,215
E00142860,382,44,338
E00142861,123,16,107
E00142862,370,64,306
E00142863,128,25,103
E00142864,221,17,204
E00142865,560,126,434
E00142866,322,60,262
E00142867,318,57,261
E00142868,338,117,221
E00142869,265,32,233
E00142870,270,45,225
E00142871,394,63,331
E00142873,221,39,182
E00142874,274,61,213
E00142875,250,48,202
E00142876,265,49,216
E00142877,160,21,139
E00142878,162,23,139
E00142879,301,29,272
E00142880,114,13,101
E00142882,238,32,206
E00142883,178,23,155
E00142884,257,36,221
E00142885,274,49,225
E00142886,185,15,170
E00142887,263,23,240
E00142888,296,46,250
E00142889,314,79,235
E00142891,196,34,162
E00142892,200,36,164
E00142893,277,66,211
E00142894,203,30,173
E00142895,287,73,214
E00142896,307,66,241
E00142897,234,35,199
E00142898,228,43,185
E00142899,167,4,163
E00142901,246,24,222
E00142902,299,60,239
E00142903,271,43,228
E00142904,326,68,258
E00142905,239,45,194
E00142906,280,47,233
E00142909,282,58,224
E00142910,488,109,379
E00142911,164,24,140
E00142913,342,85,257
E00142914,257,49,208
E00142916,306,66,240
E00142917,376,76,300
E00142918,342,78,264
E00142919,266,34,232
E00142920,406,90,316
E00142921,177,7,170
E00142922,333,73,260
E00142923,356,72,284
E00142924,268,49,219
E00142925,299,51,248
E00142926,227,27,200
E00142927,260,47,213
E00142928,238,26,212
E00142929,267,42,225
E00142930,194,35,159
E00142931,347,46,301
E00142932,237,20,217
E00142933,574,116,458
E00142934,139,15,124
E00142935,278,42,236
E00142936,220,36,184
E00142937,289,46,243
E00142938,202,32,170
E00142939,271,54,217
E00142940,250,49,201
E00142941,238,26,212
E00142942,258,33,225
E00142943,232,30,202
E00142944,177,19,158
E00142945,185,9,176
E00142946,206,19,187
E00142947,290,59,231
E00142948,266,28,238
E00142949,297,36,261
E00142950,276,40,236
E00142951,240,18,222
E00142952,196,37,159
E00142953,194,24,170
E00142954,413,110,303
E00142956,318,46,272
E00142957,255,49,206
E00142958,279,46,233
E00142959,233,36,197
E00142960,369,75,294
E00142961,309,42,267
E00142962,216,35,181
E00142963,228,32,196
E00142964,237,47,190
E00142965,200,28,172
E00142966,296,42,254
E00142967,280,25,255
E00142968,189,27,162
E00142969,373,88,285
E00142970,320,63,257
E00142971,324,94,230
E00142972,252,50,202
E00142973,512,67,445
E00142974,352,39,313
E00142975,233,35,198
E00142976,253,28,225
E00142978,211,43,168
E00142979,225,33,192
E00142980,333,52,281
E00142981,277,40,237
E00142982,386,57,329
E00142983,247,32,215
E00142984,261,38,223
E00142985,368,46,322
E00142986,102,13,89
E00142988,409,56,353
E00142989,285,34,251
E00142990,494,91,403
E00142991,332,36,296
E00142992,286,37,249
E00142993,419,66,353
E00142994,320,39,281
E00142995,237,35,202
E00142996,337,59,278
E00142997,277,36,241
E00142998,239,33,206
E00142999,293,43,250
E00143000,214,24,190
E00143001,369,110,259
E00143002,314,112,202
E00143003,291,82,209
E00143004,225,31,194
E00143005,322,103,219
E00143006,259,67,192
E00143007,290,53,237
E00143008,339,110,229
E00143009,269,47,222
E00143011,267,53,214
E00143012,274,47,227
E00143013,271,40,231
E00143014,294,55,239
E00143016,299,55,244
E00143017,334,64,270
E00143018,337,58,279
E00143019,219,31,188
E00143020,230,21,209
E00143021,293,49,244
E00143022,362,22,340
E00143023,212,16,196
E00143024,314,59,255
E00143025,407,71,336
E00143026,357,76,281
E00143027,299,42,257
E00143028,234,25,209
E00143029,269,38,231
E00143030,262,46,216
E00143031,251,41,210
E00143032,262,30,232
E00143033,256,33,223
E00143034,270,37,233
E00143035,361,73,288
E00143036,318,59,259
E00143037,328,49,279
E00143038,267,33,234
E00143039,252,47,205
E00143040,273,33,240
E00143041,257,40,217
E00143042,389,247,142
E00143043,189,70,119
E00143044,321,147,174
E00143045,141,17,124
E00143046,268,107,161
E00143047,257,88,169
E00143048,382,185,197
E00143050,339,159,180
E00143051,243,39,204
E00143052,179,61,118
E00143053,298,104,194
E00143054,217,68,149
E00143055,289,101,188
E00143056,269,88,181
E00143057,433,122,311
E00143058,275,50,225
E00143059,187,21,166
E00143060,769,691,78
E00143061,192,34,158
E00143062,275,47,228
E00143063,257,96,161
E00143064,280,59,221
E00143065,277,78,199
E00143066,317,125,192
E00143067,230,29,201
E00143068,263,46,217
E00143069,233,44,189
E00143070,282,58,224
E00143071,215,29,186
E00143072,290,86,204
E00143073,272,81,191
E00143074,404,113,291
E00143075,312,83,229
E00143076,260,57,203
E00143077,283,68,215
E00143078,353,98,255
E00143079,321,116,205
E00143080,280,50,230
E00143081,108,8,100
E00143082,282,55,227
E00143083,305,55,250
E00143084,227,35,192
E00143085,236,21,215
E00143086,264,53,211
E00143087,215,26,189
E00143088,275,82,193
E00143089,301,64,237
E00143090,259,46,213
E00143091,155,10,145
E00143092,265,39,226
E00143093,262,39,223
E00143095,315,46,269
E00143096,277,45,232
E00143097,275,40,235
E00143098,255,35,220
E00143099,245,50,195
E00143100,262,48,214
E00143101,178,29,149
E00143102,279,62,217
E00143103,256,43,213
E00143104,290,36,254
E00143105,266,42,224
E00143106,280,30,250
E00143107,213,26,187
E00143108,264,33,231
E00143110,290,47,243
E00143111,256,59,197
E00143112,286,56,230
E00143113,296,67,229
E00143114,251,50,201
E00143115,296,75,221
E00143116,389,95,294
E00143117,322,66,256
E00143118,278,39,239
E00143119,238,27,211
E00143120,306,68,238
E00143121,331,61,270
E00143122,252,29,223
E00143123,281,42,239
E00143124,290,44,246
E00143125,264,51,213
E00143126,302,64,238
E00143127,259,52,207
E00143128,215,23,192
E00143129,360,51,309
E00143130,228,38,190
E00143131,245,27,218
E00143132,276,51,225
E00143133,294,41,253
E00143134,304,62,242
E00143135,293,50,243
E00143136,298,50,248
E00143137,307,56,251
E00143138,316,64,252
E00143139,346,61,285
E00143140,342,80,262
E00143141,293,38,255
E00143142,311,70,241
E00143143,253,33,220
E00143144,348,66,282
E00143145,281,56,225
E00143146,229,20,209
E00143147,233,20,213
E00143148,260,48,212
E00143149,317,68,249
E00143150,294,48,246
E00143151,227,36,191
E00143152,249,51,198
E00143153,188,25,163
E00143154,343,78,265
E00143155,294,62,232
E00143156,345,40,305
E00143157,288,41,247
E00143158,395,76,319
E00143159,285,45,240
E00143160,370,67,303
E00143161,322,53,269
E00143162,210,38,172
E00143163,548,90,458
E00143164,322,69,253
E00143165,308,56,252
E00143166,282,67,215
E00143167,301,39,262
E00143168,287,65,222
E00143169,271,35,236
E00143170,232,47,185
E00143171,300,103,197
E00143172,313,85,228
E00143173,284,62,222
E00143174,331,54,277
E00143175,265,39,226
E00143176,247,34,213
E00143177,247,53,194
E00143178,213,38,175
E00143179,204,41,163
E00143180,215,36,179
E00143181,269,32,237
E00143182,191,49,142
E00143183,270,34,236
E00143184,250,30,220
E00143185,286,55,231
E00143186,237,28,209
E00143187,315,92,223
E00143188,251,28,223
E00143189,245,41,204
E00143190,208,26,182
E00143191,319,47,272
E00143192,272,34,238
E00143193,272,43,229
E00143194,272,43,229
E00143195,257,32,225
E00143196,301,40,261
E00143197,210,32,178
E00143198,308,49,259
E00143199,291,59,232
E00143200,272,38,234
E00143201,309,57,252
E00143202,300,48,252
E00143203,336,42,294
E00143204,248,29,219
E00143205,288,52,236
E00143206,272,54,218
E00143207,254,57,197
E00143208,313,68,245
E00143209,202,28,174
E00143210,193,21,172
E00143211,247,33,214
E00143212,242,25,217
E00143213,319,65,254
E00143214,290,72,218
E00143215,286,28,258
E00143216,311,50,261
E00143217,374,63,311
E00143218,260,28,232
E00143219,185,40,145
E00143220,322,53,269
E00143221,254,25,229
E00143222,263,34,229
E00143224,240,28,212
E00143226,222,38,184
E00143227,276,42,234
E00143228,333,45,288
E00143229,247,31,216
E00143230,266,38,228
E00143231,400,60,340
E00143232,259,40,219
E00143233,245,34,211
E00143234,280,43,237
E00143235,343,65,278
E00143236,221,30,191
E00143237,325,79,246
E00143238,243,18,225
E00143239,331,54,277
E00143240,291,33,258
E00143241,318,80,238
E00143242,304,63,241
E00143243,242,52,190
E00143244,263,34,229
E00143245,266,55,211
E00143246,237,38,199
E00143247,445,139,306
E00143248,225,48,177
E00143249,280,75,205
E00143250,242,25,217
E00143251,265,32,233
E00143252,162,33,129
E00143253,269,23,246
E00143254,310,41,269
E00143255,301,50,251
E00143256,245,45,200
E00143257,286,52,234
E00143258,265,34,231
E00143259,443,73,370
E00143260,248,26,222
E00143261,498,104,394
E00143262,327,52,275
E00143263,338,44,294
E00143264,188,10,178
E00143265,275,25,250
E00143266,260,43,217
E00143267,291,33,258
E00143268,307,29,278
E00143269,258,38,220
E00143270,367,48,319
E00143271,304,52,252
E00143272,268,29,239
E00143273,302,49,253
E00143274,298,44,254
E00143275,292,68,224
E00143276,495,81,414
E00143277,225,22,203
E00143279,459,101,358
E00143280,226,28,198
E00143281,354,36,318
E00143282,258,29,229
E00143283,257,38,219
E00143284,261,40,221
E00143285,361,71,290
E00143286,339,73,266
E00143287,258,48,210
E00143288,205,50,155
E00143289,322,57,265
E00143290,539,126,413
E00143291,196,41,155
E00143292,289,32,257
E00143293,408,88,320
E00143295,218,40,178
E00143296,182,20,162
E00143297,350,74,276
E00143298,221,27,194
E00143299,340,62,278
E00143300,310,45,265
E00143301,284,34,250
E00143302,209,26,183
E00143303,271,44,227
E00143304,353,52,301
E00143305,329,55,274
E00143306,329,63,266
E00143307,266,67,199
E00143309,385,50,335
E00143310,261,35,226
E00143311,254,29,225
E00143312,223,41,182
E00143313,273,32,241
E00143314,226,42,184
E00143315,261,43,218
E00143316,234,57,177
E00143317,241,46,195
E00143318,272,52,220
E00143319,245,51,194
E00143320,224,47,177
E00143321,234,51,183
E00143322,270,47,223
E00143323,305,49,256
E00143324,299,55,244
E00143325,369,98,271
E00143326,251,42,209
E00143327,242,35,207
E00143328,330,52,278
E00143329,336,84,252
E00143330,306,50,256
E00143331,259,58,201
E00143332,254,33,221
E00143333,320,46,274
E00143334,338,73,265
E00143335,275,48,227
E00143336,285,52,233
E00143337,219,28,191
E00143338,304,47,257
E00143339,248,28,220
E00143340,198,28,170
E00143341,339,76,263
E00143342,291,64,227
E00143343,291,63,228
E00143344,267,45,222
E00143345,302,49,253
E00143346,193,49,144
E00143347,278,51,227
E00143348,276,46,230
E00143349,302,57,245
E00143350,269,38,231
E00143351,274,77,197
E00143352,246,50,196
E00143353,275,60,215
E00143354,251,32,219
E00143355,335,77,258
E00143356,235,39,196
E00143357,271,42,229
E00143358,303,62,241
E00143359,320,60,260
E00143360,284,51,233
E00143361,314,83,231
E00143362,342,75,267
E00143363,524,101,423
E00143364,415,82,333
E00143365,384,79,305
E00143366,308,67,241
E00143367,331,86,245
E00143368,295,36,259
E00143369,317,86,231
E00143370,248,30,218
E00143372,289,49,240
E00143373,192,36,156
E00143374,189,22,167
E00143375,300,43,257
E00143376,210,30,180
E00143377,195,33,162
E00143378,268,44,224
E00143379,314,64,250
E00143380,244,47,197
E00143381,268,55,213
E00143382,265,39,226
E00143383,263,25,238
E00143384,309,27,282
E00143385,330,59,271
E00143386,332,37,295
E00143387,117,10,107
E00143388,282,42,240
E00143389,286,49,237
E00143391,332,46,286
E00143392,392,78,314
E00143393,281,43,238
E00143394,324,65,259
E00143395,313,89,224
E00143396,305,61,244
E00143397,222,36,186
E00143398,335,65,270
E00143399,281,57,224
E00143400,298,55,243
E00143401,302,56,246
E00143402,145,9,136
E00143403,279,61,218
E00143404,338,58,280
E00143405,246,57,189
E00143406,249,43,206
E00143407,377,60,317
E00143409,222,53,169
E00143410,231,35,196
E00143411,248,28,220
E00143412,319,53,266
E00143413,266,30,236
E00143414,313,84,229
E00143415,226,44,182
E00143416,246,54,192
E00143417,286,56,230
E00143418,294,40,254
E00143419,175,19,156
E00143420,295,66,229
E00143421,320,68,252
E00143422,238,39,199
E00143423,245,48,197
E00143424,346,63,283
E00143425,284,44,240
E00143426,241,50,191
E00143427,358,68,290
E00143428,286,56,230
E00143429,283,57,226
E00143432,327,40,287
E00143433,457,81,376
E00143434,254,50,204
E00143435,310,72,238
E00143436,262,55,207
E00143437,249,45,204
E00143438,330,55,275
E00143439,390,53,337
E00143440,276,35,241
E00143441,258,39,219
E00143442,291,57,234
E00143443,287,49,238
E00143444,222,36,186
E00143445,254,26,228
E00143446,298,52,246
E00143447,164,16,148
E00143448,294,55,239
E00143449,287,40,247
E00143450,205,14,191
E00143451,274,43,231
E00143452,227,49,178
E00143453,454,118,336
E00143454,298,59,239
E00143455,358,72,286
E00143456,231,24,207
E00143457,281,48,233
E00143458,308,57,251
E00143459,265,55,210
E00143460,270,48,222
E00143461,225,23,202
E00143462,259,37,222
E00143463,253,43,210
E00143464,214,41,173
E00143465,144,25,119
E00143466,211,24,187
E00143467,330,77,253
E00143468,279,43,236
E00143469,227,34,193
E00143470,189,36,153
E00143471,345,53,292
E00143472,393,60,333
E00143473,284,55,229
E00143474,229,52,177
E00143475,277,44,233
E00143476,246,46,200
E00143477,205,27,178
E00143478,360,75,285
E00143479,371,69,302
E00143480,310,78,232
E00143481,221,37,184
E00143482,328,68,260
E00143483,276,33,243
E00143484,293,73,220
E00143485,224,33,191
E00143486,366,88,278
E00143487,310,50,260
E00143488,346,88,258
E00143489,272,37,235
E00143490,294,57,237
E00143491,198,13,185
E00143492,253,24,229
E00143493,209,40,169
E00143494,251,35,216
E00143495,293,47,246
E00143496,241,36,205
E00143497,244,51,193
E00143498,324,75,249
E00143499,183,24,159
E00143500,261,62,199
E00143501,364,97,267
E00143502,258,46,212
E00143503,235,37,198
E00143504,302,53,249
E00143505,345,72,273
E00143506,264,56,208
E00143507,261,51,210
E00143508,220,38,182
E00143509,291,52,239
E00143510,147,12,135
E00143511,306,72,234
E00143512,181,19,162
E00143513,249,50,199
E00143514,254,37,217
E00143515,287,51,236
E00143516,299,52,247
E00143517,286,88,198
E00143518,298,52,246
E00143519,324,96,228
E00143520,233,41,192
E00143521,374,59,315
E00143522,269,30,239
E00143523,390,65,325
E00143524,322,53,269
E00143525,331,57,274
E00143526,292,54,238
E00143527,313,67,246
E00143529,191,22,169
E00143530,284,54,230
E00143531,257,34,223
E00143532,303,60,243
E00143533,307,44,263
E00143534,324,58,266
E00143535,307,23,284
E00143536,253,32,221
E00143537,294,55,239
E00143538,294,58,236
E00143539,234,28,206
E00143540,259,54,205
E00143541,270,33,237
E00143542,259,62,197
E00143543,247,49,198
E00143544,354,103,251
E00143545,316,101,215
E00143546,319,76,243
E00143547,339,59,280
E00143548,239,57,182
E00143549,250,77,173
E00143550,135,6,129
E00143551,271,79,192
E00143552,313,86,227
E00143553,226,29,197
E00143554,272,42,230
E00143555,367,71,296
E00143556,282,48,234
E00143557,272,25,247
E00143558,268,47,221
E00143559,237,39,198
E00143560,302,52,250
E00143561,242,28,214
E00143562,212,27,185
E00143563,211,32,179
E00143564,252,46,206
E00143565,256,49,207
E00143566,240,35,205
E00143567,301,69,232
E00143568,327,55,272
E00143569,303,62,241
E00143570,492,101,391
E00143571,251,17,234
E00143572,467,81,386
E00143573,334,52,282
E00143574,259,25,234
E00143575,330,59,271
E00143576,264,50,214
E00143577,520,96,424
E00143578,439,74,365
E00143579,312,57,255
E00143580,450,91,359
E00143581,261,32,229
E00143582,321,62,259
E00143583,213,28,185
E00143584,217,30,187
E00143585,415,66,349
E00143586,241,46,195
E00143587,280,44,236
E00143588,177,27,150
E00143589,220,20,200
E00143590,232,27,205
E00143591,269,32,237
E00143592,416,60,356
E00143593,246,48,198
E00143594,272,33,239
E00143595,277,39,238
E00143596,236,25,211
E00143597,191,19,172
E00143598,241,24,217
E00143599,290,45,245
E00143600,277,59,218
E00143601,237,44,193
E00143602,249,37,212
E00143603,230,37,193
E00143604,181,15,166
E00143605,324,64,260
E00143606,371,67,304
E00143607,260,75,185
E00143608,316,56,260
E00143609,261,30,231
E00143610,274,59,215
E00143611,273,42,231
E00143612,244,59,185
E00143613,154,10,144
E00143614,271,56,215
E00143615,293,41,252
E00143616,339,64,275
E00143617,290,51,239
E00143618,280,42,238
E00143619,246,46,200
E00143620,221,49,172
E00143621,187,34,153
E00143622,329,53,276
E00143623,209,19,190
E00143624,256,48,208
E00143625,265,50,215
E00143627,334,99,235
E00143628,257,47,210
E00143629,300,35,265
E00143630,243,43,200
E00143631,107,20,87
E00143632,322,48,274
E00143633,103,7,96
E00143634,251,42,209
E00143635,304,62,242
E00143636,279,48,231
E00143637,297,56,241
E00143638,308,47,261
E00143639,294,40,254
E00143640,260,52,208
E00143641,286,57,229
E00143642,281,68,213
E00143643,227,38,189
E00143644,309,60,249
E00143645,269,43,226
E00143646,315,78,237
E00143647,214,27,187
E00143648,347,89,258
E00143649,297,58,239
E00143650,274,62,212
E00143651,409,71,338
E00143652,253,48,205
E00143653,254,44,210
E00143654,255,37,218
E00143656,274,66,208
E00143657,277,50,227
E00143658,247,43,204
E00143659,263,53,210
E00143660,240,34,206
E00143661,284,52,232
E00143662,268,42,226
E00143663,286,29,257
E00143664,276,42,234
E00143665,258,37,221
E00143666,281,50,231
E00143667,262,36,226
E00143668,258,37,221
E00143669,250,47,203
E00143670,279,45,234
E00143671,326,56,270
E00143672,277,46,231
E00143673,261,46,215
E00143674,130,3,127
E00143675,289,53,236
E00143676,293,42,251
E00143678,289,47,242
E00143679,238,28,210
E00143680,296,36,260
E00143681,261,40,221
E00143682,311,44,267
E00143683,276,47,229
E00143684,297,44,253
E00143685,314,39,275
E00143686,235,26,209
E00143687,288,45,243
E00143688,334,36,298
E00143689,249,36,213
E00143690,268,31,237
E00143691,277,45,232
E00143692,274,46,228
E00143693,281,53,228
E00143694,223,35,188
E00143695,277,66,211
E00143696,266,40,226
E00143697,245,47,198
E00143698,263,39,224
E00143699,275,35,240
E00143700,228,39,189
E00143701,239,49,190
E00143702,279,49,230
E00143703,271,46,225
E00143704,300,39,261
E00143705,227,24,203
E00143706,313,41,272
E00143707,249,24,225
E00143708,237,32,205
E00143709,278,31,247
E00143710,269,38,231
E00143711,260,44,216
E00143712,323,72,251
E00143713,313,82,231
E00143715,275,50,225
E00143716,273,51,222
E00143717,272,52,220
E00143718,281,33,248
E00143720,288,38,250
E00143721,262,34,228
E00143722,211,26,185
E00143723,295,59,236
E00143724,268,51,217
E00143725,276,51,225
E00143726,258,38,220
E00143727,289,66,223
E00143728,223,43,180
E00143729,201,37,164
E00143730,305,69,236
E00143731,279,61,218
E00143732,479,97,382
E00143733,349,49,300
E00143734,336,58,278
E00143735,315,44,271
E00143736,236,30,206
E00143737,208,32,176
E00143738,146,11,135
E00143739,311,62,249
E00143740,283,70,213
E00143741,318,79,239
E00143742,408,77,331
E00143743,265,55,210
E00143744,234,57,177
E00143745,264,48,216
E00143746,262,36,226
E00143747,280,47,233
E00143748,222,18,204
E00143749,223,34,189
E00143750,332,56,276
E00143751,260,5,255
E00143752,294,61,233
E00143753,330,70,260
E00143754,268,47,221
E00143755,276,45,231
E00143756,317,55,262
E00143757,326,55,271
E00143758,305,56,249
E00143759,317,70,247
E00143760,345,57,288
E00143761,301,49,252
E00143762,307,42,265
E00143763,270,72,198
E00143764,241,45,196
E00143765,230,29,201
E00143766,279,38,241
E00143767,295,45,250
E00143768,337,77,260
E00143769,425,49,376
E00143770,346,71,275
E00143771,293,56,237
E00143772,265,45,220
E00143773,323,79,244
E00143774,287,46,241
E00143775,321,60,261
E00143776,357,59,298
E00143778,233,34,199
E00143779,262,29,233
E00143780,273,33,240
E00143781,363,51,312
E00143782,408,59,349
E00143783,218,30,188
E00143785,454,101,353
E00143786,327,78,249
E00143787,253,28,225
E00143788,283,38,245
E00143789,397,65,332
E00143790,241,29,212
E00143791,268,23,245
E00143793,408,77,331
E00143794,253,29,224
E00143795,236,39,197
E00143796,296,60,236
E00143797,267,64,203
E00143798,352,69,283
E00143799,307,49,258
E00143800,288,41,247
E00143801,273,36,237
E00143802,169,10,159
E00143803,278,25,253
E00143805,291,57,234
E00143806,290,54,236
E00143808,209,52,157
E00143809,309,52,257
E00143810,282,38,244
E00143811,310,65,245
E00143812,282,73,209
E00143813,279,65,214
E00143814,300,37,263
E00143815,365,72,293
E00143816,255,36,219
E00143817,117,2,115
E00143818,333,39,294
E00143819,217,18,199
E00143820,139,12,127
E00143822,244,33,211
E00143824,187,27,160
E00143825,287,41,246
E00143826,236,37,199
E00143827,261,52,209
E00143828,323,79,244
E00143829,274,46,228
E00143830,300,55,245
E00143831,341,76,265
E00143832,294,63,231
E00143833,234,9,225
E00143834,299,74,225
E00143835,331,78,253
E00143836,227,48,179
E00143837,226,39,187
E00143838,303,72,231
E00143839,281,75,206
E00143840,320,64,256
E00143841,253,40,213
E00143842,276,68,208
E00143843,305,78,227
E00143844,268,36,232
E00143845,366,54,312
E00143846,296,69,227
E00143847,327,59,268
E00143848,402,76,326
E00143849,287,44,243
E00143850,355,54,301
E00143851,283,35,248
E00143852,251,31,220
E00143853,331,70,261
E00143854,313,66,247
E00143855,288,47,241
E00143856,266,53,213
E00143857,304,49,255
E00143858,276,36,240
E00143859,394,74,320
E00143860,311,55,256
E00143861,299,60,239
E00143862,114,2,112
E00143863,275,38,237
E00143864,291,63,228
E00143865,334,55,279
E00143866,272,44,228
E00143867,297,54,243
E00143868,230,56,174
E00143869,167,20,147
E00143870,289,43,246
E00143872,244,34,210
E00143873,397,70,327
E00143874,261,60,201
E00143875,221,45,176
E00143876,251,65,186
E00143877,262,54,208
E00143878,312,84,228
E00143879,227,16,211
E00143880,292,64,228
E00143881,426,114,312
E00143882,319,52,267
E00143883,356,46,310
E00143884,296,30,266
E00143885,284,69,215
E00143887,342,54,288
E00143890,309,40,269
E00143891,224,17,207
E00143892,181,0,181
E00143893,263,37,226
E00143894,276,22,254
E00143895,208,22,186
E00143896,212,29,183
E00143897,355,66,289
E00143898,382,69,313
E00143899,254,32,222
E00143900,258,46,212
E00143901,306,46,260
E00143902,234,20,214
E00143903,290,32,258
E00143904,243,29,214
E00143905,238,15,223
E00143906,296,36,260
E00143907,327,55,272
E00143908,262,42,220
E00143909,325,45,280
E00143910,442,68,374
E00143911,345,50,295
E00143912,342,51,291
E00143913,253,24,229
E00143914,229,34,195
E00143915,246,53,193
E00143916,229,24,205
E00143917,269,64,205
E00143918,274,58,216
E00143919,340,96,244
E00143920,395,64,331
E00143921,273,49,224
E00143922,258,45,213
E00143923,226,36,190
E00143924,221,43,178
E00143925,330,79,251
E00143926,433,84,349
E00143927,234,47,187
E00143928,241,30,211
E00143929,251,69,182
E00143930,208,31,177
E00143931,307,50,257
E00143932,278,57,221
E00143933,385,59,326
E00143934,177,28,149
E00143935,275,70,205
E00143936,284,35,249
E00143937,249,38,211
E00143938,292,39,253
E00143939,270,35,235
E00143940,371,71,300
E00143941,266,33,233
E00143942,252,24,228
E00143943,267,61,206
E00143944,238,43,195
E00143946,272,39,233
E00143947,309,60,249
E00143948,280,47,233
E00143949,262,32,230
E00143950,274,50,224
E00143951,226,26,200
E00143952,238,31,207
E00143953,209,27,182
E00143954,289,57,232
E00143955,252,36,216
E00143956,269,42,227
E00143957,328,84,244
E00143958,340,26,314
E00143959,335,44,291
E00143960,429,94,335
E00143961,232,29,203
E00143962,268,40,228
E00143963,287,46,241
E00143964,247,23,224
E00143965,287,62,225
E00143966,264,35,229
E00143967,197,17,180
E00143968,286,82,204
E00143969,259,32,227
E00143970,257,67,190
E00143971,227,55,172
E00143972,315,73,242
E00143973,385,80,305
E00143974,329,71,258
E00143975,404,39,365
E00143976,252,21,231
E00143977,249,40,209
E00143978,278,51,227
E00143979,261,55,206
E00143980,288,65,223
E00143981,388,105,283
E00143982,295,65,230
E00143983,361,77,284
E00143984,102,6,96
E00143985,269,67,202
E00143986,316,37,279
E00143987,364,33,331
E00143988,352,70,282
E00143989,248,25,223
E00143991,298,53,245
E00143992,190,31,159
E00143993,315,45,270
E00143994,353,50,303
E00143995,267,36,231
E00143996,271,39,232
E00143997,252,31,221
E00143998,284,36,248
E00143999,273,42,231
E00144000,438,81,357
E00144001,245,28,217
E00144002,315,65,250
E00144003,250,46,204
E00144004,213,23,190
E00144005,305,34,271
E00144006,296,104,192
E00144007,251,59,192
E00144008,300,63,237
E00144009,273,59,214
E00144010,242,27,215
E00144011,224,23,201
E00144012,265,64,201
E00144013,524,145,379
E00144014,256,27,229
E00144016,297,53,244
E00144017,334,35,299
E00144018,421,80,341
E00144019,275,74,201
E00144020,393,111,282
E00144021,206,24,182
E00144022,340,53,287
E00144023,274,35,239
E00144024,285,26,259
E00144025,331,49,282
E00144026,278,54,224
E00144028,224,24,200
E00144029,504,80,424
E00144031,270,42,228
E00144032,275,47,228
E00144033,473,81,392
E00144034,287,52,235
E00144035,315,58,257
E00144036,322,52,270
E00144037,265,48,217
E00144038,331,58,273
E00144039,283,42,241
E00144040,326,56,270
E00144041,261,35,226
E00144042,385,76,309
E00144043,330,61,269
E00144044,285,44,241
E00144045,391,76,315
E00144046,252,29,223
E00144047,364,76,288
E00144048,325,53,272
E00144049,267,49,218
E00144050,361,78,283
E00144051,361,55,306
E00144052,206,26,180
E00144053,407,71,336
E00144054,316,28,288
E00144055,211,48,163
E00144056,189,32,157
E00144057,373,108,265
E00144058,298,57,241
E00144059,236,21,215
E00144060,240,36,204
E00144061,251,59,192
E00144062,145,11,134
E00144063,360,53,307
E00144064,256,26,230
E00144065,378,105,273
E00144066,328,77,251
E00144067,293,54,239
E00144068,176,10,166
E00144069,382,63,319
E00144070,257,29,228
E00144071,288,79,209
E00144072,228,50,178
E00144073,237,50,187
E00144074,418,131,287
E00144075,273,22,251
E00144076,229,15,214
E00144077,307,46,261
E00144078,273,32,241
E00144079,283,54,229
E00144080,310,47,263
E00144081,346,68,278
E00144082,237,65,172
E00144083,258,61,197
E00144084,555,98,457
E00144085,381,66,315
E00144086,167,15,152
E00144087,245,35,210
E00144088,252,26,226
E00144089,244,24,220
E00144090,318,63,255
E00144091,248,52,196
E00144092,300,60,240
E00144093,248,30,218
E00144094,331,81,250
E00144095,288,38,250
E00144096,336,36,300
E00144097,421,56,365
E00144098,229,19,210
E00144099,425,72,353
E00144100,327,46,281
E00144101,414,53,361
E00144102,210,46,164
E00144103,272,29,243
E00144104,313,74,239
E00144106,326,36,290
E00144107,232,41,191
E00144108,256,34,222
E00144109,290,43,247
E00144110,269,49,220
E00144111,296,35,261
E00144112,307,42,265
E00144113,333,55,278
E00144114,241,31,210
E00144115,322,43,279
E00144116,241,46,195
E00144117,121,15,106
E00144118,230,35,195
E00144119,216,37,179
E00144120,253,67,186
E00144121,166,21,145
E00144122,250,42,208
E00144123,265,33,232
E00144124,259,40,219
E00144125,291,53,238
E00144126,252,48,204
E00144127,184,20,164
E00144128,207,35,172
E00144129,285,36,249
E00144130,297,46,251
E00144131,321,34,287
E00144132,262,47,215
E00144133,306,44,262
E00144134,268,60,208
E00144136,315,76,239
E00144137,348,70,278
E00144138,271,54,217
E00144139,248,43,205
E00144140,233,34,199
E00144141,186,12,174
E00144142,325,41,284
E00144143,240,31,209
E00144144,259,35,224
E00144145,318,65,253
E00144146,238,41,197
E00144147,363,43,320
E00144148,212,19,193
E00144149,248,27,221
E00144150,465,125,340
E00144151,248,37,211
E00144152,421,75,346
E00144153,472,86,386
E00144155,227,17,210
E00144156,376,76,300
E00144158,383,71,312
E00144159,266,38,228
E00144160,379,67,312
E00144161,333,78,255
E00144162,333,58,275
E00144163,374,76,298
E00144164,278,59,219
E00144165,284,59,225
E00144166,227,12,215
E00144167,413,55,358
E00144168,295,32,263
E00144169,282,41,241
E00144170,302,44,258
E00144171,388,65,323
E00144172,283,52,231
E00144174,247,31,216
E00144175,137,18,119
E00144176,121,22,99
E00144177,290,56,234
E00144178,363,81,282
E00144179,301,52,249
E00144180,273,49,224
E00144181,297,60,237
E00144182,313,61,252
E00144183,262,51,211
E00144184,243,14,229
E00144185,349,66,283
E00144186,301,61,240
E00144187,285,50,235
E00144188,312,49,263
E00144189,263,35,228
E00144190,232,27,205
E00144191,262,28,234
E00144192,251,14,237
E00144193,274,34,240
E00144194,395,61,334
E00144195,275,32,243
E00144196,287,46,241
E00144197,294,69,225
E00144198,339,102,237
E00144199,304,106,198
E00144200,352,116,236
E00144201,267,57,210
E00144202,221,25,196
E00144203,294,38,256
E00144204,317,33,284
E00144205,296,38,258
E00144206,273,38,235
E00144207,469,111,358
E00144208,320,60,260
E00144209,288,38,250
E00144210,349,78,271
E00144211,290,43,247
E00144212,359,40,319
E00144213,261,32,229
E00144214,223,60,163
E00144215,299,52,247
E00144216,274,50,224
E00144217,318,49,269
E00144218,401,52,349
E00144219,276,38,238
E00144220,260,75,185
E00144221,365,90,275
E00144222,201,44,157
E00144223,260,23,237
E00144224,335,61,274
E00144225,305,34,271
E00144226,362,49,313
E00144227,316,30,286
E00144228,242,34,208
E00144229,238,22,216
E00144230,237,22,215
E00144231,412,99,313
E00144232,195,15,180
E00144233,180,20,160
E00144234,257,38,219
E00144236,333,45,288
E00144237,213,12,201
E00144238,288,58,230
E00144239,302,36,266
E00144240,345,34,311
E00144241,363,54,309
E00144242,208,12,196
E00144243,253,28,225
E00144244,249,14,235
E00144245,263,33,230
E00144246,322,29,293
E00144247,258,47,211
E00144248,233,51,182
E00144249,267,36,231
E00144250,176,29,147
E00144251,222,51,171
E00144252,402,48,354
E00144253,250,18,232
E00144254,197,26,171
E00144255,249,57,192
E00144256,445,78,367
E00144257,400,85,315
E00144258,356,80,276
E00144259,334,67,267
E00144260,204,24,180
E00144261,310,42,268
E00144263,319,51,268
E00144264,349,59,290
E00144265,298,89,209
E00144266,468,119,349
E00144267,202,39,163
E00144268,256,30,226
E00144269,262,23,239
E00144270,342,50,292
E00144271,312,52,260
E00144272,235,21,214
E00144273,258,27,231
E00144274,182,26,156
E00144275,475,70,405
E00144276,280,38,242
E00144277,329,51,278
E00144278,134,18,116
E00144279,324,57,267
E00144280,170,26,144
E00144281,302,44,258
E00144282,178,14,164
E00144283,201,18,183
E00144284,220,28,192
E00144285,259,66,193
E00144286,338,65,273
E00144287,303,34,269
E00144288,303,87,216
E00144289,255,56,199
E00144290,248,46,202
E00144291,271,56,215
E00144292,290,45,245
E00144293,327,81,246
E00144294,218,35,183
E00144295,337,95,242
E00144296,281,75,206
E00144297,351,69,282
E00144298,206,48,158
E00144299,233,31,202
E00144300,327,81,246
E00144301,310,53,257
E00144302,319,51,268
E00144303,330,59,271
E00144304,342,43,299
E00144305,219,38,181
E00144306,316,49,267
E00144308,295,47,248
E00144309,347,60,287
E00144310,227,27,200
E00144311,312,55,257
E00144312,275,34,241
E00144313,253,32,221
E00144314,260,40,220
E00144315,346,39,307
E00144316,251,32,219
E00144317,187,13,174
E00144318,228,11,217
E00144320,239,56,183
E00144321,172,35,137
E00144322,323,43,280
E00144323,354,55,299
E00144324,279,41,238
E00144325,244,28,216
E00144326,377,57,320
E00144327,293,56,237
E00144328,224,24,200
E00144329,226,45,181
E00144330,243,25,218
E00144331,280,42,238
E00144332,217,31,186
E00144333,276,41,235
E00144334,167,29,138
E00144335,427,58,369
E00144336,386,61,325
E00144337,223,22,201
E00144338,384,75,309
E00144339,248,50,198
E00144340,274,39,235
E00144341,256,53,203
E00144342,283,56,227
E00144343,565,108,457
E00144344,259,46,213
E00144345,336,69,267
E00144346,230,31,199
E00144347,377,63,314
E00144348,377,99,278
E00144349,281,50,231
E00144350,270,39,231
E00144351,267,30,237
E00144352,246,30,216
E00144355,152,31,121
E00144356,375,67,308
E00144357,181,22,159
E00144358,301,36,265
E00144359,265,37,228
E00144360,441,59,382
E00144361,265,37,228
E00144362,267,29,238
E00144363,276,33,243
E00144365,263,51,212
E00144366,257,43,214
E00144367,334,45,289
E00144368,227,49,178
E00144369,281,41,240
E00144370,276,61,215
E00144371,353,69,284
E00144372,279,39,240
E00144373,220,33,187
E00144374,238,66,172
E00144375,340,107,233
E00144376,351,84,267
E00144377,273,17,256
E00144378,356,54,302
E00144379,318,40,278
E00144380,295,46,249
E00144381,331,73,258
E00144382,206,24,182
E00144383,295,37,258
E00144384,239,30,209
E00144385,196,32,164
E00144386,311,65,246
E00144387,279,39,240
E00144388,337,60,277
E00144389,246,23,223
E00144390,206,31,175
E00144391,401,62,339
E00144392,215,24,191
E00144393,284,48,236
E00144394,381,80,301
E00144395,306,73,233
E00144396,277,49,228
E00144397,307,62,245
E00144398,144,2,142
E00144399,292,67,225
E00144400,340,75,265
E00144401,268,50,218
E00144402,242,31,211
E00144403,255,27,228
E00144404,231,34,197
E00144405,380,79,301
E00144406,317,55,262
E00144407,223,30,193
E00144408,248,35,213
E00144409,278,51,227
E00144410,285,32,253
E00144411,313,31,282
E00144412,244,36,208
E00144414,168,25,143
E00144415,274,65,209
E00144416,230,17,213
E00144417,352,63,289
E00144418,280,46,234
E00144419,252,42,210
E00144420,293,44,249
E00144421,284,47,237
E00144422,254,38,216
E00144423,250,36,214
E00144424,362,77,285
E00144426,239,33,206
E00144427,302,79,223
E00144428,260,53,207
E00144429,237,38,199
E00144430,310,76,234
E00144431,253,25,228
E00144432,320,67,253
E00144433,249,24,225
E00144434,359,57,302
E00144435,269,55,214
E00144436,264,52,212
E00144437,378,43,335
E00144438,300,50,250
E00144439,275,54,221
E00144440,249,33,216
E00144441,296,53,243
E00144442,299,43,256
E00144443,347,49,298
E00144444,297,66,231
E00144445,305,62,243
E00144446,324,68,256
E00144448,285,45,240
E00144449,312,63,249
E00144450,392,91,301
E00144451,353,60,293
E00144452,532,119,413
E00144453,274,56,218
E00144454,223,35,188
E00144455,258,29,229
E00144456,455,71,384
E00144457,334,49,285
E00144458,161,22,139
E00144459,220,29,191
E00144460,249,42,207
E00144461,392,82,310
E00144462,374,40,334
E00144463,379,84,295
E00144464,437,88,349
E00144465,422,70,352
E00144466,363,55,308
E00144467,321,63,258
E00144468,430,65,365
E00144469,242,19,223
E00144470,269,28,241
E00144472,510,92,418
E00144473,173,35,138
E00144474,306,31,275
E00144475,272,29,243
E00144476,263,51,212
E00144477,329,89,240
E00144478,335,91,244
E00144479,302,68,234
E00144480,305,60,245
E00144481,239,60,179
E00144482,251,74,177
E00144483,280,74,206
E00144484,278,54,224
E00144485,258,44,214
E00144486,344,81,263
E00144487,242,40,202
E00144488,222,32,190
E00144489,353,78,275
E00144490,241,51,190
E00144491,271,56,215
E00144492,382,85,297
E00144493,268,50,218
E00144494,290,44,246
E00144495,482,121,361
E00144496,269,54,215
E00144497,275,49,226
E00144498,268,43,225
E00144499,373,116,257
E00144500,283,53,230
E00144501,194,19,175
E00144502,293,57,236
E00144503,254,48,206
E00144504,249,40,209
E00144505,292,44,248
E00144506,244,40,204
E00144508,234,30,204
E00144510,281,64,217
E00144511,174,12,162
E00144512,244,46,198
E00144513,236,38,198
E00144514,206,30,176
E00144515,188,16,172
E00144516,252,63,189
E00144517,295,61,234
E00144518,243,38,205
E00144519,315,76,239
E00144520,260,48,212
E00144521,530,100,430
E00144523,295,58,237
E00144524,210,52,158
E00144525,317,84,233
E00144526,323,67,256
E00144527,330,82,248
E00144528,206,31,175
E00144529,237,32,205
E00144530,493,99,394
E00144531,382,70,312
E00144532,192,14,178
E00144533,312,57,255
E00144534,392,89,303
E00144535,279,61,218
E00144536,331,70,261
E00144537,257,43,214
E00144538,251,50,201
E00144540,349,49,300
E00144541,317,70,247
E00144542,310,58,252
E00144543,333,81,252
E00144544,238,36,202
E00144545,340,64,276
E00144546,225,42,183
E00144547,296,62,234
E00144548,281,50,231
E00144549,259,51,208
E00144550,278,39,239
E00144551,304,52,252
E00144552,333,83,250
E00144553,238,37,201
E00144554,273,53,220
E00144555,486,72,414
E00144556,221,30,191
E00144557,271,49,222
E00144558,553,105,448
E00144559,954,23,931
E00144560,356,60,296
E00144561,163,33,130
E00144562,261,31,230
E00144563,351,78,273
E00144564,231,26,205
E00144565,415,90,325
E00144566,248,64,184
E00144567,402,112,290
E00144568,366,77,289
E00144569,338,41,297
E00144570,292,56,236
E00144571,293,76,217
E00144572,207,36,171
E00144573,175,25,150
E00144574,305,59,246
E00144576,268,40,228
E00144577,288,62,226
E00144578,369,100,269
E00144579,333,81,252
E00144580,320,64,256
E00144581,309,73,236
E00144582,313,68,245
E00144583,183,15,168
E00144584,280,93,187
E00144585,347,108,239
E00144586,326,75,251
E00144587,301,56,245
E00144588,327,89,238
E00144589,280,56,224
E00144591,283,68,215
E00144592,266,34,232
E00144593,295,28,267
E00144594,254,41,213
E00144595,266,45,221
E00144596,262,43,219
E00144597,266,36,230
E00144598,239,24,215
E00144599,248,44,204
E00144600,232,22,210
E00144601,166,18,148
E00144602,287,26,261
E00144603,337,69,268
E00144604,239,33,206
E00144605,249,47,202
E00144606,283,55,228
E00144607,276,26,250
E00144608,241,39,202
E00144609,310,66,244
E00144610,233,30,203
E00144611,276,35,241
E00144612,301,92,209
E00144613,300,63,237
E00144614,257,32,225
E00144615,285,39,246
E00144616,292,50,242
E00144617,304,64,240
E00144618,290,51,239
E00144619,221,27,194
E00144620,273,45,228
E00144621,252,40,212
E00144622,283,45,238
E00144623,273,25,248
E00144624,241,38,203
E00144625,216,19,197
E00144626,340,87,253
E00144627,295,83,212
E00144628,343,65,278
E00144629,286,72,214
E00144630,367,128,239
E00144631,388,96,292
E00144632,348,91,257
E00144633,479,116,363
E00144634,280,75,205
E00144635,314,72,242
E00144636,355,109,246
E00144637,322,99,223
E00144638,309,81,228
E00144639,292,69,223
E00144640,261,56,205
E00144641,439,69,370
E00144642,357,61,296
E00144644,272,83,189
E00144645,225,56,169
E00144646,215,56,159
E00144647,279,43,236
E00144649,328,42,286
E00144650,210,16,194
E00144652,464,109,355
E00144653,368,71,297
E00144654,318,80,238
E00144655,286,35,251
E00144656,310,43,267
E00144657,448,69,379
E00144658,355,57,298
E00144659,287,35,252
E00144660,123,25,98
E00144661,416,71,345
E00144662,300,54,246
E00144663,321,68,253
E00144664,345,68,277
E00144665,429,106,323
E00144666,213,43,170
E00144667,232,47,185
E00144668,307,83,224
E00144669,252,48,204
E00144670,269,59,210
E00144671,301,38,263
E00144672,246,44,202
E00144673,185,17,168
E00144674,201,34,167
E00144675,287,45,242
E00144676,294,43,251
E00144677,373,90,283
E00144678,232,39,193
E00144679,309,46,263
E00144680,232,23,209
E00144681,307,57,250
E00144682,291,50,241
E00144683,383,62,321
E00144684,241,29,212
E00144685,291,41,250
E00144686,254,31,223
E00144687,266,38,228
E00144688,485,98,387
E00144689,223,52,171
E00144690,239,59,180
E00144691,455,101,354
E00144692,354,103,251
E00144693,249,49,200
E00144694,257,54,203
E00144695,168,25,143
E00144696,295,65,230
E00144697,436,96,340
E00144698,254,43,211
E00144699,261,54,207
E00144700,333,83,250
E00144701,243,51,192
E00144702,158,16,142
E00144703,315,69,246
E00144704,354,93,261
E00144705,291,68,223
E00144706,386,98,288
E00144707,316,75,241
E00144708,322,75,247
E00144709,266,52,214
E00144710,305,98,207
E00144711,341,106,235
E00144712,348,104,244
E00144713,316,99,217
E00144714,423,91,332
E00144715,353,51,302
E00144716,151,21,130
E00144717,212,42,170
E00144718,301,35,266
E00144719,262,47,215
E00144720,251,36,215
E00144721,334,47,287
E00144722,161,24,137
E00144723,288,53,235
E00144724,265,40,225
E00144725,283,52,231
E00144726,343,69,274
E00144727,254,50,204
E00144728,267,43,224
E00144729,205,18,187
E00144730,247,45,202
E00144731,307,68,239
E00144732,175,26,149
E00144733,359,70,289
E00144734,267,44,223
E00144735,194,32,162
E00144736,288,55,233
E00144737,255,36,219
E00144738,283,39,244
E00144740,265,35,230
E00144741,269,59,210
E00144742,297,57,240
E00144743,418,68,350
E00144744,258,43,215
E00144745,274,41,233
E00144747,316,50,266
E00144748,276,42,234
E00144749,119,16,103
E00144750,249,23,226
E00144751,311,62,249
E00144752,178,15,163
E00144753,291,53,238
E00144754,139,22,117
E00144756,258,44,214
E00144757,250,33,217
E00144758,347,71,276
E00144759,335,58,277
E00144760,286,41,245
E00144761,397,69,328
E00144762,279,46,233
E00144763,268,41,227
E00144764,351,76,275
E00144765,396,51,345
E00144766,393,62,331
E00144767,151,36,115
E00144768,259,34,225
E00144769,282,53,229
E00144770,492,85,407
E00144771,110,7,103
E00144772,494,94,400
E00144773,303,42,261
E00144774,127,20,107
E00144775,281,51,230
E00144776,268,38,230
E00144777,285,50,235
E00144778,366,81,285
E00144779,337,42,295
E00144780,353,64,289
E00144781,275,53,222
E00144782,428,72,356
E00144783,297,66,231
E00144784,285,54,231
E00144785,218,30,188
E00144786,321,72,249
E00144787,311,74,237
E00144788,276,35,241
E00144789,330,46,284
E00144790,235,37,198
E00144791,295,39,256
E00144792,233,40,193
E00144793,290,25,265
E00144794,258,37,221
E00144795,256,42,214
E00144797,303,90,213
E00144798,293,121,172
E00144799,257,59,198
E00144800,315,81,234
E00144801,302,115,187
E00144802,286,119,167
E00144803,335,122,213
E00144805,314,100,214
E00144806,284,119,165
E00144807,417,119,298
E00144808,200,56,144
E00144809,259,90,169
E00144810,281,102,179
E00144811,373,95,278
E00144813,341,54,287
E00144814,312,61,251
E00144815,265,42,223
E00144816,247,33,214
E00144817,307,47,260
E00144819,284,45,239
E00144821,186,39,147
E00144822,349,39,310
E00144823,292,21,271
E00144824,324,56,268
E00144825,306,54,252
E00144826,248,34,214
E00144827,248,45,203
E00144828,403,65,338
E00144829,324,30,294
E00144830,231,42,189
E00144831,329,68,261
E00144832,379,60,319
E00144833,271,38,233
E00144834,274,33,241
E00144835,511,105,406
E00144836,340,65,275
E00144837,541,95,446
E00144838,542,114,428
E00144839,341,57,284
E00144840,333,67,266
E00144841,166,25,141
E00144843,419,117,302
E00144844,473,133,340
E00144845,285,57,228
E00144848,496,164,332
E00144849,290,38,252
E00144850,380,62,318
E00144851,224,33,191
E00144852,251,33,218
E00144853,301,38,263
E00144854,273,47,226
E00144855,280,37,243
E00144856,248,38,210
E00144857,258,25,233
E00144858,240,35,205
E00144859,272,45,227
E00144860,276,45,231
E00144861,256,41,215
E00144863,330,69,261
E00144864,228,41,187
E00144865,316,64,252
E00144866,320,59,261
E00144867,326,53,273
E00144868,323,56,267
E00144869,272,27,245
E00144870,303,57,246
E00144871,278,40,238
E00144872,250,18,232
E00144873,222,12,210
E00144874,233,18,215
E00144876,268,50,218
E00144877,397,47,350
E00144878,370,64,306
E00144879,244,28,216
E00144880,312,41,271
E00144881,335,78,257
E00144882,305,32,273
E00144883,242,25,217
E00144884,317,55,262
E00144885,258,48,210
E00144886,275,37,238
E00144887,352,54,298
E00144888,250,41,209
E00144889,404,63,341
E00144891,329,66,263
E00144892,532,77,455
E00144894,250,31,219
E00144895,224,17,207
E00144896,267,55,212
E00144897,291,58,233
E00144899,360,56,304
E00144901,340,71,269
E00144902,264,35,229
E00144903,212,9,203
E00144904,299,64,235
E00144905,310,67,243
E00144906,357,75,282
E00144907,265,37,228
E00144908,265,52,213
E00144909,357,70,287
E00144910,218,26,192
E00144911,236,23,213
E00144912,263,31,232
E00144913,250,35,215
E00144914,299,67,232
E00144915,201,29,172
E00144916,236,33,203
E00144917,258,43,215
E00144918,298,56,242
E00144920,338,22,316
E00144921,352,30,322
E00144922,261,28,233
E00144923,210,11,199
E00144924,343,86,257
E00144925,297,48,249
E00144927,169,7,162
E00144928,291,43,248
E00144929,269,44,225
E00144930,265,39,226
E00144931,251,37,214
E00144932,247,40,207
E00144933,289,46,243
E00144934,246,29,217
E00144936,209,21,188
E00144937,223,26,197
E00144938,264,43,221
E00144940,265,51,214
E00144941,317,65,252
E00144942,254,51,203
E00144943,245,37,208
E00144944,261,50,211
E00144945,321,69,252
E00144946,219,23,196
E00144947,268,55,213
E00144948,378,91,287
E00144949,291,58,233
E00144950,320,82,238
E00144951,365,101,264
E00144952,279,68,211
E00144953,339,76,263
E00144954,356,79,277
E00144955,323,79,244
E00144956,237,19,218
E00144957,289,46,243
E00144958,353,46,307
E00144959,265,32,233
E00144960,337,80,257
E00144961,373,74,299
E00144962,295,76,219
E00144963,241,34,207
E00144964,299,65,234
E00144965,303,60,243
E00144966,354,82,272
E00144967,302,107,195
E00144968,353,103,250
E00144969,326,81,245
E00144970,414,100,314
E00144971,310,79,231
E00144972,329,43,286
E00144973,294,60,234
E00144974,314,64,250
E00144975,331,64,267
E00144976,285,55,230
E00144977,364,94,270
E00144978,349,106,243
E00144979,349,91,258
E00144980,320,80,240
E00144981,338,85,253
E00144982,322,83,239
E00144983,422,67,355
E00144984,349,109,240
E00144985,230,35,195
E00144986,290,63,227
E00144987,321,90,231
E00144988,401,121,280
E00144989,333,68,265
E00144990,317,54,263
E00144991,314,56,258
E00144992,287,51,236
E00144993,283,48,235
E00144994,326,67,259
E00144995,353,76,277
E00144996,324,54,270
E00144997,229,33,196
E00144998,329,80,249
E00144999,282,36,246
E00145000,379,100,279
E00145001,346,60,286
E00145002,271,44,227
E00145003,286,43,243
E00145004,210,22,188
E00145005,495,98,397
E00145006,270,41,229
E00145007,324,64,260
E00145008,272,41,231
E00145009,436,62,374
E00145010,333,50,283
E00145011,336,52,284
E00145012,366,58,308
E00145013,293,33,260
E00145014,263,47,216
E00145015,308,72,236
E00145016,297,59,238
E00145017,236,37,199
E00145018,273,34,239
E00145019,339,81,258
E00145021,239,40,199
E00145022,535,120,415
E00145023,226,37,189
E00145024,210,27,183
E00145025,370,81,289
E00145026,555,144,411
E00145027,395,79,316
E00145028,401,96,305
E00145029,315,72,243
E00145030,292,61,231
E00145031,498,76,422
E00145032,200,36,164
E00145033,315,76,239
E00145034,301,56,245
E00145035,281,53,228
E00145036,242,58,184
E00145037,347,60,287
E00145039,203,37,166
E00145040,251,34,217
E00145041,236,33,203
E00145042,294,60,234
E00145043,275,42,233
E00145044,339,33,306
E00145045,322,89,233
E00145046,307,48,259
E00145047,229,59,170
E00145048,290,46,244
E00145049,238,25,213
E00145050,277,41,236
E00145051,279,45,234
E00145052,276,57,219
E00145053,256,55,201
E00145054,307,39,268
E00145055,172,10,162
E00145056,328,44,284
E00145057,338,33,305
E00145058,315,17,298
E00145060,208,24,184
E00145061,291,37,254
E00145062,299,50,249
E00145063,258,28,230
E00145064,343,59,284
E00145065,366,63,303
E00145066,371,113,258
E00145067,298,40,258
E00145068,267,32,235
E00145069,288,42,246
E00145070,274,54,220
E00145071,320,60,260
E00145072,295,51,244
E00145073,304,62,242
E00145074,261,31,230
E00145075,297,54,243
E00145076,284,49,235
E00145077,259,41,218
E00145078,272,29,243
E00145079,242,19,223
E00145080,245,27,218
E00145081,307,45,262
E00145082,285,41,244
E00145083,320,51,269
E00145084,300,66,234
E00145085,449,93,356
E00145087,351,68,283
E00145088,300,44,256
E00145089,356,60,296
E00145090,433,187,246
E00145091,347,78,269
E00145092,317,61,256
E00145096,273,35,238
E00145097,264,24,240
E00145098,263,31,232
E00145099,280,36,244
E00145100,384,70,314
E00145101,312,74,238
E00145102,407,70,337
E00145103,305,55,250
E00145104,272,57,215
E00145105,360,69,291
E00145107,259,87,172
E00145108,302,53,249
E00145109,359,71,288
E00145110,225,42,183
E00145111,398,41,357
E00145112,312,41,271
E00145113,312,40,272
E00145114,234,31,203
E00145115,226,37,189
E00145116,247,33,214
E00145117,239,31,208
E00145118,240,41,199
E00145119,197,32,165
E00145120,339,43,296
E00145121,251,54,197
E00145122,287,46,241
E00145123,288,54,234
E00145124,270,37,233
E00145125,275,50,225
E00145126,326,53,273
E00145127,283,38,245
E00145128,501,87,414
E00145129,232,34,198
E00145130,215,37,178
E00145131,468,84,384
E00145132,273,43,230
E00145133,296,37,259
E00145134,263,47,216
E00145137,437,61,376
E00145138,283,41,242
E00145139,293,51,242
E00145140,282,51,231
E00145141,160,28,132
E00145142,577,145,432
E00145143,353,59,294
E00145144,298,41,257
E00145145,265,39,226
E00145146,191,28,163
E00145147,328,30,298
E00145148,240,26,214
E00145149,255,29,226
E00145150,286,42,244
E00145151,362,56,306
E00145152,226,27,199
E00145153,285,40,245
E00145154,290,36,254
E00145155,215,28,187
E00145156,272,51,221
E00145157,321,45,276
E00145158,234,29,205
E00145159,320,50,270
E00145160,292,38,254
E00145161,258,48,210
E00145162,229,39,190
E00145163,343,68,275
E00145164,263,26,237
E00145165,299,60,239
E00145166,311,47,264
E00145167,319,55,264
E00145168,325,66,259
E00145169,320,75,245
E00145170,377,63,314
E00145171,231,22,209
E00145172,387,50,337
E00145173,305,42,263
E00145174,345,53,292
E00145175,240,27,213
E00145176,306,63,243
E00145177,217,37,180
E00145178,353,78,275
E00145179,327,61,266
E00145180,312,63,249
E00145181,280,43,237
E00145182,293,60,233
E00145183,351,59,292
E00145184,254,22,232
E00145185,342,57,285
E00145186,292,55,237
E00145187,244,29,215
E00145188,286,45,241
E00145189,365,76,289
E00145190,267,39,228
E00145191,270,49,221
E00145192,301,36,265
E00145193,440,78,362
E00145194,159,29,130
E00145195,281,44,237
E00145196,314,65,249
E00145197,354,75,279
E00145198,368,48,320
E00145199,249,49,200
E00145200,240,28,212
E00145203,559,104,455
E00145204,259,39,220
E00145205,325,61,264
E00145206,342,48,294
E00145207,379,52,327
E00145208,342,57,285
E00145209,420,62,358
E00145210,241,32,209
E00145211,478,94,384
E00145212,276,43,233
E00145213,356,75,281
E00145214,329,52,277
E00145215,130,21,109
E00145216,123,24,99
E00145217,275,32,243
E00145218,267,50,217
E00145219,331,60,271
E00145220,398,88,310
E00145221,260,50,210
E00145222,245,39,206
E00145223,230,59,171
E00145224,508,41,467
E00145225,251,30,221
E00145226,203,27,176
E00145227,347,51,296
E00145228,325,67,258
E00145229,229,32,197
E00145230,210,30,180
E00145231,308,67,241
E00145232,287,43,244
E00145233,374,51,323
E00145234,286,50,236
E00145235,302,57,245
E00145236,328,69,259
E00145238,461,63,398
E00145240,252,52,200
E00145242,254,40,214
E00145243,310,50,260
E00145244,320,41,279
E00145245,403,70,333
E00145246,398,47,351
E00145247,298,40,258
E00145248,224,32,192
E00145249,284,41,243
E00145250,238,35,203
E00145251,233,28,205
E00145252,415,79,336
E00145253,302,43,259
E00145254,322,50,272
E00145255,289,28,261
E00145256,473,67,406
E00145257,511,110,401
E00145258,256,26,230
E00145259,286,34,252
E00145260,530,129,401
E00145261,263,41,222
E00145262,288,66,222
E00145263,445,109,336
E00145264,323,77,246
E00145265,371,87,284
E00145266,541,74,467
E00145267,346,63,283
E00145268,488,126,362
E00145269,323,60,263
E00145270,425,90,335
E00145271,343,63,280
E00145272,448,118,330
E00145273,352,93,259
E00145274,396,107,289
E00145275,288,43,245
E00145278,350,85,265
E00145279,416,125,291
E00145280,315,55,260
E00145281,491,107,384
E00145282,180,24,156
E00145283,322,68,254
E00145284,340,67,273
E00145285,312,77,235
E00145286,400,95,305
E00145287,447,105,342
E00145288,344,83,261
E00145289,176,52,124
E00145290,344,79,265
E00145291,209,40,169
E00145292,292,77,215
E00145293,332,105,227
E00145294,308,86,222
E00145295,342,97,245
E00145296,392,104,288
E00145297,341,85,256
E00145298,439,93,346
E00145299,346,68,278
E00145300,319,68,251
E00145302,1009,793,216
E00145303,2812,2658,154
E00145308,373,196,177
E00145309,308,76,232
E00145310,241,58,183
E00145311,324,143,181
E00145312,445,243,202
E00145313,426,285,141
E00145314,331,130,201
E00145315,673,615,58
E00145316,240,58,182
E00145317,365,81,284
E00145318,430,97,333
E00145319,279,62,217
E00145321,375,101,274
E00145322,266,50,216
E00145323,348,100,248
E00145324,454,110,344
E00145325,491,267,224
E00145326,333,99,234
E00145327,317,94,223
E00145328,380,82,298
E00145329,331,74,257
E00145330,368,70,298
E00145331,155,19,136
E00145332,345,74,271
E00145333,235,23,212
E00145334,322,76,246
E00145335,517,185,332
E00145336,382,84,298
E00145338,365,91,274
E00145339,266,71,195
E00145340,321,73,248
E00145341,390,77,313
E00145342,402,112,290
E00145343,335,56,279
E00145344,273,58,215
E00145345,481,101,380
E00145346,387,58,329
E00145349,212,32,180
E00145350,213,60,153
E00145351,323,105,218
E00145352,319,110,209
E00145356,311,55,256
E00145357,237,34,203
E00145359,404,126,278
E00145360,324,71,253
E00145361,397,128,269
E00145362,281,41,240
E00145363,194,40,154
E00145364,240,41,199
E00145365,389,113,276
E00145366,385,122,263
E00145367,261,85,176
E00145368,266,71,195
E00145369,292,70,222
E00145370,309,75,234
E00145371,360,35,325
E00145372,353,88,265
E00145373,274,29,245
E00145374,310,67,243
E00145375,238,23,215
E00145377,325,119,206
E00145378,314,63,251
E00145379,300,63,237
E00145381,224,37,187
E00145382,246,48,198
E00145383,358,87,271
E00145384,533,251,282
E00145385,367,91,276
E00145386,322,71,251
E00145387,391,96,295
E00145388,324,86,238
E00145389,414,123,291
E00145390,339,96,243
E00145391,174,32,142
E00145392,388,101,287
E00145393,367,83,284
E00145395,321,96,225
E00145396,286,70,216
E00145397,301,88,213
E00145398,216,67,149
E00145399,317,68,249
E00145400,271,60,211
E00145401,336,72,264
E00145402,531,122,409
E00145403,264,75,189
E00145404,221,58,163
E00145405,213,46,167
E00145406,145,14,131
E00145407,168,30,138
E00145408,242,59,183
E00145409,301,82,219
E00145410,201,64,137
E00145411,235,73,162
E00145412,274,87,187
E00145413,213,42,171
E00145414,359,103,256
E00145415,278,72,206
E00145416,275,67,208
E00145417,2053,1889,164
E00145420,237,47,190
E00145421,334,80,254
E00145422,272,52,220
E00145423,310,54,256
E00145424,250,57,193
E00145425,299,76,223
E00145426,601,193,408
E00145427,556,211,345
E00145428,406,179,227
E00145429,341,105,236
E00145430,308,96,212
E00145431,258,80,178
E00145432,297,90,207
E00145433,338,111,227
E00145434,330,118,212
E00145435,301,71,230
E00145436,336,83,253
E00145437,282,71,211
E00145438,221,87,134
E00145439,281,91,190
E00145440,241,56,185
E00145441,301,90,211
E00145442,264,66,198
E00145443,111,15,96
E00145444,317,91,226
E00145446,251,51,200
E00145447,255,83,172
E00145448,211,89,122
E00145449,249,85,164
E00145450,200,45,155
E00145451,251,70,181
E00145452,447,85,362
E00145454,120,38,82
E00145455,360,103,257
E00145456,237,77,160
E00145457,165,33,132
E00145458,271,72,199
E00145459,426,76,350
E00145460,485,51,434
E00145461,372,104,268
E00145462,438,43,395
E00145463,353,66,287
E00145464,262,61,201
E00145465,481,187,294
E00145466,326,66,260
E00145467,339,57,282
E00145468,276,59,217
E00145469,307,63,244
E00145470,280,48,232
E00145471,263,45,218
E00145472,346,67,279
E00145473,353,86,267
E00145474,354,97,257
E00145475,245,46,199
E00145476,320,67,253
E00145477,549,107,442
E00145478,340,86,254
E00145479,292,68,224
E00145481,351,93,258
E00145482,390,83,307
E00145483,376,93,283
E00145484,369,82,287
E00145485,376,98,278
E00145486,421,98,323
E00145487,400,93,307
E00145488,432,75,357
E00145489,314,94,220
E00145490,425,104,321
E00145491,510,100,410
E00145492,367,81,286
E00145493,338,68,270
E00145494,278,37,241
E00145495,314,66,248
E00145497,337,104,233
E00145498,347,94,253
E00145499,340,80,260
E00145500,304,85,219
E00145501,244,62,182
E00145502,298,75,223
E00145503,306,60,246
E00145504,250,64,186
E00145506,296,55,241
E00145507,328,77,251
E00145508,310,82,228
E00145509,529,229,300
E00145510,208,19,189
E00145511,297,54,243
E00145512,346,71,275
E00145514,284,54,230
E00145515,349,85,264
E00145516,348,83,265
E00145518,298,66,232
E00145522,541,442,99
E00145523,211,37,174
E00145524,295,93,202
E00145525,122,34,88
E00145526,276,67,209
E00145527,194,28,166
E00145528,314,83,231
E00145529,311,56,255
E00145530,341,104,237
E00145531,274,62,212
E00145532,336,99,237
E00145533,353,90,263
E00145534,259,61,198
E00145535,272,61,211
E00145536,552,170,382
E00145537,253,39,214
E00145538,299,58,241
E00145539,321,59,262
E00145540,312,52,260
E00145541,376,92,284
E00145542,290,92,198
E00145543,348,73,275
E00145544,315,56,259
E00145545,275,56,219
E00145546,413,102,311
E00145547,234,27,207
E00145548,283,61,222
E00145549,321,73,248
E00145550,213,39,174
E00145551,343,90,253
E00145552,230,41,189
E00145553,299,83,216
E00145554,408,108,300
E00145555,344,73,271
E00145556,303,78,225
E00145557,288,75,213
E00145558,300,81,219
E00145559,372,92,280
E00145560,355,76,279
E00145561,223,42,181
E00145562,320,79,241
E00145563,292,74,218
E00145564,341,83,258
E00145565,307,63,244
E00145566,435,88,347
E00145567,385,62,323
E00145568,328,52,276
E00145569,307,63,244
E00145570,231,54,177
E00145571,303,65,238
E00145572,307,32,275
E00145573,249,25,224
E00145574,271,50,221
E00145575,295,90,205
E00145576,433,142,291
E00145577,408,81,327
E00145578,269,32,237
E00145579,289,55,234
E00145580,267,43,224
E00145581,295,44,251
E00145582,287,30,257
E00145583,553,92,461
E00145584,408,103,305
E00145585,188,42,146
E00145586,351,92,259
E00145587,405,113,292
E00145588,520,126,394
E00145590,285,67,218
E00145591,333,100,233
E00145592,380,118,262
E00145593,274,101,173
E00145594,334,149,185
E00145595,342,151,191
E00145596,504,323,181
E00145597,422,264,158
E00145598,404,193,211
E00145599,447,190,257
E00145600,281,98,183
E00145601,345,140,205
E00145602,254,193,61
E00145603,166,63,103
E00145604,145,37,108
E00145605,343,141,202
E00145606,293,113,180
E00145607,337,160,177
E00145608,258,46,212
E00145609,267,56,211
E00145610,234,54,180
E00145612,397,262,135
E00145615,297,107,190
E00145617,217,39,178
E00145618,166,29,137
E00145619,231,68,163
E00145621,546,374,172
E00145622,366,208,158
E00145623,431,195,236
E00145624,240,118,122
E00145625,413,189,224
E00145626,300,140,160
E00145627,526,113,413
E00145628,300,98,202
E00145629,362,159,203
E00145630,236,62,174
E00145631,519,435,84
E00145632,289,142,147
E00145633,394,228,166
E00145634,312,117,195
E00145635,345,89,256
E00145637,234,44,190
E00145638,229,59,170
E00145639,230,45,185
E00145640,320,83,237
E00145641,195,33,162
E00145642,243,50,193
E00145643,250,54,196
E00145644,284,60,224
E00145645,265,46,219
E00145646,260,50,210
E00145647,253,56,197
E00145648,303,59,244
E00145649,272,62,210
E00145650,420,194,226
E00145652,239,52,187
E00145654,393,114,279
E00145655,324,111,213
E00145656,292,77,215
E00145657,300,72,228
E00145658,286,76,210
E00145659,319,81,238
E00145660,246,39,207
E00145661,341,74,267
E00145662,334,64,270
E00145663,301,63,238
E00145664,254,43,211
E00145665,272,54,218
E00145666,325,74,251
E00145667,266,59,207
E00145668,395,101,294
E00145669,266,55,211
E00145670,324,90,234
E00145671,228,45,183
E00145672,282,70,212
E00145673,258,59,199
E00145674,347,83,264
E00145675,282,58,224
E00145676,267,57,210
E00145677,301,54,247
E00145678,265,38,227
E00145679,261,33,228
E00145680,252,44,208
E00145681,413,55,358
E00145682,374,87,287
E00145683,432,72,360
E00145684,427,50,377
E00145685,264,31,233
E00145686,227,46,181
E00145687,308,47,261
E00145688,238,28,210
E00145689,309,53,256
E00145690,317,75,242
E00145691,239,41,198
E00145693,227,50,177
E00145694,210,27,183
E00145696,318,50,268
E00145697,287,45,242
E00145698,302,47,255
E00145699,202,31,171
E00145700,248,33,215
E00145701,343,66,277
E00145702,359,108,251
E00145703,342,69,273
E00145704,418,106,312
E00145705,346,78,268
E00145706,282,40,242
E00145707,236,40,196
E00145708,379,81,298
E00145709,254,37,217
E00145710,352,92,260
E00145711,190,22,168
E00145712,285,65,220
E00145713,256,36,220
E00145714,237,31,206
E00145717,367,69,298
E00145718,127,17,110
E00145719,449,107,342
E00145720,291,41,250
E00145721,312,41,271
E00145722,307,56,251
E00145723,337,64,273
E00145724,290,52,238
E00145725,232,45,187
E00145727,333,67,266
E00145729,133,28,105
E00145730,313,53,260
E00145731,248,30,218
E00145732,220,46,174
E00145733,293,47,246
E00145734,382,72,310
E00145735,322,53,269
E00145736,281,39,242
E00145737,263,31,232
E00145738,281,42,239
E00145739,232,28,204
E00145740,298,59,239
E00145741,329,64,265
E00145742,342,67,275
E00145743,267,39,228
E00145744,277,70,207
E00145745,341,52,289
E00145746,223,33,190
E00145747,334,61,273
E00145748,275,51,224
E00145749,349,63,286
E00145750,303,66,237
E00145751,566,128,438
E00145752,408,70,338
E00145753,365,66,299
E00145755,354,58,296
E00145756,490,96,394
E00145757,265,31,234
E00145759,308,36,272
E00145760,396,57,339
E00145761,261,20,241
E00145762,390,74,316
E00145763,309,49,260
E00145764,320,57,263
E00145765,326,52,274
E00145766,325,75,250
E00145767,371,56,315
E00145768,337,78,259
E00145769,291,65,226
E00145770,266,53,213
E00145771,423,84,339
E00145772,269,75,194
E00145774,523,92,431
E00145775,397,74,323
E00145776,270,43,227
E00145777,267,62,205
E00145778,280,49,231
E00145779,313,58,255
E00145780,253,57,196
E00145781,275,48,227
E00145783,238,33,205
E00145784,266,53,213
E00145785,389,77,312
E00145786,320,59,261
E00145787,385,80,305
E00145788,277,47,230
E00145789,291,56,235
E00145790,327,40,287
E00145794,317,58,259
E00145795,297,35,262
E00145796,325,53,272
E00145797,316,42,274
E00145798,423,36,387
E00145799,313,51,262
E00145800,367,62,305
E00145804,293,38,255
E00145805,356,97,259
E00145806,229,29,200
E00145807,357,57,300
E00145808,325,54,271
E00145809,278,49,229
E00145810,342,68,274
E00145811,266,38,228
E00145812,494,95,399
E00145813,277,52,225
E00145814,279,30,249
E00145815,534,100,434
E00145816,293,48,245
E00145817,269,49,220
E00145818,308,66,242
E00145819,528,115,413
E00145820,244,47,197
E00145821,210,44,166
E00145822,271,62,209
E00145823,329,72,257
E00145824,335,69,266
E00145825,297,63,234
E00145826,281,59,222
E00145827,341,71,270
E00145828,283,61,222
E00145829,296,64,232
E00145830,343,51,292
E00145831,321,48,273
E00145832,236,27,209
E00145833,252,23,229
E00145835,219,36,183
E00145836,381,56,325
E00145837,309,52,257
E00145838,346,70,276
E00145839,197,15,182
E00145841,347,67,280
E00145842,343,81,262
E00145843,249,22,227
E00145844,323,61,262
E00145845,298,34,264
E00145846,323,72,251
E00145847,288,48,240
E00145848,265,31,234
E00145849,305,38,267
E00145850,313,40,273
E00145851,330,43,287
E00145852,342,76,266
E00145853,289,45,244
E00145854,281,55,226
E00145855,360,81,279
E00145856,354,62,292
E00145857,236,24,212
E00145858,271,46,225
E00145859,243,17,226
E00145860,342,74,268
E00145861,208,16,192
E00145862,279,49,230
E00145863,326,51,275
E00145864,390,69,321
E00145865,389,78,311
E00145867,325,56,269
E00145868,346,79,267
E00145869,159,4,155
E00145870,408,66,342
E00145871,187,29,158
E00145872,163,35,128
E00145873,258,56,202
E00145874,274,49,225
E00145875,260,37,223
E00145876,438,144,294
E00145877,299,64,235
E00145878,448,68,380
E00145879,468,134,334
E00145880,294,52,242
E00145881,119,12,107
E00145882,272,41,231
E00145883,224,26,198
E00145884,229,38,191
E00145885,204,9,195
E00145886,212,27,185
E00145887,282,54,228
E00145888,137,20,117
E00145889,273,57,216
E00145890,283,64,219
E00145891,264,41,223
E00145892,310,58,252
E00145893,228,20,208
E00145894,325,51,274
E00145895,278,33,245
E00145896,266,37,229
E00145897,323,57,266
E00145898,452,104,348
E00145899,333,70,263
E00145900,317,57,260
E00145901,311,75,236
E00145902,345,89,256
E00145903,244,52,192
E00145904,271,56,215
E00145905,227,41,186
E00145906,289,62,227
E00145907,232,42,190
E00145908,265,68,197
E00145909,262,42,220
E00145910,242,33,209
E00145911,249,51,198
E00145912,204,35,169
E00145913,327,59,268
E00145914,113,19,94
E00145915,323,49,274
E00145916,279,40,239
E00145917,371,75,296
E00145918,270,49,221
E00145919,364,80,284
E00145920,175,35,140
E00145921,305,53,252
E00145922,307,59,248
E00145923,248,34,214
E00145924,264,42,222
E00145925,320,52,268
E00145926,350,68,282
E00145928,322,63,259
E00145929,274,24,250
E00145930,231,22,209
E00145931,375,96,279
E00145932,322,88,234
E00145933,295,60,235
E00145934,259,21,238
E00145935,200,14,186
E00145936,274,30,244
E00145937,208,22,186
E00145938,273,47,226
E00145939,296,52,244
E00145940,316,24,292
E00145941,203,45,158
E00145942,287,66,221
E00145943,300,54,246
E00145944,269,61,208
E00145945,347,54,293
E00145946,232,10,222
E00145947,120,7,113
E00145948,249,21,228
E00145949,223,27,196
E00145950,324,75,249
E00145951,296,58,238
E00145952,382,91,291
E00145953,313,59,254
E00145954,237,49,188
E00145955,355,90,265
E00145956,283,27,256
E00145957,194,22,172
E00145958,294,26,268
E00145959,300,42,258
E00145960,335,54,281
E00145961,321,72,249
E00145962,387,61,326
E00145963,222,25,197
E00145964,408,48,360
E00145965,327,61,266
E00145966,261,43,218
E00145967,225,35,190
E00145968,291,69,222
E00145969,336,38,298
E00145970,296,53,243
E00145971,430,104,326
E00145972,197,32,165
E00145973,247,29,218
E00145974,229,29,200
E00145975,288,30,258
E00145976,250,36,214
E00145977,152,3,149
E00145978,402,70,332
E00145979,525,119,406
E00145980,163,38,125
E00145981,339,71,268
E00145982,447,96,351
E00145983,210,22,188
E00145984,339,97,242
E00145985,271,41,230
E00145987,260,62,198
E00145989,279,53,226
E00145990,361,71,290
E00145991,343,60,283
E00145992,342,51,291
E00145993,299,52,247
E00145994,332,65,267
E00145995,407,97,310
E00145996,288,46,242
E00145997,342,79,263
E00145998,321,58,263
E00145999,328,47,281
E00146000,327,53,274
E00146001,282,35,247
E00146002,260,56,204
E00146003,312,59,253
E00146004,315,55,260
E00146005,204,31,173
E00146006,369,67,302
E00146007,453,56,397
E00146008,404,98,306
E00146009,338,55,283
E00146010,374,53,321
E00146011,291,51,240
E00146012,284,42,242
E00146013,311,51,260
E00146014,317,48,269
E00146015,265,40,225
E00146016,310,55,255
E00146017,356,55,301
E00146018,251,42,209
E00146019,313,57,256
E00146020,290,53,237
E00146021,240,30,210
E00146022,272,55,217
E00146023,258,55,203
E00146024,236,47,189
E00146025,230,31,199
E00146026,177,12,165
E00146027,327,60,267
E00146028,198,12,186
E00146029,287,62,225
E00146030,277,32,245
E00146031,369,48,321
E00146032,312,36,276
E00146033,316,74,242
E00146034,300,49,251
E00146035,324,64,260
E00146036,293,68,225
E00146037,436,109,327
E00146038,454,67,387
E00146040,306,52,254
E00146043,290,51,239
E00146044,265,46,219
E00146045,494,88,406
E00146047,172,11,161
E00146048,216,27,189
E00146049,277,35,242
E00146050,223,28,195
E00146051,207,29,178
E00146052,308,30,278
E00146053,298,45,253
E00146054,231,32,199
E00146055,335,80,255
E00146056,344,69,275
E00146057,300,62,238
E00146058,328,79,249
E00146059,376,83,293
E00146060,361,74,287
E00146061,497,80,417
E00146062,372,56,316
E00146063,322,59,263
E00146064,263,36,227
E00146065,197,33,164
E00146066,146,31,115
E00146067,306,48,258
E00146068,353,52,301
E00146069,383,79,304
E00146070,363,75,288
E00146071,313,46,267
E00146072,192,32,160
E00146073,197,30,167
E00146074,243,41,202
E00146075,418,86,332
E00146076,253,43,210
E00146077,287,54,233
E00146078,272,47,225
E00146079,417,61,356
E00146080,255,36,219
E00146081,322,55,267
E00146082,345,62,283
E00146083,382,64,318
E00146084,281,27,254
E00146085,363,54,309
E00146086,374,66,308
E00146087,257,34,223
E00146088,297,38,259
E00146089,299,59,240
E00146090,267,45,222
E00146091,328,53,275
E00146092,242,43,199
E00146093,391,56,335
E00146094,280,36,244
E00146095,287,18,269
E00146096,315,57,258
E00146097,349,71,278
E00146098,177,35,142
E00146099,294,33,261
E00146100,329,79,250
E00146101,273,47,226
E00146102,334,63,271
E00146103,333,57,276
E00146104,251,50,201
E00146105,268,40,228
E00146106,318,57,261
E00146107,410,170,240
E00146108,269,35,234
E00146110,255,24,231
E00146111,291,53,238
E00146112,249,34,215
E00146113,230,32,198
E00146114,237,30,207
E00146115,332,78,254
E00146117,242,39,203
E00146118,291,51,240
E00146119,288,53,235
E00146120,284,54,230
E00146122,446,58,388
E00146123,248,31,217
E00146124,280,40,240
E00146125,284,40,244
E00146127,400,46,354
E00146128,306,51,255
E00146129,273,45,228
E00146130,248,43,205
E00146131,272,33,239
E00146132,237,31,206
E00146133,380,112,268
E00146134,263,49,214
E00146135,329,59,270
E00146136,356,77,279
E00146137,288,72,216
E00146138,329,72,257
E00146139,365,73,292
E00146140,343,50,293
E00146141,275,45,230
E00146142,268,44,224
E00146143,306,51,255
E00146144,293,60,233
E00146145,273,47,226
E00146146,312,76,236
E00146147,293,49,244
E00146148,197,32,165
E00146149,275,43,232
E00146150,266,49,217
E00146151,263,38,225
E00146152,260,53,207
E00146153,293,61,232
E00146154,381,71,310
E00146155,342,85,257
E00146156,441,173,268
E00146157,223,39,184
E00146158,383,50,333
E00146159,243,45,198
E00146160,211,27,184
E00146161,254,46,208
E00146162,296,60,236
E00146163,312,63,249
E00146164,264,48,216
E00146165,302,58,244
E00146166,286,47,239
E00146167,289,47,242
E00146168,282,53,229
E00146169,298,41,257
E00146170,285,57,228
E00146171,282,53,229
E00146172,420,102,318
E00146173,338,65,273
E00146174,272,40,232
E00146175,349,68,281
E00146176,318,73,245
E00146177,236,42,194
E00146178,243,38,205
E00146179,303,50,253
E00146180,292,63,229
E00146181,342,70,272
E00146182,464,97,367
E00146183,389,84,305
E00146184,393,45,348
E00146185,337,50,287
E00146186,323,33,290
E00146187,283,39,244
E00146188,248,38,210
E00146189,272,38,234
E00146190,238,26,212
E00146191,275,49,226
E00146192,302,46,256
E00146193,321,41,280
E00146194,268,45,223
E00146196,309,36,273
E00146197,297,51,246
E00146198,278,38,240
E00146199,258,34,224
E00146200,288,39,249
E00146201,252,34,218
E00146202,296,53,243
E00146203,275,35,240
E00146204,225,20,205
E00146205,236,38,198
E00146206,262,41,221
E00146207,260,40,220
E00146208,312,50,262
E00146209,331,75,256
E00146210,361,73,288
E00146211,200,39,161
E00146212,349,68,281
E00146213,265,16,249
E00146214,242,47,195
E00146215,288,48,240
E00146216,195,41,154
E00146217,275,34,241
E00146218,222,33,189
E00146219,291,41,250
E00146220,433,96,337
E00146221,308,41,267
E00146222,351,57,294
E00146223,336,44,292
E00146224,275,61,214
E00146225,363,60,303
E00146226,464,56,408
E00146227,329,61,268
E00146229,280,49,231
E00146230,369,75,294
E00146231,279,43,236
E00146232,261,41,220
E00146233,227,33,194
E00146234,263,43,220
E00146235,306,62,244
E00146236,317,49,268
E00146237,280,49,231
E00146238,411,66,345
E00146239,218,34,184
E00146240,345,62,283
E00146241,120,24,96
E00146242,245,44,201
E00146243,208,29,179
E00146244,292,46,246
E00146245,397,83,314
E00146246,403,85,318
E00146247,216,45,171
E00146248,531,89,442
E00146249,330,56,274
E00146250,389,71,318
E00146251,342,63,279
E00146252,339,80,259
E00146254,312,40,272
E00146255,162,24,138
E00146256,136,16,120
E00146258,186,36,150
E00146259,307,67,240
E00146261,298,47,251
E00146262,318,70,248
E00146263,204,31,173
E00146264,203,22,181
E00146265,232,25,207
E00146266,282,43,239
E00146267,245,42,203
E00146269,321,64,257
E00146270,253,37,216
E00146271,310,51,259
E00146272,328,61,267
E00146273,344,30,314
E00146274,299,36,263
E00146275,301,57,244
E00146276,333,65,268
E00146277,587,120,467
E00146278,231,16,215
E00146279,145,22,123
E00146280,202,37,165
E00146281,308,53,255
E00146282,577,123,454
E00146283,380,76,304
E00146284,156,25,131
E00146285,320,28,292
E00146286,330,23,307
E00146287,223,46,177
E00146288,298,32,266
E00146289,316,51,265
E00146290,277,29,248
E00146291,391,48,343
E00146293,311,69,242
E00146294,299,50,249
E00146295,269,46,223
E00146296,282,37,245
E00146297,300,51,249
E00146299,298,52,246
E00146300,311,60,251
E00146301,278,45,233
E00146302,256,51,205
E00146303,293,47,246
E00146304,267,47,220
E00146305,260,54,206
E00146306,237,39,198
E00146307,239,20,219
E00146308,272,38,234
E00146309,303,58,245
E00146310,306,58,248
E00146311,225,45,180
E00146313,309,47,262
E00146314,238,43,195
E00146315,267,46,221
E00146316,293,60,233
E00146317,197,33,164
E00146318,347,49,298
E00146319,227,49,178
E00146321,303,52,251
E00146322,264,53,211
E00146323,435,92,343
E00146325,433,80,353
E00146326,277,72,205
E00146327,269,43,226
E00146328,506,103,403
E00146329,226,35,191
E00146331,155,29,126
E00146332,378,61,317
E00146333,236,40,196
E00146334,280,43,237
E00146335,356,59,297
E00146336,390,79,311
E00146337,538,110,428
E00146338,184,20,164
E00146340,273,61,212
E00146341,417,81,336
E00146342,362,73,289
E00146343,332,43,289
E00146345,320,55,265
E00146346,344,75,269
E00146347,296,45,251
E00146348,295,35,260
E00146349,337,55,282
E00146350,316,39,277
E00146351,350,69,281
E00146352,356,59,297
E00146353,279,56,223
E00146354,279,35,244
E00146355,281,59,222
E00146356,221,37,184
E00146357,304,53,251
E00146358,376,73,303
E00146359,268,38,230
E00146360,396,92,304
E00146361,309,48,261
E00146362,351,48,303
E00146363,301,49,252
E00146364,257,31,226
E00146366,574,135,439
E00146368,241,46,195
E00146369,344,79,265
E00146370,326,51,275
E00146371,164,22,142
E00146372,132,25,107
E00146373,329,53,276
E00146374,235,45,190
E00146375,298,64,234
E00146376,232,38,194
E00146377,534,104,430
E00146378,550,118,432
E00146379,260,40,220
E00146381,144,28,116
E00146382,176,17,159
E00146384,276,45,231
E00146385,448,128,320
E00146386,278,77,201
E00146387,307,52,255
E00146388,354,65,289
E00146389,362,72,290
E00146390,242,20,222
E00146391,437,116,321
E00146392,315,65,250
E00146393,354,50,304
E00146394,296,74,222
E00146395,274,56,218
E00146396,375,76,299
E00146397,306,66,240
E00146398,285,60,225
E00146400,442,88,354
E00146401,141,26,115
E00146402,318,23,295
E00146404,378,49,329
E00146405,363,68,295
E00146406,274,26,248
E00146407,351,71,280
E00146408,140,7,133
E00146409,359,100,259
E00146410,265,43,222
E00146411,312,61,251
E00146412,402,55,347
E00146413,542,111,431
E00146414,409,59,350
E00146415,324,55,269
E00146416,322,44,278
E00146417,342,57,285
E00146419,267,52,215
E00146420,205,53,152
E00146421,142,31,111
E00146423,273,61,212
E00146425,158,20,138
E00146426,170,32,138
E00146427,461,74,387
E00146428,283,44,239
E00146429,427,82,345
E00146430,301,56,245
E00146431,353,89,264
E00146432,374,78,296
E00146433,174,24,150
E00146434,258,38,220
E00146435,239,35,204
E00146436,265,43,222
E00146437,211,39,172
E00146438,104,16,88
E00146439,315,56,259
E00146440,267,64,203
E00146441,213,33,180
E00146443,215,24,191
E00146444,335,54,281
E00146445,304,71,233
E00146446,277,41,236
E00146447,249,48,201
E00146448,282,33,249
E00146449,334,52,282
E00146450,344,70,274
E00146451,562,120,442
E00146452,419,95,324
E00146453,327,64,263
E00146454,541,114,427
E00146455,304,62,242
E00146456,363,69,294
E00146457,451,82,369
E00146458,341,57,284
E00146459,294,38,256
E00146460,478,101,377
E00146461,288,42,246
E00146462,281,61,220
E00146463,299,56,243
E00146464,292,46,246
E00146465,311,38,273
E00146466,453,74,379
E00146468,278,52,226
E00146469,432,65,367
E00146470,348,58,290
E00146471,413,84,329
E00146472,382,84,298
E00146474,285,35,250
E00146475,326,34,292
E00146477,266,31,235
E00146478,360,67,293
E00146479,319,62,257
E00146480,241,53,188
E00146481,303,61,242
E00146482,299,62,237
E00146483,479,103,376
E00146484,286,50,236
E00146485,274,45,229
E00146486,306,54,252
E00146487,263,36,227
E00146488,292,37,255
E00146489,328,59,269
E00146490,447,84,363
E00146491,215,22,193
E00146492,405,56,349
E00146493,220,49,171
E00146494,106,18,88
E00146495,360,64,296
E00146496,292,45,247
E00146497,241,48,193
E00146498,165,36,129
E00146499,331,48,283
E00146500,289,35,254
E00146501,324,44,280
E00146502,451,72,379
E00146503,286,37,249
E00146504,255,26,229
E00146506,226,26,200
E00146507,355,78,277
E00146508,299,60,239
E00146509,274,41,233
E00146510,249,29,220
E00146511,298,38,260
E00146512,260,32,228
E00146513,281,50,231
E00146514,327,83,244
E00146515,278,50,228
E00146516,221,18,203
E00146517,1489,43,1446
E00146519,306,59,247
E00146520,219,29,190
E00146521,347,36,311
E00146522,125,7,118
E00146523,211,22,189
E00146524,314,83,231
E00146525,194,12,182
E00146526,257,48,209
E00146527,236,38,198
E00146529,157,30,127
E00146530,291,47,244
E00146533,314,56,258
E00146535,356,70,286
E00146536,305,61,244
E00146537,302,53,249
E00146538,238,34,204
E00146540,324,67,257
E00146541,268,46,222
E00146543,202,23,179
E00146544,242,34,208
E00146545,446,104,342
E00146546,301,50,251
E00146547,300,80,220
E00146548,303,71,232
E00146549,281,58,223
E00146550,344,45,299
E00146551,247,22,225
E00146552,282,28,254
E00146553,470,94,376
E00146554,270,29,241
E00146555,406,68,338
E00146556,348,33,315
E00146558,325,91,234
E00146559,270,41,229
E00146560,279,39,240
E00146561,266,30,236
E00146562,260,35,225
E00146563,246,31,215
E00146564,291,42,249
E00146566,309,47,262
E00146568,257,34,223
E00146569,332,62,270
E00146570,255,37,218
E00146571,247,35,212
E00146572,378,55,323
E00146573,122,16,106
E00146574,291,51,240
E00146575,213,33,180
E00146576,296,45,251
E00146577,246,22,224
E00146578,311,67,244
E00146579,272,49,223
E00146580,240,31,209
E00146581,198,30,168
E00146582,232,53,179
E00146583,368,60,308
E00146584,154,24,130
E00146585,231,35,196
E00146586,166,21,145
E00146587,223,35,188
E00146588,236,21,215
E00146589,269,61,208
E00146590,258,36,222
E00146591,293,65,228
E00146592,334,39,295
E00146593,340,42,298
E00146594,323,37,286
E00146595,265,47,218
E00146596,332,71,261
E00146598,181,17,164
E00146599,199,15,184
E00146600,238,38,200
E00146601,250,32,218
E00146602,320,51,269
E00146603,303,51,252
E00146605,322,60,262
E00146606,429,62,367
E00146607,286,32,254
E00146608,288,18,270
E00146609,216,26,190
E00146610,489,102,387
E00146611,289,41,248
E00146612,361,51,310
E00146613,324,68,256
E00146614,268,39,229
E00146615,275,33,242
E00146616,295,47,248
E00146617,450,86,364
E00146618,314,55,259
E00146619,284,54,230
E00146620,275,35,240
E00146621,414,104,310
E00146622,583,141,442
E00146623,338,52,286
E00146624,300,50,250
E00146625,284,38,246
E00146626,301,44,257
E00146627,261,26,235
E00146628,288,32,256
E00146629,319,48,271
E00146630,307,50,257
E00146631,303,50,253
E00146632,482,102,380
E00146633,322,42,280
E00146634,325,62,263
E00146635,334,56,278
E00146636,349,63,286
E00146637,353,42,311
E00146638,425,55,370
E00146639,417,101,316
E00146641,281,45,236
E00146642,305,49,256
E00146643,360,82,278
E00146644,431,83,348
E00146645,343,70,273
E00146646,325,54,271
E00146647,255,46,209
E00146648,162,24,138
E00146649,454,63,391
E00146650,210,28,182
E00146651,237,39,198
E00146652,274,52,222
E00146653,358,73,285
E00146654,240,43,197
E00146655,290,55,235
E00146656,399,61,338
E00146657,162,26,136
E00146658,293,56,237
E00146659,286,52,234
E00146660,266,31,235
E00146661,354,47,307
E00146662,141,27,114
E00146663,343,59,284
E00146664,299,46,253
E00146665,256,30,226
E00146666,285,56,229
E00146667,155,28,127
E00146668,390,84,306
E00146669,514,197,317
E00146670,309,52,257
E00146671,233,40,193
E00146672,242,41,201
E00146673,263,39,224
E00146674,228,31,197
E00146675,323,32,291
E00146676,135,14,121
E00146677,247,31,216
E00146678,128,21,107
E00146679,365,49,316
E00146680,335,74,261
E00146681,374,76,298
E00146682,296,42,254
E00146683,411,82,329
E00146684,299,47,252
E00146685,360,58,302
E00146686,275,40,235
E00146687,316,52,264
E00146688,386,45,341
E00146689,420,73,347
E00146690,433,86,347
E00146691,407,76,331
E00146692,300,47,253
E00146693,284,49,235
E00146694,414,53,361
E00146695,326,66,260
E00146696,337,68,269
E00146697,484,111,373
E00146698,342,56,286
E00146699,256,54,202
E00146700,337,49,288
E00146701,489,92,397
E00146702,412,92,320
E00146703,333,58,275
E00146704,181,47,134
E00146705,285,43,242
E00146706,382,79,303
E00146707,370,76,294
E00146708,240,24,216
E00146709,326,46,280
E00146710,129,20,109
E00146711,332,70,262
E00146712,270,49,221
E00146713,414,83,331
E00146714,327,74,253
E00146715,248,31,217
E00146716,205,45,160
E00146717,276,58,218
E00146718,287,36,251
E00146719,279,54,225
E00146720,317,50,267
E00146721,315,61,254
E00146722,210,37,173
E00146723,373,87,286
E00146724,324,90,234
E00146726,334,91,243
E00146728,417,63,354
E00146729,354,78,276
E00146730,385,57,328
E00146731,346,32,314
E00146732,340,37,303
E00146733,365,123,242
E00146734,461,104,357
E00146736,258,40,218
E00146737,343,54,289
E00146738,314,56,258
E00146739,264,50,214
E00146740,243,46,197
E00146741,247,49,198
E00146742,219,32,187
E00146743,282,48,234
E00146744,257,50,207
E00146745,247,34,213
E00146746,237,23,214
E00146747,200,30,170
E00146749,283,30,253
E00146750,300,40,260
E00146751,271,49,222
E00146752,260,50,210
E00146753,279,47,232
E00146754,304,43,261
E00146755,259,42,217
E00146756,332,72,260
E00146757,303,46,257
E00146758,336,72,264
E00146759,320,67,253
E00146760,286,31,255
E00146761,280,26,254
E00146762,275,50,225
E00146763,305,39,266
E00146764,188,4,184
E00146765,267,62,205
E00146766,275,40,235
E00146767,309,16,293
E00146768,265,20,245
E00146769,263,37,226
E00146770,275,33,242
E00146771,288,45,243
E00146772,304,48,256
E00146773,277,41,236
E00146774,321,53,268
E00146775,246,37,209
E00146777,327,77,250
E00146778,269,34,235
E00146779,295,54,241
E00146780,276,41,235
E00146781,295,44,251
E00146782,285,46,239
E00146783,368,73,295
E00146784,283,42,241
E00146785,323,55,268
E00146786,251,34,217
E00146787,138,18,120
E00146788,238,34,204
E00146789,329,51,278
E00146790,406,69,337
E00146791,308,46,262
E00146792,297,35,262
E00146794,449,68,381
E00146795,240,34,206
E00146796,315,49,266
E00146797,272,53,219
E00146798,341,73,268
E00146799,213,26,187
E00146800,247,39,208
E00146801,279,47,232
E00146802,265,51,214
E00146803,277,54,223
E00146805,223,36,187
E00146806,239,27,212
E00146807,303,29,274
E00146808,309,50,259
E00146809,292,63,229
E00146810,297,41,256
E00146811,393,44,349
E00146812,211,21,190
E00146813,280,30,250
E00146814,260,53,207
E00146815,260,50,210
E00146816,280,43,237
E00146817,323,51,272
E00146818,273,62,211
E00146819,273,47,226
E00146820,294,26,268
E00146821,228,23,205
E00146822,565,93,472
E00146823,244,40,204
E00146824,252,38,214
E00146825,255,29,226
E00146826,242,38,204
E00146827,243,32,211
E00146828,234,33,201
E00146829,105,15,90
E00146830,230,44,186
E00146831,271,48,223
E00146832,366,42,324
E00146833,276,49,227
E00146834,210,13,197
E00146835,271,18,253
E00146836,277,41,236
E00146837,199,16,183
E00146838,300,55,245
E00146839,308,63,245
E00146840,344,75,269
E00146841,300,61,239
E00146842,202,7,195
E00146843,304,48,256
E00146844,294,26,268
E00146845,276,40,236
E00146846,265,16,249
E00146847,250,15,235
E00146848,208,26,182
E00146849,268,33,235
E00146850,247,39,208
E00146851,358,43,315
E00146852,244,18,226
E00146853,325,38,287
E00146854,261,37,224
E00146855,423,27,396
E00146856,361,65,296
E00146857,298,48,250
E00146858,293,72,221
E00146859,286,45,241
E00146860,290,63,227
E00146861,258,33,225
E00146862,268,44,224
E00146863,322,75,247
E00146864,283,41,242
E00146865,361,80,281
E00146866,195,20,175
E00146867,172,7,165
E00146868,294,41,253
E00146869,306,48,258
E00146870,219,28,191
E00146871,220,26,194
E00146872,240,38,202
E00146873,404,72,332
E00146874,510,107,403
E00146875,309,58,251
E00146876,217,30,187
E00146877,296,44,252
E00146878,338,63,275
E00146879,337,32,305
E00146880,246,37,209
E00146881,263,43,220
E00146882,363,64,299
E00146883,439,45,394
E00146884,276,38,238
E00146885,246,27,219
E00146886,311,69,242
E00146887,290,34,256
E00146888,246,24,222
E00146889,289,52,237
E00146890,295,45,250
E00146891,403,56,347
E00146892,256,65,191
E00146893,315,55,260
E00146894,369,49,320
E00146895,326,33,293
E00146896,233,35,198
E00146897,424,73,351
E00146898,348,47,301
E00146899,412,51,361
E00146900,214,37,177
E00146901,239,18,221
E00146902,236,17,219
E00146903,412,37,375
E00146904,232,27,205
E00146905,271,40,231
E00146906,296,103,193
E00146907,211,19,192
E00146909,229,33,196
E00146910,264,22,242
E00146911,244,17,227
E00146912,201,35,166
E00146913,225,33,192
E00146914,275,29,246
E00146917,204,26,178
E00146918,125,16,109
E00146919,342,53,289
E00146920,219,26,193
E00146921,149,14,135
E00146922,348,74,274
E00146923,245,42,203
E00146924,417,42,375
E00146925,360,37,323
E00146926,282,36,246
E00146927,303,55,248
E00146928,298,46,252
E00146929,265,47,218
E00146930,336,51,285
E00146931,371,52,319
E00146932,281,27,254
E00146933,294,34,260
E00146934,323,77,246
E00146935,235,29,206
E00146936,463,77,386
E00146937,190,31,159
E00146938,388,58,330
E00146940,269,22,247
E00146941,387,60,327
E00146942,423,85,338
E00146943,274,53,221
E00146944,225,21,204
E00146945,351,48,303
E00146946,264,63,201
E00146947,340,46,294
E00146948,304,59,245
E00146949,214,55,159
E00146950,300,43,257
E00146951,303,52,251
E00146952,340,51,289
E00146953,269,59,210
E00146954,285,62,223
E00146955,258,46,212
E00146956,198,22,176
E00146957,168,8,160
E00146958,264,20,244
E00146959,276,42,234
E00146960,298,39,259
E00146961,288,44,244
E00146962,548,94,454
E00146964,241,33,208
E00146966,245,26,219
E00146967,376,51,325
E00146968,312,49,263
E00146969,335,51,284
E00146970,355,59,296
E00146971,357,74,283
E00146972,259,29,230
E00146974,227,26,201
E00146976,402,47,355
E00146978,328,50,278
E00146979,328,51,277
E00146980,457,62,395
E00146981,454,61,393
E00146982,307,46,261
E00146983,286,24,262
E00146984,331,40,291
E00146985,262,35,227
E00146986,378,82,296
E00146987,468,111,357
E00146989,316,64,252
E00146990,404,72,332
E00146991,272,40,232
E00146992,250,45,205
E00146993,254,39,215
E00146994,430,54,376
E00146995,427,80,347
E00146996,338,57,281
E00146997,335,39,296
E00146998,341,57,284
E00146999,404,74,330
E00147000,508,69,439
E00147001,465,93,372
E00147002,352,40,312
E00147003,212,29,183
E00147004,298,30,268
E00147005,305,51,254
E00147006,329,41,288
E00147007,310,47,263
E00147008,329,51,278
E00147009,390,51,339
E00147010,336,43,293
E00147011,365,78,287
E00147012,206,25,181
E00147013,210,29,181
E00147014,291,57,234
E00147015,351,35,316
E00147016,254,35,219
E00147018,140,18,122
E00147019,378,55,323
E00147020,288,56,232
E00147021,282,30,252
E00147022,260,43,217
E00147023,296,31,265
E00147024,347,52,295
E00147025,324,43,281
E00147026,423,65,358
E00147027,312,39,273
E00147028,498,77,421
E00147029,405,74,331
E00147030,409,55,354
E00147031,249,35,214
E00147032,197,34,163
E00147033,337,52,285
E00147034,340,73,267
E00147035,272,32,240
E00147036,310,50,260
E00147037,246,35,211
E00147038,541,102,439
E00147039,261,32,229
E00147040,529,180,349
E00147041,445,53,392
E00147042,233,41,192
E00147043,321,42,279
E00147044,229,29,200
E00147045,312,27,285
E00147046,263,68,195
E00147047,482,116,366
E00147048,273,33,240
E00147049,277,31,246
E00147051,250,27,223
E00147052,382,121,261
E00147053,224,24,200
E00147054,296,34,262
E00147055,338,58,280
E00147056,292,41,251
E00147057,277,54,223
E00147058,230,49,181
E00147059,341,63,278
E00147060,290,41,249
E00147062,347,64,283
E00147063,426,73,353
E00147064,209,30,179
E00147065,216,18,198
E00147066,514,93,421
E00147067,339,82,257
E00147068,285,42,243
E00147069,286,54,232
E00147070,213,26,187
E00147071,281,46,235
E00147072,358,68,290
E00147073,256,57,199
E00147074,245,15,230
E00147075,272,48,224
E00147076,317,66,251
E00147077,290,48,242
E00147078,381,58,323
E00147079,299,48,251
E00147080,285,89,196
E00147081,310,32,278
E00147082,405,66,339
E00147083,293,48,245
E00147084,407,75,332
E00147085,275,27,248
E00147086,383,43,340
E00147087,301,36,265
E00147088,284,18,266
E00147089,432,64,368
E00147090,464,64,400
E00147091,503,94,409
E00147092,169,13,156
E00147093,304,49,255
E00147094,224,17,207
E00147095,221,34,187
E00147096,265,53,212
E00147097,325,57,268
E00147098,553,88,465
E00147100,345,70,275
E00147101,276,45,231
E00147104,293,93,200
E00147105,442,54,388
E00147106,327,93,234
E00147107,280,33,247
E00147109,256,20,236
E00147110,278,46,232
E00147111,269,36,233
E00147112,433,72,361
E00147113,358,62,296
E00147114,232,35,197
E00147115,295,42,253
E00147116,347,51,296
E00147117,310,61,249
E00147118,355,61,294
E00147119,345,62,283
E00147120,315,60,255
E00147121,284,52,232
E00147122,223,23,200
E00147123,569,143,426
E00147124,181,6,175
E00147125,222,34,188
E00147126,279,33,246
E00147127,269,56,213
E00147128,244,23,221
E00147129,370,79,291
E00147130,203,19,184
E00147131,218,14,204
E00147132,291,45,246
E00147133,450,68,382
E00147134,280,23,257
E00147135,526,84,442
E00147136,243,41,202
E00147137,316,60,256
E00147138,322,72,250
E00147139,209,26,183
E00147140,254,18,236
E00147141,218,43,175
E00147142,336,46,290
E00147143,421,58,363
E00147144,430,43,387
E00147145,344,55,289
E00147146,273,52,221
E00147147,315,38,277
E00147148,250,47,203
E00147149,304,58,246
E00147150,267,45,222
E00147151,279,48,231
E00147152,125,24,101
E00147153,341,69,272
E00147154,492,85,407
E00147155,259,31,228
E00147156,287,50,237
E00147157,249,20,229
E00147158,361,72,289
E00147159,252,47,205
E00147160,247,33,214
E00147161,384,68,316
E00147162,443,91,352
E00147163,291,50,241
E00147164,318,43,275
E00147165,386,68,318
E00147166,234,35,199
E00147167,366,64,302
E00147168,307,51,256
E00147169,282,53,229
E00147170,299,45,254
E00147171,257,30,227
E00147172,479,64,415
E00147173,363,49,314
E00147174,428,80,348
E00147175,499,84,415
E00147176,340,57,283
E00147177,277,41,236
E00147178,269,38,231
E00147179,252,45,207
E00147180,205,22,183
E00147181,204,16,188
E00147182,487,88,399
E00147183,210,27,183
E00147184,243,31,212
E00147185,393,74,319
E00147186,185,20,165
E00147187,242,14,228
E00147188,259,29,230
E00147189,235,35,200
E00147190,285,62,223
E00147191,231,43,188
E00147192,272,34,238
E00147193,358,61,297
E00147194,228,36,192
E00147195,274,48,226
E00147196,351,70,281
E00147197,515,134,381
E00147198,386,45,341
E00147199,406,78,328
E00147200,362,103,259
E00147201,504,106,398
E00147202,341,52,289
E00147203,331,32,299
E00147204,242,22,220
E00147205,190,35,155
E00147206,201,13,188
E00147207,327,54,273
E00147208,270,57,213
E00147209,303,62,241
E00147211,457,111,346
E00147212,277,50,227
E00147213,282,66,216
E00147214,255,33,222
E00147215,201,29,172
E00147216,193,56,137
E00147217,215,25,190
E00147218,286,26,260
E00147219,270,36,234
E00147220,201,34,167
E00147221,331,57,274
E00147222,274,47,227
E00147223,358,90,268
E00147224,281,61,220
E00147225,277,29,248
E00147226,294,44,250
E00147227,273,54,219
E00147228,366,71,295
E00147229,336,70,266
E00147230,322,52,270
E00147231,455,89,366
E00147232,312,43,269
E00147233,345,50,295
E00147234,285,42,243
E00147235,311,41,270
E00147236,421,61,360
E00147237,455,68,387
E00147238,300,43,257
E00147239,147,21,126
E00147240,234,19,215
E00147241,241,29,212
E00147242,250,47,203
E00147243,277,23,254
E00147244,283,30,253
E00147245,297,52,245
E00147246,283,40,243
E00147248,266,30,236
E00147249,269,44,225
E00147250,243,22,221
E00147251,282,34,248
E00147252,371,51,320
E00147253,281,41,240
E00147254,285,52,233
E00147255,384,113,271
E00147256,440,73,367
E00147257,438,124,314
E00147258,488,82,406
E00147259,299,47,252
E00147260,311,45,266
E00147261,306,62,244
E00147262,481,115,366
E00147263,443,92,351
E00147264,298,41,257
E00147266,250,46,204
E00147267,259,46,213
E00147268,254,55,199
E00147269,264,51,213
E00147270,297,56,241
E00147271,375,58,317
E00147272,290,41,249
E00147273,265,44,221
E00147274,548,108,440
E00147275,290,39,251
E00147276,259,30,229
E00147277,419,77,342
E00147278,306,42,264
E00147279,353,58,295
E00147280,280,39,241
E00147281,291,47,244
E00147282,280,31,249
E00147284,460,118,342
E00147285,488,74,414
E00147286,276,31,245
E00147287,351,53,298
E00147288,188,39,149
E00147289,487,210,277
E00147290,355,84,271
E00147291,252,30,222
E00147292,295,43,252
E00147293,270,44,226
E00147295,338,55,283
E00147296,251,41,210
E00147298,276,43,233
E00147299,409,64,345
E00147300,385,61,324
E00147301,282,57,225
E00147302,237,39,198
E00147303,239,21,218
E00147304,305,47,258
E00147305,457,80,377
E00147306,321,56,265
E00147307,228,31,197
E00147308,246,23,223
E00147309,479,87,392
E00147310,274,41,233
E00147312,241,26,215
E00147313,317,72,245
E00147314,228,23,205
E00147316,276,40,236
E00147317,354,52,302
E00147318,268,44,224
E00147319,330,83,247
E00147320,261,34,227
E00147321,281,62,219
E00147322,283,95,188
E00147323,354,98,256
E00147324,316,63,253
E00147327,382,59,323
E00147328,312,29,283
E00147329,311,39,272
E00147330,248,26,222
E00147331,283,47,236
E00147332,290,52,238
E00147333,329,61,268
E00147334,248,37,211
E00147335,276,50,226
E00147336,281,46,235
E00147337,266,42,224
E00147338,273,34,239
E00147339,300,32,268
E00147340,287,51,236
E00147341,241,36,205
E00147342,367,59,308
E00147343,305,57,248
E00147344,276,46,230
E00147345,279,34,245
E00147346,238,43,195
E00147347,395,97,298
E00147348,298,58,240
E00147349,245,38,207
E00147350,187,4,183
E00147351,261,40,221
E00147352,252,34,218
E00147353,330,41,289
E00147354,283,42,241
E00147355,244,28,216
E00147356,259,47,212
E00147357,306,45,261
E00147358,189,27,162
E00147359,276,59,217
E00147360,223,40,183
E00147361,332,60,272
E00147362,327,63,264
E00147363,313,66,247
E00147364,223,37,186
E00147365,236,27,209
E00147366,537,130,407
E00147367,325,79,246
E00147368,235,26,209
E00147369,328,46,282
E00147370,364,45,319
E00147371,271,37,234
E00147373,336,83,253
E00147374,244,33,211
E00147375,285,33,252
E00147376,235,27,208
E00147377,320,41,279
E00147379,228,27,201
E00147380,235,24,211
E00147381,229,59,170
E00147383,435,92,343
E00147384,448,73,375
E00147385,183,8,175
E00147386,227,33,194
E00147387,226,66,160
E00147388,318,66,252
E00147389,221,21,200
E00147390,216,24,192
E00147391,206,21,185
E00147393,215,55,160
E00147394,252,27,225
E00147395,302,11,291
E00147396,316,15,301
E00147397,368,86,282
E00147399,315,25,290
E00147401,260,32,228
E00147402,375,76,299
E00147403,234,25,209
E00147404,281,27,254
E00147405,283,55,228
E00147406,270,41,229
E00147407,338,56,282
E00147408,305,71,234
E00147409,224,34,190
E00147410,221,27,194
E00147411,301,38,263
E00147412,316,33,283
E00147413,511,89,422
E00147414,268,37,231
E00147415,337,59,278
E00147416,266,40,226
E00147417,285,25,260
E00147418,375,53,322
E00147419,492,82,410
E00147420,306,35,271
E00147421,255,38,217
E00147422,454,89,365
E00147423,305,49,256
E00147424,317,46,271
E00147425,259,31,228
E00147426,208,27,181
E00147427,241,38,203
E00147428,285,44,241
E00147429,299,55,244
E00147430,345,80,265
E00147431,248,34,214
E00147432,302,71,231
E00147433,381,81,300
E00147434,224,41,183
E00147435,281,53,228
E00147436,289,51,238
E00147437,319,53,266
E00147439,266,49,217
E00147440,237,45,192
E00147441,488,97,391
E00147442,227,38,189
E00147443,272,54,218
E00147444,197,29,168
E00147445,301,51,250
E00147446,343,57,286
E00147447,296,36,260
E00147448,309,53,256
E00147449,284,54,230
E00147450,231,31,200
E00147451,290,61,229
E00147452,275,50,225
E00147453,306,49,257
E00147454,283,40,243
E00147455,304,50,254
E00147456,284,48,236
E00147457,289,62,227
E00147458,588,297,291
E00147459,264,27,237
E00147460,274,32,242
E00147461,280,75,205
E00147462,307,91,216
E00147463,243,45,198
E00147464,278,37,241
E00147465,288,50,238
E00147466,192,17,175
E00147468,395,87,308
E00147469,353,56,297
E00147470,380,57,323
E00147471,277,41,236
E00147472,401,85,316
E00147473,203,30,173
E00147474,396,200,196
E00147475,121,12,109
E00147476,415,52,363
E00147477,458,80,378
E00147478,214,30,184
E00147479,437,116,321
E00147480,240,46,194
E00147481,252,39,213
E00147482,110,16,94
E00147483,244,29,215
E00147484,362,55,307
E00147485,303,51,252
E00147486,358,68,290
E00147487,243,43,200
E00147489,312,60,252
E00147490,297,69,228
E00147491,289,46,243
E00147492,341,65,276
E00147493,315,57,258
E00147494,315,39,276
E00147495,295,58,237
E00147496,316,66,250
E00147497,264,48,216
E00147498,292,48,244
E00147499,275,55,220
E00147500,279,41,238
E00147501,299,64,235
E00147502,255,42,213
E00147503,290,56,234
E00147504,344,72,272
E00147505,278,56,222
E00147506,334,47,287
E00147507,189,15,174
E00147508,245,34,211
E00147509,200,30,170
E00147510,337,90,247
E00147511,217,26,191
E00147512,244,55,189
E00147513,310,78,232
E00147514,299,39,260
E00147515,372,58,314
E00147516,357,129,228
E00147517,532,42,490
E00147518,329,61,268
E00147519,290,37,253
E00147520,206,36,170
E00147521,459,66,393
E00147522,294,62,232
E00147523,282,82,200
E00147524,243,28,215
E00147525,302,42,260
E00147526,373,76,297
E00147527,331,69,262
E00147528,274,32,242
E00147529,303,43,260
E00147530,319,57,262
E00147531,303,46,257
E00147532,318,53,265
E00147533,272,58,214
E00147534,332,49,283
E00147535,259,43,216
E00147536,266,33,233
E00147537,265,43,222
E00147538,219,30,189
E00147539,357,62,295
E00147540,235,36,199
E00147541,387,96,291
E00147542,311,53,258
E00147543,243,23,220
E00147544,242,42,200
E00147545,305,67,238
E00147546,288,54,234
E00147547,308,90,218
E00147549,278,46,232
E00147550,380,77,303
E00147551,288,48,240
E00147552,372,68,304
E00147553,245,26,219
E00147554,449,93,356
E00147555,154,35,119
E00147556,350,82,268
E00147557,397,64,333
E00147558,454,78,376
E00147559,283,40,243
E00147560,329,51,278
E00147561,242,20,222
E00147562,168,12,156
E00147563,266,20,246
E00147564,376,63,313
E00147565,302,53,249
E00147566,402,67,335
E00147567,290,35,255
E00147568,547,146,401
E00147569,168,29,139
E00147570,321,47,274
E00147571,337,70,267
E00147572,257,43,214
E00147573,451,91,360
E00147574,334,42,292
E00147575,252,50,202
E00147576,306,39,267
E00147577,275,45,230
E00147578,262,30,232
E00147579,159,31,128
E00147580,130,24,106
E00147581,165,21,144
E00147582,442,53,389
E00147583,375,59,316
E00147584,381,89,292
E00147585,310,85,225
E00147586,342,67,275
E00147587,279,38,241
E00147588,324,66,258
E00147589,325,69,256
E00147590,223,27,196
E00147591,296,48,248
E00147592,281,49,232
E00147593,280,44,236
E00147594,366,62,304
E00147595,398,73,325
E00147596,339,61,278
E00147597,300,57,243
E00147598,347,85,262
E00147599,257,45,212
E00147600,195,10,185
E00147601,233,27,206
E00147602,263,41,222
E00147603,316,36,280
E00147604,288,45,243
E00147605,269,49,220
E00147606,248,27,221
E00147608,294,46,248
E00147609,264,24,240
E00147610,299,59,240
E00147611,216,20,196
E00147612,195,26,169
E00147613,236,22,214
E00147614,255,38,217
E00147615,303,60,243
E00147616,285,58,227
E00147617,215,30,185
E00147618,283,54,229
E00147619,260,43,217
E00147620,332,74,258
E00147621,202,29,173
E00147622,246,40,206
E00147623,256,45,211
E00147625,406,52,354
E00147626,278,51,227
E00147627,391,27,364
E00147628,230,7,223
E00147629,180,8,172
E00147630,310,48,262
E00147631,302,74,228
E00147632,286,66,220
E00147633,104,13,91
E00147634,180,27,153
E00147635,222,29,193
E00147636,341,45,296
E00147637,274,44,230
E00147638,313,60,253
E00147639,307,23,284
E00147640,215,19,196
E00147641,316,58,258
E00147642,287,40,247
E00147643,333,38,295
E00147644,210,38,172
E00147645,108,22,86
E00147646,121,14,107
E00147647,126,19,107
E00147648,315,46,269
E00147649,286,33,253
E00147650,267,37,230
E00147651,308,56,252
E00147652,414,69,345
E00147653,176,17,159
E00147654,477,84,393
E00147655,245,24,221
E00147656,313,40,273
E00147657,170,39,131
E00147658,157,26,131
E00147659,281,33,248
E00147660,276,53,223
E00147661,400,57,343
E00147662,269,41,228
E00147663,311,31,280
E00147664,242,34,208
E00147665,309,48,261
E00147666,391,59,332
E00147667,276,30,246
E00147668,274,49,225
E00147669,315,43,272
E00147670,360,38,322
E00147671,239,33,206
E00147672,275,25,250
E00147673,336,35,301
E00147674,191,32,159
E00147675,395,35,360
E00147676,227,44,183
E00147677,270,28,242
E00147678,219,18,201
E00147679,256,30,226
E00147680,218,18,200
E00147681,302,51,251
E00147682,273,18,255
E00147683,280,45,235
E00147684,313,39,274
E00147685,340,30,310
E00147686,326,29,297
E00147689,231,46,185
E00147690,372,39,333
E00147691,203,20,183
E00147692,336,22,314
E00147693,419,53,366
E00147694,380,46,334
E00147695,452,77,375
E00147696,298,35,263
E00147697,329,46,283
E00147698,303,61,242
E00147699,297,49,248
E00147700,393,70,323
E00147701,397,58,339
E00147703,229,18,211
E00147704,284,31,253
E00147705,293,39,254
E00147706,348,37,311
E00147707,281,32,249
E00147708,194,19,175
E00147709,161,11,150
E00147710,206,18,188
E00147711,267,29,238
E00147712,111,8,103
E00147713,254,27,227
E00147714,349,48,301
E00147715,325,30,295
E00147716,259,25,234
E00147717,282,55,227
E00147718,283,34,249
E00147719,332,43,289
E00147720,233,28,205
E00147721,252,23,229
E00147722,241,52,189
E00147723,232,44,188
E00147724,306,88,218
E00147725,432,69,363
E00147726,239,29,210
E00147727,277,37,240
E00147728,321,29,292
E00147729,268,34,234
E00147730,190,11,179
E00147731,202,7,195
E00147732,373,36,337
E00147733,218,13,205
E00147734,251,15,236
E00147735,269,10,259
E00147736,248,38,210
E00147737,232,12,220
E00147738,268,35,233
E00147739,400,94,306
E00147740,261,29,232
E00147741,267,43,224
E00147742,281,34,247
E00147743,299,49,250
E00147744,331,61,270
E00147745,290,40,250
E00147747,554,111,443
E00147748,250,22,228
E00147749,358,67,291
E00147750,231,22,209
E00147751,290,26,264
E00147752,240,22,218
E00147753,287,57,230
E00147754,251,27,224
E00147755,421,55,366
E00147756,300,38,262
E00147757,269,45,224
E00147758,279,61,218
E00147759,309,26,283
E00147760,244,38,206
E00147761,287,38,249
E00147762,294,73,221
E00147763,298,37,261
E00147764,195,24,171
E00147765,166,20,146
E00147766,318,36,282
E00147767,324,58,266
E00147768,349,41,308
E00147769,361,50,311
E00147770,290,21,269
E00147771,401,60,341
E00147772,369,69,300
E00147773,283,36,247
E00147774,289,39,250
E00147775,320,47,273
E00147776,314,37,277
E00147777,352,48,304
E00147778,360,35,325
E00147779,283,43,240
E00147780,301,54,247
E00147781,400,58,342
E00147782,328,72,256
E00147783,337,47,290
E00147784,151,21,130
E00147785,250,25,225
E00147786,272,37,235
E00147787,311,44,267
E00147788,366,68,298
E00147789,350,75,275
E00147790,111,16,95
E00147791,312,74,238
E00147792,166,21,145
E00147793,264,35,229
E00147794,323,50,273
E00147795,349,47,302
E00147796,312,60,252
E00147797,294,71,223
E00147798,269,27,242
E00147799,298,47,251
E00147800,217,32,185
E00147801,306,41,265
E00147802,400,77,323
E00147803,234,34,200
E00147804,315,59,256
E00147805,356,72,284
E00147806,165,22,143
E00147807,288,48,240
E00147808,308,47,261
E00147809,306,52,254
E00147810,266,41,225
E00147811,300,61,239
E00147812,476,82,394
E00147813,207,40,167
E00147814,315,47,268
E00147815,405,71,334
E00147816,335,60,275
E00147817,397,64,333
E00147818,306,58,248
E00147819,416,86,330
E00147820,344,62,282
E00147821,126,12,114
E00147822,280,50,230
E00147823,292,52,240
E00147824,235,22,213
E00147825,256,49,207
E00147826,428,106,322
E00147827,296,45,251
E00147828,310,31,279
E00147829,188,25,163
E00147830,300,42,258
E00147832,339,51,288
E00147833,258,31,227
E00147834,298,23,275
E00147835,211,25,186
E00147836,259,33,226
E00147837,356,59,297
E00147838,397,74,323
E00147839,449,70,379
E00147840,250,25,225
E00147841,281,47,234
E00147842,305,56,249
E00147843,294,39,255
E00147844,291,48,243
E00147845,255,39,216
E00147846,265,37,228
E00147847,288,53,235
E00147848,252,60,192
E00147849,335,37,298
E00147850,344,64,280
E00147851,259,65,194
E00147852,285,50,235
E00147853,313,40,273
E00147854,241,35,206
E00147855,255,44,211
E00147856,232,22,210
E00147857,234,28,206
E00147858,249,51,198
E00147859,267,38,229
E00147860,247,50,197
E00147861,208,17,191
E00147862,243,36,207
E00147863,254,43,211
E00147864,259,40,219
E00147865,282,40,242
E00147866,432,84,348
E00147867,239,48,191
E00147868,259,56,203
E00147869,249,65,184
E00147870,545,126,419
E00147872,352,78,274
E00147873,386,48,338
E00147874,312,48,264
E00147875,436,90,346
E00147876,296,57,239
E00147877,330,71,259
E00147878,391,74,317
E00147879,270,51,219
E00147880,281,54,227
E00147881,283,55,228
E00147882,277,49,228
E00147883,290,66,224
E00147884,252,47,205
E00147885,249,52,197
E00147886,275,39,236
E00147888,254,42,212
E00147889,301,71,230
E00147890,248,31,217
E00147891,314,42,272
E00147892,239,27,212
E00147893,220,27,193
E00147894,259,27,232
E00147895,264,43,221
E00147896,293,38,255
E00147897,270,36,234
E00147898,321,55,266
E00147899,312,52,260
E00147900,382,77,305
E00147901,249,45,204
E00147902,427,95,332
E00147903,301,55,246
E00147904,259,45,214
E00147905,254,46,208
E00147906,327,72,255
E00147907,265,30,235
E00147908,281,36,245
E00147909,426,83,343
E00147910,342,75,267
E00147912,392,62,330
E00147913,288,71,217
E00147915,344,64,280
E00147916,228,36,192
E00147917,388,70,318
E00147918,243,36,207
E00147919,394,53,341
E00147920,234,24,210
E00147921,341,51,290
E00147922,263,31,232
E00147923,355,28,327
E00147924,254,13,241
E00147925,307,46,261
E00147926,204,23,181
E00147927,237,20,217
E00147928,436,142,294
E00147929,232,28,204
E00147930,247,20,227
E00147931,209,27,182
E00147932,295,53,242
E00147933,229,31,198
E00147934,221,20,201
E00147936,233,24,209
E00147937,234,15,219
E00147938,211,24,187
E00147939,312,53,259
E00147940,265,37,228
E00147941,303,55,248
E00147942,213,19,194
E00147943,263,26,237
E00147944,218,37,181
E00147945,207,23,184
E00147946,223,28,195
E00147947,264,27,237
E00147948,250,47,203
E00147949,258,43,215
E00147950,278,47,231
E00147951,333,60,273
E00147952,206,29,177
E00147953,229,46,183
E00147954,456,59,397
E00147955,148,16,132
E00147956,279,49,230
E00147957,327,71,256
E00147958,306,50,256
E00147959,265,48,217
E00147960,270,45,225
E00147961,422,74,348
E00147962,270,33,237
E00147963,220,45,175
E00147964,404,81,323
E00147965,237,46,191
E00147966,292,38,254
E00147967,453,66,387
E00147968,297,51,246
E00147969,315,62,253
E00147970,263,43,220
E00147971,218,59,159
E00147972,120,15,105
E00147973,325,63,262
E00147974,233,36,197
E00147975,222,36,186
E00147976,366,53,313
E00147977,386,47,339
E00147978,236,31,205
E00147979,155,17,138
E00147980,331,43,288
E00147981,342,47,295
E00147982,293,50,243
E00147983,387,52,335
E00147984,130,21,109
E00147985,278,51,227
E00147986,395,66,329
E00147987,299,43,256
E00147988,393,63,330
E00147989,248,20,228
E00147990,250,34,216
E00147991,316,68,248
E00147992,139,24,115
E00147993,467,80,387
E00147994,404,72,332
E00147995,294,33,261
E00147996,264,24,240
E00147997,313,52,261
E00147998,387,52,335
E00147999,384,56,328
E00148000,293,43,250
E00148001,164,25,139
E00148002,336,58,278
E00148003,317,57,260
E00148004,336,51,285
E00148005,334,49,285
E00148006,251,25,226
E00148007,361,64,297
E00148008,326,60,266
E00148009,318,49,269
E00148010,300,37,263
E00148012,261,34,227
E00148013,344,59,285
E00148014,456,91,365
E00148015,249,26,223
E00148016,271,57,214
E00148017,294,65,229
E00148018,315,38,277
E00148019,259,35,224
E00148020,424,80,344
E00148021,287,51,236
E00148022,426,67,359
E00148023,237,32,205
E00148024,404,78,326
E00148026,156,24,132
E00148027,266,33,233
E00148028,271,64,207
E00148029,313,48,265
E00148030,442,125,317
E00148031,295,50,245
E00148032,239,26,213
E00148033,257,36,221
E00148034,359,52,307
E00148035,252,25,227
E00148036,304,44,260
E00148037,249,27,222
E00148038,279,51,228
E00148039,266,32,234
E00148040,296,44,252
E00148041,339,82,257
E00148042,309,54,255
E00148043,399,53,346
E00148044,392,61,331
E00148045,312,41,271
E00148046,343,52,291
E00148047,281,40,241
E00148048,282,51,231
E00148049,305,67,238
E00148051,322,64,258
E00148052,124,22,102
E00148053,326,61,265
E00148054,355,70,285
E00148055,272,42,230
E00148056,207,25,182
E00148057,285,46,239
E00148058,264,57,207
E00148059,234,50,184
E00148060,236,18,218
E00148061,150,8,142
E00148062,245,51,194
E00148063,397,63,334
E00148065,312,65,247
E00148066,260,37,223
E00148067,438,85,353
E00148069,314,73,241
E00148071,338,79,259
E00148072,290,52,238
E00148073,352,65,287
E00148074,419,101,318
E00148075,233,38,195
E00148076,275,30,245
E00148077,305,52,253
E00148078,291,47,244
E00148079,245,41,204
E00148080,256,48,208
E00148081,234,41,193
E00148082,273,41,232
E00148083,402,68,334
E00148084,241,44,197
E00148085,365,79,286
E00148086,281,50,231
E00148087,346,75,271
E00148088,289,55,234
E00148089,324,48,276
E00148090,375,65,310
E00148091,333,49,284
E00148092,203,36,167
E00148093,516,88,428
E00148094,278,30,248
E00148095,256,22,234
E00148096,286,41,245
E00148097,278,53,225
E00148098,233,39,194
E00148099,272,32,240
E00148100,201,15,186
E00148101,253,9,244
E00148103,259,36,223
E00148105,237,41,196
E00148106,240,34,206
E00148107,212,27,185
E00148108,241,30,211
E00148109,250,39,211
E00148110,244,38,206
E00148111,268,42,226
E00148112,218,12,206
E00148113,253,30,223
E00148114,254,50,204
E00148115,265,37,228
E00148116,219,23,196
E00148118,292,31,261
E00148119,308,51,257
E00148120,285,51,234
E00148121,215,28,187
E00148122,309,48,261
E00148123,231,25,206
E00148124,238,56,182
E00148125,317,33,284
E00148126,290,48,242
E00148127,470,217,253
E00148128,298,49,249
E00148129,292,73,219
E00148130,282,34,248
E00148131,214,24,190
E00148132,261,58,203
E00148133,182,32,150
E00148134,285,37,248
E00148135,372,68,304
E00148136,272,63,209
E00148137,278,35,243
E00148138,274,52,222
E00148139,530,90,440
E00148140,385,75,310
E00148141,323,69,254
E00148142,282,38,244
E00148143,312,43,269
E00148144,317,53,264
E00148145,354,34,320
E00148146,337,57,280
E00148147,285,30,255
E00148148,351,45,306
E00148149,215,19,196
E00148150,344,19,325
E00148151,305,27,278
E00148152,329,52,277
E00148153,318,64,254
E00148154,378,58,320
E00148155,331,52,279
E00148156,323,65,258
E00148157,309,53,256
E00148158,264,41,223
E00148159,276,57,219
E00148160,264,37,227
E00148161,220,16,204
E00148162,249,35,214
E00148163,230,31,199
E00148164,269,52,217
E00148165,267,34,233
E00148166,224,32,192
E00148167,244,35,209
E00148168,224,48,176
E00148169,290,55,235
E00148170,328,94,234
E00148171,304,47,257
E00148172,275,44,231
E00148173,174,13,161
E00148174,215,23,192
E00148175,192,15,177
E00148176,217,37,180
E00148177,230,31,199
E00148178,238,16,222
E00148179,220,26,194
E00148180,115,10,105
E00148182,372,81,291
E00148183,376,66,310
E00148184,313,62,251
E00148185,282,48,234
E00148186,330,41,289
E00148187,338,47,291
E00148188,390,62,328
E00148189,207,25,182
E00148190,267,35,232
E00148192,317,52,265
E00148193,316,58,258
E00148194,432,99,333
E00148195,281,50,231
E00148196,268,41,227
E00148197,308,68,240
E00148198,302,85,217
E00148199,247,31,216
E00148200,250,40,210
E00148201,273,71,202
E00148202,240,36,204
E00148203,303,39,264
E00148204,210,25,185
E00148205,298,59,239
E00148207,337,70,267
E00148208,269,53,216
E00148209,316,31,285
E00148210,265,32,233
E00148211,357,104,253
E00148212,313,61,252
E00148213,373,95,278
E00148214,345,92,253
E00148215,274,49,225
E00148216,335,97,238
E00148217,392,105,287
E00148218,266,57,209
E00148219,293,71,222
E00148220,563,92,471
E00148221,484,88,396
E00148222,377,69,308
E00148223,286,44,242
E00148224,247,44,203
E00148225,175,10,165
E00148226,280,46,234
E00148227,226,39,187
E00148228,267,39,228
E00148229,374,99,275
E00148230,193,23,170
E00148231,368,39,329
E00148232,310,74,236
E00148233,247,52,195
E00148234,258,46,212
E00148235,273,34,239
E00148236,372,74,298
E00148238,257,42,215
E00148239,269,39,230
E00148240,338,74,264
E00148241,240,25,215
E00148242,312,69,243
E00148243,341,74,267
E00148244,286,61,225
E00148245,386,107,279
E00148246,264,72,192
E00148247,305,73,232
E00148248,376,129,247
E00148249,274,63,211
E00148250,262,72,190
E00148251,368,106,262
E00148252,263,39,224
E00148253,286,33,253
E00148254,304,58,246
E00148255,268,49,219
E00148256,285,50,235
E00148257,350,101,249
E00148258,273,33,240
E00148259,279,35,244
E00148260,258,12,246
E00148262,257,36,221
E00148263,281,55,226
E00148265,263,36,227
E00148266,268,25,243
E00148267,275,36,239
E00148269,339,53,286
E00148270,330,82,248
E00148272,385,81,304
E00148273,254,44,210
E00148274,211,22,189
E00148275,492,120,372
E00148276,172,4,168
E00148277,340,79,261
E00148278,347,26,321
E00148279,255,40,215
E00148280,201,13,188
E00148281,266,42,224
E00148282,317,38,279
E00148283,313,34,279
E00148284,311,24,287
E00148285,312,43,269
E00148286,228,14,214
E00148287,402,45,357
E00148288,289,19,270
E00148289,238,20,218
E00148290,282,34,248
E00148291,271,31,240
E00148292,264,29,235
E00148293,284,36,248
E00148294,268,40,228
E00148295,237,21,216
E00148296,248,52,196
E00148297,247,14,233
E00148298,253,30,223
E00148299,227,18,209
E00148300,257,51,206
E00148301,291,46,245
E00148302,240,14,226
E00148303,417,88,329
E00148304,249,36,213
E00148305,290,47,243
E00148306,351,61,290
E00148307,230,17,213
E00148308,251,27,224
E00148309,269,58,211
E00148310,263,39,224
E00148311,243,34,209
E00148312,170,6,164
E00148313,302,50,252
E00148314,374,51,323
E00148315,238,23,215
E00148316,311,71,240
E00148317,267,41,226
E00148318,230,33,197
E00148319,300,43,257
E00148320,278,5,273
E00148321,390,43,347
E00148322,228,38,190
E00148323,261,38,223
E00148324,289,37,252
E00148325,279,127,152
E00148326,257,63,194
E00148327,260,39,221
E00148328,311,41,270
E00148329,248,32,216
E00148330,327,128,199
E00148331,255,43,212
E00148332,261,35,226
E00148333,192,19,173
E00148334,253,34,219
E00148335,237,33,204
E00148336,451,100,351
E00148337,243,34,209
E00148338,244,33,211
E00148339,248,39,209
E00148340,211,35,176
E00148341,135,15,120
E00148342,176,15,161
E00148343,330,34,296
E00148344,317,63,254
E00148345,330,52,278
E00148346,352,43,309
E00148347,171,20,151
E00148348,231,24,207
E00148349,510,101,409
E00148350,413,85,328
E00148351,302,64,238
E00148352,282,32,250
E00148354,345,63,282
E00148355,436,72,364
E00148356,285,51,234
E00148357,308,46,262
E00148358,297,48,249
E00148359,301,38,263
E00148360,286,48,238
E00148361,330,73,257
E00148362,219,32,187
E00148363,278,55,223
E00148364,212,24,188
E00148365,244,23,221
E00148366,328,59,269
E00148367,348,41,307
E00148368,389,71,318
E00148369,265,36,229
E00148370,285,35,250
E00148371,316,43,273
E00148372,266,30,236
E00148373,405,68,337
E00148374,432,73,359
E00148375,456,75,381
E00148376,223,12,211
E00148377,201,24,177
E00148378,335,81,254
E00148379,311,34,277
E00148380,375,92,283
E00148381,447,86,361
E00148382,250,39,211
E00148383,209,18,191
E00148384,562,114,448
E00148385,326,64,262
E00148386,242,23,219
E00148387,222,24,198
E00148388,237,19,218
E00148389,306,67,239
E00148390,267,32,235
E00148391,307,64,243
E00148392,472,132,340
E00148394,281,59,222
E00148395,234,59,175
E00148396,374,70,304
E00148397,224,38,186
E00148398,468,78,390
E00148399,234,43,191
E00148400,210,30,180
E00148401,259,27,232
E00148402,142,15,127
E00148403,295,58,237
E00148404,180,24,156
E00148405,228,15,213
E00148406,274,33,241
E00148407,312,77,235
E00148408,305,45,260
E00148409,265,20,245
E00148411,440,67,373
E00148412,337,34,303
E00148413,371,61,310
E00148414,316,67,249
E00148415,337,57,280
E00148416,387,50,337
E00148417,247,36,211
E00148418,137,28,109
E00148419,328,54,274
E00148420,298,71,227
E00148421,200,23,177
E00148422,338,45,293
E00148423,226,22,204
E00148424,274,35,239
E00148425,326,45,281
E00148426,305,30,275
E00148427,304,41,263
E00148428,195,30,165
E00148429,503,42,461
E00148431,312,51,261
E00148432,277,57,220
E00148433,284,33,251
E00148434,316,32,284
E00148435,278,35,243
E00148436,339,59,280
E00148437,264,35,229
E00148438,243,36,207
E00148439,278,33,245
E00148440,238,22,216
E00148441,259,45,214
E00148442,291,51,240
E00148443,281,47,234
E00148444,239,45,194
E00148446,360,58,302
E00148447,290,36,254
E00148449,156,25,131
E00148450,548,83,465
E00148451,257,41,216
E00148452,315,44,271
E00148453,268,39,229
E00148454,271,42,229
E00148455,256,28,228
E00148456,245,34,211
E00148457,468,85,383
E00148458,186,20,166
E00148459,330,48,282
E00148461,261,31,230
E00148462,406,76,330
E00148463,164,17,147
E00148464,209,28,181
E00148465,360,70,290
E00148466,348,60,288
E00148467,335,59,276
E00148468,317,43,274
E00148469,358,58,300
E00148470,424,95,329
E00148471,328,65,263
E00148472,234,33,201
E00148473,265,47,218
E00148474,330,61,269
E00148475,355,59,296
E00148476,270,44,226
E00148477,279,45,234
E00148478,338,54,284
E00148479,389,65,324
E00148480,255,42,213
E00148481,280,29,251
E00148482,326,52,274
E00148483,317,38,279
E00148484,248,25,223
E00148485,375,41,334
E00148486,353,41,312
E00148487,264,19,245
E00148488,290,41,249
E00148489,303,53,250
E00148490,280,60,220
E00148491,311,83,228
E00148492,466,52,414
E00148493,278,28,250
E00148494,229,34,195
E00148495,281,48,233
E00148496,224,24,200
E00148497,299,24,275
E00148498,352,44,308
E00148499,213,29,184
E00148500,239,32,207
E00148501,193,34,159
E00148502,289,32,257
E00148503,307,41,266
E00148504,317,61,256
E00148505,296,27,269
E00148506,360,66,294
E00148507,277,36,241
E00148508,299,34,265
E00148509,277,24,253
E00148510,128,8,120
E00148511,195,28,167
E00148512,361,38,323
E00148513,311,55,256
E00148514,428,105,323
E00148515,338,42,296
E00148516,382,77,305
E00148517,244,33,211
E00148518,261,26,235
E00148519,296,38,258
E00148520,106,12,94
E00148521,231,54,177
E00148522,423,99,324
E00148523,216,35,181
E00148524,98,12,86
E00148525,270,59,211
E00148526,274,50,224
E00148527,214,44,170
E00148528,379,180,199
E00148529,282,61,221
E00148530,348,140,208
E00148531,235,52,183
E00148533,216,25,191
E00148534,359,85,274
E00148535,256,37,219
E00148537,392,95,297
E00148538,231,27,204
E00148539,324,64,260
E00148540,244,41,203
E00148542,279,57,222
E00148543,331,40,291
E00148544,218,33,185
E00148545,207,12,195
E00148546,152,13,139
E00148548,344,67,277
E00148550,410,37,373
E00148551,355,66,289
E00148552,318,27,291
E00148553,307,53,254
E00148554,315,40,275
E00148555,186,25,161
E00148556,113,11,102
E00148557,125,14,111
E00148558,312,34,278
E00148559,188,39,149
E00148560,275,24,251
E00148561,358,153,205
E00148562,277,45,232
E00148563,237,27,210
E00148564,165,25,140
E00148565,520,114,406
E00148566,239,43,196
E00148567,205,22,183
E00148568,193,14,179
E00148569,435,67,368
E00148570,259,53,206
E00148571,244,29,215
E00148572,247,36,211
E00148573,294,58,236
E00148574,219,19,200
E00148575,266,21,245
E00148576,244,23,221
E00148577,257,27,230
E00148578,131,17,114
E00148579,319,68,251
E00148580,263,62,201
E00148581,323,39,284
E00148582,195,30,165
E00148583,226,27,199
E00148584,315,34,281
E00148585,345,60,285
E00148586,316,50,266
E00148587,162,32,130
E00148588,318,48,270
E00148589,106,12,94
E00148590,302,78,224
E00148591,371,61,310
E00148592,244,44,200
E00148593,374,54,320
E00148595,358,51,307
E00148596,257,59,198
E00148597,272,43,229
E00148598,363,53,310
E00148599,285,27,258
E00148600,257,26,231
E00148601,290,55,235
E00148602,332,41,291
E00148603,343,32,311
E00148604,340,74,266
E00148605,292,42,250
E00148606,488,110,378
E00148607,291,29,262
E00148608,330,47,283
E00148609,254,34,220
E00148610,271,43,228
E00148611,261,34,227
E00148612,268,36,232
E00148613,309,62,247
E00148614,297,56,241
E00148615,485,80,405
E00148616,249,36,213
E00148617,359,45,314
E00148619,287,34,253
E00148620,234,17,217
E00148621,249,34,215
E00148622,273,43,230
E00148623,327,41,286
E00148624,409,58,351
E00148625,341,29,312
E00148626,233,28,205
E00148627,252,36,216
E00148628,377,93,284
E00148629,255,35,220
E00148630,321,47,274
E00148631,267,64,203
E00148632,123,12,111
E00148633,306,43,263
E00148634,235,42,193
E00148635,231,24,207
E00148636,191,35,156
E00148637,233,35,198
E00148638,377,39,338
E00148639,268,49,219
E00148640,205,39,166
E00148641,292,45,247
E00148642,290,34,256
E00148643,276,35,241
E00148644,246,32,214
E00148645,257,44,213
E00148646,223,33,190
E00148647,306,59,247
E00148648,268,34,234
E00148649,345,53,292
E00148650,272,24,248
E00148651,397,44,353
E00148652,319,58,261
E00148653,433,56,377
E00148654,306,45,261
E00148655,320,52,268
E00148656,209,19,190
E00148657,234,25,209
E00148658,250,21,229
E00148659,243,35,208
E00148660,158,4,154
E00148661,263,44,219
E00148662,302,65,237
E00148663,268,40,228
E00148664,312,46,266
E00148665,258,24,234
E00148666,270,60,210
E00148667,304,36,268
E00148668,286,72,214
E00148669,246,35,211
E00148670,523,102,421
E00148671,268,39,229
E00148672,303,40,263
E00148673,274,26,248
E00148674,257,31,226
E00148675,483,74,409
E00148676,264,43,221
E00148677,243,31,212
E00148678,328,50,278
E00148679,251,32,219
E00148680,385,102,283
E00148681,266,30,236
E00148682,207,39,168
E00148683,122,20,102
E00148686,240,34,206
E00148687,267,41,226
E00148688,356,45,311
E00148689,231,25,206
E00148690,208,22,186
E00148691,263,39,224
E00148692,275,51,224
E00148693,272,35,237
E00148694,316,35,281
E00148695,339,59,280
E00148696,297,47,250
E00148697,230,33,197
E00148698,398,73,325
E00148699,318,35,283
E00148700,309,51,258
E00148701,232,28,204
E00148702,243,33,210
E00148703,283,51,232
E00148704,274,49,225
E00148705,281,53,228
E00148706,240,32,208
E00148707,283,30,253
E00148708,246,49,197
E00148709,310,73,237
E00148710,319,43,276
E00148711,202,21,181
E00148712,335,52,283
E00148713,317,38,279
E00148714,191,12,179
E00148715,274,40,234
E00148716,271,42,229
E00148717,194,36,158
E00148718,275,33,242
E00148719,254,26,228
E00148723,269,32,237
E00148724,276,50,226
E00148725,172,23,149
E00148726,152,26,126
E00148727,325,69,256
E00148728,237,38,199
E00148729,154,21,133
E00148730,199,29,170
E00148731,336,49,287
E00148732,230,37,193
E00148733,321,86,235
E00148734,115,16,99
E00148735,197,33,164
E00148736,151,33,118
E00148737,271,38,233
E00148738,235,34,201
E00148739,267,43,224
E00148740,321,101,220
E00148741,215,61,154
E00148742,240,37,203
E00148743,301,62,239
E00148744,220,32,188
E00148745,296,43,253
E00148746,311,40,271
E00148747,288,36,252
E00148748,185,25,160
E00148750,377,32,345
E00148751,493,66,427
E00148752,425,79,346
E00148753,272,55,217
E00148754,307,33,274
E00148755,305,36,269
E00148756,243,37,206
E00148757,240,48,192
E00148758,223,19,204
E00148759,324,69,255
E00148760,323,56,267
E00148761,277,44,233
E00148762,310,32,278
E00148763,272,37,235
E00148764,281,37,244
E00148765,343,68,275
E00148766,269,27,242
E00148767,248,25,223
E00148768,374,55,319
E00148769,242,22,220
E00148770,296,31,265
E00148771,373,60,313
E00148772,362,58,304
E00148773,266,28,238
E00148774,316,42,274
E00148775,326,48,278
E00148776,280,28,252
E00148777,231,21,210
E00148778,331,57,274
E00148779,452,81,371
E00148780,364,70,294
E00148781,338,44,294
E00148782,363,47,316
E00148783,316,27,289
E00148784,292,54,238
E00148785,289,43,246
E00148786,283,33,250
E00148787,284,50,234
E00148788,259,34,225
E00148789,288,61,227
E00148790,345,43,302
E00148791,154,26,128
E00148792,391,54,337
E00148793,245,24,221
E00148794,283,33,250
E00148795,276,27,249
E00148796,313,52,261
E00148797,280,37,243
E00148798,347,39,308
E00148799,335,68,267
E00148800,303,23,280
E00148801,289,32,257
E00148802,375,73,302
E00148803,488,73,415
E00148804,357,55,302
E00148805,295,34,261
E00148806,221,22,199
E00148807,259,34,225
E00148808,366,56,310
E00148809,322,29,293
E00148810,274,36,238
E00148811,284,49,235
E00148812,290,42,248
E00148813,275,56,219
E00148814,263,49,214
E00148815,230,47,183
E00148816,362,68,294
E00148817,234,32,202
E00148818,307,54,253
E00148819,319,48,271
E00148820,282,33,249
E00148821,255,39,216
E00148822,380,43,337
E00148823,124,15,109
E00148824,230,27,203
E00148825,249,37,212
E00148826,232,27,205
E00148827,318,37,281
E00148828,268,39,229
E00148829,352,71,281
E00148830,509,121,388
E00148831,367,65,302
E00148832,406,63,343
E00148833,233,28,205
E00148834,273,21,252
E00148835,272,37,235
E00148836,307,32,275
E00148837,305,47,258
E00148838,334,51,283
E00148839,339,52,287
E00148840,316,38,278
E00148841,351,58,293
E00148842,252,47,205
E00148843,295,42,253
E00148844,434,63,371
E00148845,310,37,273
E00148846,120,30,90
E00148847,421,71,350
E00148848,437,68,369
E00148849,186,30,156
E00148850,292,28,264
E00148851,264,63,201
E00148852,119,19,100
E00148853,198,39,159
E00148854,163,11,152
E00148855,158,29,129
E00148856,407,58,349
E00148857,441,59,382
E00148858,466,64,402
E00148859,339,67,272
E00148860,345,44,301
E00148861,267,33,234
E00148862,226,31,195
E00148863,344,42,302
E00148864,380,52,328
E00148865,353,68,285
E00148867,213,18,195
E00148868,257,27,230
E00148869,277,27,250
E00148870,268,37,231
E00148871,259,39,220
E00148872,280,35,245
E00148873,284,25,259
E00148874,275,51,224
E00148875,368,74,294
E00148877,267,42,225
E00148878,272,51,221
E00148879,268,46,222
E00148880,328,37,291
E00148881,269,38,231
E00148882,340,50,290
E00148883,268,44,224
E00148885,231,35,196
E00148886,394,54,340
E00148887,329,35,294
E00148888,272,50,222
E00148889,306,39,267
E00148890,313,46,267
E00148891,314,47,267
E00148893,331,28,303
E00148894,371,38,333
E00148895,259,41,218
E00148896,283,37,246
E00148897,345,64,281
E00148898,220,29,191
E00148899,199,27,172
E00148900,277,38,239
E00148901,258,21,237
E00148902,324,33,291
E00148903,287,33,254
E00148904,237,35,202
E00148905,257,33,224
E00148906,215,39,176
E00148907,311,68,243
E00148908,251,36,215
E00148909,165,23,142
E00148910,239,26,213
E00148911,352,81,271
E00148912,346,52,294
E00148913,264,31,233
E00148914,358,85,273
E00148915,401,129,272
E00148916,253,57,196
E00148917,314,71,243
E00148918,308,53,255
E00148919,277,40,237
E00148920,337,56,281
E00148921,306,66,240
E00148922,270,42,228
E00148923,254,42,212
E00148924,312,71,241
E00148925,228,35,193
E00148926,323,60,263
E00148927,200,12,188
E00148930,485,63,422
E00148931,324,40,284
E00148932,253,31,222
E00148933,315,65,250
E00148934,350,89,261
E00148935,266,53,213
E00148936,318,81,237
E00148937,227,33,194
E00148938,300,76,224
E00148939,312,74,238
E00148940,241,35,206
E00148941,275,58,217
E00148942,318,71,247
E00148943,334,60,274
E00148944,203,24,179
E00148945,300,63,237
E00148946,265,46,219
E00148947,241,44,197
E00148948,350,63,287
E00148949,276,46,230
E00148950,382,99,283
E00148952,362,50,312
E00148953,234,35,199
E00148954,334,95,239
E00148955,242,44,198
E00148956,441,89,352
E00148957,326,89,237
E00148958,295,23,272
E00148959,225,27,198
E00148960,295,46,249
E00148961,248,36,212
E00148962,266,33,233
E00148963,447,113,334
E00148964,463,76,387
E00148965,287,51,236
E00148967,338,53,285
E00148968,427,72,355
E00148969,332,70,262
E00148970,267,52,215
E00148973,303,48,255
E00148974,264,28,236
E00148975,238,26,212
E00148976,268,36,232
E00148977,282,54,228
E00148978,262,24,238
E00148979,292,52,240
E00148980,315,37,278
E00148981,259,27,232
E00148982,269,49,220
E00148983,325,69,256
E00148984,256,27,229
E00148985,277,29,248
E00148986,276,30,246
E00148987,279,46,233
E00148988,231,19,212
E00148989,199,23,176
E00148990,298,79,219
E00148991,375,47,328
E00148992,304,59,245
E00148993,370,60,310
E00148994,219,27,192
E00148995,325,62,263
E00148996,303,43,260
E00148997,288,74,214
E00148998,307,92,215
E00148999,320,107,213
E00149000,264,38,226
E00149001,328,78,250
E00149002,260,69,191
E00149003,306,91,215
E00149004,270,35,235
E00149005,312,87,225
E00149006,250,42,208
E00149007,262,51,211
E00149008,274,49,225
E00149009,216,24,192
E00149010,212,30,182
E00149011,211,20,191
E00149012,243,30,213
E00149013,293,51,242
E00149014,336,51,285
E00149015,254,38,216
E00149016,252,29,223
E00149017,259,30,229
E00149018,300,43,257
E00149019,261,48,213
E00149020,280,46,234
E00149021,236,49,187
E00149023,264,32,232
E00149024,241,33,208
E00149025,298,43,255
E00149027,250,29,221
E00149028,276,48,228
E00149029,304,28,276
E00149030,232,38,194
E00149031,267,39,228
E00149032,283,49,234
E00149033,264,50,214
E00149034,331,79,252
E00149035,363,101,262
E00149036,255,19,236
E00149037,272,39,233
E00149038,351,64,287
E00149039,217,29,188
E00149040,342,87,255
E00149042,278,51,227
E00149043,348,74,274
E00149044,278,39,239
E00149045,289,57,232
E00149046,315,63,252
E00149048,479,135,344
E00149050,138,29,109
E00149051,402,46,356
E00149052,255,37,218
E00149053,210,40,170
E00149054,266,41,225
E00149055,453,94,359
E00149056,312,67,245
E00149057,221,40,181
E00149058,219,26,193
E00149059,255,30,225
E00149060,109,13,96
E00149061,437,51,386
E00149062,415,65,350
E00149063,374,44,330
E00149064,111,18,93
E00149065,229,38,191
E00149066,244,45,199
E00149067,194,37,157
E00149068,198,32,166
E00149069,344,57,287
E00149070,284,26,258
E00149071,281,47,234
E00149072,225,28,197
E00149073,411,67,344
E00149074,406,69,337
E00149075,295,46,249
E00149076,276,40,236
E00149077,346,122,224
E00149078,254,40,214
E00149079,277,64,213
E00149080,238,32,206
E00149081,248,37,211
E00149082,267,52,215
E00149083,260,51,209
E00149084,246,50,196
E00149085,284,49,235
E00149086,275,33,242
E00149087,254,39,215
E00149088,260,38,222
E00149089,206,32,174
E00149090,288,43,245
E00149091,266,51,215
E00149092,217,34,183
E00149093,258,50,208
E00149094,275,64,211
E00149095,193,17,176
E00149096,161,17,144
E00149097,239,27,212
E00149098,261,36,225
E00149099,290,56,234
E00149100,270,54,216
E00149101,229,50,179
E00149102,354,66,288
E00149103,322,51,271
E00149104,406,67,339
E00149105,307,53,254
E00149106,404,57,347
E00149107,287,39,248
E00149108,309,47,262
E00149109,413,25,388
E00149110,402,44,358
E00149111,383,34,349
E00149112,327,45,282
E00149114,285,40,245
E00149116,293,40,253
E00149117,304,34,270
E00149118,130,24,106
E00149119,159,18,141
E00149120,469,68,401
E00149121,307,45,262
E00149122,127,14,113
E00149123,290,57,233
E00149124,340,67,273
E00149125,355,57,298
E00149126,322,45,277
E00149127,166,30,136
E00149128,234,43,191
E00149129,150,20,130
E00149130,335,32,303
E00149131,191,34,157
E00149132,274,66,208
E00149134,283,34,249
E00149136,266,24,242
E00149138,312,44,268
E00149139,260,36,224
E00149140,392,82,310
E00149141,299,54,245
E00149142,346,79,267
E00149143,280,35,245
E00149144,287,43,244
E00149145,242,20,222
E00149146,391,64,327
E00149147,310,67,243
E00149148,184,17,167
E00149149,119,23,96
E00149150,248,43,205
E00149151,546,355,191
E00149152,318,107,211
E00149154,236,27,209
E00149155,146,32,114
E00149156,489,74,415
E00149157,287,41,246
E00149158,290,46,244
E00149160,273,26,247
E00149161,530,122,408
E00149162,251,26,225
E00149163,228,33,195
E00149164,330,43,287
E00149165,183,30,153
E00149166,314,56,258
E00149167,313,51,262
E00149168,340,38,302
E00149169,335,44,291
E00149170,263,48,215
E00149171,252,30,222
E00149172,205,26,179
E00149173,285,48,237
E00149174,198,25,173
E00149175,256,40,216
E00149176,360,102,258
E00149177,218,34,184
E00149178,294,53,241
E00149179,275,71,204
E00149180,230,45,185
E00149181,218,41,177
E00149182,278,49,229
E00149183,278,61,217
E00149184,206,40,166
E00149185,354,55,299
E00149186,261,30,231
E00149187,213,37,176
E00149188,410,65,345
E00149189,302,59,243
E00149190,211,23,188
E00149191,250,39,211
E00149193,350,36,314
E00149194,495,98,397
E00149196,266,56,210
E00149199,341,41,300
E00149200,301,41,260
E00149202,295,49,246
E00149203,162,6,156
E00149204,241,22,219
E00149205,375,72,303
E00149206,258,28,230
E00149207,355,59,296
E00149208,350,55,295
E00149209,254,27,227
E00149210,253,29,224
E00149211,289,55,234
E00149212,267,38,229
E00149213,250,45,205
E00149214,266,39,227
E00149215,264,43,221
E00149216,225,24,201
E00149217,264,55,209
E00149218,403,59,344
E00149219,292,60,232
E00149220,242,47,195
E00149221,270,44,226
E00149222,291,52,239
E00149223,268,45,223
E00149224,261,33,228
E00149225,288,29,259
E00149226,342,61,281
E00149227,364,65,299
E00149228,256,57,199
E00149229,296,96,200
E00149230,291,86,205
E00149231,290,81,209
E00149232,251,45,206
E00149233,308,46,262
E00149234,295,71,224
E00149235,293,35,258
E00149236,168,9,159
E00149237,264,65,199
E00149238,202,37,165
E00149239,386,67,319
E00149241,194,24,170
E00149242,258,41,217
E00149243,322,85,237
E00149244,238,17,221
E00149245,312,84,228
E00149246,279,36,243
E00149247,230,31,199
E00149248,292,71,221
E00149249,353,116,237
E00149250,327,45,282
E00149251,296,47,249
E00149252,322,66,256
E00149253,242,19,223
E00149255,289,46,243
E00149256,244,30,214
E00149257,268,44,224
E00149258,278,46,232
E00149259,516,303,213
E00149260,180,33,147
E00149261,259,46,213
E00149262,268,57,211
E00149263,241,35,206
E00149264,277,59,218
E00149265,266,46,220
E00149266,235,31,204
E00149267,290,62,228
E00149268,212,24,188
E00149269,274,51,223
E00149270,294,40,254
E00149271,255,56,199
E00149272,284,48,236
E00149273,266,37,229
E00149275,233,37,196
E00149276,368,38,330
E00149279,279,47,232
E00149280,295,73,222
E00149281,400,71,329
E00149282,245,25,220
E00149283,306,36,270
E00149284,243,36,207
E00149285,368,39,329
E00149287,309,60,249
E00149288,265,47,218
E00149289,212,25,187
E00149290,289,64,225
E00149291,266,41,225
E00149292,267,50,217
E00149295,288,41,247
E00149296,282,55,227
E00149297,346,34,312
E00149298,200,37,163
E00149299,274,44,230
E00149300,277,60,217
E00149301,281,57,224
E00149302,270,31,239
E00149303,269,52,217
E00149304,290,48,242
E00149305,274,45,229
E00149306,301,62,239
E00149307,248,24,224
E00149308,259,41,218
E00149309,270,37,233
E00149310,267,59,208
E00149311,247,47,200
E00149312,226,32,194
E00149313,230,52,178
E00149314,263,37,226
E00149315,256,51,205
E00149316,257,56,201
E00149317,385,39,346
E00149318,224,40,184
E00149319,279,48,231
E00149320,251,55,196
E00149321,332,64,268
E00149322,416,80,336
E00149323,224,38,186
E00149324,327,74,253
E00149325,406,67,339
E00149326,286,45,241
E00149327,313,33,280
E00149329,309,59,250
E00149330,194,19,175
E00149331,254,53,201
E00149332,307,34,273
E00149333,280,59,221
E00149334,304,58,246
E00149335,352,135,217
E00149336,356,21,335
E00149337,282,45,237
E00149338,266,30,236
E00149339,284,36,248
E00149340,294,64,230
E00149342,378,88,290
E00149343,263,38,225
E00149344,268,47,221
E00149345,228,39,189
E00149346,259,39,220
E00149347,281,51,230
E00149348,309,26,283
E00149349,250,61,189
E00149350,294,54,240
E00149352,397,62,335
E00149353,463,77,386
E00149354,377,64,313
E00149355,261,34,227
E00149356,225,22,203
E00149357,261,33,228
E00149358,310,48,262
E00149359,266,39,227
E00149360,267,31,236
E00149361,252,34,218
E00149362,230,12,218
E00149363,540,119,421
E00149364,246,23,223
E00149365,234,50,184
E00149366,274,29,245
E00149367,274,19,255
E00149368,335,63,272
E00149369,283,63,220
E00149370,277,35,242
E00149371,329,56,273
E00149372,442,60,382
E00149374,261,47,214
E00149375,246,47,199
E00149376,440,89,351
E00149377,359,58,301
E00149378,470,105,365
E00149379,338,49,289
E00149381,405,78,327
E00149383,255,40,215
E00149384,510,121,389
E00149385,201,23,178
E00149386,167,26,141
E00149387,302,54,248
E00149388,296,51,245
E00149389,311,53,258
E00149390,241,33,208
E00149391,337,39,298
E00149392,386,71,315
E00149393,330,66,264
E00149394,404,58,346
E00149395,418,74,344
E00149396,272,42,230
E00149397,255,37,218
E00149399,245,28,217
E00149400,300,34,266
E00149401,163,15,148
E00149402,312,27,285
E00149403,377,96,281
E00149404,314,68,246
E00149405,240,29,211
E00149406,247,37,210
E00149407,227,27,200
E00149408,203,19,184
E00149409,347,65,282
E00149410,342,62,280
E00149411,280,53,227
E00149412,404,37,367
E00149413,196,24,172
E00149414,233,28,205
E00149415,261,14,247
E00149416,277,43,234
E00149417,306,30,276
E00149418,256,26,230
E00149419,176,7,169
E00149420,275,35,240
E00149421,271,56,215
E00149422,217,11,206
E00149423,276,35,241
E00149424,188,26,162
E00149425,256,36,220
E00149426,285,43,242
E00149427,403,61,342
E00149428,297,36,261
E00149429,230,28,202
E00149430,170,14,156
E00149431,204,41,163
E00149432,184,10,174
E00149433,350,35,315
E00149434,268,53,215
E00149435,170,5,165
E00149436,178,18,160
E00149437,459,63,396
E00149438,205,22,183
E00149439,381,42,339
E00149440,129,13,116
E00149441,210,29,181
E00149442,298,28,270
E00149443,284,9,275
E00149444,179,4,175
E00149445,272,17,255
E00149446,239,27,212
E00149447,305,17,288
E00149448,269,62,207
E00149450,281,33,248
E00149451,276,22,254
E00149452,283,29,254
E00149453,275,45,230
E00149454,239,24,215
E00149455,222,44,178
E00149456,289,36,253
E00149457,262,22,240
E00149458,218,21,197
E00149459,179,22,157
E00149460,249,36,213
E00149461,287,51,236
E00149462,203,8,195
E00149463,270,11,259
E00149464,209,25,184
E00149465,276,53,223
E00149466,203,14,189
E00149467,225,40,185
E00149468,233,31,202
E00149469,249,36,213
E00149470,101,12,89
E00149471,166,8,158
E00149472,252,24,228
E00149473,255,20,235
E00149474,298,47,251
E00149475,247,8,239
E00149476,286,31,255
E00149477,309,60,249
E00149478,181,48,133
E00149479,238,19,219
E00149480,284,36,248
E00149481,246,15,231
E00149482,191,15,176
E00149483,196,11,185
E00149484,209,22,187
E00149485,225,23,202
E00149486,240,23,217
E00149487,390,52,338
E00149488,349,37,312
E00149489,339,62,277
E00149490,244,34,210
E00149491,231,22,209
E00149492,326,58,268
E00149493,208,25,183
E00149494,237,14,223
E00149495,166,16,150
E00149496,225,35,190
E00149497,293,25,268
E00149498,252,33,219
E00149499,298,47,251
E00149500,227,31,196
E00149501,291,47,244
E00149502,358,62,296
E00149503,263,59,204
E00149504,292,48,244
E00149505,250,26,224
E00149506,298,75,223
E00149507,205,24,181
E00149508,242,17,225
E00149509,246,15,231
E00149510,240,12,228
E00149511,313,57,256
E00149512,367,29,338
E00149513,100,11,89
E00149514,283,29,254
E00149515,312,35,277
E00149516,276,31,245
E00149517,242,43,199
E00149518,240,12,228
E00149519,299,43,256
E00149520,259,46,213
E00149521,202,25,177
E00149522,282,24,258
E00149523,229,45,184
E00149524,323,56,267
E00149525,211,15,196
E00149526,156,6,150
E00149527,284,28,256
E00149528,340,45,295
E00149529,291,69,222
E00149530,364,54,310
E00149531,330,44,286
E00149532,347,76,271
E00149533,256,21,235
E00149534,293,46,247
E00149535,245,33,212
E00149536,349,85,264
E00149537,303,68,235
E00149538,293,47,246
E00149539,386,88,298
E00149540,317,57,260
E00149541,544,113,431
E00149542,313,41,272
E00149543,297,73,224
E00149544,317,70,247
E00149545,249,47,202
E00149546,168,24,144
E00149547,335,75,260
E00149548,300,52,248
E00149549,234,43,191
E00149550,331,61,270
E00149551,285,52,233
E00149552,312,68,244
E00149553,328,86,242
E00149554,206,14,192
E00149555,233,67,166
E00149556,358,59,299
E00149557,253,38,215
E00149558,310,62,248
E00149559,282,45,237
E00149560,274,50,224
E00149561,269,41,228
E00149562,200,20,180
E00149563,307,45,262
E00149564,255,29,226
E00149565,347,43,304
E00149566,306,48,258
E00149567,252,28,224
E00149568,184,8,176
E00149569,317,47,270
E00149570,306,57,249
E00149571,243,37,206
E00149572,313,72,241
E00149573,342,137,205
E00149574,312,57,255
E00149575,271,50,221
E00149576,241,25,216
E00149577,364,111,253
E00149578,269,48,221
E00149579,224,23,201
E00149580,288,47,241
E00149581,207,19,188
E00149582,275,64,211
E00149583,309,66,243
E00149584,316,68,248
E00149585,262,42,220
E00149586,307,77,230
E00149587,273,31,242
E00149588,316,38,278
E00149589,312,61,251
E00149590,466,139,327
E00149591,286,42,244
E00149592,185,27,158
E00149593,271,42,229
E00149594,230,35,195
E00149595,295,41,254
E00149596,252,31,221
E00149597,283,29,254
E00149598,279,52,227
E00149599,351,75,276
E00149600,235,17,218
E00149601,224,26,198
E00149602,228,40,188
E00149603,333,80,253
E00149604,241,33,208
E00149605,251,28,223
E00149606,281,60,221
E00149607,295,27,268
E00149608,243,42,201
E00149609,308,70,238
E00149610,255,38,217
E00149611,295,42,253
E00149612,252,32,220
E00149613,419,75,344
E00149614,221,33,188
E00149615,300,65,235
E00149616,316,88,228
E00149617,283,64,219
E00149619,394,46,348
E00149620,320,30,290
E00149621,278,44,234
E00149622,264,21,243
E00149623,460,77,383
E00149624,323,73,250
E00149625,269,36,233
E00149626,137,15,122
E00149627,284,24,260
E00149628,283,44,239
E00149629,305,56,249
E00149630,407,58,349
E00149631,279,35,244
E00149632,280,33,247
E00149633,258,45,213
E00149634,267,32,235
E00149635,278,39,239
E00149636,372,54,318
E00149637,359,60,299
E00149638,271,42,229
E00149639,261,34,227
E00149640,273,34,239
E00149641,271,40,231
E00149642,280,35,245
E00149643,226,23,203
E00149644,315,48,267
E00149645,326,57,269
E00149646,287,38,249
E00149647,254,24,230
E00149648,259,45,214
E00149649,302,42,260
E00149650,266,24,242
E00149651,272,33,239
E00149652,263,50,213
E00149653,309,40,269
E00149654,301,51,250
E00149655,284,51,233
E00149656,515,111,404
E00149657,283,46,237
E00149658,325,78,247
E00149659,350,68,282
E00149660,293,59,234
E00149661,302,35,267
E00149662,279,38,241
E00149663,249,31,218
E00149665,290,38,252
E00149667,281,62,219
E00149668,311,77,234
E00149669,292,55,237
E00149670,304,73,231
E00149671,319,72,247
E00149672,220,36,184
E00149674,286,63,223
E00149675,324,36,288
E00149676,324,65,259
E00149677,338,50,288
E00149679,334,60,274
E00149680,321,59,262
E00149681,258,50,208
E00149682,268,43,225
E00149683,381,77,304
E00149684,428,100,328
E00149685,284,56,228
E00149686,268,46,222
E00149687,311,53,258
E00149688,343,78,265
E00149689,340,44,296
E00149690,300,57,243
E00149691,264,53,211
E00149692,321,69,252
E00149694,333,76,257
E00149695,294,59,235
E00149696,326,59,267
E00149697,318,58,260
E00149698,390,39,351
E00149699,349,69,280
E00149700,305,52,253
E00149701,225,8,217
E00149702,299,53,246
E00149703,310,60,250
E00149704,239,42,197
E00149705,270,47,223
E00149706,232,30,202
E00149707,261,47,214
E00149708,249,43,206
E00149709,341,62,279
E00149710,274,32,242
E00149711,263,29,234
E00149712,320,69,251
E00149713,238,39,199
E00149714,251,28,223
E00149715,249,27,222
E00149716,236,20,216
E00149719,326,60,266
E00149722,279,33,246
E00149723,293,35,258
E00149724,278,41,237
E00149725,429,76,353
E00149726,264,42,222
E00149727,341,81,260
E00149728,243,44,199
E00149729,344,65,279
E00149730,275,38,237
E00149731,315,40,275
E00149732,235,14,221
E00149733,237,34,203
E00149734,232,25,207
E00149735,254,31,223
E00149737,179,11,168
E00149738,311,79,232
E00149739,206,23,183
E00149740,291,83,208
E00149741,272,51,221
E00149742,243,45,198
E00149743,282,46,236
E00149744,282,50,232
E00149745,245,22,223
E00149746,339,61,278
E00149747,219,28,191
E00149748,212,17,195
E00149749,287,41,246
E00149750,335,38,297
E00149751,348,55,293
E00149752,303,46,257
E00149753,284,42,242
E00149754,447,55,392
E00149755,264,29,235
E00149756,431,111,320
E00149757,217,13,204
E00149758,332,58,274
E00149759,370,84,286
E00149760,327,51,276
E00149761,551,127,424
E00149762,342,39,303
E00149763,151,22,129
E00149764,261,29,232
E00149765,286,33,253
E00149766,262,41,221
E00149767,319,43,276
E00149768,296,45,251
E00149769,330,33,297
E00149771,304,39,265
E00149772,304,37,267
E00149773,236,23,213
E00149774,314,62,252
E00149775,400,65,335
E00149776,279,47,232
E00149777,262,27,235
E00149778,246,20,226
E00149779,332,51,281
E00149780,298,75,223
E00149781,179,13,166
E00149782,301,89,212
E00149783,269,38,231
E00149785,251,22,229
E00149786,380,83,297
E00149788,347,91,256
E00149789,246,27,219
E00149790,278,27,251
E00149792,326,71,255
E00149793,281,36,245
E00149794,286,52,234
E00149795,303,45,258
E00149796,281,46,235
E00149797,339,49,290
E00149798,312,54,258
E00149799,247,32,215
E00149801,364,48,316
E00149802,353,52,301
E00149803,139,20,119
E00149804,486,80,406
E00149805,310,50,260
E00149806,443,54,389
E00149807,204,15,189
E00149808,259,45,214
E00149809,278,45,233
E00149810,236,40,196
E00149811,269,47,222
E00149812,353,44,309
E00149813,261,34,227
E00149814,235,38,197
E00149815,243,24,219
E00149816,274,45,229
E00149817,262,56,206
E00149818,301,30,271
E00149819,319,72,247
E00149820,202,19,183
E00149821,290,47,243
E00149822,539,97,442
E00149823,319,49,270
E00149824,324,66,258
E00149825,243,41,202
E00149826,328,56,272
E00149827,344,45,299
E00149828,315,61,254
E00149829,260,44,216
E00149830,293,50,243
E00149831,315,51,264
E00149832,317,62,255
E00149833,365,50,315
E00149834,379,100,279
E00149835,394,110,284
E00149836,458,121,337
E00149837,259,70,189
E00149838,488,109,379
E00149839,414,105,309
E00149840,340,87,253
E00149841,326,75,251
E00149842,391,104,287
E00149843,441,128,313
E00149844,375,77,298
E00149845,411,97,314
E00149846,343,79,264
E00149847,300,64,236
E00149848,410,124,286
E00149849,384,80,304
E00149850,373,65,308
E00149852,312,53,259
E00149853,332,44,288
E00149854,307,48,259
E00149855,508,120,388
E00149856,331,54,277
E00149857,250,33,217
E00149858,301,49,252
E00149859,329,56,273
E00149860,326,54,272
E00149861,267,44,223
E00149862,242,34,208
E00149863,335,56,279
E00149864,267,35,232
E00149865,281,46,235
E00149867,372,69,303
E00149868,359,77,282
E00149869,278,53,225
E00149870,259,36,223
E00149871,298,50,248
E00149872,302,60,242
E00149874,278,49,229
E00149876,242,36,206
E00149877,224,32,192
E00149878,304,62,242
E00149879,315,72,243
E00149880,330,73,257
E00149881,328,68,260
E00149882,394,71,323
E00149883,148,38,110
E00149884,275,44,231
E00149885,381,84,297
E00149886,236,18,218
E00149887,296,34,262
E00149888,362,52,310
E00149889,315,51,264
E00149891,302,49,253
E00149892,319,41,278
E00149893,312,67,245
E00149894,227,33,194
E00149895,342,53,289
E00149896,214,12,202
E00149897,247,34,213
E00149898,274,45,229
E00149899,274,52,222
E00149900,368,77,291
E00149903,175,17,158
E00149904,245,30,215
E00149905,404,77,327
E00149908,273,46,227
E00149909,322,74,248
E00149910,489,156,333
E00149911,319,47,272
E00149912,129,22,107
E00149913,246,53,193
E00149914,232,37,195
E00149915,303,63,240
E00149916,384,60,324
E00149917,304,65,239
E00149918,259,34,225
E00149919,323,38,285
E00149920,231,23,208
E00149921,281,35,246
E00149922,228,33,195
E00149923,300,36,264
E00149924,266,35,231
E00149925,274,38,236
E00149930,342,92,250
E00149931,253,52,201
E00149932,307,75,232
E00149933,268,60,208
E00149934,363,94,269
E00149935,548,131,417
E00149936,517,129,388
E00149937,389,114,275
E00149938,329,92,237
E00149939,454,123,331
E00149940,342,78,264
E00149941,323,66,257
E00149942,317,74,243
E00149943,353,89,264
E00149944,276,58,218
E00149945,339,49,290
E00149946,284,36,248
E00149948,279,40,239
E00149949,418,98,320
E00149950,325,67,258
E00149951,319,65,254
E00149952,337,61,276
E00149953,305,90,215
E00149954,295,57,238
E00149955,207,38,169
E00149956,287,53,234
E00149957,323,82,241
E00149958,297,56,241
E00149959,251,60,191
E00149960,259,40,219
E00149961,308,76,232
E00149962,201,23,178
E00149963,268,52,216
E00149964,280,33,247
E00149965,378,59,319
E00149966,330,86,244
E00149967,280,60,220
E00149968,243,53,190
E00149969,270,56,214
E00149971,224,38,186
E00149972,283,32,251
E00149973,248,30,218
E00149974,313,68,245
E00149975,282,43,239
E00149976,187,22,165
E00149977,364,105,259
E00149978,308,63,245
E00149979,314,40,274
E00149980,207,34,173
E00149981,363,89,274
E00149982,305,78,227
E00149983,302,60,242
E00149984,348,82,266
E00149985,279,39,240
E00149986,257,44,213
E00149987,264,57,207
E00149988,345,86,259
E00149989,305,59,246
E00149990,276,53,223
E00149991,333,75,258
E00149992,540,145,395
E00149993,474,67,407
E00149994,248,43,205
E00149995,258,52,206
E00149996,259,44,215
E00149997,289,56,233
E00149998,295,40,255
E00149999,248,27,221
E00150000,305,63,242
E00150001,276,46,230
E00150002,226,16,210
E00150003,264,52,212
E00150004,302,55,247
E00150005,498,117,381
E00150008,297,52,245
E00150009,398,74,324
E00150010,273,40,233
E00150011,236,44,192
E00150012,297,32,265
E00150013,172,21,151
E00150014,309,58,251
E00150015,275,46,229
E00150016,431,89,342
E00150017,337,47,290
E00150018,240,38,202
E00150019,253,30,223
E00150020,307,49,258
E00150021,440,100,340
E00150022,399,115,284
E00150023,261,49,212
E00150024,353,109,244
E00150025,302,73,229
E00150027,434,115,319
E00150028,201,20,181
E00150029,329,71,258
E00150030,225,29,196
E00150031,407,66,341
E00150033,347,38,309
E00150034,362,88,274
E00150035,445,112,333
E00150036,383,90,293
E00150037,574,159,415
E00150038,390,130,260
E00150039,289,62,227
E00150040,394,87,307
E00150041,350,64,286
E00150042,333,58,275
E00150043,299,35,264
E00150044,324,47,277
E00150045,240,41,199
E00150046,201,23,178
E00150047,227,34,193
E00150048,227,27,200
E00150049,325,68,257
E00150050,317,42,275
E00150051,229,35,194
E00150052,332,107,225
E00150053,323,41,282
E00150054,276,33,243
E00150055,257,25,232
E00150056,311,79,232
E00150057,328,62,266
E00150058,257,53,204
E00150059,303,45,258
E00150060,246,44,202
E00150061,308,53,255
E00150062,347,86,261
E00150063,315,84,231
E00150064,307,55,252
E00150065,224,35,189
E00150066,285,68,217
E00150067,226,46,180
E00150068,287,40,247
E00150069,264,29,235
E00150070,425,88,337
E00150071,313,35,278
E00150072,431,102,329
E00150073,301,53,248
E00150074,279,46,233
E00150075,490,117,373
E00150076,260,38,222
E00150077,175,15,160
E00150078,295,55,240
E00150079,403,80,323
E00150080,245,30,215
E00150081,255,44,211
E00150082,259,31,228
E00150083,223,30,193
E00150084,179,27,152
E00150085,260,34,226
E00150086,181,17,164
E00150087,290,49,241
E00150089,246,24,222
E00150090,255,47,208
E00150091,302,48,254
E00150092,269,49,220
E00150093,371,63,308
E00150094,309,55,254
E00150095,317,53,264
E00150096,329,45,284
E00150097,257,21,236
E00150098,271,45,226
E00150101,375,62,313
E00150102,284,50,234
E00150103,215,30,185
E00150104,314,59,255
E00150105,225,32,193
E00150106,411,91,320
E00150107,414,90,324
E00150108,209,28,181
E00150109,288,61,227
E00150110,413,80,333
E00150111,314,57,257
E00150112,249,39,210
E00150113,478,82,396
E00150114,272,54,218
E00150117,258,43,215
E00150118,361,57,304
E00150119,419,66,353
E00150120,332,51,281
E00150121,267,46,221
E00150122,352,50,302
E00150123,296,37,259
E00150124,187,41,146
E00150125,297,52,245
E00150126,286,49,237
E00150127,227,37,190
E00150128,448,67,381
E00150130,183,21,162
E00150131,291,23,268
E00150132,278,28,250
E00150133,258,38,220
E00150134,254,26,228
E00150135,212,23,189
E00150136,256,37,219
E00150137,231,27,204
E00150138,148,26,122
E00150139,367,82,285
E00150140,260,53,207
E00150141,386,128,258
E00150142,280,68,212
E00150143,260,34,226
E00150144,261,35,226
E00150145,284,73,211
E00150146,273,46,227
E00150147,403,130,273
E00150148,345,84,261
E00150149,371,58,313
E00150150,345,60,285
E00150151,348,93,255
E00150152,278,59,219
E00150153,327,69,258
E00150154,332,67,265
E00150155,352,44,308
E00150156,293,45,248
E00150157,293,65,228
E00150158,229,33,196
E00150159,217,14,203
E00150160,269,26,243
E00150161,278,47,231
E00150162,288,48,240
E00150163,307,63,244
E00150164,280,44,236
E00150165,207,21,186
E00150166,486,85,401
E00150167,524,92,432
E00150168,300,43,257
E00150169,257,40,217
E00150170,376,70,306
E00150171,266,48,218
E00150172,237,34,203
E00150173,268,43,225
E00150174,230,21,209
E00150175,301,48,253
E00150176,267,40,227
E00150177,313,55,258
E00150178,368,76,292
E00150179,294,34,260
E00150180,338,56,282
E00150181,316,35,281
E00150182,321,44,277
E00150183,241,43,198
E00150184,434,96,338
E00150186,209,26,183
E00150187,367,61,306
E00150188,343,60,283
E00150189,370,66,304
E00150190,261,39,222
E00150191,269,34,235
E00150192,301,35,266
E00150193,289,60,229
E00150194,249,55,194
E00150195,295,62,233
E00150196,341,71,270
E00150198,335,65,270
E00150199,310,51,259
E00150200,322,48,274
E00150201,253,30,223
E00150202,280,45,235
E00150203,207,3,204
E00150205,356,69,287
E00150206,310,41,269
E00150207,279,52,227
E00150208,208,21,187
E00150209,353,56,297
E00150210,266,45,221
E00150211,261,38,223
E00150212,323,58,265
E00150213,273,42,231
E00150214,324,65,259
E00150215,289,46,243
E00150216,329,55,274
E00150217,292,52,240
E00150218,373,55,318
E00150219,211,21,190
E00150220,267,36,231
E00150221,197,17,180
E00150222,207,20,187
E00150223,302,57,245
E00150224,260,42,218
E00150225,220,35,185
E00150226,284,46,238
E00150227,283,60,223
E00150228,221,30,191
E00150229,449,61,388
E00150230,357,40,317
E00150231,199,24,175
E00150232,243,30,213
E00150233,274,49,225
E00150234,292,41,251
E00150235,223,29,194
E00150236,252,29,223
E00150237,187,35,152
E00150238,264,36,228
E00150239,331,53,278
E00150240,305,45,260
E00150241,324,54,270
E00150242,193,23,170
E00150243,354,55,299
E00150244,394,64,330
E00150245,340,42,298
E00150247,213,45,168
E00150248,271,26,245
E00150249,297,48,249
E00150250,264,39,225
E00150251,314,42,272
E00150252,222,33,189
E00150253,309,41,268
E00150254,277,26,251
E00150255,315,33,282
E00150256,280,36,244
E00150257,255,22,233
E00150258,266,36,230
E00150259,306,47,259
E00150260,346,77,269
E00150261,331,94,237
E00150262,245,46,199
E00150263,272,73,199
E00150264,327,76,251
E00150265,276,71,205
E00150266,292,56,236
E00150267,277,68,209
E00150268,263,49,214
E00150269,271,43,228
E00150270,272,47,225
E00150271,365,93,272
E00150272,360,67,293
E00150273,255,30,225
E00150274,233,29,204
E00150275,305,44,261
E00150276,315,54,261
E00150277,296,47,249
E00150278,271,41,230
E00150279,351,45,306
E00150280,440,58,382
E00150281,303,49,254
E00150282,180,14,166
E00150283,268,39,229
E00150284,233,32,201
E00150285,358,54,304
E00150287,372,53,319
E00150288,395,76,319
E00150289,516,93,423
E00150290,287,58,229
E00150291,230,35,195
E00150292,289,82,207
E00150293,272,66,206
E00150294,276,46,230
E00150296,214,38,176
E00150297,407,81,326
E00150298,352,50,302
E00150299,335,30,305
E00150300,405,48,357
E00150301,542,73,469
E00150302,246,38,208
E00150303,288,23,265
E00150304,213,25,188
E00150305,363,74,289
E00150306,258,43,215
E00150307,347,97,250
E00150308,271,64,207
E00150309,285,49,236
E00150310,282,31,251
E00150311,249,37,212
E00150312,250,42,208
E00150313,212,29,183
E00150314,267,28,239
E00150315,282,44,238
E00150316,179,27,152
E00150317,293,71,222
E00150318,285,76,209
E00150319,307,84,223
E00150320,283,54,229
E00150321,326,38,288
E00150322,345,43,302
E00150323,426,94,332
E00150324,243,45,198
E00150325,298,68,230
E00150326,280,46,234
E00150327,295,60,235
E00150328,277,43,234
E00150329,371,44,327
E00150330,279,56,223
E00150331,316,31,285
E00150332,191,21,170
E00150333,218,38,180
E00150334,242,39,203
E00150335,255,44,211
E00150336,306,47,259
E00150337,340,48,292
E00150338,258,35,223
E00150339,244,19,225
E00150340,327,58,269
E00150341,300,36,264
E00150342,254,23,231
E00150343,314,40,274
E00150344,299,38,261
E00150345,275,27,248
E00150346,282,47,235
E00150347,347,59,288
E00150348,416,69,347
E00150350,253,35,218
E00150352,299,49,250
E00150353,230,34,196
E00150354,286,40,246
E00150355,234,19,215
E00150356,274,42,232
E00150357,172,23,149
E00150358,308,47,261
E00150359,235,37,198
E00150360,163,23,140
E00150361,264,47,217
E00150362,382,59,323
E00150363,122,13,109
E00150364,554,127,427
E00150366,281,40,241
E00150367,301,12,289
E00150368,297,11,286
E00150369,260,31,229
E00150370,267,40,227
E00150373,278,65,213
E00150374,441,72,369
E00150375,258,38,220
E00150376,254,49,205
E00150377,300,35,265
E00150378,282,33,249
E00150379,368,71,297
E00150380,364,76,288
E00150381,249,45,204
E00150382,385,83,302
E00150383,352,61,291
E00150384,293,30,263
E00150385,264,45,219
E00150386,389,68,321
E00150387,317,47,270
E00150388,237,21,216
E00150389,244,30,214
E00150390,318,38,280
E00150391,326,46,280
E00150392,343,46,297
E00150393,256,28,228
E00150394,360,57,303
E00150395,294,53,241
E00150396,356,59,297
E00150397,260,53,207
E00150398,320,52,268
E00150399,265,53,212
E00150400,418,56,362
E00150401,322,46,276
E00150402,138,15,123
E00150404,298,41,257
E00150405,253,41,212
E00150406,280,47,233
E00150407,430,73,357
E00150408,322,64,258
E00150409,343,72,271
E00150410,250,39,211
E00150412,327,70,257
E00150414,401,60,341
E00150415,410,83,327
E00150416,456,74,382
E00150417,241,48,193
E00150418,305,64,241
E00150419,223,26,197
E00150420,278,53,225
E00150421,268,41,227
E00150422,380,46,334
E00150423,269,31,238
E00150424,308,41,267
E00150425,278,29,249
E00150426,268,43,225
E00150427,260,33,227
E00150428,296,47,249
E00150429,348,52,296
E00150430,338,61,277
E00150431,457,84,373
E00150432,227,29,198
E00150433,214,34,180
E00150434,301,53,248
E00150435,284,57,227
E00150436,255,47,208
E00150437,226,31,195
E00150438,228,39,189
E00150439,246,33,213
E00150440,240,14,226
E00150442,485,70,415
E00150443,260,36,224
E00150444,264,39,225
E00150445,305,45,260
E00150446,290,41,249
E00150447,277,37,240
E00150448,184,26,158
E00150449,182,15,167
E00150450,293,59,234
E00150451,318,38,280
E00150452,228,21,207
E00150453,402,49,353
E00150454,247,26,221
E00150455,269,29,240
E00150456,317,72,245
E00150457,309,57,252
E00150458,317,67,250
E00150459,314,55,259
E00150460,212,24,188
E00150461,333,78,255
E00150462,276,63,213
E00150463,269,57,212
E00150464,305,73,232
E00150465,283,44,239
E00150466,319,60,259
E00150467,297,76,221
E00150468,202,14,188
E00150471,287,51,236
E00150472,314,59,255
E00150473,232,32,200
E00150474,204,27,177
E00150475,386,94,292
E00150476,309,56,253
E00150477,276,36,240
E00150478,260,38,222
E00150479,284,50,234
E00150480,281,43,238
E00150481,243,32,211
E00150482,263,26,237
E00150483,306,70,236
E00150484,288,43,245
E00150485,277,59,218
E00150486,241,17,224
E00150487,322,40,282
E00150488,263,50,213
E00150489,207,36,171
E00150490,263,52,211
E00150491,312,52,260
E00150492,300,67,233
E00150493,242,39,203
E00150494,275,51,224
E00150495,294,41,253
E00150496,314,38,276
E00150497,295,47,248
E00150498,277,22,255
E00150499,263,25,238
E00150500,259,24,235
E00150501,340,66,274
E00150502,279,64,215
E00150503,270,57,213
E00150504,282,40,242
E00150505,270,47,223
E00150506,316,65,251
E00150507,273,33,240
E00150508,401,74,327
E00150509,226,26,200
E00150510,287,35,252
E00150511,292,66,226
E00150512,306,72,234
E00150513,302,57,245
E00150514,242,61,181
E00150515,240,44,196
E00150516,185,36,149
E00150517,250,50,200
E00150518,194,40,154
E00150519,287,56,231
E00150520,307,47,260
E00150521,223,20,203
E00150522,236,36,200
E00150523,251,58,193
E00150524,252,37,215
E00150525,369,91,278
E00150526,319,91,228
E00150528,340,83,257
E00150529,306,73,233
E00150530,264,64,200
E00150531,246,33,213
E00150532,302,62,240
E00150533,254,56,198
E00150534,249,37,212
E00150535,211,27,184
E00150536,254,24,230
E00150537,295,39,256
E00150539,216,27,189
E00150540,290,49,241
E00150541,282,65,217
E00150542,346,95,251
E00150543,299,68,231
E00150544,260,37,223
E00150545,272,34,238
E00150546,254,26,228
E00150547,266,46,220
E00150548,318,42,276
E00150549,330,68,262
E00150550,300,50,250
E00150551,393,83,310
E00150552,310,55,255
E00150553,166,32,134
E00150554,306,75,231
E00150555,201,26,175
E00150556,527,129,398
E00150557,281,53,228
E00150558,295,79,216
E00150559,304,84,220
E00150560,302,61,241
E00150561,206,28,178
E00150562,293,55,238
E00150563,236,41,195
E00150564,178,20,158
E00150565,322,81,241
E00150566,284,55,229
E00150567,250,30,220
E00150568,264,48,216
E00150569,228,9,219
E00150570,185,34,151
E00150572,309,62,247
E00150573,327,76,251
E00150574,289,46,243
E00150575,224,47,177
E00150576,269,56,213
E00150577,302,44,258
E00150578,314,72,242
E00150579,492,157,335
E00150581,272,53,219
E00150582,216,38,178
E00150583,247,49,198
E00150584,237,67,170
E00150585,238,53,185
E00150586,289,107,182
E00150587,422,198,224
E00150588,281,47,234
E00150589,223,38,185
E00150590,296,71,225
E00150591,272,40,232
E00150592,235,35,200
E00150596,239,43,196
E00150597,270,60,210
E00150598,224,32,192
E00150599,314,55,259
E00150600,250,35,215
E00150601,272,35,237
E00150602,280,55,225
E00150603,296,53,243
E00150604,283,43,240
E00150605,201,26,175
E00150606,309,39,270
E00150607,215,27,188
E00150608,294,41,253
E00150609,371,46,325
E00150610,323,53,270
E00150611,371,72,299
E00150612,263,56,207
E00150613,255,59,196
E00150614,365,103,262
E00150615,383,138,245
E00150616,297,59,238
E00150617,359,98,261
E00150618,276,57,219
E00150619,212,34,178
E00150620,269,48,221
E00150621,308,46,262
E00150622,294,46,248
E00150623,276,62,214
E00150624,286,34,252
E00150625,246,44,202
E00150627,154,16,138
E00150629,287,36,251
E00150630,337,63,274
E00150631,284,33,251
E00150632,278,53,225
E00150633,278,50,228
E00150634,290,60,230
E00150635,319,82,237
E00150636,325,91,234
E00150637,258,37,221
E00150638,285,59,226
E00150639,257,32,225
E00150640,271,50,221
E00150641,235,18,217
E00150642,240,47,193
E00150643,234,21,213
E00150644,348,70,278
E00150645,311,65,246
E00150646,227,34,193
E00150647,273,58,215
E00150648,251,53,198
E00150649,241,29,212
E00150650,312,78,234
E00150651,286,39,247
E00150652,216,64,152
E00150653,418,120,298
E00150654,305,96,209
E00150655,217,14,203
E00150656,214,32,182
E00150657,227,61,166
E00150658,254,80,174
E00150659,280,57,223
E00150660,290,68,222
E00150661,211,33,178
E00150662,171,26,145
E00150663,237,57,180
E00150664,291,36,255
E00150665,374,91,283
E00150666,392,54,338
E00150667,291,36,255
E00150668,288,49,239
E00150669,308,32,276
E00150671,336,41,295
E00150672,342,50,292
E00150673,266,36,230
E00150674,331,42,289
E00150675,255,31,224
E00150676,312,35,277
E00150677,257,33,224
E00150678,269,40,229
E00150679,276,47,229
E00150680,295,48,247
E00150681,200,19,181
E00150682,436,60,376
E00150683,376,61,315
E00150684,248,36,212
E00150685,323,54,269
E00150686,308,63,245
E00150687,258,44,214
E00150688,335,31,304
E00150689,280,55,225
E00150690,280,46,234
E00150691,300,58,242
E00150692,211,24,187
E00150693,340,56,284
E00150694,260,35,225
E00150695,245,28,217
E00150696,220,31,189
E00150697,262,42,220
E00150698,246,36,210
E00150699,241,43,198
E00150700,267,71,196
E00150701,278,54,224
E00150702,249,31,218
E00150703,224,36,188
E00150704,246,42,204
E00150705,303,61,242
E00150706,244,35,209
E00150707,149,11,138
E00150708,243,32,211
E00150709,249,45,204
E00150710,226,28,198
E00150711,176,24,152
E00150712,250,27,223
E00150713,239,53,186
E00150714,271,44,227
E00150715,276,45,231
E00150716,314,67,247
E00150717,254,34,220
E00150718,172,23,149
E00150719,257,44,213
E00150720,430,52,378
E00150721,286,62,224
E00150722,225,45,180
E00150723,305,58,247
E00150724,300,56,244
E00150725,297,43,254
E00150726,291,66,225
E00150727,297,54,243
E00150728,271,40,231
E00150729,303,37,266
E00150730,300,38,262
E00150731,328,66,262
E00150732,285,33,252
E00150733,294,54,240
E00150734,304,40,264
E00150735,290,54,236
E00150736,285,48,237
E00150737,212,27,185
E00150738,344,40,304
E00150739,269,46,223
E00150740,258,34,224
E00150741,269,32,237
E00150742,241,25,216
E00150743,320,48,272
E00150744,254,35,219
E00150745,232,31,201
E00150746,270,47,223
E00150747,293,48,245
E00150748,265,58,207
E00150749,240,38,202
E00150751,148,17,131
E00150752,316,53,263
E00150753,446,87,359
E00150754,179,31,148
E00150755,349,75,274
E00150756,187,10,177
E00150757,265,25,240
E00150758,237,29,208
E00150759,205,21,184
E00150760,245,26,219
E00150761,190,11,179
E00150762,232,22,210
E00150763,242,29,213
E00150764,295,39,256
E00150765,303,48,255
E00150766,332,56,276
E00150767,290,76,214
E00150768,210,21,189
E00150769,237,25,212
E00150770,240,49,191
E00150771,244,37,207
E00150772,250,54,196
E00150773,282,33,249
E00150774,265,39,226
E00150775,278,47,231
E00150776,282,43,239
E00150777,269,48,221
E00150778,255,30,225
E00150779,285,51,234
E00150780,198,33,165
E00150781,258,65,193
E00150782,241,52,189
E00150783,283,48,235
E00150784,220,45,175
E00150785,262,44,218
E00150786,289,80,209
E00150787,267,31,236
E00150788,247,50,197
E00150789,254,39,215
E00150790,284,78,206
E00150791,203,18,185
E00150792,561,150,411
E00150793,264,80,184
E00150795,254,81,173
E00150796,185,29,156
E00150797,195,19,176
E00150798,319,74,245
E00150799,234,15,219
E00150800,289,59,230
E00150801,254,29,225
E00150802,248,46,202
E00150803,239,19,220
E00150804,235,18,217
E00150805,241,21,220
E00150806,242,20,222
E00150807,287,35,252
E00150808,261,50,211
E00150809,235,19,216
E00150810,263,52,211
E00150811,185,28,157
E00150812,194,39,155
E00150813,530,208,322
E00150814,248,47,201
E00150815,330,151,179
E00150816,251,76,175
E00150817,264,75,189
E00150818,290,85,205
E00150819,234,34,200
E00150820,302,55,247
E00150821,281,58,223
E00150822,343,78,265
E00150823,202,39,163
E00150824,324,85,239
E00150825,260,38,222
E00150826,132,2,130
E00150827,273,35,238
E00150828,304,49,255
E00150829,390,113,277
E00150830,253,80,173
E00150832,200,31,169
E00150833,194,60,134
E00150834,247,37,210
E00150835,199,31,168
E00150836,502,327,175
E00150837,239,58,181
E00150838,390,63,327
E00150839,112,13,99
E00150840,256,77,179
E00150841,183,30,153
E00150842,384,119,265
E00150844,231,30,201
E00150845,288,53,235
E00150846,202,63,139
E00150847,265,107,158
E00150848,246,106,140
E00150849,255,93,162
E00150850,285,65,220
E00150851,299,61,238
E00150852,253,56,197
E00150853,234,44,190
E00150854,320,67,253
E00150855,352,119,233
E00150856,302,59,243
E00150857,310,51,259
E00150858,332,80,252
E00150859,283,64,219
E00150860,277,54,223
E00150861,268,48,220
E00150862,267,47,220
E00150863,307,74,233
E00150864,292,46,246
E00150865,273,35,238
E00150866,336,71,265
E00150867,243,28,215
E00150868,260,37,223
E00150869,244,38,206
E00150870,286,40,246
E00150871,212,44,168
E00150872,242,38,204
E00150873,253,45,208
E00150875,288,65,223
E00150876,270,42,228
E00150877,333,44,289
E00150878,241,50,191
E00150879,322,43,279
E00150880,261,36,225
E00150881,265,49,216
E00150882,284,39,245
E00150883,244,26,218
E00150884,232,38,194
E00150885,218,31,187
E00150886,294,51,243
E00150887,234,34,200
E00150888,202,30,172
E00150889,254,36,218
E00150890,195,18,177
E00150891,271,44,227
E00150892,106,0,106
E00150893,228,35,193
E00150894,231,44,187
E00150895,241,29,212
E00150896,244,40,204
E00150897,236,43,193
E00150898,276,28,248
E00150899,211,32,179
E00150900,173,24,149
E00150901,250,47,203
E00150902,247,71,176
E00150903,248,49,199
E00150905,250,21,229
E00150906,383,61,322
E00150907,303,37,266
E00150908,234,30,204
E00150909,276,18,258
E00150910,281,44,237
E00150911,259,40,219
E00150912,261,39,222
E00150913,181,23,158
E00150914,238,28,210
E00150915,279,51,228
E00150916,269,33,236
E00150917,283,57,226
E00150918,429,64,365
E00150919,306,44,262
E00150920,416,76,340
E00150921,277,43,234
E00150922,363,57,306
E00150923,299,41,258
E00150924,240,22,218
E00150925,203,33,170
E00150926,300,37,263
E00150927,292,44,248
E00150928,300,41,259
E00150929,310,63,247
E00150930,273,32,241
E00150931,262,40,222
E00150932,389,86,303
E00150933,332,67,265
E00150934,322,48,274
E00150935,257,41,216
E00150936,337,60,277
E00150937,259,56,203
E00150938,275,34,241
E00150939,344,49,295
E00150940,158,28,130
E00150941,297,33,264
E00150942,464,82,382
E00150943,250,29,221
E00150944,289,37,252
E00150945,264,28,236
E00150946,272,36,236
E00150947,258,46,212
E00150948,266,61,205
E00150949,241,46,195
E00150950,272,23,249
E00150951,228,20,208
E00150952,218,22,196
E00150953,238,29,209
E00150954,258,59,199
E00150956,211,28,183
E00150957,296,67,229
E00150958,236,30,206
E00150959,315,56,259
E00150960,377,53,324
E00150961,246,25,221
E00150962,313,60,253
E00150963,244,35,209
E00150964,300,74,226
E00150965,267,44,223
E00150966,311,47,264
E00150967,243,41,202
E00150968,301,52,249
E00150969,274,48,226
E00150970,477,45,432
E00150971,307,58,249
E00150972,285,53,232
E00150973,293,71,222
E00150974,266,42,224
E00150975,308,60,248
E00150976,224,28,196
E00150977,224,43,181
E00150978,306,63,243
E00150979,301,52,249
E00150980,227,23,204
E00150982,281,45,236
E00150983,252,37,215
E00150984,252,19,233
E00150985,534,48,486
E00150986,348,71,277
E00150987,313,71,242
E00150988,289,44,245
E00150989,250,48,202
E00150990,386,74,312
E00150991,243,25,218
E00150992,405,78,327
E00150993,287,62,225
E00150994,304,64,240
E00150995,292,37,255
E00150996,346,60,286
E00150997,316,49,267
E00150998,322,51,271
E00151000,311,55,256
E00151001,274,32,242
E00151002,277,42,235
E00151003,294,60,234
E00151004,342,66,276
E00151005,262,52,210
E00151006,225,33,192
E00151007,233,55,178
E00151008,373,44,329
E00151009,365,58,307
E00151010,357,70,287
E00151011,289,30,259
E00151012,265,32,233
E00151013,303,53,250
E00151014,283,53,230
E00151015,345,62,283
E00151016,302,59,243
E00151017,273,42,231
E00151018,300,47,253
E00151019,285,32,253
E00151020,401,83,318
E00151021,202,22,180
E00151022,299,46,253
E00151023,241,16,225
E00151024,275,34,241
E00151025,269,35,234
E00151026,285,27,258
E00151027,254,41,213
E00151028,263,39,224
E00151029,260,28,232
E00151030,291,47,244
E00151031,252,47,205
E00151032,245,44,201
E00151033,288,36,252
E00151034,286,40,246
E00151035,259,34,225
E00151036,246,18,228
E00151037,246,53,193
E00151038,280,56,224
E00151039,344,57,287
E00151040,294,27,267
E00151042,253,28,225
E00151043,283,32,251
E00151044,305,44,261
E00151045,390,44,346
E00151047,359,40,319
E00151048,297,37,260
E00151049,435,58,377
E00151050,146,1,145
E00151051,358,57,301
E00151052,268,42,226
E00151053,393,69,324
E00151054,335,58,277
E00151055,355,55,300
E00151057,245,49,196
E00151058,391,77,314
E00151060,338,60,278
E00151062,409,102,307
E00151063,271,57,214
E00151064,235,21,214
E00151065,268,56,212
E00151066,323,73,250
E00151067,315,53,262
E00151068,153,6,147
E00151069,359,38,321
E00151070,271,40,231
E00151071,221,16,205
E00151072,182,26,156
E00151073,331,51,280
E00151074,471,33,438
E00151075,381,64,317
E00151076,211,39,172
E00151077,508,75,433
E00151078,304,61,243
E00151079,363,48,315
E00151080,285,50,235
E00151081,272,40,232
E00151082,295,69,226
E00151083,284,34,250
E00151084,350,36,314
E00151085,137,10,127
E00151086,302,32,270
E00151087,278,45,233
E00151088,353,68,285
E00151089,181,17,164
E00151090,295,43,252
E00151091,329,69,260
E00151092,321,64,257
E00151093,347,54,293
E00151094,337,59,278
E00151095,224,19,205
E00151096,460,73,387
E00151097,266,45,221
E00151098,226,26,200
E00151099,274,35,239
E00151100,268,38,230
E00151101,305,59,246
E00151102,280,55,225
E00151103,249,24,225
E00151104,201,11,190
E00151105,152,14,138
E00151106,252,34,218
E00151107,140,19,121
E00151108,264,32,232
E00151109,388,82,306
E00151110,237,34,203
E00151111,452,67,385
E00151112,287,51,236
E00151113,346,71,275
E00151114,246,43,203
E00151115,286,67,219
E00151116,254,34,220
E00151117,244,25,219
E00151119,264,38,226
E00151121,207,16,191
E00151122,280,35,245
E00151123,313,57,256
E00151124,268,43,225
E00151125,341,53,288
E00151126,277,56,221
E00151127,316,28,288
E00151128,275,37,238
E00151129,288,41,247
E00151130,360,48,312
E00151131,353,51,302
E00151132,300,50,250
E00151133,296,52,244
E00151134,242,22,220
E00151136,280,45,235
E00151137,281,40,241
E00151138,258,43,215
E00151140,223,30,193
E00151141,216,37,179
E00151142,276,60,216
E00151143,300,42,258
E00151144,237,28,209
E00151145,293,57,236
E00151146,215,36,179
E00151147,211,27,184
E00151148,243,28,215
E00151149,306,43,263
E00151150,277,38,239
E00151151,194,14,180
E00151152,268,45,223
E00151153,260,54,206
E00151154,261,40,221
E00151155,297,56,241
E00151156,317,48,269
E00151157,260,27,233
E00151158,260,27,233
E00151159,294,60,234
E00151160,237,50,187
E00151161,223,19,204
E00151162,322,38,284
E00151163,249,63,186
E00151164,136,9,127
E00151165,300,38,262
E00151166,212,39,173
E00151167,259,35,224
E00151168,238,44,194
E00151169,386,58,328
E00151170,393,43,350
E00151171,387,54,333
E00151172,435,88,347
E00151173,321,44,277
E00151174,409,73,336
E00151175,319,51,268
E00151176,313,33,280
E00151177,272,21,251
E00151178,363,50,313
E00151179,262,46,216
E00151180,333,36,297
E00151181,309,32,277
E00151182,337,64,273
E00151183,345,90,255
E00151184,231,29,202
E00151185,276,46,230
E00151186,235,43,192
E00151187,241,26,215
E00151188,225,38,187
E00151189,271,38,233
E00151190,168,29,139
E00151191,251,47,204
E00151192,326,53,273
E00151193,281,45,236
E00151194,279,58,221
E00151195,277,36,241
E00151196,234,33,201
E00151198,224,42,182
E00151200,176,30,146
E00151201,516,94,422
E00151202,335,70,265
E00151203,243,21,222
E00151204,252,33,219
E00151205,255,46,209
E00151206,312,62,250
E00151207,201,29,172
E00151208,283,40,243
E00151209,315,35,280
E00151210,290,47,243
E00151211,208,9,199
E00151212,286,40,246
E00151213,278,39,239
E00151214,277,38,239
E00151215,263,28,235
E00151216,254,30,224
E00151217,338,56,282
E00151218,329,60,269
E00151219,321,54,267
E00151220,307,48,259
E00151221,254,44,210
E00151222,297,36,261
E00151223,237,37,200
E00151224,441,76,365
E00151225,290,51,239
E00151226,283,77,206
E00151227,260,30,230
E00151228,310,37,273
E00151229,316,61,255
E00151230,307,42,265
E00151231,273,40,233
E00151232,298,69,229
E00151233,250,39,211
E00151234,259,53,206
E00151235,271,36,235
E00151236,337,59,278
E00151237,261,69,192
E00151238,229,41,188
E00151239,270,40,230
E00151240,231,34,197
E00151241,266,28,238
E00151242,276,34,242
E00151243,249,14,235
E00151244,264,56,208
E00151245,327,55,272
E00151246,283,42,241
E00151247,349,44,305
E00151248,300,33,267
E00151249,276,43,233
E00151250,235,37,198
E00151251,270,52,218
E00151252,321,89,232
E00151253,293,51,242
E00151254,498,109,389
E00151255,287,49,238
E00151256,221,34,187
E00151257,381,78,303
E00151258,288,53,235
E00151259,277,47,230
E00151260,285,59,226
E00151262,138,1,137
E00151263,147,17,130
E00151264,354,35,319
E00151265,427,77,350
E00151266,292,40,252
E00151267,283,49,234
E00151268,380,40,340
E00151270,297,52,245
E00151271,365,62,303
E00151272,224,25,199
E00151273,419,55,364
E00151274,160,23,137
E00151275,241,33,208
E00151276,362,30,332
E00151277,213,43,170
E00151278,172,26,146
E00151279,230,20,210
E00151280,222,21,201
E00151281,279,54,225
E00151282,281,61,220
E00151283,325,58,267
E00151284,275,48,227
E00151285,259,41,218
E00151286,251,37,214
E00151287,416,46,370
E00151288,175,10,165
E00151289,137,6,131
E00151290,372,62,310
E00151291,267,40,227
E00151293,209,22,187
E00151294,286,71,215
E00151295,268,63,205
E00151296,386,86,300
E00151298,306,69,237
E00151299,231,35,196
E00151300,263,63,200
E00151301,330,76,254
E00151302,342,79,263
E00151303,309,50,259
E00151304,308,88,220
E00151305,241,14,227
E00151306,245,22,223
E00151307,541,78,463
E00151308,453,76,377
E00151309,245,28,217
E00151310,279,37,242
E00151311,355,42,313
E00151312,249,38,211
E00151313,465,85,380
E00151314,263,32,231
E00151315,266,31,235
E00151316,536,92,444
E00151317,259,29,230
E00151318,328,52,276
E00151319,258,29,229
E00151320,270,43,227
E00151321,538,51,487
E00151322,211,20,191
E00151323,366,60,306
E00151324,397,66,331
E00151326,249,24,225
E00151327,281,22,259
E00151328,197,23,174
E00151330,279,55,224
E00151331,283,41,242
E00151332,254,39,215
E00151333,285,49,236
E00151334,268,43,225
E00151335,327,47,280
E00151336,262,35,227
E00151338,292,54,238
E00151339,273,52,221
E00151340,248,17,231
E00151341,243,29,214
E00151342,290,43,247
E00151343,256,44,212
E00151344,301,46,255
E00151345,245,18,227
E00151346,271,49,222
E00151347,259,33,226
E00151349,386,55,331
E00151350,245,40,205
E00151351,253,50,203
E00151352,309,64,245
E00151353,357,48,309
E00151354,277,47,230
E00151355,276,48,228
E00151356,302,56,246
E00151357,273,35,238
E00151358,288,36,252
E00151359,242,25,217
E00151360,291,40,251
E00151361,274,37,237
E00151362,258,26,232
E00151363,303,32,271
E00151364,215,23,192
E00151365,259,25,234
E00151366,278,37,241
E00151367,334,46,288
E00151368,277,36,241
E00151369,525,108,417
E00151370,302,28,274
E00151371,281,41,240
E00151372,207,29,178
E00151373,291,45,246
E00151374,345,52,293
E00151375,392,90,302
E00151376,352,63,289
E00151377,286,36,250
E00151378,370,53,317
E00151379,288,41,247
E00151380,406,64,342
E00151381,273,38,235
E00151382,241,41,200
E00151383,288,47,241
E00151384,230,23,207
E00151385,398,77,321
E00151386,267,48,219
E00151387,269,44,225
E00151388,454,75,379
E00151389,508,85,423
E00151390,314,39,275
E00151391,286,41,245
E00151392,223,29,194
E00151393,253,25,228
E00151394,268,33,235
E00151395,259,29,230
E00151396,396,94,302
E00151397,553,100,453
E00151398,282,37,245
E00151399,370,50,320
E00151400,372,47,325
E00151401,263,29,234
E00151402,363,59,304
E00151403,253,57,196
E00151404,302,69,233
E00151405,233,30,203
E00151406,302,80,222
E00151407,284,70,214
E00151408,241,45,196
E00151409,231,19,212
E00151410,234,28,206
E00151411,245,38,207
E00151412,287,47,240
E00151413,335,90,245
E00151414,264,40,224
E00151415,302,44,258
E00151416,349,86,263
E00151417,301,83,218
E00151418,253,40,213
E00151419,194,21,173
E00151420,211,38,173
E00151421,247,43,204
E00151422,207,35,172
E00151423,340,53,287
E00151424,323,81,242
E00151425,282,51,231
E00151426,296,74,222
E00151427,348,34,314
E00151428,262,67,195
E00151429,275,34,241
E00151430,230,35,195
E00151431,302,72,230
E00151432,252,45,207
E00151433,214,14,200
E00151434,300,54,246
E00151435,261,36,225
E00151436,199,6,193
E00151437,488,102,386
E00151438,254,35,219
E00151439,247,32,215
E00151440,319,59,260
E00151441,199,21,178
E00151442,293,54,239
E00151443,291,55,236
E00151444,288,46,242
E00151445,290,53,237
E00151446,274,66,208
E00151447,270,42,228
E00151448,249,30,219
E00151449,336,55,281
E00151451,350,57,293
E00151452,238,20,218
E00151454,297,61,236
E00151455,293,58,235
E00151456,273,43,230
E00151457,292,66,226
E00151458,320,67,253
E00151459,327,62,265
E00151460,253,58,195
E00151461,306,33,273
E00151462,196,28,168
E00151463,427,112,315
E00151464,310,50,260
E00151465,220,36,184
E00151466,256,27,229
E00151467,251,38,213
E00151468,237,41,196
E00151469,272,46,226
E00151470,285,47,238
E00151471,267,51,216
E00151472,219,30,189
E00151473,280,46,234
E00151474,331,97,234
E00151475,275,65,210
E00151476,282,33,249
E00151477,341,58,283
E00151478,365,64,301
E00151479,225,16,209
E00151480,322,47,275
E00151481,283,71,212
E00151482,291,74,217
E00151483,283,70,213
E00151484,296,43,253
E00151485,283,43,240
E00151487,300,68,232
E00151488,292,59,233
E00151489,289,43,246
E00151490,278,44,234
E00151491,387,55,332
E00151492,315,32,283
E00151493,281,35,246
E00151494,256,30,226
E00151496,543,124,419
E00151497,175,22,153
E00151498,276,62,214
E00151499,182,17,165
E00151500,281,38,243
E00151501,310,57,253
E00151502,384,43,341
E00151503,343,49,294
E00151504,346,60,286
E00151505,283,63,220
E00151506,237,37,200
E00151509,344,78,266
E00151510,248,61,187
E00151511,294,42,252
E00151512,345,104,241
E00151513,337,78,259
E00151514,295,81,214
E00151515,268,49,219
E00151516,279,42,237
E00151517,257,38,219
E00151518,320,67,253
E00151519,498,77,421
E00151520,307,58,249
E00151522,321,66,255
E00151523,288,45,243
E00151524,217,34,183
E00151525,251,40,211
E00151526,276,39,237
E00151527,240,45,195
E00151528,255,37,218
E00151529,290,38,252
E00151530,300,41,259
E00151531,332,65,267
E00151532,267,42,225
E00151533,289,44,245
E00151534,264,49,215
E00151535,346,81,265
E00151536,340,59,281
E00151537,280,45,235
E00151538,307,56,251
E00151539,326,38,288
E00151540,247,46,201
E00151541,257,49,208
E00151542,305,55,250
E00151543,241,48,193
E00151544,255,42,213
E00151545,354,66,288
E00151546,406,44,362
E00151548,151,36,115
E00151549,111,15,96
E00151550,359,47,312
E00151551,194,10,184
E00151552,219,34,185
E00151553,191,12,179
E00151554,326,34,292
E00151555,347,52,295
E00151556,501,92,409
E00151557,196,28,168
E00151558,261,24,237
E00151559,259,45,214
E00151560,247,30,217
E00151561,322,64,258
E00151562,319,65,254
E00151563,229,42,187
E00151564,442,82,360
E00151566,285,50,235
E00151567,228,20,208
E00151568,344,41,303
E00151569,262,34,228
E00151570,324,38,286
E00151571,213,19,194
E00151573,240,41,199
E00151574,257,34,223
E00151575,275,29,246
E00151576,287,57,230
E00151578,241,39,202
E00151579,237,42,195
E00151580,198,42,156
E00151581,250,32,218
E00151582,406,71,335
E00151584,279,36,243
E00151585,286,50,236
E00151586,238,37,201
E00151587,416,58,358
E00151588,479,79,400
E00151589,261,36,225
E00151591,327,110,217
E00151592,329,74,255
E00151593,492,113,379
E00151594,249,37,212
E00151595,223,26,197
E00151596,273,44,229
E00151597,241,32,209
E00151598,337,46,291
E00151599,227,22,205
E00151600,261,42,219
E00151601,319,102,217
E00151602,235,27,208
E00151603,244,46,198
E00151605,245,29,216
E00151606,320,44,276
E00151607,221,43,178
E00151608,261,48,213
E00151609,243,38,205
E00151610,290,36,254
E00151611,283,30,253
E00151612,325,62,263
E00151613,264,45,219
E00151615,265,27,238
E00151616,235,27,208
E00151617,229,28,201
E00151618,243,27,216
E00151619,360,85,275
E00151621,340,72,268
E00151622,309,48,261
E00151623,267,70,197
E00151624,272,50,222
E00151625,331,52,279
E00151626,307,60,247
E00151627,292,47,245
E00151628,265,49,216
E00151629,242,35,207
E00151630,326,77,249
E00151631,335,53,282
E00151632,264,48,216
E00151633,332,55,277
E00151634,312,53,259
E00151635,309,65,244
E00151636,320,76,244
E00151637,492,104,388
E00151638,130,26,104
E00151639,257,43,214
E00151640,267,45,222
E00151641,263,45,218
E00151642,233,32,201
E00151643,292,43,249
E00151644,349,51,298
E00151645,312,49,263
E00151646,134,23,111
E00151647,367,57,310
E00151648,419,54,365
E00151649,281,40,241
E00151650,218,43,175
E00151651,291,67,224
E00151652,252,41,211
E00151653,318,81,237
E00151654,282,64,218
E00151655,232,57,175
E00151656,357,88,269
E00151657,328,79,249
E00151658,341,84,257
E00151659,282,71,211
E00151660,254,42,212
E00151661,262,50,212
E00151662,279,54,225
E00151663,309,64,245
E00151664,243,44,199
E00151665,260,40,220
E00151666,251,48,203
E00151667,420,82,338
E00151668,490,113,377
E00151669,263,58,205
E00151670,303,89,214
E00151671,262,29,233
E00151672,226,20,206
E00151673,272,30,242
E00151674,218,24,194
E00151675,229,22,207
E00151676,302,26,276
E00151677,488,71,417
E00151678,384,42,342
E00151679,279,52,227
E00151680,284,36,248
E00151681,288,48,240
E00151682,298,41,257
E00151683,282,61,221
E00151684,239,23,216
E00151685,314,39,275
E00151686,366,51,315
E00151687,250,25,225
E00151688,230,31,199
E00151689,300,28,272
E00151690,276,21,255
E00151691,432,122,310
E00151692,236,29,207
E00151693,250,29,221
E00151694,265,23,242
E00151695,205,7,198
E00151696,294,45,249
E00151697,277,37,240
E00151698,259,19,240
E00151699,246,32,214
E00151700,296,45,251
E00151701,233,26,207
E00151702,280,74,206
E00151703,284,37,247
E00151704,396,73,323
E00151705,421,87,334
E00151706,284,30,254
E00151707,317,44,273
E00151708,217,17,200
E00151709,204,20,184
E00151710,334,40,294
E00151711,296,50,246
E00151712,234,44,190
E00151713,245,20,225
E00151714,242,23,219
E00151715,291,42,249
E00151716,245,39,206
E00151717,330,33,297
E00151718,237,25,212
E00151719,286,41,245
E00151720,252,34,218
E00151721,349,82,267
E00151722,279,34,245
E00151723,277,44,233
E00151724,276,32,244
E00151725,285,61,224
E00151726,276,44,232
E00151727,283,49,234
E00151728,296,47,249
E00151729,287,48,239
E00151730,258,32,226
E00151731,293,42,251
E00151732,282,57,225
E00151733,398,64,334
E00151734,308,43,265
E00151735,297,32,265
E00151736,505,74,431
E00151737,213,13,200
E00151738,339,40,299
E00151739,272,49,223
E00151740,308,50,258
E00151741,286,33,253
E00151742,249,35,214
E00151743,324,47,277
E00151744,258,37,221
E00151745,457,95,362
E00151746,290,47,243
E00151747,281,42,239
E00151748,278,35,243
E00151749,225,14,211
E00151750,260,42,218
E00151751,292,47,245
E00151752,310,61,249
E00151753,279,38,241
E00151754,271,16,255
E00151755,379,59,320
E00151756,292,66,226
E00151757,330,74,256
E00151758,319,45,274
E00151759,284,35,249
E00151760,256,49,207
E00151761,340,25,315
E00151762,277,50,227
E00151763,261,38,223
E00151764,313,64,249
E00151765,227,40,187
E00151766,260,38,222
E00151767,244,26,218
E00151768,262,35,227
E00151769,342,73,269
E00151770,329,64,265
E00151772,301,56,245
E00151773,279,62,217
E00151774,274,46,228
E00151775,219,18,201
E00151776,256,40,216
E00151777,241,35,206
E00151778,266,51,215
E00151780,307,38,269
E00151781,221,29,192
E00151782,412,55,357
E00151783,328,47,281
E00151784,259,41,218
E00151785,293,44,249
E00151786,388,74,314
E00151787,391,96,295
E00151788,288,39,249
E00151789,336,62,274
E00151790,327,59,268
E00151791,285,44,241
E00151792,289,41,248
E00151794,331,37,294
E00151795,319,48,271
E00151796,314,73,241
E00151797,312,60,252
E00151798,318,43,275
E00151799,467,117,350
E00151800,322,60,262
E00151801,271,43,228
E00151802,243,39,204
E00151803,262,23,239
E00151804,198,18,180
E00151805,319,46,273
E00151806,402,55,347
E00151807,263,39,224
E00151808,317,50,267
E00151809,512,100,412
E00151810,244,40,204
E00151811,205,38,167
E00151812,259,33,226
E00151813,280,47,233
E00151814,334,48,286
E00151815,249,28,221
E00151816,216,33,183
E00151817,256,36,220
E00151819,142,26,116
E00151820,305,40,265
E00151821,400,60,340
E00151822,341,53,288
E00151823,317,49,268
E00151824,363,50,313
E00151825,342,50,292
E00151826,205,25,180
E00151827,225,47,178
E00151828,258,31,227
E00151829,319,48,271
E00151830,235,39,196
E00151831,263,38,225
E00151832,143,21,122
E00151833,367,60,307
E00151834,226,43,183
E00151835,298,57,241
E00151836,259,31,228
E00151837,291,41,250
E00151838,264,39,225
E00151839,229,22,207
E00151840,273,41,232
E00151841,235,22,213
E00151842,142,27,115
E00151843,385,70,315
E00151844,255,48,207
E00151845,306,54,252
E00151846,274,66,208
E00151847,218,36,182
E00151848,410,100,310
E00151849,228,32,196
E00151850,202,25,177
E00151851,234,20,214
E00151852,247,33,214
E00151853,283,41,242
E00151854,122,23,99
E00151855,252,28,224
E00151858,304,37,267
E00151859,377,69,308
E00151860,399,68,331
E00151862,388,58,330
E00151863,387,72,315
E00151864,274,35,239
E00151865,276,41,235
E00151866,480,78,402
E00151867,278,36,242
E00151868,246,22,224
E00151869,304,38,266
E00151870,290,51,239
E00151871,272,30,242
E00151872,298,40,258
E00151873,292,24,268
E00151874,389,62,327
E00151875,269,44,225
E00151876,340,54,286
E00151877,243,34,209
E00151878,193,24,169
E00151879,242,31,211
E00151880,194,16,178
E00151881,205,18,187
E00151882,333,47,286
E00151883,244,27,217
E00151884,274,51,223
E00151885,365,45,320
E00151886,180,16,164
E00151887,303,52,251
E00151888,373,64,309
E00151889,238,35,203
E00151890,273,69,204
E00151891,396,69,327
E00151892,358,91,267
E00151893,267,46,221
E00151894,289,53,236
E00151895,350,93,257
E00151896,279,73,206
E00151897,197,36,161
E00151898,380,57,323
E00151899,288,63,225
E00151900,371,89,282
E00151901,248,48,200
E00151902,312,63,249
E00151903,200,26,174
E00151904,358,59,299
E00151905,234,26,208
E00151906,241,30,211
E00151907,187,17,170
E00151908,286,54,232
E00151909,405,78,327
E00151910,312,56,256
E00151912,347,52,295
E00151913,218,47,171
E00151914,231,38,193
E00151915,201,31,170
E00151916,248,29,219
E00151917,276,61,215
E00151918,367,92,275
E00151919,181,32,149
E00151920,266,40,226
E00151921,298,52,246
E00151922,286,47,239
E00151923,241,37,204
E00151924,284,37,247
E00151925,166,18,148
E00151926,269,42,227
E00151927,247,40,207
E00151928,304,48,256
E00151929,357,41,316
E00151930,319,59,260
E00151931,255,32,223
E00151932,260,33,227
E00151933,270,44,226
E00151934,273,48,225
E00151935,260,29,231
E00151936,255,38,217
E00151937,239,32,207
E00151938,219,34,185
E00151939,255,31,224
E00151940,208,30,178
E00151941,229,36,193
E00151942,199,27,172
E00151943,249,36,213
E00151944,204,27,177
E00151945,289,45,244
E00151946,204,32,172
E00151947,200,24,176
E00151948,304,27,277
E00151949,287,32,255
E00151950,280,37,243
E00151951,287,38,249
E00151952,244,56,188
E00151953,276,40,236
E00151954,293,64,229
E00151955,268,41,227
E00151956,291,51,240
E00151959,251,30,221
E00151960,205,27,178
E00151961,380,78,302
E00151962,361,94,267
E00151963,207,27,180
E00151964,334,96,238
E00151965,191,15,176
E00151967,487,80,407
E00151968,252,45,207
E00151971,267,43,224
E00151972,173,21,152
E00151973,282,60,222
E00151974,394,84,310
E00151975,239,37,202
E00151976,197,13,184
E00151977,232,32,200
E00151978,226,35,191
E00151979,329,99,230
E00151980,263,54,209
E00151981,227,27,200
E00151982,256,31,225
E00151983,234,21,213
E00151984,254,46,208
E00151985,294,58,236
E00151986,210,40,170
E00151987,269,48,221
E00151988,240,49,191
E00151989,267,31,236
E00151990,366,100,266
E00151991,304,52,252
E00151992,294,48,246
E00151993,239,50,189
E00151994,302,66,236
E00151995,289,64,225
E00151996,303,84,219
E00151997,373,90,283
E00151998,358,107,251
E00151999,425,52,373
E00152000,363,54,309
E00152001,333,60,273
E00152002,373,55,318
E00152003,255,29,226
E00152005,268,42,226
E00152006,265,52,213
E00152007,313,51,262
E00152008,324,73,251
E00152009,310,55,255
E00152010,294,52,242
E00152011,321,60,261
E00152012,259,54,205
E00152013,476,91,385
E00152014,469,82,387
E00152015,314,82,232
E00152016,196,25,171
E00152017,307,56,251
E00152018,273,44,229
E00152019,322,88,234
E00152020,306,59,247
E00152021,314,34,280
E00152022,305,49,256
E00152023,245,24,221
E00152024,297,35,262
E00152025,294,61,233
E00152026,255,45,210
E00152027,236,51,185
E00152028,253,34,219
E00152029,337,58,279
E00152030,249,53,196
E00152031,259,44,215
E00152032,555,112,443
E00152033,261,40,221
E00152034,331,59,272
E00152037,189,8,181
E00152038,195,13,182
E00152039,220,8,212
E00152040,193,33,160
E00152041,216,26,190
E00152042,406,80,326
E00152043,141,8,133
E00152044,360,52,308
E00152045,146,1,145
E00152046,159,3,156
E00152047,153,23,130
E00152048,235,34,201
E00152049,228,41,187
E00152050,173,23,150
E00152051,227,61,166
E00152052,222,42,180
E00152053,241,44,197
E00152054,223,41,182
E00152055,189,37,152
E00152056,198,33,165
E00152057,222,28,194
E00152058,419,65,354
E00152059,380,58,322
E00152060,324,102,222
E00152061,310,74,236
E00152062,321,67,254
E00152063,286,65,221
E00152064,272,25,247
E00152065,306,114,192
E00152066,294,82,212
E00152067,279,29,250
E00152068,330,84,246
E00152069,398,103,295
E00152070,319,68,251
E00152071,276,90,186
E00152072,403,111,292
E00152073,267,69,198
E00152074,279,36,243
E00152075,285,38,247
E00152076,266,48,218
E00152077,307,46,261
E00152078,266,37,229
E00152079,302,88,214
E00152080,225,35,190
E00152081,227,26,201
E00152082,207,41,166
E00152083,247,75,172
E00152084,234,75,159
E00152085,324,33,291
E00152086,297,35,262
E00152087,243,59,184
E00152088,243,39,204
E00152089,252,54,198
E00152090,264,41,223
E00152091,300,50,250
E00152093,282,48,234
E00152094,340,61,279
E00152095,299,73,226
E00152096,282,51,231
E00152097,241,23,218
E00152098,338,66,272
E00152099,283,66,217
E00152100,255,37,218
E00152101,342,70,272
E00152102,395,61,334
E00152103,299,40,259
E00152104,228,38,190
E00152105,290,31,259
E00152106,265,50,215
E00152107,250,44,206
E00152108,318,70,248
E00152109,290,56,234
E00152110,243,28,215
E00152111,291,66,225
E00152112,232,40,192
E00152113,330,77,253
E00152114,242,19,223
E00152115,262,39,223
E00152117,315,67,248
E00152118,256,31,225
E00152119,432,61,371
E00152120,327,46,281
E00152121,314,74,240
E00152122,417,80,337
E00152124,262,33,229
E00152125,284,40,244
E00152126,309,63,246
E00152127,249,34,215
E00152128,272,39,233
E00152129,291,53,238
E00152130,291,50,241
E00152131,288,47,241
E00152132,345,82,263
E00152133,275,48,227
E00152134,258,57,201
E00152135,261,38,223
E00152136,209,38,171
E00152137,256,47,209
E00152138,313,85,228
E00152139,284,66,218
E00152140,248,41,207
E00152141,268,51,217
E00152142,342,90,252
E00152143,271,55,216
E00152144,390,63,327
E00152145,227,23,204
E00152146,438,93,345
E00152147,314,50,264
E00152148,343,87,256
E00152149,366,46,320
E00152150,326,49,277
E00152151,291,48,243
E00152152,255,88,167
E00152153,258,51,207
E00152154,357,52,305
E00152155,416,91,325
E00152156,416,66,350
E00152157,331,57,274
E00152158,322,50,272
E00152159,339,61,278
E00152160,257,31,226
E00152162,274,46,228
E00152164,274,53,221
E00152165,354,67,287
E00152166,483,102,381
E00152167,395,79,316
E00152168,407,85,322
E00152169,164,12,152
E00152170,211,21,190
E00152171,239,28,211
E00152172,279,52,227
E00152173,218,36,182
E00152174,535,90,445
E00152175,471,88,383
E00152176,283,36,247
E00152177,445,78,367
E00152178,301,31,270
E00152179,281,52,229
E00152181,302,75,227
E00152182,241,44,197
E00152183,267,46,221
E00152184,308,46,262
E00152185,329,68,261
E00152186,393,84,309
E00152188,333,61,272
E00152189,454,75,379
E00152190,273,45,228
E00152191,243,43,200
E00152192,288,48,240
E00152193,274,50,224
E00152194,186,34,152
E00152195,245,60,185
E00152196,130,38,92
E00152197,279,46,233
E00152198,287,56,231
E00152199,240,45,195
E00152200,266,34,232
E00152201,390,65,325
E00152202,238,40,198
E00152203,310,87,223
E00152204,246,41,205
E00152205,307,57,250
E00152206,239,35,204
E00152207,204,36,168
E00152208,309,41,268
E00152209,283,28,255
E00152210,229,35,194
E00152211,284,45,239
E00152212,259,43,216
E00152213,248,42,206
E00152214,117,17,100
E00152215,103,12,91
E00152216,236,16,220
E00152217,212,28,184
E00152218,223,61,162
E00152219,229,24,205
E00152220,119,12,107
E00152221,302,40,262
E00152222,256,43,213
E00152223,270,52,218
E00152224,276,32,244
E00152225,285,39,246
E00152226,224,22,202
E00152227,290,56,234
E00152228,261,37,224
E00152229,261,54,207
E00152230,381,71,310
E00152231,412,84,328
E00152232,306,49,257
E00152233,238,32,206
E00152234,363,60,303
E00152235,281,48,233
E00152236,182,29,153
E00152237,114,14,100
E00152238,313,35,278
E00152239,268,30,238
E00152240,455,75,380
E00152241,310,83,227
E00152242,338,30,308
E00152243,424,67,357
E00152244,246,42,204
E00152245,210,34,176
E00152246,168,16,152
E00152247,372,63,309
E00152248,298,57,241
E00152249,257,41,216
E00152250,395,55,340
E00152251,300,37,263
E00152252,248,33,215
E00152253,228,33,195
E00152254,312,43,269
E00152255,281,45,236
E00152256,262,47,215
E00152257,253,30,223
E00152258,284,50,234
E00152259,416,86,330
E00152260,234,29,205
E00152261,311,33,278
E00152262,298,33,265
E00152263,297,37,260
E00152264,241,38,203
E00152265,192,33,159
E00152266,455,100,355
E00152267,319,46,273
E00152268,303,54,249
E00152269,333,53,280
E00152270,424,66,358
E00152271,274,44,230
E00152272,261,46,215
E00152273,274,31,243
E00152274,359,72,287
E00152275,280,38,242
E00152276,267,51,216
E00152277,279,52,227
E00152278,305,50,255
E00152279,356,62,294
E00152280,285,43,242
E00152281,284,41,243
E00152282,213,23,190
E00152283,258,50,208
E00152284,312,47,265
E00152285,427,105,322
E00152286,337,45,292
E00152287,337,32,305
E00152288,334,37,297
E00152289,261,47,214
E00152290,280,60,220
E00152291,371,57,314
E00152292,293,41,252
E00152293,281,25,256
E00152294,348,41,307
E00152295,247,31,216
E00152296,291,52,239
E00152297,341,55,286
E00152298,253,38,215
E00152299,276,28,248
E00152301,316,41,275
E00152302,372,35,337
E00152303,314,83,231
E00152304,280,78,202
E00152305,332,75,257
E00152306,294,62,232
E00152307,302,73,229
E00152310,335,66,269
E00152311,229,37,192
E00152312,264,44,220
E00152313,277,36,241
E00152314,304,59,245
E00152315,211,30,181
E00152316,263,40,223
E00152317,294,79,215
E00152318,402,133,269
E00152319,337,49,288
E00152320,309,63,246
E00152321,299,67,232
E00152322,262,40,222
E00152323,238,33,205
E00152324,112,23,89
E00152325,244,22,222
E00152327,312,34,278
E00152328,230,34,196
E00152330,250,16,234
E00152331,301,92,209
E00152332,225,34,191
E00152333,323,76,247
E00152334,300,52,248
E00152335,248,20,228
E00152336,256,45,211
E00152337,286,48,238
E00152338,247,40,207
E00152339,289,51,238
E00152340,310,54,256
E00152341,315,52,263
E00152342,280,32,248
E00152343,267,49,218
E00152344,221,29,192
E00152345,270,60,210
E00152346,187,20,167
E00152347,303,62,241
E00152349,365,80,285
E00152350,213,21,192
E00152351,384,90,294
E00152352,296,45,251
E00152353,262,41,221
E00152354,343,46,297
E00152355,239,22,217
E00152356,245,18,227
E00152357,329,47,282
E00152358,211,11,200
E00152359,219,30,189
E00152360,274,16,258
E00152361,489,72,417
E00152362,203,19,184
E00152363,251,34,217
E00152364,274,38,236
E00152365,293,50,243
E00152366,224,28,196
E00152367,282,55,227
E00152368,457,53,404
E00152369,263,23,240
E00152370,250,30,220
E00152371,241,26,215
E00152372,144,21,123
E00152373,418,52,366
E00152374,280,41,239
E00152375,326,20,306
E00152376,315,66,249
E00152377,311,49,262
E00152378,209,33,176
E00152379,204,32,172
E00152380,346,21,325
E00152381,178,30,148
E00152382,255,35,220
E00152383,306,46,260
E00152384,253,40,213
E00152385,276,33,243
E00152386,299,46,253
E00152387,263,20,243
E00152388,260,36,224
E00152389,356,44,312
E00152390,461,87,374
E00152391,297,59,238
E00152392,352,63,289
E00152393,334,45,289
E00152394,113,19,94
E00152395,280,54,226
E00152396,323,61,262
E00152397,279,44,235
E00152398,201,36,165
E00152399,218,23,195
E00152400,386,80,306
E00152401,346,71,275
E00152402,177,23,154
E00152403,348,71,277
E00152404,324,42,282
E00152405,194,28,166
E00152406,247,27,220
E00152407,264,42,222
E00152408,394,70,324
E00152409,169,20,149
E00152410,208,24,184
E00152411,276,28,248
E00152412,323,65,258
E00152413,302,40,262
E00152414,276,36,240
E00152415,209,21,188
E00152416,194,23,171
E00152417,278,48,230
E00152419,236,36,200
E00152420,330,60,270
E00152421,248,46,202
E00152422,290,53,237
E00152423,212,36,176
E00152424,201,16,185
E00152425,272,57,215
E00152426,205,28,177
E00152427,293,68,225
E00152428,252,34,218
E00152429,302,54,248
E00152430,267,30,237
E00152431,296,46,250
E00152432,181,24,157
E00152433,180,38,142
E00152434,369,59,310
E00152435,244,49,195
E00152436,315,41,274
E00152437,400,50,350
E00152438,132,14,118
E00152439,373,87,286
E00152440,523,94,429
E00152441,308,36,272
E00152442,271,18,253
E00152443,462,125,337
E00152444,231,29,202
E00152445,225,20,205
E00152446,261,69,192
E00152447,299,59,240
E00152448,319,70,249
E00152449,426,60,366
E00152450,241,11,230
E00152451,240,27,213
E00152452,280,35,245
E00152453,223,23,200
E00152454,273,42,231
E00152455,302,34,268
E00152456,253,44,209
E00152457,331,38,293
E00152458,380,111,269
E00152460,410,69,341
E00152461,275,36,239
E00152462,298,55,243
E00152463,284,58,226
E00152464,280,35,245
E00152465,285,47,238
E00152466,299,65,234
E00152467,323,43,280
E00152468,315,39,276
E00152469,316,42,274
E00152470,307,53,254
E00152471,349,28,321
E00152472,265,11,254
E00152473,233,17,216
E00152474,138,2,136
E00152475,420,63,357
E00152476,257,40,217
E00152477,277,20,257
E00152478,347,41,306
E00152479,242,30,212
E00152480,319,45,274
E00152481,235,15,220
E00152482,272,45,227
E00152483,251,41,210
E00152484,255,42,213
E00152485,277,55,222
E00152486,182,32,150
E00152487,297,46,251
E00152488,227,33,194
E00152489,338,47,291
E00152490,265,38,227
E00152491,292,51,241
E00152492,291,33,258
E00152493,455,109,346
E00152494,304,39,265
E00152495,351,40,311
E00152496,253,36,217
E00152497,343,42,301
E00152498,181,15,166
E00152499,268,24,244
E00152500,259,46,213
E00152502,211,22,189
E00152503,272,48,224
E00152504,337,28,309
E00152506,321,43,278
E00152507,273,34,239
E00152508,244,49,195
E00152509,206,19,187
E00152510,259,49,210
E00152511,275,39,236
E00152512,239,33,206
E00152513,250,31,219
E00152514,267,26,241
E00152515,194,17,177
E00152516,355,85,270
E00152517,315,82,233
E00152518,297,67,230
E00152519,400,61,339
E00152520,304,61,243
E00152521,231,12,219
E00152522,392,78,314
E00152523,306,58,248
E00152524,420,54,366
E00152525,212,35,177
E00152526,239,25,214
E00152527,246,37,209
E00152528,208,24,184
E00152529,304,66,238
E00152530,253,24,229
E00152531,315,70,245
E00152532,247,23,224
E00152533,378,46,332
E00152534,235,20,215
E00152535,318,57,261
E00152536,338,47,291
E00152537,236,26,210
E00152538,238,28,210
E00152539,306,63,243
E00152540,229,32,197
E00152541,186,13,173
E00152550,270,53,217
E00152552,433,38,395
E00152556,298,38,260
E00152557,352,73,279
E00152558,267,49,218
E00152562,138,25,113
E00152563,338,54,284
E00152564,354,52,302
E00152568,258,17,241
E00152569,269,29,240
E00152570,358,71,287
E00152571,247,31,216
E00152572,547,112,435
E00152573,261,46,215
E00152574,238,38,200
E00152575,284,32,252
E00152576,288,62,226
E00152577,295,76,219
E00152579,277,78,199
E00152580,344,74,270
E00152581,327,101,226
E00152582,229,23,206
E00152583,273,50,223
E00152584,268,44,224
E00152585,215,29,186
E00152586,459,131,328
E00152587,210,29,181
E00152588,362,61,301
E00152589,134,18,116
E00152590,388,59,329
E00152591,320,45,275
E00152592,150,22,128
E00152593,378,60,318
E00152594,399,62,337
E00152595,403,73,330
E00152596,307,42,265
E00152597,292,41,251
E00152598,480,57,423
E00152599,297,55,242
E00152600,268,23,245
E00152601,300,37,263
E00152602,346,60,286
E00152603,259,40,219
E00152604,261,42,219
E00152605,240,28,212
E00152606,278,43,235
E00152607,387,77,310
E00152608,241,21,220
E00152609,270,45,225
E00152610,325,41,284
E00152611,294,38,256
E00152613,346,46,300
E00152614,213,25,188
E00152615,410,56,354
E00152616,283,40,243
E00152617,357,65,292
E00152618,341,54,287
E00152619,308,49,259
E00152620,308,18,290
E00152621,226,33,193
E00152623,253,26,227
E00152624,285,49,236
E00152625,391,44,347
E00152626,284,54,230
E00152627,312,49,263
E00152628,260,16,244
E00152629,269,30,239
E00152631,254,38,216
E00152632,459,88,371
E00152634,216,29,187
E00152635,217,27,190
E00152636,274,69,205
E00152637,232,25,207
E00152638,259,35,224
E00152639,299,27,272
E00152640,283,51,232
E00152641,276,41,235
E00152642,285,71,214
E00152643,349,31,318
E00152644,240,28,212
E00152645,284,58,226
E00152646,390,60,330
E00152647,260,28,232
E00152648,266,43,223
E00152649,215,16,199
E00152650,257,62,195
E00152651,303,48,255
E00152652,247,43,204
E00152653,246,52,194
E00152654,302,61,241
E00152655,284,73,211
E00152656,372,73,299
E00152657,342,42,300
E00152658,465,103,362
E00152659,224,39,185
E00152660,274,20,254
E00152661,225,20,205
E00152662,217,14,203
E00152663,321,37,284
E00152664,245,59,186
E00152665,298,33,265
E00152666,253,46,207
E00152667,238,28,210
E00152668,206,30,176
E00152669,216,32,184
E00152670,464,95,369
E00152672,375,48,327
E00152673,296,27,269
E00152674,238,28,210
E00152675,274,35,239
E00152676,220,19,201
E00152677,208,25,183
E00152679,191,30,161
E00152680,218,26,192
E00152681,245,31,214
E00152685,318,33,285
E00152686,293,58,235
E00152688,280,60,220
E00152690,321,69,252
E00152691,277,63,214
E00152692,275,46,229
E00152693,294,62,232
E00152694,523,122,401
E00152695,267,40,227
E00152696,225,31,194
E00152697,244,41,203
E00152698,243,34,209
E00152699,378,42,336
E00152700,298,52,246
E00152701,309,56,253
E00152702,294,58,236
E00152703,181,17,164
E00152704,406,150,256
E00152705,319,74,245
E00152706,255,47,208
E00152707,329,82,247
E00152708,272,45,227
E00152709,343,66,277
E00152710,255,54,201
E00152711,279,51,228
E00152712,268,53,215
E00152713,301,62,239
E00152714,245,24,221
E00152715,293,68,225
E00152718,319,38,281
E00152719,270,21,249
E00152720,294,58,236
E00152721,222,18,204
E00152722,286,31,255
E00152723,367,72,295
E00152724,232,29,203
E00152725,261,42,219
E00152726,252,37,215
E00152727,277,37,240
E00152728,270,40,230
E00152729,322,59,263
E00152730,306,34,272
E00152731,327,67,260
E00152732,329,64,265
E00152733,296,80,216
E00152734,352,73,279
E00152735,362,82,280
E00152736,423,42,381
E00152737,275,40,235
E00152738,225,24,201
E00152739,311,49,262
E00152740,235,19,216
E00152741,307,67,240
E00152744,262,36,226
E00152745,269,60,209
E00152746,316,88,228
E00152747,299,84,215
E00152748,327,52,275
E00152749,350,68,282
E00152751,240,36,204
E00152752,428,115,313
E00152753,285,52,233
E00152754,306,56,250
E00152755,262,42,220
E00152756,261,64,197
E00152757,252,37,215
E00152758,274,52,222
E00152759,355,95,260
E00152760,302,39,263
E00152761,369,85,284
E00152762,293,65,228
E00152763,263,41,222
E00152764,281,39,242
E00152765,270,33,237
E00152766,278,50,228
E00152767,267,49,218
E00152768,278,39,239
E00152769,290,53,237
E00152770,284,51,233
E00152771,302,47,255
E00152772,295,42,253
E00152773,326,65,261
E00152774,312,69,243
E00152775,322,74,248
E00152776,279,33,246
E00152777,287,27,260
E00152778,278,40,238
E00152779,251,28,223
E00152780,316,58,258
E00152781,310,55,255
E00152782,368,72,296
E00152783,234,32,202
E00152784,280,53,227
E00152785,311,50,261
E00152786,362,115,247
E00152787,324,92,232
E00152788,353,106,247
E00152789,355,99,256
E00152790,289,65,224
E00152791,291,31,260
E00152792,357,89,268
E00152793,264,43,221
E00152794,303,50,253
E00152795,287,59,228
E00152796,363,112,251
E00152797,312,61,251
E00152798,202,34,168
E00152799,259,48,211
E00152800,277,48,229
E00152801,299,56,243
E00152802,324,60,264
E00152803,305,50,255
E00152804,348,89,259
E00152805,318,99,219
E00152806,276,57,219
E00152807,205,19,186
E00152808,351,88,263
E00152809,344,99,245
E00152810,255,57,198
E00152811,305,71,234
E00152812,331,34,297
E00152813,433,119,314
E00152814,383,77,306
E00152815,333,42,291
E00152816,311,91,220
E00152817,389,101,288
E00152818,274,64,210
E00152819,296,85,211
E00152820,312,77,235
E00152821,250,46,204
E00152822,302,38,264
E00152823,197,42,155
E00152824,295,44,251
E00152826,238,37,201
E00152827,267,34,233
E00152828,295,56,239
E00152829,373,60,313
E00152830,344,90,254
E00152831,260,37,223
E00152833,270,72,198
E00152834,298,82,216
E00152835,308,74,234
E00152836,327,95,232
E00152837,292,72,220
E00152838,281,37,244
E00152839,278,40,238
E00152840,377,65,312
E00152841,284,49,235
E00152842,297,48,249
E00152843,326,75,251
E00152844,266,38,228
E00152845,285,53,232
E00152847,337,80,257
E00152848,284,52,232
E00152849,325,51,274
E00152850,273,44,229
E00152851,286,45,241
E00152852,226,24,202
E00152853,338,64,274
E00152854,276,53,223
E00152855,287,42,245
E00152856,349,46,303
E00152857,265,33,232
E00152858,367,62,305
E00152859,323,64,259
E00152860,311,83,228
E00152861,363,98,265
E00152862,325,83,242
E00152863,322,91,231
E00152864,327,71,256
E00152865,322,83,239
E00152866,543,171,372
E00152867,348,95,253
E00152869,301,75,226
E00152870,283,81,202
E00152871,355,97,258
E00152872,382,98,284
E00152873,343,70,273
E00152874,355,53,302
E00152875,299,49,250
E00152876,269,22,247
E00152877,340,79,261
E00152878,258,58,200
E00152879,293,68,225
E00152880,350,73,277
E00152881,334,57,277
E00152882,306,84,222
E00152883,340,93,247
E00152884,525,136,389
E00152885,339,100,239
E00152886,333,78,255
E00152887,263,61,202
E00152888,171,19,152
E00152889,331,88,243
E00152890,324,83,241
E00152891,316,74,242
E00152892,323,72,251
E00152893,310,70,240
E00152894,301,59,242
E00152895,317,65,252
E00152896,327,79,248
E00152897,289,68,221
E00152898,294,73,221
E00152899,263,57,206
E00152900,319,82,237
E00152901,177,13,164
E00152902,309,79,230
E00152903,185,11,174
E00152904,342,63,279
E00152905,416,63,353
E00152906,334,59,275
E00152907,325,63,262
E00152908,300,59,241
E00152909,299,64,235
E00152910,332,66,266
E00152911,335,62,273
E00152912,278,44,234
E00152913,168,17,151
E00152914,270,56,214
E00152915,338,81,257
E00152916,324,67,257
E00152917,293,60,233
E00152918,296,64,232
E00152920,333,68,265
E00152921,244,44,200
E00152922,425,94,331
E00152923,328,74,254
E00152925,311,69,242
E00152926,305,46,259
E00152927,308,48,260
E00152928,395,86,309
E00152929,192,25,167
E00152930,360,56,304
E00152931,274,41,233
E00152932,329,64,265
E00152933,410,87,323
E00152934,312,61,251
E00152935,325,64,261
E00152936,264,62,202
E00152937,340,80,260
E00152939,338,75,263
E00152940,298,54,244
E00152941,336,102,234
E00152942,250,38,212
E00152943,256,47,209
E00152944,310,65,245
E00152945,260,74,186
E00152946,281,49,232
E00152947,406,59,347
E00152948,255,50,205
E00152949,228,22,206
E00152950,276,56,220
E00152951,162,27,135
E00152952,349,80,269
E00152953,276,33,243
E00152954,173,16,157
E00152955,366,53,313
E00152956,306,72,234
E00152957,177,27,150
E00152958,260,63,197
E00152959,193,29,164
E00152960,306,76,230
E00152961,306,70,236
E00152962,282,78,204
E00152963,269,36,233
E00152964,285,63,222
E00152965,208,27,181
E00152966,254,31,223
E00152967,243,44,199
E00152968,253,42,211
E00152969,225,24,201
E00152970,300,59,241
E00152971,304,59,245
E00152972,286,52,234
E00152973,235,37,198
E00152974,262,37,225
E00152975,331,85,246
E00152976,237,39,198
E00152977,273,61,212
E00152978,258,53,205
E00152979,250,60,190
E00152980,280,67,213
E00152981,289,39,250
E00152982,254,38,216
E00152983,185,26,159
E00152984,308,49,259
E00152985,260,36,224
E00152986,256,21,235
E00152987,288,36,252
E00152988,246,38,208
E00152989,234,35,199
E00152990,238,43,195
E00152991,228,55,173
E00152992,331,103,228
E00152993,288,55,233
E00152994,417,100,317
E00152995,222,32,190
E00152996,291,93,198
E00152997,229,35,194
E00152998,270,68,202
E00152999,275,36,239
E00153000,295,108,187
E00153001,351,100,251
E00153002,236,30,206
E00153003,246,37,209
E00153004,274,46,228
E00153005,265,33,232
E00153006,308,49,259
E00153007,278,45,233
E00153008,365,62,303
E00153009,350,56,294
E00153010,394,102,292
E00153011,323,69,254
E00153012,317,73,244
E00153013,331,78,253
E00153014,280,53,227
E00153015,279,64,215
E00153016,245,46,199
E00153017,278,61,217
E00153019,256,46,210
E00153020,304,47,257
E00153021,304,71,233
E00153022,375,93,282
E00153023,200,33,167
E00153024,285,34,251
E00153025,260,68,192
E00153026,299,41,258
E00153027,273,44,229
E00153030,305,68,237
E00153031,254,65,189
E00153032,278,26,252
E00153033,329,51,278
E00153034,280,71,209
E00153036,339,105,234
E00153037,302,44,258
E00153038,283,80,203
E00153039,201,29,172
E00153040,251,46,205
E00153041,241,57,184
E00153042,321,48,273
E00153043,325,83,242
E00153044,428,99,329
E00153045,261,36,225
E00153048,360,95,265
E00153049,294,60,234
E00153050,180,31,149
E00153051,299,66,233
E00153053,393,113,280
E00153054,250,36,214
E00153055,446,89,357
E00153056,276,61,215
E00153057,287,59,228
E00153058,272,39,233
E00153059,269,32,237
E00153060,250,21,229
E00153061,259,56,203
E00153062,409,72,337
E00153063,260,22,238
E00153064,355,103,252
E00153065,347,71,276
E00153066,242,46,196
E00153067,342,92,250
E00153068,269,43,226
E00153069,386,117,269
E00153070,182,20,162
E00153071,249,55,194
E00153072,376,101,275
E00153073,301,42,259
E00153074,374,100,274
E00153075,310,36,274
E00153076,400,101,299
E00153077,250,27,223
E00153078,293,61,232
E00153079,350,91,259
E00153080,287,24,263
E00153081,262,31,231
E00153082,339,98,241
E00153083,350,95,255
E00153084,330,42,288
E00153085,244,38,206
E00153086,285,49,236
E00153087,220,30,190
E00153088,227,21,206
E00153089,143,14,129
E00153090,365,57,308
E00153091,394,68,326
E00153092,405,52,353
E00153093,417,62,355
E00153094,365,46,319
E00153095,474,85,389
E00153096,329,46,283
E00153097,190,29,161
E00153098,248,35,213
E00153099,188,16,172
E00153100,371,63,308
E00153101,547,72,475
E00153102,294,28,266
E00153103,387,65,322
E00153104,356,48,308
E00153105,320,32,288
E00153106,335,41,294
E00153107,336,45,291
E00153108,384,51,333
E00153109,474,99,375
E00153110,252,17,235
E00153111,305,41,264
E00153112,256,15,241
E00153113,297,55,242
E00153114,239,32,207
E00153115,111,17,94
E00153116,283,26,257
E00153117,407,63,344
E00153118,340,70,270
E00153120,266,39,227
E00153121,363,53,310
E00153122,350,68,282
E00153123,298,53,245
E00153124,480,86,394
E00153125,387,63,324
E00153126,263,28,235
E00153127,290,37,253
E00153128,228,40,188
E00153129,499,111,388
E00153130,344,63,281
E00153131,241,42,199
E00153132,394,61,333
E00153133,148,31,117
E00153134,170,17,153
E00153135,245,59,186
E00153136,323,67,256
E00153137,420,87,333
E00153138,287,40,247
E00153139,338,68,270
E00153140,317,61,256
E00153141,286,49,237
E00153142,147,23,124
E00153143,420,74,346
E00153144,257,33,224
E00153145,313,35,278
E00153146,404,65,339
E00153147,251,36,215
E00153148,546,115,431
E00153150,366,54,312
E00153151,307,50,257
E00153152,249,26,223
E00153153,295,48,247
E00153154,439,105,334
E00153156,487,72,415
E00153157,257,42,215
E00153158,279,44,235
E00153159,382,62,320
E00153160,326,42,284
E00153161,263,34,229
E00153162,358,59,299
E00153163,277,57,220
E00153164,236,37,199
E00153165,280,33,247
E00153166,228,40,188
E00153167,308,45,263
E00153168,401,45,356
E00153169,370,42,328
E00153170,390,43,347
E00153171,159,23,136
E00153172,392,52,340
E00153173,438,69,369
E00153174,290,62,228
E00153175,540,93,447
E00153176,202,23,179
E00153177,337,50,287
E00153178,448,66,382
E00153179,318,45,273
E00153180,318,46,272
E00153181,269,37,232
E00153182,359,68,291
E00153183,309,31,278
E00153184,263,37,226
E00153185,268,42,226
E00153186,371,77,294
E00153187,346,53,293
E00153188,260,52,208
E00153189,361,46,315
E00153190,330,50,280
E00153191,210,28,182
E00153192,155,32,123
E00153193,206,31,175
E00153194,176,25,151
E00153195,281,39,242
E00153196,266,44,222
E00153197,309,39,270
E00153198,263,38,225
E00153199,164,26,138
E00153200,184,18,166
E00153201,323,50,273
E00153202,225,29,196
E00153203,324,51,273
E00153204,216,37,179
E00153205,266,23,243
E00153206,489,88,401
E00153207,512,87,425
E00153208,297,45,252
E00153209,387,47,340
E00153210,285,40,245
E00153211,227,27,200
E00153212,244,28,216
E00153213,248,36,212
E00153214,261,33,228
E00153215,239,32,207
E00153216,234,25,209
E00153217,315,40,275
E00153218,295,29,266
E00153219,248,39,209
E00153220,252,39,213
E00153221,375,51,324
E00153222,382,47,335
E00153223,211,22,189
E00153224,305,62,243
E00153225,441,76,365
E00153226,335,45,290
E00153227,480,123,357
E00153228,222,40,182
E00153230,321,61,260
E00153232,546,88,458
E00153233,284,49,235
E00153234,293,39,254
E00153235,372,56,316
E00153236,206,38,168
E00153237,136,8,128
E00153238,577,96,481
E00153239,136,31,105
E00153240,430,49,381
E00153241,449,71,378
E00153242,125,21,104
E00153243,295,44,251
E00153244,313,42,271
E00153245,318,58,260
E00153247,365,54,311
E00153248,319,49,270
E00153249,150,30,120
E00153250,297,39,258
E00153252,410,54,356
E00153253,410,72,338
E00153254,285,47,238
E00153256,368,65,303
E00153257,284,57,227
E00153258,321,60,261
E00153259,238,22,216
E00153260,481,68,413
E00153261,458,68,390
E00153262,495,50,445
E00153263,456,50,406
E00153264,310,36,274
E00153266,340,57,283
E00153267,231,27,204
E00153268,273,46,227
E00153269,319,41,278
E00153270,317,52,265
E00153271,250,47,203
E00153272,281,66,215
E00153273,235,23,212
E00153274,340,35,305
E00153275,224,7,217
E00153276,240,15,225
E00153277,220,23,197
E00153278,257,32,225
E00153279,307,39,268
E00153280,249,16,233
E00153281,295,40,255
E00153282,258,20,238
E00153283,327,56,271
E00153285,419,67,352
E00153287,278,59,219
E00153288,250,33,217
E00153289,347,56,291
E00153290,282,57,225
E00153292,219,33,186
E00153293,284,58,226
E00153294,262,37,225
E00153295,279,34,245
E00153296,298,45,253
E00153297,456,60,396
E00153298,300,89,211
E00153299,243,47,196
E00153300,485,105,380
E00153301,263,41,222
E00153302,364,74,290
E00153303,259,70,189
E00153304,212,28,184
E00153305,270,45,225
E00153306,307,62,245
E00153307,298,95,203
E00153308,249,21,228
E00153309,329,70,259
E00153310,232,38,194
E00153311,299,46,253
E00153312,312,35,277
E00153313,293,48,245
E00153314,333,53,280
E00153315,246,15,231
E00153316,249,39,210
E00153317,304,63,241
E00153318,333,58,275
E00153319,259,35,224
E00153320,231,31,200
E00153321,386,60,326
E00153322,304,39,265
E00153324,344,47,297
E00153325,331,52,279
E00153326,280,16,264
E00153327,404,70,334
E00153328,308,33,275
E00153329,249,27,222
E00153330,420,42,378
E00153331,279,44,235
E00153332,397,75,322
E00153333,329,54,275
E00153334,264,43,221
E00153335,329,30,299
E00153336,379,59,320
E00153337,331,64,267
E00153338,239,36,203
E00153339,286,36,250
E00153340,297,52,245
E00153341,358,57,301
E00153342,341,37,304
E00153343,323,53,270
E00153344,490,103,387
E00153345,289,47,242
E00153346,245,29,216
E00153347,298,49,249
E00153348,383,67,316
E00153349,301,41,260
E00153350,326,63,263
E00153351,322,61,261
E00153352,275,26,249
E00153353,392,82,310
E00153354,359,48,311
E00153355,185,27,158
E00153356,269,37,232
E00153357,220,41,179
E00153358,290,56,234
E00153359,332,52,280
E00153360,363,52,311
E00153361,137,21,116
E00153362,331,59,272
E00153363,339,46,293
E00153364,244,35,209
E00153365,296,24,272
E00153366,229,20,209
E00153367,247,23,224
E00153368,244,34,210
E00153369,333,36,297
E00153370,423,96,327
E00153371,203,33,170
E00153372,336,51,285
E00153373,381,58,323
E00153375,230,44,186
E00153376,171,25,146
E00153378,402,68,334
E00153379,396,68,328
E00153380,255,42,213
E00153381,238,12,226
E00153382,342,86,256
E00153383,261,37,224
E00153384,295,53,242
E00153385,220,14,206
E00153386,301,33,268
E00153387,261,27,234
E00153388,263,48,215
E00153389,235,40,195
E00153390,248,32,216
E00153391,268,32,236
E00153392,188,19,169
E00153393,177,16,161
E00153394,351,25,326
E00153395,244,13,231
E00153396,370,34,336
E00153397,242,22,220
E00153398,216,39,177
E00153399,517,105,412
E00153400,109,14,95
E00153401,252,33,219
E00153402,312,64,248
E00153403,354,41,313
E00153404,128,23,105
E00153405,152,17,135
E00153406,337,66,271
E00153407,174,24,150
E00153408,346,72,274
E00153409,366,34,332
E00153410,242,25,217
E00153411,297,34,263
E00153412,238,47,191
E00153414,110,10,100
E00153416,232,34,198
E00153417,255,28,227
E00153418,311,65,246
E00153419,395,69,326
E00153420,279,48,231
E00153421,531,108,423
E00153422,337,50,287
E00153423,154,28,126
E00153424,269,53,216
E00153425,182,32,150
E00153426,305,36,269
E00153427,323,52,271
E00153428,143,21,122
E00153429,279,33,246
E00153430,234,16,218
E00153431,97,10,87
E00153432,109,13,96
E00153433,196,29,167
E00153434,211,29,182
E00153435,148,21,127
E00153436,378,68,310
E00153437,133,22,111
E00153438,279,38,241
E00153439,290,37,253
E00153440,304,46,258
E00153441,125,15,110
E00153442,465,79,386
E00153443,257,27,230
E00153444,320,32,288
E00153445,231,20,211
E00153446,374,65,309
E00153447,294,53,241
E00153448,471,90,381
E00153449,268,44,224
E00153450,386,39,347
E00153451,297,21,276
E00153452,164,11,153
E00153454,201,17,184
E00153455,222,9,213
E00153456,169,16,153
E00153457,219,19,200
E00153458,233,35,198
E00153459,374,39,335
E00153462,298,53,245
E00153463,267,15,252
E00153464,362,39,323
E00153465,293,36,257
E00153466,298,54,244
E00153467,332,64,268
E00153469,297,51,246
E00153470,226,17,209
E00153471,305,47,258
E00153472,330,60,270
E00153473,328,46,282
E00153474,334,65,269
E00153475,321,73,248
E00153476,312,75,237
E00153477,328,81,247
E00153478,312,70,242
E00153479,375,75,300
E00153480,311,63,248
E00153481,313,58,255
E00153483,279,31,248
E00153484,290,50,240
E00153485,322,49,273
E00153487,327,58,269
E00153488,316,52,264
E00153489,290,31,259
E00153490,256,40,216
E00153491,359,76,283
E00153492,377,82,295
E00153493,349,76,273
E00153494,291,37,254
E00153496,315,55,260
E00153497,334,60,274
E00153498,309,47,262
E00153499,334,66,268
E00153500,308,52,256
E00153501,369,51,318
E00153502,297,41,256
E00153503,513,96,417
E00153504,237,42,195
E00153506,278,43,235
E00153507,225,39,186
E00153508,303,81,222
E00153509,249,31,218
E00153510,229,20,209
E00153511,315,48,267
E00153512,296,70,226
E00153513,269,78,191
E00153514,254,54,200
E00153516,322,83,239
E00153517,348,54,294
E00153518,315,63,252
E00153519,303,55,248
E00153520,370,99,271
E00153521,433,84,349
E00153522,345,90,255
E00153523,359,78,281
E00153524,320,67,253
E00153525,302,35,267
E00153526,294,55,239
E00153527,355,85,270
E00153528,386,84,302
E00153529,293,70,223
E00153530,259,46,213
E00153531,377,76,301
E00153532,446,102,344
E00153533,327,70,257
E00153534,265,33,232
E00153535,216,44,172
E00153536,262,24,238
E00153537,284,49,235
E00153538,462,92,370
E00153539,347,77,270
E00153540,282,72,210
E00153542,248,46,202
E00153543,234,23,211
E00153544,314,66,248
E00153545,272,41,231
E00153546,264,54,210
E00153547,274,50,224
E00153548,252,31,221
E00153549,375,75,300
E00153550,353,55,298
E00153551,180,29,151
E00153552,140,27,113
E00153553,289,47,242
E00153554,244,39,205
E00153556,257,24,233
E00153557,254,36,218
E00153558,230,32,198
E00153559,464,82,382
E00153560,130,22,108
E00153561,341,52,289
E00153562,325,74,251
E00153563,340,78,262
E00153564,255,32,223
E00153565,287,52,235
E00153566,308,63,245
E00153567,343,27,316
E00153568,142,33,109
E00153569,269,52,217
E00153570,461,124,337
E00153571,287,44,243
E00153572,295,60,235
E00153573,283,35,248
E00153574,381,58,323
E00153575,364,67,297
E00153576,230,34,196
E00153577,234,31,203
E00153578,240,25,215
E00153579,278,74,204
E00153580,282,73,209
E00153581,327,61,266
E00153582,261,57,204
E00153583,285,63,222
E00153584,281,49,232
E00153585,227,28,199
E00153586,270,39,231
E00153587,219,25,194
E00153588,272,38,234
E00153589,257,20,237
E00153590,250,36,214
E00153591,315,51,264
E00153592,371,60,311
E00153594,528,118,410
E00153595,204,24,180
E00153596,280,43,237
E00153597,293,47,246
E00153598,256,46,210
E00153599,264,35,229
E00153600,155,21,134
E00153601,324,56,268
E00153602,453,89,364
E00153603,276,44,232
E00153604,244,32,212
E00153605,229,44,185
E00153606,278,46,232
E00153607,226,42,184
E00153608,324,48,276
E00153609,291,73,218
E00153610,316,89,227
E00153611,322,56,266
E00153612,396,101,295
E00153613,317,77,240
E00153614,223,32,191
E00153615,314,94,220
E00153616,210,38,172
E00153618,245,44,201
E00153619,303,47,256
E00153620,297,47,250
E00153621,164,16,148
E00153622,96,13,83
E00153623,270,40,230
E00153624,325,41,284
E00153625,549,173,376
E00153626,146,20,126
E00153627,181,29,152
E00153628,456,76,380
E00153629,255,41,214
E00153630,408,85,323
E00153631,437,62,375
E00153632,187,27,160
E00153633,306,50,256
E00153634,323,44,279
E00153635,230,26,204
E00153636,210,24,186
E00153637,254,44,210
E00153638,261,46,215
E00153639,232,33,199
E00153640,287,38,249
E00153641,335,47,288
E00153642,249,27,222
E00153644,341,33,308
E00153645,211,23,188
E00153646,253,20,233
E00153648,254,34,220
E00153649,305,42,263
E00153650,159,33,126
E00153651,397,60,337
E00153652,358,68,290
E00153653,311,67,244
E00153654,300,50,250
E00153655,262,49,213
E00153656,165,21,144
E00153657,205,29,176
E00153658,210,43,167
E00153659,289,58,231
E00153660,304,46,258
E00153661,341,81,260
E00153662,360,67,293
E00153663,262,51,211
E00153664,358,75,283
E00153665,328,78,250
E00153666,270,44,226
E00153667,274,40,234
E00153668,204,33,171
E00153669,293,52,241
E00153670,252,42,210
E00153671,323,69,254
E00153672,304,53,251
E00153673,294,50,244
E00153674,319,30,289
E00153675,208,21,187
E00153676,230,32,198
E00153677,332,73,259
E00153678,389,45,344
E00153679,366,38,328
E00153680,295,49,246
E00153681,264,35,229
E00153682,278,43,235
E00153683,297,69,228
E00153684,262,41,221
E00153685,488,121,367
E00153686,276,34,242
E00153687,275,55,220
E00153688,319,51,268
E00153689,288,44,244
E00153690,256,41,215
E00153691,303,45,258
E00153692,232,34,198
E00153693,329,1,328
E00153694,271,38,233
E00153695,267,23,244
E00153696,274,40,234
E00153697,279,41,238
E00153698,319,52,267
E00153699,316,43,273
E00153700,262,29,233
E00153701,256,29,227
E00153702,266,43,223
E00153703,309,47,262
E00153704,268,48,220
E00153705,280,40,240
E00153706,304,57,247
E00153707,288,38,250
E00153708,206,27,179
E00153709,288,54,234
E00153710,284,46,238
E00153711,234,36,198
E00153712,284,38,246
E00153713,271,30,241
E00153714,318,62,256
E00153715,313,38,275
E00153716,289,39,250
E00153717,390,56,334
E00153718,183,25,158
E00153719,184,21,163
E00153720,220,27,193
E00153721,368,64,304
E00153723,170,2,168
E00153724,139,13,126
E00153725,124,6,118
E00153726,220,13,207
E00153727,145,23,122
E00153728,165,0,165
E00153729,188,9,179
E00153730,285,19,266
E00153731,148,20,128
E00153732,237,42,195
E00153733,321,68,253
E00153734,223,30,193
E00153735,212,10,202
E00153736,247,20,227
E00153737,313,33,280
E00153738,258,32,226
E00153739,336,44,292
E00153740,197,33,164
E00153741,423,67,356
E00153742,375,67,308
E00153743,245,38,207
E00153744,145,29,116
E00153745,129,24,105
E00153746,256,49,207
E00153747,243,47,196
E00153748,300,52,248
E00153749,289,51,238
E00153750,286,42,244
E00153751,231,30,201
E00153752,324,59,265
E00153753,301,35,266
E00153754,305,37,268
E00153755,106,13,93
E00153756,342,27,315
E00153757,253,24,229
E00153758,258,18,240
E00153759,249,20,229
E00153760,225,9,216
E00153761,248,26,222
E00153762,257,25,232
E00153763,249,21,228
E00153764,102,5,97
E00153765,257,18,239
E00153766,283,60,223
E00153767,232,7,225
E00153768,346,62,284
E00153769,209,29,180
E00153770,251,60,191
E00153771,243,31,212
E00153772,127,3,124
E00153773,218,12,206
E00153774,215,44,171
E00153775,251,35,216
E00153776,281,46,235
E00153777,288,50,238
E00153778,505,110,395
E00153779,264,36,228
E00153780,235,51,184
E00153781,276,66,210
E00153782,314,68,246
E00153783,432,60,372
E00153784,283,34,249
E00153785,288,36,252
E00153786,283,45,238
E00153787,321,50,271
E00153788,296,21,275
E00153789,340,14,326
E00153790,203,31,172
E00153791,311,41,270
E00153792,282,54,228
E00153793,300,40,260
E00153794,335,60,275
E00153795,293,47,246
E00153796,277,36,241
E00153797,404,67,337
E00153798,366,83,283
E00153799,255,29,226
E00153800,297,54,243
E00153801,292,59,233
E00153802,226,10,216
E00153803,298,55,243
E00153804,285,17,268
E00153805,319,56,263
E00153806,256,32,224
E00153807,263,27,236
E00153808,288,36,252
E00153809,344,77,267
E00153810,248,25,223
E00153811,206,28,178
E00153812,287,25,262
E00153813,237,32,205
E00153814,279,33,246
E00153815,211,36,175
E00153816,288,40,248
E00153817,259,37,222
E00153818,261,30,231
E00153819,291,34,257
E00153820,236,31,205
E00153821,322,51,271
E00153822,271,40,231
E00153823,212,22,190
E00153824,289,62,227
E00153825,284,42,242
E00153826,243,37,206
E00153827,259,45,214
E00153828,312,57,255
E00153829,288,72,216
E00153830,346,58,288
E00153831,247,52,195
E00153832,252,32,220
E00153833,195,49,146
E00153834,396,93,303
E00153835,254,59,195
E00153836,275,51,224
E00153837,217,11,206
E00153838,235,30,205
E00153839,235,31,204
E00153840,266,50,216
E00153841,269,46,223
E00153843,287,37,250
E00153844,555,261,294
E00153845,390,90,300
E00153846,336,45,291
E00153847,319,52,267
E00153848,266,40,226
E00153850,355,67,288
E00153851,514,92,422
E00153852,347,52,295
E00153853,288,63,225
E00153854,404,81,323
E00153855,292,47,245
E00153856,221,26,195
E00153857,302,44,258
E00153858,359,87,272
E00153859,443,81,362
E00153860,147,14,133
E00153861,157,24,133
E00153862,226,46,180
E00153863,365,64,301
E00153864,184,34,150
E00153865,226,36,190
E00153866,284,57,227
E00153867,225,23,202
E00153868,189,33,156
E00153869,138,16,122
E00153873,360,52,308
E00153875,289,48,241
E00153876,379,38,341
E00153877,256,43,213
E00153878,424,80,344
E00153879,319,76,243
E00153880,352,66,286
E00153881,277,35,242
E00153882,364,71,293
E00153883,371,72,299
E00153884,284,33,251
E00153885,247,37,210
E00153886,349,75,274
E00153887,326,72,254
E00153888,287,45,242
E00153890,259,47,212
E00153891,247,44,203
E00153892,303,64,239
E00153895,239,54,185
E00153896,275,49,226
E00153897,243,31,212
E00153898,281,54,227
E00153899,271,34,237
E00153900,234,17,217
E00153901,239,54,185
E00153902,348,48,300
E00153903,288,48,240
E00153904,246,27,219
E00153905,305,46,259
E00153906,273,24,249
E00153907,215,27,188
E00153908,265,30,235
E00153909,250,29,221
E00153910,277,39,238
E00153911,298,39,259
E00153912,266,74,192
E00153913,245,54,191
E00153914,302,74,228
E00153915,270,50,220
E00153916,272,15,257
E00153917,244,27,217
E00153918,255,34,221
E00153919,362,49,313
E00153920,274,44,230
E00153921,264,55,209
E00153922,230,25,205
E00153923,151,15,136
E00153924,279,41,238
E00153925,296,50,246
E00153926,230,39,191
E00153927,209,16,193
E00153928,269,38,231
E00153929,244,72,172
E00153930,266,32,234
E00153931,272,48,224
E00153932,330,40,290
E00153934,318,69,249
E00153935,234,34,200
E00153936,338,39,299
E00153937,332,44,288
E00153938,259,40,219
E00153939,214,16,198
E00153941,331,55,276
E00153942,245,24,221
E00153944,213,28,185
E00153946,259,35,224
E00153947,299,70,229
E00153948,231,28,203
E00153949,292,44,248
E00153950,234,28,206
E00153951,263,35,228
E00153952,261,33,228
E00153953,240,33,207
E00153954,253,28,225
E00153955,235,36,199
E00153956,263,23,240
E00153957,304,60,244
E00153959,242,44,198
E00153960,201,24,177
E00153961,295,47,248
E00153962,300,63,237
E00153963,296,50,246
E00153964,319,35,284
E00153965,342,59,283
E00153967,271,19,252
E00153968,157,20,137
E00153969,405,70,335
E00153970,231,28,203
E00153971,349,65,284
E00153972,266,32,234
E00153973,255,31,224
E00153974,215,31,184
E00153975,243,18,225
E00153976,444,72,372
E00153977,335,54,281
E00153978,301,32,269
E00153979,263,30,233
E00153980,199,16,183
E00153981,209,27,182
E00153982,522,108,414
E00153983,530,100,430
E00153984,306,40,266
E00153985,196,30,166
E00153986,270,33,237
E00153987,175,18,157
E00153989,141,9,132
E00153990,218,30,188
E00153991,222,16,206
E00153992,314,39,275
E00153994,255,46,209
E00153995,308,41,267
E00153996,174,30,144
E00153997,322,61,261
E00153998,168,28,140
E00153999,114,24,90
E00154000,392,70,322
E00154001,314,52,262
E00154002,380,65,315
E00154005,303,30,273
E00154006,215,25,190
E00154007,175,22,153
E00154008,121,14,107
E00154009,212,29,183
E00154010,301,39,262
E00154011,196,31,165
E00154012,256,36,220
E00154013,429,81,348
E00154014,488,117,371
E00154015,352,73,279
E00154016,304,56,248
E00154017,356,84,272
E00154020,301,53,248
E00154021,241,14,227
E00154022,324,44,280
E00154023,244,32,212
E00154024,239,8,231
E00154025,308,85,223
E00154026,267,33,234
E00154027,336,67,269
E00154029,314,50,264
E00154030,312,59,253
E00154031,287,55,232
E00154032,305,45,260
E00154033,299,45,254
E00154034,296,51,245
E00154035,377,73,304
E00154036,309,42,267
E00154037,303,45,258
E00154038,151,0,151
E00154039,291,44,247
E00154040,282,33,249
E00154041,363,60,303
E00154042,259,41,218
E00154043,313,56,257
E00154044,297,45,252
E00154045,359,79,280
E00154046,250,31,219
E00154047,385,56,329
E00154048,348,63,285
E00154050,234,60,174
E00154051,315,83,232
E00154054,254,29,225
E00154055,317,34,283
E00154056,225,32,193
E00154057,227,23,204
E00154058,259,25,234
E00154059,272,26,246
E00154060,299,25,274
E00154061,229,19,210
E00154062,226,17,209
E00154063,225,22,203
E00154064,253,39,214
E00154065,196,19,177
E00154066,196,24,172
E00154067,232,22,210
E00154068,270,35,235
E00154069,284,36,248
E00154070,115,16,99
E00154071,334,42,292
E00154072,325,34,291
E00154073,321,40,281
E00154074,101,5,96
E00154075,180,23,157
E00154076,464,74,390
E00154077,283,38,245
E00154078,319,52,267
E00154079,172,21,151
E00154080,330,88,242
E00154081,323,52,271
E00154083,182,20,162
E00154084,296,53,243
E00154085,313,57,256
E00154086,254,28,226
E00154087,325,50,275
E00154088,259,42,217
E00154089,183,25,158
E00154090,337,37,300
E00154091,298,50,248
E00154092,357,66,291
E00154093,200,24,176
E00154094,394,55,339
E00154095,299,46,253
E00154096,310,54,256
E00154097,270,50,220
E00154098,284,39,245
E00154099,439,65,374
E00154100,310,56,254
E00154101,304,34,270
E00154102,305,39,266
E00154103,271,42,229
E00154104,230,21,209
E00154105,267,40,227
E00154106,268,42,226
E00154107,318,43,275
E00154108,254,30,224
E00154109,189,40,149
E00154110,121,9,112
E00154111,216,33,183
E00154112,294,42,252
E00154113,310,43,267
E00154114,232,26,206
E00154115,263,23,240
E00154116,247,28,219
E00154117,238,34,204
E00154118,290,52,238
E00154119,290,40,250
E00154120,285,50,235
E00154121,247,33,214
E00154122,279,57,222
E00154123,238,52,186
E00154124,168,33,135
E00154125,349,49,300
E00154126,469,58,411
E00154127,285,35,250
E00154128,215,41,174
E00154129,353,50,303
E00154130,367,28,339
E00154131,376,37,339
E00154132,122,7,115
E00154133,197,11,186
E00154134,218,11,207
E00154135,166,32,134
E00154136,407,47,360
E00154137,183,19,164
E00154138,269,37,232
E00154139,270,42,228
E00154140,291,51,240
E00154141,270,18,252
E00154142,216,29,187
E00154143,227,37,190
E00154144,270,52,218
E00154145,358,53,305
E00154146,217,22,195
E00154147,282,33,249
E00154148,286,49,237
E00154149,258,21,237
E00154150,287,56,231
E00154151,249,28,221
E00154152,243,36,207
E00154153,259,52,207
E00154154,269,42,227
E00154155,324,30,294
E00154156,375,85,290
E00154157,251,36,215
E00154158,252,21,231
E00154159,327,91,236
E00154160,337,78,259
E00154161,264,52,212
E00154162,331,70,261
E00154163,266,55,211
E00154164,267,39,228
E00154165,268,33,235
E00154166,269,49,220
E00154167,225,45,180
E00154168,197,23,174
E00154169,279,47,232
E00154170,370,74,296
E00154171,275,54,221
E00154172,253,23,230
E00154173,167,30,137
E00154174,316,41,275
E00154175,310,68,242
E00154176,198,19,179
E00154177,204,27,177
E00154178,261,41,220
E00154179,108,15,93
E00154180,169,21,148
E00154181,343,49,294
E00154182,256,17,239
E00154183,236,30,206
E00154184,263,36,227
E00154185,330,52,278
E00154186,332,67,265
E00154187,303,31,272
E00154188,283,49,234
E00154189,256,18,238
E00154190,299,50,249
E00154191,202,15,187
E00154192,230,24,206
E00154193,339,76,263
E00154194,257,41,216
E00154195,295,59,236
E00154196,278,52,226
E00154197,286,30,256
E00154198,304,51,253
E00154199,318,89,229
E00154200,317,66,251
E00154201,274,46,228
E00154202,257,36,221
E00154203,302,42,260
E00154204,293,40,253
E00154205,250,27,223
E00154206,277,34,243
E00154207,259,27,232
E00154208,304,53,251
E00154209,317,30,287
E00154210,282,38,244
E00154211,273,49,224
E00154212,272,31,241
E00154213,307,47,260
E00154214,415,92,323
E00154216,239,45,194
E00154217,328,75,253
E00154218,264,48,216
E00154220,270,55,215
E00154221,262,46,216
E00154222,234,14,220
E00154223,278,42,236
E00154225,294,42,252
E00154226,327,48,279
E00154227,229,23,206
E00154228,336,73,263
E00154229,256,66,190
E00154230,555,135,420
E00154231,323,50,273
E00154232,249,41,208
E00154233,212,13,199
E00154234,399,81,318
E00154235,316,58,258
E00154236,297,49,248
E00154237,203,17,186
E00154238,274,25,249
E00154239,252,40,212
E00154240,237,15,222
E00154241,274,29,245
E00154242,255,15,240
E00154243,332,56,276
E00154244,252,33,219
E00154245,262,35,227
E00154246,275,26,249
E00154247,262,18,244
E00154248,346,40,306
E00154249,244,36,208
E00154250,266,25,241
E00154251,224,24,200
E00154252,240,13,227
E00154253,244,37,207
E00154254,225,37,188
E00154255,240,11,229
E00154256,211,20,191
E00154257,333,83,250
E00154258,271,40,231
E00154259,314,65,249
E00154260,407,78,329
E00154261,300,36,264
E00154262,244,39,205
E00154263,281,27,254
E00154264,202,19,183
E00154265,346,56,290
E00154266,236,19,217
E00154267,392,28,364
E00154268,285,53,232
E00154269,268,52,216
E00154270,230,32,198
E00154271,292,41,251
E00154272,367,84,283
E00154273,228,54,174
E00154274,309,76,233
E00154275,255,47,208
E00154276,264,50,214
E00154277,247,41,206
E00154278,279,55,224
E00154279,240,45,195
E00154280,255,64,191
E00154281,304,72,232
E00154282,176,12,164
E00154283,229,51,178
E00154284,361,83,278
E00154285,257,42,215
E00154287,287,68,219
E00154288,253,53,200
E00154289,240,43,197
E00154290,296,44,252
E00154291,243,61,182
E00154292,389,83,306
E00154293,258,54,204
E00154294,248,58,190
E00154295,329,84,245
E00154296,243,44,199
E00154297,254,37,217
E00154298,477,143,334
E00154299,318,33,285
E00154301,212,18,194
E00154302,239,20,219
E00154303,207,33,174
E00154304,245,15,230
E00154305,274,46,228
E00154306,221,30,191
E00154307,269,31,238
E00154308,226,18,208
E00154309,221,18,203
E00154310,331,68,263
E00154311,226,14,212
E00154312,259,36,223
E00154313,240,41,199
E00154314,239,17,222
E00154315,286,53,233
E00154316,209,8,201
E00154317,253,34,219
E00154318,324,74,250
E00154319,329,56,273
E00154320,273,51,222
E00154321,255,44,211
E00154322,288,58,230
E00154323,338,99,239
E00154324,196,31,165
E00154325,277,59,218
E00154326,328,84,244
E00154327,277,46,231
E00154328,279,54,225
E00154329,252,47,205
E00154330,310,81,229
E00154331,247,21,226
E00154332,248,44,204
E00154333,285,59,226
E00154334,320,31,289
E00154335,255,52,203
E00154336,302,25,277
E00154337,321,63,258
E00154338,308,16,292
E00154339,328,42,286
E00154340,300,55,245
E00154341,294,43,251
E00154343,339,32,307
E00154344,138,12,126
E00154345,199,26,173
E00154346,189,31,158
E00154347,267,39,228
E00154348,293,36,257
E00154349,292,59,233
E00154350,289,56,233
E00154351,281,60,221
E00154352,275,40,235
E00154353,259,70,189
E00154354,254,55,199
E00154355,308,44,264
E00154356,309,47,262
E00154357,243,24,219
E00154358,335,91,244
E00154359,285,64,221
E00154360,281,79,202
E00154361,296,58,238
E00154362,288,69,219
E00154363,266,67,199
E00154364,261,55,206
E00154365,256,39,217
E00154366,228,50,178
E00154367,185,20,165
E00154368,195,21,174
E00154369,229,34,195
E00154370,275,67,208
E00154371,307,89,218
E00154372,311,49,262
E00154373,337,64,273
E00154374,323,59,264
E00154375,299,41,258
E00154377,249,38,211
E00154378,320,39,281
E00154379,242,49,193
E00154380,378,50,328
E00154381,253,41,212
E00154382,230,58,172
E00154383,479,86,393
E00154384,259,46,213
E00154385,258,30,228
E00154386,280,38,242
E00154387,294,27,267
E00154388,302,62,240
E00154389,315,56,259
E00154390,343,34,309
E00154391,227,30,197
E00154392,166,12,154
E00154393,205,14,191
E00154394,214,25,189
E00154395,188,12,176
E00154396,277,34,243
E00154397,228,9,219
E00154398,366,64,302
E00154399,279,50,229
E00154400,283,38,245
E00154401,253,44,209
E00154402,264,34,230
E00154403,263,43,220
E00154404,226,16,210
E00154405,293,33,260
E00154406,260,35,225
E00154407,263,30,233
E00154408,191,16,175
E00154409,236,30,206
E00154410,225,36,189
E00154411,281,10,271
E00154412,242,28,214
E00154413,248,13,235
E00154414,207,15,192
E00154415,218,19,199
E00154416,266,43,223
E00154417,320,49,271
E00154418,256,33,223
E00154419,237,41,196
E00154420,179,13,166
E00154421,179,13,166
E00154422,198,7,191
E00154423,277,62,215
E00154424,207,29,178
E00154425,341,92,249
E00154426,246,52,194
E00154427,243,40,203
E00154428,204,27,177
E00154429,436,91,345
E00154430,316,64,252
E00154431,359,84,275
E00154432,286,34,252
E00154433,479,83,396
E00154434,300,60,240
E00154435,335,92,243
E00154436,296,46,250
E00154437,309,23,286
E00154438,248,30,218
E00154439,226,39,187
E00154440,312,84,228
E00154441,223,13,210
E00154442,297,51,246
E00154443,241,14,227
E00154444,254,26,228
E00154445,287,51,236
E00154446,280,75,205
E00154447,312,69,243
E00154448,232,46,186
E00154449,264,53,211
E00154450,206,31,175
E00154451,263,54,209
E00154453,283,53,230
E00154454,309,41,268
E00154455,301,52,249
E00154456,191,25,166
E00154457,252,24,228
E00154458,216,25,191
E00154459,345,32,313
E00154460,169,41,128
E00154461,219,18,201
E00154462,169,12,157
E00154463,139,8,131
E00154464,123,4,119
E00154465,172,17,155
E00154466,182,10,172
E00154467,120,10,110
E00154468,189,26,163
E00154469,272,29,243
E00154470,177,24,153
E00154471,286,30,256
E00154472,275,36,239
E00154473,178,20,158
E00154474,196,30,166
E00154475,178,30,148
E00154476,223,38,185
E00154477,160,35,125
E00154478,248,21,227
E00154479,210,32,178
E00154480,185,25,160
E00154481,237,26,211
E00154482,210,19,191
E00154483,134,31,103
E00154484,314,45,269
E00154485,157,17,140
E00154486,123,23,100
E00154487,111,15,96
E00154488,211,9,202
E00154489,139,21,118
E00154490,220,19,201
E00154491,256,41,215
E00154492,237,37,200
E00154493,268,53,215
E00154494,244,40,204
E00154495,231,18,213
E00154496,293,46,247
E00154497,168,17,151
E00154498,289,64,225
E00154499,342,45,297
E00154500,251,37,214
E00154501,231,27,204
E00154502,285,52,233
E00154503,251,19,232
E00154504,274,62,212
E00154505,324,93,231
E00154506,243,20,223
E00154507,320,59,261
E00154508,234,42,192
E00154509,378,101,277
E00154510,299,67,232
E00154511,226,29,197
E00154512,273,47,226
E00154513,256,11,245
E00154514,218,5,213
E00154515,316,61,255
E00154516,341,38,303
E00154517,119,7,112
E00154518,421,56,365
E00154519,289,70,219
E00154520,246,39,207
E00154521,276,36,240
E00154523,246,20,226
E00154524,254,15,239
E00154525,209,37,172
E00154526,320,44,276
E00154527,125,27,98
E00154528,257,23,234
E00154529,247,49,198
E00154530,299,61,238
E00154531,120,16,104
E00154532,420,56,364
E00154533,170,17,153
E00154534,415,52,363
E00154535,150,18,132
E00154536,145,29,116
E00154537,240,28,212
E00154538,300,35,265
E00154539,293,52,241
E00154540,359,96,263
E00154541,342,84,258
E00154542,393,107,286
E00154543,322,75,247
E00154544,341,79,262
E00154545,302,59,243
E00154546,315,79,236
E00154547,251,40,211
E00154548,338,92,246
E00154549,310,56,254
E00154550,351,52,299
E00154551,357,63,294
E00154552,364,82,282
E00154553,354,79,275
E00154554,340,84,256
E00154555,306,56,250
E00154556,333,75,258
E00154557,355,95,260
E00154558,295,55,240
E00154559,207,38,169
E00154560,343,61,282
E00154561,259,41,218
E00154563,284,59,225
E00154564,283,53,230
E00154565,302,62,240
E00154566,237,38,199
E00154567,159,6,153
E00154568,261,60,201
E00154569,301,50,251
E00154570,331,78,253
E00154571,262,36,226
E00154572,296,56,240
E00154573,459,101,358
E00154574,269,48,221
E00154575,395,43,352
E00154576,319,88,231
E00154577,276,59,217
E00154578,306,78,228
E00154579,299,66,233
E00154580,358,108,250
E00154581,274,53,221
E00154582,341,98,243
E00154583,459,180,279
E00154584,364,98,266
E00154585,427,95,332
E00154586,289,49,240
E00154587,392,124,268
E00154588,361,110,251
E00154589,288,54,234
E00154590,206,39,167
E00154591,371,98,273
E00154592,296,63,233
E00154593,351,88,263
E00154594,531,236,295
E00154595,434,97,337
E00154596,424,104,320
E00154597,265,41,224
E00154598,350,53,297
E00154599,356,90,266
E00154600,320,71,249
E00154601,336,83,253
E00154602,298,65,233
E00154603,488,103,385
E00154604,304,75,229
E00154605,312,53,259
E00154606,268,59,209
E00154607,251,35,216
E00154608,332,91,241
E00154609,315,81,234
E00154610,324,26,298
E00154611,300,59,241
E00154612,328,81,247
E00154613,394,83,311
E00154614,376,87,289
E00154615,258,40,218
E00154616,449,69,380
E00154617,303,76,227
E00154618,294,68,226
E00154619,329,71,258
E00154620,329,71,258
E00154621,309,51,258
E00154622,256,60,196
E00154623,315,68,247
E00154624,301,61,240
E00154625,276,53,223
E00154626,358,91,267
E00154627,325,63,262
E00154628,278,46,232
E00154629,322,80,242
E00154630,411,80,331
E00154631,345,73,272
E00154633,317,66,251
E00154634,263,10,253
E00154635,334,64,270
E00154636,269,48,221
E00154637,379,108,271
E00154638,351,106,245
E00154639,239,44,195
E00154640,252,40,212
E00154641,331,72,259
E00154642,258,46,212
E00154643,310,57,253
E00154644,274,55,219
E00154645,385,76,309
E00154646,277,60,217
E00154647,364,99,265
E00154648,344,66,278
E00154649,308,70,238
E00154650,326,64,262
E00154651,332,81,251
E00154652,365,86,279
E00154653,342,84,258
E00154654,149,2,147
E00154655,373,115,258
E00154656,421,106,315
E00154657,392,104,288
E00154658,255,46,209
E00154659,369,81,288
E00154660,349,86,263
E00154661,444,123,321
E00154662,330,89,241
E00154663,396,74,322
E00154664,394,91,303
E00154667,314,86,228
E00154668,329,81,248
E00154669,302,90,212
E00154670,287,63,224
E00154671,329,91,238
E00154672,375,92,283
E00154673,306,72,234
E00154674,303,85,218
E00154675,315,93,222
E00154676,329,82,247
E00154677,309,68,241
E00154678,183,17,166
E00154679,355,62,293
E00154680,312,60,252
E00154681,544,131,413
E00154682,290,63,227
E00154683,298,65,233
E00154684,331,77,254
E00154685,317,65,252
E00154686,301,54,247
E00154687,385,80,305
E00154688,312,45,267
E00154689,298,58,240
E00154690,318,84,234
E00154691,286,60,226
E00154692,482,84,398
E00154693,299,54,245
E00154694,311,80,231
E00154695,414,101,313
E00154696,255,29,226
E00154697,272,23,249
E00154698,307,58,249
E00154699,398,76,322
E00154700,260,37,223
E00154701,244,16,228
E00154702,295,46,249
E00154703,237,42,195
E00154704,349,70,279
E00154705,241,40,201
E00154706,253,39,214
E00154707,350,87,263
E00154708,327,77,250
E00154709,297,54,243
E00154710,317,75,242
E00154711,236,43,193
E00154712,264,43,221
E00154713,366,60,306
E00154714,254,39,215
E00154715,222,40,182
E00154716,365,75,290
E00154717,289,60,229
E00154718,329,87,242
E00154719,256,48,208
E00154720,378,88,290
E00154721,320,58,262
E00154722,274,59,215
E00154723,238,35,203
E00154724,358,67,291
E00154725,275,61,214
E00154726,246,41,205
E00154727,287,57,230
E00154728,261,48,213
E00154729,233,50,183
E00154730,268,54,214
E00154731,334,63,271
E00154732,335,56,279
E00154733,333,83,250
E00154734,463,110,353
E00154735,343,87,256
E00154736,363,93,270
E00154737,388,82,306
E00154738,355,73,282
E00154739,290,42,248
E00154740,319,75,244
E00154741,200,28,172
E00154742,182,31,151
E00154743,280,66,214
E00154744,317,58,259
E00154745,307,52,255
E00154746,319,72,247
E00154747,244,60,184
E00154748,291,48,243
E00154749,305,67,238
E00154750,291,53,238
E00154751,326,69,257
E00154752,326,72,254
E00154753,249,51,198
E00154754,308,82,226
E00154755,235,36,199
E00154757,395,100,295
E00154759,361,83,278
E00154760,417,105,312
E00154761,285,70,215
E00154762,265,34,231
E00154763,429,92,337
E00154764,305,77,228
E00154765,266,56,210
E00154766,288,55,233
E00154767,307,72,235
E00154768,334,97,237
E00154769,326,82,244
E00154770,363,98,265
E00154771,399,126,273
E00154772,332,85,247
E00154773,320,67,253
E00154774,343,60,283
E00154775,269,30,239
E00154776,419,101,318
E00154777,393,90,303
E00154778,321,78,243
E00154779,366,101,265
E00154780,313,65,248
E00154781,350,89,261
E00154782,303,67,236
E00154783,279,67,212
E00154784,292,76,216
E00154785,408,105,303
E00154786,357,73,284
E00154787,358,80,278
E00154788,307,68,239
E00154789,382,77,305
E00154790,314,51,263
E00154791,332,70,262
E00154792,357,76,281
E00154793,417,110,307
E00154794,347,92,255
E00154795,286,42,244
E00154796,363,89,274
E00154797,332,76,256
E00154798,222,54,168
E00154799,270,64,206
E00154800,308,57,251
E00154801,477,79,398
E00154802,369,33,336
E00154803,287,58,229
E00154804,329,60,269
E00154805,315,63,252
E00154806,283,59,224
E00154807,343,89,254
E00154808,317,75,242
E00154809,297,73,224
E00154810,491,137,354
E00154811,327,86,241
E00154812,276,69,207
E00154813,401,64,337
E00154814,277,42,235
E00154815,420,115,305
E00154816,356,91,265
E00154817,222,33,189
E00154818,338,81,257
E00154819,311,67,244
E00154820,329,77,252
E00154821,271,49,222
E00154822,217,30,187
E00154823,338,82,256
E00154824,391,105,286
E00154825,325,71,254
E00154826,276,71,205
E00154827,381,116,265
E00154828,334,80,254
E00154829,311,76,235
E00154830,354,93,261
E00154831,329,75,254
E00154832,335,71,264
E00154833,478,148,330
E00154834,335,77,258
E00154835,324,45,279
E00154836,346,104,242
E00154837,491,110,381
E00154838,340,64,276
E00154839,229,48,181
E00154840,354,80,274
E00154841,327,48,279
E00154842,293,40,253
E00154843,322,87,235
E00154844,255,51,204
E00154845,299,56,243
E00154846,243,40,203
E00154847,252,39,213
E00154849,236,42,194
E00154850,207,26,181
E00154851,403,67,336
E00154852,334,57,277
E00154853,378,59,319
E00154854,457,116,341
E00154856,355,80,275
E00154857,352,78,274
E00154858,347,95,252
E00154859,229,39,190
E00154860,238,40,198
E00154861,281,50,231
E00154862,248,41,207
E00154863,332,63,269
E00154864,286,54,232
E00154865,283,71,212
E00154866,258,70,188
E00154867,299,43,256
E00154868,325,64,261
E00154869,268,62,206
E00154870,261,47,214
E00154871,256,47,209
E00154872,271,38,233
E00154873,199,24,175
E00154874,393,100,293
E00154875,305,41,264
E00154876,358,73,285
E00154877,326,60,266
E00154878,296,84,212
E00154879,305,55,250
E00154880,253,43,210
E00154881,362,60,302
E00154882,347,97,250
E00154883,298,63,235
E00154884,280,39,241
E00154885,384,103,281
E00154886,265,40,225
E00154887,280,44,236
E00154888,223,25,198
E00154889,304,64,240
E00154890,322,42,280
E00154891,277,54,223
E00154892,370,65,305
E00154893,260,52,208
E00154894,276,57,219
E00154895,333,47,286
E00154896,258,49,209
E00154897,331,95,236
E00154898,297,65,232
E00154899,325,79,246
E00154900,339,78,261
E00154901,302,63,239
E00154902,294,59,235
E00154903,375,91,284
E00154904,396,92,304
E00154905,343,92,251
E00154906,337,84,253
E00154907,331,87,244
E00154908,263,62,201
E00154909,293,65,228
E00154910,333,64,269
E00154911,323,82,241
E00154912,306,68,238
E00154913,307,72,235
E00154914,299,61,238
E00154915,241,50,191
E00154916,417,91,326
E00154917,187,29,158
E00154918,228,35,193
E00154919,263,52,211
E00154920,265,53,212
E00154921,263,44,219
E00154922,369,107,262
E00154923,268,55,213
E00154924,325,56,269
E00154925,378,76,302
E00154926,345,97,248
E00154927,245,51,194
E00154928,290,69,221
E00154929,378,102,276
E00154930,314,69,245
E00154931,285,55,230
E00154932,262,46,216
E00154933,245,37,208
E00154934,347,73,274
E00154935,368,38,330
E00154936,294,68,226
E00154937,252,43,209
E00154938,330,57,273
E00154939,320,39,281
E00154940,385,111,274
E00154941,371,65,306
E00154942,224,38,186
E00154943,270,59,211
E00154944,310,69,241
E00154945,299,42,257
E00154946,365,74,291
E00154947,329,71,258
E00154948,341,60,281
E00154949,317,55,262
E00154950,282,48,234
E00154951,318,64,254
E00154952,394,83,311
E00154953,292,54,238
E00154954,296,57,239
E00154955,339,74,265
E00154956,135,17,118
E00154957,337,62,275
E00154958,381,106,275
E00154959,291,41,250
E00154960,451,102,349
E00154961,276,48,228
E00154962,286,54,232
E00154963,327,68,259
E00154964,370,87,283
E00154965,360,91,269
E00154966,547,301,246
E00154967,342,71,271
E00154968,240,38,202
E00154969,363,90,273
E00154970,341,65,276
E00154971,331,94,237
E00154972,363,70,293
E00154973,368,95,273
E00154974,358,80,278
E00154975,293,77,216
E00154976,464,88,376
E00154977,306,67,239
E00154978,310,64,246
E00154979,302,66,236
E00154981,362,91,271
E00154982,281,52,229
E00154983,346,78,268
E00154986,332,67,265
E00154987,333,75,258
E00154988,361,58,303
E00154989,268,44,224
E00154990,260,55,205
E00154991,300,49,251
E00154992,287,52,235
E00154993,228,26,202
E00154994,367,71,296
E00154995,384,80,304
E00154996,281,54,227
E00154997,315,65,250
E00154998,307,54,253
E00154999,337,60,277
E00155000,329,61,268
E00155001,306,45,261
E00155002,312,63,249
E00155003,382,64,318
E00155004,318,52,266
E00155005,248,40,208
E00155006,347,45,302
E00155007,302,65,237
E00155008,316,67,249
E00155009,298,44,254
E00155010,305,57,248
E00155011,343,65,278
E00155012,321,69,252
E00155013,312,44,268
E00155014,420,68,352
E00155015,284,56,228
E00155016,319,66,253
E00155017,353,77,276
E00155018,294,46,248
E00155019,247,50,197
E00155020,260,46,214
E00155021,287,46,241
E00155022,355,73,282
E00155023,293,36,257
E00155024,399,75,324
E00155025,313,34,279
E00155026,266,38,228
E00155027,312,58,254
E00155028,297,62,235
E00155029,320,59,261
E00155030,384,67,317
E00155031,380,93,287
E00155032,302,60,242
E00155033,309,49,260
E00155034,259,57,202
E00155035,303,46,257
E00155036,349,84,265
E00155037,281,49,232
E00155038,315,55,260
E00155039,257,26,231
E00155040,252,26,226
E00155041,338,74,264
E00155042,314,59,255
E00155043,377,69,308
E00155044,340,68,272
E00155045,336,66,270
E00155046,308,55,253
E00155047,349,67,282
E00155049,419,74,345
E00155050,352,72,280
E00155052,396,73,323
E00155053,388,97,291
E00155054,369,92,277
E00155055,393,93,300
E00155056,345,62,283
E00155057,279,59,220
E00155058,329,55,274
E00155059,476,118,358
E00155060,239,35,204
E00155061,381,58,323
E00155062,268,51,217
E00155063,317,60,257
E00155064,326,55,271
E00155066,336,95,241
E00155067,304,89,215
E00155068,265,63,202
E00155069,320,75,245
E00155070,255,47,208
E00155071,369,81,288
E00155072,286,68,218
E00155073,286,48,238
E00155074,290,52,238
E00155075,304,74,230
E00155076,493,146,347
E00155077,255,34,221
E00155078,346,82,264
E00155079,338,74,264
E00155080,296,52,244
E00155081,259,49,210
E00155082,326,91,235
E00155083,327,84,243
E00155084,310,57,253
E00155085,266,53,213
E00155086,313,63,250
E00155087,325,81,244
E00155088,542,157,385
E00155090,285,74,211
E00155091,305,69,236
E00155092,319,85,234
E00155093,347,62,285
E00155094,364,72,292
E00155095,273,50,223
E00155096,225,29,196
E00155097,329,63,266
E00155098,319,69,250
E00155099,339,77,262
E00155100,322,57,265
E00155101,344,78,266
E00155102,325,56,269
E00155103,270,48,222
E00155104,337,61,276
E00155105,326,55,271
E00155106,384,81,303
E00155107,343,66,277
E00155108,247,48,199
E00155109,336,59,277
E00155110,302,127,175
E00155111,230,29,201
E00155112,333,76,257
E00155113,194,41,153
E00155114,384,78,306
E00155115,541,132,409
E00155116,437,99,338
E00155117,275,56,219
E00155118,411,150,261
E00155119,382,118,264
E00155120,243,35,208
E00155122,337,70,267
E00155125,257,40,217
E00155126,488,107,381
E00155127,216,43,173
E00155128,343,73,270
E00155129,429,100,329
E00155130,268,43,225
E00155131,295,59,236
E00155132,340,83,257
E00155133,359,58,301
E00155134,317,66,251
E00155135,289,65,224
E00155136,276,43,233
E00155137,335,65,270
E00155138,297,65,232
E00155139,344,77,267
E00155140,386,91,295
E00155141,335,80,255
E00155142,344,61,283
E00155143,290,53,237
E00155145,321,75,246
E00155146,293,52,241
E00155147,270,60,210
E00155148,381,67,314
E00155149,305,68,237
E00155150,212,28,184
E00155151,311,71,240
E00155152,332,64,268
E00155153,348,61,287
E00155154,330,56,274
E00155155,392,84,308
E00155156,365,75,290
E00155157,312,66,246
E00155158,305,55,250
E00155159,506,110,396
E00155160,279,56,223
E00155161,396,119,277
E00155162,238,38,200
E00155163,282,36,246
E00155164,273,47,226
E00155165,337,59,278
E00155166,230,39,191
E00155167,260,42,218
E00155168,282,53,229
E00155169,153,21,132
E00155170,297,46,251
E00155171,342,67,275
E00155172,242,51,191
E00155173,216,27,189
E00155174,496,82,414
E00155175,284,47,237
E00155176,274,53,221
E00155177,242,54,188
E00155178,198,36,162
E00155179,523,116,407
E00155180,280,36,244
E00155181,237,23,214
E00155182,241,37,204
E00155183,274,47,227
E00155184,275,35,240
E00155185,307,48,259
E00155186,277,51,226
E00155187,350,50,300
E00155188,279,44,235
E00155189,140,23,117
E00155190,318,54,264
E00155191,280,57,223
E00155192,207,19,188
E00155193,303,43,260
E00155194,275,29,246
E00155195,278,73,205
E00155196,311,52,259
E00155197,261,37,224
E00155198,299,64,235
E00155199,223,30,193
E00155200,396,58,338
E00155201,283,29,254
E00155202,264,46,218
E00155203,260,35,225
E00155204,232,46,186
E00155205,243,42,201
E00155206,170,18,152
E00155207,235,27,208
E00155208,274,58,216
E00155209,260,37,223
E00155210,280,59,221
E00155211,380,60,320
E00155212,298,41,257
E00155213,315,73,242
E00155214,325,80,245
E00155215,283,46,237
E00155216,233,32,201
E00155217,295,59,236
E00155218,286,47,239
E00155219,249,50,199
E00155220,264,34,230
E00155221,274,37,237
E00155222,330,88,242
E00155223,341,84,257
E00155224,297,39,258
E00155225,193,20,173
E00155226,251,29,222
E00155227,352,46,306
E00155228,241,51,190
E00155229,260,29,231
E00155230,294,43,251
E00155231,272,45,227
E00155232,282,41,241
E00155233,308,57,251
E00155234,195,30,165
E00155235,216,23,193
E00155236,263,57,206
E00155237,284,77,207
E00155238,345,90,255
E00155239,334,70,264
E00155240,426,113,313
E00155241,245,47,198
E00155242,341,87,254
E00155243,310,77,233
E00155244,364,93,271
E00155245,446,126,320
E00155246,249,61,188
E00155247,322,59,263
E00155248,355,105,250
E00155249,285,33,252
E00155250,326,59,267
E00155251,307,76,231
E00155252,310,78,232
E00155253,327,87,240
E00155254,313,60,253
E00155255,299,60,239
E00155256,349,80,269
E00155257,288,63,225
E00155259,242,62,180
E00155260,355,84,271
E00155261,278,59,219
E00155262,394,84,310
E00155263,420,97,323
E00155264,301,76,225
E00155265,243,43,200
E00155266,408,80,328
E00155267,112,23,89
E00155268,275,55,220
E00155269,341,85,256
E00155270,288,58,230
E00155271,288,74,214
E00155272,277,67,210
E00155273,354,84,270
E00155274,225,34,191
E00155275,294,35,259
E00155276,326,64,262
E00155277,302,56,246
E00155278,282,48,234
E00155279,351,75,276
E00155280,329,67,262
E00155281,274,81,193
E00155282,301,52,249
E00155283,178,46,132
E00155284,286,63,223
E00155285,320,58,262
E00155286,283,59,224
E00155287,346,75,271
E00155288,285,69,216
E00155289,341,89,252
E00155290,256,47,209
E00155291,306,79,227
E00155292,356,76,280
E00155293,303,73,230
E00155294,384,88,296
E00155295,356,101,255
E00155296,130,33,97
E00155297,236,51,185
E00155298,312,56,256
E00155299,306,54,252
E00155300,265,47,218
E00155301,351,84,267
E00155302,300,61,239
E00155303,321,99,222
E00155304,282,42,240
E00155305,321,100,221
E00155306,242,58,184
E00155307,211,40,171
E00155309,234,67,167
E00155310,511,120,391
E00155311,374,122,252
E00155312,233,44,189
E00155313,189,52,137
E00155314,333,80,253
E00155315,328,160,168
E00155316,309,88,221
E00155317,363,137,226
E00155318,267,59,208
E00155319,313,95,218
E00155320,329,107,222
E00155321,350,90,260
E00155322,220,42,178
E00155323,214,42,172
E00155324,314,53,261
E00155325,233,30,203
E00155326,274,49,225
E00155327,346,100,246
E00155328,366,67,299
E00155329,315,80,235
E00155330,513,157,356
E00155331,364,127,237
E00155332,265,51,214
E00155333,286,70,216
E00155334,425,81,344
E00155335,386,76,310
E00155336,323,64,259
E00155337,274,49,225
E00155338,253,44,209
E00155339,405,117,288
E00155340,227,34,193
E00155341,197,36,161
E00155342,356,54,302
E00155343,360,94,266
E00155344,344,74,270
E00155345,279,54,225
E00155346,276,57,219
E00155347,262,44,218
E00155348,248,46,202
E00155349,256,33,223
E00155350,224,32,192
E00155351,183,23,160
E00155352,333,46,287
E00155353,279,37,242
E00155354,155,39,116
E00155355,324,66,258
E00155356,197,18,179
E00155357,288,63,225
E00155358,206,35,171
E00155359,251,45,206
E00155360,396,76,320
E00155361,342,64,278
E00155362,320,60,260
E00155363,251,28,223
E00155364,385,49,336
E00155365,303,24,279
E00155366,342,49,293
E00155367,169,34,135
E00155368,330,82,248
E00155369,297,63,234
E00155370,328,92,236
E00155371,280,64,216
E00155372,306,67,239
E00155373,400,123,277
E00155374,228,51,177
E00155375,311,62,249
E00155376,306,82,224
E00155378,355,120,235
E00155379,269,70,199
E00155381,301,61,240
E00155382,355,81,274
E00155383,337,55,282
E00155384,300,74,226
E00155385,278,57,221
E00155386,364,96,268
E00155387,286,67,219
E00155388,251,33,218
E00155389,281,61,220
E00155390,249,45,204
E00155391,301,64,237
E00155392,259,42,217
E00155393,297,60,237
E00155394,374,71,303
E00155395,282,61,221
E00155396,206,55,151
E00155397,254,36,218
E00155398,344,62,282
E00155399,331,58,273
E00155400,265,29,236
E00155401,298,50,248
E00155402,411,62,349
E00155403,255,1,254
E00155404,312,78,234
E00155405,314,84,230
E00155406,351,96,255
E00155407,347,98,249
E00155409,351,166,185
E00155410,370,203,167
E00155412,436,295,141
E00155413,377,157,220
E00155415,364,113,251
E00155416,312,69,243
E00155417,312,103,209
E00155418,250,58,192
E00155419,353,95,258
E00155420,336,86,250
E00155421,290,48,242
E00155422,262,45,217
E00155423,214,30,184
E00155424,273,54,219
E00155425,384,72,312
E00155426,311,58,253
E00155427,177,45,132
E00155428,195,53,142
E00155429,344,59,285
E00155430,212,34,178
E00155432,334,76,258
E00155433,345,62,283
E00155434,321,59,262
E00155435,406,115,291
E00155436,269,57,212
E00155437,291,92,199
E00155438,315,91,224
E00155439,347,63,284
E00155440,262,49,213
E00155441,247,57,190
E00155442,277,66,211
E00155443,243,42,201
E00155444,278,39,239
E00155445,277,47,230
E00155446,235,35,200
E00155447,364,75,289
E00155448,145,32,113
E00155449,301,65,236
E00155450,266,35,231
E00155451,268,53,215
E00155452,307,48,259
E00155453,245,58,187
E00155454,327,58,269
E00155455,436,103,333
E00155456,280,60,220
E00155457,294,54,240
E00155458,382,75,307
E00155459,261,61,200
E00155460,455,65,390
E00155461,318,53,265
E00155462,224,42,182
E00155463,341,77,264
E00155464,269,51,218
E00155465,250,52,198
E00155466,228,32,196
E00155467,314,60,254
E00155468,336,84,252
E00155469,278,29,249
E00155470,315,52,263
E00155471,378,119,259
E00155472,212,33,179
E00155473,372,69,303
E00155474,278,74,204
E00155475,314,75,239
E00155476,365,93,272
E00155477,318,76,242
E00155478,249,41,208
E00155479,249,45,204
E00155480,366,66,300
E00155481,358,87,271
E00155482,340,77,263
E00155483,325,88,237
E00155484,351,77,274
E00155485,346,100,246
E00155486,265,44,221
E00155487,309,58,251
E00155488,332,60,272
E00155489,275,40,235
E00155490,249,44,205
E00155491,301,93,208
E00155492,299,77,222
E00155493,296,49,247
E00155495,510,256,254
E00155497,306,55,251
E00155498,130,17,113
E00155499,291,68,223
E00155501,282,58,224
E00155502,273,43,230
E00155503,301,57,244
E00155504,301,64,237
E00155505,315,79,236
E00155506,309,66,243
E00155507,372,80,292
E00155508,238,59,179
E00155509,365,104,261
E00155510,288,81,207
E00155511,300,58,242
E00155512,224,48,176
E00155513,316,71,245
E00155514,333,84,249
E00155515,202,54,148
E00155516,295,48,247
E00155517,223,43,180
E00155518,277,50,227
E00155519,341,56,285
E00155520,362,62,300
E00155521,321,51,270
E00155522,319,66,253
E00155523,248,40,208
E00155524,312,52,260
E00155525,148,31,117
E00155526,313,72,241
E00155527,309,85,224
E00155528,287,65,222
E00155529,273,41,232
E00155530,263,38,225
E00155531,300,69,231
E00155532,261,45,216
E00155533,216,34,182
E00155534,370,58,312
E00155535,316,83,233
E00155536,283,91,192
E00155537,318,85,233
E00155538,360,120,240
E00155539,306,80,226
E00155540,324,86,238
E00155541,368,114,254
E00155542,222,60,162
E00155543,434,156,278
E00155544,339,107,232
E00155545,266,63,203
E00155546,354,94,260
E00155547,309,145,164
E00155548,237,65,172
E00155549,331,85,246
E00155550,301,54,247
E00155551,303,71,232
E00155552,373,133,240
E00155553,310,87,223
E00155554,274,75,199
E00155555,450,197,253
E00155556,315,148,167
E00155557,352,91,261
E00155558,385,183,202
E00155559,389,154,235
E00155560,288,76,212
E00155561,329,128,201
E00155562,379,192,187
E00155563,490,84,406
E00155564,306,69,237
E00155565,235,51,184
E00155566,306,97,209
E00155567,320,57,263
E00155568,258,57,201
E00155569,267,45,222
E00155570,456,100,356
E00155571,304,79,225
E00155572,248,35,213
E00155573,314,63,251
E00155574,219,42,177
E00155575,317,71,246
E00155576,363,75,288
E00155577,249,31,218
E00155578,280,51,229
E00155579,302,51,251
E00155580,285,73,212
E00155581,249,30,219
E00155582,285,45,240
E00155583,236,35,201
E00155584,252,27,225
E00155585,299,47,252
E00155586,365,58,307
E00155587,286,46,240
E00155588,257,40,217
E00155589,255,44,211
E00155590,280,43,237
E00155591,309,80,229
E00155592,315,73,242
E00155593,350,66,284
E00155594,340,65,275
E00155595,321,68,253
E00155596,228,30,198
E00155597,329,88,241
E00155598,304,84,220
E00155599,364,53,311
E00155600,141,9,132
E00155601,312,58,254
E00155602,357,79,278
E00155603,367,74,293
E00155604,472,111,361
E00155605,314,59,255
E00155606,291,55,236
E00155608,375,61,314
E00155609,323,64,259
E00155610,438,140,298
E00155611,313,70,243
E00155612,276,44,232
E00155613,305,58,247
E00155614,276,30,246
E00155615,339,77,262
E00155616,277,65,212
E00155617,322,61,261
E00155618,239,41,198
E00155619,357,80,277
E00155620,297,54,243
E00155621,303,57,246
E00155622,361,82,279
E00155623,379,83,296
E00155624,234,32,202
E00155625,333,77,256
E00155626,483,130,353
E00155627,326,78,248
E00155628,287,61,226
E00155629,401,86,315
E00155630,331,65,266
E00155631,272,53,219
E00155632,321,62,259
E00155633,252,41,211
E00155634,325,48,277
E00155635,244,26,218
E00155636,335,62,273
E00155637,183,16,167
E00155638,294,66,228
E00155639,221,15,206
E00155640,271,49,222
E00155641,375,65,310
E00155642,339,59,280
E00155643,332,60,272
E00155644,334,63,271
E00155645,302,53,249
E00155646,328,60,268
E00155647,207,30,177
E00155648,348,81,267
E00155649,215,40,175
E00155650,280,35,245
E00155651,297,62,235
E00155652,300,41,259
E00155653,267,41,226
E00155654,316,68,248
E00155655,254,26,228
E00155656,338,88,250
E00155657,312,69,243
E00155658,303,48,255
E00155659,331,72,259
E00155660,361,68,293
E00155661,314,76,238
E00155662,388,77,311
E00155663,251,36,215
E00155664,324,67,257
E00155665,215,11,204
E00155666,403,59,344
E00155667,258,48,210
E00155668,325,61,264
E00155669,268,32,236
E00155670,248,46,202
E00155671,283,59,224
E00155672,311,50,261
E00155673,277,45,232
E00155674,298,45,253
E00155675,299,48,251
E00155676,310,62,248
E00155677,151,3,148
E00155678,207,8,199
E00155679,225,20,205
E00155680,256,43,213
E00155681,260,7,253
E00155682,158,8,150
E00155683,278,31,247
E00155684,272,30,242
E00155685,360,38,322
E00155686,424,74,350
E00155687,230,29,201
E00155688,285,43,242
E00155689,269,48,221
E00155690,314,61,253
E00155691,258,54,204
E00155692,121,18,103
E00155693,252,50,202
E00155694,127,15,112
E00155695,242,38,204
E00155696,282,36,246
E00155697,273,49,224
E00155698,233,28,205
E00155699,260,39,221
E00155700,294,49,245
E00155701,232,23,209
E00155702,332,59,273
E00155703,285,34,251
E00155704,251,57,194
E00155705,457,93,364
E00155706,320,32,288
E00155707,252,54,198
E00155708,287,54,233
E00155709,288,34,254
E00155710,308,50,258
E00155711,404,56,348
E00155712,328,72,256
E00155713,338,50,288
E00155714,308,40,268
E00155715,429,60,369
E00155716,359,64,295
E00155717,347,49,298
E00155718,329,39,290
E00155719,279,45,234
E00155720,224,16,208
E00155721,157,9,148
E00155722,317,70,247
E00155723,319,48,271
E00155724,328,81,247
E00155725,291,53,238
E00155726,332,25,307
E00155727,371,71,300
E00155728,313,68,245
E00155729,269,37,232
E00155730,331,62,269
E00155731,260,28,232
E00155732,320,61,259
E00155733,373,58,315
E00155734,259,45,214
E00155735,296,53,243
E00155736,266,48,218
E00155737,262,56,206
E00155738,315,54,261
E00155739,373,83,290
E00155740,471,54,417
E00155741,439,65,374
E00155742,333,34,299
E00155743,423,106,317
E00155744,344,57,287
E00155745,283,54,229
E00155746,165,14,151
E00155747,232,41,191
E00155748,347,78,269
E00155749,275,35,240
E00155750,288,42,246
E00155751,388,93,295
E00155752,335,70,265
E00155753,247,48,199
E00155754,281,41,240
E00155755,282,34,248
E00155756,359,49,310
E00155757,418,89,329
E00155758,354,50,304
E00155759,362,56,306
E00155760,246,30,216
E00155761,290,45,245
E00155762,356,75,281
E00155763,326,48,278
E00155764,388,72,316
E00155765,327,53,274
E00155766,321,61,260
E00155767,321,51,270
E00155768,247,39,208
E00155769,286,35,251
E00155770,282,56,226
E00155771,277,48,229
E00155772,365,68,297
E00155773,396,120,276
E00155774,347,64,283
E00155775,296,53,243
E00155776,306,53,253
E00155777,298,62,236
E00155778,268,44,224
E00155779,281,54,227
E00155780,288,64,224
E00155781,282,61,221
E00155782,266,53,213
E00155783,417,78,339
E00155784,259,35,224
E00155785,258,32,226
E00155786,332,49,283
E00155787,316,71,245
E00155788,222,46,176
E00155789,413,92,321
E00155790,264,39,225
E00155791,259,53,206
E00155792,238,55,183
E00155793,299,102,197
E00155794,253,56,197
E00155795,288,52,236
E00155796,216,25,191
E00155797,356,57,299
E00155798,207,25,182
E00155799,303,46,257
E00155800,297,57,240
E00155801,302,65,237
E00155802,338,100,238
E00155803,240,37,203
E00155804,279,50,229
E00155805,207,42,165
E00155806,160,36,124
E00155807,321,73,248
E00155808,266,37,229
E00155809,347,66,281
E00155810,302,57,245
E00155811,348,57,291
E00155812,351,78,273
E00155815,353,79,274
E00155816,337,56,281
E00155817,300,63,237
E00155818,266,18,248
E00155819,315,24,291
E00155820,202,29,173
E00155821,319,23,296
E00155822,141,28,113
E00155823,428,58,370
E00155824,294,57,237
E00155825,168,25,143
E00155826,282,43,239
E00155827,227,36,191
E00155828,219,19,200
E00155829,314,39,275
E00155830,126,24,102
E00155831,433,39,394
E00155832,377,83,294
E00155833,325,50,275
E00155834,380,106,274
E00155835,278,33,245
E00155836,185,25,160
E00155837,277,32,245
E00155838,329,44,285
E00155839,277,61,216
E00155840,323,72,251
E00155841,233,38,195
E00155842,213,38,175
E00155843,268,32,236
E00155844,269,41,228
E00155845,290,39,251
E00155846,336,59,277
E00155847,292,29,263
E00155848,203,29,174
E00155849,208,21,187
E00155850,497,140,357
E00155851,348,54,294
E00155852,366,71,295
E00155853,285,54,231
E00155854,264,54,210
E00155855,308,46,262
E00155856,301,50,251
E00155857,330,46,284
E00155858,310,72,238
E00155859,359,62,297
E00155860,313,62,251
E00155861,291,47,244
E00155862,267,57,210
E00155863,321,41,280
E00155864,281,40,241
E00155865,250,42,208
E00155866,339,73,266
E00155867,352,80,272
E00155868,346,75,271
E00155869,259,48,211
E00155870,294,51,243
E00155871,338,80,258
E00155872,283,52,231
E00155873,357,75,282
E00155875,321,65,256
E00155876,328,40,288
E00155877,206,31,175
E00155878,260,45,215
E00155879,316,61,255
E00155880,283,58,225
E00155881,245,40,205
E00155882,349,20,329
E00155883,376,74,302
E00155884,345,73,272
E00155885,352,67,285
E00155886,221,18,203
E00155887,211,18,193
E00155888,357,52,305
E00155889,463,66,397
E00155890,329,73,256
E00155891,342,68,274
E00155892,288,67,221
E00155893,312,51,261
E00155894,351,87,264
E00155895,334,73,261
E00155896,307,64,243
E00155897,304,73,231
E00155898,314,60,254
E00155899,125,12,113
E00155900,276,50,226
E00155901,294,47,247
E00155902,308,57,251
E00155903,362,51,311
E00155904,348,72,276
E00155906,325,52,273
E00155907,287,54,233
E00155908,382,51,331
E00155909,370,74,296
E00155910,321,56,265
E00155911,312,43,269
E00155912,301,60,241
E00155914,385,65,320
E00155915,306,74,232
E00155916,301,66,235
E00155917,306,62,244
E00155918,295,66,229
E00155919,266,33,233
E00155920,323,57,266
E00155921,271,48,223
E00155922,302,58,244
E00155923,319,62,257
E00155924,254,35,219
E00155925,292,68,224
E00155926,305,54,251
E00155927,277,49,228
E00155928,342,99,243
E00155929,321,50,271
E00155930,203,14,189
E00155931,342,90,252
E00155932,331,80,251
E00155933,337,64,273
E00155934,350,61,289
E00155935,326,50,276
E00155936,303,52,251
E00155937,266,40,226
E00155938,399,64,335
E00155940,302,54,248
E00155941,304,40,264
E00155942,248,26,222
E00155943,361,66,295
E00155944,307,52,255
E00155945,271,29,242
E00155946,263,47,216
E00155947,243,40,203
E00155948,221,27,194
E00155949,313,57,256
E00155950,237,40,197
E00155951,297,55,242
E00155952,244,48,196
E00155953,351,67,284
E00155954,357,62,295
E00155955,353,67,286
E00155956,226,39,187
E00155957,298,51,247
E00155958,257,55,202
E00155959,290,58,232
E00155961,255,38,217
E00155962,212,22,190
E00155963,269,45,224
E00155964,262,19,243
E00155965,336,70,266
E00155966,337,82,255
E00155967,383,64,319
E00155968,289,66,223
E00155969,310,57,253
E00155970,361,60,301
E00155971,244,35,209
E00155972,249,37,212
E00155975,192,38,154
E00155976,262,46,216
E00155977,250,30,220
E00155978,233,41,192
E00155979,277,53,224
E00155980,474,107,367
E00155981,331,65,266
E00155982,323,70,253
E00155983,293,63,230
E00155984,371,68,303
E00155985,287,61,226
E00155986,267,40,227
E00155987,299,46,253
E00155988,264,48,216
E00155989,341,111,230
E00155990,288,71,217
E00155991,268,58,210
E00155992,258,43,215
E00155993,265,46,219
E00155994,264,36,228
E00155996,318,51,267
E00155997,298,47,251
E00155998,424,99,325
E00155999,324,73,251
E00156000,268,48,220
E00156001,333,79,254
E00156002,254,40,214
E00156003,401,98,303
E00156004,310,46,264
E00156005,364,74,290
E00156006,318,71,247
E00156007,237,40,197
E00156008,327,57,270
E00156009,346,86,260
E00156012,315,40,275
E00156013,352,68,284
E00156014,334,63,271
E00156015,341,80,261
E00156016,393,62,331
E00156017,411,90,321
E00156018,300,58,242
E00156019,471,69,402
E00156020,308,51,257
E00156021,443,62,381
E00156022,334,62,272
E00156023,330,47,283
E00156024,389,55,334
E00156025,329,65,264
E00156026,478,89,389
E00156027,338,95,243
E00156028,278,60,218
E00156029,285,46,239
E00156030,358,108,250
E00156031,344,87,257
E00156032,320,76,244
E00156033,385,102,283
E00156034,300,66,234
E00156035,366,105,261
E00156036,226,39,187
E00156037,321,94,227
E00156038,380,118,262
E00156039,347,87,260
E00156040,257,52,205
E00156041,406,88,318
E00156042,348,86,262
E00156043,280,60,220
E00156044,313,82,231
E00156045,353,84,269
E00156046,285,53,232
E00156047,303,65,238
E00156048,320,82,238
E00156049,422,107,315
E00156050,319,85,234
E00156051,278,38,240
E00156052,270,61,209
E00156053,336,69,267
E00156054,376,68,308
E00156055,328,53,275
E00156056,392,110,282
E00156057,378,90,288
E00156058,297,73,224
E00156059,308,77,231
E00156060,192,13,179
E00156061,295,72,223
E00156062,292,64,228
E00156063,309,60,249
E00156064,319,62,257
E00156065,354,73,281
E00156066,285,83,202
E00156067,338,55,283
E00156068,300,56,244
E00156069,303,48,255
E00156070,293,51,242
E00156071,287,48,239
E00156072,344,83,261
E00156073,394,115,279
E00156074,326,73,253
E00156075,356,80,276
E00156076,203,19,184
E00156077,356,64,292
E00156078,350,79,271
E00156079,356,70,286
E00156080,337,68,269
E00156081,383,81,302
E00156082,375,75,300
E00156083,363,67,296
E00156084,395,96,299
E00156085,356,92,264
E00156086,505,78,427
E00156087,588,133,455
E00156088,300,55,245
E00156089,403,76,327
E00156090,277,41,236
E00156091,395,57,338
E00156092,245,29,216
E00156093,290,51,239
E00156094,309,65,244
E00156095,346,77,269
E00156096,457,66,391
E00156097,432,93,339
E00156098,222,46,176
E00156099,419,122,297
E00156100,346,108,238
E00156101,308,84,224
E00156102,256,60,196
E00156103,393,95,298
E00156104,289,70,219
E00156106,260,59,201
E00156107,282,67,215
E00156108,264,27,237
E00156110,224,23,201
E00156111,328,76,252
E00156112,374,62,312
E00156113,415,77,338
E00156114,297,34,263
E00156115,142,25,117
E00156116,315,55,260
E00156118,283,54,229
E00156119,318,63,255
E00156120,258,34,224
E00156121,243,27,216
E00156123,262,59,203
E00156124,360,79,281
E00156126,366,95,271
E00156127,313,63,250
E00156128,316,60,256
E00156129,247,37,210
E00156130,287,49,238
E00156131,248,44,204
E00156132,296,42,254
E00156133,198,29,169
E00156134,312,67,245
E00156135,360,84,276
E00156136,300,51,249
E00156137,304,82,222
E00156138,329,61,268
E00156139,292,56,236
E00156140,364,54,310
E00156141,360,55,305
E00156142,317,68,249
E00156143,332,72,260
E00156144,311,54,257
E00156145,313,93,220
E00156146,247,30,217
E00156148,402,84,318
E00156149,304,77,227
E00156150,336,78,258
E00156151,241,46,195
E00156152,362,78,284
E00156153,277,66,211
E00156154,246,33,213
E00156155,470,126,344
E00156156,366,91,275
E00156157,260,71,189
E00156158,378,108,270
E00156159,349,107,242
E00156160,218,32,186
E00156161,290,83,207
E00156162,451,54,397
E00156163,281,34,247
E00156164,395,45,350
E00156165,327,67,260
E00156166,285,58,227
E00156167,324,81,243
E00156168,278,64,214
E00156169,291,57,234
E00156170,306,80,226
E00156171,289,64,225
E00156172,247,52,195
E00156173,289,71,218
E00156174,284,39,245
E00156175,367,66,301
E00156176,282,49,233
E00156177,338,62,276
E00156178,190,23,167
E00156179,285,60,225
E00156180,332,74,258
E00156181,402,96,306
E00156182,349,81,268
E00156184,135,19,116
E00156185,339,66,273
E00156186,263,50,213
E00156187,264,38,226
E00156188,372,77,295
E00156189,295,57,238
E00156190,393,93,300
E00156191,328,74,254
E00156192,283,42,241
E00156193,310,53,257
E00156194,271,37,234
E00156195,240,26,214
E00156196,436,92,344
E00156197,416,68,348
E00156198,286,51,235
E00156199,339,66,273
E00156201,413,73,340
E00156202,329,47,282
E00156203,212,19,193
E00156204,366,52,314
E00156205,385,50,335
E00156206,333,58,275
E00156207,386,67,319
E00156208,384,59,325
E00156209,395,103,292
E00156210,229,67,162
E00156211,226,55,171
E00156212,353,69,284
E00156213,296,69,227
E00156214,241,52,189
E00156215,293,49,244
E00156216,355,91,264
E00156217,257,55,202
E00156218,307,58,249
E00156219,237,50,187
E00156220,206,31,175
E00156221,355,96,259
E00156222,282,81,201
E00156223,308,77,231
E00156224,135,22,113
E00156225,250,53,197
E00156226,270,81,189
E00156227,299,70,229
E00156228,291,60,231
E00156229,294,89,205
E00156230,323,70,253
E00156231,333,77,256
E00156232,308,64,244
E00156233,312,64,248
E00156234,301,51,250
E00156235,283,53,230
E00156236,294,52,242
E00156237,288,41,247
E00156238,243,13,230
E00156239,245,30,215
E00156240,254,40,214
E00156241,288,51,237
E00156242,213,29,184
E00156243,276,66,210
E00156244,371,82,289
E00156245,231,36,195
E00156246,231,44,187
E00156247,419,77,342
E00156248,236,45,191
E00156249,315,60,255
E00156250,259,38,221
E00156251,324,66,258
E00156252,300,53,247
E00156253,295,49,246
E00156254,266,39,227
E00156255,255,46,209
E00156256,284,43,241
E00156257,301,46,255
E00156258,250,53,197
E00156259,226,46,180
E00156260,342,56,286
E00156261,411,119,292
E00156262,279,54,225
E00156263,288,36,252
E00156264,288,51,237
E00156265,316,57,259
E00156266,366,76,290
E00156267,261,36,225
E00156268,317,45,272
E00156269,286,50,236
E00156270,294,69,225
E00156271,220,42,178
E00156272,250,57,193
E00156273,213,37,176
E00156274,218,34,184
E00156275,211,19,192
E00156276,270,49,221
E00156277,341,71,270
E00156278,303,56,247
E00156279,333,56,277
E00156280,268,34,234
E00156281,303,59,244
E00156282,284,50,234
E00156283,272,58,214
E00156284,186,4,182
E00156285,512,112,400
E00156286,319,71,248
E00156287,289,33,256
E00156288,230,31,199
E00156289,256,85,171
E00156290,290,39,251
E00156291,194,30,164
E00156292,239,36,203
E00156293,283,38,245
E00156294,318,76,242
E00156295,231,30,201
E00156296,182,13,169
E00156297,354,79,275
E00156298,321,44,277
E00156299,337,76,261
E00156300,179,9,170
E00156301,480,87,393
E00156302,253,47,206
E00156303,267,44,223
E00156304,348,76,272
E00156305,297,57,240
E00156306,340,78,262
E00156308,233,21,212
E00156309,359,88,271
E00156310,368,73,295
E00156311,300,39,261
E00156312,300,37,263
E00156313,344,63,281
E00156314,282,43,239
E00156315,286,64,222
E00156316,325,50,275
E00156317,304,40,264
E00156318,337,76,261
E00156319,362,87,275
E00156320,277,47,230
E00156321,202,24,178
E00156322,349,70,279
E00156323,250,47,203
E00156324,480,82,398
E00156326,324,53,271
E00156327,289,53,236
E00156328,389,73,316
E00156329,179,33,146
E00156330,307,63,244
E00156331,298,48,250
E00156333,265,43,222
E00156337,314,65,249
E00156338,242,23,219
E00156339,390,77,313
E00156340,332,68,264
E00156341,294,60,234
E00156342,210,0,210
E00156343,194,2,192
E00156344,254,38,216
E00156345,228,32,196
E00156346,312,71,241
E00156347,421,73,348
E00156349,409,113,296
E00156350,260,10,250
E00156351,306,81,225
E00156352,252,51,201
E00156353,225,25,200
E00156354,227,43,184
E00156355,338,68,270
E00156356,281,53,228
E00156358,382,77,305
E00156359,284,39,245
E00156360,267,36,231
E00156361,327,85,242
E00156362,267,36,231
E00156363,315,62,253
E00156364,296,44,252
E00156365,290,53,237
E00156367,305,58,247
E00156368,351,42,309
E00156370,100,6,94
E00156371,366,83,283
E00156372,356,82,274
E00156373,318,60,258
E00156374,268,56,212
E00156375,323,65,258
E00156376,253,32,221
E00156377,270,46,224
E00156378,194,41,153
E00156379,320,73,247
E00156380,223,25,198
E00156381,254,37,217
E00156382,272,43,229
E00156383,291,64,227
E00156384,327,91,236
E00156385,384,79,305
E00156386,231,41,190
E00156387,268,64,204
E00156388,243,24,219
E00156389,236,41,195
E00156390,368,50,318
E00156391,304,65,239
E00156392,379,84,295
E00156393,278,81,197
E00156394,378,62,316
E00156395,275,60,215
E00156396,321,63,258
E00156397,366,83,283
E00156398,292,60,232
E00156399,257,48,209
E00156400,319,106,213
E00156401,511,392,119
E00156402,256,77,179
E00156403,353,124,229
E00156404,211,43,168
E00156405,298,66,232
E00156407,297,78,219
E00156408,172,9,163
E00156409,436,152,284
E00156410,229,56,173
E00156411,382,200,182
E00156412,346,156,190
E00156413,221,42,179
E00156414,335,95,240
E00156415,288,84,204
E00156416,240,46,194
E00156417,337,136,201
E00156418,304,64,240
E00156419,348,166,182
E00156420,304,175,129
E00156421,342,91,251
E00156423,570,514,56
E00156424,262,149,113
E00156426,298,119,179
E00156427,263,58,205
E00156429,407,120,287
E00156430,328,106,222
E00156431,258,94,164
E00156432,344,199,145
E00156433,349,136,213
E00156434,317,125,192
E00156435,341,164,177
E00156436,304,112,192
E00156437,331,169,162
E00156438,550,156,394
E00156439,191,41,150
E00156441,201,29,172
E00156442,245,47,198
E00156443,326,75,251
E00156444,266,57,209
E00156445,259,48,211
E00156446,405,163,242
E00156447,305,123,182
E00156448,286,48,238
E00156449,402,58,344
E00156450,259,40,219
E00156451,272,25,247
E00156452,292,46,246
E00156453,191,23,168
E00156454,362,93,269
E00156455,313,56,257
E00156456,272,48,224
E00156457,281,53,228
E00156458,282,56,226
E00156459,332,43,289
E00156462,253,24,229
E00156463,279,54,225
E00156464,206,28,178
E00156465,290,46,244
E00156466,395,68,327
E00156467,344,61,283
E00156468,282,53,229
E00156469,260,48,212
E00156470,417,87,330
E00156471,367,59,308
E00156472,305,46,259
E00156473,318,57,261
E00156474,355,65,290
E00156475,290,50,240
E00156476,325,50,275
E00156477,375,82,293
E00156478,351,67,284
E00156479,361,67,294
E00156480,375,83,292
E00156481,241,39,202
E00156482,222,41,181
E00156483,238,40,198
E00156484,227,42,185
E00156485,344,59,285
E00156486,354,83,271
E00156487,300,38,262
E00156488,282,76,206
E00156489,338,42,296
E00156490,298,46,252
E00156491,315,43,272
E00156492,260,30,230
E00156493,301,44,257
E00156494,251,39,212
E00156495,278,46,232
E00156496,252,42,210
E00156497,168,16,152
E00156498,328,65,263
E00156499,255,36,219
E00156500,495,197,298
E00156501,332,62,270
E00156502,345,61,284
E00156503,297,57,240
E00156504,274,28,246
E00156505,180,36,144
E00156506,223,30,193
E00156507,324,58,266
E00156508,286,57,229
E00156509,275,47,228
E00156510,325,74,251
E00156511,308,76,232
E00156512,327,106,221
E00156513,308,93,215
E00156514,279,48,231
E00156515,249,48,201
E00156516,304,68,236
E00156517,327,63,264
E00156518,463,75,388
E00156519,363,74,289
E00156520,326,66,260
E00156521,286,54,232
E00156522,324,69,255
E00156523,288,42,246
E00156524,311,65,246
E00156525,304,59,245
E00156526,278,50,228
E00156527,306,55,251
E00156528,332,51,281
E00156529,306,59,247
E00156530,299,69,230
E00156531,249,44,205
E00156532,282,46,236
E00156533,297,58,239
E00156534,354,80,274
E00156535,346,62,284
E00156536,272,36,236
E00156537,302,44,258
E00156538,322,68,254
E00156539,276,45,231
E00156540,284,40,244
E00156541,391,86,305
E00156542,286,64,222
E00156543,263,50,213
E00156544,278,48,230
E00156545,299,44,255
E00156546,317,58,259
E00156547,362,65,297
E00156548,292,50,242
E00156549,274,49,225
E00156550,286,42,244
E00156551,272,33,239
E00156552,251,62,189
E00156553,290,43,247
E00156554,302,55,247
E00156555,340,64,276
E00156556,280,52,228
E00156557,274,47,227
E00156558,320,43,277
E00156559,384,76,308
E00156560,363,71,292
E00156561,265,43,222
E00156562,323,67,256
E00156563,258,43,215
E00156564,304,35,269
E00156565,329,71,258
E00156566,305,55,250
E00156567,345,48,297
E00156568,285,51,234
E00156569,349,66,283
E00156570,239,39,200
E00156571,297,45,252
E00156572,327,62,265
E00156573,272,67,205
E00156574,246,35,211
E00156575,315,61,254
E00156576,369,80,289
E00156577,341,58,283
E00156578,393,88,305
E00156579,354,46,308
E00156580,348,91,257
E00156581,323,58,265
E00156582,298,45,253
E00156583,325,58,267
E00156584,360,74,286
E00156585,262,47,215
E00156586,266,48,218
E00156587,322,60,262
E00156588,306,46,260
E00156590,323,74,249
E00156591,390,95,295
E00156592,445,104,341
E00156594,309,64,245
E00156595,494,143,351
E00156596,305,45,260
E00156597,342,60,282
E00156598,376,115,261
E00156599,308,70,238
E00156600,328,63,265
E00156601,327,54,273
E00156602,255,42,213
E00156603,365,84,281
E00156604,322,57,265
E00156605,302,52,250
E00156606,287,32,255
E00156607,287,43,244
E00156608,315,82,233
E00156609,310,62,248
E00156610,292,64,228
E00156611,365,85,280
E00156612,392,93,299
E00156613,304,60,244
E00156614,295,50,245
E00156615,306,45,261
E00156616,281,44,237
E00156617,360,79,281
E00156618,319,72,247
E00156619,520,41,479
E00156620,297,45,252
E00156621,236,35,201
E00156622,316,46,270
E00156623,306,46,260
E00156624,254,40,214
E00156625,315,47,268
E00156626,322,56,266
E00156627,482,91,391
E00156628,376,83,293
E00156629,265,50,215
E00156630,378,54,324
E00156631,319,56,263
E00156632,427,65,362
E00156633,293,56,237
E00156634,236,29,207
E00156635,220,12,208
E00156636,327,61,266
E00156637,390,55,335
E00156638,295,49,246
E00156639,369,46,323
E00156640,231,39,192
E00156641,329,70,259
E00156642,288,57,231
E00156643,315,71,244
E00156644,295,72,223
E00156645,336,60,276
E00156646,228,27,201
E00156647,356,70,286
E00156648,272,55,217
E00156649,396,69,327
E00156650,249,29,220
E00156651,291,59,232
E00156652,328,76,252
E00156653,387,66,321
E00156654,246,49,197
E00156655,296,61,235
E00156656,271,38,233
E00156657,282,49,233
E00156658,309,59,250
E00156659,239,44,195
E00156660,292,62,230
E00156661,329,54,275
E00156662,263,47,216
E00156663,310,67,243
E00156664,296,56,240
E00156665,310,47,263
E00156666,291,58,233
E00156667,283,60,223
E00156668,317,40,277
E00156669,298,54,244
E00156670,330,52,278
E00156672,318,74,244
E00156673,364,67,297
E00156674,229,36,193
E00156675,250,50,200
E00156676,406,96,310
E00156677,301,52,249
E00156678,295,49,246
E00156679,196,21,175
E00156680,329,57,272
E00156681,209,14,195
E00156682,320,50,270
E00156683,240,29,211
E00156684,292,60,232
E00156685,283,43,240
E00156686,304,58,246
E00156687,256,35,221
E00156688,254,27,227
E00156689,282,52,230
E00156690,344,65,279
E00156691,259,51,208
E00156692,314,65,249
E00156693,263,32,231
E00156694,227,18,209
E00156695,307,45,262
E00156696,341,62,279
E00156697,316,47,269
E00156698,291,38,253
E00156699,237,37,200
E00156700,207,29,178
E00156701,358,65,293
E00156702,292,45,247
E00156703,315,37,278
E00156704,271,35,236
E00156705,295,38,257
E00156706,496,116,380
E00156707,261,33,228
E00156708,207,27,180
E00156709,298,57,241
E00156710,246,22,224
E00156711,307,60,247
E00156712,265,43,222
E00156713,313,45,268
E00156714,387,69,318
E00156715,296,48,248
E00156716,279,63,216
E00156717,272,30,242
E00156718,352,53,299
E00156719,245,41,204
E00156720,256,33,223
E00156721,202,19,183
E00156722,334,51,283
E00156723,222,27,195
E00156724,291,48,243
E00156725,321,43,278
E00156726,308,44,264
E00156727,236,23,213
E00156728,231,37,194
E00156729,272,42,230
E00156730,354,68,286
E00156731,171,29,142
E00156732,244,37,207
E00156733,206,25,181
E00156734,232,51,181
E00156735,266,50,216
E00156736,233,36,197
E00156737,319,66,253
E00156740,292,47,245
E00156741,458,103,355
E00156742,401,87,314
E00156743,248,39,209
E00156744,264,46,218
E00156745,423,102,321
E00156746,186,20,166
E00156747,320,53,267
E00156748,307,41,266
E00156749,216,26,190
E00156750,288,45,243
E00156751,208,25,183
E00156752,193,37,156
E00156753,300,51,249
E00156754,271,55,216
E00156755,362,88,274
E00156756,307,63,244
E00156757,281,53,228
E00156758,213,39,174
E00156759,287,55,232
E00156760,245,57,188
E00156761,302,44,258
E00156762,303,69,234
E00156763,162,14,148
E00156764,301,51,250
E00156765,361,92,269
E00156766,298,52,246
E00156767,307,61,246
E00156768,315,68,247
E00156769,299,46,253
E00156770,380,81,299
E00156771,269,48,221
E00156772,339,66,273
E00156773,294,64,230
E00156774,269,54,215
E00156775,334,74,260
E00156776,228,20,208
E00156777,304,67,237
E00156778,334,69,265
E00156779,302,69,233
E00156780,430,115,315
E00156781,273,32,241
E00156782,340,50,290
E00156783,165,14,151
E00156784,115,2,113
E00156785,418,80,338
E00156786,151,4,147
E00156787,372,76,296
E00156788,427,84,343
E00156789,279,49,230
E00156790,285,70,215
E00156791,366,79,287
E00156792,331,75,256
E00156793,327,77,250
E00156794,312,79,233
E00156795,305,45,260
E00156796,376,67,309
E00156797,334,55,279
E00156798,354,65,289
E00156799,292,61,231
E00156800,270,41,229
E00156801,314,54,260
E00156802,386,94,292
E00156803,342,74,268
E00156804,392,114,278
E00156805,349,65,284
E00156806,470,76,394
E00156807,317,73,244
E00156808,325,91,234
E00156809,244,51,193
E00156810,398,87,311
E00156811,314,56,258
E00156812,257,61,196
E00156813,214,35,179
E00156814,345,91,254
E00156815,332,85,247
E00156816,277,63,214
E00156817,283,47,236
E00156818,294,69,225
E00156819,312,58,254
E00156820,328,67,261
E00156821,298,67,231
E00156822,284,65,219
E00156823,275,59,216
E00156824,339,50,289
E00156825,247,49,198
E00156826,339,70,269
E00156827,279,36,243
E00156828,459,110,349
E00156829,531,118,413
E00156830,330,68,262
E00156831,236,23,213
E00156832,282,39,243
E00156833,248,31,217
E00156834,269,49,220
E00156835,484,108,376
E00156836,342,60,282
E00156837,313,60,253
E00156838,460,87,373
E00156839,488,116,372
E00156840,358,73,285
E00156841,321,60,261
E00156842,335,62,273
E00156843,314,59,255
E00156844,300,51,249
E00156845,331,68,263
E00156846,343,72,271
E00156847,333,70,263
E00156848,264,43,221
E00156849,339,51,288
E00156850,280,58,222
E00156852,221,37,184
E00156853,250,32,218
E00156854,245,44,201
E00156855,271,43,228
E00156856,293,50,243
E00156857,400,65,335
E00156858,301,58,243
E00156859,147,26,121
E00156860,317,49,268
E00156861,398,66,332
E00156862,309,48,261
E00156863,183,15,168
E00156864,272,67,205
E00156865,291,57,234
E00156866,263,54,209
E00156867,266,50,216
E00156868,292,51,241
E00156869,314,47,267
E00156870,271,45,226
E00156871,250,44,206
E00156872,278,44,234
E00156875,339,52,287
E00156876,364,58,306
E00156877,258,46,212
E00156878,269,51,218
E00156879,343,53,290
E00156880,328,48,280
E00156881,365,56,309
E00156882,278,43,235
E00156883,263,44,219
E00156884,307,38,269
E00156885,352,71,281
E00156886,276,39,237
E00156887,243,27,216
E00156888,287,47,240
E00156889,348,96,252
E00156890,247,47,200
E00156891,454,65,389
E00156892,288,50,238
E00156893,292,44,248
E00156894,300,61,239
E00156895,270,42,228
E00156896,301,62,239
E00156897,273,49,224
E00156898,338,85,253
E00156899,379,54,325
E00156900,291,78,213
E00156901,246,43,203
E00156902,233,42,191
E00156903,442,95,347
E00156904,364,91,273
E00156905,325,71,254
E00156906,404,51,353
E00156907,294,44,250
E00156908,332,78,254
E00156909,329,67,262
E00156910,355,79,276
E00156911,278,42,236
E00156912,264,52,212
E00156913,352,66,286
E00156914,321,71,250
E00156915,192,19,173
E00156916,321,56,265
E00156917,309,48,261
E00156918,266,44,222
E00156919,307,56,251
E00156920,295,54,241
E00156921,297,61,236
E00156922,329,46,283
E00156923,256,43,213
E00156924,306,57,249
E00156925,256,59,197
E00156926,267,47,220
E00156927,306,68,238
E00156928,342,88,254
E00156929,316,55,261
E00156930,298,62,236
E00156931,312,82,230
E00156932,295,60,235
E00156933,290,60,230
E00156934,383,87,296
E00156935,359,82,277
E00156936,356,75,281
E00156937,271,40,231
E00156938,406,72,334
E00156939,516,117,399
E00156940,299,59,240
E00156941,275,69,206
E00156942,268,52,216
E00156943,298,71,227
E00156944,299,76,223
E00156945,335,68,267
E00156946,286,25,261
E00156947,297,44,253
E00156948,204,20,184
E00156949,341,56,285
E00156950,338,57,281
E00156951,293,41,252
E00156952,274,46,228
E00156953,274,47,227
E00156954,240,23,217
E00156955,318,62,256
E00156956,288,43,245
E00156957,315,60,255
E00156958,269,28,241
E00156959,277,35,242
E00156960,297,48,249
E00156961,231,33,198
E00156962,220,22,198
E00156963,289,52,237
E00156964,304,45,259
E00156965,305,59,246
E00156966,287,61,226
E00156967,334,70,264
E00156968,297,99,198
E00156970,519,86,433
E00156971,318,61,257
E00156972,316,45,271
E00156973,292,47,245
E00156974,301,55,246
E00156975,342,74,268
E00156976,262,32,230
E00156977,287,42,245
E00156978,241,34,207
E00156979,378,80,298
E00156980,328,65,263
E00156981,291,49,242
E00156982,269,34,235
E00156983,337,55,282
E00156984,223,14,209
E00156985,294,40,254
E00156986,320,57,263
E00156987,300,75,225
E00156988,301,67,234
E00156989,459,86,373
E00156990,331,75,256
E00156991,297,74,223
E00156992,286,49,237
E00156993,299,52,247
E00156994,338,70,268
E00156995,371,62,309
E00156996,411,86,325
E00156997,345,103,242
E00156998,293,65,228
E00156999,344,78,266
E00157000,395,72,323
E00157001,401,91,310
E00157002,332,65,267
E00157003,331,50,281
E00157004,312,50,262
E00157005,330,67,263
E00157006,363,98,265
E00157007,280,56,224
E00157008,343,85,258
E00157009,355,88,267
E00157010,305,52,253
E00157011,341,62,279
E00157012,304,66,238
E00157013,325,63,262
E00157014,318,64,254
E00157015,450,74,376
E00157016,394,92,302
E00157017,347,60,287
E00157018,508,78,430
E00157020,319,45,274
E00157021,307,54,253
E00157023,326,56,270
E00157024,236,40,196
E00157025,365,127,238
E00157026,263,49,214
E00157027,328,66,262
E00157028,275,28,247
E00157029,329,69,260
E00157031,193,38,155
E00157032,529,88,441
E00157033,412,76,336
E00157034,308,46,262
E00157035,252,39,213
E00157036,337,66,271
E00157037,360,71,289
E00157038,365,80,285
E00157039,384,86,298
E00157040,355,58,297
E00157041,340,63,277
E00157042,370,79,291
E00157043,349,83,266
E00157044,309,48,261
E00157045,381,78,303
E00157046,355,64,291
E00157047,294,47,247
E00157048,373,72,301
E00157049,385,62,323
E00157050,306,40,266
E00157051,312,50,262
E00157053,293,51,242
E00157054,423,67,356
E00157055,241,46,195
E00157056,441,54,387
E00157057,347,56,291
E00157058,316,31,285
E00157059,342,55,287
E00157061,425,63,362
E00157062,338,60,278
E00157063,306,58,248
E00157064,339,43,296
E00157065,361,62,299
E00157066,323,60,263
E00157067,337,64,273
E00157068,359,54,305
E00157069,310,48,262
E00157070,364,55,309
E00157071,272,47,225
E00157072,333,58,275
E00157073,286,44,242
E00157074,315,67,248
E00157075,388,87,301
E00157076,328,75,253
E00157077,334,78,256
E00157078,361,94,267
E00157080,409,93,316
E00157081,324,85,239
E00157082,337,56,281
E00157083,316,71,245
E00157084,288,63,225
E00157085,347,82,265
E00157087,239,48,191
E00157088,253,52,201
E00157089,135,25,110
E00157090,586,333,253
E00157091,316,56,260
E00157092,251,32,219
E00157093,290,44,246
E00157094,306,55,251
E00157095,327,60,267
E00157096,281,52,229
E00157097,291,36,255
E00157098,281,57,224
E00157099,285,48,237
E00157100,307,57,250
E00157101,287,64,223
E00157102,285,47,238
E00157103,288,59,229
E00157104,249,42,207
E00157105,213,29,184
E00157106,218,21,197
E00157107,337,77,260
E00157108,265,49,216
E00157109,324,84,240
E00157110,297,46,251
E00157111,424,83,341
E00157112,433,60,373
E00157113,289,51,238
E00157114,290,83,207
E00157115,251,51,200
E00157116,483,79,404
E00157117,272,49,223
E00157118,138,18,120
E00157119,373,48,325
E00157120,329,54,275
E00157121,240,43,197
E00157122,351,78,273
E00157123,247,46,201
E00157124,373,64,309
E00157125,457,74,383
E00157126,224,32,192
E00157127,263,51,212
E00157128,307,36,271
E00157129,328,62,266
E00157130,277,46,231
E00157131,279,52,227
E00157132,378,55,323
E00157133,295,49,246
E00157134,243,37,206
E00157135,299,46,253
E00157136,397,83,314
E00157137,222,24,198
E00157138,127,26,101
E00157139,321,64,257
E00157140,338,51,287
E00157141,115,20,95
E00157142,421,66,355
E00157143,112,28,84
E00157144,362,62,300
E00157145,341,58,283
E00157146,344,63,281
E00157147,331,55,276
E00157148,365,89,276
E00157149,335,69,266
E00157150,308,59,249
E00157151,337,72,265
E00157152,335,48,287
E00157153,323,60,263
E00157154,424,42,382
E00157155,355,126,229
E00157156,314,55,259
E00157157,281,41,240
E00157158,292,42,250
E00157159,237,36,201
E00157160,322,49,273
E00157161,420,91,329
E00157162,401,78,323
E00157163,307,30,277
E00157164,386,49,337
E00157165,377,76,301
E00157166,355,54,301
E00157167,317,39,278
E00157168,326,79,247
E00157169,295,65,230
E00157170,324,52,272
E00157171,245,50,195
E00157172,231,31,200
E00157173,224,35,189
E00157174,276,36,240
E00157175,258,30,228
E00157176,263,54,209
E00157177,261,43,218
E00157178,304,61,243
E00157179,248,35,213
E00157180,335,50,285
E00157181,264,47,217
E00157182,361,82,279
E00157183,134,15,119
E00157184,274,56,218
E00157185,354,80,274
E00157186,265,61,204
E00157187,287,57,230
E00157188,269,49,220
E00157189,360,84,276
E00157190,350,80,270
E00157191,357,139,218
E00157192,301,57,244
E00157193,362,53,309
E00157194,283,48,235
E00157195,293,52,241
E00157196,234,22,212
E00157197,292,55,237
E00157198,371,88,283
E00157199,428,68,360
E00157200,331,69,262
E00157201,331,52,279
E00157202,238,32,206
E00157203,239,29,210
E00157204,249,47,202
E00157205,313,47,266
E00157206,263,42,221
E00157207,246,39,207
E00157208,373,82,291
E00157209,289,50,239
E00157210,294,45,249
E00157211,292,64,228
E00157212,326,57,269
E00157213,347,72,275
E00157214,347,57,290
E00157215,407,84,323
E00157216,323,57,266
E00157217,281,70,211
E00157218,408,63,345
E00157219,359,64,295
E00157220,284,62,222
E00157221,307,51,256
E00157222,337,69,268
E00157223,261,43,218
E00157224,236,39,197
E00157225,240,37,203
E00157226,317,77,240
E00157227,288,60,228
E00157228,341,57,284
E00157229,305,68,237
E00157230,354,87,267
E00157232,257,55,202
E00157233,195,21,174
E00157234,219,36,183
E00157235,224,16,208
E00157236,271,47,224
E00157237,191,13,178
E00157238,287,78,209
E00157239,312,70,242
E00157240,293,46,247
E00157241,352,80,272
E00157242,263,43,220
E00157244,324,54,270
E00157245,309,63,246
E00157247,225,35,190
E00157248,278,58,220
E00157249,325,61,264
E00157250,270,69,201
E00157252,353,54,299
E00157253,347,96,251
E00157254,349,75,274
E00157255,313,41,272
E00157256,219,45,174
E00157257,264,59,205
E00157258,302,57,245
E00157259,294,66,228
E00157260,352,79,273
E00157261,252,74,178
E00157262,270,60,210
E00157263,291,50,241
E00157264,229,40,189
E00157265,462,97,365
E00157266,306,73,233
E00157267,298,62,236
E00157268,310,60,250
E00157270,396,62,334
E00157271,391,86,305
E00157272,350,66,284
E00157273,295,62,233
E00157274,349,72,277
E00157275,312,69,243
E00157276,330,38,292
E00157277,310,68,242
E00157278,285,63,222
E00157279,372,46,326
E00157280,367,61,306
E00157281,139,18,121
E00157282,343,80,263
E00157283,318,53,265
E00157284,221,42,179
E00157285,347,72,275
E00157286,298,38,260
E00157287,296,59,237
E00157288,291,50,241
E00157289,270,35,235
E00157290,317,46,271
E00157291,365,68,297
E00157293,337,77,260
E00157294,319,68,251
E00157295,217,34,183
E00157296,300,62,238
E00157297,299,63,236
E00157298,304,59,245
E00157299,314,66,248
E00157300,403,78,325
E00157301,272,53,219
E00157302,314,64,250
E00157303,368,90,278
E00157304,259,62,197
E00157305,437,95,342
E00157306,396,41,355
E00157308,302,69,233
E00157309,368,86,282
E00157310,312,71,241
E00157311,330,30,300
E00157312,324,72,252
E00157313,215,23,192
E00157314,212,32,180
E00157315,248,43,205
E00157316,362,71,291
E00157317,287,60,227
E00157318,371,63,308
E00157319,289,55,234
E00157320,291,40,251
E00157321,350,45,305
E00157322,348,83,265
E00157323,403,79,324
E00157324,328,54,274
E00157325,322,52,270
E00157326,282,58,224
E00157327,242,24,218
E00157328,302,49,253
E00157329,329,62,267
E00157330,272,42,230
E00157331,296,52,244
E00157332,358,61,297
E00157333,278,35,243
E00157334,474,75,399
E00157335,261,55,206
E00157336,257,55,202
E00157337,237,36,201
E00157338,363,66,297
E00157339,322,59,263
E00157340,561,115,446
E00157341,319,73,246
E00157343,328,71,257
E00157344,295,52,243
E00157345,297,66,231
E00157346,200,25,175
E00157347,453,73,380
E00157348,280,41,239
E00157349,292,66,226
E00157350,306,46,260
E00157352,319,57,262
E00157353,359,63,296
E00157355,244,37,207
E00157356,286,45,241
E00157357,338,65,273
E00157358,303,59,244
E00157360,294,53,241
E00157361,306,41,265
E00157362,332,72,260
E00157363,326,65,261
E00157365,442,70,372
E00157366,279,37,242
E00157368,265,0,265
E00157369,275,33,242
E00157370,263,38,225
E00157371,286,47,239
E00157372,394,73,321
E00157373,244,41,203
E00157374,257,44,213
E00157375,338,98,240
E00157376,282,68,214
E00157377,416,86,330
E00157378,195,25,170
E00157379,313,70,243
E00157380,308,60,248
E00157381,316,72,244
E00157382,357,51,306
E00157383,300,50,250
E00157384,281,56,225
E00157385,282,71,211
E00157386,357,121,236
E00157387,244,34,210
E00157388,431,95,336
E00157389,499,99,400
E00157390,119,21,98
E00157391,299,45,254
E00157392,370,83,287
E00157393,266,50,216
E00157394,337,68,269
E00157395,414,97,317
E00157396,309,62,247
E00157397,271,57,214
E00157398,301,66,235
E00157399,294,72,222
E00157400,222,38,184
E00157401,393,72,321
E00157402,385,59,326
E00157403,293,44,249
E00157404,226,19,207
E00157405,210,26,184
E00157406,288,42,246
E00157407,479,79,400
E00157408,500,94,406
E00157409,264,53,211
E00157410,470,100,370
E00157411,279,42,237
E00157412,245,38,207
E00157413,299,50,249
E00157414,281,65,216
E00157415,295,64,231
E00157416,316,54,262
E00157417,212,28,184
E00157418,333,69,264
E00157419,290,55,235
E00157420,265,53,212
E00157421,269,39,230
E00157422,294,55,239
E00157423,322,61,261
E00157424,299,48,251
E00157425,389,51,338
E00157426,508,73,435
E00157428,319,32,287
E00157429,242,36,206
E00157430,300,48,252
E00157431,487,91,396
E00157432,163,28,135
E00157433,190,17,173
E00157434,398,80,318
E00157435,234,34,200
E00157436,219,20,199
E00157437,286,60,226
E00157438,353,65,288
E00157439,250,36,214
E00157440,260,50,210
E00157441,252,31,221
E00157442,319,50,269
E00157443,390,77,313
E00157444,377,98,279
E00157445,273,48,225
E00157446,320,48,272
E00157447,275,57,218
E00157448,313,43,270
E00157449,294,42,252
E00157450,171,27,144
E00157451,307,75,232
E00157452,411,58,353
E00157453,278,47,231
E00157454,555,340,215
E00157455,351,65,286
E00157456,385,37,348
E00157457,293,49,244
E00157458,367,102,265
E00157459,369,102,267
E00157460,387,94,293
E00157461,289,58,231
E00157462,371,102,269
E00157463,288,54,234
E00157464,347,91,256
E00157465,327,77,250
E00157466,339,75,264
E00157467,323,74,249
E00157468,405,127,278
E00157469,498,137,361
E00157470,319,37,282
E00157471,323,110,213
E00157472,241,39,202
E00157473,292,43,249
E00157474,302,109,193
E00157475,279,43,236
E00157476,396,100,296
E00157477,440,194,246
E00157478,237,51,186
E00157479,379,102,277
E00157480,397,73,324
E00157481,373,86,287
E00157482,223,22,201
E00157483,347,57,290
E00157484,315,81,234
E00157485,319,75,244
E00157486,332,84,248
E00157487,358,94,264
E00157488,222,19,203
E00157489,273,90,183
E00157490,288,61,227
E00157491,266,61,205
E00157492,345,91,254
E00157493,284,64,220
E00157494,386,102,284
E00157495,320,69,251
E00157496,368,104,264
E00157497,317,87,230
E00157498,266,35,231
E00157499,244,51,193
E00157500,331,79,252
E00157501,299,45,254
E00157502,347,80,267
E00157503,333,84,249
E00157504,343,75,268
E00157505,313,44,269
E00157506,342,73,269
E00157507,288,60,228
E00157508,262,54,208
E00157509,272,40,232
E00157510,343,74,269
E00157511,278,58,220
E00157512,371,105,266
E00157513,368,82,286
E00157514,357,67,290
E00157515,387,75,312
E00157516,306,71,235
E00157517,248,50,198
E00157518,455,130,325
E00157519,344,95,249
E00157520,478,106,372
E00157521,325,75,250
E00157522,297,65,232
E00157523,356,147,209
E00157524,348,98,250
E00157525,268,69,199
E00157526,228,45,183
E00157527,282,58,224
E00157528,354,78,276
E00157529,347,80,267
E00157530,250,54,196
E00157531,321,96,225
E00157532,358,60,298
E00157533,282,64,218
E00157534,331,92,239
E00157535,316,77,239
E00157536,354,85,269
E00157537,339,82,257
E00157538,235,40,195
E00157539,328,79,249
E00157540,310,50,260
E00157541,276,50,226
E00157542,323,54,269
E00157543,299,56,243
E00157544,279,34,245
E00157545,306,61,245
E00157546,302,40,262
E00157547,357,118,239
E00157548,358,116,242
E00157549,296,69,227
E00157550,314,89,225
E00157551,309,60,249
E00157552,325,54,271
E00157553,250,33,217
E00157554,299,51,248
E00157555,313,67,246
E00157556,321,55,266
E00157557,288,43,245
E00157558,313,67,246
E00157559,266,51,215
E00157560,271,38,233
E00157561,322,68,254
E00157562,325,63,262
E00157563,422,77,345
E00157564,468,60,408
E00157565,292,36,256
E00157566,296,43,253
E00157567,491,103,388
E00157568,396,77,319
E00157569,379,112,267
E00157570,305,64,241
E00157571,409,94,315
E00157572,351,79,272
E00157573,297,58,239
E00157574,349,83,266
E00157575,308,71,237
E00157576,414,186,228
E00157577,333,74,259
E00157578,321,67,254
E00157579,514,131,383
E00157582,418,78,340
E00157583,404,70,334
E00157584,244,36,208
E00157585,288,62,226
E00157586,291,59,232
E00157587,444,124,320
E00157588,333,65,268
E00157589,210,42,168
E00157590,294,36,258
E00157591,380,81,299
E00157592,243,38,205
E00157593,217,34,183
E00157594,326,54,272
E00157595,349,48,301
E00157596,360,65,295
E00157597,322,49,273
E00157598,306,78,228
E00157599,272,61,211
E00157600,296,62,234
E00157601,284,41,243
E00157602,287,55,232
E00157603,305,54,251
E00157604,278,64,214
E00157605,318,52,266
E00157606,381,57,324
E00157607,319,57,262
E00157608,265,45,220
E00157609,241,32,209
E00157610,336,75,261
E00157611,301,38,263
E00157612,234,39,195
E00157613,351,78,273
E00157614,246,42,204
E00157615,274,54,220
E00157616,400,33,367
E00157618,368,45,323
E00157619,327,81,246
E00157620,256,44,212
E00157621,304,66,238
E00157622,291,27,264
E00157623,346,64,282
E00157625,215,22,193
E00157626,315,74,241
E00157627,332,59,273
E00157628,329,62,267
E00157629,250,34,216
E00157630,280,46,234
E00157631,303,53,250
E00157632,258,50,208
E00157633,339,40,299
E00157634,263,58,205
E00157635,268,45,223
E00157636,279,45,234
E00157637,321,41,280
E00157638,333,76,257
E00157639,240,34,206
E00157640,210,31,179
E00157641,223,30,193
E00157642,283,39,244
E00157643,296,54,242
E00157645,251,29,222
E00157646,347,31,316
E00157647,276,31,245
E00157648,264,41,223
E00157649,294,53,241
E00157650,369,94,275
E00157651,372,76,296
E00157652,321,76,245
E00157653,397,114,283
E00157654,338,71,267
E00157655,549,118,431
E00157656,261,48,213
E00157657,354,85,269
E00157658,267,57,210
E00157659,377,65,312
E00157660,309,74,235
E00157661,314,63,251
E00157662,300,39,261
E00157663,332,76,256
E00157664,366,74,292
E00157665,345,38,307
E00157666,281,35,246
E00157667,289,56,233
E00157668,228,32,196
E00157669,290,44,246
E00157670,269,46,223
E00157671,197,11,186
E00157672,298,55,243
E00157673,330,77,253
E00157674,207,109,98
E00157675,303,83,220
E00157676,295,68,227
E00157677,171,25,146
E00157678,337,62,275
E00157679,326,54,272
E00157680,358,86,272
E00157681,273,47,226
E00157682,324,66,258
E00157683,331,72,259
E00157684,270,47,223
E00157685,221,32,189
E00157686,304,67,237
E00157687,173,11,162
E00157689,275,53,222
E00157690,231,35,196
E00157691,302,66,236
E00157692,239,35,204
E00157693,369,74,295
E00157694,286,53,233
E00157695,309,80,229
E00157696,266,49,217
E00157697,231,56,175
E00157698,291,67,224
E00157699,171,26,145
E00157700,247,42,205
E00157702,309,63,246
E00157703,285,43,242
E00157704,356,88,268
E00157705,345,70,275
E00157706,318,40,278
E00157707,374,54,320
E00157708,544,101,443
E00157709,313,65,248
E00157710,363,59,304
E00157711,292,40,252
E00157712,388,57,331
E00157714,261,45,216
E00157715,327,49,278
E00157716,303,73,230
E00157717,112,22,90
E00157718,269,49,220
E00157719,260,48,212
E00157720,307,50,257
E00157721,306,68,238
E00157722,288,56,232
E00157723,272,25,247
E00157724,268,57,211
E00157725,158,23,135
E00157726,223,40,183
E00157727,305,63,242
E00157728,214,30,184
E00157729,316,56,260
E00157730,300,60,240
E00157731,287,72,215
E00157732,341,92,249
E00157733,313,79,234
E00157734,264,56,208
E00157735,257,52,205
E00157736,367,87,280
E00157737,306,66,240
E00157738,277,48,229
E00157739,157,30,127
E00157740,302,58,244
E00157741,361,94,267
E00157743,321,62,259
E00157744,243,39,204
E00157745,389,88,301
E00157746,370,94,276
E00157747,222,27,195
E00157748,323,83,240
E00157749,368,87,281
E00157750,290,66,224
E00157751,111,15,96
E00157752,296,77,219
E00157753,243,43,200
E00157754,293,48,245
E00157755,311,50,261
E00157756,189,25,164
E00157757,124,32,92
E00157758,422,118,304
E00157759,152,18,134
E00157760,323,70,253
E00157761,309,61,248
E00157762,357,71,286
E00157763,326,63,263
E00157764,323,55,268
E00157765,270,56,214
E00157766,290,39,251
E00157767,373,44,329
E00157768,257,41,216
E00157769,343,60,283
E00157770,290,49,241
E00157771,235,37,198
E00157772,237,50,187
E00157773,196,43,153
E00157774,279,39,240
E00157775,293,63,230
E00157776,300,62,238
E00157777,382,73,309
E00157778,370,73,297
E00157779,394,108,286
E00157780,322,62,260
E00157781,303,69,234
E00157782,249,28,221
E00157783,503,89,414
E00157784,287,53,234
E00157785,341,100,241
E00157786,248,33,215
E00157787,276,49,227
E00157788,263,49,214
E00157789,296,52,244
E00157790,317,58,259
E00157791,437,92,345
E00157792,225,39,186
E00157793,263,45,218
E00157794,288,46,242
E00157795,284,60,224
E00157796,233,51,182
E00157797,276,57,219
E00157798,213,26,187
E00157799,319,108,211
E00157800,333,97,236
E00157801,205,34,171
E00157802,271,60,211
E00157803,293,77,216
E00157804,202,27,175
E00157806,197,30,167
E00157807,254,39,215
E00157808,291,49,242
E00157810,320,82,238
E00157811,309,72,237
E00157812,265,61,204
E00157813,255,32,223
E00157814,262,44,218
E00157815,304,59,245
E00157816,297,73,224
E00157817,255,38,217
E00157818,277,50,227
E00157819,161,19,142
E00157820,269,44,225
E00157821,265,44,221
E00157822,268,44,224
E00157823,243,37,206
E00157824,341,79,262
E00157825,289,67,222
E00157826,281,42,239
E00157827,337,54,283
E00157828,305,67,238
E00157829,311,60,251
E00157830,283,60,223
E00157831,290,67,223
E00157832,276,63,213
E00157833,278,49,229
E00157834,278,55,223
E00157835,215,23,192
E00157836,204,30,174
E00157837,235,52,183
E00157838,331,57,274
E00157839,271,49,222
E00157840,315,38,277
E00157841,234,40,194
E00157842,243,43,200
E00157843,269,43,226
E00157844,303,62,241
E00157845,354,80,274
E00157846,310,53,257
E00157847,351,80,271
E00157848,330,56,274
E00157849,309,56,253
E00157850,376,65,311
E00157851,375,89,286
E00157852,308,52,256
E00157853,410,58,352
E00157854,259,56,203
E00157855,424,54,370
E00157856,373,93,280
E00157857,390,89,301
E00157858,288,60,228
E00157859,266,46,220
E00157860,346,88,258
E00157861,341,87,254
E00157862,335,82,253
E00157863,281,50,231
E00157864,396,85,311
E00157865,299,58,241
E00157866,261,40,221
E00157867,371,86,285
E00157868,222,29,193
E00157869,216,27,189
E00157870,324,72,252
E00157871,416,65,351
E00157872,356,80,276
E00157873,389,97,292
E00157874,182,22,160
E00157875,328,70,258
E00157876,343,83,260
E00157877,288,64,224
E00157878,335,84,251
E00157879,354,90,264
E00157880,327,85,242
E00157882,297,66,231
E00157884,339,71,268
E00157885,280,58,222
E00157886,370,96,274
E00157888,243,71,172
E00157889,349,86,263
E00157890,308,48,260
E00157891,286,75,211
E00157892,248,67,181
E00157893,305,68,237
E00157894,335,93,242
E00157895,252,32,220
E00157896,262,38,224
E00157897,262,68,194
E00157898,342,63,279
E00157899,390,96,294
E00157900,428,77,351
E00157901,293,63,230
E00157902,297,66,231
E00157903,295,45,250
E00157904,240,43,197
E00157906,284,42,242
E00157907,335,78,257
E00157908,323,66,257
E00157909,324,68,256
E00157911,336,81,255
E00157912,343,72,271
E00157914,357,63,294
E00157915,286,45,241
E00157916,311,58,253
E00157917,350,61,289
E00157918,301,81,220
E00157919,292,59,233
E00157920,271,46,225
E00157921,230,31,199
E00157922,384,85,299
E00157923,306,51,255
E00157924,332,51,281
E00157925,282,43,239
E00157926,118,29,89
E00157927,409,139,270
E00157928,300,43,257
E00157930,360,90,270
E00157931,438,80,358
E00157932,411,102,309
E00157933,447,126,321
E00157934,113,37,76
E00157935,422,99,323
E00157936,223,62,161
E00157937,118,21,97
E00157938,400,114,286
E00157939,386,112,274
E00157940,442,95,347
E00157941,339,67,272
E00157942,424,80,344
E00157943,365,68,297
E00157944,358,81,277
E00157945,390,112,278
E00157946,369,93,276
E00157947,463,82,381
E00157948,426,89,337
E00157949,396,88,308
E00157950,338,75,263
E00157951,449,69,380
E00157952,471,128,343
E00157953,334,66,268
E00157954,376,78,298
E00157955,283,49,234
E00157956,308,55,253
E00157957,310,51,259
E00157958,338,54,284
E00157959,361,46,315
E00157960,459,79,380
E00157961,353,61,292
E00157962,350,57,293
E00157963,301,68,233
E00157964,481,85,396
E00157965,204,37,167
E00157966,327,77,250
E00157967,270,54,216
E00157968,257,45,212
E00157969,250,29,221
E00157970,373,76,297
E00157971,343,62,281
E00157972,384,83,301
E00157973,303,65,238
E00157974,392,81,311
E00157975,277,60,217
E00157976,246,33,213
E00157977,186,15,171
E00157978,265,41,224
E00157980,253,51,202
E00157981,256,27,229
E00157982,295,53,242
E00157983,229,20,209
E00157984,361,45,316
E00157985,334,49,285
E00157986,218,37,181
E00157987,267,42,225
E00157988,340,60,280
E00157989,451,76,375
E00157990,274,53,221
E00157992,345,47,298
E00157994,368,48,320
E00157995,316,59,257
E00157996,404,83,321
E00157997,495,111,384
E00157998,331,92,239
E00157999,423,98,325
E00158001,456,93,363
E00158002,337,69,268
E00158003,299,52,247
E00158004,314,52,262
E00158005,257,58,199
E00158006,317,58,259
E00158007,221,48,173
E00158008,187,22,165
E00158009,311,71,240
E00158010,318,79,239
E00158011,147,12,135
E00158012,268,48,220
E00158013,295,55,240
E00158014,292,46,246
E00158015,260,55,205
E00158016,271,47,224
E00158017,299,55,244
E00158018,284,53,231
E00158019,275,43,232
E00158020,228,35,193
E00158021,334,69,265
E00158022,244,29,215
E00158023,265,51,214
E00158024,276,61,215
E00158025,346,73,273
E00158026,188,10,178
E00158027,339,84,255
E00158028,321,74,247
E00158029,364,83,281
E00158030,310,62,248
E00158031,301,49,252
E00158032,278,55,223
E00158033,312,73,239
E00158034,386,60,326
E00158035,363,95,268
E00158036,348,78,270
E00158037,357,91,266
E00158038,280,67,213
E00158039,389,103,286
E00158040,236,48,188
E00158041,308,54,254
E00158042,301,56,245
E00158043,406,68,338
E00158044,299,50,249
E00158045,314,61,253
E00158046,172,15,157
E00158048,281,54,227
E00158049,339,43,296
E00158050,260,38,222
E00158051,486,139,347
E00158052,285,30,255
E00158053,306,37,269
E00158054,359,76,283
E00158055,362,58,304
E00158056,294,52,242
E00158057,341,54,287
E00158058,207,42,165
E00158059,275,50,225
E00158060,246,32,214
E00158061,315,54,261
E00158062,191,39,152
E00158063,235,44,191
E00158064,247,51,196
E00158065,213,42,171
E00158066,281,46,235
E00158067,238,26,212
E00158068,120,31,89
E00158069,200,30,170
E00158070,391,49,342
E00158071,309,77,232
E00158072,352,50,302
E00158073,288,66,222
E00158074,302,85,217
E00158075,235,42,193
E00158076,274,42,232
E00158077,250,36,214
E00158078,363,48,315
E00158080,371,119,252
E00158081,214,26,188
E00158082,216,42,174
E00158083,292,29,263
E00158084,474,66,408
E00158085,332,59,273
E00158086,274,42,232
E00158087,255,39,216
E00158088,293,55,238
E00158089,262,42,220
E00158090,358,68,290
E00158091,249,46,203
E00158092,253,42,211
E00158093,298,26,272
E00158094,502,83,419
E00158095,217,26,191
E00158096,237,37,200
E00158097,259,43,216
E00158098,234,27,207
E00158099,298,45,253
E00158100,238,26,212
E00158101,218,28,190
E00158102,340,71,269
E00158103,312,55,257
E00158104,276,58,218
E00158105,347,64,283
E00158106,260,30,230
E00158107,410,93,317
E00158108,282,34,248
E00158109,310,52,258
E00158110,284,42,242
E00158111,320,30,290
E00158112,324,67,257
E00158113,306,55,251
E00158114,322,43,279
E00158115,142,11,131
E00158117,290,55,235
E00158118,236,30,206
E00158119,215,31,184
E00158120,316,55,261
E00158121,173,38,135
E00158122,276,58,218
E00158123,303,49,254
E00158124,289,39,250
E00158125,240,45,195
E00158126,203,23,180
E00158127,143,40,103
E00158128,196,29,167
E00158129,315,61,254
E00158130,275,50,225
E00158131,238,35,203
E00158132,294,31,263
E00158133,268,51,217
E00158134,315,54,261
E00158135,307,51,256
E00158137,389,61,328
E00158138,189,24,165
E00158139,293,17,276
E00158140,229,32,197
E00158141,302,37,265
E00158142,310,34,276
E00158143,315,62,253
E00158144,267,41,226
E00158145,251,48,203
E00158146,277,54,223
E00158147,291,34,257
E00158148,275,44,231
E00158151,307,35,272
E00158152,323,44,279
E00158153,351,49,302
E00158154,454,55,399
E00158155,232,34,198
E00158156,127,19,108
E00158157,400,65,335
E00158158,299,66,233
E00158159,252,57,195
E00158160,383,72,311
E00158161,292,71,221
E00158162,242,34,208
E00158163,334,66,268
E00158164,308,83,225
E00158165,279,37,242
E00158166,284,44,240
E00158167,258,26,232
E00158168,438,73,365
E00158169,342,44,298
E00158170,244,39,205
E00158171,173,21,152
E00158172,469,73,396
E00158173,320,47,273
E00158174,304,68,236
E00158175,170,41,129
E00158176,259,37,222
E00158177,269,36,233
E00158178,236,45,191
E00158179,167,13,154
E00158180,269,40,229
E00158181,437,55,382
E00158182,283,52,231
E00158183,178,46,132
E00158184,306,39,267
E00158185,270,33,237
E00158186,180,19,161
E00158187,313,74,239
E00158188,277,44,233
E00158189,121,23,98
E00158190,324,46,278
E00158191,250,41,209
E00158192,273,31,242
E00158193,242,34,208
E00158194,234,42,192
E00158196,343,62,281
E00158197,337,72,265
E00158198,327,57,270
E00158199,317,71,246
E00158200,336,44,292
E00158201,405,114,291
E00158202,385,80,305
E00158203,267,53,214
E00158204,302,34,268
E00158205,278,29,249
E00158206,290,52,238
E00158207,299,42,257
E00158208,264,54,210
E00158209,252,40,212
E00158210,303,45,258
E00158211,301,50,251
E00158212,316,61,255
E00158213,223,36,187
E00158214,295,40,255
E00158215,297,47,250
E00158216,400,82,318
E00158217,394,64,330
E00158218,290,39,251
E00158219,291,41,250
E00158220,283,40,243
E00158221,472,84,388
E00158222,295,43,252
E00158223,390,67,323
E00158224,264,40,224
E00158225,274,44,230
E00158226,204,18,186
E00158227,312,62,250
E00158228,345,84,261
E00158229,254,33,221
E00158230,234,41,193
E00158231,331,72,259
E00158232,334,63,271
E00158233,306,38,268
E00158234,308,66,242
E00158235,308,55,253
E00158236,313,70,243
E00158238,221,31,190
E00158239,316,47,269
E00158240,242,38,204
E00158241,282,41,241
E00158242,299,47,252
E00158243,299,50,249
E00158244,307,64,243
E00158245,273,51,222
E00158246,295,43,252
E00158247,322,45,277
E00158248,292,48,244
E00158249,243,48,195
E00158250,284,45,239
E00158251,245,35,210
E00158252,346,59,287
E00158253,326,55,271
E00158254,277,43,234
E00158255,320,48,272
E00158256,211,31,180
E00158257,277,40,237
E00158258,220,28,192
E00158259,273,40,233
E00158260,300,64,236
E00158261,269,47,222
E00158262,198,11,187
E00158263,274,50,224
E00158264,348,46,302
E00158265,530,78,452
E00158266,318,52,266
E00158267,295,55,240
E00158268,384,58,326
E00158269,286,53,233
E00158270,391,84,307
E00158271,406,72,334
E00158272,276,49,227
E00158273,375,61,314
E00158274,319,68,251
E00158275,489,93,396
E00158276,304,62,242
E00158277,352,67,285
E00158278,244,59,185
E00158279,430,90,340
E00158280,392,75,317
E00158281,274,47,227
E00158282,278,66,212
E00158283,337,55,282
E00158284,298,51,247
E00158285,170,13,157
E00158286,370,55,315
E00158287,236,37,199
E00158288,294,46,248
E00158289,310,60,250
E00158290,244,31,213
E00158291,289,55,234
E00158292,285,48,237
E00158293,271,41,230
E00158294,273,50,223
E00158295,334,61,273
E00158297,272,49,223
E00158299,228,21,207
E00158300,342,60,282
E00158302,270,46,224
E00158303,241,36,205
E00158304,280,55,225
E00158305,373,84,289
E00158306,397,96,301
E00158307,258,66,192
E00158308,245,48,197
E00158309,256,48,208
E00158310,238,22,216
E00158311,289,41,248
E00158312,250,36,214
E00158313,296,58,238
E00158314,158,9,149
E00158315,268,44,224
E00158316,306,45,261
E00158317,309,55,254
E00158318,129,11,118
E00158319,263,33,230
E00158320,247,43,204
E00158321,320,62,258
E00158322,332,52,280
E00158323,346,50,296
E00158324,241,33,208
E00158325,323,56,267
E00158326,261,48,213
E00158327,275,67,208
E00158328,347,79,268
E00158329,242,36,206
E00158330,293,81,212
E00158331,278,42,236
E00158332,337,63,274
E00158333,270,70,200
E00158334,317,50,267
E00158335,347,79,268
E00158336,134,9,125
E00158337,274,64,210
E00158338,329,59,270
E00158339,382,116,266
E00158340,287,52,235
E00158341,235,42,193
E00158342,274,43,231
E00158343,272,56,216
E00158344,281,34,247
E00158345,304,60,244
E00158346,269,37,232
E00158347,278,31,247
E00158348,249,29,220
E00158349,198,21,177
E00158350,302,50,252
E00158351,232,39,193
E00158352,245,55,190
E00158353,423,80,343
E00158354,210,26,184
E00158355,260,42,218
E00158356,261,77,184
E00158357,309,61,248
E00158358,121,9,112
E00158359,253,45,208
E00158360,255,33,222
E00158361,310,41,269
E00158362,325,77,248
E00158363,275,41,234
E00158364,226,22,204
E00158365,309,53,256
E00158366,325,61,264
E00158367,306,56,250
E00158368,372,85,287
E00158369,248,41,207
E00158370,296,62,234
E00158371,246,30,216
E00158372,330,61,269
E00158373,309,95,214
E00158374,317,55,262
E00158375,251,38,213
E00158376,291,22,269
E00158377,365,68,297
E00158378,253,19,234
E00158379,266,46,220
E00158380,335,61,274
E00158381,214,30,184
E00158382,218,35,183
E00158383,317,42,275
E00158384,253,52,201
E00158385,382,75,307
E00158386,213,9,204
E00158387,313,53,260
E00158388,263,29,234
E00158389,289,48,241
E00158390,273,38,235
E00158391,269,45,224
E00158392,282,33,249
E00158393,248,26,222
E00158394,271,26,245
E00158395,182,19,163
E00158396,248,19,229
E00158397,240,27,213
E00158398,250,23,227
E00158399,248,25,223
E00158400,294,57,237
E00158401,314,57,257
E00158402,380,94,286
E00158403,287,54,233
E00158404,235,32,203
E00158405,316,89,227
E00158406,436,97,339
E00158407,398,95,303
E00158408,347,94,253
E00158412,270,82,188
E00158413,311,65,246
E00158414,342,90,252
E00158416,349,36,313
E00158417,278,23,255
E00158418,313,46,267
E00158419,388,65,323
E00158420,276,32,244
E00158421,264,39,225
E00158423,277,53,224
E00158424,370,68,302
E00158425,421,107,314
E00158426,241,36,205
E00158427,243,45,198
E00158428,277,80,197
E00158429,295,65,230
E00158431,312,46,266
E00158432,310,41,269
E00158434,404,79,325
E00158435,312,47,265
E00158436,353,69,284
E00158437,566,97,469
E00158438,224,42,182
E00158439,213,10,203
E00158440,290,53,237
E00158441,284,26,258
E00158442,454,140,314
E00158443,253,14,239
E00158444,294,40,254
E00158445,318,57,261
E00158446,299,59,240
E00158447,399,121,278
E00158448,373,56,317
E00158449,326,44,282
E00158450,261,40,221
E00158451,336,51,285
E00158452,309,57,252
E00158455,269,49,220
E00158456,304,56,248
E00158457,529,93,436
E00158458,280,39,241
E00158459,300,64,236
E00158460,302,38,264
E00158461,308,68,240
E00158462,276,35,241
E00158463,308,54,254
E00158464,364,96,268
E00158465,265,49,216
E00158466,321,71,250
E00158467,321,47,274
E00158468,346,68,278
E00158469,311,71,240
E00158470,247,32,215
E00158471,281,41,240
E00158472,280,56,224
E00158474,352,78,274
E00158475,242,26,216
E00158476,337,62,275
E00158477,272,24,248
E00158478,291,53,238
E00158479,230,33,197
E00158480,281,50,231
E00158481,307,70,237
E00158482,404,123,281
E00158483,320,68,252
E00158484,326,98,228
E00158485,269,38,231
E00158486,253,31,222
E00158487,429,115,314
E00158488,304,60,244
E00158489,248,39,209
E00158491,450,123,327
E00158492,294,69,225
E00158493,332,74,258
E00158494,265,45,220
E00158495,299,52,247
E00158496,259,62,197
E00158497,276,70,206
E00158498,231,59,172
E00158499,311,85,226
E00158500,317,50,267
E00158501,198,40,158
E00158502,258,58,200
E00158503,317,53,264
E00158504,270,51,219
E00158505,467,74,393
E00158506,374,125,249
E00158507,266,25,241
E00158508,295,61,234
E00158509,275,58,217
E00158510,290,68,222
E00158511,311,64,247
E00158512,508,102,406
E00158513,295,53,242
E00158514,386,106,280
E00158515,328,62,266
E00158516,436,84,352
E00158517,224,39,185
E00158518,481,98,383
E00158520,333,106,227
E00158521,371,103,268
E00158522,364,91,273
E00158523,233,37,196
E00158524,228,45,183
E00158525,389,71,318
E00158526,276,53,223
E00158527,262,59,203
E00158528,349,70,279
E00158529,280,56,224
E00158530,344,81,263
E00158531,235,31,204
E00158532,394,63,331
E00158533,333,69,264
E00158534,318,56,262
E00158535,345,59,286
E00158536,273,50,223
E00158537,331,57,274
E00158538,333,52,281
E00158539,259,60,199
E00158540,365,74,291
E00158541,278,43,235
E00158542,297,50,247
E00158543,291,42,249
E00158544,393,73,320
E00158545,286,40,246
E00158546,281,39,242
E00158547,264,48,216
E00158548,241,26,215
E00158549,276,50,226
E00158551,296,52,244
E00158553,306,64,242
E00158554,281,41,240
E00158555,428,79,349
E00158556,281,50,231
E00158557,327,73,254
E00158558,223,61,162
E00158559,237,15,222
E00158560,293,32,261
E00158561,320,72,248
E00158562,260,43,217
E00158563,252,41,211
E00158564,250,46,204
E00158565,288,54,234
E00158566,298,42,256
E00158567,267,46,221
E00158568,249,39,210
E00158569,293,49,244
E00158570,173,27,146
E00158571,220,34,186
E00158572,236,29,207
E00158573,265,56,209
E00158574,340,30,310
E00158575,281,52,229
E00158576,305,51,254
E00158577,286,52,234
E00158578,223,31,192
E00158579,252,28,224
E00158580,308,45,263
E00158581,271,48,223
E00158582,500,102,398
E00158583,259,42,217
E00158584,409,81,328
E00158585,298,35,263
E00158586,118,6,112
E00158587,179,23,156
E00158588,263,44,219
E00158589,350,76,274
E00158590,358,74,284
E00158591,371,66,305
E00158592,305,40,265
E00158593,140,4,136
E00158595,252,29,223
E00158596,302,60,242
E00158597,222,21,201
E00158598,549,137,412
E00158599,282,53,229
E00158600,302,49,253
E00158601,259,44,215
E00158602,340,86,254
E00158603,276,42,234
E00158604,239,49,190
E00158605,306,61,245
E00158606,364,131,233
E00158607,336,74,262
E00158608,249,38,211
E00158609,320,71,249
E00158610,481,156,325
E00158611,309,73,236
E00158612,142,13,129
E00158613,300,48,252
E00158614,395,95,300
E00158615,367,85,282
E00158616,308,60,248
E00158617,454,79,375
E00158618,216,26,190
E00158619,401,97,304
E00158620,155,14,141
E00158621,291,44,247
E00158622,233,27,206
E00158623,404,66,338
E00158624,179,14,165
E00158625,371,102,269
E00158626,361,88,273
E00158627,349,63,286
E00158628,206,20,186
E00158629,286,35,251
E00158630,279,29,250
E00158631,256,27,229
E00158632,283,48,235
E00158633,268,27,241
E00158634,299,41,258
E00158635,263,30,233
E00158636,299,36,263
E00158637,306,33,273
E00158638,272,37,235
E00158639,291,44,247
E00158640,286,32,254
E00158641,275,61,214
E00158642,281,30,251
E00158643,329,54,275
E00158644,238,36,202
E00158645,253,33,220
E00158646,269,41,228
E00158647,272,34,238
E00158648,228,28,200
E00158649,292,45,247
E00158650,261,31,230
E00158651,258,34,224
E00158652,306,54,252
E00158653,443,106,337
E00158654,270,42,228
E00158655,276,51,225
E00158656,284,44,240
E00158657,245,27,218
E00158658,477,128,349
E00158659,220,30,190
E00158660,265,35,230
E00158661,305,54,251
E00158662,239,36,203
E00158663,322,118,204
E00158664,382,134,248
E00158665,400,88,312
E00158668,207,32,175
E00158670,314,53,261
E00158671,403,61,342
E00158672,239,29,210
E00158673,245,35,210
E00158674,461,50,411
E00158676,285,43,242
E00158677,331,39,292
E00158678,296,61,235
E00158680,316,50,266
E00158681,361,81,280
E00158682,490,93,397
E00158684,293,63,230
E00158685,330,45,285
E00158686,307,49,258
E00158687,340,56,284
E00158688,316,57,259
E00158689,351,54,297
E00158690,302,56,246
E00158691,364,66,298
E00158692,243,59,184
E00158693,265,41,224
E00158694,459,75,384
E00158695,245,38,207
E00158696,260,57,203
E00158698,260,29,231
E00158699,276,40,236
E00158700,410,51,359
E00158701,257,37,220
E00158702,271,39,232
E00158703,252,22,230
E00158704,211,19,192
E00158705,258,45,213
E00158706,336,50,286
E00158707,232,28,204
E00158708,205,22,183
E00158709,239,34,205
E00158710,291,47,244
E00158711,351,48,303
E00158712,396,70,326
E00158713,408,70,338
E00158714,203,22,181
E00158715,469,57,412
E00158716,542,97,445
E00158717,261,38,223
E00158718,199,37,162
E00158719,192,21,171
E00158720,256,35,221
E00158721,153,15,138
E00158722,239,43,196
E00158723,269,54,215
E00158724,255,60,195
E00158725,297,51,246
E00158726,468,107,361
E00158727,241,45,196
E00158728,335,70,265
E00158729,277,40,237
E00158730,304,49,255
E00158732,511,133,378
E00158733,283,77,206
E00158734,300,69,231
E00158735,158,29,129
E00158736,372,87,285
E00158737,331,49,282
E00158738,343,74,269
E00158740,289,70,219
E00158741,273,39,234
E00158742,275,43,232
E00158743,148,30,118
E00158744,208,15,193
E00158745,238,30,208
E00158746,287,36,251
E00158747,248,31,217
E00158748,230,7,223
E00158749,386,51,335
E00158750,288,54,234
E00158751,242,40,202
E00158752,373,60,313
E00158754,381,97,284
E00158755,240,44,196
E00158756,342,91,251
E00158757,308,78,230
E00158758,346,87,259
E00158759,253,35,218
E00158760,263,31,232
E00158762,468,151,317
E00158763,316,65,251
E00158764,320,61,259
E00158765,282,50,232
E00158766,290,48,242
E00158767,305,56,249
E00158768,497,80,417
E00158769,367,70,297
E00158770,248,38,210
E00158771,187,25,162
E00158772,174,22,152
E00158773,236,46,190
E00158774,249,50,199
E00158776,261,54,207
E00158778,309,51,258
E00158779,371,63,308
E00158780,241,39,202
E00158781,315,53,262
E00158782,275,37,238
E00158783,261,32,229
E00158784,266,42,224
E00158785,259,44,215
E00158786,229,28,201
E00158787,284,32,252
E00158788,335,58,277
E00158789,303,38,265
E00158790,341,47,294
E00158791,266,72,194
E00158793,268,48,220
E00158794,273,58,215
E00158795,235,23,212
E00158796,238,39,199
E00158797,510,77,433
E00158798,245,45,200
E00158799,272,42,230
E00158800,417,107,310
E00158801,302,59,243
E00158802,281,45,236
E00158803,504,99,405
E00158804,224,25,199
E00158806,301,75,226
E00158807,294,63,231
E00158808,366,84,282
E00158809,236,29,207
E00158810,402,77,325
E00158811,288,46,242
E00158812,364,72,292
E00158813,351,76,275
E00158814,281,59,222
E00158815,232,42,190
E00158816,294,61,233
E00158817,290,34,256
E00158818,254,40,214
E00158819,254,24,230
E00158820,308,41,267
E00158821,262,51,211
E00158822,130,16,114
E00158823,436,76,360
E00158824,210,39,171
E00158825,262,37,225
E00158826,231,23,208
E00158827,281,54,227
E00158828,275,43,232
E00158829,194,37,157
E00158830,143,26,117
E00158831,266,42,224
E00158832,238,54,184
E00158833,305,36,269
E00158834,207,31,176
E00158835,295,66,229
E00158836,299,71,228
E00158837,294,39,255
E00158838,264,40,224
E00158839,323,59,264
E00158840,347,65,282
E00158841,293,56,237
E00158843,227,41,186
E00158844,441,78,363
E00158845,310,78,232
E00158846,289,38,251
E00158847,257,44,213
E00158848,267,75,192
E00158849,418,71,347
E00158850,296,51,245
E00158851,267,63,204
E00158853,367,63,304
E00158855,171,29,142
E00158856,281,53,228
E00158857,301,85,216
E00158858,229,47,182
E00158859,290,45,245
E00158860,330,47,283
E00158861,478,92,386
E00158862,446,67,379
E00158863,396,48,348
E00158864,289,47,242
E00158865,268,50,218
E00158866,250,36,214
E00158867,332,62,270
E00158868,292,66,226
E00158869,255,40,215
E00158870,265,33,232
E00158871,321,37,284
E00158873,387,65,322
E00158876,283,45,238
E00158877,280,48,232
E00158878,331,38,293
E00158879,257,40,217
E00158880,442,58,384
E00158881,178,30,148
E00158882,380,56,324
E00158883,306,67,239
E00158884,223,41,182
E00158885,217,47,170
E00158886,281,55,226
E00158888,411,70,341
E00158889,316,40,276
E00158890,265,36,229
E00158891,256,71,185
E00158892,294,72,222
E00158893,248,41,207
E00158894,267,70,197
E00158895,331,85,246
E00158896,224,41,183
E00158897,323,61,262
E00158898,227,40,187
E00158899,367,43,324
E00158901,343,64,279
E00158903,315,49,266
E00158906,354,45,309
E00158907,235,24,211
E00158908,307,50,257
E00158909,284,39,245
E00158910,349,125,224
E00158911,296,56,240
E00158912,274,69,205
E00158913,382,53,329
E00158914,252,46,206
E00158915,535,137,398
E00158916,348,76,272
E00158917,255,39,216
E00158918,249,30,219
E00158919,234,53,181
E00158920,251,35,216
E00158921,255,22,233
E00158922,340,92,248
E00158923,321,71,250
E00158924,277,52,225
E00158925,263,62,201
E00158926,315,61,254
E00158927,204,26,178
E00158928,306,66,240
E00158929,354,87,267
E00158931,342,78,264
E00158932,295,50,245
E00158933,389,79,310
E00158934,294,55,239
E00158935,278,59,219
E00158936,334,79,255
E00158937,262,55,207
E00158938,409,71,338
E00158939,284,42,242
E00158940,275,40,235
E00158941,289,59,230
E00158942,479,83,396
E00158944,250,46,204
E00158945,326,38,288
E00158946,313,43,270
E00158947,247,31,216
E00158948,238,36,202
E00158950,228,31,197
E00158951,304,63,241
E00158952,254,31,223
E00158953,273,26,247
E00158954,245,30,215
E00158955,260,47,213
E00158956,254,38,216
E00158957,359,82,277
E00158958,264,43,221
E00158959,360,33,327
E00158960,178,5,173
E00158961,235,31,204
E00158962,219,22,197
E00158963,298,26,272
E00158964,299,43,256
E00158965,302,39,263
E00158966,325,69,256
E00158967,230,25,205
E00158968,252,40,212
E00158969,293,63,230
E00158970,205,31,174
E00158971,360,62,298
E00158972,227,32,195
E00158973,313,40,273
E00158974,217,28,189
E00158975,102,24,78
E00158976,128,7,121
E00158977,236,24,212
E00158978,212,24,188
E00158979,365,52,313
E00158980,211,39,172
E00158981,360,28,332
E00158982,145,9,136
E00158984,246,34,212
E00158985,230,38,192
E00158986,347,66,281
E00158987,320,40,280
E00158988,487,94,393
E00158989,284,36,248
E00158990,337,68,269
E00158991,384,51,333
E00158992,394,63,331
E00158994,298,44,254
E00158995,355,81,274
E00158996,247,33,214
E00158997,251,41,210
E00158998,529,124,405
E00158999,263,24,239
E00159001,281,27,254
E00159002,267,39,228
E00159003,385,64,321
E00159004,272,33,239
E00159005,526,80,446
E00159006,208,26,182
E00159007,154,17,137
E00159008,125,15,110
E00159010,282,45,237
E00159012,295,33,262
E00159013,215,17,198
E00159014,172,37,135
E00159015,238,22,216
E00159016,412,60,352
E00159017,269,36,233
E00159018,279,37,242
E00159020,230,31,199
E00159021,303,33,270
E00159022,225,29,196
E00159023,316,41,275
E00159024,343,56,287
E00159025,304,33,271
E00159026,241,37,204
E00159027,313,69,244
E00159028,295,56,239
E00159029,399,65,334
E00159030,167,35,132
E00159031,120,21,99
E00159032,291,49,242
E00159033,247,41,206
E00159034,145,23,122
E00159035,515,100,415
E00159036,251,28,223
E00159037,248,59,189
E00159038,326,43,283
E00159039,363,61,302
E00159040,213,31,182
E00159041,257,51,206
E00159042,282,48,234
E00159043,286,49,237
E00159044,249,51,198
E00159045,256,26,230
E00159046,173,26,147
E00159047,276,51,225
E00159048,323,61,262
E00159049,171,16,155
E00159050,363,53,310
E00159051,344,74,270
E00159052,241,37,204
E00159053,434,79,355
E00159054,481,102,379
E00159055,231,30,201
E00159056,288,45,243
E00159057,133,22,111
E00159058,293,56,237
E00159059,318,53,265
E00159060,251,33,218
E00159062,296,40,256
E00159063,299,45,254
E00159064,269,37,232
E00159065,401,83,318
E00159066,220,38,182
E00159067,212,22,190
E00159068,263,59,204
E00159069,284,37,247
E00159070,263,39,224
E00159071,369,59,310
E00159072,223,23,200
E00159073,196,27,169
E00159074,185,15,170
E00159075,295,45,250
E00159076,323,48,275
E00159077,271,28,243
E00159078,316,49,267
E00159079,199,2,197
E00159080,370,75,295
E00159081,218,7,211
E00159082,291,44,247
E00159083,163,25,138
E00159084,108,9,99
E00159085,511,67,444
E00159086,365,66,299
E00159087,347,52,295
E00159088,350,59,291
E00159089,403,84,319
E00159090,282,47,235
E00159091,217,16,201
E00159092,514,87,427
E00159093,418,32,386
E00159094,365,86,279
E00159095,244,31,213
E00159096,327,52,275
E00159097,370,28,342
E00159098,358,44,314
E00159099,178,27,151
E00159100,107,18,89
E00159101,281,50,231
E00159102,509,115,394
E00159103,256,38,218
E00159104,250,40,210
E00159105,207,20,187
E00159107,348,31,317
E00159109,308,38,270
E00159110,309,69,240
E00159111,211,24,187
E00159112,164,21,143
E00159113,296,41,255
E00159114,229,41,188
E00159115,234,38,196
E00159116,345,55,290
E00159118,269,54,215
E00159119,403,84,319
E00159120,355,86,269
E00159125,238,34,204
E00159126,262,49,213
E00159128,252,49,203
E00159129,518,89,429
E00159131,159,29,130
E00159133,281,29,252
E00159134,273,48,225
E00159135,231,48,183
E00159136,387,54,333
E00159137,195,43,152
E00159139,279,42,237
E00159140,220,23,197
E00159141,262,40,222
E00159142,378,71,307
E00159143,271,33,238
E00159144,556,100,456
E00159145,316,46,270
E00159146,203,9,194
E00159147,184,11,173
E00159148,463,75,388
E00159149,311,43,268
E00159150,246,23,223
E00159151,242,29,213
E00159152,406,53,353
E00159153,224,27,197
E00159155,183,41,142
E00159156,156,22,134
E00159157,312,56,256
E00159158,308,70,238
E00159159,374,85,289
E00159160,312,42,270
E00159161,223,37,186
E00159162,306,61,245
E00159163,228,39,189
E00159164,287,43,244
E00159166,434,82,352
E00159167,273,31,242
E00159168,205,22,183
E00159169,219,18,201
E00159170,281,34,247
E00159172,250,24,226
E00159173,358,70,288
E00159174,273,36,237
E00159176,356,55,301
E00159177,282,48,234
E00159178,477,115,362
E00159179,244,51,193
E00159180,303,46,257
E00159181,249,47,202
E00159182,332,62,270
E00159183,248,23,225
E00159184,379,75,304
E00159185,342,47,295
E00159186,318,63,255
E00159187,371,69,302
E00159188,321,61,260
E00159189,339,60,279
E00159190,319,62,257
E00159191,453,63,390
E00159192,317,54,263
E00159193,171,13,158
E00159194,354,40,314
E00159195,367,38,329
E00159196,281,48,233
E00159197,284,50,234
E00159198,322,72,250
E00159199,278,61,217
E00159200,366,59,307
E00159201,373,45,328
E00159202,272,48,224
E00159204,311,50,261
E00159205,442,77,365
E00159206,284,32,252
E00159207,317,58,259
E00159208,391,75,316
E00159210,308,67,241
E00159211,290,46,244
E00159212,217,29,188
E00159213,329,18,311
E00159214,327,63,264
E00159215,251,30,221
E00159216,280,46,234
E00159218,392,41,351
E00159219,230,24,206
E00159220,252,27,225
E00159221,308,21,287
E00159222,229,13,216
E00159223,259,19,240
E00159225,148,16,132
E00159227,241,27,214
E00159228,248,31,217
E00159229,316,52,264
E00159230,277,49,228
E00159231,312,80,232
E00159232,270,29,241
E00159233,375,60,315
E00159234,363,53,310
E00159235,193,11,182
E00159236,389,66,323
E00159237,234,43,191
E00159238,308,48,260
E00159239,361,84,277
E00159240,275,49,226
E00159241,250,43,207
E00159242,171,9,162
E00159243,243,20,223
E00159244,240,32,208
E00159245,270,51,219
E00159246,417,60,357
E00159247,266,46,220
E00159248,221,13,208
E00159249,282,29,253
E00159250,314,43,271
E00159252,334,18,316
E00159253,359,48,311
E00159254,239,13,226
E00159255,156,18,138
E00159256,252,33,219
E00159257,382,85,297
E00159258,206,20,186
E00159259,221,30,191
E00159260,312,52,260
E00159261,244,40,204
E00159262,249,35,214
E00159263,249,34,215
E00159264,275,35,240
E00159265,258,24,234
E00159266,417,70,347
E00159267,213,30,183
E00159268,295,53,242
E00159269,374,106,268
E00159270,225,28,197
E00159271,234,34,200
E00159272,277,37,240
E00159273,242,39,203
E00159274,294,59,235
E00159275,274,63,211
E00159276,281,53,228
E00159277,267,37,230
E00159278,269,61,208
E00159279,360,66,294
E00159280,246,35,211
E00159281,306,41,265
E00159282,282,45,237
E00159283,252,28,224
E00159284,310,43,267
E00159285,284,40,244
E00159286,267,28,239
E00159287,315,58,257
E00159288,310,62,248
E00159289,288,66,222
E00159290,289,57,232
E00159291,287,75,212
E00159292,258,64,194
E00159293,357,51,306
E00159294,253,38,215
E00159295,350,52,298
E00159296,329,54,275
E00159297,365,43,322
E00159298,308,43,265
E00159299,324,48,276
E00159300,294,38,256
E00159301,331,57,274
E00159302,269,40,229
E00159303,214,31,183
E00159304,323,42,281
E00159305,326,53,273
E00159306,351,39,312
E00159307,219,21,198
E00159308,251,46,205
E00159309,235,33,202
E00159310,258,34,224
E00159311,318,70,248
E00159312,482,66,416
E00159313,372,69,303
E00159314,207,28,179
E00159315,173,36,137
E00159316,222,26,196
E00159317,373,48,325
E00159318,158,21,137
E00159319,296,47,249
E00159320,337,45,292
E00159321,267,47,220
E00159322,285,41,244
E00159323,244,33,211
E00159324,144,21,123
E00159325,439,48,391
E00159326,139,22,117
E00159327,440,84,356
E00159328,404,68,336
E00159329,462,80,382
E00159330,316,40,276
E00159331,166,30,136
E00159332,322,65,257
E00159333,437,154,283
E00159334,261,30,231
E00159336,257,32,225
E00159337,271,27,244
E00159338,330,63,267
E00159339,243,19,224
E00159340,239,28,211
E00159341,229,40,189
E00159342,329,65,264
E00159343,290,50,240
E00159344,190,38,152
E00159345,307,51,256
E00159346,244,38,206
E00159347,303,48,255
E00159348,230,28,202
E00159349,256,30,226
E00159350,261,45,216
E00159351,273,43,230
E00159352,277,32,245
E00159353,250,38,212
E00159354,379,69,310
E00159355,277,44,233
E00159356,242,46,196
E00159357,220,35,185
E00159358,239,47,192
E00159359,198,36,162
E00159360,342,81,261
E00159361,276,42,234
E00159362,361,75,286
E00159363,253,35,218
E00159364,472,95,377
E00159365,290,61,229
E00159366,280,63,217
E00159367,214,28,186
E00159368,282,62,220
E00159369,265,60,205
E00159370,212,33,179
E00159371,300,51,249
E00159372,334,75,259
E00159373,256,65,191
E00159374,264,43,221
E00159375,260,47,213
E00159376,292,48,244
E00159377,243,41,202
E00159378,225,35,190
E00159379,309,57,252
E00159380,359,59,300
E00159381,530,130,400
E00159383,225,54,171
E00159384,303,55,248
E00159385,300,50,250
E00159387,236,27,209
E00159388,288,52,236
E00159390,247,109,138
E00159391,234,68,166
E00159392,259,92,167
E00159393,334,151,183
E00159394,230,29,201
E00159395,357,173,184
E00159396,203,50,153
E00159397,330,81,249
E00159398,509,189,320
E00159399,309,165,144
E00159400,347,93,254
E00159401,344,114,230
E00159402,355,105,250
E00159403,311,77,234
E00159404,321,87,234
E00159405,261,70,191
E00159406,305,71,234
E00159407,238,42,196
E00159408,358,92,266
E00159409,475,245,230
E00159410,472,325,147
E00159411,371,111,260
E00159413,272,66,206
E00159414,336,103,233
E00159415,234,61,173
E00159416,281,137,144
E00159417,307,48,259
E00159418,408,142,266
E00159419,340,129,211
E00159420,381,78,303
E00159421,313,70,243
E00159423,335,74,261
E00159424,275,30,245
E00159425,326,65,261
E00159426,327,71,256
E00159428,149,24,125
E00159430,306,57,249
E00159431,299,36,263
E00159432,271,60,211
E00159434,272,57,215
E00159435,446,90,356
E00159436,326,69,257
E00159437,162,21,141
E00159438,133,14,119
E00159439,263,50,213
E00159440,319,90,229
E00159441,277,96,181
E00159442,262,58,204
E00159443,282,43,239
E00159444,221,42,179
E00159445,221,35,186
E00159446,478,243,235
E00159447,191,23,168
E00159449,273,67,206
E00159450,190,25,165
E00159451,296,72,224
E00159453,376,87,289
E00159454,264,72,192
E00159455,217,29,188
E00159456,222,40,182
E00159457,280,57,223
E00159458,271,77,194
E00159459,204,32,172
E00159460,289,46,243
E00159461,248,42,206
E00159462,315,50,265
E00159463,309,65,244
E00159464,244,49,195
E00159465,203,45,158
E00159466,273,69,204
E00159467,308,70,238
E00159468,259,58,201
E00159469,268,49,219
E00159470,280,38,242
E00159471,309,73,236
E00159472,241,34,207
E00159473,317,69,248
E00159474,253,41,212
E00159475,288,48,240
E00159476,318,62,256
E00159477,272,40,232
E00159478,165,37,128
E00159479,264,36,228
E00159480,355,65,290
E00159481,236,31,205
E00159482,333,53,280
E00159483,332,68,264
E00159484,271,53,218
E00159485,349,76,273
E00159486,284,64,220
E00159487,302,61,241
E00159488,272,38,234
E00159489,296,52,244
E00159490,255,48,207
E00159491,244,41,203
E00159492,238,23,215
E00159493,298,52,246
E00159494,182,28,154
E00159495,154,33,121
E00159496,397,73,324
E00159497,417,68,349
E00159498,226,34,192
E00159499,321,57,264
E00159500,362,66,296
E00159501,358,57,301
E00159502,336,50,286
E00159503,260,50,210
E00159504,224,32,192
E00159505,370,56,314
E00159506,267,34,233
E00159507,399,69,330
E00159508,242,39,203
E00159509,248,33,215
E00159510,363,45,318
E00159511,369,81,288
E00159512,231,50,181
E00159513,250,33,217
E00159514,326,52,274
E00159515,273,51,222
E00159516,145,34,111
E00159517,203,14,189
E00159518,440,70,370
E00159519,281,43,238
E00159520,173,24,149
E00159521,229,25,204
E00159522,206,18,188
E00159523,301,30,271
E00159524,282,67,215
E00159525,263,51,212
E00159526,310,89,221
E00159527,246,43,203
E00159528,294,66,228
E00159529,262,52,210
E00159530,285,53,232
E00159531,329,85,244
E00159532,285,63,222
E00159533,294,78,216
E00159534,409,79,330
E00159535,303,83,220
E00159536,301,66,235
E00159537,339,83,256
E00159538,206,42,164
E00159539,428,85,343
E00159540,316,36,280
E00159541,151,14,137
E00159542,269,40,229
E00159543,275,42,233
E00159544,253,37,216
E00159545,199,26,173
E00159546,300,63,237
E00159547,244,45,199
E00159548,271,67,204
E00159549,308,55,253
E00159550,409,98,311
E00159551,360,65,295
E00159553,397,122,275
E00159554,321,52,269
E00159555,276,64,212
E00159556,259,53,206
E00159557,259,46,213
E00159558,236,51,185
E00159559,355,103,252
E00159560,273,68,205
E00159561,362,67,295
E00159562,349,79,270
E00159563,252,38,214
E00159564,212,26,186
E00159565,239,34,205
E00159566,268,46,222
E00159567,289,66,223
E00159568,223,41,182
E00159569,276,68,208
E00159570,272,56,216
E00159571,291,71,220
E00159572,197,45,152
E00159573,292,72,220
E00159574,287,43,244
E00159575,248,60,188
E00159576,312,56,256
E00159577,365,77,288
E00159578,361,70,291
E00159579,211,23,188
E00159580,334,65,269
E00159582,292,72,220
E00159583,237,52,185
E00159584,187,26,161
E00159585,320,65,255
E00159586,193,43,150
E00159587,280,57,223
E00159588,262,41,221
E00159589,255,47,208
E00159590,292,48,244
E00159591,262,41,221
E00159592,267,45,222
E00159593,196,24,172
E00159594,133,6,127
E00159595,280,43,237
E00159596,338,65,273
E00159597,315,53,262
E00159598,316,61,255
E00159599,352,94,258
E00159600,346,74,272
E00159601,196,31,165
E00159602,280,42,238
E00159603,293,64,229
E00159604,193,31,162
E00159605,240,53,187
E00159606,273,34,239
E00159607,279,41,238
E00159608,144,28,116
E00159609,202,45,157
E00159611,301,42,259
E00159612,240,43,197
E00159613,257,37,220
E00159614,267,44,223
E00159615,272,67,205
E00159616,287,62,225
E00159617,306,50,256
E00159618,258,45,213
E00159619,281,44,237
E00159620,239,55,184
E00159621,333,44,289
E00159622,294,56,238
E00159623,260,49,211
E00159624,290,53,237
E00159625,277,45,232
E00159626,274,31,243
E00159627,286,46,240
E00159628,299,54,245
E00159629,249,27,222
E00159630,290,60,230
E00159631,297,72,225
E00159632,240,41,199
E00159633,235,34,201
E00159634,258,62,196
E00159635,290,60,230
E00159636,305,61,244
E00159637,303,39,264
E00159638,327,51,276
E00159639,139,23,116
E00159640,232,27,205
E00159641,272,48,224
E00159642,217,38,179
E00159645,345,52,293
E00159646,237,58,179
E00159647,233,54,179
E00159648,498,77,421
E00159649,258,73,185
E00159650,310,34,276
E00159651,216,26,190
E00159652,247,34,213
E00159653,235,37,198
E00159654,230,26,204
E00159655,314,32,282
E00159656,229,33,196
E00159657,222,21,201
E00159658,179,23,156
E00159659,272,43,229
E00159660,228,31,197
E00159661,240,34,206
E00159662,240,35,205
E00159663,270,31,239
E00159664,250,33,217
E00159666,443,93,350
E00159667,305,53,252
E00159668,340,36,304
E00159669,215,31,184
E00159670,300,76,224
E00159671,282,66,216
E00159672,316,60,256
E00159673,175,21,154
E00159674,216,29,187
E00159675,231,40,191
E00159676,338,48,290
E00159677,230,33,197
E00159678,326,46,280
E00159679,216,21,195
E00159680,255,56,199
E00159681,308,57,251
E00159682,215,20,195
E00159683,281,31,250
E00159684,195,20,175
E00159685,296,82,214
E00159687,290,49,241
E00159688,467,104,363
E00159689,415,78,337
E00159690,168,9,159
E00159691,264,36,228
E00159692,359,60,299
E00159694,405,93,312
E00159696,253,50,203
E00159700,312,41,271
E00159701,243,42,201
E00159702,296,58,238
E00159703,409,70,339
E00159704,242,41,201
E00159705,462,68,394
E00159707,407,81,326
E00159708,303,15,288
E00159709,296,15,281
E00159710,251,29,222
E00159711,210,19,191
E00159712,164,12,152
E00159714,300,49,251
E00159715,310,32,278
E00159716,323,40,283
E00159717,231,27,204
E00159719,244,60,184
E00159720,272,38,234
E00159721,319,26,293
E00159722,265,66,199
E00159723,269,58,211
E00159724,327,72,255
E00159725,255,59,196
E00159726,290,70,220
E00159728,320,76,244
E00159729,330,51,279
E00159730,214,40,174
E00159731,289,63,226
E00159732,301,70,231
E00159733,296,71,225
E00159734,204,33,171
E00159735,261,30,231
E00159736,278,36,242
E00159737,209,26,183
E00159739,302,63,239
E00159740,266,56,210
E00159741,292,45,247
E00159742,301,51,250
E00159743,276,47,229
E00159744,255,32,223
E00159745,244,35,209
E00159747,311,54,257
E00159748,287,55,232
E00159750,311,55,256
E00159751,276,60,216
E00159752,308,63,245
E00159753,345,47,298
E00159754,287,56,231
E00159755,401,77,324
E00159756,284,35,249
E00159757,254,32,222
E00159758,258,21,237
E00159760,279,124,155
E00159761,265,26,239
E00159762,283,55,228
E00159763,260,39,221
E00159764,337,127,210
E00159765,281,38,243
E00159766,337,68,269
E00159767,329,51,278
E00159769,386,111,275
E00159770,219,51,168
E00159771,271,52,219
E00159772,260,53,207
E00159773,316,53,263
E00159774,226,32,194
E00159775,293,68,225
E00159776,335,102,233
E00159777,234,52,182
E00159778,367,222,145
E00159779,253,72,181
E00159780,351,203,148
E00159781,247,65,182
E00159782,353,160,193
E00159783,294,60,234
E00159784,259,106,153
E00159785,245,59,186
E00159786,257,129,128
E00159787,308,54,254
E00159788,185,24,161
E00159789,386,81,305
E00159790,263,38,225
E00159791,305,61,244
E00159792,264,48,216
E00159793,329,74,255
E00159794,278,45,233
E00159795,255,40,215
E00159796,251,24,227
E00159797,326,75,251
E00159798,263,33,230
E00159799,307,75,232
E00159800,322,63,259
E00159801,303,65,238
E00159802,346,73,273
E00159803,310,48,262
E00159804,240,41,199
E00159805,198,22,176
E00159806,272,52,220
E00159807,354,86,268
E00159808,233,28,205
E00159809,243,16,227
E00159810,262,58,204
E00159811,232,15,217
E00159812,262,13,249
E00159813,265,32,233
E00159814,220,18,202
E00159815,300,48,252
E00159816,259,47,212
E00159817,272,53,219
E00159818,329,66,263
E00159819,283,44,239
E00159820,329,63,266
E00159821,327,57,270
E00159822,326,42,284
E00159823,256,35,221
E00159824,282,46,236
E00159825,282,35,247
E00159826,316,63,253
E00159827,209,38,171
E00159828,283,47,236
E00159829,294,43,251
E00159830,271,38,233
E00159831,320,50,270
E00159832,242,35,207
E00159833,264,47,217
E00159834,446,91,355
E00159835,313,48,265
E00159836,426,87,339
E00159837,320,69,251
E00159838,290,98,192
E00159839,330,75,255
E00159840,284,30,254
E00159841,292,35,257
E00159842,248,54,194
E00159843,407,99,308
E00159844,337,90,247
E00159845,345,64,281
E00159846,293,100,193
E00159847,224,45,179
E00159848,331,65,266
E00159849,301,50,251
E00159850,280,48,232
E00159851,241,29,212
E00159852,287,53,234
E00159853,311,61,250
E00159854,271,36,235
E00159855,323,42,281
E00159856,324,66,258
E00159857,381,96,285
E00159858,286,50,236
E00159859,322,47,275
E00159860,290,53,237
E00159861,316,68,248
E00159862,422,283,139
E00159863,321,49,272
E00159864,306,50,256
E00159865,330,52,278
E00159866,294,50,244
E00159867,347,91,256
E00159868,325,59,266
E00159869,285,36,249
E00159870,325,54,271
E00159871,271,33,238
E00159872,345,76,269
E00159873,466,112,354
E00159874,295,36,259
E00159875,267,59,208
E00159876,278,57,221
E00159877,351,63,288
E00159878,393,93,300
E00159879,170,11,159
E00159880,268,46,222
E00159881,248,38,210
E00159883,243,28,215
E00159884,312,63,249
E00159885,271,55,216
E00159886,271,39,232
E00159887,235,41,194
E00159888,229,31,198
E00159889,242,57,185
E00159890,330,91,239
E00159891,283,42,241
E00159892,362,60,302
E00159893,321,60,261
E00159894,206,35,171
E00159895,343,74,269
E00159896,320,47,273
E00159897,340,73,267
E00159898,274,44,230
E00159899,319,61,258
E00159900,278,35,243
E00159901,246,35,211
E00159902,334,50,284
E00159903,295,63,232
E00159904,343,54,289
E00159905,243,19,224
E00159906,258,29,229
E00159907,248,34,214
E00159908,236,43,193
E00159909,285,34,251
E00159910,237,29,208
E00159911,213,8,205
E00159912,295,68,227
E00159913,294,66,228
E00159914,351,63,288
E00159915,281,55,226
E00159916,312,72,240
E00159917,305,74,231
E00159919,218,36,182
E00159920,416,104,312
E00159921,280,58,222
E00159922,274,53,221
E00159923,332,71,261
E00159924,354,75,279
E00159925,386,80,306
E00159926,325,71,254
E00159927,155,18,137
E00159930,326,44,282
E00159931,236,28,208
E00159932,456,85,371
E00159933,370,64,306
E00159934,289,59,230
E00159935,274,47,227
E00159936,301,67,234
E00159937,291,55,236
E00159938,308,46,262
E00159939,185,31,154
E00159940,283,41,242
E00159941,172,23,149
E00159942,279,41,238
E00159943,236,32,204
E00159944,275,49,226
E00159945,458,91,367
E00159946,313,52,261
E00159947,193,19,174
E00159948,285,56,229
E00159949,276,58,218
E00159950,411,72,339
E00159951,380,98,282
E00159952,302,53,249
E00159953,215,38,177
E00159954,453,130,323
E00159955,233,47,186
E00159956,274,53,221
E00159957,233,30,203
E00159958,188,21,167
E00159959,236,39,197
E00159960,284,58,226
E00159961,372,53,319
E00159962,279,52,227
E00159963,289,64,225
E00159964,304,56,248
E00159965,199,34,165
E00159966,215,33,182
E00159967,329,71,258
E00159968,300,66,234
E00159969,214,34,180
E00159970,263,37,226
E00159971,278,56,222
E00159972,248,48,200
E00159973,374,95,279
E00159974,187,8,179
E00159975,285,49,236
E00159976,201,5,196
E00159977,261,15,246
E00159978,250,43,207
E00159979,206,19,187
E00159980,255,29,226
E00159981,284,55,229
E00159982,307,36,271
E00159983,241,29,212
E00159984,313,60,253
E00159985,247,25,222
E00159986,297,40,257
E00159987,267,32,235
E00159988,295,42,253
E00159989,288,42,246
E00159990,283,42,241
E00159991,207,16,191
E00159992,292,55,237
E00159993,281,29,252
E00159994,292,36,256
E00159995,164,16,148
E00159996,312,47,265
E00159997,218,14,204
E00159998,304,37,267
E00159999,277,22,255
E00160000,239,14,225
E00160001,258,33,225
E00160002,231,30,201
E00160003,367,61,306
E00160004,247,18,229
E00160005,284,23,261
E00160006,254,13,241
E00160007,290,39,251
E00160008,260,18,242
E00160009,259,12,247
E00160010,283,54,229
E00160011,262,33,229
E00160012,223,22,201
E00160013,238,25,213
E00160014,261,32,229
E00160015,322,45,277
E00160016,268,36,232
E00160017,252,39,213
E00160018,246,32,214
E00160019,248,12,236
E00160020,280,50,230
E00160021,253,40,213
E00160022,289,20,269
E00160023,248,30,218
E00160024,204,24,180
E00160025,264,21,243
E00160026,248,24,224
E00160027,250,21,229
E00160028,241,28,213
E00160029,253,34,219
E00160030,270,38,232
E00160031,277,34,243
E00160032,539,97,442
E00160033,264,42,222
E00160034,256,27,229
E00160035,262,34,228
E00160037,344,61,283
E00160038,420,57,363
E00160040,282,34,248
E00160041,252,39,213
E00160042,565,124,441
E00160043,250,39,211
E00160044,144,21,123
E00160045,259,42,217
E00160046,274,52,222
E00160047,251,38,213
E00160048,304,54,250
E00160049,245,37,208
E00160050,269,53,216
E00160051,277,54,223
E00160052,179,22,157
E00160053,296,45,251
E00160054,200,27,173
E00160055,201,18,183
E00160056,303,51,252
E00160057,235,22,213
E00160058,243,47,196
E00160059,214,29,185
E00160060,234,29,205
E00160061,205,9,196
E00160062,228,33,195
E00160063,190,16,174
E00160064,270,48,222
E00160065,263,57,206
E00160066,309,63,246
E00160067,298,64,234
E00160068,190,18,172
E00160069,169,14,155
E00160070,140,20,120
E00160071,374,44,330
E00160072,167,31,136
E00160073,370,47,323
E00160074,387,66,321
E00160075,165,29,136
E00160076,527,95,432
E00160077,384,49,335
E00160078,221,19,202
E00160079,343,35,308
E00160080,332,47,285
E00160081,424,62,362
E00160083,426,82,344
E00160084,405,62,343
E00160086,303,62,241
E00160087,360,67,293
E00160088,289,34,255
E00160089,352,52,300
E00160090,283,50,233
E00160091,324,64,260
E00160092,288,47,241
E00160093,275,44,231
E00160094,487,87,400
E00160095,396,64,332
E00160096,277,40,237
E00160097,542,127,415
E00160098,324,47,277
E00160099,232,17,215
E00160100,261,21,240
E00160101,270,44,226
E00160102,262,14,248
E00160103,317,40,277
E00160104,259,30,229
E00160105,307,50,257
E00160106,262,39,223
E00160107,217,13,204
E00160108,219,16,203
E00160109,250,34,216
E00160110,257,35,222
E00160111,319,67,252
E00160112,273,45,228
E00160113,274,34,240
E00160114,238,19,219
E00160115,317,94,223
E00160116,261,33,228
E00160117,330,68,262
E00160118,311,64,247
E00160119,250,22,228
E00160120,339,86,253
E00160121,310,54,256
E00160122,329,72,257
E00160123,295,65,230
E00160124,336,43,293
E00160125,484,70,414
E00160127,494,70,424
E00160128,414,75,339
E00160129,218,31,187
E00160130,290,39,251
E00160131,354,93,261
E00160132,275,50,225
E00160133,278,61,217
E00160134,300,42,258
E00160135,276,57,219
E00160136,262,58,204
E00160137,171,21,150
E00160138,267,37,230
E00160139,292,42,250
E00160140,227,17,210
E00160141,272,40,232
E00160142,211,18,193
E00160143,262,48,214
E00160144,427,63,364
E00160145,250,42,208
E00160146,224,36,188
E00160147,278,41,237
E00160148,321,52,269
E00160149,443,88,355
E00160150,259,58,201
E00160152,249,40,209
E00160153,271,23,248
E00160154,299,59,240
E00160155,341,52,289
E00160156,274,41,233
E00160157,304,52,252
E00160158,380,98,282
E00160159,338,95,243
E00160160,229,28,201
E00160161,214,6,208
E00160162,247,10,237
E00160163,253,22,231
E00160164,293,28,265
E00160165,267,29,238
E00160166,316,28,288
E00160167,319,26,293
E00160168,221,16,205
E00160169,279,34,245
E00160170,278,25,253
E00160171,297,46,251
E00160172,316,46,270
E00160173,198,18,180
E00160174,325,89,236
E00160175,284,38,246
E00160176,260,35,225
E00160177,273,26,247
E00160178,219,28,191
E00160179,319,15,304
E00160180,228,20,208
E00160181,195,19,176
E00160182,282,22,260
E00160183,322,58,264
E00160184,292,38,254
E00160185,228,13,215
E00160186,310,24,286
E00160187,301,51,250
E00160188,315,41,274
E00160189,285,50,235
E00160191,255,44,211
E00160192,253,29,224
E00160193,376,104,272
E00160194,318,54,264
E00160195,319,45,274
E00160196,301,44,257
E00160197,241,40,201
E00160198,238,16,222
E00160199,275,44,231
E00160200,256,38,218
E00160201,294,33,261
E00160202,318,43,275
E00160203,121,17,104
E00160204,269,44,225
E00160205,271,28,243
E00160206,304,39,265
E00160207,303,61,242
E00160208,190,21,169
E00160209,277,32,245
E00160210,301,38,263
E00160211,277,37,240
E00160212,245,38,207
E00160213,240,31,209
E00160215,561,108,453
E00160218,243,36,207
E00160219,286,53,233
E00160220,332,68,264
E00160221,256,22,234
E00160222,203,7,196
E00160223,245,15,230
E00160224,305,34,271
E00160225,405,48,357
E00160226,268,23,245
E00160227,338,42,296
E00160228,273,32,241
E00160229,218,35,183
E00160230,274,19,255
E00160231,302,51,251
E00160232,317,27,290
E00160233,230,13,217
E00160234,275,29,246
E00160235,256,20,236
E00160236,286,20,266
E00160237,278,16,262
E00160238,270,18,252
E00160239,306,30,276
E00160240,134,18,116
E00160241,257,37,220
E00160242,233,29,204
E00160243,348,45,303
E00160244,219,20,199
E00160245,282,42,240
E00160246,195,16,179
E00160247,255,30,225
E00160248,233,34,199
E00160249,442,99,343
E00160250,322,62,260
E00160251,326,50,276
E00160252,244,44,200
E00160253,226,22,204
E00160254,381,105,276
E00160255,375,129,246
E00160256,248,25,223
E00160257,237,29,208
E00160258,441,134,307
E00160259,243,45,198
E00160260,319,79,240
E00160261,257,49,208
E00160262,285,48,237
E00160263,313,77,236
E00160264,336,81,255
E00160265,301,61,240
E00160266,265,41,224
E00160267,254,27,227
E00160268,280,50,230
E00160269,345,51,294
E00160270,364,62,302
E00160271,274,33,241
E00160273,142,13,129
E00160275,188,26,162
E00160276,190,16,174
E00160277,239,35,204
E00160278,236,17,219
E00160279,333,79,254
E00160280,263,19,244
E00160281,343,61,282
E00160282,254,47,207
E00160283,322,54,268
E00160284,290,55,235
E00160285,265,53,212
E00160286,225,34,191
E00160287,284,74,210
E00160288,274,26,248
E00160289,267,45,222
E00160290,345,16,329
E00160291,291,33,258
E00160292,329,50,279
E00160293,261,37,224
E00160294,441,31,410
E00160295,208,12,196
E00160296,279,53,226
E00160297,334,57,277
E00160298,219,32,187
E00160299,208,34,174
E00160300,292,57,235
E00160301,206,26,180
E00160302,281,37,244
E00160303,158,13,145
E00160304,232,26,206
E00160305,320,52,268
E00160306,276,46,230
E00160307,184,9,175
E00160308,284,41,243
E00160309,300,38,262
E00160310,192,21,171
E00160311,259,24,235
E00160312,271,32,239
E00160313,283,64,219
E00160314,259,29,230
E00160315,280,40,240
E00160316,227,14,213
E00160317,235,23,212
E00160318,252,35,217
E00160319,291,4,287
E00160320,261,20,241
E00160321,263,35,228
E00160322,270,23,247
E00160323,222,29,193
E00160324,244,28,216
E00160325,200,9,191
E00160326,257,42,215
E00160327,207,32,175
E00160328,318,70,248
E00160329,394,78,316
E00160330,264,36,228
E00160331,305,42,263
E00160332,288,59,229
E00160333,291,47,244
E00160334,349,48,301
E00160335,266,72,194
E00160336,325,52,273
E00160337,272,45,227
E00160338,208,34,174
E00160339,339,73,266
E00160340,332,67,265
E00160341,284,47,237
E00160342,218,33,185
E00160343,308,59,249
E00160344,348,75,273
E00160345,330,71,259
E00160346,344,75,269
E00160347,423,89,334
E00160348,499,108,391
E00160349,286,63,223
E00160350,279,42,237
E00160351,262,30,232
E00160352,307,65,242
E00160353,235,19,216
E00160354,280,28,252
E00160355,247,27,220
E00160356,282,55,227
E00160357,227,14,213
E00160358,227,13,214
E00160360,239,32,207
E00160361,229,17,212
E00160362,288,31,257
E00160363,287,4,283
E00160364,259,48,211
E00160365,256,35,221
E00160366,328,37,291
E00160367,261,31,230
E00160368,296,41,255
E00160369,257,25,232
E00160370,283,49,234
E00160371,260,17,243
E00160372,282,34,248
E00160373,240,32,208
E00160374,246,22,224
E00160375,379,84,295
E00160376,382,71,311
E00160377,299,15,284
E00160378,408,76,332
E00160379,251,35,216
E00160380,355,58,297
E00160381,347,77,270
E00160382,250,38,212
E00160383,219,9,210
E00160384,274,51,223
E00160385,461,112,349
E00160386,232,40,192
E00160387,304,56,248
E00160388,371,91,280
E00160389,260,53,207
E00160390,322,71,251
E00160391,334,58,276
E00160392,312,64,248
E00160393,281,39,242
E00160394,202,23,179
E00160395,269,27,242
E00160396,261,48,213
E00160397,405,78,327
E00160398,291,47,244
E00160400,411,64,347
E00160401,220,11,209
E00160402,423,45,378
E00160403,291,9,282
E00160404,460,78,382
E00160405,387,57,330
E00160406,323,28,295
E00160407,238,30,208
E00160408,267,34,233
E00160409,193,14,179
E00160410,219,22,197
E00160411,230,26,204
E00160412,254,54,200
E00160413,234,17,217
E00160414,262,15,247
E00160415,255,19,236
E00160416,173,16,157
E00160417,241,16,225
E00160418,249,13,236
E00160419,268,21,247
E00160420,250,15,235
E00160421,269,26,243
E00160422,225,20,205
E00160423,511,83,428
E00160424,234,16,218
E00160425,269,52,217
E00160426,283,52,231
E00160427,244,25,219
E00160428,366,38,328
E00160429,224,41,183
E00160430,164,9,155
E00160431,223,26,197
E00160432,223,38,185
E00160433,258,31,227
E00160434,276,35,241
E00160435,193,11,182
E00160436,241,24,217
E00160437,260,13,247
E00160438,275,42,233
E00160439,257,20,237
E00160440,357,30,327
E00160441,249,13,236
E00160442,208,12,196
E00160443,262,19,243
E00160444,303,42,261
E00160445,308,26,282
E00160446,205,6,199
E00160447,300,52,248
E00160448,312,46,266
E00160449,311,59,252
E00160450,357,46,311
E00160451,304,71,233
E00160452,295,54,241
E00160453,289,48,241
E00160454,277,64,213
E00160455,236,32,204
E00160456,243,9,234
E00160457,279,24,255
E00160458,252,45,207
E00160459,384,87,297
E00160460,307,61,246
E00160461,135,24,111
E00160462,237,32,205
E00160463,292,38,254
E00160464,312,40,272
E00160465,211,22,189
E00160466,490,80,410
E00160467,168,11,157
E00160468,395,78,317
E00160469,290,44,246
E00160470,292,56,236
E00160471,271,13,258
E00160472,315,58,257
E00160473,270,47,223
E00160474,327,72,255
E00160475,280,28,252
E00160476,307,67,240
E00160477,269,33,236
E00160478,201,23,178
E00160479,241,22,219
E00160482,299,62,237
E00160483,315,78,237
E00160484,288,50,238
E00160486,229,35,194
E00160487,568,106,462
E00160488,289,18,271
E00160489,545,129,416
E00160490,373,60,313
E00160493,548,127,421
E00160494,279,54,225
E00160495,273,41,232
E00160496,353,42,311
E00160497,362,57,305
E00160498,268,38,230
E00160499,315,55,260
E00160500,329,46,283
E00160502,291,64,227
E00160503,232,41,191
E00160504,254,25,229
E00160505,287,47,240
E00160506,261,49,212
E00160507,267,49,218
E00160508,208,18,190
E00160509,318,53,265
E00160510,219,29,190
E00160511,239,25,214
E00160512,235,34,201
E00160513,314,55,259
E00160514,244,42,202
E00160515,401,52,349
E00160516,236,32,204
E00160517,438,87,351
E00160519,330,43,287
E00160520,292,56,236
E00160521,338,31,307
E00160522,110,24,86
E00160523,180,22,158
E00160524,210,23,187
E00160525,282,62,220
E00160526,405,80,325
E00160528,374,60,314
E00160529,226,33,193
E00160530,344,47,297
E00160531,421,243,178
E00160532,272,40,232
E00160533,216,33,183
E00160535,270,52,218
E00160536,193,15,178
E00160537,293,57,236
E00160538,280,60,220
E00160540,313,106,207
E00160541,401,99,302
E00160542,325,45,280
E00160543,511,99,412
E00160544,305,49,256
E00160545,301,60,241
E00160546,414,128,286
E00160547,284,59,225
E00160548,378,57,321
E00160549,201,20,181
E00160550,235,31,204
E00160551,316,79,237
E00160554,262,32,230
E00160556,166,24,142
E00160557,244,51,193
E00160558,248,36,212
E00160559,272,53,219
E00160560,252,57,195
E00160561,242,26,216
E00160562,370,21,349
E00160563,586,334,252
E00160564,247,29,218
E00160565,266,24,242
E00160566,276,53,223
E00160567,260,24,236
E00160568,445,138,307
E00160569,397,160,237
E00160570,450,166,284
E00160571,323,43,280
E00160572,310,37,273
E00160574,407,78,329
E00160575,274,55,219
E00160577,297,52,245
E00160578,342,74,268
E00160579,229,30,199
E00160580,262,57,205
E00160581,276,50,226
E00160582,206,26,180
E00160583,450,78,372
E00160584,309,42,267
E00160585,273,27,246
E00160587,360,29,331
E00160588,209,31,178
E00160589,284,43,241
E00160590,266,48,218
E00160591,223,29,194
E00160592,169,9,160
E00160593,356,42,314
E00160594,304,47,257
E00160595,322,52,270
E00160596,319,98,221
E00160597,278,65,213
E00160599,276,47,229
E00160600,445,210,235
E00160601,484,142,342
E00160602,289,39,250
E00160603,201,20,181
E00160604,283,64,219
E00160605,196,32,164
E00160606,212,35,177
E00160607,201,27,174
E00160608,294,76,218
E00160609,279,73,206
E00160610,306,62,244
E00160611,228,28,200
E00160612,212,21,191
E00160613,284,41,243
E00160614,236,33,203
E00160615,398,188,210
E00160616,275,47,228
E00160617,214,29,185
E00160618,164,10,154
E00160619,265,31,234
E00160620,330,67,263
E00160621,327,57,270
E00160622,181,39,142
E00160623,292,39,253
E00160624,354,58,296
E00160625,426,82,344
E00160626,269,40,229
E00160627,419,73,346
E00160629,229,45,184
E00160630,258,38,220
E00160631,298,57,241
E00160632,206,40,166
E00160634,343,41,302
E00160635,261,32,229
E00160636,334,71,263
E00160637,492,74,418
E00160638,476,77,399
E00160639,420,106,314
E00160640,345,47,298
E00160641,147,4,143
E00160642,536,99,437
E00160643,336,58,278
E00160644,272,26,246
E00160645,294,33,261
E00160646,273,29,244
E00160648,343,46,297
E00160649,340,44,296
E00160650,222,28,194
E00160651,187,11,176
E00160652,241,40,201
E00160653,287,51,236
E00160654,279,47,232
E00160655,258,60,198
E00160656,291,29,262
E00160657,267,62,205
E00160658,336,63,273
E00160659,361,83,278
E00160660,309,61,248
E00160661,213,37,176
E00160662,333,71,262
E00160663,344,90,254
E00160664,324,81,243
E00160665,379,128,251
E00160666,266,41,225
E00160667,258,46,212
E00160668,327,89,238
E00160670,334,71,263
E00160671,288,64,224
E00160672,286,41,245
E00160673,328,43,285
E00160674,290,40,250
E00160675,336,54,282
E00160676,429,55,374
E00160677,294,35,259
E00160678,258,39,219
E00160679,279,41,238
E00160680,327,36,291
E00160681,320,60,260
E00160682,296,31,265
E00160683,308,55,253
E00160684,323,58,265
E00160685,340,61,279
E00160686,241,42,199
E00160687,263,33,230
E00160688,269,47,222
E00160689,319,55,264
E00160690,234,34,200
E00160691,270,28,242
E00160692,338,56,282
E00160693,301,48,253
E00160694,448,88,360
E00160695,265,36,229
E00160697,246,46,200
E00160698,184,17,167
E00160699,278,54,224
E00160700,236,42,194
E00160701,193,14,179
E00160702,298,28,270
E00160703,303,50,253
E00160704,213,29,184
E00160705,255,37,218
E00160706,217,29,188
E00160707,243,36,207
E00160708,235,30,205
E00160709,222,22,200
E00160710,394,121,273
E00160711,280,55,225
E00160712,316,33,283
E00160713,271,38,233
E00160714,353,76,277
E00160715,402,44,358
E00160716,380,87,293
E00160717,311,35,276
E00160718,279,40,239
E00160720,285,53,232
E00160722,574,91,483
E00160723,199,31,168
E00160724,262,43,219
E00160725,178,35,143
E00160726,278,51,227
E00160727,182,8,174
E00160728,110,20,90
E00160729,247,29,218
E00160730,327,52,275
E00160731,273,24,249
E00160732,416,73,343
E00160733,330,67,263
E00160734,223,31,192
E00160735,227,28,199
E00160736,273,50,223
E00160737,392,96,296
E00160738,212,5,207
E00160739,258,37,221
E00160740,225,35,190
E00160741,363,70,293
E00160743,287,60,227
E00160744,265,28,237
E00160745,265,46,219
E00160746,315,40,275
E00160747,183,32,151
E00160748,257,49,208
E00160749,341,58,283
E00160750,368,68,300
E00160751,494,98,396
E00160752,300,57,243
E00160753,106,22,84
E00160754,377,62,315
E00160755,300,41,259
E00160756,278,50,228
E00160757,298,59,239
E00160758,299,56,243
E00160759,227,51,176
E00160760,282,53,229
E00160761,361,56,305
E00160762,290,44,246
E00160763,354,65,289
E00160764,282,50,232
E00160765,239,27,212
E00160766,207,25,182
E00160767,267,24,243
E00160768,291,39,252
E00160769,264,35,229
E00160770,294,63,231
E00160771,237,26,211
E00160772,173,23,150
E00160774,241,16,225
E00160775,403,45,358
E00160777,264,63,201
E00160778,223,16,207
E00160779,284,49,235
E00160780,322,34,288
E00160781,363,68,295
E00160782,244,17,227
E00160783,246,34,212
E00160784,193,23,170
E00160785,237,18,219
E00160786,337,27,310
E00160787,270,19,251
E00160788,342,70,272
E00160789,347,50,297
E00160790,271,35,236
E00160791,265,32,233
E00160792,271,22,249
E00160793,307,33,274
E00160794,265,23,242
E00160795,237,13,224
E00160796,310,41,269
E00160797,277,31,246
E00160798,284,21,263
E00160799,263,20,243
E00160800,260,41,219
E00160801,389,80,309
E00160802,196,32,164
E00160803,245,42,203
E00160804,133,25,108
E00160805,314,33,281
E00160806,325,50,275
E00160807,266,67,199
E00160808,359,59,300
E00160809,485,103,382
E00160810,220,20,200
E00160811,384,60,324
E00160812,339,20,319
E00160813,236,37,199
E00160814,324,61,263
E00160815,270,43,227
E00160816,274,47,227
E00160817,276,38,238
E00160818,182,22,160
E00160819,363,37,326
E00160821,322,67,255
E00160822,272,29,243
E00160823,454,48,406
E00160824,262,39,223
E00160825,277,46,231
E00160826,357,58,299
E00160827,303,50,253
E00160828,239,32,207
E00160829,325,54,271
E00160831,313,97,216
E00160832,236,39,197
E00160833,160,43,117
E00160834,297,50,247
E00160835,295,43,252
E00160836,286,39,247
E00160837,261,30,231
E00160838,258,55,203
E00160839,246,30,216
E00160840,158,36,122
E00160841,312,71,241
E00160842,473,106,367
E00160844,313,58,255
E00160845,294,57,237
E00160846,538,119,419
E00160847,256,25,231
E00160848,231,34,197
E00160849,307,36,271
E00160850,302,34,268
E00160851,280,39,241
E00160852,267,59,208
E00160853,459,81,378
E00160854,327,40,287
E00160856,201,21,180
E00160857,253,29,224
E00160858,268,21,247
E00160859,190,19,171
E00160861,197,37,160
E00160862,217,19,198
E00160863,185,21,164
E00160864,415,62,353
E00160865,224,24,200
E00160866,327,61,266
E00160867,433,60,373
E00160868,285,43,242
E00160869,393,90,303
E00160870,281,63,218
E00160871,220,29,191
E00160872,333,34,299
E00160873,314,43,271
E00160874,319,65,254
E00160875,359,59,300
E00160876,255,53,202
E00160877,282,44,238
E00160878,323,53,270
E00160879,204,25,179
E00160880,365,54,311
E00160881,311,79,232
E00160882,383,94,289
E00160884,299,70,229
E00160885,303,56,247
E00160886,301,43,258
E00160887,339,62,277
E00160888,452,109,343
E00160889,328,79,249
E00160890,336,47,289
E00160891,325,75,250
E00160892,399,110,289
E00160893,275,76,199
E00160894,278,62,216
E00160895,261,34,227
E00160896,405,107,298
E00160897,393,101,292
E00160898,293,60,233
E00160899,301,51,250
E00160900,402,104,298
E00160901,363,110,253
E00160902,346,100,246
E00160903,286,70,216
E00160904,388,102,286
E00160905,239,43,196
E00160906,365,94,271
E00160907,413,110,303
E00160908,420,79,341
E00160909,261,29,232
E00160910,449,93,356
E00160911,273,63,210
E00160912,369,108,261
E00160913,330,68,262
E00160914,402,49,353
E00160915,398,141,257
E00160916,252,38,214
E00160917,292,60,232
E00160918,373,109,264
E00160919,395,93,302
E00160920,266,24,242
E00160921,397,64,333
E00160922,330,70,260
E00160923,358,92,266
E00160924,408,102,306
E00160925,300,63,237
E00160926,392,102,290
E00160928,297,54,243
E00160929,267,63,204
E00160930,202,56,146
E00160931,259,44,215
E00160932,417,107,310
E00160933,390,112,278
E00160934,285,53,232
E00160935,257,33,224
E00160936,360,100,260
E00160937,310,68,242
E00160938,181,15,166
E00160939,357,96,261
E00160940,270,53,217
E00160941,333,83,250
E00160942,256,39,217
E00160943,248,21,227
E00160944,342,41,301
E00160945,277,51,226
E00160946,256,42,214
E00160947,323,62,261
E00160948,293,60,233
E00160949,237,20,217
E00160950,421,84,337
E00160951,332,60,272
E00160952,220,42,178
E00160953,330,63,267
E00160954,369,68,301
E00160955,257,70,187
E00160956,276,46,230
E00160957,248,27,221
E00160958,279,58,221
E00160959,356,73,283
E00160960,274,38,236
E00160961,303,53,250
E00160962,278,43,235
E00160963,275,49,226
E00160964,328,82,246
E00160965,323,70,253
E00160966,274,25,249
E00160967,277,37,240
E00160968,302,43,259
E00160969,357,70,287
E00160970,301,66,235
E00160971,279,53,226
E00160972,240,45,195
E00160973,334,70,264
E00160974,325,81,244
E00160975,335,71,264
E00160976,335,86,249
E00160977,289,67,222
E00160978,280,58,222
E00160979,322,68,254
E00160980,297,55,242
E00160981,386,85,301
E00160982,239,30,209
E00160983,324,21,303
E00160984,256,35,221
E00160985,335,83,252
E00160986,268,47,221
E00160987,311,62,249
E00160988,244,38,206
E00160989,310,63,247
E00160990,284,68,216
E00160991,378,98,280
E00160992,324,39,285
E00160993,306,55,251
E00160994,331,90,241
E00160995,304,70,234
E00160996,364,99,265
E00160997,296,43,253
E00160998,375,58,317
E00160999,365,83,282
E00161000,295,71,224
E00161001,401,81,320
E00161003,288,52,236
E00161004,347,95,252
E00161005,316,78,238
E00161006,369,96,273
E00161007,291,59,232
E00161008,416,107,309
E00161009,362,91,271
E00161010,336,81,255
E00161011,308,86,222
E00161012,317,66,251
E00161013,281,62,219
E00161014,318,76,242
E00161015,382,102,280
E00161017,513,81,432
E00161018,363,93,270
E00161019,404,93,311
E00161020,288,64,224
E00161021,327,79,248
E00161022,265,43,222
E00161023,258,41,217
E00161024,273,57,216
E00161025,274,67,207
E00161026,345,73,272
E00161027,423,109,314
E00161028,357,67,290
E00161029,302,90,212
E00161030,423,117,306
E00161031,270,52,218
E00161032,318,66,252
E00161033,332,83,249
E00161034,349,73,276
E00161035,274,47,227
E00161036,322,60,262
E00161037,295,61,234
E00161038,321,67,254
E00161039,270,45,225
E00161040,329,73,256
E00161041,295,57,238
E00161043,256,42,214
E00161044,397,99,298
E00161045,281,41,240
E00161046,356,92,264
E00161047,344,81,263
E00161048,359,78,281
E00161049,343,74,269
E00161050,307,72,235
E00161051,246,55,191
E00161052,219,38,181
E00161053,303,55,248
E00161054,288,58,230
E00161055,265,51,214
E00161056,303,56,247
E00161057,252,39,213
E00161058,243,30,213
E00161059,425,45,380
E00161060,268,43,225
E00161062,307,50,257
E00161063,368,88,280
E00161064,397,89,308
E00161065,355,89,266
E00161066,367,97,270
E00161067,336,72,264
E00161068,352,77,275
E00161069,339,74,265
E00161070,278,38,240
E00161071,406,79,327
E00161072,366,73,293
E00161074,307,61,246
E00161075,261,50,211
E00161076,314,54,260
E00161077,251,55,196
E00161078,311,84,227
E00161079,289,55,234
E00161080,291,48,243
E00161082,299,48,251
E00161083,287,49,238
E00161084,386,86,300
E00161085,243,41,202
E00161086,260,61,199
E00161087,305,44,261
E00161088,269,58,211
E00161089,262,66,196
E00161090,313,76,237
E00161091,246,37,209
E00161092,283,68,215
E00161093,240,45,195
E00161094,272,42,230
E00161095,328,50,278
E00161096,293,54,239
E00161097,306,55,251
E00161098,259,30,229
E00161099,385,55,330
E00161100,317,34,283
E00161101,301,53,248
E00161102,337,87,250
E00161103,363,85,278
E00161104,319,81,238
E00161106,311,79,232
E00161107,294,48,246
E00161108,271,40,231
E00161109,312,76,236
E00161110,264,57,207
E00161111,227,49,178
E00161112,304,66,238
E00161114,278,56,222
E00161115,284,53,231
E00161116,287,55,232
E00161117,274,48,226
E00161118,293,56,237
E00161119,236,44,192
E00161120,253,38,215
E00161121,344,65,279
E00161122,261,24,237
E00161123,289,52,237
E00161124,344,85,259
E00161125,377,86,291
E00161127,294,41,253
E00161128,238,40,198
E00161129,267,47,220
E00161130,481,102,379
E00161131,193,20,173
E00161133,219,39,180
E00161134,338,50,288
E00161135,355,80,275
E00161136,383,58,325
E00161137,293,55,238
E00161138,312,72,240
E00161139,306,57,249
E00161140,307,64,243
E00161141,363,84,279
E00161142,391,100,291
E00161143,296,59,237
E00161144,310,86,224
E00161145,221,45,176
E00161146,365,85,280
E00161147,304,55,249
E00161148,372,68,304
E00161149,339,71,268
E00161150,336,78,258
E00161151,337,81,256
E00161152,481,99,382
E00161155,383,57,326
E00161156,501,90,411
E00161157,292,61,231
E00161158,312,59,253
E00161159,319,61,258
E00161160,309,47,262
E00161161,307,50,257
E00161162,408,125,283
E00161163,299,41,258
E00161164,328,71,257
E00161165,271,41,230
E00161166,215,26,189
E00161167,293,60,233
E00161168,267,56,211
E00161169,254,53,201
E00161170,292,74,218
E00161171,274,52,222
E00161172,292,59,233
E00161173,351,86,265
E00161174,336,94,242
E00161175,303,98,205
E00161176,296,54,242
E00161177,330,77,253
E00161178,328,72,256
E00161179,280,60,220
E00161180,303,84,219
E00161181,325,77,248
E00161182,222,43,179
E00161183,260,56,204
E00161184,286,64,222
E00161185,295,65,230
E00161186,334,68,266
E00161187,365,83,282
E00161188,445,82,363
E00161189,337,65,272
E00161190,330,70,260
E00161191,221,35,186
E00161192,324,61,263
E00161193,361,75,286
E00161194,248,52,196
E00161195,411,86,325
E00161196,252,40,212
E00161198,326,80,246
E00161199,367,89,278
E00161200,270,42,228
E00161201,253,43,210
E00161202,302,58,244
E00161203,460,81,379
E00161204,327,57,270
E00161205,342,52,290
E00161207,494,100,394
E00161208,317,59,258
E00161209,325,64,261
E00161211,348,55,293
E00161214,285,31,254
E00161215,505,88,417
E00161217,403,62,341
E00161219,327,71,256
E00161220,305,50,255
E00161221,307,42,265
E00161222,241,23,218
E00161223,294,67,227
E00161224,348,37,311
E00161225,271,37,234
E00161226,333,56,277
E00161228,292,44,248
E00161229,234,29,205
E00161230,209,20,189
E00161231,211,25,186
E00161232,209,27,182
E00161233,332,61,271
E00161234,384,56,328
E00161235,334,52,282
E00161236,293,56,237
E00161237,368,91,277
E00161238,229,30,199
E00161239,271,36,235
E00161240,305,44,261
E00161241,359,76,283
E00161242,278,45,233
E00161243,260,33,227
E00161244,261,49,212
E00161245,278,42,236
E00161248,332,66,266
E00161249,252,34,218
E00161250,267,50,217
E00161251,311,51,260
E00161252,305,63,242
E00161253,305,51,254
E00161254,239,34,205
E00161255,271,51,220
E00161256,287,44,243
E00161257,335,57,278
E00161258,354,63,291
E00161259,362,62,300
E00161260,567,119,448
E00161261,327,73,254
E00161262,335,50,285
E00161263,360,36,324
E00161264,510,117,393
E00161265,409,70,339
E00161266,380,87,293
E00161268,312,50,262
E00161269,294,35,259
E00161270,308,21,287
E00161271,272,28,244
E00161272,311,63,248
E00161273,291,43,248
E00161274,254,32,222
E00161275,290,17,273
E00161276,263,19,244
E00161277,306,30,276
E00161278,237,15,222
E00161279,215,7,208
E00161280,208,30,178
E00161281,276,41,235
E00161282,274,37,237
E00161283,212,31,181
E00161284,328,44,284
E00161285,266,57,209
E00161286,344,39,305
E00161287,276,59,217
E00161288,287,33,254
E00161289,548,174,374
E00161290,386,91,295
E00161291,309,47,262
E00161292,230,37,193
E00161293,371,59,312
E00161294,301,37,264
E00161295,242,45,197
E00161296,285,35,250
E00161297,276,24,252
E00161298,319,39,280
E00161299,263,31,232
E00161300,321,22,299
E00161301,409,49,360
E00161302,196,14,182
E00161303,287,35,252
E00161304,371,42,329
E00161305,249,40,209
E00161306,426,55,371
E00161307,331,54,277
E00161309,258,19,239
E00161310,267,35,232
E00161311,296,38,258
E00161312,353,66,287
E00161313,299,26,273
E00161314,399,85,314
E00161315,274,45,229
E00161316,252,49,203
E00161317,308,59,249
E00161319,349,57,292
E00161320,371,59,312
E00161321,321,52,269
E00161322,278,34,244
E00161323,330,43,287
E00161324,324,59,265
E00161325,261,38,223
E00161326,302,50,252
E00161327,241,37,204
E00161328,270,48,222
E00161330,415,99,316
E00161331,315,61,254
E00161332,288,46,242
E00161333,227,21,206
E00161334,250,42,208
E00161335,213,35,178
E00161336,315,38,277
E00161338,277,42,235
E00161339,419,41,378
E00161340,275,40,235
E00161341,274,51,223
E00161342,259,37,222
E00161343,377,96,281
E00161344,256,30,226
E00161345,328,41,287
E00161346,247,31,216
E00161347,301,57,244
E00161349,266,45,221
E00161350,265,56,209
E00161351,277,40,237
E00161352,306,68,238
E00161354,365,57,308
E00161355,271,41,230
E00161357,149,27,122
E00161358,331,52,279
E00161359,327,58,269
E00161360,346,64,282
E00161361,256,41,215
E00161363,409,74,335
E00161364,417,61,356
E00161365,234,32,202
E00161366,263,51,212
E00161367,223,34,189
E00161368,295,54,241
E00161369,248,28,220
E00161370,197,12,185
E00161371,278,15,263
E00161373,242,37,205
E00161374,282,45,237
E00161375,231,21,210
E00161376,300,57,243
E00161377,402,83,319
E00161378,409,73,336
E00161379,330,67,263
E00161380,225,30,195
E00161381,320,44,276
E00161382,224,38,186
E00161383,303,60,243
E00161384,370,45,325
E00161385,214,41,173
E00161386,352,74,278
E00161387,250,40,210
E00161388,469,70,399
E00161389,526,99,427
E00161390,277,48,229
E00161391,291,66,225
E00161392,332,66,266
E00161393,284,36,248
E00161394,310,53,257
E00161395,270,59,211
E00161396,182,9,173
E00161398,283,49,234
E00161399,257,47,210
E00161400,370,74,296
E00161401,194,28,166
E00161402,241,41,200
E00161403,211,34,177
E00161404,307,60,247
E00161405,363,63,300
E00161406,366,69,297
E00161409,269,49,220
E00161410,222,34,188
E00161411,193,28,165
E00161412,364,114,250
E00161413,302,35,267
E00161414,336,66,270
E00161415,446,75,371
E00161416,249,33,216
E00161417,324,51,273
E00161418,300,66,234
E00161419,270,55,215
E00161420,214,21,193
E00161422,360,72,288
E00161423,314,72,242
E00161424,269,50,219
E00161425,243,42,201
E00161426,393,96,297
E00161427,227,36,191
E00161429,268,47,221
E00161430,268,40,228
E00161431,309,52,257
E00161432,310,69,241
E00161433,242,30,212
E00161434,309,84,225
E00161435,364,89,275
E00161436,362,36,326
E00161437,306,54,252
E00161439,397,94,303
E00161440,350,46,304
E00161441,415,76,339
E00161442,369,59,310
E00161443,352,69,283
E00161444,379,44,335
E00161445,331,60,271
E00161446,397,69,328
E00161447,329,44,285
E00161448,282,46,236
E00161449,266,50,216
E00161450,254,35,219
E00161451,451,82,369
E00161452,335,55,280
E00161453,335,57,278
E00161454,422,78,344
E00161455,247,41,206
E00161456,371,63,308
E00161457,323,50,273
E00161458,374,48,326
E00161459,253,45,208
E00161460,285,51,234
E00161461,308,41,267
E00161462,314,42,272
E00161463,271,43,228
E00161464,241,25,216
E00161465,223,26,197
E00161466,256,29,227
E00161467,280,38,242
E00161468,338,39,299
E00161469,280,27,253
E00161470,304,43,261
E00161471,395,62,333
E00161473,245,26,219
E00161474,472,50,422
E00161475,292,46,246
E00161476,327,66,261
E00161477,299,60,239
E00161478,269,37,232
E00161479,250,35,215
E00161480,357,67,290
E00161481,286,40,246
E00161482,318,54,264
E00161483,262,29,233
E00161484,270,39,231
E00161485,291,53,238
E00161486,302,40,262
E00161487,263,46,217
E00161488,318,66,252
E00161489,316,64,252
E00161490,259,35,224
E00161491,286,52,234
E00161492,331,60,271
E00161493,225,20,205
E00161494,316,63,253
E00161495,250,29,221
E00161496,268,22,246
E00161497,362,73,289
E00161498,311,59,252
E00161499,296,76,220
E00161501,278,30,248
E00161502,154,22,132
E00161503,218,32,186
E00161504,350,47,303
E00161505,199,15,184
E00161506,289,38,251
E00161507,152,19,133
E00161508,276,42,234
E00161509,253,45,208
E00161510,324,51,273
E00161511,278,45,233
E00161512,236,31,205
E00161513,341,69,272
E00161514,374,76,298
E00161515,295,53,242
E00161516,275,70,205
E00161517,331,54,277
E00161518,283,53,230
E00161519,167,10,157
E00161520,198,27,171
E00161521,367,66,301
E00161522,447,67,380
E00161523,354,75,279
E00161524,396,61,335
E00161525,316,51,265
E00161526,396,146,250
E00161527,300,58,242
E00161528,293,60,233
E00161529,333,52,281
E00161532,299,55,244
E00161534,332,57,275
E00161535,298,55,243
E00161536,334,48,286
E00161537,354,47,307
E00161539,293,65,228
E00161540,373,80,293
E00161542,320,78,242
E00161543,442,93,349
E00161544,288,70,218
E00161545,257,39,218
E00161546,290,60,230
E00161547,401,96,305
E00161548,216,24,192
E00161550,340,68,272
E00161551,307,48,259
E00161553,479,94,385
E00161554,318,63,255
E00161555,379,56,323
E00161556,254,38,216
E00161557,232,19,213
E00161558,328,59,269
E00161559,308,69,239
E00161560,298,73,225
E00161561,226,34,192
E00161562,318,62,256
E00161563,396,85,311
E00161564,358,67,291
E00161565,507,92,415
E00161566,263,45,218
E00161567,297,38,259
E00161568,303,43,260
E00161569,277,25,252
E00161570,323,43,280
E00161571,285,54,231
E00161572,144,10,134
E00161573,270,44,226
E00161574,249,41,208
E00161575,267,36,231
E00161576,508,168,340
E00161577,226,36,190
E00161578,272,41,231
E00161579,204,27,177
E00161580,364,96,268
E00161581,304,53,251
E00161582,278,52,226
E00161583,245,33,212
E00161584,292,51,241
E00161585,259,36,223
E00161586,267,48,219
E00161587,247,42,205
E00161588,253,43,210
E00161589,293,47,246
E00161590,296,54,242
E00161591,278,50,228
E00161592,241,34,207
E00161593,266,40,226
E00161594,305,47,258
E00161595,287,63,224
E00161596,220,17,203
E00161597,295,64,231
E00161598,286,53,233
E00161600,302,67,235
E00161601,333,72,261
E00161602,258,30,228
E00161603,284,62,222
E00161604,250,48,202
E00161605,350,83,267
E00161606,275,50,225
E00161607,278,36,242
E00161608,246,45,201
E00161609,312,65,247
E00161611,306,52,254
E00161612,382,63,319
E00161613,301,53,248
E00161614,447,83,364
E00161615,359,80,279
E00161616,303,51,252
E00161617,302,66,236
E00161618,298,54,244
E00161619,252,49,203
E00161620,524,70,454
E00161622,465,100,365
E00161623,351,73,278
E00161624,273,42,231
E00161625,301,42,259
E00161626,463,114,349
E00161627,290,35,255
E00161628,340,57,283
E00161629,348,63,285
E00161630,290,56,234
E00161631,320,56,264
E00161632,349,61,288
E00161633,293,62,231
E00161634,308,55,253
E00161635,321,65,256
E00161636,384,110,274
E00161637,297,49,248
E00161638,229,40,189
E00161639,336,82,254
E00161640,305,62,243
E00161641,310,51,259
E00161642,352,61,291
E00161643,356,68,288
E00161644,333,71,262
E00161645,346,77,269
E00161646,214,39,175
E00161647,280,53,227
E00161648,317,70,247
E00161649,300,61,239
E00161650,283,46,237
E00161651,308,65,243
E00161652,283,42,241
E00161653,294,72,222
E00161654,299,61,238
E00161655,307,46,261
E00161656,305,41,264
E00161657,438,85,353
E00161658,282,51,231
E00161659,569,102,467
E00161660,433,76,357
E00161661,336,76,260
E00161662,267,36,231
E00161663,316,55,261
E00161664,373,66,307
E00161665,296,42,254
E00161666,268,27,241
E00161667,288,51,237
E00161668,376,50,326
E00161669,335,65,270
E00161670,291,37,254
E00161671,339,78,261
E00161672,287,31,256
E00161673,201,32,169
E00161674,330,69,261
E00161675,326,59,267
E00161676,271,33,238
E00161677,315,65,250
E00161678,280,43,237
E00161679,304,52,252
E00161680,310,48,262
E00161681,314,41,273
E00161682,260,29,231
E00161683,323,31,292
E00161684,326,48,278
E00161685,353,67,286
E00161686,270,55,215
E00161687,250,37,213
E00161688,310,60,250
E00161689,242,27,215
E00161690,279,36,243
E00161691,315,53,262
E00161692,256,41,215
E00161693,358,38,320
E00161694,291,49,242
E00161695,324,39,285
E00161696,310,34,276
E00161697,355,45,310
E00161698,309,69,240
E00161699,198,11,187
E00161700,284,39,245
E00161701,372,43,329
E00161702,284,35,249
E00161703,336,51,285
E00161704,303,47,256
E00161705,288,64,224
E00161706,245,36,209
E00161707,283,46,237
E00161708,259,34,225
E00161709,328,53,275
E00161710,302,47,255
E00161714,278,31,247
E00161715,381,89,292
E00161716,292,95,197
E00161717,314,69,245
E00161719,297,59,238
E00161720,259,58,201
E00161721,267,52,215
E00161722,251,43,208
E00161723,244,42,202
E00161724,359,70,289
E00161725,251,43,208
E00161726,272,45,227
E00161727,321,45,276
E00161728,335,59,276
E00161729,309,54,255
E00161730,346,50,296
E00161731,293,57,236
E00161732,398,67,331
E00161733,365,73,292
E00161734,309,67,242
E00161735,317,36,281
E00161736,316,52,264
E00161737,313,40,273
E00161738,366,73,293
E00161739,292,65,227
E00161740,337,40,297
E00161741,424,81,343
E00161742,392,75,317
E00161743,277,40,237
E00161744,342,48,294
E00161745,346,51,295
E00161746,135,0,135
E00161747,311,63,248
E00161748,316,15,301
E00161749,314,54,260
E00161750,250,44,206
E00161751,389,193,196
E00161752,253,37,216
E00161753,439,87,352
E00161754,282,56,226
E00161755,317,60,257
E00161756,311,47,264
E00161757,301,60,241
E00161758,270,53,217
E00161759,280,41,239
E00161760,297,49,248
E00161761,323,71,252
E00161762,348,67,281
E00161763,243,38,205
E00161764,231,39,192
E00161765,252,43,209
E00161766,323,45,278
E00161767,388,81,307
E00161768,312,75,237
E00161769,377,58,319
E00161770,311,68,243
E00161771,391,109,282
E00161772,402,108,294
E00161773,244,53,191
E00161774,296,75,221
E00161775,337,83,254
E00161776,305,65,240
E00161777,357,65,292
E00161778,273,56,217
E00161779,259,41,218
E00161780,419,86,333
E00161781,334,61,273
E00161782,390,73,317
E00161784,267,41,226
E00161785,392,70,322
E00161787,274,65,209
E00161788,352,59,293
E00161789,435,91,344
E00161790,277,57,220
E00161791,297,55,242
E00161792,304,70,234
E00161793,295,52,243
E00161794,227,39,188
E00161795,238,26,212
E00161796,308,58,250
E00161797,318,58,260
E00161798,310,61,249
E00161799,280,52,228
E00161800,269,47,222
E00161801,352,51,301
E00161802,335,66,269
E00161803,307,67,240
E00161804,334,75,259
E00161805,347,56,291
E00161806,294,49,245
E00161807,257,52,205
E00161808,312,52,260
E00161809,278,49,229
E00161810,331,96,235
E00161811,284,50,234
E00161812,256,46,210
E00161813,245,46,199
E00161814,329,60,269
E00161815,257,49,208
E00161816,429,67,362
E00161817,232,31,201
E00161818,351,70,281
E00161819,330,47,283
E00161820,292,55,237
E00161821,374,80,294
E00161822,306,49,257
E00161823,260,44,216
E00161824,435,80,355
E00161825,279,42,237
E00161826,351,65,286
E00161827,302,55,247
E00161828,300,41,259
E00161829,322,54,268
E00161830,336,61,275
E00161831,242,43,199
E00161832,466,90,376
E00161834,288,42,246
E00161835,282,38,244
E00161836,382,58,324
E00161837,350,63,287
E00161838,234,40,194
E00161839,305,63,242
E00161840,538,121,417
E00161841,323,64,259
E00161842,285,39,246
E00161843,295,50,245
E00161844,281,57,224
E00161845,286,49,237
E00161846,278,23,255
E00161847,339,55,284
E00161848,317,58,259
E00161849,388,58,330
E00161851,450,97,353
E00161852,371,72,299
E00161853,272,27,245
E00161856,217,29,188
E00161857,186,31,155
E00161858,293,37,256
E00161859,332,80,252
E00161861,268,67,201
E00161862,271,46,225
E00161863,256,59,197
E00161864,289,60,229
E00161865,258,40,218
E00161866,282,48,234
E00161867,296,39,257
E00161868,155,36,119
E00161869,187,27,160
E00161870,321,59,262
E00161871,574,149,425
E00161872,538,93,445
E00161873,275,49,226
E00161874,579,129,450
E00161875,311,61,250
E00161876,280,51,229
E00161877,347,86,261
E00161878,310,68,242
E00161879,301,62,239
E00161880,277,56,221
E00161881,278,44,234
E00161882,369,66,303
E00161883,268,41,227
E00161884,295,57,238
E00161885,237,37,200
E00161886,241,32,209
E00161887,302,42,260
E00161888,287,49,238
E00161889,338,69,269
E00161890,271,50,221
E00161891,344,51,293
E00161892,309,43,266
E00161893,232,25,207
E00161894,279,51,228
E00161895,284,53,231
E00161896,327,46,281
E00161897,275,52,223
E00161898,309,72,237
E00161899,270,51,219
E00161900,316,31,285
E00161901,285,46,239
E00161902,242,30,212
E00161903,335,77,258
E00161904,292,58,234
E00161905,396,73,323
E00161906,312,77,235
E00161907,385,104,281
E00161908,336,55,281
E00161909,283,44,239
E00161910,340,63,277
E00161913,339,83,256
E00161914,371,73,298
E00161915,296,47,249
E00161916,320,77,243
E00161917,336,58,278
E00161918,266,36,230
E00161919,339,71,268
E00161920,240,43,197
E00161921,324,78,246
E00161922,343,62,281
E00161923,347,82,265
E00161924,335,54,281
E00161925,332,65,267
E00161926,216,33,183
E00161927,293,48,245
E00161928,366,85,281
E00161930,571,117,454
E00161932,293,54,239
E00161933,199,17,182
E00161934,289,39,250
E00161935,388,83,305
E00161936,278,62,216
E00161937,290,60,230
E00161938,462,93,369
E00161939,232,44,188
E00161940,398,86,312
E00161941,261,51,210
E00161942,268,49,219
E00161943,360,39,321
E00161944,409,57,352
E00161945,218,29,189
E00161946,286,33,253
E00161947,212,26,186
E00161949,185,15,170
E00161950,327,23,304
E00161951,260,25,235
E00161952,303,61,242
E00161953,288,59,229
E00161954,228,26,202
E00161955,314,56,258
E00161957,460,94,366
E00161958,256,26,230
E00161960,193,19,174
E00161961,389,74,315
E00161962,346,78,268
E00161963,316,61,255
E00161964,231,24,207
E00161965,329,52,277
E00161966,227,36,191
E00161967,306,56,250
E00161968,265,49,216
E00161969,279,41,238
E00161970,243,43,200
E00161971,117,22,95
E00161972,312,53,259
E00161973,294,43,251
E00161974,193,33,160
E00161975,362,64,298
E00161976,222,41,181
E00161977,363,77,286
E00161978,341,49,292
E00161979,310,44,266
E00161980,337,47,290
E00161981,328,53,275
E00161982,284,49,235
E00161983,289,62,227
E00161984,356,61,295
E00161985,348,62,286
E00161986,325,60,265
E00161987,369,89,280
E00161988,319,60,259
E00161989,338,72,266
E00161990,465,89,376
E00161992,305,79,226
E00161993,337,89,248
E00161995,266,63,203
E00161996,293,61,232
E00161997,538,154,384
E00161998,311,78,233
E00161999,292,69,223
E00162000,409,82,327
E00162001,282,56,226
E00162002,264,46,218
E00162003,212,29,183
E00162004,400,68,332
E00162005,282,51,231
E00162006,282,52,230
E00162007,310,65,245
E00162008,356,103,253
E00162009,264,43,221
E00162010,331,52,279
E00162011,220,25,195
E00162012,315,74,241
E00162013,368,67,301
E00162014,339,78,261
E00162015,359,84,275
E00162016,221,36,185
E00162017,295,72,223
E00162018,255,44,211
E00162019,297,82,215
E00162020,274,49,225
E00162021,260,33,227
E00162022,463,88,375
E00162023,310,60,250
E00162024,232,33,199
E00162025,380,100,280
E00162027,254,53,201
E00162028,427,85,342
E00162029,311,54,257
E00162030,371,91,280
E00162031,290,68,222
E00162032,319,68,251
E00162033,355,77,278
E00162034,285,49,236
E00162035,343,74,269
E00162036,343,92,251
E00162037,297,49,248
E00162038,341,84,257
E00162039,277,40,237
E00162040,275,64,211
E00162041,295,46,249
E00162042,309,60,249
E00162043,259,55,204
E00162044,236,34,202
E00162045,334,60,274
E00162046,223,33,190
E00162047,261,56,205
E00162048,356,57,299
E00162049,425,100,325
E00162050,370,83,287
E00162051,297,52,245
E00162052,354,73,281
E00162053,382,100,282
E00162054,224,35,189
E00162055,365,91,274
E00162056,337,99,238
E00162057,322,66,256
E00162059,268,47,221
E00162060,319,45,274
E00162061,281,38,243
E00162062,285,66,219
E00162063,236,31,205
E00162064,492,94,398
E00162065,343,90,253
E00162066,376,101,275
E00162067,310,86,224
E00162068,302,51,251
E00162069,279,27,252
E00162070,272,45,227
E00162071,282,33,249
E00162072,268,39,229
E00162073,283,35,248
E00162074,248,23,225
E00162075,341,94,247
E00162076,310,79,231
E00162077,248,50,198
E00162078,265,43,222
E00162079,275,48,227
E00162080,297,60,237
E00162081,307,88,219
E00162083,282,45,237
E00162084,291,46,245
E00162085,199,26,173
E00162086,324,14,310
E00162087,277,16,261
E00162088,229,20,209
E00162091,242,32,210
E00162092,301,18,283
E00162093,153,20,133
E00162094,365,39,326
E00162095,291,47,244
E00162097,194,15,179
E00162098,302,63,239
E00162099,426,96,330
E00162100,427,93,334
E00162101,307,46,261
E00162102,305,64,241
E00162103,300,48,252
E00162104,232,45,187
E00162105,270,47,223
E00162107,276,51,225
E00162108,248,32,216
E00162109,317,33,284
E00162110,331,59,272
E00162111,313,48,265
E00162112,214,43,171
E00162113,303,37,266
E00162114,264,22,242
E00162115,290,34,256
E00162116,232,25,207
E00162117,279,35,244
E00162118,272,61,211
E00162119,288,54,234
E00162120,244,26,218
E00162121,277,41,236
E00162122,317,74,243
E00162123,367,79,288
E00162124,240,70,170
E00162125,357,87,270
E00162126,289,45,244
E00162127,312,41,271
E00162128,261,20,241
E00162129,230,27,203
E00162130,330,60,270
E00162131,220,19,201
E00162132,276,32,244
E00162133,225,35,190
E00162134,278,70,208
E00162135,243,30,213
E00162136,288,57,231
E00162137,364,75,289
E00162138,245,54,191
E00162139,337,61,276
E00162140,302,52,250
E00162141,284,45,239
E00162142,247,46,201
E00162143,258,58,200
E00162144,275,70,205
E00162145,194,12,182
E00162146,320,75,245
E00162147,291,56,235
E00162148,307,54,253
E00162149,343,76,267
E00162150,308,51,257
E00162151,323,68,255
E00162152,343,70,273
E00162153,312,63,249
E00162154,360,86,274
E00162155,338,85,253
E00162156,308,67,241
E00162157,305,53,252
E00162158,323,59,264
E00162159,266,48,218
E00162160,285,65,220
E00162161,301,71,230
E00162162,185,11,174
E00162163,338,64,274
E00162164,259,50,209
E00162165,309,73,236
E00162166,283,44,239
E00162167,247,46,201
E00162168,269,36,233
E00162169,282,41,241
E00162170,344,64,280
E00162171,293,51,242
E00162172,273,34,239
E00162173,255,28,227
E00162174,281,41,240
E00162175,260,15,245
E00162176,314,51,263
E00162177,277,27,250
E00162178,277,48,229
E00162179,325,50,275
E00162180,250,21,229
E00162181,286,67,219
E00162182,320,66,254
E00162183,236,40,196
E00162184,254,35,219
E00162185,215,24,191
E00162186,255,46,209
E00162187,285,50,235
E00162188,326,46,280
E00162189,215,17,198
E00162190,259,56,203
E00162191,310,85,225
E00162192,223,16,207
E00162193,215,4,211
E00162194,250,33,217
E00162195,247,19,228
E00162196,336,59,277
E00162197,269,55,214
E00162198,257,12,245
E00162199,351,14,337
E00162200,246,17,229
E00162201,203,13,190
E00162202,312,24,288
E00162203,275,52,223
E00162204,154,5,149
E00162205,259,21,238
E00162206,282,64,218
E00162207,287,34,253
E00162208,264,34,230
E00162209,264,14,250
E00162210,264,49,215
E00162211,359,42,317
E00162212,479,60,419
E00162213,258,36,222
E00162214,294,33,261
E00162215,296,35,261
E00162216,254,21,233
E00162217,346,27,319
E00162218,278,19,259
E00162219,226,35,191
E00162220,228,10,218
E00162221,291,17,274
E00162222,259,37,222
E00162223,312,23,289
E00162224,217,34,183
E00162225,260,27,233
E00162226,242,27,215
E00162227,313,70,243
E00162228,250,36,214
E00162229,322,96,226
E00162230,313,75,238
E00162231,287,62,225
E00162232,306,35,271
E00162233,310,65,245
E00162234,339,76,263
E00162235,234,29,205
E00162236,277,38,239
E00162237,227,22,205
E00162238,239,36,203
E00162239,294,18,276
E00162240,329,69,260
E00162241,279,33,246
E00162242,254,11,243
E00162243,231,31,200
E00162244,198,13,185
E00162245,250,33,217
E00162246,210,19,191
E00162247,259,37,222
E00162248,267,29,238
E00162249,221,10,211
E00162250,357,28,329
E00162251,326,43,283
E00162252,275,43,232
E00162253,247,23,224
E00162254,237,21,216
E00162256,334,69,265
E00162257,299,51,248
E00162259,236,62,174
E00162260,221,48,173
E00162261,371,106,265
E00162262,330,92,238
E00162263,297,58,239
E00162264,243,48,195
E00162265,478,104,374
E00162266,310,56,254
E00162267,307,59,248
E00162268,325,83,242
E00162269,361,92,269
E00162270,380,95,285
E00162271,315,55,260
E00162272,452,91,361
E00162273,358,78,280
E00162274,253,41,212
E00162275,294,57,237
E00162276,341,72,269
E00162277,284,53,231
E00162278,314,57,257
E00162279,289,62,227
E00162280,333,74,259
E00162281,248,30,218
E00162282,251,20,231
E00162283,252,20,232
E00162284,315,47,268
E00162285,281,43,238
E00162286,363,78,285
E00162287,280,27,253
E00162288,249,36,213
E00162289,277,27,250
E00162290,366,51,315
E00162291,323,38,285
E00162292,153,16,137
E00162293,357,76,281
E00162294,394,83,311
E00162295,219,21,198
E00162296,307,27,280
E00162297,330,34,296
E00162298,374,56,318
E00162299,332,59,273
E00162300,301,45,256
E00162301,270,35,235
E00162302,332,81,251
E00162303,283,20,263
E00162304,307,57,250
E00162305,260,20,240
E00162306,315,91,224
E00162307,287,29,258
E00162308,261,51,210
E00162309,275,39,236
E00162310,309,33,276
E00162311,273,55,218
E00162312,288,40,248
E00162313,252,26,226
E00162314,291,70,221
E00162315,295,66,229
E00162316,284,58,226
E00162317,298,42,256
E00162318,247,42,205
E00162319,274,36,238
E00162320,290,48,242
E00162321,279,36,243
E00162322,285,25,260
E00162323,265,23,242
E00162324,349,40,309
E00162325,329,49,280
E00162326,301,82,219
E00162327,342,74,268
E00162328,316,52,264
E00162329,309,66,243
E00162330,290,60,230
E00162331,314,37,277
E00162332,350,70,280
E00162333,251,45,206
E00162334,202,28,174
E00162335,308,96,212
E00162336,275,50,225
E00162337,342,70,272
E00162338,306,57,249
E00162339,261,41,220
E00162340,189,17,172
E00162341,124,1,123
E00162342,381,45,336
E00162343,217,17,200
E00162344,290,40,250
E00162345,299,59,240
E00162346,250,42,208
E00162347,245,30,215
E00162348,315,34,281
E00162349,330,63,267
E00162350,307,53,254
E00162351,257,42,215
E00162352,317,40,277
E00162353,313,61,252
E00162354,265,41,224
E00162355,321,88,233
E00162356,266,49,217
E00162357,214,28,186
E00162358,288,55,233
E00162359,239,39,200
E00162360,230,45,185
E00162361,298,62,236
E00162362,290,58,232
E00162363,277,65,212
E00162364,215,32,183
E00162365,206,32,174
E00162366,261,40,221
E00162367,302,69,233
E00162368,274,42,232
E00162369,244,38,206
E00162370,283,52,231
E00162371,292,61,231
E00162372,308,47,261
E00162373,205,37,168
E00162374,301,43,258
E00162375,265,50,215
E00162376,324,65,259
E00162377,277,67,210
E00162378,332,51,281
E00162379,321,68,253
E00162380,258,56,202
E00162381,329,81,248
E00162382,270,50,220
E00162383,352,66,286
E00162384,270,54,216
E00162385,253,49,204
E00162386,263,51,212
E00162387,174,28,146
E00162388,217,41,176
E00162389,256,41,215
E00162390,309,51,258
E00162391,145,19,126
E00162392,395,66,329
E00162393,116,17,99
E00162394,441,65,376
E00162395,152,27,125
E00162396,155,29,126
E00162397,295,45,250
E00162398,260,52,208
E00162399,159,22,137
E00162400,322,64,258
E00162401,276,42,234
E00162402,250,49,201
E00162403,339,60,279
E00162404,207,20,187
E00162407,302,38,264
E00162408,142,19,123
E00162409,377,48,329
E00162410,361,38,323
E00162411,294,46,248
E00162412,202,20,182
E00162413,231,27,204
E00162414,306,38,268
E00162415,385,44,341
E00162416,335,46,289
E00162417,215,49,166
E00162418,136,23,113
E00162419,277,28,249
E00162420,316,53,263
E00162421,347,46,301
E00162422,294,64,230
E00162423,237,54,183
E00162424,413,97,316
E00162425,246,39,207
E00162427,173,23,150
E00162428,153,26,127
E00162430,170,32,138
E00162431,289,40,249
E00162432,267,26,241
E00162433,331,46,285
E00162434,273,59,214
E00162435,261,46,215
E00162436,499,68,431
E00162437,204,31,173
E00162439,406,75,331
E00162440,338,44,294
E00162441,218,21,197
E00162442,381,85,296
E00162443,267,50,217
E00162444,293,34,259
E00162445,318,39,279
E00162446,216,17,199
E00162447,291,45,246
E00162448,317,62,255
E00162449,258,32,226
E00162450,295,75,220
E00162451,285,35,250
E00162452,293,51,242
E00162453,281,54,227
E00162454,317,59,258
E00162455,346,34,312
E00162456,325,54,271
E00162457,234,23,211
E00162458,224,26,198
E00162459,178,10,168
E00162460,293,44,249
E00162461,326,33,293
E00162462,258,49,209
E00162463,203,30,173
E00162464,315,16,299
E00162465,222,25,197
E00162466,207,12,195
E00162467,183,19,164
E00162468,265,40,225
E00162469,232,29,203
E00162470,342,76,266
E00162471,290,39,251
E00162472,274,39,235
E00162473,268,48,220
E00162474,268,39,229
E00162475,294,38,256
E00162476,285,34,251
E00162477,321,58,263
E00162478,405,64,341
E00162479,280,44,236
E00162480,367,54,313
E00162481,231,39,192
E00162482,366,68,298
E00162483,315,51,264
E00162484,288,39,249
E00162486,197,29,168
E00162487,212,35,177
E00162488,324,65,259
E00162489,277,35,242
E00162490,328,73,255
E00162491,325,71,254
E00162492,269,39,230
E00162493,262,36,226
E00162494,251,39,212
E00162495,268,29,239
E00162496,357,46,311
E00162497,272,44,228
E00162498,297,58,239
E00162499,262,63,199
E00162500,315,48,267
E00162501,217,35,182
E00162502,224,24,200
E00162503,268,50,218
E00162504,315,61,254
E00162505,265,43,222
E00162506,177,15,162
E00162508,313,38,275
E00162509,305,62,243
E00162510,430,47,383
E00162511,308,35,273
E00162512,304,74,230
E00162513,221,26,195
E00162514,246,28,218
E00162515,295,27,268
E00162516,289,51,238
E00162517,297,58,239
E00162518,195,19,176
E00162520,314,41,273
E00162521,287,46,241
E00162523,257,37,220
E00162524,285,46,239
E00162525,254,42,212
E00162526,253,36,217
E00162527,247,49,198
E00162528,237,36,201
E00162529,250,41,209
E00162530,225,22,203
E00162531,217,32,185
E00162532,286,36,250
E00162533,244,36,208
E00162534,233,41,192
E00162535,266,40,226
E00162536,185,29,156
E00162537,446,64,382
E00162538,367,66,301
E00162539,509,99,410
E00162540,173,28,145
E00162541,235,24,211
E00162542,487,86,401
E00162543,294,47,247
E00162544,266,31,235
E00162545,305,34,271
E00162546,244,20,224
E00162547,487,116,371
E00162548,281,41,240
E00162549,234,19,215
E00162550,257,27,230
E00162551,254,32,222
E00162552,304,35,269
E00162553,255,24,231
E00162554,177,29,148
E00162555,314,49,265
E00162556,300,62,238
E00162557,286,33,253
E00162558,300,62,238
E00162559,336,37,299
E00162560,303,53,250
E00162561,320,59,261
E00162562,292,54,238
E00162563,237,22,215
E00162564,317,50,267
E00162565,311,58,253
E00162566,382,44,338
E00162567,373,50,323
E00162568,319,57,262
E00162569,349,80,269
E00162570,251,45,206
E00162571,386,65,321
E00162572,272,38,234
E00162573,279,43,236
E00162575,268,34,234
E00162578,288,41,247
E00162579,262,33,229
E00162580,416,82,334
E00162582,374,59,315
E00162583,287,48,239
E00162584,262,32,230
E00162585,233,34,199
E00162586,297,28,269
E00162587,415,73,342
E00162588,155,13,142
E00162589,372,65,307
E00162590,144,33,111
E00162591,241,44,197
E00162592,361,68,293
E00162593,212,36,176
E00162595,296,49,247
E00162596,281,48,233
E00162600,339,68,271
E00162601,338,108,230
E00162602,375,105,270
E00162603,412,156,256
E00162604,293,66,227
E00162605,302,73,229
E00162606,376,82,294
E00162607,267,45,222
E00162608,568,124,444
E00162610,296,63,233
E00162611,491,117,374
E00162614,154,20,134
E00162615,365,56,309
E00162616,146,32,114
E00162617,376,80,296
E00162618,285,40,245
E00162619,221,30,191
E00162620,227,22,205
E00162621,119,14,105
E00162622,314,64,250
E00162623,246,45,201
E00162624,174,19,155
E00162625,250,42,208
E00162626,328,47,281
E00162627,187,20,167
E00162628,379,66,313
E00162629,259,43,216
E00162630,307,50,257
E00162631,267,36,231
E00162632,337,69,268
E00162633,146,16,130
E00162634,196,30,166
E00162635,348,64,284
E00162636,344,60,284
E00162637,359,60,299
E00162638,334,73,261
E00162639,297,61,236
E00162640,426,87,339
E00162641,344,62,282
E00162642,341,61,280
E00162643,380,63,317
E00162644,302,47,255
E00162645,249,38,211
E00162646,456,93,363
E00162647,258,60,198
E00162648,321,49,272
E00162649,254,46,208
E00162650,274,48,226
E00162651,331,56,275
E00162652,293,52,241
E00162653,264,44,220
E00162654,295,22,273
E00162655,328,76,252
E00162656,417,53,364
E00162657,261,34,227
E00162658,352,63,289
E00162659,335,82,253
E00162660,291,57,234
E00162661,304,64,240
E00162663,107,11,96
E00162664,298,42,256
E00162665,205,25,180
E00162666,327,46,281
E00162667,242,31,211
E00162668,225,48,177
E00162669,186,44,142
E00162670,343,65,278
E00162672,403,72,331
E00162673,419,58,361
E00162674,178,41,137
E00162675,287,37,250
E00162676,430,62,368
E00162677,301,41,260
E00162678,271,48,223
E00162679,468,72,396
E00162680,147,32,115
E00162681,157,20,137
E00162682,270,42,228
E00162683,550,109,441
E00162684,274,50,224
E00162685,360,49,311
E00162686,400,71,329
E00162688,419,89,330
E00162689,364,43,321
E00162690,233,34,199
E00162691,524,104,420
E00162692,339,39,300
E00162693,267,53,214
E00162694,277,45,232
E00162695,258,55,203
E00162696,283,44,239
E00162697,235,37,198
E00162699,573,322,251
E00162701,222,22,200
E00162704,471,115,356
E00162705,450,72,378
E00162706,315,63,252
E00162708,304,39,265
E00162709,280,14,266
E00162710,259,16,243
E00162711,190,16,174
E00162712,266,51,215
E00162713,229,20,209
E00162714,223,21,202
E00162715,211,23,188
E00162716,282,38,244
E00162717,212,40,172
E00162718,317,50,267
E00162719,261,44,217
E00162721,279,49,230
E00162723,244,39,205
E00162724,290,45,245
E00162725,259,24,235
E00162726,257,29,228
E00162727,433,74,359
E00162728,332,45,287
E00162729,330,45,285
E00162730,279,40,239
E00162731,378,65,313
E00162734,222,33,189
E00162735,392,50,342
E00162736,298,52,246
E00162737,266,44,222
E00162738,216,26,190
E00162739,284,37,247
E00162740,357,54,303
E00162741,420,99,321
E00162742,308,56,252
E00162743,330,53,277
E00162744,302,55,247
E00162745,359,78,281
E00162746,242,43,199
E00162747,219,22,197
E00162748,337,69,268
E00162749,342,73,269
E00162750,360,104,256
E00162751,270,44,226
E00162752,308,45,263
E00162753,287,50,237
E00162754,336,64,272
E00162756,285,44,241
E00162757,359,69,290
E00162758,278,38,240
E00162759,264,39,225
E00162760,499,119,380
E00162761,275,47,228
E00162762,263,44,219
E00162763,333,68,265
E00162764,360,51,309
E00162765,320,75,245
E00162766,424,73,351
E00162767,256,52,204
E00162768,314,54,260
E00162769,196,35,161
E00162770,303,44,259
E00162771,228,18,210
E00162773,327,44,283
E00162775,347,62,285
E00162776,338,76,262
E00162777,255,46,209
E00162778,265,17,248
E00162779,289,58,231
E00162780,276,46,230
E00162781,371,104,267
E00162782,432,73,359
E00162783,219,26,193
E00162784,264,38,226
E00162785,300,67,233
E00162786,319,45,274
E00162788,204,25,179
E00162789,307,53,254
E00162790,341,56,285
E00162791,326,78,248
E00162792,301,48,253
E00162793,297,51,246
E00162794,266,25,241
E00162795,279,42,237
E00162796,255,37,218
E00162797,251,17,234
E00162798,266,33,233
E00162800,306,43,263
E00162801,473,125,348
E00162802,297,54,243
E00162803,366,69,297
E00162804,422,106,316
E00162805,310,61,249
E00162806,344,71,273
E00162807,243,41,202
E00162808,293,49,244
E00162809,208,25,183
E00162810,405,78,327
E00162811,321,51,270
E00162813,324,52,272
E00162814,371,65,306
E00162815,244,37,207
E00162816,257,35,222
E00162817,311,46,265
E00162818,228,26,202
E00162819,246,34,212
E00162820,233,29,204
E00162821,236,42,194
E00162822,227,41,186
E00162823,298,55,243
E00162824,319,51,268
E00162825,258,57,201
E00162826,527,111,416
E00162827,243,47,196
E00162828,253,58,195
E00162829,252,34,218
E00162830,264,44,220
E00162831,309,67,242
E00162832,296,77,219
E00162833,311,52,259
E00162834,285,40,245
E00162835,217,36,181
E00162836,207,37,170
E00162837,224,29,195
E00162838,331,58,273
E00162839,293,45,248
E00162840,286,37,249
E00162841,220,29,191
E00162842,277,46,231
E00162843,316,75,241
E00162844,292,40,252
E00162846,255,79,176
E00162847,275,43,232
E00162848,314,46,268
E00162849,298,50,248
E00162850,326,47,279
E00162851,294,51,243
E00162853,186,26,160
E00162854,245,37,208
E00162855,262,32,230
E00162856,222,27,195
E00162857,354,67,287
E00162858,296,50,246
E00162859,264,45,219
E00162860,299,63,236
E00162861,278,41,237
E00162862,323,61,262
E00162863,295,43,252
E00162864,265,44,221
E00162865,509,147,362
E00162866,187,30,157
E00162867,257,30,227
E00162868,335,73,262
E00162869,312,57,255
E00162870,320,54,266
E00162871,287,30,257
E00162872,254,40,214
E00162873,279,34,245
E00162874,255,38,217
E00162875,333,41,292
E00162876,240,38,202
E00162877,191,27,164
E00162878,218,24,194
E00162879,295,44,251
E00162880,398,62,336
E00162881,358,76,282
E00162882,532,85,447
E00162883,220,37,183
E00162884,315,53,262
E00162886,261,44,217
E00162887,306,46,260
E00162888,106,21,85
E00162889,249,35,214
E00162890,355,61,294
E00162891,358,54,304
E00162892,285,53,232
E00162893,494,95,399
E00162894,307,48,259
E00162895,569,122,447
E00162896,320,59,261
E00162897,316,49,267
E00162898,313,40,273
E00162899,157,24,133
E00162900,188,41,147
E00162901,338,51,287
E00162902,347,57,290
E00162903,446,83,363
E00162904,323,53,270
E00162905,231,30,201
E00162906,407,48,359
E00162907,423,73,350
E00162908,471,102,369
E00162909,385,49,336
E00162910,332,54,278
E00162911,283,33,250
E00162912,435,109,326
E00162913,296,47,249
E00162915,218,44,174
E00162916,269,27,242
E00162917,262,21,241
E00162918,338,52,286
E00162919,263,59,204
E00162920,253,19,234
E00162921,259,25,234
E00162922,362,90,272
E00162923,254,37,217
E00162924,260,40,220
E00162926,232,49,183
E00162927,168,0,168
E00162928,203,10,193
E00162929,181,29,152
E00162930,308,62,246
E00162931,275,36,239
E00162932,335,74,261
E00162933,335,60,275
E00162934,240,18,222
E00162935,272,33,239
E00162936,279,46,233
E00162938,332,66,266
E00162939,258,49,209
E00162940,385,78,307
E00162941,461,110,351
E00162942,329,42,287
E00162943,316,59,257
E00162944,414,114,300
E00162945,341,60,281
E00162946,274,42,232
E00162947,244,47,197
E00162948,265,47,218
E00162949,409,77,332
E00162950,358,58,300
E00162951,372,38,334
E00162952,312,51,261
E00162953,424,72,352
E00162955,260,32,228
E00162956,258,24,234
E00162957,296,39,257
E00162958,291,55,236
E00162959,205,15,190
E00162960,295,47,248
E00162961,258,36,222
E00162962,279,65,214
E00162963,294,51,243
E00162964,245,36,209
E00162965,344,65,279
E00162966,267,34,233
E00162967,293,41,252
E00162968,366,74,292
E00162970,340,61,279
E00162971,334,49,285
E00162972,278,38,240
E00162973,445,54,391
E00162974,313,47,266
E00162975,282,62,220
E00162976,236,30,206
E00162977,342,52,290
E00162978,339,60,279
E00162979,349,53,296
E00162980,283,53,230
E00162981,279,57,222
E00162982,348,100,248
E00162983,322,66,256
E00162984,319,58,261
E00162985,200,29,171
E00162986,375,51,324
E00162987,269,65,204
E00162988,287,28,259
E00162989,296,61,235
E00162990,315,60,255
E00162991,115,14,101
E00162993,293,56,237
E00162994,323,56,267
E00162995,184,25,159
E00162996,350,64,286
E00162997,376,77,299
E00162998,108,17,91
E00162999,271,38,233
E00163000,297,48,249
E00163001,319,35,284
E00163002,359,48,311
E00163003,396,64,332
E00163004,257,37,220
E00163005,271,48,223
E00163006,512,72,440
E00163007,370,58,312
E00163008,275,32,243
E00163009,406,90,316
E00163011,547,110,437
E00163012,358,95,263
E00163013,289,49,240
E00163014,281,46,235
E00163015,236,26,210
E00163016,296,39,257
E00163017,196,13,183
E00163018,280,47,233
E00163019,295,41,254
E00163020,232,34,198
E00163021,250,38,212
E00163022,294,29,265
E00163023,216,35,181
E00163024,280,40,240
E00163025,304,50,254
E00163026,232,33,199
E00163027,335,49,286
E00163028,340,47,293
E00163029,280,45,235
E00163030,222,33,189
E00163031,338,74,264
E00163033,237,19,218
E00163034,270,34,236
E00163035,223,21,202
E00163036,143,15,128
E00163038,270,36,234
E00163040,442,111,331
E00163041,293,47,246
E00163042,459,107,352
E00163043,262,40,222
E00163044,281,38,243
E00163045,365,69,296
E00163046,310,69,241
E00163047,316,45,271
E00163048,337,59,278
E00163049,302,46,256
E00163050,299,46,253
E00163051,265,35,230
E00163052,311,41,270
E00163053,231,28,203
E00163054,355,57,298
E00163055,258,46,212
E00163056,347,67,280
E00163057,227,28,199
E00163058,292,60,232
E00163059,334,67,267
E00163060,319,74,245
E00163061,418,73,345
E00163062,355,53,302
E00163063,420,77,343
E00163064,251,58,193
E00163065,464,78,386
E00163066,238,27,211
E00163067,252,45,207
E00163068,292,57,235
E00163069,227,52,175
E00163071,138,23,115
E00163073,152,18,134
E00163074,302,50,252
E00163075,273,51,222
E00163076,255,18,237
E00163077,174,25,149
E00163078,328,44,284
E00163079,255,33,222
E00163080,330,71,259
E00163081,258,54,204
E00163082,246,37,209
E00163083,264,21,243
E00163084,282,61,221
E00163085,259,68,191
E00163086,230,28,202
E00163087,308,51,257
E00163088,312,28,284
E00163089,326,50,276
E00163090,257,23,234
E00163091,168,22,146
E00163092,432,75,357
E00163093,234,30,204
E00163094,282,43,239
E00163095,258,49,209
E00163096,238,40,198
E00163097,239,51,188
E00163098,255,50,205
E00163099,267,63,204
E00163100,300,52,248
E00163101,261,32,229
E00163102,306,66,240
E00163105,247,33,214
E00163106,271,56,215
E00163107,298,84,214
E00163108,296,57,239
E00163109,250,48,202
E00163110,299,66,233
E00163111,326,89,237
E00163112,297,73,224
E00163113,342,90,252
E00163114,305,54,251
E00163115,273,40,233
E00163116,242,31,211
E00163117,219,27,192
E00163118,210,34,176
E00163119,246,44,202
E00163120,251,44,207
E00163121,298,54,244
E00163122,283,44,239
E00163123,280,50,230
E00163124,313,50,263
E00163125,362,90,272
E00163127,562,138,424
E00163130,288,57,231
E00163132,567,47,520
E00163133,264,35,229
E00163135,281,35,246
E00163136,281,39,242
E00163137,311,77,234
E00163138,253,77,176
E00163142,123,16,107
E00163143,250,35,215
E00163144,211,53,158
E00163145,234,47,187
E00163146,356,47,309
E00163147,407,72,335
E00163148,235,39,196
E00163149,205,25,180
E00163150,415,123,292
E00163151,248,37,211
E00163152,146,14,132
E00163153,226,25,201
E00163154,259,39,220
E00163155,250,37,213
E00163156,277,53,224
E00163157,109,13,96
E00163158,269,40,229
E00163159,301,42,259
E00163160,510,110,400
E00163161,349,60,289
E00163162,333,44,289
E00163163,271,32,239
E00163164,270,44,226
E00163165,283,57,226
E00163166,284,54,230
E00163167,281,30,251
E00163168,327,49,278
E00163169,322,50,272
E00163170,295,47,248
E00163171,345,57,288
E00163172,278,45,233
E00163173,291,39,252
E00163174,289,67,222
E00163175,291,35,256
E00163176,230,31,199
E00163177,253,34,219
E00163179,470,61,409
E00163180,219,33,186
E00163181,271,42,229
E00163183,272,62,210
E00163184,285,50,235
E00163185,431,130,301
E00163187,268,46,222
E00163188,292,45,247
E00163190,283,37,246
E00163191,268,43,225
E00163192,396,73,323
E00163193,271,31,240
E00163194,253,30,223
E00163195,275,30,245
E00163196,284,58,226
E00163197,429,64,365
E00163198,232,22,210
E00163199,212,24,188
E00163200,195,23,172
E00163201,474,96,378
E00163202,305,50,255
E00163203,232,42,190
E00163204,263,44,219
E00163205,295,39,256
E00163206,315,23,292
E00163207,333,66,267
E00163208,235,16,219
E00163209,288,56,232
E00163210,236,26,210
E00163211,274,23,251
E00163212,326,72,254
E00163213,311,56,255
E00163214,230,22,208
E00163215,250,33,217
E00163216,198,22,176
E00163217,291,44,247
E00163218,267,32,235
E00163219,247,26,221
E00163222,129,26,103
E00163223,181,25,156
E00163224,283,23,260
E00163226,406,98,308
E00163228,134,12,122
E00163229,258,34,224
E00163230,231,35,196
E00163231,304,57,247
E00163232,254,55,199
E00163233,282,64,218
E00163234,273,29,244
E00163235,283,40,243
E00163236,317,58,259
E00163238,388,73,315
E00163239,259,40,219
E00163240,299,56,243
E00163241,283,57,226
E00163242,309,45,264
E00163243,227,24,203
E00163244,232,27,205
E00163245,231,37,194
E00163246,243,45,198
E00163247,231,45,186
E00163248,182,18,164
E00163249,201,9,192
E00163250,227,32,195
E00163251,266,33,233
E00163252,277,41,236
E00163253,283,41,242
E00163254,263,74,189
E00163255,318,43,275
E00163256,325,39,286
E00163258,296,50,246
E00163260,307,35,272
E00163261,310,46,264
E00163262,151,18,133
E00163263,250,39,211
E00163265,316,54,262
E00163266,381,65,316
E00163267,136,26,110
E00163268,190,33,157
E00163269,240,40,200
E00163270,317,62,255
E00163271,388,77,311
E00163272,268,45,223
E00163273,305,41,264
E00163274,206,16,190
E00163275,217,23,194
E00163276,373,72,301
E00163277,329,68,261
E00163278,342,61,281
E00163279,323,59,264
E00163280,101,13,88
E00163281,247,38,209
E00163282,220,40,180
E00163283,204,36,168
E00163284,230,15,215
E00163285,263,39,224
E00163286,220,35,185
E00163287,258,31,227
E00163288,253,43,210
E00163289,263,42,221
E00163290,291,30,261
E00163291,225,31,194
E00163292,173,12,161
E00163293,329,55,274
E00163294,272,56,216
E00163295,321,25,296
E00163296,306,29,277
E00163297,233,44,189
E00163298,233,47,186
E00163299,277,38,239
E00163300,318,58,260
E00163301,360,67,293
E00163302,326,57,269
E00163303,337,67,270
E00163304,319,72,247
E00163305,283,35,248
E00163306,222,31,191
E00163307,261,46,215
E00163308,290,32,258
E00163309,324,48,276
E00163310,323,81,242
E00163311,380,80,300
E00163312,234,22,212
E00163313,328,80,248
E00163314,220,18,202
E00163315,192,23,169
E00163316,275,52,223
E00163317,258,52,206
E00163318,303,68,235
E00163319,226,30,196
E00163320,337,102,235
E00163321,272,31,241
E00163322,308,40,268
E00163323,280,40,240
E00163324,236,23,213
E00163325,369,93,276
E00163326,220,28,192
E00163327,401,114,287
E00163328,204,31,173
E00163329,242,50,192
E00163330,205,34,171
E00163331,225,22,203
E00163332,229,27,202
E00163333,257,32,225
E00163334,141,7,134
E00163335,204,10,194
E00163336,329,39,290
E00163337,235,25,210
E00163338,286,28,258
E00163339,280,40,240
E00163340,266,40,226
E00163342,295,40,255
E00163343,279,52,227
E00163344,227,35,192
E00163345,252,24,228
E00163346,237,34,203
E00163347,295,35,260
E00163348,235,39,196
E00163349,222,30,192
E00163350,259,40,219
E00163351,211,40,171
E00163352,136,9,127
E00163353,319,93,226
E00163354,343,57,286
E00163355,308,59,249
E00163356,332,52,280
E00163357,151,20,131
E00163358,384,53,331
E00163359,288,34,254
E00163360,251,22,229
E00163361,257,20,237
E00163362,229,30,199
E00163363,323,48,275
E00163364,208,35,173
E00163365,401,53,348
E00163366,113,17,96
E00163367,212,29,183
E00163368,233,43,190
E00163369,243,38,205
E00163370,240,33,207
E00163371,172,20,152
E00163372,427,72,355
E00163373,366,57,309
E00163374,269,44,225
E00163375,254,41,213
E00163376,365,36,329
E00163377,250,23,227
E00163378,302,30,272
E00163379,246,33,213
E00163380,311,43,268
E00163381,214,23,191
E00163382,263,51,212
E00163383,201,40,161
E00163384,282,43,239
E00163385,296,34,262
E00163386,235,39,196
E00163387,319,35,284
E00163388,260,45,215
E00163389,291,46,245
E00163390,287,50,237
E00163391,345,36,309
E00163392,337,59,278
E00163393,311,41,270
E00163394,266,54,212
E00163395,183,37,146
E00163396,111,17,94
E00163397,307,65,242
E00163398,323,40,283
E00163399,343,51,292
E00163400,292,46,246
E00163401,282,28,254
E00163402,273,31,242
E00163403,290,53,237
E00163404,356,40,316
E00163405,412,76,336
E00163406,230,26,204
E00163407,230,28,202
E00163408,283,33,250
E00163409,188,25,163
E00163410,305,48,257
E00163411,344,28,316
E00163412,137,21,116
E00163413,382,54,328
E00163414,328,42,286
E00163415,259,39,220
E00163416,225,44,181
E00163417,358,82,276
E00163418,259,29,230
E00163420,245,37,208
E00163421,211,31,180
E00163422,208,25,183
E00163423,282,30,252
E00163424,226,16,210
E00163425,171,13,158
E00163426,245,28,217
E00163427,333,55,278
E00163428,273,39,234
E00163429,231,33,198
E00163430,244,23,221
E00163431,232,44,188
E00163432,253,50,203
E00163433,474,70,404
E00163434,337,62,275
E00163435,241,46,195
E00163436,357,66,291
E00163437,291,51,240
E00163438,279,38,241
E00163439,247,137,110
E00163440,228,34,194
E00163441,384,51,333
E00163442,386,61,325
E00163443,279,36,243
E00163444,276,28,248
E00163446,259,60,199
E00163447,228,42,186
E00163448,362,55,307
E00163449,327,71,256
E00163450,354,71,283
E00163451,270,50,220
E00163452,284,59,225
E00163453,322,67,255
E00163454,325,51,274
E00163455,365,47,318
E00163456,339,64,275
E00163457,231,44,187
E00163458,302,54,248
E00163459,305,70,235
E00163460,312,58,254
E00163461,245,61,184
E00163462,260,44,216
E00163464,189,11,178
E00163465,276,38,238
E00163466,158,7,151
E00163467,292,40,252
E00163468,257,31,226
E00163469,243,32,211
E00163470,316,71,245
E00163471,391,106,285
E00163472,297,59,238
E00163473,295,24,271
E00163474,246,28,218
E00163475,239,35,204
E00163476,274,40,234
E00163477,235,16,219
E00163478,326,43,283
E00163480,333,44,289
E00163481,319,65,254
E00163482,339,65,274
E00163483,351,52,299
E00163484,314,57,257
E00163485,236,25,211
E00163487,246,38,208
E00163488,312,36,276
E00163490,364,81,283
E00163491,379,72,307
E00163492,259,43,216
E00163493,279,52,227
E00163494,282,48,234
E00163495,197,32,165
E00163496,289,33,256
E00163497,281,26,255
E00163498,268,37,231
E00163499,264,32,232
E00163500,276,44,232
E00163501,326,81,245
E00163502,130,9,121
E00163503,220,29,191
E00163504,234,35,199
E00163505,226,34,192
E00163506,460,60,400
E00163507,277,40,237
E00163508,321,58,263
E00163509,229,26,203
E00163510,285,36,249
E00163511,335,63,272
E00163512,283,47,236
E00163513,442,83,359
E00163514,288,49,239
E00163515,297,46,251
E00163516,268,52,216
E00163517,434,78,356
E00163518,479,94,385
E00163519,268,37,231
E00163520,255,35,220
E00163521,122,17,105
E00163522,208,28,180
E00163523,240,54,186
E00163524,210,27,183
E00163525,270,51,219
E00163526,261,30,231
E00163527,250,49,201
E00163528,283,57,226
E00163529,239,37,202
E00163530,330,56,274
E00163531,307,74,233
E00163532,304,64,240
E00163533,283,76,207
E00163534,238,26,212
E00163535,368,65,303
E00163536,261,21,240
E00163537,271,25,246
E00163539,355,59,296
E00163540,413,85,328
E00163541,268,40,228
E00163542,502,104,398
E00163544,246,35,211
E00163545,332,66,266
E00163546,285,25,260
E00163547,251,51,200
E00163548,262,24,238
E00163549,507,162,345
E00163550,255,45,210
E00163551,238,24,214
E00163552,167,10,157
E00163553,455,101,354
E00163554,291,34,257
E00163555,299,51,248
E00163556,186,16,170
E00163557,252,35,217
E00163558,284,41,243
E00163559,286,58,228
E00163560,264,34,230
E00163561,112,9,103
E00163562,230,23,207
E00163563,249,37,212
E00163564,282,49,233
E00163565,274,39,235
E00163566,415,73,342
E00163567,291,33,258
E00163568,282,40,242
E00163569,319,40,279
E00163570,264,32,232
E00163571,484,87,397
E00163573,262,38,224
E00163574,183,28,155
E00163576,249,36,213
E00163577,259,40,219
E00163578,267,49,218
E00163579,297,44,253
E00163580,290,60,230
E00163581,309,49,260
E00163582,320,42,278
E00163584,155,27,128
E00163586,297,52,245
E00163587,270,55,215
E00163588,249,35,214
E00163589,242,18,224
E00163590,208,7,201
E00163591,270,21,249
E00163592,518,99,419
E00163593,255,58,197
E00163594,256,43,213
E00163595,278,65,213
E00163596,233,37,196
E00163597,287,29,258
E00163598,288,52,236
E00163599,124,12,112
E00163600,403,57,346
E00163601,272,34,238
E00163602,228,32,196
E00163603,267,29,238
E00163604,171,24,147
E00163605,150,14,136
E00163606,275,65,210
E00163607,355,66,289
E00163608,445,117,328
E00163609,233,30,203
E00163610,291,62,229
E00163611,310,63,247
E00163612,292,50,242
E00163613,275,41,234
E00163614,278,37,241
E00163615,521,103,418
E00163616,292,57,235
E00163618,339,63,276
E00163619,348,59,289
E00163620,223,28,195
E00163621,168,17,151
E00163622,189,30,159
E00163623,324,40,284
E00163626,141,37,104
E00163627,339,72,267
E00163628,297,26,271
E00163629,261,38,223
E00163630,336,32,304
E00163631,301,47,254
E00163632,120,22,98
E00163633,400,44,356
E00163634,245,25,220
E00163635,340,60,280
E00163636,252,43,209
E00163637,301,40,261
E00163638,287,44,243
E00163639,467,91,376
E00163640,369,68,301
E00163641,329,61,268
E00163642,256,35,221
E00163643,186,23,163
E00163644,421,63,358
E00163645,291,29,262
E00163647,297,40,257
E00163649,273,26,247
E00163650,349,45,304
E00163651,406,76,330
E00163652,264,49,215
E00163654,295,38,257
E00163655,284,38,246
E00163656,330,65,265
E00163657,355,62,293
E00163658,297,48,249
E00163659,330,42,288
E00163660,305,42,263
E00163661,285,72,213
E00163662,229,17,212
E00163663,275,42,233
E00163664,309,67,242
E00163665,340,85,255
E00163667,428,70,358
E00163668,273,32,241
E00163669,333,60,273
E00163670,258,52,206
E00163671,285,44,241
E00163672,279,66,213
E00163673,275,46,229
E00163674,240,31,209
E00163675,294,50,244
E00163676,230,29,201
E00163677,234,31,203
E00163678,311,54,257
E00163679,295,34,261
E00163680,293,46,247
E00163681,225,30,195
E00163682,285,39,246
E00163683,243,40,203
E00163684,245,39,206
E00163685,279,36,243
E00163686,313,49,264
E00163687,266,49,217
E00163689,312,76,236
E00163691,269,62,207
E00163692,277,60,217
E00163693,359,56,303
E00163694,456,93,363
E00163695,261,46,215
E00163696,322,45,277
E00163697,319,58,261
E00163698,378,61,317
E00163699,327,58,269
E00163700,269,37,232
E00163701,282,34,248
E00163702,205,20,185
E00163703,257,28,229
E00163704,255,41,214
E00163705,212,25,187
E00163706,316,77,239
E00163707,349,85,264
E00163708,282,25,257
E00163709,417,97,320
E00163710,330,48,282
E00163711,253,37,216
E00163712,297,45,252
E00163713,348,60,288
E00163714,297,56,241
E00163715,380,57,323
E00163716,271,55,216
E00163717,280,34,246
E00163718,280,37,243
E00163719,337,62,275
E00163720,275,51,224
E00163721,396,61,335
E00163722,388,91,297
E00163723,290,25,265
E00163724,266,47,219
E00163727,274,29,245
E00163728,276,29,247
E00163729,462,133,329
E00163731,297,18,279
E00163733,223,56,167
E00163734,247,29,218
E00163736,261,40,221
E00163737,264,33,231
E00163738,318,41,277
E00163739,283,47,236
E00163740,297,45,252
E00163741,231,5,226
E00163742,273,38,235
E00163743,250,44,206
E00163744,322,77,245
E00163745,315,59,256
E00163746,242,31,211
E00163747,256,41,215
E00163748,405,121,284
E00163749,237,69,168
E00163750,190,19,171
E00163751,201,51,150
E00163752,253,29,224
E00163753,342,47,295
E00163754,300,70,230
E00163755,261,18,243
E00163756,265,21,244
E00163757,262,25,237
E00163758,291,51,240
E00163759,283,27,256
E00163760,137,8,129
E00163761,527,91,436
E00163762,249,33,216
E00163763,293,36,257
E00163764,284,29,255
E00163765,241,25,216
E00163766,293,33,260
E00163767,256,27,229
E00163768,257,25,232
E00163769,321,53,268
E00163770,323,53,270
E00163771,458,53,405
E00163772,256,24,232
E00163773,327,48,279
E00163774,318,35,283
E00163775,301,57,244
E00163776,236,28,208
E00163777,285,36,249
E00163778,271,43,228
E00163779,243,40,203
E00163780,209,16,193
E00163781,287,51,236
E00163782,232,20,212
E00163784,235,29,206
E00163785,246,28,218
E00163786,308,54,254
E00163787,304,29,275
E00163788,205,22,183
E00163789,322,33,289
E00163790,245,22,223
E00163791,438,66,372
E00163792,293,64,229
E00163793,276,49,227
E00163794,274,25,249
E00163795,247,22,225
E00163796,303,41,262
E00163797,368,68,300
E00163798,258,44,214
E00163799,249,45,204
E00163800,306,53,253
E00163801,358,135,223
E00163802,336,74,262
E00163803,313,65,248
E00163805,321,49,272
E00163806,186,19,167
E00163807,482,94,388
E00163809,307,36,271
E00163810,266,22,244
E00163811,313,41,272
E00163812,201,36,165
E00163813,343,75,268
E00163814,322,45,277
E00163815,394,92,302
E00163816,339,44,295
E00163817,290,47,243
E00163818,310,50,260
E00163819,400,77,323
E00163821,288,54,234
E00163822,232,27,205
E00163824,262,32,230
E00163825,362,55,307
E00163826,202,31,171
E00163827,309,62,247
E00163828,192,22,170
E00163829,278,19,259
E00163830,348,57,291
E00163831,466,74,392
E00163832,274,30,244
E00163833,277,29,248
E00163834,273,30,243
E00163835,373,60,313
E00163836,282,37,245
E00163837,357,70,287
E00163839,217,13,204
E00163840,404,62,342
E00163841,480,97,383
E00163842,468,107,361
E00163843,106,3,103
E00163844,340,44,296
E00163845,402,71,331
E00163846,249,53,196
E00163847,205,20,185
E00163848,263,55,208
E00163849,260,56,204
E00163850,265,42,223
E00163851,280,46,234
E00163852,237,30,207
E00163853,250,42,208
E00163854,278,80,198
E00163855,395,91,304
E00163856,264,52,212
E00163857,344,84,260
E00163858,268,34,234
E00163859,296,59,237
E00163860,231,34,197
E00163861,250,31,219
E00163864,299,30,269
E00163865,252,32,220
E00163866,247,45,202
E00163867,277,35,242
E00163868,317,77,240
E00163869,310,68,242
E00163870,267,38,229
E00163871,395,81,314
E00163872,247,39,208
E00163873,256,37,219
E00163874,275,38,237
E00163875,344,49,295
E00163876,219,23,196
E00163877,352,37,315
E00163878,329,87,242
E00163879,285,41,244
E00163880,484,107,377
E00163881,341,63,278
E00163882,248,40,208
E00163883,304,58,246
E00163884,257,41,216
E00163885,265,42,223
E00163886,352,81,271
E00163887,245,33,212
E00163888,272,68,204
E00163890,308,84,224
E00163891,304,52,252
E00163892,276,55,221
E00163893,289,68,221
E00163894,295,51,244
E00163895,399,97,302
E00163896,288,60,228
E00163897,192,20,172
E00163898,348,52,296
E00163899,325,68,257
E00163900,322,57,265
E00163901,247,56,191
E00163902,336,58,278
E00163903,104,20,84
E00163904,320,40,280
E00163905,221,39,182
E00163906,177,39,138
E00163907,263,51,212
E00163908,264,43,221
E00163909,266,47,219
E00163910,334,53,281
E00163911,333,43,290
E00163912,255,42,213
E00163913,312,42,270
E00163914,252,48,204
E00163915,227,35,192
E00163916,308,84,224
E00163917,261,25,236
E00163918,340,27,313
E00163919,314,75,239
E00163920,376,70,306
E00163921,343,75,268
E00163922,283,36,247
E00163923,363,65,298
E00163924,224,36,188
E00163925,565,111,454
E00163926,273,44,229
E00163927,359,76,283
E00163928,296,49,247
E00163929,342,74,268
E00163930,300,50,250
E00163931,327,71,256
E00163932,495,137,358
E00163933,267,79,188
E00163934,355,76,279
E00163935,334,81,253
E00163937,187,27,160
E00163938,339,75,264
E00163939,325,79,246
E00163940,333,68,265
E00163941,345,69,276
E00163942,431,96,335
E00163943,369,49,320
E00163944,375,66,309
E00163945,364,99,265
E00163946,443,108,335
E00163948,392,70,322
E00163949,352,59,293
E00163950,340,50,290
E00163951,283,58,225
E00163952,486,79,407
E00163953,310,50,260
E00163954,327,59,268
E00163955,354,74,280
E00163956,188,17,171
E00163957,357,59,298
E00163958,403,61,342
E00163959,314,44,270
E00163960,284,42,242
E00163961,289,43,246
E00163962,280,37,243
E00163963,288,54,234
E00163964,315,48,267
E00163965,330,58,272
E00163966,294,56,238
E00163967,328,60,268
E00163968,350,58,292
E00163969,250,51,199
E00163970,346,61,285
E00163971,294,34,260
E00163972,252,53,199
E00163973,306,46,260
E00163974,191,30,161
E00163975,304,67,237
E00163976,231,23,208
E00163977,391,60,331
E00163978,273,41,232
E00163979,336,65,271
E00163980,344,73,271
E00163981,291,55,236
E00163982,277,34,243
E00163983,256,57,199
E00163984,356,61,295
E00163985,291,52,239
E00163986,253,26,227
E00163987,274,38,236
E00163988,208,47,161
E00163989,342,49,293
E00163990,305,45,260
E00163991,206,27,179
E00163992,264,41,223
E00163993,399,81,318
E00163994,288,58,230
E00163995,338,46,292
E00163997,419,81,338
E00163998,311,51,260
E00164000,164,9,155
E00164001,287,42,245
E00164002,281,46,235
E00164003,372,56,316
E00164004,356,66,290
E00164005,355,81,274
E00164006,283,39,244
E00164007,302,52,250
E00164008,299,57,242
E00164009,263,39,224
E00164010,331,53,278
E00164011,191,5,186
E00164012,351,34,317
E00164014,237,24,213
E00164015,258,36,222
E00164016,287,39,248
E00164017,227,23,204
E00164018,169,13,156
E00164019,186,20,166
E00164021,314,56,258
E00164022,316,46,270
E00164023,216,34,182
E00164024,210,15,195
E00164025,236,63,173
E00164026,353,57,296
E00164027,243,55,188
E00164028,304,40,264
E00164029,272,44,228
E00164030,222,43,179
E00164031,234,41,193
E00164032,375,79,296
E00164033,229,32,197
E00164034,304,54,250
E00164035,240,31,209
E00164036,368,68,300
E00164037,271,39,232
E00164039,301,54,247
E00164040,267,41,226
E00164041,291,48,243
E00164042,332,78,254
E00164043,359,83,276
E00164044,260,42,218
E00164045,435,92,343
E00164047,296,61,235
E00164048,296,62,234
E00164049,238,19,219
E00164050,287,59,228
E00164051,303,66,237
E00164052,287,46,241
E00164054,230,29,201
E00164055,331,67,264
E00164056,325,60,265
E00164057,283,41,242
E00164058,288,47,241
E00164059,380,58,322
E00164060,315,51,264
E00164062,360,47,313
E00164063,301,53,248
E00164064,349,52,297
E00164065,230,24,206
E00164066,298,45,253
E00164067,360,59,301
E00164068,418,78,340
E00164069,493,98,395
E00164070,361,57,304
E00164073,308,42,266
E00164074,346,46,300
E00164075,112,14,98
E00164076,235,29,206
E00164077,296,52,244
E00164078,246,35,211
E00164079,377,57,320
E00164080,229,35,194
E00164081,361,58,303
E00164082,370,73,297
E00164083,375,73,302
E00164084,309,53,256
E00164085,331,68,263
E00164086,328,53,275
E00164087,304,56,248
E00164088,291,38,253
E00164089,248,34,214
E00164090,253,44,209
E00164091,293,57,236
E00164092,300,66,234
E00164093,302,47,255
E00164094,265,40,225
E00164095,245,38,207
E00164096,290,55,235
E00164097,350,51,299
E00164098,257,32,225
E00164099,285,33,252
E00164100,362,56,306
E00164101,291,42,249
E00164102,287,52,235
E00164103,327,73,254
E00164104,296,46,250
E00164105,254,40,214
E00164106,321,71,250
E00164107,334,74,260
E00164108,275,57,218
E00164109,361,76,285
E00164110,312,97,215
E00164111,327,43,284
E00164112,210,30,180
E00164113,439,72,367
E00164114,269,36,233
E00164115,260,44,216
E00164116,249,46,203
E00164117,256,32,224
E00164118,258,33,225
E00164119,190,26,164
E00164120,340,47,293
E00164121,340,69,271
E00164122,193,1,192
E00164123,294,31,263
E00164125,556,106,450
E00164126,413,74,339
E00164127,279,30,249
E00164128,233,21,212
E00164129,506,75,431
E00164130,239,33,206
E00164131,321,33,288
E00164132,356,53,303
E00164133,382,52,330
E00164134,454,74,380
E00164135,238,34,204
E00164136,173,33,140
E00164137,378,51,327
E00164138,356,39,317
E00164139,358,40,318
E00164140,284,42,242
E00164141,382,76,306
E00164142,324,61,263
E00164143,439,77,362
E00164144,536,129,407
E00164145,328,61,267
E00164146,346,48,298
E00164147,312,52,260
E00164148,284,33,251
E00164149,377,54,323
E00164150,250,35,215
E00164152,326,58,268
E00164153,250,43,207
E00164154,287,54,233
E00164155,274,45,229
E00164156,437,160,277
E00164157,306,53,253
E00164158,241,27,214
E00164159,229,21,208
E00164160,344,58,286
E00164161,294,44,250
E00164162,427,77,350
E00164163,239,29,210
E00164164,294,47,247
E00164165,193,18,175
E00164166,276,58,218
E00164167,252,32,220
E00164168,246,44,202
E00164169,248,11,237
E00164170,238,15,223
E00164171,204,23,181
E00164172,282,44,238
E00164173,251,29,222
E00164174,236,17,219
E00164175,269,44,225
E00164176,312,52,260
E00164179,275,49,226
E00164180,331,45,286
E00164181,381,84,297
E00164182,286,65,221
E00164183,260,43,217
E00164184,273,63,210
E00164185,354,54,300
E00164186,313,57,256
E00164187,306,50,256
E00164188,250,37,213
E00164189,457,92,365
E00164190,490,86,404
E00164191,175,25,150
E00164192,242,23,219
E00164193,371,65,306
E00164196,302,44,258
E00164197,267,21,246
E00164198,306,52,254
E00164199,455,68,387
E00164200,286,59,227
E00164201,393,84,309
E00164202,344,52,292
E00164203,309,46,263
E00164204,517,82,435
E00164205,242,23,219
E00164206,309,65,244
E00164207,331,67,264
E00164208,408,52,356
E00164209,272,33,239
E00164210,135,25,110
E00164211,309,67,242
E00164212,365,60,305
E00164213,444,53,391
E00164214,223,42,181
E00164215,268,37,231
E00164216,362,57,305
E00164217,134,13,121
E00164218,235,23,212
E00164219,247,29,218
E00164220,390,43,347
E00164221,265,29,236
E00164222,275,44,231
E00164223,241,34,207
E00164224,257,40,217
E00164225,247,42,205
E00164226,346,63,283
E00164227,177,5,172
E00164228,186,12,174
E00164229,191,14,177
E00164230,286,52,234
E00164231,362,60,302
E00164232,256,26,230
E00164233,333,37,296
E00164234,368,118,250
E00164235,278,39,239
E00164236,283,58,225
E00164237,449,58,391
E00164238,287,31,256
E00164239,103,13,90
E00164240,362,66,296
E00164241,282,36,246
E00164242,476,95,381
E00164243,219,36,183
E00164244,585,116,469
E00164245,251,38,213
E00164246,338,57,281
E00164247,272,39,233
E00164248,347,57,290
E00164249,258,50,208
E00164251,244,27,217
E00164252,224,22,202
E00164253,237,41,196
E00164254,256,43,213
E00164255,368,122,246
E00164256,293,46,247
E00164257,255,52,203
E00164258,365,104,261
E00164259,299,83,216
E00164260,366,65,301
E00164261,238,36,202
E00164262,292,42,250
E00164263,309,80,229
E00164264,258,28,230
E00164265,348,51,297
E00164266,383,126,257
E00164267,302,98,204
E00164268,295,61,234
E00164269,198,11,187
E00164270,263,65,198
E00164271,275,36,239
E00164272,235,26,209
E00164273,252,27,225
E00164274,147,22,125
E00164275,137,18,119
E00164276,154,14,140
E00164277,333,39,294
E00164278,321,45,276
E00164279,521,118,403
E00164280,319,59,260
E00164281,141,19,122
E00164282,353,80,273
E00164283,317,33,284
E00164284,398,32,366
E00164285,227,39,188
E00164286,389,57,332
E00164287,282,35,247
E00164288,245,25,220
E00164289,406,35,371
E00164290,315,41,274
E00164291,218,43,175
E00164292,307,45,262
E00164293,213,23,190
E00164294,221,22,199
E00164295,295,28,267
E00164296,282,25,257
E00164298,394,32,362
E00164299,288,18,270
E00164300,233,41,192
E00164301,159,30,129
E00164302,460,61,399
E00164303,208,29,179
E00164304,297,45,252
E00164305,243,18,225
E00164306,227,22,205
E00164307,424,87,337
E00164308,404,87,317
E00164309,245,34,211
E00164310,279,30,249
E00164311,175,28,147
E00164312,227,42,185
E00164313,184,37,147
E00164314,181,27,154
E00164315,196,32,164
E00164316,111,8,103
E00164317,216,29,187
E00164318,218,18,200
E00164319,269,33,236
E00164320,257,26,231
E00164321,342,61,281
E00164322,242,34,208
E00164323,182,26,156
E00164324,282,34,248
E00164325,226,32,194
E00164326,433,77,356
E00164327,250,26,224
E00164328,191,31,160
E00164329,346,86,260
E00164330,324,51,273
E00164331,467,50,417
E00164332,316,48,268
E00164333,296,46,250
E00164334,272,27,245
E00164335,245,36,209
E00164336,253,38,215
E00164337,345,48,297
E00164338,213,19,194
E00164339,239,19,220
E00164340,240,43,197
E00164341,223,25,198
E00164342,249,15,234
E00164343,278,33,245
E00164344,253,35,218
E00164345,338,100,238
E00164346,254,37,217
E00164347,316,41,275
E00164348,299,53,246
E00164349,231,30,201
E00164350,224,22,202
E00164351,314,40,274
E00164352,266,29,237
E00164353,234,31,203
E00164354,261,44,217
E00164355,319,42,277
E00164356,248,39,209
E00164357,280,47,233
E00164358,329,43,286
E00164359,251,66,185
E00164360,240,37,203
E00164361,293,54,239
E00164362,225,23,202
E00164363,282,31,251
E00164364,203,14,189
E00164365,315,65,250
E00164366,353,61,292
E00164367,316,48,268
E00164368,269,46,223
E00164369,250,36,214
E00164370,325,62,263
E00164371,441,148,293
E00164372,399,73,326
E00164373,306,49,257
E00164374,128,10,118
E00164375,282,44,238
E00164376,303,44,259
E00164377,260,34,226
E00164378,264,28,236
E00164379,261,26,235
E00164381,223,28,195
E00164383,262,39,223
E00164384,256,64,192
E00164385,277,64,213
E00164386,264,54,210
E00164387,314,65,249
E00164388,367,56,311
E00164389,264,53,211
E00164390,226,33,193
E00164392,410,69,341
E00164393,401,93,308
E00164394,400,77,323
E00164395,302,49,253
E00164396,377,61,316
E00164397,282,42,240
E00164398,169,28,141
E00164399,318,61,257
E00164400,242,37,205
E00164401,348,55,293
E00164402,236,26,210
E00164403,192,29,163
E00164404,387,63,324
E00164405,271,42,229
E00164406,221,47,174
E00164407,410,90,320
E00164408,325,63,262
E00164409,501,90,411
E00164410,458,64,394
E00164411,340,32,308
E00164412,259,72,187
E00164414,451,79,372
E00164415,234,54,180
E00164416,574,132,442
E00164417,211,29,182
E00164418,373,96,277
E00164419,219,39,180
E00164420,278,78,200
E00164421,276,76,200
E00164422,194,38,156
E00164423,289,36,253
E00164424,284,57,227
E00164425,383,59,324
E00164426,268,59,209
E00164427,244,59,185
E00164428,180,23,157
E00164429,310,72,238
E00164430,361,87,274
E00164431,326,31,295
E00164432,314,94,220
E00164434,377,86,291
E00164435,514,131,383
E00164436,369,49,320
E00164437,266,50,216
E00164438,274,44,230
E00164439,352,43,309
E00164440,295,52,243
E00164441,296,46,250
E00164442,292,45,247
E00164443,266,40,226
E00164444,285,35,250
E00164445,207,14,193
E00164446,310,51,259
E00164447,270,31,239
E00164448,302,47,255
E00164449,318,54,264
E00164451,489,109,380
E00164452,313,73,240
E00164453,215,42,173
E00164454,537,150,387
E00164455,298,73,225
E00164456,243,35,208
E00164457,341,95,246
E00164458,288,69,219
E00164459,266,58,208
E00164460,235,59,176
E00164461,211,36,175
E00164462,299,53,246
E00164463,269,40,229
E00164464,316,77,239
E00164465,271,56,215
E00164466,304,73,231
E00164467,312,82,230
E00164468,308,59,249
E00164469,264,59,205
E00164470,291,53,238
E00164471,286,26,260
E00164472,284,32,252
E00164473,361,59,302
E00164474,216,36,180
E00164475,231,32,199
E00164476,249,30,219
E00164477,275,39,236
E00164478,269,70,199
E00164479,331,68,263
E00164480,265,50,215
E00164481,304,52,252
E00164482,260,36,224
E00164483,312,48,264
E00164484,303,69,234
E00164485,351,56,295
E00164486,238,22,216
E00164487,367,67,300
E00164488,320,65,255
E00164489,365,58,307
E00164490,188,36,152
E00164491,375,57,318
E00164492,307,45,262
E00164493,251,44,207
E00164494,307,48,259
E00164495,217,20,197
E00164496,263,48,215
E00164497,390,104,286
E00164499,351,102,249
E00164500,321,107,214
E00164501,273,78,195
E00164502,314,94,220
E00164503,359,98,261
E00164504,319,63,256
E00164505,306,57,249
E00164506,271,37,234
E00164508,283,43,240
E00164509,302,59,243
E00164510,424,87,337
E00164511,293,44,249
E00164512,298,56,242
E00164513,313,51,262
E00164514,458,96,362
E00164515,516,121,395
E00164516,517,101,416
E00164517,274,65,209
E00164518,347,81,266
E00164519,344,83,261
E00164520,233,41,192
E00164521,367,95,272
E00164522,259,28,231
E00164523,268,45,223
E00164524,179,21,158
E00164525,250,40,210
E00164526,225,32,193
E00164527,259,44,215
E00164528,315,54,261
E00164529,319,57,262
E00164530,266,40,226
E00164531,158,16,142
E00164532,223,27,196
E00164533,255,34,221
E00164534,243,43,200
E00164535,335,83,252
E00164536,271,46,225
E00164537,288,29,259
E00164538,271,51,220
E00164539,243,57,186
E00164540,250,37,213
E00164541,271,39,232
E00164542,264,25,239
E00164543,325,46,279
E00164544,246,49,197
E00164545,288,45,243
E00164546,422,73,349
E00164547,296,61,235
E00164548,271,22,249
E00164549,240,39,201
E00164550,253,42,211
E00164551,221,25,196
E00164552,309,65,244
E00164553,338,88,250
E00164554,272,52,220
E00164555,266,47,219
E00164556,372,89,283
E00164557,393,103,290
E00164558,328,81,247
E00164559,240,48,192
E00164560,220,24,196
E00164562,313,64,249
E00164563,282,33,249
E00164564,327,89,238
E00164565,335,68,267
E00164566,354,85,269
E00164567,337,83,254
E00164568,365,40,325
E00164569,307,84,223
E00164570,261,48,213
E00164571,292,27,265
E00164572,358,96,262
E00164573,286,69,217
E00164574,395,81,314
E00164575,381,81,300
E00164576,260,61,199
E00164577,256,45,211
E00164578,282,63,219
E00164579,346,68,278
E00164580,255,30,225
E00164581,270,27,243
E00164582,243,33,210
E00164583,278,59,219
E00164584,321,52,269
E00164585,297,31,266
E00164586,354,73,281
E00164587,337,64,273
E00164589,419,84,335
E00164590,335,59,276
E00164591,318,59,259
E00164592,334,57,277
E00164593,249,24,225
E00164594,279,45,234
E00164595,216,26,190
E00164597,233,24,209
E00164598,353,36,317
E00164599,225,39,186
E00164600,315,47,268
E00164601,385,73,312
E00164602,210,16,194
E00164603,234,30,204
E00164604,209,27,182
E00164605,266,37,229
E00164606,295,42,253
E00164607,303,20,283
E00164608,304,51,253
E00164609,340,63,277
E00164610,250,46,204
E00164611,236,47,189
E00164612,333,53,280
E00164613,270,55,215
E00164614,291,53,238
E00164615,349,64,285
E00164616,310,46,264
E00164617,259,51,208
E00164618,247,47,200
E00164619,316,72,244
E00164620,317,59,258
E00164621,297,43,254
E00164622,259,36,223
E00164623,346,61,285
E00164624,282,52,230
E00164625,250,58,192
E00164626,324,70,254
E00164627,252,54,198
E00164628,300,46,254
E00164629,287,32,255
E00164630,256,51,205
E00164631,244,41,203
E00164632,407,105,302
E00164633,296,38,258
E00164634,266,42,224
E00164635,291,74,217
E00164636,235,29,206
E00164637,237,20,217
E00164638,274,29,245
E00164639,214,37,177
E00164640,254,42,212
E00164641,241,46,195
E00164642,223,25,198
E00164643,235,38,197
E00164644,279,54,225
E00164645,270,38,232
E00164646,211,25,186
E00164647,264,46,218
E00164649,317,53,264
E00164650,302,46,256
E00164651,322,32,290
E00164652,207,29,178
E00164653,348,54,294
E00164654,226,31,195
E00164655,293,42,251
E00164656,371,115,256
E00164657,224,40,184
E00164658,370,68,302
E00164659,306,45,261
E00164660,373,98,275
E00164661,379,128,251
E00164662,318,75,243
E00164663,319,73,246
E00164664,374,43,331
E00164665,303,73,230
E00164666,298,44,254
E00164667,199,33,166
E00164668,241,37,204
E00164669,272,61,211
E00164671,274,54,220
E00164672,251,28,223
E00164673,281,62,219
E00164674,285,35,250
E00164675,265,35,230
E00164676,296,50,246
E00164677,292,38,254
E00164678,238,29,209
E00164679,274,31,243
E00164680,342,71,271
E00164681,304,59,245
E00164682,558,142,416
E00164683,352,75,277
E00164685,372,71,301
E00164686,249,46,203
E00164687,297,36,261
E00164688,269,46,223
E00164689,296,51,245
E00164690,248,25,223
E00164691,309,51,258
E00164692,292,46,246
E00164693,297,60,237
E00164694,300,50,250
E00164695,313,45,268
E00164697,339,65,274
E00164698,303,79,224
E00164700,297,58,239
E00164701,253,45,208
E00164702,214,17,197
E00164704,231,16,215
E00164705,228,32,196
E00164706,286,35,251
E00164709,253,51,202
E00164710,395,90,305
E00164711,240,51,189
E00164712,258,39,219
E00164714,291,61,230
E00164715,377,88,289
E00164716,290,59,231
E00164717,277,62,215
E00164719,281,65,216
E00164721,210,16,194
E00164722,563,253,310
E00164723,239,40,199
E00164724,323,85,238
E00164725,275,60,215
E00164726,302,64,238
E00164727,297,53,244
E00164728,305,54,251
E00164729,298,45,253
E00164730,244,42,202
E00164731,306,48,258
E00164732,299,61,238
E00164733,301,55,246
E00164734,311,57,254
E00164735,288,56,232
E00164736,336,45,291
E00164737,312,73,239
E00164738,403,76,327
E00164739,307,64,243
E00164740,401,93,308
E00164741,238,34,204
E00164742,227,42,185
E00164743,296,44,252
E00164744,325,69,256
E00164745,291,65,226
E00164746,113,21,92
E00164747,301,65,236
E00164748,260,37,223
E00164749,256,30,226
E00164750,260,23,237
E00164751,369,86,283
E00164752,244,42,202
E00164753,251,41,210
E00164754,307,57,250
E00164755,296,62,234
E00164756,318,91,227
E00164757,211,32,179
E00164758,252,25,227
E00164759,403,84,319
E00164760,321,106,215
E00164761,271,63,208
E00164762,252,41,211
E00164763,271,55,216
E00164764,298,67,231
E00164765,330,77,253
E00164766,303,71,232
E00164767,320,88,232
E00164768,254,57,197
E00164769,293,36,257
E00164770,339,65,274
E00164771,372,115,257
E00164772,324,67,257
E00164773,217,42,175
E00164774,378,108,270
E00164775,263,38,225
E00164776,407,134,273
E00164777,293,52,241
E00164778,475,107,368
E00164779,291,52,239
E00164780,187,39,148
E00164781,433,74,359
E00164782,366,84,282
E00164783,400,78,322
E00164784,376,84,292
E00164785,371,69,302
E00164786,380,82,298
E00164787,250,34,216
E00164788,327,44,283
E00164789,309,38,271
E00164790,349,85,264
E00164791,270,48,222
E00164792,320,80,240
E00164793,395,110,285
E00164794,249,47,202
E00164795,297,67,230
E00164796,267,42,225
E00164797,272,68,204
E00164798,299,66,233
E00164799,292,54,238
E00164800,272,37,235
E00164801,312,55,257
E00164802,278,70,208
E00164803,319,72,247
E00164804,275,41,234
E00164805,236,34,202
E00164806,264,64,200
E00164807,310,74,236
E00164808,378,132,246
E00164809,285,72,213
E00164810,251,35,216
E00164811,295,54,241
E00164812,366,70,296
E00164813,288,89,199
E00164814,260,42,218
E00164815,318,70,248
E00164816,432,249,183
E00164818,213,47,166
E00164819,315,141,174
E00164820,262,80,182
E00164821,233,53,180
E00164822,300,97,203
E00164823,252,39,213
E00164824,318,42,276
E00164825,281,55,226
E00164826,292,42,250
E00164827,319,53,266
E00164828,277,40,237
E00164829,239,64,175
E00164830,300,99,201
E00164831,369,97,272
E00164832,380,112,268
E00164833,213,47,166
E00164834,430,142,288
E00164835,274,77,197
E00164837,288,105,183
E00164838,302,84,218
E00164839,318,99,219
E00164840,254,56,198
E00164841,351,130,221
E00164842,315,117,198
E00164843,320,72,248
E00164844,323,93,230
E00164845,231,32,199
E00164846,288,76,212
E00164847,171,1,170
E00164848,259,44,215
E00164849,325,115,210
E00164850,331,85,246
E00164851,302,64,238
E00164852,269,68,201
E00164853,405,113,292
E00164854,292,74,218
E00164855,281,73,208
E00164856,348,127,221
E00164857,306,49,257
E00164858,328,66,262
E00164859,291,55,236
E00164860,352,77,275
E00164861,269,45,224
E00164862,281,53,228
E00164863,225,31,194
E00164864,260,25,235
E00164865,276,44,232
E00164866,219,36,183
E00164867,286,41,245
E00164868,172,18,154
E00164869,247,31,216
E00164870,260,37,223
E00164871,294,41,253
E00164872,286,40,246
E00164873,536,132,404
E00164874,294,57,237
E00164875,232,31,201
E00164876,271,44,227
E00164877,256,30,226
E00164878,330,72,258
E00164879,294,66,228
E00164880,222,31,191
E00164881,342,58,284
E00164882,222,34,188
E00164883,231,23,208
E00164884,304,40,264
E00164885,285,63,222
E00164886,275,45,230
E00164887,218,35,183
E00164888,250,48,202
E00164889,256,37,219
E00164890,286,27,259
E00164891,259,35,224
E00164893,205,23,182
E00164895,176,15,161
E00164896,217,40,177
E00164897,209,35,174
E00164898,258,54,204
E00164899,310,80,230
E00164900,283,44,239
E00164901,224,29,195
E00164902,238,32,206
E00164903,265,40,225
E00164904,262,59,203
E00164905,263,50,213
E00164906,225,42,183
E00164907,250,57,193
E00164908,460,116,344
E00164909,465,120,345
E00164910,172,12,160
E00164911,225,32,193
E00164912,241,44,197
E00164913,330,53,277
E00164914,323,91,232
E00164915,258,39,219
E00164916,281,45,236
E00164917,277,49,228
E00164918,262,43,219
E00164919,332,60,272
E00164920,313,59,254
E00164921,246,43,203
E00164922,256,28,228
E00164923,349,62,287
E00164924,257,42,215
E00164925,243,32,211
E00164926,379,62,317
E00164927,311,51,260
E00164928,297,61,236
E00164929,323,84,239
E00164931,286,60,226
E00164932,296,63,233
E00164933,254,51,203
E00164934,301,52,249
E00164935,311,56,255
E00164936,278,39,239
E00164937,321,72,249
E00164938,252,28,224
E00164939,507,152,355
E00164940,279,44,235
E00164941,420,91,329
E00164942,260,63,197
E00164943,407,71,336
E00164944,264,43,221
E00164945,295,49,246
E00164946,362,66,296
E00164947,518,100,418
E00164948,328,61,267
E00164949,224,28,196
E00164950,437,74,363
E00164951,274,32,242
E00164952,251,27,224
E00164953,343,54,289
E00164954,367,56,311
E00164955,395,53,342
E00164956,277,49,228
E00164957,430,46,384
E00164958,256,32,224
E00164959,259,28,231
E00164960,312,43,269
E00164961,480,98,382
E00164962,297,44,253
E00164966,249,26,223
E00164967,310,72,238
E00164968,291,44,247
E00164969,247,31,216
E00164970,352,88,264
E00164971,300,56,244
E00164972,386,49,337
E00164973,362,83,279
E00164974,386,70,316
E00164975,349,68,281
E00164976,368,49,319
E00164977,457,63,394
E00164978,284,54,230
E00164979,355,67,288
E00164980,284,42,242
E00164981,369,75,294
E00164982,322,42,280
E00164983,301,57,244
E00164984,382,67,315
E00164985,271,32,239
E00164986,264,38,226
E00164987,400,70,330
E00164988,250,42,208
E00164989,114,10,104
E00164990,456,85,371
E00164991,258,24,234
E00164992,431,82,349
E00164993,131,25,106
E00164994,335,33,302
E00164995,265,42,223
E00164996,346,54,292
E00164997,503,77,426
E00164998,248,25,223
E00164999,198,19,179
E00165000,232,22,210
E00165001,238,53,185
E00165002,160,18,142
E00165003,362,4,358
E00165004,296,60,236
E00165005,294,16,278
E00165006,224,37,187
E00165007,397,26,371
E00165008,216,17,199
E00165009,277,44,233
E00165010,227,20,207
E00165011,334,50,284
E00165012,144,21,123
E00165013,250,24,226
E00165014,212,25,187
E00165015,291,35,256
E00165016,203,26,177
E00165017,522,96,426
E00165018,343,62,281
E00165019,472,96,376
E00165020,282,36,246
E00165022,205,34,171
E00165023,344,52,292
E00165025,240,36,204
E00165026,336,79,257
E00165027,306,43,263
E00165028,244,34,210
E00165029,273,51,222
E00165030,157,12,145
E00165031,431,55,376
E00165032,294,45,249
E00165033,198,13,185
E00165034,272,52,220
E00165035,305,53,252
E00165036,256,35,221
E00165037,360,76,284
E00165038,251,40,211
E00165039,226,30,196
E00165040,253,29,224
E00165041,267,53,214
E00165042,276,41,235
E00165043,256,40,216
E00165044,292,26,266
E00165045,261,38,223
E00165046,225,25,200
E00165047,362,14,348
E00165048,235,28,207
E00165049,526,96,430
E00165050,307,11,296
E00165051,246,38,208
E00165052,271,66,205
E00165053,166,12,154
E00165054,199,21,178
E00165055,244,22,222
E00165056,297,56,241
E00165057,261,40,221
E00165058,270,43,227
E00165059,210,18,192
E00165060,436,88,348
E00165061,356,41,315
E00165062,312,49,263
E00165063,282,48,234
E00165064,265,44,221
E00165065,314,62,252
E00165066,260,24,236
E00165069,327,48,279
E00165070,263,38,225
E00165071,315,60,255
E00165072,242,19,223
E00165073,311,47,264
E00165074,294,57,237
E00165075,200,21,179
E00165076,242,43,199
E00165077,256,29,227
E00165078,247,32,215
E00165079,230,18,212
E00165080,271,28,243
E00165081,313,52,261
E00165082,308,50,258
E00165083,265,56,209
E00165084,328,65,263
E00165085,247,29,218
E00165086,329,70,259
E00165087,297,70,227
E00165088,300,73,227
E00165089,335,67,268
E00165090,270,49,221
E00165091,276,33,243
E00165092,330,55,275
E00165093,261,42,219
E00165094,309,57,252
E00165095,332,93,239
E00165096,258,51,207
E00165097,333,101,232
E00165098,332,99,233
E00165099,326,87,239
E00165100,284,65,219
E00165101,326,97,229
E00165102,499,108,391
E00165103,288,57,231
E00165104,242,36,206
E00165105,283,62,221
E00165106,254,39,215
E00165107,175,15,160
E00165108,275,44,231
E00165109,253,31,222
E00165110,312,31,281
E00165111,290,44,246
E00165112,291,25,266
E00165113,342,62,280
E00165114,317,44,273
E00165115,301,38,263
E00165116,272,50,222
E00165117,314,50,264
E00165118,239,35,204
E00165119,266,44,222
E00165120,300,53,247
E00165121,277,31,246
E00165122,218,30,188
E00165123,294,26,268
E00165124,269,48,221
E00165125,321,49,272
E00165126,254,36,218
E00165127,352,45,307
E00165128,342,44,298
E00165129,279,75,204
E00165130,373,58,315
E00165131,200,30,170
E00165132,218,16,202
E00165133,199,23,176
E00165134,294,47,247
E00165135,373,58,315
E00165136,223,16,207
E00165137,252,28,224
E00165138,331,55,276
E00165139,275,46,229
E00165140,400,76,324
E00165141,209,43,166
E00165142,225,45,180
E00165143,269,43,226
E00165144,166,19,147
E00165146,292,36,256
E00165147,287,41,246
E00165148,258,30,228
E00165149,285,39,246
E00165150,254,41,213
E00165151,291,46,245
E00165152,261,36,225
E00165153,301,40,261
E00165154,369,59,310
E00165155,298,27,271
E00165156,249,28,221
E00165157,366,62,304
E00165158,254,35,219
E00165159,263,49,214
E00165160,272,31,241
E00165161,232,33,199
E00165162,256,30,226
E00165163,277,47,230
E00165164,331,40,291
E00165165,366,49,317
E00165166,331,49,282
E00165167,266,41,225
E00165168,97,10,87
E00165169,132,15,117
E00165170,173,5,168
E00165171,246,34,212
E00165172,269,52,217
E00165173,189,9,180
E00165176,298,37,261
E00165177,234,20,214
E00165178,220,14,206
E00165179,287,41,246
E00165180,345,44,301
E00165181,408,78,330
E00165182,259,58,201
E00165183,252,31,221
E00165184,305,52,253
E00165185,296,49,247
E00165186,281,43,238
E00165187,349,57,292
E00165188,163,24,139
E00165189,347,61,286
E00165190,277,34,243
E00165191,289,43,246
E00165192,357,45,312
E00165193,315,55,260
E00165194,388,68,320
E00165195,286,55,231
E00165196,294,25,269
E00165197,289,45,244
E00165198,298,50,248
E00165199,139,25,114
E00165200,216,40,176
E00165201,243,37,206
E00165202,451,80,371
E00165203,338,72,266
E00165204,459,82,377
E00165205,295,48,247
E00165206,427,91,336
E00165207,473,75,398
E00165208,135,14,121
E00165209,368,51,317
E00165210,329,49,280
E00165211,273,40,233
E00165212,300,37,263
E00165213,306,48,258
E00165214,256,29,227
E00165215,342,70,272
E00165216,300,40,260
E00165217,311,49,262
E00165218,550,98,452
E00165219,296,50,246
E00165220,330,66,264
E00165221,297,50,247
E00165222,460,52,408
E00165223,254,28,226
E00165224,350,49,301
E00165225,315,37,278
E00165226,298,41,257
E00165227,331,53,278
E00165228,236,36,200
E00165229,252,43,209
E00165230,288,50,238
E00165231,297,59,238
E00165232,186,28,158
E00165233,265,40,225
E00165234,333,65,268
E00165235,264,35,229
E00165236,318,62,256
E00165237,293,56,237
E00165238,331,75,256
E00165240,480,83,397
E00165241,278,58,220
E00165242,216,35,181
E00165243,333,63,270
E00165244,144,21,123
E00165245,314,35,279
E00165246,323,38,285
E00165247,172,27,145
E00165248,264,40,224
E00165249,301,57,244
E00165251,416,59,357
E00165252,166,30,136
E00165253,296,51,245
E00165254,239,28,211
E00165255,358,77,281
E00165256,273,36,237
E00165257,116,17,99
E00165258,365,59,306
E00165259,377,70,307
E00165262,277,44,233
E00165263,567,126,441
E00165264,340,74,266
E00165265,335,41,294
E00165266,217,38,179
E00165267,306,66,240
E00165268,293,51,242
E00165270,210,43,167
E00165271,334,49,285
E00165272,404,70,334
E00165273,363,44,319
E00165274,386,39,347
E00165275,341,44,297
E00165276,236,28,208
E00165277,315,48,267
E00165278,260,12,248
E00165279,205,23,182
E00165280,273,34,239
E00165283,229,23,206
E00165284,170,22,148
E00165285,297,26,271
E00165286,223,29,194
E00165287,283,79,204
E00165288,309,71,238
E00165289,303,54,249
E00165290,302,23,279
E00165291,296,46,250
E00165292,189,20,169
E00165293,314,56,258
E00165294,230,17,213
E00165295,227,22,205
E00165296,368,51,317
E00165297,309,64,245
E00165298,234,21,213
E00165299,223,21,202
E00165300,265,24,241
E00165301,230,32,198
E00165302,266,57,209
E00165303,229,49,180
E00165304,311,36,275
E00165305,313,35,278
E00165306,430,59,371
E00165307,306,42,264
E00165309,262,51,211
E00165310,258,20,238
E00165311,337,72,265
E00165312,265,36,229
E00165313,497,77,420
E00165314,300,46,254
E00165315,331,43,288
E00165316,265,36,229
E00165317,300,44,256
E00165318,186,31,155
E00165319,194,23,171
E00165320,266,53,213
E00165321,390,45,345
E00165322,154,33,121
E00165323,339,38,301
E00165324,269,47,222
E00165325,285,31,254
E00165326,331,58,273
E00165327,346,54,292
E00165329,285,46,239
E00165330,167,24,143
E00165331,300,55,245
E00165332,125,14,111
E00165333,441,49,392
E00165334,289,56,233
E00165335,298,39,259
E00165336,282,42,240
E00165337,114,21,93
E00165338,376,52,324
E00165339,226,32,194
E00165340,341,42,299
E00165341,250,28,222
E00165342,248,33,215
E00165343,239,29,210
E00165344,288,57,231
E00165345,220,28,192
E00165346,246,18,228
E00165347,281,41,240
E00165348,224,38,186
E00165349,337,73,264
E00165350,202,25,177
E00165351,180,20,160
E00165352,281,88,193
E00165353,228,24,204
E00165354,286,39,247
E00165355,254,32,222
E00165356,250,37,213
E00165357,266,52,214
E00165358,237,31,206
E00165359,294,48,246
E00165360,275,37,238
E00165361,352,69,283
E00165362,304,48,256
E00165363,271,29,242
E00165364,255,35,220
E00165365,265,31,234
E00165366,290,37,253
E00165367,265,38,227
E00165368,244,14,230
E00165369,328,31,297
E00165370,287,36,251
E00165371,406,31,375
E00165372,330,69,261
E00165373,272,33,239
E00165374,238,21,217
E00165375,253,34,219
E00165376,273,45,228
E00165377,342,61,281
E00165378,243,38,205
E00165379,263,69,194
E00165380,279,42,237
E00165381,263,60,203
E00165382,285,37,248
E00165383,272,33,239
E00165384,337,57,280
E00165385,222,22,200
E00165386,231,28,203
E00165387,264,30,234
E00165388,262,33,229
E00165389,240,18,222
E00165390,287,27,260
E00165391,243,20,223
E00165392,409,43,366
E00165393,265,42,223
E00165394,292,31,261
E00165395,257,50,207
E00165396,278,29,249
E00165397,359,41,318
E00165398,314,62,252
E00165399,248,17,231
E00165400,302,65,237
E00165401,324,36,288
E00165402,397,51,346
E00165403,340,52,288
E00165404,346,64,282
E00165405,287,41,246
E00165406,248,35,213
E00165407,304,46,258
E00165408,276,42,234
E00165409,312,42,270
E00165410,416,95,321
E00165411,342,80,262
E00165412,379,76,303
E00165413,286,50,236
E00165414,334,62,272
E00165415,143,22,121
E00165416,212,20,192
E00165417,149,23,126
E00165418,417,232,185
E00165419,217,31,186
E00165420,332,58,274
E00165421,310,63,247
E00165422,254,49,205
E00165423,352,62,290
E00165424,217,31,186
E00165425,304,48,256
E00165426,227,33,194
E00165427,261,43,218
E00165428,215,30,185
E00165429,254,51,203
E00165431,301,87,214
E00165432,218,38,180
E00165433,226,25,201
E00165434,223,25,198
E00165435,235,38,197
E00165436,274,50,224
E00165437,261,36,225
E00165438,225,32,193
E00165439,308,86,222
E00165440,197,67,130
E00165441,312,70,242
E00165442,305,91,214
E00165444,364,86,278
E00165445,265,46,219
E00165446,244,40,204
E00165447,332,67,265
E00165448,224,12,212
E00165449,333,31,302
E00165450,327,51,276
E00165451,289,45,244
E00165452,319,55,264
E00165453,329,74,255
E00165454,283,44,239
E00165455,267,43,224
E00165456,297,43,254
E00165457,247,37,210
E00165458,195,20,175
E00165459,351,55,296
E00165460,266,26,240
E00165461,293,51,242
E00165462,322,64,258
E00165463,293,51,242
E00165464,305,62,243
E00165465,305,49,256
E00165466,297,39,258
E00165467,303,48,255
E00165468,321,47,274
E00165469,312,57,255
E00165470,308,48,260
E00165471,292,77,215
E00165472,285,76,209
E00165473,251,29,222
E00165474,279,53,226
E00165475,335,54,281
E00165476,275,42,233
E00165477,270,25,245
E00165478,259,36,223
E00165479,327,61,266
E00165480,284,59,225
E00165481,363,65,298
E00165482,261,23,238
E00165483,429,84,345
E00165484,331,33,298
E00165486,355,79,276
E00165488,281,53,228
E00165489,259,34,225
E00165490,282,52,230
E00165491,223,28,195
E00165492,254,62,192
E00165493,278,34,244
E00165494,288,46,242
E00165495,294,46,248
E00165496,247,42,205
E00165497,235,27,208
E00165498,300,39,261
E00165499,321,65,256
E00165500,239,43,196
E00165501,287,57,230
E00165502,273,50,223
E00165503,368,44,324
E00165504,326,39,287
E00165505,293,45,248
E00165506,347,76,271
E00165507,255,40,215
E00165508,324,50,274
E00165509,246,21,225
E00165510,310,47,263
E00165511,268,31,237
E00165512,339,60,279
E00165513,293,45,248
E00165514,243,61,182
E00165515,283,23,260
E00165516,313,77,236
E00165517,249,40,209
E00165518,275,49,226
E00165519,286,53,233
E00165520,284,53,231
E00165521,266,48,218
E00165522,307,76,231
E00165523,261,33,228
E00165524,237,38,199
E00165525,322,49,273
E00165526,336,51,285
E00165527,334,66,268
E00165528,543,140,403
E00165529,275,43,232
E00165530,246,27,219
E00165531,380,51,329
E00165532,287,45,242
E00165533,245,46,199
E00165534,283,67,216
E00165535,316,56,260
E00165536,338,77,261
E00165537,285,32,253
E00165538,266,28,238
E00165539,245,26,219
E00165540,273,44,229
E00165541,278,44,234
E00165542,206,46,160
E00165543,302,52,250
E00165544,307,58,249
E00165545,289,48,241
E00165546,239,22,217
E00165547,245,31,214
E00165548,322,48,274
E00165549,346,50,296
E00165550,227,25,202
E00165551,397,51,346
E00165552,245,34,211
E00165554,253,36,217
E00165555,334,64,270
E00165556,236,46,190
E00165558,221,41,180
E00165559,294,49,245
E00165560,263,41,222
E00165561,281,29,252
E00165562,273,39,234
E00165563,265,33,232
E00165564,359,41,318
E00165565,243,29,214
E00165566,253,29,224
E00165567,540,106,434
E00165568,223,22,201
E00165569,343,51,292
E00165570,271,39,232
E00165571,266,44,222
E00165572,203,30,173
E00165573,245,20,225
E00165574,263,70,193
E00165575,291,30,261
E00165576,255,37,218
E00165577,232,17,215
E00165578,266,49,217
E00165579,298,42,256
E00165580,289,26,263
E00165581,276,42,234
E00165582,285,38,247
E00165583,243,18,225
E00165584,270,37,233
E00165585,319,82,237
E00165586,272,36,236
E00165587,276,28,248
E00165588,279,49,230
E00165589,188,22,166
E00165590,316,84,232
E00165591,308,79,229
E00165592,202,35,167
E00165593,286,70,216
E00165594,209,45,164
E00165595,301,65,236
E00165596,259,23,236
E00165597,337,56,281
E00165598,239,58,181
E00165599,327,100,227
E00165600,343,119,224
E00165601,241,46,195
E00165602,493,109,384
E00165603,285,57,228
E00165605,369,77,292
E00165606,294,54,240
E00165607,279,69,210
E00165608,307,82,225
E00165609,358,85,273
E00165610,385,81,304
E00165611,298,38,260
E00165612,277,41,236
E00165613,365,51,314
E00165614,321,39,282
E00165615,311,35,276
E00165616,345,42,303
E00165617,334,81,253
E00165618,333,49,284
E00165619,336,83,253
E00165620,371,57,314
E00165621,279,45,234
E00165622,263,49,214
E00165623,322,75,247
E00165624,300,50,250
E00165625,297,49,248
E00165626,222,35,187
E00165627,282,45,237
E00165628,233,31,202
E00165629,283,54,229
E00165630,259,24,235
E00165631,310,73,237
E00165632,302,68,234
E00165633,450,79,371
E00165634,297,46,251
E00165635,282,47,235
E00165636,269,42,227
E00165637,287,47,240
E00165638,302,36,266
E00165639,256,52,204
E00165640,355,47,308
E00165641,269,41,228
E00165642,316,59,257
E00165643,352,60,292
E00165644,267,40,227
E00165645,527,82,445
E00165646,142,9,133
E00165647,495,57,438
E00165648,278,44,234
E00165649,269,41,228
E00165650,268,36,232
E00165651,353,71,282
E00165652,445,54,391
E00165653,268,48,220
E00165654,335,47,288
E00165655,231,38,193
E00165656,278,34,244
E00165657,277,70,207
E00165658,359,69,290
E00165659,292,52,240
E00165660,251,22,229
E00165661,259,40,219
E00165662,249,39,210
E00165663,354,19,335
E00165664,248,33,215
E00165665,301,48,253
E00165666,394,72,322
E00165667,181,30,151
E00165669,131,17,114
E00165671,350,76,274
E00165672,296,54,242
E00165673,182,29,153
E00165674,270,61,209
E00165675,187,53,134
E00165676,298,36,262
E00165677,403,62,341
E00165678,199,72,127
E00165679,298,53,245
E00165680,475,87,388
E00165681,335,77,258
E00165682,210,46,164
E00165683,336,69,267
E00165684,334,55,279
E00165685,247,59,188
E00165686,264,46,218
E00165687,324,31,293
E00165688,179,48,131
E00165689,146,31,115
E00165690,302,50,252
E00165691,453,99,354
E00165692,274,83,191
E00165693,322,49,273
E00165694,350,65,285
E00165695,380,58,322
E00165696,222,37,185
E00165699,236,56,180
E00165700,248,50,198
E00165701,338,67,271
E00165702,224,31,193
E00165703,245,39,206
E00165704,412,75,337
E00165705,219,62,157
E00165706,246,52,194
E00165707,361,76,285
E00165708,164,38,126
E00165709,506,107,399
E00165710,192,47,145
E00165711,209,50,159
E00165712,486,95,391
E00165713,175,32,143
E00165714,137,27,110
E00165715,371,56,315
E00165716,290,58,232
E00165717,137,13,124
E00165718,328,29,299
E00165719,206,30,176
E00165720,282,59,223
E00165721,155,35,120
E00165722,338,82,256
E00165723,200,38,162
E00165724,320,45,275
E00165725,171,24,147
E00165726,415,79,336
E00165727,152,28,124
E00165729,280,30,250
E00165730,439,79,360
E00165731,210,37,173
E00165733,504,113,391
E00165735,367,86,281
E00165736,490,85,405
E00165738,270,52,218
E00165739,405,68,337
E00165740,266,64,202
E00165741,478,110,368
E00165742,426,103,323
E00165743,460,147,313
E00165745,268,47,221
E00165746,266,55,211
E00165747,162,39,123
E00165748,410,69,341
E00165749,135,21,114
E00165750,177,49,128
E00165751,255,41,214
E00165752,173,30,143
E00165754,407,94,313
E00165755,390,98,292
E00165756,441,87,354
E00165757,192,31,161
E00165758,140,21,119
E00165759,204,33,171
E00165760,241,23,218
E00165762,344,61,283
E00165763,256,69,187
E00165764,472,97,375
E00165765,333,64,269
E00165766,440,85,355
E00165767,140,13,127
E00165768,276,37,239
E00165770,160,11,149
E00165771,451,177,274
E00165772,136,40,96
E00165774,466,103,363
E00165775,216,13,203
E00165776,322,69,253
E00165777,358,77,281
E00165778,220,64,156
E00165779,325,36,289
E00165780,337,88,249
E00165781,216,29,187
E00165782,205,58,147
E00165783,281,82,199
E00165784,375,65,310
E00165785,209,63,146
E00165786,189,42,147
E00165787,323,85,238
E00165788,240,46,194
E00165789,225,34,191
E00165790,258,76,182
E00165791,265,48,217
E00165792,322,55,267
E00165793,241,64,177
E00165794,351,112,239
E00165795,303,30,273
E00165796,303,51,252
E00165797,236,37,199
E00165798,345,78,267
E00165799,382,106,276
E00165800,417,126,291
E00165801,357,71,286
E00165802,285,56,229
E00165805,258,100,158
E00165806,302,95,207
E00165807,141,15,126
E00165808,286,73,213
E00165809,354,80,274
E00165810,260,30,230
E00165811,157,21,136
E00165813,466,136,330
E00165814,314,45,269
E00165815,385,73,312
E00165816,597,123,474
E00165817,323,75,248
E00165818,518,84,434
E00165819,367,82,285
E00165820,349,53,296
E00165821,264,54,210
E00165822,360,61,299
E00165823,336,51,285
E00165824,259,51,208
E00165825,408,85,323
E00165826,244,55,189
E00165827,334,66,268
E00165828,248,42,206
E00165829,311,67,244
E00165830,342,91,251
E00165831,281,29,252
E00165832,283,43,240
E00165833,317,43,274
E00165834,304,59,245
E00165835,301,61,240
E00165836,248,50,198
E00165837,299,76,223
E00165838,196,39,157
E00165839,358,28,330
E00165840,440,58,382
E00165841,265,43,222
E00165842,247,26,221
E00165843,228,20,208
E00165844,309,49,260
E00165845,305,46,259
E00165846,267,20,247
E00165847,267,46,221
E00165848,300,67,233
E00165849,499,65,434
E00165851,314,49,265
E00165852,339,65,274
E00165853,410,89,321
E00165854,359,62,297
E00165855,367,46,321
E00165856,271,41,230
E00165857,118,19,99
E00165858,236,49,187
E00165859,305,53,252
E00165860,309,58,251
E00165861,255,51,204
E00165862,381,209,172
E00165863,100,13,87
E00165864,284,50,234
E00165865,298,87,211
E00165866,946,808,138
E00165867,209,39,170
E00165868,195,46,149
E00165869,324,56,268
E00165870,206,32,174
E00165871,270,59,211
E00165872,244,42,202
E00165873,337,84,253
E00165874,290,80,210
E00165875,267,63,204
E00165876,240,27,213
E00165877,252,61,191
E00165878,269,79,190
E00165880,208,48,160
E00165881,168,37,131
E00165882,293,70,223
E00165883,317,61,256
E00165884,177,36,141
E00165885,212,42,170
E00165886,295,38,257
E00165887,227,15,212
E00165888,507,135,372
E00165889,153,27,126
E00165890,148,18,130
E00165891,532,84,448
E00165892,165,37,128
E00165893,273,74,199
E00165895,389,84,305
E00165896,267,49,218
E00165897,330,69,261
E00165898,322,69,253
E00165899,313,65,248
E00165900,764,21,743
E00165901,182,23,159
E00165902,313,75,238
E00165903,277,35,242
E00165904,296,52,244
E00165905,147,25,122
E00165906,828,66,762
E00165907,237,58,179
E00165908,270,54,216
E00165909,298,67,231
E00165910,325,49,276
E00165911,304,36,268
E00165912,300,58,242
E00165913,337,53,284
E00165914,267,51,216
E00165915,243,60,183
E00165916,236,56,180
E00165917,396,202,194
E00165918,399,115,284
E00165919,276,45,231
E00165920,266,48,218
E00165921,339,90,249
E00165922,269,65,204
E00165923,248,77,171
E00165924,195,7,188
E00165925,336,93,243
E00165926,319,82,237
E00165928,324,44,280
E00165929,278,36,242
E00165930,320,71,249
E00165932,345,66,279
E00165933,278,86,192
E00165934,286,35,251
E00165935,178,19,159
E00165936,264,54,210
E00165937,192,52,140
E00165938,305,51,254
E00165940,283,48,235
E00165941,297,56,241
E00165943,273,84,189
E00165945,325,89,236
E00165946,308,91,217
E00165949,186,16,170
E00165950,184,17,167
E00165951,304,38,266
E00165953,273,73,200
E00165956,236,59,177
E00165958,279,56,223
E00165959,314,80,234
E00165964,265,60,205
E00165969,180,29,151
E00165971,264,49,215
E00165972,280,77,203
E00165974,335,86,249
E00165975,446,96,350
E00165977,404,53,351
E00165979,270,67,203
E00165980,232,45,187
E00165982,420,84,336
E00165984,254,58,196
E00165986,322,72,250
E00165987,299,80,219
E00165988,269,27,242
E00165991,298,51,247
E00165992,275,65,210
E00165993,514,128,386
E00165995,255,64,191
E00165997,297,76,221
E00165998,290,70,220
E00165999,254,53,201
E00166000,255,60,195
E00166001,992,26,966
E00166002,259,54,205
E00166003,278,52,226
E00166004,286,74,212
E00166005,159,14,145
E00166006,331,86,245
E00166007,336,74,262
E00166008,347,93,254
E00166009,246,43,203
E00166010,190,31,159
E00166011,237,52,185
E00166012,221,34,187
E00166013,376,105,271
E00166014,357,99,258
E00166015,199,39,160
E00166016,446,78,368
E00166017,211,44,167
E00166018,438,46,392
E00166020,197,24,173
E00166023,187,45,142
E00166024,291,59,232
E00166026,364,91,273
E00166029,328,103,225
E00166031,298,63,235
E00166032,334,121,213
E00166034,335,75,260
E00166036,313,61,252
E00166037,177,32,145
E00166039,297,44,253
E00166040,302,83,219
E00166042,260,77,183
E00166044,560,142,418
E00166047,426,72,354
E00166049,146,19,127
E00166050,325,65,260
E00166052,369,107,262
E00166055,355,95,260
E00166057,282,94,188
E00166058,218,68,150
E00166060,351,73,278
E00166062,140,34,106
E00166063,308,104,204
E00166065,313,69,244
E00166066,211,28,183
E00166068,247,28,219
E00166070,348,93,255
E00166071,266,67,199
E00166073,142,19,123
E00166075,377,92,285
E00166076,562,137,425
E00166077,243,34,209
E00166078,336,38,298
E00166079,375,125,250
E00166080,624,483,141
E00166081,107,17,90
E00166082,308,48,260
E00166083,291,52,239
E00166084,276,42,234
E00166085,218,38,180
E00166087,138,13,125
E00166088,264,41,223
E00166089,138,18,120
E00166090,250,55,195
E00166091,252,86,166
E00166092,247,48,199
E00166093,275,40,235
E00166094,312,30,282
E00166095,254,46,208
E00166097,395,48,347
E00166098,320,69,251
E00166099,223,37,186
E00166100,328,51,277
E00166101,351,56,295
E00166102,199,60,139
E00166104,347,88,259
E00166105,264,64,200
E00166107,252,34,218
E00166109,203,26,177
E00166110,377,104,273
E00166112,286,45,241
E00166114,362,85,277
E00166115,337,79,258
E00166117,472,92,380
E00166118,310,85,225
E00166120,219,38,181
E00166122,256,66,190
E00166123,188,54,134
E00166125,360,90,270
E00166128,346,85,261
E00166130,284,74,210
E00166131,345,81,264
E00166133,230,37,193
E00166135,185,20,165
E00166136,221,25,196
E00166138,246,26,220
E00166140,244,31,213
E00166141,259,49,210
E00166143,410,90,320
E00166144,280,66,214
E00166146,277,66,211
E00166148,217,36,181
E00166149,193,49,144
E00166151,224,54,170
E00166153,163,24,139
E00166154,100,5,95
E00166156,291,48,243
E00166157,450,125,325
E00166161,226,28,198
E00166162,362,90,272
E00166164,222,44,178
E00166166,384,89,295
E00166167,312,50,262
E00166169,483,159,324
E00166170,97,15,82
E00166172,202,41,161
E00166174,147,23,124
E00166175,201,43,158
E00166179,473,107,366
E00166180,815,719,96
E00166182,409,222,187
E00166183,110,42,68
E00166185,209,75,134
E00166187,198,43,155
E00166188,138,31,107
E00166190,227,35,192
E00166192,165,23,142
E00166195,157,15,142
E00166196,177,19,158
E00166198,130,15,115
E00166200,189,25,164
E00166201,400,162,238
E00166208,418,201,217
E00166209,171,85,86
E00166211,211,114,97
E00166213,129,43,86
E00166214,287,53,234
E00166216,328,54,274
E00166221,301,38,263
E00166224,232,46,186
E00166226,337,67,270
E00166227,188,37,151
E00166229,264,56,208
E00166231,269,62,207
E00166232,201,24,177
E00166234,293,69,224
E00166235,248,45,203
E00166237,279,79,200
E00166239,277,56,221
E00166240,309,72,237
E00166242,250,50,200
E00166244,289,70,219
E00166245,270,72,198
E00166247,305,74,231
E00166248,247,76,171
E00166250,201,48,153
E00166252,286,82,204
E00166253,276,74,202
E00166255,438,127,311
E00166257,278,70,208
E00166258,324,82,242
E00166259,335,99,236
E00166260,235,52,183
E00166261,269,53,216
E00166262,243,60,183
E00166263,332,96,236
E00166264,310,86,224
E00166265,255,70,185
E00166266,410,127,283
E00166269,275,62,213
E00166270,298,77,221
E00166271,259,68,191
E00166272,429,93,336
E00166273,135,16,119
E00166274,114,2,112
E00166275,173,27,146
E00166276,136,7,129
E00166277,212,19,193
E00166279,244,24,220
E00166280,391,57,334
E00166281,308,72,236
E00166282,143,16,127
E00166284,300,92,208
E00166285,343,106,237
E00166286,388,44,344
E00166287,267,67,200
E00166288,295,81,214
E00166289,316,82,234
E00166290,273,77,196
E00166291,292,60,232
E00166292,267,54,213
E00166293,234,24,210
E00166294,241,55,186
E00166296,306,75,231
E00166297,508,172,336
E00166299,348,108,240
E00166300,290,70,220
E00166301,335,56,279
E00166302,350,118,232
E00166303,205,27,178
E00166304,234,35,199
E00166305,380,110,270
E00166306,249,50,199
E00166307,183,10,173
E00166309,280,69,211
E00166310,261,58,203
E00166311,276,87,189
E00166312,168,45,123
E00166313,255,73,182
E00166314,224,49,175
E00166315,288,45,243
E00166316,280,66,214
E00166317,269,65,204
E00166318,269,62,207
E00166319,132,22,110
E00166320,226,35,191
E00166322,335,73,262
E00166324,244,20,224
E00166325,358,100,258
E00166326,272,75,197
E00166327,519,125,394
E00166328,180,35,145
E00166329,122,31,91
E00166330,325,55,270
E00166331,125,14,111
E00166333,181,38,143
E00166334,302,64,238
E00166335,185,43,142
E00166336,190,18,172
E00166337,306,49,257
E00166338,198,38,160
E00166339,264,68,196
E00166340,199,20,179
E00166341,281,66,215
E00166342,251,23,228
E00166343,270,52,218
E00166344,375,119,256
E00166345,265,51,214
E00166346,257,57,200
E00166347,272,70,202
E00166348,277,64,213
E00166349,148,17,131
E00166350,103,18,85
E00166351,346,85,261
E00166352,207,24,183
E00166353,287,64,223
E00166354,208,40,168
E00166355,307,71,236
E00166356,264,64,200
E00166357,247,33,214
E00166358,298,74,224
E00166359,356,81,275
E00166360,270,43,227
E00166361,249,39,210
E00166362,219,41,178
E00166363,317,71,246
E00166364,295,75,220
E00166365,268,67,201
E00166366,253,36,217
E00166367,323,97,226
E00166368,280,63,217
E00166369,304,78,226
E00166370,223,44,179
E00166371,273,49,224
E00166372,245,45,200
E00166373,219,20,199
E00166374,252,59,193
E00166375,283,24,259
E00166376,290,37,253
E00166377,242,21,221
E00166378,248,27,221
E00166379,332,83,249
E00166380,215,31,184
E00166381,1124,987,137
E00166382,145,14,131
E00166385,350,60,290
E00166386,187,13,174
E00166387,161,12,149
E00166388,282,66,216
E00166390,242,84,158
E00166391,495,66,429
E00166392,404,254,150
E00166393,302,90,212
E00166395,315,100,215
E00166396,196,28,168
E00166397,340,72,268
E00166398,270,49,221
E00166399,289,82,207
E00166400,223,28,195
E00166401,207,30,177
E00166402,302,79,223
E00166403,359,109,250
E00166404,209,42,167
E00166405,278,82,196
E00166406,377,114,263
E00166407,572,160,412
E00166408,223,33,190
E00166409,324,71,253
E00166410,303,74,229
E00166411,316,72,244
E00166412,328,82,246
E00166413,194,50,144
E00166415,302,70,232
E00166416,299,73,226
E00166417,234,35,199
E00166419,232,72,160
E00166420,195,47,148
E00166421,167,41,126
E00166422,180,30,150
E00166424,790,134,656
E00166425,144,61,83
E00166427,185,63,122
E00166430,142,43,99
E00166431,277,34,243
E00166432,507,111,396
E00166433,287,67,220
E00166434,124,16,108
E00166435,217,23,194
E00166436,411,88,323
E00166437,241,22,219
E00166438,212,15,197
E00166439,202,70,132
E00166440,178,68,110
E00166441,313,81,232
E00166442,264,72,192
E00166443,324,84,240
E00166444,212,52,160
E00166445,298,74,224
E00166446,214,41,173
E00166448,235,35,200
E00166449,278,60,218
E00166452,448,128,320
E00166453,562,141,421
E00166454,312,62,250
E00166455,354,84,270
E00166456,351,84,267
E00166457,131,32,99
E00166459,263,43,220
E00166460,132,20,112
E00166461,289,43,246
E00166463,287,50,237
E00166464,399,48,351
E00166465,397,39,358
E00166467,265,36,229
E00166468,126,40,86
E00166469,265,93,172
E00166470,143,27,116
E00166471,172,50,122
E00166472,210,54,156
E00166473,153,35,118
E00166474,211,61,150
E00166475,256,65,191
E00166476,287,62,225
E00166477,192,16,176
E00166478,197,27,170
E00166479,320,83,237
E00166480,233,26,207
E00166481,225,38,187
E00166482,297,56,241
E00166483,310,68,242
E00166485,430,121,309
E00166487,343,82,261
E00166488,339,83,256
E00166489,431,110,321
E00166490,353,94,259
E00166491,162,14,148
E00166492,333,31,302
E00166494,284,32,252
E00166495,277,62,215
E00166496,274,56,218
E00166497,288,62,226
E00166498,277,50,227
E00166499,260,46,214
E00166500,243,50,193
E00166501,232,45,187
E00166502,240,41,199
E00166503,374,98,276
E00166504,404,57,347
E00166505,321,56,265
E00166506,171,26,145
E00166507,321,111,210
E00166508,215,13,202
E00166509,186,38,148
E00166510,118,15,103
E00166511,319,89,230
E00166512,286,80,206
E00166513,263,49,214
E00166514,202,25,177
E00166515,200,26,174
E00166516,302,79,223
E00166517,211,33,178
E00166518,353,81,272
E00166519,386,134,252
E00166520,394,106,288
E00166521,239,62,177
E00166522,100,25,75
E00166523,160,31,129
E00166524,128,22,106
E00166525,410,103,307
E00166526,190,32,158
E00166527,215,55,160
E00166528,123,26,97
E00166529,263,77,186
E00166530,227,51,176
E00166531,310,59,251
E00166532,162,39,123
E00166533,227,66,161
E00166534,310,91,219
E00166535,557,145,412
E00166537,271,61,210
E00166538,210,42,168
E00166539,315,90,225
E00166540,215,53,162
E00166541,303,92,211
E00166542,314,93,221
E00166543,259,88,171
E00166544,111,29,82
E00166545,222,47,175
E00166546,271,39,232
E00166547,124,33,91
E00166548,280,89,191
E00166549,318,83,235
E00166550,308,83,225
E00166551,469,148,321
E00166552,234,56,178
E00166553,245,56,189
E00166554,137,31,106
E00166555,155,41,114
E00166556,287,83,204
E00166557,225,67,158
E00166558,118,20,98
E00166559,132,25,107
E00166560,245,23,222
E00166561,185,53,132
E00166562,317,71,246
E00166563,341,100,241
E00166564,189,51,138
E00166565,225,68,157
E00166566,149,49,100
E00166568,184,46,138
E00166569,131,28,103
E00166570,282,79,203
E00166571,274,63,211
E00166572,340,82,258
E00166573,307,77,230
E00166574,290,77,213
E00166575,267,69,198
E00166576,99,25,74
E00166577,232,61,171
E00166578,116,25,91
E00166579,151,49,102
E00166580,168,43,125
E00166581,209,50,159
E00166582,110,27,83
E00166583,179,53,126
E00166584,134,26,108
E00166585,230,80,150
E00166586,186,41,145
E00166587,182,46,136
E00166588,116,30,86
E00166589,309,77,232
E00166590,219,56,163
E00166591,184,34,150
E00166592,158,44,114
E00166593,529,67,462
E00166595,282,65,217
E00166596,221,29,192
E00166598,208,37,171
E00166599,202,83,119
E00166601,1106,62,1044
E00166602,368,164,204
E00166604,349,98,251
E00166605,324,80,244
E00166609,378,74,304
E00166610,391,32,359
E00166612,321,71,250
E00166613,291,79,212
E00166615,270,49,221
E00166616,306,59,247
E00166618,309,52,257
E00166619,131,19,112
E00166621,203,28,175
E00166623,350,95,255
E00166624,196,42,154
E00166626,240,63,177
E00166627,100,16,84
E00166629,276,129,147
E00166630,523,420,103
E00166632,502,364,138
E00166633,470,368,102
E00166635,155,18,137
E00166638,252,77,175
E00166640,161,27,134
E00166641,193,11,182
E00166643,216,25,191
E00166644,214,62,152
E00166649,553,163,390
E00166650,222,43,179
E00166651,324,78,246
E00166652,203,41,162
E00166653,243,46,197
E00166654,215,45,170
E00166655,305,62,243
E00166656,244,52,192
E00166657,246,54,192
E00166658,141,14,127
E00166660,1044,827,217
E00166662,226,7,219
E00166663,230,3,227
E00166664,221,26,195
E00166665,144,43,101
E00166666,279,80,199
E00166667,314,88,226
E00166668,367,98,269
E00166669,211,44,167
E00166670,291,66,225
E00166671,264,51,213
E00166672,230,58,172
E00166673,275,59,216
E00166674,121,26,95
E00166675,167,4,163
E00166676,168,30,138
E00166678,303,58,245
E00166679,406,102,304
E00166680,558,126,432
E00166681,292,52,240
E00166682,576,156,420
E00166683,124,14,110
E00166684,155,38,117
E00166685,235,51,184
E00166686,208,42,166
E00166687,299,64,235
E00166688,438,116,322
E00166690,439,62,377
E00166691,407,103,304
E00166692,382,97,285
E00166693,248,83,165
E00166694,175,60,115
E00166695,358,87,271
E00166696,309,77,232
E00166697,409,111,298
E00166699,300,90,210
E00166700,187,42,145
E00166701,335,81,254
E00166702,354,108,246
E00166703,366,91,275
E00166704,396,129,267
E00166705,389,135,254
E00166706,237,67,170
E00166708,317,88,229
E00166709,484,113,371
E00166710,252,65,187
E00166711,371,97,274
E00166712,269,87,182
E00166714,207,36,171
E00166715,384,127,257
E00166716,314,65,249
E00166717,478,144,334
E00166718,502,146,356
E00166719,293,69,224
E00166720,245,57,188
E00166721,532,404,128
E00166722,319,68,251
E00166723,320,43,277
E00166724,211,24,187
E00166726,1684,1356,328
E00166727,528,116,412
E00166728,380,81,299
E00166729,373,90,283
E00166730,239,40,199
E00166731,267,26,241
E00166732,120,1,119
E00166733,240,40,200
E00166734,507,89,418
E00166735,373,36,337
E00166737,309,95,214
E00166738,420,49,371
E00166740,167,4,163
E00166741,185,43,142
E00166743,520,106,414
E00166746,136,24,112
E00166748,308,64,244
E00166751,216,48,168
E00166752,261,58,203
E00166754,291,75,216
E00166755,345,67,278
E00166756,267,40,227
E00166757,387,32,355
E00166760,239,38,201
E00166761,234,50,184
E00166762,327,96,231
E00166763,285,109,176
E00166764,429,202,227
E00166765,206,78,128
E00166766,299,106,193
E00166768,226,54,172
E00166769,398,85,313
E00166770,209,67,142
E00166771,165,45,120
E00166773,301,48,253
E00166774,269,42,227
E00166775,265,42,223
E00166776,168,40,128
E00166777,209,14,195
E00166778,326,52,274
E00166779,117,28,89
E00166780,318,70,248
E00166782,153,17,136
E00166786,278,54,224
E00166789,198,49,149
E00166790,232,75,157
E00166791,223,49,174
E00166792,216,58,158
E00166793,355,84,271
E00166794,150,18,132
E00166796,220,55,165
E00166797,390,44,346
E00166802,494,102,392
E00166804,209,34,175
E00166805,247,72,175
E00166807,296,61,235
E00166808,261,72,189
E00166810,271,62,209
E00166811,329,88,241
E00166814,269,61,208
E00166816,420,153,267
E00166817,564,165,399
E00166818,552,151,401
E00166819,414,88,326
E00166820,336,91,245
E00166821,536,131,405
E00166823,209,31,178
E00166824,294,48,246
E00166825,200,41,159
E00166826,170,42,128
E00166830,205,48,157
E00166831,206,20,186
E00166832,134,15,119
E00166833,265,65,200
E00166834,265,57,208
E00166835,461,76,385
E00166836,181,6,175
E00166837,247,37,210
E00166838,118,29,89
E00166839,219,30,189
E00166840,166,47,119
E00166841,328,66,262
E00166842,253,78,175
E00166843,264,82,182
E00166844,425,120,305
E00166845,253,48,205
E00166847,436,122,314
E00166848,499,128,371
E00166850,297,50,247
E00166851,484,139,345
E00166852,248,46,202
E00166853,158,21,137
E00166855,251,58,193
E00166857,478,98,380
E00166858,216,56,160
E00166859,216,50,166
E00166860,296,53,243
E00166861,313,69,244
E00166862,435,92,343
E00166863,273,58,215
E00166865,529,164,365
E00166866,130,22,108
E00166867,131,23,108
E00166869,502,121,381
E00166870,182,45,137
E00166872,580,143,437
E00166874,324,73,251
E00166875,338,97,241
E00166878,259,54,205
E00166880,353,96,257
E00166881,330,78,252
E00166883,297,73,224
E00166884,386,104,282
E00166886,408,102,306
E00166888,425,103,322
E00166889,233,31,202
E00166891,252,67,185
E00166892,277,80,197
E00166894,271,77,194
E00166895,385,135,250
E00166897,309,75,234
E00166898,405,111,294
E00166900,338,82,256
E00166902,414,97,317
E00166903,344,118,226
E00166905,190,23,167
E00166906,289,72,217
E00166908,407,98,309
E00166909,327,72,255
E00166911,402,116,286
E00166912,340,87,253
E00166914,335,67,268
E00166916,376,101,275
E00166917,198,44,154
E00166919,229,56,173
E00166920,234,47,187
E00166922,185,16,169
E00166925,166,13,153
E00166926,387,81,306
E00166928,380,65,315
E00166930,327,67,260
E00166931,104,19,85
E00166933,265,46,219
E00166934,240,49,191
E00166936,190,42,148
E00166937,246,42,204
E00166939,313,59,254
E00166940,286,44,242
E00166942,114,21,93
E00166944,272,37,235
E00166945,136,12,124
E00166947,289,95,194
E00166948,348,21,327
E00166950,519,438,81
E00166951,553,396,157
E00166953,258,80,178
E00166954,128,18,110
E00166956,249,49,200
E00166958,232,113,119
E00166959,566,265,301
E00166961,280,82,198
E00166962,216,70,146
E00166964,229,26,203
E00166965,259,70,189
E00166967,133,21,112
E00166968,274,28,246
E00166970,289,58,231
E00166972,318,55,263
E00166973,212,36,176
E00166975,255,34,221
E00166981,193,38,155
E00166982,191,22,169
E00166986,234,54,180
E00166989,450,312,138
E00166992,277,48,229
E00166995,96,15,81
E00166996,560,383,177
E00166998,144,14,130
E00167000,210,32,178
E00167004,297,30,267
E00167007,140,10,130
E00167009,136,79,57
E00167010,177,22,155
E00167012,202,26,176
E00167014,578,310,268
E00167015,250,85,165
E00167017,142,22,120
E00167018,230,28,202
E00167020,266,70,196
E00167021,169,20,149
E00167023,221,58,163
E00167024,140,33,107
E00167026,194,14,180
E00167028,203,33,170
E00167029,152,24,128
E00167030,397,97,300
E00167033,399,86,313
E00167034,407,96,311
E00167035,288,69,219
E00167036,197,30,167
E00167037,240,50,190
E00167038,147,34,113
E00167039,206,53,153
E00167040,330,72,258
E00167042,352,87,265
E00167043,308,72,236
E00167044,262,62,200
E00167045,313,68,245
E00167046,340,58,282
E00167047,339,107,232
E00167048,420,108,312
E00167049,282,64,218
E00167050,240,36,204
E00167051,385,114,271
E00167052,170,20,150
E00167053,305,56,249
E00167054,221,66,155
E00167055,208,45,163
E00167056,169,25,144
E00167057,155,39,116
E00167058,280,87,193
E00167060,267,81,186
E00167061,187,35,152
E00167062,282,91,191
E00167063,133,50,83
E00167064,159,57,102
E00167065,215,35,180
E00167066,280,85,195
E00167068,174,31,143
E00167069,178,32,146
E00167070,422,85,337
E00167071,268,46,222
E00167072,250,43,207
E00167075,3747,3566,181
E00167076,512,461,51
E00167077,471,373,98
E00167079,227,36,191
E00167080,362,113,249
E00167081,244,35,209
E00167085,424,70,354
E00167087,339,40,299
E00167088,209,29,180
E00167089,296,32,264
E00167090,552,181,371
E00167091,196,35,161
E00167092,410,52,358
E00167094,263,47,216
E00167095,279,61,218
E00167098,103,16,87
E00167099,251,36,215
E00167100,331,44,287
E00167101,260,17,243
E00167102,545,246,299
E00167103,199,6,193
E00167104,195,19,176
E00167105,419,123,296
E00167106,292,28,264
E00167107,238,22,216
E00167110,475,130,345
E00167111,269,32,237
E00167113,440,119,321
E00167114,396,103,293
E00167116,290,55,235
E00167118,225,25,200
E00167119,281,54,227
E00167121,407,66,341
E00167122,220,22,198
E00167123,280,73,207
E00167124,263,36,227
E00167125,150,18,132
E00167126,312,45,267
E00167128,253,82,171
E00167131,125,14,111
E00167133,171,52,119
E00167134,223,18,205
E00167135,288,43,245
E00167136,294,72,222
E00167137,208,25,183
E00167142,505,70,435
E00167143,298,85,213
E00167144,132,25,107
E00167145,157,13,144
E00167146,330,45,285
E00167147,350,141,209
E00167148,174,16,158
E00167149,394,50,344
E00167151,352,34,318
E00167152,394,57,337
E00167154,587,70,517
E00167157,270,28,242
E00167158,256,17,239
E00167159,265,57,208
E00167161,306,91,215
E00167162,343,31,312
E00167163,246,73,173
E00167164,115,36,79
E00167165,234,19,215
E00167166,283,81,202
E00167168,318,114,204
E00167169,272,71,201
E00167170,159,19,140
E00167171,341,68,273
E00167172,226,16,210
E00167173,416,105,311
E00167174,195,17,178
E00167175,218,22,196
E00167178,310,70,240
E00167179,191,16,175
E00167181,135,40,95
E00167182,168,46,122
E00167183,119,8,111
E00167184,221,31,190
E00167185,450,59,391
E00167186,372,87,285
E00167187,503,125,378
E00167189,264,44,220
E00167190,206,39,167
E00167191,209,23,186
E00167192,208,32,176
E00167193,284,42,242
E00167194,269,77,192
E00167195,245,31,214
E00167196,229,39,190
E00167197,223,33,190
E00167198,497,139,358
E00167200,311,22,289
E00167201,309,85,224
E00167202,228,59,169
E00167204,204,12,192
E00167205,322,100,222
E00167206,367,124,243
E00167207,304,91,213
E00167210,123,13,110
E00167212,557,189,368
E00167213,361,103,258
E00167214,348,77,271
E00167216,352,109,243
E00167217,247,70,177
E00167218,369,103,266
E00167219,505,164,341
E00167220,409,104,305
E00167221,458,129,329
E00167222,291,92,199
E00167224,206,72,134
E00167225,355,136,219
E00167226,207,18,189
E00167227,272,42,230
E00167228,202,63,139
E00167229,370,128,242
E00167230,193,29,164
E00167231,249,63,186
E00167233,254,61,193
E00167234,426,125,301
E00167236,177,19,158
E00167237,174,12,162
E00167238,281,79,202
E00167239,358,127,231
E00167241,413,139,274
E00167244,344,28,316
E00167245,244,41,203
E00167246,194,38,156
E00167247,130,9,121
E00167248,502,54,448
E00167249,364,45,319
E00167250,266,119,147
E00167252,334,91,243
E00167253,298,101,197
E00167256,254,51,203
E00167257,448,138,310
E00167258,496,121,375
E00167260,424,98,326
E00167261,375,78,297
E00167262,107,19,88
E00167263,164,9,155
E00167264,466,96,370
E00167267,273,62,211
E00167268,312,55,257
E00167269,260,78,182
E00167270,99,26,73
E00167271,259,34,225
E00167272,307,133,174
E00167273,178,39,139
E00167274,175,29,146
E00167276,348,51,297
E00167277,187,35,152
E00167278,190,35,155
E00167279,231,67,164
E00167280,195,47,148
E00167281,314,53,261
E00167282,262,74,188
E00167283,315,103,212
E00167284,254,78,176
E00167285,467,132,335
E00167286,306,59,247
E00167287,196,26,170
E00167288,297,88,209
E00167289,155,16,139
E00167290,222,41,181
E00167291,192,31,161
E00167292,151,4,147
E00167294,116,16,100
E00167295,269,57,212
E00167296,145,33,112
E00167297,271,36,235
E00167298,194,45,149
E00167300,227,39,188
E00167301,306,39,267
E00167304,424,91,333
E00167306,178,42,136
E00167307,229,26,203
E00167309,301,49,252
E00167311,228,24,204
E00167312,143,11,132
E00167314,199,17,182
E00167315,270,79,191
E00167318,445,322,123
E00167320,191,23,168
E00167321,325,95,230
E00167325,190,65,125
E00167326,302,44,258
E00167328,438,157,281
E00167329,373,137,236
E00167331,332,67,265
E00167332,322,70,252
E00167334,199,63,136
E00167335,175,18,157
E00167337,363,88,275
E00167339,213,51,162
E00167340,297,93,204
E00167342,363,84,279
E00167343,186,45,141
E00167345,268,90,178
E00167346,255,57,198
E00167348,582,161,421
E00167349,309,68,241
E00167351,412,94,318
E00167353,428,208,220
E00167354,206,75,131
E00167356,739,618,121
E00167357,203,76,127
E00167359,407,279,128
E00167360,264,43,221
E00167362,219,65,154
E00167363,124,16,108
E00167365,257,82,175
E00167367,454,117,337
E00167368,225,56,169
E00167371,211,42,169
E00167373,205,51,154
E00167374,616,160,456
E00167379,265,46,219
E00167381,306,111,195
E00167382,203,41,162
E00167383,281,48,233
E00167385,372,62,310
E00167386,303,113,190
E00167388,336,101,235
E00167389,278,85,193
E00167390,343,82,261
E00167391,187,36,151
E00167392,247,61,186
E00167393,219,34,185
E00167394,238,75,163
E00167395,355,80,275
E00167396,509,91,418
E00167397,495,106,389
E00167398,296,64,232
E00167399,301,34,267
E00167402,498,90,408
E00167403,336,83,253
E00167404,327,99,228
E00167406,517,161,356
E00167407,105,19,86
E00167408,266,55,211
E00167409,121,29,92
E00167410,262,54,208
E00167411,190,50,140
E00167412,283,73,210
E00167413,349,100,249
E00167414,379,63,316
E00167415,298,96,202
E00167416,245,86,159
E00167417,288,66,222
E00167419,294,70,224
E00167420,958,74,884
E00167421,284,74,210
E00167422,341,97,244
E00167423,256,47,209
E00167424,304,67,237
E00167425,398,106,292
E00167426,247,71,176
E00167427,225,56,169
E00167428,351,90,261
E00167429,239,54,185
E00167430,284,52,232
E00167431,296,73,223
E00167432,187,22,165
E00167433,260,62,198
E00167435,246,39,207
E00167436,474,85,389
E00167437,270,55,215
E00167438,277,53,224
E00167439,173,6,167
E00167440,230,50,180
E00167441,257,54,203
E00167442,266,66,200
E00167443,238,57,181
E00167444,245,47,198
E00167446,311,69,242
E00167447,325,83,242
E00167448,201,36,165
E00167449,393,75,318
E00167450,330,125,205
E00167451,364,105,259
E00167452,208,39,169
E00167453,283,66,217
E00167454,338,95,243
E00167455,318,91,227
E00167456,563,178,385
E00167458,223,51,172
E00167459,269,76,193
E00167460,338,48,290
E00167461,360,60,300
E00167463,459,179,280
E00167464,202,23,179
E00167465,499,146,353
E00167466,250,68,182
E00167467,198,40,158
E00167469,304,69,235
E00167470,213,53,160
E00167471,361,63,298
E00167472,254,38,216
E00167473,301,71,230
E00167474,172,40,132
E00167475,320,46,274
E00167476,143,43,100
E00167477,189,10,179
E00167478,484,341,143
E00167479,181,16,165
E00167480,300,32,268
E00167481,210,51,159
E00167482,547,399,148
E00167483,274,33,241
E00167485,167,15,152
E00167487,277,45,232
E00167488,449,68,381
E00167489,252,21,231
E00167490,340,46,294
E00167491,388,69,319
E00167492,152,21,131
E00167494,260,61,199
E00167496,110,13,97
E00167497,319,51,268
E00167502,160,35,125
E00167503,134,41,93
E00167505,256,61,195
E00167506,207,36,171
E00167508,212,43,169
E00167510,184,43,141
E00167511,291,61,230
E00167513,242,29,213
E00167514,175,33,142
E00167516,227,61,166
E00167517,235,82,153
E00167519,179,7,172
E00167520,334,94,240
E00167521,309,75,234
E00167522,242,29,213
E00167523,404,78,326
E00167524,217,45,172
E00167525,169,84,85
E00167526,143,52,91
E00167527,254,70,184
E00167528,153,73,80
E00167529,327,72,255
E00167530,351,96,255
E00167531,253,65,188
E00167532,307,58,249
E00167533,166,115,51
E00167534,417,124,293
E00167535,356,95,261
E00167537,232,89,143
E00167538,161,34,127
E00167539,229,61,168
E00167540,167,61,106
E00167543,373,101,272
E00167544,384,108,276
E00167545,115,12,103
E00167546,165,31,134
E00167547,348,82,266
E00167548,290,44,246
E00167549,284,63,221
E00167550,352,95,257
E00167551,370,89,281
E00167552,305,83,222
E00167553,443,109,334
E00167554,424,303,121
E00167555,117,36,81
E00167557,4489,4362,127
E00167558,291,83,208
E00167559,210,51,159
E00167560,516,130,386
E00167561,270,67,203
E00167562,266,53,213
E00167563,272,64,208
E00167564,279,69,210
E00167565,234,32,202
E00167566,265,60,205
E00167567,493,127,366
E00167568,322,67,255
E00167569,317,53,264
E00167570,529,136,393
E00167571,375,96,279
E00167572,314,78,236
E00167573,315,88,227
E00167574,326,73,253
E00167575,422,98,324
E00167576,330,71,259
E00167577,188,27,161
E00167578,331,105,226
E00167579,340,95,245
E00167580,310,78,232
E00167581,262,58,204
E00167582,194,38,156
E00167583,286,81,205
E00167584,403,93,310
E00167586,127,28,99
E00167587,377,104,273
E00167588,432,79,353
E00167589,437,117,320
E00167590,230,46,184
E00167591,392,95,297
E00167592,405,120,285
E00167594,243,43,200
E00167597,292,71,221
E00167599,276,59,217
E00167600,358,62,296
E00167601,313,68,245
E00167603,210,47,163
E00167604,289,43,246
E00167606,302,56,246
E00167607,172,30,142
E00167610,349,116,233
E00167611,345,101,244
E00167612,314,99,215
E00167614,243,46,197
E00167615,405,114,291
E00167616,350,84,266
E00167617,287,65,222
E00167618,316,72,244
E00167619,359,71,288
E00167620,272,55,217
E00167621,324,63,261
E00167622,269,40,229
E00167623,383,51,332
E00167624,459,135,324
E00167625,354,51,303
E00167626,329,67,262
E00167627,439,130,309
E00167628,339,104,235
E00167629,514,139,375
E00167630,359,120,239
E00167631,143,44,99
E00167632,295,36,259
E00167633,528,416,112
E00167636,173,30,143
E00167637,352,116,236
E00167638,382,89,293
E00167639,276,38,238
E00167640,257,33,224
E00167641,510,130,380
E00167642,251,40,211
E00167643,108,6,102
E00167644,141,18,123
E00167645,197,24,173
E00167646,220,23,197
E00167647,204,8,196
E00167648,259,50,209
E00167649,281,57,224
E00167650,151,16,135
E00167651,171,27,144
E00167652,224,35,189
E00167653,202,16,186
E00167654,123,3,120
E00167655,227,41,186
E00167656,175,21,154
E00167657,176,31,145
E00167658,169,14,155
E00167659,150,2,148
E00167660,183,11,172
E00167661,316,70,246
E00167662,247,48,199
E00167663,255,60,195
E00167664,153,30,123
E00167665,279,62,217
E00167666,262,32,230
E00167667,240,31,209
E00167668,270,47,223
E00167669,213,15,198
E00167670,185,26,159
E00167671,341,245,96
E00167672,235,19,216
E00167673,414,103,311
E00167674,299,82,217
E00167675,280,70,210
E00167676,301,90,211
E00167678,151,17,134
E00167679,181,14,167
E00167681,123,14,109
E00167682,267,35,232
E00167684,273,69,204
E00167685,259,49,210
E00167687,304,47,257
E00167688,120,12,108
E00167689,476,92,384
E00167691,377,52,325
E00167692,347,47,300
E00167693,269,49,220
E00167694,290,56,234
E00167695,244,55,189
E00167696,298,71,227
E00167697,264,27,237
E00167698,251,50,201
E00167699,202,27,175
E00167700,245,43,202
E00167701,292,83,209
E00167702,285,79,206
E00167703,341,77,264
E00167704,250,73,177
E00167705,257,44,213
E00167706,246,56,190
E00167707,362,77,285
E00167708,346,60,286
E00167711,213,52,161
E00167713,282,29,253
E00167714,271,27,244
E00167715,109,13,96
E00167716,194,38,156
E00167717,348,79,269
E00167718,211,33,178
E00167719,295,56,239
E00167720,163,46,117
E00167721,207,36,171
E00167722,293,58,235
E00167723,205,36,169
E00167724,178,46,132
E00167726,314,57,257
E00167727,244,30,214
E00167728,599,102,497
E00167730,322,52,270
E00167731,320,78,242
E00167732,347,93,254
E00167733,299,55,244
E00167734,399,106,293
E00167735,427,82,345
E00167736,322,64,258
E00167737,301,71,230
E00167738,225,45,180
E00167739,435,250,185
E00167740,223,44,179
E00167741,316,61,255
E00167742,160,26,134
E00167744,200,32,168
E00167745,280,71,209
E00167746,237,39,198
E00167747,200,31,169
E00167748,180,11,169
E00167749,233,30,203
E00167750,333,56,277
E00167751,162,9,153
E00167752,233,73,160
E00167754,191,36,155
E00167755,228,38,190
E00167758,220,55,165
E00167762,276,54,222
E00167765,277,100,177
E00167766,277,53,224
E00167770,1701,100,1601
E00167771,112,24,88
E00167772,382,92,290
E00167773,411,105,306
E00167774,311,56,255
E00167775,308,81,227
E00167776,298,66,232
E00167777,277,57,220
E00167778,235,62,173
E00167781,227,25,202
E00167782,451,166,285
E00167783,106,31,75
E00167784,624,493,131
E00167787,357,75,282
E00167788,441,89,352
E00167789,392,52,340
E00167790,221,37,184
E00167791,183,16,167
E00167792,149,21,128
E00167793,182,50,132
E00167794,443,328,115
E00167795,216,70,146
E00167796,370,70,300
E00167797,177,24,153
E00167798,226,22,204
E00167799,295,39,256
E00167800,418,68,350
E00167801,271,45,226
E00167802,433,71,362
E00167803,261,52,209
E00167804,255,49,206
E00167805,354,77,277
E00167806,213,64,149
E00167808,234,19,215
E00167809,189,31,158
E00167810,293,56,237
E00167812,218,22,196
E00167813,312,86,226
E00167814,299,38,261
E00167815,317,62,255
E00167816,259,57,202
E00167817,277,42,235
E00167818,334,64,270
E00167819,196,48,148
E00167820,585,23,562
E00167821,269,37,232
E00167823,207,36,171
E00167824,237,63,174
E00167825,258,72,186
E00167827,223,41,182
E00167828,285,59,226
E00167829,367,108,259
E00167830,328,82,246
E00167831,147,29,118
E00167832,170,22,148
E00167833,348,57,291
E00167834,271,43,228
E00167835,278,76,202
E00167836,374,103,271
E00167837,358,66,292
E00167840,139,14,125
E00167841,239,56,183
E00167842,221,40,181
E00167843,287,61,226
E00167844,286,69,217
E00167845,534,105,429
E00167847,193,25,168
E00167848,273,50,223
E00167849,258,31,227
E00167850,413,83,330
E00167851,303,72,231
E00167852,254,51,203
E00167854,172,29,143
E00167856,218,37,181
E00167857,464,80,384
E00167858,169,26,143
E00167859,164,20,144
E00167860,292,41,251
E00167861,191,30,161
E00167862,182,12,170
E00167863,195,48,147
E00167864,245,46,199
E00167865,275,82,193
E00167866,384,97,287
E00167867,313,24,289
E00167868,341,65,276
E00167869,296,60,236
E00167870,354,115,239
E00167871,272,61,211
E00167872,235,64,171
E00167873,287,84,203
E00167874,284,50,234
E00167875,221,44,177
E00167876,329,105,224
E00167877,272,59,213
E00167878,233,41,192
E00167879,341,103,238
E00167880,267,42,225
E00167882,302,56,246
E00167883,293,38,255
E00167884,255,60,195
E00167885,240,48,192
E00167887,399,94,305
E00167888,318,79,239
E00167889,376,83,293
E00167890,100,27,73
E00167892,274,78,196
E00167893,549,104,445
E00167894,397,76,321
E00167895,223,44,179
E00167896,169,32,137
E00167897,297,75,222
E00167898,547,148,399
E00167899,378,75,303
E00167900,312,89,223
E00167901,235,36,199
E00167902,344,84,260
E00167903,404,59,345
E00167905,474,68,406
E00167906,384,113,271
E00167907,418,100,318
E00167908,378,113,265
E00167909,311,78,233
E00167910,298,63,235
E00167911,307,86,221
E00167912,317,96,221
E00167913,318,77,241
E00167914,315,85,230
E00167915,325,90,235
E00167916,319,97,222
E00167917,322,95,227
E00167918,327,102,225
E00167919,308,82,226
E00167920,297,75,222
E00167921,247,55,192
E00167922,314,128,186
E00167923,215,42,173
E00167924,315,90,225
E00167925,226,37,189
E00167926,221,65,156
E00167927,115,14,101
E00167928,295,90,205
E00167929,253,70,183
E00167930,227,17,210
E00167931,175,30,145
E00167932,293,76,217
E00167933,255,31,224
E00167934,423,52,371
E00167935,326,87,239
E00167936,502,37,465
E00167937,300,33,267
E00167938,316,107,209
E00167939,355,33,322
E00167940,265,47,218
E00167941,409,77,332
E00167942,281,22,259
E00167943,173,18,155
E00167944,413,84,329
E00167945,232,17,215
E00167946,304,79,225
E00167947,236,41,195
E00167948,213,52,161
E00167949,263,71,192
E00167950,220,43,177
E00167951,246,42,204
E00167952,101,19,82
E00167954,296,87,209
E00167955,297,57,240
E00167956,316,64,252
E00167957,96,23,73
E00167958,748,649,99
E00167959,205,72,133
E00167960,350,136,214
E00167961,399,82,317
E00167962,330,81,249
E00167963,295,60,235
E00167964,347,70,277
E00167965,215,44,171
E00167966,373,83,290
E00167967,219,26,193
E00167968,426,82,344
E00167969,212,23,189
E00167970,182,30,152
E00167971,256,41,215
E00167972,169,42,127
E00167973,547,383,164
E00167974,139,63,76
E00167975,475,89,386
E00167976,304,51,253
E00167978,135,31,104
E00167982,177,15,162
E00167984,386,68,318
E00167987,431,54,377
E00167989,272,50,222
E00167990,276,62,214
E00167993,193,26,167
E00167995,422,39,383
E00167996,242,26,216
E00167998,982,381,601
E00167999,186,41,145
E00168003,217,67,150
E00168004,237,60,177
E00168006,277,56,221
E00168007,465,95,370
E00168009,325,79,246
E00168013,230,71,159
E00168017,254,52,202
E00168018,262,58,204
E00168020,95,16,79
E00168021,105,8,97
E00168023,256,44,212
E00168024,284,53,231
E00168026,172,18,154
E00168027,202,14,188
E00168029,272,31,241
E00168030,338,74,264
E00168031,230,25,205
E00168032,118,10,108
E00168033,290,53,237
E00168034,160,28,132
E00168035,269,66,203
E00168036,212,15,197
E00168037,334,57,277
E00168038,220,43,177
E00168039,294,55,239
E00168040,258,59,199
E00168041,217,43,174
E00168042,240,65,175
E00168044,280,90,190
E00168045,166,34,132
E00168046,190,27,163
E00168047,209,43,166
E00168048,229,51,178
E00168049,225,32,193
E00168050,287,69,218
E00168051,266,58,208
E00168053,348,82,266
E00168055,525,111,414
E00168056,319,112,207
E00168058,316,83,233
E00168059,203,55,148
E00168060,345,83,262
E00168061,258,64,194
E00168062,307,42,265
E00168063,267,50,217
E00168064,342,70,272
E00168067,325,74,251
E00168069,303,59,244
E00168070,332,87,245
E00168071,344,62,282
E00168072,173,14,159
E00168073,229,67,162
E00168074,391,83,308
E00168075,215,68,147
E00168076,349,76,273
E00168077,306,76,230
E00168078,364,54,310
E00168080,162,19,143
E00168082,122,27,95
E00168083,239,58,181
E00168087,268,56,212
E00168090,293,157,136
E00168091,386,241,145
E00168093,433,284,149
E00168094,201,124,77
E00168096,582,524,58
E00168097,251,69,182
E00168099,168,32,136
E00168101,177,46,131
E00168102,258,56,202
E00168104,346,71,275
E00168105,334,86,248
E00168107,126,32,94
E00168108,395,117,278
E00168110,419,114,305
E00168112,247,36,211
E00168114,360,55,305
E00168115,264,53,211
E00168116,310,60,250
E00168117,179,24,155
E00168118,256,70,186
E00168119,581,153,428
E00168121,364,48,316
E00168122,205,22,183
E00168123,233,40,193
E00168124,180,27,153
E00168125,169,28,141
E00168126,199,15,184
E00168127,171,28,143
E00168128,262,39,223
E00168129,174,9,165
E00168130,276,58,218
E00168131,220,26,194
E00168133,180,12,168
E00168134,185,13,172
E00168135,321,66,255
E00168136,342,85,257
E00168137,301,55,246
E00168138,265,73,192
E00168139,288,80,208
E00168140,327,96,231
E00168141,354,106,248
E00168142,345,42,303
E00168144,392,124,268
E00168145,375,89,286
E00168146,264,68,196
E00168147,349,63,286
E00168148,297,54,243
E00168149,231,38,193
E00168150,249,17,232
E00168152,297,67,230
E00168153,404,111,293
E00168154,232,50,182
E00168155,136,14,122
E00168156,224,42,182
E00168157,379,61,318
E00168158,366,89,277
E00168159,152,16,136
E00168160,152,29,123
E00168161,212,53,159
E00168162,296,49,247
E00168163,183,41,142
E00168164,180,49,131
E00168165,243,23,220
E00168166,317,37,280
E00168167,209,19,190
E00168168,208,37,171
E00168169,247,44,203
E00168170,238,43,195
E00168172,257,38,219
E00168173,258,57,201
E00168174,216,53,163
E00168175,254,61,193
E00168176,243,66,177
E00168177,316,89,227
E00168178,192,41,151
E00168179,279,60,219
E00168180,319,79,240
E00168181,285,106,179
E00168182,363,88,275
E00168183,195,47,148
E00168185,325,72,253
E00168186,175,32,143
E00168187,455,72,383
E00168188,236,27,209
E00168189,202,33,169
E00168190,220,41,179
E00168191,107,15,92
E00168192,185,33,152
E00168193,283,112,171
E00168194,312,79,233
E00168196,528,149,379
E00168197,306,46,260
E00168198,102,26,76
E00168199,364,124,240
E00168200,441,157,284
E00168201,534,176,358
E00168203,484,189,295
E00168205,377,124,253
E00168206,218,43,175
E00168207,277,67,210
E00168208,234,51,183
E00168209,251,50,201
E00168210,215,54,161
E00168211,242,32,210
E00168212,348,88,260
E00168213,252,54,198
E00168214,338,91,247
E00168215,315,72,243
E00168216,374,89,285
E00168217,244,56,188
E00168218,336,73,263
E00168219,486,112,374
E00168220,344,70,274
E00168221,176,52,124
E00168222,313,73,240
E00168223,318,48,270
E00168226,254,44,210
E00168227,267,42,225
E00168228,358,82,276
E00168229,358,79,279
E00168230,434,97,337
E00168231,377,87,290
E00168232,220,59,161
E00168233,346,95,251
E00168234,308,121,187
E00168237,375,33,342
E00168239,450,267,183
E00168240,149,22,127
E00168241,197,112,85
E00168243,208,33,175
E00168244,326,106,220
E00168245,414,135,279
E00168246,241,76,165
E00168247,335,89,246
E00168248,289,55,234
E00168249,274,67,207
E00168250,169,8,161
E00168251,192,12,180
E00168252,426,161,265
E00168253,292,100,192
E00168254,383,104,279
E00168255,409,113,296
E00168256,395,96,299
E00168257,176,30,146
E00168258,185,25,160
E00168259,432,86,346
E00168260,460,102,358
E00168261,285,57,228
E00168262,331,65,266
E00168263,320,61,259
E00168264,429,120,309
E00168265,460,125,335
E00168266,441,107,334
E00168267,343,53,290
E00168268,251,38,213
E00168269,266,38,228
E00168271,399,96,303
E00168272,378,85,293
E00168273,391,95,296
E00168275,457,74,383
E00168276,437,91,346
E00168277,267,26,241
E00168278,309,71,238
E00168279,377,78,299
E00168280,290,53,237
E00168281,260,45,215
E00168282,263,49,214
E00168283,320,70,250
E00168284,426,133,293
E00168285,149,36,113
E00168286,217,43,174
E00168287,288,70,218
E00168288,288,45,243
E00168289,222,34,188
E00168290,320,70,250
E00168291,266,42,224
E00168292,334,71,263
E00168293,196,22,174
E00168294,320,58,262
E00168295,360,109,251
E00168296,294,54,240
E00168297,277,46,231
E00168298,127,21,106
E00168299,275,51,224
E00168300,329,82,247
E00168301,293,62,231
E00168302,156,28,128
E00168303,307,78,229
E00168305,214,25,189
E00168306,358,97,261
E00168307,429,111,318
E00168308,283,83,200
E00168311,205,38,167
E00168312,431,79,352
E00168313,366,91,275
E00168315,296,61,235
E00168316,354,87,267
E00168318,334,88,246
E00168320,333,92,241
E00168321,297,73,224
E00168322,311,66,245
E00168323,335,85,250
E00168326,517,124,393
E00168327,272,57,215
E00168328,243,18,225
E00168329,227,48,179
E00168330,293,98,195
E00168331,158,25,133
E00168332,316,110,206
E00168333,260,53,207
E00168334,176,6,170
E00168335,292,81,211
E00168336,284,38,246
E00168338,267,51,216
E00168339,265,61,204
E00168341,381,115,266
E00168344,370,105,265
E00168345,309,52,257
E00168346,101,9,92
E00168347,136,14,122
E00168348,342,88,254
E00168349,143,11,132
E00168350,364,101,263
E00168352,237,42,195
E00168353,158,13,145
E00168354,294,48,246
E00168355,184,19,165
E00168356,460,72,388
E00168357,233,60,173
E00168358,255,40,215
E00168359,277,74,203
E00168360,204,22,182
E00168361,296,53,243
E00168362,199,14,185
E00168363,154,26,128
E00168364,357,67,290
E00168365,1095,32,1063
E00168367,338,63,275
E00168368,211,37,174
E00168369,236,46,190
E00168370,266,45,221
E00168372,246,57,189
E00168373,295,69,226
E00168374,248,64,184
E00168376,269,43,226
E00168377,314,76,238
E00168378,356,51,305
E00168379,189,24,165
E00168380,346,88,258
E00168381,309,67,242
E00168382,344,77,267
E00168383,452,82,370
E00168384,337,88,249
E00168385,290,60,230
E00168386,236,52,184
E00168387,289,68,221
E00168388,187,39,148
E00168389,282,54,228
E00168390,261,56,205
E00168391,349,93,256
E00168392,210,45,165
E00168393,458,103,355
E00168394,105,13,92
E00168395,225,14,211
E00168396,314,66,248
E00168397,272,59,213
E00168398,303,92,211
E00168399,395,116,279
E00168400,202,49,153
E00168401,264,27,237
E00168402,219,23,196
E00168403,248,40,208
E00168404,194,24,170
E00168405,332,95,237
E00168406,215,50,165
E00168407,326,57,269
E00168408,246,45,201
E00168409,158,30,128
E00168410,240,37,203
E00168411,241,18,223
E00168412,232,22,210
E00168413,233,56,177
E00168414,197,19,178
E00168415,252,10,242
E00168416,382,107,275
E00168417,321,55,266
E00168418,386,106,280
E00168419,371,89,282
E00168420,362,49,313
E00168421,243,34,209
E00168422,310,59,251
E00168423,352,89,263
E00168424,439,89,350
E00168425,228,65,163
E00168426,411,113,298
E00168427,237,14,223
E00168428,270,19,251
E00168429,356,54,302
E00168430,310,54,256
E00168431,278,64,214
E00168432,274,61,213
E00168433,293,69,224
E00168434,252,69,183
E00168435,251,65,186
E00168436,334,92,242
E00168437,297,80,217
E00168438,145,14,131
E00168439,336,63,273
E00168440,376,117,259
E00168441,320,92,228
E00168442,459,93,366
E00168444,107,1,106
E00168445,281,52,229
E00168446,155,26,129
E00168447,230,57,173
E00168448,249,55,194
E00168449,505,102,403
E00168450,345,65,280
E00168451,334,97,237
E00168452,365,102,263
E00168453,248,43,205
E00168454,368,104,264
E00168455,212,28,184
E00168456,174,17,157
E00168457,112,7,105
E00168458,398,83,315
E00168459,158,11,147
E00168460,308,51,257
E00168461,187,46,141
E00168462,277,86,191
E00168463,245,60,185
E00168464,170,38,132
E00168465,270,81,189
E00168466,421,92,329
E00168467,226,50,176
E00168468,235,83,152
E00168469,309,77,232
E00168470,266,50,216
E00168471,225,34,191
E00168472,205,27,178
E00168473,226,33,193
E00168474,272,54,218
E00168475,281,69,212
E00168476,285,85,200
E00168477,197,40,157
E00168478,279,51,228
E00168479,173,21,152
E00168480,277,38,239
E00168481,276,57,219
E00168482,417,61,356
E00168484,439,114,325
E00168485,205,24,181
E00168486,281,96,185
E00168488,334,91,243
E00168489,331,73,258
E00168490,190,52,138
E00168491,386,100,286
E00168492,169,35,134
E00168493,242,49,193
E00168494,353,111,242
E00168496,165,34,131
E00168497,140,39,101
E00168500,272,62,210
E00168502,275,72,203
E00168503,359,24,335
E00168505,321,78,243
E00168506,369,54,315
E00168508,263,52,211
E00168510,316,48,268
E00168511,269,32,237
E00168513,291,43,248
E00168514,447,53,394
E00168516,294,55,239
E00168517,189,18,171
E00168519,148,5,143
E00168520,174,9,165
E00168522,272,64,208
E00168524,258,57,201
E00168525,267,64,203
E00168527,277,56,221
E00168528,171,33,138
E00168530,309,56,253
E00168531,269,49,220
E00168533,299,39,260
E00168534,258,76,182
E00168536,493,74,419
E00168538,260,33,227
E00168541,262,47,215
E00168542,276,42,234
E00168544,311,66,245
E00168545,207,15,192
E00168547,292,28,264
E00168548,123,54,69
E00168550,225,31,194
E00168552,182,29,153
E00168553,134,6,128
E00168554,162,27,135
E00168555,172,30,142
E00168556,223,57,166
E00168557,229,33,196
E00168558,257,59,198
E00168559,246,43,203
E00168560,241,24,217
E00168561,301,69,232
E00168562,377,48,329
E00168563,332,88,244
E00168564,278,35,243
E00168565,271,43,228
E00168566,519,128,391
E00168568,184,16,168
E00168569,270,9,261
E00168570,337,54,283
E00168571,290,66,224
E00168572,247,35,212
E00168573,283,70,213
E00168574,394,33,361
E00168576,124,16,108
E00168579,152,27,125
E00168581,265,40,225
E00168584,232,23,209
E00168586,288,47,241
E00168587,319,68,251
E00168588,106,20,86
E00168589,108,14,94
E00168590,226,44,182
E00168591,303,83,220
E00168592,390,142,248
E00168593,343,85,258
E00168594,179,49,130
E00168595,330,123,207
E00168596,245,60,185
E00168599,307,74,233
E00168600,309,108,201
E00168601,292,63,229
E00168602,320,74,246
E00168603,187,43,144
E00168604,202,47,155
E00168605,269,35,234
E00168606,387,111,276
E00168607,184,63,121
E00168608,256,77,179
E00168609,395,68,327
E00168610,419,114,305
E00168611,227,83,144
E00168612,305,92,213
E00168613,363,78,285
E00168614,340,96,244
E00168615,98,14,84
E00168616,380,126,254
E00168617,313,45,268
E00168618,488,165,323
E00168619,274,96,178
E00168620,301,116,185
E00168621,415,137,278
E00168623,288,28,260
E00168624,507,186,321
E00168625,359,121,238
E00168628,238,35,203
E00168630,251,32,219
E00168631,260,19,241
E00168632,309,82,227
E00168633,300,69,231
E00168634,323,53,270
E00168635,437,117,320
E00168636,302,46,256
E00168637,270,77,193
E00168638,338,95,243
E00168639,348,68,280
E00168641,389,85,304
E00168642,155,28,127
E00168643,211,42,169
E00168644,328,84,244
E00168645,297,73,224
E00168646,252,24,228
E00168647,400,126,274
E00168648,325,118,207
E00168649,234,72,162
E00168650,291,70,221
E00168651,220,48,172
E00168652,191,39,152
E00168653,382,107,275
E00168654,304,64,240
E00168655,172,37,135
E00168656,304,78,226
E00168657,276,69,207
E00168658,334,116,218
E00168659,162,31,131
E00168660,352,60,292
E00168661,338,59,279
E00168662,276,39,237
E00168663,288,59,229
E00168664,267,53,214
E00168665,233,39,194
E00168666,469,139,330
E00168667,271,67,204
E00168668,320,87,233
E00168669,166,19,147
E00168670,275,69,206
E00168671,206,37,169
E00168672,271,42,229
E00168674,304,45,259
E00168675,338,99,239
E00168676,294,66,228
E00168677,296,28,268
E00168678,326,88,238
E00168679,125,27,98
E00168680,329,88,241
E00168681,247,60,187
E00168682,246,52,194
E00168683,434,78,356
E00168684,166,15,151
E00168685,238,40,198
E00168686,231,40,191
E00168687,190,18,172
E00168688,470,118,352
E00168689,463,111,352
E00168690,503,115,388
E00168691,331,40,291
E00168692,281,86,195
E00168693,484,136,348
E00168694,132,25,107
E00168695,306,75,231
E00168696,158,40,118
E00168697,151,20,131
E00168698,247,53,194
E00168699,251,45,206
E00168700,283,59,224
E00168701,198,29,169
E00168702,348,81,267
E00168703,152,12,140
E00168704,310,73,237
E00168705,290,68,222
E00168706,298,70,228
E00168707,564,93,471
E00168708,349,84,265
E00168709,315,68,247
E00168710,287,47,240
E00168711,280,83,197
E00168712,333,93,240
E00168713,273,61,212
E00168714,242,55,187
E00168715,268,43,225
E00168716,210,53,157
E00168717,545,169,376
E00168718,252,58,194
E00168719,263,40,223
E00168720,218,33,185
E00168722,251,34,217
E00168723,369,63,306
E00168724,176,21,155
E00168726,349,55,294
E00168727,178,19,159
E00168728,183,11,172
E00168729,339,46,293
E00168730,125,12,113
E00168731,293,46,247
E00168732,247,46,201
E00168733,381,105,276
E00168734,269,74,195
E00168735,391,105,286
E00168736,311,63,248
E00168737,237,49,188
E00168739,343,93,250
E00168740,312,69,243
E00168742,292,62,230
E00168743,385,31,354
E00168744,99,17,82
E00168745,434,87,347
E00168746,344,93,251
E00168747,348,104,244
E00168748,461,30,431
E00168749,375,87,288
E00168751,228,39,189
E00168753,255,62,193
E00168754,302,74,228
E00168755,238,37,201
E00168756,268,30,238
E00168757,392,104,288
E00168758,188,46,142
E00168759,198,34,164
E00168761,426,111,315
E00168762,271,53,218
E00168764,318,80,238
E00168765,304,78,226
E00168766,286,68,218
E00168767,274,80,194
E00168768,246,66,180
E00168769,251,47,204
E00168770,338,100,238
E00168771,325,88,237
E00168772,207,27,180
E00168773,491,121,370
E00168774,328,72,256
E00168775,337,59,278
E00168776,316,79,237
E00168777,261,55,206
E00168778,298,61,237
E00168779,190,49,141
E00168780,254,33,221
E00168781,214,69,145
E00168782,246,57,189
E00168783,284,87,197
E00168784,249,21,228
E00168785,180,30,150
E00168787,134,26,108
E00168788,237,43,194
E00168789,192,38,154
E00168790,338,42,296
E00168791,293,53,240
E00168792,233,42,191
E00168793,255,50,205
E00168795,311,80,231
E00168796,249,67,182
E00168797,335,85,250
E00168798,219,48,171
E00168799,175,17,158
E00168800,312,87,225
E00168801,363,96,267
E00168802,301,63,238
E00168803,310,80,230
E00168804,307,84,223
E00168805,248,53,195
E00168806,310,101,209
E00168808,246,48,198
E00168809,303,65,238
E00168810,301,70,231
E00168811,412,61,351
E00168812,257,40,217
E00168813,351,94,257
E00168814,425,113,312
E00168815,186,9,177
E00168816,268,40,228
E00168817,1526,1428,98
E00168818,357,101,256
E00168819,323,90,233
E00168820,211,57,154
E00168821,284,53,231
E00168822,511,140,371
E00168823,170,36,134
E00168824,312,230,82
E00168825,485,309,176
E00168826,299,75,224
E00168827,343,24,319
E00168828,214,20,194
E00168829,371,34,337
E00168830,183,4,179
E00168831,195,13,182
E00168832,231,29,202
E00168833,129,13,116
E00168834,234,32,202
E00168835,289,29,260
E00168836,157,18,139
E00168837,134,12,122
E00168838,253,85,168
E00168841,515,133,382
E00168842,569,122,447
E00168844,138,11,127
E00168845,312,70,242
E00168846,305,55,250
E00168847,191,41,150
E00168848,372,110,262
E00168849,427,89,338
E00168850,438,112,326
E00168852,392,102,290
E00168853,365,110,255
E00168855,266,95,171
E00168858,490,119,371
E00168859,182,27,155
E00168863,354,74,280
E00168864,389,113,276
E00168866,322,66,256
E00168867,425,114,311
E00168869,343,86,257
E00168870,200,47,153
E00168873,347,90,257
E00168875,835,220,615
E00168877,245,28,217
E00168878,230,27,203
E00168880,341,66,275
E00168881,170,42,128
E00168884,255,92,163
E00168886,441,104,337
E00168887,232,56,176
E00168889,341,77,264
E00168891,146,12,134
E00168892,251,67,184
E00168894,258,67,191
E00168895,147,25,122
E00168897,244,16,228
E00168898,164,27,137
E00168900,198,20,178
E00168901,237,58,179
E00168905,283,48,235
E00168906,330,89,241
E00168907,224,52,172
E00168908,198,22,176
E00168909,123,7,116
E00168910,679,540,139
E00168911,198,18,180
E00168912,314,62,252
E00168913,235,54,181
E00168914,261,43,218
E00168916,286,19,267
E00168917,302,151,151
E00168918,170,33,137
E00168919,274,63,211
E00168920,311,85,226
E00168921,187,38,149
E00168922,498,386,112
E00168924,293,40,253
E00168925,209,11,198
E00168926,295,36,259
E00168927,145,20,125
E00168928,296,66,230
E00168929,258,28,230
E00168930,197,22,175
E00168931,109,19,90
E00168932,179,25,154
E00168933,335,53,282
E00168934,374,84,290
E00168935,197,33,164
E00168938,347,32,315
E00168941,268,47,221
E00168942,190,51,139
E00168943,522,91,431
E00168944,125,9,116
E00168945,303,19,284
E00168946,304,59,245
E00168947,271,64,207
E00168949,254,42,212
E00168950,213,25,188
E00168951,253,27,226
E00168952,319,93,226
E00168953,299,85,214
E00168954,309,100,209
E00168955,255,69,186
E00168956,242,53,189
E00168957,402,98,304
E00168958,390,91,299
E00168959,274,46,228
E00168960,377,94,283
E00168961,328,93,235
E00168962,273,65,208
E00168963,261,60,201
E00168964,313,87,226
E00168966,359,97,262
E00168969,251,61,190
E00168970,280,69,211
E00168971,280,86,194
E00168972,214,48,166
E00168973,313,67,246
E00168974,335,91,244
E00168975,261,59,202
E00168976,254,60,194
E00168977,204,56,148
E00168978,268,46,222
E00168979,246,48,198
E00168980,307,62,245
E00168981,253,52,201
E00168982,473,110,363
E00168983,341,112,229
E00168985,229,24,205
E00168986,330,26,304
E00168987,293,61,232
E00168988,249,60,189
E00168989,185,15,170
E00168990,574,149,425
E00168991,268,73,195
E00168992,175,19,156
E00168993,271,51,220
E00168994,206,58,148
E00168995,328,103,225
E00168996,250,60,190
E00168997,330,82,248
E00168998,291,79,212
E00169000,194,56,138
E00169001,267,43,224
E00169002,313,82,231
E00169003,268,46,222
E00169004,376,20,356
E00169005,217,25,192
E00169006,314,47,267
E00169007,281,58,223
E00169008,262,59,203
E00169009,364,54,310
E00169010,249,32,217
E00169011,278,41,237
E00169012,201,43,158
E00169013,301,63,238
E00169014,292,44,248
E00169015,281,46,235
E00169016,253,58,195
E00169017,309,70,239
E00169018,301,67,234
E00169020,343,80,263
E00169021,351,91,260
E00169022,353,78,275
E00169023,479,246,233
E00169024,285,42,243
E00169025,223,53,170
E00169026,254,60,194
E00169027,261,73,188
E00169029,497,116,381
E00169030,262,39,223
E00169031,682,23,659
E00169032,306,68,238
E00169033,337,68,269
E00169034,365,28,337
E00169035,333,51,282
E00169037,320,85,235
E00169038,330,102,228
E00169040,427,113,314
E00169041,168,47,121
E00169043,403,328,75
E00169044,300,82,218
E00169046,371,116,255
E00169048,385,103,282
E00169049,341,90,251
E00169051,294,76,218
E00169052,287,71,216
E00169054,368,88,280
E00169055,318,134,184
E00169057,375,104,271
E00169060,469,101,368
E00169062,307,101,206
E00169063,364,95,269
E00169065,293,83,210
E00169066,317,87,230
E00169067,276,74,202
E00169068,315,83,232
E00169069,322,49,273
E00169070,544,130,414
E00169071,235,50,185
E00169072,348,135,213
E00169073,226,32,194
E00169074,233,44,189
E00169075,271,67,204
E00169076,323,79,244
E00169077,292,55,237
E00169078,297,87,210
E00169079,223,53,170
E00169080,254,65,189
E00169081,269,65,204
E00169082,262,59,203
E00169083,283,60,223
E00169084,327,76,251
E00169085,229,39,190
E00169086,332,94,238
E00169087,298,74,224
E00169088,290,87,203
E00169089,316,98,218
E00169090,230,39,191
E00169091,263,33,230
E00169092,239,25,214
E00169093,273,47,226
E00169094,184,7,177
E00169095,219,19,200
E00169096,234,8,226
E00169097,265,53,212
E00169099,212,28,184
E00169100,265,43,222
E00169101,287,88,199
E00169102,386,110,276
E00169103,291,71,220
E00169104,271,64,207
E00169105,260,24,236
E00169106,342,74,268
E00169108,406,90,316
E00169109,394,79,315
E00169111,392,113,279
E00169112,241,15,226
E00169114,354,57,297
E00169117,380,80,300
E00169119,312,55,257
E00169122,484,123,361
E00169123,156,34,122
E00169124,359,64,295
E00169125,510,16,494
E00169128,481,125,356
E00169129,218,44,174
E00169130,345,87,258
E00169131,107,26,81
E00169132,314,59,255
E00169134,209,39,170
E00169135,260,39,221
E00169136,155,34,121
E00169137,242,54,188
E00169138,257,31,226
E00169139,355,115,240
E00169141,248,55,193
E00169143,421,110,311
E00169144,338,68,270
E00169145,245,63,182
E00169146,165,12,153
E00169148,239,48,191
E00169149,266,66,200
E00169150,207,40,167
E00169151,534,151,383
E00169152,399,131,268
E00169153,321,77,244
E00169155,309,92,217
E00169156,273,52,221
E00169157,862,597,265
E00169158,209,40,169
E00169159,322,57,265
E00169160,388,97,291
E00169161,389,90,299
E00169162,325,103,222
E00169163,240,31,209
E00169164,253,48,205
E00169165,243,46,197
E00169166,341,101,240
E00169167,333,82,251
E00169168,547,158,389
E00169169,361,85,276
E00169170,390,85,305
E00169171,577,193,384
E00169172,487,132,355
E00169173,350,94,256
E00169176,428,136,292
E00169177,341,85,256
E00169178,337,92,245
E00169179,386,100,286
E00169181,348,88,260
E00169182,373,122,251
E00169183,290,81,209
E00169184,372,122,250
E00169187,243,31,212
E00169188,283,97,186
E00169189,410,113,297
E00169191,377,76,301
E00169192,290,43,247
E00169195,254,48,206
E00169196,302,62,240
E00169197,303,51,252
E00169198,290,48,242
E00169199,342,57,285
E00169200,394,92,302
E00169201,532,107,425
E00169202,304,68,236
E00169203,794,37,757
E00169204,858,66,792
E00169205,271,25,246
E00169206,325,75,250
E00169207,447,115,332
E00169208,339,73,266
E00169209,467,123,344
E00169211,252,56,196
E00169212,251,41,210
E00169213,392,100,292
E00169214,292,43,249
E00169215,302,92,210
E00169216,378,95,283
E00169217,342,84,258
E00169218,300,92,208
E00169219,352,109,243
E00169220,344,99,245
E00169221,326,94,232
E00169222,124,7,117
E00169223,143,17,126
E00169224,502,120,382
E00169225,566,178,388
E00169226,230,26,204
E00169227,250,37,213
E00169228,292,73,219
E00169229,272,71,201
E00169230,208,38,170
E00169231,378,82,296
E00169232,322,73,249
E00169233,271,54,217
E00169234,381,104,277
E00169235,293,63,230
E00169236,168,43,125
E00169239,332,85,247
E00169240,282,87,195
E00169244,170,44,126
E00169245,507,159,348
E00169246,351,113,238
E00169247,212,68,144
E00169248,375,112,263
E00169249,343,100,243
E00169250,349,76,273
E00169251,401,127,274
E00169252,411,140,271
E00169253,214,54,160
E00169254,416,81,335
E00169255,289,56,233
E00169256,269,86,183
E00169257,416,90,326
E00169258,270,89,181
E00169259,374,57,317
E00169260,260,51,209
E00169261,341,73,268
E00169263,135,34,101
E00169264,169,36,133
E00169265,262,64,198
E00169266,283,82,201
E00169267,122,22,100
E00169269,351,88,263
E00169270,384,89,295
E00169271,475,115,360
E00169272,249,29,220
E00169273,254,59,195
E00169275,280,46,234
E00169276,242,35,207
E00169277,388,97,291
E00169278,498,128,370
E00169279,256,102,154
E00169281,177,30,147
E00169282,347,78,269
E00169283,192,31,161
E00169284,121,22,99
E00169285,295,65,230
E00169286,572,158,414
E00169287,449,103,346
E00169288,365,65,300
E00169289,320,73,247
E00169290,252,51,201
E00169291,239,70,169
E00169292,259,46,213
E00169293,215,34,181
E00169294,176,15,161
E00169295,259,25,234
E00169296,199,25,174
E00169297,377,67,310
E00169298,333,77,256
E00169299,351,92,259
E00169300,372,105,267
E00169301,370,97,273
E00169302,388,115,273
E00169303,395,110,285
E00169304,358,90,268
E00169305,387,127,260
E00169306,412,136,276
E00169307,259,75,184
E00169308,424,137,287
E00169309,371,51,320
E00169310,308,74,234
E00169311,312,81,231
E00169312,284,54,230
E00169313,342,87,255
E00169314,315,85,230
E00169315,313,69,244
E00169317,273,62,211
E00169318,338,77,261
E00169319,278,46,232
E00169320,364,93,271
E00169321,250,51,199
E00169322,221,40,181
E00169323,289,52,237
E00169324,336,60,276
E00169325,331,78,253
E00169326,304,66,238
E00169327,270,64,206
E00169328,253,38,215
E00169329,310,68,242
E00169331,208,35,173
E00169332,262,57,205
E00169333,107,10,97
E00169334,357,99,258
E00169335,181,14,167
E00169336,146,8,138
E00169337,211,45,166
E00169339,204,28,176
E00169340,249,81,168
E00169341,202,25,177
E00169342,300,79,221
E00169343,106,21,85
E00169344,327,33,294
E00169345,251,27,224
E00169346,281,20,261
E00169347,100,28,72
E00169348,272,42,230
E00169349,213,23,190
E00169350,280,42,238
E00169351,278,65,213
E00169352,267,54,213
E00169353,286,71,215
E00169355,303,73,230
E00169357,477,90,387
E00169358,336,93,243
E00169359,506,140,366
E00169360,247,63,184
E00169361,169,47,122
E00169362,304,83,221
E00169363,298,84,214
E00169365,280,60,220
E00169367,348,104,244
E00169368,340,91,249
E00169369,343,79,264
E00169370,239,44,195
E00169371,254,53,201
E00169372,528,33,495
E00169373,313,86,227
E00169374,183,26,157
E00169375,209,32,177
E00169376,327,78,249
E00169377,384,73,311
E00169378,362,92,270
E00169379,288,57,231
E00169380,463,61,402
E00169381,456,59,397
E00169382,285,47,238
E00169383,272,57,215
E00169384,223,53,170
E00169385,525,119,406
E00169386,244,35,209
E00169387,308,78,230
E00169388,342,76,266
E00169390,274,53,221
E00169391,433,72,361
E00169392,315,57,258
E00169393,307,58,249
E00169394,243,46,197
E00169395,332,96,236
E00169396,246,49,197
E00169397,191,51,140
E00169398,298,66,232
E00169399,295,54,241
E00169400,444,106,338
E00169401,304,39,265
E00169402,318,83,235
E00169403,329,57,272
E00169404,285,66,219
E00169406,276,67,209
E00169407,464,122,342
E00169408,367,88,279
E00169409,295,90,205
E00169410,399,106,293
E00169411,266,58,208
E00169412,158,32,126
E00169413,238,48,190
E00169414,264,60,204
E00169415,337,75,262
E00169416,225,55,170
E00169417,323,49,274
E00169418,321,81,240
E00169419,293,39,254
E00169421,368,79,289
E00169422,373,53,320
E00169423,207,30,177
E00169427,175,13,162
E00169429,303,57,246
E00169430,259,77,182
E00169432,177,50,127
E00169435,260,56,204
E00169436,124,32,92
E00169438,148,28,120
E00169439,180,47,133
E00169441,268,51,217
E00169443,129,13,116
E00169444,376,252,124
E00169446,612,519,93
E00169447,198,36,162
E00169449,424,129,295
E00169450,432,82,350
E00169452,358,66,292
E00169457,284,124,160
E00169461,281,138,143
E00169464,462,126,336
E00169467,537,152,385
E00169469,281,59,222
E00169471,336,124,212
E00169472,156,43,113
E00169474,339,76,263
E00169475,388,86,302
E00169477,367,83,284
E00169478,355,89,266
E00169485,214,80,134
E00169489,233,116,117
E00169492,395,87,308
E00169494,492,136,356
E00169495,185,53,132
E00169497,472,70,402
E00169499,236,57,179
E00169500,200,98,102
E00169505,371,158,213
E00169506,530,201,329
E00169508,439,94,345
E00169509,280,66,214
E00169511,192,44,148
E00169513,261,76,185
E00169516,386,70,316
E00169517,191,35,156
E00169519,198,46,152
E00169520,458,77,381
E00169522,384,70,314
E00169523,353,61,292
E00169525,254,57,197
E00169530,115,19,96
E00169531,278,37,241
E00169533,353,58,295
E00169534,151,16,135
E00169536,290,130,160
E00169537,326,88,238
E00169539,453,83,370
E00169541,390,95,295
E00169542,280,46,234
E00169544,380,78,302
E00169545,237,126,111
E00169548,154,30,124
E00169550,190,56,134
E00169551,245,92,153
E00169553,529,481,48
E00169555,345,74,271
E00169556,412,104,308
E00169558,462,159,303
E00169559,371,109,262
E00169561,376,120,256
E00169562,368,136,232
E00169564,170,71,99
E00169565,178,37,141
E00169569,342,75,267
E00169573,475,148,327
E00169576,193,29,164
E00169578,218,31,187
E00169579,260,51,209
E00169581,303,76,227
E00169583,604,367,237
E00169584,231,49,182
E00169586,243,26,217
E00169587,325,110,215
E00169589,248,59,189
E00169590,287,66,221
E00169592,240,52,188
E00169593,220,50,170
E00169595,250,24,226
E00169597,523,340,183
E00169598,175,14,161
E00169606,147,20,127
E00169607,377,105,272
E00169609,1166,1081,85
E00169611,250,126,124
E00169612,460,381,79
E00169617,366,231,135
E00169618,221,37,184
E00169620,415,154,261
E00169621,547,235,312
E00169625,270,94,176
E00169626,390,161,229
E00169629,314,80,234
E00169631,204,13,191
E00169632,314,45,269
E00169633,301,59,242
E00169634,268,38,230
E00169635,270,43,227
E00169636,249,47,202
E00169637,322,82,240
E00169638,144,2,142
E00169644,205,36,169
E00169645,363,72,291
E00169646,258,51,207
E00169647,327,72,255
E00169648,383,108,275
E00169649,360,94,266
E00169650,258,45,213
E00169651,330,77,253
E00169652,263,74,189
E00169653,248,50,198
E00169654,293,80,213
E00169655,333,89,244
E00169656,254,51,203
E00169657,317,65,252
E00169658,309,82,227
E00169659,292,75,217
E00169660,289,74,215
E00169661,348,98,250
E00169662,255,42,213
E00169663,181,18,163
E00169664,162,18,144
E00169665,383,37,346
E00169666,213,19,194
E00169667,118,4,114
E00169668,270,57,213
E00169669,253,62,191
E00169670,242,47,195
E00169671,310,69,241
E00169672,380,124,256
E00169673,439,129,310
E00169674,342,73,269
E00169675,291,54,237
E00169676,250,43,207
E00169677,234,40,194
E00169678,337,108,229
E00169679,301,73,228
E00169680,267,56,211
E00169681,127,23,104
E00169682,285,46,239
E00169683,298,81,217
E00169684,285,76,209
E00169685,446,55,391
E00169687,160,28,132
E00169688,324,78,246
E00169689,218,23,195
E00169690,383,58,325
E00169691,212,26,186
E00169692,256,30,226
E00169693,187,34,153
E00169694,394,68,326
E00169695,331,75,256
E00169696,270,64,206
E00169697,304,79,225
E00169698,263,56,207
E00169699,326,84,242
E00169700,191,48,143
E00169701,235,67,168
E00169702,230,41,189
E00169703,179,32,147
E00169705,418,84,334
E00169706,231,24,207
E00169707,196,25,171
E00169708,159,41,118
E00169709,475,126,349
E00169710,306,83,223
E00169711,187,66,121
E00169713,217,59,158
E00169714,206,60,146
E00169715,487,125,362
E00169716,217,40,177
E00169717,205,31,174
E00169718,339,48,291
E00169719,327,85,242
E00169720,317,87,230
E00169721,274,50,224
E00169722,236,61,175
E00169723,360,91,269
E00169724,146,40,106
E00169725,332,86,246
E00169727,269,32,237
E00169728,404,111,293
E00169729,439,125,314
E00169730,345,78,267
E00169731,291,33,258
E00169732,332,40,292
E00169733,216,17,199
E00169734,388,92,296
E00169735,268,49,219
E00169736,129,23,106
E00169737,316,70,246
E00169738,296,50,246
E00169739,455,153,302
E00169740,309,99,210
E00169741,314,121,193
E00169742,239,74,165
E00169744,248,47,201
E00169745,250,75,175
E00169746,735,691,44
E00169747,117,57,60
E00169748,1010,951,59
E00169749,290,47,243
E00169750,272,52,220
E00169751,238,66,172
E00169752,130,45,85
E00169753,345,102,243
E00169754,210,52,158
E00169755,491,145,346
E00169756,307,61,246
E00169757,267,30,237
E00169758,270,81,189
E00169759,216,23,193
E00169760,230,60,170
E00169761,153,26,127
E00169762,545,116,429
E00169763,236,42,194
E00169764,360,78,282
E00169765,372,102,270
E00169766,362,75,287
E00169767,381,70,311
E00169768,527,176,351
E00169769,219,35,184
E00169770,239,34,205
E00169771,331,69,262
E00169772,224,27,197
E00169773,273,57,216
E00169774,265,34,231
E00169775,382,88,294
E00169777,398,107,291
E00169778,380,85,295
E00169780,259,148,111
E00169783,167,116,51
E00169786,189,63,126
E00169788,368,247,121
E00169789,282,40,242
E00169792,305,71,234
E00169794,234,18,216
E00169796,153,9,144
E00169797,154,54,100
E00169800,189,30,159
E00169802,150,24,126
E00169803,196,21,175
E00169805,200,22,178
E00169806,204,39,165
E00169810,159,16,143
E00169811,322,77,245
E00169813,115,48,67
E00169814,184,44,140
E00169817,176,12,164
E00169818,481,70,411
E00169819,184,21,163
E00169820,206,46,160
E00169821,291,74,217
E00169822,291,77,214
E00169823,218,28,190
E00169825,385,75,310
E00169826,351,106,245
E00169827,217,27,190
E00169828,172,54,118
E00169829,213,37,176
E00169830,221,29,192
E00169831,282,61,221
E00169832,185,46,139
E00169833,343,76,267
E00169834,178,32,146
E00169835,208,43,165
E00169836,322,59,263
E00169837,160,24,136
E00169838,357,65,292
E00169839,312,5,307
E00169840,329,93,236
E00169841,405,98,307
E00169842,319,45,274
E00169843,206,23,183
E00169844,357,72,285
E00169845,159,9,150
E00169846,185,20,165
E00169847,523,163,360
E00169848,336,85,251
E00169849,426,96,330
E00169850,296,36,260
E00169851,399,90,309
E00169852,131,1,130
E00169853,166,8,158
E00169854,190,7,183
E00169855,177,22,155
E00169856,293,65,228
E00169857,310,88,222
E00169858,352,107,245
E00169859,346,88,258
E00169860,262,54,208
E00169861,585,17,568
E00169862,259,60,199
E00169863,215,61,154
E00169865,349,77,272
E00169866,399,108,291
E00169867,255,43,212
E00169868,278,30,248
E00169869,238,13,225
E00169870,210,18,192
E00169871,148,4,144
E00169872,672,21,651
E00169873,110,34,76
E00169874,251,36,215
E00169875,245,39,206
E00169876,278,48,230
E00169877,264,55,209
E00169878,281,64,217
E00169879,463,103,360
E00169880,263,50,213
E00169881,266,49,217
E00169882,272,56,216
E00169884,339,83,256
E00169885,375,105,270
E00169886,315,72,243
E00169887,519,91,428
E00169888,534,153,381
E00169889,236,42,194
E00169890,372,95,277
E00169891,135,6,129
E00169893,293,73,220
E00169894,339,52,287
E00169895,356,35,321
E00169896,239,38,201
E00169897,282,68,214
E00169898,306,93,213
E00169899,421,87,334
E00169900,196,13,183
E00169901,194,45,149
E00169902,1023,30,993
E00169903,420,55,365
E00169904,426,63,363
E00169905,339,45,294
E00169906,226,36,190
E00169907,388,71,317
E00169908,299,54,245
E00169909,500,93,407
E00169910,470,138,332
E00169911,395,120,275
E00169912,336,114,222
E00169913,223,38,185
E00169914,323,73,250
E00169915,284,44,240
E00169916,207,55,152
E00169917,169,38,131
E00169919,233,50,183
E00169920,248,59,189
E00169922,255,63,192
E00169923,242,53,189
E00169924,227,39,188
E00169925,104,18,86
E00169926,144,32,112
E00169927,352,41,311
E00169928,238,41,197
E00169929,155,23,132
E00169930,294,50,244
E00169931,294,65,229
E00169932,309,87,222
E00169933,286,63,223
E00169934,384,88,296
E00169935,307,56,251
E00169936,119,21,98
E00169937,197,60,137
E00169938,301,75,226
E00169939,163,34,129
E00169940,325,79,246
E00169941,557,134,423
E00169942,335,85,250
E00169943,318,94,224
E00169944,366,89,277
E00169945,155,26,129
E00169946,355,104,251
E00169947,166,28,138
E00169948,1342,35,1307
E00169949,301,47,254
E00169950,204,40,164
E00169951,348,88,260
E00169952,267,58,209
E00169953,128,23,105
E00169954,335,108,227
E00169955,633,17,616
E00169956,188,16,172
E00169957,201,21,180
E00169958,287,72,215
E00169959,133,29,104
E00169960,207,39,168
E00169961,245,72,173
E00169962,408,98,310
E00169964,321,59,262
E00169966,337,73,264
E00169967,295,40,255
E00169968,394,110,284
E00169969,247,32,215
E00169970,325,86,239
E00169971,254,28,226
E00169972,382,89,293
E00169973,209,42,167
E00169974,302,78,224
E00169975,230,41,189
E00169976,300,37,263
E00169977,392,102,290
E00169978,529,100,429
E00169979,312,77,235
E00169981,238,63,175
E00169982,336,104,232
E00169983,296,81,215
E00169984,265,76,189
E00169985,531,137,394
E00169986,266,85,181
E00169987,408,231,177
E00169988,344,99,245
E00169989,256,53,203
E00169990,224,83,141
E00169991,183,37,146
E00169993,297,58,239
E00169994,277,48,229
E00169995,299,73,226
E00169996,279,44,235
E00169997,451,95,356
E00169998,553,110,443
E00169999,276,70,206
E00170000,319,67,252
E00170001,253,43,210
E00170002,419,101,318
E00170003,284,37,247
E00170004,269,60,209
E00170005,302,80,222
E00170006,309,65,244
E00170007,123,13,110
E00170008,157,44,113
E00170009,130,22,108
E00170010,258,42,216
E00170012,276,58,218
E00170013,215,23,192
E00170015,229,32,197
E00170016,498,123,375
E00170018,219,45,174
E00170020,211,43,168
E00170021,122,9,113
E00170023,103,11,92
E00170024,286,72,214
E00170026,291,56,235
E00170027,211,38,173
E00170029,331,69,262
E00170030,293,78,215
E00170037,247,18,229
E00170040,167,14,153
E00170041,727,29,698
E00170043,115,31,84
E00170044,121,27,94
E00170048,193,51,142
E00170049,214,30,184
E00170051,170,61,109
E00170052,139,14,125
E00170055,262,27,235
E00170057,371,53,318
E00170060,345,85,260
E00170061,274,44,230
E00170062,273,45,228
E00170063,301,61,240
E00170064,275,41,234
E00170065,206,32,174
E00170066,211,25,186
E00170067,113,8,105
E00170068,362,56,306
E00170069,173,39,134
E00170071,288,51,237
E00170072,110,3,107
E00170073,312,62,250
E00170074,474,133,341
E00170075,154,22,132
E00170076,283,58,225
E00170077,169,4,165
E00170079,347,23,324
E00170081,312,51,261
E00170083,288,65,223
E00170084,511,118,393
E00170085,509,104,405
E00170086,331,80,251
E00170087,374,82,292
E00170088,242,41,201
E00170089,261,65,196
E00170090,278,63,215
E00170091,104,19,85
E00170093,275,76,199
E00170094,154,40,114
E00170097,286,60,226
E00170098,281,69,212
E00170099,193,32,161
E00170100,217,57,160
E00170101,278,34,244
E00170102,372,61,311
E00170103,324,52,272
E00170106,173,24,149
E00170107,295,56,239
E00170108,306,32,274
E00170109,486,323,163
E00170111,157,26,131
E00170112,161,31,130
E00170113,334,85,249
E00170114,286,23,263
E00170115,302,71,231
E00170116,313,74,239
E00170117,197,25,172
E00170118,257,34,223
E00170119,319,71,248
E00170120,372,87,285
E00170121,299,75,224
E00170122,217,124,93
E00170123,2566,2465,101
E00170124,1860,1721,139
E00170126,371,70,301
E00170127,327,177,150
E00170128,156,32,124
E00170129,224,48,176
E00170130,257,94,163
E00170132,160,28,132
E00170133,274,74,200
E00170134,228,51,177
E00170137,224,35,189
E00170138,253,63,190
E00170140,135,21,114
E00170141,181,36,145
E00170142,176,21,155
E00170143,183,35,148
E00170144,239,44,195
E00170145,183,36,147
E00170146,221,60,161
E00170147,260,154,106
E00170148,163,45,118
E00170149,181,68,113
E00170150,156,109,47
E00170151,250,31,219
E00170152,304,77,227
E00170154,102,5,97
E00170155,319,32,287
E00170157,365,116,249
E00170158,424,287,137
E00170159,221,41,180
E00170160,145,79,66
E00170161,382,289,93
E00170162,182,29,153
E00170163,223,147,76
E00170164,346,101,245
E00170165,185,80,105
E00170166,222,47,175
E00170167,269,58,211
E00170168,2873,2743,130
E00170169,258,57,201
E00170170,1902,1799,103
E00170171,108,21,87
E00170172,316,41,275
E00170173,199,27,172
E00170174,280,48,232
E00170175,332,61,271
E00170176,403,199,204
E00170177,125,17,108
E00170178,189,28,161
E00170179,301,56,245
E00170180,269,43,226
E00170181,234,70,164
E00170182,262,73,189
E00170184,245,42,203
E00170185,264,60,204
E00170186,235,58,177
E00170187,351,82,269
E00170188,294,43,251
E00170189,453,80,373
E00170190,293,51,242
E00170191,279,41,238
E00170192,219,37,182
E00170193,410,105,305
E00170194,297,47,250
E00170195,257,52,205
E00170196,343,50,293
E00170199,154,32,122
E00170200,319,209,110
E00170201,105,22,83
E00170202,285,66,219
E00170203,231,11,220
E00170204,277,75,202
E00170205,194,33,161
E00170206,199,19,180
E00170207,404,130,274
E00170208,283,51,232
E00170209,315,67,248
E00170211,273,51,222
E00170212,454,117,337
E00170213,247,40,207
E00170215,277,60,217
E00170216,373,74,299
E00170217,359,86,273
E00170218,197,93,104
E00170219,226,37,189
E00170220,316,85,231
E00170221,292,45,247
E00170222,114,10,104
E00170223,198,127,71
E00170224,184,48,136
E00170225,311,88,223
E00170226,233,54,179
E00170227,196,78,118
E00170228,363,89,274
E00170229,244,38,206
E00170230,297,230,67
E00170231,281,50,231
E00170232,162,18,144
E00170233,305,87,218
E00170234,452,267,185
E00170235,587,135,452
E00170236,265,47,218
E00170237,221,70,151
E00170238,141,5,136
E00170239,335,50,285
E00170240,539,113,426
E00170241,499,88,411
E00170244,208,26,182
E00170245,324,46,278
E00170247,522,122,400
E00170248,245,52,193
E00170250,312,51,261
E00170251,203,69,134
E00170252,709,655,54
E00170253,249,120,129
E00170254,2949,2787,162
E00170256,183,92,91
E00170257,149,48,101
E00170259,212,89,123
E00170262,113,27,86
E00170264,247,13,234
E00170265,316,21,295
E00170267,203,12,191
E00170268,259,29,230
E00170270,393,108,285
E00170271,588,472,116
E00170276,132,9,123
E00170279,172,45,127
E00170281,331,65,266
E00170282,205,39,166
E00170284,303,75,228
E00170285,315,100,215
E00170287,378,126,252
E00170289,327,90,237
E00170290,234,52,182
E00170292,224,42,182
E00170293,154,47,107
E00170295,324,89,235
E00170296,412,111,301
E00170297,296,44,252
E00170298,236,37,199
E00170300,227,29,198
E00170302,262,80,182
E00170303,395,88,307
E00170304,267,56,211
E00170305,313,82,231
E00170306,275,75,200
E00170309,314,86,228
E00170310,267,82,185
E00170311,375,94,281
E00170312,293,48,245
E00170313,230,7,223
E00170314,332,33,299
E00170316,266,21,245
E00170317,351,91,260
E00170318,311,70,241
E00170319,349,89,260
E00170320,225,30,195
E00170321,140,14,126
E00170322,358,91,267
E00170323,288,111,177
E00170324,375,89,286
E00170327,380,52,328
E00170329,167,11,156
E00170332,217,54,163
E00170334,431,105,326
E00170335,324,67,257
E00170336,368,52,316
E00170337,267,61,206
E00170338,181,24,157
E00170339,293,73,220
E00170340,293,75,218
E00170342,352,77,275
E00170343,258,61,197
E00170344,363,81,282
E00170345,338,87,251
E00170346,276,46,230
E00170347,147,20,127
E00170348,227,22,205
E00170349,122,16,106
E00170350,416,86,330
E00170351,297,60,237
E00170352,353,95,258
E00170353,309,83,226
E00170354,339,84,255
E00170356,367,40,327
E00170359,581,43,538
E00170360,326,25,301
E00170361,162,20,142
E00170362,159,12,147
E00170363,425,141,284
E00170364,122,20,102
E00170365,141,17,124
E00170366,245,53,192
E00170367,166,43,123
E00170368,328,36,292
E00170369,211,13,198
E00170370,284,73,211
E00170372,362,84,278
E00170373,386,78,308
E00170374,278,57,221
E00170375,333,63,270
E00170376,280,62,218
E00170378,401,60,341
E00170379,174,27,147
E00170380,330,68,262
E00170381,183,9,174
E00170382,264,43,221
E00170383,235,68,167
E00170384,259,35,224
E00170385,207,31,176
E00170386,191,28,163
E00170387,342,48,294
E00170388,428,100,328
E00170389,233,52,181
E00170390,226,38,188
E00170391,255,53,202
E00170392,224,20,204
E00170393,304,49,255
E00170394,280,73,207
E00170396,252,64,188
E00170397,256,58,198
E00170398,216,33,183
E00170399,295,68,227
E00170400,248,66,182
E00170402,344,93,251
E00170403,1371,39,1332
E00170404,338,85,253
E00170405,460,125,335
E00170406,263,43,220
E00170407,341,69,272
E00170408,284,74,210
E00170409,354,49,305
E00170410,215,36,179
E00170411,289,70,219
E00170412,282,51,231
E00170413,158,6,152
E00170414,224,53,171
E00170415,243,40,203
E00170416,287,66,221
E00170417,427,81,346
E00170418,265,67,198
E00170419,354,85,269
E00170420,320,71,249
E00170421,230,20,210
E00170422,292,73,219
E00170423,216,47,169
E00170424,301,76,225
E00170425,287,50,237
E00170426,112,19,93
E00170427,312,36,276
E00170431,335,91,244
E00170432,373,88,285
E00170433,355,78,277
E00170435,403,91,312
E00170436,234,39,195
E00170438,190,29,161
E00170439,385,80,305
E00170441,255,71,184
E00170443,320,84,236
E00170444,324,60,264
E00170446,149,28,121
E00170447,271,62,209
E00170449,192,23,169
E00170450,240,30,210
E00170452,266,63,203
E00170453,258,56,202
E00170455,251,65,186
E00170457,246,55,191
E00170458,161,15,146
E00170459,297,75,222
E00170460,214,44,170
E00170461,257,51,206
E00170462,454,84,370
E00170463,280,72,208
E00170464,376,78,298
E00170465,293,37,256
E00170466,224,69,155
E00170467,306,75,231
E00170469,309,108,201
E00170470,154,19,135
E00170471,310,91,219
E00170472,251,59,192
E00170473,333,104,229
E00170474,213,26,187
E00170475,114,10,104
E00170476,241,31,210
E00170477,299,76,223
E00170478,379,76,303
E00170479,319,40,279
E00170480,178,9,169
E00170481,259,35,224
E00170482,293,46,247
E00170483,348,77,271
E00170484,362,20,342
E00170485,409,94,315
E00170487,462,97,365
E00170488,289,78,211
E00170489,151,19,132
E00170490,209,51,158
E00170491,243,42,201
E00170493,334,82,252
E00170494,119,28,91
E00170497,235,48,187
E00170498,325,91,234
E00170499,320,88,232
E00170500,276,53,223
E00170501,386,91,295
E00170502,253,57,196
E00170503,287,53,234
E00170504,398,129,269
E00170505,259,57,202
E00170506,288,91,197
E00170507,346,67,279
E00170508,197,43,154
E00170510,1885,28,1857
E00170512,213,35,178
E00170513,191,45,146
E00170514,325,75,250
E00170515,214,62,152
E00170518,307,77,230
E00170519,342,94,248
E00170520,340,93,247
E00170521,422,108,314
E00170522,404,59,345
E00170523,207,31,176
E00170524,243,40,203
E00170525,116,29,87
E00170526,155,13,142
E00170527,355,73,282
E00170528,267,46,221
E00170530,223,18,205
E00170531,199,30,169
E00170532,291,56,235
E00170533,242,46,196
E00170534,300,58,242
E00170535,245,61,184
E00170536,297,75,222
E00170537,261,47,214
E00170538,284,65,219
E00170539,110,16,94
E00170540,293,75,218
E00170541,135,14,121
E00170542,338,131,207
E00170543,261,68,193
E00170544,386,88,298
E00170545,542,96,446
E00170546,519,98,421
E00170547,236,42,194
E00170548,257,49,208
E00170549,280,55,225
E00170550,139,37,102
E00170551,558,163,395
E00170552,395,115,280
E00170553,249,60,189
E00170554,322,53,269
E00170555,274,57,217
E00170556,421,107,314
E00170558,308,95,213
E00170559,326,91,235
E00170560,206,18,188
E00170561,314,97,217
E00170562,257,61,196
E00170563,288,63,225
E00170564,486,130,356
E00170565,464,139,325
E00170567,382,107,275
E00170568,127,10,117
E00170570,405,94,311
E00170575,284,55,229
E00170576,198,40,158
E00170578,153,4,149
E00170581,634,515,119
E00170582,446,322,124
E00170584,286,81,205
E00170586,331,35,296
E00170587,228,55,173
E00170589,257,57,200
E00170590,275,75,200
E00170592,195,31,164
E00170593,925,69,856
E00170595,312,55,257
E00170596,143,29,114
E00170598,270,36,234
E00170600,318,122,196
E00170601,405,118,287
E00170603,407,159,248
E00170606,345,22,323
E00170609,175,18,157
E00170610,281,25,256
E00170612,227,39,188
E00170615,466,119,347
E00170617,211,13,198
E00170618,253,59,194
E00170620,228,18,210
E00170621,293,78,215
E00170623,141,17,124
E00170624,272,60,212
E00170625,293,65,228
E00170626,270,53,217
E00170627,269,68,201
E00170628,255,56,199
E00170629,215,55,160
E00170630,332,78,254
E00170631,258,49,209
E00170632,128,25,103
E00170633,166,36,130
E00170634,327,100,227
E00170635,349,45,304
E00170636,362,109,253
E00170637,313,59,254
E00170638,437,82,355
E00170640,287,75,212
E00170642,383,92,291
E00170643,244,56,188
E00170644,380,64,316
E00170645,166,34,132
E00170646,363,73,290
E00170647,348,78,270
E00170648,314,68,246
E00170649,307,88,219
E00170650,338,86,252
E00170651,219,22,197
E00170652,463,80,383
E00170654,189,27,162
E00170655,319,87,232
E00170656,276,51,225
E00170657,108,22,86
E00170658,357,87,270
E00170659,166,27,139
E00170660,390,71,319
E00170661,234,31,203
E00170662,203,38,165
E00170663,206,45,161
E00170664,292,28,264
E00170665,242,35,207
E00170666,448,87,361
E00170668,421,97,324
E00170669,271,56,215
E00170670,274,75,199
E00170671,275,71,204
E00170672,251,53,198
E00170673,172,16,156
E00170674,207,40,167
E00170675,278,64,214
E00170676,344,80,264
E00170677,496,136,360
E00170678,339,87,252
E00170679,515,188,327
E00170680,306,55,251
E00170681,309,64,245
E00170682,317,85,232
E00170683,143,20,123
E00170684,400,92,308
E00170685,204,24,180
E00170686,394,97,297
E00170687,245,45,200
E00170688,233,48,185
E00170689,320,32,288
E00170690,237,55,182
E00170691,206,37,169
E00170692,117,11,106
E00170693,218,53,165
E00170694,410,74,336
E00170695,207,47,160
E00170696,209,40,169
E00170697,334,116,218
E00170698,301,44,257
E00170699,212,35,177
E00170700,209,45,164
E00170701,177,13,164
E00170702,454,98,356
E00170703,318,85,233
E00170704,118,18,100
E00170705,313,50,263
E00170706,112,15,97
E00170707,283,47,236
E00170709,388,63,325
E00170710,366,103,263
E00170711,316,73,243
E00170712,246,34,212
E00170713,129,11,118
E00170714,216,33,183
E00170715,195,26,169
E00170716,352,86,266
E00170717,332,41,291
E00170718,256,42,214
E00170719,365,75,290
E00170720,204,13,191
E00170721,211,30,181
E00170722,287,85,202
E00170724,128,34,94
E00170726,274,43,231
E00170727,298,77,221
E00170728,288,40,248
E00170729,378,88,290
E00170731,98,20,78
E00170732,330,92,238
E00170733,358,70,288
E00170734,338,51,287
E00170736,285,41,244
E00170737,360,92,268
E00170738,336,88,248
E00170739,431,118,313
E00170740,375,58,317
E00170741,276,67,209
E00170742,235,18,217
E00170743,277,101,176
E00170744,275,24,251
E00170745,201,29,172
E00170746,98,11,87
E00170747,804,23,781
E00170748,425,129,296
E00170750,440,147,293
E00170751,389,116,273
E00170752,276,41,235
E00170753,309,76,233
E00170754,263,55,208
E00170756,349,72,277
E00170757,420,105,315
E00170758,409,93,316
E00170760,335,81,254
E00170761,230,54,176
E00170762,306,66,240
E00170763,321,94,227
E00170764,282,46,236
E00170766,231,36,195
E00170768,347,100,247
E00170771,292,71,221
E00170772,333,86,247
E00170773,206,53,153
E00170775,234,74,160
E00170776,391,75,316
E00170777,496,95,401
E00170778,246,46,200
E00170781,371,101,270
E00170783,280,47,233
E00170784,246,21,225
E00170785,305,59,246
E00170786,179,12,167
E00170787,125,6,119
E00170789,281,49,232
E00170790,314,72,242
E00170791,220,52,168
E00170792,271,67,204
E00170793,438,164,274
E00170794,286,84,202
E00170797,295,68,227
E00170798,392,95,297
E00170799,289,68,221
E00170800,230,34,196
E00170801,342,119,223
E00170802,337,121,216
E00170803,405,124,281
E00170804,275,59,216
E00170805,296,92,204
E00170806,313,86,227
E00170807,388,120,268
E00170808,315,95,220
E00170810,374,119,255
E00170811,296,94,202
E00170813,536,159,377
E00170814,353,102,251
E00170815,282,62,220
E00170816,324,95,229
E00170817,308,93,215
E00170818,308,91,217
E00170819,249,85,164
E00170820,310,93,217
E00170821,354,61,293
E00170822,263,46,217
E00170823,268,73,195
E00170824,291,69,222
E00170825,366,76,290
E00170826,347,53,294
E00170827,497,107,390
E00170828,327,78,249
E00170829,307,81,226
E00170830,465,107,358
E00170831,408,104,304
E00170833,304,54,250
E00170834,397,110,287
E00170835,324,105,219
E00170836,345,113,232
E00170837,314,57,257
E00170838,284,45,239
E00170839,307,84,223
E00170840,104,12,92
E00170841,294,45,249
E00170842,189,32,157
E00170843,230,42,188
E00170844,158,4,154
E00170845,135,12,123
E00170846,198,13,185
E00170848,163,24,139
E00170849,163,20,143
E00170850,392,46,346
E00170851,273,37,236
E00170852,275,28,247
E00170853,369,79,290
E00170854,190,35,155
E00170855,293,65,228
E00170856,296,66,230
E00170857,318,75,243
E00170858,281,38,243
E00170859,253,52,201
E00170860,315,33,282
E00170861,284,76,208
E00170862,315,94,221
E00170863,284,58,226
E00170864,239,51,188
E00170865,220,48,172
E00170866,428,96,332
E00170867,298,46,252
E00170868,266,59,207
E00170869,244,28,216
E00170870,306,46,260
E00170871,303,97,206
E00170872,243,31,212
E00170873,258,32,226
E00170874,593,404,189
E00170875,210,22,188
E00170876,334,88,246
E00170877,368,61,307
E00170878,276,56,220
E00170879,249,62,187
E00170880,283,93,190
E00170881,314,91,223
E00170882,206,28,178
E00170883,238,47,191
E00170884,224,62,162
E00170885,186,27,159
E00170886,243,56,187
E00170887,571,161,410
E00170888,308,66,242
E00170889,542,114,428
E00170890,193,37,156
E00170892,502,94,408
E00170893,396,69,327
E00170897,340,54,286
E00170899,350,63,287
E00170900,322,30,292
E00170901,245,30,215
E00170902,235,21,214
E00170903,719,618,101
E00170904,199,74,125
E00170905,244,102,142
E00170906,383,277,106
E00170907,218,42,176
E00170908,355,52,303
E00170909,548,124,424
E00170910,466,37,429
E00170911,332,86,246
E00170912,247,26,221
E00170913,202,22,180
E00170914,129,14,115
E00170915,126,11,115
E00170916,227,21,206
E00170918,207,10,197
E00170920,269,55,214
E00170921,274,20,254
E00170923,220,12,208
E00170926,189,15,174
E00170928,131,9,122
E00170929,265,35,230
E00170931,387,90,297
E00170932,422,70,352
E00170934,133,22,111
E00170935,356,64,292
E00170937,248,51,197
E00170939,248,66,182
E00170940,250,43,207
E00170942,187,23,164
E00170943,168,15,153
E00170948,257,61,196
E00170951,148,12,136
E00170953,199,4,195
E00170956,257,23,234
E00170957,186,29,157
E00170959,249,23,226
E00170960,219,42,177
E00170962,291,55,236
E00170963,228,30,198
E00170965,177,18,159
E00170967,240,20,220
E00170968,157,16,141
E00170970,241,32,209
E00170971,153,5,148
E00170973,235,28,207
E00170974,347,51,296
E00170975,301,24,277
E00170976,246,49,197
E00170977,227,29,198
E00170978,329,56,273
E00170979,334,79,255
E00170980,556,414,142
E00170982,232,24,208
E00170983,321,80,241
E00170984,353,90,263
E00170985,295,62,233
E00170986,246,26,220
E00170987,360,44,316
E00170988,202,80,122
E00170989,392,89,303
E00170990,258,50,208
E00170991,337,115,222
E00170992,356,115,241
E00170993,219,23,196
E00170994,183,18,165
E00170997,138,2,136
E00170998,327,55,272
E00170999,344,87,257
E00171000,337,79,258
E00171001,283,78,205
E00171002,355,103,252
E00171003,354,109,245
E00171004,348,91,257
E00171005,299,66,233
E00171006,333,84,249
E00171007,192,36,156
E00171008,183,33,150
E00171009,387,118,269
E00171010,347,89,258
E00171011,238,44,194
E00171012,322,93,229
E00171013,297,41,256
E00171014,339,104,235
E00171016,302,84,218
E00171017,308,73,235
E00171018,921,730,191
E00171020,166,24,142
E00171021,376,52,324
E00171022,312,102,210
E00171023,307,54,253
E00171024,218,23,195
E00171025,223,36,187
E00171026,326,63,263
E00171027,448,57,391
E00171028,323,64,259
E00171029,334,78,256
E00171030,115,20,95
E00171031,340,107,233
E00171032,199,37,162
E00171033,272,38,234
E00171034,202,28,174
E00171035,241,48,193
E00171036,137,21,116
E00171037,165,9,156
E00171038,187,10,177
E00171040,175,7,168
E00171041,270,17,253
E00171043,183,31,152
E00171044,128,15,113
E00171046,235,43,192
E00171049,259,22,237
E00171051,163,3,160
E00171055,300,19,281
E00171058,380,31,349
E00171060,200,18,182
E00171061,199,30,169
E00171063,283,19,264
E00171065,289,60,229
E00171066,181,33,148
E00171068,241,30,211
E00171069,216,9,207
E00171071,262,20,242
E00171072,188,9,179
E00171074,226,19,207
E00171075,262,29,233
E00171077,242,21,221
E00171079,193,20,173
E00171080,111,20,91
E00171085,334,20,314
E00171086,223,16,207
E00171088,209,56,153
E00171089,318,60,258
E00171093,424,91,333
E00171094,297,63,234
E00171096,308,63,245
E00171097,335,76,259
E00171099,225,43,182
E00171102,336,87,249
E00171107,381,115,266
E00171108,411,122,289
E00171111,226,42,184
E00171113,255,67,188
E00171114,360,96,264
E00171116,124,0,124
E00171117,332,62,270
E00171119,383,92,291
E00171120,183,5,178
E00171121,170,18,152
E00171122,342,51,291
E00171123,223,36,187
E00171125,244,10,234
E00171126,278,34,244
E00171127,268,49,219
E00171128,255,75,180
E00171130,281,82,199
E00171131,308,85,223
E00171133,258,74,184
E00171135,235,55,180
E00171136,320,95,225
E00171138,232,66,166
E00171139,312,91,221
E00171142,245,53,192
E00171145,266,95,171
E00171147,332,96,236
E00171149,242,46,196
E00171152,474,96,378
E00171153,435,104,331
E00171155,279,60,219
E00171156,267,90,177
E00171158,371,136,235
E00171159,127,31,96
E00171161,255,69,186
E00171163,201,53,148
E00171164,297,106,191
E00171166,216,39,177
E00171167,322,45,277
E00171170,279,74,205
E00171172,356,126,230
E00171175,337,100,237
E00171177,250,74,176
E00171178,291,66,225
E00171180,320,66,254
E00171181,372,127,245
E00171183,340,109,231
E00171184,240,59,181
E00171185,431,79,352
E00171186,179,21,158
E00171188,159,28,131
E00171189,348,148,200
E00171190,246,99,147
E00171191,120,14,106
E00171193,117,48,69
E00171194,236,45,191
E00171195,284,37,247
E00171196,326,93,233
E00171197,483,339,144
E00171198,297,74,223
E00171199,432,149,283
E00171200,215,20,195
E00171201,270,52,218
E00171202,310,106,204
E00171203,379,141,238
E00171204,328,113,215
E00171205,359,85,274
E00171206,240,43,197
E00171207,380,125,255
E00171208,313,92,221
E00171210,263,46,217
E00171211,422,135,287
E00171212,203,36,167
E00171213,215,37,178
E00171215,298,233,65
E00171216,240,22,218
E00171218,130,6,124
E00171219,356,104,252
E00171220,143,15,128
E00171221,452,115,337
E00171222,196,46,150
E00171223,242,53,189
E00171224,317,47,270
E00171225,241,52,189
E00171226,225,29,196
E00171227,183,41,142
E00171228,365,85,280
E00171229,392,97,295
E00171230,197,26,171
E00171231,341,119,222
E00171232,213,50,163
E00171233,272,36,236
E00171234,276,48,228
E00171235,319,67,252
E00171236,345,87,258
E00171237,256,64,192
E00171238,270,78,192
E00171239,201,26,175
E00171240,282,64,218
E00171241,328,90,238
E00171242,386,93,293
E00171243,210,43,167
E00171244,172,31,141
E00171245,215,27,188
E00171246,147,3,144
E00171248,328,75,253
E00171249,360,96,264
E00171250,364,108,256
E00171251,319,95,224
E00171252,354,112,242
E00171253,101,14,87
E00171254,374,105,269
E00171256,275,72,203
E00171257,114,26,88
E00171258,178,37,141
E00171259,137,27,110
E00171260,220,54,166
E00171261,435,52,383
E00171262,362,73,289
E00171263,290,49,241
E00171264,213,39,174
E00171266,313,88,225
E00171267,277,69,208
E00171268,582,121,461
E00171269,296,67,229
E00171270,385,90,295
E00171271,267,75,192
E00171272,191,55,136
E00171273,151,30,121
E00171274,145,40,105
E00171275,147,43,104
E00171276,218,56,162
E00171277,245,62,183
E00171278,136,29,107
E00171279,445,89,356
E00171280,262,46,216
E00171281,354,91,263
E00171283,205,58,147
E00171284,157,36,121
E00171285,107,28,79
E00171287,122,52,70
E00171289,173,40,133
E00171291,168,42,126
E00171294,211,57,154
E00171295,143,18,125
E00171296,188,47,141
E00171297,332,96,236
E00171298,316,91,225
E00171300,378,116,262
E00171301,199,61,138
E00171302,267,82,185
E00171303,295,138,157
E00171304,232,69,163
E00171306,144,37,107
E00171307,155,51,104
E00171308,224,60,164
E00171309,228,54,174
E00171310,302,77,225
E00171311,320,82,238
E00171312,188,39,149
E00171313,180,32,148
E00171314,204,65,139
E00171315,187,67,120
E00171316,156,53,103
E00171318,158,37,121
E00171319,325,78,247
E00171320,169,52,117
E00171321,337,109,228
E00171323,108,24,84
E00171324,144,39,105
E00171326,291,67,224
E00171327,244,63,181
E00171329,285,56,229
E00171330,157,29,128
E00171331,423,71,352
E00171333,332,145,187
E00171335,220,58,162
E00171336,210,19,191
E00171337,228,52,176
E00171340,480,41,439
E00171341,171,48,123
E00171342,438,84,354
E00171343,424,113,311
E00171346,555,56,499
E00171347,354,116,238
E00171350,196,72,124
E00171351,221,24,197
E00171352,216,67,149
E00171353,286,45,241
E00171355,236,29,207
E00171357,283,45,238
E00171358,210,35,175
E00171359,302,62,240
E00171360,474,95,379
E00171361,293,66,227
E00171362,180,17,163
E00171363,198,43,155
E00171364,268,86,182
E00171367,437,75,362
E00171368,319,79,240
E00171369,326,51,275
E00171370,257,40,217
E00171372,428,101,327
E00171373,159,30,129
E00171374,121,31,90
E00171375,305,51,254
E00171376,478,115,363
E00171377,334,51,283
E00171379,245,8,237
E00171380,562,153,409
E00171381,333,104,229
E00171382,285,79,206
E00171383,329,96,233
E00171384,336,99,237
E00171385,341,92,249
E00171386,366,131,235
E00171387,286,46,240
E00171388,274,62,212
E00171389,177,42,135
E00171390,209,47,162
E00171392,349,85,264
E00171393,248,61,187
E00171394,187,42,145
E00171395,273,63,210
E00171396,254,41,213
E00171398,303,55,248
E00171399,313,77,236
E00171400,272,43,229
E00171401,279,60,219
E00171402,262,63,199
E00171403,245,50,195
E00171404,317,88,229
E00171406,343,114,229
E00171407,208,50,158
E00171408,250,60,190
E00171410,381,96,285
E00171411,286,73,213
E00171412,155,26,129
E00171414,346,80,266
E00171415,493,112,381
E00171417,288,54,234
E00171418,295,55,240
E00171421,269,22,247
E00171422,308,70,238
E00171424,344,90,254
E00171425,329,94,235
E00171427,321,87,234
E00171428,315,63,252
E00171430,349,92,257
E00171432,365,87,278
E00171433,385,85,300
E00171435,255,60,195
E00171436,246,22,224
E00171438,308,66,242
E00171439,337,84,253
E00171441,281,49,232
E00171442,329,71,258
E00171444,278,59,219
E00171446,243,48,195
E00171447,229,49,180
E00171449,219,38,181
E00171450,175,38,137
E00171451,369,68,301
E00171452,203,38,165
E00171453,246,45,201
E00171455,405,51,354
E00171456,224,16,208
E00171457,220,55,165
E00171458,130,8,122
E00171459,266,62,204
E00171460,262,55,207
E00171461,127,27,100
E00171462,344,81,263
E00171463,348,80,268
E00171464,303,62,241
E00171467,229,49,180
E00171468,368,56,312
E00171469,206,45,161
E00171470,131,31,100
E00171471,595,30,565
E00171472,295,49,246
E00171473,240,12,228
E00171474,616,33,583
E00171475,192,45,147
E00171476,228,20,208
E00171477,183,2,181
E00171478,280,52,228
E00171479,346,72,274
E00171480,353,102,251
E00171481,347,86,261
E00171483,420,85,335
E00171484,468,58,410
E00171486,412,96,316
E00171488,234,68,166
E00171489,237,43,194
E00171491,173,15,158
E00171492,334,100,234
E00171494,457,160,297
E00171497,455,51,404
E00171498,208,33,175
E00171500,481,131,350
E00171503,126,27,99
E00171505,491,99,392
E00171506,214,32,182
E00171508,310,63,247
E00171509,266,42,224
E00171511,285,51,234
E00171512,307,81,226
E00171514,229,32,197
E00171519,315,36,279
E00171520,269,27,242
E00171524,332,43,289
E00171525,266,27,239
E00171530,277,43,234
E00171531,382,89,293
E00171532,263,54,209
E00171533,637,367,270
E00171534,124,36,88
E00171535,217,58,159
E00171540,244,37,207
E00171541,311,45,266
E00171542,325,55,270
E00171543,190,43,147
E00171545,193,47,146
E00171546,361,58,303
E00171549,317,52,265
E00171550,254,45,209
E00171551,339,20,319
E00171554,234,53,181
E00171555,206,43,163
E00171556,397,117,280
E00171558,349,99,250
E00171559,144,31,113
E00171560,199,33,166
E00171561,300,42,258
E00171562,155,11,144
E00171563,124,32,92
E00171564,307,89,218
E00171565,325,72,253
E00171566,295,75,220
E00171567,304,110,194
E00171568,506,151,355
E00171569,289,56,233
E00171570,420,58,362
E00171571,280,45,235
E00171572,306,73,233
E00171573,240,34,206
E00171574,303,72,231
E00171575,293,65,228
E00171576,191,40,151
E00171577,424,55,369
E00171578,176,26,150
E00171579,250,16,234
E00171580,316,58,258
E00171581,297,46,251
E00171582,192,18,174
E00171583,278,30,248
E00171584,126,30,96
E00171585,408,70,338
E00171586,245,37,208
E00171587,497,94,403
E00171588,226,37,189
E00171589,238,31,207
E00171590,152,12,140
E00171593,281,42,239
E00171594,345,85,260
E00171595,327,73,254
E00171596,192,19,173
E00171597,305,61,244
E00171599,238,35,203
E00171600,623,16,607
E00171601,271,44,227
E00171602,282,52,230
E00171603,249,53,196
E00171604,155,12,143
E00171605,150,17,133
E00171606,155,15,140
E00171607,139,6,133
E00171608,197,4,193
E00171609,290,49,241
E00171610,307,88,219
E00171611,193,22,171
E00171612,268,74,194
E00171613,289,62,227
E00171614,132,26,106
E00171615,3239,61,3178
E00171616,229,34,195
E00171617,321,69,252
E00171618,377,84,293
E00171619,314,67,247
E00171620,269,72,197
E00171621,344,85,259
E00171622,95,26,69
E00171623,241,62,179
E00171625,233,42,191
E00171626,372,93,279
E00171627,326,99,227
E00171628,316,81,235
E00171629,223,39,184
E00171630,333,84,249
E00171631,371,87,284
E00171632,214,49,165
E00171633,276,46,230
E00171634,229,56,173
E00171635,174,40,134
E00171636,224,45,179
E00171637,341,93,248
E00171638,250,47,203
E00171639,322,84,238
E00171640,351,75,276
E00171641,168,38,130
E00171643,131,10,121
E00171644,124,45,79
E00171645,310,98,212
E00171646,207,35,172
E00171647,274,67,207
E00171648,298,82,216
E00171649,363,94,269
E00171650,123,31,92
E00171652,194,63,131
E00171653,272,40,232
E00171654,347,98,249
E00171655,280,33,247
E00171656,180,45,135
E00171657,197,60,137
E00171659,297,71,226
E00171660,488,123,365
E00171661,443,145,298
E00171662,161,36,125
E00171664,160,6,154
E00171666,489,115,374
E00171667,320,89,231
E00171669,257,40,217
E00171670,299,25,274
E00171671,296,78,218
E00171672,283,87,196
E00171673,276,73,203
E00171674,212,34,178
E00171675,109,8,101
E00171676,167,12,155
E00171677,128,28,100
E00171678,186,36,150
E00171679,256,63,193
E00171680,177,31,146
E00171681,217,82,135
E00171682,204,34,170
E00171683,255,50,205
E00171684,501,114,387
E00171685,237,64,173
E00171686,308,81,227
E00171687,466,161,305
E00171688,326,77,249
E00171689,333,101,232
E00171690,223,35,188
E00171691,218,36,182
E00171692,488,80,408
E00171693,389,245,144
E00171694,280,57,223
E00171695,357,13,344
E00171696,274,79,195
E00171697,313,99,214
E00171698,288,57,231
E00171699,221,35,186
E00171700,284,80,204
E00171701,371,93,278
E00171702,297,58,239
E00171703,163,34,129
E00171704,258,62,196
E00171706,328,48,280
E00171707,288,50,238
E00171708,427,143,284
E00171709,324,91,233
E00171710,338,87,251
E00171711,218,53,165
E00171713,182,49,133
E00171714,275,81,194
E00171715,297,66,231
E00171716,313,81,232
E00171717,137,41,96
E00171718,270,78,192
E00171719,379,94,285
E00171721,330,94,236
E00171722,222,54,168
E00171724,284,53,231
E00171725,279,43,236
E00171727,94,23,71
E00171730,270,54,216
E00171732,111,40,71
E00171736,282,61,221
E00171738,285,67,218
E00171739,290,56,234
E00171741,261,31,230
E00171743,283,67,216
E00171744,280,69,211
E00171746,222,29,193
E00171747,245,53,192
E00171749,270,74,196
E00171750,323,84,239
E00171752,249,25,224
E00171753,272,51,221
E00171755,204,29,175
E00171757,318,68,250
E00171758,157,19,138
E00171760,282,35,247
E00171761,261,60,201
E00171763,153,19,134
E00171764,224,64,160
E00171766,264,49,215
E00171767,381,242,139
E00171769,155,16,139
E00171774,237,46,191
E00171777,310,78,232
E00171778,245,59,186
E00171780,286,68,218
E00171781,255,60,195
E00171783,285,57,228
E00171785,322,76,246
E00171786,302,64,238
E00171788,298,101,197
E00171789,335,88,247
E00171791,204,30,174
E00171792,237,25,212
E00171797,268,143,125
E00171799,469,448,21
E00171800,311,72,239
E00171802,258,25,233
E00171803,293,66,227
E00171805,336,72,264
E00171806,291,50,241
E00171808,237,54,183
E00171809,263,14,249
E00171811,332,49,283
E00171813,304,45,259
E00171814,471,116,355
E00171816,293,74,219
E00171817,344,79,265
E00171819,290,54,236
E00171820,333,70,263
E00171822,257,40,217
E00171825,274,33,241
E00171827,189,32,157
E00171828,511,462,49
E00171830,248,36,212
E00171831,219,38,181
E00171833,294,60,234
E00171834,513,442,71
E00171836,152,39,113
E00171837,200,54,146
E00171839,270,58,212
E00171841,325,77,248
E00171842,297,45,252
E00171844,531,146,385
E00171845,352,75,277
E00171847,224,63,161
E00171848,333,67,266
E00171850,335,68,267
E00171855,316,72,244
E00171856,365,77,288
E00171858,277,57,220
E00171859,288,49,239
E00171861,348,103,245
E00171862,279,67,212
E00171864,215,26,189
E00171865,398,91,307
E00171867,174,18,156
E00171869,650,107,543
E00171870,299,57,242
E00171873,371,112,259
E00171875,146,33,113
E00171878,294,62,232
E00171881,275,36,239
E00171882,518,144,374
E00171883,245,63,182
E00171884,624,234,390
E00171885,404,116,288
E00171886,418,99,319
E00171887,237,83,154
E00171888,345,127,218
E00171889,349,111,238
E00171890,375,141,234
E00171891,242,90,152
E00171892,406,127,279
E00171893,294,92,202
E00171894,266,50,216
E00171895,276,53,223
E00171896,208,69,139
E00171897,382,101,281
E00171898,324,90,234
E00171899,319,70,249
E00171900,342,83,259
E00171901,326,76,250
E00171902,390,118,272
E00171903,326,85,241
E00171904,350,93,257
E00171905,488,122,366
E00171907,372,106,266
E00171908,265,49,216
E00171909,315,81,234
E00171911,267,90,177
E00171912,422,121,301
E00171913,281,62,219
E00171914,227,51,176
E00171915,334,69,265
E00171916,399,129,270
E00171917,193,84,109
E00171918,154,36,118
E00171919,244,51,193
E00171920,297,94,203
E00171921,295,82,213
E00171922,208,69,139
E00171923,239,56,183
E00171924,256,122,134
E00171925,274,53,221
E00171926,295,122,173
E00171929,224,152,72
E00171930,631,583,48
E00171932,350,115,235
E00171933,253,37,216
E00171934,316,86,230
E00171935,268,65,203
E00171936,304,82,222
E00171937,262,44,218
E00171938,297,60,237
E00171939,372,83,289
E00171940,244,52,192
E00171942,281,60,221
E00171943,272,57,215
E00171945,513,112,401
E00171946,378,115,263
E00171948,189,31,158
E00171949,171,37,134
E00171951,230,52,178
E00171953,329,80,249
E00171954,412,100,312
E00171957,418,131,287
E00171959,235,30,205
E00171960,123,25,98
E00171967,356,70,286
E00171971,239,17,222
E00171973,301,92,209
E00171974,259,20,239
E00171976,122,12,110
E00171977,346,59,287
E00171978,177,28,149
E00171979,230,30,200
E00171980,188,28,160
E00171981,154,31,123
E00171982,246,52,194
E00171983,326,72,254
E00171984,314,79,235
E00171985,266,75,191
E00171986,291,62,229
E00171988,339,59,280
E00171989,257,41,216
E00171990,202,56,146
E00171992,262,117,145
E00171993,226,129,97
E00171994,154,12,142
E00171995,715,617,98
E00171996,323,160,163
E00171997,147,20,127
E00171998,123,18,105
E00171999,166,38,128
E00172000,157,52,105
E00172001,776,717,59
E00172002,228,48,180
E00172003,369,103,266
E00172004,273,85,188
E00172006,902,703,199
E00172007,278,69,209
E00172008,331,67,264
E00172009,304,91,213
E00172010,277,81,196
E00172011,301,93,208
E00172012,315,83,232
E00172014,143,38,105
E00172016,345,63,282
E00172017,504,110,394
E00172018,285,28,257
E00172020,298,63,235
E00172021,345,79,266
E00172022,315,20,295
E00172023,175,32,143
E00172024,279,74,205
E00172025,126,19,107
E00172026,303,64,239
E00172027,311,93,218
E00172028,486,135,351
E00172029,375,71,304
E00172030,336,88,248
E00172031,362,94,268
E00172032,354,116,238
E00172033,256,82,174
E00172034,318,92,226
E00172035,291,54,237
E00172036,255,55,200
E00172037,319,85,234
E00172038,500,126,374
E00172039,273,43,230
E00172041,121,23,98
E00172042,297,76,221
E00172043,299,68,231
E00172044,194,28,166
E00172045,341,59,282
E00172046,305,65,240
E00172047,243,55,188
E00172048,394,131,263
E00172050,1439,1381,58
E00172052,215,21,194
E00172053,345,63,282
E00172054,256,105,151
E00172055,212,41,171
E00172056,331,138,193
E00172057,315,31,284
E00172058,616,542,74
E00172059,189,117,72
E00172060,523,145,378
E00172061,359,39,320
E00172062,159,8,151
E00172063,217,30,187
E00172064,159,15,144
E00172065,275,212,63
E00172068,342,87,255
E00172069,205,17,188
E00172070,325,94,231
E00172071,228,24,204
E00172073,164,47,117
E00172075,270,54,216
E00172076,281,52,229
E00172077,173,19,154
E00172078,284,55,229
E00172079,322,161,161
E00172083,274,67,207
E00172084,239,46,193
E00172085,235,85,150
E00172086,260,84,176
E00172087,203,24,179
E00172091,240,43,197
E00172092,152,14,138
E00172093,159,7,152
E00172094,307,49,258
E00172095,391,213,178
E00172096,299,30,269
E00172097,296,35,261
E00172098,236,25,211
E00172099,184,23,161
E00172100,286,61,225
E00172101,185,26,159
E00172103,457,90,367
E00172105,543,347,196
E00172107,325,49,276
E00172108,274,48,226
E00172109,259,50,209
E00172110,228,26,202
E00172111,205,37,168
E00172112,239,39,200
E00172113,305,75,230
E00172114,607,456,151
E00172115,301,50,251
E00172116,204,30,174
E00172117,200,24,176
E00172118,258,35,223
E00172119,128,19,109
E00172120,139,13,126
E00172121,295,54,241
E00172122,223,44,179
E00172123,128,31,97
E00172124,204,29,175
E00172125,191,22,169
E00172126,405,55,350
E00172128,199,41,158
E00172131,280,85,195
E00172135,279,55,224
E00172136,292,43,249
E00172137,333,65,268
E00172138,232,44,188
E00172139,273,61,212
E00172140,345,81,264
E00172141,246,57,189
E00172142,413,128,285
E00172143,184,23,161
E00172144,213,53,160
E00172145,238,52,186
E00172146,287,63,224
E00172147,259,29,230
E00172148,321,75,246
E00172149,343,102,241
E00172150,3111,2879,232
E00172151,230,41,189
E00172152,559,168,391
E00172153,257,73,184
E00172154,259,64,195
E00172155,379,53,326
E00172156,387,94,293
E00172158,352,85,267
E00172159,274,64,210
E00172160,384,125,259
E00172161,390,128,262
E00172162,278,73,205
E00172163,321,79,242
E00172164,555,219,336
E00172165,168,31,137
E00172166,331,78,253
E00172167,162,36,126
E00172168,292,54,238
E00172169,297,61,236
E00172170,528,240,288
E00172171,289,147,142
E00172172,1783,1729,54
E00172174,144,31,113
E00172176,301,74,227
E00172177,385,115,270
E00172178,326,101,225
E00172179,277,74,203
E00172180,392,140,252
E00172181,305,117,188
E00172182,552,423,129
E00172183,194,108,86
E00172184,455,401,54
E00172185,211,52,159
E00172186,329,73,256
E00172187,450,97,353
E00172189,451,145,306
E00172191,212,100,112
E00172192,173,50,123
E00172193,229,165,64
E00172194,176,75,101
E00172195,95,21,74
E00172196,156,40,116
E00172197,123,38,85
E00172200,242,57,185
E00172201,163,98,65
E00172202,874,788,86
E00172203,346,256,90
E00172204,264,96,168
E00172205,164,92,72
E00172206,478,116,362
E00172212,427,147,280
E00172213,329,215,114
E00172214,471,50,421
E00172215,559,376,183
E00172216,334,99,235
E00172217,142,15,127
E00172218,300,35,265
E00172219,294,56,238
E00172220,221,40,181
E00172221,242,60,182
E00172222,130,18,112
E00172223,245,53,192
E00172224,422,129,293
E00172225,336,105,231
E00172226,374,128,246
E00172227,238,55,183
E00172228,240,62,178
E00172229,240,64,176
E00172230,312,60,252
E00172231,355,79,276
E00172232,346,99,247
E00172233,435,74,361
E00172234,413,82,331
E00172235,250,55,195
E00172236,261,49,212
E00172237,138,18,120
E00172238,482,121,361
E00172242,447,112,335
E00172243,470,133,337
E00172244,340,69,271
E00172245,536,116,420
E00172246,1021,838,183
E00172247,173,26,147
E00172248,253,19,234
E00172249,341,78,263
E00172250,263,61,202
E00172251,191,59,132
E00172252,354,60,294
E00172253,553,417,136
E00172254,139,16,123
E00172255,509,135,374
E00172257,829,743,86
E00172258,158,42,116
E00172259,262,19,243
E00172261,363,111,252
E00172263,272,114,158
E00172264,209,53,156
E00172265,267,93,174
E00172266,192,74,118
E00172267,143,14,129
E00172268,242,17,225
E00172269,293,48,245
E00172270,210,13,197
E00172271,183,22,161
E00172272,153,11,142
E00172274,269,35,234
E00172277,296,39,257
E00172278,104,16,88
E00172279,241,45,196
E00172280,266,52,214
E00172281,211,35,176
E00172282,305,38,267
E00172283,387,93,294
E00172284,264,51,213
E00172285,306,57,249
E00172286,268,72,196
E00172287,170,26,144
E00172288,354,58,296
E00172291,507,90,417
E00172292,422,101,321
E00172293,285,48,237
E00172294,386,65,321
E00172295,216,35,181
E00172296,503,108,395
E00172297,210,60,150
E00172298,243,38,205
E00172299,145,19,126
E00172300,365,88,277
E00172301,461,85,376
E00172302,128,37,91
E00172303,265,124,141
E00172304,346,83,263
E00172305,213,36,177
E00172307,191,78,113
E00172308,316,43,273
E00172309,234,32,202
E00172310,267,69,198
E00172311,225,44,181
E00172312,306,73,233
E00172313,333,71,262
E00172314,186,22,164
E00172315,236,56,180
E00172316,193,33,160
E00172317,182,29,153
E00172318,232,26,206
E00172319,263,149,114
E00172320,211,43,168
E00172321,108,54,54
E00172322,251,56,195
E00172323,274,74,200
E00172324,284,86,198
E00172325,451,100,351
E00172326,218,22,196
E00172327,320,39,281
E00172328,277,61,216
E00172329,251,59,192
E00172330,238,45,193
E00172331,305,84,221
E00172332,287,88,199
E00172333,290,86,204
E00172334,281,77,204
E00172335,313,81,232
E00172336,252,37,215
E00172337,332,58,274
E00172338,231,41,190
E00172339,214,44,170
E00172340,312,51,261
E00172341,331,56,275
E00172342,264,48,216
E00172343,295,82,213
E00172344,202,20,182
E00172345,410,112,298
E00172346,155,24,131
E00172347,206,15,191
E00172349,252,52,200
E00172350,362,146,216
E00172352,283,36,247
E00172353,303,66,237
E00172354,1805,1691,114
E00172355,479,383,96
E00172356,297,64,233
E00172357,119,17,102
E00172358,471,117,354
E00172360,198,31,167
E00172361,363,125,238
E00172362,312,103,209
E00172363,558,15,543
E00172364,363,121,242
E00172365,278,80,198
E00172366,272,78,194
E00172367,340,76,264
E00172368,460,107,353
E00172369,379,95,284
E00172370,298,59,239
E00172371,159,46,113
E00172372,326,67,259
E00172373,220,49,171
E00172374,157,15,142
E00172375,314,66,248
E00172376,251,55,196
E00172377,108,23,85
E00172378,239,37,202
E00172379,337,85,252
E00172380,212,43,169
E00172381,297,78,219
E00172382,2078,58,2020
E00172383,196,33,163
E00172384,318,89,229
E00172385,196,44,152
E00172386,377,112,265
E00172388,283,58,225
E00172389,252,50,202
E00172390,345,88,257
E00172391,285,65,220
E00172392,183,41,142
E00172393,137,20,117
E00172394,436,85,351
E00172395,280,60,220
E00172396,200,20,180
E00172397,292,64,228
E00172398,241,42,199
E00172399,250,35,215
E00172401,111,19,92
E00172402,263,53,210
E00172403,295,61,234
E00172405,141,31,110
E00172407,242,112,130
E00172409,392,45,347
E00172411,320,184,136
E00172412,419,279,140
E00172413,169,53,116
E00172415,246,74,172
E00172416,159,22,137
E00172417,282,32,250
E00172418,279,81,198
E00172422,259,72,187
E00172424,297,86,211
E00172425,340,104,236
E00172426,442,169,273
E00172428,370,132,238
E00172429,300,60,240
E00172431,331,124,207
E00172432,483,137,346
E00172433,192,33,159
E00172434,162,16,146
E00172435,296,55,241
E00172436,307,62,245
E00172437,207,26,181
E00172438,252,60,192
E00172440,501,117,384
E00172442,179,36,143
E00172443,264,102,162
E00172445,130,31,99
E00172446,258,88,170
E00172447,203,106,97
E00172448,290,131,159
E00172450,182,66,116
E00172452,221,156,65
E00172453,466,184,282
E00172454,484,387,97
E00172455,351,79,272
E00172456,290,77,213
E00172457,335,64,271
E00172460,163,105,58
E00172461,206,43,163
E00172462,205,39,166
E00172463,256,72,184
E00172464,423,123,300
E00172465,201,46,155
E00172466,244,84,160
E00172467,195,46,149
E00172468,583,262,321
E00172469,161,59,102
E00172470,420,115,305
E00172471,430,81,349
E00172472,322,54,268
E00172474,116,36,80
E00172475,280,53,227
E00172476,348,54,294
E00172477,188,68,120
E00172478,361,161,200
E00172487,273,65,208
E00172488,405,99,306
E00172491,421,161,260
E00172495,537,427,110
E00172496,290,72,218
E00172497,136,28,108
E00172499,594,462,132
E00172500,149,21,128
E00172501,336,183,153
E00172504,611,487,124
E00172507,180,119,61
E00172508,709,591,118
E00172509,187,26,161
E00172510,662,578,84
E00172511,378,100,278
E00172513,199,33,166
E00172514,154,25,129
E00172515,176,42,134
E00172516,252,26,226
E00172517,277,66,211
E00172518,224,45,179
E00172519,339,84,255
E00172520,318,63,255
E00172521,259,36,223
E00172522,281,55,226
E00172523,291,58,233
E00172524,203,51,152
E00172526,137,14,123
E00172527,293,70,223
E00172530,240,23,217
E00172533,497,476,21
E00172535,328,48,280
E00172536,294,55,239
E00172538,276,74,202
E00172543,183,18,165
E00172544,379,110,269
E00172545,313,97,216
E00172546,277,57,220
E00172548,302,49,253
E00172549,319,84,235
E00172550,296,65,231
E00172551,435,131,304
E00172552,363,100,263
E00172553,395,64,331
E00172554,367,58,309
E00172555,574,176,398
E00172556,196,16,180
E00172557,283,47,236
E00172559,438,125,313
E00172561,155,70,85
E00172564,738,625,113
E00172565,117,30,87
E00172567,3973,3785,188
E00172573,423,267,156
E00172575,223,108,115
E00172576,139,45,94
E00172578,187,67,120
E00172579,277,72,205
E00172581,272,33,239
E00172582,186,65,121
E00172584,101,29,72
E00172585,183,111,72
E00172587,347,110,237
E00172589,108,29,79
E00172590,236,57,179
E00172592,220,57,163
E00172593,248,66,182
E00172595,302,89,213
E00172596,345,103,242
E00172598,340,98,242
E00172599,328,68,260
E00172601,359,68,291
E00172602,161,19,142
E00172603,195,29,166
E00172604,200,18,182
E00172605,326,85,241
E00172607,298,40,258
E00172609,230,64,166
E00172610,300,99,201
E00172612,281,69,212
E00172613,187,47,140
E00172614,261,36,225
E00172615,317,68,249
E00172617,279,36,243
E00172618,217,48,169
E00172619,257,59,198
E00172620,205,65,140
E00172621,147,32,115
E00172622,135,25,110
E00172623,395,64,331
E00172624,832,672,160
E00172625,188,36,152
E00172626,151,17,134
E00172627,278,64,214
E00172628,1146,28,1118
E00172632,296,65,231
E00172634,356,93,263
E00172635,306,60,246
E00172637,351,98,253
E00172638,315,78,237
E00172640,278,77,201
E00172643,210,55,155
E00172645,308,75,233
E00172649,472,80,392
E00172651,311,75,236
E00172652,260,30,230
E00172654,381,86,295
E00172655,288,47,241
E00172657,255,43,212
E00172659,262,38,224
E00172660,378,82,296
E00172662,327,80,247
E00172666,483,86,397
E00172668,336,71,265
E00172669,248,53,195
E00172671,304,97,207
E00172673,283,92,191
E00172676,285,68,217
E00172677,286,70,216
E00172679,223,60,163
E00172680,376,95,281
E00172682,541,122,419
E00172683,349,82,267
E00172685,335,57,278
E00172687,372,83,289
E00172691,151,26,125
E00172693,347,89,258
E00172694,305,87,218
E00172696,314,56,258
E00172697,237,32,205
E00172699,142,0,142
E00172701,251,62,189
E00172702,280,71,209
E00172707,217,56,161
E00172708,229,66,163
E00172710,290,44,246
E00172711,329,57,272
E00172713,923,46,877
E00172715,292,51,241
E00172716,347,98,249
E00172718,309,74,235
E00172722,107,20,87
E00172725,145,22,123
E00172727,165,26,139
E00172732,130,26,104
E00172733,198,15,183
E00172735,154,29,125
E00172736,238,47,191
E00172738,234,16,218
E00172741,158,26,132
E00172743,169,13,156
E00172744,225,40,185
E00172745,760,606,154
E00172746,442,121,321
E00172747,178,17,161
E00172748,158,16,142
E00172749,368,57,311
E00172750,302,71,231
E00172751,218,22,196
E00172752,1307,1231,76
E00172753,257,55,202
E00172754,248,38,210
E00172755,217,32,185
E00172756,126,29,97
E00172757,275,58,217
E00172758,153,15,138
E00172759,185,25,160
E00172760,168,13,155
E00172761,328,24,304
E00172762,134,22,112
E00172763,377,48,329
E00172764,222,26,196
E00172765,461,54,407
E00172766,302,74,228
E00172767,189,50,139
E00172768,163,34,129
E00172769,348,53,295
E00172770,280,69,211
E00172772,237,81,156
E00172773,275,65,210
E00172774,257,25,232
E00172775,145,17,128
E00172776,268,44,224
E00172777,275,52,223
E00172778,293,47,246
E00172779,405,105,300
E00172780,309,50,259
E00172781,349,79,270
E00172782,325,82,243
E00172783,261,49,212
E00172785,243,27,216
E00172786,543,141,402
E00172787,166,19,147
E00172788,305,100,205
E00172789,289,56,233
E00172790,470,94,376
E00172791,277,47,230
E00172792,288,60,228
E00172793,329,55,274
E00172794,280,56,224
E00172795,382,74,308
E00172796,261,51,210
E00172797,382,73,309
E00172799,350,80,270
E00172800,217,40,177
E00172801,231,83,148
E00172802,215,18,197
E00172803,270,71,199
E00172804,464,126,338
E00172805,252,27,225
E00172806,361,87,274
E00172807,399,118,281
E00172808,273,40,233
E00172809,192,8,184
E00172810,274,32,242
E00172811,221,21,200
E00172812,252,49,203
E00172813,283,63,220
E00172814,304,92,212
E00172817,307,60,247
E00172818,301,72,229
E00172819,297,72,225
E00172820,254,69,185
E00172821,287,61,226
E00172822,271,43,228
E00172823,317,79,238
E00172824,279,57,222
E00172825,268,55,213
E00172826,263,53,210
E00172828,335,97,238
E00172830,247,23,224
E00172831,281,45,236
E00172833,345,85,260
E00172834,378,69,309
E00172837,397,61,336
E00172839,271,65,206
E00172840,279,22,257
E00172842,309,47,262
E00172844,368,131,237
E00172845,293,69,224
E00172847,313,114,199
E00172848,281,63,218
E00172850,261,56,205
E00172851,267,73,194
E00172853,295,86,209
E00172854,310,45,265
E00172856,344,66,278
E00172858,237,46,191
E00172859,197,32,165
E00172861,238,51,187
E00172862,208,35,173
E00172864,294,46,248
E00172865,258,50,208
E00172867,223,54,169
E00172872,294,73,221
E00172873,187,55,132
E00172875,155,16,139
E00172876,184,55,129
E00172878,308,57,251
E00172879,293,77,216
E00172881,378,131,247
E00172882,299,77,222
E00172884,377,96,281
E00172886,321,88,233
E00172887,401,131,270
E00172889,242,54,188
E00172890,370,122,248
E00172893,358,90,268
E00172895,376,86,290
E00172896,324,80,244
E00172898,415,112,303
E00172899,171,48,123
E00172900,112,20,92
E00172901,161,107,54
E00172902,505,242,263
E00172903,219,86,133
E00172904,234,112,122
E00172906,261,29,232
E00172907,117,14,103
E00172908,301,75,226
E00172909,340,81,259
E00172910,252,44,208
E00172911,403,48,355
E00172912,165,65,100
E00172916,656,560,96
E00172918,108,15,93
E00172921,257,47,210
E00172923,253,29,224
E00172924,256,26,230
E00172926,384,155,229
E00172928,109,15,94
E00172929,191,17,174
E00172931,200,23,177
E00172934,239,26,213
E00172935,279,15,264
E00172937,266,19,247
E00172938,217,25,192
E00172942,231,43,188
E00172943,251,24,227
E00172945,250,22,228
E00172946,178,20,158
E00172948,415,48,367
E00172949,245,33,212
E00172954,290,46,244
E00172956,327,110,217
E00172957,206,42,164
E00172959,318,64,254
E00172962,193,53,140
E00172963,1031,34,997
E00172965,193,39,154
E00172966,230,54,176
E00172968,199,29,170
E00172970,338,88,250
E00172971,188,26,162
E00172973,187,40,147
E00172974,159,24,135
E00172976,200,38,162
E00172977,195,17,178
E00172979,296,26,270
E00172980,205,45,160
E00172988,188,29,159
E00172990,157,8,149
E00172991,361,27,334
E00172994,279,25,254
E00172996,141,26,115
E00172998,573,459,114
E00172999,241,40,201
E00173001,244,84,160
E00173002,327,64,263
E00173004,201,23,178
E00173007,515,280,235
E00173008,446,231,215
E00173012,288,67,221
E00173013,451,178,273
E00173015,367,171,196
E00173016,417,192,225
E00173018,541,159,382
E00173019,367,79,288
E00173022,425,139,286
E00173026,233,44,189
E00173027,137,67,70
E00173029,112,41,71
E00173030,385,116,269
E00173032,338,83,255
E00173033,145,74,71
E00173038,173,36,137
E00173043,239,103,136
E00173044,361,110,251
E00173046,268,60,208
E00173047,416,111,305
E00173049,376,88,288
E00173050,277,60,217
E00173052,253,46,207
E00173054,294,70,224
E00173055,296,36,260
E00173057,125,10,115
E00173058,300,71,229
E00173060,325,117,208
E00173061,286,75,211
E00173063,410,84,326
E00173064,340,77,263
E00173066,283,62,221
E00173068,362,89,273
E00173069,608,30,578
E00173071,260,38,222
E00173072,306,66,240
E00173074,346,102,244
E00173075,161,35,126
E00173077,239,62,177
E00173078,294,62,232
E00173080,434,114,320
E00173082,193,54,139
E00173083,295,83,212
E00173085,252,62,190
E00173086,300,89,211
E00173088,270,58,212
E00173089,1888,1773,115
E00173091,255,145,110
E00173092,228,49,179
E00173094,304,82,222
E00173096,349,91,258
E00173097,484,87,397
E00173099,325,71,254
E00173100,560,156,404
E00173102,333,70,263
E00173105,343,84,259
E00173111,221,65,156
E00173113,330,126,204
E00173114,189,44,145
E00173116,481,128,353
E00173117,224,41,183
E00173119,408,79,329
E00173120,285,41,244
E00173122,323,86,237
E00173124,337,80,257
E00173127,292,45,247
E00173128,187,7,180
E00173132,296,48,248
E00173133,359,89,270
E00173134,156,35,121
E00173135,801,701,100
E00173136,330,82,248
E00173138,236,29,207
E00173139,537,196,341
E00173140,256,67,189
E00173141,211,42,169
E00173142,296,26,270
E00173143,201,28,173
E00173144,163,19,144
E00173145,226,40,186
E00173147,281,45,236
E00173148,247,56,191
E00173149,258,37,221
E00173150,329,96,233
E00173151,373,69,304
E00173152,137,24,113
E00173153,304,77,227
E00173154,299,76,223
E00173155,328,81,247
E00173156,228,21,207
E00173157,191,27,164
E00173158,350,72,278
E00173159,347,39,308
E00173160,243,37,206
E00173161,296,86,210
E00173162,220,26,194
E00173163,237,28,209
E00173164,217,70,147
E00173165,220,57,163
E00173166,259,67,192
E00173167,172,46,126
E00173168,299,69,230
E00173171,336,81,255
E00173174,280,66,214
E00173176,409,121,288
E00173178,105,20,85
E00173179,576,88,488
E00173180,274,56,218
E00173182,445,76,369
E00173183,179,42,137
E00173184,315,74,241
E00173185,578,50,528
E00173187,331,57,274
E00173188,343,39,304
E00173189,349,87,262
E00173190,313,38,275
E00173191,626,64,562
E00173192,136,45,91
E00173193,178,20,158
E00173194,233,57,176
E00173195,371,44,327
E00173196,145,19,126
E00173198,439,102,337
E00173200,156,19,137
E00173201,188,18,170
E00173202,171,12,159
E00173203,206,36,170
E00173204,345,28,317
E00173205,258,46,212
E00173206,141,20,121
E00173207,881,741,140
E00173209,322,86,236
E00173211,133,34,99
E00173214,350,41,309
E00173217,287,51,236
E00173218,323,67,256
E00173220,247,39,208
E00173221,138,35,103
E00173223,281,46,235
E00173225,293,65,228
E00173226,268,61,207
E00173228,315,79,236
E00173229,1154,1043,111
E00173231,262,60,202
E00173232,164,24,140
E00173234,282,71,211
E00173235,335,74,261
E00173237,229,66,163
E00173239,334,244,90
E00173240,267,115,152
E00173242,236,105,131
E00173243,225,67,158
E00173245,442,102,340
E00173246,408,195,213
E00173248,346,103,243
E00173249,162,60,102
E00173251,208,72,136
E00173253,337,73,264
E00173254,339,85,254
E00173256,301,68,233
E00173257,223,74,149
E00173259,272,39,233
E00173260,293,150,143
E00173262,244,120,124
E00173263,281,172,109
E00173267,191,82,109
E00173268,275,63,212
E00173270,382,117,265
E00173271,285,67,218
E00173276,387,122,265
E00173277,357,103,254
E00173279,424,145,279
E00173281,364,113,251
E00173284,168,45,123
E00173285,183,50,133
E00173287,314,149,165
E00173290,194,47,147
E00173291,156,41,115
E00173293,159,59,100
E00173296,359,78,281
E00173297,370,203,167
E00173298,207,46,161
E00173299,344,76,268
E00173301,251,70,181
E00173303,241,58,183
E00173304,361,278,83
E00173305,403,209,194
E00173307,305,90,215
E00173309,177,33,144
E00173310,218,32,186
E00173311,266,41,225
E00173312,182,34,148
E00173313,185,29,156
E00173314,288,38,250
E00173315,465,367,98
E00173316,503,69,434
E00173317,311,58,253
E00173318,492,362,130
E00173319,609,512,97
E00173320,492,411,81
E00173321,166,35,131
E00173322,124,30,94
E00173323,586,520,66
E00173324,398,279,119
E00173325,277,50,227
E00173326,198,36,162
E00173327,460,110,350
E00173328,261,76,185
E00173329,234,43,191
E00173332,338,54,284
E00173333,148,28,120
E00173334,255,48,207
E00173335,312,70,242
E00173336,432,123,309
E00173338,257,58,199
E00173339,303,88,215
E00173341,203,28,175
E00173342,321,64,257
E00173344,468,148,320
E00173345,248,45,203
E00173346,278,35,243
E00173347,256,49,207
E00173348,334,66,268
E00173349,222,24,198
E00173350,258,48,210
E00173351,111,23,88
E00173352,409,64,345
E00173353,209,24,185
E00173354,136,9,127
E00173355,229,42,187
E00173356,211,46,165
E00173357,167,19,148
E00173358,216,40,176
E00173359,166,20,146
E00173360,249,40,209
E00173361,215,43,172
E00173362,159,28,131
E00173363,202,18,184
E00173364,233,35,198
E00173365,221,45,176
E00173366,308,76,232
E00173367,237,46,191
E00173368,384,71,313
E00173370,307,81,226
E00173371,152,25,127
E00173372,222,58,164
E00173373,238,57,181
E00173374,300,71,229
E00173375,262,32,230
E00173376,240,42,198
E00173377,234,32,202
E00173378,136,24,112
E00173379,270,71,199
E00173380,188,42,146
E00173381,157,26,131
E00173382,232,27,205
E00173383,387,86,301
E00173384,302,33,269
E00173385,322,71,251
E00173386,262,61,201
E00173387,301,70,231
E00173388,304,100,204
E00173389,322,75,247
E00173391,303,76,227
E00173392,333,61,272
E00173393,277,61,216
E00173394,434,113,321
E00173395,175,0,175
E00173396,180,20,160
E00173398,287,80,207
E00173399,339,92,247
E00173400,335,85,250
E00173401,242,47,195
E00173402,270,66,204
E00173403,230,54,176
E00173404,366,103,263
E00173405,274,49,225
E00173406,284,55,229
E00173407,319,56,263
E00173408,328,64,264
E00173409,199,12,187
E00173410,294,40,254
E00173411,324,80,244
E00173412,190,31,159
E00173413,417,79,338
E00173414,269,30,239
E00173415,227,46,181
E00173416,557,152,405
E00173417,250,36,214
E00173418,334,100,234
E00173419,298,69,229
E00173420,253,45,208
E00173421,292,68,224
E00173422,253,29,224
E00173425,310,32,278
E00173427,359,93,266
E00173428,294,90,204
E00173429,238,17,221
E00173430,382,81,301
E00173431,282,81,201
E00173432,256,59,197
E00173433,303,74,229
E00173435,994,30,964
E00173436,129,20,109
E00173438,248,50,198
E00173439,314,92,222
E00173440,301,75,226
E00173441,415,108,307
E00173443,310,87,223
E00173446,254,35,219
E00173447,403,292,111
E00173449,173,44,129
E00173450,350,112,238
E00173451,315,65,250
E00173452,198,34,164
E00173453,178,29,149
E00173454,251,64,187
E00173455,224,32,192
E00173456,259,65,194
E00173457,317,62,255
E00173458,502,292,210
E00173459,320,79,241
E00173460,359,106,253
E00173461,328,79,249
E00173462,240,37,203
E00173463,220,47,173
E00173464,242,66,176
E00173465,186,44,142
E00173466,364,37,327
E00173468,251,81,170
E00173471,151,67,84
E00173473,358,216,142
E00173474,207,116,91
E00173476,235,38,197
E00173477,260,62,198
E00173478,193,43,150
E00173479,276,50,226
E00173482,299,100,199
E00173484,143,26,117
E00173485,272,58,214
E00173486,683,49,634
E00173487,194,76,118
E00173489,215,53,162
E00173490,234,27,207
E00173491,189,15,174
E00173492,479,422,57
E00173494,1384,1296,88
E00173495,118,25,93
E00173496,434,289,145
E00173497,123,15,108
E00173498,273,105,168
E00173499,112,47,65
E00173500,277,204,73
E00173501,1352,1176,176
E00173503,282,192,90
E00173505,135,19,116
E00173506,463,345,118
E00173507,166,32,134
E00173508,295,216,79
E00173509,153,31,122
E00173512,619,580,39
E00173514,141,24,117
E00173515,900,858,42
E00173516,375,253,122
E00173517,161,27,134
E00173520,341,193,148
E00173521,439,383,56
E00173522,195,78,117
E00173523,197,54,143
E00173524,433,189,244
E00173525,221,71,150
E00173528,231,145,86
E00173529,197,108,89
E00173530,238,199,39
E00173531,157,45,112
E00173532,200,42,158
E00173534,361,145,216
E00173536,577,533,44
E00173537,149,35,114
E00173538,246,41,205
E00173539,997,942,55
E00173542,284,52,232
E00173543,103,56,47
E00173544,417,359,58
E00173546,178,38,140
E00173547,101,19,82
E00173549,525,432,93
E00173550,128,80,48
E00173553,332,158,174
E00173554,194,50,144
E00173555,1719,1660,59
E00173556,180,117,63
E00173558,156,58,98
E00173561,267,49,218
E00173562,274,58,216
E00173563,269,46,223
E00173564,320,74,246
E00173565,280,59,221
E00173566,272,48,224
E00173567,264,77,187
E00173568,173,61,112
E00173569,303,182,121
E00173570,155,28,127
E00173571,344,56,288
E00173572,355,77,278
E00173573,282,63,219
E00173574,251,44,207
E00173575,865,783,82
E00173576,384,67,317
E00173577,206,65,141
E00173579,375,103,272
E00173580,301,54,247
E00173581,222,42,180
E00173582,504,129,375
E00173583,344,88,256
E00173584,214,58,156
E00173585,338,61,277
E00173586,339,84,255
E00173587,166,28,138
E00173588,212,31,181
E00173589,177,18,159
E00173590,303,66,237
E00173591,272,34,238
E00173592,382,99,283
E00173594,435,103,332
E00173596,528,105,423
E00173597,354,59,295
E00173598,334,43,291
E00173599,322,89,233
E00173600,146,32,114
E00173601,290,57,233
E00173602,212,66,146
E00173603,553,137,416
E00173604,340,100,240
E00173606,215,46,169
E00173607,372,101,271
E00173609,221,47,174
E00173612,260,85,175
E00173613,368,129,239
E00173615,370,111,259
E00173616,241,67,174
E00173618,310,64,246
E00173620,348,117,231
E00173621,542,162,380
E00173623,183,64,119
E00173626,225,63,162
E00173627,482,161,321
E00173629,459,185,274
E00173630,280,48,232
E00173631,313,60,253
E00173633,175,40,135
E00173635,434,94,340
E00173636,235,16,219
E00173637,122,24,98
E00173638,221,14,207
E00173639,425,166,259
E00173640,478,335,143
E00173641,281,152,129
E00173642,160,18,142
E00173643,304,77,227
E00173644,278,59,219
E00173645,306,103,203
E00173646,136,7,129
E00173648,330,91,239
E00173649,146,32,114
E00173651,362,90,272
E00173652,125,26,99
E00173653,477,25,452
E00173654,471,127,344
E00173655,445,75,370
E00173657,348,63,285
E00173658,357,116,241
E00173660,309,39,270
E00173662,207,63,144
E00173663,233,67,166
E00173665,220,45,175
E00173666,458,135,323
E00173668,364,114,250
E00173669,365,135,230
E00173671,395,125,270
E00173676,284,45,239
E00173679,371,75,296
E00173680,354,87,267
E00173682,332,83,249
E00173683,303,67,236
E00173685,378,93,285
E00173686,338,100,238
E00173690,328,76,252
E00173693,261,69,192
E00173694,305,52,253
E00173696,694,51,643
E00173697,160,38,122
E00173699,283,53,230
E00173700,149,26,123
E00173702,174,33,141
E00173705,112,27,85
E00173708,160,19,141
E00173710,355,75,280
E00173711,508,133,375
E00173712,352,70,282
E00173714,339,99,240
E00173715,346,105,241
E00173716,536,154,382
E00173717,361,114,247
E00173718,424,65,359
E00173719,338,54,284
E00173720,296,70,226
E00173721,278,90,188
E00173722,209,44,165
E00173723,193,33,160
E00173724,251,56,195
E00173725,278,75,203
E00173726,368,79,289
E00173727,288,65,223
E00173728,227,40,187
E00173729,315,63,252
E00173730,295,78,217
E00173731,329,50,279
E00173732,332,89,243
E00173733,109,14,95
E00173734,277,51,226
E00173735,203,40,163
E00173736,274,56,218
E00173737,463,82,381
E00173738,366,109,257
E00173739,373,102,271
E00173740,347,72,275
E00173741,266,63,203
E00173742,266,62,204
E00173743,267,58,209
E00173744,204,20,184
E00173745,408,57,351
E00173746,350,118,232
E00173747,376,111,265
E00173748,256,37,219
E00173749,215,32,183
E00173750,208,48,160
E00173751,219,69,150
E00173752,491,104,387
E00173753,386,102,284
E00173754,211,32,179
E00173756,311,103,208
E00173757,310,61,249
E00173758,336,78,258
E00173759,427,138,289
E00173760,349,119,230
E00173763,433,106,327
E00173764,188,35,153
E00173765,227,46,181
E00173766,264,70,194
E00173767,320,77,243
E00173768,440,334,106
E00173769,227,95,132
E00173772,179,21,158
E00173773,189,23,166
E00173774,276,42,234
E00173776,369,90,279
E00173777,304,64,240
E00173778,397,114,283
E00173779,376,87,289
E00173780,332,69,263
E00173785,218,41,177
E00173786,219,41,178
E00173787,345,98,247
E00173788,306,56,250
E00173789,316,87,229
E00173791,340,94,246
E00173792,327,92,235
E00173793,355,81,274
E00173794,1196,12,1184
E00173795,220,23,197
E00173797,376,88,288
E00173798,310,81,229
E00173799,269,73,196
E00173800,218,43,175
E00173801,344,78,266
E00173802,229,44,185
E00173803,289,76,213
E00173804,200,47,153
E00173805,293,67,226
E00173806,329,95,234
E00173807,243,56,187
E00173808,395,58,337
E00173809,184,23,161
E00173810,285,29,256
E00173812,389,97,292
E00173813,357,95,262
E00173816,227,30,197
E00173817,276,65,211
E00173819,296,63,233
E00173820,236,42,194
E00173821,343,61,282
E00173822,551,139,412
E00173823,198,38,160
E00173824,293,37,256
E00173825,242,42,200
E00173826,297,68,229
E00173827,372,50,322
E00173828,1078,863,215
E00173829,260,44,216
E00173830,177,20,157
E00173831,326,88,238
E00173832,332,83,249
E00173833,412,117,295
E00173834,353,91,262
E00173835,337,119,218
E00173837,329,175,154
E00173838,355,124,231
E00173839,2959,2843,116
E00173840,326,143,183
E00173841,298,113,185
E00173842,569,486,83
E00173843,351,39,312
E00173844,366,188,178
E00173845,332,177,155
E00173846,272,68,204
E00173847,262,64,198
E00173848,293,70,223
E00173849,254,49,205
E00173853,189,23,166
E00173856,227,52,175
E00173860,185,36,149
E00173861,198,29,169
E00173862,187,46,141
E00173863,205,45,160
E00173864,181,53,128
E00173865,234,0,234
E00173866,220,79,141
E00173867,186,40,146
E00173868,186,41,145
E00173869,259,67,192
E00173870,231,65,166
E00173871,223,75,148
E00173872,328,72,256
E00173873,347,116,231
E00173874,421,83,338
E00173875,345,119,226
E00173876,378,130,248
E00173877,467,157,310
E00173878,260,57,203
E00173879,410,64,346
E00173880,413,28,385
E00173881,298,73,225
E00173882,242,45,197
E00173883,195,42,153
E00173884,354,93,261
E00173885,274,51,223
E00173886,853,49,804
E00173887,213,37,176
E00173888,438,105,333
E00173889,233,56,177
E00173890,204,66,138
E00173891,253,70,183
E00173892,153,56,97
E00173893,140,49,91
E00173894,267,61,206
E00173895,195,63,132
E00173896,193,18,175
E00173897,120,35,85
E00173898,195,66,129
E00173899,403,108,295
E00173900,278,57,221
E00173901,276,59,217
E00173902,347,66,281
E00173903,277,36,241
E00173904,246,64,182
E00173905,302,78,224
E00173906,187,39,148
E00173907,259,54,205
E00173908,309,59,250
E00173909,316,54,262
E00173910,304,61,243
E00173911,272,58,214
E00173912,471,64,407
E00173913,269,56,213
E00173914,310,76,234
E00173915,118,21,97
E00173916,211,45,166
E00173918,355,103,252
E00173920,272,55,217
E00173921,273,40,233
E00173922,283,45,238
E00173923,279,63,216
E00173924,316,92,224
E00173930,349,84,265
E00173931,333,93,240
E00173932,332,85,247
E00173933,289,49,240
E00173934,265,46,219
E00173935,521,121,400
E00173936,243,70,173
E00173937,159,6,153
E00173938,293,22,271
E00173940,392,58,334
E00173941,459,300,159
E00173942,231,100,131
E00173943,346,92,254
E00173944,227,50,177
E00173945,269,26,243
E00173947,209,53,156
E00173948,146,29,117
E00173949,442,83,359
E00173950,312,73,239
E00173951,298,53,245
E00173952,226,53,173
E00173953,257,36,221
E00173954,262,40,222
E00173955,220,27,193
E00173956,184,31,153
E00173957,287,41,246
E00173959,249,56,193
E00173960,249,55,194
E00173961,279,89,190
E00173962,308,76,232
E00173963,329,88,241
E00173966,257,44,213
E00173967,221,30,191
E00173968,373,78,295
E00173969,231,44,187
E00173970,349,99,250
E00173971,383,117,266
E00173972,288,24,264
E00173973,240,36,204
E00173974,199,46,153
E00173975,257,68,189
E00173976,232,57,175
E00173977,328,87,241
E00173978,325,81,244
E00173979,314,67,247
E00173980,264,52,212
E00173981,220,26,194
E00173982,290,71,219
E00173983,263,77,186
E00173984,331,90,241
E00173985,354,106,248
E00173986,239,52,187
E00173987,524,130,394
E00173988,434,66,368
E00173989,309,77,232
E00173990,311,74,237
E00173991,122,19,103
E00173992,345,86,259
E00173993,271,41,230
E00173994,248,66,182
E00173995,264,65,199
E00173996,353,60,293
E00173997,144,33,111
E00173998,264,78,186
E00173999,140,0,140
E00174000,203,1,202
E00174001,173,3,170
E00174002,170,1,169
E00174003,164,0,164
E00174004,236,25,211
E00174005,254,47,207
E00174006,164,17,147
E00174007,228,64,164
E00174008,252,33,219
E00174010,202,25,177
E00174011,102,20,82
E00174013,207,20,187
E00174015,268,51,217
E00174016,244,39,205
E00174019,281,67,214
E00174022,185,27,158
E00174024,524,99,425
E00174025,201,21,180
E00174027,161,11,150
E00174029,253,24,229
E00174030,209,27,182
E00174035,166,15,151
E00174036,220,33,187
E00174038,345,48,297
E00174043,398,281,117
E00174044,333,95,238
E00174046,341,184,157
E00174053,316,58,258
E00174058,301,78,223
E00174060,252,57,195
E00174061,268,17,251
E00174062,312,63,249
E00174063,241,49,192
E00174064,632,34,598
E00174065,114,24,90
E00174066,249,49,200
E00174067,281,45,236
E00174068,310,68,242
E00174069,311,55,256
E00174070,334,68,266
E00174071,334,11,323
E00174072,303,60,243
E00174073,164,35,129
E00174074,348,97,251
E00174075,164,33,131
E00174076,434,106,328
E00174077,276,77,199
E00174078,295,62,233
E00174079,252,57,195
E00174080,459,318,141
E00174081,386,80,306
E00174082,329,65,264
E00174083,153,9,144
E00174084,162,4,158
E00174085,179,31,148
E00174086,253,14,239
E00174087,103,10,93
E00174088,280,57,223
E00174089,437,64,373
E00174090,267,68,199
E00174091,285,70,215
E00174092,236,66,170
E00174093,307,92,215
E00174094,331,91,240
E00174095,432,100,332
E00174096,255,58,197
E00174097,344,77,267
E00174098,198,0,198
E00174100,481,142,339
E00174101,302,84,218
E00174102,233,36,197
E00174103,283,69,214
E00174104,296,63,233
E00174106,467,133,334
E00174107,278,52,226
E00174108,405,107,298
E00174109,282,72,210
E00174110,120,70,50
E00174111,440,296,144
E00174112,415,298,117
E00174113,326,103,223
E00174114,385,116,269
E00174115,230,78,152
E00174116,180,28,152
E00174117,113,47,66
E00174118,363,120,243
E00174119,408,343,65
E00174120,362,99,263
E00174121,158,36,122
E00174122,185,48,137
E00174123,411,77,334
E00174124,337,86,251
E00174125,314,88,226
E00174126,281,47,234
E00174127,345,73,272
E00174128,307,73,234
E00174129,293,76,217
E00174130,302,65,237
E00174132,344,91,253
E00174133,244,41,203
E00174134,352,75,277
E00174135,558,160,398
E00174136,364,135,229
E00174137,549,167,382
E00174139,320,110,210
E00174140,325,89,236
E00174141,304,76,228
E00174142,319,79,240
E00174143,163,35,128
E00174144,191,49,142
E00174145,398,83,315
E00174147,294,56,238
E00174148,246,101,145
E00174149,277,59,218
E00174150,336,84,252
E00174152,471,119,352
E00174153,362,59,303
E00174155,314,82,232
E00174156,268,75,193
E00174157,180,39,141
E00174158,282,74,208
E00174159,284,80,204
E00174160,256,45,211
E00174162,346,78,268
E00174163,292,72,220
E00174164,354,95,259
E00174165,1182,40,1142
E00174166,131,28,103
E00174168,420,144,276
E00174169,345,114,231
E00174170,240,82,158
E00174172,388,140,248
E00174174,468,66,402
E00174175,380,135,245
E00174176,402,141,261
E00174177,357,110,247
E00174178,342,128,214
E00174179,279,40,239
E00174180,337,112,225
E00174181,327,87,240
E00174182,326,79,247
E00174183,326,72,254
E00174186,284,65,219
E00174187,224,63,161
E00174188,282,65,217
E00174189,329,80,249
E00174190,296,59,237
E00174191,249,58,191
E00174194,122,29,93
E00174195,280,77,203
E00174196,295,86,209
E00174197,201,55,146
E00174198,264,79,185
E00174199,244,50,194
E00174200,213,49,164
E00174201,316,83,233
E00174202,574,162,412
E00174203,345,50,295
E00174204,481,97,384
E00174205,322,97,225
E00174206,304,75,229
E00174207,279,80,199
E00174208,281,40,241
E00174209,328,61,267
E00174210,208,28,180
E00174211,260,75,185
E00174212,224,45,179
E00174214,240,50,190
E00174215,263,66,197
E00174218,420,148,272
E00174220,129,29,100
E00174221,206,47,159
E00174225,158,30,128
E00174226,316,91,225
E00174228,317,127,190
E00174229,480,140,340
E00174231,348,250,98
E00174232,315,43,272
E00174234,355,37,318
E00174237,315,93,222
E00174239,95,19,76
E00174243,312,105,207
E00174245,186,25,161
E00174246,245,81,164
E00174248,183,26,157
E00174249,468,315,153
E00174251,519,124,395
E00174253,237,33,204
E00174254,254,65,189
E00174256,273,35,238
E00174257,348,49,299
E00174259,315,55,260
E00174260,195,37,158
E00174262,312,82,230
E00174263,167,28,139
E00174266,420,290,130
E00174267,866,643,223
E00174269,482,138,344
E00174270,332,111,221
E00174271,250,28,222
E00174272,328,56,272
E00174273,291,68,223
E00174275,170,20,150
E00174276,235,22,213
E00174277,250,14,236
E00174278,396,18,378
E00174279,228,70,158
E00174280,254,60,194
E00174281,261,61,200
E00174282,369,53,316
E00174283,303,60,243
E00174284,298,85,213
E00174286,245,35,210
E00174287,186,31,155
E00174288,297,89,208
E00174289,256,52,204
E00174290,322,134,188
E00174291,312,40,272
E00174292,272,22,250
E00174293,531,327,204
E00174294,384,131,253
E00174295,875,754,121
E00174296,364,127,237
E00174298,373,308,65
E00174299,280,21,259
E00174300,210,21,189
E00174302,144,30,114
E00174303,195,9,186
E00174304,208,31,177
E00174305,188,50,138
E00174306,282,79,203
E00174307,494,372,122
E00174309,152,15,137
E00174311,161,16,145
E00174312,285,189,96
E00174313,188,26,162
E00174314,189,27,162
E00174315,355,70,285
E00174316,257,136,121
E00174317,118,7,111
E00174318,113,18,95
E00174319,194,57,137
E00174320,289,99,190
E00174321,628,558,70
E00174322,218,79,139
E00174323,206,21,185
E00174324,538,398,140
E00174325,353,72,281
E00174326,401,95,306
E00174327,368,105,263
E00174328,247,86,161
E00174329,309,81,228
E00174331,114,35,79
E00174332,274,75,199
E00174333,247,74,173
E00174334,341,53,288
E00174335,585,30,555
E00174336,136,24,112
E00174337,394,73,321
E00174338,328,40,288
E00174339,405,55,350
E00174340,211,31,180
E00174341,169,18,151
E00174342,176,46,130
E00174343,361,121,240
E00174344,265,31,234
E00174345,270,50,220
E00174346,201,58,143
E00174347,269,44,225
E00174348,249,39,210
E00174350,228,23,205
E00174352,237,33,204
E00174354,278,44,234
E00174355,326,84,242
E00174357,244,27,217
E00174360,306,59,247
E00174361,341,74,267
E00174363,452,129,323
E00174364,376,111,265
E00174366,374,98,276
E00174368,252,39,213
E00174369,379,72,307
E00174371,556,43,513
E00174372,130,40,90
E00174374,236,29,207
E00174375,277,39,238
E00174377,273,27,246
E00174378,107,8,99
E00174380,150,33,117
E00174383,185,23,162
E00174388,256,79,177
E00174389,427,52,375
E00174391,308,68,240
E00174397,348,76,272
E00174399,413,101,312
E00174400,257,42,215
E00174402,337,82,255
E00174403,134,26,108
E00174406,308,82,226
E00174408,326,78,248
E00174410,334,73,261
E00174411,343,87,256
E00174413,451,131,320
E00174414,280,63,217
E00174417,307,61,246
E00174419,465,98,367
E00174420,432,98,334
E00174422,156,26,130
E00174424,288,67,221
E00174425,271,78,193
E00174427,110,28,82
E00174428,198,22,176
E00174430,250,36,214
E00174431,303,105,198
E00174433,182,21,161
E00174434,144,22,122
E00174436,250,48,202
E00174439,105,28,77
E00174441,276,130,146
E00174442,198,60,138
E00174444,142,42,100
E00174447,261,92,169
E00174448,151,29,122
E00174450,176,15,161
E00174452,109,17,92
E00174453,173,80,93
E00174455,168,42,126
E00174456,175,61,114
E00174458,227,30,197
E00174461,468,91,377
E00174462,527,174,353
E00174464,237,4,233
E00174466,135,43,92
E00174467,250,62,188
E00174470,233,73,160
E00174472,127,16,111
E00174473,1154,1097,57
E00174476,392,281,111
E00174478,822,673,149
E00174480,452,312,140
E00174481,199,28,171
E00174483,325,70,255
E00174484,532,126,406
E00174486,364,74,290
E00174487,401,44,357
E00174489,199,34,165
E00174490,329,68,261
E00174492,143,16,127
E00174494,194,27,167
E00174495,351,55,296
E00174497,306,46,260
E00174498,190,20,170
E00174500,436,91,345
E00174501,381,98,283
E00174503,192,45,147
E00174506,241,39,202
E00174508,171,20,151
E00174509,343,71,272
E00174511,360,59,301
E00174512,197,30,167
E00174514,475,218,257
E00174515,446,64,382
E00174517,273,57,216
E00174518,181,55,126
E00174520,318,40,278
E00174522,156,18,138
E00174523,190,29,161
E00174525,344,60,284
E00174526,270,61,209
E00174528,267,75,192
E00174529,344,115,229
E00174534,230,26,204
E00174536,343,54,289
E00174537,240,58,182
E00174539,101,13,88
E00174540,149,12,137
E00174542,212,54,158
E00174543,169,32,137
E00174545,157,39,118
E00174548,279,72,207
E00174550,193,18,175
E00174554,384,134,250
E00174556,462,102,360
E00174557,559,89,470
E00174559,332,17,315
E00174561,694,57,637
E00174562,265,32,233
E00174563,95,25,70
E00174565,277,23,254
E00174566,482,123,359
E00174567,332,70,262
E00174568,305,52,253
E00174569,558,97,461
E00174570,376,91,285
E00174571,274,24,250
E00174572,404,88,316
E00174573,164,15,149
E00174575,250,15,235
E00174576,200,8,192
E00174577,202,24,178
E00174578,264,28,236
E00174579,1746,426,1320
E00174581,234,0,234
E00174582,250,19,231
E00174583,223,58,165
E00174584,170,24,146
E00174585,100,13,87
E00174586,332,59,273
E00174588,391,79,312
E00174589,330,102,228
E00174590,205,27,178
E00174591,446,92,354
E00174593,249,61,188
E00174594,201,34,167
E00174595,282,77,205
E00174596,281,70,211
E00174597,238,44,194
E00174598,326,92,234
E00174599,229,45,184
E00174600,170,17,153
E00174601,350,79,271
E00174602,330,102,228
E00174603,309,84,225
E00174604,287,86,201
E00174605,276,58,218
E00174606,240,36,204
E00174608,316,69,247
E00174609,373,101,272
E00174610,198,48,150
E00174611,127,34,93
E00174612,268,74,194
E00174614,260,56,204
E00174615,267,51,216
E00174616,283,65,218
E00174617,318,83,235
E00174618,486,114,372
E00174619,267,68,199
E00174620,261,46,215
E00174622,427,112,315
E00174624,314,63,251
E00174627,405,104,301
E00174628,265,63,202
E00174629,425,129,296
E00174631,341,86,255
E00174632,374,85,289
E00174633,490,139,351
E00174634,404,122,282
E00174635,209,11,198
E00174636,325,76,249
E00174637,467,133,334
E00174638,288,51,237
E00174639,295,97,198
E00174641,332,98,234
E00174642,291,53,238
E00174644,384,58,326
E00174645,378,100,278
E00174646,259,69,190
E00174647,271,32,239
E00174648,293,58,235
E00174649,271,134,137
E00174650,387,336,51
E00174651,211,127,84
E00174652,108,22,86
E00174653,367,190,177
E00174654,594,385,209
E00174656,187,48,139
E00174657,245,79,166
E00174658,152,21,131
E00174659,229,57,172
E00174660,123,27,96
E00174661,399,247,152
E00174666,125,26,99
E00174667,599,471,128
E00174668,283,58,225
E00174669,332,130,202
E00174670,191,26,165
E00174671,148,32,116
E00174672,218,14,204
E00174673,100,5,95
E00174674,136,40,96
E00174675,192,44,148
E00174677,337,81,256
E00174678,261,65,196
E00174680,223,61,162
E00174681,283,28,255
E00174682,446,97,349
E00174684,348,90,258
E00174685,383,115,268
E00174686,225,47,178
E00174687,288,66,222
E00174688,230,65,165
E00174689,375,85,290
E00174690,296,38,258
E00174691,244,53,191
E00174694,199,41,158
E00174697,299,54,245
E00174698,240,40,200
E00174700,145,17,128
E00174701,390,100,290
E00174703,404,77,327
E00174704,375,133,242
E00174706,247,70,177
E00174707,168,52,116
E00174708,279,85,194
E00174710,231,63,168
E00174711,194,45,149
E00174712,263,55,208
E00174713,378,66,312
E00174714,98,13,85
E00174715,307,62,245
E00174716,214,41,173
E00174717,182,63,119
E00174718,260,67,193
E00174719,257,70,187
E00174720,244,49,195
E00174721,329,64,265
E00174723,417,73,344
E00174724,325,85,240
E00174726,353,70,283
E00174727,358,72,286
E00174728,251,51,200
E00174729,452,92,360
E00174730,140,12,128
E00174731,397,110,287
E00174733,310,93,217
E00174735,350,111,239
E00174736,353,100,253
E00174738,462,119,343
E00174741,545,220,325
E00174742,220,31,189
E00174744,154,35,119
E00174745,315,85,230
E00174747,516,154,362
E00174749,108,16,92
E00174752,271,31,240
E00174753,250,37,213
E00174755,242,45,197
E00174756,607,320,287
E00174759,316,30,286
E00174761,258,56,202
E00174763,205,15,190
E00174764,315,57,258
E00174766,204,38,166
E00174767,226,31,195
E00174769,527,164,363
E00174770,152,9,143
E00174772,407,66,341
E00174773,196,25,171
E00174775,252,52,200
E00174781,237,42,195
E00174783,216,37,179
E00174784,216,26,190
E00174786,373,214,159
E00174787,305,60,245
E00174789,298,23,275
E00174791,280,83,197
E00174792,217,34,183
E00174794,333,86,247
E00174795,233,43,190
E00174797,345,76,269
E00174801,199,36,163
E00174805,312,83,229
E00174806,118,21,97
E00174808,176,43,133
E00174811,353,182,171
E00174812,158,39,119
E00174814,344,50,294
E00174815,337,55,282
E00174817,240,36,204
E00174820,368,21,347
E00174822,452,36,416
E00174823,123,26,97
E00174826,372,45,327
E00174828,424,28,396
E00174829,302,74,228
E00174831,244,48,196
E00174833,191,17,174
E00174836,242,17,225
E00174837,211,23,188
E00174839,190,13,177
E00174840,186,23,163
E00174842,285,61,224
E00174843,145,40,105
E00174845,171,22,149
E00174847,177,31,146
E00174848,239,52,187
E00174850,221,18,203
E00174851,302,57,245
E00174853,349,48,301
E00174854,254,9,245
E00174856,289,38,251
E00174857,312,95,217
E00174859,318,96,222
E00174861,260,67,193
E00174862,227,37,190
E00174864,281,66,215
E00174865,281,97,184
E00174866,178,48,130
E00174867,236,126,110
E00174868,211,77,134
E00174869,418,62,356
E00174870,190,68,122
E00174871,473,125,348
E00174872,164,20,144
E00174873,151,29,122
E00174874,474,112,362
E00174876,120,30,90
E00174877,601,426,175
E00174878,221,55,166
E00174879,272,54,218
E00174880,240,70,170
E00174881,242,56,186
E00174882,358,53,305
E00174883,266,65,201
E00174884,686,560,126
E00174885,121,21,100
E00174886,355,49,306
E00174887,265,61,204
E00174888,292,73,219
E00174889,133,31,102
E00174894,189,22,167
E00174895,151,38,113
E00174896,292,78,214
E00174897,201,41,160
E00174898,287,69,218
E00174899,338,88,250
E00174901,207,55,152
E00174902,219,37,182
E00174903,343,71,272
E00174904,353,121,232
E00174906,314,85,229
E00174907,427,98,329
E00174908,384,83,301
E00174909,293,65,228
E00174910,320,43,277
E00174912,299,68,231
E00174913,428,67,361
E00174914,246,78,168
E00174915,199,33,166
E00174916,150,30,120
E00174917,542,141,401
E00174918,247,92,155
E00174919,344,93,251
E00174920,396,141,255
E00174921,297,54,243
E00174923,376,113,263
E00174924,389,67,322
E00174925,363,84,279
E00174926,202,31,171
E00174928,361,77,284
E00174929,210,52,158
E00174930,234,45,189
E00174931,347,103,244
E00174932,318,56,262
E00174934,336,63,273
E00174938,174,40,134
E00174939,320,62,258
E00174940,391,106,285
E00174941,250,86,164
E00174942,242,59,183
E00174943,201,46,155
E00174944,388,92,296
E00174945,187,46,141
E00174946,190,32,158
E00174947,341,92,249
E00174948,243,61,182
E00174949,318,118,200
E00174950,215,66,149
E00174951,275,62,213
E00174952,365,86,279
E00174953,390,90,300
E00174954,210,64,146
E00174955,130,20,110
E00174956,218,36,182
E00174957,280,46,234
E00174958,246,60,186
E00174959,305,52,253
E00174960,269,20,249
E00174961,145,19,126
E00174962,179,13,166
E00174963,358,122,236
E00174967,161,23,138
E00174968,268,34,234
E00174969,197,40,157
E00174970,173,23,150
E00174971,341,83,258
E00174972,341,106,235
E00174973,380,136,244
E00174977,211,22,189
E00174978,455,130,325
E00174979,402,105,297
E00174980,345,106,239
E00174981,170,81,89
E00174982,348,82,266
E00174983,278,66,212
E00174984,286,82,204
E00174986,337,74,263
E00174987,193,53,140
E00174989,386,107,279
E00174990,350,52,298
E00174992,108,13,95
E00174993,256,34,222
E00174994,375,82,293
E00174995,293,100,193
E00174996,396,110,286
E00174997,409,100,309
E00174998,139,47,92
E00174999,278,51,227
E00175000,275,41,234
E00175001,298,64,234
E00175002,288,70,218
E00175003,309,64,245
E00175004,429,138,291
E00175005,124,36,88
E00175006,351,85,266
E00175007,447,135,312
E00175008,379,129,250
E00175009,411,133,278
E00175010,431,116,315
E00175011,425,131,294
E00175014,363,126,237
E00175016,152,5,147
E00175017,193,14,179
E00175018,283,30,253
E00175019,264,62,202
E00175020,300,92,208
E00175021,225,28,197
E00175023,233,44,189
E00175024,136,11,125
E00175025,225,9,216
E00175027,323,76,247
E00175028,113,13,100
E00175029,220,43,177
E00175030,224,23,201
E00175031,461,144,317
E00175032,247,67,180
E00175034,524,292,232
E00175036,213,65,148
E00175037,239,49,190
E00175038,342,109,233
E00175040,219,42,177
E00175041,495,142,353
E00175045,266,67,199
E00175047,187,77,110
E00175048,124,34,90
E00175049,350,108,242
E00175050,348,100,248
E00175052,363,146,217
E00175053,145,26,119
E00175055,454,155,299
E00175056,495,162,333
E00175057,257,59,198
E00175058,244,39,205
E00175059,509,133,376
E00175060,230,25,205
E00175061,308,71,237
E00175062,325,95,230
E00175064,331,107,224
E00175065,298,98,200
E00175068,352,31,321
E00175069,508,127,381
E00175070,130,20,110
E00175071,408,125,283
E00175072,163,51,112
E00175074,220,31,189
E00175075,233,67,166
E00175076,206,50,156
E00175078,193,51,142
E00175079,126,25,101
E00175080,203,45,158
E00175082,410,109,301
E00175083,215,51,164
E00175084,414,145,269
E00175085,175,43,132
E00175087,521,119,402
E00175088,279,60,219
E00175089,168,25,143
E00175090,198,41,157
E00175091,143,12,131
E00175092,295,74,221
E00175095,297,111,186
E00175097,182,124,58
E00175101,213,20,193
E00175102,200,59,141
E00175103,428,92,336
E00175104,324,111,213
E00175105,475,88,387
E00175108,220,84,136
E00175110,273,107,166
E00175113,247,86,161
E00175114,399,128,271
E00175115,286,96,190
E00175118,278,89,189
E00175119,245,76,169
E00175120,174,68,106
E00175121,104,38,66
E00175122,138,41,97
E00175123,166,31,135
E00175124,149,28,121
E00175125,177,14,163
E00175126,419,93,326
E00175127,441,77,364
E00175128,387,120,267
E00175129,411,104,307
E00175130,358,101,257
E00175131,311,75,236
E00175132,224,81,143
E00175133,414,110,304
E00175134,434,143,291
E00175135,366,127,239
E00175136,508,162,346
E00175137,348,79,269
E00175138,182,34,148
E00175139,356,133,223
E00175140,304,105,199
E00175141,355,121,234
E00175142,340,119,221
E00175143,423,152,271
E00175144,475,136,339
E00175145,228,35,193
E00175146,261,54,207
E00175147,217,47,170
E00175148,275,33,242
E00175149,206,28,178
E00175150,450,163,287
E00175151,244,73,171
E00175152,276,88,188
E00175153,326,114,212
E00175155,312,84,228
E00175156,234,80,154
E00175158,187,43,144
E00175159,291,57,234
E00175160,279,56,223
E00175161,287,65,222
E00175162,210,33,177
E00175163,343,79,264
E00175164,495,130,365
E00175165,218,65,153
E00175166,443,133,310
E00175167,173,28,145
E00175168,276,83,193
E00175169,359,99,260
E00175170,135,38,97
E00175171,414,113,301
E00175172,339,87,252
E00175173,567,200,367
E00175174,382,84,298
E00175175,319,79,240
E00175176,273,55,218
E00175177,199,26,173
E00175178,259,55,204
E00175179,261,76,185
E00175180,352,193,159
E00175181,284,54,230
E00175182,107,27,80
E00175185,220,55,165
E00175186,240,106,134
E00175187,361,72,289
E00175188,150,24,126
E00175192,218,130,88
E00175193,239,49,190
E00175194,291,88,203
E00175196,99,15,84
E00175197,114,22,92
E00175198,349,54,295
E00175199,235,37,198
E00175200,380,162,218
E00175201,201,45,156
E00175202,144,21,123
E00175203,132,11,121
E00175206,503,82,421
E00175207,171,18,153
E00175210,197,39,158
E00175211,216,44,172
E00175215,284,162,122
E00175217,270,39,231
E00175218,238,36,202
E00175219,117,17,100
E00175220,360,73,287
E00175221,333,131,202
E00175222,261,39,222
E00175226,152,32,120
E00175227,328,44,284
E00175228,135,32,103
E00175229,179,18,161
E00175231,298,68,230
E00175232,305,106,199
E00175233,260,70,190
E00175234,198,48,150
E00175235,381,100,281
E00175236,121,16,105
E00175237,214,31,183
E00175238,265,42,223
E00175239,136,15,121
E00175240,128,19,109
E00175241,150,18,132
E00175242,173,41,132
E00175243,141,16,125
E00175244,241,49,192
E00175245,170,31,139
E00175246,210,37,173
E00175247,125,23,102
E00175251,233,33,200
E00175252,129,32,97
E00175253,281,43,238
E00175254,167,19,148
E00175255,166,28,138
E00175256,203,75,128
E00175257,401,76,325
E00175258,155,21,134
E00175259,187,38,149
E00175260,247,76,171
E00175261,302,94,208
E00175262,295,90,205
E00175263,331,109,222
E00175264,213,33,180
E00175265,357,117,240
E00175266,439,121,318
E00175268,379,110,269
E00175269,209,61,148
E00175270,311,82,229
E00175271,221,53,168
E00175272,385,129,256
E00175273,223,78,145
E00175274,322,84,238
E00175275,269,26,243
E00175276,205,56,149
E00175277,293,98,195
E00175278,272,35,237
E00175279,261,64,197
E00175280,336,103,233
E00175281,357,98,259
E00175282,354,76,278
E00175283,293,74,219
E00175284,326,107,219
E00175285,251,64,187
E00175286,380,122,258
E00175287,244,53,191
E00175288,304,77,227
E00175289,254,74,180
E00175290,305,75,230
E00175291,254,69,185
E00175292,372,100,272
E00175293,405,126,279
E00175294,359,124,235
E00175296,392,113,279
E00175297,283,63,220
E00175298,387,58,329
E00175299,353,97,256
E00175300,334,89,245
E00175301,338,57,281
E00175302,274,51,223
E00175303,390,75,315
E00175304,198,22,176
E00175305,245,57,188
E00175306,208,37,171
E00175307,298,85,213
E00175308,342,78,264
E00175309,305,91,214
E00175310,208,44,164
E00175311,301,69,232
E00175312,406,117,289
E00175313,325,73,252
E00175314,107,29,78
E00175315,213,41,172
E00175316,212,66,146
E00175317,152,23,129
E00175318,100,33,67
E00175319,230,52,178
E00175320,432,155,277
E00175321,620,510,110
E00175322,298,194,104
E00175323,227,42,185
E00175324,108,36,72
E00175325,212,34,178
E00175326,251,113,138
E00175327,369,96,273
E00175328,299,73,226
E00175329,362,152,210
E00175330,195,13,182
E00175331,431,120,311
E00175332,271,64,207
E00175333,326,57,269
E00175334,297,52,245
E00175335,236,31,205
E00175336,240,32,208
E00175337,223,47,176
E00175338,195,35,160
E00175339,780,45,735
E00175340,243,42,201
E00175341,326,77,249
E00175342,581,132,449
E00175343,299,83,216
E00175344,195,51,144
E00175345,414,120,294
E00175346,391,102,289
E00175347,312,93,219
E00175348,196,33,163
E00175351,327,69,258
E00175352,268,72,196
E00175353,389,100,289
E00175354,337,73,264
E00175355,466,75,391
E00175356,464,66,398
E00175357,197,23,174
E00175358,274,36,238
E00175359,262,26,236
E00175360,277,69,208
E00175361,207,33,174
E00175362,380,114,266
E00175363,269,65,204
E00175364,111,18,93
E00175365,245,52,193
E00175366,111,28,83
E00175367,222,20,202
E00175368,181,19,162
E00175369,256,29,227
E00175371,238,26,212
E00175372,204,45,159
E00175373,227,37,190
E00175374,271,40,231
E00175377,412,99,313
E00175379,354,74,280
E00175380,330,67,263
E00175382,217,63,154
E00175383,249,42,207
E00175384,280,86,194
E00175385,372,110,262
E00175387,187,22,165
E00175389,145,26,119
E00175390,213,91,122
E00175391,399,73,326
E00175392,268,51,217
E00175393,368,60,308
E00175394,229,27,202
E00175395,173,14,159
E00175396,287,43,244
E00175397,270,45,225
E00175398,156,15,141
E00175399,177,39,138
E00175400,205,45,160
E00175401,216,65,151
E00175402,223,96,127
E00175403,165,44,121
E00175404,404,79,325
E00175405,390,71,319
E00175406,394,73,321
E00175407,335,93,242
E00175410,235,54,181
E00175411,185,35,150
E00175412,406,84,322
E00175413,370,108,262
E00175414,382,79,303
E00175415,323,102,221
E00175416,356,85,271
E00175417,166,53,113
E00175418,223,86,137
E00175419,126,23,103
E00175420,270,90,180
E00175421,202,61,141
E00175422,326,105,221
E00175423,293,88,205
E00175424,314,88,226
E00175425,439,127,312
E00175426,113,24,89
E00175427,262,75,187
E00175428,202,53,149
E00175429,131,37,94
E00175430,359,85,274
E00175431,239,71,168
E00175433,169,32,137
E00175434,374,115,259
E00175436,350,101,249
E00175437,332,100,232
E00175439,328,113,215
E00175440,176,48,128
E00175441,123,31,92
E00175442,430,139,291
E00175443,292,76,216
E00175444,181,35,146
E00175445,302,94,208
E00175446,319,104,215
E00175447,349,103,246
E00175448,173,73,100
E00175449,142,19,123
E00175450,249,66,183
E00175451,253,80,173
E00175452,153,57,96
E00175454,124,24,100
E00175455,481,135,346
E00175459,193,42,151
E00175460,209,36,173
E00175461,290,105,185
E00175462,173,42,131
E00175463,327,68,259
E00175464,265,81,184
E00175465,465,91,374
E00175466,218,33,185
E00175467,229,59,170
E00175468,247,60,187
E00175469,378,108,270
E00175470,381,123,258
E00175471,276,76,200
E00175472,465,137,328
E00175473,345,93,252
E00175474,308,96,212
E00175475,99,8,91
E00175476,387,120,267
E00175477,352,95,257
E00175478,358,90,268
E00175479,520,182,338
E00175480,308,106,202
E00175481,297,67,230
E00175483,252,74,178
E00175485,247,50,197
E00175486,308,92,216
E00175487,325,86,239
E00175488,384,104,280
E00175490,319,94,225
E00175491,313,82,231
E00175492,370,113,257
E00175493,240,66,174
E00175494,317,92,225
E00175495,121,34,87
E00175496,274,69,205
E00175497,233,48,185
E00175498,228,45,183
E00175499,267,66,201
E00175500,290,89,201
E00175502,363,106,257
E00175504,362,89,273
E00175505,284,71,213
E00175506,342,107,235
E00175507,260,82,178
E00175508,204,68,136
E00175509,342,114,228
E00175511,223,48,175
E00175512,231,43,188
E00175513,258,36,222
E00175514,113,11,102
E00175515,226,32,194
E00175516,306,82,224
E00175517,234,28,206
E00175518,149,15,134
E00175520,556,222,334
E00175521,108,34,74
E00175522,760,701,59
E00175524,177,12,165
E00175525,128,23,105
E00175526,277,89,188
E00175527,162,34,128
E00175528,174,21,153
E00175529,339,57,282
E00175530,558,192,366
E00175531,345,102,243
E00175532,228,19,209
E00175533,379,63,316
E00175534,281,49,232
E00175535,293,97,196
E00175536,269,65,204
E00175537,299,93,206
E00175538,362,101,261
E00175539,164,33,131
E00175540,126,13,113
E00175541,429,133,296
E00175542,312,89,223
E00175543,244,56,188
E00175544,162,60,102
E00175545,158,34,124
E00175546,203,30,173
E00175547,281,101,180
E00175548,270,88,182
E00175549,142,41,101
E00175550,243,43,200
E00175551,390,212,178
E00175552,209,35,174
E00175553,621,462,159
E00175555,428,339,89
E00175556,705,582,123
E00175557,131,19,112
E00175558,204,102,102
E00175560,175,28,147
E00175561,208,113,95
E00175562,392,139,253
E00175563,189,20,169
E00175564,632,580,52
E00175565,142,17,125
E00175566,236,40,196
E00175567,341,92,249
E00175568,355,119,236
E00175569,369,135,234
E00175570,345,116,229
E00175571,349,56,293
E00175573,311,74,237
E00175574,372,302,70
E00175576,180,64,116
E00175577,479,112,367
E00175580,219,27,192
E00175581,241,53,188
E00175582,451,98,353
E00175583,609,366,243
E00175585,178,74,104
E00175586,288,88,200
E00175587,129,25,104
E00175588,141,12,129
E00175589,408,79,329
E00175590,218,47,171
E00175592,355,61,294
E00175593,690,554,136
E00175594,454,335,119
E00175599,343,69,274
E00175601,158,39,119
E00175602,208,59,149
E00175603,244,87,157
E00175604,218,53,165
E00175606,487,203,284
E00175607,185,31,154
E00175608,170,28,142
E00175609,244,51,193
E00175611,324,112,212
E00175612,194,65,129
E00175613,304,105,199
E00175614,660,573,87
E00175615,319,138,181
E00175616,186,19,167
E00175618,153,16,137
E00175619,228,32,196
E00175620,195,44,151
E00175624,191,9,182
E00175625,206,45,161
E00175626,339,127,212
E00175630,146,33,113
E00175631,176,26,150
E00175632,144,18,126
E00175634,142,20,122
E00175636,232,44,188
E00175638,133,20,113
E00175639,138,35,103
E00175640,173,32,141
E00175641,310,99,211
E00175642,469,294,175
E00175643,196,35,161
E00175645,158,20,138
E00175648,328,122,206
E00175649,1159,1122,37
E00175650,785,62,723
E00175651,133,18,115
E00175654,331,42,289
E00175655,184,18,166
E00175657,206,51,155
E00175658,152,20,132
E00175659,556,158,398
E00175660,342,63,279
E00175662,228,43,185
E00175663,288,106,182
E00175665,220,18,202
E00175666,156,18,138
E00175667,148,42,106
E00175668,262,33,229
E00175669,450,76,374
E00175670,188,46,142
E00175673,226,71,155
E00175674,112,15,97
E00175675,248,42,206
E00175676,252,61,191
E00175677,298,89,209
E00175678,324,79,245
E00175679,193,28,165
E00175680,138,34,104
E00175684,257,18,239
E00175685,192,31,161
E00175686,213,50,163
E00175687,816,670,146
E00175688,304,93,211
E00175689,429,121,308
E00175690,228,37,191
E00175691,207,33,174
E00175692,332,74,258
E00175693,223,56,167
E00175694,292,84,208
E00175695,316,86,230
E00175696,268,45,223
E00175697,251,35,216
E00175698,215,44,171
E00175699,236,55,181
E00175700,192,47,145
E00175701,237,75,162
E00175703,349,11,338
E00175704,247,59,188
E00175705,323,61,262
E00175706,239,21,218
E00175708,187,13,174
E00175709,98,3,95
E00175710,252,67,185
E00175711,266,78,188
E00175712,270,83,187
E00175713,1330,1219,111
E00175714,253,66,187
E00175715,207,28,179
E00175717,433,150,283
E00175718,716,587,129
E00175720,349,72,277
E00175721,376,124,252
E00175722,332,31,301
E00175723,129,19,110
E00175724,333,94,239
E00175725,395,96,299
E00175726,507,464,43
E00175727,389,99,290
E00175728,223,39,184
E00175729,562,229,333
E00175730,248,38,210
E00175731,515,177,338
E00175732,234,39,195
E00175733,121,22,99
E00175734,334,111,223
E00175735,271,49,222
E00175736,94,21,73
E00175737,211,34,177
E00175740,252,55,197
E00175741,274,46,228
E00175742,243,56,187
E00175743,260,58,202
E00175744,349,84,265
E00175745,157,50,107
E00175746,458,163,295
E00175747,263,26,237
E00175748,211,56,155
E00175749,268,76,192
E00175750,533,214,319
E00175751,208,45,163
E00175752,232,45,187
E00175754,209,45,164
E00175755,264,79,185
E00175756,196,35,161
E00175758,429,354,75
E00175760,148,29,119
E00175761,556,229,327
E00175764,367,139,228
E00175765,307,83,224
E00175766,273,94,179
E00175767,558,163,395
E00175768,587,508,79
E00175770,146,93,53
E00175771,221,30,191
E00175772,334,94,240
E00175773,232,47,185
E00175774,379,147,232
E00175776,375,105,270
E00175777,340,66,274
E00175778,206,21,185
E00175779,161,20,141
E00175780,190,23,167
E00175782,123,22,101
E00175783,715,590,125
E00175784,267,106,161
E00175785,399,113,286
E00175788,214,65,149
E00175789,279,112,167
E00175790,237,30,207
E00175791,186,54,132
E00175792,194,70,124
E00175793,288,122,166
E00175795,431,82,349
E00175796,492,155,337
E00175798,298,100,198
E00175799,279,66,213
E00175800,1723,1654,69
E00175801,275,134,141
E00175802,260,211,49
E00175803,456,104,352
E00175804,304,57,247
E00175805,356,284,72
E00175807,356,226,130
E00175808,1214,1053,161
E00175809,333,196,137
E00175810,143,17,126
E00175814,187,30,157
E00175815,257,133,124
E00175818,367,267,100
E00175822,212,26,186
E00175823,176,17,159
E00175826,600,461,139
E00175827,543,308,235
E00175828,144,54,90
E00175830,328,252,76
E00175831,301,115,186
E00175833,311,98,213
E00175834,349,115,234
E00175835,139,63,76
E00175836,272,68,204
E00175837,509,136,373
E00175838,284,54,230
E00175839,314,98,216
E00175840,334,23,311
E00175842,180,2,178
E00175844,245,31,214
E00175845,155,8,147
E00175846,149,17,132
E00175847,133,6,127
E00175849,309,87,222
E00175852,257,60,197
E00175853,117,24,93
E00175855,256,45,211
E00175856,178,6,172
E00175857,145,36,109
E00175858,186,46,140
E00175859,154,14,140
E00175860,276,37,239
E00175861,370,121,249
E00175862,216,62,154
E00175863,204,66,138
E00175864,349,40,309
E00175865,329,64,265
E00175866,174,21,153
E00175867,207,25,182
E00175868,173,24,149
E00175869,173,42,131
E00175870,393,98,295
E00175871,232,35,197
E00175872,315,39,276
E00175874,168,24,144
E00175876,207,29,178
E00175877,207,33,174
E00175878,514,114,400
E00175879,157,12,145
E00175880,119,18,101
E00175881,299,81,218
E00175882,289,81,208
E00175883,188,18,170
E00175884,232,27,205
E00175885,220,30,190
E00175886,194,29,165
E00175888,316,40,276
E00175889,367,24,343
E00175890,245,53,192
E00175891,232,53,179
E00175892,237,27,210
E00175893,432,121,311
E00175894,531,138,393
E00175896,295,45,250
E00175897,273,89,184
E00175898,243,76,167
E00175899,219,56,163
E00175900,307,100,207
E00175901,246,65,181
E00175902,317,81,236
E00175903,414,145,269
E00175904,553,147,406
E00175905,386,43,343
E00175907,315,143,172
E00175908,308,105,203
E00175909,225,11,214
E00175910,161,8,153
E00175911,295,70,225
E00175912,229,76,153
E00175913,185,40,145
E00175914,355,35,320
E00175915,285,13,272
E00175917,215,9,206
E00175918,313,112,201
E00175919,244,74,170
E00175920,283,102,181
E00175921,199,77,122
E00175924,312,116,196
E00175925,377,129,248
E00175927,400,149,251
E00175930,183,62,121
E00175932,311,137,174
E00175933,111,31,80
E00175934,351,25,326
E00175935,269,38,231
E00175936,219,57,162
E00175939,108,32,76
E00175940,352,128,224
E00175941,358,134,224
E00175942,841,30,811
E00175943,496,208,288
E00175944,371,159,212
E00175946,155,10,145
E00175947,241,20,221
E00175948,175,32,143
E00175949,548,217,331
E00175950,295,72,223
E00175951,301,118,183
E00175952,435,44,391
E00175953,239,79,160
E00175954,323,117,206
E00175955,346,116,230
E00175956,200,54,146
E00175959,215,123,92
E00175960,188,49,139
E00175961,256,75,181
E00175963,200,24,176
E00175964,144,19,125
E00175965,297,77,220
E00175966,300,67,233
E00175967,291,76,215
E00175968,379,153,226
E00175969,201,75,126
E00175970,252,70,182
E00175971,224,20,204
E00175972,456,281,175
E00175973,179,34,145
E00175974,200,30,170
E00175975,312,108,204
E00175976,322,81,241
E00175977,221,50,171
E00175978,225,25,200
E00175979,182,18,164
E00175980,268,66,202
E00175981,263,66,197
E00175982,243,49,194
E00175983,177,11,166
E00175984,172,11,161
E00175985,191,24,167
E00175986,127,12,115
E00175987,190,20,170
E00175988,149,21,128
E00175989,179,13,166
E00175990,321,29,292
E00175991,257,141,116
E00175992,356,87,269
E00175993,194,70,124
E00175994,172,14,158
E00175995,145,15,130
E00175996,195,19,176
E00175998,159,19,140
E00175999,280,37,243
E00176001,507,285,222
E00176003,171,25,146
E00176004,193,27,166
E00176006,199,16,183
E00176007,99,11,88
E00176008,109,5,104
E00176009,189,57,132
E00176010,229,48,181
E00176011,202,31,171
E00176012,362,84,278
E00176013,168,32,136
E00176014,205,31,174
E00176015,282,54,228
E00176016,121,27,94
E00176017,127,15,112
E00176019,349,158,191
E00176020,419,218,201
E00176021,561,356,205
E00176022,261,109,152
E00176023,277,96,181
E00176024,154,18,136
E00176025,128,13,115
E00176026,194,49,145
E00176027,1120,1025,95
E00176028,142,32,110
E00176029,172,22,150
E00176030,1467,1408,59
E00176032,224,22,202
E00176033,312,75,237
E00176034,380,38,342
E00176035,175,17,158
E00176036,247,84,163
E00176037,267,48,219
E00176039,175,34,141
E00176040,232,72,160
E00176042,375,96,279
E00176043,185,35,150
E00176044,286,59,227
E00176045,215,42,173
E00176047,158,49,109
E00176050,188,26,162
E00176052,261,25,236
E00176053,144,22,122
E00176054,295,29,266
E00176057,176,17,159
E00176059,229,40,189
E00176060,331,114,217
E00176062,400,218,182
E00176063,179,66,113
E00176064,174,56,118
E00176065,201,10,191
E00176066,327,112,215
E00176068,240,61,179
E00176069,199,46,153
E00176071,272,88,184
E00176072,314,115,199
E00176073,267,83,184
E00176075,138,37,101
E00176076,258,20,238
E00176077,274,53,221
E00176078,279,62,217
E00176080,355,45,310
E00176081,232,148,84
E00176083,384,117,267
E00176084,162,32,130
E00176085,132,29,103
E00176086,147,17,130
E00176087,234,24,210
E00176088,311,23,288
E00176089,191,19,172
E00176090,220,82,138
E00176092,212,30,182
E00176093,244,128,116
E00176094,137,11,126
E00176095,162,23,139
E00176096,277,65,212
E00176097,564,160,404
E00176098,363,90,273
E00176099,207,11,196
E00176100,213,8,205
E00176101,121,5,116
E00176102,358,105,253
E00176103,200,67,133
E00176104,247,56,191
E00176107,170,22,148
E00176108,187,33,154
E00176109,245,42,203
E00176111,338,42,296
E00176112,419,210,209
E00176113,252,115,137
E00176114,410,166,244
E00176116,191,56,135
E00176117,396,102,294
E00176118,416,128,288
E00176119,298,75,223
E00176120,191,56,135
E00176121,438,103,335
E00176122,282,81,201
E00176123,233,65,168
E00176125,205,54,151
E00176126,253,82,171
E00176127,442,123,319
E00176128,356,98,258
E00176129,221,70,151
E00176131,175,46,129
E00176132,215,93,122
E00176133,381,137,244
E00176134,374,116,258
E00176135,270,57,213
E00176136,178,72,106
E00176137,216,36,180
E00176139,362,90,272
E00176140,402,120,282
E00176141,278,105,173
E00176142,156,39,117
E00176143,516,161,355
E00176144,179,46,133
E00176145,399,129,270
E00176146,223,42,181
E00176147,242,70,172
E00176148,515,152,363
E00176149,434,149,285
E00176150,385,97,288
E00176151,305,98,207
E00176155,373,111,262
E00176156,260,46,214
E00176157,495,175,320
E00176158,176,32,144
E00176159,361,107,254
E00176160,357,117,240
E00176161,508,201,307
E00176162,312,95,217
E00176163,264,72,192
E00176164,341,98,243
E00176166,167,26,141
E00176167,346,94,252
E00176168,450,168,282
E00176169,496,184,312
E00176170,316,70,246
E00176171,301,94,207
E00176172,369,115,254
E00176173,316,93,223
E00176174,375,139,236
E00176175,354,72,282
E00176176,269,47,222
E00176177,264,56,208
E00176178,281,76,205
E00176179,356,82,274
E00176180,364,96,268
E00176181,228,60,168
E00176182,689,568,121
E00176183,328,76,252
E00176184,329,119,210
E00176185,225,59,166
E00176186,257,61,196
E00176187,293,84,209
E00176188,160,54,106
E00176189,307,88,219
E00176190,281,50,231
E00176192,370,138,232
E00176193,259,91,168
E00176194,180,43,137
E00176195,210,81,129
E00176196,477,160,317
E00176197,354,120,234
E00176198,372,110,262
E00176199,299,85,214
E00176200,218,84,134
E00176201,183,41,142
E00176202,257,48,209
E00176203,262,68,194
E00176204,355,105,250
E00176205,245,48,197
E00176206,482,163,319
E00176207,349,91,258
E00176208,206,73,133
E00176209,193,59,134
E00176210,188,58,130
E00176211,521,177,344
E00176212,304,75,229
E00176213,195,10,185
E00176214,390,86,304
E00176215,337,95,242
E00176220,197,18,179
E00176221,375,28,347
E00176222,189,14,175
E00176223,398,23,375
E00176224,232,48,184
E00176225,240,65,175
E00176228,475,116,359
E00176229,508,140,368
E00176234,413,19,394
E00176235,428,69,359
E00176236,259,54,205
E00176237,215,33,182
E00176238,180,24,156
E00176239,433,56,377
E00176240,457,77,380
E00176241,212,54,158
E00176242,338,38,300
E00176246,209,38,171
E00176248,262,33,229
E00176249,225,39,186
E00176250,290,44,246
E00176251,426,87,339
E00176252,213,48,165
E00176253,257,38,219
E00176254,285,70,215
E00176256,436,113,323
E00176258,509,135,374
E00176259,140,21,119
E00176260,200,16,184
E00176261,199,24,175
E00176262,228,16,212
E00176263,186,12,174
E00176265,163,25,138
E00176266,367,89,278
E00176268,121,26,95
E00176269,375,58,317
E00176270,412,108,304
E00176271,285,20,265
E00176272,193,26,167
E00176273,296,73,223
E00176274,275,88,187
E00176275,257,55,202
E00176276,126,13,113
E00176277,128,43,85
E00176278,227,25,202
E00176279,153,15,138
E00176280,207,20,187
E00176281,160,23,137
E00176283,187,22,165
E00176284,202,69,133
E00176287,347,49,298
E00176290,476,122,354
E00176292,452,142,310
E00176293,208,84,124
E00176294,289,86,203
E00176295,232,64,168
E00176296,335,129,206
E00176297,284,101,183
E00176298,310,88,222
E00176299,453,99,354
E00176300,219,47,172
E00176301,474,49,425
E00176302,149,12,137
E00176303,277,35,242
E00176304,239,28,211
E00176305,244,33,211
E00176306,428,65,363
E00176309,206,20,186
E00176310,200,19,181
E00176311,135,14,121
E00176312,161,21,140
E00176313,212,20,192
E00176314,380,110,270
E00176315,235,57,178
E00176316,229,71,158
E00176317,245,38,207
E00176318,267,60,207
E00176319,452,92,360
E00176320,173,8,165
E00176321,145,13,132
E00176322,156,23,133
E00176323,140,19,121
E00176324,273,57,216
E00176326,580,119,461
E00176328,224,36,188
E00176329,128,19,109
E00176330,149,16,133
E00176331,230,18,212
E00176332,181,42,139
E00176333,379,84,295
E00176335,265,92,173
E00176337,291,74,217
E00176339,495,104,391
E00176341,267,44,223
E00176344,213,36,177
E00176345,255,44,211
E00176346,321,64,257
E00176347,233,56,177
E00176348,245,33,212
E00176349,233,29,204
E00176350,154,21,133
E00176351,249,39,210
E00176352,338,72,266
E00176353,381,53,328
E00176354,238,63,175
E00176355,232,39,193
E00176356,394,89,305
E00176357,342,67,275
E00176358,300,54,246
E00176359,349,86,263
E00176360,225,41,184
E00176361,338,59,279
E00176362,272,51,221
E00176363,388,86,302
E00176365,403,106,297
E00176366,252,59,193
E00176367,351,104,247
E00176368,257,45,212
E00176369,418,88,330
E00176370,358,92,266
E00176371,119,24,95
E00176372,327,87,240
E00176373,238,66,172
E00176374,184,27,157
E00176375,267,65,202
E00176376,147,28,119
E00176377,205,51,154
E00176378,276,52,224
E00176379,236,28,208
E00176380,286,41,245
E00176381,319,78,241
E00176382,291,52,239
E00176383,276,32,244
E00176384,152,17,135
E00176385,109,12,97
E00176386,230,32,198
E00176387,283,208,75
E00176388,338,83,255
E00176390,419,74,345
E00176391,264,72,192
E00176392,521,126,395
E00176394,129,16,113
E00176395,244,73,171
E00176396,213,51,162
E00176397,251,57,194
E00176398,252,55,197
E00176399,265,54,211
E00176400,256,46,210
E00176401,385,38,347
E00176402,236,31,205
E00176403,256,56,200
E00176404,217,26,191
E00176405,167,43,124
E00176406,370,125,245
E00176407,259,43,216
E00176409,411,129,282
E00176410,329,86,243
E00176411,317,90,227
E00176412,291,85,206
E00176413,307,77,230
E00176414,351,103,248
E00176415,289,74,215
E00176416,303,80,223
E00176418,190,34,156
E00176419,165,35,130
E00176420,408,264,144
E00176421,257,164,93
E00176423,260,51,209
E00176424,226,39,187
E00176425,167,36,131
E00176426,136,26,110
E00176427,278,48,230
E00176428,322,87,235
E00176429,304,69,235
E00176430,220,67,153
E00176431,238,46,192
E00176432,156,77,79
E00176433,188,35,153
E00176434,319,153,166
E00176435,215,83,132
E00176436,333,80,253
E00176437,202,33,169
E00176438,126,19,107
E00176439,311,77,234
E00176440,281,82,199
E00176442,174,30,144
E00176443,245,31,214
E00176445,379,89,290
E00176446,294,109,185
E00176447,229,34,195
E00176448,274,74,200
E00176449,195,32,163
E00176450,177,28,149
E00176451,290,52,238
E00176452,326,73,253
E00176453,301,58,243
E00176454,374,74,300
E00176455,282,58,224
E00176456,1596,1426,170
E00176457,287,59,228
E00176458,399,123,276
E00176459,179,50,129
E00176460,309,54,255
E00176461,248,76,172
E00176462,312,78,234
E00176463,258,58,200
E00176464,311,64,247
E00176465,465,144,321
E00176471,368,100,268
E00176472,318,83,235
E00176473,283,87,196
E00176474,316,65,251
E00176475,280,64,216
E00176476,211,37,174
E00176477,351,100,251
E00176478,121,23,98
E00176479,283,62,221
E00176480,181,38,143
E00176481,282,61,221
E00176482,325,75,250
E00176483,163,34,129
E00176485,337,124,213
E00176486,167,25,142
E00176487,200,56,144
E00176488,277,36,241
E00176489,269,69,200
E00176491,206,53,153
E00176494,122,15,107
E00176495,170,46,124
E00176496,436,77,359
E00176497,177,38,139
E00176498,400,120,280
E00176500,165,23,142
E00176502,168,28,140
E00176503,236,41,195
E00176504,208,28,180
E00176505,264,41,223
E00176507,472,151,321
E00176511,225,13,212
E00176512,196,17,179
E00176514,397,45,352
E00176517,378,56,322
E00176519,268,60,208
E00176520,257,58,199
E00176521,510,80,430
E00176522,193,33,160
E00176523,211,41,170
E00176524,327,58,269
E00176525,478,65,413
E00176526,208,53,155
E00176527,259,87,172
E00176528,336,96,240
E00176529,420,136,284
E00176530,1090,24,1066
E00176531,336,99,237
E00176532,389,105,284
E00176533,409,92,317
E00176534,366,119,247
E00176535,553,258,295
E00176536,310,97,213
E00176537,256,59,197
E00176539,502,53,449
E00176540,259,81,178
E00176541,159,37,122
E00176542,312,105,207
E00176543,289,98,191
E00176544,175,22,153
E00176545,246,58,188
E00176546,209,40,169
E00176547,167,20,147
E00176548,258,33,225
E00176549,201,61,140
E00176550,193,39,154
E00176551,277,93,184
E00176552,480,181,299
E00176553,245,52,193
E00176555,276,55,221
E00176556,255,21,234
E00176557,222,68,154
E00176558,293,85,208
E00176559,299,105,194
E00176562,460,147,313
E00176563,371,128,243
E00176564,389,168,221
E00176565,329,83,246
E00176566,321,52,269
E00176567,190,46,144
E00176569,111,14,97
E00176570,309,77,232
E00176571,348,91,257
E00176572,179,58,121
E00176573,226,66,160
E00176574,214,66,148
E00176575,249,65,184
E00176576,339,108,231
E00176577,241,68,173
E00176578,316,71,245
E00176579,132,10,122
E00176581,555,141,414
E00176582,297,73,224
E00176583,173,10,163
E00176584,238,35,203
E00176585,294,53,241
E00176586,214,55,159
E00176587,380,140,240
E00176588,137,27,110
E00176589,233,64,169
E00176590,186,27,159
E00176591,245,33,212
E00176593,381,121,260
E00176594,250,54,196
E00176595,252,56,196
E00176596,313,61,252
E00176597,515,111,404
E00176598,239,63,176
E00176599,202,31,171
E00176600,187,30,157
E00176601,450,150,300
E00176602,100,23,77
E00176603,150,7,143
E00176604,97,8,89
E00176605,157,18,139
E00176606,132,11,121
E00176607,196,15,181
E00176608,145,7,138
E00176610,339,51,288
E00176611,164,109,55
E00176612,368,230,138
E00176613,136,51,85
E00176618,130,12,118
E00176620,239,79,160
E00176622,121,13,108
E00176624,1151,1024,127
E00176627,253,31,222
E00176628,286,49,237
E00176629,122,34,88
E00176630,275,43,232
E00176631,174,35,139
E00176632,217,46,171
E00176633,114,21,93
E00176635,257,114,143
E00176640,342,116,226
E00176641,198,54,144
E00176642,329,114,215
E00176643,202,48,154
E00176644,141,44,97
E00176646,231,103,128
E00176647,273,57,216
E00176648,358,63,295
E00176649,183,20,163
E00176652,319,112,207
E00176653,375,84,291
E00176654,127,16,111
E00176656,148,9,139
E00176657,219,39,180
E00176658,196,66,130
E00176660,147,20,127
E00176661,223,207,16
E00176662,246,59,187
E00176663,402,127,275
E00176664,197,37,160
E00176666,201,35,166
E00176667,363,70,293
E00176668,431,83,348
E00176669,178,20,158
E00176670,246,30,216
E00176671,294,45,249
E00176672,165,19,146
E00176673,179,33,146
E00176675,205,39,166
E00176676,128,43,85
E00176677,285,54,231
E00176678,264,34,230
E00176679,235,59,176
E00176681,115,23,92
E00176682,106,3,103
E00176684,188,23,165
E00176685,309,72,237
E00176686,359,109,250
E00176691,353,257,96
E00176693,150,57,93
E00176696,426,116,310
E00176697,264,47,217
E00176698,141,99,42
E00176699,534,146,388
E00176702,276,189,87
E00176703,482,139,343
E00176704,195,38,157
E00176705,133,16,117
E00176706,297,78,219
E00176707,455,114,341
E00176708,364,118,246
E00176709,531,453,78
E00176711,338,276,62
E00176712,432,385,47
E00176713,333,248,85
E00176714,118,18,100
E00176715,114,8,106
E00176716,138,17,121
E00176717,176,57,119
E00176718,325,157,168
E00176719,146,18,128
E00176720,246,42,204
E00176721,273,36,237
E00176722,468,162,306
E00176723,267,51,216
E00176724,158,29,129
E00176725,286,40,246
E00176726,401,182,219
E00176727,327,95,232
E00176728,834,24,810
E00176729,219,48,171
E00176730,117,16,101
E00176731,115,18,97
E00176732,378,167,211
E00176733,217,59,158
E00176734,151,19,132
E00176736,166,34,132
E00176737,173,47,126
E00176738,108,9,99
E00176739,166,31,135
E00176740,420,324,96
E00176741,240,39,201
E00176742,189,39,150
E00176743,427,86,341
E00176744,331,272,59
E00176745,352,83,269
E00176748,315,226,89
E00176749,236,44,192
E00176750,242,58,184
E00176751,230,41,189
E00176752,540,291,249
E00176753,235,60,175
E00176754,258,61,197
E00176755,290,62,228
E00176756,262,34,228
E00176757,184,23,161
E00176758,547,481,66
E00176759,236,67,169
E00176760,190,52,138
E00176761,225,62,163
E00176762,186,45,141
E00176765,214,32,182
E00176766,161,32,129
E00176768,507,60,447
E00176769,159,19,140
E00176770,134,30,104
E00176771,469,387,82
E00176772,248,52,196
E00176773,160,35,125
E00176775,454,93,361
E00176776,220,44,176
E00176777,303,71,232
E00176778,182,26,156
E00176779,94,17,77
E00176780,212,25,187
E00176781,108,3,105
E00176782,303,54,249
E00176783,267,51,216
E00176784,158,36,122
E00176785,134,33,101
E00176786,246,65,181
E00176787,128,29,99
E00176788,484,117,367
E00176789,322,65,257
E00176790,289,63,226
E00176791,119,26,93
E00176792,121,22,99
E00176793,283,42,241
E00176794,566,157,409
E00176795,183,32,151
E00176796,201,39,162
E00176797,149,26,123
E00176798,550,154,396
E00176799,423,80,343
E00176800,141,24,117
E00176801,198,15,183
E00176802,444,83,361
E00176803,379,74,305
E00176804,410,66,344
E00176805,264,71,193
E00176806,218,41,177
E00176807,197,31,166
E00176808,410,113,297
E00176809,179,49,130
E00176810,216,42,174
E00176811,170,34,136
E00176812,345,48,297
E00176813,281,40,241
E00176814,512,101,411
E00176815,250,43,207
E00176816,379,67,312
E00176817,98,21,77
E00176818,392,53,339
E00176819,140,24,116
E00176820,394,94,300
E00176821,181,54,127
E00176822,525,107,418
E00176823,483,51,432
E00176824,174,31,143
E00176825,291,45,246
E00176826,106,4,102
E00176827,335,71,264
E00176828,152,39,113
E00176829,514,452,62
E00176830,283,68,215
E00176831,420,101,319
E00176832,296,75,221
E00176833,358,76,282
E00176834,234,34,200
E00176835,180,24,156
E00176836,436,108,328
E00176837,362,84,278
E00176838,356,76,280
E00176839,294,65,229
E00176840,130,19,111
E00176841,308,69,239
E00176842,247,30,217
E00176843,188,21,167
E00176844,368,132,236
E00176845,112,21,91
E00176846,371,84,287
E00176847,511,134,377
E00176848,99,16,83
E00176849,366,70,296
E00176850,245,29,216
E00176851,391,101,290
E00176852,257,63,194
E00176853,157,21,136
E00176854,357,74,283
E00176855,208,41,167
E00176856,284,81,203
E00176857,87,17,70
E00176858,211,13,198
E00176859,216,31,185
E00176860,520,123,397
E00176861,360,83,277
E00176862,335,66,269
E00176863,285,71,214
E00176864,100,11,89
E00176865,401,109,292
E00176866,217,32,185
E00176867,377,108,269
E00176868,329,97,232
E00176869,135,9,126
E00176870,357,71,286
E00176871,427,97,330
E00176872,337,42,295
E00176873,485,123,362
E00176874,357,72,285
E00176875,233,43,190
E00176876,249,53,196
E00176877,160,5,155
E00176878,366,77,289
E00176879,425,67,358
E00176880,104,14,90
E00176881,288,55,233
E00176882,205,11,194
E00176883,178,27,151
E00176884,135,28,107
E00176885,343,63,280
E00176886,286,59,227
E00176887,423,93,330
E00176888,159,33,126
E00176889,328,58,270
E00176890,103,18,85
E00176891,364,84,280
E00176892,300,60,240
E00176893,280,49,231
E00176894,538,119,419
E00176895,303,92,211
E00176896,237,18,219
E00176897,313,81,232
E00176898,221,32,189
E00176899,293,56,237
E00176900,238,57,181
E00176901,158,22,136
E00176902,417,63,354
E00176903,99,9,90
E00176904,196,26,170
E00176905,208,26,182
E00176906,522,133,389
E00176907,296,41,255
E00176908,218,49,169
E00176909,421,116,305
E00176910,157,37,120
E00176911,412,118,294
E00176912,464,123,341
E00176913,410,118,292
E00176914,263,66,197
E00176915,413,115,298
E00176916,409,100,309
E00176917,390,46,344
E00176918,118,20,98
E00176919,195,16,179
E00176920,431,120,311
E00176921,161,26,135
E00176922,324,93,231
E00176923,200,76,124
E00176924,307,45,262
E00176925,222,33,189
E00176926,247,45,202
E00176927,113,8,105
E00176928,427,135,292
E00176929,339,64,275
E00176930,206,47,159
E00176931,262,60,202
E00176932,501,169,332
E00176933,409,64,345
E00176934,378,51,327
E00176935,494,99,395
E00176936,223,21,202
E00176937,403,84,319
E00176938,243,51,192
E00176939,130,22,108
E00176940,414,104,310
E00176941,274,55,219
E00176942,171,57,114
E00176943,246,94,152
E00176944,404,158,246
E00176945,281,55,226
E00176946,284,69,215
E00176947,236,28,208
E00176948,316,24,292
E00176949,259,44,215
E00176950,522,132,390
E00176951,385,61,324
E00176952,387,51,336
E00176953,163,12,151
E00176954,235,52,183
E00176955,177,39,138
E00176956,200,65,135
E00176957,98,29,69
E00176958,374,44,330
E00176959,224,25,199
E00176960,388,97,291
E00176961,304,66,238
E00176962,400,107,293
E00176963,457,142,315
E00176964,103,9,94
E00176965,128,21,107
E00176966,122,29,93
E00176967,270,61,209
E00176968,163,34,129
E00176969,309,67,242
E00176970,134,29,105
E00176971,538,167,371
E00176972,430,118,312
E00176973,484,95,389
E00176974,447,84,363
E00176975,183,28,155
E00176976,395,96,299
E00176977,304,51,253
E00176978,480,108,372
E00176979,368,83,285
E00176980,128,19,109
E00176981,99,13,86
E00176982,402,96,306
E00176983,352,88,264
E00176984,267,34,233
E00176985,432,61,371
E00176986,485,96,389
E00176987,367,108,259
E00176988,459,107,352
E00176989,401,37,364
E00176990,250,31,219
E00176991,279,44,235
E00176992,289,70,219
E00176993,152,2,150
E00176994,254,58,196
E00176995,303,85,218
E00176996,421,104,317
E00176997,279,46,233
E00176998,108,12,96
E00176999,223,40,183
E00177000,414,78,336
E00177001,359,101,258
E00177002,157,28,129
E00177003,513,147,366
E00177004,163,44,119
E00177005,112,19,93
E00177006,383,64,319
E00177007,359,85,274
E00177008,196,23,173
E00177009,488,93,395
E00177010,463,59,404
E00177011,402,98,304
E00177012,117,16,101
E00177013,255,36,219
E00177014,112,21,91
E00177015,265,48,217
E00177016,403,99,304
E00177017,277,71,206
E00177018,242,24,218
E00177019,124,17,107
E00177020,174,23,151
E00177021,223,40,183
E00177022,227,34,193
E00177023,324,50,274
E00177024,330,35,295
E00177025,505,33,472
E00177026,201,43,158
E00177027,150,13,137
E00177028,524,92,432
E00177029,226,48,178
E00177030,361,104,257
E00177031,258,42,216
E00177032,369,109,260
E00177033,272,69,203
E00177034,246,47,199
E00177035,262,42,220
E00177036,226,55,171
E00177037,257,51,206
E00177038,138,17,121
E00177039,340,52,288
E00177040,252,74,178
E00177041,206,39,167
E00177042,337,95,242
E00177043,271,69,202
E00177044,179,42,137
E00177045,163,25,138
E00177046,147,47,100
E00177047,284,51,233
E00177048,309,104,205
E00177049,330,94,236
E00177050,91,12,79
E00177051,283,53,230
E00177052,350,86,264
E00177053,212,25,187
E00177054,535,105,430
E00177055,233,41,192
E00177056,289,59,230
E00177057,426,103,323
E00177058,491,138,353
E00177059,224,61,163
E00177060,257,62,195
E00177061,157,38,119
E00177062,299,51,248
E00177063,131,5,126
E00177064,210,42,168
E00177065,287,46,241
E00177066,300,104,196
E00177067,453,106,347
E00177068,210,65,145
E00177069,556,159,397
E00177070,249,45,204
E00177071,454,137,317
E00177072,326,70,256
E00177073,503,141,362
E00177074,396,150,246
E00177075,459,91,368
E00177076,406,91,315
E00177077,421,144,277
E00177078,373,123,250
E00177079,147,19,128
E00177080,295,77,218
E00177081,114,0,114
E00177082,245,46,199
E00177083,466,141,325
E00177084,194,38,156
E00177085,148,25,123
E00177086,478,120,358
E00177087,155,41,114
E00177088,358,108,250
E00177089,158,57,101
E00177090,215,64,151
E00177091,268,46,222
E00177092,230,51,179
E00177093,221,28,193
E00177094,120,21,99
E00177095,135,42,93
E00177096,272,68,204
E00177097,246,80,166
E00177098,497,78,419
E00177099,519,367,152
E00177100,129,49,80
E00177101,374,68,306
E00177102,275,64,211
E00177103,117,1,116
E00177104,124,32,92
E00177105,534,97,437
E00177106,305,64,241
E00177107,248,30,218
E00177108,366,70,296
E00177109,380,141,239
E00177110,298,50,248
E00177111,109,11,98
E00177112,143,33,110
E00177113,111,34,77
E00177114,227,55,172
E00177115,355,99,256
E00177116,123,24,99
E00177117,537,146,391
E00177118,151,21,130
E00177119,108,12,96
E00177120,314,74,240
E00177121,292,90,202
E00177122,485,228,257
E00177123,112,30,82
E00177124,301,70,231
E00177125,220,41,179
E00177126,257,46,211
E00177127,121,22,99
E00177128,405,150,255
E00177129,375,75,300
E00177130,426,90,336
E00177131,350,60,290
E00177132,481,99,382
E00177133,470,161,309
E00177134,499,41,458
E00177135,246,32,214
E00177136,384,150,234
E00177137,296,39,257
E00177138,524,110,414
E00177139,198,65,133
E00177140,479,194,285
E00177141,312,88,224
E00177142,446,101,345
E00177143,298,42,256
E00177144,433,101,332
E00177145,185,42,143
E00177146,430,140,290
E00177147,275,61,214
E00177148,169,31,138
E00177149,344,104,240
E00177150,153,26,127
E00177151,477,143,334
E00177152,503,114,389
E00177153,120,22,98
E00177154,204,33,171
E00177155,429,132,297
E00177156,532,217,315
E00177157,382,93,289
E00177158,506,99,407
E00177159,321,83,238
E00177160,315,52,263
E00177161,200,82,118
E00177162,354,87,267
E00177163,144,41,103
E00177164,406,120,286
E00177165,573,126,447
E00177166,498,64,434
E00177167,192,42,150
E00177168,263,28,235
E00177169,362,98,264
E00177170,157,31,126
E00177171,462,83,379
E00177172,403,104,299
E00177173,415,75,340
E00177174,124,16,108
E00177175,169,32,137
E00177176,102,20,82
E00177177,190,10,180
E00177178,133,32,101
E00177179,251,53,198
E00177180,270,64,206
E00177181,208,35,173
E00177182,521,102,419
E00177183,166,40,126
E00177184,185,46,139
E00177185,311,74,237
E00177186,534,105,429
E00177187,205,31,174
E00177188,215,43,172
E00177189,285,62,223
E00177190,299,65,234
E00177191,177,32,145
E00177192,200,80,120
E00177193,217,36,181
E00177194,147,22,125
E00177195,470,110,360
E00177196,346,73,273
E00177197,204,61,143
E00177198,130,30,100
E00177199,337,76,261
E00177200,244,42,202
E00177201,252,36,216
E00177202,249,63,186
E00177203,278,65,213
E00177204,316,71,245
E00177205,116,28,88
E00177206,493,133,360
E00177207,196,54,142
E00177208,228,23,205
E00177209,336,68,268
E00177210,324,63,261
E00177211,280,106,174
E00177212,173,36,137
E00177213,116,32,84
E00177214,377,53,324
E00177215,185,45,140
E00177216,392,85,307
E00177217,326,68,258
E00177218,141,28,113
E00177219,332,97,235
E00177220,156,62,94
E00177221,375,111,264
E00177222,314,32,282
E00177223,532,109,423
E00177224,339,58,281
E00177225,427,162,265
E00177226,113,21,92
E00177227,438,90,348
E00177228,476,102,374
E00177229,105,17,88
E00177230,516,124,392
E00177231,178,30,148
E00177232,249,20,229
E00177233,377,66,311
E00177234,115,15,100
E00177235,521,173,348
E00177236,348,67,281
E00177237,896,664,232
E00177238,726,503,223
E00177239,774,585,189
E00177240,228,7,221
E00177241,547,111,436
E00177242,155,44,111
E00177243,163,29,134
E00177244,129,37,92
E00177245,203,26,177
E00177246,292,29,263
E00177247,163,28,135
E00177248,354,76,278
E00177249,410,67,343
E00177250,340,64,276
E00177251,237,49,188
E00177252,380,107,273
E00177253,155,51,104
E00177254,109,5,104
E00177255,324,45,279
E00177256,237,57,180
E00177257,515,147,368
E00177258,272,44,228
E00177259,202,55,147
E00177260,108,22,86
E00177261,233,35,198
E00177262,408,35,373
E00177263,282,80,202
E00177264,175,38,137
E00177265,371,78,293
E00177266,381,72,309
E00177267,365,21,344
E00177268,200,40,160
E00177269,585,218,367
E00177270,328,44,284
E00177271,457,113,344
E00177272,230,63,167
E00177273,206,28,178
E00177274,270,73,197
E00177275,249,39,210
E00177276,393,110,283
E00177277,270,81,189
E00177278,191,68,123
E00177279,212,53,159
E00177280,419,116,303
E00177281,169,22,147
E00177282,115,9,106
E00177283,105,26,79
E00177284,287,11,276
E00177285,125,9,116
E00177286,265,67,198
E00177287,316,121,195
E00177288,411,52,359
E00177289,371,97,274
E00177290,111,14,97
E00177291,471,128,343
E00177292,546,100,446
E00177293,182,34,148
E00177294,297,44,253
E00177295,290,80,210
E00177296,376,115,261
E00177297,355,81,274
E00177298,277,27,250
E00177299,154,44,110
E00177300,327,78,249
E00177301,420,40,380
E00177302,263,21,242
E00177303,331,61,270
E00177304,117,18,99
E00177305,104,15,89
E00177306,279,37,242
E00177307,240,64,176
E00177308,306,66,240
E00177309,257,34,223
E00177310,177,9,168
E00177311,350,46,304
E00177312,163,37,126
E00177313,179,52,127
E00177314,530,113,417
E00177315,410,42,368
E00177316,493,114,379
E00177317,150,3,147
E00177318,298,50,248
E00177319,250,49,201
E00177320,285,99,186
E00177321,163,24,139
E00177322,169,32,137
E00177323,218,26,192
E00177324,287,19,268
E00177325,378,97,281
E00177326,164,18,146
E00177327,98,6,92
E00177328,409,99,310
E00177329,101,11,90
E00177330,586,445,141
E00177331,318,40,278
E00177332,355,69,286
E00177333,274,60,214
E00177334,398,103,295
E00177335,475,58,417
E00177336,193,15,178
E00177337,147,27,120
E00177338,429,125,304
E00177339,126,23,103
E00177340,208,18,190
E00177341,391,104,287
E00177342,96,8,88
E00177343,260,48,212
E00177344,310,48,262
E00177345,161,24,137
E00177346,341,86,255
E00177347,348,89,259
E00177348,97,12,85
E00177349,235,64,171
E00177350,257,57,200
E00177351,408,107,301
E00177352,127,33,94
E00177353,398,74,324
E00177354,378,37,341
E00177355,193,39,154
E00177356,492,106,386
E00177357,175,18,157
E00177358,169,18,151
E00177359,297,59,238
E00177360,123,10,113
E00177361,124,5,119
E00177362,183,37,146
E00177363,335,60,275
E00177364,162,29,133
E00177365,435,93,342
E00177366,523,109,414
E00177367,460,110,350
E00177368,406,102,304
E00177369,315,77,238
E00177370,420,96,324
E00177371,382,66,316
E00177372,348,75,273
E00177373,186,76,110
E00177374,225,67,158
E00177375,517,155,362
E00177376,290,80,210
E00177377,101,34,67
E00177378,176,42,134
E00177379,112,25,87
E00177380,369,92,277
E00177381,227,53,174
E00177382,135,41,94
E00177383,160,38,122
E00177384,287,58,229
E00177385,272,68,204
E00177386,502,138,364
E00177387,504,173,331
E00177388,233,40,193
E00177389,312,103,209
E00177390,349,120,229
E00177391,296,91,205
E00177392,246,45,201
E00177393,303,122,181
E00177394,475,105,370
E00177395,118,31,87
E00177396,120,17,103
E00177397,327,76,251
E00177398,112,36,76
E00177399,367,55,312
E00177400,157,26,131
E00177401,232,61,171
E00177402,167,84,83
E00177403,306,50,256
E00177404,352,49,303
E00177405,434,190,244
E00177406,445,163,282
E00177407,135,55,80
E00177408,419,130,289
E00177409,185,23,162
E00177410,271,73,198
E00177411,387,74,313
E00177412,305,99,206
E00177413,290,67,223
E00177414,157,41,116
E00177415,143,35,108
E00177416,433,147,286
E00177417,367,81,286
E00177418,547,126,421
E00177419,135,35,100
E00177420,577,129,448
E00177421,540,171,369
E00177422,393,180,213
E00177423,474,142,332
E00177424,371,96,275
E00177425,419,183,236
E00177426,322,117,205
E00177427,202,68,134
E00177428,280,75,205
E00177429,290,61,229
E00177430,253,63,190
E00177431,352,74,278
E00177432,100,10,90
E00177433,98,21,77
E00177434,212,38,174
E00177435,301,86,215
E00177436,254,57,197
E00177437,122,20,102
E00177438,328,125,203
E00177439,401,96,305
E00177440,355,132,223
E00177441,173,79,94
E00177442,445,94,351
E00177443,404,97,307
E00177444,254,52,202
E00177445,166,43,123
E00177446,493,152,341
E00177447,178,70,108
E00177448,219,48,171
E00177449,466,92,374
E00177450,303,99,204
E00177451,275,81,194
E00177452,478,143,335
E00177453,343,127,216
E00177454,357,83,274
E00177455,272,89,183
E00177456,187,15,172
E00177457,369,107,262
E00177458,505,187,318
E00177459,443,152,291
E00177460,286,41,245
E00177461,469,167,302
E00177462,93,16,77
E00177463,164,23,141
E00177464,240,71,169
E00177465,337,80,257
E00177466,151,31,120
E00177467,281,47,234
E00177468,341,87,254
E00177469,459,140,319
E00177470,256,70,186
E00177471,359,111,248
E00177472,536,127,409
E00177473,207,97,110
E00177474,450,140,310
E00177475,176,23,153
E00177476,189,51,138
E00177477,358,99,259
E00177478,401,104,297
E00177479,211,41,170
E00177480,180,43,137
E00177481,609,128,481
E00177482,444,130,314
E00177483,311,101,210
E00177484,411,69,342
E00177485,448,61,387
E00177486,571,142,429
E00177487,314,93,221
E00177488,442,218,224
E00177489,238,33,205
E00177490,118,15,103
E00177491,343,115,228
E00177492,571,209,362
E00177493,309,56,253
E00177494,126,16,110
E00177495,134,18,116
E00177496,264,58,206
E00177497,324,65,259
E00177498,276,64,212
E00177499,337,46,291
E00177500,350,76,274
E00177501,129,36,93
E00177502,145,18,127
E00177503,253,75,178
E00177504,207,28,179
E00177505,238,59,179
E00177506,225,38,187
E00177507,165,27,138
E00177508,117,4,113
E00177509,130,37,93
E00177510,569,77,492
E00177511,358,165,193
E00177512,173,56,117
E00177513,154,28,126
E00177514,198,57,141
E00177515,397,49,348
E00177516,488,105,383
E00177517,467,77,390
E00177518,227,84,143
E00177519,339,66,273
E00177520,105,18,87
E00177521,532,130,402
E00177522,105,8,97
E00177523,346,93,253
E00177524,379,77,302
E00177525,242,83,159
E00177526,265,34,231
E00177527,253,25,228
E00177528,524,108,416
E00177529,309,22,287
E00177530,417,109,308
E00177531,227,40,187
E00177532,457,59,398
E00177533,179,52,127
E00177534,376,100,276
E00177535,253,72,181
E00177536,379,40,339
E00177537,129,32,97
E00177538,198,52,146
E00177539,389,77,312
E00177540,169,54,115
E00177541,229,41,188
E00177542,209,45,164
E00177543,445,171,274
E00177544,175,22,153
E00177545,356,151,205
E00177546,246,22,224
E00177547,322,61,261
E00177548,122,8,114
E00177549,135,19,116
E00177550,510,158,352
E00177551,355,59,296
E00177552,306,43,263
E00177553,413,78,335
E00177554,161,19,142
E00177555,323,92,231
E00177556,158,6,152
E00177557,115,13,102
E00177558,157,21,136
E00177559,223,25,198
E00177560,414,105,309
E00177561,217,51,166
E00177562,207,59,148
E00177563,368,42,326
E00177564,316,94,222
E00177565,224,50,174
E00177566,129,22,107
E00177567,210,44,166
E00177568,259,36,223
E00177569,303,58,245
E00177570,146,23,123
E00177571,203,26,177
E00177572,315,73,242
E00177573,284,46,238
E00177574,275,55,220
E00177575,374,68,306
E00177576,100,30,70
E00177577,316,152,164
E00177578,185,56,129
E00177579,118,22,96
E00177580,569,123,446
E00177581,323,111,212
E00177582,380,53,327
E00177583,190,12,178
E00177584,246,38,208
E00177585,417,153,264
E00177586,445,129,316
E00177587,197,25,172
E00177588,397,95,302
E00177589,236,58,178
E00177590,260,65,195
E00177591,707,615,92
E00177592,223,25,198
E00177593,142,16,126
E00177594,365,54,311
E00177595,279,53,226
E00177596,391,70,321
E00177597,302,53,249
E00177598,355,78,277
E00177599,350,97,253
E00177600,241,18,223
E00177601,723,22,701
E00177602,148,26,122
E00177603,197,56,141
E00177604,224,26,198
E00177605,199,37,162
E00177606,226,34,192
E00177607,205,38,167
E00177608,96,13,83
E00177609,278,23,255
E00177610,194,66,128
E00177611,188,30,158
E00177612,108,20,88
E00177613,137,35,102
E00177614,135,25,110
E00177615,167,71,96
E00177616,211,70,141
E00177617,155,45,110
E00177618,148,17,131
E00177619,150,31,119
E00177620,163,16,147
E00177621,306,47,259
E00177622,402,117,285
E00177623,313,75,238
E00177624,114,12,102
E00177625,234,58,176
E00177626,199,22,177
E00177627,176,11,165
E00177628,525,138,387
E00177629,502,126,376
E00177630,114,21,93
E00177631,123,12,111
E00177632,320,42,278
E00177633,147,33,114
E00177634,275,94,181
E00177635,403,67,336
E00177636,280,108,172
E00177637,106,14,92
E00177638,559,208,351
E00177639,296,61,235
E00177640,94,8,86
E00177641,240,8,232
E00177642,287,13,274
E00177643,444,85,359
E00177644,415,94,321
E00177645,265,74,191
E00177646,393,94,299
E00177647,180,44,136
E00177648,255,45,210
E00177649,128,22,106
E00177650,445,158,287
E00177651,194,26,168
E00177652,278,58,220
E00177653,338,74,264
E00177654,349,41,308
E00177655,181,31,150
E00177656,121,32,89
E00177657,317,94,223
E00177658,451,69,382
E00177659,344,69,275
E00177660,193,37,156
E00177661,98,9,89
E00177662,473,71,402
E00177663,224,49,175
E00177664,393,94,299
E00177665,413,168,245
E00177666,320,56,264
E00177667,151,10,141
E00177668,126,10,116
E00177669,104,33,71
E00177670,347,37,310
E00177671,226,30,196
E00177672,293,95,198
E00177673,178,15,163
E00177674,305,93,212
E00177675,137,17,120
E00177676,151,33,118
E00177677,264,57,207
E00177678,277,142,135
E00177679,223,23,200
E00177680,251,186,65
E00177681,187,23,164
E00177682,171,42,129
E00177683,443,77,366
E00177684,180,7,173
E00177685,173,13,160
E00177686,249,39,210
E00177687,243,48,195
E00177688,277,44,233
E00177689,282,64,218
E00177690,140,5,135
E00177691,118,25,93
E00177692,196,18,178
E00177693,400,130,270
E00177694,298,26,272
E00177695,370,94,276
E00177696,275,59,216
E00177697,263,47,216
E00177698,198,51,147
E00177699,238,39,199
E00177700,170,59,111
E00177701,372,111,261
E00177702,249,18,231
E00177703,231,40,191
E00177704,348,91,257
E00177705,97,6,91
E00177706,368,78,290
E00177707,185,11,174
E00177708,294,65,229
E00177709,276,48,228
E00177710,327,84,243
E00177711,499,127,372
E00177712,354,58,296
E00177713,419,70,349
E00177714,148,28,120
E00177715,103,16,87
E00177716,353,68,285
E00177717,246,67,179
E00177718,169,31,138
E00177719,265,37,228
E00177720,108,3,105
E00177721,568,109,459
E00177722,102,16,86
E00177723,463,90,373
E00177724,105,22,83
E00177725,334,41,293
E00177726,176,19,157
E00177727,388,92,296
E00177728,382,84,298
E00177729,257,44,213
E00177730,475,54,421
E00177731,293,54,239
E00177732,180,13,167
E00177733,110,32,78
E00177734,402,80,322
E00177735,119,14,105
E00177736,296,56,240
E00177737,317,49,268
E00177738,316,46,270
E00177739,216,36,180
E00177740,203,65,138
E00177741,305,53,252
E00177742,402,87,315
E00177743,148,45,103
E00177744,241,34,207
E00177745,313,86,227
E00177746,210,18,192
E00177747,238,21,217
E00177748,240,40,200
E00177749,220,11,209
E00177750,527,148,379
E00177751,477,89,388
E00177752,262,57,205
E00177753,413,163,250
E00177754,303,44,259
E00177755,257,38,219
E00177756,221,51,170
E00177757,294,43,251
E00177758,307,81,226
E00177759,291,31,260
E00177760,383,115,268
E00177761,616,201,415
E00177762,637,316,321
E00177763,324,85,239
E00177764,332,95,237
E00177765,293,81,212
E00177766,260,96,164
E00177767,441,127,314
E00177768,385,69,316
E00177769,552,434,118
E00177770,514,145,369
E00177771,148,9,139
E00177772,394,107,287
E00177773,489,158,331
E00177774,328,86,242
E00177775,384,104,280
E00177776,327,107,220
E00177777,275,71,204
E00177778,122,43,79
E00177779,320,110,210
E00177780,404,153,251
E00177781,243,49,194
E00177782,128,56,72
E00177783,128,28,100
E00177784,223,78,145
E00177785,191,41,150
E00177786,172,55,117
E00177787,206,30,176
E00177788,212,36,176
E00177789,484,72,412
E00177790,397,152,245
E00177791,402,141,261
E00177792,219,24,195
E00177793,277,159,118
E00177794,518,107,411
E00177795,114,27,87
E00177796,343,97,246
E00177797,401,170,231
E00177798,341,112,229
E00177799,305,63,242
E00177800,263,68,195
E00177801,393,114,279
E00177802,114,11,103
E00177803,261,72,189
E00177804,147,24,123
E00177805,398,97,301
E00177806,144,42,102
E00177807,333,56,277
E00177808,174,25,149
E00177809,166,31,135
E00177810,147,31,116
E00177811,279,39,240
E00177812,195,80,115
E00177813,158,65,93
E00177814,127,11,116
E00177815,188,28,160
E00177816,260,84,176
E00177817,284,77,207
E00177818,214,77,137
E00177819,282,106,176
E00177820,310,99,211
E00177821,278,25,253
E00177822,180,66,114
E00177823,341,98,243
E00177824,104,12,92
E00177825,514,222,292
E00177826,367,48,319
E00177827,355,134,221
E00177828,306,86,220
E00177829,235,107,128
E00177830,332,97,235
E00177831,404,81,323
E00177832,442,170,272
E00177833,198,56,142
E00177834,483,142,341
E00177835,290,44,246
E00177836,321,34,287
E00177837,500,162,338
E00177838,543,198,345
E00177839,114,19,95
E00177840,410,166,244
E00177841,487,128,359
E00177842,453,184,269
E00177843,335,102,233
E00177844,281,126,155
E00177845,336,117,219
E00177846,330,70,260
E00177847,269,52,217
E00177848,155,10,145
E00177849,174,75,99
E00177850,354,117,237
E00177851,239,65,174
E00177852,147,46,101
E00177853,283,126,157
E00177854,425,119,306
E00177855,559,492,67
E00177856,315,64,251
E00177857,228,83,145
E00177858,124,23,101
E00177859,159,36,123
E00177860,268,152,116
E00177861,130,20,110
E00177862,457,195,262
E00177863,566,118,448
E00177864,401,112,289
E00177865,190,68,122
E00177866,470,111,359
E00177867,282,53,229
E00177868,550,196,354
E00177869,297,84,213
E00177870,541,124,417
E00177871,170,39,131
E00178043,225,58,167
E00178044,616,471,145
E00178045,351,220,131
E00178046,1660,1446,214
E00178047,208,17,191
E00178048,171,33,138
E00178049,240,34,206
E00178050,415,216,199
E00178051,274,62,212
E00178052,259,67,192
E00178053,399,69,330
E00178054,209,42,167
E00178055,113,17,96
E00178056,886,761,125
E00178057,459,105,354
E00178058,143,21,122
E00178059,274,26,248
E00178060,344,17,327
E00178061,346,56,290
E00178062,340,60,280
E00178063,157,13,144
E00178064,2151,2041,110
E00178065,200,25,175
E00178066,499,364,135
E00178067,197,31,166
E00178068,158,57,101
E00178069,386,25,361
E00178070,261,30,231
E00178071,211,32,179
E00178072,382,178,204
E00178073,188,33,155
E00178074,342,102,240
E00178075,122,15,107
E00178076,274,30,244
E00178077,112,20,92
E00178078,221,95,126
E00178079,459,55,404
E00178080,488,186,302
E00178081,142,20,122
E00178082,244,30,214
E00178083,392,199,193
E00178084,539,37,502
E00178085,105,20,85
E00178086,284,23,261
E00178087,403,140,263
E00178088,119,13,106
E00178089,450,196,254
E00178090,158,22,136
E00178091,264,50,214
E00178092,421,60,361
E00178093,180,37,143
E00178094,145,12,133
E00178095,156,44,112
E00178096,237,156,81
E00178097,134,16,118
E00178098,275,69,206
E00178099,259,72,187
E00178100,238,77,161
E00178101,218,18,200
E00178102,370,103,267
E00178103,234,12,222
E00178104,307,81,226
E00178105,132,6,126
E00178106,598,419,179
E00178107,180,50,130
E00178108,490,133,357
E00178109,179,18,161
E00178110,185,28,157
E00178111,105,42,63
E00178112,399,43,356
E00178113,284,73,211
E00178114,721,562,159
E00178115,117,10,107
E00178116,146,57,89
E00178117,469,49,420
E00178118,310,27,283
E00178119,298,72,226
E00178318,246,42,204
E00178319,214,20,194
E00178320,966,576,390
E00178321,265,21,244
E00178322,396,72,324
E00178323,302,43,259
E00178324,602,306,296
E00178325,153,22,131
E00178326,219,47,172
E00178327,566,146,420
E00178328,256,65,191
E00178329,137,46,91
E00178330,474,127,347
E00178331,190,37,153
E00178332,232,35,197
E00178333,240,36,204
E00178334,512,125,387
E00178335,299,60,239
E00178336,99,16,83
E00178337,130,16,114
E00178338,341,55,286
E00178339,295,100,195
E00178340,524,175,349
E00178341,247,34,213
E00178342,427,123,304
E00178343,192,20,172
E00178344,512,113,399
E00178345,404,96,308
E00178346,462,99,363
E00178347,317,87,230
E00178348,389,125,264
E00178349,103,20,83
E00178350,307,91,216
E00178351,200,47,153
E00178352,294,100,194
E00178353,390,100,290
E00178354,150,10,140
E00178355,320,101,219
E00178356,344,87,257
E00178357,213,50,163
E00178358,378,73,305
E00178359,394,111,283
E00178360,158,29,129
E00178361,104,29,75
E00178362,106,18,88
E00178363,270,68,202
E00178364,422,110,312
E00178365,250,62,188
E00178366,237,79,158
E00178367,353,42,311
E00178368,354,103,251
E00178369,436,86,350
E00178370,264,82,182
E00178371,235,62,173
E00178372,423,87,336
E00178373,487,141,346
E00178374,513,108,405
E00178375,489,173,316
E00178376,444,127,317
E00178377,129,47,82
E00178378,441,94,347
E00178379,425,99,326
E00178380,187,29,158
E00178381,316,59,257
E00178382,340,70,270
E00178383,162,40,122
E00178384,274,78,196
E00178385,292,103,189
E00178386,288,86,202
E00178387,318,28,290
E00178388,237,53,184
E00178389,184,48,136
E00178390,304,40,264
E00178391,99,13,86
E00178392,275,85,190
E00178393,308,53,255
E00178394,353,99,254
E00178395,283,1,282
E00178396,216,46,170
E00178397,408,97,311
E00178398,557,203,354
E00178399,348,120,228
E00178400,529,184,345
E00178401,185,49,136
E00178402,328,73,255
E00178403,470,140,330
E00178404,278,53,225
E00178405,203,65,138
E00178406,282,77,205
E00178407,509,116,393
E00178408,293,80,213
E00178409,306,64,242
E00178410,134,38,96
E00178411,394,18,376
E00178412,347,73,274
E00178413,346,110,236
E00178414,91,19,72
E00178415,192,40,152
E00178416,102,31,71
E00178417,397,60,337
E00178418,214,47,167
E00178419,614,408,206
E00178420,115,33,82
E00178421,188,54,134
E00178422,272,75,197
E00178423,399,102,297
E00178424,437,111,326
E00178425,198,23,175
E00178426,340,78,262
E00178427,506,147,359
E00178428,217,51,166
E00178429,307,0,307
E00178430,348,101,247
E00178431,372,101,271
E00178432,539,155,384
E00178433,524,145,379
E00178434,133,29,104
E00178435,113,37,76
E00178436,195,18,177
E00178437,266,51,215
E00178438,241,48,193
E00178439,243,46,197
E00178440,247,43,204
E00178441,782,59,723
E00178442,423,129,294
E00178443,292,50,242
E00178444,348,97,251
E00178445,302,70,232
E00178446,146,37,109
E00178447,98,16,82
E00178448,477,142,335
E00178449,108,20,88
E00178450,364,38,326
E00178451,113,20,93
E00178452,155,27,128
E00178453,225,40,185
E00178454,391,89,302
E00178455,234,38,196
E00178456,116,18,98
E00178457,286,60,226
E00178458,191,38,153
E00178459,253,32,221
E00178460,229,59,170
E00178461,397,115,282
E00178462,499,374,125
E00178463,845,570,275
E00178464,245,49,196
E00178465,175,15,160
E00178466,842,737,105
E00178467,334,77,257
E00178468,307,53,254
E00178469,440,111,329
E00178470,228,53,175
E00178471,318,84,234
E00178472,203,32,171
E00178473,279,83,196
E00178474,436,116,320
E00178475,230,60,170
E00178476,354,99,255
E00178477,258,86,172
E00178478,397,96,301
E00178479,223,37,186
E00178480,345,72,273
E00178481,283,69,214
E00178482,235,61,174
E00178483,309,69,240
E00178484,346,183,163
E00178485,312,136,176
E00178486,139,36,103
E00178487,467,134,333
E00178488,681,587,94
E00178489,178,57,121
E00178490,426,81,345
E00178491,391,90,301
E00178492,431,95,336
E00178493,594,510,84
E00178494,209,70,139
E00178495,846,734,112
E00178496,498,155,343
E00178497,306,61,245
E00178498,354,253,101
E00178499,311,71,240
E00178500,542,132,410
E00178501,355,116,239
E00178502,281,91,190
E00178503,149,108,41
E00178504,411,105,306
E00178505,122,47,75
E00178506,531,449,82
E00178507,336,93,243
E00178508,259,105,154
E00178509,184,61,123
E00178510,220,99,121
E00178511,398,89,309
E00178512,120,29,91
E00178513,235,55,180
E00178514,242,43,199
E00178515,451,82,369
E00178516,260,170,90
E00178517,185,41,144
E00178518,258,63,195
E00178519,518,175,343
E00178520,152,37,115
E00178521,223,35,188
E00178522,573,164,409
E00178523,137,56,81
E00178524,390,99,291
E00178525,347,76,271
E00178526,102,24,78
E00178527,563,423,140
E00178528,170,80,90
E00178529,157,16,141
E00178530,399,100,299
E00178531,381,95,286
E00178532,178,27,151
E00178533,433,109,324
E00178534,488,128,360
E00178535,194,34,160
E00178536,249,70,179
E00178537,918,798,120
E00178538,174,43,131
E00178539,280,35,245
E00178540,349,90,259
E00178541,168,23,145
E00178542,543,125,418
E00178543,104,28,76
E00178544,524,115,409
E00178545,151,54,97
E00178546,490,113,377
E00178547,308,51,257
E00178548,293,144,149
E00178549,470,101,369
E00178550,139,22,117
E00178551,286,78,208
E00178552,568,436,132
E00178553,351,61,290
E00178554,453,232,221
E00178555,411,137,274
E00178556,291,67,224
E00178557,336,93,243
E00178558,551,169,382
E00178559,512,141,371
E00178560,272,58,214
E00178561,193,46,147
E00178562,379,84,295
E00178563,320,135,185
E00178564,418,162,256
E00178565,257,37,220
E00178566,339,56,283
E00178567,439,119,320
E00178568,331,70,261
E00178569,252,63,189
E00178570,564,160,404
E00178571,252,100,152
E00178572,102,9,93
E00178573,393,65,328
E00178574,239,55,184
E00178575,389,293,96
E00178576,335,68,267
E00178577,403,84,319
E00178578,572,186,386
E00178579,371,112,259
E00178580,401,78,323
E00178581,276,58,218
E00178582,244,58,186
E00178583,165,57,108
E00178584,546,118,428
E00178585,361,52,309
E00178586,498,245,253
E00178587,256,116,140
E00178588,325,131,194
E00178589,270,59,211
E00178590,478,402,76
E00178591,100,28,72
E00178592,227,51,176
E00178593,175,51,124
E00178594,349,47,302
E00178595,203,31,172
E00178596,479,108,371
E00178597,105,10,95
E00178598,134,17,117
E00178599,108,36,72
E00178600,127,74,53
E00178601,161,36,125
E00178602,793,400,393
E00178603,324,58,266
E00178604,389,91,298
E00178605,167,103,64
E00178606,118,17,101
E00178607,341,123,218
E00178608,277,89,188
E00178609,348,67,281
E00178610,330,237,93
E00178611,271,51,220
E00178612,242,47,195
E00178613,182,92,90
E00178614,270,81,189
E00178615,382,119,263
E00178616,178,70,108
E00178617,396,54,342
E00178618,247,62,185
E00178619,129,23,106
E00178620,275,49,226
E00178621,194,60,134
E00178622,291,67,224
E00178623,1114,1047,67
E00178624,373,72,301
E00178625,552,409,143
E00178626,272,97,175
E00178627,249,83,166
E00178628,256,92,164
E00178629,105,10,95
E00178630,504,139,365
E00178631,329,89,240
E00178632,298,93,205
E00178633,456,141,315
E00178634,403,92,311
E00178635,2478,2226,252
E00178636,272,32,240
E00178637,277,28,249
E00178638,527,104,423
E00178639,259,47,212
E00178640,345,94,251
E00178641,223,49,174
E00178642,195,24,171
E00178643,301,71,230
E00178644,128,15,113
E00178645,234,68,166
E00178646,320,64,256
E00178647,508,75,433
E00178648,475,162,313
E00178649,288,55,233
E00178650,346,81,265
E00178651,273,43,230
E00178652,251,26,225
E00178653,322,59,263
E00178654,575,149,426
E00178655,191,48,143
E00178656,186,125,61
E00178657,495,118,377
E00178658,437,96,341
E00178659,585,522,63
E00178660,403,129,274
E00178661,356,89,267
E00178662,312,39,273
E00178663,323,104,219
E00178664,320,120,200
E00178665,394,99,295
E00178666,205,26,179
E00178667,177,45,132
E00178668,258,30,228
E00178669,440,235,205
E00178670,175,47,128
E00178671,193,49,144
E00178672,175,130,45
E00178673,401,76,325
E00178674,187,50,137
E00178675,313,75,238
E00178676,350,24,326
E00178677,194,18,176
E00178678,238,49,189
E00178679,161,26,135
E00178680,261,100,161
E00178681,498,130,368
E00178682,333,109,224
E00178683,283,79,204
E00178684,188,31,157
E00178685,269,111,158
E00178686,388,76,312
E00178687,294,61,233
E00178688,341,127,214
E00178689,108,22,86
E00178690,270,66,204
E00178691,244,44,200
E00178692,210,44,166
E00178693,158,31,127
E00178694,181,61,120
E00178695,106,12,94
E00178696,318,101,217
E00178697,168,36,132
E00178698,369,71,298
E00178699,290,54,236
E00178700,482,331,151
E00178701,264,40,224
E00178702,146,53,93
E00178703,149,27,122
E00178704,343,72,271
E00178705,340,53,287
E00178706,147,24,123
E00178707,404,106,298
E00178708,216,59,157
E00178709,162,28,134
E00178710,288,69,219
E00178711,152,4,148
E00178712,509,362,147
E00178713,280,94,186
E00178714,130,16,114
E00178715,216,65,151
E00178716,526,148,378
E00178717,467,123,344
E00178718,323,32,291
E00178719,522,127,395
E00178720,301,54,247
E00178721,174,24,150
E00178722,301,107,194
E00178723,414,70,344
E00178724,566,176,390
E00178725,266,84,182
E00178726,322,103,219
E00178727,446,79,367
E00178728,205,31,174
E00178729,320,67,253
E00178730,384,70,314
E00178731,395,115,280
E00178732,264,42,222
E00178733,355,51,304
E00178734,267,70,197
E00178735,269,40,229
E00178736,397,92,305
E00178737,175,46,129
E00178738,238,53,185
E00178739,210,64,146
E00178740,425,157,268
E00178741,255,71,184
E00178742,433,125,308
E00178743,245,42,203
E00178744,200,75,125
E00178745,287,85,202
E00178746,322,51,271
E00178747,280,74,206
E00178748,284,96,188
E00178749,325,80,245
E00178750,337,66,271
E00178751,300,50,250
E00178752,131,27,104
E00178753,290,34,256
E00178754,157,33,124
E00178755,292,73,219
E00178756,248,110,138
E00178757,494,66,428
E00178758,213,62,151
E00178759,120,32,88
E00178760,181,44,137
E00178761,165,21,144
E00178762,262,66,196
E00178763,316,68,248
E00178764,231,78,153
E00178765,301,48,253
E00178766,506,146,360
E00178767,412,61,351
E00178768,287,75,212
E00178769,301,121,180
E00178770,209,52,157
E00178771,373,113,260
E00178772,316,27,289
E00178773,229,40,189
E00178774,265,35,230
E00178775,118,20,98
E00178776,126,46,80
E00178777,296,95,201
E00178778,365,120,245
E00178779,466,174,292
E00178780,337,47,290
E00178781,199,38,161
E00178782,144,54,90
E00178783,312,50,262
E00178784,97,13,84
E00178785,214,51,163
E00178786,102,13,89
E00178787,216,51,165
E00178788,237,90,147
E00178789,408,115,293
E00178790,328,70,258
E00178791,363,48,315
E00178792,151,37,114
E00178793,267,44,223
E00178794,414,168,246
E00178795,246,52,194
E00178796,318,94,224
E00178797,305,82,223
E00178798,203,39,164
E00178799,278,102,176
E00178800,136,23,113
E00178801,215,92,123
E00178802,179,42,137
E00178803,238,66,172
E00178804,237,56,181
E00178805,304,94,210
E00178806,170,63,107
E00178807,172,36,136
E00178808,123,14,109
E00178809,320,78,242
E00178810,144,32,112
E00178811,162,37,125
E00178812,438,159,279
E00178813,351,116,235
E00178814,328,107,221
E00178815,395,302,93
E00178816,234,34,200
E00178817,337,61,276
E00178818,336,80,256
E00178819,437,75,362
E00178820,373,71,302
E00178821,496,124,372
E00178822,379,132,247
E00178823,186,46,140
E00178824,214,18,196
E00178825,383,139,244
E00178826,443,154,289
E00178827,130,23,107
E00178828,416,104,312
E00178829,179,25,154
E00178830,403,174,229
E00178831,205,86,119
E00178832,215,69,146
E00178833,258,69,189
E00178834,247,24,223
E00178835,440,120,320
E00178836,302,52,250
E00178837,412,71,341
E00178838,192,44,148
E00178839,255,49,206
E00178840,203,46,157
E00178841,507,133,374
E00178842,149,28,121
E00178843,538,126,412
E00178844,261,54,207
E00178845,291,50,241
E00178846,287,115,172
E00178847,402,70,332
E00178848,504,112,392
E00178849,159,61,98
E00178850,104,28,76
E00178851,197,71,126
E00178852,256,48,208
E00178853,356,55,301
E00178854,354,66,288
E00178855,454,129,325
E00178856,386,92,294
E00178857,434,67,367
E00178858,229,59,170
E00178859,185,20,165
E00178860,310,54,256
E00178861,326,63,263
E00178862,567,199,368
E00178863,262,27,235
E00178864,205,20,185
E00178865,262,49,213
E00178866,337,68,269
E00178867,141,44,97
E00178868,373,74,299
E00178869,202,72,130
E00178870,371,70,301
E00178871,286,69,217
E00178872,533,239,294
E00178873,340,96,244
E00178874,269,98,171
E00178875,129,24,105
E00178876,298,73,225
E00178877,283,96,187
E00178878,412,90,322
E00178879,433,130,303
E00178880,418,139,279
E00178881,433,108,325
E00178882,456,133,323
E00178883,460,68,392
E00178884,415,118,297
E00178885,246,44,202
E00178886,312,72,240
E00178887,146,11,135
E00178888,350,66,284
E00178889,113,21,92
E00178890,192,52,140
E00178891,189,30,159
E00178892,92,13,79
E00178893,155,35,120
E00178894,399,105,294
E00178895,105,19,86
E00178896,388,91,297
E00178897,248,66,182
E00178898,496,123,373
E00178899,283,113,170
E00178900,634,321,313
E00178901,284,44,240
E00178902,342,28,314
E00178903,371,89,282
E00178904,132,17,115
E00178905,428,91,337
E00178906,504,93,411
E00178907,216,33,183
E00178908,452,73,379
E00178909,467,95,372
E00178910,333,76,257
E00178911,303,117,186
E00178912,159,31,128
E00178913,378,133,245
E00178914,519,143,376
E00178915,538,321,217
E00178916,485,119,366
E00178917,340,51,289
E00178918,399,99,300
E00178919,248,54,194
E00178920,260,76,184
E00178921,192,66,126
E00178922,215,40,175
E00178923,170,32,138
E00178924,238,45,193
E00178925,689,404,285
E00178926,326,61,265
E00178927,162,38,124
E00178928,196,57,139
E00178929,324,54,270
E00178930,183,37,146
E00178931,117,33,84
E00178932,130,23,107
E00178933,423,92,331
E00178934,264,127,137
E00178935,259,53,206
E00178936,172,5,167
E00178937,520,350,170
E00178938,151,19,132
E00178939,312,87,225
E00178940,289,65,224
E00178941,347,135,212
E00178942,237,102,135
E00178943,245,50,195
E00178944,161,63,98
E00178945,222,44,178
E00178946,121,12,109
E00178947,467,29,438
E00178948,313,77,236
E00178949,612,534,78
E00178950,343,61,282
E00178951,503,103,400
E00178952,260,101,159
E00178953,99,34,65
E00178954,416,90,326
E00178955,97,21,76
E00178956,329,47,282
E00178957,198,20,178
E00178958,735,578,157
E00178959,466,376,90
E00178960,353,60,293
E00178961,178,45,133
E00178962,102,6,96
E00178963,434,55,379
E00178964,284,79,205
E00178965,544,264,280
E00178966,393,137,256
E00178967,253,47,206
E00178968,184,36,148
E00178969,238,27,211
E00178970,181,39,142
E00178971,384,123,261
E00178972,389,99,290
E00178973,345,49,296
E00178974,219,57,162
E00178975,273,37,236
E00178976,111,10,101
E00178977,397,120,277
E00178978,362,61,301
E00178979,93,17,76
E00178980,263,23,240
E00178981,260,65,195
E00178982,295,83,212
E00178983,339,82,257
E00178984,252,63,189
E00178985,394,32,362
E00178986,173,70,103
E00178987,224,21,203
E00178988,208,34,174
E00178989,371,83,288
E00178990,497,80,417
E00178991,479,158,321
E00178992,296,95,201
E00178993,94,24,70
E00178994,434,81,353
E00178995,501,316,185
E00178996,465,58,407
E00178997,170,32,138
E00178998,182,23,159
E00178999,282,73,209
E00179000,351,70,281
E00179001,493,97,396
E00179002,439,86,353
E00179003,554,141,413
E00179004,219,19,200
E00179005,577,132,445
E00179006,137,33,104
E00179007,436,107,329
E00179008,464,64,400
E00179009,499,95,404
E00179010,160,22,138
E00179011,232,37,195
E00179012,516,91,425
E00179013,498,112,386
E00179014,482,167,315
E00179015,373,125,248
E00179016,180,21,159
E00179017,300,29,271
E00179018,482,178,304
E00179019,174,44,130
E00179020,152,27,125
E00179021,367,59,308
E00179022,375,216,159
E00179023,210,30,180
E00179024,293,53,240
E00179025,511,165,346
E00179026,124,27,97
E00179027,515,141,374
E00179028,156,35,121
E00179029,259,62,197
E00179030,423,93,330
E00179031,334,78,256
E00179032,364,99,265
E00179033,134,16,118
E00179034,364,115,249
E00179035,330,42,288
E00179036,346,93,253
E00179037,370,98,272
E00179038,267,105,162
E00179039,277,56,221
E00179040,149,21,128
E00179041,532,149,383
E00179042,113,6,107
E00179043,215,48,167
E00179044,413,81,332
E00179045,359,26,333
E00179046,132,36,96
E00179047,515,108,407
E00179048,476,128,348
E00179049,399,237,162
E00179050,445,78,367
E00179051,391,109,282
E00179052,344,78,266
E00179053,566,186,380
E00179054,172,37,135
E00179055,302,62,240
E00179056,252,64,188
E00179057,412,129,283
E00179058,248,79,169
E00179059,157,32,125
E00179060,253,70,183
E00179061,118,33,85
E00179062,634,388,246
E00179063,162,16,146
E00179064,289,75,214
E00179065,107,6,101
E00179066,233,44,189
E00179067,273,46,227
E00179068,117,21,96
E00179069,512,105,407
E00179070,208,92,116
E00179071,437,81,356
E00179072,272,55,217
E00179073,452,79,373
E00179074,297,53,244
E00179075,521,123,398
E00179076,365,77,288
E00179077,327,72,255
E00179078,269,58,211
E00179079,472,121,351
E00179080,215,38,177
E00179081,437,108,329
E00179082,212,27,185
E00179083,257,37,220
E00179084,220,19,201
E00179085,407,107,300
E00179086,283,103,180
E00179087,418,97,321
E00179088,449,123,326
E00179089,159,22,137
E00179090,292,66,226
E00179091,340,43,297
E00179092,502,91,411
E00179093,374,86,288
E00179094,162,39,123
E00179095,462,81,381
E00179096,456,96,360
E00179097,394,77,317
E00179098,116,22,94
E00179099,254,60,194
E00179100,540,111,429
E00179101,342,86,256
E00179102,451,78,373
E00179103,462,92,370
E00179104,524,103,421
E00179105,259,46,213
E00179106,435,128,307
E00179107,375,98,277
E00179108,203,27,176
E00179109,922,409,513
E00179110,185,49,136
E00179111,226,121,105
E00179112,92,9,83
E00179113,407,56,351
E00179114,344,79,265
E00179115,179,32,147
E00179116,100,26,74
E00179117,572,78,494
E00179118,184,54,130
E00179119,341,96,245
E00179120,389,88,301
E00179121,452,142,310
E00179122,367,135,232
E00179123,548,183,365
E00179124,569,151,418
E00179125,228,53,175
E00179126,571,129,442
E00179127,144,45,99
E00179128,166,25,141
E00179129,231,66,165
E00179130,309,82,227
E00179131,198,57,141
E00179132,355,125,230
E00179133,372,58,314
E00179134,399,85,314
E00179135,299,60,239
E00179136,282,22,260
E00179137,250,71,179
E00179138,170,26,144
E00179139,503,137,366
E00179140,222,31,191
E00179141,103,21,82
E00179142,228,85,143
E00179143,268,56,212
E00179144,127,25,102
E00179145,307,80,227
E00179146,455,94,361
E00179147,224,58,166
E00179148,364,82,282
E00179149,239,47,192
E00179150,517,155,362
E00179151,175,17,158
E00179152,494,114,380
E00179153,472,133,339
E00179154,253,24,229
E00179155,219,44,175
E00179156,399,111,288
E00179157,222,54,168
E00179158,181,56,125
E00179159,135,38,97
E00179160,129,52,77
E00179161,349,102,247
E00179162,324,63,261
E00179163,489,109,380
E00179164,195,59,136
E00179165,373,70,303
E00179166,403,88,315
E00179167,164,53,111
E00179168,478,114,364
E00179169,117,25,92
E00179170,398,45,353
E00179171,303,33,270
E00179172,385,144,241
E00179173,536,142,394
E00179174,173,47,126
E00179175,318,62,256
E00179176,201,49,152
E00179177,378,59,319
E00179178,309,91,218
E00179179,129,29,100
E00179180,309,78,231
E00179181,342,75,267
E00179182,188,63,125
E00179183,403,209,194
E00179184,552,158,394
E00179185,319,78,241
E00179186,255,25,230
E00179187,465,99,366
E00179188,337,107,230
E00179189,399,105,294
E00179190,139,23,116
E00179191,131,18,113
E00179192,491,149,342
E00179193,354,90,264
E00179194,133,23,110
E00179195,698,615,83
E00179196,279,75,204
E00179197,459,66,393
E00179198,210,9,201
E00179199,312,109,203
E00179200,240,48,192
E00179201,165,31,134
E00179202,290,112,178
E00179203,865,606,259
E00179204,304,63,241
E00179205,323,82,241
E00179206,387,120,267
E00179207,158,42,116
E00179208,209,59,150
E00179209,202,49,153
E00179210,443,96,347
E00179211,134,11,123
E00179212,316,84,232
E00179213,230,35,195
E00179214,201,41,160
E00179215,313,75,238
E00179216,102,6,96
E00179217,325,106,219
E00179218,392,85,307
E00179219,462,78,384
E00179220,389,74,315
E00179221,351,32,319
E00179222,133,20,113
E00179223,233,49,184
E00179224,458,127,331
E00179225,175,29,146
E00179226,95,36,59
E00179227,421,111,310
E00179228,333,96,237
E00179229,574,143,431
E00179230,393,61,332
E00179231,293,99,194
E00179232,133,6,127
E00179233,180,33,147
E00179234,357,65,292
E00179235,111,24,87
E00179236,345,104,241
E00179237,237,33,204
E00179238,120,33,87
E00179239,357,93,264
E00179240,512,131,381
E00179241,135,17,118
E00179242,251,55,196
E00179243,374,38,336
E00179244,488,102,386
E00179245,394,109,285
E00179246,276,80,196
E00179247,485,121,364
E00179248,359,131,228
E00179249,550,108,442
E00179250,662,508,154
E00179251,262,69,193
E00179252,147,14,133
E00179253,443,133,310
E00179254,346,80,266
E00179255,221,85,136
E00179256,409,109,300
E00179257,186,41,145
E00179258,142,20,122
E00179259,228,52,176
E00179260,266,74,192
E00179261,181,49,132
E00179262,351,88,263
E00179263,141,7,134
E00179264,185,17,168
E00179265,300,89,211
E00179266,293,76,217
E00179267,343,81,262
E00179268,155,11,144
E00179269,365,87,278
E00179270,234,50,184
E00179271,159,42,117
E00179272,300,81,219
E00179273,439,131,308
E00179274,234,16,218
E00179275,295,100,195
E00179276,450,122,328
E00179277,209,52,157
E00179278,303,74,229
E00179279,394,118,276
E00179280,420,98,322
E00179281,378,98,280
E00179282,428,40,388
E00179283,286,33,253
E00179284,257,28,229
E00179285,476,161,315
E00179286,348,39,309
E00179287,424,71,353
E00179288,214,6,208
E00179289,120,27,93
E00179290,316,56,260
E00179291,321,62,259
E00179292,259,49,210
E00179293,365,91,274
E00179294,157,26,131
E00179295,257,51,206
E00179296,318,34,284
E00179297,271,33,238
E00179298,546,131,415
E00179299,101,12,89
E00179300,416,118,298
E00179301,356,62,294
E00179302,198,24,174
E00179303,469,106,363
E00179304,421,70,351
E00179305,137,19,118
E00179306,176,14,162
E00179307,271,43,228
E00179308,244,40,204
E00179309,318,60,258
E00179310,284,64,220
E00179311,156,44,112
E00179312,412,86,326
E00179313,481,108,373
E00179314,125,26,99
E00179315,107,12,95
E00179316,333,39,294
E00179317,119,37,82
E00179318,184,22,162
E00179319,309,96,213
E00179320,363,82,281
E00179321,531,97,434
E00179322,155,40,115
E00179323,302,63,239
E00179324,280,47,233
E00179325,190,29,161
E00179326,425,82,343
E00179327,380,59,321
E00179328,222,60,162
E00179329,454,89,365
E00179330,221,29,192
E00179331,157,31,126
E00179332,206,21,185
E00179333,308,59,249
E00179334,518,105,413
E00179335,294,80,214
E00179336,465,99,366
E00179337,281,42,239
E00179338,401,54,347
E00179339,412,102,310
E00179340,239,70,169
E00179341,232,61,171
E00179342,126,14,112
E00179343,253,33,220
E00179344,119,16,103
E00179345,298,67,231
E00179346,400,57,343
E00179347,315,56,259
E00179348,448,111,337
E00179349,822,507,315
E00179350,882,726,156
E00179351,340,144,196
E00179352,298,21,277
E00179353,362,59,303
E00179354,785,6,779
E00179355,355,164,191
E00179356,307,90,217
E00179357,186,36,150
E00179358,327,55,272
E00179359,241,41,200
E00179360,285,28,257
E00179361,244,44,200
E00179362,332,76,256
E00179363,388,58,330
E00179364,234,61,173
E00179365,272,49,223
E00179366,473,141,332
E00179367,109,26,83
E00179368,496,144,352
E00179369,160,13,147
E00179370,321,79,242
E00179371,462,112,350
E00179372,198,38,160
E00179373,402,82,320
E00179374,323,77,246
E00179375,152,24,128
E00179376,469,100,369
E00179377,204,0,204
E00179378,403,125,278
E00179379,155,28,127
E00179380,218,31,187
E00179381,488,76,412
E00179382,268,21,247
E00179383,351,113,238
E00179384,225,31,194
E00179385,227,35,192
E00179386,532,160,372
E00179387,287,68,219
E00179388,155,37,118
E00179389,265,37,228
E00179390,272,60,212
E00179391,321,59,262
E00179392,255,48,207
E00179393,313,84,229
E00179394,180,5,175
E00179395,106,23,83
E00179396,138,35,103
E00179397,139,32,107
E00179398,438,86,352
E00179399,435,85,350
E00179400,240,15,225
E00179401,127,5,122
E00179402,406,86,320
E00179403,164,26,138
E00179404,399,48,351
E00179405,267,72,195
E00179406,206,47,159
E00179407,218,37,181
E00179408,298,76,222
E00179409,454,119,335
E00179410,241,44,197
E00179411,127,32,95
E00179412,149,72,77
E00179413,535,146,389
E00179414,128,14,114
E00179415,428,137,291
E00179416,240,47,193
E00179417,449,145,304
E00179418,286,55,231
E00179419,276,63,213
E00179420,357,71,286
E00179421,166,32,134
E00179422,313,43,270
E00179423,288,49,239
E00179424,257,51,206
E00179425,108,0,108
E00179426,290,69,221
E00179427,104,30,74
E00179428,560,117,443
E00179429,193,1,192
E00179430,109,27,82
E00179431,275,83,192
E00179845,312,19,293
E00179846,401,63,338
E00179847,128,21,107
E00179848,266,32,234
E00179849,103,29,74
E00179850,265,45,220
E00179851,347,77,270
E00179852,479,106,373
E00179853,412,68,344
E00179854,157,24,133
E00179855,192,50,142
E00179856,294,31,263
E00179857,131,12,119
E00179858,146,38,108
E00179859,424,105,319
E00179860,281,49,232
E00179861,253,49,204
E00179862,224,35,189
E00179863,440,74,366
E00179864,236,38,198
E00179865,141,29,112
E00179866,298,58,240
E00179867,315,73,242
E00179868,188,55,133
E00179869,123,20,103
E00179870,300,49,251
E00179871,355,143,212
E00179872,430,326,104
E00179873,219,27,192
E00179874,438,81,357
E00179875,251,61,190
E00179876,257,36,221
E00179877,172,19,153
E00179878,426,103,323
E00179879,276,56,220
E00179880,274,36,238
E00179881,117,24,93
E00179882,547,114,433
E00179883,291,117,174
E00179884,505,138,367
E00179885,342,79,263
E00179886,286,59,227
E00179887,333,117,216
E00179888,470,365,105
E00179889,299,35,264
E00179890,257,38,219
E00179891,397,64,333
E00179892,230,64,166
E00179893,415,110,305
E00179894,434,176,258
E00179895,120,20,100
E00179896,215,59,156
E00179897,190,53,137
E00179898,109,36,73
E00179899,333,93,240
E00179900,320,82,238
E00179901,360,296,64
E00179902,271,89,182
E00179903,356,71,285
E00179904,212,50,162
E00179905,227,48,179
E00179906,369,106,263
E00179907,538,457,81
E00179908,313,30,283
E00179909,442,126,316
E00179910,485,107,378
E00179911,160,20,140
E00179912,315,71,244
E00179913,394,360,34
E00179914,452,93,359
E00179915,375,95,280
E00179916,214,52,162
E00179917,401,98,303
E00179918,383,188,195
E00179919,322,58,264
E00179920,166,18,148
E00179921,380,88,292
E00179922,242,23,219
E00179923,183,45,138
E00179924,433,117,316
E00179925,396,100,296
E00179926,396,92,304
E00179927,84,16,68
E00179928,91,8,83
E00179929,512,155,357
E00179930,137,29,108
E00179931,126,22,104
E00179932,258,56,202
E00179933,96,12,84
E00179934,270,36,234
E00179935,184,17,167
E00179936,218,26,192
E00179937,132,39,93
E00179938,167,32,135
E00179939,247,46,201
E00179940,359,61,298
E00179941,421,210,211
E00179942,490,147,343
E00179943,187,18,169
E00179944,3357,3221,136
E00179945,170,106,64
E00179946,260,41,219
E00179947,203,56,147
E00179948,406,68,338
E00179949,119,0,119
E00179950,546,132,414
E00179951,466,102,364
E00179952,285,60,225
E00179953,468,184,284
E00179954,263,55,208
E00179955,119,25,94
E00179956,142,47,95
E00179957,176,32,144
E00179958,577,110,467
E00179959,285,68,217
E00179960,279,26,253
E00179961,928,879,49
E00179962,219,25,194
E00179963,518,407,111
E00179964,377,83,294
E00179965,195,48,147
E00179966,162,48,114
E00179967,360,92,268
E00179968,100,5,95
E00179969,234,20,214
E00179970,364,49,315
E00179971,414,100,314
E00179972,380,95,285
E00179973,549,61,488
E00179974,371,85,286
E00179975,179,24,155
E00179976,373,79,294
E00179977,853,149,704
E00179978,136,13,123
E00179979,562,129,433
E00179980,311,34,277
E00179981,854,37,817
E00179982,237,32,205
E00179983,159,20,139
E00179984,249,43,206
E00179985,270,30,240
E00179986,171,27,144
E00179987,232,29,203
E00179988,244,63,181
E00179989,470,75,395
E00179990,383,82,301
E00179991,209,27,182
E00179992,332,62,270
E00179993,293,65,228
E00179994,135,17,118
E00179995,313,62,251
E00179996,361,64,297
E00179997,158,31,127
E00179998,212,28,184
E00179999,362,83,279
E00180000,235,42,193
E00180001,111,25,86
E00180002,562,84,478
E00180003,292,59,233
E00180004,151,18,133
E00180005,354,99,255
E00180006,333,34,299
E00180007,155,45,110
E00180008,278,48,230
E00180009,269,59,210
E00180010,100,13,87
E00180011,284,60,224
E00180012,536,120,416
E00180013,426,82,344
E00180014,119,19,100
E00180015,360,70,290
E00180016,154,11,143
E00180017,518,115,403
E00180018,332,70,262
E00180019,530,124,406
E00180020,213,46,167
E00180021,136,7,129
E00180022,192,48,144
E00180023,238,33,205
E00180024,226,36,190
E00180025,368,71,297
E00180026,274,44,230
E00180027,328,47,281
E00180028,162,21,141
E00180029,298,72,226
E00180030,257,59,198
E00180031,287,56,231
E00180032,182,42,140
E00180033,295,75,220
E00180034,438,83,355
E00180035,347,65,282
E00180036,186,30,156
E00180037,457,114,343
E00180038,107,17,90
E00180039,418,44,374
E00180040,272,37,235
E00180041,323,71,252
E00180042,370,93,277
E00180043,132,17,115
E00180044,196,37,159
E00180045,227,42,185
E00180046,509,73,436
E00180047,92,17,75
E00180048,237,42,195
E00180049,263,31,232
E00180050,305,43,262
E00180051,114,19,95
E00180052,112,11,101
E00180053,147,25,122
E00180054,295,52,243
E00180055,296,62,234
E00180056,257,23,234
E00180057,276,11,265
E00180058,423,58,365
E00180059,351,82,269
E00180060,321,40,281
E00180061,353,89,264
E00180062,292,59,233
E00180063,316,62,254
E00180064,162,34,128
E00180065,189,35,154
E00180066,169,18,151
E00180067,293,60,233
E00180068,444,53,391
E00180069,480,80,400
E00180070,537,135,402
E00180071,166,36,130
E00180072,320,68,252
E00180073,246,31,215
E00180074,514,74,440
E00180075,242,39,203
E00180076,329,66,263
E00180077,368,71,297
E00180078,409,49,360
E00180079,110,18,92
E00180080,171,22,149
E00180081,454,97,357
E00180082,271,45,226
E00180083,324,53,271
E00180084,185,39,146
E00180085,533,121,412
E00180086,265,36,229
E00180087,219,63,156
E00180088,173,38,135
E00180089,356,67,289
E00180090,280,39,241
E00180091,223,17,206
E00180092,362,49,313
E00180093,138,28,110
E00180094,109,20,89
E00180095,101,15,86
E00180096,230,41,189
E00180097,93,15,78
E00180098,117,15,102
E00180099,523,103,420
E00180100,422,90,332
E00180101,148,23,125
E00180102,414,56,358
E00180103,552,142,410
E00180104,276,62,214
E00180105,303,78,225
E00180106,167,38,129
E00180107,435,94,341
E00180108,156,35,121
E00180109,156,34,122
E00180110,242,60,182
E00180111,437,80,357
E00180112,389,75,314
E00180113,405,82,323
E00180114,235,52,183
E00180115,112,17,95
E00180116,183,14,169
E00180117,143,16,127
E00180118,463,110,353
E00180119,314,51,263
E00180120,94,12,82
E00180121,481,91,390
E00180122,155,6,149
E00180123,430,89,341
E00180124,155,32,123
E00180125,348,83,265
E00180126,480,94,386
E00180127,389,82,307
E00180128,170,30,140
E00180129,289,48,241
E00180130,169,49,120
E00180131,275,63,212
E00180132,421,113,308
E00180133,107,3,104
E00180134,305,70,235
E00180135,385,123,262
E00180136,217,55,162
E00180137,265,39,226
E00180138,240,68,172
E00180139,262,61,201
E00180140,338,37,301
E00180141,283,39,244
E00180142,549,71,478
E00180143,2622,2422,200
E00180144,319,49,270
E00180145,224,56,168
E00180146,298,47,251
E00180147,420,206,214
E00180148,288,86,202
E00180149,297,64,233
E00180150,342,56,286
E00180151,296,39,257
E00180152,260,189,71
E00180153,559,131,428
E00180154,114,21,93
E00180155,103,7,96
E00180156,221,39,182
E00180157,426,97,329
E00180158,289,55,234
E00180159,395,92,303
E00180160,294,64,230
E00180161,453,98,355
E00180162,379,72,307
E00180163,230,41,189
E00180164,159,47,112
E00180165,492,154,338
E00180166,488,69,419
E00180167,126,28,98
E00180168,342,85,257
E00180169,149,54,95
E00180170,189,27,162
E00180171,246,37,209
E00180172,117,28,89
E00180173,126,15,111
E00180174,276,32,244
E00180175,225,57,168
E00180176,271,61,210
E00180177,470,81,389
E00180178,138,31,107
E00180179,120,28,92
E00180180,387,80,307
E00180181,372,119,253
E00180182,97,9,88
E00180183,256,32,224
E00180184,302,64,238
E00180185,158,16,142
E00180186,304,82,222
E00180187,249,30,219
E00180188,276,37,239
E00180189,143,5,138
E00180190,166,54,112
E00180191,408,96,312
E00180192,254,36,218
E00180193,283,65,218
E00180194,479,102,377
E00180195,232,64,168
E00180196,322,90,232
E00180197,519,171,348
E00180198,438,108,330
E00180199,167,15,152
E00180200,360,37,323
E00180201,528,152,376
E00180202,392,55,337
E00180203,257,35,222
E00180204,270,49,221
E00180205,449,129,320
E00180206,228,45,183
E00180207,100,21,79
E00180208,106,25,81
E00180209,314,46,268
E00180210,484,88,396
E00180211,439,73,366
E00180212,522,126,396
E00180213,364,61,303
E00180214,241,14,227
E00180215,253,46,207
E00180216,317,78,239
E00180217,235,30,205
E00180218,279,73,206
E00180219,214,46,168
E00180220,359,95,264
E00180221,279,44,235
E00180222,229,31,198
E00180223,525,107,418
E00180224,202,16,186
E00180225,370,73,297
E00180226,205,42,163
E00180227,325,85,240
E00180228,715,19,696
E00180229,201,19,182
E00180230,548,111,437
E00180231,363,78,285
E00180232,344,78,266
E00180233,124,31,93
E00180234,553,141,412
E00180235,277,5,272
E00180236,549,132,417
E00180237,249,69,180
E00180238,400,74,326
E00180239,190,52,138
E00180240,273,61,212
E00180241,562,443,119
E00180242,126,15,111
E00180243,256,54,202
E00180244,441,105,336
E00180245,257,58,199
E00180246,124,2,122
E00180247,414,91,323
E00180248,464,85,379
E00180249,117,23,94
E00180250,112,33,79
E00180251,277,55,222
E00180252,199,11,188
E00180253,167,43,124
E00180254,127,35,92
E00180255,396,121,275
E00180256,414,85,329
E00180257,101,17,84
E00180258,284,73,211
E00180259,356,57,299
E00180260,172,40,132
E00180261,308,78,230
E00180262,287,63,224
E00180263,455,391,64
E00180264,301,49,252
E00180265,220,67,153
E00180266,244,46,198
E00180267,337,55,282
E00180268,250,70,180
E00180269,248,50,198
E00180270,317,50,267
E00180271,274,56,218
E00180272,423,75,348
E00180273,312,61,251
E00180274,182,19,163
E00180275,404,99,305
E00180276,577,93,484
E00180277,436,84,352
E00180278,171,20,151
E00180279,535,115,420
E00180280,355,63,292
E00180281,148,15,133
E00180282,556,158,398
E00180283,199,38,161
E00180284,449,45,404
E00180285,249,83,166
E00180286,444,82,362
E00180287,119,28,91
E00180288,123,23,100
E00180289,368,84,284
E00180290,234,60,174
E00180291,272,79,193
E00180292,336,70,266
E00180293,313,41,272
E00180294,315,35,280
E00180295,376,51,325
E00180296,551,113,438
E00180297,423,82,341
E00180298,528,103,425
E00180299,375,72,303
E00180300,226,49,177
E00180301,192,38,154
E00180302,370,96,274
E00180303,200,63,137
E00180304,450,104,346
E00180305,262,35,227
E00180306,145,28,117
E00180307,342,61,281
E00180308,282,62,220
E00180309,188,60,128
E00180310,241,37,204
E00180311,148,21,127
E00180312,418,94,324
E00180313,380,76,304
E00180314,389,86,303
E00180315,398,78,320
E00180316,460,76,384
E00180317,407,118,289
E00180318,115,30,85
E00180319,288,81,207
E00180320,202,8,194
E00180321,257,51,206
E00180322,298,54,244
E00180323,411,73,338
E00180324,323,83,240
E00180325,431,107,324
E00180326,246,54,192
E00180327,464,102,362
E00180328,107,0,107
E00180329,133,31,102
E00180330,226,58,168
E00180331,466,77,389
E00180332,111,18,93
E00180333,446,84,362
E00180334,463,111,352
E00180335,499,124,375
E00180336,459,98,361
E00180337,378,74,304
E00180338,313,21,292
E00180339,461,92,369
E00180340,267,57,210
E00180341,151,43,108
E00180342,482,77,405
E00180343,112,16,96
E00180344,513,138,375
E00180345,101,26,75
E00180346,187,17,170
E00180347,246,40,206
E00180348,275,45,230
E00180349,179,53,126
E00180350,415,90,325
E00180351,178,33,145
E00180352,551,56,495
E00180353,100,6,94
E00180354,169,20,149
E00180355,504,118,386
E00180356,300,68,232
E00180357,318,48,270
E00180358,227,43,184
E00180359,426,84,342
E00180360,304,38,266
E00180361,364,106,258
E00180362,420,86,334
E00180363,379,58,321
E00180364,440,100,340
E00180365,269,50,219
E00180366,152,23,129
E00180367,193,41,152
E00180368,201,62,139
E00180369,166,41,125
E00180370,400,93,307
E00180371,488,123,365
E00180372,319,63,256
E00180373,377,76,301
E00180374,256,35,221
E00180375,217,47,170
E00180376,98,12,86
E00180377,119,6,113
E00180378,179,50,129
E00180379,298,47,251
E00180380,411,71,340
E00180381,153,36,117
E00180382,259,46,213
E00180383,170,38,132
E00180384,352,67,285
E00180385,374,80,294
E00180386,130,12,118
E00180387,164,20,144
E00180388,373,121,252
E00180389,472,105,367
E00180390,113,26,87
E00180391,105,23,82
E00180392,191,18,173
E00180393,240,23,217
E00180394,375,89,286
E00180395,254,70,184
E00180396,362,47,315
E00180397,170,30,140
E00180398,569,121,448
E00180399,157,24,133
E00180400,420,75,345
E00180401,605,420,185
E00180402,556,140,416
E00180403,177,19,158
E00180404,245,54,191
E00180405,608,460,148
E00180406,121,19,102
E00180407,237,39,198
E00180408,121,17,104
E00180409,183,38,145
E00180410,163,25,138
E00180411,350,57,293
E00180412,454,140,314
E00180413,111,16,95
E00180414,587,367,220
E00180415,1623,1467,156
E00180416,236,22,214
E00180417,260,32,228
E00180418,457,148,309
E00180419,168,28,140
E00180420,206,34,172
E00180421,165,58,107
E00180422,585,361,224
E00180423,132,24,108
E00180424,287,42,245
E00180425,365,61,304
E00180426,352,58,294
E00180427,122,32,90
E00180428,334,63,271
E00180429,159,36,123
E00180430,385,86,299
E00180431,241,36,205
E00180432,421,139,282
E00180433,389,54,335
E00180434,323,28,295
E00180435,325,67,258
E00180436,303,68,235
E00180437,563,84,479
E00180438,258,52,206
E00180439,152,44,108
E00180440,307,62,245
E00180441,363,79,284
E00180442,611,440,171
E00180443,191,27,164
E00180444,222,31,191
E00180445,264,36,228
E00180446,213,41,172
E00180447,330,23,307
E00180448,146,11,135
E00180449,129,22,107
E00180450,440,93,347
E00180451,412,59,353
E00180452,145,32,113
E00180453,361,74,287
E00180454,95,13,82
E00180455,148,29,119
E00180456,494,123,371
E00180457,337,108,229
E00180458,106,13,93
E00180459,497,70,427
E00180460,207,24,183
E00180461,397,77,320
E00180462,193,31,162
E00180463,281,56,225
E00180464,190,25,165
E00180465,319,77,242
E00180466,235,37,198
E00180467,271,14,257
E00180468,321,87,234
E00180469,179,15,164
E00180470,189,53,136
E00180471,158,32,126
E00180472,205,5,200
E00180473,422,125,297
E00180474,339,58,281
E00180475,347,70,277
E00180476,288,73,215
E00180477,160,3,157
E00180478,263,36,227
E00180479,229,38,191
E00180480,256,41,215
E00180481,189,14,175
E00180482,236,29,207
E00180483,103,2,101
E00180484,309,71,238
E00180485,244,34,210
E00180486,135,41,94
E00180487,131,40,91
E00180488,322,44,278
E00180489,548,84,464
E00180490,542,51,491
E00180491,427,70,357
E00180492,95,10,85
E00180493,216,36,180
E00180494,216,37,179
E00180495,395,135,260
E00180496,312,41,271
E00180497,257,38,219
E00180498,263,43,220
E00180499,107,14,93
E00180500,330,56,274
E00180501,207,82,125
E00180502,355,73,282
E00180503,239,33,206
E00180504,271,74,197
E00180505,370,120,250
E00180506,239,33,206
E00180507,219,49,170
E00180508,125,20,105
E00180509,155,15,140
E00180510,350,64,286
E00180511,433,101,332
E00180512,362,69,293
E00180513,266,47,219
E00180514,355,97,258
E00180515,109,8,101
E00180516,296,58,238
E00180517,456,87,369
E00180518,300,43,257
E00180519,324,77,247
E00180520,269,41,228
E00180521,276,30,246
E00180522,521,125,396
E00180523,468,111,357
E00180524,193,39,154
E00180525,198,38,160
E00180526,135,39,96
E00180527,246,57,189
E00180528,254,48,206
E00180529,507,100,407
E00180530,123,21,102
E00180531,375,286,89
E00180532,289,77,212
E00180533,175,28,147
E00180534,428,8,420
E00180535,376,44,332
E00180536,312,41,271
E00180537,286,66,220
E00180538,394,63,331
E00180539,337,79,258
E00180540,294,46,248
E00180541,560,159,401
E00180542,320,71,249
E00180543,126,24,102
E00180544,276,51,225
E00180545,100,26,74
E00180546,562,146,416
E00180547,138,21,117
E00180548,226,32,194
E00180549,299,67,232
E00180550,312,99,213
E00180551,569,5,564
E00180552,331,87,244
E00180553,248,51,197
E00180554,385,101,284
E00180555,303,83,220
E00180556,298,70,228
E00180557,394,53,341
E00180558,162,15,147
E00180559,353,30,323
E00180560,422,43,379
E00180561,260,28,232
E00180562,96,14,82
E00180563,485,124,361
E00180564,330,98,232
E00180565,263,32,231
E00180566,200,53,147
E00180567,291,69,222
E00180568,610,559,51
E00180569,161,31,130
E00180570,449,109,340
E00180571,348,54,294
E00180572,371,82,289
E00180573,410,114,296
E00180574,435,129,306
E00180575,338,71,267
E00180576,322,20,302
E00180577,400,117,283
E00180578,307,24,283
E00180579,286,51,235
E00180580,170,39,131
E00180581,173,21,152
E00180582,183,44,139
E00180583,124,18,106
E00180584,343,22,321
E00180585,268,38,230
E00180586,237,82,155
E00180587,374,61,313
E00180588,349,291,58
E00180589,297,100,197
E00180590,372,30,342
E00180591,448,117,331
E00180592,359,88,271
E00180593,475,67,408
E00180594,443,101,342
E00180595,202,48,154
E00180596,128,35,93
E00180597,112,17,95
E00180598,234,39,195
E00180599,310,60,250
E00180600,271,92,179
E00180601,123,15,108
E00180602,203,32,171
E00180603,189,21,168
E00180604,246,49,197
E00180605,331,61,270
E00180606,373,65,308
E00180607,277,54,223
E00180608,535,119,416
E00180609,109,18,91
E00180610,132,14,118
E00180611,94,20,74
E00180612,236,25,211
E00180613,250,94,156
E00180614,448,141,307
E00180615,177,112,65
E00180616,151,27,124
E00180617,231,61,170
E00180618,221,38,183
E00180619,355,122,233
E00180620,296,35,261
E00180621,271,55,216
E00180622,301,53,248
E00180623,220,33,187
E00180624,306,73,233
E00180625,190,36,154
E00180626,162,14,148
E00180627,298,33,265
E00180628,239,39,200
E00180629,381,61,320
E00180630,237,35,202
E00180631,229,33,196
E00180632,363,83,280
E00180633,368,37,331
E00180634,1730,1607,123
E00180635,241,55,186
E00180636,297,73,224
E00180637,104,18,86
E00180638,284,66,218
E00180639,295,65,230
E00180640,96,24,72
E00180641,309,38,271
E00180642,370,70,300
E00180643,361,135,226
E00180644,244,38,206
E00180645,124,20,104
E00180646,252,52,200
E00180647,483,172,311
E00180648,236,42,194
E00180649,416,36,380
E00180650,103,24,79
E00180651,588,60,528
E00180652,378,50,328
E00180653,412,44,368
E00180654,399,81,318
E00180655,286,36,250
E00180656,391,64,327
E00180657,456,72,384
E00180658,316,39,277
E00180659,278,60,218
E00180660,131,25,106
E00180661,532,101,431
E00180662,99,15,84
E00180663,196,37,159
E00180664,328,81,247
E00180665,208,25,183
E00180666,491,102,389
E00180667,232,34,198
E00180668,328,65,263
E00180669,292,5,287
E00180670,329,72,257
E00180671,234,32,202
E00180672,108,12,96
E00180673,245,44,201
E00180674,245,58,187
E00180675,545,148,397
E00180676,122,24,98
E00180677,421,108,313
E00180678,274,54,220
E00180679,100,32,68
E00180680,208,21,187
E00180681,248,9,239
E00180682,370,63,307
E00180683,307,51,256
E00180684,371,115,256
E00180685,511,133,378
E00180686,558,122,436
E00180687,259,42,217
E00180688,297,48,249
E00180689,561,115,446
E00180690,166,28,138
E00180691,396,75,321
E00180692,310,44,266
E00180693,129,24,105
E00180694,321,61,260
E00180695,264,61,203
E00180696,389,107,282
E00180697,328,47,281
E00180698,119,34,85
E00180699,158,27,131
E00180700,377,82,295
E00180701,83,21,62
E00180702,447,61,386
E00180703,309,55,254
E00180704,403,120,283
E00180705,137,30,107
E00180706,511,124,387
E00180707,386,69,317
E00180708,96,8,88
E00180709,180,51,129
E00180710,174,32,142
E00180711,144,41,103
E00180712,153,38,115
E00180713,267,51,216
E00180714,275,34,241
E00180715,500,92,408
E00180716,302,50,252
E00180717,339,67,272
E00180718,254,74,180
E00180719,102,4,98
E00180720,280,70,210
E00180721,324,39,285
E00180722,410,82,328
E00180723,340,62,278
E00180724,474,82,392
E00180725,489,117,372
E00180726,174,34,140
E00180727,196,42,154
E00180728,341,93,248
E00180729,108,24,84
E00180730,486,123,363
E00180731,251,43,208
E00180732,322,66,256
E00180733,224,35,189
E00180734,312,67,245
E00180735,290,55,235
E00180736,352,58,294
E00180737,230,45,185
E00180738,152,33,119
E00180739,255,71,184
E00180740,225,39,186
E00180741,158,25,133
E00180742,307,82,225
E00180743,328,84,244
E00180744,238,39,199
E00180745,142,14,128
E00180746,156,20,136
E00180747,251,31,220
E00180748,368,89,279
E00180749,471,135,336
E00180750,535,74,461
E00180751,261,51,210
E00180752,515,110,405
E00180753,730,46,684
E00180754,197,34,163
E00180755,355,88,267
E00180756,251,39,212
E00180757,138,23,115
E00180758,292,61,231
E00180759,237,56,181
E00180760,228,17,211
E00180761,349,55,294
E00180762,291,13,278
E00180763,541,110,431
E00180764,355,76,279
E00180765,422,89,333
E00180766,102,0,102
E00180767,258,56,202
E00180768,194,46,148
E00180769,169,32,137
E00180770,141,40,101
E00180771,122,29,93
E00180772,244,57,187
E00180773,314,60,254
E00180774,99,5,94
E00180775,114,24,90
E00180776,944,803,141
E00180777,645,396,249
E00180778,290,46,244
E00180779,2197,1811,386
E00180780,408,128,280
E00180781,840,724,116
E00180782,413,270,143
E00180783,960,825,135
E00180784,275,44,231
E00180785,606,553,53
E00180786,600,432,168
E00180787,2096,1918,178
E00180788,542,271,271
E00180789,342,52,290
E00180790,323,35,288
E00180791,340,86,254
E00180792,471,406,65
E00180793,266,221,45
E00180794,619,191,428
E00180795,205,53,152
E00180796,330,47,283
E00180797,204,13,191
E00180798,372,116,256
E00180799,189,67,122
E00180800,459,145,314
E00180801,261,62,199
E00180802,348,78,270
E00180803,159,64,95
E00180804,207,16,191
E00180805,424,159,265
E00180806,153,47,106
E00180807,208,66,142
E00180808,316,49,267
E00180809,532,155,377
E00180810,334,106,228
E00180811,141,32,109
E00180812,256,16,240
E00180813,117,19,98
E00180814,617,541,76
E00180815,222,84,138
E00180816,163,60,103
E00180817,213,56,157
E00180818,110,11,99
E00180819,195,60,135
E00180820,122,35,87
E00180821,404,137,267
E00180822,123,41,82
E00180823,424,134,290
E00180824,286,90,196
E00180825,520,198,322
E00180826,170,61,109
E00180827,461,144,317
E00180828,291,75,216
E00180829,171,65,106
E00180830,252,71,181
E00180831,394,142,252
E00180832,108,23,85
E00180833,581,492,89
E00180834,98,27,71
E00180835,300,102,198
E00180836,434,158,276
E00180837,203,10,193
E00180838,223,83,140
E00180839,519,110,409
E00180840,474,177,297
E00180841,186,71,115
E00180842,176,4,172
E00180843,206,83,123
E00180844,422,162,260
E00180845,104,20,84
E00180846,173,21,152
E00180847,308,106,202
E00180848,449,99,350
E00180849,506,98,408
E00180850,346,75,271
E00180851,239,18,221
E00180852,303,31,272
E00180853,215,18,197
E00180854,440,163,277
E00180855,457,184,273
E00180856,204,12,192
E00180857,227,36,191
E00180858,266,229,37
E00180859,257,22,235
E00180860,168,66,102
E00180861,414,164,250
E00180862,579,527,52
E00180863,111,17,94
E00180864,137,22,115
E00180865,189,41,148
E00180866,278,31,247
E00180867,316,106,210
E00180868,198,27,171
E00180869,198,31,167
E00180870,174,20,154
E00180871,334,148,186
E00180872,174,61,113
E00180873,161,74,87
E00180874,301,87,214
E00180875,236,71,165
E00180876,401,21,380
E00180877,243,86,157
E00180878,327,85,242
E00180879,125,53,72
E00180880,369,118,251
E00180881,180,16,164
E00180882,260,50,210
E00180883,186,15,171
E00180884,124,60,64
E00180885,364,67,297
E00180886,270,28,242
E00180887,264,91,173
E00180888,204,67,137
E00180889,154,32,122
E00180890,430,116,314
E00180891,136,22,114
E00180892,249,51,198
E00180893,212,95,117
E00180894,156,20,136
E00180895,439,162,277
E00180896,493,252,241
E00180897,416,147,269
E00180898,249,29,220
E00180899,256,103,153
E00180900,249,82,167
E00180901,152,3,149
E00180902,331,88,243
E00180903,406,111,295
E00180904,206,107,99
E00180905,334,21,313
E00180906,132,29,103
E00180907,133,33,100
E00180908,424,195,229
E00180909,128,50,78
E00180910,93,18,75
E00180911,173,83,90
E00180912,386,184,202
E00180913,394,123,271
E00180914,393,139,254
E00180915,340,102,238
E00180916,311,101,210
E00180917,300,34,266
E00180918,229,13,216
E00180919,349,185,164
E00180920,408,144,264
E00180921,553,225,328
E00180922,250,83,167
E00180923,250,8,242
E00180924,459,139,320
E00180925,399,16,383
E00180926,433,170,263
E00180927,303,30,273
E00180928,150,68,82
E00180929,152,54,98
E00180930,381,113,268
E00180931,213,61,152
E00180932,117,46,71
E00180933,329,78,251
E00180934,244,42,202
E00180935,189,43,146
E00180936,313,55,258
E00180937,631,520,111
E00180938,321,83,238
E00180939,316,125,191
E00180940,419,158,261
E00180941,367,30,337
E00180942,297,109,188
E00180943,313,108,205
E00180944,489,185,304
E00180945,718,524,194
E00180946,1779,1672,107
E00180947,492,30,462
E00180948,206,16,190
E00180949,504,113,391
E00180950,179,56,123
E00180951,414,111,303
E00180952,212,47,165
E00180953,242,91,151
E00180954,459,86,373
E00180955,358,93,265
E00180956,282,74,208
E00180957,258,75,183
E00180958,106,24,82
E00180959,201,43,158
E00180960,417,104,313
E00180961,187,30,157
E00180962,512,127,385
E00180963,285,44,241
E00180964,246,46,200
E00180965,237,58,179
E00180966,329,32,297
E00180967,84,12,72
E00180968,207,60,147
E00180969,212,46,166
E00180970,219,17,202
E00180971,253,82,171
E00180972,438,140,298
E00180973,431,41,390
E00180974,173,53,120
E00180975,191,36,155
E00180976,339,80,259
E00180977,640,45,595
E00180978,177,19,158
E00180979,350,123,227
E00180980,98,14,84
E00180981,348,70,278
E00180982,237,121,116
E00180983,341,44,297
E00180984,268,28,240
E00180985,428,149,279
E00180986,195,32,163
E00180987,250,38,212
E00180988,357,19,338
E00180989,188,19,169
E00180990,336,109,227
E00180991,381,126,255
E00180992,384,86,298
E00180993,266,42,224
E00180994,175,57,118
E00180995,258,86,172
E00180996,232,55,177
E00180997,195,41,154
E00180998,283,35,248
E00180999,198,40,158
E00181000,392,66,326
E00181001,330,59,271
E00181002,223,45,178
E00181003,435,113,322
E00181004,158,36,122
E00181005,209,32,177
E00181006,434,89,345
E00181007,182,30,152
E00181008,508,61,447
E00181009,462,121,341
E00181010,218,37,181
E00181011,203,33,170
E00181012,584,73,511
E00181013,421,57,364
E00181014,175,20,155
E00181015,303,86,217
E00181016,404,64,340
E00181017,353,95,258
E00181018,418,82,336
E00181019,209,50,159
E00181020,131,24,107
E00181021,219,8,211
E00181022,190,49,141
E00181023,364,97,267
E00181024,259,36,223
E00181025,466,103,363
E00181026,417,36,381
E00181027,177,78,99
E00181028,180,60,120
E00181029,350,89,261
E00181030,440,48,392
E00181031,214,45,169
E00181032,139,29,110
E00181033,219,57,162
E00181034,412,46,366
E00181035,330,27,303
E00181036,335,77,258
E00181037,134,27,107
E00181038,367,87,280
E00181039,330,36,294
E00181040,369,95,274
E00181041,211,41,170
E00181042,158,25,133
E00181043,279,57,222
E00181096,196,56,140
E00181097,297,18,279
E00181098,277,21,256
E00181099,264,69,195
E00181100,581,310,271
E00181101,513,97,416
E00181102,451,358,93
E00181103,221,50,171
E00181104,275,49,226
E00181105,150,7,143
E00181106,412,138,274
E00181107,135,29,106
E00181108,359,88,271
E00181109,248,46,202
E00181110,109,32,77
E00181111,320,48,272
E00181112,308,29,279
E00181113,248,31,217
E00181114,358,75,283
E00181115,261,58,203
E00181116,546,104,442
E00181117,401,110,291
E00181118,231,162,69
E00181119,371,76,295
E00181120,258,55,203
E00181121,146,26,120
E00181122,385,97,288
E00181123,208,38,170
E00181124,243,60,183
E00181125,318,47,271
E00181126,427,99,328
E00181127,245,41,204
E00181128,242,50,192
E00181129,336,55,281
E00181130,365,87,278
E00181131,259,52,207
E00181132,426,104,322
E00181133,213,68,145
E00181134,397,101,296
E00181135,97,9,88
E00181136,188,21,167
E00181137,105,19,86
E00181138,168,49,119
E00181139,219,47,172
E00181140,333,19,314
E00181141,290,60,230
E00181142,276,42,234
E00181143,288,70,218
E00181144,169,66,103
E00181145,198,59,139
E00181146,171,20,151
E00181147,591,545,46
E00181148,451,110,341
E00181149,307,38,269
E00181150,295,51,244
E00181151,225,47,178
E00181152,104,11,93
E00181153,373,93,280
E00181154,213,39,174
E00181155,144,12,132
E00181156,129,31,98
E00181157,291,48,243
E00181158,390,79,311
E00181159,305,88,217
E00181160,133,14,119
E00181161,295,65,230
E00181162,322,102,220
E00181163,452,96,356
E00181164,164,31,133
E00181165,478,128,350
E00181166,539,121,418
E00181167,434,116,318
E00181168,496,112,384
E00181169,265,54,211
E00181170,289,48,241
E00181171,126,23,103
E00181172,132,35,97
E00181173,416,115,301
E00181174,306,26,280
E00181175,337,18,319
E00181176,431,95,336
E00181177,406,81,325
E00181178,229,64,165
E00181179,339,58,281
E00181180,339,210,129
E00181181,159,27,132
E00181182,427,93,334
E00181183,324,229,95
E00181184,299,70,229
E00181185,158,13,145
E00181186,279,73,206
E00181187,381,76,305
E00181188,378,81,297
E00181189,298,46,252
E00181190,247,17,230
E00181191,538,117,421
E00181192,198,57,141
E00181193,272,96,176
E00181194,310,57,253
E00181195,540,155,385
E00181196,154,35,119
E00181197,425,151,274
E00181198,169,3,166
E00181199,423,113,310
E00181200,484,101,383
E00181201,381,89,292
E00181202,103,7,96
E00181203,112,16,96
E00181204,358,70,288
E00181205,274,47,227
E00181206,263,50,213
E00181207,394,106,288
E00181208,314,66,248
E00181209,303,80,223
E00181210,278,33,245
E00181211,371,58,313
E00181212,276,41,235
E00181213,440,95,345
E00181214,123,31,92
E00181215,115,8,107
E00181216,306,42,264
E00181217,278,44,234
E00181218,275,40,235
E00181219,217,43,174
E00181220,156,21,135
E00181221,345,74,271
E00181222,595,66,529
E00181223,122,21,101
E00181224,120,12,108
E00181225,413,116,297
E00181226,200,64,136
E00181227,86,10,76
E00181228,328,83,245
E00181229,250,32,218
E00181230,465,90,375
E00181231,274,60,214
E00181232,341,1,340
E00181233,211,45,166
E00181234,474,88,386
E00181235,453,100,353
E00181236,517,96,421
E00181237,112,12,100
E00181238,126,26,100
E00181239,390,92,298
E00181240,374,113,261
E00181241,363,68,295
E00181242,131,24,107
E00181243,294,33,261
E00181244,220,51,169
E00181245,342,100,242
E00181246,406,9,397
E00181247,410,136,274
E00181248,492,257,235
E00181249,184,48,136
E00181250,260,31,229
E00181251,145,20,125
E00181252,167,36,131
E00181253,382,87,295
E00181254,135,22,113
E00181255,257,67,190
E00181256,323,57,266
E00181257,249,5,244
E00181258,270,43,227
E00181259,388,96,292
E00181260,423,75,348
E00181261,305,62,243
E00181262,101,7,94
E00181263,133,42,91
E00181264,353,96,257
E00181265,262,66,196
E00181266,266,32,234
E00181267,297,53,244
E00181268,154,33,121
E00181269,469,73,396
E00181270,511,92,419
E00181271,281,57,224
E00181272,545,99,446
E00181273,467,102,365
E00181274,506,83,423
E00181275,350,80,270
E00181276,437,73,364
E00181277,514,154,360
E00181278,230,50,180
E00181279,504,80,424
E00181280,197,41,156
E00181281,256,52,204
E00181282,315,59,256
E00181283,562,117,445
E00181284,335,76,259
E00181285,159,17,142
E00181286,205,31,174
E00181287,373,77,296
E00181288,193,41,152
E00181289,225,55,170
E00181290,223,43,180
E00181291,297,79,218
E00181292,361,100,261
E00181293,480,122,358
E00181294,432,91,341
E00181295,454,137,317
E00181296,371,60,311
E00181297,215,32,183
E00181298,294,71,223
E00181299,440,77,363
E00181300,274,61,213
E00181301,250,41,209
E00181302,341,76,265
E00181303,391,91,300
E00181304,198,39,159
E00181305,268,68,200
E00181306,103,29,74
E00181307,110,25,85
E00181308,175,61,114
E00181309,372,103,269
E00181310,266,20,246
E00181311,402,62,340
E00181312,169,30,139
E00181313,154,38,116
E00181314,170,26,144
E00181315,225,29,196
E00181316,151,8,143
E00181317,271,66,205
E00181318,441,86,355
E00181319,202,34,168
E00181320,375,95,280
E00181321,380,89,291
E00181322,190,43,147
E00181323,107,22,85
E00181324,285,59,226
E00181325,473,126,347
E00181326,119,27,92
E00181327,361,88,273
E00181328,280,77,203
E00181329,477,120,357
E00181330,170,11,159
E00181331,173,22,151
E00181332,365,59,306
E00181333,155,57,98
E00181334,266,24,242
E00181335,124,37,87
E00181336,107,34,73
E00181337,205,48,157
E00181338,131,26,105
E00181339,165,28,137
E00181340,455,108,347
E00181341,124,13,111
E00181342,333,91,242
E00181343,487,91,396
E00181344,249,62,187
E00181345,121,34,87
E00181346,174,38,136
E00181347,130,30,100
E00181348,315,51,264
E00181349,423,104,319
E00181350,134,14,120
E00181351,292,57,235
E00181352,162,19,143
E00181353,309,64,245
E00181354,337,28,309
E00181355,296,63,233
E00181356,126,18,108
E00181357,426,98,328
E00181358,383,88,295
E00181359,367,78,289
E00181360,403,84,319
E00181361,120,44,76
E00181362,107,27,80
E00181363,256,41,215
E00181364,168,31,137
E00181365,312,56,256
E00181366,234,15,219
E00181367,122,29,93
E00181368,530,92,438
E00181369,153,42,111
E00181370,605,31,574
E00181371,255,24,231
E00181372,492,81,411
E00181373,209,28,181
E00181374,140,44,96
E00181375,207,7,200
E00181376,219,11,208
E00181377,457,135,322
E00181378,198,33,165
E00181379,228,48,180
E00181380,312,76,236
E00181381,206,31,175
E00181382,162,57,105
E00181383,217,24,193
E00181384,385,59,326
E00181385,225,47,178
E00181386,320,45,275
E00181387,271,8,263
E00181388,301,82,219
E00181389,115,27,88
E00181390,135,28,107
E00181391,199,75,124
E00181392,307,49,258
E00181393,95,18,77
E00181394,203,55,148
E00181395,231,13,218
E00181396,294,80,214
E00181397,541,156,385
E00181398,505,165,340
E00181399,205,21,184
E00181400,507,85,422
E00181401,553,83,470
E00181402,207,44,163
E00181403,128,39,89
E00181404,192,11,181
E00181405,414,99,315
E00181406,393,97,296
E00181407,350,65,285
E00181408,389,97,292
E00181409,325,84,241
E00181410,303,66,237
E00181411,351,63,288
E00181412,342,62,280
E00181413,539,96,443
E00181414,301,89,212
E00181415,179,51,128
E00181416,226,45,181
E00181417,177,50,127
E00181418,124,9,115
E00181419,344,88,256
E00181420,294,76,218
E00181421,359,86,273
E00181422,228,48,180
E00181423,90,16,74
E00181424,409,66,343
E00181425,510,107,403
E00181426,115,9,106
E00181427,332,131,201
E00181428,302,144,158
E00181429,142,23,119
E00181430,289,62,227
E00181431,195,39,156
E00181432,195,14,181
E00181433,150,25,125
E00181434,516,148,368
E00181435,465,150,315
E00181436,411,104,307
E00181437,255,43,212
E00181438,395,66,329
E00181439,303,70,233
E00181440,376,75,301
E00181441,679,32,647
E00181442,445,112,333
E00181443,157,18,139
E00181444,171,14,157
E00181445,464,151,313
E00181446,164,39,125
E00181447,309,55,254
E00181448,426,136,290
E00181449,315,43,272
E00181450,154,21,133
E00181451,430,137,293
E00181452,264,24,240
E00181453,166,60,106
E00181454,444,85,359
E00181455,265,54,211
E00181456,465,120,345
E00181457,143,30,113
E00181458,180,35,145
E00181459,201,38,163
E00181460,286,49,237
E00181461,159,21,138
E00181462,198,78,120
E00181463,114,15,99
E00181464,415,89,326
E00181465,107,12,95
E00181466,177,29,148
E00181467,207,47,160
E00181468,344,48,296
E00181469,297,112,185
E00181470,214,117,97
E00181471,264,114,150
E00181472,244,53,191
E00181473,538,259,279
E00181474,386,79,307
E00181475,314,106,208
E00181476,350,78,272
E00181477,195,30,165
E00181478,269,58,211
E00181479,250,78,172
E00181480,321,67,254
E00181481,307,66,241
E00181482,361,93,268
E00181483,341,68,273
E00181484,436,88,348
E00181485,287,51,236
E00181486,96,5,91
E00181487,422,76,346
E00181488,518,87,431
E00181489,382,129,253
E00181490,174,45,129
E00181491,149,14,135
E00181492,276,48,228
E00181493,258,47,211
E00181494,361,99,262
E00181495,107,28,79
E00181496,137,51,86
E00181497,474,94,380
E00181498,103,23,80
E00181499,128,28,100
E00181500,200,55,145
E00181501,293,50,243
E00181502,432,183,249
E00181503,286,51,235
E00181504,123,37,86
E00181505,204,58,146
E00181506,315,58,257
E00181507,308,63,245
E00181508,455,105,350
E00181509,91,13,78
E00181510,338,117,221
E00181511,444,150,294
E00181512,340,102,238
E00181513,361,61,300
E00181514,296,77,219
E00181515,261,36,225
E00181516,346,94,252
E00181517,363,97,266
E00181518,342,62,280
E00181519,242,48,194
E00181520,388,137,251
E00181521,359,76,283
E00181522,155,59,96
E00181523,395,151,244
E00181524,286,85,201
E00181525,223,22,201
E00181526,521,179,342
E00181527,290,63,227
E00181528,279,102,177
E00181529,238,79,159
E00181530,149,8,141
E00181531,141,46,95
E00181532,180,63,117
E00181533,243,53,190
E00181534,291,65,226
E00181535,374,119,255
E00181536,184,18,166
E00181537,407,43,364
E00181538,369,77,292
E00181539,299,63,236
E00181540,320,35,285
E00181541,256,52,204
E00181542,346,106,240
E00181543,301,79,222
E00181544,327,102,225
E00181545,499,196,303
E00181546,318,106,212
E00181547,275,60,215
E00181548,352,119,233
E00181549,109,30,79
E00181550,244,21,223
E00181551,386,115,271
E00181552,216,70,146
E00181553,346,109,237
E00181554,393,104,289
E00181555,140,10,130
E00181556,441,157,284
E00181557,196,74,122
E00181558,252,80,172
E00181559,218,65,153
E00181560,453,145,308
E00181561,534,117,417
E00181562,307,65,242
E00181563,95,39,56
E00181564,278,56,222
E00181565,95,26,69
E00181566,366,74,292
E00181567,111,23,88
E00181568,385,43,342
E00181569,326,27,299
E00181570,466,139,327
E00181571,245,56,189
E00181572,327,213,114
E00181573,264,75,189
E00181574,452,189,263
E00181575,288,102,186
E00181576,246,53,193
E00181577,178,35,143
E00181578,247,40,207
E00181579,538,101,437
E00181580,549,115,434
E00181581,279,29,250
E00181582,204,29,175
E00181583,259,62,197
E00181584,311,73,238
E00181585,258,37,221
E00181586,259,34,225
E00181587,523,98,425
E00181588,454,297,157
E00181589,347,217,130
E00181590,328,50,278
E00181591,307,47,260
E00181592,126,23,103
E00181593,176,17,159
E00181594,143,24,119
E00181595,287,46,241
E00181596,193,45,148
E00181597,443,144,299
E00181598,192,60,132
E00181599,227,34,193
E00181600,274,42,232
E00181601,138,19,119
E00181602,480,307,173
E00181603,190,21,169
E00181604,314,43,271
E00181605,275,62,213
E00181606,233,27,206
E00181607,131,25,106
E00181608,414,115,299
E00181609,257,36,221
E00181610,151,20,131
E00181611,330,77,253
E00181612,472,208,264
E00181613,281,27,254
E00181614,277,133,144
E00181615,229,21,208
E00181616,331,73,258
E00181617,415,119,296
E00181618,143,22,121
E00181619,522,164,358
E00181620,347,59,288
E00181621,150,10,140
E00181622,180,14,166
E00181623,290,35,255
E00181624,279,43,236
E00181625,208,45,163
E00181626,101,24,77
E00181627,338,86,252
E00181628,196,37,159
E00181629,408,110,298
E00181630,184,24,160
E00181631,397,117,280
E00181632,445,145,300
E00181633,290,43,247
E00181634,242,27,215
E00181635,107,21,86
E00181636,377,66,311
E00181637,206,50,156
E00181638,286,38,248
E00181639,184,32,152
E00181640,299,59,240
E00181641,445,68,377
E00181642,209,25,184
E00181643,177,19,158
E00181644,374,86,288
E00181645,106,33,73
E00181646,142,25,117
E00181647,362,97,265
E00181648,447,111,336
E00181649,218,37,181
E00181650,489,95,394
E00181651,344,74,270
E00181652,89,15,74
E00181653,202,39,163
E00181654,207,67,140
E00181655,328,64,264
E00181656,326,73,253
E00181657,614,580,34
E00181658,328,55,273
E00181659,324,48,276
E00181660,146,22,124
E00181661,220,21,199
E00181662,377,63,314
E00181663,356,78,278
E00181664,222,70,152
E00181665,245,53,192
E00181666,533,211,322
E00181667,412,111,301
E00181668,432,46,386
E00181669,263,65,198
E00181670,298,93,205
E00181671,411,83,328
E00181672,195,34,161
E00181673,205,26,179
E00181674,291,41,250
E00181675,328,94,234
E00181676,243,70,173
E00181677,194,15,179
E00181678,108,20,88
E00181679,455,57,398
E00181680,233,78,155
E00181681,152,17,135
E00181682,400,66,334
E00181683,290,39,251
E00181684,491,67,424
E00181685,284,43,241
E00181686,226,15,211
E00181687,368,122,246
E00181688,145,23,122
E00181689,275,28,247
E00181690,394,209,185
E00181691,398,353,45
E00181692,215,47,168
E00181693,384,52,332
E00181694,211,58,153
E00181695,212,49,163
E00181696,427,97,330
E00181697,225,30,195
E00181698,470,89,381
E00181699,492,82,410
E00181700,466,158,308
E00181701,158,13,145
E00181702,428,143,285
E00181703,136,27,109
E00181704,183,49,134
E00181705,166,33,133
E00181706,357,225,132
E00181707,194,35,159
E00181708,185,10,175
E00181709,256,11,245
E00181710,355,70,285
E00181711,326,43,283
E00181712,320,122,198
E00181713,164,41,123
E00181714,280,70,210
E00181715,180,22,158
E00181716,284,40,244
E00181717,445,178,267
E00181718,131,4,127
E00181719,251,46,205
E00181720,434,117,317
E00181721,141,43,98
E00181722,327,94,233
E00181723,238,38,200
E00181724,397,108,289
E00181725,265,40,225
E00181726,276,72,204
E00181727,358,108,250
E00181728,164,72,92
E00181729,295,61,234
E00181730,420,161,259
E00181731,223,52,171
E00181732,164,50,114
E00181733,228,82,146
E00181734,484,213,271
E00181735,341,82,259
E00181736,220,35,185
E00181737,351,106,245
E00181738,282,115,167
E00181739,178,39,139
E00181740,343,112,231
E00181741,560,134,426
E00181742,477,207,270
E00181743,118,26,92
E00181744,369,112,257
E00181745,271,54,217
E00181746,455,116,339
E00181747,244,58,186
E00181748,485,119,366
E00181749,333,95,238
E00181750,299,74,225
E00181751,386,144,242
E00181752,506,206,300
E00181753,338,122,216
E00181754,294,56,238
E00181755,232,74,158
E00181756,418,208,210
E00181757,156,59,97
E00181758,301,101,200
E00181759,467,106,361
E00181760,271,58,213
E00181761,161,60,101
E00181762,432,151,281
E00181763,156,53,103
E00181764,269,59,210
E00181765,213,75,138
E00181766,299,33,266
E00181767,172,72,100
E00181768,331,90,241
E00181769,206,6,200
E00181770,270,53,217
E00181771,309,93,216
E00181772,145,11,134
E00181773,264,124,140
E00181774,210,66,144
E00181775,365,172,193
E00181776,438,150,288
E00181777,187,84,103
E00181778,344,113,231
E00181779,337,138,199
E00181780,506,175,331
E00181781,253,75,178
E00181782,297,113,184
E00181783,406,94,312
E00181784,121,14,107
E00181785,412,95,317
E00181786,183,37,146
E00181787,278,61,217
E00181788,273,22,251
E00181789,496,189,307
E00181790,254,108,146
E00181791,378,143,235
E00181792,331,59,272
E00181793,120,22,98
E00181794,372,144,228
E00181795,286,61,225
E00181796,195,58,137
E00181797,288,63,225
E00181798,537,130,407
E00181799,280,49,231
E00181800,216,71,145
E00181801,500,222,278
E00181802,389,82,307
E00181803,223,57,166
E00181804,262,104,158
E00181805,235,36,199
E00181806,363,82,281
E00181807,346,38,308
E00181808,253,95,158
E00181809,427,106,321
E00181810,242,40,202
E00181811,297,81,216
E00181812,281,100,181
E00181813,140,39,101
E00181814,155,37,118
E00181815,468,167,301
E00181816,364,83,281
E00181817,273,113,160
E00181818,135,31,104
E00181819,418,175,243
E00181820,364,166,198
E00181821,145,29,116
E00181822,106,8,98
E00181823,124,26,98
E00181824,124,25,99
E00181825,266,56,210
E00181826,140,24,116
E00181827,263,51,212
E00181828,272,40,232
E00181829,188,33,155
E00181830,334,87,247
E00181831,279,56,223
E00181832,318,50,268
E00181833,228,44,184
E00181834,169,55,114
E00181835,391,99,292
E00181836,253,74,179
E00181837,303,70,233
E00181838,475,345,130
E00181839,393,77,316
E00181840,226,39,187
E00181841,272,53,219
E00181842,354,63,291
E00181843,408,71,337
E00181844,586,127,459
E00181845,218,29,189
E00181846,328,97,231
E00181847,283,47,236
E00181848,329,96,233
E00181849,403,103,300
E00181850,378,91,287
E00181851,354,94,260
E00181852,227,29,198
E00181853,398,78,320
E00181854,698,629,69
E00181855,262,46,216
E00181856,133,20,113
E00181857,241,65,176
E00181858,141,21,120
E00181859,367,97,270
E00181860,181,57,124
E00181861,292,68,224
E00181862,215,32,183
E00181863,116,28,88
E00181864,237,67,170
E00181865,120,37,83
E00181866,473,121,352
E00181867,143,12,131
E00181868,497,116,381
E00181869,385,125,260
E00181870,277,61,216
E00181871,452,90,362
E00181872,191,52,139
E00181873,404,133,271
E00181874,120,8,112
E00181875,236,17,219
E00181876,414,109,305
E00181877,282,44,238
E00181878,302,70,232
E00181879,206,53,153
E00181880,276,69,207
E00181881,196,38,158
E00181882,211,31,180
E00181883,477,105,372
E00181884,432,151,281
E00181885,369,70,299
E00181886,276,72,204
E00181887,430,106,324
E00181888,240,61,179
E00181889,154,40,114
E00181890,515,126,389
E00181891,199,48,151
E00181892,288,53,235
E00181893,353,58,295
E00181894,263,42,221
E00181895,386,97,289
E00181896,198,39,159
E00181897,216,46,170
E00181898,193,45,148
E00181899,310,65,245
E00181900,141,19,122
E00181901,453,70,383
E00181902,149,0,149
E00181903,505,140,365
E00181904,332,123,209
E00181905,159,30,129
E00181906,281,64,217
E00181907,314,88,226
E00181908,242,48,194
E00181909,529,127,402
E00181910,196,11,185
E00181911,354,101,253
E00181912,285,47,238
E00181913,359,102,257
E00181914,155,36,119
E00181915,210,32,178
E00181916,562,174,388
E00181917,328,60,268
E00181918,316,58,258
E00181919,159,29,130
E00181920,142,22,120
E00181921,307,69,238
E00181922,282,35,247
E00181923,537,122,415
E00181924,125,20,105
E00181925,244,59,185
E00181926,273,50,223
E00181927,161,32,129
E00181928,263,53,210
E00181929,264,31,233
E00181930,177,16,161
E00181931,463,97,366
E00181932,288,56,232
E00181933,101,20,81
E00181934,219,14,205
E00181935,910,769,141
E00181936,549,162,387
E00181937,540,65,475
E00181938,95,18,77
E00181939,415,63,352
E00181940,343,99,244
E00181941,663,487,176
E00181942,300,77,223
E00181943,90,18,72
E00181944,275,101,174
E00181945,271,48,223
E00181946,247,47,200
E00181947,138,26,112
E00181948,447,103,344
E00181949,305,79,226
E00181950,272,69,203
E00181951,387,104,283
E00181952,135,31,104
E00181953,245,1,244
E00181954,310,54,256
E00181955,147,31,116
E00181956,98,18,80
E00181957,295,50,245
E00181958,754,621,133
E00181959,373,70,303
E00181960,104,24,80
E00181961,242,42,200
E00181962,155,20,135
E00181963,238,38,200
E00181964,173,44,129
E00181965,314,82,232
E00181966,284,51,233
E00181967,436,94,342
E00181968,517,27,490
E00181969,223,66,157
E00181970,327,110,217
E00181971,493,125,368
E00181972,474,92,382
E00181973,489,161,328
E00181974,260,112,148
E00181975,212,49,163
E00181976,186,72,114
E00181977,419,124,295
E00181978,113,42,71
E00181979,533,140,393
E00181980,463,115,348
E00181981,353,50,303
E00181982,327,65,262
E00181983,290,48,242
E00181984,106,9,97
E00181985,468,131,337
E00181986,246,14,232
E00181987,528,170,358
E00181988,380,77,303
E00181989,423,56,367
E00181990,553,121,432
E00181991,169,30,139
E00181992,522,113,409
E00181993,185,36,149
E00181994,241,45,196
E00181995,447,141,306
E00181996,87,10,77
E00181997,448,136,312
E00181998,287,53,234
E00181999,345,62,283
E00182000,145,16,129
E00182001,448,117,331
E00182002,269,78,191
E00182003,464,47,417
E00182004,384,68,316
E00182005,312,81,231
E00182006,215,40,175
E00182007,356,37,319
E00182008,151,30,121
E00182009,406,55,351
E00182010,437,154,283
E00182011,140,38,102
E00182012,366,83,283
E00182013,566,107,459
E00182014,228,50,178
E00182015,182,42,140
E00182016,332,68,264
E00182017,221,48,173
E00182018,177,43,134
E00182019,156,42,114
E00182020,216,42,174
E00182021,234,81,153
E00182022,1406,1305,101
E00182023,313,75,238
E00182024,253,82,171
E00182025,148,15,133
E00182026,146,36,110
E00182027,123,19,104
E00182028,384,120,264
E00182029,143,29,114
E00182030,330,76,254
E00182031,266,45,221
E00182032,479,82,397
E00182033,297,84,213
E00182034,284,58,226
E00182035,545,224,321
E00182036,274,36,238
E00182037,496,88,408
E00182038,256,40,216
E00182039,381,95,286
E00182040,348,60,288
E00182041,250,59,191
E00182042,353,80,273
E00182043,185,41,144
E00182044,287,45,242
E00182045,307,90,217
E00182046,325,83,242
E00182047,171,66,105
E00182048,177,8,169
E00182049,322,88,234
E00182050,317,90,227
E00182051,102,16,86
E00182052,143,22,121
E00182053,179,49,130
E00182054,219,40,179
E00182055,159,37,122
E00182056,319,54,265
E00182057,442,74,368
E00182058,175,31,144
E00182059,137,44,93
E00182060,363,98,265
E00182061,897,486,411
E00182062,258,55,203
E00182063,224,42,182
E00182064,292,62,230
E00182065,507,135,372
E00182066,404,115,289
E00182067,309,56,253
E00182068,249,45,204
E00182069,494,134,360
E00182070,246,81,165
E00182071,535,110,425
E00182072,170,0,170
E00182073,307,51,256
E00182074,376,118,258
E00182075,378,98,280
E00182076,139,23,116
E00182077,250,50,200
E00182078,441,90,351
E00182079,324,64,260
E00182080,473,169,304
E00182081,852,598,254
E00182082,348,60,288
E00182083,533,130,403
E00182084,455,92,363
E00182085,244,77,167
E00182086,313,75,238
E00182087,432,49,383
E00182088,311,57,254
E00182089,513,46,467
E00182090,334,106,228
E00182091,402,51,351
E00182092,349,25,324
E00182093,417,99,318
E00182094,216,42,174
E00182095,478,183,295
E00182096,204,28,176
E00182097,138,24,114
E00182098,267,36,231
E00182099,394,145,249
E00182100,560,146,414
E00182101,436,69,367
E00182102,104,9,95
E00182103,248,127,121
E00182104,592,171,421
E00182105,340,66,274
E00182106,108,7,101
E00182107,216,40,176
E00182108,301,98,203
E00182109,298,85,213
E00182110,100,5,95
E00182111,366,71,295
E00182112,220,30,190
E00182113,347,103,244
E00182114,259,60,199
E00182115,241,88,153
E00182116,260,27,233
E00182117,322,31,291
E00182118,256,26,230
E00182119,368,35,333
E00182120,248,34,214
E00182121,378,111,267
E00182122,298,77,221
E00182123,155,32,123
E00182124,431,48,383
E00182125,501,117,384
E00182126,334,35,299
E00182127,152,16,136
E00182128,423,25,398
E00182129,338,34,304
E00182130,130,12,118
E00182131,280,42,238
E00182132,344,97,247
E00182133,443,117,326
E00182134,158,18,140
E00182135,195,18,177
E00182136,363,53,310
E00182137,414,114,300
E00182138,175,23,152
E00182139,154,14,140
E00182140,363,64,299
E00182141,278,70,208
E00182142,425,34,391
E00182143,114,10,104
E00182144,162,50,112
E00182145,297,86,211
E00182146,343,33,310
E00182147,277,26,251
E00182148,359,26,333
E00182149,378,43,335
E00182150,218,23,195
E00182151,301,121,180
E00182152,233,95,138
E00182153,430,62,368
E00182154,140,19,121
E00182155,299,72,227
E00182156,294,46,248
E00182157,244,29,215
E00182158,151,9,142
E00182159,185,82,103
E00182160,557,107,450
E00182161,444,173,271
E00182162,121,7,114
E00182163,202,17,185
E00182164,214,66,148
E00182165,103,13,90
E00182166,241,58,183
E00182167,121,14,107
E00182168,491,83,408
E00182169,227,33,194
E00182170,145,19,126
E00182171,217,13,204
E00182172,188,57,131
E00182173,229,19,210
E00182174,159,37,122
E00182175,186,14,172
E00182176,521,110,411
E00182177,433,124,309
E00182178,304,24,280
E00182179,181,43,138
E00182180,191,13,178
E00182181,224,58,166
E00182182,340,84,256
E00182183,128,10,118
E00182184,292,28,264
E00182185,279,103,176
E00182186,197,8,189
E00182187,273,47,226
E00182188,441,74,367
E00182189,129,14,115
E00182190,502,137,365
E00182191,569,494,75
E00182192,395,110,285
E00182193,162,26,136
E00182194,577,218,359
E00182195,356,88,268
E00182196,106,6,100
E00182197,398,119,279
E00182198,183,48,135
E00182199,400,38,362
E00182200,170,57,113
E00182201,495,283,212
E00182202,309,72,237
E00182203,259,64,195
E00182204,103,31,72
E00182205,133,6,127
E00182206,418,178,240
E00182207,161,52,109
E00182208,372,37,335
E00182209,284,99,185
E00182210,374,133,241
E00182211,295,78,217
E00182212,352,143,209
E00182213,377,108,269
E00182214,169,21,148
E00182215,178,13,165
E00182216,253,73,180
E00182217,371,90,281
E00182218,106,21,85
E00182219,166,42,124
E00182220,365,90,275
E00182221,396,86,310
E00182222,234,47,187
E00182223,172,27,145
E00182224,296,77,219
E00182225,194,8,186
E00182226,167,12,155
E00182227,523,83,440
E00182228,287,16,271
E00182229,365,70,295
E00182230,392,95,297
E00182231,417,125,292
E00182232,230,14,216
E00182233,401,28,373
E00182234,177,78,99
E00182235,297,82,215
E00182236,480,66,414
E00182237,309,115,194
E00182238,603,496,107
E00182239,207,35,172
E00182240,325,16,309
E00182241,247,68,179
E00182242,537,113,424
E00182243,175,15,160
E00182244,318,45,273
E00182245,260,47,213
E00182246,331,124,207
E00182247,158,11,147
E00182248,195,7,188
E00182249,584,90,494
E00182250,386,129,257
E00182251,460,69,391
E00182252,388,55,333
E00182253,273,29,244
E00182254,259,44,215
E00182255,426,82,344
E00182256,294,75,219
E00182257,223,16,207
E00182258,157,29,128
E00182259,448,130,318
E00182260,223,41,182
E00182261,257,67,190
E00182262,409,168,241
E00182263,144,53,91
E00182264,261,36,225
E00182265,267,89,178
E00182266,334,113,221
E00182267,504,63,441
E00182268,357,47,310
E00182269,326,94,232
E00182270,266,37,229
E00182271,230,69,161
E00182272,227,152,75
E00182273,139,29,110
E00182274,297,21,276
E00182275,234,37,197
E00182276,536,319,217
E00182277,186,12,174
E00182278,354,115,239
E00182279,410,124,286
E00182280,143,39,104
E00182281,271,23,248
E00182282,430,121,309
E00182283,261,22,239
E00182284,204,13,191
E00182285,457,140,317
E00182286,237,53,184
E00182287,329,99,230
E00182288,213,1,212
E00182289,364,24,340
E00182290,493,85,408
E00182291,424,176,248
E00182292,121,35,86
E00182293,201,16,185
E00182294,117,10,107
E00182295,410,87,323
E00182296,256,85,171
E00182297,447,131,316
E00182298,188,32,156
E00182299,105,22,83
E00182300,389,60,329
E00182301,155,54,101
E00182302,380,50,330
E00182303,438,149,289
E00182304,408,71,337
E00182305,171,18,153
E00182306,153,36,117
E00182307,311,43,268
E00182308,448,60,388
E00182309,106,13,93
E00182310,196,34,162
E00182311,409,87,322
E00182312,497,101,396
E00182313,140,13,127
E00182314,142,16,126
E00182315,423,127,296
E00182316,447,36,411
E00182317,170,42,128
E00182318,256,85,171
E00182319,264,34,230
E00182320,269,99,170
E00182321,190,11,179
E00182322,323,67,256
E00182323,159,12,147
E00182324,376,84,292
E00182325,533,142,391
E00182326,291,109,182
E00182327,105,26,79
E00182328,189,22,167
E00182329,105,21,84
E00182330,462,99,363
E00182331,197,4,193
E00182332,243,64,179
E00182333,342,25,317
E00182334,371,50,321
E00182335,239,70,169
E00182336,536,163,373
E00182337,330,88,242
E00182338,290,33,257
E00182339,239,81,158
E00182340,304,22,282
E00182341,338,100,238
E00182342,101,9,92
E00182343,239,73,166
E00182344,200,54,146
E00182345,108,37,71
E00182346,176,24,152
E00182347,466,94,372
E00182348,497,119,378
E00182349,298,57,241
E00182350,294,18,276
E00182351,465,104,361
E00182352,174,23,151
E00182353,432,80,352
E00182354,282,113,169
E00182355,335,93,242
E00182356,490,124,366
E00182357,115,33,82
E00182358,401,83,318
E00182359,268,42,226
E00182360,90,19,71
E00182361,526,126,400
E00182362,229,22,207
E00182363,287,113,174
E00182364,147,17,130
E00182365,216,13,203
E00182366,288,89,199
E00182367,373,63,310
E00182368,475,113,362
E00182369,173,12,161
E00182370,223,36,187
E00182371,152,19,133
E00182372,309,65,244
E00182373,192,53,139
E00182374,506,79,427
E00182375,150,9,141
E00182376,213,15,198
E00182377,170,10,160
E00182378,474,70,404
E00182379,305,74,231
E00182380,329,86,243
E00182381,439,80,359
E00182382,246,57,189
E00182383,224,45,179
E00182384,457,132,325
E00182385,398,147,251
E00182386,112,7,105
E00182387,299,74,225
E00182388,396,116,280
E00182389,277,23,254
E00182390,168,10,158
E00182391,338,68,270
E00182392,314,95,219
E00182393,297,63,234
E00182394,317,91,226
E00182395,394,106,288
E00182396,117,29,88
E00182397,572,78,494
E00182398,212,42,170
E00182399,470,326,144
E00182400,394,133,261
E00182401,450,122,328
E00182402,426,144,282
E00182403,93,11,82
E00182404,484,124,360
E00182405,306,64,242
E00182406,336,71,265
E00182407,350,78,272
E00182408,252,30,222
E00182409,92,7,85
E00182410,463,132,331
E00182411,279,50,229
E00182412,297,36,261
E00182413,146,21,125
E00182414,282,42,240
E00182415,328,98,230
E00182416,631,103,528
E00182417,283,108,175
E00182418,73,19,54
E00182419,164,18,146
E00182420,297,70,227
E00182421,536,130,406
E00182422,303,61,242
E00182423,192,40,152
E00182424,94,9,85
E00182425,443,78,365
E00182426,417,144,273
E00182427,180,27,153
E00182428,195,67,128
E00182429,432,69,363
E00182430,467,82,385
E00182431,389,90,299
E00182432,452,127,325
E00182433,308,54,254
E00182434,289,45,244
E00182435,216,67,149
E00182436,454,116,338
E00182437,134,24,110
E00182438,166,13,153
E00182439,158,51,107
E00182440,246,51,195
E00182441,171,39,132
E00182442,227,48,179
E00182443,245,69,176
E00182444,361,93,268
E00182445,351,129,222
E00182446,148,52,96
E00182447,223,69,154
E00182448,267,44,223
E00182449,435,119,316
E00182450,279,82,197
E00182451,133,26,107
E00182452,205,51,154
E00182453,278,31,247
E00182454,268,35,233
E00182455,336,72,264
E00182456,228,32,196
E00182457,311,24,287
E00182458,383,119,264
E00182459,217,35,182
E00182460,409,89,320
E00182461,229,35,194
E00182462,320,75,245
E00182463,215,33,182
E00182464,500,116,384
E00182465,196,11,185
E00182466,295,52,243
E00182467,256,44,212
E00182468,212,27,185
E00182469,509,112,397
E00182470,304,34,270
E00182471,543,100,443
E00182472,282,74,208
E00182473,301,80,221
E00182474,152,45,107
E00182475,412,77,335
E00182476,245,57,188
E00182477,232,38,194
E00182478,252,56,196
E00182479,157,33,124
E00182480,171,29,142
E00182481,193,39,154
E00182482,316,86,230
E00182483,150,61,89
E00182484,308,59,249
E00182485,437,108,329
E00182486,107,22,85
E00182487,189,46,143
E00182488,151,24,127
E00182489,286,46,240
E00182490,393,63,330
E00182491,122,27,95
E00182492,434,114,320
E00182493,435,139,296
E00182494,521,118,403
E00182495,173,6,167
E00182496,191,63,128
E00182497,410,134,276
E00182498,263,68,195
E00182499,373,70,303
E00182500,181,22,159
E00182501,468,43,425
E00182502,201,26,175
E00182503,187,23,164
E00182504,130,25,105
E00182505,197,28,169
E00182506,486,123,363
E00182507,101,28,73
E00182508,293,71,222
E00182509,146,28,118
E00182510,228,84,144
E00182511,555,128,427
E00182512,399,128,271
E00182513,523,158,365
E00182514,183,0,183
E00182515,303,89,214
E00182516,162,21,141
E00182517,161,58,103
E00182518,158,20,138
E00182519,332,105,227
E00182520,377,23,354
E00182521,99,24,75
E00182522,286,42,244
E00182523,511,138,373
E00182524,392,65,327
E00182525,310,38,272
E00182526,285,36,249
E00182527,372,89,283
E00182528,125,10,115
E00182529,243,42,201
E00182530,223,53,170
E00182531,203,29,174
E00182532,165,23,142
E00182533,117,25,92
E00182534,346,25,321
E00182535,335,38,297
E00182536,466,141,325
E00182537,511,256,255
E00182538,438,110,328
E00182539,536,112,424
E00182540,516,68,448
E00182541,539,301,238
E00182542,338,38,300
E00182543,329,91,238
E00182544,327,87,240
E00182546,169,32,137
E00182547,277,69,208
E00182548,143,2,141
E00182549,401,116,285
E00182550,289,81,208
E00182551,341,76,265
E00182552,201,21,180
E00182553,332,105,227
E00182554,226,18,208
E00182555,584,223,361
E00182556,155,14,141
E00182557,284,41,243
E00182558,184,18,166
E00182559,294,70,224
E00182560,321,29,292
E00182561,202,25,177
E00182562,288,9,279
E00182563,282,22,260
E00182564,517,103,414
E00182565,174,49,125
E00182566,325,48,277
E00182567,221,5,216
E00182568,97,16,81
E00182569,125,21,104
E00182570,282,85,197
E00182571,142,25,117
E00182572,243,28,215
E00182573,249,56,193
E00182574,267,69,198
E00182575,244,46,198
E00182576,287,69,218
E00182577,250,59,191
E00182578,172,26,146
E00182579,472,139,333
E00182580,157,10,147
E00182581,227,28,199
E00182582,94,15,79
E00182583,307,27,280
E00182584,131,33,98
E00182585,177,52,125
E00182586,91,23,68
E00182587,462,124,338
E00182588,184,35,149
E00182589,298,76,222
E00182590,263,17,246
E00182591,205,10,195
E00182592,463,75,388
E00182593,252,18,234
E00182594,273,39,234
E00182595,183,27,156
E00182596,244,36,208
E00182597,169,15,154
E00182598,237,50,187
E00182599,488,270,218
E00182600,410,59,351
E00182601,220,24,196
E00182602,139,18,121
E00182603,251,34,217
E00182604,328,38,290
E00182605,144,14,130
E00182606,260,71,189
E00182607,244,61,183
E00182608,199,32,167
E00182609,338,67,271
E00182610,396,33,363
E00182611,198,13,185
E00182612,236,75,161
E00182613,138,9,129
E00182614,280,53,227
E00182615,319,117,202
E00182616,123,26,97
E00182617,230,36,194
E00182618,303,21,282
E00182619,282,19,263
E00182620,94,19,75
E00182621,121,15,106
E00182622,313,46,267
E00182623,278,22,256
E00182624,440,57,383
E00182625,254,10,244
E00182626,158,37,121
E00182627,411,46,365
E00182628,272,13,259
E00182629,224,19,205
E00182630,287,50,237
E00182631,132,25,107
E00182632,343,84,259
E00182633,319,22,297
E00182634,183,24,159
E00182635,300,18,282
E00182636,93,20,73
E00182637,423,91,332
E00182638,144,26,118
E00182639,155,9,146
E00182640,342,43,299
E00182641,321,11,310
E00182642,264,78,186
E00182643,462,176,286
E00182644,163,25,138
E00182645,184,29,155
E00182646,277,73,204
E00182647,290,29,261
E00182648,536,69,467
E00182649,371,52,319
E00182650,542,113,429
E00182651,481,113,368
E00182652,190,40,150
E00182653,291,26,265
E00182654,440,105,335
E00182655,310,37,273
E00182656,146,36,110
E00182657,562,179,383
E00182658,150,18,132
E00182659,279,60,219
E00182660,166,40,126
E00182661,219,28,191
E00182662,223,46,177
E00182663,293,67,226
E00182664,432,73,359
E00182665,120,4,116
E00182666,303,55,248
E00182667,303,77,226
E00182668,132,20,112
E00182669,267,57,210
E00182670,183,33,150
E00182671,363,82,281
E00182672,106,21,85
E00182673,123,34,89
E00182674,343,75,268
E00182675,289,45,244
E00182676,507,99,408
E00182677,508,141,367
E00182678,392,88,304
E00182679,188,18,170
E00182680,131,18,113
E00182681,431,67,364
E00182682,260,37,223
E00182683,136,18,118
E00182684,101,20,81
E00182685,346,65,281
E00182686,345,71,274
E00182687,275,48,227
E00182688,205,40,165
E00182689,126,19,107
E00182690,350,72,278
E00182691,328,39,289
E00182692,99,16,83
E00182693,364,97,267
E00182694,509,160,349
E00182695,229,43,186
E00182696,293,94,199
E00182697,139,23,116
E00182698,496,85,411
E00182699,460,107,353
E00182700,180,29,151
E00182701,390,76,314
E00182702,280,27,253
E00182703,307,49,258
E00182704,325,76,249
E00182705,411,80,331
E00182706,233,37,196
E00182707,570,101,469
E00182708,294,86,208
E00182709,328,72,256
E00182710,441,119,322
E00182711,363,56,307
E00182712,477,113,364
E00182713,133,5,128
E00182714,120,47,73
E00182715,208,26,182
E00182716,455,105,350
E00182717,338,67,271
E00182718,270,61,209
E00182719,257,40,217
E00182720,250,33,217
E00182721,162,30,132
E00182722,429,118,311
E00182723,344,69,275
E00182724,296,47,249
E00182725,187,48,139
E00182726,230,32,198
E00182727,489,68,421
E00182728,348,86,262
E00182729,466,72,394
E00182730,228,18,210
E00182731,234,28,206
E00182732,178,53,125
E00182733,249,52,197
E00182734,248,60,188
E00182735,88,23,65
E00182736,315,73,242
E00182737,221,22,199
E00182738,128,27,101
E00182739,129,27,102
E00182740,200,9,191
E00182741,493,113,380
E00182742,248,63,185
E00182743,309,61,248
E00182744,136,18,118
E00182745,357,59,298
E00182746,662,365,297
E00182747,345,42,303
E00182748,2639,1481,1158
E00182749,212,11,201
E00182750,227,17,210
E00182751,296,11,285
E00182752,230,23,207
E00182753,97,17,80
E00182754,531,142,389
E00182755,442,65,377
E00182756,331,84,247
E00182757,404,105,299
E00182758,309,72,237
E00182759,405,114,291
E00182760,102,15,87
E00182761,253,63,190
E00182762,107,24,83
E00182763,315,69,246
E00182764,124,31,93
E00182765,413,49,364
E00182766,326,52,274
E00182767,270,38,232
E00182768,507,156,351
E00182769,373,74,299
E00182770,514,75,439
E00182771,260,78,182
E00182772,110,13,97
E00182773,253,69,184
E00182774,95,20,75
E00182775,217,47,170
E00182776,386,107,279
E00182777,427,82,345
E00182778,174,26,148
E00182779,398,85,313
E00182780,338,74,264
E00182781,284,59,225
E00182782,521,127,394
E00182783,145,25,120
E00182784,494,118,376
E00182785,385,75,310
E00182786,152,31,121
E00182787,208,46,162
E00182788,546,100,446
E00182789,206,50,156
E00182790,535,84,451
E00182791,402,62,340
E00182792,169,48,121
E00182793,442,91,351
E00182794,260,70,190
E00182795,114,28,86
E00182796,188,41,147
E00182797,302,59,243
E00182798,543,102,441
E00182799,170,28,142
E00182800,133,37,96
E00182801,160,38,122
E00182802,260,66,194
E00182803,335,31,304
E00182804,354,44,310
E00182805,447,92,355
E00182806,294,64,230
E00182807,96,18,78
E00182808,254,27,227
E00182809,192,25,167
E00182810,275,37,238
E00182811,172,31,141
E00182812,138,25,113
E00182813,356,87,269
E00182814,263,53,210
E00182815,138,10,128
E00182816,413,113,300
E00182817,570,134,436
E00182818,219,62,157
E00182819,229,24,205
E00182820,142,30,112
E00182821,437,92,345
E00182822,105,18,87
E00182823,449,147,302
E00182824,136,19,117
E00182825,209,31,178
E00182826,441,108,333
E00182827,407,87,320
E00182828,208,32,176
E00182829,393,71,322
E00182830,531,113,418
E00182831,123,26,97
E00182832,183,46,137
E00182833,309,70,239
E00182834,123,16,107
E00182835,146,36,110
E00182836,119,9,110
E00182837,530,102,428
E00182838,211,34,177
E00182839,550,146,404
E00182840,230,32,198
E00182841,120,35,85
E00182842,412,81,331
E00182843,243,61,182
E00182844,476,138,338
E00182845,293,59,234
E00182846,238,57,181
E00182847,284,12,272
E00182848,113,35,78
E00182849,578,111,467
E00182850,464,152,312
E00182851,412,51,361
E00182852,317,76,241
E00182853,440,50,390
E00182854,129,35,94
E00182855,112,21,91
E00182856,190,53,137
E00182857,135,9,126
E00182858,538,257,281
E00182859,92,12,80
E00182860,261,70,191
E00182861,337,80,257
E00182862,129,2,127
E00182863,141,17,124
E00182864,321,46,275
E00182865,306,37,269
E00182866,525,147,378
E00182867,135,29,106
E00182868,364,62,302
E00182869,298,71,227
E00182870,151,39,112
E00182871,222,53,169
E00182872,362,88,274
E00182873,378,75,303
E00182874,119,30,89
E00182875,478,112,366
E00182876,237,49,188
E00182877,465,102,363
E00182878,405,64,341
E00182879,308,102,206
E00182880,208,45,163
E00182881,467,134,333
E00182882,457,144,313
E00182883,459,115,344
E00182884,212,57,155
E00182885,315,64,251
E00182886,295,32,263
E00182887,307,60,247
E00182888,337,92,245
E00182889,348,52,296
E00182890,520,113,407
E00182891,207,56,151
E00182892,296,81,215
E00182893,253,40,213
E00182894,393,79,314
E00182895,326,68,258
E00182896,543,106,437
E00182897,338,83,255
E00182898,422,111,311
E00182899,150,9,141
E00182900,151,37,114
E00182901,200,23,177
E00182902,143,35,108
E00182903,297,58,239
E00182904,306,63,243
E00182905,120,28,92
E00182906,198,23,175
E00182907,126,14,112
E00182908,456,98,358
E00182909,368,99,269
E00182910,244,50,194
E00182911,187,30,157
E00182912,501,427,74
E00182913,231,37,194
E00182914,511,103,408
E00182915,332,55,277
E00182916,201,43,158
E00182917,261,58,203
E00182918,238,17,221
E00182919,227,54,173
E00182920,178,44,134
E00182921,106,33,73
E00182922,433,94,339
E00182923,224,21,203
E00182924,128,39,89
E00182925,128,10,118
E00182926,514,228,286
E00182928,1358,1260,98
E00182929,496,362,134
E00182930,375,87,288
E00182931,194,12,182
E00182932,342,105,237
E00182933,887,624,263
E00182934,1296,1177,119
E00182935,274,43,231
E00182936,360,45,315
E00182937,456,370,86
E00182938,1937,1818,119
E00182939,300,51,249
E00182940,303,122,181
E00182941,116,20,96
E00182942,286,79,207
E00182943,137,12,125
E00182944,261,74,187
E00182945,365,278,87
E00182946,480,161,319
E00182947,489,110,379
E00182948,128,29,99
E00182949,173,123,50
E00182950,354,260,94
E00182951,414,98,316
E00182952,184,54,130
E00182953,133,18,115
E00182954,187,75,112
E00182955,208,30,178
E00182956,241,61,180
E00182957,94,32,62
E00182958,234,97,137
E00182959,437,170,267
E00182960,166,13,153
E00182961,198,60,138
E00182962,1804,1735,69
E00182963,166,29,137
E00182964,297,55,242
E00182965,461,332,129
E00182966,115,15,100
E00182967,235,163,72
E00182968,279,45,234
E00182969,283,179,104
E00182970,285,111,174
E00182971,509,422,87
E00182972,325,34,291
E00182973,771,34,737
E00182974,156,45,111
E00182975,312,109,203
E00182976,228,46,182
E00182977,270,54,216
E00182978,285,60,225
E00182979,375,58,317
E00182980,267,64,203
E00182981,539,451,88
E00182982,461,97,364
E00182983,149,32,117
E00182984,461,167,294
E00182985,375,74,301
E00182986,505,146,359
E00182987,106,24,82
E00182988,182,64,118
E00182989,342,90,252
E00182990,158,34,124
E00182991,100,26,74
E00182992,133,35,98
E00182993,344,121,223
E00182994,210,45,165
E00182995,205,44,161
E00182996,350,191,159
E00182997,259,104,155
E00182998,658,566,92
E00182999,493,209,284
E00183000,194,11,183
E00183001,250,40,210
E00183002,206,52,154
E00183003,257,76,181
E00183004,282,87,195
E00183005,173,50,123
E00183006,130,29,101
E00183007,117,27,90
E00183008,398,85,313
E00183009,274,49,225
E00183010,257,176,81
E00183011,156,6,150
E00183012,366,124,242
E00183013,694,649,45
E00183014,268,43,225
E00183015,554,148,406
E00183016,197,44,153
E00183017,122,33,89
E00183018,362,65,297
E00183019,354,302,52
E00183020,546,127,419
E00183021,444,106,338
E00183022,149,37,112
E00183023,183,37,146
E00183024,514,420,94
E00183025,152,6,146
E00183026,307,115,192
E00183027,211,41,170
E00183028,214,56,158
E00183029,593,422,171
E00183030,365,33,332
E00183031,239,26,213
E00183032,1339,1183,156
E00183033,553,76,477
E00183034,982,651,331
E00183035,319,61,258
E00183036,477,135,342
E00183037,288,2,286
E00183038,570,162,408
E00183039,109,7,102
E00183040,374,95,279
E00183041,185,12,173
E00183042,250,20,230
E00183043,505,86,419
E00183044,314,49,265
E00183045,484,68,416
E00183046,128,16,112
E00183047,164,46,118
E00183048,199,35,164
E00183049,261,54,207
E00183050,261,42,219
E00183051,170,31,139
E00183052,524,327,197
E00183053,161,18,143
E00183054,194,30,164
E00183055,99,3,96
E00183056,404,48,356
E00183057,516,27,489
E00183058,212,32,180
E00183059,433,75,358
E00183060,505,165,340
E00183061,288,48,240
E00183062,182,25,157
E00183063,380,49,331
E00183064,99,22,77
E00183065,268,24,244
E00183066,459,65,394
E00183067,146,13,133
E00183068,311,56,255
E00183069,437,120,317
E00183070,91,32,59
E00183071,467,113,354
E00183072,316,52,264
E00183073,387,110,277
E00183074,216,26,190
E00183075,228,28,200
E00183076,230,57,173
E00183077,103,38,65
E00183078,438,114,324
E00183079,144,15,129
E00183080,238,40,198
E00183081,279,57,222
E00183082,339,85,254
E00183083,108,12,96
E00183084,285,38,247
E00183085,172,43,129
E00183086,356,60,296
E00183087,326,72,254
E00183088,276,58,218
E00183089,254,16,238
E00183090,308,66,242
E00183091,153,32,121
E00183092,224,57,167
E00183093,207,51,156
E00183094,205,20,185
E00183095,370,109,261
E00183096,223,36,187
E00183097,326,55,271
E00183098,849,118,731
E00183099,295,64,231
E00183100,309,90,219
E00183101,288,60,228
E00183102,350,35,315
E00183103,282,55,227
E00183104,375,60,315
E00183105,434,87,347
E00183106,441,126,315
E00183107,247,29,218
E00183108,321,65,256
E00183109,331,127,204
E00183110,233,13,220
E00183111,207,69,138
E00183112,230,42,188
E00183113,254,46,208
E00183114,300,91,209
E00183115,233,49,184
E00183116,202,22,180
E00183117,237,26,211
E00183118,160,47,113
E00183119,187,36,151
E00183120,292,24,268
E00183121,167,16,151
E00183122,143,15,128
E00183123,180,17,163
E00183124,254,29,225
E00183125,162,21,141
E00183126,234,35,199
E00183127,151,8,143
E00183128,944,46,898
E00183129,196,8,188
E00183130,205,22,183
E00183131,233,42,191
E00183132,406,80,326
E00183133,225,29,196
E00183134,534,405,129
E00183135,163,36,127
E00183136,232,59,173
E00183137,360,78,282
E00183138,199,15,184
E00183139,215,35,180
E00183140,147,23,124
E00183141,201,19,182
E00183142,255,66,189
E00183143,327,66,261
E00183144,272,55,217
E00183145,166,18,148
E00183146,153,10,143
E00183147,405,54,351
E00183148,343,51,292
E00183149,252,13,239
E00183150,268,35,233
E00183151,343,48,295
E00183152,224,53,171
E00183153,195,39,156
E00183154,405,172,233
E00183155,225,31,194
E00183156,273,29,244
E00183157,363,73,290
E00183158,187,48,139
E00183159,166,31,135
E00183160,130,34,96
E00183161,292,33,259
E00183162,267,38,229
E00183163,216,51,165
E00183164,303,51,252
E00183165,261,44,217
E00183166,305,51,254
E00183167,489,373,116
E00183168,275,91,184
E00183169,340,45,295
E00183170,123,18,105
E00183171,216,15,201
E00183172,148,14,134
E00183173,185,11,174
E00183174,216,21,195
E00183175,183,13,170
E00183176,276,12,264
E00183177,250,36,214
E00183178,286,33,253
E00183179,377,28,349
E00183180,178,43,135
E00183181,235,51,184
E00183182,176,17,159
E00183183,365,70,295
E00183184,370,248,122
E00183185,178,26,152
E00183186,186,6,180
E00183187,295,64,231
E00183188,282,56,226
E00183189,207,9,198
E00183190,111,12,99
E00183191,244,11,233
E00183192,171,23,148
E00183193,250,25,225
E00183194,327,59,268
E00183195,287,69,218
E00183196,189,19,170
E00183197,227,53,174
E00183198,258,46,212
E00183199,226,37,189
E00183200,188,21,167
E00183201,169,15,154
E00183202,162,16,146
E00183203,198,14,184
E00183204,259,33,226
E00183205,254,22,232
E00183206,130,13,117
E00183207,321,75,246
E00183208,227,8,219
E00183209,246,20,226
E00183210,633,81,552
E00183211,258,63,195
E00183212,293,47,246
E00183213,209,16,193
E00183214,241,50,191
E00183215,466,92,374
E00183216,350,51,299
E00183217,263,5,258
E00183218,384,51,333
E00183219,296,36,260
E00183220,252,49,203
E00183221,283,43,240
E00183222,203,28,175
E00183223,315,30,285
E00183224,152,81,71
E00183225,150,8,142
E00183226,143,37,106
E00183227,291,63,228
E00183228,267,160,107
E00183229,416,75,341
E00183230,176,98,78
E00183231,128,15,113
E00183232,309,80,229
E00183233,180,42,138
E00183234,118,41,77
E00183235,294,51,243
E00183236,311,80,231
E00183237,317,56,261
E00183238,191,43,148
E00183239,338,47,291
E00183240,203,44,159
E00183241,480,96,384
E00183242,231,39,192
E00183243,261,74,187
E00183244,274,37,237
E00183245,164,120,44
E00183246,144,34,110
E00183247,133,21,112
E00183248,426,89,337
E00183249,194,35,159
E00183250,255,60,195
E00183251,308,60,248
E00183252,473,104,369
E00183253,263,51,212
E00183254,469,124,345
E00183255,134,30,104
E00183256,352,75,277
E00183257,240,46,194
E00183258,311,83,228
E00183259,222,34,188
E00183260,448,80,368
E00183261,434,100,334
E00183262,260,45,215
E00183263,106,22,84
E00183264,386,95,291
E00183265,258,71,187
E00183266,460,50,410
E00183267,337,63,274
E00183268,426,107,319
E00183269,239,23,216
E00183270,299,34,265
E00183271,337,80,257
E00183272,147,25,122
E00183273,405,259,146
E00183274,271,67,204
E00183275,526,101,425
E00183276,295,41,254
E00183277,277,82,195
E00183278,571,157,414
E00183279,166,43,123
E00183280,423,59,364
E00183281,411,116,295
E00183282,376,57,319
E00183283,362,88,274
E00183284,330,90,240
E00183285,301,100,201
E00183286,338,49,289
E00183287,396,91,305
E00183288,429,85,344
E00183289,484,314,170
E00183290,221,37,184
E00183291,136,24,112
E00183292,253,35,218
E00183293,291,30,261
E00183294,279,47,232
E00183295,562,521,41
E00183296,157,34,123
E00183297,225,72,153
E00183298,162,39,123
E00183299,913,27,886
E00183300,395,71,324
E00183301,475,85,390
E00183302,315,59,256
E00183303,150,26,124
E00183304,116,18,98
E00183305,335,72,263
E00183306,345,70,275
E00183307,262,55,207
E00183308,804,709,95
E00183309,219,56,163
E00183310,224,62,162
E00183311,295,47,248
E00183312,523,47,476
E00183313,404,104,300
E00183314,912,871,41
E00183315,534,505,29
E00183316,184,25,159
E00183317,230,28,202
E00183318,209,41,168
E00183319,531,313,218
E00183320,499,75,424
E00183321,242,41,201
E00183322,183,27,156
E00183323,239,33,206
E00183324,417,90,327
E00183325,307,69,238
E00183326,217,48,169
E00183327,193,24,169
E00183328,434,126,308
E00183329,229,28,201
E00183330,104,31,73
E00183331,219,30,189
E00183332,184,21,163
E00183333,185,13,172
E00183334,110,17,93
E00183335,324,24,300
E00183336,354,151,203
E00183337,153,21,132
E00183338,126,48,78
E00183339,238,43,195
E00183340,474,90,384
E00183341,124,45,79
E00183342,397,133,264
E00183343,356,31,325
E00183344,250,57,193
E00183345,316,77,239
E00183346,345,68,277
E00183347,258,47,211
E00183348,372,80,292
E00183349,228,11,217
E00183350,109,19,90
E00183351,536,156,380
E00183352,170,58,112
E00183353,134,47,87
E00183354,549,113,436
E00183355,613,38,575
E00183356,163,73,90
E00183357,119,44,75
E00183358,194,90,104
E00183359,353,62,291
E00183360,185,17,168
E00183361,448,73,375
E00183362,152,34,118
E00183363,306,47,259
E00183364,125,23,102
E00183365,316,48,268
E00183366,91,17,74
E00183367,269,54,215
E00183368,344,62,282
E00183369,225,41,184
E00183370,160,30,130
E00183371,415,79,336
E00183372,370,79,291
E00183373,286,53,233
E00183374,162,45,117
E00183375,423,65,358
E00183376,196,25,171
E00183377,372,79,293
E00183378,140,25,115
E00183379,202,33,169
E00183380,135,33,102
E00183381,262,77,185
E00183382,149,2,147
E00183383,310,61,249
E00183384,242,28,214
E00183385,275,54,221
E00183386,113,12,101
E00183387,241,54,187
E00183388,143,20,123
E00183389,532,107,425
E00183390,279,67,212
E00183391,133,40,93
E00183392,275,41,234
E00183393,352,62,290
E00183394,113,24,89
E00183395,180,13,167
E00183396,498,91,407
E00183397,468,113,355
E00183398,280,84,196
E00183399,505,75,430
E00183400,257,72,185
E00183401,935,88,847
E00183402,315,39,276
E00183403,179,23,156
E00183404,155,14,141
E00183405,692,285,407
E00183406,319,59,260
E00183407,179,19,160
E00183408,536,119,417
E00183409,143,28,115
E00183410,369,83,286
E00183411,180,11,169
E00183412,405,90,315
E00183413,257,41,216
E00183414,259,35,224
E00183415,183,28,155
E00183416,278,34,244
E00183417,307,52,255
E00183418,247,72,175
E00183419,190,54,136
E00183420,133,34,99
E00183421,270,77,193
E00183422,397,115,282
E00183423,252,43,209
E00183424,210,58,152
E00183425,106,18,88
E00183426,1415,318,1097
E00183427,1351,286,1065
E00183428,314,72,242
E00183429,307,65,242
E00183430,315,69,246
E00183431,382,83,299
E00183432,516,78,438
E00183433,293,102,191
E00183434,513,378,135
E00183435,271,66,205
E00183436,202,17,185
E00183437,413,102,311
E00183438,191,24,167
E00183439,273,49,224
E00183440,120,12,108
E00183441,199,33,166
E00183442,276,71,205
E00183443,289,43,246
E00183444,161,48,113
E00183445,444,90,354
E00183446,349,73,276
E00183447,261,64,197
E00183448,416,125,291
E00183449,322,76,246
E00183450,326,81,245
E00183451,229,70,159
E00183452,351,59,292
E00183453,232,58,174
E00183454,375,102,273
E00183455,318,88,230
E00183456,207,72,135
E00183457,475,154,321
E00183458,231,50,181
E00183459,114,32,82
E00183460,283,76,207
E00183461,344,102,242
E00183462,505,169,336
E00183463,167,33,134
E00183464,219,57,162
E00183465,509,109,400
E00183466,289,45,244
E00183467,322,81,241
E00183468,303,22,281
E00183469,260,40,220
E00183470,452,83,369
E00183471,112,32,80
E00183472,183,58,125
E00183473,555,133,422
E00183474,284,72,212
E00183475,338,66,272
E00183476,278,57,221
E00183477,365,70,295
E00183478,384,80,304
E00183479,542,142,400
E00183480,312,40,272
E00183481,229,74,155
E00183482,132,43,89
E00183483,253,28,225
E00183484,195,20,175
E00183485,337,40,297
E00183486,339,74,265
E00183487,260,51,209
E00183488,341,96,245
E00183489,104,29,75
E00183490,473,124,349
E00183491,433,91,342
E00183492,100,10,90
E00183493,298,59,239
E00183494,243,49,194
E00183495,393,114,279
E00183496,207,43,164
E00183497,260,53,207
E00183498,290,41,249
E00183499,288,64,224
E00183500,269,74,195
E00183501,328,42,286
E00183502,393,41,352
E00183503,304,59,245
E00183504,361,29,332
E00183505,255,36,219
E00183506,528,135,393
E00183507,277,57,220
E00183508,227,0,227
E00183509,325,56,269
E00183510,145,31,114
E00183511,483,121,362
E00183512,198,57,141
E00183513,384,110,274
E00183514,431,99,332
E00183515,261,81,180
E00183516,326,58,268
E00183517,523,177,346
E00183518,127,21,106
E00183519,508,111,397
E00183520,476,104,372
E00183521,151,44,107
E00183522,420,129,291
E00183523,272,35,237
E00183524,439,86,353
E00183525,161,39,122
E00183526,487,131,356
E00183527,401,128,273
E00183528,138,43,95
E00183529,142,56,86
E00183530,108,25,83
E00183531,256,55,201
E00183532,356,85,271
E00183533,218,52,166
E00183534,231,32,199
E00183535,488,122,366
E00183536,114,25,89
E00183537,331,73,258
E00183538,388,97,291
E00183539,122,31,91
E00183540,283,70,213
E00183541,184,30,154
E00183542,339,67,272
E00183543,380,69,311
E00183544,137,23,114
E00183545,465,97,368
E00183546,133,38,95
E00183547,154,29,125
E00183548,175,16,159
E00183549,272,23,249
E00183550,206,33,173
E00183551,219,14,205
E00183552,539,140,399
E00183553,240,45,195
E00183554,164,45,119
E00183555,246,63,183
E00183556,431,77,354
E00183557,215,19,196
E00183558,199,20,179
E00183559,301,53,248
E00183560,161,18,143
E00183561,366,48,318
E00183562,102,17,85
E00183563,301,80,221
E00183564,566,117,449
E00183565,163,19,144
E00183566,141,33,108
E00183567,469,57,412
E00183568,171,37,134
E00183569,394,93,301
E00183570,193,37,156
E00183571,198,50,148
E00183572,542,152,390
E00183573,216,74,142
E00183574,180,64,116
E00183575,488,137,351
E00183576,129,44,85
E00183577,344,97,247
E00183578,260,53,207
E00183579,351,44,307
E00183580,372,86,286
E00183581,153,32,121
E00183582,218,42,176
E00183583,368,77,291
E00183584,309,57,252
E00183585,183,34,149
E00183586,283,44,239
E00183587,313,82,231
E00183588,226,28,198
E00183589,154,13,141
E00183590,279,65,214
E00183591,334,70,264
E00183592,354,69,285
E00183593,468,125,343
E00183594,235,89,146
E00183595,213,64,149
E00183596,231,57,174
E00183597,320,60,260
E00183598,363,110,253
E00183599,413,138,275
E00183600,126,34,92
E00183601,347,99,248
E00183602,111,1,110
E00183603,331,57,274
E00183604,213,6,207
E00183605,210,37,173
E00183606,99,30,69
E00183607,454,143,311
E00183608,293,83,210
E00183609,96,18,78
E00183610,506,130,376
E00183611,336,121,215
E00183612,360,48,312
E00183613,360,105,255
E00183614,212,79,133
E00183615,228,53,175
E00183616,324,102,222
E00183617,104,23,81
E00183618,430,109,321
E00183619,170,59,111
E00183620,437,128,309
E00183621,242,75,167
E00183622,155,36,119
E00183623,141,34,107
E00183624,359,49,310
E00183625,213,34,179
E00183626,293,44,249
E00183627,303,56,247
E00183628,103,13,90
E00183629,405,84,321
E00183630,171,34,137
E00183631,239,34,205
E00183632,295,44,251
E00183633,121,27,94
E00183634,343,70,273
E00183635,278,70,208
E00183636,314,76,238
E00183637,473,119,354
E00183638,116,33,83
E00183639,448,110,338
E00183640,238,61,177
E00183641,158,24,134
E00183642,399,93,306
E00183643,239,74,165
E00183644,441,126,315
E00183645,350,125,225
E00183646,317,98,219
E00183647,181,34,147
E00183648,569,38,531
E00183649,133,38,95
E00183650,233,0,233
E00183651,114,0,114
E00183652,178,53,125
E00183653,293,80,213
E00183654,500,152,348
E00183655,469,149,320
E00183656,256,59,197
E00183657,260,97,163
E00183658,183,43,140
E00183659,397,109,288
E00183660,247,55,192
E00183661,174,54,120
E00183662,281,65,216
E00183663,268,91,177
E00183664,226,65,161
E00183665,372,106,266
E00183666,294,82,212
E00183667,113,38,75
E00183668,475,170,305
E00183669,344,32,312
E00183670,103,13,90
E00183671,455,111,344
E00183672,179,44,135
E00183673,455,128,327
E00183674,107,21,86
E00183675,413,110,303
E00183676,198,45,153
E00183677,221,54,167
E00183678,289,61,228
E00183679,418,88,330
E00183680,281,72,209
E00183681,522,151,371
E00183682,318,99,219
E00183683,324,119,205
E00183684,291,103,188
E00183685,399,122,277
E00183686,252,90,162
E00183687,262,66,196
E00183688,236,75,161
E00183689,516,131,385
E00183690,207,77,130
E00183691,522,149,373
E00183692,364,96,268
E00183693,329,99,230
E00183694,234,77,157
E00183695,397,130,267
E00183696,117,30,87
E00183697,297,81,216
E00183698,315,70,245
E00183699,215,55,160
E00183700,521,88,433
E00183701,95,21,74
E00183702,236,46,190
E00183703,141,29,112
E00183704,306,55,251
E00183705,204,29,175
E00183706,356,59,297
E00183707,258,45,213
E00183708,282,0,282
E00183709,457,150,307
E00183710,100,7,93
E00183711,340,87,253
E00183712,355,99,256
E00183713,140,43,97
E00183714,317,106,211
E00183715,890,234,656
E00183716,374,22,352
E00183717,380,122,258
E00183718,420,118,302
E00183719,189,54,135
E00183720,404,155,249
E00183721,524,136,388
E00183722,343,56,287
E00183723,389,156,233
E00183724,251,9,242
E00183725,333,119,214
E00183726,487,169,318
E00183727,412,109,303
E00183728,462,140,322
E00183729,927,765,162
E00183730,463,75,388
E00183731,226,47,179
E00183732,445,307,138
E00183733,361,83,278
E00183734,330,31,299
E00183735,379,110,269
E00183736,294,30,264
E00183737,211,37,174
E00183738,179,14,165
E00183739,273,84,189
E00183740,246,38,208
E00183741,250,42,208
E00183742,197,24,173
E00183743,207,54,153
E00183744,539,400,139
E00183745,321,128,193
E00183746,297,56,241
E00183747,238,57,181
E00183748,288,71,217
E00183749,313,75,238
E00183750,204,37,167
E00183751,330,105,225
E00183752,281,30,251
E00183753,308,54,254
E00183754,248,70,178
E00183755,335,112,223
E00183756,215,30,185
E00183757,168,74,94
E00183758,235,38,197
E00183759,335,117,218
E00183760,272,79,193
E00183761,232,68,164
E00183762,215,12,203
E00183763,274,128,146
E00183764,273,21,252
E00183765,172,52,120
E00183766,249,27,222
E00183767,244,22,222
E00183768,299,81,218
E00183769,281,33,248
E00183770,338,26,312
E00183771,242,33,209
E00183772,208,50,158
E00183773,316,96,220
E00183774,323,54,269
E00183775,259,50,209
E00183776,315,49,266
E00183777,231,28,203
E00183778,206,25,181
E00183779,429,164,265
E00183780,219,14,205
E00183781,157,8,149
E00183782,276,86,190
E00183783,435,262,173
E00183784,311,101,210
E00183785,252,35,217
E00183786,245,57,188
E00183787,297,69,228
E00183788,333,127,206
E00183789,411,141,270
E00183790,209,59,150
E00183791,309,108,201
E00183792,347,57,290
E00183793,196,29,167
E00183794,302,79,223
E00183795,282,72,210
E00183796,196,97,99
E00183797,189,31,158
E00183798,175,55,120
E00183799,532,297,235
E00183800,351,118,233
E00183801,264,17,247
E00183802,208,13,195
E00183803,263,65,198
E00183804,223,18,205
E00183805,357,102,255
E00183806,251,85,166
E00183807,190,32,158
E00183808,284,90,194
E00183809,230,29,201
E00183810,274,46,228
E00183811,193,48,145
E00183812,330,99,231
E00183813,240,45,195
E00183814,442,145,297
E00183815,252,39,213
E00183816,348,42,306
E00183817,303,125,178
E00183818,392,155,237
E00183819,330,75,255
E00183820,206,74,132
E00183821,459,97,362
E00183822,442,115,327
E00183823,569,358,211
E00183824,266,52,214
E00183825,333,64,269
E00183826,167,13,154
E00183827,125,22,103
E00183828,489,130,359
E00183829,166,22,144
E00183830,310,68,242
E00183831,292,82,210
E00183832,317,93,224
E00183833,236,60,176
E00183834,304,55,249
E00183835,245,93,152
E00183836,206,16,190
E00183837,279,82,197
E00183838,226,56,170
E00183839,254,59,195
E00183840,268,51,217
E00183841,197,23,174
E00183842,282,52,230
E00183843,177,20,157
E00183844,612,242,370
E00183845,309,85,224
E00183846,229,31,198
E00183847,217,24,193
E00183848,569,55,514
E00183849,318,68,250
E00183850,118,26,92
E00183851,269,60,209
E00183852,195,35,160
E00183853,287,45,242
E00183854,272,60,212
E00183855,257,70,187
E00183856,113,22,91
E00183857,244,99,145
E00183858,260,59,201
E00183859,250,67,183
E00183860,315,86,229
E00183861,131,35,96
E00183862,303,98,205
E00183863,312,59,253
E00183864,217,31,186
E00183865,114,12,102
E00183866,256,30,226
E00183867,358,31,327
E00183868,302,108,194
E00183869,318,85,233
E00183870,221,17,204
E00183871,288,86,202
E00183872,322,58,264
E00183873,268,38,230
E00183874,251,72,179
E00183875,205,23,182
E00183876,493,55,438
E00183877,276,56,220
E00183878,189,22,167
E00183879,174,38,136
E00183880,359,84,275
E00183881,179,23,156
E00183882,188,31,157
E00183883,266,70,196
E00183884,240,84,156
E00183885,223,51,172
E00183886,173,22,151
E00183887,344,109,235
E00183888,169,16,153
E00183889,381,115,266
E00183890,331,102,229
E00183891,245,61,184
E00183892,332,32,300
E00183893,287,64,223
E00183894,246,42,204
E00183895,392,174,218
E00183896,361,127,234
E00183897,127,49,78
E00183898,229,19,210
E00183899,147,24,123
E00183900,222,38,184
E00183901,183,5,178
E00183902,361,101,260
E00183903,183,10,173
E00183904,321,126,195
E00183905,330,48,282
E00183906,212,58,154
E00183907,254,75,179
E00183908,322,69,253
E00183909,261,49,212
E00183910,236,101,135
E00183911,221,24,197
E00183912,207,17,190
E00183913,159,57,102
E00183914,165,30,135
E00183915,319,92,227
E00183916,250,27,223
E00183917,251,67,184
E00183918,296,64,232
E00183919,231,67,164
E00183920,186,50,136
E00183921,240,47,193
E00183922,350,92,258
E00183923,272,55,217
E00183924,315,31,284
E00183925,327,131,196
E00183926,334,265,69
E00183927,274,57,217
E00183928,322,62,260
E00183929,211,54,157
E00183930,516,333,183
E00183931,441,57,384
E00183932,510,196,314
E00183933,267,31,236
E00183934,365,40,325
E00183935,273,91,182
E00183936,393,98,295
E00183937,248,49,199
E00183938,214,29,185
E00183939,277,75,202
E00183940,331,76,255
E00183941,163,18,145
E00183942,149,16,133
E00183943,239,40,199
E00183944,243,26,217
E00183945,377,84,293
E00183946,382,150,232
E00183947,225,35,190
E00183948,246,88,158
E00183949,256,42,214
E00183950,215,52,163
E00183951,402,176,226
E00183952,260,15,245
E00183953,163,31,132
E00183954,367,34,333
E00183955,201,63,138
E00183956,258,22,236
E00183957,300,27,273
E00183958,312,21,291
E00183959,307,36,271
E00183960,358,10,348
E00183961,209,23,186
E00183962,361,90,271
E00183963,381,35,346
E00183964,239,70,169
E00183965,200,26,174
E00183966,308,62,246
E00183967,421,135,286
E00183968,225,45,180
E00183969,208,14,194
E00183970,638,365,273
E00183971,298,35,263
E00183972,245,51,194
E00183973,274,40,234
E00183974,231,39,192
E00183975,549,202,347
E00183976,304,42,262
E00183977,186,21,165
E00183978,259,83,176
E00183979,455,225,230
E00183980,152,13,139
E00183981,212,29,183
E00183982,235,38,197
E00183983,242,23,219
E00183984,448,172,276
E00183985,253,55,198
E00183986,278,57,221
E00183987,191,26,165
E00183988,257,87,170
E00183989,491,229,262
E00183990,218,36,182
E00183991,340,135,205
E00183992,273,80,193
E00183993,214,46,168
E00183994,160,23,137
E00183995,222,68,154
E00183996,229,12,217
E00183997,363,73,290
E00183998,314,58,256
E00183999,516,90,426
E00184000,279,31,248
E00184001,382,113,269
E00184002,312,37,275
E00184003,391,106,285
E00184004,256,59,197
E00184005,312,92,220
E00184006,177,58,119
E00184007,193,12,181
E00184008,412,194,218
E00184009,433,197,236
E00184010,246,30,216
E00184011,535,293,242
E00184012,355,109,246
E00184013,388,128,260
E00184014,233,30,203
E00184015,297,86,211
E00184016,229,34,195
E00184017,592,489,103
E00184018,314,47,267
E00184019,424,171,253
E00184020,305,59,246
E00184021,384,161,223
E00184022,304,75,229
E00184023,230,63,167
E00184024,425,92,333
E00184025,321,72,249
E00184026,241,66,175
E00184027,266,11,255
E00184028,318,106,212
E00184029,357,136,221
E00184030,182,35,147
E00184031,270,44,226
E00184032,149,19,130
E00184033,253,94,159
E00184034,205,41,164
E00184035,268,70,198
E00184036,209,73,136
E00184037,120,14,106
E00184038,300,50,250
E00184039,507,151,356
E00184040,211,9,202
E00184041,301,40,261
E00184042,423,147,276
E00184043,154,30,124
E00184044,350,105,245
E00184045,247,22,225
E00184046,201,12,189
E00184047,378,94,284
E00184048,319,112,207
E00184049,314,76,238
E00184050,270,24,246
E00184051,115,23,92
E00184052,235,13,222
E00184053,178,11,167
E00184054,262,28,234
E00184055,156,18,138
E00184056,304,66,238
E00184057,141,6,135
E00184058,138,25,113
E00184059,277,42,235
E00184060,205,35,170
E00184061,257,34,223
E00184062,292,31,261
E00184063,393,102,291
E00184064,307,149,158
E00184065,268,48,220
E00184066,138,39,99
E00184067,292,68,224
E00184068,117,22,95
E00184069,318,99,219
E00184070,286,22,264
E00184071,402,28,374
E00184072,344,90,254
E00184073,250,18,232
E00184074,275,87,188
E00184075,237,5,232
E00184076,413,140,273
E00184077,333,111,222
E00184078,213,35,178
E00184079,296,52,244
E00184080,523,294,229
E00184081,321,73,248
E00184082,447,37,410
E00184083,522,179,343
E00184084,261,41,220
E00184085,126,24,102
E00184086,302,24,278
E00184087,181,44,137
E00184088,198,13,185
E00184089,271,84,187
E00184090,194,22,172
E00184091,274,60,214
E00184092,369,129,240
E00184093,341,78,263
E00184094,352,131,221
E00184095,377,131,246
E00184096,159,30,129
E00184097,296,26,270
E00184098,194,36,158
E00184099,267,101,166
E00184100,352,71,281
E00184101,234,35,199
E00184102,465,349,116
E00184103,325,39,286
E00184104,263,31,232
E00184105,228,46,182
E00184106,307,123,184
E00184107,266,36,230
E00184108,437,168,269
E00184109,242,74,168
E00184110,344,99,245
E00184111,310,27,283
E00184112,361,86,275
E00184113,269,74,195
E00184114,267,33,234
E00184115,370,182,188
E00184116,406,187,219
E00184117,255,30,225
E00184118,391,19,372
E00184119,294,66,228
E00184120,270,38,232
E00184121,122,17,105
E00184122,207,74,133
E00184123,259,58,201
E00184124,300,72,228
E00184125,146,45,101
E00184126,445,193,252
E00184127,216,10,206
E00184128,259,52,207
E00184129,351,118,233
E00184130,215,23,192
E00184131,345,89,256
E00184132,307,92,215
E00184133,360,79,281
E00184134,397,186,211
E00184135,413,127,286
E00184136,325,140,185
E00184137,257,59,198
E00184138,280,42,238
E00184139,222,37,185
E00184140,112,34,78
E00184141,826,38,788
E00184142,283,53,230
E00184143,239,92,147
E00184144,97,25,72
E00184145,284,56,228
E00184146,162,34,128
E00184147,332,82,250
E00184148,195,22,173
E00184149,259,41,218
E00184150,322,90,232
E00184151,432,108,324
E00184152,417,62,355
E00184153,352,41,311
E00184154,556,106,450
E00184155,292,42,250
E00184156,520,72,448
E00184157,240,142,98
E00184158,483,396,87
E00184159,480,138,342
E00184160,377,114,263
E00184161,145,27,118
E00184162,539,142,397
E00184163,103,24,79
E00184164,163,50,113
E00184165,283,33,250
E00184166,457,94,363
E00184167,421,116,305
E00184168,550,117,433
E00184169,128,44,84
E00184170,524,168,356
E00184171,447,145,302
E00184172,447,62,385
E00184173,321,85,236
E00184174,445,96,349
E00184175,237,29,208
E00184176,172,42,130
E00184177,524,187,337
E00184178,469,90,379
E00184179,534,126,408
E00184180,372,71,301
E00184181,413,103,310
E00184182,381,86,295
E00184183,203,21,182
E00184184,230,35,195
E00184185,162,32,130
E00184186,517,15,502
E00184187,134,25,109
E00184188,332,34,298
E00184189,166,22,144
E00184190,450,89,361
E00184191,417,78,339
E00184192,2163,324,1839
E00184193,126,32,94
E00184194,298,61,237
E00184195,107,13,94
E00184196,204,61,143
E00184197,508,35,473
E00184198,428,74,354
E00184199,364,43,321
E00184200,275,42,233
E00184201,198,52,146
E00184202,577,139,438
E00184203,304,104,200
E00184204,264,52,212
E00184205,274,65,209
E00184206,168,35,133
E00184207,380,61,319
E00184208,214,71,143
E00184209,137,23,114
E00184210,123,14,109
E00184211,551,151,400
E00184212,404,57,347
E00184213,206,74,132
E00184214,259,100,159
E00184215,262,32,230
E00184216,246,71,175
E00184217,226,68,158
E00184218,430,98,332
E00184219,290,55,235
E00184220,244,61,183
E00184221,482,141,341
E00184222,275,52,223
E00184223,128,28,100
E00184224,347,81,266
E00184225,192,38,154
E00184226,167,50,117
E00184227,527,146,381
E00184228,234,38,196
E00184229,244,65,179
E00184230,118,34,84
E00184231,126,16,110
E00184232,169,8,161
E00184233,159,20,139
E00184234,185,41,144
E00184235,461,131,330
E00184236,250,53,197
E00184237,378,102,276
E00184238,183,34,149
E00184239,357,71,286
E00184240,500,159,341
E00184241,214,55,159
E00184242,235,50,185
E00184243,166,39,127
E00184244,411,163,248
E00184245,365,95,270
E00184246,240,72,168
E00184247,412,108,304
E00184248,366,54,312
E00184249,292,59,233
E00184250,159,21,138
E00184251,300,55,245
E00184252,103,33,70
E00184253,458,117,341
E00184254,326,44,282
E00184255,291,81,210
E00184256,514,138,376
E00184257,136,22,114
E00184258,108,26,82
E00184259,243,64,179
E00184260,282,46,236
E00184261,603,18,585
E00184262,244,31,213
E00184263,167,43,124
E00184264,540,177,363
E00184265,103,19,84
E00184266,318,63,255
E00184267,458,109,349
E00184268,512,140,372
E00184269,251,48,203
E00184270,421,120,301
E00184271,203,58,145
E00184272,166,20,146
E00184273,200,65,135
E00184274,151,34,117
E00184275,343,71,272
E00184276,236,23,213
E00184277,573,137,436
E00184278,115,16,99
E00184279,109,17,92
E00184280,188,51,137
E00184281,513,145,368
E00184282,350,67,283
E00184283,228,55,173
E00184284,367,66,301
E00184285,173,43,130
E00184286,387,98,289
E00184287,365,82,283
E00184288,344,80,264
E00184289,353,80,273
E00184290,284,72,212
E00184291,411,89,322
E00184292,126,12,114
E00184293,341,56,285
E00184294,556,124,432
E00184295,330,41,289
E00184296,204,62,142
E00184297,345,64,281
E00184298,163,38,125
E00184299,316,64,252
E00184300,375,87,288
E00184301,250,22,228
E00184302,309,52,257
E00184303,160,49,111
E00184304,243,56,187
E00184305,181,4,177
E00184306,180,24,156
E00184307,301,72,229
E00184308,298,52,246
E00184309,153,39,114
E00184310,439,129,310
E00184311,382,101,281
E00184312,317,83,234
E00184313,186,54,132
E00184314,469,87,382
E00184315,288,93,195
E00184316,263,78,185
E00184317,317,99,218
E00184318,323,91,232
E00184319,415,114,301
E00184320,518,127,391
E00184321,109,19,90
E00184322,487,99,388
E00184323,111,13,98
E00184324,296,46,250
E00184325,455,145,310
E00184326,267,85,182
E00184327,344,81,263
E00184328,206,37,169
E00184329,213,28,185
E00184330,395,131,264
E00184331,395,128,267
E00184332,327,46,281
E00184333,309,78,231
E00184334,93,12,81
E00184335,131,23,108
E00184336,303,93,210
E00184337,118,9,109
E00184338,339,91,248
E00184339,350,94,256
E00184340,112,34,78
E00184341,230,67,163
E00184342,331,34,297
E00184343,109,21,88
E00184344,372,87,285
E00184345,290,75,215
E00184346,476,283,193
E00184347,205,51,154
E00184348,415,80,335
E00184349,117,51,66
E00184350,224,51,173
E00184351,329,42,287
E00184352,255,66,189
E00184353,389,61,328
E00184354,483,130,353
E00184355,178,70,108
E00184356,194,36,158
E00184357,139,15,124
E00184358,290,69,221
E00184359,489,141,348
E00184360,278,69,209
E00184361,387,168,219
E00184362,276,26,250
E00184363,262,55,207
E00184364,374,95,279
E00184365,329,71,258
E00184366,252,162,90
E00184367,275,62,213
E00184368,98,13,85
E00184369,427,93,334
E00184370,108,29,79
E00184371,412,208,204
E00184372,105,19,86
E00184373,130,34,96
E00184374,507,63,444
E00184375,476,102,374
E00184376,342,101,241
E00184377,428,83,345
E00184378,525,108,417
E00184379,215,56,159
E00184380,192,28,164
E00184381,128,48,80
E00184382,320,134,186
E00184383,505,397,108
E00184384,298,84,214
E00184385,352,156,196
E00184386,314,80,234
E00184387,265,22,243
E00184388,319,104,215
E00184389,340,74,266
E00184390,224,62,162
E00184391,182,67,115
E00184392,447,93,354
E00184393,402,55,347
E00184394,413,56,357
E00184395,105,19,86
E00184396,279,58,221
E00184397,290,44,246
E00184398,129,19,110
E00184399,269,29,240
E00184400,96,18,78
E00184401,167,35,132
E00184402,228,49,179
E00184403,141,27,114
E00184404,470,115,355
E00184405,302,65,237
E00184406,138,22,116
E00184407,154,33,121
E00184408,101,19,82
E00184409,360,72,288
E00184410,523,65,458
E00184411,315,77,238
E00184412,139,9,130
E00184413,514,136,378
E00184414,252,57,195
E00184415,211,28,183
E00184416,519,118,401
E00184417,412,91,321
E00184418,208,31,177
E00184419,249,29,220
E00184420,186,48,138
E00184421,113,23,90
E00184422,132,18,114
E00184423,228,37,191
E00184424,276,76,200
E00184425,184,53,131
E00184426,408,97,311
E00184427,359,42,317
E00184428,117,21,96
E00184429,230,54,176
E00184430,416,54,362
E00184431,322,92,230
E00184432,336,103,233
E00184433,513,146,367
E00184434,338,75,263
E00184435,170,55,115
E00184436,430,110,320
E00184437,443,111,332
E00184438,260,32,228
E00184439,346,104,242
E00184440,386,161,225
E00184441,308,75,233
E00184442,347,121,226
E00184443,255,33,222
E00184444,488,114,374
E00184445,150,29,121
E00184446,336,97,239
E00184447,447,71,376
E00184448,463,124,339
E00184449,532,159,373
E00184450,468,166,302
E00184451,463,79,384
E00184452,176,57,119
E00184453,511,83,428
E00184454,464,127,337
E00184455,292,68,224
E00184456,323,104,219
E00184457,360,19,341
E00184458,520,128,392
E00184459,354,39,315
E00184460,202,43,159
E00184461,128,43,85
E00184462,263,75,188
E00184463,190,50,140
E00184464,295,68,227
E00184465,267,69,198
E00184466,150,48,102
E00184467,107,26,81
E00184468,137,22,115
E00184469,302,69,233
E00184470,597,157,440
E00184471,134,17,117
E00184472,362,111,251
E00184473,355,55,300
E00184474,166,51,115
E00184475,540,164,376
E00184476,147,29,118
E00184477,287,100,187
E00184478,268,40,228
E00184479,98,12,86
E00184480,361,108,253
E00184481,328,67,261
E00184482,241,40,201
E00184483,324,83,241
E00184484,469,125,344
E00184485,186,42,144
E00184486,541,153,388
E00184487,179,19,160
E00184488,204,41,163
E00184489,469,55,414
E00184490,457,77,380
E00184491,475,125,350
E00184492,431,117,314
E00184493,149,44,105
E00184494,429,127,302
E00184495,184,43,141
E00184496,508,115,393
E00184497,332,47,285
E00184498,181,23,158
E00184499,123,25,98
E00184500,144,34,110
E00184501,246,41,205
E00184502,332,97,235
E00184503,226,60,166
E00184504,433,105,328
E00184505,131,38,93
E00184506,209,79,130
E00184507,568,194,374
E00184508,359,104,255
E00184509,323,44,279
E00184510,137,21,116
E00184511,360,50,310
E00184512,138,21,117
E00184513,278,57,221
E00184514,213,38,175
E00184515,438,120,318
E00184516,321,73,248
E00184517,258,71,187
E00184518,174,11,163
E00184519,196,52,144
E00184520,103,16,87
E00184521,248,58,190
E00184522,428,135,293
E00184523,104,18,86
E00184524,344,125,219
E00184525,149,44,105
E00184526,375,76,299
E00184527,214,62,152
E00184528,261,39,222
E00184529,228,34,194
E00184530,303,80,223
E00184531,459,108,351
E00184532,493,157,336
E00184533,356,114,242
E00184534,146,31,115
E00184535,148,30,118
E00184536,425,85,340
E00184537,140,38,102
E00184538,145,18,127
E00184539,113,20,93
E00184540,248,36,212
E00184541,230,12,218
E00184542,260,26,234
E00184543,313,54,259
E00184544,416,56,360
E00184545,197,24,173
E00184546,240,22,218
E00184547,479,37,442
E00184548,292,73,219
E00184549,461,72,389
E00184550,381,92,289
E00184551,673,64,609
E00184552,243,33,210
E00184553,478,110,368
E00184554,117,31,86
E00184555,230,31,199
E00184556,102,15,87
E00184557,390,61,329
E00184558,273,61,212
E00184559,435,137,298
E00184560,256,59,197
E00184561,380,49,331
E00184562,283,47,236
E00184563,464,111,353
E00184564,517,110,407
E00184565,117,32,85
E00184566,697,588,109
E00184567,418,86,332
E00184568,370,70,300
E00184569,183,14,169
E00184570,409,64,345
E00184571,551,104,447
E00184572,451,118,333
E00184573,135,3,132
E00184574,289,87,202
E00184575,245,56,189
E00184576,134,24,110
E00184577,122,26,96
E00184578,351,70,281
E00184579,351,70,281
E00184580,433,112,321
E00184581,187,35,152
E00184582,223,50,173
E00184583,233,40,193
E00184584,238,39,199
E00184585,97,11,86
E00184586,345,80,265
E00184587,89,20,69
E00184588,474,118,356
E00184589,311,65,246
E00184590,244,59,185
E00184591,354,70,284
E00184592,293,30,263
E00184593,231,44,187
E00184594,137,26,111
E00184595,181,46,135
E00184596,249,55,194
E00184597,139,18,121
E00184598,355,98,257
E00184599,369,62,307
E00184600,168,35,133
E00184601,261,37,224
E00184602,559,134,425
E00184603,106,18,88
E00184604,246,35,211
E00184605,243,54,189
E00184606,472,96,376
E00184607,577,139,438
E00184608,166,7,159
E00184609,108,17,91
E00184610,467,79,388
E00184611,283,46,237
E00184612,234,29,205
E00184613,292,43,249
E00184614,163,15,148
E00184615,278,69,209
E00184616,160,31,129
E00184617,304,65,239
E00184618,207,46,161
E00184619,233,51,182
E00184620,477,97,380
E00184621,165,40,125
E00184622,245,60,185
E00184623,349,91,258
E00184624,426,82,344
E00184625,140,38,102
E00184626,376,57,319
E00184627,520,128,392
E00184628,347,75,272
E00184629,348,55,293
E00184630,283,27,256
E00184631,342,66,276
E00184632,417,101,316
E00184633,315,89,226
E00184634,319,69,250
E00184635,240,55,185
E00184636,338,61,277
E00184637,409,59,350
E00184638,333,66,267
E00184639,222,34,188
E00184640,120,15,105
E00184641,226,50,176
E00184642,368,51,317
E00184643,364,94,270
E00184644,335,50,285
E00184645,306,99,207
E00184646,284,36,248
E00184647,338,49,289
E00184648,425,56,369
E00184649,251,71,180
E00184650,147,31,116
E00184651,100,5,95
E00184652,263,46,217
E00184653,221,47,174
E00184654,310,45,265
E00184655,305,95,210
E00184656,163,39,124
E00184657,337,66,271
E00184658,480,94,386
E00184659,84,9,75
E00184660,258,37,221
E00184661,100,3,97
E00184662,103,17,86
E00184663,516,102,414
E00184664,130,15,115
E00184665,250,30,220
E00184666,231,51,180
E00184667,161,21,140
E00184668,384,82,302
E00184669,472,72,400
E00184670,428,72,356
E00184671,144,16,128
E00184672,354,71,283
E00184673,429,59,370
E00184674,273,45,228
E00184675,237,24,213
E00184676,551,106,445
E00184677,233,14,219
E00184678,394,103,291
E00184679,343,100,243
E00184680,151,7,144
E00184681,112,24,88
E00184682,105,11,94
E00184683,170,22,148
E00184684,507,95,412
E00184685,374,58,316
E00184686,196,49,147
E00184687,320,73,247
E00184688,168,35,133
E00184689,125,16,109
E00184690,135,23,112
E00184691,424,79,345
E00184692,205,16,189
E00184693,105,15,90
E00184694,210,49,161
E00184695,106,11,95
E00184696,344,69,275
E00184697,202,20,182
E00184698,209,60,149
E00184699,359,55,304
E00184700,277,80,197
E00184701,207,44,163
E00184702,285,64,221
E00184703,99,9,90
E00184704,267,41,226
E00184705,348,48,300
E00184706,153,28,125
E00184707,260,30,230
E00184708,103,18,85
E00184709,260,63,197
E00184710,412,108,304
E00184711,96,15,81
E00184712,350,50,300
E00184713,381,44,337
E00184714,443,86,357
E00184715,348,66,282
E00184716,521,102,419
E00184717,479,74,405
E00184718,461,100,361
E00184719,514,82,432
E00184720,209,31,178
E00184721,423,107,316
E00184722,121,22,99
E00184723,111,17,94
E00184724,246,15,231
E00184725,282,74,208
E00184726,122,29,93
E00184727,461,197,264
E00184728,138,21,117
E00184729,520,132,388
E00184730,949,828,121
E00184731,184,41,143
E00184732,318,61,257
E00184733,254,42,212
E00184734,552,284,268
E00184735,910,78,832
E00184736,401,83,318
E00184737,159,28,131
E00184738,534,126,408
E00184739,321,52,269
E00184740,151,27,124
E00184741,371,63,308
E00184742,347,56,291
E00184743,157,60,97
E00184744,220,32,188
E00184745,150,28,122
E00184746,282,18,264
E00184747,215,55,160
E00184748,239,31,208
E00184749,122,30,92
E00184750,331,116,215
E00184751,335,59,276
E00184752,502,140,362
E00184753,202,56,146
E00184754,284,79,205
E00184755,254,26,228
E00184756,135,10,125
E00184757,263,52,211
E00184758,161,12,149
E00184759,430,113,317
E00184760,222,32,190
E00184761,152,33,119
E00184762,249,70,179
E00184763,374,98,276
E00184764,151,32,119
E00184765,245,37,208
E00184766,183,43,140
E00184767,192,21,171
E00184768,372,73,299
E00184769,262,33,229
E00184770,542,89,453
E00184771,171,27,144
E00184772,178,16,162
E00184773,291,60,231
E00184774,407,195,212
E00184775,112,22,90
E00184776,264,38,226
E00184777,463,2,461
E00184778,347,92,255
E00184779,111,19,92
E00184780,260,53,207
E00184781,233,51,182
E00184782,133,26,107
E00184783,458,100,358
E00184784,338,95,243
E00184785,255,65,190
E00184786,235,40,195
E00184787,233,33,200
E00184788,261,56,205
E00184789,337,71,266
E00184790,273,44,229
E00184791,263,24,239
E00184792,106,33,73
E00184793,382,88,294
E00184794,438,117,321
E00184795,3320,3133,187
E00184796,562,193,369
E00184797,506,130,376
E00184798,169,34,135
E00184799,329,67,262
E00184800,310,17,293
E00184801,335,30,305
E00184802,228,64,164
E00184803,297,68,229
E00184804,280,73,207
E00184805,104,36,68
E00184806,264,75,189
E00184807,198,45,153
E00184808,156,65,91
E00184809,327,79,248
E00184810,166,45,121
E00184811,260,50,210
E00184812,438,90,348
E00184813,109,11,98
E00184814,116,13,103
E00184815,221,26,195
E00184816,280,54,226
E00184817,210,15,195
E00184818,243,51,192
E00184819,121,22,99
E00184820,299,43,256
E00184821,110,26,84
E00184822,216,51,165
E00184823,241,63,178
E00184824,423,89,334
E00184825,212,82,130
E00184826,346,92,254
E00184827,186,44,142
E00184828,332,74,258
E00184829,476,70,406
E00184830,438,113,325
E00184831,521,150,371
E00184832,432,99,333
E00184833,515,175,340
E00184834,230,67,163
E00184835,249,77,172
E00184836,291,25,266
E00184837,262,38,224
E00184838,364,59,305
E00184839,293,72,221
E00184840,187,26,161
E00184841,439,84,355
E00184842,169,38,131
E00184843,147,32,115
E00184844,168,9,159
E00184845,425,113,312
E00184846,522,113,409
E00184847,368,77,291
E00184848,164,21,143
E00184849,145,8,137
E00184850,236,49,187
E00184851,320,59,261
E00184852,211,28,183
E00184853,349,60,289
E00184854,288,87,201
E00184855,432,68,364
E00184856,459,93,366
E00184857,520,76,444
E00184858,104,9,95
E00184859,180,45,135
E00184860,299,63,236
E00184861,101,16,85
E00184862,330,39,291
E00184863,426,120,306
E00184864,97,25,72
E00184865,264,51,213
E00184866,147,16,131
E00184867,310,62,248
E00184868,472,92,380
E00184869,554,34,520
E00184870,374,104,270
E00184871,351,93,258
E00184872,135,35,100
E00184873,299,59,240
E00184874,242,38,204
E00184875,179,26,153
E00184876,182,26,156
E00184877,431,57,374
E00184878,292,43,249
E00184879,231,70,161
E00184880,235,60,175
E00184881,113,25,88
E00184882,189,40,149
E00184883,565,123,442
E00184884,311,49,262
E00184885,251,62,189
E00184886,134,35,99
E00184887,146,20,126
E00184888,301,46,255
E00184889,145,20,125
E00184890,459,101,358
E00184891,155,8,147
E00184892,520,137,383
E00184893,127,27,100
E00184894,322,17,305
E00184895,246,66,180
E00184896,124,38,86
E00184897,161,34,127
E00184898,303,68,235
E00184899,345,39,306
E00184900,296,46,250
E00184901,504,423,81
E00184902,348,64,284
E00184903,335,68,267
E00184904,491,134,357
E00184905,259,40,219
E00184906,293,71,222
E00184907,156,39,117
E00184908,477,146,331
E00184909,366,111,255
E00184910,170,12,158
E00184911,165,15,150
E00184912,265,17,248
E00184913,312,37,275
E00184914,378,53,325
E00184915,137,27,110
E00184916,202,36,166
E00184917,317,79,238
E00184918,370,76,294
E00184919,105,6,99
E00184920,186,39,147
E00184921,481,30,451
E00184922,284,65,219
E00184923,333,39,294
E00184924,106,19,87
E00184925,286,60,226
E00184926,422,81,341
E00184927,278,81,197
E00184928,157,31,126
E00184929,262,52,210
E00184930,310,47,263
E00184931,387,75,312
E00184932,223,44,179
E00184933,268,31,237
E00184934,268,60,208
E00184935,211,60,151
E00184936,138,41,97
E00184937,224,42,182
E00184938,318,32,286
E00184939,221,35,186
E00184940,297,74,223
E00184941,383,86,297
E00184942,171,25,146
E00184943,327,63,264
E00184944,137,13,124
E00184945,304,28,276
E00184946,526,130,396
E00184947,366,99,267
E00184948,299,27,272
E00184949,355,68,287
E00184950,116,24,92
E00184951,173,17,156
E00184952,215,39,176
E00184953,462,59,403
E00184954,357,72,285
E00184955,501,130,371
E00184956,195,26,169
E00184957,131,33,98
E00184958,370,46,324
E00184959,352,69,283
E00184960,438,85,353
E00184961,496,172,324
E00184962,400,98,302
E00184963,240,86,154
E00184964,205,17,188
E00184965,359,87,272
E00184966,242,46,196
E00184967,194,23,171
E00184968,406,115,291
E00184969,204,45,159
E00184970,217,37,180
E00184971,140,15,125
E00184972,529,137,392
E00184973,120,29,91
E00184974,385,70,315
E00184975,507,104,403
E00184976,224,39,185
E00184977,185,39,146
E00184978,331,71,260
E00184979,104,29,75
E00184980,302,92,210
E00184981,277,69,208
E00184982,483,94,389
E00184983,383,21,362
E00184984,561,167,394
E00184985,107,20,87
E00184986,174,31,143
E00184987,311,50,261
E00184988,275,29,246
E00184989,557,139,418
E00184990,118,15,103
E00184991,544,486,58
E00184992,492,249,243
E00184993,123,9,114
E00184994,290,55,235
E00184995,117,30,87
E00184996,144,37,107
E00184997,172,45,127
E00184998,429,143,286
E00184999,418,80,338
E00185000,246,55,191
E00185001,227,25,202
E00185002,174,23,151
E00185003,272,28,244
E00185004,431,92,339
E00185005,209,61,148
E00185006,459,97,362
E00185007,440,91,349
E00185008,304,55,249
E00185009,254,73,181
E00185010,193,10,183
E00185011,208,36,172
E00185012,433,51,382
E00185013,274,101,173
E00185014,234,38,196
E00185015,316,66,250
E00185016,314,36,278
E00185017,107,19,88
E00185018,259,70,189
E00185019,429,84,345
E00185020,246,20,226
E00185021,299,85,214
E00185022,487,103,384
E00185023,227,55,172
E00185024,293,47,246
E00185025,350,80,270
E00185026,497,116,381
E00185027,354,85,269
E00185028,97,20,77
E00185029,301,46,255
E00185030,187,45,142
E00185031,1019,69,950
E00185032,385,66,319
E00185033,260,54,206
E00185034,472,133,339
E00185035,833,743,90
E00185036,447,256,191
E00185037,121,35,86
E00185038,468,70,398
E00185039,314,71,243
E00185040,216,43,173
E00185041,351,100,251
E00185042,261,98,163
E00185043,242,62,180
E00185044,199,55,144
E00185045,311,74,237
E00185046,314,172,142
E00185047,457,91,366
E00185048,158,66,92
E00185049,493,135,358
E00185050,441,204,237
E00185051,206,73,133
E00185052,222,71,151
E00185053,442,166,276
E00185054,224,62,162
E00185055,545,197,348
E00185056,96,16,80
E00185057,119,22,97
E00185058,92,23,69
E00185059,444,183,261
E00185060,182,29,153
E00185061,374,232,142
E00185062,166,31,135
E00185063,101,19,82
E00185064,226,50,176
E00185065,396,106,290
E00185066,539,149,390
E00185067,111,57,54
E00185068,100,21,79
E00185069,402,240,162
E00185070,280,208,72
E00185071,153,50,103
E00185072,271,27,244
E00185073,298,55,243
E00185074,526,125,401
E00185075,753,593,160
E00185076,416,78,338
E00185077,135,23,112
E00185078,516,123,393
E00185079,152,23,129
E00185080,445,129,316
E00185081,604,507,97
E00185082,252,70,182
E00185083,353,57,296
E00185084,188,63,125
E00185085,219,64,155
E00185086,145,16,129
E00185087,263,98,165
E00185088,538,113,425
E00185089,220,76,144
E00185090,836,778,58
E00185091,438,174,264
E00185092,291,129,162
E00185093,304,45,259
E00185094,182,63,119
E00185095,178,36,142
E00185096,457,87,370
E00185097,466,301,165
E00185098,379,237,142
E00185099,467,116,351
E00185100,312,69,243
E00185101,325,98,227
E00185102,150,23,127
E00185103,331,88,243
E00185104,238,20,218
E00185105,112,27,85
E00185106,333,82,251
E00185107,167,25,142
E00185108,290,73,217
E00185109,399,131,268
E00185110,174,55,119
E00185111,245,87,158
E00185112,418,98,320
E00185113,538,130,408
E00185114,396,130,266
E00185115,426,288,138
E00185116,562,171,391
E00185117,345,97,248
E00185118,400,120,280
E00185119,230,36,194
E00185120,442,56,386
E00185121,356,80,276
E00185122,182,49,133
E00185123,606,492,114
E00185124,499,129,370
E00185125,342,195,147
E00185126,383,82,301
E00185127,185,45,140
E00185128,238,40,198
E00185129,407,138,269
E00185130,144,31,113
E00185131,388,101,287
E00185132,398,127,271
E00185133,178,39,139
E00185134,345,93,252
E00185135,474,124,350
E00185136,144,21,123
E00185137,123,10,113
E00185138,416,71,345
E00185139,186,41,145
E00185140,411,124,287
E00185141,226,36,190
E00185142,191,38,153
E00185143,253,58,195
E00185144,136,41,95
E00185145,378,85,293
E00185146,301,52,249
E00185147,93,19,74
E00185148,370,64,306
E00185149,124,37,87
E00185150,493,69,424
E00185151,249,45,204
E00185152,532,91,441
E00185153,336,71,265
E00185154,367,96,271
E00185155,208,14,194
E00185156,244,60,184
E00185157,277,60,217
E00185158,119,30,89
E00185159,309,69,240
E00185160,279,62,217
E00185161,368,63,305
E00185162,453,98,355
E00185163,274,76,198
E00185164,449,94,355
E00185165,136,21,115
E00185166,421,81,340
E00185167,236,41,195
E00185168,158,34,124
E00185169,270,36,234
E00185170,231,46,185
E00185171,241,73,168
E00185172,382,57,325
E00185173,156,22,134
E00185174,287,47,240
E00185175,387,66,321
E00185176,268,31,237
E00185177,430,97,333
E00185178,905,776,129
E00185179,460,227,233
E00185180,505,163,342
E00185181,394,61,333
E00185182,344,61,283
E00185183,1351,1285,66
E00185184,880,824,56
E00185185,412,69,343
E00185186,294,155,139
E00185187,427,192,235
E00185188,244,119,125
E00185189,833,646,187
E00185190,414,150,264
E00185191,757,587,170
E00185192,1729,1593,136
E00185193,791,682,109
E00185194,975,772,203
E00185195,1317,1266,51
E00185196,141,32,109
E00185197,361,182,179
E00185198,293,198,95
E00185199,589,532,57
E00185200,375,85,290
E00185201,386,237,149
E00185202,260,63,197
E00185203,133,34,99
E00185204,545,231,314
E00185205,213,56,157
E00185206,305,80,225
E00185207,210,29,181
E00185208,322,70,252
E00185209,380,62,318
E00185210,270,63,207
E00185211,403,79,324
E00185212,167,89,78
E00185213,117,9,108
E00185214,393,234,159
E00185215,894,844,50
E00185216,349,85,264
E00185217,430,265,165
E00185218,301,89,212
E00185219,232,20,212
E00185220,441,131,310
E00185221,560,394,166
E00185222,290,67,223
E00185223,162,104,58
E00185224,196,53,143
E00185225,392,73,319
E00185226,136,22,114
E00185227,442,87,355
E00185228,142,51,91
E00185229,525,460,65
E00185230,192,93,99
E00185231,235,109,126
E00185232,425,134,291
E00185233,298,84,214
E00185234,225,41,184
E00185235,346,221,125
E00185236,191,107,84
E00185237,304,115,189
E00185238,138,32,106
E00185239,108,29,79
E00185240,246,50,196
E00185241,376,182,194
E00185242,182,122,60
E00185243,389,102,287
E00185244,454,97,357
E00185245,499,454,45
E00185246,127,25,102
E00185247,349,203,146
E00185248,141,18,123
E00185249,382,54,328
E00185250,306,84,222
E00185251,258,90,168
E00185252,233,62,171
E00185253,111,15,96
E00185254,498,59,439
E00185255,176,54,122
E00185256,254,56,198
E00185257,269,117,152
E00185258,280,192,88
E00185259,547,419,128
E00185260,451,142,309
E00185261,367,264,103
E00185262,338,18,320
E00185263,461,82,379
E00185264,330,57,273
E00185265,452,26,426
E00185266,206,28,178
E00185267,357,42,315
E00185268,273,45,228
E00185269,164,26,138
E00185270,155,22,133
E00185271,213,14,199
E00185272,417,97,320
E00185273,328,86,242
E00185274,435,89,346
E00185275,136,34,102
E00185276,1256,1056,200
E00185277,287,64,223
E00185278,425,105,320
E00185279,228,44,184
E00185280,149,29,120
E00185281,357,88,269
E00185282,264,52,212
E00185283,396,212,184
E00185284,427,93,334
E00185285,161,32,129
E00185286,153,16,137
E00185287,221,31,190
E00185288,335,77,258
E00185289,279,68,211
E00185290,223,53,170
E00185291,356,33,323
E00185292,163,19,144
E00185293,321,80,241
E00185294,249,27,222
E00185295,227,31,196
E00185296,103,15,88
E00185297,136,35,101
E00185298,139,17,122
E00185299,565,461,104
E00185300,291,54,237
E00185301,349,44,305
E00185302,538,132,406
E00185303,360,85,275
E00185304,315,81,234
E00185305,114,31,83
E00185306,278,68,210
E00185307,452,83,369
E00185308,500,122,378
E00185309,153,37,116
E00185310,101,20,81
E00185311,317,44,273
E00185312,104,23,81
E00185313,245,27,218
E00185314,307,49,258
E00185315,261,31,230
E00185316,305,74,231
E00185317,161,40,121
E00185318,496,130,366
E00185319,589,504,85
E00185320,342,55,287
E00185321,585,58,527
E00185322,407,47,360
E00185323,128,26,102
E00185324,135,43,92
E00185325,236,14,222
E00185326,329,66,263
E00185327,202,27,175
E00185328,539,108,431
E00185329,302,54,248
E00185330,229,10,219
E00185331,383,219,164
E00185332,1365,1292,73
E00185333,368,89,279
E00185334,301,80,221
E00185335,480,21,459
E00185336,396,81,315
E00185337,318,38,280
E00185338,291,74,217
E00185339,101,9,92
E00185340,439,91,348
E00185341,296,52,244
E00185342,425,113,312
E00185343,397,71,326
E00185344,317,68,249
E00185345,97,31,66
E00185346,285,63,222
E00185347,268,31,237
E00185348,203,48,155
E00185349,227,61,166
E00185350,290,79,211
E00185351,324,66,258
E00185352,448,94,354
E00185353,484,100,384
E00185354,563,31,532
E00185355,234,24,210
E00185356,513,109,404
E00185357,103,5,98
E00185358,131,34,97
E00185359,537,161,376
E00185360,345,53,292
E00185361,443,107,336
E00185362,140,37,103
E00185363,293,75,218
E00185364,432,97,335
E00185365,151,17,134
E00185366,268,45,223
E00185367,222,45,177
E00185368,488,95,393
E00185369,346,11,335
E00185370,405,106,299
E00185371,221,58,163
E00185372,259,34,225
E00185373,335,82,253
E00185374,138,26,112
E00185375,826,70,756
E00185376,292,36,256
E00185377,1166,982,184
E00185378,223,46,177
E00185379,395,57,338
E00185380,465,78,387
E00185381,425,79,346
E00185382,183,34,149
E00185383,209,65,144
E00185384,300,41,259
E00185385,367,104,263
E00185386,370,73,297
E00185387,120,24,96
E00185388,245,62,183
E00185389,361,47,314
E00185390,644,566,78
E00185391,371,89,282
E00185392,486,72,414
E00185393,168,19,149
E00185394,255,51,204
E00185395,137,28,109
E00185396,442,123,319
E00185397,228,45,183
E00185398,97,25,72
E00185399,144,58,86
E00185400,385,288,97
E00185401,428,64,364
E00185402,447,113,334
E00185403,551,85,466
E00185404,114,14,100
E00185405,282,19,263
E00185406,414,100,314
E00185407,259,56,203
E00185408,378,88,290
E00185409,182,42,140
E00185410,329,86,243
E00185411,108,22,86
E00185412,319,112,207
E00185413,290,44,246
E00185414,237,33,204
E00185415,316,56,260
E00185416,122,29,93
E00185417,156,12,144
E00185418,256,92,164
E00185419,315,71,244
E00185420,347,100,247
E00185421,135,13,122
E00185422,323,139,184
E00185423,173,49,124
E00185424,372,46,326
E00185425,300,64,236
E00185426,167,24,143
E00185427,174,26,148
E00185428,274,84,190
E00185429,128,8,120
E00185430,349,73,276
E00185431,109,8,101
E00185432,159,36,123
E00185433,119,12,107
E00185434,300,36,264
E00185435,110,12,98
E00185436,325,75,250
E00185437,470,118,352
E00185438,199,48,151
E00185439,193,14,179
E00185440,347,103,244
E00185441,310,85,225
E00185442,178,45,133
E00185443,94,16,78
E00185444,115,6,109
E00185445,384,96,288
E00185446,154,27,127
E00185447,497,85,412
E00185448,473,88,385
E00185449,135,39,96
E00185450,469,123,346
E00185451,347,75,272
E00185452,310,64,246
E00185453,250,83,167
E00185454,323,48,275
E00185455,298,48,250
E00185456,125,27,98
E00185457,191,43,148
E00185458,446,119,327
E00185459,375,129,246
E00185460,651,18,633
E00185461,243,35,208
E00185462,278,10,268
E00185463,120,16,104
E00185464,284,63,221
E00185465,205,21,184
E00185466,400,79,321
E00185467,362,145,217
E00185468,292,30,262
E00185469,329,69,260
E00185470,568,500,68
E00185471,343,80,263
E00185472,187,39,148
E00185473,342,51,291
E00185474,249,41,208
E00185475,262,63,199
E00185476,376,79,297
E00185477,228,16,212
E00185478,303,151,152
E00185479,316,56,260
E00185480,271,60,211
E00185481,498,59,439
E00185482,287,46,241
E00185483,346,84,262
E00185484,497,281,216
E00185485,256,45,211
E00185486,101,27,74
E00185487,540,143,397
E00185488,113,8,105
E00185489,203,30,173
E00185490,200,40,160
E00185491,392,112,280
E00185492,275,26,249
E00185493,330,6,324
E00185494,252,198,54
E00185495,116,22,94
E00185496,502,83,419
E00185497,231,16,215
E00185498,247,186,61
E00185499,300,65,235
E00185500,232,58,174
E00185501,391,72,319
E00185502,297,58,239
E00185503,417,65,352
E00185504,103,25,78
E00185505,317,48,269
E00185506,261,84,177
E00185507,290,77,213
E00185508,985,34,951
E00185509,306,56,250
E00185510,618,567,51
E00185511,527,459,68
E00185512,315,48,267
E00185513,206,34,172
E00185514,416,84,332
E00185515,460,351,109
E00185516,110,26,84
E00185517,259,42,217
E00185518,662,115,547
E00185519,148,27,121
E00185520,1053,1005,48
E00185521,141,30,111
E00185522,248,64,184
E00185523,144,34,110
E00185524,376,71,305
E00185525,208,19,189
E00185526,161,40,121
E00185527,300,55,245
E00185528,202,46,156
E00185529,151,21,130
E00185530,314,268,46
E00185531,566,124,442
E00185532,136,11,125
E00185533,248,48,200
E00185534,503,92,411
E00185535,341,79,262
E00185536,320,38,282
E00185537,146,25,121
E00185538,307,69,238
E00185539,426,327,99
E00185540,177,38,139
E00185541,493,160,333
E00185542,127,28,99
E00185543,423,73,350
E00185544,530,159,371
E00185545,132,59,73
E00185546,339,82,257
E00185547,183,21,162
E00185548,257,41,216
E00185549,413,89,324
E00185550,128,12,116
E00185551,362,93,269
E00185552,140,18,122
E00185553,184,46,138
E00185554,271,66,205
E00185555,100,7,93
E00185556,563,159,404
E00185557,332,64,268
E00185558,288,42,246
E00185559,232,22,210
E00185560,122,40,82
E00185561,401,117,284
E00185562,368,112,256
E00185563,280,61,219
E00185564,191,36,155
E00185565,342,114,228
E00185566,404,94,310
E00185567,314,45,269
E00185568,511,115,396
E00185569,309,72,237
E00185570,340,90,250
E00185571,416,41,375
E00185572,103,11,92
E00185573,234,35,199
E00185574,272,59,213
E00185575,258,27,231
E00185576,303,39,264
E00185577,471,96,375
E00185578,167,7,160
E00185579,410,66,344
E00185580,325,53,272
E00185581,321,59,262
E00185582,461,123,338
E00185583,305,67,238
E00185584,185,47,138
E00185585,269,55,214
E00185586,358,43,315
E00185587,368,266,102
E00185588,94,22,72
E00185589,269,74,195
E00185590,491,389,102
E00185591,107,22,85
E00185592,316,88,228
E00185593,493,170,323
E00185594,394,92,302
E00185595,264,49,215
E00185596,475,63,412
E00185597,377,61,316
E00185598,98,19,79
E00185599,330,47,283
E00185600,518,126,392
E00185601,138,14,124
E00185602,208,133,75
E00185603,111,19,92
E00185604,187,10,177
E00185605,471,97,374
E00185606,496,103,393
E00185607,322,83,239
E00185608,559,355,204
E00185609,273,55,218
E00185610,299,70,229
E00185611,357,87,270
E00185612,116,18,98
E00185613,486,143,343
E00185614,385,93,292
E00185615,383,88,295
E00185616,498,92,406
E00185617,240,50,190
E00185618,591,52,539
E00185619,96,23,73
E00185620,141,17,124
E00185621,240,17,223
E00185622,312,64,248
E00185623,228,120,108
E00185624,491,101,390
E00185625,101,15,86
E00185626,262,49,213
E00185627,209,43,166
E00185628,247,35,212
E00185629,388,189,199
E00185630,324,57,267
E00185631,315,69,246
E00185632,118,19,99
E00185633,425,110,315
E00185634,245,34,211
E00185635,414,72,342
E00185636,165,33,132
E00185637,296,63,233
E00185638,361,106,255
E00185639,162,28,134
E00185640,102,11,91
E00185641,186,20,166
E00185642,308,72,236
E00185643,324,87,237
E00185644,257,32,225
E00185645,362,72,290
E00185646,523,226,297
E00185647,312,122,190
E00185648,456,87,369
E00185649,165,20,145
E00185650,371,131,240
E00185651,501,71,430
E00185652,232,65,167
E00185653,249,26,223
E00185654,231,56,175
E00185655,129,24,105
E00185656,215,23,192
E00185657,212,36,176
E00185658,85,16,69
E00185659,150,19,131
E00185660,247,46,201
E00185661,123,20,103
E00185662,419,89,330
E00185663,414,86,328
E00185664,282,55,227
E00185665,278,118,160
E00185666,303,125,178
E00185667,98,27,71
E00185668,510,179,331
E00185669,349,162,187
E00185670,399,102,297
E00185671,329,109,220
E00185672,436,130,306
E00185673,314,95,219
E00185674,117,29,88
E00185675,463,83,380
E00185676,213,84,129
E00185677,246,39,207
E00185678,329,118,211
E00185679,463,110,353
E00185680,137,28,109
E00185681,284,76,208
E00185682,497,182,315
E00185683,283,86,197
E00185684,203,61,142
E00185685,269,67,202
E00185686,190,56,134
E00185687,342,73,269
E00185688,400,127,273
E00185689,405,69,336
E00185690,324,47,277
E00185691,258,79,179
E00185692,200,59,141
E00185693,246,65,181
E00185694,451,162,289
E00185695,270,101,169
E00185696,279,42,237
E00185697,436,141,295
E00185698,298,87,211
E00185699,340,26,314
E00185700,564,226,338
E00185701,221,11,210
E00185702,465,159,306
E00185703,529,122,407
E00185704,279,61,218
E00185705,311,32,279
E00185706,317,97,220
E00185707,428,114,314
E00185708,546,249,297
E00185709,289,92,197
E00185710,352,102,250
E00185711,202,15,187
E00185712,261,51,210
E00185713,409,40,369
E00185714,362,130,232
E00185715,360,105,255
E00185716,262,92,170
E00185717,250,51,199
E00185718,396,61,335
E00185719,269,72,197
E00185720,240,26,214
E00185721,385,151,234
E00185722,291,73,218
E00185723,365,99,266
E00185724,266,50,216
E00185725,188,63,125
E00185726,258,40,218
E00185727,348,64,284
E00185728,441,218,223
E00185729,446,58,388
E00185730,352,73,279
E00185731,337,90,247
E00185732,463,147,316
E00185733,274,56,218
E00185734,194,58,136
E00185735,390,76,314
E00185736,125,31,94
E00185737,299,110,189
E00185738,453,70,383
E00185739,330,87,243
E00185740,294,62,232
E00185741,241,26,215
E00185742,140,45,95
E00185743,294,93,201
E00185744,328,79,249
E00185745,172,81,91
E00185746,253,49,204
E00185747,147,4,143
E00185748,396,120,276
E00185749,446,143,303
E00185750,410,153,257
E00185751,413,83,330
E00185752,306,94,212
E00185753,380,164,216
E00185754,309,91,218
E00185755,180,69,111
E00185756,358,70,288
E00185757,417,115,302
E00185758,482,224,258
E00185759,490,74,416
E00185760,223,49,174
E00185761,212,71,141
E00185762,373,123,250
E00185763,130,43,87
E00185764,183,61,122
E00185765,285,112,173
E00185766,161,31,130
E00185767,249,69,180
E00185768,369,164,205
E00185769,502,78,424
E00185770,402,54,348
E00185771,408,100,308
E00185772,774,283,491
E00185773,430,112,318
E00185774,228,32,196
E00185775,343,52,291
E00185776,333,91,242
E00185777,297,100,197
E00185778,257,103,154
E00185779,116,27,89
E00185780,295,105,190
E00185781,354,68,286
E00185782,453,83,370
E00185783,399,73,326
E00185784,391,105,286
E00185785,317,96,221
E00185786,167,27,140
E00185787,404,132,272
E00185788,377,117,260
E00185789,441,153,288
E00185790,404,144,260
E00185791,324,69,255
E00185792,183,35,148
E00185793,524,152,372
E00185794,266,66,200
E00185795,231,39,192
E00185796,486,178,308
E00185797,290,111,179
E00185798,386,162,224
E00185799,349,93,256
E00185800,227,39,188
E00185801,260,42,218
E00185802,101,27,74
E00185803,290,62,228
E00185804,460,154,306
E00185805,175,51,124
E00185806,286,58,228
E00185807,342,9,333
E00185808,529,194,335
E00185809,210,37,173
E00185810,321,61,260
E00185811,442,150,292
E00185812,240,54,186
E00185813,244,37,207
E00185814,160,39,121
E00185815,219,57,162
E00185816,182,29,153
E00185817,329,116,213
E00185818,353,79,274
E00185819,219,11,208
E00185820,98,15,83
E00185821,256,97,159
E00185822,428,130,298
E00185823,197,50,147
E00185824,325,131,194
E00185825,279,102,177
E00185826,544,232,312
E00185827,399,176,223
E00185828,135,14,121
E00185829,139,26,113
E00185830,488,148,340
E00185831,178,21,157
E00185832,416,117,299
E00185833,204,69,135
E00185834,365,104,261
E00185835,349,104,245
E00185836,420,124,296
E00185837,232,67,165
E00185838,285,85,200
E00185839,225,62,163
E00185840,430,141,289
E00185841,378,120,258
E00185842,114,35,79
E00185843,433,80,353
E00185844,258,74,184
E00185846,1657,1484,173
E00185847,978,664,314
E00185848,343,42,301
E00185849,597,224,373
E00185850,536,133,403
E00185851,346,51,295
E00185852,312,98,214
E00185853,1207,1032,175
E00185854,543,60,483
E00185855,250,54,196
E00185856,256,57,199
E00185857,106,21,85
E00185858,399,91,308
E00185859,117,33,84
E00185860,191,20,171
E00185861,111,22,89
E00185862,383,107,276
E00185863,144,25,119
E00185864,277,187,90
E00185865,245,54,191
E00185866,423,325,98
E00185867,392,73,319
E00185868,512,132,380
E00185869,310,23,287
E00185870,487,79,408
E00185871,309,61,248
E00185872,197,46,151
E00185873,538,171,367
E00185874,385,104,281
E00185875,430,276,154
E00185876,447,120,327
E00185877,270,52,218
E00185878,224,51,173
E00185879,262,54,208
E00185880,367,69,298
E00185881,306,73,233
E00185882,168,25,143
E00185883,136,32,104
E00185884,342,76,266
E00185885,259,69,190
E00185886,239,66,173
E00185887,279,72,207
E00185888,135,39,96
E00185889,248,57,191
E00185890,165,43,122
E00185891,526,119,407
E00185892,319,68,251
E00185893,445,125,320
E00185894,123,38,85
E00185895,413,101,312
E00185896,443,112,331
E00185897,201,31,170
E00185898,142,7,135
E00185899,351,80,271
E00185900,131,32,99
E00185901,163,24,139
E00185902,304,44,260
E00185903,240,61,179
E00185904,164,9,155
E00185905,167,83,84
E00185906,260,53,207
E00185907,330,102,228
E00185908,118,14,104
E00185909,263,69,194
E00185910,833,694,139
E00185911,288,50,238
E00185912,117,30,87
E00185913,381,36,345
E00185914,449,111,338
E00185915,217,13,204
E00185916,379,118,261
E00185917,295,24,271
E00185918,113,31,82
E00185919,542,96,446
E00185920,296,60,236
E00185921,179,38,141
E00185922,384,54,330
E00185923,375,90,285
E00185924,316,50,266
E00185925,89,17,72
E00185926,541,65,476
E00185927,424,94,330
E00185928,87,20,67
E00185929,309,76,233
E00185930,356,68,288
E00185931,319,66,253
E00185932,189,80,109
E00185933,485,92,393
E00185934,359,85,274
E00185935,257,23,234
E00185936,251,36,215
E00185937,149,17,132
E00185938,232,37,195
E00185939,396,85,311
E00185940,111,37,74
E00185941,444,84,360
E00185942,113,22,91
E00185943,1062,973,89
E00185944,103,18,85
E00185945,230,63,167
E00185946,142,8,134
E00185947,385,71,314
E00185948,152,53,99
E00185949,398,110,288
E00185950,153,19,134
E00185951,249,50,199
E00185952,183,42,141
E00185953,320,75,245
E00185954,157,24,133
E00185955,205,47,158
E00185956,557,183,374
E00185957,244,33,211
E00185958,243,27,216
E00185959,161,67,94
E00185960,307,68,239
E00185961,473,72,401
E00185962,356,97,259
E00185963,301,17,284
E00185964,142,40,102
E00185965,606,350,256
E00185966,181,16,165
E00185967,554,155,399
E00185968,268,44,224
E00185969,491,135,356
E00185970,300,52,248
E00185971,311,47,264
E00185972,201,44,157
E00185973,170,43,127
E00185974,343,120,223
E00185975,260,52,208
E00185976,478,113,365
E00185977,478,125,353
E00185978,322,71,251
E00185979,308,59,249
E00185980,224,19,205
E00185981,95,21,74
E00185982,177,35,142
E00185983,341,56,285
E00185984,323,83,240
E00185985,234,40,194
E00185986,252,29,223
E00185987,462,89,373
E00185988,496,117,379
E00185989,521,113,408
E00185990,468,137,331
E00185991,333,67,266
E00185992,231,28,203
E00185993,468,118,350
E00185994,510,88,422
E00185995,369,63,306
E00185996,339,70,269
E00185997,266,51,215
E00185998,402,93,309
E00185999,193,32,161
E00186000,259,49,210
E00186001,222,48,174
E00186002,463,115,348
E00186003,516,140,376
E00186004,373,76,297
E00186005,250,31,219
E00186006,402,110,292
E00186007,274,20,254
E00186008,121,29,92
E00186009,412,95,317
E00186010,502,102,400
E00186011,347,76,271
E00186012,519,114,405
E00186013,314,64,250
E00186014,334,52,282
E00186015,217,42,175
E00186016,170,50,120
E00186017,306,74,232
E00186018,222,39,183
E00186019,315,78,237
E00186020,279,64,215
E00186021,576,474,102
E00186022,99,9,90
E00186023,520,126,394
E00186024,216,54,162
E00186025,525,135,390
E00186026,129,45,84
E00186027,422,63,359
E00186028,204,52,152
E00186029,237,46,191
E00186030,407,111,296
E00186031,184,45,139
E00186032,210,36,174
E00186033,504,113,391
E00186034,250,35,215
E00186035,278,63,215
E00186036,196,28,168
E00186037,415,85,330
E00186038,99,13,86
E00186039,273,56,217
E00186040,313,66,247
E00186041,370,105,265
E00186042,540,140,400
E00186043,171,44,127
E00186044,107,13,94
E00186045,333,55,278
E00186046,308,67,241
E00186047,301,35,266
E00186048,110,23,87
E00186049,557,38,519
E00186050,240,28,212
E00186051,118,30,88
E00186052,378,92,286
E00186053,204,24,180
E00186054,445,135,310
E00186055,322,134,188
E00186056,167,26,141
E00186057,252,20,232
E00186058,482,113,369
E00186059,309,41,268
E00186060,455,98,357
E00186061,239,54,185
E00186062,501,105,396
E00186063,343,23,320
E00186064,646,540,106
E00186065,428,96,332
E00186066,248,58,190
E00186067,230,56,174
E00186068,129,26,103
E00186069,238,25,213
E00186070,477,108,369
E00186071,141,20,121
E00186072,349,84,265
E00186073,314,53,261
E00186074,194,26,168
E00186075,441,84,357
E00186076,255,72,183
E00186077,369,81,288
E00186078,130,28,102
E00186079,137,19,118
E00186080,737,513,224
E00186081,363,71,292
E00186082,304,50,254
E00186083,318,61,257
E00186084,251,37,214
E00186085,702,279,423
E00186086,324,81,243
E00186087,830,754,76
E00186088,284,61,223
E00186089,463,149,314
E00186090,299,93,206
E00186091,174,34,140
E00186092,315,68,247
E00186093,330,98,232
E00186094,304,102,202
E00186095,129,17,112
E00186096,260,51,209
E00186097,232,33,199
E00186098,518,229,289
E00186099,541,224,317
E00186100,303,94,209
E00186101,337,41,296
E00186102,312,104,208
E00186103,508,164,344
E00186104,501,115,386
E00186105,456,197,259
E00186106,838,674,164
E00186107,522,448,74
E00186108,134,12,122
E00186109,303,135,168
E00186110,185,81,104
E00186111,406,100,306
E00186112,310,27,283
E00186113,104,13,91
E00186114,188,39,149
E00186115,401,140,261
E00186116,199,65,134
E00186117,247,89,158
E00186118,309,1,308
E00186119,206,46,160
E00186120,495,214,281
E00186121,338,91,247
E00186122,178,75,103
E00186123,211,64,147
E00186124,375,113,262
E00186125,474,427,47
E00186126,193,19,174
E00186127,322,64,258
E00186128,410,142,268
E00186129,488,201,287
E00186130,180,35,145
E00186131,209,84,125
E00186132,152,50,102
E00186133,225,56,169
E00186134,220,78,142
E00186135,310,139,171
E00186136,174,31,143
E00186137,221,63,158
E00186138,96,11,85
E00186139,464,190,274
E00186140,379,115,264
E00186141,190,24,166
E00186142,356,304,52
E00186143,154,60,94
E00186144,377,154,223
E00186145,387,90,297
E00186146,126,51,75
E00186147,300,105,195
E00186148,343,93,250
E00186149,230,164,66
E00186150,415,127,288
E00186151,259,96,163
E00186152,299,87,212
E00186153,282,99,183
E00186154,187,53,134
E00186155,982,854,128
E00186156,189,93,96
E00186157,151,31,120
E00186158,305,128,177
E00186159,247,59,188
E00186160,258,41,217
E00186161,553,278,275
E00186162,309,99,210
E00186163,385,333,52
E00186164,212,60,152
E00186165,405,99,306
E00186166,382,123,259
E00186167,411,93,318
E00186168,553,126,427
E00186169,154,62,92
E00186170,339,106,233
E00186171,132,55,77
E00186172,505,177,328
E00186173,420,131,289
E00186174,280,127,153
E00186175,306,73,233
E00186176,110,30,80
E00186177,110,17,93
E00186178,288,254,34
E00186179,397,150,247
E00186180,321,63,258
E00186181,199,31,168
E00186182,192,63,129
E00186183,385,83,302
E00186184,256,114,142
E00186185,317,80,237
E00186186,368,57,311
E00186187,344,139,205
E00186188,182,38,144
E00186189,517,127,390
E00186190,406,174,232
E00186191,163,48,115
E00186192,383,139,244
E00186193,190,64,126
E00186194,276,81,195
E00186195,351,123,228
E00186196,374,95,279
E00186197,470,230,240
E00186198,547,198,349
E00186199,168,29,139
E00186200,161,77,84
E00186201,378,111,267
E00186202,194,22,172
E00186203,281,90,191
E00186204,429,172,257
E00186205,90,32,58
E00186206,156,39,117
E00186207,360,129,231
E00186208,158,42,116
E00186209,330,45,285
E00186210,210,56,154
E00186211,416,136,280
E00186212,304,126,178
E00186213,566,532,34
E00186214,109,16,93
E00186215,243,61,182
E00186216,110,17,93
E00186217,243,66,177
E00186218,245,99,146
E00186219,245,67,178
E00186220,137,43,94
E00186221,446,159,287
E00186222,174,51,123
E00186223,219,70,149
E00186224,332,124,208
E00186225,120,30,90
E00186226,480,143,337
E00186227,414,131,283
E00186228,242,77,165
E00186229,309,102,207
E00186230,211,71,140
E00186231,410,123,287
E00186232,227,40,187
E00186233,483,379,104
E00186234,320,161,159
E00186235,967,896,71
E00186236,243,85,158
E00186237,460,88,372
E00186238,189,94,95
E00186239,244,70,174
E00186240,172,15,157
E00186241,189,40,149
E00186242,166,16,150
E00186243,461,142,319
E00186244,350,119,231
E00186245,213,73,140
E00186246,193,18,175
E00186247,239,32,207
E00186248,489,191,298
E00186249,387,86,301
E00186250,131,41,90
E00186251,296,38,258
E00186252,362,134,228
E00186253,502,152,350
E00186254,197,28,169
E00186255,144,39,105
E00186256,651,538,113
E00186257,582,76,506
E00186258,366,277,89
E00186259,230,74,156
E00186260,160,29,131
E00186261,183,63,120
E00186262,236,177,59
E00186263,342,138,204
E00186264,252,59,193
E00186265,159,28,131
E00186266,379,103,276
E00186267,212,31,181
E00186268,371,140,231
E00186269,244,64,180
E00186270,251,47,204
E00186271,337,69,268
E00186272,173,24,149
E00186273,310,86,224
E00186274,244,31,213
E00186275,315,84,231
E00186276,200,45,155
E00186277,311,101,210
E00186278,257,123,134
E00186279,212,54,158
E00186280,141,51,90
E00186281,308,1,307
E00186282,207,87,120
E00186283,492,120,372
E00186284,280,66,214
E00186285,153,103,50
E00186286,337,127,210
E00186287,365,120,245
E00186288,481,216,265
E00186289,302,129,173
E00186290,298,82,216
E00186291,411,150,261
E00186292,164,79,85
E00186293,243,113,130
E00186294,440,147,293
E00186295,348,117,231
E00186296,131,25,106
E00186297,608,502,106
E00186298,321,122,199
E00186299,293,248,45
E00186300,540,216,324
E00186301,201,58,143
E00186302,170,51,119
E00186303,325,124,201
E00186304,282,0,282
E00186305,472,213,259
E00186306,295,13,282
E00186307,378,124,254
E00186308,1501,1261,240
E00186309,2303,2202,101
E00186310,238,85,153
E00186311,520,197,323
E00186312,168,51,117
E00186313,253,97,156
E00186314,213,47,166
E00186315,162,55,107
E00186316,215,20,195
E00186317,442,397,45
E00186318,309,55,254
E00186319,209,69,140
E00186320,343,34,309
E00186321,373,42,331
E00186322,168,34,134
E00186323,233,40,193
E00186324,249,25,224
E00186325,298,65,233
E00186326,261,44,217
E00186327,326,33,293
E00186328,1160,869,291
E00186329,340,108,232
E00186330,307,69,238
E00186331,296,21,275
E00186332,278,46,232
E00186333,402,90,312
E00186334,398,106,292
E00186335,425,141,284
E00186336,376,100,276
E00186337,328,94,234
E00186338,198,41,157
E00186339,111,23,88
E00186340,495,132,363
E00186341,447,112,335
E00186342,105,11,94
E00186343,513,117,396
E00186344,308,70,238
E00186345,217,57,160
E00186346,311,46,265
E00186347,285,74,211
E00186348,287,91,196
E00186349,479,132,347
E00186350,363,74,289
E00186351,126,36,90
E00186352,445,115,330
E00186353,98,12,86
E00186354,147,47,100
E00186355,307,62,245
E00186356,199,36,163
E00186357,253,52,201
E00186358,288,44,244
E00186359,481,373,108
E00186360,214,39,175
E00186361,182,49,133
E00186362,192,63,129
E00186363,225,59,166
E00186364,294,41,253
E00186365,102,15,87
E00186366,485,124,361
E00186367,384,72,312
E00186368,305,55,250
E00186369,255,6,249
E00186370,413,87,326
E00186371,197,61,136
E00186372,115,39,76
E00186373,479,129,350
E00186374,518,150,368
E00186375,356,87,269
E00186376,166,29,137
E00186377,128,35,93
E00186378,130,23,107
E00186379,216,56,160
E00186380,140,9,131
E00186381,131,0,131
E00186382,298,67,231
E00186383,291,74,217
E00186384,213,19,194
E00186385,218,20,198
E00186386,315,44,271
E00186387,298,54,244
E00186388,490,110,380
E00186389,175,24,151
E00186390,238,28,210
E00186391,217,51,166
E00186392,312,59,253
E00186393,267,102,165
E00186394,549,107,442
E00186395,288,69,219
E00186396,314,29,285
E00186397,304,64,240
E00186398,333,68,265
E00186399,331,59,272
E00186400,160,19,141
E00186401,326,82,244
E00186402,404,125,279
E00186403,135,28,107
E00186404,356,86,270
E00186405,146,35,111
E00186406,101,25,76
E00186407,375,70,305
E00186408,492,103,389
E00186409,161,32,129
E00186410,453,138,315
E00186411,198,33,165
E00186412,225,26,199
E00186413,368,76,292
E00186414,498,192,306
E00186415,319,78,241
E00186416,212,13,199
E00186417,331,68,263
E00186418,246,59,187
E00186419,205,57,148
E00186420,454,89,365
E00186421,269,50,219
E00186422,113,23,90
E00186423,145,15,130
E00186424,291,72,219
E00186425,337,91,246
E00186426,408,103,305
E00186427,527,148,379
E00186428,397,88,309
E00186429,253,54,199
E00186430,328,104,224
E00186431,192,46,146
E00186432,264,59,205
E00186433,282,34,248
E00186434,567,112,455
E00186435,254,76,178
E00186436,472,110,362
E00186437,242,60,182
E00186438,236,30,206
E00186439,265,53,212
E00186440,108,30,78
E00186441,575,124,451
E00186442,272,43,229
E00186443,139,20,119
E00186444,453,102,351
E00186445,336,66,270
E00186446,498,130,368
E00186447,152,22,130
E00186448,267,48,219
E00186449,288,78,210
E00186450,371,76,295
E00186451,262,41,221
E00186452,214,45,169
E00186453,367,50,317
E00186454,126,21,105
E00186455,539,93,446
E00186456,233,32,201
E00186457,186,82,104
E00186458,336,98,238
E00186459,298,69,229
E00186460,215,49,166
E00186461,100,22,78
E00186462,467,79,388
E00186463,397,83,314
E00186464,407,84,323
E00186465,234,48,186
E00186466,341,62,279
E00186467,132,41,91
E00186468,300,87,213
E00186469,177,49,128
E00186470,199,4,195
E00186471,294,45,249
E00186472,98,13,85
E00186473,207,48,159
E00186474,203,55,148
E00186475,264,53,211
E00186476,114,14,100
E00186477,324,90,234
E00186478,431,72,359
E00186479,169,15,154
E00186480,274,42,232
E00186481,265,72,193
E00186482,229,39,190
E00186483,337,49,288
E00186484,507,372,135
E00186485,412,99,313
E00186486,454,133,321
E00186487,512,85,427
E00186488,320,103,217
E00186489,150,38,112
E00186490,347,50,297
E00186491,553,132,421
E00186492,177,49,128
E00186493,227,29,198
E00186494,211,28,183
E00186495,275,22,253
E00186496,300,100,200
E00186497,368,91,277
E00186498,156,19,137
E00186499,154,51,103
E00186500,424,45,379
E00186501,266,37,229
E00186502,202,26,176
E00186503,464,110,354
E00186504,130,28,102
E00186505,141,25,116
E00186506,435,50,385
E00186507,362,76,286
E00186508,281,30,251
E00186509,212,35,177
E00186510,328,51,277
E00186511,237,32,205
E00186512,144,7,137
E00186513,134,11,123
E00186514,178,37,141
E00186515,248,26,222
E00186516,268,23,245
E00186517,266,55,211
E00186518,177,4,173
E00186519,141,28,113
E00186520,269,10,259
E00186521,397,56,341
E00186522,229,20,209
E00186523,292,33,259
E00186524,528,138,390
E00186525,107,13,94
E00186526,197,10,187
E00186527,153,40,113
E00186528,420,91,329
E00186529,435,73,362
E00186530,144,36,108
E00186531,235,74,161
E00186532,139,19,120
E00186533,159,33,126
E00186534,552,125,427
E00186535,138,6,132
E00186536,304,91,213
E00186537,353,71,282
E00186538,152,11,141
E00186539,240,56,184
E00186540,214,24,190
E00186541,297,41,256
E00186542,457,133,324
E00186543,519,118,401
E00186544,381,68,313
E00186545,121,12,109
E00186546,160,48,112
E00186547,116,22,94
E00186548,447,76,371
E00186549,380,65,315
E00186550,435,106,329
E00186551,170,32,138
E00186552,506,119,387
E00186553,113,7,106
E00186554,230,27,203
E00186555,111,6,105
E00186556,451,55,396
E00186557,165,21,144
E00186558,330,104,226
E00186559,136,18,118
E00186560,416,120,296
E00186561,166,45,121
E00186562,139,30,109
E00186563,318,63,255
E00186564,344,43,301
E00186565,505,87,418
E00186566,197,18,179
E00186567,255,31,224
E00186568,377,38,339
E00186569,250,60,190
E00186570,256,48,208
E00186571,285,49,236
E00186572,110,30,80
E00186573,149,7,142
E00186574,127,42,85
E00186575,482,133,349
E00186576,414,119,295
E00186577,342,88,254
E00186578,325,125,200
E00186579,390,92,298
E00186580,99,26,73
E00186581,258,45,213
E00186582,197,28,169
E00186583,305,86,219
E00186584,306,65,241
E00186585,311,72,239
E00186586,305,81,224
E00186587,206,52,154
E00186588,204,65,139
E00186589,205,49,156
E00186590,425,117,308
E00186591,287,90,197
E00186592,400,71,329
E00186593,357,86,271
E00186594,242,63,179
E00186595,472,103,369
E00186596,128,21,107
E00186597,210,35,175
E00186598,259,76,183
E00186599,233,47,186
E00186600,260,62,198
E00186601,115,26,89
E00186602,98,5,93
E00186603,299,43,256
E00186604,247,22,225
E00186605,438,96,342
E00186606,253,56,197
E00186607,410,84,326
E00186608,492,144,348
E00186609,325,57,268
E00186610,464,100,364
E00186611,177,18,159
E00186612,139,18,121
E00186613,338,41,297
E00186614,115,9,106
E00186615,255,39,216
E00186616,176,25,151
E00186617,340,92,248
E00186618,250,34,216
E00186619,295,73,222
E00186620,321,60,261
E00186621,180,25,155
E00186622,492,119,373
E00186623,457,81,376
E00186624,144,46,98
E00186625,145,42,103
E00186626,372,63,309
E00186627,462,79,383
E00186628,196,25,171
E00186629,344,59,285
E00186630,252,21,231
E00186631,428,69,359
E00186632,264,40,224
E00186633,454,94,360
E00186634,190,8,182
E00186635,245,28,217
E00186636,377,122,255
E00186637,179,35,144
E00186638,313,44,269
E00186639,251,63,188
E00186640,254,36,218
E00186641,421,94,327
E00186642,316,93,223
E00186643,410,89,321
E00186644,211,46,165
E00186645,181,12,169
E00186646,448,84,364
E00186647,239,44,195
E00186648,456,115,341
E00186649,102,16,86
E00186650,133,44,89
E00186651,341,61,280
E00186652,385,77,308
E00186653,214,31,183
E00186654,531,117,414
E00186655,479,65,414
E00186656,480,97,383
E00186657,104,10,94
E00186658,354,90,264
E00186659,296,99,197
E00186660,119,38,81
E00186661,256,55,201
E00186662,211,17,194
E00186663,862,96,766
E00186664,477,84,393
E00186665,496,76,420
E00186666,337,85,252
E00186667,104,25,79
E00186668,356,89,267
E00186669,329,79,250
E00186670,100,12,88
E00186671,273,43,230
E00186672,489,107,382
E00186673,138,33,105
E00186674,184,83,101
E00186675,280,70,210
E00186676,425,84,341
E00186677,270,39,231
E00186678,287,42,245
E00186679,298,85,213
E00186680,357,69,288
E00186681,297,54,243
E00186682,379,71,308
E00186683,479,67,412
E00186684,315,85,230
E00186685,179,22,157
E00186686,267,39,228
E00186687,213,21,192
E00186688,322,45,277
E00186689,357,75,282
E00186690,210,17,193
E00186691,272,61,211
E00186692,514,128,386
E00186693,187,57,130
E00186694,368,89,279
E00186695,204,49,155
E00186696,108,15,93
E00186697,427,93,334
E00186698,247,55,192
E00186699,172,34,138
E00186700,250,37,213
E00186701,300,60,240
E00186702,168,31,137
E00186703,236,34,202
E00186704,226,50,176
E00186705,381,100,281
E00186706,543,129,414
E00186707,357,80,277
E00186708,390,97,293
E00186709,151,21,130
E00186710,351,94,257
E00186711,141,24,117
E00186712,140,17,123
E00186713,104,27,77
E00186714,309,70,239
E00186715,498,99,399
E00186716,338,60,278
E00186717,202,20,182
E00186718,259,57,202
E00186719,151,32,119
E00186720,248,57,191
E00186721,181,18,163
E00186722,193,32,161
E00186723,316,97,219
E00186724,343,55,288
E00186725,192,59,133
E00186726,373,81,292
E00186727,217,26,191
E00186728,465,142,323
E00186729,482,86,396
E00186730,182,40,142
E00186731,338,94,244
E00186732,255,36,219
E00186733,352,81,271
E00186734,305,72,233
E00186735,310,58,252
E00186736,273,82,191
E00186737,303,42,261
E00186738,350,66,284
E00186739,287,31,256
E00186740,151,26,125
E00186741,204,54,150
E00186742,84,21,63
E00186743,292,33,259
E00186744,406,83,323
E00186745,341,48,293
E00186746,248,53,195
E00186747,431,68,363
E00186748,164,31,133
E00186749,490,140,350
E00186750,198,61,137
E00186751,376,102,274
E00186752,287,43,244
E00186753,261,52,209
E00186754,295,59,236
E00186755,546,110,436
E00186756,183,19,164
E00186757,215,29,186
E00186758,120,40,80
E00186759,309,65,244
E00186760,308,83,225
E00186761,152,16,136
E00186762,488,117,371
E00186763,308,71,237
E00186764,183,52,131
E00186765,129,3,126
E00186766,188,28,160
E00186767,548,159,389
E00186768,344,47,297
E00186769,118,11,107
E00186770,183,25,158
E00186771,233,50,183
E00186772,383,86,297
E00186773,250,63,187
E00186774,320,71,249
E00186775,277,20,257
E00186776,283,27,256
E00186777,165,8,157
E00186778,182,47,135
E00186779,152,21,131
E00186780,134,36,98
E00186781,329,35,294
E00186782,342,60,282
E00186783,201,32,169
E00186784,262,59,203
E00186785,549,128,421
E00186786,257,39,218
E00186787,467,110,357
E00186788,197,26,171
E00186789,293,80,213
E00186790,164,46,118
E00186791,272,53,219
E00186792,503,107,396
E00186793,163,37,126
E00186794,298,29,269
E00186795,428,105,323
E00186796,329,77,252
E00186797,465,127,338
E00186798,268,38,230
E00186799,217,36,181
E00186800,328,56,272
E00186801,512,143,369
E00186802,178,39,139
E00186803,101,10,91
E00186804,338,93,245
E00186805,381,48,333
E00186806,342,50,292
E00186807,351,118,233
E00186808,264,24,240
E00186809,181,43,138
E00186810,403,98,305
E00186811,385,3,382
E00186812,404,88,316
E00186813,486,131,355
E00186814,319,71,248
E00186815,372,46,326
E00186816,251,48,203
E00186817,239,40,199
E00186818,104,32,72
E00186819,262,48,214
E00186820,529,121,408
E00186821,223,33,190
E00186822,109,4,105
E00186823,158,15,143
E00186824,155,11,144
E00186825,181,30,151
E00186826,352,82,270
E00186827,386,88,298
E00186828,143,26,117
E00186829,155,40,115
E00186830,245,25,220
E00186831,379,64,315
E00186832,109,21,88
E00186833,249,57,192
E00186834,144,9,135
E00186835,253,71,182
E00186836,277,50,227
E00186837,403,97,306
E00186838,400,30,370
E00186839,471,126,345
E00186840,597,139,458
E00186841,794,605,189
E00186842,198,20,178
E00186843,495,27,468
E00186844,321,32,289
E00186845,367,49,318
E00186846,2809,2408,401
E00186847,553,147,406
E00186848,277,75,202
E00186849,327,72,255
E00186850,323,79,244
E00186851,298,51,247
E00186852,251,38,213
E00186853,167,44,123
E00186854,416,87,329
E00186855,498,123,375
E00186856,492,91,401
E00186857,104,15,89
E00186858,356,90,266
E00186859,219,49,170
E00186860,133,22,111
E00186861,166,39,127
E00186862,343,73,270
E00186863,205,55,150
E00186864,311,98,213
E00186865,281,77,204
E00186866,360,102,258
E00186867,257,50,207
E00186868,386,79,307
E00186869,387,92,295
E00186870,169,54,115
E00186871,135,27,108
E00186872,408,69,339
E00186873,380,80,300
E00186874,291,54,237
E00186875,375,83,292
E00186876,301,37,264
E00186877,311,67,244
E00186878,274,37,237
E00186879,120,31,89
E00186880,336,82,254
E00186881,495,145,350
E00186882,276,62,214
E00186883,103,10,93
E00186884,233,54,179
E00186885,422,101,321
E00186886,325,50,275
E00186887,380,92,288
E00186888,170,29,141
E00186889,252,29,223
E00186890,428,86,342
E00186891,304,51,253
E00186892,287,34,253
E00186893,257,34,223
E00186894,370,87,283
E00186895,238,35,203
E00186896,122,10,112
E00186897,261,49,212
E00186898,351,73,278
E00186899,147,18,129
E00186900,296,88,208
E00186901,92,15,77
E00186902,277,83,194
E00186903,339,66,273
E00186904,232,41,191
E00186905,340,75,265
E00186906,398,117,281
E00186907,232,36,196
E00186908,403,114,289
E00186909,547,127,420
E00186910,172,4,168
E00186911,171,41,130
E00186912,268,84,184
E00186913,371,124,247
E00186914,328,66,262
E00186915,307,102,205
E00186916,290,72,218
E00186917,451,89,362
E00186918,133,31,102
E00186919,281,45,236
E00186920,238,75,163
E00186921,201,17,184
E00186922,255,43,212
E00186923,490,108,382
E00186924,467,108,359
E00186925,217,40,177
E00186926,461,124,337
E00186927,228,22,206
E00186928,129,29,100
E00186929,302,55,247
E00186930,422,76,346
E00186931,370,88,282
E00186932,538,135,403
E00186933,513,125,388
E00186934,160,37,123
E00186935,218,35,183
E00186936,369,76,293
E00186937,453,96,357
E00186938,200,38,162
E00186939,326,87,239
E00186940,450,103,347
E00186941,348,118,230
E00186942,214,52,162
E00186943,369,93,276
E00186944,280,67,213
E00186945,170,12,158
E00186946,125,32,93
E00186947,445,70,375
E00186948,201,1,200
E00186949,254,40,214
E00186950,177,32,145
E00186951,280,54,226
E00186952,109,29,80
E00186953,193,39,154
E00186954,104,31,73
E00186955,276,48,228
E00186956,151,38,113
E00186957,116,9,107
E00186958,343,55,288
E00186959,415,93,322
E00186960,395,84,311
E00186961,226,30,196
E00186962,344,82,262
E00186963,293,78,215
E00186964,104,32,72
E00186965,569,145,424
E00186966,132,23,109
E00186967,476,113,363
E00186968,193,46,147
E00186969,229,33,196
E00186970,460,91,369
E00186971,485,81,404
E00186972,192,0,192
E00186973,479,113,366
E00186974,111,19,92
E00186975,282,45,237
E00186976,391,97,294
E00186977,550,159,391
E00186978,236,42,194
E00186979,126,26,100
E00186980,164,34,130
E00186981,378,83,295
E00186982,237,66,171
E00186983,250,38,212
E00186984,200,69,131
E00186985,315,71,244
E00186986,250,98,152
E00186987,522,132,390
E00186988,123,27,96
E00186989,316,45,271
E00186990,416,120,296
E00186991,279,66,213
E00186992,251,49,202
E00186993,329,77,252
E00186994,218,52,166
E00186995,139,11,128
E00186996,377,121,256
E00186997,259,69,190
E00186998,244,29,215
E00186999,235,49,186
E00187000,222,55,167
E00187001,575,110,465
E00187002,297,76,221
E00187003,332,103,229
E00187004,115,16,99
E00187005,280,19,261
E00187006,470,117,353
E00187007,179,44,135
E00187008,306,108,198
E00187009,468,110,358
E00187010,443,46,397
E00187011,233,66,167
E00187012,515,207,308
E00187013,508,158,350
E00187014,494,143,351
E00187015,315,75,240
E00187016,338,66,272
E00187017,249,61,188
E00187018,434,107,327
E00187019,319,57,262
E00187020,220,51,169
E00187021,313,50,263
E00187022,166,15,151
E00187023,549,110,439
E00187024,732,526,206
E00187025,877,706,171
E00187026,600,476,124
E00187027,275,44,231
E00187028,221,21,200
E00187029,354,59,295
E00187030,362,91,271
E00187031,118,14,104
E00187032,263,35,228
E00187033,218,49,169
E00187034,212,34,178
E00187035,299,58,241
E00187036,150,18,132
E00187037,161,86,75
E00187038,471,183,288
E00187039,248,63,185
E00187040,349,117,232
E00187041,373,64,309
E00187042,238,82,156
E00187043,274,32,242
E00187044,320,75,245
E00187045,367,88,279
E00187046,411,167,244
E00187047,924,892,32
E00187048,396,77,319
E00187049,335,51,284
E00187050,246,106,140
E00187051,134,30,104
E00187052,181,18,163
E00187053,167,37,130
E00187054,153,16,137
E00187055,346,32,314
E00187056,247,45,202
E00187057,113,39,74
E00187058,148,4,144
E00187059,298,63,235
E00187060,384,70,314
E00187061,211,44,167
E00187062,487,373,114
E00187063,362,83,279
E00187064,204,48,156
E00187065,338,44,294
E00187066,244,79,165
E00187067,273,199,74
E00187068,164,33,131
E00187069,351,76,275
E00187070,313,52,261
E00187071,226,34,192
E00187072,255,27,228
E00187073,236,25,211
E00187074,299,168,131
E00187075,336,72,264
E00187076,276,74,202
E00187077,310,57,253
E00187078,404,63,341
E00187079,352,168,184
E00187080,176,24,152
E00187081,319,57,262
E00187082,271,44,227
E00187083,212,76,136
E00187084,210,39,171
E00187085,300,25,275
E00187086,217,20,197
E00187087,112,8,104
E00187088,170,9,161
E00187089,218,15,203
E00187090,427,93,334
E00187091,101,31,70
E00187092,367,94,273
E00187093,208,55,153
E00187094,161,27,134
E00187095,185,26,159
E00187096,240,75,165
E00187097,336,39,297
E00187098,539,326,213
E00187099,347,39,308
E00187100,126,30,96
E00187101,342,56,286
E00187102,228,28,200
E00187103,410,108,302
E00187104,176,14,162
E00187105,328,49,279
E00187106,331,92,239
E00187107,272,42,230
E00187108,172,28,144
E00187109,180,48,132
E00187110,2319,2237,82
E00187111,174,9,165
E00187112,336,90,246
E00187113,113,51,62
E00187114,423,90,333
E00187115,292,83,209
E00187116,151,24,127
E00187117,241,62,179
E00187118,328,39,289
E00187119,824,810,14
E00187120,384,70,314
E00187121,326,61,265
E00187122,151,40,111
E00187123,174,14,160
E00187124,231,80,151
E00187125,323,81,242
E00187126,111,12,99
E00187127,247,192,55
E00187128,154,17,137
E00187129,306,78,228
E00187130,331,56,275
E00187131,231,54,177
E00187132,163,51,112
E00187133,284,66,218
E00187134,426,339,87
E00187135,212,173,39
E00187136,337,75,262
E00187137,939,842,97
E00187138,108,6,102
E00187139,265,27,238
E00187140,267,73,194
E00187141,435,116,319
E00187142,305,60,245
E00187143,328,16,312
E00187144,172,36,136
E00187145,529,300,229
E00187146,180,24,156
E00187147,204,54,150
E00187148,465,88,377
E00187149,382,42,340
E00187150,435,91,344
E00187151,180,25,155
E00187152,1312,1240,72
E00187153,256,28,228
E00187154,366,19,347
E00187155,237,29,208
E00187156,431,65,366
E00187157,305,45,260
E00187158,451,92,359
E00187159,477,70,407
E00187160,820,559,261
E00187161,485,75,410
E00187162,534,156,378
E00187163,464,115,349
E00187164,221,46,175
E00187165,248,52,196
E00187166,509,65,444
E00187167,167,21,146
E00187168,360,85,275
E00187169,175,35,140
E00187170,154,24,130
E00187171,267,74,193
E00187172,442,38,404
E00187173,309,92,217
E00187174,108,17,91
E00187175,343,75,268
E00187176,363,47,316
E00187177,275,56,219
E00187178,139,27,112
E00187179,195,35,160
E00187180,310,57,253
E00187181,226,33,193
E00187182,410,100,310
E00187183,475,151,324
E00187184,412,95,317
E00187185,476,95,381
E00187186,171,60,111
E00187187,371,51,320
E00187188,136,8,128
E00187189,372,66,306
E00187190,460,73,387
E00187191,186,4,182
E00187192,350,51,299
E00187193,94,15,79
E00187194,126,21,105
E00187195,176,27,149
E00187196,213,28,185
E00187197,453,94,359
E00187198,213,61,152
E00187199,294,64,230
E00187200,330,36,294
E00187201,109,26,83
E00187202,282,93,189
E00187203,370,109,261
E00187204,203,57,146
E00187205,253,51,202
E00187206,446,78,368
E00187207,544,123,421
E00187208,475,117,358
E00187209,522,100,422
E00187210,159,58,101
E00187211,313,67,246
E00187212,209,52,157
E00187213,153,27,126
E00187214,175,26,149
E00187215,282,76,206
E00187216,154,15,139
E00187217,146,29,117
E00187218,316,53,263
E00187219,433,125,308
E00187220,118,12,106
E00187221,102,32,70
E00187222,466,103,363
E00187223,291,58,233
E00187224,215,37,178
E00187225,259,36,223
E00187226,476,125,351
E00187227,456,88,368
E00187228,224,62,162
E00187229,182,47,135
E00187230,411,23,388
E00187231,120,18,102
E00187232,369,91,278
E00187233,247,58,189
E00187234,232,62,170
E00187235,306,49,257
E00187236,373,99,274
E00187237,130,23,107
E00187238,579,114,465
E00187239,532,168,364
E00187240,542,147,395
E00187241,186,17,169
E00187242,334,78,256
E00187243,178,13,165
E00187244,309,47,262
E00187245,177,25,152
E00187246,248,33,215
E00187247,112,18,94
E00187248,146,42,104
E00187249,151,32,119
E00187250,264,51,213
E00187251,313,48,265
E00187252,121,34,87
E00187253,288,52,236
E00187254,545,140,405
E00187255,123,17,106
E00187256,835,18,817
E00187257,447,105,342
E00187258,320,79,241
E00187259,262,87,175
E00187260,308,75,233
E00187261,331,38,293
E00187262,321,59,262
E00187263,517,121,396
E00187264,330,55,275
E00187265,152,26,126
E00187266,286,74,212
E00187267,536,131,405
E00187268,462,127,335
E00187269,186,17,169
E00187270,282,58,224
E00187271,236,17,219
E00187272,569,141,428
E00187273,176,54,122
E00187274,221,48,173
E00187275,96,10,86
E00187276,146,27,119
E00187277,228,47,181
E00187278,352,80,272
E00187279,440,133,307
E00187280,156,25,131
E00187281,472,103,369
E00187282,511,91,420
E00187283,331,93,238
E00187284,273,57,216
E00187285,210,40,170
E00187286,272,56,216
E00187287,527,161,366
E00187288,271,61,210
E00187289,112,35,77
E00187290,236,55,181
E00187291,108,29,79
E00187292,327,34,293
E00187293,414,106,308
E00187294,208,13,195
E00187295,185,30,155
E00187296,247,47,200
E00187297,539,88,451
E00187298,285,36,249
E00187299,458,81,377
E00187300,286,79,207
E00187301,478,218,260
E00187302,102,13,89
E00187303,208,12,196
E00187304,416,89,327
E00187305,239,51,188
E00187306,231,11,220
E00187307,525,149,376
E00187308,210,48,162
E00187309,318,48,270
E00187310,548,125,423
E00187311,211,35,176
E00187312,155,19,136
E00187313,101,14,87
E00187314,364,60,304
E00187315,231,20,211
E00187316,112,17,95
E00187317,296,41,255
E00187318,152,54,98
E00187319,263,38,225
E00187320,581,33,548
E00187321,149,18,131
E00187322,421,92,329
E00187323,139,8,131
E00187324,134,24,110
E00187325,118,10,108
E00187326,173,10,163
E00187327,133,37,96
E00187328,464,85,379
E00187329,144,25,119
E00187330,328,85,243
E00187331,115,15,100
E00187332,463,157,306
E00187333,239,40,199
E00187334,418,103,315
E00187335,462,97,365
E00187336,253,62,191
E00187337,299,49,250
E00187338,513,127,386
E00187339,294,76,218
E00187340,229,49,180
E00187341,99,28,71
E00187342,339,81,258
E00187343,329,81,248
E00187344,328,84,244
E00187345,180,40,140
E00187346,334,63,271
E00187347,220,39,181
E00187348,188,41,147
E00187349,496,99,397
E00187350,220,45,175
E00187351,218,27,191
E00187352,178,7,171
E00187353,264,39,225
E00187354,306,74,232
E00187355,408,73,335
E00187356,317,14,303
E00187357,223,10,213
E00187358,230,47,183
E00187359,343,61,282
E00187360,293,63,230
E00187361,293,75,218
E00187362,249,62,187
E00187363,227,23,204
E00187364,366,64,302
E00187365,262,68,194
E00187366,133,28,105
E00187367,105,15,90
E00187368,422,90,332
E00187369,377,89,288
E00187370,161,42,119
E00187371,205,34,171
E00187372,384,57,327
E00187373,267,66,201
E00187374,265,55,210
E00187375,309,51,258
E00187376,217,29,188
E00187377,369,53,316
E00187378,314,43,271
E00187379,121,15,106
E00187380,353,79,274
E00187381,324,66,258
E00187382,367,63,304
E00187383,328,71,257
E00187384,391,125,266
E00187385,195,57,138
E00187386,386,94,292
E00187387,156,45,111
E00187388,1174,116,1058
E00187389,160,49,111
E00187390,395,54,341
E00187391,376,72,304
E00187392,129,37,92
E00187393,208,34,174
E00187394,288,89,199
E00187395,395,90,305
E00187396,254,56,198
E00187397,236,29,207
E00187398,234,55,179
E00187399,325,83,242
E00187400,320,59,261
E00187401,430,76,354
E00187402,208,44,164
E00187403,255,53,202
E00187404,317,52,265
E00187405,291,44,247
E00187406,446,100,346
E00187407,396,82,314
E00187408,329,86,243
E00187409,356,67,289
E00187410,261,41,220
E00187411,209,19,190
E00187412,411,106,305
E00187413,302,52,250
E00187414,456,99,357
E00187415,101,8,93
E00187416,336,63,273
E00187417,111,23,88
E00187418,203,50,153
E00187419,492,81,411
E00187420,302,38,264
E00187421,350,38,312
E00187422,300,64,236
E00187423,106,36,70
E00187424,244,32,212
E00187425,356,66,290
E00187426,130,36,94
E00187427,204,51,153
E00187428,156,11,145
E00187429,229,81,148
E00187430,161,31,130
E00187431,164,24,140
E00187432,315,71,244
E00187433,152,22,130
E00187434,508,95,413
E00187435,322,82,240
E00187436,324,89,235
E00187437,130,15,115
E00187438,164,17,147
E00187439,240,33,207
E00187440,324,79,245
E00187441,155,45,110
E00187442,560,124,436
E00187443,485,107,378
E00187444,254,69,185
E00187445,172,22,150
E00187446,275,43,232
E00187447,122,9,113
E00187448,188,39,149
E00187449,200,39,161
E00187450,509,106,403
E00187451,388,130,258
E00187452,284,62,222
E00187453,109,19,90
E00187454,119,21,98
E00187455,103,10,93
E00187456,201,37,164
E00187457,459,91,368
E00187458,434,105,329
E00187459,493,363,130
E00187460,304,69,235
E00187461,483,88,395
E00187462,179,52,127
E00187463,199,39,160
E00187464,288,72,216
E00187465,355,93,262
E00187466,497,92,405
E00187467,154,29,125
E00187468,182,28,154
E00187469,256,30,226
E00187470,118,26,92
E00187471,149,27,122
E00187472,320,53,267
E00187473,269,42,227
E00187474,301,51,250
E00187475,193,32,161
E00187476,329,81,248
E00187477,104,22,82
E00187478,172,23,149
E00187479,760,34,726
E00187480,318,75,243
E00187481,410,96,314
E00187482,255,75,180
E00187483,391,86,305
E00187484,292,61,231
E00187485,418,88,330
E00187486,413,63,350
E00187487,385,105,280
E00187488,309,74,235
E00187489,146,29,117
E00187490,371,53,318
E00187491,101,20,81
E00187492,375,81,294
E00187493,318,104,214
E00187494,224,25,199
E00187495,184,20,164
E00187496,157,20,137
E00187497,443,84,359
E00187498,329,52,277
E00187499,262,63,199
E00187500,206,41,165
E00187501,206,56,150
E00187502,506,106,400
E00187503,542,148,394
E00187504,429,99,330
E00187505,92,17,75
E00187506,293,68,225
E00187507,356,90,266
E00187508,388,84,304
E00187509,255,40,215
E00187510,127,13,114
E00187511,1742,1610,132
E00187512,297,37,260
E00187513,320,267,53
E00187514,535,387,148
E00187515,235,3,232
E00187516,622,419,203
E00187517,276,107,169
E00187518,1894,1579,315
E00187519,559,506,53
E00187520,778,656,122
E00187521,363,225,138
E00187522,351,139,212
E00187523,484,253,231
E00187524,379,127,252
E00187525,408,230,178
E00187526,597,512,85
E00187527,228,41,187
E00187528,436,368,68
E00187529,328,61,267
E00187530,197,49,148
E00187531,146,42,104
E00187532,529,509,20
E00187533,535,141,394
E00187534,322,69,253
E00187535,265,48,217
E00187536,854,641,213
E00187537,192,44,148
E00187538,269,56,213
E00187539,335,289,46
E00187540,447,114,333
E00187541,331,297,34
E00187542,609,494,115
E00187543,466,124,342
E00187544,314,274,40
E00187545,142,39,103
E00187546,291,134,157
E00187547,242,49,193
E00187548,262,37,225
E00187549,510,122,388
E00187550,273,48,225
E00187551,116,17,99
E00187552,256,34,222
E00187553,200,137,63
E00187554,152,49,103
E00187555,378,314,64
E00187556,110,39,71
E00187557,341,82,259
E00187558,480,371,109
E00187559,355,52,303
E00187560,491,435,56
E00187561,454,122,332
E00187562,541,119,422
E00187563,339,93,246
E00187564,336,312,24
E00187565,372,68,304
E00187566,167,46,121
E00187567,97,23,74
E00187568,174,54,120
E00187569,121,25,96
E00187570,186,64,122
E00187571,132,49,83
E00187572,620,558,62
E00187573,430,349,81
E00187574,376,94,282
E00187575,249,50,199
E00187576,249,63,186
E00187577,104,10,94
E00187578,153,20,133
E00187579,176,12,164
E00187580,411,77,334
E00187581,481,276,205
E00187582,201,45,156
E00187583,379,116,263
E00187584,484,334,150
E00187585,608,543,65
E00187586,256,57,199
E00187587,263,102,161
E00187588,115,19,96
E00187589,276,51,225
E00187590,281,87,194
E00187591,546,100,446
E00187592,450,340,110
E00187593,150,38,112
E00187594,237,60,177
E00187595,329,52,277
E00187596,376,72,304
E00187597,331,294,37
E00187598,888,796,92
E00187599,527,464,63
E00187600,458,98,360
E00187601,169,26,143
E00187602,289,47,242
E00187603,571,433,138
E00187604,250,47,203
E00187605,317,46,271
E00187606,163,15,148
E00187607,358,129,229
E00187608,432,30,402
E00187609,218,112,106
E00187610,289,66,223
E00187611,230,44,186
E00187612,467,274,193
E00187613,198,49,149
E00187614,437,148,289
E00187615,278,89,189
E00187616,279,48,231
E00187617,238,50,188
E00187618,485,123,362
E00187619,531,69,462
E00187620,252,15,237
E00187621,430,97,333
E00187622,105,9,96
E00187623,582,38,544
E00187624,219,70,149
E00187625,397,70,327
E00187626,401,85,316
E00187627,189,20,169
E00187628,281,44,237
E00187629,310,27,283
E00187630,313,77,236
E00187631,382,107,275
E00187632,450,148,302
E00187633,175,4,171
E00187634,410,319,91
E00187635,384,99,285
E00187636,257,166,91
E00187637,97,17,80
E00187638,285,45,240
E00187639,855,46,809
E00187640,559,142,417
E00187641,409,52,357
E00187642,368,150,218
E00187643,185,48,137
E00187644,169,49,120
E00187645,432,234,198
E00187646,251,58,193
E00187647,311,72,239
E00187648,296,39,257
E00187649,190,94,96
E00187650,243,66,177
E00187651,262,57,205
E00187652,337,44,293
E00187653,245,64,181
E00187654,228,77,151
E00187655,522,137,385
E00187656,510,187,323
E00187657,530,154,376
E00187658,362,97,265
E00187659,372,84,288
E00187660,288,39,249
E00187661,567,188,379
E00187662,429,95,334
E00187663,256,49,207
E00187664,288,51,237
E00187665,168,28,140
E00187666,396,107,289
E00187667,139,25,114
E00187668,163,25,138
E00187669,201,40,161
E00187670,568,151,417
E00187671,212,44,168
E00187672,277,51,226
E00187673,276,61,215
E00187674,155,18,137
E00187675,188,32,156
E00187676,469,97,372
E00187677,299,38,261
E00187678,269,55,214
E00187679,175,28,147
E00187680,295,101,194
E00187681,478,320,158
E00187682,327,198,129
E00187683,175,17,158
E00187684,111,33,78
E00187685,312,92,220
E00187686,101,20,81
E00187687,193,50,143
E00187688,315,73,242
E00187689,109,29,80
E00187690,243,43,200
E00187691,152,27,125
E00187692,93,24,69
E00187693,508,145,363
E00187694,145,37,108
E00187695,475,73,402
E00187696,248,57,191
E00187697,429,103,326
E00187698,260,45,215
E00187699,131,39,92
E00187700,114,28,86
E00187701,271,57,214
E00187702,241,18,223
E00187703,146,23,123
E00187704,427,58,369
E00187705,249,61,188
E00187706,524,155,369
E00187707,124,28,96
E00187708,340,158,182
E00187709,433,119,314
E00187710,97,24,73
E00187711,153,12,141
E00187712,618,461,157
E00187713,103,26,77
E00187714,125,27,98
E00187715,407,100,307
E00187716,239,44,195
E00187717,245,34,211
E00187718,195,44,151
E00187719,179,1,178
E00187720,197,35,162
E00187721,342,84,258
E00187722,371,35,336
E00187723,197,37,160
E00187724,242,47,195
E00187725,280,81,199
E00187726,475,118,357
E00187727,242,44,198
E00187728,384,69,315
E00187729,307,94,213
E00187730,154,32,122
E00187731,484,126,358
E00187732,610,343,267
E00187733,143,35,108
E00187734,302,64,238
E00187735,285,94,191
E00187736,422,119,303
E00187737,229,34,195
E00187738,221,30,191
E00187739,142,7,135
E00187740,267,99,168
E00187741,128,6,122
E00187742,281,102,179
E00187743,177,34,143
E00187744,455,114,341
E00187745,262,59,203
E00187746,103,25,78
E00187747,489,168,321
E00187748,409,98,311
E00187749,187,39,148
E00187750,541,116,425
E00187751,256,25,231
E00187752,299,55,244
E00187753,157,79,78
E00187754,451,96,355
E00187755,336,63,273
E00187756,186,40,146
E00187757,254,24,230
E00187758,308,81,227
E00187759,541,143,398
E00187760,432,113,319
E00187761,372,106,266
E00187762,316,50,266
E00187763,209,43,166
E00187764,111,11,100
E00187765,184,30,154
E00187766,464,121,343
E00187767,203,57,146
E00187768,819,745,74
E00187769,336,91,245
E00187770,527,112,415
E00187771,135,20,115
E00187772,182,46,136
E00187773,270,9,261
E00187774,333,95,238
E00187775,288,69,219
E00187776,463,138,325
E00187777,256,63,193
E00187778,434,123,311
E00187779,231,59,172
E00187780,174,21,153
E00187781,613,437,176
E00187782,232,37,195
E00187783,443,95,348
E00187784,215,51,164
E00187785,199,44,155
E00187786,368,115,253
E00187787,418,133,285
E00187788,376,68,308
E00187789,296,80,216
E00187790,261,32,229
E00187791,518,102,416
E00187792,129,53,76
E00187793,152,23,129
E00187794,320,67,253
E00187795,317,99,218
E00187796,731,645,86
E00187797,135,34,101
E00187798,152,40,112
E00187799,274,82,192
E00187800,405,76,329
E00187801,393,83,310
E00187802,148,18,130
E00187803,431,78,353
E00187804,199,66,133
E00187805,484,288,196
E00187806,582,192,390
E00187807,210,143,67
E00187808,371,76,295
E00187809,436,118,318
E00187810,99,20,79
E00187811,239,69,170
E00187812,442,84,358
E00187813,361,55,306
E00187814,414,131,283
E00187815,438,125,313
E00187816,337,80,257
E00187817,244,28,216
E00187818,164,36,128
E00187819,175,29,146
E00187820,347,97,250
E00187821,317,69,248
E00187822,114,29,85
E00187823,154,44,110
E00187824,464,160,304
E00187825,151,42,109
E00187826,476,126,350
E00187827,111,32,79
E00187828,379,81,298
E00187829,344,109,235
E00187830,286,66,220
E00187831,135,13,122
E00187832,319,56,263
E00187833,429,84,345
E00187834,179,126,53
E00187835,125,41,84
E00187836,275,62,213
E00187837,292,69,223
E00187838,187,24,163
E00187839,531,144,387
E00187840,532,155,377
E00187841,356,95,261
E00187842,576,414,162
E00187843,228,39,189
E00187844,333,103,230
E00187845,295,52,243
E00187846,192,35,157
E00187847,114,21,93
E00187848,187,65,122
E00187849,110,15,95
E00187850,391,123,268
E00187851,491,90,401
E00187852,193,43,150
E00187853,366,60,306
E00187854,116,24,92
E00187855,137,16,121
E00187856,360,54,306
E00187857,255,26,229
E00187858,277,51,226
E00187859,225,23,202
E00187860,239,46,193
E00187861,386,114,272
E00187862,361,56,305
E00187863,292,44,248
E00187864,228,23,205
E00187865,529,82,447
E00187866,385,38,347
E00187867,298,34,264
E00187868,211,30,181
E00187869,277,19,258
E00187870,240,30,210
E00187871,310,72,238
E00187872,166,28,138
E00187873,342,27,315
E00187874,486,159,327
E00187875,301,43,258
E00187876,318,68,250
E00187877,491,99,392
E00187878,354,62,292
E00187879,106,18,88
E00187880,345,97,248
E00187881,173,15,158
E00187882,281,50,231
E00187883,192,47,145
E00187884,316,63,253
E00187885,121,29,92
E00187886,419,79,340
E00187887,344,96,248
E00187888,342,72,270
E00187889,110,36,74
E00187890,121,26,95
E00187891,310,85,225
E00187892,252,26,226
E00187893,235,64,171
E00187894,285,71,214
E00187895,138,43,95
E00187896,300,22,278
E00187897,362,112,250
E00187898,401,44,357
E00187899,332,50,282
E00187900,133,4,129
E00187901,520,93,427
E00187902,181,36,145
E00187903,281,62,219
E00187904,277,57,220
E00187905,266,62,204
E00187906,361,86,275
E00187907,231,30,201
E00187908,375,89,286
E00187909,114,35,79
E00187910,402,124,278
E00187911,234,39,195
E00187912,99,20,79
E00187913,225,59,166
E00187914,214,37,177
E00187915,436,86,350
E00187916,190,27,163
E00187917,212,34,178
E00187918,412,70,342
E00187919,128,12,116
E00187920,292,54,238
E00187921,128,39,89
E00187922,320,56,264
E00187923,355,86,269
E00187924,363,54,309
E00187925,338,37,301
E00187926,121,14,107
E00187927,133,26,107
E00187928,362,109,253
E00187929,326,51,275
E00187930,155,42,113
E00187931,159,21,138
E00187932,178,42,136
E00187933,169,32,137
E00187934,205,22,183
E00187935,94,11,83
E00187936,290,25,265
E00187937,529,124,405
E00187938,167,41,126
E00187939,557,147,410
E00187940,620,18,602
E00187941,417,91,326
E00187942,385,59,326
E00187943,598,153,445
E00187944,110,11,99
E00187945,155,0,155
E00187946,262,40,222
E00187947,280,67,213
E00187948,258,52,206
E00187949,304,78,226
E00187950,355,80,275
E00187951,126,35,91
E00187952,479,106,373
E00187953,148,20,128
E00187954,369,82,287
E00187955,148,35,113
E00187956,524,119,405
E00187957,111,23,88
E00187958,511,219,292
E00187959,415,116,299
E00187960,274,69,205
E00187961,113,14,99
E00187962,293,51,242
E00187963,671,523,148
E00187964,262,57,205
E00187965,531,136,395
E00187966,254,27,227
E00187967,152,15,137
E00187968,542,107,435
E00187969,138,18,120
E00187970,392,105,287
E00187971,126,25,101
E00187972,444,39,405
E00187973,244,45,199
E00187974,211,36,175
E00187975,345,75,270
E00187976,111,11,100
E00187977,462,89,373
E00187978,150,14,136
E00187979,143,26,117
E00187980,366,58,308
E00187981,411,40,371
E00187982,278,36,242
E00187983,261,49,212
E00187984,174,28,146
E00187985,103,0,103
E00187986,282,53,229
E00187987,302,61,241
E00187988,278,59,219
E00187989,102,17,85
E00187990,137,35,102
E00187991,120,16,104
E00187992,282,44,238
E00187993,342,83,259
E00187994,137,13,124
E00187995,238,34,204
E00187996,151,31,120
E00187997,103,13,90
E00187998,330,44,286
E00187999,363,90,273
E00188000,223,49,174
E00188001,254,45,209
E00188002,300,43,257
E00188003,476,95,381
E00188004,164,10,154
E00188005,289,40,249
E00188006,368,65,303
E00188007,325,98,227
E00188008,156,33,123
E00188009,423,122,301
E00188010,206,36,170
E00188011,181,46,135
E00188012,279,50,229
E00188013,472,111,361
E00188014,243,26,217
E00188015,234,60,174
E00188016,521,97,424
E00188017,98,13,85
E00188018,1608,1409,199
E00188019,358,63,295
E00188020,376,68,308
E00188021,430,113,317
E00188022,299,53,246
E00188023,282,47,235
E00188024,290,53,237
E00188025,282,53,229
E00188026,264,67,197
E00188027,307,77,230
E00188028,308,85,223
E00188029,310,68,242
E00188030,402,151,251
E00188031,289,64,225
E00188032,228,36,192
E00188033,279,49,230
E00188034,378,101,277
E00188035,302,62,240
E00188036,246,68,178
E00188037,249,54,195
E00188038,292,43,249
E00188039,225,53,172
E00188040,288,74,214
E00188041,302,65,237
E00188042,167,89,78
E00188043,367,82,285
E00188044,277,94,183
E00188045,272,54,218
E00188046,205,30,175
E00188047,271,59,212
E00188048,403,102,301
E00188049,223,34,189
E00188050,226,26,200
E00188051,225,24,201
E00188052,290,37,253
E00188053,310,133,177
E00188054,335,106,229
E00188055,111,42,69
E00188056,330,100,230
E00188057,339,126,213
E00188058,351,105,246
E00188059,311,96,215
E00188060,314,82,232
E00188061,324,38,286
E00188062,282,53,229
E00188063,377,106,271
E00188064,742,673,69
E00188065,169,32,137
E00188066,212,59,153
E00188067,394,116,278
E00188068,315,66,249
E00188069,349,66,283
E00188070,290,57,233
E00188071,273,59,214
E00188072,287,46,241
E00188073,315,107,208
E00188074,309,84,225
E00188075,309,80,229
E00188076,253,58,195
E00188077,347,99,248
E00188078,266,217,49
E00188079,360,75,285
E00188080,199,17,182
E00188081,294,81,213
E00188082,289,50,239
E00188083,142,71,71
E00188084,164,89,75
E00188085,229,30,199
E00188086,333,59,274
E00188087,256,19,237
E00188088,244,56,188
E00188089,530,503,27
E00188090,195,39,156
E00188091,332,79,253
E00188092,305,67,238
E00188093,285,101,184
E00188094,217,19,198
E00188095,463,74,389
E00188096,257,42,215
E00188097,314,60,254
E00188098,272,77,195
E00188099,256,54,202
E00188100,322,88,234
E00188101,317,57,260
E00188102,230,36,194
E00188103,233,40,193
E00188104,241,40,201
E00188105,259,85,174
E00188106,224,41,183
E00188107,294,75,219
E00188108,229,45,184
E00188109,233,51,182
E00188110,265,60,205
E00188111,236,48,188
E00188112,313,55,258
E00188113,307,78,229
E00188114,309,91,218
E00188115,231,42,189
E00188116,222,49,173
E00188117,254,62,192
E00188118,223,29,194
E00188119,293,44,249
E00188120,362,91,271
E00188121,226,54,172
E00188122,330,58,272
E00188123,259,50,209
E00188124,348,73,275
E00188125,191,38,153
E00188126,305,34,271
E00188127,327,78,249
E00188128,269,65,204
E00188129,258,59,199
E00188130,278,48,230
E00188131,342,61,281
E00188132,259,48,211
E00188133,288,60,228
E00188134,293,59,234
E00188135,247,44,203
E00188136,304,74,230
E00188137,311,50,261
E00188138,272,46,226
E00188139,123,39,84
E00188140,287,75,212
E00188141,274,44,230
E00188142,236,39,197
E00188143,312,70,242
E00188144,294,65,229
E00188145,174,16,158
E00188146,255,56,199
E00188147,288,62,226
E00188148,348,112,236
E00188149,327,70,257
E00188150,199,35,164
E00188151,291,69,222
E00188152,337,124,213
E00188153,303,67,236
E00188154,270,44,226
E00188155,252,21,231
E00188156,285,100,185
E00188157,245,40,205
E00188158,300,48,252
E00188159,195,118,77
E00188160,294,74,220
E00188161,254,45,209
E00188162,267,81,186
E00188163,210,18,192
E00188164,230,59,171
E00188165,311,84,227
E00188166,139,24,115
E00188167,355,76,279
E00188168,248,23,225
E00188169,296,67,229
E00188170,329,38,291
E00188171,313,38,275
E00188172,314,40,274
E00188173,288,67,221
E00188174,328,54,274
E00188175,269,72,197
E00188176,244,35,209
E00188177,300,70,230
E00188178,288,60,228
E00188179,370,55,315
E00188180,420,101,319
E00188181,186,10,176
E00188182,285,48,237
E00188183,263,46,217
E00188184,300,57,243
E00188185,365,82,283
E00188186,128,15,113
E00188187,374,126,248
E00188188,295,69,226
E00188189,250,57,193
E00188190,258,48,210
E00188191,206,31,175
E00188192,249,46,203
E00188193,411,105,306
E00188194,293,64,229
E00188195,347,77,270
E00188196,301,93,208
E00188197,271,58,213
E00188198,232,52,180
E00188199,285,57,228
E00188200,320,68,252
E00188201,298,74,224
E00188202,263,56,207
E00188203,252,55,197
E00188204,297,84,213
E00188205,225,52,173
E00188206,289,77,212
E00188207,232,20,212
E00188208,290,53,237
E00188209,286,64,222
E00188210,177,15,162
E00188211,330,69,261
E00188212,304,88,216
E00188213,244,52,192
E00188214,313,74,239
E00188215,327,86,241
E00188216,354,47,307
E00188217,379,82,297
E00188218,340,86,254
E00188219,138,16,122
E00188220,375,109,266
E00188221,304,52,252
E00188222,374,82,292
E00188223,237,54,183
E00188224,366,44,322
E00188225,252,34,218
E00188226,195,40,155
E00188227,205,39,166
E00188228,405,82,323
E00188229,287,75,212
E00188230,221,59,162
E00188231,335,82,253
E00188232,247,46,201
E00188233,258,57,201
E00188234,317,78,239
E00188235,318,92,226
E00188236,357,73,284
E00188237,367,108,259
E00188238,274,43,231
E00188239,305,95,210
E00188240,327,91,236
E00188241,352,75,277
E00188242,232,38,194
E00188243,264,57,207
E00188244,332,50,282
E00188245,302,45,257
E00188246,432,103,329
E00188247,317,93,224
E00188248,332,61,271
E00188249,215,25,190
E00188250,318,45,273
E00188251,275,51,224
E00188252,108,8,100
E00188253,329,88,241
E00188254,301,14,287
E00188255,317,87,230
E00188256,301,61,240
E00188257,299,48,251
E00188258,226,41,185
E00188259,354,112,242
E00188260,281,48,233
E00188261,333,81,252
E00188262,270,80,190
E00188263,164,37,127
E00188264,445,131,314
E00188265,207,51,156
E00188266,204,48,156
E00188267,214,48,166
E00188268,378,101,277
E00188269,244,53,191
E00188270,303,85,218
E00188271,259,43,216
E00188272,423,141,282
E00188273,328,75,253
E00188274,321,85,236
E00188275,294,71,223
E00188276,255,58,197
E00188277,249,62,187
E00188278,227,51,176
E00188279,300,107,193
E00188280,228,46,182
E00188281,312,75,237
E00188282,463,269,194
E00188283,355,74,281
E00188284,240,49,191
E00188285,281,78,203
E00188286,251,45,206
E00188287,418,156,262
E00188288,363,71,292
E00188289,283,57,226
E00188290,210,50,160
E00188291,334,141,193
E00188292,367,112,255
E00188293,322,68,254
E00188294,290,45,245
E00188295,320,72,248
E00188296,369,96,273
E00188297,256,80,176
E00188298,286,55,231
E00188299,248,30,218
E00188300,345,105,240
E00188301,364,103,261
E00188302,340,54,286
E00188303,205,41,164
E00188304,283,57,226
E00188305,317,94,223
E00188306,222,25,197
E00188307,224,48,176
E00188308,290,26,264
E00188309,374,107,267
E00188310,354,122,232
E00188311,307,75,232
E00188312,299,38,261
E00188313,218,33,185
E00188314,245,43,202
E00188315,285,77,208
E00188316,321,76,245
E00188317,331,76,255
E00188318,309,68,241
E00188319,421,56,365
E00188320,171,35,136
E00188321,319,68,251
E00188322,242,54,188
E00188323,293,70,223
E00188324,333,87,246
E00188325,325,108,217
E00188326,298,79,219
E00188327,251,84,167
E00188328,194,44,150
E00188329,113,5,108
E00188330,297,54,243
E00188331,268,11,257
E00188332,314,90,224
E00188333,198,23,175
E00188334,433,78,355
E00188335,910,132,778
E00188336,355,63,292
E00188337,279,42,237
E00188338,487,112,375
E00188339,471,111,360
E00188340,457,113,344
E00188341,218,33,185
E00188342,269,54,215
E00188343,246,18,228
E00188344,159,30,129
E00188345,336,91,245
E00188346,371,80,291
E00188347,274,66,208
E00188348,178,46,132
E00188349,377,93,284
E00188350,309,71,238
E00188351,258,40,218
E00188352,203,35,168
E00188353,306,73,233
E00188354,291,47,244
E00188355,243,67,176
E00188356,386,81,305
E00188357,390,99,291
E00188358,283,64,219
E00188359,463,152,311
E00188360,308,71,237
E00188361,353,101,252
E00188362,374,71,303
E00188363,268,55,213
E00188364,296,77,219
E00188365,238,45,193
E00188366,262,58,204
E00188367,383,131,252
E00188368,295,81,214
E00188369,330,68,262
E00188370,223,29,194
E00188371,284,56,228
E00188372,293,46,247
E00188373,176,44,132
E00188374,262,40,222
E00188375,259,62,197
E00188376,290,43,247
E00188377,339,103,236
E00188378,180,26,154
E00188379,319,86,233
E00188380,311,73,238
E00188381,303,81,222
E00188382,288,64,224
E00188383,297,76,221
E00188384,332,105,227
E00188385,244,28,216
E00188386,293,86,207
E00188387,324,88,236
E00188388,273,16,257
E00188389,291,72,219
E00188390,287,64,223
E00188391,372,110,262
E00188392,201,36,165
E00188393,451,148,303
E00188394,289,69,220
E00188395,312,45,267
E00188396,276,49,227
E00188397,286,56,230
E00188398,156,22,134
E00188399,317,71,246
E00188400,341,117,224
E00188401,346,37,309
E00188402,1701,1550,151
E00188403,185,20,165
E00188404,293,51,242
E00188405,198,27,171
E00188406,495,76,419
E00188407,200,53,147
E00188408,215,45,170
E00188409,334,126,208
E00188410,290,35,255
E00188411,311,75,236
E00188412,289,56,233
E00188413,261,62,199
E00188414,269,79,190
E00188415,276,68,208
E00188416,373,114,259
E00188417,288,66,222
E00188418,198,26,172
E00188419,309,82,227
E00188420,255,52,203
E00188421,350,93,257
E00188422,172,16,156
E00188423,259,80,179
E00188424,370,96,274
E00188425,322,66,256
E00188426,320,80,240
E00188427,304,74,230
E00188428,162,6,156
E00188429,228,22,206
E00188430,323,82,241
E00188431,430,153,277
E00188432,184,47,137
E00188433,280,49,231
E00188434,283,55,228
E00188435,211,48,163
E00188436,316,72,244
E00188437,325,88,237
E00188438,173,19,154
E00188439,314,78,236
E00188440,263,48,215
E00188441,470,177,293
E00188442,206,51,155
E00188443,245,48,197
E00188444,317,58,259
E00188445,292,55,237
E00188446,285,38,247
E00188447,301,88,213
E00188448,323,90,233
E00188449,302,53,249
E00188450,290,60,230
E00188451,340,90,250
E00188452,399,146,253
E00188453,309,124,185
E00188454,510,210,300
E00188455,180,35,145
E00188456,427,153,274
E00188457,342,65,277
E00188458,225,42,183
E00188459,373,74,299
E00188460,389,123,266
E00188461,293,63,230
E00188462,409,103,306
E00188463,321,76,245
E00188464,119,7,112
E00188465,285,75,210
E00188466,303,60,243
E00188467,139,5,134
E00188468,330,96,234
E00188469,303,94,209
E00188470,256,39,217
E00188471,254,54,200
E00188472,241,48,193
E00188473,248,77,171
E00188474,334,65,269
E00188475,373,139,234
E00188476,339,104,235
E00188477,116,26,90
E00188478,462,218,244
E00188479,325,95,230
E00188480,319,96,223
E00188481,332,96,236
E00188482,310,60,250
E00188483,266,69,197
E00188484,215,20,195
E00188485,196,68,128
E00188486,305,59,246
E00188487,236,35,201
E00188488,390,132,258
E00188489,269,87,182
E00188490,327,62,265
E00188491,303,27,276
E00188492,293,68,225
E00188493,339,65,274
E00188494,268,56,212
E00188495,221,52,169
E00188496,384,88,296
E00188497,263,49,214
E00188498,303,77,226
E00188499,215,43,172
E00188500,273,48,225
E00188501,328,80,248
E00188502,290,70,220
E00188503,285,63,222
E00188504,234,40,194
E00188505,301,91,210
E00188506,150,7,143
E00188507,188,22,166
E00188508,288,64,224
E00188509,373,106,267
E00188510,458,190,268
E00188511,335,100,235
E00188512,254,42,212
E00188513,293,85,208
E00188514,305,113,192
E00188515,229,18,211
E00188516,319,81,238
E00188517,229,46,183
E00188518,288,58,230
E00188519,263,50,213
E00188520,441,137,304
E00188521,191,27,164
E00188522,307,89,218
E00188523,378,85,293
E00188524,363,82,281
E00188525,376,115,261
E00188526,303,65,238
E00188527,224,30,194
E00188528,177,53,124
E00188529,256,40,216
E00188530,316,96,220
E00188531,318,71,247
E00188532,227,21,206
E00188533,166,15,151
E00188534,336,67,269
E00188535,487,94,393
E00188536,377,98,279
E00188537,225,55,170
E00188538,255,40,215
E00188539,245,24,221
E00188540,343,77,266
E00188541,215,22,193
E00188542,326,62,264
E00188543,140,32,108
E00188544,221,56,165
E00188545,193,40,153
E00188546,535,108,427
E00188547,267,98,169
E00188548,125,21,104
E00188549,117,21,96
E00188550,256,69,187
E00188551,298,77,221
E00188552,270,50,220
E00188553,287,58,229
E00188554,324,91,233
E00188555,438,78,360
E00188556,432,86,346
E00188557,357,91,266
E00188558,214,25,189
E00188559,319,67,252
E00188560,364,58,306
E00188561,324,84,240
E00188562,282,68,214
E00188563,246,55,191
E00188564,338,114,224
E00188565,236,43,193
E00188566,286,36,250
E00188567,209,42,167
E00188568,162,46,116
E00188569,362,123,239
E00188570,326,91,235
E00188571,285,55,230
E00188572,284,80,204
E00188573,352,74,278
E00188574,313,39,274
E00188575,339,50,289
E00188576,194,21,173
E00188577,327,59,268
E00188578,218,42,176
E00188579,329,73,256
E00188580,120,28,92
E00188581,315,82,233
E00188582,289,54,235
E00188583,279,29,250
E00188584,446,68,378
E00188585,293,52,241
E00188586,232,31,201
E00188587,251,38,213
E00188588,361,72,289
E00188589,304,53,251
E00188590,299,51,248
E00188591,352,82,270
E00188592,154,5,149
E00188593,355,74,281
E00188594,318,25,293
E00188595,217,44,173
E00188596,388,86,302
E00188597,232,1,231
E00188598,505,139,366
E00188599,193,9,184
E00188600,167,26,141
E00188601,231,40,191
E00188602,275,91,184
E00188603,313,55,258
E00188604,239,40,199
E00188605,281,50,231
E00188606,268,30,238
E00188607,256,31,225
E00188608,288,55,233
E00188609,230,29,201
E00188610,340,75,265
E00188611,251,63,188
E00188612,308,67,241
E00188613,268,52,216
E00188614,269,58,211
E00188615,258,48,210
E00188616,278,43,235
E00188617,297,60,237
E00188618,329,74,255
E00188619,231,58,173
E00188620,178,27,151
E00188621,226,29,197
E00188622,157,12,145
E00188623,273,54,219
E00188624,239,37,202
E00188625,156,7,149
E00188626,372,88,284
E00188627,329,78,251
E00188628,219,31,188
E00188629,325,102,223
E00188630,399,115,284
E00188631,219,25,194
E00188632,242,25,217
E00188633,327,88,239
E00188634,295,56,239
E00188635,352,88,264
E00188636,181,15,166
E00188637,136,23,113
E00188638,225,15,210
E00188639,402,90,312
E00188640,188,4,184
E00188641,398,134,264
E00188642,201,18,183
E00188643,297,101,196
E00188644,303,17,286
E00188645,286,72,214
E00188646,308,61,247
E00188647,315,89,226
E00188648,327,64,263
E00188649,249,33,216
E00188650,239,23,216
E00188651,275,46,229
E00188652,244,33,211
E00188653,330,88,242
E00188654,192,18,174
E00188655,218,38,180
E00188656,246,65,181
E00188657,225,22,203
E00188658,296,79,217
E00188659,281,47,234
E00188660,314,57,257
E00188661,284,66,218
E00188662,360,62,298
E00188663,309,85,224
E00188664,271,44,227
E00188665,294,72,222
E00188666,299,66,233
E00188667,467,237,230
E00188668,286,60,226
E00188669,310,70,240
E00188670,296,54,242
E00188671,329,76,253
E00188672,198,19,179
E00188673,244,27,217
E00188674,322,84,238
E00188675,227,25,202
E00188676,355,79,276
E00188677,327,80,247
E00188678,259,34,225
E00188679,385,70,315
E00188680,356,75,281
E00188681,262,42,220
E00188682,328,40,288
E00188683,331,93,238
E00188684,227,28,199
E00188685,201,48,153
E00188686,346,54,292
E00188687,300,73,227
E00188688,225,21,204
E00188689,282,70,212
E00188690,359,107,252
E00188691,202,24,178
E00188692,323,94,229
E00188693,134,34,100
E00188694,281,36,245
E00188695,289,48,241
E00188696,267,49,218
E00188697,298,59,239
E00188698,334,64,270
E00188699,278,38,240
E00188700,301,82,219
E00188701,300,61,239
E00188702,225,19,206
E00188703,203,27,176
E00188704,214,26,188
E00188705,212,14,198
E00188706,194,19,175
E00188707,293,58,235
E00188708,268,42,226
E00188709,281,30,251
E00188710,270,53,217
E00188711,336,70,266
E00188712,274,67,207
E00188713,597,421,176
E00188714,330,68,262
E00188715,379,127,252
E00188716,308,75,233
E00188717,309,68,241
E00188718,242,43,199
E00188719,213,19,194
E00188720,278,66,212
E00188721,247,54,193
E00188722,220,39,181
E00188723,239,19,220
E00188724,468,96,372
E00188725,213,20,193
E00188726,332,65,267
E00188727,298,70,228
E00188728,237,52,185
E00188729,250,37,213
E00188730,908,734,174
E00188731,231,12,219
E00188732,225,19,206
E00188733,308,25,283
E00188734,383,90,293
E00188735,291,76,215
E00188736,249,27,222
E00188737,318,74,244
E00188738,206,14,192
E00188739,298,62,236
E00188740,274,37,237
E00188741,226,27,199
E00188742,293,60,233
E00188743,194,48,146
E00188744,261,64,197
E00188745,251,41,210
E00188746,313,74,239
E00188747,231,20,211
E00188748,173,27,146
E00188749,296,62,234
E00188750,305,77,228
E00188751,202,48,154
E00188752,428,127,301
E00188753,117,21,96
E00188754,320,44,276
E00188755,330,54,276
E00188756,474,62,412
E00188757,169,0,169
E00188758,222,19,203
E00188759,274,62,212
E00188760,217,26,191
E00188761,292,75,217
E00188762,184,12,172
E00188763,314,50,264
E00188764,294,76,218
E00188765,200,60,140
E00188766,231,37,194
E00188767,287,57,230
E00188768,214,18,196
E00188769,328,65,263
E00188770,293,44,249
E00188771,306,88,218
E00188772,235,40,195
E00188773,291,71,220
E00188774,98,22,76
E00188775,397,113,284
E00188776,264,49,215
E00188777,298,80,218
E00188778,281,74,207
E00188779,260,38,222
E00188780,285,77,208
E00188781,219,49,170
E00188782,200,36,164
E00188783,164,23,141
E00188784,243,42,201
E00188785,158,40,118
E00188786,134,7,127
E00188787,276,20,256
E00188788,304,63,241
E00188789,317,53,264
E00188790,302,63,239
E00188791,348,80,268
E00188792,310,62,248
E00188793,211,30,181
E00188794,306,51,255
E00188795,268,52,216
E00188796,271,50,221
E00188797,297,66,231
E00188798,259,39,220
E00188799,304,59,245
E00188800,376,86,290
E00188801,250,53,197
E00188802,366,98,268
E00188803,204,30,174
E00188804,261,63,198
E00188805,272,66,206
E00188806,239,44,195
E00188807,184,13,171
E00188808,254,42,212
E00188809,270,47,223
E00188810,293,70,223
E00188811,295,56,239
E00188812,324,72,252
E00188813,310,67,243
E00188814,285,52,233
E00188815,296,68,228
E00188816,191,3,188
E00188817,314,63,251
E00188818,257,41,216
E00188819,269,40,229
E00188820,275,64,211
E00188821,359,73,286
E00188822,218,28,190
E00188823,264,46,218
E00188824,260,21,239
E00188825,205,18,187
E00188826,376,114,262
E00188827,279,73,206
E00188828,277,44,233
E00188829,239,57,182
E00188830,263,33,230
E00188831,264,52,212
E00188832,346,88,258
E00188833,291,89,202
E00188834,290,68,222
E00188835,316,58,258
E00188836,524,332,192
E00188837,272,69,203
E00188838,307,96,211
E00188839,327,68,259
E00188840,242,51,191
E00188841,302,70,232
E00188842,292,53,239
E00188843,355,84,271
E00188844,219,37,182
E00188845,291,90,201
E00188846,307,53,254
E00188847,261,58,203
E00188848,151,28,123
E00188849,282,69,213
E00188850,231,20,211
E00188851,280,69,211
E00188852,304,55,249
E00188853,333,62,271
E00188854,268,86,182
E00188855,267,57,210
E00188856,219,36,183
E00188857,275,44,231
E00188858,271,51,220
E00188859,211,54,157
E00188860,305,65,240
E00188861,270,66,204
E00188862,284,54,230
E00188863,221,23,198
E00188864,241,38,203
E00188865,181,24,157
E00188866,376,111,265
E00188867,294,91,203
E00188868,279,60,219
E00188869,188,22,166
E00188870,193,30,163
E00188871,319,69,250
E00188872,335,60,275
E00188873,263,63,200
E00188874,301,63,238
E00188875,263,48,215
E00188876,290,53,237
E00188877,253,40,213
E00188878,179,31,148
E00188879,216,20,196
E00188880,257,59,198
E00188881,253,110,143
E00188882,310,63,247
E00188883,252,48,204
E00188884,339,69,270
E00188885,301,71,230
E00188886,273,54,219
E00188887,352,118,234
E00188888,310,108,202
E00188889,142,23,119
E00188890,346,98,248
E00188891,328,91,237
E00188892,449,131,318
E00188893,387,123,264
E00188894,290,60,230
E00188895,209,35,174
E00188896,290,58,232
E00188897,273,62,211
E00188898,260,81,179
E00188899,339,111,228
E00188900,279,37,242
E00188901,174,21,153
E00188902,290,71,219
E00188903,725,45,680
E00188904,298,56,242
E00188905,291,50,241
E00188906,322,93,229
E00188907,350,92,258
E00188908,341,75,266
E00188909,279,67,212
E00188910,510,406,104
E00188911,269,54,215
E00188912,187,28,159
E00188913,353,91,262
E00188914,288,53,235
E00188915,305,58,247
E00188916,289,85,204
E00188917,292,71,221
E00188918,336,86,250
E00188919,143,10,133
E00188920,243,67,176
E00188921,238,56,182
E00188922,284,95,189
E00188923,266,53,213
E00188924,253,94,159
E00188925,1051,27,1024
E00188926,281,69,212
E00188927,224,36,188
E00188928,325,106,219
E00188929,222,57,165
E00188930,140,26,114
E00188931,304,83,221
E00188932,126,43,83
E00188933,322,108,214
E00188934,286,67,219
E00188935,323,62,261
E00188936,315,83,232
E00188937,206,55,151
E00188938,296,54,242
E00188939,407,69,338
E00188940,311,40,271
E00188941,283,62,221
E00188942,330,54,276
E00188943,194,18,176
E00188944,236,24,212
E00188945,306,34,272
E00188946,439,100,339
E00188947,207,42,165
E00188948,354,81,273
E00188949,331,87,244
E00188950,259,35,224
E00188951,285,73,212
E00188952,329,73,256
E00188953,325,81,244
E00188954,234,35,199
E00188955,215,42,173
E00188956,390,98,292
E00188957,243,28,215
E00188958,232,31,201
E00188959,262,36,226
E00188960,291,72,219
E00188961,299,32,267
E00188962,256,41,215
E00188963,300,66,234
E00188964,310,69,241
E00188965,257,51,206
E00188966,273,51,222
E00188967,155,47,108
E00188968,291,62,229
E00188969,297,58,239
E00188970,283,65,218
E00188971,283,48,235
E00188972,276,53,223
E00188973,271,70,201
E00188974,380,105,275
E00188975,373,132,241
E00188976,366,78,288
E00188977,311,43,268
E00188978,299,65,234
E00188979,157,41,116
E00188980,278,65,213
E00188981,309,68,241
E00188982,142,5,137
E00188983,256,51,205
E00188984,330,64,266
E00188985,293,43,250
E00188986,284,66,218
E00188987,190,12,178
E00188988,277,48,229
E00188989,370,92,278
E00188990,293,91,202
E00188991,342,114,228
E00188992,279,72,207
E00188993,392,113,279
E00188994,367,94,273
E00188995,277,48,229
E00188996,282,45,237
E00188997,289,82,207
E00188998,328,72,256
E00188999,313,64,249
E00189000,972,836,136
E00189001,338,91,247
E00189002,301,60,241
E00189003,284,40,244
E00189004,381,119,262
E00189005,184,36,148
E00189006,389,107,282
E00189007,330,89,241
E00189008,265,65,200
E00189009,311,61,250
E00189010,278,59,219
E00189011,421,132,289
E00189012,254,31,223
E00189013,387,99,288
E00189014,218,42,176
E00189015,279,37,242
E00189016,324,80,244
E00189017,330,116,214
E00189018,324,52,272
E00189019,285,82,203
E00189020,306,99,207
E00189021,273,69,204
E00189022,303,57,246
E00189023,313,56,257
E00189024,225,60,165
E00189025,332,92,240
E00189026,258,48,210
E00189027,243,37,206
E00189028,284,65,219
E00189029,257,45,212
E00189030,333,97,236
E00189031,282,69,213
E00189032,119,17,102
E00189033,348,49,299
E00189034,119,21,98
E00189035,314,59,255
E00189036,303,89,214
E00189037,312,82,230
E00189038,474,234,240
E00189039,548,326,222
E00189040,299,74,225
E00189041,275,51,224
E00189042,265,31,234
E00189043,280,66,214
E00189044,244,54,190
E00189045,336,96,240
E00189046,223,47,176
E00189047,229,37,192
E00189048,260,63,197
E00189049,308,95,213
E00189050,332,96,236
E00189051,292,66,226
E00189052,275,33,242
E00189053,347,60,287
E00189054,256,53,203
E00189055,235,37,198
E00189056,398,87,311
E00189057,300,84,216
E00189058,257,64,193
E00189059,318,80,238
E00189060,336,60,276
E00189061,305,61,244
E00189062,310,81,229
E00189063,286,45,241
E00189064,299,72,227
E00189065,259,40,219
E00189066,271,48,223
E00189067,286,60,226
E00189068,328,104,224
E00189069,277,65,212
E00189070,355,125,230
E00189071,281,43,238
E00189072,293,56,237
E00189073,358,97,261
E00189074,426,42,384
E00189075,255,50,205
E00189076,303,76,227
E00189077,292,60,232
E00189078,234,32,202
E00189079,266,73,193
E00189080,235,40,195
E00189081,306,68,238
E00189082,247,52,195
E00189083,256,56,200
E00189084,254,35,219
E00189085,156,21,135
E00189086,307,75,232
E00189087,328,93,235
E00189088,277,54,223
E00189089,316,95,221
E00189090,247,43,204
E00189091,168,34,134
E00189092,338,88,250
E00189093,311,89,222
E00189094,275,69,206
E00189095,247,34,213
E00189096,246,67,179
E00189097,303,53,250
E00189098,337,78,259
E00189099,266,4,262
E00189100,250,37,213
E00189101,161,19,142
E00189102,322,70,252
E00189103,278,64,214
E00189104,296,65,231
E00189105,179,45,134
E00189106,228,29,199
E00189107,275,58,217
E00189108,330,66,264
E00189109,101,27,74
E00189110,293,62,231
E00189111,324,64,260
E00189112,323,89,234
E00189113,327,65,262
E00189114,342,77,265
E00189115,146,0,146
E00189116,198,55,143
E00189117,315,109,206
E00189118,284,70,214
E00189119,167,26,141
E00189120,271,49,222
E00189121,166,17,149
E00189122,497,127,370
E00189123,277,68,209
E00189124,327,92,235
E00189125,316,77,239
E00189126,368,109,259
E00189127,249,53,196
E00189128,264,45,219
E00189129,369,79,290
E00189130,300,45,255
E00189131,245,48,197
E00189132,226,69,157
E00189133,301,81,220
E00189134,317,71,246
E00189135,362,43,319
E00189136,280,75,205
E00189137,300,60,240
E00189138,290,69,221
E00189139,130,11,119
E00189140,292,61,231
E00189141,142,16,126
E00189142,326,92,234
E00189143,397,101,296
E00189144,331,108,223
E00189145,330,94,236
E00189146,356,87,269
E00189147,354,95,259
E00189148,326,76,250
E00189149,336,88,248
E00189150,255,45,210
E00189151,368,79,289
E00189152,229,55,174
E00189153,277,59,218
E00189154,350,89,261
E00189155,304,77,227
E00189156,340,58,282
E00189157,272,54,218
E00189158,308,112,196
E00189159,292,71,221
E00189160,288,67,221
E00189161,287,25,262
E00189162,342,98,244
E00189163,285,34,251
E00189164,408,138,270
E00189165,315,80,235
E00189166,276,31,245
E00189167,314,83,231
E00189168,308,37,271
E00189169,275,41,234
E00189170,346,84,262
E00189171,247,35,212
E00189172,279,59,220
E00189173,297,83,214
E00189174,332,56,276
E00189175,307,59,248
E00189176,550,425,125
E00189177,277,62,215
E00189178,341,81,260
E00189179,261,30,231
E00189180,303,80,223
E00189181,288,96,192
E00189182,281,49,232
E00189183,245,44,201
E00189184,293,47,246
E00189185,300,60,240
E00189186,335,86,249
E00189187,263,48,215
E00189188,453,120,333
E00189189,344,48,296
E00189190,280,36,244
E00189191,330,71,259
E00189192,389,114,275
E00189193,316,69,247
E00189194,345,86,259
E00189195,323,85,238
E00189196,455,90,365
E00189197,101,28,73
E00189198,471,96,375
E00189199,135,15,120
E00189200,254,37,217
E00189201,177,14,163
E00189202,211,18,193
E00189203,284,54,230
E00189204,391,90,301
E00189205,274,46,228
E00189206,215,26,189
E00189207,257,20,237
E00189208,282,60,222
E00189209,320,72,248
E00189210,340,76,264
E00189211,119,23,96
E00189212,277,45,232
E00189213,238,83,155
E00189214,293,85,208
E00189215,298,50,248
E00189216,161,28,133
E00189217,432,98,334
E00189218,320,43,277
E00189219,318,63,255
E00189220,159,15,144
E00189221,273,56,217
E00189222,321,72,249
E00189223,204,16,188
E00189224,989,898,91
E00189225,603,511,92
E00189226,352,332,20
E00189227,201,20,181
E00189228,335,74,261
E00189229,418,98,320
E00189230,183,25,158
E00189231,296,76,220
E00189232,313,75,238
E00189233,252,42,210
E00189234,354,100,254
E00189235,272,92,180
E00189236,275,51,224
E00189237,216,62,154
E00189238,295,61,234
E00189239,188,17,171
E00189240,300,58,242
E00189241,297,48,249
E00189242,316,76,240
E00189243,317,87,230
E00189244,188,35,153
E00189245,299,35,264
E00189246,335,62,273
E00189247,223,32,191
E00189248,284,54,230
E00189249,169,0,169
E00189250,346,82,264
E00189251,322,64,258
E00189252,257,43,214
E00189253,287,43,244
E00189254,331,73,258
E00189255,302,79,223
E00189256,361,101,260
E00189257,246,52,194
E00189258,288,74,214
E00189259,268,67,201
E00189260,340,79,261
E00189261,348,69,279
E00189262,251,60,191
E00189263,259,67,192
E00189264,222,37,185
E00189265,243,18,225
E00189266,257,53,204
E00189267,325,71,254
E00189268,104,19,85
E00189269,283,59,224
E00189270,164,17,147
E00189271,297,76,221
E00189272,287,81,206
E00189273,279,57,222
E00189274,344,79,265
E00189275,252,54,198
E00189276,290,61,229
E00189277,338,117,221
E00189278,329,88,241
E00189279,211,30,181
E00189280,273,48,225
E00189281,393,72,321
E00189282,133,33,100
E00189283,281,64,217
E00189284,274,67,207
E00189285,282,72,210
E00189286,199,3,196
E00189287,340,101,239
E00189288,252,70,182
E00189289,262,22,240
E00189290,299,91,208
E00189291,297,80,217
E00189292,114,37,77
E00189293,243,48,195
E00189294,242,53,189
E00189295,291,75,216
E00189296,346,102,244
E00189297,337,87,250
E00189298,359,71,288
E00189299,356,92,264
E00189300,323,68,255
E00189301,263,42,221
E00189302,223,35,188
E00189303,262,39,223
E00189304,291,56,235
E00189305,316,86,230
E00189306,248,62,186
E00189307,274,72,202
E00189308,426,131,295
E00189309,140,25,115
E00189310,328,43,285
E00189311,323,68,255
E00189312,406,115,291
E00189313,433,85,348
E00189314,263,55,208
E00189315,308,60,248
E00189316,812,737,75
E00189317,230,32,198
E00189318,379,52,327
E00189319,446,99,347
E00189320,307,104,203
E00189321,234,33,201
E00189322,433,107,326
E00189323,247,45,202
E00189324,303,49,254
E00189325,255,19,236
E00189326,236,29,207
E00189327,267,28,239
E00189328,280,23,257
E00189329,232,39,193
E00189330,301,53,248
E00189331,285,65,220
E00189332,293,73,220
E00189333,309,89,220
E00189334,193,23,170
E00189335,110,23,87
E00189336,182,48,134
E00189337,275,62,213
E00189338,289,68,221
E00189339,236,21,215
E00189340,216,32,184
E00189341,197,15,182
E00189342,326,84,242
E00189343,270,35,235
E00189344,299,41,258
E00189345,303,62,241
E00189346,311,69,242
E00189347,235,62,173
E00189348,276,38,238
E00189349,274,61,213
E00189350,271,77,194
E00189351,354,94,260
E00189352,310,68,242
E00189353,198,28,170
E00189354,264,43,221
E00189355,284,50,234
E00189356,383,101,282
E00189357,341,70,271
E00189358,289,57,232
E00189359,208,29,179
E00189360,200,14,186
E00189361,327,69,258
E00189362,235,46,189
E00189363,316,66,250
E00189364,283,42,241
E00189365,315,76,239
E00189366,379,141,238
E00189367,222,18,204
E00189368,274,72,202
E00189369,303,73,230
E00189370,278,34,244
E00189371,292,121,171
E00189372,261,44,217
E00189373,296,52,244
E00189374,212,47,165
E00189375,195,21,174
E00189376,312,50,262
E00189377,205,11,194
E00189378,1086,47,1039
E00189379,244,50,194
E00189380,383,124,259
E00189381,216,9,207
E00189382,390,105,285
E00189383,258,22,236
E00189384,341,84,257
E00189385,260,38,222
E00189386,344,56,288
E00189387,163,38,125
E00189388,325,78,247
E00189389,168,14,154
E00189390,307,59,248
E00189391,421,57,364
E00189392,317,105,212
E00189393,260,36,224
E00189394,240,31,209
E00189395,372,112,260
E00189396,253,43,210
E00189397,269,37,232
E00189398,368,137,231
E00189399,206,29,177
E00189400,203,21,182
E00189401,226,46,180
E00189402,286,35,251
E00189403,171,20,151
E00189404,210,15,195
E00189405,193,47,146
E00189406,207,29,178
E00189407,180,27,153
E00189408,256,48,208
E00189409,269,71,198
E00189410,178,8,170
E00189411,182,14,168
E00189412,338,66,272
E00189413,225,38,187
E00189414,306,42,264
E00189415,190,12,178
E00189416,219,18,201
E00189417,252,52,200
E00189418,182,15,167
E00189419,279,25,254
E00189420,307,64,243
E00189421,241,33,208
E00189422,246,52,194
E00189423,139,7,132
E00189424,171,7,164
E00189425,161,12,149
E00189426,190,9,181
E00189427,284,49,235
E00189428,165,37,128
E00189429,270,65,205
E00189430,306,82,224
E00189431,283,68,215
E00189432,289,65,224
E00189433,421,149,272
E00189434,343,65,278
E00189435,365,114,251
E00189436,257,38,219
E00189437,388,65,323
E00189438,164,43,121
E00189439,133,34,99
E00189440,157,23,134
E00189441,228,40,188
E00189442,342,64,278
E00189443,414,78,336
E00189444,281,50,231
E00189445,210,24,186
E00189446,509,88,421
E00189447,358,63,295
E00189448,308,82,226
E00189449,249,55,194
E00189450,198,32,166
E00189451,247,59,188
E00189452,383,114,269
E00189453,242,60,182
E00189454,279,71,208
E00189455,174,16,158
E00189456,243,40,203
E00189457,175,12,163
E00189458,199,59,140
E00189459,257,55,202
E00189460,238,37,201
E00189461,156,9,147
E00189462,256,40,216
E00189463,308,76,232
E00189464,330,81,249
E00189465,268,55,213
E00189466,308,92,216
E00189467,378,120,258
E00189468,305,61,244
E00189469,305,94,211
E00189470,309,90,219
E00189471,259,85,174
E00189472,289,39,250
E00189473,273,55,218
E00189474,268,70,198
E00189475,350,100,250
E00189476,227,139,88
E00189477,425,172,253
E00189478,230,45,185
E00189479,317,67,250
E00189480,264,46,218
E00189481,283,40,243
E00189482,252,27,225
E00189483,345,102,243
E00189484,303,59,244
E00189485,236,31,205
E00189486,297,52,245
E00189487,216,49,167
E00189488,331,52,279
E00189489,251,48,203
E00189490,274,69,205
E00189491,334,70,264
E00189492,320,54,266
E00189493,246,33,213
E00189494,302,62,240
E00189495,255,44,211
E00189496,229,45,184
E00189497,260,44,216
E00189498,341,77,264
E00189499,251,49,202
E00189500,368,98,270
E00189501,332,47,285
E00189502,252,45,207
E00189503,253,55,198
E00189504,456,151,305
E00189505,259,55,204
E00189506,345,131,214
E00189507,319,63,256
E00189508,212,38,174
E00189509,327,69,258
E00189510,310,92,218
E00189511,434,179,255
E00189512,267,54,213
E00189513,285,54,231
E00189514,331,52,279
E00189515,255,82,173
E00189516,252,60,192
E00189517,251,61,190
E00189518,419,304,115
E00189519,293,62,231
E00189520,224,48,176
E00189521,351,74,277
E00189522,290,56,234
E00189523,296,81,215
E00189524,274,61,213
E00189525,236,71,165
E00189526,215,25,190
E00189527,233,36,197
E00189528,272,49,223
E00189529,239,66,173
E00189530,303,73,230
E00189531,528,37,491
E00189532,234,3,231
E00189533,294,74,220
E00189534,248,46,202
E00189535,342,56,286
E00189536,331,59,272
E00189537,175,8,167
E00189538,289,84,205
E00189539,311,83,228
E00189540,322,76,246
E00189541,261,63,198
E00189542,409,95,314
E00189543,303,75,228
E00189544,328,71,257
E00189545,242,52,190
E00189546,276,71,205
E00189547,252,67,185
E00189548,256,75,181
E00189549,292,87,205
E00189550,294,73,221
E00189551,344,194,150
E00189552,328,90,238
E00189553,292,84,208
E00189554,202,53,149
E00189555,231,43,188
E00189556,296,80,216
E00189557,619,493,126
E00189558,290,67,223
E00189559,265,30,235
E00189560,282,63,219
E00189561,333,90,243
E00189562,302,73,229
E00189563,196,62,134
E00189564,242,41,201
E00189565,416,115,301
E00189566,213,100,113
E00189567,331,61,270
E00189568,205,69,136
E00189569,239,33,206
E00189570,260,66,194
E00189571,262,52,210
E00189572,168,60,108
E00189573,342,96,246
E00189574,292,93,199
E00189575,239,32,207
E00189576,281,70,211
E00189577,220,33,187
E00189578,329,90,239
E00189579,372,122,250
E00189580,261,39,222
E00189581,366,65,301
E00189582,304,90,214
E00189583,293,31,262
E00189584,182,52,130
E00189585,261,46,215
E00189586,273,54,219
E00189587,338,59,279
E00189588,323,91,232
E00189589,370,130,240
E00189590,333,58,275
E00189591,402,87,315
E00189592,280,67,213
E00189593,305,81,224
E00189594,246,56,190
E00189595,234,53,181
E00189596,271,66,205
E00189597,318,62,256
E00189598,329,80,249
E00189599,381,177,204
E00189600,257,23,234
E00189601,264,59,205
E00189602,310,109,201
E00189603,443,128,315
E00189604,229,64,165
E00189605,281,72,209
E00189606,323,97,226
E00189607,271,89,182
E00189608,270,33,237
E00189609,231,35,196
E00189610,318,84,234
E00189611,353,78,275
E00189612,212,34,178
E00189613,268,57,211
E00189614,291,74,217
E00189615,285,57,228
E00189616,158,73,85
E00189617,169,42,127
E00189618,236,52,184
E00189619,289,49,240
E00189620,246,57,189
E00189621,420,93,327
E00189622,275,9,266
E00189623,292,54,238
E00189624,332,63,269
E00189625,340,95,245
E00189626,285,59,226
E00189627,423,92,331
E00189628,234,49,185
E00189629,249,46,203
E00189630,867,155,712
E00189631,306,70,236
E00189632,246,75,171
E00189633,320,49,271
E00189634,294,90,204
E00189635,309,89,220
E00189636,322,71,251
E00189637,257,60,197
E00189638,334,106,228
E00189639,328,89,239
E00189640,187,14,173
E00189641,193,45,148
E00189642,158,14,144
E00189643,287,74,213
E00189644,260,78,182
E00189645,241,33,208
E00189646,366,129,237
E00189647,265,56,209
E00189648,310,65,245
E00189649,299,59,240
E00189650,924,26,898
E00189651,220,20,200
E00189652,255,20,235
E00189653,274,47,227
E00189654,293,60,233
E00189655,283,57,226
E00189656,308,86,222
E00189657,294,51,243
E00189658,239,24,215
E00189659,144,13,131
E00189660,338,83,255
E00189661,105,11,94
E00189662,325,59,266
E00189663,179,17,162
E00189664,328,99,229
E00189665,252,38,214
E00189666,379,105,274
E00189667,378,93,285
E00189668,336,78,258
E00189669,198,12,186
E00189670,162,23,139
E00189671,283,69,214
E00189672,365,106,259
E00189673,221,17,204
E00189674,372,88,284
E00189675,269,77,192
E00189676,302,63,239
E00189677,225,6,219
E00189678,171,26,145
E00189679,312,66,246
E00189680,235,30,205
E00189681,276,58,218
E00189682,108,36,72
E00189683,237,41,196
E00189684,312,88,224
E00189685,156,9,147
E00189686,203,9,194
E00189687,326,70,256
E00189688,293,41,252
E00189689,324,79,245
E00189690,253,51,202
E00189691,267,76,191
E00189692,282,57,225
E00189693,280,71,209
E00189694,237,63,174
E00189695,206,48,158
E00189696,814,624,190
E00189697,184,28,156
E00189698,173,36,137
E00189699,271,57,214
E00189700,260,65,195
E00189701,329,73,256
E00189702,251,27,224
E00189703,234,31,203
E00189704,248,12,236
E00189705,290,86,204
E00189706,365,69,296
E00189707,101,7,94
E00189708,334,89,245
E00189709,319,99,220
E00189710,331,43,288
E00189711,197,31,166
E00189712,274,62,212
E00189713,282,83,199
E00189714,115,11,104
E00189715,300,86,214
E00189716,250,90,160
E00189717,255,65,190
E00189718,294,44,250
E00189719,279,55,224
E00189720,296,62,234
E00189721,135,30,105
E00189722,199,43,156
E00189723,303,93,210
E00189724,186,28,158
E00189725,252,56,196
E00189726,326,94,232
E00189727,305,50,255
E00189728,310,65,245
E00189729,241,41,200
E00189730,240,63,177
E00189731,306,71,235
E00189732,307,93,214
E00189733,295,48,247
E00189734,388,216,172
E00189735,273,43,230
E00189736,186,24,162
E00189737,286,60,226
E00189738,281,27,254
E00189739,288,49,239
E00189740,320,49,271
E00189741,386,75,311
E00189742,350,94,256
E00189743,288,51,237
E00189744,365,80,285
E00189745,253,55,198
E00189746,311,91,220
E00189747,323,90,233
E00189748,251,54,197
E00189749,269,70,199
E00189750,320,98,222
E00189751,375,116,259
E00189752,332,88,244
E00189753,377,103,274
E00189754,241,73,168
E00189755,210,10,200
E00189756,295,58,237
E00189757,246,52,194
E00189758,355,92,263
E00189759,297,58,239
E00189760,249,38,211
E00189761,379,115,264
E00189762,304,83,221
E00189763,134,28,106
E00189764,249,32,217
E00189765,324,76,248
E00189766,347,62,285
E00189767,251,52,199
E00189768,306,91,215
E00189769,238,59,179
E00189770,345,110,235
E00189771,265,50,215
E00189772,235,32,203
E00189773,248,26,222
E00189774,306,80,226
E00189775,255,40,215
E00189776,174,43,131
E00189777,285,65,220
E00189778,401,111,290
E00189779,287,66,221
E00189780,226,24,202
E00189781,228,48,180
E00189782,121,22,99
E00189783,146,18,128
E00189784,319,85,234
E00189785,303,92,211
E00189786,304,45,259
E00189787,176,32,144
E00189788,126,22,104
E00189789,292,55,237
E00189790,249,16,233
E00189791,142,24,118
E00189792,254,25,229
E00189793,180,27,153
E00189794,315,93,222
E00189795,946,64,882
E00189796,378,70,308
E00189797,487,101,386
E00189798,567,102,465
E00189799,667,76,591
E00189800,328,61,267
E00189801,230,9,221
E00189802,207,20,187
E00189803,343,45,298
E00189804,390,67,323
E00189805,414,61,353
E00189806,257,36,221
E00189807,326,62,264
E00189808,296,30,266
E00189809,436,116,320
E00189810,277,56,221
E00189811,165,24,141
E00189812,212,38,174
E00189813,150,20,130
E00189814,484,104,380
E00189815,269,46,223
E00189816,214,65,149
E00189817,128,44,84
E00189818,97,17,80
E00189819,513,42,471
E00189820,455,119,336
E00189821,214,51,163
E00189822,294,32,262
E00189823,126,10,116
E00189824,342,49,293
E00189825,286,73,213
E00189826,88,20,68
E00189827,369,90,279
E00189828,514,99,415
E00189829,314,58,256
E00189830,531,166,365
E00189831,368,51,317
E00189832,366,100,266
E00189833,266,64,202
E00189834,99,3,96
E00189835,453,42,411
E00189836,426,110,316
E00189837,348,49,299
E00189838,312,39,273
E00189839,346,83,263
E00189840,263,23,240
E00189841,289,77,212
E00189842,257,29,228
E00189843,280,73,207
E00189844,1488,1126,362
E00189845,309,76,233
E00189846,164,49,115
E00189847,443,76,367
E00189848,179,19,160
E00189849,378,57,321
E00189850,203,31,172
E00189851,276,57,219
E00189852,372,58,314
E00189853,262,42,220
E00189854,101,12,89
E00189855,277,65,212
E00189856,455,43,412
E00189857,531,94,437
E00189858,225,65,160
E00189859,240,39,201
E00189860,361,58,303
E00189861,129,19,110
E00189862,186,66,120
E00189863,409,135,274
E00189864,99,7,92
E00189865,338,35,303
E00189866,346,27,319
E00189867,257,50,207
E00189868,273,92,181
E00189869,557,122,435
E00189870,181,45,136
E00189871,209,23,186
E00189872,366,56,310
E00189873,346,90,256
E00189874,111,26,85
E00189875,393,99,294
E00189876,101,6,95
E00189877,428,99,329
E00189878,555,130,425
E00189879,146,26,120
E00189880,132,8,124
E00189881,150,36,114
E00189882,427,109,318
E00189883,231,45,186
E00189884,446,108,338
E00189885,555,99,456
E00189886,287,30,257
E00189887,156,33,123
E00189888,455,82,373
E00189889,213,57,156
E00189890,542,173,369
E00189891,128,10,118
E00189892,484,105,379
E00189893,266,50,216
E00189894,117,19,98
E00189895,400,70,330
E00189896,504,121,383
E00189897,337,94,243
E00189898,107,9,98
E00189899,176,31,145
E00189900,341,85,256
E00189901,303,69,234
E00189902,382,81,301
E00189903,185,10,175
E00189904,288,12,276
E00189905,462,33,429
E00189906,332,62,270
E00189907,106,6,100
E00189908,459,141,318
E00189909,406,101,305
E00189910,225,26,199
E00189911,107,16,91
E00189912,460,119,341
E00189913,276,55,221
E00189914,113,37,76
E00189915,116,30,86
E00189916,234,29,205
E00189917,129,3,126
E00189918,236,17,219
E00189919,328,37,291
E00189920,294,26,268
E00189921,346,49,297
E00189922,231,43,188
E00189923,319,83,236
E00189924,1696,1581,115
E00189925,807,621,186
E00189926,202,36,166
E00189927,246,24,222
E00189928,222,37,185
E00189929,336,95,241
E00189930,361,96,265
E00189931,393,100,293
E00189932,386,124,262
E00189933,278,48,230
E00189934,921,837,84
E00189935,324,59,265
E00189936,607,557,50
E00189937,356,126,230
E00189938,307,106,201
E00189939,259,53,206
E00189940,275,57,218
E00189941,180,36,144
E00189942,102,35,67
E00189943,231,28,203
E00189944,461,190,271
E00189945,215,43,172
E00189946,196,21,175
E00189947,128,27,101
E00189948,396,74,322
E00189949,236,22,214
E00189950,222,8,214
E00189951,186,17,169
E00189952,350,92,258
E00189953,205,30,175
E00189954,290,65,225
E00189955,302,66,236
E00189956,301,75,226
E00189957,308,101,207
E00189958,286,77,209
E00189959,350,95,255
E00189960,341,72,269
E00189961,971,905,66
E00189962,198,172,26
E00189963,197,32,165
E00189964,400,174,226
E00189965,159,26,133
E00189966,218,32,186
E00189967,263,61,202
E00189968,335,71,264
E00189969,931,819,112
E00189970,198,28,170
E00189971,1173,1081,92
E00189972,179,27,152
E00189973,302,76,226
E00189974,204,128,76
E00189975,243,51,192
E00189976,258,126,132
E00189977,250,73,177
E00189978,246,80,166
E00189979,317,66,251
E00189980,105,10,95
E00189981,298,28,270
E00189982,273,41,232
E00189983,303,255,48
E00189984,388,168,220
E00189985,176,60,116
E00189986,347,192,155
E00189987,313,99,214
E00189988,199,92,107
E00189989,299,172,127
E00189990,300,83,217
E00189991,340,88,252
E00189992,320,99,221
E00189993,247,52,195
E00189994,258,38,220
E00189995,263,39,224
E00189996,734,642,92
E00189997,229,34,195
E00189998,283,79,204
E00189999,272,47,225
E00190000,288,68,220
E00190001,319,77,242
E00190002,238,28,210
E00190003,298,84,214
E00190004,959,938,21
E00190005,362,127,235
E00190006,298,58,240
E00190007,286,63,223
E00190008,294,82,212
E00190009,281,53,228
E00190010,194,64,130
E00190011,542,455,87
E00190012,284,38,246
E00190013,221,39,182
E00190014,476,96,380
E00190015,264,27,237
E00190016,299,82,217
E00190017,356,101,255
E00190018,235,58,177
E00190019,285,61,224
E00190020,231,46,185
E00190021,283,55,228
E00190022,326,55,271
E00190023,288,51,237
E00190024,235,72,163
E00190025,281,74,207
E00190026,189,15,174
E00190027,242,48,194
E00190028,282,62,220
E00190029,160,24,136
E00190030,356,59,297
E00190031,163,11,152
E00190032,283,72,211
E00190033,321,99,222
E00190034,301,62,239
E00190035,241,27,214
E00190036,274,53,221
E00190037,293,57,236
E00190038,286,59,227
E00190039,278,34,244
E00190040,303,71,232
E00190041,262,38,224
E00190042,320,77,243
E00190043,291,21,270
E00190044,1510,41,1469
E00190045,204,54,150
E00190046,192,36,156
E00190047,329,68,261
E00190048,266,46,220
E00190049,232,45,187
E00190050,346,88,258
E00190051,268,59,209
E00190052,225,33,192
E00190053,259,62,197
E00190054,288,46,242
E00190055,350,65,285
E00190056,315,84,231
E00190057,367,46,321
E00190058,208,11,197
E00190059,278,35,243
E00190060,226,40,186
E00190061,306,71,235
E00190062,400,96,304
E00190063,254,58,196
E00190064,234,30,204
E00190065,353,93,260
E00190066,340,63,277
E00190067,295,62,233
E00190068,288,45,243
E00190069,218,36,182
E00190070,234,44,190
E00190071,367,76,291
E00190072,350,103,247
E00190073,168,22,146
E00190074,315,72,243
E00190075,313,65,248
E00190076,300,61,239
E00190077,349,92,257
E00190078,242,37,205
E00190079,282,74,208
E00190080,196,29,167
E00190081,266,76,190
E00190082,247,16,231
E00190083,279,65,214
E00190084,280,60,220
E00190085,346,90,256
E00190086,279,28,251
E00190087,260,42,218
E00190088,276,68,208
E00190089,301,66,235
E00190090,233,52,181
E00190091,358,71,287
E00190092,186,40,146
E00190093,229,35,194
E00190094,290,58,232
E00190095,269,49,220
E00190096,312,53,259
E00190097,238,41,197
E00190098,297,72,225
E00190099,277,53,224
E00190100,264,55,209
E00190101,274,47,227
E00190102,216,21,195
E00190103,301,44,257
E00190104,401,75,326
E00190105,203,32,171
E00190106,369,81,288
E00190107,251,41,210
E00190108,225,37,188
E00190109,327,53,274
E00190110,281,45,236
E00190111,235,32,203
E00190112,256,49,207
E00190113,308,70,238
E00190114,319,62,257
E00190115,286,51,235
E00190116,340,99,241
E00190117,304,49,255
E00190118,268,58,210
E00190119,311,56,255
E00190120,220,29,191
E00190121,257,47,210
E00190122,238,14,224
E00190123,210,56,154
E00190124,353,75,278
E00190125,246,44,202
E00190126,322,81,241
E00190127,321,63,258
E00190128,155,40,115
E00190129,314,87,227
E00190130,258,44,214
E00190131,291,87,204
E00190132,280,59,221
E00190133,344,66,278
E00190134,290,72,218
E00190135,107,18,89
E00190136,238,44,194
E00190137,307,61,246
E00190138,360,161,199
E00190139,272,43,229
E00190140,322,70,252
E00190141,230,33,197
E00190142,225,36,189
E00190143,232,47,185
E00190144,258,34,224
E00190145,283,32,251
E00190146,232,24,208
E00190147,304,59,245
E00190148,784,441,343
E00190149,268,51,217
E00190150,265,62,203
E00190151,236,35,201
E00190152,326,107,219
E00190153,230,19,211
E00190154,205,9,196
E00190155,333,95,238
E00190156,249,109,140
E00190157,352,95,257
E00190158,287,45,242
E00190159,306,63,243
E00190160,194,36,158
E00190161,274,186,88
E00190162,312,46,266
E00190163,276,53,223
E00190164,549,493,56
E00190165,302,78,224
E00190166,579,459,120
E00190167,283,65,218
E00190168,204,25,179
E00190169,294,92,202
E00190170,313,81,232
E00190171,307,65,242
E00190172,329,80,249
E00190173,252,40,212
E00190174,473,321,152
E00190175,297,59,238
E00190176,249,66,183
E00190177,176,69,107
E00190178,227,55,172
E00190179,189,49,140
E00190180,305,57,248
E00190181,237,56,181
E00190182,609,54,555
E00190183,294,63,231
E00190184,223,36,187
E00190185,394,140,254
E00190186,172,25,147
E00190187,192,12,180
E00190188,301,65,236
E00190189,321,65,256
E00190190,308,60,248
E00190191,334,65,269
E00190192,260,78,182
E00190193,301,65,236
E00190194,143,23,120
E00190195,269,75,194
E00190196,260,49,211
E00190197,286,37,249
E00190198,292,77,215
E00190199,315,34,281
E00190200,395,150,245
E00190201,335,83,252
E00190202,213,16,197
E00190203,226,21,205
E00190204,329,53,276
E00190205,845,786,59
E00190206,250,57,193
E00190207,307,33,274
E00190208,267,56,211
E00190209,299,94,205
E00190210,194,51,143
E00190211,317,72,245
E00190212,397,103,294
E00190213,268,39,229
E00190214,235,20,215
E00190215,250,64,186
E00190216,227,5,222
E00190217,220,46,174
E00190218,212,33,179
E00190219,789,560,229
E00190220,194,18,176
E00190221,225,33,192
E00190222,263,53,210
E00190223,277,41,236
E00190224,318,63,255
E00190225,127,35,92
E00190226,277,64,213
E00190227,109,6,103
E00190228,214,35,179
E00190229,370,102,268
E00190230,602,508,94
E00190231,256,45,211
E00190232,110,6,104
E00190233,323,80,243
E00190234,333,82,251
E00190235,362,91,271
E00190236,204,24,180
E00190237,547,485,62
E00190238,367,80,287
E00190239,204,20,184
E00190240,1112,1047,65
E00190241,241,38,203
E00190242,316,69,247
E00190243,297,71,226
E00190244,347,98,249
E00190245,183,20,163
E00190246,149,11,138
E00190247,236,24,212
E00190248,301,66,235
E00190249,233,27,206
E00190250,284,67,217
E00190251,231,30,201
E00190252,243,35,208
E00190253,288,42,246
E00190254,192,10,182
E00190255,218,24,194
E00190256,250,31,219
E00190257,499,327,172
E00190258,308,68,240
E00190259,311,52,259
E00190260,310,58,252
E00190261,340,49,291
E00190262,228,18,210
E00190263,315,94,221
E00190264,204,18,186
E00190265,130,21,109
E00190266,387,80,307
E00190267,348,83,265
E00190268,318,63,255
E00190269,167,50,117
E00190270,373,61,312
E00190271,181,13,168
E00190272,217,17,200
E00190273,305,59,246
E00190274,180,14,166
E00190275,207,40,167
E00190276,333,84,249
E00190277,316,93,223
E00190278,302,67,235
E00190279,324,59,265
E00190280,388,110,278
E00190281,213,22,191
E00190282,277,80,197
E00190283,254,45,209
E00190284,270,72,198
E00190285,308,93,215
E00190286,258,50,208
E00190287,282,66,216
E00190288,288,57,231
E00190289,160,16,144
E00190290,339,88,251
E00190291,106,4,102
E00190292,341,98,243
E00190293,266,60,206
E00190294,370,128,242
E00190295,229,37,192
E00190296,274,41,233
E00190297,236,26,210
E00190298,263,62,201
E00190299,218,71,147
E00190300,330,43,287
E00190301,136,59,77
E00190302,311,68,243
E00190303,266,60,206
E00190304,295,80,215
E00190305,246,44,202
E00190306,331,66,265
E00190307,222,15,207
E00190308,271,45,226
E00190309,291,25,266
E00190310,350,85,265
E00190311,265,38,227
E00190312,162,7,155
E00190313,325,66,259
E00190314,591,509,82
E00190315,319,74,245
E00190316,287,56,231
E00190317,447,341,106
E00190318,262,44,218
E00190319,310,84,226
E00190320,254,50,204
E00190321,166,33,133
E00190322,159,18,141
E00190323,310,64,246
E00190324,419,102,317
E00190325,379,57,322
E00190326,360,117,243
E00190327,194,24,170
E00190328,161,11,150
E00190329,343,70,273
E00190330,288,69,219
E00190331,184,13,171
E00190332,225,47,178
E00190333,205,13,192
E00190334,241,60,181
E00190335,354,83,271
E00190336,283,71,212
E00190337,124,7,117
E00190338,466,114,352
E00190339,297,62,235
E00190340,191,19,172
E00190341,175,26,149
E00190342,198,12,186
E00190343,277,67,210
E00190344,297,78,219
E00190345,132,7,125
E00190346,135,29,106
E00190347,118,15,103
E00190348,210,25,185
E00190349,249,13,236
E00190350,202,37,165
E00190351,279,134,145
E00190352,252,47,205
E00190353,299,47,252
E00190354,481,150,331
E00190355,191,67,124
E00190356,526,411,115
E00190357,566,301,265
E00190358,456,157,299
E00190359,283,45,238
E00190360,270,40,230
E00190361,488,101,387
E00190362,426,93,333
E00190363,143,28,115
E00190364,258,66,192
E00190365,224,67,157
E00190366,218,19,199
E00190367,356,74,282
E00190368,232,67,165
E00190369,299,80,219
E00190370,483,299,184
E00190371,377,98,279
E00190372,368,64,304
E00190373,173,23,150
E00190374,270,34,236
E00190375,480,168,312
E00190376,194,21,173
E00190377,261,36,225
E00190378,160,40,120
E00190379,314,56,258
E00190380,959,800,159
E00190381,216,37,179
E00190382,273,54,219
E00190383,202,67,135
E00190384,240,46,194
E00190385,215,33,182
E00190386,327,30,297
E00190387,246,22,224
E00190388,237,22,215
E00190389,216,25,191
E00190390,182,29,153
E00190391,212,34,178
E00190392,193,27,166
E00190393,267,33,234
E00190394,551,175,376
E00190395,346,90,256
E00190396,110,27,83
E00190397,313,83,230
E00190398,168,37,131
E00190399,240,62,178
E00190400,327,137,190
E00190401,311,36,275
E00190402,311,59,252
E00190403,284,54,230
E00190404,220,37,183
E00190405,197,23,174
E00190406,429,116,313
E00190407,223,18,205
E00190408,160,37,123
E00190409,442,98,344
E00190410,441,261,180
E00190411,345,61,284
E00190412,570,292,278
E00190413,189,50,139
E00190414,585,11,574
E00190415,176,28,148
E00190416,222,61,161
E00190417,277,63,214
E00190418,264,85,179
E00190419,300,69,231
E00190420,183,72,111
E00190421,215,45,170
E00190422,119,19,100
E00190423,259,68,191
E00190424,403,87,316
E00190425,422,234,188
E00190426,178,21,157
E00190427,207,70,137
E00190428,239,27,212
E00190429,263,13,250
E00190430,321,45,276
E00190431,196,29,167
E00190432,144,7,137
E00190433,222,19,203
E00190434,188,21,167
E00190435,224,55,169
E00190436,261,80,181
E00190437,355,22,333
E00190438,539,123,416
E00190439,292,108,184
E00190440,225,32,193
E00190441,221,95,126
E00190442,352,95,257
E00190443,320,69,251
E00190444,116,33,83
E00190445,144,12,132
E00190446,132,26,106
E00190447,263,41,222
E00190448,277,27,250
E00190449,253,34,219
E00190450,216,70,146
E00190451,271,50,221
E00190452,304,69,235
E00190453,165,32,133
E00190454,186,47,139
E00190455,265,97,168
E00190456,400,312,88
E00190457,240,44,196
E00190458,250,22,228
E00190459,220,104,116
E00190460,296,48,248
E00190461,136,19,117
E00190462,435,90,345
E00190463,502,79,423
E00190464,476,260,216
E00190465,286,86,200
E00190466,572,167,405
E00190467,383,105,278
E00190468,254,50,204
E00190469,314,108,206
E00190470,421,67,354
E00190471,2486,2202,284
E00190472,3570,3256,314
E00190473,364,54,310
E00190474,925,715,210
E00190475,269,39,230
E00190476,278,55,223
E00190477,276,70,206
E00190478,290,70,220
E00190479,226,73,153
E00190480,350,60,290
E00190481,241,51,190
E00190482,252,58,194
E00190483,262,32,230
E00190484,273,55,218
E00190485,285,81,204
E00190486,677,548,129
E00190487,263,29,234
E00190488,350,46,304
E00190489,291,55,236
E00190490,340,59,281
E00190491,397,99,298
E00190492,170,1,169
E00190493,249,34,215
E00190494,282,43,239
E00190495,186,21,165
E00190496,290,73,217
E00190497,280,42,238
E00190498,293,54,239
E00190499,335,98,237
E00190500,197,44,153
E00190501,332,75,257
E00190502,253,43,210
E00190503,283,38,245
E00190504,248,19,229
E00190505,245,50,195
E00190506,400,252,148
E00190507,178,23,155
E00190508,346,84,262
E00190509,236,91,145
E00190510,231,22,209
E00190511,255,34,221
E00190512,305,81,224
E00190513,177,37,140
E00190514,111,12,99
E00190515,327,73,254
E00190516,252,26,226
E00190517,576,427,149
E00190518,302,111,191
E00190519,290,61,229
E00190520,301,56,245
E00190521,138,44,94
E00190522,264,43,221
E00190523,311,64,247
E00190524,366,113,253
E00190525,980,739,241
E00190526,342,40,302
E00190527,417,129,288
E00190528,305,44,261
E00190529,282,40,242
E00190530,156,33,123
E00190531,641,456,185
E00190532,354,139,215
E00190533,599,450,149
E00190534,579,406,173
E00190535,292,74,218
E00190536,261,62,199
E00190537,480,302,178
E00190538,210,28,182
E00190539,584,469,115
E00190540,226,35,191
E00190541,226,14,212
E00190542,284,51,233
E00190543,253,25,228
E00190544,208,16,192
E00190545,307,68,239
E00190546,337,92,245
E00190547,243,18,225
E00190548,261,52,209
E00190549,560,56,504
E00190550,308,58,250
E00190551,246,57,189
E00190552,475,218,257
E00190553,407,120,287
E00190554,211,37,174
E00190555,323,69,254
E00190556,285,27,258
E00190557,726,588,138
E00190558,306,81,225
E00190559,517,290,227
E00190560,287,59,228
E00190561,207,43,164
E00190562,214,22,192
E00190563,107,19,88
E00190564,148,52,96
E00190565,204,32,172
E00190566,269,71,198
E00190567,282,40,242
E00190568,281,85,196
E00190569,328,83,245
E00190570,270,66,204
E00190571,263,85,178
E00190572,278,90,188
E00190573,270,48,222
E00190574,306,90,216
E00190575,313,54,259
E00190576,250,28,222
E00190577,305,66,239
E00190578,221,36,185
E00190579,262,59,203
E00190580,185,46,139
E00190581,347,71,276
E00190582,315,60,255
E00190583,248,44,204
E00190584,237,41,196
E00190585,299,72,227
E00190586,122,27,95
E00190587,257,48,209
E00190588,329,67,262
E00190589,267,44,223
E00190590,255,52,203
E00190591,262,50,212
E00190592,303,57,246
E00190593,277,75,202
E00190594,229,142,87
W00000001,349,60,289
W00000002,232,25,207
W00000003,350,62,288
W00000004,335,39,296
W00000005,447,90,357
W00000006,298,50,248
W00000008,241,43,198
W00000009,401,91,310
W00000010,284,13,271
W00000011,253,25,228
W00000012,284,43,241
W00000013,391,95,296
W00000014,240,66,174
W00000015,226,23,203
W00000016,195,24,171
W00000017,180,26,154
W00000018,207,40,167
W00000019,150,9,141
W00000020,194,33,161
W00000021,170,13,157
W00000022,289,46,243
W00000023,280,41,239
W00000024,366,62,304
W00000025,259,41,218
W00000026,267,40,227
W00000027,345,33,312
W00000028,283,35,248
W00000029,269,35,234
W00000030,371,77,294
W00000031,439,95,344
W00000032,198,32,166
W00000033,256,44,212
W00000034,260,47,213
W00000035,431,68,363
W00000036,253,49,204
W00000037,437,74,363
W00000038,416,64,352
W00000039,367,82,285
W00000040,278,38,240
W00000041,279,72,207
W00000042,185,20,165
W00000043,248,21,227
W00000044,481,72,409
W00000045,327,48,279
W00000046,275,36,239
W00000047,224,22,202
W00000048,256,39,217
W00000049,223,43,180
W00000050,200,19,181
W00000051,310,48,262
W00000052,267,54,213
W00000053,433,88,345
W00000054,259,51,208
W00000055,344,49,295
W00000056,313,74,239
W00000057,406,107,299
W00000058,258,35,223
W00000059,284,63,221
W00000060,245,35,210
W00000061,264,37,227
W00000062,375,76,299
W00000063,270,38,232
W00000064,234,44,190
W00000065,296,42,254
W00000066,269,52,217
W00000067,512,104,408
W00000068,400,84,316
W00000069,360,93,267
W00000070,397,75,322
W00000071,372,42,330
W00000072,245,27,218
W00000073,205,24,181
W00000074,184,35,149
W00000075,255,56,199
W00000076,250,47,203
W00000077,360,70,290
W00000078,267,56,211
W00000079,279,71,208
W00000080,340,133,207
W00000081,278,39,239
W00000082,374,75,299
W00000083,315,39,276
W00000084,127,13,114
W00000086,189,38,151
W00000087,171,19,152
W00000088,277,30,247
W00000090,150,36,114
W00000091,287,34,253
W00000092,173,11,162
W00000093,171,8,163
W00000094,264,23,241
W00000095,214,11,203
W00000096,205,25,180
W00000097,392,63,329
W00000098,306,59,247
W00000099,320,34,286
W00000100,250,24,226
W00000101,299,55,244
W00000102,292,36,256
W00000103,353,44,309
W00000104,272,55,217
W00000105,354,52,302
W00000106,290,41,249
W00000107,366,52,314
W00000108,464,75,389
W00000109,240,50,190
W00000110,314,39,275
W00000111,247,31,216
W00000112,275,64,211
W00000113,339,73,266
W00000114,348,78,270
W00000115,437,78,359
W00000116,378,114,264
W00000117,325,90,235
W00000118,284,50,234
W00000119,262,32,230
W00000120,355,59,296
W00000121,268,49,219
W00000122,307,59,248
W00000123,328,80,248
W00000124,417,76,341
W00000125,287,45,242
W00000126,438,86,352
W00000127,284,45,239
W00000128,267,58,209
W00000129,298,38,260
W00000130,166,13,153
W00000131,199,21,178
W00000132,303,53,250
W00000133,498,94,404
W00000134,317,65,252
W00000135,352,39,313
W00000136,298,64,234
W00000137,220,38,182
W00000138,286,53,233
W00000139,392,79,313
W00000140,403,72,331
W00000141,274,64,210
W00000142,292,44,248
W00000143,317,65,252
W00000144,262,47,215
W00000145,405,117,288
W00000146,264,54,210
W00000147,257,71,186
W00000148,164,11,153
W00000149,354,100,254
W00000150,322,44,278
W00000151,245,36,209
W00000152,274,76,198
W00000153,249,61,188
W00000154,259,74,185
W00000155,308,80,228
W00000156,235,39,196
W00000157,347,43,304
W00000158,316,44,272
W00000159,311,51,260
W00000160,265,38,227
W00000161,150,6,144
W00000162,255,63,192
W00000163,302,24,278
W00000164,173,22,151
W00000165,360,72,288
W00000166,242,46,196
W00000167,261,26,235
W00000168,259,48,211
W00000169,336,109,227
W00000170,232,39,193
W00000171,371,77,294
W00000172,503,115,388
W00000173,260,47,213
W00000174,249,30,219
W00000175,373,51,322
W00000176,288,54,234
W00000177,210,31,179
W00000178,334,51,283
W00000179,261,45,216
W00000180,253,47,206
W00000181,260,57,203
W00000182,248,43,205
W00000183,293,67,226
W00000184,267,47,220
W00000185,285,46,239
W00000186,248,58,190
W00000187,285,77,208
W00000188,176,21,155
W00000189,235,38,197
W00000190,186,25,161
W00000191,155,15,140
W00000192,348,62,286
W00000193,236,39,197
W00000194,337,44,293
W00000195,336,51,285
W00000196,302,43,259
W00000197,260,48,212
W00000198,318,52,266
W00000199,165,25,140
W00000200,303,39,264
W00000201,116,23,93
W00000202,304,27,277
W00000203,291,29,262
W00000204,181,23,158
W00000205,137,17,120
W00000206,252,29,223
W00000207,214,23,191
W00000208,385,121,264
W00000209,230,63,167
W00000210,494,183,311
W00000211,112,14,98
W00000212,242,49,193
W00000213,309,71,238
W00000214,327,69,258
W00000215,247,47,200
W00000216,274,40,234
W00000217,286,85,201
W00000218,238,47,191
W00000219,258,31,227
W00000220,364,100,264
W00000221,262,39,223
W00000222,247,30,217
W00000223,287,41,246
W00000224,254,36,218
W00000225,282,30,252
W00000226,309,47,262
W00000227,236,44,192
W00000228,244,43,201
W00000229,329,55,274
W00000230,279,38,241
W00000231,194,11,183
W00000232,218,26,192
W00000233,139,18,121
W00000234,116,7,109
W00000235,322,34,288
W00000236,270,39,231
W00000237,266,39,227
W00000238,256,50,206
W00000239,252,36,216
W00000240,169,31,138
W00000241,228,42,186
W00000242,218,38,180
W00000243,226,53,173
W00000244,240,43,197
W00000245,174,15,159
W00000246,274,28,246
W00000247,290,91,199
W00000248,155,18,137
W00000249,247,48,199
W00000250,134,15,119
W00000251,133,26,107
W00000252,159,35,124
W00000253,165,24,141
W00000254,181,25,156
W00000255,305,52,253
W00000256,237,36,201
W00000257,166,47,119
W00000258,477,90,387
W00000259,279,47,232
W00000260,269,53,216
W00000261,258,51,207
W00000262,320,57,263
W00000263,273,46,227
W00000264,249,41,208
W00000265,252,41,211
W00000266,265,55,210
W00000267,263,52,211
W00000268,223,54,169
W00000269,218,38,180
W00000270,283,53,230
W00000271,290,50,240
W00000272,213,34,179
W00000273,291,42,249
W00000274,179,26,153
W00000275,309,39,270
W00000276,328,86,242
W00000277,310,54,256
W00000278,253,47,206
W00000279,343,74,269
W00000280,299,109,190
W00000281,278,54,224
W00000282,231,47,184
W00000283,274,55,219
W00000284,205,29,176
W00000285,232,40,192
W00000286,283,29,254
W00000287,158,29,129
W00000288,153,25,128
W00000289,305,42,263
W00000290,280,52,228
W00000291,306,44,262
W00000292,280,26,254
W00000293,266,76,190
W00000294,244,41,203
W00000295,199,48,151
W00000296,240,41,199
W00000297,262,53,209
W00000298,325,67,258
W00000299,205,31,174
W00000300,228,22,206
W00000301,287,64,223
W00000302,369,85,284
W00000303,261,43,218
W00000304,334,53,281
W00000305,255,32,223
W00000306,282,27,255
W00000307,340,33,307
W00000308,230,38,192
W00000309,268,26,242
W00000310,294,31,263
W00000311,230,31,199
W00000312,401,101,300
W00000313,247,28,219
W00000314,311,50,261
W00000315,309,51,258
W00000316,281,40,241
W00000317,265,140,125
W00000318,365,207,158
W00000319,251,157,94
W00000322,340,88,252
W00000323,352,96,256
W00000324,319,62,257
W00000325,265,49,216
W00000326,288,59,229
W00000327,231,38,193
W00000328,321,92,229
W00000329,287,75,212
W00000330,566,177,389
W00000331,452,136,316
W00000332,273,73,200
W00000333,229,36,193
W00000334,272,53,219
W00000335,239,28,211
W00000336,234,39,195
W00000337,297,71,226
W00000338,271,40,231
W00000339,292,52,240
W00000340,262,22,240
W00000341,248,49,199
W00000342,251,32,219
W00000343,256,39,217
W00000344,229,33,196
W00000345,165,25,140
W00000346,308,52,256
W00000347,192,22,170
W00000348,365,35,330
W00000349,299,72,227
W00000350,179,17,162
W00000351,230,23,207
W00000352,221,39,182
W00000353,220,13,207
W00000354,281,68,213
W00000355,247,30,217
W00000356,224,20,204
W00000357,458,77,381
W00000358,271,47,224
W00000359,249,34,215
W00000360,263,31,232
W00000362,357,137,220
W00000363,285,53,232
W00000364,271,40,231
W00000365,299,70,229
W00000366,357,89,268
W00000367,324,69,255
W00000368,300,55,245
W00000369,284,51,233
W00000370,250,60,190
W00000371,273,54,219
W00000372,291,91,200
W00000373,256,96,160
W00000374,262,76,186
W00000375,271,63,208
W00000376,230,33,197
W00000377,251,36,215
W00000378,286,48,238
W00000379,311,63,248
W00000380,276,51,225
W00000381,234,40,194
W00000382,198,13,185
W00000383,302,46,256
W00000384,271,45,226
W00000385,173,19,154
W00000386,273,36,237
W00000387,256,30,226
W00000388,269,40,229
W00000389,235,52,183
W00000390,318,103,215
W00000391,205,40,165
W00000392,266,72,194
W00000393,312,174,138
W00000394,328,139,189
W00000395,367,181,186
W00000396,334,150,184
W00000397,262,124,138
W00000398,201,55,146
W00000399,292,44,248
W00000400,201,39,162
W00000401,220,37,183
W00000402,291,41,250
W00000403,121,10,111
W00000404,350,54,296
W00000406,324,41,283
W00000408,278,26,252
W00000409,336,51,285
W00000410,252,41,211
W00000411,226,27,199
W00000412,330,64,266
W00000413,164,30,134
W00000414,281,55,226
W00000415,283,39,244
W00000416,270,51,219
W00000417,231,31,200
W00000418,354,70,284
W00000419,373,48,325
W00000420,344,67,277
W00000421,328,55,273
W00000422,422,92,330
W00000423,256,42,214
W00000424,268,37,231
W00000425,290,29,261
W00000426,214,19,195
W00000427,219,19,200
W00000428,226,29,197
W00000429,216,18,198
W00000430,285,31,254
W00000431,295,48,247
W00000432,254,42,212
W00000433,247,30,217
W00000434,121,13,108
W00000435,325,59,266
W00000436,345,61,284
W00000437,288,76,212
W00000438,195,32,163
W00000439,267,60,207
W00000440,268,63,205
W00000441,292,65,227
W00000442,280,52,228
W00000443,304,66,238
W00000444,319,75,244
W00000445,278,58,220
W00000446,268,63,205
W00000447,324,65,259
W00000448,312,64,248
W00000449,332,61,271
W00000450,345,62,283
W00000451,291,63,228
W00000452,310,89,221
W00000453,369,76,293
W00000454,323,62,261
W00000455,320,68,252
W00000456,295,46,249
W00000457,288,42,246
W00000458,287,36,251
W00000459,319,59,260
W00000460,286,76,210
W00000461,169,27,142
W00000462,331,96,235
W00000463,268,59,209
W00000464,317,86,231
W00000465,291,79,212
W00000466,315,67,248
W00000467,301,82,219
W00000468,472,387,85
W00000469,365,205,160
W00000470,300,200,100
W00000472,303,196,107
W00000473,251,31,220
W00000474,277,27,250
W00000475,331,41,290
W00000476,347,45,302
W00000477,257,46,211
W00000478,216,27,189
W00000479,190,32,158
W00000480,274,55,219
W00000481,384,91,293
W00000482,371,63,308
W00000483,212,36,176
W00000484,203,19,184
W00000485,259,42,217
W00000486,231,64,167
W00000487,205,45,160
W00000488,274,34,240
W00000489,272,40,232
W00000490,305,77,228
W00000491,259,28,231
W00000492,301,57,244
W00000493,203,38,165
W00000494,292,49,243
W00000495,246,56,190
W00000496,337,83,254
W00000497,327,73,254
W00000498,282,94,188
W00000499,348,101,247
W00000500,289,37,252
W00000501,333,116,217
W00000502,531,125,406
W00000503,280,66,214
W00000504,286,88,198
W00000505,292,64,228
W00000506,302,33,269
W00000507,221,33,188
W00000508,408,88,320
W00000509,366,59,307
W00000510,150,18,132
W00000511,269,55,214
W00000512,286,50,236
W00000513,321,67,254
W00000514,241,33,208
W00000515,280,78,202
W00000516,283,50,233
W00000517,217,39,178
W00000518,273,35,238
W00000519,516,110,406
W00000520,350,73,277
W00000521,241,52,189
W00000522,278,36,242
W00000523,250,38,212
W00000524,421,60,361
W00000526,321,69,252
W00000527,239,32,207
W00000528,304,64,240
W00000529,263,64,199
W00000530,299,49,250
W00000531,280,51,229
W00000532,247,47,200
W00000533,266,49,217
W00000534,228,43,185
W00000535,292,43,249
W00000536,248,55,193
W00000537,372,121,251
W00000538,141,17,124
W00000539,276,16,260
W00000540,121,10,111
W00000541,258,19,239
W00000542,179,14,165
W00000543,193,23,170
W00000544,299,29,270
W00000545,231,35,196
W00000546,206,25,181
W00000549,269,38,231
W00000550,233,27,206
W00000551,315,38,277
W00000552,353,68,285
W00000553,240,36,204
W00000554,318,59,259
W00000555,227,27,200
W00000556,316,67,249
W00000557,296,61,235
W00000558,154,16,138
W00000559,225,26,199
W00000560,299,70,229
W00000561,272,56,216
W00000562,246,54,192
W00000563,284,57,227
W00000564,201,32,169
W00000565,161,12,149
W00000566,259,54,205
W00000567,177,18,159
W00000568,233,53,180
W00000569,376,110,266
W00000570,235,43,192
W00000571,272,46,226
W00000572,282,72,210
W00000573,318,58,260
W00000574,265,42,223
W00000575,230,14,216
W00000576,248,28,220
W00000577,262,41,221
W00000578,311,66,245
W00000579,364,77,287
W00000580,312,74,238
W00000581,335,61,274
W00000582,283,46,237
W00000583,299,52,247
W00000584,260,53,207
W00000585,341,71,270
W00000586,302,56,246
W00000587,280,44,236
W00000588,307,38,269
W00000589,215,21,194
W00000590,300,75,225
W00000591,289,44,245
W00000592,252,36,216
W00000593,266,63,203
W00000594,274,37,237
W00000595,337,70,267
W00000596,312,69,243
W00000597,249,43,206
W00000598,290,56,234
W00000599,298,71,227
W00000600,287,71,216
W00000601,280,44,236
W00000602,272,55,217
W00000603,253,50,203
W00000604,146,27,119
W00000605,214,43,171
W00000606,240,35,205
W00000607,229,31,198
W00000608,268,38,230
W00000609,202,16,186
W00000610,258,17,241
W00000611,268,50,218
W00000612,188,17,171
W00000613,305,39,266
W00000614,208,12,196
W00000615,260,56,204
W00000616,239,51,188
W00000617,234,42,192
W00000618,308,53,255
W00000619,268,36,232
W00000620,276,51,225
W00000621,290,74,216
W00000622,428,112,316
W00000623,248,33,215
W00000624,260,43,217
W00000625,327,50,277
W00000626,318,57,261
W00000627,337,58,279
W00000628,295,49,246
W00000629,219,3,216
W00000630,237,16,221
W00000631,210,21,189
W00000632,414,67,347
W00000633,374,97,277
W00000634,174,26,148
W00000635,258,16,242
W00000636,180,24,156
W00000637,261,38,223
W00000638,255,42,213
W00000639,210,21,189
W00000640,205,24,181
W00000641,246,40,206
W00000642,192,31,161
W00000643,296,41,255
W00000644,364,63,301
W00000645,292,59,233
W00000646,353,47,306
W00000647,302,39,263
W00000648,276,41,235
W00000649,368,77,291
W00000650,234,52,182
W00000651,244,38,206
W00000653,276,49,227
W00000655,231,52,179
W00000656,303,31,272
W00000657,336,76,260
W00000658,286,40,246
W00000659,310,43,267
W00000660,328,45,283
W00000661,327,40,287
W00000662,240,31,209
W00000663,262,24,238
W00000664,247,26,221
W00000665,131,17,114
W00000666,280,61,219
W00000667,306,50,256
W00000668,476,104,372
W00000669,291,64,227
W00000670,269,48,221
W00000671,276,38,238
W00000672,318,101,217
W00000673,392,82,310
W00000674,321,56,265
W00000675,286,54,232
W00000676,317,59,258
W00000677,316,77,239
W00000678,269,55,214
W00000679,253,50,203
W00000680,300,46,254
W00000681,252,52,200
W00000682,193,23,170
W00000683,258,43,215
W00000684,322,86,236
W00000685,366,69,297
W00000686,255,36,219
W00000687,227,16,211
W00000688,286,32,254
W00000689,193,22,171
W00000690,357,67,290
W00000691,212,24,188
W00000692,227,29,198
W00000693,358,93,265
W00000694,288,48,240
W00000695,325,98,227
W00000696,225,28,197
W00000697,238,21,217
W00000698,287,51,236
W00000699,303,42,261
W00000700,321,54,267
W00000701,245,20,225
W00000702,281,26,255
W00000703,214,27,187
W00000704,168,15,153
W00000705,254,31,223
W00000706,198,15,183
W00000707,232,30,202
W00000708,257,40,217
W00000709,220,32,188
W00000710,305,59,246
W00000711,245,36,209
W00000712,306,62,244
W00000713,191,19,172
W00000714,277,41,236
W00000715,349,80,269
W00000716,271,28,243
W00000717,320,34,286
W00000718,209,46,163
W00000719,242,31,211
W00000720,300,39,261
W00000721,200,17,183
W00000722,246,18,228
W00000723,229,17,212
W00000724,192,14,178
W00000725,235,18,217
W00000726,295,45,250
W00000727,255,27,228
W00000728,265,34,231
W00000729,381,71,310
W00000730,274,46,228
W00000731,361,78,283
W00000732,255,50,205
W00000733,270,32,238
W00000734,297,44,253
W00000735,294,41,253
W00000736,262,47,215
W00000737,233,37,196
W00000738,288,50,238
W00000739,209,43,166
W00000740,257,37,220
W00000741,340,60,280
W00000742,200,24,176
W00000743,330,62,268
W00000744,221,53,168
W00000745,286,35,251
W00000746,433,66,367
W00000747,332,75,257
W00000748,451,67,384
W00000749,386,89,297
W00000750,217,47,170
W00000752,227,15,212
W00000754,196,10,186
W00000756,189,9,180
W00000757,279,36,243
W00000758,457,66,391
W00000759,278,28,250
W00000760,203,14,189
W00000761,311,41,270
W00000762,213,24,189
W00000765,281,47,234
W00000766,330,84,246
W00000767,284,86,198
W00000768,281,68,213
W00000769,350,82,268
W00000770,320,55,265
W00000771,438,86,352
W00000772,260,40,220
W00000773,278,62,216
W00000774,224,30,194
W00000775,298,81,217
W00000776,397,93,304
W00000777,224,50,174
W00000778,297,52,245
W00000779,246,24,222
W00000780,268,44,224
W00000781,204,20,184
W00000782,342,39,303
W00000783,234,24,210
W00000784,165,14,151
W00000785,230,41,189
W00000786,260,21,239
W00000787,243,32,211
W00000788,237,31,206
W00000789,318,50,268
W00000790,243,18,225
W00000791,232,35,197
W00000792,211,11,200
W00000793,270,42,228
W00000794,277,51,226
W00000795,222,50,172
W00000796,253,47,206
W00000797,319,77,242
W00000798,338,56,282
W00000799,279,60,219
W00000800,546,133,413
W00000801,252,25,227
W00000802,323,89,234
W00000803,276,38,238
W00000804,371,70,301
W00000805,259,39,220
W00000806,261,41,220
W00000807,236,31,205
W00000808,253,21,232
W00000809,296,45,251
W00000810,246,44,202
W00000811,252,32,220
W00000812,239,30,209
W00000813,271,66,205
W00000814,391,97,294
W00000815,254,26,228
W00000816,276,36,240
W00000817,305,58,247
W00000818,229,34,195
W00000819,252,27,225
W00000820,228,27,201
W00000821,252,29,223
W00000822,230,22,208
W00000823,239,23,216
W00000824,225,31,194
W00000825,407,74,333
W00000826,241,24,217
W00000827,252,57,195
W00000828,226,7,219
W00000829,283,52,231
W00000830,239,38,201
W00000831,201,39,162
W00000832,227,16,211
W00000833,261,46,215
W00000834,289,52,237
W00000835,213,38,175
W00000836,220,30,190
W00000837,242,24,218
W00000838,260,43,217
W00000839,239,30,209
W00000840,278,29,249
W00000841,311,44,267
W00000842,307,42,265
W00000843,257,34,223
W00000844,256,34,222
W00000845,232,16,216
W00000846,349,25,324
W00000847,271,43,228
W00000848,259,19,240
W00000849,328,64,264
W00000850,342,49,293
W00000851,369,58,311
W00000852,321,46,275
W00000853,190,23,167
W00000854,446,60,386
W00000855,244,40,204
W00000856,234,29,205
W00000857,234,28,206
W00000858,205,21,184
W00000859,208,30,178
W00000860,264,46,218
W00000861,273,51,222
W00000862,256,47,209
W00000863,330,57,273
W00000864,296,64,232
W00000865,303,46,257
W00000866,285,40,245
W00000867,380,111,269
W00000868,264,30,234
W00000869,309,65,244
W00000870,314,71,243
W00000871,290,72,218
W00000872,389,142,247
W00000873,331,101,230
W00000874,278,42,236
W00000875,366,80,286
W00000876,494,84,410
W00000877,275,55,220
W00000878,288,42,246
W00000880,307,61,246
W00000881,299,48,251
W00000882,208,26,182
W00000883,311,74,237
W00000884,244,36,208
W00000885,253,33,220
W00000886,259,28,231
W00000887,275,27,248
W00000888,323,84,239
W00000889,296,63,233
W00000890,390,108,282
W00000891,275,43,232
W00000892,262,24,238
W00000893,331,87,244
W00000894,278,22,256
W00000895,229,32,197
W00000896,292,50,242
W00000897,220,26,194
W00000898,293,49,244
W00000899,224,26,198
W00000900,173,10,163
W00000901,226,45,181
W00000902,279,54,225
W00000903,343,77,266
W00000904,313,96,217
W00000905,301,60,241
W00000906,273,50,223
W00000907,348,69,279
W00000908,268,43,225
W00000909,272,47,225
W00000910,307,75,232
W00000911,268,42,226
W00000912,262,42,220
W00000913,338,40,298
W00000914,303,65,238
W00000915,267,26,241
W00000916,338,48,290
W00000917,323,72,251
W00000918,461,73,388
W00000919,293,64,229
W00000920,296,55,241
W00000921,286,65,221
W00000922,288,50,238
W00000923,206,35,171
W00000924,222,21,201
W00000925,237,18,219
W00000926,262,31,231
W00000927,310,81,229
W00000928,256,39,217
W00000929,248,26,222
W00000930,221,16,205
W00000931,255,47,208
W00000932,374,103,271
W00000933,266,44,222
W00000934,281,36,245
W00000935,245,35,210
W00000936,224,18,206
W00000937,231,11,220
W00000938,272,48,224
W00000939,265,39,226
W00000940,322,66,256
W00000941,286,51,235
W00000942,300,55,245
W00000943,335,91,244
W00000944,287,62,225
W00000945,314,57,257
W00000946,485,77,408
W00000947,308,52,256
W00000948,412,85,327
W00000949,291,54,237
W00000950,227,20,207
W00000951,291,66,225
W00000953,405,73,332
W00000954,220,13,207
W00000955,293,46,247
W00000956,259,74,185
W00000957,274,46,228
W00000958,233,53,180
W00000959,298,48,250
W00000960,352,26,326
W00000961,469,70,399
W00000962,304,49,255
W00000963,379,78,301
W00000964,385,64,321
W00000965,469,63,406
W00000966,259,47,212
W00000967,262,32,230
W00000968,248,14,234
W00000969,304,55,249
W00000970,289,49,240
W00000971,443,61,382
W00000972,312,53,259
W00000973,292,61,231
W00000974,381,77,304
W00000975,264,52,212
W00000976,324,71,253
W00000977,226,50,176
W00000978,359,30,329
W00000979,305,53,252
W00000980,105,13,92
W00000981,414,66,348
W00000982,203,18,185
W00000983,241,40,201
W00000984,301,67,234
W00000985,266,46,220
W00000986,413,75,338
W00000987,162,26,136
W00000988,274,31,243
W00000989,337,71,266
W00000990,192,37,155
W00000991,281,81,200
W00000992,206,20,186
W00000993,247,75,172
W00000994,266,62,204
W00000995,280,74,206
W00000996,259,48,211
W00000997,228,50,178
W00000998,204,12,192
W00000999,281,75,206
W00001000,273,49,224
W00001001,395,118,277
W00001002,325,69,256
W00001003,244,28,216
W00001004,315,7,308
W00001005,226,54,172
W00001006,273,52,221
W00001007,302,38,264
W00001008,334,66,268
W00001009,227,29,198
W00001010,354,58,296
W00001011,177,26,151
W00001012,379,43,336
W00001013,306,54,252
W00001014,192,39,153
W00001015,251,40,211
W00001016,210,40,170
W00001017,198,32,166
W00001018,262,56,206
W00001019,185,35,150
W00001020,252,62,190
W00001021,218,25,193
W00001022,183,16,167
W00001023,113,13,100
W00001024,250,45,205
W00001025,321,72,249
W00001026,219,49,170
W00001027,267,67,200
W00001028,298,45,253
W00001029,204,28,176
W00001030,215,44,171
W00001031,291,50,241
W00001032,292,40,252
W00001033,367,45,322
W00001034,229,44,185
W00001035,248,42,206
W00001036,247,37,210
W00001037,206,23,183
W00001038,336,42,294
W00001039,329,77,252
W00001040,226,31,195
W00001041,286,43,243
W00001042,372,77,295
W00001043,279,51,228
W00001044,344,88,256
W00001045,268,55,213
W00001046,409,111,298
W00001047,310,47,263
W00001048,332,57,275
W00001049,292,53,239
W00001050,353,70,283
W00001051,329,70,259
W00001052,265,31,234
W00001053,244,36,208
W00001054,238,35,203
W00001055,255,65,190
W00001056,171,23,148
W00001057,338,108,230
W00001058,328,83,245
W00001059,275,60,215
W00001060,203,39,164
W00001061,276,64,212
W00001062,227,31,196
W00001063,231,37,194
W00001064,308,42,266
W00001065,274,56,218
W00001066,282,35,247
W00001067,277,50,227
W00001068,329,64,265
W00001069,250,51,199
W00001070,266,34,232
W00001071,345,81,264
W00001072,294,37,257
W00001074,316,75,241
W00001075,240,52,188
W00001076,437,87,350
W00001077,301,43,258
W00001078,268,33,235
W00001079,311,43,268
W00001080,352,62,290
W00001081,263,39,224
W00001082,116,28,88
W00001083,278,35,243
W00001084,312,54,258
W00001085,360,54,306
W00001086,363,46,317
W00001087,316,46,270
W00001088,252,33,219
W00001089,253,44,209
W00001090,276,44,232
W00001091,304,35,269
W00001092,289,60,229
W00001093,294,54,240
W00001094,280,35,245
W00001095,291,43,248
W00001096,290,37,253
W00001097,334,56,278
W00001098,405,54,351
W00001099,311,54,257
W00001100,400,76,324
W00001101,391,83,308
W00001102,322,40,282
W00001103,212,26,186
W00001104,253,49,204
W00001105,348,82,266
W00001106,364,55,309
W00001107,316,66,250
W00001108,379,83,296
W00001109,269,40,229
W00001110,203,30,173
W00001111,407,67,340
W00001112,267,41,226
W00001113,220,37,183
W00001114,233,34,199
W00001115,317,89,228
W00001116,184,14,170
W00001117,204,10,194
W00001118,280,59,221
W00001119,358,42,316
W00001120,283,30,253
W00001121,242,35,207
W00001122,404,32,372
W00001123,451,76,375
W00001124,294,51,243
W00001125,238,43,195
W00001126,240,34,206
W00001127,221,27,194
W00001128,283,35,248
W00001129,311,62,249
W00001130,312,48,264
W00001131,306,49,257
W00001132,267,39,228
W00001133,363,64,299
W00001134,250,46,204
W00001135,208,30,178
W00001136,278,68,210
W00001137,235,51,184
W00001138,274,51,223
W00001139,294,46,248
W00001140,243,39,204
W00001141,286,65,221
W00001142,240,42,198
W00001143,322,57,265
W00001144,254,31,223
W00001145,207,23,184
W00001146,289,58,231
W00001147,298,45,253
W00001148,281,37,244
W00001149,239,44,195
W00001150,286,50,236
W00001151,257,28,229
W00001152,295,44,251
W00001153,190,40,150
W00001154,306,73,233
W00001155,259,32,227
W00001156,289,69,220
W00001157,257,41,216
W00001158,256,63,193
W00001159,299,83,216
W00001160,267,35,232
W00001161,273,30,243
W00001162,223,15,208
W00001163,205,7,198
W00001164,218,25,193
W00001166,275,68,207
W00001167,244,36,208
W00001168,216,10,206
W00001169,256,30,226
W00001170,239,36,203
W00001171,220,8,212
W00001172,227,15,212
W00001173,507,128,379
W00001174,250,30,220
W00001175,238,38,200
W00001176,314,56,258
W00001177,288,62,226
W00001178,232,28,204
W00001179,207,26,181
W00001180,234,38,196
W00001181,260,46,214
W00001182,244,33,211
W00001183,234,44,190
W00001184,204,43,161
W00001185,327,72,255
W00001186,201,32,169
W00001187,235,54,181
W00001188,181,15,166
W00001189,168,11,157
W00001190,237,31,206
W00001191,278,39,239
W00001192,218,22,196
W00001193,206,19,187
W00001194,271,69,202
W00001195,306,50,256
W00001196,231,19,212
W00001197,211,29,182
W00001198,314,48,266
W00001199,224,25,199
W00001200,207,57,150
W00001201,217,36,181
W00001202,335,44,291
W00001203,475,111,364
W00001204,416,60,356
W00001205,207,6,201
W00001206,217,20,197
W00001207,267,73,194
W00001208,215,27,188
W00001209,202,9,193
W00001210,223,20,203
W00001211,122,14,108
W00001212,539,76,463
W00001213,370,58,312
W00001214,298,67,231
W00001215,418,45,373
W00001216,280,40,240
W00001217,243,34,209
W00001218,218,13,205
W00001219,189,7,182
W00001220,280,44,236
W00001221,245,40,205
W00001222,253,54,199
W00001223,298,64,234
W00001224,276,69,207
W00001225,233,42,191
W00001226,238,19,219
W00001227,243,25,218
W00001228,247,18,229
W00001229,260,29,231
W00001230,251,40,211
W00001231,307,60,247
W00001232,249,22,227
W00001233,202,19,183
W00001234,226,21,205
W00001235,261,43,218
W00001236,328,68,260
W00001237,259,68,191
W00001238,365,69,296
W00001239,328,67,261
W00001240,299,76,223
W00001241,226,44,182
W00001242,292,72,220
W00001243,260,54,206
W00001244,248,20,228
W00001245,245,41,204
W00001246,294,52,242
W00001247,200,15,185
W00001248,201,21,180
W00001249,351,76,275
W00001250,322,68,254
W00001251,222,46,176
W00001252,227,25,202
W00001253,472,73,399
W00001255,285,57,228
W00001256,257,34,223
W00001257,265,43,222
W00001258,287,73,214
W00001259,236,36,200
W00001260,306,81,225
W00001261,296,79,217
W00001262,322,92,230
W00001263,278,73,205
W00001264,279,73,206
W00001265,336,91,245
W00001266,369,107,262
W00001267,323,74,249
W00001268,299,44,255
W00001269,370,90,280
W00001270,265,71,194
W00001271,329,98,231
W00001272,279,78,201
W00001273,312,92,220
W00001274,353,115,238
W00001275,293,58,235
W00001276,335,101,234
W00001277,412,148,264
W00001278,131,28,103
W00001279,296,87,209
W00001280,324,48,276
W00001281,194,40,154
W00001282,197,45,152
W00001283,407,61,346
W00001284,307,64,243
W00001285,241,55,186
W00001286,356,118,238
W00001287,448,131,317
W00001288,343,95,248
W00001289,309,79,230
W00001290,291,71,220
W00001291,390,62,328
W00001292,164,33,131
W00001293,149,31,118
W00001294,255,36,219
W00001295,274,52,222
W00001296,265,37,228
W00001297,212,37,175
W00001298,237,34,203
W00001299,239,42,197
W00001300,232,39,193
W00001301,341,158,183
W00001302,267,43,224
W00001303,279,48,231
W00001304,267,44,223
W00001305,200,15,185
W00001306,284,41,243
W00001307,258,47,211
W00001308,267,50,217
W00001309,281,64,217
W00001311,328,57,271
W00001312,300,47,253
W00001313,206,32,174
W00001314,408,71,337
W00001315,294,47,247
W00001316,237,33,204
W00001317,326,53,273
W00001318,297,45,252
W00001319,262,31,231
W00001320,226,20,206
W00001321,206,38,168
W00001322,246,41,205
W00001323,281,51,230
W00001324,346,78,268
W00001325,345,35,310
W00001326,247,17,230
W00001327,272,46,226
W00001328,298,39,259
W00001329,349,41,308
W00001330,248,46,202
W00001331,371,62,309
W00001332,332,63,269
W00001333,337,56,281
W00001334,323,30,293
W00001335,221,44,177
W00001336,276,49,227
W00001337,300,67,233
W00001338,289,54,235
W00001339,257,28,229
W00001340,296,29,267
W00001341,231,38,193
W00001342,314,59,255
W00001343,264,33,231
W00001344,289,50,239
W00001345,281,49,232
W00001346,253,36,217
W00001347,330,69,261
W00001348,234,43,191
W00001349,408,120,288
W00001350,282,46,236
W00001351,280,72,208
W00001352,210,48,162
W00001353,251,21,230
W00001354,226,13,213
W00001355,288,50,238
W00001356,411,71,340
W00001357,294,65,229
W00001358,276,42,234
W00001359,180,19,161
W00001360,355,55,300
W00001361,238,25,213
W00001362,396,67,329
W00001363,263,44,219
W00001364,266,46,220
W00001365,255,34,221
W00001366,274,52,222
W00001367,253,39,214
W00001368,292,66,226
W00001369,255,64,191
W00001370,257,39,218
W00001371,279,50,229
W00001372,295,51,244
W00001373,445,99,346
W00001374,266,38,228
W00001375,350,59,291
W00001376,314,42,272
W00001377,309,84,225
W00001378,299,77,222
W00001379,273,58,215
W00001380,290,69,221
W00001381,276,34,242
W00001382,230,28,202
W00001384,253,36,217
W00001385,273,50,223
W00001386,250,23,227
W00001387,281,49,232
W00001388,348,51,297
W00001389,342,48,294
W00001390,297,48,249
W00001391,425,62,363
W00001392,261,38,223
W00001393,149,24,125
W00001394,205,25,180
W00001395,285,43,242
W00001396,282,39,243
W00001397,272,48,224
W00001398,206,15,191
W00001399,263,31,232
W00001400,256,35,221
W00001401,316,48,268
W00001402,288,82,206
W00001403,294,65,229
W00001404,196,22,174
W00001405,279,24,255
W00001406,301,62,239
W00001407,247,35,212
W00001408,327,49,278
W00001409,291,75,216
W00001410,292,52,240
W00001411,152,18,134
W00001412,184,32,152
W00001413,320,55,265
W00001414,294,65,229
W00001415,216,47,169
W00001416,280,51,229
W00001417,324,75,249
W00001418,282,55,227
W00001419,277,35,242
W00001420,241,40,201
W00001421,223,24,199
W00001422,260,27,233
W00001423,432,87,345
W00001424,246,50,196
W00001425,228,27,201
W00001426,314,49,265
W00001427,446,89,357
W00001428,383,66,317
W00001429,486,108,378
W00001430,218,30,188
W00001431,232,23,209
W00001432,319,54,265
W00001433,265,42,223
W00001434,209,23,186
W00001435,271,55,216
W00001436,373,76,297
W00001437,207,25,182
W00001438,433,119,314
W00001439,393,61,332
W00001440,502,109,393
W00001442,348,51,297
W00001443,562,114,448
W00001444,241,24,217
W00001445,236,34,202
W00001446,268,33,235
W00001447,208,33,175
W00001448,245,40,205
W00001449,218,44,174
W00001450,322,52,270
W00001451,161,26,135
W00001452,238,34,204
W00001453,254,38,216
W00001454,124,24,100
W00001455,178,39,139
W00001456,250,33,217
W00001457,329,61,268
W00001458,280,32,248
W00001459,340,59,281
W00001460,261,28,233
W00001461,282,55,227
W00001462,412,57,355
W00001463,388,59,329
W00001464,218,29,189
W00001465,231,34,197
W00001466,209,28,181
W00001467,278,79,199
W00001468,289,46,243
W00001469,233,36,197
W00001470,278,49,229
W00001471,209,41,168
W00001472,279,57,222
W00001473,329,61,268
W00001474,293,67,226
W00001475,209,25,184
W00001476,345,72,273
W00001477,219,34,185
W00001478,299,79,220
W00001479,289,46,243
W00001480,326,92,234
W00001481,277,61,216
W00001482,309,55,254
W00001483,266,56,210
W00001484,285,52,233
W00001485,301,73,228
W00001486,301,84,217
W00001487,270,51,219
W00001488,285,58,227
W00001489,456,83,373
W00001490,296,42,254
W00001491,148,19,129
W00001492,282,53,229
W00001493,279,44,235
W00001494,295,63,232
W00001495,284,36,248
W00001496,238,34,204
W00001497,323,52,271
W00001498,217,42,175
W00001500,279,28,251
W00001501,333,62,271
W00001502,266,51,215
W00001503,230,26,204
W00001504,251,27,224
W00001505,282,41,241
W00001506,305,38,267
W00001507,300,65,235
W00001508,407,82,325
W00001509,319,70,249
W00001510,494,130,364
W00001511,296,56,240
W00001512,248,35,213
W00001513,300,44,256
W00001514,290,48,242
W00001515,428,87,341
W00001516,312,62,250
W00001517,356,84,272
W00001518,246,34,212
W00001519,265,47,218
W00001520,325,60,265
W00001521,413,79,334
W00001522,294,52,242
W00001523,315,48,267
W00001524,351,69,282
W00001525,328,47,281
W00001526,404,58,346
W00001527,341,63,278
W00001528,298,27,271
W00001530,303,54,249
W00001531,401,104,297
W00001532,360,74,286
W00001533,330,88,242
W00001534,202,23,179
W00001535,459,80,379
W00001536,233,21,212
W00001537,167,19,148
W00001538,279,33,246
W00001539,201,16,185
W00001540,324,63,261
W00001541,125,17,108
W00001542,302,63,239
W00001543,164,35,129
W00001544,145,18,127
W00001545,294,75,219
W00001546,279,49,230
W00001547,309,63,246
W00001548,244,39,205
W00001549,316,54,262
W00001550,405,84,321
W00001551,229,32,197
W00001552,278,25,253
W00001553,294,74,220
W00001554,216,26,190
W00001555,332,73,259
W00001556,306,57,249
W00001557,253,38,215
W00001558,234,35,199
W00001559,320,50,270
W00001560,244,69,175
W00001561,210,12,198
W00001562,131,0,131
W00001563,282,52,230
W00001565,312,62,250
W00001566,321,82,239
W00001567,430,126,304
W00001568,331,81,250
W00001569,303,67,236
W00001570,301,59,242
W00001572,189,31,158
W00001573,519,105,414
W00001574,236,25,211
W00001575,118,21,97
W00001576,346,44,302
W00001577,443,76,367
W00001578,273,49,224
W00001579,299,46,253
W00001580,333,47,286
W00001581,321,44,277
W00001582,436,76,360
W00001583,414,60,354
W00001584,345,74,271
W00001585,179,33,146
W00001586,274,69,205
W00001587,286,56,230
W00001588,303,71,232
W00001589,307,65,242
W00001590,233,49,184
W00001591,281,69,212
W00001592,241,47,194
W00001593,185,21,164
W00001594,202,18,184
W00001595,297,44,253
W00001596,264,37,227
W00001597,232,41,191
W00001598,284,46,238
W00001599,243,33,210
W00001600,228,34,194
W00001601,319,33,286
W00001602,246,48,198
W00001603,203,31,172
W00001604,313,40,273
W00001605,505,80,425
W00001608,158,21,137
W00001609,304,47,257
W00001610,223,25,198
W00001611,244,30,214
W00001612,330,67,263
W00001613,350,60,290
W00001614,280,41,239
W00001615,266,34,232
W00001616,199,17,182
W00001617,481,82,399
W00001618,263,52,211
W00001619,289,53,236
W00001620,204,28,176
W00001621,216,38,178
W00001622,253,35,218
W00001623,157,13,144
W00001624,318,56,262
W00001625,373,63,310
W00001626,394,78,316
W00001627,253,39,214
W00001628,317,61,256
W00001629,387,103,284
W00001630,220,39,181
W00001631,309,60,249
W00001632,291,32,259
W00001633,278,73,205
W00001634,293,88,205
W00001635,176,18,158
W00001636,440,135,305
W00001637,262,44,218
W00001638,249,46,203
W00001639,241,52,189
W00001640,266,41,225
W00001641,339,74,265
W00001642,299,72,227
W00001643,414,70,344
W00001644,293,55,238
W00001645,311,106,205
W00001646,287,51,236
W00001647,332,43,289
W00001648,365,73,292
W00001649,295,52,243
W00001650,255,43,212
W00001651,301,57,244
W00001652,209,38,171
W00001653,203,35,168
W00001654,276,53,223
W00001655,407,91,316
W00001656,274,51,223
W00001657,282,86,196
W00001658,295,44,251
W00001659,254,42,212
W00001660,266,37,229
W00001661,321,63,258
W00001662,246,51,195
W00001663,269,60,209
W00001664,354,62,292
W00001665,197,33,164
W00001666,222,42,180
W00001667,366,86,280
W00001668,286,44,242
W00001669,350,58,292
W00001670,401,82,319
W00001671,252,40,212
W00001672,275,44,231
W00001674,298,49,249
W00001675,295,57,238
W00001676,251,44,207
W00001677,283,61,222
W00001678,238,31,207
W00001679,196,39,157
W00001680,354,61,293
W00001681,306,57,249
W00001683,240,42,198
W00001684,288,49,239
W00001685,255,61,194
W00001686,256,40,216
W00001687,264,61,203
W00001688,258,29,229
W00001689,301,60,241
W00001690,457,103,354
W00001691,285,30,255
W00001692,290,32,258
W00001693,235,39,196
W00001694,312,92,220
W00001695,277,53,224
W00001696,252,40,212
W00001697,196,20,176
W00001698,294,50,244
W00001699,276,38,238
W00001700,272,47,225
W00001701,308,55,253
W00001702,362,56,306
W00001703,275,47,228
W00001704,272,48,224
W00001706,337,68,269
W00001707,294,102,192
W00001708,248,33,215
W00001709,262,39,223
W00001710,266,44,222
W00001711,234,43,191
W00001712,185,18,167
W00001713,431,93,338
W00001714,285,73,212
W00001715,308,83,225
W00001716,273,57,216
W00001717,448,70,378
W00001718,244,36,208
W00001719,168,35,133
W00001720,215,31,184
W00001721,250,57,193
W00001722,191,28,163
W00001723,304,55,249
W00001724,316,49,267
W00001725,254,34,220
W00001726,161,40,121
W00001727,563,92,471
W00001728,314,37,277
W00001729,271,36,235
W00001730,229,30,199
W00001731,199,35,164
W00001732,276,36,240
W00001733,296,52,244
W00001734,267,46,221
W00001735,426,77,349
W00001736,294,58,236
W00001737,322,60,262
W00001738,195,23,172
W00001739,265,41,224
W00001740,205,31,174
W00001741,281,46,235
W00001742,402,58,344
W00001743,387,74,313
W00001745,369,74,295
W00001746,170,24,146
W00001747,184,30,154
W00001748,428,94,334
W00001749,324,69,255
W00001750,321,65,256
W00001751,292,57,235
W00001752,338,39,299
W00001753,289,32,257
W00001754,318,76,242
W00001756,290,55,235
W00001757,277,45,232
W00001758,500,94,406
W00001759,271,50,221
W00001760,464,62,402
W00001761,274,31,243
W00001763,255,39,216
W00001765,276,46,230
W00001766,247,39,208
W00001767,257,47,210
W00001768,278,46,232
W00001769,368,48,320
W00001770,308,85,223
W00001771,287,50,237
W00001772,321,67,254
W00001773,238,28,210
W00001774,263,42,221
W00001775,284,35,249
W00001776,251,39,212
W00001777,314,85,229
W00001779,298,67,231
W00001780,264,33,231
W00001781,304,77,227
W00001782,292,51,241
W00001783,421,105,316
W00001784,280,62,218
W00001785,252,40,212
W00001786,307,75,232
W00001787,273,43,230
W00001788,450,93,357
W00001789,244,42,202
W00001791,285,73,212
W00001792,274,52,222
W00001793,251,34,217
W00001794,309,50,259
W00001795,276,43,233
W00001796,289,41,248
W00001797,275,36,239
W00001798,279,71,208
W00001799,311,71,240
W00001800,340,109,231
W00001801,432,99,333
W00001802,331,112,219
W00001803,226,21,205
W00001804,277,44,233
W00001805,270,48,222
W00001806,335,56,279
W00001807,265,45,220
W00001808,280,38,242
W00001809,288,40,248
W00001810,361,52,309
W00001811,249,37,212
W00001812,268,33,235
W00001813,137,28,109
W00001815,210,29,181
W00001816,283,30,253
W00001817,274,51,223
W00001818,197,22,175
W00001819,267,59,208
W00001820,358,69,289
W00001821,277,54,223
W00001822,432,68,364
W00001823,266,34,232
W00001824,341,43,298
W00001825,209,34,175
W00001826,211,37,174
W00001827,288,45,243
W00001828,294,43,251
W00001829,254,38,216
W00001830,231,38,193
W00001831,332,61,271
W00001832,269,67,202
W00001833,204,48,156
W00001834,217,44,173
W00001835,271,49,222
W00001836,308,83,225
W00001837,368,61,307
W00001838,224,50,174
W00001839,269,62,207
W00001840,297,70,227
W00001841,242,38,204
W00001842,254,52,202
W00001843,247,38,209
W00001844,256,33,223
W00001845,214,20,194
W00001846,262,40,222
W00001847,241,40,201
W00001848,234,40,194
W00001849,247,31,216
W00001850,299,52,247
W00001851,191,9,182
W00001852,270,63,207
W00001853,308,43,265
W00001854,245,23,222
W00001855,241,28,213
W00001856,275,26,249
W00001857,281,50,231
W00001858,267,36,231
W00001859,276,40,236
W00001860,340,57,283
W00001861,470,90,380
W00001862,236,41,195
W00001863,253,54,199
W00001864,256,39,217
W00001866,393,73,320
W00001867,465,90,375
W00001868,226,55,171
W00001869,282,92,190
W00001870,324,80,244
W00001871,244,41,203
W00001872,243,45,198
W00001874,248,42,206
W00001875,305,59,246
W00001876,233,47,186
W00001881,202,25,177
W00001882,330,74,256
W00001883,242,53,189
W00001884,241,62,179
W00001885,259,38,221
W00001886,222,62,160
W00001887,205,21,184
W00001888,442,92,350
W00001889,259,37,222
W00001890,141,17,124
W00001891,187,31,156
W00001892,319,89,230
W00001893,347,48,299
W00001894,244,44,200
W00001895,387,117,270
W00001896,282,66,216
W00001897,269,66,203
W00001898,303,58,245
W00001899,224,33,191
W00001900,346,68,278
W00001901,268,39,229
W00001902,268,58,210
W00001903,298,68,230
W00001904,258,55,203
W00001905,302,62,240
W00001906,318,93,225
W00001907,299,37,262
W00001908,321,64,257
W00001909,472,81,391
W00001910,293,51,242
W00001911,269,24,245
W00001912,220,51,169
W00001913,282,50,232
W00001914,313,72,241
W00001915,287,50,237
W00001916,191,28,163
W00001917,295,37,258
W00001918,292,37,255
W00001919,312,41,271
W00001920,205,42,163
W00001921,213,42,171
W00001922,194,22,172
W00001923,302,35,267
W00001924,277,42,235
W00001925,293,75,218
W00001926,231,33,198
W00001927,218,37,181
W00001928,299,94,205
W00001929,383,75,308
W00001930,305,50,255
W00001931,312,56,256
W00001932,320,66,254
W00001933,312,38,274
W00001934,359,94,265
W00001935,392,76,316
W00001936,188,15,173
W00001937,313,50,263
W00001938,322,53,269
W00001939,303,42,261
W00001940,341,42,299
W00001941,268,47,221
W00001942,301,67,234
W00001943,213,28,185
W00001944,250,33,217
W00001945,329,59,270
W00001946,243,12,231
W00001947,239,50,189
W00001948,298,79,219
W00001949,316,96,220
W00001950,290,83,207
W00001951,189,40,149
W00001952,369,59,310
W00001953,359,76,283
W00001954,277,44,233
W00001955,373,69,304
W00001956,276,43,233
W00001957,293,46,247
W00001958,248,36,212
W00001959,114,27,87
W00001960,248,45,203
W00001961,213,42,171
W00001962,303,62,241
W00001963,359,80,279
W00001964,306,58,248
W00001965,280,59,221
W00001966,245,40,205
W00001967,295,70,225
W00001968,270,50,220
W00001969,257,33,224
W00001970,269,40,229
W00001971,278,25,253
W00001972,226,44,182
W00001973,287,59,228
W00001974,319,60,259
W00001975,253,30,223
W00001976,351,58,293
W00001977,256,22,234
W00001978,259,30,229
W00001979,236,50,186
W00001980,329,46,283
W00001981,257,35,222
W00001982,271,39,232
W00001983,219,35,184
W00001984,279,35,244
W00001985,409,52,357
W00001986,393,52,341
W00001987,218,48,170
W00001988,246,64,182
W00001989,416,160,256
W00001990,244,45,199
W00001991,324,50,274
W00001992,217,21,196
W00001993,275,54,221
W00001994,309,104,205
W00001995,248,83,165
W00001996,216,23,193
W00001997,295,71,224
W00001998,296,47,249
W00001999,325,79,246
W00002000,236,36,200
W00002001,434,84,350
W00002002,228,30,198
W00002003,282,64,218
W00002004,250,60,190
W00002005,221,30,191
W00002006,271,53,218
W00002007,266,64,202
W00002008,262,44,218
W00002009,227,31,196
W00002010,335,81,254
W00002011,518,106,412
W00002014,394,106,288
W00002016,287,49,238
W00002017,200,46,154
W00002018,268,88,180
W00002019,451,109,342
W00002020,372,75,297
W00002021,275,71,204
W00002022,539,67,472
W00002023,280,66,214
W00002024,276,46,230
W00002025,240,62,178
W00002026,287,55,232
W00002027,210,39,171
W00002028,263,50,213
W00002029,271,48,223
W00002030,317,46,271
W00002031,221,60,161
W00002032,355,58,297
W00002033,228,33,195
W00002034,324,79,245
W00002035,286,89,197
W00002036,155,17,138
W00002037,203,30,173
W00002038,180,41,139
W00002039,307,69,238
W00002040,327,59,268
W00002041,346,58,288
W00002043,272,51,221
W00002044,249,30,219
W00002045,224,33,191
W00002046,312,63,249
W00002047,438,68,370
W00002049,387,58,329
W00002050,272,52,220
W00002051,281,52,229
W00002052,294,37,257
W00002053,167,16,151
W00002054,248,30,218
W00002055,292,62,230
W00002056,325,60,265
W00002057,299,72,227
W00002058,290,84,206
W00002059,269,31,238
W00002060,277,40,237
W00002061,270,63,207
W00002062,254,66,188
W00002063,237,27,210
W00002064,266,33,233
W00002065,253,41,212
W00002066,304,53,251
W00002067,272,42,230
W00002068,277,44,233
W00002069,300,59,241
W00002070,305,60,245
W00002071,201,27,174
W00002072,294,59,235
W00002073,301,51,250
W00002074,285,43,242
W00002075,227,23,204
W00002076,407,60,347
W00002077,227,58,169
W00002078,306,79,227
W00002079,286,35,251
W00002080,256,72,184
W00002081,270,61,209
W00002082,281,82,199
W00002083,258,34,224
W00002084,278,84,194
W00002085,246,34,212
W00002086,122,18,104
W00002087,476,90,386
W00002088,154,5,149
W00002089,252,50,202
W00002090,241,34,207
W00002091,266,66,200
W00002092,203,46,157
W00002093,246,36,210
W00002094,245,71,174
W00002095,299,90,209
W00002096,256,35,221
W00002097,224,52,172
W00002098,303,51,252
W00002099,272,46,226
W00002100,357,52,305
W00002101,239,37,202
W00002102,260,50,210
W00002103,234,29,205
W00002104,229,49,180
W00002105,258,49,209
W00002106,285,47,238
W00002107,248,38,210
W00002108,341,72,269
W00002109,316,33,283
W00002110,275,52,223
W00002111,322,54,268
W00002112,258,36,222
W00002113,268,47,221
W00002114,299,44,255
W00002115,530,69,461
W00002116,128,35,93
W00002117,104,13,91
W00002118,276,40,236
W00002119,293,36,257
W00002120,347,64,283
W00002121,300,41,259
W00002122,230,45,185
W00002123,560,99,461
W00002124,226,32,194
W00002125,302,55,247
W00002126,309,62,247
W00002127,293,96,197
W00002128,197,40,157
W00002129,553,127,426
W00002130,461,137,324
W00002131,251,28,223
W00002132,269,38,231
W00002133,179,33,146
W00002134,225,36,189
W00002135,271,62,209
W00002136,328,77,251
W00002137,227,34,193
W00002138,358,55,303
W00002139,409,57,352
W00002140,282,67,215
W00002141,313,34,279
W00002142,326,46,280
W00002143,254,30,224
W00002144,310,68,242
W00002145,371,59,312
W00002146,154,41,113
W00002147,536,128,408
W00002148,206,44,162
W00002149,227,37,190
W00002150,269,49,220
W00002151,350,49,301
W00002152,168,29,139
W00002153,268,71,197
W00002154,318,73,245
W00002155,361,78,283
W00002156,350,109,241
W00002157,328,83,245
W00002158,261,36,225
W00002159,269,44,225
W00002160,272,87,185
W00002161,287,76,211
W00002162,286,79,207
W00002163,279,40,239
W00002164,279,45,234
W00002165,352,101,251
W00002166,283,55,228
W00002167,275,57,218
W00002168,336,95,241
W00002169,315,74,241
W00002170,249,42,207
W00002171,282,43,239
W00002172,263,38,225
W00002173,396,75,321
W00002174,391,59,332
W00002175,266,70,196
W00002176,270,78,192
W00002177,294,100,194
W00002178,283,70,213
W00002179,267,101,166
W00002180,331,94,237
W00002181,300,41,259
W00002182,449,69,380
W00002183,256,55,201
W00002184,266,41,225
W00002185,294,49,245
W00002186,338,77,261
W00002187,296,61,235
W00002188,232,35,197
W00002189,273,49,224
W00002190,296,58,238
W00002191,266,62,204
W00002192,204,29,175
W00002193,232,44,188
W00002194,224,47,177
W00002195,281,52,229
W00002196,258,49,209
W00002197,285,66,219
W00002198,341,106,235
W00002199,252,79,173
W00002200,209,50,159
W00002201,282,76,206
W00002202,284,74,210
W00002203,382,157,225
W00002204,270,91,179
W00002205,380,59,321
W00002206,256,41,215
W00002207,225,33,192
W00002208,212,41,171
W00002209,251,37,214
W00002210,242,27,215
W00002211,280,41,239
W00002212,254,33,221
W00002213,192,34,158
W00002214,195,30,165
W00002215,293,36,257
W00002216,303,61,242
W00002217,300,46,254
W00002218,248,42,206
W00002219,223,28,195
W00002220,309,66,243
W00002221,246,56,190
W00002222,291,49,242
W00002223,288,81,207
W00002224,291,46,245
W00002225,349,44,305
W00002226,307,73,234
W00002227,123,14,109
W00002228,388,78,310
W00002229,178,38,140
W00002231,239,75,164
W00002232,232,50,182
W00002233,285,55,230
W00002234,215,28,187
W00002235,252,57,195
W00002236,331,74,257
W00002237,284,50,234
W00002238,354,41,313
W00002239,172,25,147
W00002240,410,67,343
W00002241,378,73,305
W00002242,216,40,176
W00002243,300,49,251
W00002244,288,39,249
W00002245,211,25,186
W00002246,227,26,201
W00002247,251,42,209
W00002248,223,29,194
W00002249,282,70,212
W00002250,330,55,275
W00002251,235,45,190
W00002253,320,73,247
W00002254,273,49,224
W00002255,389,92,297
W00002256,346,103,243
W00002257,336,65,271
W00002258,281,39,242
W00002259,298,48,250
W00002260,306,66,240
W00002261,308,93,215
W00002262,275,88,187
W00002263,325,125,200
W00002264,258,61,197
W00002265,262,61,201
W00002266,241,72,169
W00002267,247,63,184
W00002268,337,70,267
W00002269,280,36,244
W00002270,151,27,124
W00002271,238,24,214
W00002272,342,65,277
W00002273,246,27,219
W00002274,372,61,311
W00002275,421,76,345
W00002276,327,50,277
W00002277,339,32,307
W00002278,268,41,227
W00002279,355,57,298
W00002280,280,45,235
W00002281,318,46,272
W00002282,348,48,300
W00002283,333,36,297
W00002284,355,47,308
W00002285,378,54,324
W00002286,281,46,235
W00002287,324,51,273
W00002288,290,39,251
W00002289,370,59,311
W00002290,235,30,205
W00002291,329,41,288
W00002292,339,58,281
W00002293,203,28,175
W00002294,393,49,344
W00002295,312,44,268
W00002296,228,26,202
W00002297,285,47,238
W00002298,265,38,227
W00002299,243,31,212
W00002300,353,82,271
W00002301,323,55,268
W00002302,348,64,284
W00002303,295,33,262
W00002305,336,41,295
W00002306,236,42,194
W00002307,215,23,192
W00002308,399,66,333
W00002309,319,45,274
W00002310,310,55,255
W00002311,354,63,291
W00002312,346,51,295
W00002313,366,67,299
W00002314,351,53,298
W00002315,346,44,302
W00002316,293,42,251
W00002317,313,26,287
W00002320,247,44,203
W00002321,295,34,261
W00002323,343,52,291
W00002324,282,36,246
W00002325,408,61,347
W00002327,289,73,216
W00002328,352,56,296
W00002329,360,73,287
W00002330,147,25,122
W00002331,175,16,159
W00002332,225,42,183
W00002333,153,26,127
W00002335,359,28,331
W00002336,324,13,311
W00002337,307,36,271
W00002338,188,42,146
W00002339,446,64,382
W00002340,453,73,380
W00002341,302,45,257
W00002342,326,42,284
W00002343,425,71,354
W00002344,290,35,255
W00002345,341,59,282
W00002346,415,56,359
W00002347,221,34,187
W00002348,380,54,326
W00002349,375,56,319
W00002350,348,39,309
W00002351,362,65,297
W00002352,287,31,256
W00002353,243,29,214
W00002354,283,43,240
W00002355,289,57,232
W00002356,285,37,248
W00002357,268,34,234
W00002358,307,39,268
W00002359,364,52,312
W00002360,359,39,320
W00002361,358,46,312
W00002362,330,57,273
W00002363,281,45,236
W00002364,504,89,415
W00002365,369,69,300
W00002366,216,32,184
W00002367,305,38,267
W00002368,322,44,278
W00002369,243,30,213
W00002370,213,36,177
W00002371,265,30,235
W00002372,224,30,194
W00002373,303,32,271
W00002374,352,51,301
W00002375,295,62,233
W00002376,223,26,197
W00002377,260,38,222
W00002378,188,21,167
W00002379,257,30,227
W00002380,215,24,191
W00002381,221,24,197
W00002382,440,83,357
W00002383,299,35,264
W00002384,373,40,333
W00002385,319,63,256
W00002386,383,55,328
W00002387,390,49,341
W00002388,164,36,128
W00002389,275,36,239
W00002390,283,56,227
W00002391,191,18,173
W00002392,231,20,211
W00002393,295,42,253
W00002394,226,25,201
W00002395,246,55,191
W00002396,208,35,173
W00002397,258,27,231
W00002398,373,77,296
W00002399,297,43,254
W00002400,186,17,169
W00002401,144,10,134
W00002402,301,42,259
W00002403,308,64,244
W00002404,414,61,353
W00002405,173,27,146
W00002406,387,69,318
W00002407,328,71,257
W00002408,431,69,362
W00002409,327,55,272
W00002410,277,40,237
W00002411,293,30,263
W00002412,259,35,224
W00002413,332,47,285
W00002414,264,33,231
W00002415,273,36,237
W00002416,200,33,167
W00002417,238,20,218
W00002418,224,18,206
W00002419,198,22,176
W00002420,325,56,269
W00002421,242,39,203
W00002422,347,118,229
W00002424,200,7,193
W00002425,287,70,217
W00002426,307,63,244
W00002427,288,53,235
W00002429,287,33,254
W00002430,154,14,140
W00002431,377,30,347
W00002432,244,21,223
W00002433,232,31,201
W00002436,385,53,332
W00002437,281,49,232
W00002438,410,80,330
W00002439,301,56,245
W00002440,355,42,313
W00002441,324,35,289
W00002442,314,47,267
W00002443,353,68,285
W00002444,472,71,401
W00002445,368,51,317
W00002446,269,49,220
W00002447,235,25,210
W00002448,304,56,248
W00002449,231,34,197
W00002450,275,49,226
W00002451,122,22,100
W00002452,365,61,304
W00002453,259,26,233
W00002454,290,49,241
W00002455,349,50,299
W00002456,383,87,296
W00002457,450,53,397
W00002458,327,36,291
W00002459,231,30,201
W00002461,454,70,384
W00002463,192,24,168
W00002465,356,58,298
W00002466,311,47,264
W00002467,252,45,207
W00002468,300,43,257
W00002469,403,56,347
W00002470,369,56,313
W00002471,275,34,241
W00002472,199,28,171
W00002473,340,38,302
W00002474,327,36,291
W00002475,350,63,287
W00002476,366,49,317
W00002477,286,59,227
W00002478,239,37,202
W00002479,208,26,182
W00002480,259,46,213
W00002481,256,54,202
W00002482,287,57,230
W00002483,254,49,205
W00002484,305,47,258
W00002485,169,15,154
W00002486,210,25,185
W00002487,220,24,196
W00002488,264,39,225
W00002489,291,29,262
W00002490,252,45,207
W00002491,201,20,181
W00002492,239,27,212
W00002493,472,83,389
W00002494,392,73,319
W00002495,423,63,360
W00002496,274,36,238
W00002497,299,50,249
W00002498,355,73,282
W00002499,219,28,191
W00002500,250,35,215
W00002501,299,38,261
W00002502,481,103,378
W00002503,296,58,238
W00002504,364,53,311
W00002505,256,29,227
W00002506,237,33,204
W00002507,300,30,270
W00002508,229,18,211
W00002509,235,37,198
W00002510,233,35,198
W00002511,207,21,186
W00002512,304,45,259
W00002513,283,42,241
W00002514,271,32,239
W00002515,278,47,231
W00002516,242,27,215
W00002517,295,49,246
W00002518,304,70,234
W00002519,250,37,213
W00002520,220,28,192
W00002521,208,16,192
W00002522,298,54,244
W00002523,235,26,209
W00002524,220,37,183
W00002525,266,55,211
W00002526,274,37,237
W00002527,283,38,245
W00002528,309,34,275
W00002529,213,38,175
W00002530,114,21,93
W00002531,321,51,270
W00002532,301,41,260
W00002533,327,71,256
W00002534,346,44,302
W00002536,301,42,259
W00002537,317,51,266
W00002540,241,29,212
W00002541,375,52,323
W00002542,266,25,241
W00002543,316,56,260
W00002544,263,46,217
W00002545,358,108,250
W00002546,250,58,192
W00002547,305,81,224
W00002548,325,92,233
W00002549,242,36,206
W00002550,325,93,232
W00002551,265,61,204
W00002552,231,28,203
W00002553,268,57,211
W00002554,246,44,202
W00002555,282,49,233
W00002556,301,41,260
W00002557,111,12,99
W00002558,147,15,132
W00002560,235,50,185
W00002562,233,59,174
W00002563,274,42,232
W00002564,372,56,316
W00002565,376,67,309
W00002566,256,23,233
W00002567,291,33,258
W00002568,271,29,242
W00002569,360,45,315
W00002570,185,20,165
W00002571,238,29,209
W00002573,224,28,196
W00002574,141,24,117
W00002575,178,18,160
W00002576,222,38,184
W00002577,315,76,239
W00002578,286,62,224
W00002579,309,78,231
W00002580,265,80,185
W00002581,284,45,239
W00002582,265,71,194
W00002583,419,64,355
W00002584,173,20,153
W00002585,247,38,209
W00002586,273,32,241
W00002587,220,25,195
W00002588,292,63,229
W00002589,256,32,224
W00002590,289,30,259
W00002591,225,22,203
W00002592,231,41,190
W00002593,353,52,301
W00002594,286,57,229
W00002595,216,29,187
W00002596,365,29,336
W00002597,334,31,303
W00002598,240,28,212
W00002599,391,64,327
W00002600,277,62,215
W00002601,305,35,270
W00002602,220,29,191
W00002603,294,47,247
W00002604,254,21,233
W00002605,417,53,364
W00002606,536,62,474
W00002607,311,46,265
W00002608,357,62,295
W00002609,461,85,376
W00002610,259,34,225
W00002611,237,42,195
W00002612,358,72,286
W00002613,205,31,174
W00002614,195,33,162
W00002615,444,143,301
W00002616,264,29,235
W00002619,284,36,248
W00002620,242,78,164
W00002621,187,12,175
W00002622,213,14,199
W00002623,266,63,203
W00002624,307,61,246
W00002625,309,90,219
W00002627,470,85,385
W00002628,298,27,271
W00002629,232,32,200
W00002630,278,31,247
W00002631,200,17,183
W00002632,242,38,204
W00002633,257,50,207
W00002634,222,19,203
W00002636,270,36,234
W00002637,266,45,221
W00002638,352,66,286
W00002641,429,72,357
W00002642,237,44,193
W00002643,366,51,315
W00002644,240,28,212
W00002645,292,34,258
W00002646,235,38,197
W00002648,205,31,174
W00002649,342,50,292
W00002650,291,52,239
W00002651,272,19,253
W00002652,244,27,217
W00002653,281,34,247
W00002654,204,39,165
W00002655,362,51,311
W00002656,468,72,396
W00002657,258,45,213
W00002658,268,42,226
W00002659,314,48,266
W00002660,275,91,184
W00002661,168,17,151
W00002662,232,24,208
W00002663,296,79,217
W00002664,225,23,202
W00002665,213,12,201
W00002666,297,38,259
W00002667,382,60,322
W00002668,278,40,238
W00002669,446,105,341
W00002670,326,67,259
W00002671,252,18,234
W00002672,250,47,203
W00002673,299,45,254
W00002674,255,40,215
W00002675,215,31,184
W00002676,265,56,209
W00002677,241,17,224
W00002678,297,45,252
W00002679,131,7,124
W00002680,254,23,231
W00002681,167,37,130
W00002682,346,84,262
W00002683,209,32,177
W00002684,230,36,194
W00002685,268,46,222
W00002686,254,39,215
W00002687,246,31,215
W00002688,292,52,240
W00002689,319,35,284
W00002690,129,19,110
W00002691,238,37,201
W00002692,239,36,203
W00002693,348,49,299
W00002694,434,58,376
W00002695,341,52,289
W00002696,226,24,202
W00002697,297,26,271
W00002698,261,35,226
W00002699,228,36,192
W00002700,271,62,209
W00002701,242,49,193
W00002702,252,44,208
W00002703,324,63,261
W00002704,223,33,190
W00002705,236,32,204
W00002706,228,41,187
W00002707,168,19,149
W00002708,184,22,162
W00002709,195,23,172
W00002710,156,16,140
W00002711,389,56,333
W00002712,155,24,131
W00002713,218,29,189
W00002714,261,34,227
W00002715,225,25,200
W00002716,337,56,281
W00002717,122,19,103
W00002718,224,56,168
W00002719,450,58,392
W00002720,205,23,182
W00002721,261,76,185
W00002722,260,37,223
W00002723,227,42,185
W00002724,197,25,172
W00002725,183,33,150
W00002726,220,39,181
W00002727,213,41,172
W00002728,282,56,226
W00002729,185,31,154
W00002730,228,27,201
W00002731,412,126,286
W00002732,257,49,208
W00002733,199,36,163
W00002734,238,34,204
W00002736,373,92,281
W00002737,265,104,161
W00002738,255,105,150
W00002739,271,131,140
W00002740,264,144,120
W00002741,237,128,109
W00002742,311,164,147
W00002743,292,154,138
W00002744,254,170,84
W00002745,187,82,105
W00002746,251,111,140
W00002747,211,50,161
W00002748,322,140,182
W00002751,222,137,85
W00002752,325,168,157
W00002753,333,82,251
W00002754,245,44,201
W00002755,309,92,217
W00002756,373,80,293
W00002757,201,42,159
W00002758,227,48,179
W00002759,259,52,207
W00002760,248,59,189
W00002761,271,72,199
W00002762,309,65,244
W00002763,275,100,175
W00002764,230,103,127
W00002765,225,93,132
W00002766,275,90,185
W00002767,205,57,148
W00002768,125,3,122
W00002769,142,38,104
W00002770,280,36,244
W00002771,369,181,188
W00002772,317,60,257
W00002773,257,31,226
W00002774,298,56,242
W00002775,243,29,214
W00002776,279,40,239
W00002777,294,40,254
W00002778,221,41,180
W00002779,168,20,148
W00002780,178,30,148
W00002781,276,35,241
W00002782,245,34,211
W00002783,128,22,106
W00002784,338,65,273
W00002785,342,64,278
W00002786,258,35,223
W00002787,235,28,207
W00002788,254,22,232
W00002789,221,21,200
W00002790,199,23,176
W00002791,341,60,281
W00002792,280,40,240
W00002793,344,87,257
W00002794,259,42,217
W00002795,306,53,253
W00002796,284,42,242
W00002797,324,51,273
W00002798,250,41,209
W00002799,244,32,212
W00002800,187,21,166
W00002801,297,54,243
W00002802,284,47,237
W00002803,251,34,217
W00002805,248,63,185
W00002806,330,37,293
W00002807,258,68,190
W00002808,359,68,291
W00002809,262,66,196
W00002811,248,39,209
W00002812,277,66,211
W00002813,192,51,141
W00002814,361,69,292
W00002815,265,66,199
W00002816,276,69,207
W00002818,179,48,131
W00002819,209,42,167
W00002820,469,72,397
W00002821,289,43,246
W00002822,245,34,211
W00002823,334,62,272
W00002824,160,40,120
W00002825,234,51,183
W00002826,163,16,147
W00002827,220,51,169
W00002828,305,74,231
W00002829,177,40,137
W00002831,715,547,168
W00002832,264,40,224
W00002833,219,31,188
W00002834,457,50,407
W00002835,139,21,118
W00002836,261,38,223
W00002837,354,50,304
W00002838,293,55,238
W00002839,216,32,184
W00002840,220,24,196
W00002841,271,41,230
W00002842,375,15,360
W00002843,288,30,258
W00002844,145,19,126
W00002845,279,43,236
W00002846,229,45,184
W00002847,205,29,176
W00002848,184,18,166
W00002849,228,51,177
W00002850,164,25,139
W00002851,385,65,320
W00002852,283,52,231
W00002853,271,42,229
W00002854,243,47,196
W00002855,273,66,207
W00002856,340,56,284
W00002857,270,45,225
W00002858,342,46,296
W00002859,180,26,154
W00002860,247,52,195
W00002861,275,35,240
W00002862,297,34,263
W00002863,302,56,246
W00002864,296,55,241
W00002865,240,32,208
W00002866,237,25,212
W00002867,245,21,224
W00002868,172,28,144
W00002869,221,28,193
W00002870,192,28,164
W00002871,204,36,168
W00002872,197,29,168
W00002873,172,21,151
W00002874,186,29,157
W00002875,273,37,236
W00002876,269,52,217
W00002877,295,45,250
W00002878,316,48,268
W00002879,326,52,274
W00002880,321,25,296
W00002881,294,38,256
W00002882,242,20,222
W00002883,229,28,201
W00002884,313,49,264
W00002885,312,27,285
W00002886,270,28,242
W00002887,237,25,212
W00002888,288,49,239
W00002889,245,39,206
W00002890,236,34,202
W00002891,222,40,182
W00002892,237,36,201
W00002893,241,34,207
W00002894,201,32,169
W00002895,332,64,268
W00002896,332,46,286
W00002897,264,37,227
W00002898,156,18,138
W00002899,299,32,267
W00002900,383,75,308
W00002901,352,61,291
W00002902,200,34,166
W00002903,244,44,200
W00002904,247,55,192
W00002905,317,60,257
W00002906,240,43,197
W00002907,266,54,212
W00002908,182,20,162
W00002909,226,33,193
W00002910,337,64,273
W00002911,125,17,108
W00002912,225,20,205
W00002913,180,14,166
W00002914,232,19,213
W00002915,257,34,223
W00002916,193,28,165
W00002917,260,30,230
W00002918,355,47,308
W00002919,337,37,300
W00002920,279,28,251
W00002921,321,47,274
W00002922,277,37,240
W00002923,251,44,207
W00002924,249,27,222
W00002925,334,45,289
W00002926,235,25,210
W00002927,231,31,200
W00002928,301,51,250
W00002929,134,19,115
W00002930,237,36,201
W00002931,171,20,151
W00002932,345,80,265
W00002933,339,63,276
W00002934,203,36,167
W00002935,263,45,218
W00002936,187,21,166
W00002937,188,25,163
W00002938,513,109,404
W00002939,411,58,353
W00002940,384,82,302
W00002941,238,25,213
W00002942,295,61,234
W00002943,268,42,226
W00002944,304,36,268
W00002945,248,35,213
W00002946,242,36,206
W00002947,298,70,228
W00002948,260,33,227
W00002949,267,34,233
W00002950,345,59,286
W00002951,320,68,252
W00002952,376,64,312
W00002953,257,40,217
W00002954,334,36,298
W00002955,287,46,241
W00002956,372,63,309
W00002957,207,27,180
W00002958,366,68,298
W00002959,252,33,219
W00002960,413,85,328
W00002961,193,15,178
W00002962,250,30,220
W00002963,335,41,294
W00002966,215,33,182
W00002967,313,30,283
W00002968,245,30,215
W00002969,410,73,337
W00002970,271,61,210
W00002972,359,54,305
W00002974,291,39,252
W00002975,475,98,377
W00002976,354,86,268
W00002977,334,51,283
W00002978,359,74,285
W00002979,292,37,255
W00002980,266,64,202
W00002981,290,61,229
W00002982,285,40,245
W00002983,275,52,223
W00002984,258,52,206
W00002985,296,53,243
W00002986,418,75,343
W00002987,361,52,309
W00002988,321,44,277
W00002989,383,61,322
W00002990,443,77,366
W00002991,304,65,239
W00002992,203,18,185
W00002993,423,67,356
W00002994,350,50,300
W00002995,391,63,328
W00002996,282,49,233
W00002997,279,31,248
W00002998,194,27,167
W00002999,273,31,242
W00003000,257,47,210
W00003001,269,44,225
W00003002,279,33,246
W00003003,290,36,254
W00003004,247,37,210
W00003005,246,20,226
W00003006,362,56,306
W00003007,362,79,283
W00003008,223,45,178
W00003009,317,55,262
W00003010,361,99,262
W00003011,320,54,266
W00003012,309,31,278
W00003013,274,36,238
W00003014,257,29,228
W00003015,240,27,213
W00003016,286,53,233
W00003017,366,88,278
W00003018,240,14,226
W00003019,284,49,235
W00003020,338,33,305
W00003021,284,37,247
W00003022,317,37,280
W00003023,385,78,307
W00003024,309,48,261
W00003025,244,23,221
W00003026,389,104,285
W00003027,260,51,209
W00003028,247,46,201
W00003029,235,33,202
W00003030,313,47,266
W00003031,340,54,286
W00003032,293,53,240
W00003033,262,50,212
W00003034,251,45,206
W00003035,215,45,170
W00003036,337,113,224
W00003037,230,64,166
W00003038,305,76,229
W00003039,205,45,160
W00003040,319,112,207
W00003041,258,37,221
W00003042,235,34,201
W00003043,237,47,190
W00003044,249,46,203
W00003045,355,75,280
W00003046,361,79,282
W00003047,356,80,276
W00003048,240,23,217
W00003049,269,62,207
W00003050,235,22,213
W00003051,240,53,187
W00003052,234,53,181
W00003053,262,61,201
W00003054,285,34,251
W00003055,299,57,242
W00003056,328,68,260
W00003057,336,50,286
W00003058,213,34,179
W00003059,279,47,232
W00003060,167,6,161
W00003062,250,33,217
W00003063,229,46,183
W00003064,242,48,194
W00003065,452,77,375
W00003066,297,37,260
W00003067,155,31,124
W00003068,389,58,331
W00003069,433,66,367
W00003070,386,39,347
W00003071,431,47,384
W00003072,426,104,322
W00003073,437,110,327
W00003074,237,40,197
W00003075,335,55,280
W00003076,237,45,192
W00003077,122,27,95
W00003078,431,70,361
W00003079,337,46,291
W00003080,321,62,259
W00003081,266,30,236
W00003082,234,34,200
W00003083,197,13,184
W00003084,413,60,353
W00003085,432,43,389
W00003086,323,58,265
W00003087,366,54,312
W00003088,439,70,369
W00003089,370,64,306
W00003090,398,57,341
W00003091,400,64,336
W00003092,322,36,286
W00003093,245,16,229
W00003094,290,34,256
W00003095,441,68,373
W00003096,399,81,318
W00003097,394,61,333
W00003098,409,68,341
W00003099,308,54,254
W00003100,312,56,256
W00003101,273,56,217
W00003102,305,45,260
W00003103,269,30,239
W00003104,307,52,255
W00003105,218,45,173
W00003106,427,86,341
W00003107,414,90,324
W00003108,299,32,267
W00003109,335,30,305
W00003110,207,30,177
W00003111,222,15,207
W00003112,292,42,250
W00003113,207,41,166
W00003114,248,36,212
W00003115,381,65,316
W00003116,340,59,281
W00003117,294,50,244
W00003118,191,30,161
W00003119,403,56,347
W00003120,352,93,259
W00003121,296,62,234
W00003122,256,42,214
W00003123,320,56,264
W00003124,281,40,241
W00003125,309,36,273
W00003126,316,60,256
W00003127,356,67,289
W00003128,409,88,321
W00003129,329,37,292
W00003130,289,43,246
W00003131,336,50,286
W00003132,228,37,191
W00003133,135,16,119
W00003134,302,74,228
W00003135,306,57,249
W00003136,273,55,218
W00003137,234,37,197
W00003138,365,55,310
W00003139,377,100,277
W00003140,238,34,204
W00003141,268,47,221
W00003142,234,34,200
W00003143,265,38,227
W00003144,219,24,195
W00003146,275,56,219
W00003147,249,51,198
W00003149,224,31,193
W00003150,364,93,271
W00003151,175,36,139
W00003152,143,21,122
W00003153,256,82,174
W00003154,196,29,167
W00003155,309,56,253
W00003156,281,68,213
W00003157,304,55,249
W00003158,262,52,210
W00003159,278,44,234
W00003160,295,41,254
W00003161,236,25,211
W00003162,258,30,228
W00003163,255,33,222
W00003164,336,65,271
W00003165,359,100,259
W00003166,276,59,217
W00003167,365,69,296
W00003168,205,8,197
W00003169,312,86,226
W00003170,304,87,217
W00003172,430,58,372
W00003173,212,46,166
W00003174,423,67,356
W00003175,482,75,407
W00003177,426,127,299
W00003178,290,71,219
W00003179,218,48,170
W00003180,288,50,238
W00003181,217,23,194
W00003182,290,51,239
W00003183,288,69,219
W00003184,323,55,268
W00003185,244,36,208
W00003186,189,21,168
W00003187,485,88,397
W00003188,236,35,201
W00003189,218,30,188
W00003190,255,37,218
W00003191,271,39,232
W00003192,465,71,394
W00003193,301,66,235
W00003194,230,49,181
W00003195,394,55,339
W00003196,292,46,246
W00003197,400,58,342
W00003198,332,58,274
W00003199,273,29,244
W00003200,211,19,192
W00003201,251,16,235
W00003202,284,65,219
W00003203,313,45,268
W00003204,299,53,246
W00003205,321,61,260
W00003206,244,28,216
W00003207,280,58,222
W00003208,310,41,269
W00003209,304,33,271
W00003210,315,54,261
W00003211,225,28,197
W00003212,266,24,242
W00003213,251,40,211
W00003214,274,52,222
W00003215,253,54,199
W00003216,322,67,255
W00003217,207,26,181
W00003218,266,42,224
W00003219,204,34,170
W00003220,282,40,242
W00003221,255,45,210
W00003222,315,48,267
W00003223,264,66,198
W00003224,283,101,182
W00003225,264,58,206
W00003226,283,26,257
W00003227,271,51,220
W00003228,291,61,230
W00003229,273,26,247
W00003230,344,66,278
W00003231,314,73,241
W00003232,287,39,248
W00003233,276,74,202
W00003234,285,54,231
W00003235,274,36,238
W00003236,244,25,219
W00003237,349,66,283
W00003238,227,20,207
W00003239,349,70,279
W00003240,487,144,343
W00003241,335,95,240
W00003242,498,98,400
W00003243,325,60,265
W00003244,274,66,208
W00003245,228,25,203
W00003246,293,45,248
W00003247,296,54,242
W00003248,293,50,243
W00003249,246,53,193
W00003250,335,89,246
W00003251,333,81,252
W00003252,338,114,224
W00003253,323,90,233
W00003255,360,50,310
W00003256,299,63,236
W00003257,339,84,255
W00003258,395,99,296
W00003259,271,29,242
W00003260,297,58,239
W00003261,279,39,240
W00003262,250,25,225
W00003263,274,52,222
W00003264,257,60,197
W00003265,280,24,256
W00003266,265,33,232
W00003267,287,37,250
W00003268,402,19,383
W00003269,291,33,258
W00003270,300,48,252
W00003271,256,26,230
W00003272,248,33,215
W00003273,234,29,205
W00003274,315,44,271
W00003275,586,88,498
W00003276,273,35,238
W00003277,179,22,157
W00003279,260,36,224
W00003280,436,66,370
W00003281,184,26,158
W00003282,344,58,286
W00003283,281,46,235
W00003284,282,31,251
W00003285,305,48,257
W00003286,208,24,184
W00003287,397,53,344
W00003288,239,25,214
W00003289,273,35,238
W00003290,240,43,197
W00003291,295,34,261
W00003292,285,37,248
W00003293,240,46,194
W00003294,239,52,187
W00003295,194,23,171
W00003296,221,27,194
W00003297,178,25,153
W00003298,404,68,336
W00003299,309,57,252
W00003300,226,37,189
W00003301,213,21,192
W00003302,325,37,288
W00003303,214,31,183
W00003304,173,11,162
W00003305,171,13,158
W00003306,210,23,187
W00003307,107,9,98
W00003308,171,13,158
W00003309,169,26,143
W00003310,190,14,176
W00003311,125,24,101
W00003312,260,45,215
W00003313,191,21,170
W00003314,406,52,354
W00003315,373,77,296
W00003316,310,46,264
W00003317,363,88,275
W00003318,375,64,311
W00003319,494,55,439
W00003320,221,30,191
W00003321,224,36,188
W00003322,148,20,128
W00003323,188,20,168
W00003324,210,15,195
W00003325,275,43,232
W00003326,273,43,230
W00003327,225,44,181
W00003328,229,32,197
W00003329,214,35,179
W00003330,251,35,216
W00003331,251,35,216
W00003332,118,8,110
W00003333,170,13,157
W00003334,153,16,137
W00003335,190,41,149
W00003336,359,79,280
W00003337,104,8,96
W00003338,202,38,164
W00003339,260,54,206
W00003340,162,11,151
W00003341,152,15,137
W00003342,148,6,142
W00003343,259,24,235
W00003344,261,40,221
W00003345,222,17,205
W00003346,320,67,253
W00003347,309,37,272
W00003348,376,42,334
W00003349,234,27,207
W00003350,219,32,187
W00003351,364,65,299
W00003352,365,60,305
W00003353,370,81,289
W00003354,388,80,308
W00003355,341,44,297
W00003356,255,37,218
W00003357,281,40,241
W00003358,224,37,187
W00003359,358,54,304
W00003360,378,63,315
W00003361,283,51,232
W00003362,211,28,183
W00003363,191,49,142
W00003364,279,64,215
W00003365,276,64,212
W00003366,306,63,243
W00003367,287,64,223
W00003368,230,43,187
W00003369,224,40,184
W00003370,304,61,243
W00003372,387,41,346
W00003373,205,34,171
W00003374,275,72,203
W00003375,254,26,228
W00003376,261,47,214
W00003377,288,59,229
W00003378,274,51,223
W00003379,280,80,200
W00003380,284,50,234
W00003381,150,24,126
W00003382,287,54,233
W00003383,236,30,206
W00003384,380,60,320
W00003385,291,46,245
W00003386,242,48,194
W00003387,319,64,255
W00003388,253,69,184
W00003389,320,80,240
W00003390,269,57,212
W00003391,278,64,214
W00003392,329,78,251
W00003393,305,76,229
W00003394,288,59,229
W00003395,294,53,241
W00003396,303,47,256
W00003397,271,51,220
W00003398,272,48,224
W00003399,260,45,215
W00003400,320,63,257
W00003401,242,25,217
W00003402,290,71,219
W00003403,256,40,216
W00003404,200,12,188
W00003405,324,57,267
W00003406,248,23,225
W00003407,244,40,204
W00003408,214,51,163
W00003409,264,29,235
W00003410,245,47,198
W00003411,202,14,188
W00003412,315,60,255
W00003413,273,47,226
W00003414,262,49,213
W00003415,324,58,266
W00003416,248,31,217
W00003418,265,59,206
W00003419,291,39,252
W00003422,263,61,202
W00003423,552,102,450
W00003424,201,20,181
W00003425,314,53,261
W00003426,274,51,223
W00003427,310,72,238
W00003428,206,33,173
W00003429,257,74,183
W00003430,250,57,193
W00003431,273,56,217
W00003432,315,84,231
W00003433,265,69,196
W00003434,239,46,193
W00003435,271,46,225
W00003436,267,38,229
W00003437,325,99,226
W00003438,284,61,223
W00003439,229,41,188
W00003440,326,63,263
W00003441,330,52,278
W00003442,234,44,190
W00003443,331,49,282
W00003444,295,50,245
W00003445,236,31,205
W00003446,274,43,231
W00003447,190,9,181
W00003448,206,32,174
W00003449,204,20,184
W00003450,270,18,252
W00003451,278,40,238
W00003452,292,27,265
W00003453,245,23,222
W00003454,281,41,240
W00003455,294,53,241
W00003456,274,63,211
W00003457,489,145,344
W00003458,486,92,394
W00003459,384,110,274
W00003460,297,60,237
W00003463,295,72,223
W00003464,250,63,187
W00003465,307,76,231
W00003466,231,35,196
W00003467,290,61,229
W00003468,315,93,222
W00003469,274,71,203
W00003470,280,36,244
W00003471,185,14,171
W00003472,224,31,193
W00003473,263,22,241
W00003474,308,61,247
W00003475,294,49,245
W00003476,494,89,405
W00003477,239,36,203
W00003478,188,28,160
W00003479,214,45,169
W00003480,287,40,247
W00003481,193,27,166
W00003482,251,35,216
W00003483,287,34,253
W00003484,238,31,207
W00003485,350,56,294
W00003486,321,42,279
W00003487,303,59,244
W00003488,345,56,289
W00003489,356,50,306
W00003490,351,60,291
W00003491,311,52,259
W00003492,294,42,252
W00003493,305,37,268
W00003494,276,31,245
W00003495,410,49,361
W00003496,215,21,194
W00003497,289,47,242
W00003498,214,35,179
W00003499,378,71,307
W00003500,270,48,222
W00003501,330,98,232
W00003502,276,40,236
W00003503,364,53,311
W00003504,290,48,242
W00003505,262,62,200
W00003506,200,34,166
W00003507,271,51,220
W00003508,248,58,190
W00003509,243,42,201
W00003510,277,32,245
W00003511,314,48,266
W00003512,279,43,236
W00003513,250,52,198
W00003514,285,46,239
W00003515,251,48,203
W00003516,265,43,222
W00003517,332,63,269
W00003518,241,47,194
W00003519,151,17,134
W00003520,297,80,217
W00003521,247,45,202
W00003522,263,90,173
W00003523,247,67,180
W00003524,283,53,230
W00003525,323,82,241
W00003526,322,56,266
W00003527,263,44,219
W00003528,392,83,309
W00003529,321,62,259
W00003530,287,56,231
W00003533,294,58,236
W00003534,298,67,231
W00003535,279,36,243
W00003536,307,63,244
W00003537,315,50,265
W00003538,305,47,258
W00003539,345,50,295
W00003540,221,42,179
W00003542,332,69,263
W00003543,289,77,212
W00003544,243,37,206
W00003545,214,57,157
W00003546,274,56,218
W00003547,292,68,224
W00003548,216,44,172
W00003549,260,82,178
W00003550,272,50,222
W00003552,311,65,246
W00003553,279,67,212
W00003554,248,62,186
W00003555,229,44,185
W00003556,247,58,189
W00003557,219,35,184
W00003558,147,24,123
W00003559,282,54,228
W00003560,304,69,235
W00003561,300,43,257
W00003562,219,32,187
W00003563,327,42,285
W00003564,321,78,243
W00003565,307,50,257
W00003566,237,34,203
W00003567,482,92,390
W00003568,411,74,337
W00003569,422,81,341
W00003571,311,40,271
W00003572,183,16,167
W00003573,570,102,468
W00003574,403,53,350
W00003575,344,72,272
W00003576,312,47,265
W00003577,405,84,321
W00003578,264,32,232
W00003579,291,47,244
W00003580,256,60,196
W00003581,444,107,337
W00003582,298,50,248
W00003583,196,38,158
W00003584,266,34,232
W00003585,258,39,219
W00003586,303,46,257
W00003587,368,73,295
W00003588,324,59,265
W00003589,242,33,209
W00003590,332,50,282
W00003591,246,46,200
W00003592,270,49,221
W00003594,363,65,298
W00003595,235,30,205
W00003596,275,48,227
W00003597,243,34,209
W00003598,253,32,221
W00003599,337,85,252
W00003600,223,32,191
W00003601,268,41,227
W00003602,428,84,344
W00003603,235,62,173
W00003604,223,39,184
W00003605,257,46,211
W00003606,275,62,213
W00003607,301,42,259
W00003608,577,126,451
W00003609,240,33,207
W00003610,264,59,205
W00003611,441,74,367
W00003612,297,40,257
W00003613,408,58,350
W00003614,171,25,146
W00003615,189,29,160
W00003616,145,15,130
W00003617,178,31,147
W00003618,381,60,321
W00003619,291,33,258
W00003620,226,44,182
W00003621,247,48,199
W00003622,110,14,96
W00003623,160,22,138
W00003624,382,78,304
W00003625,381,49,332
W00003626,354,52,302
W00003627,323,39,284
W00003628,296,52,244
W00003629,270,44,226
W00003630,410,52,358
W00003631,356,56,300
W00003632,389,71,318
W00003633,271,41,230
W00003634,274,51,223
W00003635,294,46,248
W00003636,212,20,192
W00003637,273,51,222
W00003638,373,75,298
W00003639,271,38,233
W00003640,332,51,281
W00003641,249,52,197
W00003642,207,27,180
W00003643,207,37,170
W00003644,276,64,212
W00003645,217,35,182
W00003646,231,41,190
W00003647,287,32,255
W00003648,216,29,187
W00003649,215,33,182
W00003650,341,131,210
W00003651,180,27,153
W00003652,220,44,176
W00003653,222,34,188
W00003654,225,21,204
W00003655,275,40,235
W00003656,317,67,250
W00003657,340,66,274
W00003658,403,75,328
W00003659,231,51,180
W00003660,306,55,251
W00003661,282,46,236
W00003662,247,31,216
W00003664,218,36,182
W00003665,373,74,299
W00003666,273,46,227
W00003667,298,71,227
W00003668,282,50,232
W00003669,263,49,214
W00003670,336,71,265
W00003671,514,80,434
W00003672,235,42,193
W00003673,138,12,126
W00003674,191,31,160
W00003675,215,26,189
W00003676,230,18,212
W00003677,260,35,225
W00003678,256,48,208
W00003679,326,48,278
W00003680,273,45,228
W00003681,331,53,278
W00003682,295,33,262
W00003683,264,29,235
W00003684,212,34,178
W00003685,409,85,324
W00003686,300,44,256
W00003687,302,57,245
W00003688,235,32,203
W00003689,225,22,203
W00003690,285,42,243
W00003691,241,42,199
W00003692,348,32,316
W00003693,280,37,243
W00003694,221,29,192
W00003695,386,58,328
W00003696,254,50,204
W00003697,338,72,266
W00003698,319,48,271
W00003699,356,33,323
W00003700,327,48,279
W00003701,324,36,288
W00003702,359,89,270
W00003703,269,37,232
W00003704,281,53,228
W00003705,302,43,259
W00003706,333,39,294
W00003707,245,39,206
W00003708,375,46,329
W00003709,316,43,273
W00003710,164,28,136
W00003711,494,132,362
W00003712,347,78,269
W00003713,269,51,218
W00003714,200,28,172
W00003715,377,73,304
W00003716,400,85,315
W00003717,304,73,231
W00003718,297,47,250
W00003719,341,56,285
W00003720,230,23,207
W00003721,379,68,311
W00003722,377,93,284
W00003723,367,53,314
W00003724,278,78,200
W00003725,246,44,202
W00003726,523,105,418
W00003727,187,19,168
W00003728,264,29,235
W00003729,535,81,454
W00003730,219,21,198
W00003731,349,92,257
W00003732,280,61,219
W00003733,148,25,123
W00003734,293,52,241
W00003735,302,51,251
W00003736,265,33,232
W00003737,300,48,252
W00003738,287,31,256
W00003739,259,42,217
W00003741,447,87,360
W00003742,308,63,245
W00003743,371,64,307
W00003744,321,75,246
W00003745,358,70,288
W00003746,321,38,283
W00003747,431,76,355
W00003748,281,56,225
W00003749,445,62,383
W00003750,299,45,254
W00003751,312,59,253
W00003752,351,51,300
W00003753,271,64,207
W00003754,262,71,191
W00003755,297,43,254
W00003756,221,37,184
W00003757,271,60,211
W00003758,383,64,319
W00003759,277,70,207
W00003760,279,35,244
W00003761,264,34,230
W00003762,282,43,239
W00003763,222,46,176
W00003764,256,37,219
W00003765,210,20,190
W00003766,179,25,154
W00003767,214,26,188
W00003768,455,75,380
W00003769,226,51,175
W00003770,359,37,322
W00003771,226,49,177
W00003772,218,23,195
W00003773,396,73,323
W00003774,302,52,250
W00003775,265,42,223
W00003776,227,40,187
W00003777,266,31,235
W00003778,303,52,251
W00003779,288,57,231
W00003780,256,43,213
W00003781,285,62,223
W00003782,309,74,235
W00003783,262,40,222
W00003784,264,52,212
W00003785,239,62,177
W00003786,261,64,197
W00003787,266,54,212
W00003788,260,52,208
W00003789,298,66,232
W00003790,269,48,221
W00003791,312,107,205
W00003792,244,57,187
W00003793,397,58,339
W00003794,278,49,229
W00003795,224,32,192
W00003796,394,102,292
W00003797,319,77,242
W00003798,287,46,241
W00003799,254,59,195
W00003800,316,50,266
W00003801,270,46,224
W00003802,268,60,208
W00003803,262,62,200
W00003804,237,47,190
W00003805,216,39,177
W00003806,275,68,207
W00003807,261,63,198
W00003808,274,111,163
W00003809,245,63,182
W00003811,307,49,258
W00003812,325,55,270
W00003813,292,47,245
W00003814,356,43,313
W00003815,446,59,387
W00003817,341,39,302
W00003818,309,52,257
W00003819,341,71,270
W00003820,266,33,233
W00003821,321,45,276
W00003823,249,56,193
W00003824,202,28,174
W00003825,315,52,263
W00003826,263,47,216
W00003827,241,30,211
W00003828,254,49,205
W00003829,232,41,191
W00003830,393,49,344
W00003831,327,61,266
W00003832,341,60,281
W00003833,242,40,202
W00003834,337,68,269
W00003835,343,70,273
W00003836,466,80,386
W00003837,458,90,368
W00003838,270,22,248
W00003839,389,79,310
W00003840,288,50,238
W00003841,222,38,184
W00003842,293,62,231
W00003843,246,42,204
W00003844,321,58,263
W00003845,257,56,201
W00003846,288,49,239
W00003847,340,68,272
W00003848,487,87,400
W00003849,309,74,235
W00003850,259,44,215
W00003851,269,40,229
W00003852,251,38,213
W00003853,211,43,168
W00003854,263,48,215
W00003855,319,43,276
W00003856,251,38,213
W00003857,300,67,233
W00003858,316,50,266
W00003859,304,42,262
W00003860,285,53,232
W00003861,268,39,229
W00003862,253,48,205
W00003863,230,42,188
W00003864,235,33,202
W00003865,259,56,203
W00003866,305,48,257
W00003867,297,41,256
W00003868,278,33,245
W00003869,499,148,351
W00003870,305,34,271
W00003871,306,46,260
W00003872,440,85,355
W00003873,370,69,301
W00003874,239,39,200
W00003875,335,60,275
W00003876,375,55,320
W00003877,352,43,309
W00003878,246,26,220
W00003879,285,43,242
W00003880,200,25,175
W00003881,326,47,279
W00003882,228,31,197
W00003883,288,36,252
W00003884,514,81,433
W00003885,344,53,291
W00003886,416,64,352
W00003887,298,54,244
W00003888,390,71,319
W00003889,346,55,291
W00003890,358,60,298
W00003891,379,78,301
W00003892,403,83,320
W00003893,246,33,213
W00003894,391,58,333
W00003895,350,60,290
W00003896,300,59,241
W00003897,158,20,138
W00003898,364,67,297
W00003899,311,52,259
W00003900,223,19,204
W00003901,206,33,173
W00003902,221,22,199
W00003903,263,41,222
W00003904,288,58,230
W00003905,422,41,381
W00003906,299,40,259
W00003907,263,37,226
W00003908,367,52,315
W00003909,349,41,308
W00003910,298,40,258
W00003911,327,52,275
W00003912,299,60,239
W00003913,296,59,237
W00003914,248,35,213
W00003915,290,59,231
W00003916,296,66,230
W00003917,325,81,244
W00003918,466,93,373
W00003919,320,64,256
W00003920,363,63,300
W00003921,270,50,220
W00003922,329,62,267
W00003923,274,26,248
W00003924,263,37,226
W00003925,301,57,244
W00003926,245,35,210
W00003927,285,42,243
W00003928,229,36,193
W00003930,228,28,200
W00003931,261,55,206
W00003932,221,24,197
W00003933,323,77,246
W00003934,229,48,181
W00003935,272,54,218
W00003937,238,52,186
W00003938,291,57,234
W00003939,252,42,210
W00003940,463,73,390
W00003941,161,13,148
W00003943,278,34,244
W00003944,250,50,200
W00003945,256,37,219
W00003946,313,68,245
W00003947,239,49,190
W00003948,265,57,208
W00003949,209,37,172
W00003950,223,45,178
W00003951,272,75,197
W00003952,226,29,197
W00003953,305,53,252
W00003954,295,48,247
W00003955,252,36,216
W00003956,314,73,241
W00003957,120,17,103
W00003958,425,66,359
W00003960,359,102,257
W00003961,288,30,258
W00003962,244,35,209
W00003963,441,29,412
W00003964,257,44,213
W00003965,271,67,204
W00003966,278,34,244
W00003967,222,43,179
W00003968,262,41,221
W00003969,247,38,209
W00003970,298,61,237
W00003971,268,57,211
W00003972,299,69,230
W00003973,276,61,215
W00003975,324,94,230
W00003976,231,55,176
W00003977,294,88,206
W00003978,231,58,173
W00003979,125,21,104
W00003980,129,19,110
W00003981,149,14,135
W00003982,399,157,242
W00003983,406,145,261
W00003984,364,136,228
W00003986,282,47,235
W00003987,227,32,195
W00003988,388,143,245
W00003989,399,136,263
W00003990,243,46,197
W00003991,246,55,191
W00003992,166,9,157
W00003993,204,87,117
W00003995,224,41,183
W00003996,224,57,167
W00003997,531,100,431
W00003998,283,51,232
W00003999,229,52,177
W00004001,236,63,173
W00004002,222,50,172
W00004003,237,44,193
W00004004,490,117,373
W00004005,199,50,149
W00004006,191,26,165
W00004007,289,67,222
W00004008,191,28,163
W00004010,202,35,167
W00004011,131,10,121
W00004012,169,27,142
W00004013,223,54,169
W00004014,252,16,236
W00004015,217,46,171
W00004016,232,42,190
W00004017,220,36,184
W00004018,378,161,217
W00004019,261,118,143
W00004020,272,82,190
W00004021,263,102,161
W00004022,233,97,136
W00004023,184,52,132
W00004025,243,92,151
W00004026,188,46,142
W00004027,361,167,194
W00004028,395,191,204
W00004030,346,93,253
W00004031,329,54,275
W00004032,330,65,265
W00004033,425,88,337
W00004034,301,27,274
W00004035,300,60,240
W00004036,272,67,205
W00004037,265,33,232
W00004038,228,50,178
W00004039,184,21,163
W00004040,295,100,195
W00004041,265,49,216
W00004042,262,50,212
W00004043,326,76,250
W00004044,326,40,286
W00004045,279,73,206
W00004046,251,53,198
W00004047,269,71,198
W00004048,190,7,183
W00004049,292,65,227
W00004050,282,82,200
W00004051,220,40,180
W00004052,242,40,202
W00004053,235,34,201
W00004054,256,24,232
W00004055,265,42,223
W00004056,232,31,201
W00004057,292,77,215
W00004058,330,108,222
W00004059,274,43,231
W00004060,275,47,228
W00004061,249,49,200
W00004062,305,72,233
W00004063,246,35,211
W00004064,277,51,226
W00004065,320,77,243
W00004066,176,28,148
W00004067,293,58,235
W00004068,139,17,122
W00004069,175,29,146
W00004070,244,44,200
W00004072,271,40,231
W00004073,525,117,408
W00004074,227,41,186
W00004075,515,132,383
W00004076,259,54,205
W00004077,237,41,196
W00004078,409,68,341
W00004079,324,73,251
W00004080,244,35,209
W00004081,267,60,207
W00004082,341,112,229
W00004083,247,65,182
W00004084,273,56,217
W00004085,368,53,315
W00004086,274,43,231
W00004087,219,23,196
W00004088,308,50,258
W00004089,256,46,210
W00004090,329,90,239
W00004091,243,10,233
W00004092,229,45,184
W00004093,314,80,234
W00004094,180,28,152
W00004095,223,31,192
W00004096,312,66,246
W00004097,325,58,267
W00004098,282,47,235
W00004099,268,36,232
W00004100,303,45,258
W00004101,319,80,239
W00004102,210,38,172
W00004103,290,69,221
W00004104,284,48,236
W00004105,339,59,280
W00004106,209,54,155
W00004107,257,41,216
W00004108,310,68,242
W00004109,293,60,233
W00004110,278,54,224
W00004111,287,40,247
W00004112,269,61,208
W00004113,261,48,213
W00004114,240,39,201
W00004115,244,47,197
W00004116,262,41,221
W00004117,296,68,228
W00004118,237,43,194
W00004119,212,30,182
W00004120,293,54,239
W00004121,232,44,188
W00004122,283,51,232
W00004123,191,15,176
W00004124,192,23,169
W00004125,235,43,192
W00004126,251,43,208
W00004127,278,63,215
W00004128,222,31,191
W00004129,306,55,251
W00004130,268,60,208
W00004131,306,58,248
W00004132,238,40,198
W00004133,275,50,225
W00004134,270,51,219
W00004135,310,65,245
W00004136,278,34,244
W00004137,301,62,239
W00004138,256,41,215
W00004139,278,43,235
W00004140,354,67,287
W00004141,265,54,211
W00004142,304,50,254
W00004143,343,51,292
W00004144,156,29,127
W00004145,375,74,301
W00004146,291,74,217
W00004147,344,70,274
W00004148,241,22,219
W00004149,263,55,208
W00004150,228,37,191
W00004151,283,72,211
W00004152,299,52,247
W00004153,389,101,288
W00004154,388,51,337
W00004155,184,17,167
W00004157,465,127,338
W00004158,282,55,227
W00004159,339,69,270
W00004160,144,32,112
W00004161,314,34,280
W00004162,330,45,285
W00004163,443,63,380
W00004164,243,56,187
W00004165,298,32,266
W00004166,348,63,285
W00004167,211,32,179
W00004168,380,70,310
W00004169,400,78,322
W00004170,210,33,177
W00004171,282,74,208
W00004172,351,54,297
W00004173,172,22,150
W00004174,301,57,244
W00004175,259,48,211
W00004176,369,74,295
W00004177,310,64,246
W00004178,283,51,232
W00004179,296,74,222
W00004180,293,50,243
W00004181,266,52,214
W00004182,310,53,257
W00004183,195,24,171
W00004184,241,54,187
W00004186,255,38,217
W00004188,254,33,221
W00004189,253,50,203
W00004190,262,48,214
W00004191,283,48,235
W00004192,295,66,229
W00004196,215,31,184
W00004197,247,34,213
W00004198,233,39,194
W00004199,277,37,240
W00004200,273,33,240
W00004201,249,34,215
W00004202,340,55,285
W00004203,241,34,207
W00004204,268,39,229
W00004205,271,35,236
W00004206,211,18,193
W00004207,292,41,251
W00004208,134,17,117
W00004210,289,54,235
W00004211,253,34,219
W00004212,295,59,236
W00004213,196,22,174
W00004215,225,40,185
W00004216,251,35,216
W00004217,219,35,184
W00004218,238,28,210
W00004220,292,45,247
W00004221,264,60,204
W00004222,295,75,220
W00004223,295,57,238
W00004224,239,51,188
W00004225,278,53,225
W00004226,350,71,279
W00004227,286,68,218
W00004228,218,44,174
W00004229,316,63,253
W00004230,229,32,197
W00004232,273,56,217
W00004233,282,53,229
W00004234,258,46,212
W00004235,254,47,207
W00004236,269,62,207
W00004237,273,43,230
W00004238,251,45,206
W00004239,266,59,207
W00004240,267,44,223
W00004241,256,47,209
W00004242,340,65,275
W00004243,379,72,307
W00004244,219,30,189
W00004245,189,28,161
W00004246,423,71,352
W00004247,161,30,131
W00004248,305,52,253
W00004249,277,38,239
W00004250,340,105,235
W00004251,224,17,207
W00004252,512,138,374
W00004253,245,32,213
W00004254,283,39,244
W00004255,470,102,368
W00004256,558,117,441
W00004257,338,65,273
W00004258,376,91,285
W00004259,348,58,290
W00004260,291,57,234
W00004261,263,40,223
W00004262,299,44,255
W00004263,291,38,253
W00004264,350,57,293
W00004265,353,71,282
W00004266,469,99,370
W00004267,361,90,271
W00004268,269,52,217
W00004269,292,54,238
W00004270,247,24,223
W00004271,276,45,231
W00004272,279,38,241
W00004274,317,59,258
W00004275,317,67,250
W00004276,353,60,293
W00004277,431,101,330
W00004278,247,32,215
W00004279,247,27,220
W00004280,257,18,239
W00004281,304,78,226
W00004282,194,39,155
W00004283,215,21,194
W00004284,348,85,263
W00004285,252,48,204
W00004286,431,121,310
W00004288,274,40,234
W00004289,321,63,258
W00004290,326,45,281
W00004291,309,53,256
W00004292,248,35,213
W00004293,241,47,194
W00004294,356,73,283
W00004295,267,52,215
W00004296,251,58,193
W00004297,348,59,289
W00004298,249,42,207
W00004299,180,36,144
W00004300,572,127,445
W00004301,299,53,246
W00004302,289,37,252
W00004303,295,48,247
W00004304,175,29,146
W00004305,362,72,290
W00004306,321,69,252
W00004307,385,49,336
W00004308,271,61,210
W00004309,254,55,199
W00004310,257,52,205
W00004311,230,23,207
W00004312,256,47,209
W00004313,273,38,235
W00004314,261,35,226
W00004315,289,64,225
W00004316,258,50,208
W00004317,363,77,286
W00004318,239,51,188
W00004320,325,59,266
W00004321,246,40,206
W00004322,245,32,213
W00004323,214,22,192
W00004324,313,63,250
W00004325,246,36,210
W00004326,317,101,216
W00004327,298,61,237
W00004328,303,40,263
W00004329,291,44,247
W00004330,245,35,210
W00004331,247,37,210
W00004332,292,63,229
W00004333,223,48,175
W00004334,218,52,166
W00004335,238,32,206
W00004336,258,52,206
W00004337,251,39,212
W00004338,247,44,203
W00004339,301,40,261
W00004340,316,60,256
W00004341,336,72,264
W00004342,245,38,207
W00004343,258,49,209
W00004344,319,50,269
W00004345,260,48,212
W00004346,263,52,211
W00004347,245,50,195
W00004348,252,33,219
W00004349,239,32,207
W00004350,247,43,204
W00004351,281,46,235
W00004352,283,55,228
W00004353,261,23,238
W00004354,251,30,221
W00004355,296,87,209
W00004356,277,53,224
W00004357,274,44,230
W00004358,245,62,183
W00004359,238,34,204
W00004360,241,20,221
W00004361,163,15,148
W00004362,261,45,216
W00004363,340,57,283
W00004364,248,39,209
W00004365,284,42,242
W00004366,300,50,250
W00004367,309,65,244
W00004368,337,61,276
W00004369,274,40,234
W00004370,299,49,250
W00004371,276,19,257
W00004372,377,75,302
W00004373,262,51,211
W00004374,252,42,210
W00004375,206,37,169
W00004376,174,21,153
W00004377,247,36,211
W00004378,227,45,182
W00004379,383,98,285
W00004380,252,47,205
W00004381,322,53,269
W00004382,355,108,247
W00004383,246,61,185
W00004384,281,69,212
W00004385,238,57,181
W00004386,308,84,224
W00004387,270,36,234
W00004388,305,67,238
W00004389,249,31,218
W00004390,290,40,250
W00004391,256,32,224
W00004392,268,52,216
W00004393,293,41,252
W00004394,282,37,245
W00004395,276,48,228
W00004396,266,27,239
W00004397,295,52,243
W00004398,245,60,185
W00004399,261,34,227
W00004400,232,43,189
W00004401,267,61,206
W00004402,295,77,218
W00004403,299,47,252
W00004404,212,34,178
W00004405,431,82,349
W00004406,363,69,294
W00004407,248,42,206
W00004408,432,77,355
W00004409,275,64,211
W00004410,202,30,172
W00004411,380,63,317
W00004412,214,34,180
W00004413,263,36,227
W00004414,264,44,220
W00004415,218,35,183
W00004416,213,37,176
W00004417,183,23,160
W00004418,206,27,179
W00004419,206,23,183
W00004420,231,41,190
W00004421,258,48,210
W00004422,259,50,209
W00004423,258,50,208
W00004424,230,31,199
W00004425,271,40,231
W00004426,144,16,128
W00004427,247,47,200
W00004428,208,34,174
W00004429,278,39,239
W00004430,302,58,244
W00004431,400,72,328
W00004432,355,39,316
W00004433,252,34,218
W00004434,243,46,197
W00004435,254,36,218
W00004436,268,46,222
W00004437,227,38,189
W00004438,345,56,289
W00004439,223,15,208
W00004440,267,60,207
W00004441,321,100,221
W00004442,348,83,265
W00004443,230,66,164
W00004444,284,80,204
W00004445,280,57,223
W00004446,366,130,236
W00004448,216,58,158
W00004449,431,162,269
W00004450,264,89,175
W00004451,301,104,197
W00004452,250,80,170
W00004453,353,104,249
W00004454,250,58,192
W00004455,304,70,234
W00004456,289,58,231
W00004457,264,58,206
W00004458,278,64,214
W00004459,233,40,193
W00004460,230,42,188
W00004461,276,54,222
W00004462,242,50,192
W00004463,316,54,262
W00004464,272,65,207
W00004465,202,44,158
W00004466,232,59,173
W00004467,239,45,194
W00004468,223,60,163
W00004469,306,122,184
W00004470,230,61,169
W00004471,307,70,237
W00004472,310,100,210
W00004473,258,66,192
W00004474,307,81,226
W00004475,280,57,223
W00004476,215,36,179
W00004477,387,145,242
W00004478,326,92,234
W00004479,301,83,218
W00004482,278,59,219
W00004483,291,54,237
W00004484,332,43,289
W00004485,303,50,253
W00004486,373,60,313
W00004487,262,39,223
W00004488,276,37,239
W00004489,293,47,246
W00004490,267,29,238
W00004491,194,24,170
W00004492,225,48,177
W00004493,321,73,248
W00004494,397,71,326
W00004495,343,74,269
W00004496,443,84,359
W00004497,314,66,248
W00004498,411,83,328
W00004499,229,10,219
W00004500,317,87,230
W00004501,255,27,228
W00004502,307,61,246
W00004503,250,72,178
W00004504,319,72,247
W00004505,265,22,243
W00004506,273,42,231
W00004507,432,86,346
W00004508,296,81,215
W00004509,290,62,228
W00004510,365,60,305
W00004511,393,56,337
W00004512,342,93,249
W00004514,300,53,247
W00004515,264,62,202
W00004516,272,81,191
W00004517,325,67,258
W00004518,289,75,214
W00004520,310,84,226
W00004521,352,72,280
W00004522,323,72,251
W00004523,315,69,246
W00004524,298,62,236
W00004525,279,51,228
W00004526,222,35,187
W00004527,395,82,313
W00004528,259,42,217
W00004529,302,53,249
W00004530,280,42,238
W00004531,215,43,172
W00004532,281,65,216
W00004533,267,66,201
W00004534,290,58,232
W00004535,291,75,216
W00004536,277,61,216
W00004537,326,82,244
W00004538,286,39,247
W00004539,266,66,200
W00004540,319,103,216
W00004541,285,57,228
W00004542,273,77,196
W00004544,331,101,230
W00004545,279,49,230
W00004546,266,65,201
W00004547,262,60,202
W00004549,236,57,179
W00004550,270,104,166
W00004552,401,132,269
W00004553,364,63,301
W00004554,369,68,301
W00004555,266,46,220
W00004556,419,108,311
W00004557,287,56,231
W00004558,296,75,221
W00004559,287,29,258
W00004560,321,103,218
W00004561,176,38,138
W00004562,213,33,180
W00004563,351,55,296
W00004564,200,35,165
W00004565,308,74,234
W00004566,298,70,228
W00004567,168,25,143
W00004568,281,89,192
W00004569,263,55,208
W00004570,244,61,183
W00004571,328,87,241
W00004572,309,56,253
W00004573,190,10,180
W00004574,353,71,282
W00004575,228,53,175
W00004576,302,50,252
W00004577,216,22,194
W00004578,263,65,198
W00004579,235,43,192
W00004580,264,35,229
W00004581,256,38,218
W00004582,304,58,246
W00004583,266,48,218
W00004584,311,48,263
W00004586,303,56,247
W00004587,342,58,284
W00004588,257,47,210
W00004589,228,51,177
W00004590,447,95,352
W00004591,241,53,188
W00004592,220,31,189
W00004593,248,41,207
W00004594,248,37,211
W00004595,267,47,220
W00004596,341,79,262
W00004597,275,30,245
W00004598,335,67,268
W00004599,283,58,225
W00004600,305,90,215
W00004601,263,78,185
W00004602,287,95,192
W00004603,276,86,190
W00004604,258,64,194
W00004605,225,64,161
W00004606,266,58,208
W00004607,313,81,232
W00004608,195,30,165
W00004609,142,17,125
W00004610,328,84,244
W00004611,281,71,210
W00004612,215,50,165
W00004613,214,43,171
W00004614,268,73,195
W00004615,311,73,238
W00004616,273,88,185
W00004617,241,68,173
W00004618,242,65,177
W00004619,249,66,183
W00004620,329,111,218
W00004621,243,56,187
W00004622,280,79,201
W00004623,357,126,231
W00004624,251,71,180
W00004625,274,91,183
W00004626,244,62,182
W00004627,323,100,223
W00004628,263,63,200
W00004629,297,90,207
W00004630,207,60,147
W00004631,285,68,217
W00004632,224,35,189
W00004633,331,162,169
W00004634,418,230,188
W00004635,228,32,196
W00004636,236,82,154
W00004637,382,181,201
W00004638,282,95,187
W00004639,239,56,183
W00004640,234,87,147
W00004641,284,157,127
W00004642,347,127,220
W00004643,350,164,186
W00004644,306,76,230
W00004645,328,90,238
W00004646,425,320,105
W00004647,239,60,179
W00004648,382,186,196
W00004649,346,166,180
W00004650,416,278,138
W00004651,301,126,175
W00004652,332,145,187
W00004653,344,204,140
W00004654,364,228,136
W00004655,398,288,110
W00004656,459,284,175
W00004657,354,263,91
W00004658,399,269,130
W00004659,323,221,102
W00004660,220,83,137
W00004661,338,194,144
W00004662,388,264,124
W00004663,374,281,93
W00004664,421,293,128
W00004665,250,39,211
W00004666,235,43,192
W00004667,260,48,212
W00004668,317,92,225
W00004669,304,57,247
W00004670,305,68,237
W00004671,220,48,172
W00004672,267,46,221
W00004673,319,57,262
W00004674,362,67,295
W00004675,311,67,244
W00004676,272,65,207
W00004677,253,46,207
W00004678,318,43,275
W00004679,376,64,312
W00004680,274,59,215
W00004681,332,76,256
W00004682,280,69,211
W00004683,241,26,215
W00004684,280,72,208
W00004685,238,37,201
W00004686,270,45,225
W00004687,198,30,168
W00004688,235,77,158
W00004689,331,44,287
W00004690,219,27,192
W00004691,261,47,214
W00004692,275,61,214
W00004693,379,79,300
W00004694,241,39,202
W00004695,219,35,184
W00004696,223,21,202
W00004697,203,16,187
W00004698,255,38,217
W00004699,254,55,199
W00004700,201,40,161
W00004701,220,34,186
W00004702,228,46,182
W00004703,199,32,167
W00004704,225,55,170
W00004705,341,37,304
W00004706,381,48,333
W00004707,316,50,266
W00004709,278,57,221
W00004710,316,67,249
W00004711,313,47,266
W00004712,296,69,227
W00004713,287,69,218
W00004714,323,70,253
W00004715,245,48,197
W00004716,209,38,171
W00004717,322,57,265
W00004718,326,88,238
W00004719,294,59,235
W00004720,234,31,203
W00004721,274,29,245
W00004722,192,24,168
W00004723,206,20,186
W00004724,288,56,232
W00004725,294,70,224
W00004726,183,37,146
W00004728,308,67,241
W00004729,234,65,169
W00004730,359,93,266
W00004731,288,46,242
W00004732,361,60,301
W00004733,291,54,237
W00004735,327,64,263
W00004736,338,44,294
W00004737,279,58,221
W00004738,312,63,249
W00004739,298,47,251
W00004740,260,45,215
W00004741,409,95,314
W00004742,258,50,208
W00004743,258,43,215
W00004744,405,69,336
W00004745,290,34,256
W00004746,277,49,228
W00004747,250,34,216
W00004748,217,25,192
W00004749,250,31,219
W00004750,287,59,228
W00004751,224,24,200
W00004752,311,45,266
W00004753,331,62,269
W00004754,321,54,267
W00004755,235,28,207
W00004756,394,76,318
W00004757,306,60,246
W00004758,258,47,211
W00004759,284,39,245
W00004760,248,39,209
W00004761,274,37,237
W00004762,318,64,254
W00004763,197,28,169
W00004764,266,65,201
W00004765,262,58,204
W00004766,269,57,212
W00004767,148,9,139
W00004768,228,26,202
W00004769,228,27,201
W00004770,369,71,298
W00004771,246,36,210
W00004772,257,43,214
W00004773,263,45,218
W00004774,248,36,212
W00004775,267,65,202
W00004776,243,38,205
W00004777,277,49,228
W00004778,219,29,190
W00004779,268,47,221
W00004780,256,54,202
W00004781,318,63,255
W00004782,302,79,223
W00004783,293,68,225
W00004784,262,60,202
W00004785,296,65,231
W00004786,267,52,215
W00004787,239,39,200
W00004788,270,24,246
W00004789,326,62,264
W00004790,274,59,215
W00004791,264,53,211
W00004792,538,112,426
W00004793,317,56,261
W00004794,266,31,235
W00004795,223,30,193
W00004796,254,50,204
W00004797,263,48,215
W00004798,271,48,223
W00004799,270,48,222
W00004800,218,27,191
W00004801,269,45,224
W00004802,293,40,253
W00004803,260,38,222
W00004804,290,77,213
W00004805,217,26,191
W00004806,219,50,169
W00004807,267,52,215
W00004808,283,47,236
W00004809,388,80,308
W00004810,295,53,242
W00004811,293,47,246
W00004812,264,32,232
W00004813,142,13,129
W00004814,263,38,225
W00004815,253,46,207
W00004816,230,20,210
W00004817,243,27,216
W00004818,242,28,214
W00004819,263,38,225
W00004820,215,35,180
W00004821,280,59,221
W00004822,287,60,227
W00004823,288,46,242
W00004824,408,83,325
W00004825,221,27,194
W00004826,231,14,217
W00004827,272,31,241
W00004828,243,58,185
W00004829,257,27,230
W00004830,279,74,205
W00004831,299,70,229
W00004832,267,44,223
W00004833,521,119,402
W00004834,266,33,233
W00004836,230,29,201
W00004837,232,36,196
W00004838,332,41,291
W00004839,273,44,229
W00004840,248,39,209
W00004841,229,28,201
W00004842,264,46,218
W00004843,265,51,214
W00004844,286,56,230
W00004845,248,21,227
W00004846,211,26,185
W00004847,267,46,221
W00004848,330,76,254
W00004849,237,14,223
W00004850,238,13,225
W00004851,366,73,293
W00004852,302,45,257
W00004853,285,37,248
W00004854,255,35,220
W00004855,243,25,218
W00004856,285,51,234
W00004857,336,48,288
W00004858,293,50,243
W00004859,308,69,239
W00004860,251,53,198
W00004861,239,36,203
W00004862,315,50,265
W00004863,312,75,237
W00004864,303,37,266
W00004865,348,90,258
W00004866,293,67,226
W00004867,271,52,219
W00004868,326,55,271
W00004869,234,38,196
W00004870,294,56,238
W00004871,284,54,230
W00004872,246,42,204
W00004873,263,46,217
W00004874,265,57,208
W00004875,276,50,226
W00004877,252,39,213
W00004879,541,102,439
W00004882,282,69,213
W00004883,349,50,299
W00004884,259,23,236
W00004885,284,34,250
W00004886,315,63,252
W00004887,269,39,230
W00004888,364,81,283
W00004889,287,35,252
W00004890,244,41,203
W00004891,305,53,252
W00004892,266,52,214
W00004893,156,24,132
W00004894,261,36,225
W00004895,223,30,193
W00004896,312,47,265
W00004897,310,66,244
W00004898,335,51,284
W00004899,262,67,195
W00004900,180,34,146
W00004901,237,52,185
W00004902,223,51,172
W00004903,306,20,286
W00004904,103,22,81
W00004905,265,40,225
W00004906,215,42,173
W00004907,232,33,199
W00004908,214,23,191
W00004909,294,61,233
W00004910,245,44,201
W00004911,237,37,200
W00004912,267,41,226
W00004913,317,67,250
W00004914,203,30,173
W00004915,194,40,154
W00004916,227,37,190
W00004917,275,42,233
W00004918,220,36,184
W00004919,233,29,204
W00004920,225,27,198
W00004921,260,47,213
W00004922,253,26,227
W00004923,266,40,226
W00004924,263,53,210
W00004925,293,47,246
W00004926,298,43,255
W00004927,319,74,245
W00004928,269,41,228
W00004929,237,45,192
W00004930,299,71,228
W00004931,347,75,272
W00004932,349,86,263
W00004934,310,58,252
W00004935,284,48,236
W00004936,286,59,227
W00004937,215,24,191
W00004938,257,32,225
W00004939,277,28,249
W00004940,116,18,98
W00004941,335,47,288
W00004942,171,24,147
W00004943,205,34,171
W00004944,302,58,244
W00004945,254,36,218
W00004946,288,82,206
W00004947,249,46,203
W00004948,139,20,119
W00004949,140,21,119
W00004950,315,60,255
W00004951,244,51,193
W00004952,296,65,231
W00004953,403,73,330
W00004954,245,33,212
W00004955,347,56,291
W00004956,225,37,188
W00004958,361,63,298
W00004960,316,52,264
W00004961,243,33,210
W00004962,256,45,211
W00004963,250,60,190
W00004964,205,28,177
W00004965,293,43,250
W00004966,237,49,188
W00004968,287,51,236
W00004969,245,65,180
W00004970,212,25,187
W00004971,245,40,205
W00004972,248,54,194
W00004973,281,27,254
W00004974,222,42,180
W00004975,253,47,206
W00004976,192,15,177
W00004977,228,41,187
W00004978,187,23,164
W00004979,285,59,226
W00004980,261,49,212
W00004981,249,31,218
W00004982,231,53,178
W00004983,230,41,189
W00004984,249,51,198
W00004985,172,33,139
W00004986,263,69,194
W00004987,312,110,202
W00004988,207,33,174
W00004989,212,42,170
W00004990,212,20,192
W00004991,274,26,248
W00004992,153,11,142
W00004993,225,31,194
W00004994,202,13,189
W00004995,192,24,168
W00004996,196,32,164
W00004997,269,29,240
W00004998,302,53,249
W00004999,325,61,264
W00005000,288,48,240
W00005001,264,55,209
W00005002,301,65,236
W00005003,272,64,208
W00005004,252,58,194
W00005005,294,58,236
W00005006,299,51,248
W00005007,238,37,201
W00005008,270,41,229
W00005009,294,75,219
W00005010,254,34,220
W00005011,277,47,230
W00005012,274,40,234
W00005013,279,78,201
W00005014,254,57,197
W00005015,430,134,296
W00005016,301,66,235
W00005017,237,48,189
W00005018,200,40,160
W00005019,379,66,313
W00005020,297,65,232
W00005021,267,56,211
W00005022,322,71,251
W00005023,247,34,213
W00005024,275,36,239
W00005025,301,52,249
W00005026,337,59,278
W00005027,397,98,299
W00005028,441,109,332
W00005029,422,115,307
W00005030,379,61,318
W00005031,203,23,180
W00005032,317,42,275
W00005033,202,29,173
W00005034,231,23,208
W00005035,325,70,255
W00005036,337,74,263
W00005037,296,41,255
W00005038,303,62,241
W00005039,272,66,206
W00005040,248,56,192
W00005041,481,114,367
W00005042,302,50,252
W00005044,268,37,231
W00005045,299,60,239
W00005046,268,40,228
W00005047,270,40,230
W00005048,273,55,218
W00005049,344,58,286
W00005050,321,67,254
W00005051,238,40,198
W00005052,270,49,221
W00005053,422,64,358
W00005054,273,34,239
W00005055,305,67,238
W00005056,248,34,214
W00005057,286,48,238
W00005058,249,54,195
W00005059,324,69,255
W00005060,219,19,200
W00005061,243,30,213
W00005062,280,54,226
W00005063,243,50,193
W00005064,268,55,213
W00005065,253,41,212
W00005066,240,45,195
W00005067,268,40,228
W00005068,278,41,237
W00005069,305,42,263
W00005070,221,20,201
W00005071,262,39,223
W00005072,456,57,399
W00005073,159,23,136
W00005074,229,44,185
W00005075,348,49,299
W00005076,461,103,358
W00005077,233,21,212
W00005078,315,44,271
W00005080,233,23,210
W00005081,283,64,219
W00005082,258,53,205
W00005083,255,53,202
W00005084,309,64,245
W00005085,211,40,171
W00005086,184,25,159
W00005087,205,22,183
W00005088,377,104,273
W00005089,323,66,257
W00005090,244,39,205
W00005091,280,38,242
W00005092,161,17,144
W00005093,297,67,230
W00005094,182,26,156
W00005095,245,33,212
W00005096,237,44,193
W00005097,281,56,225
W00005098,335,52,283
W00005099,271,68,203
W00005100,338,85,253
W00005101,286,85,201
W00005102,252,26,226
W00005103,387,65,322
W00005104,272,53,219
W00005105,229,36,193
W00005106,271,63,208
W00005107,301,63,238
W00005108,280,83,197
W00005109,280,65,215
W00005110,225,44,181
W00005111,277,59,218
W00005112,278,71,207
W00005113,265,53,212
W00005114,284,77,207
W00005115,285,60,225
W00005116,361,125,236
W00005117,326,77,249
W00005118,307,54,253
W00005119,297,63,234
W00005120,264,56,208
W00005121,253,54,199
W00005122,237,53,184
W00005123,238,33,205
W00005124,242,42,200
W00005125,299,60,239
W00005126,249,35,214
W00005127,313,36,277
W00005128,338,75,263
W00005129,208,34,174
W00005130,225,73,152
W00005131,303,64,239
W00005132,295,68,227
W00005133,355,90,265
W00005134,279,49,230
W00005135,394,74,320
W00005136,229,23,206
W00005137,267,49,218
W00005138,404,85,319
W00005139,235,20,215
W00005140,253,23,230
W00005141,243,41,202
W00005142,227,34,193
W00005143,197,28,169
W00005144,241,40,201
W00005145,476,124,352
W00005146,250,52,198
W00005147,234,42,192
W00005148,530,102,428
W00005149,294,38,256
W00005150,258,47,211
W00005151,382,53,329
W00005152,242,46,196
W00005153,281,34,247
W00005154,259,55,204
W00005155,282,57,225
W00005156,219,31,188
W00005157,321,60,261
W00005158,265,60,205
W00005159,272,51,221
W00005160,254,43,211
W00005161,227,30,197
W00005162,268,50,218
W00005163,273,36,237
W00005164,249,56,193
W00005165,226,31,195
W00005166,223,37,186
W00005167,247,29,218
W00005168,179,25,154
W00005169,273,59,214
W00005171,289,56,233
W00005172,216,46,170
W00005173,240,32,208
W00005174,305,52,253
W00005176,290,44,246
W00005177,294,37,257
W00005178,270,46,224
W00005179,270,39,231
W00005180,412,79,333
W00005181,387,94,293
W00005182,313,58,255
W00005183,380,87,293
W00005184,347,106,241
W00005185,301,67,234
W00005186,255,35,220
W00005187,495,96,399
W00005188,379,54,325
W00005189,120,16,104
W00005190,224,59,165
W00005191,271,64,207
W00005192,341,64,277
W00005193,303,63,240
W00005194,310,51,259
W00005195,259,54,205
W00005196,300,67,233
W00005197,235,40,195
W00005198,279,48,231
W00005199,305,58,247
W00005202,426,96,330
W00005203,313,43,270
W00005204,315,49,266
W00005205,254,43,211
W00005206,240,32,208
W00005207,257,35,222
W00005211,267,34,233
W00005212,339,63,276
W00005213,348,64,284
W00005214,228,36,192
W00005215,289,47,242
W00005216,208,49,159
W00005217,295,74,221
W00005218,270,41,229
W00005219,284,93,191
W00005220,290,58,232
W00005221,258,41,217
W00005222,273,72,201
W00005223,264,41,223
W00005224,270,54,216
W00005225,298,109,189
W00005226,277,35,242
W00005227,265,52,213
W00005228,214,53,161
W00005229,239,35,204
W00005230,283,25,258
W00005231,204,27,177
W00005232,453,83,370
W00005233,250,46,204
W00005234,159,18,141
W00005235,516,114,402
W00005236,351,76,275
W00005237,373,83,290
W00005239,241,38,203
W00005240,239,27,212
W00005241,247,59,188
W00005243,247,56,191
W00005246,481,86,395
W00005247,277,46,231
W00005248,273,48,225
W00005249,218,33,185
W00005250,461,104,357
W00005251,487,107,380
W00005252,229,29,200
W00005253,253,31,222
W00005254,294,40,254
W00005255,249,36,213
W00005256,217,27,190
W00005257,256,39,217
W00005258,228,35,193
W00005259,311,78,233
W00005260,306,58,248
W00005261,257,55,202
W00005262,283,51,232
W00005263,274,45,229
W00005264,207,39,168
W00005265,373,119,254
W00005266,245,57,188
W00005267,251,52,199
W00005268,280,58,222
W00005269,245,40,205
W00005270,287,45,242
W00005271,270,55,215
W00005272,267,42,225
W00005273,242,58,184
W00005274,272,55,217
W00005275,248,41,207
W00005276,222,40,182
W00005277,325,73,252
W00005278,402,105,297
W00005279,223,36,187
W00005280,143,16,127
W00005281,284,72,212
W00005282,238,56,182
W00005283,297,43,254
W00005284,271,43,228
W00005285,247,27,220
W00005287,232,20,212
W00005288,311,79,232
W00005289,229,22,207
W00005294,268,44,224
W00005295,346,77,269
W00005296,385,65,320
W00005297,278,44,234
W00005298,256,48,208
W00005299,285,61,224
W00005300,150,20,130
W00005301,248,46,202
W00005302,252,45,207
W00005303,360,86,274
W00005304,291,48,243
W00005305,275,56,219
W00005306,247,31,216
W00005307,424,73,351
W00005309,268,46,222
W00005310,325,59,266
W00005311,309,79,230
W00005312,350,89,261
W00005313,496,107,389
W00005314,472,59,413
W00005315,288,22,266
W00005316,251,33,218
W00005317,280,32,248
W00005318,206,26,180
W00005319,271,42,229
W00005320,319,63,256
W00005321,252,18,234
W00005322,189,22,167
W00005324,292,65,227
W00005325,209,27,182
W00005326,191,27,164
W00005327,519,105,414
W00005329,195,43,152
W00005330,318,37,281
W00005331,316,89,227
W00005332,217,44,173
W00005333,283,47,236
W00005334,250,23,227
W00005335,267,48,219
W00005336,224,40,184
W00005337,281,50,231
W00005338,268,40,228
W00005339,531,88,443
W00005340,249,26,223
W00005341,244,30,214
W00005342,266,30,236
W00005343,295,48,247
W00005344,286,25,261
W00005346,289,59,230
W00005347,364,83,281
W00005348,216,30,186
W00005349,309,48,261
W00005350,322,63,259
W00005351,329,72,257
W00005352,231,37,194
W00005353,245,36,209
W00005354,195,40,155
W00005355,320,75,245
W00005356,191,37,154
W00005357,222,32,190
W00005358,257,44,213
W00005359,274,62,212
W00005360,259,38,221
W00005361,190,20,170
W00005362,294,33,261
W00005363,311,78,233
W00005364,252,53,199
W00005365,430,100,330
W00005366,242,45,197
W00005367,334,67,267
W00005368,261,34,227
W00005369,272,33,239
W00005370,276,61,215
W00005371,273,42,231
W00005372,223,18,205
W00005373,266,39,227
W00005374,224,47,177
W00005375,253,34,219
W00005376,283,37,246
W00005377,259,50,209
W00005378,251,40,211
W00005379,277,62,215
W00005380,249,47,202
W00005381,304,65,239
W00005382,277,66,211
W00005383,307,70,237
W00005384,242,27,215
W00005385,273,45,228
W00005386,279,48,231
W00005387,273,57,216
W00005388,282,54,228
W00005389,267,50,217
W00005390,199,35,164
W00005391,259,43,216
W00005392,302,52,250
W00005393,278,47,231
W00005394,279,50,229
W00005395,250,22,228
W00005396,237,36,201
W00005397,229,52,177
W00005398,278,73,205
W00005399,300,58,242
W00005400,294,55,239
W00005401,290,67,223
W00005402,324,68,256
W00005403,228,39,189
W00005404,318,46,272
W00005405,259,39,220
W00005406,242,58,184
W00005407,271,65,206
W00005408,214,48,166
W00005409,235,63,172
W00005410,264,39,225
W00005411,434,69,365
W00005412,213,22,191
W00005413,207,20,187
W00005414,277,40,237
W00005415,390,48,342
W00005416,331,71,260
W00005417,241,37,204
W00005418,290,54,236
W00005419,244,32,212
W00005420,313,85,228
W00005421,274,67,207
W00005422,195,26,169
W00005423,284,55,229
W00005424,294,63,231
W00005425,265,48,217
W00005426,324,65,259
W00005427,273,52,221
W00005428,277,63,214
W00005429,333,56,277
W00005430,523,107,416
W00005431,306,73,233
W00005432,314,62,252
W00005433,283,68,215
W00005434,228,18,210
W00005435,266,45,221
W00005436,203,16,187
W00005437,230,56,174
W00005438,268,45,223
W00005439,320,40,280
W00005440,294,34,260
W00005441,220,36,184
W00005442,260,41,219
W00005443,267,31,236
W00005444,235,20,215
W00005445,300,42,258
W00005446,177,8,169
W00005447,439,69,370
W00005448,315,44,271
W00005449,278,40,238
W00005450,285,47,238
W00005451,254,41,213
W00005452,324,28,296
W00005453,282,42,240
W00005454,249,23,226
W00005455,263,24,239
W00005456,277,39,238
W00005457,277,32,245
W00005458,466,87,379
W00005459,281,37,244
W00005460,258,22,236
W00005461,282,38,244
W00005462,197,33,164
W00005463,241,30,211
W00005464,226,27,199
W00005465,278,44,234
W00005466,339,30,309
W00005467,283,40,243
W00005468,297,50,247
W00005469,262,33,229
W00005470,259,53,206
W00005471,197,13,184
W00005472,282,57,225
W00005473,288,56,232
W00005474,245,35,210
W00005475,316,77,239
W00005476,239,31,208
W00005477,291,69,222
W00005478,313,52,261
W00005479,346,55,291
W00005482,303,51,252
W00005483,268,45,223
W00005484,432,66,366
W00005485,360,56,304
W00005486,259,46,213
W00005487,246,64,182
W00005488,302,67,235
W00005489,239,64,175
W00005490,267,33,234
W00005491,256,46,210
W00005492,339,50,289
W00005493,328,56,272
W00005494,307,50,257
W00005495,325,65,260
W00005496,312,50,262
W00005497,319,60,259
W00005498,356,63,293
W00005499,240,33,207
W00005500,452,87,365
W00005501,310,54,256
W00005502,280,44,236
W00005503,225,40,185
W00005504,254,30,224
W00005506,325,54,271
W00005507,278,53,225
W00005508,254,40,214
W00005510,282,55,227
W00005511,246,59,187
W00005512,261,42,219
W00005513,127,28,99
W00005514,220,32,188
W00005515,167,22,145
W00005516,364,60,304
W00005517,395,77,318
W00005518,328,64,264
W00005519,355,64,291
W00005520,315,31,284
W00005521,246,34,212
W00005522,306,63,243
W00005523,260,41,219
W00005524,334,64,270
W00005525,243,35,208
W00005526,283,56,227
W00005527,313,52,261
W00005528,276,45,231
W00005529,262,51,211
W00005530,280,52,228
W00005531,309,57,252
W00005532,264,41,223
W00005533,265,40,225
W00005534,286,45,241
W00005535,163,16,147
W00005536,233,34,199
W00005537,323,47,276
W00005538,292,51,241
W00005539,268,57,211
W00005540,287,37,250
W00005541,248,45,203
W00005542,259,36,223
W00005543,292,57,235
W00005544,282,63,219
W00005545,287,44,243
W00005546,301,49,252
W00005547,248,31,217
W00005548,358,26,332
W00005549,357,22,335
W00005550,283,42,241
W00005551,306,43,263
W00005552,217,33,184
W00005553,290,46,244
W00005554,236,40,196
W00005555,320,53,267
W00005556,217,33,184
W00005557,291,58,233
W00005558,298,70,228
W00005559,194,27,167
W00005560,322,72,250
W00005561,344,70,274
W00005562,263,49,214
W00005563,197,9,188
W00005564,206,26,180
W00005565,279,53,226
W00005566,295,55,240
W00005567,324,53,271
W00005568,289,50,239
W00005569,287,60,227
W00005570,287,77,210
W00005571,295,69,226
W00005572,329,76,253
W00005573,389,90,299
W00005574,218,42,176
W00005575,398,117,281
W00005576,376,92,284
W00005577,274,45,229
W00005578,325,54,271
W00005579,276,34,242
W00005580,298,57,241
W00005581,219,13,206
W00005582,204,5,199
W00005583,323,54,269
W00005584,301,31,270
W00005585,386,49,337
W00005586,305,49,256
W00005587,256,31,225
W00005588,261,56,205
W00005589,250,35,215
W00005590,280,33,247
W00005591,337,37,300
W00005592,296,76,220
W00005593,289,57,232
W00005594,294,52,242
W00005595,268,48,220
W00005596,286,36,250
W00005597,341,77,264
W00005598,307,38,269
W00005599,311,69,242
W00005600,249,28,221
W00005601,224,50,174
W00005603,349,67,282
W00005604,234,52,182
W00005605,485,86,399
W00005608,357,122,235
W00005609,221,27,194
W00005610,248,51,197
W00005611,290,62,228
W00005613,251,43,208
W00005614,207,18,189
W00005615,387,81,306
W00005616,329,72,257
W00005617,299,51,248
W00005618,296,42,254
W00005619,264,50,214
W00005620,264,36,228
W00005621,279,58,221
W00005622,257,6,251
W00005623,257,34,223
W00005624,311,64,247
W00005625,253,44,209
W00005627,302,65,237
W00005628,259,39,220
W00005629,358,76,282
W00005630,274,53,221
W00005631,334,64,270
W00005632,182,30,152
W00005633,223,40,183
W00005634,307,51,256
W00005635,315,59,256
W00005636,343,55,288
W00005637,322,77,245
W00005638,285,67,218
W00005639,256,54,202
W00005640,280,66,214
W00005641,309,48,261
W00005642,299,80,219
W00005643,274,62,212
W00005644,166,45,121
W00005645,254,39,215
W00005646,249,42,207
W00005647,381,82,299
W00005648,217,37,180
W00005650,281,37,244
W00005651,392,94,298
W00005652,292,47,245
W00005653,165,16,149
W00005654,316,56,260
W00005655,254,45,209
W00005656,288,73,215
W00005657,345,85,260
W00005658,191,36,155
W00005659,325,59,266
W00005660,249,36,213
W00005661,324,63,261
W00005662,276,48,228
W00005663,268,62,206
W00005664,249,41,208
W00005665,341,85,256
W00005666,242,52,190
W00005667,318,58,260
W00005668,268,40,228
W00005669,249,35,214
W00005670,259,51,208
W00005671,240,37,203
W00005672,235,38,197
W00005673,511,116,395
W00005674,254,75,179
W00005675,158,23,135
W00005676,307,85,222
W00005677,194,45,149
W00005678,243,35,208
W00005679,237,49,188
W00005680,312,65,247
W00005681,284,68,216
W00005683,258,35,223
W00005684,296,63,233
W00005686,315,67,248
W00005687,292,52,240
W00005688,242,53,189
W00005689,315,50,265
W00005690,272,43,229
W00005691,276,65,211
W00005692,306,57,249
W00005693,271,54,217
W00005694,281,48,233
W00005695,268,45,223
W00005696,275,66,209
W00005697,259,63,196
W00005698,250,46,204
W00005699,248,38,210
W00005700,219,35,184
W00005701,312,89,223
W00005702,279,46,233
W00005703,320,60,260
W00005704,289,67,222
W00005705,294,62,232
W00005706,326,97,229
W00005707,272,51,221
W00005708,316,62,254
W00005709,257,75,182
W00005710,257,38,219
W00005711,288,78,210
W00005712,316,77,239
W00005713,274,66,208
W00005714,272,60,212
W00005715,336,81,255
W00005716,400,66,334
W00005717,277,74,203
W00005718,320,71,249
W00005719,338,71,267
W00005720,272,36,236
W00005721,199,19,180
W00005722,286,59,227
W00005723,405,86,319
W00005724,234,43,191
W00005725,236,28,208
W00005726,328,70,258
W00005727,264,41,223
W00005728,279,63,216
W00005729,269,46,223
W00005730,226,43,183
W00005731,313,50,263
W00005732,248,28,220
W00005733,249,33,216
W00005734,378,73,305
W00005735,219,39,180
W00005736,508,106,402
W00005737,412,80,332
W00005738,347,89,258
W00005739,296,45,251
W00005740,264,40,224
W00005741,294,56,238
W00005742,254,46,208
W00005743,529,94,435
W00005744,218,17,201
W00005745,445,115,330
W00005746,240,34,206
W00005747,270,32,238
W00005748,268,40,228
W00005749,308,51,257
W00005750,302,57,245
W00005751,284,50,234
W00005752,279,49,230
W00005753,264,48,216
W00005754,284,47,237
W00005755,277,39,238
W00005756,259,45,214
W00005757,309,57,252
W00005758,225,18,207
W00005759,299,39,260
W00005760,320,48,272
W00005761,276,47,229
W00005762,492,72,420
W00005763,249,32,217
W00005764,265,36,229
W00005765,304,49,255
W00005766,303,30,273
W00005767,293,59,234
W00005768,253,29,224
W00005769,319,48,271
W00005770,206,15,191
W00005771,285,62,223
W00005773,212,38,174
W00005774,333,43,290
W00005775,261,44,217
W00005776,274,63,211
W00005777,310,49,261
W00005778,321,50,271
W00005779,238,38,200
W00005780,234,39,195
W00005781,292,60,232
W00005782,247,30,217
W00005783,247,48,199
W00005784,388,98,290
W00005785,384,127,257
W00005786,330,86,244
W00005787,272,79,193
W00005788,196,23,173
W00005789,247,50,197
W00005790,292,79,213
W00005791,316,51,265
W00005792,207,24,183
W00005793,235,38,197
W00005794,239,44,195
W00005795,275,85,190
W00005796,314,42,272
W00005797,413,86,327
W00005798,220,47,173
W00005799,278,61,217
W00005800,251,63,188
W00005801,306,52,254
W00005802,246,56,190
W00005803,268,65,203
W00005804,270,42,228
W00005805,254,35,219
W00005806,208,27,181
W00005807,201,41,160
W00005808,279,40,239
W00005809,235,47,188
W00005810,216,42,174
W00005811,282,45,237
W00005812,379,71,308
W00005813,292,64,228
W00005814,298,62,236
W00005815,241,35,206
W00005816,279,62,217
W00005817,333,64,269
W00005818,323,80,243
W00005819,216,60,156
W00005820,280,46,234
W00005821,322,60,262
W00005822,301,47,254
W00005823,265,31,234
W00005824,295,54,241
W00005825,271,27,244
W00005826,239,30,209
W00005827,189,13,176
W00005828,278,44,234
W00005829,319,80,239
W00005830,246,45,201
W00005831,336,66,270
W00005832,289,47,242
W00005833,366,75,291
W00005834,213,42,171
W00005835,228,30,198
W00005836,582,116,466
W00005837,418,82,336
W00005838,295,42,253
W00005839,356,79,277
W00005840,317,43,274
W00005841,395,59,336
W00005842,337,73,264
W00005843,395,47,348
W00005844,232,33,199
W00005845,282,38,244
W00005846,233,44,189
W00005847,510,87,423
W00005848,326,55,271
W00005849,267,48,219
W00005850,310,67,243
W00005851,265,41,224
W00005852,242,37,205
W00005853,211,46,165
W00005854,279,54,225
W00005855,287,32,255
W00005856,280,52,228
W00005857,169,3,166
W00005858,268,54,214
W00005859,235,35,200
W00005860,253,46,207
W00005861,209,40,169
W00005863,225,32,193
W00005864,266,63,203
W00005865,272,55,217
W00005866,287,49,238
W00005867,273,69,204
W00005868,246,30,216
W00005869,250,33,217
W00005870,290,74,216
W00005871,262,40,222
W00005872,220,31,189
W00005873,322,125,197
W00005874,232,30,202
W00005875,262,44,218
W00005876,218,11,207
W00005878,491,86,405
W00005879,460,86,374
W00005880,231,54,177
W00005881,170,29,141
W00005882,368,59,309
W00005883,505,122,383
W00005884,296,62,234
W00005885,319,88,231
W00005886,227,19,208
W00005887,297,39,258
W00005888,293,64,229
W00005889,321,57,264
W00005890,375,89,286
W00005891,418,54,364
W00005892,317,68,249
W00005894,317,78,239
W00005895,322,51,271
W00005896,267,40,227
W00005897,308,51,257
W00005898,309,57,252
W00005899,266,33,233
W00005900,354,68,286
W00005901,360,65,295
W00005902,303,56,247
W00005903,360,50,310
W00005905,187,37,150
W00005906,335,36,299
W00005907,266,26,240
W00005908,237,38,199
W00005909,278,37,241
W00005910,226,29,197
W00005911,254,49,205
W00005913,303,35,268
W00005914,359,61,298
W00005915,262,30,232
W00005916,251,34,217
W00005917,245,27,218
W00005918,297,72,225
W00005919,295,74,221
W00005920,395,76,319
W00005921,308,64,244
W00005922,255,45,210
W00005925,392,72,320
W00005926,237,44,193
W00005927,273,40,233
W00005928,432,87,345
W00005929,266,62,204
W00005930,202,26,176
W00005931,242,37,205
W00005933,307,72,235
W00005934,237,37,200
W00005935,312,71,241
W00005936,266,61,205
W00005938,234,45,189
W00005939,284,54,230
W00005940,267,55,212
W00005941,359,77,282
W00005942,239,30,209
W00005943,247,32,215
W00005944,220,33,187
W00005945,231,17,214
W00005946,319,55,264
W00005947,306,40,266
W00005948,221,39,182
W00005949,234,28,206
W00005950,219,36,183
W00005951,353,64,289
W00005952,271,48,223
W00005953,349,52,297
W00005954,348,61,287
W00005956,369,85,284
W00005957,399,61,338
W00005958,475,74,401
W00005959,297,65,232
W00005960,279,49,230
W00005961,319,83,236
W00005962,580,146,434
W00005963,294,81,213
W00005964,212,51,161
W00005965,283,67,216
W00005966,250,53,197
W00005967,373,120,253
W00005968,299,78,221
W00005969,568,154,414
W00005970,301,65,236
W00005971,317,72,245
W00005972,282,43,239
W00005973,236,58,178
W00005975,246,42,204
W00005976,351,72,279
W00005977,266,51,215
W00005978,254,36,218
W00005979,219,28,191
W00005980,255,39,216
W00005981,363,69,294
W00005982,226,44,182
W00005983,362,82,280
W00005984,259,35,224
W00005985,289,49,240
W00005986,235,33,202
W00005987,402,71,331
W00005990,514,82,432
W00005991,275,33,242
W00005994,267,38,229
W00005995,238,30,208
W00005996,319,63,256
W00005997,286,52,234
W00005998,312,52,260
W00005999,263,57,206
W00006000,192,30,162
W00006001,362,76,286
W00006002,134,23,111
W00006003,236,41,195
W00006004,329,71,258
W00006005,209,40,169
W00006006,272,32,240
W00006007,247,48,199
W00006008,304,61,243
W00006009,276,40,236
W00006010,239,41,198
W00006011,262,49,213
W00006012,294,57,237
W00006013,255,46,209
W00006014,314,79,235
W00006015,306,52,254
W00006016,249,31,218
W00006017,254,58,196
W00006018,278,42,236
W00006019,302,57,245
W00006020,286,41,245
W00006021,187,34,153
W00006022,358,77,281
W00006023,275,46,229
W00006024,246,27,219
W00006025,325,67,258
W00006026,255,39,216
W00006028,259,52,207
W00006029,303,52,251
W00006030,269,51,218
W00006031,295,50,245
W00006032,367,59,308
W00006033,223,35,188
W00006034,238,43,195
W00006035,258,36,222
W00006036,262,47,215
W00006037,274,47,227
W00006038,247,43,204
W00006039,277,70,207
W00006040,416,89,327
W00006041,364,120,244
W00006042,310,54,256
W00006043,312,69,243
W00006044,308,70,238
W00006045,316,55,261
W00006046,236,49,187
W00006047,237,48,189
W00006048,234,35,199
W00006049,257,45,212
W00006050,236,43,193
W00006051,322,63,259
W00006052,339,44,295
W00006053,259,61,198
W00006054,315,49,266
W00006055,304,47,257
W00006056,287,70,217
W00006057,302,69,233
W00006058,290,55,235
W00006059,235,31,204
W00006060,272,44,228
W00006061,287,52,235
W00006062,306,68,238
W00006063,253,33,220
W00006064,281,40,241
W00006065,287,44,243
W00006066,310,46,264
W00006067,245,26,219
W00006068,185,21,164
W00006069,266,47,219
W00006070,333,50,283
W00006071,224,42,182
W00006072,320,71,249
W00006073,311,33,278
W00006074,252,29,223
W00006075,286,53,233
W00006076,282,66,216
W00006077,266,50,216
W00006078,319,62,257
W00006079,281,39,242
W00006080,361,75,286
W00006081,343,61,282
W00006082,367,77,290
W00006083,253,37,216
W00006084,314,40,274
W00006085,289,28,261
W00006086,221,28,193
W00006087,333,85,248
W00006088,251,36,215
W00006089,442,88,354
W00006090,207,29,178
W00006091,143,14,129
W00006092,280,48,232
W00006093,255,51,204
W00006094,227,48,179
W00006095,379,82,297
W00006096,250,25,225
W00006097,442,90,352
W00006098,266,57,209
W00006099,268,42,226
W00006100,261,38,223
W00006101,275,52,223
W00006102,367,66,301
W00006103,414,67,347
W00006105,301,54,247
W00006106,346,86,260
W00006107,284,53,231
W00006108,226,30,196
W00006109,278,46,232
W00006110,205,20,185
W00006111,261,36,225
W00006112,244,49,195
W00006113,266,55,211
W00006114,266,46,220
W00006115,275,45,230
W00006116,305,60,245
W00006117,228,30,198
W00006118,237,52,185
W00006119,253,44,209
W00006120,572,129,443
W00006121,283,67,216
W00006122,381,55,326
W00006123,131,43,88
W00006124,197,44,153
W00006125,330,65,265
W00006126,238,30,208
W00006127,329,54,275
W00006129,323,76,247
W00006130,264,57,207
W00006131,267,60,207
W00006133,209,63,146
W00006137,429,96,333
W00006138,258,52,206
W00006139,347,90,257
W00006140,297,66,231
W00006141,333,56,277
W00006142,280,70,210
W00006143,308,44,264
W00006144,284,53,231
W00006145,379,73,306
W00006146,266,39,227
W00006147,301,73,228
W00006148,277,55,222
W00006149,326,60,266
W00006150,284,69,215
W00006151,251,54,197
W00006152,278,62,216
W00006153,262,49,213
W00006154,255,61,194
W00006155,282,57,225
W00006156,255,30,225
W00006157,219,59,160
W00006158,222,39,183
W00006159,318,85,233
W00006160,301,56,245
W00006161,233,36,197
W00006162,382,125,257
W00006163,316,88,228
W00006164,261,44,217
W00006166,242,38,204
W00006167,284,40,244
W00006168,273,31,242
W00006169,287,41,246
W00006170,268,37,231
W00006172,239,44,195
W00006173,415,97,318
W00006174,247,38,209
W00006175,245,42,203
W00006176,269,31,238
W00006177,219,16,203
W00006178,195,35,160
W00006179,282,61,221
W00006180,281,77,204
W00006181,293,58,235
W00006182,236,35,201
W00006183,283,49,234
W00006184,267,71,196
W00006185,309,62,247
W00006186,257,38,219
W00006187,274,67,207
W00006188,268,36,232
W00006189,272,52,220
W00006190,265,49,216
W00006191,228,34,194
W00006192,253,49,204
W00006193,232,25,207
W00006194,257,44,213
W00006195,273,53,220
W00006196,279,58,221
W00006197,298,68,230
W00006198,274,62,212
W00006199,253,51,202
W00006200,237,22,215
W00006201,248,45,203
W00006202,198,27,171
W00006203,242,45,197
W00006204,312,73,239
W00006205,160,22,138
W00006206,320,57,263
W00006207,256,34,222
W00006208,224,35,189
W00006209,396,91,305
W00006210,270,40,230
W00006211,349,69,280
W00006212,265,50,215
W00006213,227,30,197
W00006214,308,41,267
W00006215,319,65,254
W00006216,205,30,175
W00006217,260,78,182
W00006218,302,63,239
W00006219,259,49,210
W00006220,282,62,220
W00006221,358,90,268
W00006222,235,37,198
W00006223,266,42,224
W00006224,228,34,194
W00006225,239,46,193
W00006226,351,112,239
W00006227,292,53,239
W00006228,295,32,263
W00006229,204,44,160
W00006230,284,61,223
W00006231,213,28,185
W00006232,240,93,147
W00006233,241,34,207
W00006234,246,44,202
W00006235,202,27,175
W00006236,281,53,228
W00006237,236,41,195
W00006238,206,17,189
W00006239,190,29,161
W00006240,471,103,368
W00006241,259,35,224
W00006242,193,36,157
W00006243,267,46,221
W00006244,284,52,232
W00006245,263,57,206
W00006246,237,29,208
W00006247,126,20,106
W00006248,296,41,255
W00006249,520,75,445
W00006250,389,58,331
W00006251,411,56,355
W00006252,343,63,280
W00006253,261,40,221
W00006254,324,58,266
W00006255,348,98,250
W00006257,368,73,295
W00006259,395,53,342
W00006261,260,29,231
W00006262,210,29,181
W00006263,387,65,322
W00006264,308,54,254
W00006265,380,70,310
W00006266,177,43,134
W00006268,482,85,397
W00006269,352,56,296
W00006270,217,24,193
W00006271,248,46,202
W00006272,292,51,241
W00006273,368,74,294
W00006274,449,85,364
W00006275,303,76,227
W00006276,318,64,254
W00006277,187,38,149
W00006278,466,97,369
W00006280,298,76,222
W00006281,282,72,210
W00006282,177,28,149
W00006283,405,90,315
W00006284,419,67,352
W00006286,273,56,217
W00006287,244,41,203
W00006289,250,58,192
W00006290,303,33,270
W00006291,328,54,274
W00006292,238,40,198
W00006293,279,48,231
W00006294,279,48,231
W00006295,320,62,258
W00006296,267,38,229
W00006297,275,58,217
W00006298,275,45,230
W00006299,283,55,228
W00006300,281,49,232
W00006301,302,50,252
W00006302,304,61,243
W00006303,279,38,241
W00006304,355,71,284
W00006305,306,49,257
W00006306,269,44,225
W00006307,260,44,216
W00006308,280,34,246
W00006309,273,50,223
W00006310,288,53,235
W00006311,236,35,201
W00006312,267,45,222
W00006313,221,44,177
W00006314,288,46,242
W00006315,325,73,252
W00006316,448,74,374
W00006317,266,43,223
W00006318,300,52,248
W00006319,342,93,249
W00006320,311,61,250
W00006321,281,53,228
W00006322,278,43,235
W00006323,290,52,238
W00006324,317,55,262
W00006325,320,53,267
W00006326,217,38,179
W00006327,288,63,225
W00006328,250,49,201
W00006329,263,43,220
W00006330,258,65,193
W00006331,220,41,179
W00006332,219,46,173
W00006333,281,52,229
W00006334,216,36,180
W00006335,259,47,212
W00006336,179,20,159
W00006337,293,51,242
W00006338,363,80,283
W00006339,319,66,253
W00006340,272,36,236
W00006341,491,60,431
W00006342,272,42,230
W00006343,284,56,228
W00006344,236,30,206
W00006345,367,58,309
W00006346,244,43,201
W00006347,318,71,247
W00006348,246,53,193
W00006349,297,51,246
W00006350,231,30,201
W00006351,317,73,244
W00006352,242,50,192
W00006353,269,58,211
W00006354,229,47,182
W00006355,331,94,237
W00006356,353,38,315
W00006357,256,32,224
W00006358,238,42,196
W00006359,215,50,165
W00006360,300,56,244
W00006361,179,16,163
W00006362,259,52,207
W00006363,238,48,190
W00006364,305,78,227
W00006365,328,70,258
W00006366,282,73,209
W00006367,241,40,201
W00006368,219,50,169
W00006369,241,62,179
W00006370,253,54,199
W00006371,291,83,208
W00006372,269,56,213
W00006373,277,45,232
W00006374,260,43,217
W00006375,371,90,281
W00006376,207,45,162
W00006377,254,45,209
W00006378,309,66,243
W00006379,278,49,229
W00006380,259,66,193
W00006381,293,57,236
W00006382,286,62,224
W00006383,333,46,287
W00006384,299,63,236
W00006385,266,63,203
W00006386,330,90,240
W00006387,241,40,201
W00006388,199,13,186
W00006389,272,45,227
W00006390,323,71,252
W00006391,287,48,239
W00006392,275,52,223
W00006393,233,33,200
W00006394,273,53,220
W00006395,251,54,197
W00006396,269,46,223
W00006397,238,38,200
W00006398,318,70,248
W00006399,292,84,208
W00006400,269,47,222
W00006401,324,90,234
W00006402,306,68,238
W00006403,196,32,164
W00006404,262,50,212
W00006405,287,56,231
W00006406,289,48,241
W00006407,197,26,171
W00006408,257,44,213
W00006409,250,47,203
W00006410,192,14,178
W00006411,262,51,211
W00006412,282,60,222
W00006413,303,66,237
W00006414,282,57,225
W00006415,288,56,232
W00006416,323,73,250
W00006417,288,48,240
W00006418,215,43,172
W00006419,280,69,211
W00006420,216,23,193
W00006421,311,103,208
W00006422,311,99,212
W00006423,299,63,236
W00006424,290,66,224
W00006425,312,71,241
W00006426,223,41,182
W00006427,226,39,187
W00006428,335,91,244
W00006429,413,68,345
W00006430,352,44,308
W00006431,241,39,202
W00006432,460,68,392
W00006433,267,37,230
W00006434,221,31,190
W00006435,422,116,306
W00006437,248,61,187
W00006438,252,48,204
W00006439,549,169,380
W00006440,527,151,376
W00006441,240,47,193
W00006442,332,71,261
W00006443,273,61,212
W00006444,302,66,236
W00006445,529,143,386
W00006446,226,27,199
W00006447,267,57,210
W00006448,467,97,370
W00006449,330,54,276
W00006450,284,46,238
W00006451,276,58,218
W00006452,306,69,237
W00006453,313,53,260
W00006454,268,33,235
W00006455,239,32,207
W00006456,281,43,238
W00006457,256,52,204
W00006458,302,51,251
W00006459,268,58,210
W00006460,257,32,225
W00006461,299,67,232
W00006462,276,44,232
W00006463,250,40,210
W00006464,266,54,212
W00006465,305,59,246
W00006466,311,61,250
W00006467,253,49,204
W00006468,294,61,233
W00006469,269,55,214
W00006470,275,47,228
W00006471,355,52,303
W00006472,314,48,266
W00006473,191,35,156
W00006474,155,24,131
W00006475,238,36,202
W00006476,262,29,233
W00006477,257,43,214
W00006478,255,49,206
W00006479,303,39,264
W00006480,279,43,236
W00006481,174,23,151
W00006482,338,69,269
W00006483,142,40,102
W00006484,289,60,229
W00006485,384,65,319
W00006486,261,64,197
W00006487,254,31,223
W00006488,258,42,216
W00006489,274,61,213
W00006490,320,60,260
W00006491,205,24,181
W00006492,255,48,207
W00006493,254,40,214
W00006494,269,49,220
W00006495,283,73,210
W00006496,361,58,303
W00006497,291,49,242
W00006498,314,61,253
W00006499,231,37,194
W00006500,291,45,246
W00006501,328,81,247
W00006502,248,41,207
W00006503,402,123,279
W00006504,262,86,176
W00006505,221,37,184
W00006506,268,67,201
W00006507,305,66,239
W00006508,307,96,211
W00006509,298,49,249
W00006510,207,24,183
W00006511,306,61,245
W00006512,291,78,213
W00006513,186,48,138
W00006514,313,63,250
W00006515,425,88,337
W00006516,372,57,315
W00006517,288,73,215
W00006518,299,38,261
W00006519,255,44,211
W00006520,261,44,217
W00006521,253,40,213
W00006522,217,24,193
W00006523,241,39,202
W00006524,258,39,219
W00006525,228,22,206
W00006526,301,47,254
W00006527,180,13,167
W00006528,419,93,326
W00006529,245,47,198
W00006530,242,36,206
W00006531,348,52,296
W00006532,302,50,252
W00006533,296,48,248
W00006534,357,63,294
W00006535,260,45,215
W00006536,288,42,246
W00006537,283,45,238
W00006538,295,57,238
W00006539,243,26,217
W00006540,257,54,203
W00006541,272,43,229
W00006542,240,45,195
W00006543,265,43,222
W00006544,248,24,224
W00006545,270,41,229
W00006546,324,38,286
W00006547,293,38,255
W00006548,230,41,189
W00006549,299,54,245
W00006550,254,51,203
W00006551,591,120,471
W00006552,217,32,185
W00006553,293,48,245
W00006554,289,60,229
W00006555,250,47,203
W00006556,279,44,235
W00006557,275,55,220
W00006558,230,50,180
W00006559,311,69,242
W00006560,161,26,135
W00006561,250,49,201
W00006562,278,44,234
W00006564,560,124,436
W00006565,294,46,248
W00006566,364,88,276
W00006567,297,64,233
W00006568,215,58,157
W00006569,320,58,262
W00006570,273,38,235
W00006571,231,46,185
W00006572,256,39,217
W00006573,355,65,290
W00006574,253,31,222
W00006575,288,52,236
W00006576,279,24,255
W00006577,293,35,258
W00006578,270,36,234
W00006579,294,45,249
W00006580,271,58,213
W00006581,287,57,230
W00006583,258,39,219
W00006584,329,60,269
W00006585,264,39,225
W00006586,450,114,336
W00006587,313,67,246
W00006588,290,50,240
W00006589,322,54,268
W00006590,277,35,242
W00006592,273,57,216
W00006593,219,45,174
W00006594,281,59,222
W00006596,250,34,216
W00006597,258,54,204
W00006598,294,47,247
W00006599,289,66,223
W00006600,272,41,231
W00006601,304,49,255
W00006602,287,59,228
W00006603,266,57,209
W00006604,246,35,211
W00006605,244,55,189
W00006606,359,66,293
W00006607,245,22,223
W00006608,195,19,176
W00006609,306,64,242
W00006610,324,79,245
W00006611,297,51,246
W00006612,244,38,206
W00006613,233,54,179
W00006614,313,86,227
W00006615,312,67,245
W00006616,258,44,214
W00006617,282,56,226
W00006618,307,45,262
W00006619,317,53,264
W00006620,307,57,250
W00006621,308,65,243
W00006622,267,55,212
W00006623,322,165,157
W00006624,348,163,185
W00006625,426,200,226
W00006626,453,242,211
W00006627,224,76,148
W00006628,525,285,240
W00006629,333,210,123
W00006630,339,166,173
W00006631,298,164,134
W00006633,424,204,220
W00006634,292,69,223
W00006635,264,33,231
W00006636,241,56,185
W00006637,233,49,184
W00006638,233,37,196
W00006639,261,34,227
W00006640,325,64,261
W00006641,213,23,190
W00006642,304,59,245
W00006643,290,40,250
W00006644,215,41,174
W00006645,286,52,234
W00006646,229,32,197
W00006647,292,44,248
W00006648,345,87,258
W00006649,298,35,263
W00006650,262,69,193
W00006651,252,40,212
W00006652,219,43,176
W00006653,322,59,263
W00006654,277,30,247
W00006655,266,34,232
W00006656,294,33,261
W00006657,313,45,268
W00006658,245,29,216
W00006659,261,61,200
W00006660,285,52,233
W00006661,301,53,248
W00006662,197,35,162
W00006663,239,28,211
W00006664,180,33,147
W00006665,372,84,288
W00006666,244,55,189
W00006667,279,44,235
W00006668,289,68,221
W00006669,310,51,259
W00006670,255,49,206
W00006671,351,83,268
W00006672,211,41,170
W00006673,283,47,236
W00006674,313,54,259
W00006675,216,40,176
W00006676,315,64,251
W00006677,254,60,194
W00006678,247,37,210
W00006679,195,34,161
W00006680,280,38,242
W00006681,267,41,226
W00006682,247,32,215
W00006683,247,30,217
W00006684,205,35,170
W00006685,182,59,123
W00006686,219,45,174
W00006687,247,58,189
W00006688,334,76,258
W00006689,225,65,160
W00006690,236,38,198
W00006691,253,55,198
W00006692,295,64,231
W00006693,271,59,212
W00006694,267,54,213
W00006695,222,39,183
W00006696,295,48,247
W00006697,275,55,220
W00006698,281,61,220
W00006699,244,41,203
W00006700,261,38,223
W00006701,308,54,254
W00006702,246,34,212
W00006703,257,55,202
W00006704,297,74,223
W00006705,288,63,225
W00006706,246,52,194
W00006707,223,61,162
W00006708,277,55,222
W00006709,276,55,221
W00006710,293,61,232
W00006711,257,46,211
W00006712,224,34,190
W00006713,291,66,225
W00006714,281,60,221
W00006715,277,44,233
W00006716,178,18,160
W00006717,282,47,235
W00006718,215,43,172
W00006719,241,54,187
W00006720,250,41,209
W00006721,300,54,246
W00006722,296,54,242
W00006723,190,25,165
W00006724,244,38,206
W00006725,421,88,333
W00006726,308,42,266
W00006727,287,65,222
W00006728,263,37,226
W00006729,277,67,210
W00006730,255,30,225
W00006731,310,66,244
W00006732,306,68,238
W00006733,295,50,245
W00006734,275,55,220
W00006735,297,75,222
W00006736,196,33,163
W00006737,274,39,235
W00006738,316,62,254
W00006739,339,63,276
W00006740,337,60,277
W00006741,257,44,213
W00006742,284,56,228
W00006743,248,54,194
W00006744,253,62,191
W00006745,268,31,237
W00006746,288,47,241
W00006747,129,20,109
W00006748,306,46,260
W00006749,294,71,223
W00006750,288,77,211
W00006751,273,66,207
W00006752,280,52,228
W00006753,266,42,224
W00006754,320,47,273
W00006755,239,36,203
W00006756,318,65,253
W00006757,241,44,197
W00006758,245,56,189
W00006759,245,46,199
W00006760,311,45,266
W00006761,245,46,199
W00006762,322,57,265
W00006763,271,48,223
W00006765,371,69,302
W00006766,244,53,191
W00006767,386,84,302
W00006768,271,35,236
W00006769,256,51,205
W00006770,271,62,209
W00006772,310,104,206
W00006773,332,85,247
W00006774,416,71,345
W00006775,403,84,319
W00006776,382,64,318
W00006777,190,22,168
W00006779,541,103,438
W00006780,204,29,175
W00006781,286,94,192
W00006782,271,74,197
W00006783,212,45,167
W00006784,266,81,185
W00006785,253,43,210
W00006786,298,43,255
W00006787,262,47,215
W00006788,237,35,202
W00006789,289,53,236
W00006790,265,43,222
W00006791,299,52,247
W00006792,269,54,215
W00006793,242,43,199
W00006794,224,34,190
W00006795,289,59,230
W00006796,260,37,223
W00006797,232,33,199
W00006798,284,78,206
W00006799,345,56,289
W00006800,368,59,309
W00006801,257,42,215
W00006802,277,36,241
W00006803,291,46,245
W00006804,314,61,253
W00006805,181,37,144
W00006806,283,52,231
W00006807,249,61,188
W00006808,322,51,271
W00006809,224,31,193
W00006810,247,54,193
W00006811,291,56,235
W00006812,252,38,214
W00006813,256,70,186
W00006814,325,108,217
W00006815,435,109,326
W00006816,386,124,262
W00006817,179,37,142
W00006818,244,49,195
W00006819,249,60,189
W00006820,274,67,207
W00006821,277,57,220
W00006822,356,122,234
W00006823,310,84,226
W00006824,301,73,228
W00006825,253,58,195
W00006826,317,51,266
W00006827,245,63,182
W00006828,279,50,229
W00006829,297,39,258
W00006830,250,46,204
W00006831,269,60,209
W00006832,235,40,195
W00006833,190,28,162
W00006834,516,105,411
W00006835,92,17,75
W00006836,158,28,130
W00006837,382,70,312
W00006838,303,54,249
W00006839,334,73,261
W00006840,208,43,165
W00006841,219,36,183
W00006842,295,72,223
W00006843,238,27,211
W00006844,326,64,262
W00006845,281,37,244
W00006846,293,48,245
W00006847,301,61,240
W00006848,275,27,248
W00006849,276,48,228
W00006850,190,33,157
W00006851,273,39,234
W00006852,294,66,228
W00006853,264,48,216
W00006854,246,28,218
W00006855,268,59,209
W00006856,282,66,216
W00006857,291,77,214
W00006858,276,58,218
W00006859,367,95,272
W00006860,319,89,230
W00006861,309,77,232
W00006862,278,55,223
W00006863,270,57,213
W00006864,361,63,298
W00006865,277,61,216
W00006866,243,39,204
W00006867,256,58,198
W00006868,276,56,220
W00006869,315,70,245
W00006870,271,47,224
W00006871,232,31,201
W00006872,290,49,241
W00006873,211,29,182
W00006874,247,49,198
W00006875,352,30,322
W00006876,273,47,226
W00006877,271,55,216
W00006878,262,37,225
W00006879,271,42,229
W00006880,302,42,260
W00006881,284,44,240
W00006882,283,32,251
W00006883,221,22,199
W00006884,285,49,236
W00006885,420,91,329
W00006886,281,53,228
W00006887,248,53,195
W00006888,318,73,245
W00006890,343,50,293
W00006891,338,45,293
W00006892,259,22,237
W00006893,275,32,243
W00006894,380,66,314
W00006895,273,42,231
W00006896,276,35,241
W00006897,329,75,254
W00006898,186,19,167
W00006899,272,41,231
W00006900,457,123,334
W00006901,259,45,214
W00006902,260,43,217
W00006903,270,40,230
W00006904,243,48,195
W00006905,407,65,342
W00006906,319,54,265
W00006907,282,50,232
W00006909,290,54,236
W00006910,229,36,193
W00006911,255,24,231
W00006912,297,53,244
W00006913,249,40,209
W00006914,231,20,211
W00006915,341,52,289
W00006916,357,89,268
W00006917,411,91,320
W00006918,306,65,241
W00006919,292,62,230
W00006920,270,42,228
W00006921,291,56,235
W00006922,308,60,248
W00006923,265,37,228
W00006924,314,39,275
W00006925,297,51,246
W00006926,257,36,221
W00006927,329,57,272
W00006928,416,80,336
W00006929,267,32,235
W00006930,208,48,160
W00006931,268,55,213
W00006932,280,62,218
W00006933,232,28,204
W00006934,284,52,232
W00006935,200,29,171
W00006936,284,41,243
W00006937,290,39,251
W00006938,212,34,178
W00006940,404,73,331
W00006941,266,37,229
W00006942,312,75,237
W00006943,221,38,183
W00006944,431,105,326
W00006945,253,59,194
W00006946,317,64,253
W00006947,235,40,195
W00006948,294,77,217
W00006949,377,54,323
W00006950,273,60,213
W00006951,342,80,262
W00006952,291,62,229
W00006953,249,57,192
W00006954,304,64,240
W00006955,297,63,234
W00006956,234,26,208
W00006957,312,102,210
W00006958,278,62,216
W00006959,301,48,253
W00006960,293,44,249
W00006961,304,53,251
W00006962,238,34,204
W00006963,279,45,234
W00006964,265,39,226
W00006965,250,35,215
W00006966,278,42,236
W00006968,319,70,249
W00006969,257,28,229
W00006970,428,70,358
W00006971,221,62,159
W00006972,305,61,244
W00006973,322,73,249
W00006974,292,60,232
W00006975,349,81,268
W00006976,327,73,254
W00006977,350,80,270
W00006978,296,61,235
W00006979,228,40,188
W00006980,262,59,203
W00006981,257,44,213
W00006982,267,61,206
W00006983,340,71,269
W00006984,312,76,236
W00006985,223,45,178
W00006986,255,43,212
W00006987,256,48,208
W00006988,350,97,253
W00006989,266,69,197
W00006990,286,58,228
W00006991,324,60,264
W00006992,286,70,216
W00006993,456,91,365
W00006994,373,55,318
W00006995,385,57,328
W00006996,230,45,185
W00006997,311,89,222
W00006998,246,43,203
W00006999,286,54,232
W00007000,262,51,211
W00007001,239,46,193
W00007002,277,47,230
W00007003,289,55,234
W00007004,241,32,209
W00007005,293,70,223
W00007006,253,45,208
W00007007,282,38,244
W00007008,284,50,234
W00007009,277,54,223
W00007010,246,43,203
W00007011,272,59,213
W00007012,234,33,201
W00007013,287,58,229
W00007014,248,67,181
W00007015,347,72,275
W00007016,241,26,215
W00007017,227,35,192
W00007018,247,24,223
W00007019,319,84,235
W00007020,277,52,225
W00007021,318,47,271
W00007022,279,63,216
W00007023,295,59,236
W00007024,386,59,327
W00007025,297,46,251
W00007026,395,85,310
W00007027,256,48,208
W00007028,341,49,292
W00007029,248,31,217
W00007030,276,54,222
W00007031,305,53,252
W00007032,341,61,280
W00007033,275,36,239
W00007034,280,61,219
W00007035,458,78,380
W00007036,297,62,235
W00007037,306,62,244
W00007038,273,40,233
W00007039,277,59,218
W00007040,259,48,211
W00007041,288,101,187
W00007042,288,71,217
W00007043,214,41,173
W00007044,264,53,211
W00007045,277,63,214
W00007046,295,60,235
W00007047,278,108,170
W00007048,286,45,241
W00007049,308,67,241
W00007050,241,58,183
W00007051,239,61,178
W00007052,220,41,179
W00007053,299,62,237
W00007054,245,27,218
W00007055,353,41,312
W00007056,318,74,244
W00007057,296,49,247
W00007058,283,33,250
W00007059,256,54,202
W00007060,475,136,339
W00007061,242,31,211
W00007062,297,59,238
W00007063,291,49,242
W00007064,302,73,229
W00007065,235,35,200
W00007066,291,50,241
W00007067,480,102,378
W00007068,299,84,215
W00007069,280,28,252
W00007070,286,32,254
W00007071,213,21,192
W00007072,235,26,209
W00007073,320,44,276
W00007074,233,25,208
W00007075,308,56,252
W00007076,292,55,237
W00007077,252,37,215
W00007078,260,49,211
W00007079,346,56,290
W00007080,313,76,237
W00007081,242,21,221
W00007082,262,35,227
W00007083,337,76,261
W00007084,249,42,207
W00007085,245,47,198
W00007086,224,26,198
W00007087,244,38,206
W00007088,311,52,259
W00007089,289,44,245
W00007090,277,62,215
W00007091,272,60,212
W00007092,176,9,167
W00007093,300,46,254
W00007094,272,30,242
W00007095,311,53,258
W00007096,254,31,223
W00007097,272,47,225
W00007098,305,57,248
W00007099,133,0,133
W00007100,323,69,254
W00007101,411,80,331
W00007102,305,65,240
W00007103,185,26,159
W00007104,277,58,219
W00007105,259,43,216
W00007106,267,39,228
W00007108,197,26,171
W00007109,355,55,300
W00007110,241,35,206
W00007111,262,29,233
W00007112,324,59,265
W00007113,289,44,245
W00007114,314,63,251
W00007115,319,56,263
W00007116,240,35,205
W00007117,270,52,218
W00007118,290,32,258
W00007119,166,30,136
W00007120,309,82,227
W00007121,233,51,182
W00007122,292,68,224
W00007123,253,24,229
W00007124,236,36,200
W00007125,283,53,230
W00007126,277,48,229
W00007127,303,57,246
W00007128,312,55,257
W00007129,373,81,292
W00007130,305,49,256
W00007131,271,37,234
W00007132,296,53,243
W00007133,286,46,240
W00007134,261,36,225
W00007135,273,53,220
W00007136,248,53,195
W00007137,267,47,220
W00007138,319,63,256
W00007139,313,84,229
W00007140,390,108,282
W00007141,286,46,240
W00007142,246,55,191
W00007143,307,59,248
W00007144,263,36,227
W00007145,326,47,279
W00007147,440,97,343
W00007148,296,60,236
W00007149,273,56,217
W00007150,325,84,241
W00007151,370,75,295
W00007152,436,77,359
W00007153,243,50,193
W00007154,242,26,216
W00007155,277,53,224
W00007156,226,38,188
W00007157,429,97,332
W00007158,301,62,239
W00007159,331,70,261
W00007160,264,39,225
W00007161,319,65,254
W00007162,229,34,195
W00007163,248,30,218
W00007164,318,59,259
W00007165,304,48,256
W00007166,290,44,246
W00007167,209,39,170
W00007168,387,61,326
W00007169,274,54,220
W00007171,232,30,202
W00007172,319,70,249
W00007173,217,25,192
W00007174,304,60,244
W00007175,244,24,220
W00007176,248,36,212
W00007177,285,50,235
W00007178,250,36,214
W00007179,269,56,213
W00007181,277,47,230
W00007182,224,32,192
W00007183,245,34,211
W00007184,252,44,208
W00007185,258,42,216
W00007186,249,31,218
W00007187,524,134,390
W00007188,268,54,214
W00007190,311,49,262
W00007191,282,61,221
W00007192,455,94,361
W00007193,283,49,234
W00007194,243,33,210
W00007195,348,87,261
W00007196,253,43,210
W00007197,312,58,254
W00007198,220,21,199
W00007199,295,52,243
W00007200,234,32,202
W00007201,203,22,181
W00007202,246,35,211
W00007203,242,43,199
W00007204,246,34,212
W00007205,233,27,206
W00007206,280,46,234
W00007207,271,72,199
W00007208,309,75,234
W00007209,240,49,191
W00007210,270,61,209
W00007211,323,49,274
W00007212,165,16,149
W00007213,338,64,274
W00007214,416,37,379
W00007215,264,30,234
W00007216,358,84,274
W00007217,205,43,162
W00007218,224,26,198
W00007219,253,45,208
W00007220,213,32,181
W00007221,221,38,183
W00007222,223,26,197
W00007223,257,53,204
W00007224,295,48,247
W00007225,272,46,226
W00007226,235,30,205
W00007227,198,31,167
W00007228,302,47,255
W00007229,253,51,202
W00007230,260,48,212
W00007231,547,101,446
W00007232,296,35,261
W00007233,290,75,215
W00007234,265,62,203
W00007235,293,52,241
W00007236,275,46,229
W00007237,298,64,234
W00007238,276,35,241
W00007239,248,64,184
W00007240,323,65,258
W00007241,289,36,253
W00007242,332,67,265
W00007243,269,64,205
W00007244,346,53,293
W00007245,229,33,196
W00007246,245,60,185
W00007247,323,69,254
W00007248,296,43,253
W00007249,309,44,265
W00007250,287,62,225
W00007251,282,49,233
W00007252,319,77,242
W00007253,182,27,155
W00007254,275,36,239
W00007256,248,40,208
W00007257,140,3,137
W00007258,263,45,218
W00007259,339,70,269
W00007261,257,38,219
W00007262,262,64,198
W00007263,223,34,189
W00007264,292,57,235
W00007265,247,71,176
W00007266,353,47,306
W00007267,247,28,219
W00007268,305,66,239
W00007269,339,78,261
W00007270,389,127,262
W00007271,302,47,255
W00007272,368,62,306
W00007273,270,51,219
W00007274,280,70,210
W00007275,338,67,271
W00007276,267,42,225
W00007277,425,75,350
W00007278,274,40,234
W00007279,364,61,303
W00007280,422,85,337
W00007281,428,89,339
W00007282,308,72,236
W00007284,306,72,234
W00007285,267,28,239
W00007286,357,73,284
W00007287,280,40,240
W00007288,348,84,264
W00007289,298,48,250
W00007290,591,145,446
W00007291,371,64,307
W00007292,248,38,210
W00007293,451,109,342
W00007294,247,24,223
W00007295,381,70,311
W00007296,265,44,221
W00007297,324,69,255
W00007298,277,46,231
W00007299,293,54,239
W00007300,379,86,293
W00007301,272,56,216
W00007302,233,48,185
W00007303,292,42,250
W00007304,240,37,203
W00007305,237,37,200
W00007306,272,39,233
W00007307,462,124,338
W00007308,279,55,224
W00007309,333,74,259
W00007310,246,65,181
W00007311,203,37,166
W00007312,186,7,179
W00007313,252,59,193
W00007314,272,72,200
W00007315,258,50,208
W00007316,261,75,186
W00007318,273,51,222
W00007319,240,39,201
W00007320,361,86,275
W00007322,469,135,334
W00007323,227,16,211
W00007324,262,64,198
W00007325,260,20,240
W00007326,296,73,223
W00007327,308,76,232
W00007328,322,53,269
W00007329,298,64,234
W00007330,298,30,268
W00007331,266,35,231
W00007332,265,29,236
W00007333,247,19,228
W00007334,293,78,215
W00007335,407,97,310
W00007336,482,76,406
W00007337,316,74,242
W00007338,296,68,228
W00007339,249,52,197
W00007340,299,58,241
W00007341,246,54,192
W00007342,330,77,253
W00007343,268,53,215
W00007344,308,57,251
W00007345,263,54,209
W00007346,265,41,224
W00007347,409,75,334
W00007348,292,47,245
W00007349,255,49,206
W00007350,244,33,211
W00007351,328,70,258
W00007352,272,45,227
W00007353,174,27,147
W00007354,264,45,219
W00007355,252,33,219
W00007356,304,45,259
W00007357,269,38,231
W00007358,264,41,223
W00007359,370,70,300
W00007360,283,33,250
W00007361,198,23,175
W00007362,329,85,244
W00007363,271,36,235
W00007364,299,44,255
W00007365,274,55,219
W00007366,304,60,244
W00007367,259,48,211
W00007368,285,45,240
W00007369,270,66,204
W00007370,428,84,344
W00007371,312,85,227
W00007372,287,49,238
W00007373,237,26,211
W00007374,225,40,185
W00007375,309,62,247
W00007376,237,21,216
W00007377,206,26,180
W00007378,247,36,211
W00007379,292,41,251
W00007380,260,34,226
W00007381,282,50,232
W00007382,298,43,255
W00007383,248,35,213
W00007384,258,34,224
W00007385,270,32,238
W00007386,218,30,188
W00007387,297,63,234
W00007388,229,50,179
W00007389,235,33,202
W00007390,290,50,240
W00007391,276,53,223
W00007392,275,36,239
W00007393,355,63,292
W00007394,278,39,239
W00007395,314,47,267
W00007396,279,42,237
W00007397,172,29,143
W00007398,251,38,213
W00007399,300,44,256
W00007400,311,63,248
W00007401,372,65,307
W00007402,343,74,269
W00007403,255,27,228
W00007404,283,44,239
W00007405,283,35,248
W00007406,276,44,232
W00007407,244,24,220
W00007408,304,45,259
W00007409,384,65,319
W00007410,268,46,222
W00007411,244,45,199
W00007412,275,41,234
W00007413,378,58,320
W00007414,260,50,210
W00007415,292,74,218
W00007416,234,41,193
W00007417,315,68,247
W00007418,282,57,225
W00007419,267,48,219
W00007420,388,88,300
W00007421,255,25,230
W00007422,285,45,240
W00007423,262,31,231
W00007424,271,54,217
W00007425,442,81,361
W00007426,371,78,293
W00007427,347,48,299
W00007428,307,47,260
W00007429,397,101,296
W00007430,267,37,230
W00007431,239,49,190
W00007432,210,27,183
W00007433,268,38,230
W00007434,257,58,199
W00007435,261,80,181
W00007436,264,84,180
W00007437,225,74,151
W00007438,249,63,186
W00007439,224,51,173
W00007440,205,21,184
W00007441,209,25,184
W00007442,240,29,211
W00007443,191,35,156
W00007444,238,22,216
W00007445,273,67,206
W00007446,305,48,257
W00007447,253,39,214
W00007448,374,56,318
W00007450,343,72,271
W00007451,265,20,245
W00007452,263,52,211
W00007453,348,59,289
W00007454,389,88,301
W00007455,316,65,251
W00007456,268,46,222
W00007457,345,56,289
W00007458,268,54,214
W00007459,288,53,235
W00007460,333,57,276
W00007461,248,19,229
W00007462,295,50,245
W00007463,304,57,247
W00007464,319,67,252
W00007465,337,62,275
W00007466,293,37,256
W00007467,155,20,135
W00007468,292,67,225
W00007469,249,54,195
W00007470,263,34,229
W00007471,266,46,220
W00007472,292,54,238
W00007473,292,52,240
W00007474,361,91,270
W00007475,254,39,215
W00007476,285,60,225
W00007477,272,38,234
W00007478,422,97,325
W00007479,356,76,280
W00007480,248,48,200
W00007481,428,101,327
W00007482,240,27,213
W00007483,380,71,309
W00007484,263,45,218
W00007485,257,43,214
W00007486,301,44,257
W00007487,292,49,243
W00007488,489,111,378
W00007489,240,49,191
W00007490,243,39,204
W00007491,309,61,248
W00007492,166,19,147
W00007493,264,55,209
W00007494,249,32,217
W00007495,245,44,201
W00007496,326,67,259
W00007498,302,63,239
W00007499,335,76,259
W00007500,230,23,207
W00007501,257,40,217
W00007502,278,35,243
W00007503,226,37,189
W00007504,264,30,234
W00007505,222,44,178
W00007506,307,53,254
W00007507,278,41,237
W00007508,259,26,233
W00007509,290,60,230
W00007510,297,61,236
W00007511,242,26,216
W00007512,284,59,225
W00007513,255,46,209
W00007514,286,58,228
W00007515,198,21,177
W00007516,265,44,221
W00007517,217,30,187
W00007518,292,60,232
W00007519,462,64,398
W00007520,197,28,169
W00007521,389,66,323
W00007522,262,41,221
W00007523,270,52,218
W00007524,277,38,239
W00007525,304,50,254
W00007526,261,53,208
W00007527,295,51,244
W00007528,263,64,199
W00007529,271,36,235
W00007530,270,25,245
W00007531,230,54,176
W00007532,265,49,216
W00007533,252,53,199
W00007534,292,41,251
W00007535,275,37,238
W00007536,273,55,218
W00007537,236,55,181
W00007538,250,33,217
W00007539,226,40,186
W00007540,239,36,203
W00007541,273,55,218
W00007542,233,43,190
W00007543,250,60,190
W00007544,219,33,186
W00007545,136,10,126
W00007546,220,25,195
W00007547,563,114,449
W00007548,251,32,219
W00007549,230,49,181
W00007550,318,83,235
W00007551,289,47,242
W00007552,259,49,210
W00007553,249,40,209
W00007554,254,48,206
W00007555,336,54,282
W00007556,373,72,301
W00007557,201,34,167
W00007558,282,79,203
W00007559,256,37,219
W00007560,203,30,173
W00007561,264,42,222
W00007562,230,35,195
W00007563,245,47,198
W00007564,294,47,247
W00007565,222,24,198
W00007566,187,22,165
W00007567,259,41,218
W00007568,285,59,226
W00007569,120,11,109
W00007570,282,58,224
W00007571,293,56,237
W00007572,231,32,199
W00007573,221,20,201
W00007574,299,65,234
W00007575,236,39,197
W00007576,307,48,259
W00007577,282,40,242
W00007578,223,30,193
W00007579,247,53,194
W00007580,235,33,202
W00007581,286,58,228
W00007582,249,49,200
W00007583,251,37,214
W00007584,290,29,261
W00007585,304,53,251
W00007586,218,23,195
W00007587,277,59,218
W00007588,311,45,266
W00007589,285,49,236
W00007590,283,38,245
W00007591,243,35,208
W00007592,251,62,189
W00007593,276,43,233
W00007594,294,38,256
W00007595,297,56,241
W00007596,304,55,249
W00007597,212,20,192
W00007598,358,91,267
W00007599,214,30,184
W00007600,262,57,205
W00007601,271,63,208
W00007602,209,36,173
W00007603,248,45,203
W00007604,240,37,203
W00007605,241,42,199
W00007606,223,42,181
W00007607,509,92,417
W00007609,246,44,202
W00007610,231,40,191
W00007611,260,40,220
W00007612,251,38,213
W00007613,448,101,347
W00007614,334,65,269
W00007615,274,43,231
W00007616,202,31,171
W00007618,275,44,231
W00007619,278,60,218
W00007620,189,28,161
W00007621,306,82,224
W00007622,317,85,232
W00007623,459,75,384
W00007624,156,23,133
W00007625,292,52,240
W00007626,284,47,237
W00007627,185,9,176
W00007628,242,53,189
W00007629,329,84,245
W00007630,252,42,210
W00007631,309,62,247
W00007632,242,40,202
W00007633,230,47,183
W00007634,451,72,379
W00007635,225,74,151
W00007636,308,61,247
W00007637,194,36,158
W00007638,227,37,190
W00007640,331,57,274
W00007641,270,54,216
W00007642,334,63,271
W00007643,221,37,184
W00007644,238,49,189
W00007645,225,27,198
W00007646,236,39,197
W00007647,301,77,224
W00007648,202,24,178
W00007649,253,30,223
W00007650,224,43,181
W00007651,223,35,188
W00007652,241,37,204
W00007653,327,50,277
W00007654,293,66,227
W00007655,285,57,228
W00007656,239,36,203
W00007657,231,34,197
W00007658,275,57,218
W00007659,209,41,168
W00007660,233,35,198
W00007661,258,36,222
W00007662,249,43,206
W00007663,249,48,201
W00007664,207,35,172
W00007665,292,37,255
W00007666,317,74,243
W00007667,315,51,264
W00007668,387,59,328
W00007669,254,59,195
W00007670,277,57,220
W00007672,177,36,141
W00007673,285,59,226
W00007674,252,28,224
W00007675,242,41,201
W00007676,248,35,213
W00007677,236,37,199
W00007678,280,42,238
W00007679,272,50,222
W00007680,247,17,230
W00007681,283,32,251
W00007682,357,112,245
W00007683,282,66,216
W00007684,261,34,227
W00007685,226,29,197
W00007686,272,32,240
W00007687,227,32,195
W00007688,239,57,182
W00007689,203,12,191
W00007690,360,58,302
W00007691,102,10,92
W00007692,256,34,222
W00007693,367,58,309
W00007694,241,51,190
W00007695,219,46,173
W00007696,186,12,174
W00007697,278,59,219
W00007698,241,26,215
W00007699,173,26,147
W00007700,253,60,193
W00007701,240,38,202
W00007702,227,20,207
W00007703,263,40,223
W00007704,192,24,168
W00007705,256,53,203
W00007706,244,38,206
W00007707,216,50,166
W00007708,239,42,197
W00007709,371,71,300
W00007710,239,42,197
W00007711,200,32,168
W00007712,184,24,160
W00007713,260,40,220
W00007714,237,34,203
W00007715,235,27,208
W00007716,265,31,234
W00007717,265,57,208
W00007718,251,42,209
W00007719,256,38,218
W00007720,282,51,231
W00007721,121,11,110
W00007722,258,36,222
W00007723,248,66,182
W00007724,160,10,150
W00007725,263,32,231
W00007726,332,47,285
W00007727,290,47,243
W00007728,257,39,218
W00007729,209,53,156
W00007730,257,65,192
W00007731,247,28,219
W00007732,163,32,131
W00007733,266,66,200
W00007734,104,16,88
W00007735,238,22,216
W00007736,304,56,248
W00007737,261,63,198
W00007738,355,80,275
W00007739,256,56,200
W00007740,204,17,187
W00007741,282,47,235
W00007742,323,69,254
W00007743,309,74,235
W00007744,330,59,271
W00007745,262,39,223
W00007746,292,32,260
W00007747,312,60,252
W00007748,276,33,243
W00007749,293,59,234
W00007750,241,43,198
W00007751,376,73,303
W00007752,270,60,210
W00007753,257,51,206
W00007754,233,25,208
W00007755,328,75,253
W00007756,229,26,203
W00007757,318,73,245
W00007758,315,62,253
W00007759,299,80,219
W00007760,344,102,242
W00007761,399,126,273
W00007762,331,63,268
W00007763,317,47,270
W00007764,229,33,196
W00007765,179,10,169
W00007766,491,99,392
W00007767,323,58,265
W00007768,289,66,223
W00007769,233,40,193
W00007770,351,77,274
W00007771,259,58,201
W00007772,254,34,220
W00007773,233,40,193
W00007774,262,71,191
W00007775,237,55,182
W00007776,110,23,87
W00007777,237,26,211
W00007778,375,98,277
W00007779,262,46,216
W00007780,225,35,190
W00007781,327,79,248
W00007782,295,70,225
W00007783,243,35,208
W00007784,265,51,214
W00007785,209,40,169
W00007786,211,32,179
W00007787,241,54,187
W00007788,224,60,164
W00007789,247,42,205
W00007790,224,28,196
W00007791,240,42,198
W00007792,406,83,323
W00007793,448,121,327
W00007794,272,48,224
W00007795,294,59,235
W00007796,258,40,218
W00007797,304,50,254
W00007798,315,56,259
W00007799,375,61,314
W00007800,279,55,224
W00007801,225,43,182
W00007802,248,41,207
W00007803,299,41,258
W00007804,241,35,206
W00007805,260,55,205
W00007806,258,33,225
W00007807,300,65,235
W00007808,242,30,212
W00007809,230,42,188
W00007810,217,34,183
W00007811,304,49,255
W00007812,270,44,226
W00007813,246,40,206
W00007814,341,48,293
W00007815,276,46,230
W00007816,288,48,240
W00007817,300,55,245
W00007818,357,79,278
W00007819,116,20,96
W00007820,331,59,272
W00007821,259,35,224
W00007822,240,34,206
W00007823,342,56,286
W00007824,335,88,247
W00007825,295,51,244
W00007826,283,54,229
W00007827,224,28,196
W00007828,296,56,240
W00007829,287,49,238
W00007830,266,56,210
W00007831,268,73,195
W00007832,264,36,228
W00007833,266,43,223
W00007834,280,78,202
W00007835,260,46,214
W00007836,332,67,265
W00007837,254,43,211
W00007838,270,46,224
W00007839,330,63,267
W00007840,285,51,234
W00007841,309,67,242
W00007842,241,36,205
W00007843,304,79,225
W00007844,312,62,250
W00007845,280,44,236
W00007846,314,74,240
W00007847,304,60,244
W00007848,314,70,244
W00007849,275,59,216
W00007850,276,94,182
W00007851,279,30,249
W00007852,139,3,136
W00007853,419,72,347
W00007854,187,13,174
W00007855,216,35,181
W00007856,205,29,176
W00007857,371,23,348
W00007859,256,48,208
W00007860,278,51,227
W00007861,348,67,281
W00007863,298,42,256
W00007864,316,61,255
W00007865,270,45,225
W00007866,336,81,255
W00007868,270,46,224
W00007869,263,32,231
W00007870,303,65,238
W00007871,227,36,191
W00007872,272,51,221
W00007873,267,60,207
W00007874,244,38,206
W00007875,224,42,182
W00007876,300,36,264
W00007877,309,46,263
W00007878,299,44,255
W00007879,387,41,346
W00007880,121,17,104
W00007881,280,46,234
W00007882,262,41,221
W00007883,298,53,245
W00007884,343,75,268
W00007885,241,36,205
W00007886,230,21,209
W00007887,277,29,248
W00007888,182,22,160
W00007889,265,53,212
W00007890,249,37,212
W00007891,257,47,210
W00007892,233,52,181
W00007893,246,29,217
W00007894,275,37,238
W00007895,456,79,377
W00007896,199,33,166
W00007897,235,30,205
W00007898,285,35,250
W00007899,270,41,229
W00007900,291,45,246
W00007901,240,19,221
W00007902,256,16,240
W00007903,320,58,262
W00007904,284,38,246
W00007905,287,48,239
W00007906,278,50,228
W00007907,288,37,251
W00007908,254,33,221
W00007909,284,54,230
W00007910,270,36,234
W00007911,225,20,205
W00007912,316,48,268
W00007913,307,65,242
W00007914,269,44,225
W00007915,260,55,205
W00007916,271,52,219
W00007918,273,57,216
W00007919,242,47,195
W00007920,243,33,210
W00007921,235,26,209
W00007922,322,62,260
W00007923,242,29,213
W00007924,243,22,221
W00007925,250,41,209
W00007926,278,34,244
W00007927,276,53,223
W00007928,280,70,210
W00007929,184,42,142
W00007930,293,61,232
W00007931,204,30,174
W00007932,241,34,207
W00007933,286,58,228
W00007934,275,49,226
W00007935,399,61,338
W00007936,262,36,226
W00007937,253,57,196
W00007938,294,46,248
W00007939,254,35,219
W00007940,194,22,172
W00007941,296,55,241
W00007942,248,36,212
W00007943,247,43,204
W00007944,285,56,229
W00007945,258,63,195
W00007946,253,41,212
W00007948,298,64,234
W00007949,267,41,226
W00007950,260,36,224
W00007951,299,77,222
W00007952,255,33,222
W00007953,267,43,224
W00007954,314,48,266
W00007955,260,28,232
W00007956,297,34,263
W00007957,303,46,257
W00007958,301,50,251
W00007959,300,34,266
W00007960,307,105,202
W00007961,362,62,300
W00007962,317,63,254
W00007963,510,99,411
W00007964,241,48,193
W00007965,289,42,247
W00007966,260,43,217
W00007967,297,38,259
W00007969,287,55,232
W00007970,250,53,197
W00007971,203,44,159
W00007972,257,57,200
W00007973,274,85,189
W00007974,189,18,171
W00007975,272,54,218
W00007976,203,22,181
W00007977,276,40,236
W00007978,178,18,160
W00007979,340,34,306
W00007980,237,54,183
W00007981,252,24,228
W00007982,236,53,183
W00007983,264,45,219
W00007984,245,44,201
W00007985,318,58,260
W00007986,248,38,210
W00007987,279,55,224
W00007988,257,54,203
W00007989,267,72,195
W00007990,282,66,216
W00007991,288,77,211
W00007992,270,56,214
W00007993,253,57,196
W00007994,228,32,196
W00007995,293,95,198
W00007996,303,121,182
W00007997,256,68,188
W00007998,222,40,182
W00007999,245,45,200
W00008000,260,56,204
W00008001,344,90,254
W00008002,350,77,273
W00008003,236,44,192
W00008004,221,31,190
W00008005,277,40,237
W00008006,272,54,218
W00008007,323,71,252
W00008008,262,36,226
W00008009,237,38,199
W00008011,312,42,270
W00008012,415,87,328
W00008013,318,57,261
W00008014,111,7,104
W00008015,131,11,120
W00008016,131,21,110
W00008017,276,38,238
W00008018,259,62,197
W00008019,262,70,192
W00008020,300,69,231
W00008021,308,36,272
W00008022,282,45,237
W00008023,283,69,214
W00008024,241,47,194
W00008025,282,50,232
W00008026,298,84,214
W00008027,172,17,155
W00008028,291,66,225
W00008029,339,91,248
W00008030,190,39,151
W00008031,247,43,204
W00008032,319,99,220
W00008033,245,38,207
W00008034,235,49,186
W00008035,234,21,213
W00008036,420,59,361
W00008037,295,70,225
W00008038,243,41,202
W00008039,158,28,130
W00008040,351,59,292
W00008041,245,38,207
W00008042,278,43,235
W00008043,328,86,242
W00008044,290,40,250
W00008045,308,48,260
W00008046,290,33,257
W00008047,395,58,337
W00008049,360,60,300
W00008050,190,17,173
W00008051,282,42,240
W00008052,281,62,219
W00008053,264,26,238
W00008055,277,39,238
W00008056,202,36,166
W00008057,353,61,292
W00008058,236,49,187
W00008059,391,121,270
W00008060,264,31,233
W00008061,255,30,225
W00008062,284,36,248
W00008063,263,41,222
W00008064,266,40,226
W00008065,333,50,283
W00008066,285,72,213
W00008067,302,33,269
W00008068,93,12,81
W00008069,243,37,206
W00008070,313,42,271
W00008071,226,47,179
W00008072,285,56,229
W00008073,233,42,191
W00008074,237,47,190
W00008075,291,31,260
W00008076,319,45,274
W00008077,286,35,251
W00008078,279,40,239
W00008079,378,58,320
W00008080,461,61,400
W00008081,303,36,267
W00008082,311,51,260
W00008083,341,53,288
W00008084,403,64,339
W00008085,245,49,196
W00008086,289,59,230
W00008087,279,57,222
W00008088,282,91,191
W00008089,265,57,208
W00008090,322,50,272
W00008091,313,57,256
W00008092,326,58,268
W00008093,203,35,168
W00008094,308,54,254
W00008096,472,137,335
W00008097,236,29,207
W00008099,287,46,241
W00008100,304,61,243
W00008101,243,52,191
W00008102,307,42,265
W00008103,270,22,248
W00008104,253,37,216
W00008105,323,40,283
W00008106,295,39,256
W00008107,238,28,210
W00008108,296,58,238
W00008109,259,28,231
W00008110,283,38,245
W00008111,268,30,238
W00008112,451,68,383
W00008113,280,56,224
W00008114,262,59,203
W00008115,290,60,230
W00008116,245,34,211
W00008117,226,38,188
W00008118,256,40,216
W00008119,282,25,257
W00008120,225,40,185
W00008121,251,27,224
W00008122,242,34,208
W00008123,264,53,211
W00008124,267,55,212
W00008125,230,51,179
W00008126,250,38,212
W00008127,234,31,203
W00008128,270,50,220
W00008129,298,47,251
W00008130,303,42,261
W00008131,269,22,247
W00008132,358,92,266
W00008133,482,77,405
W00008134,513,64,449
W00008135,336,52,284
W00008136,227,38,189
W00008137,345,46,299
W00008138,311,49,262
W00008139,316,31,285
W00008140,258,32,226
W00008141,323,52,271
W00008142,422,62,360
W00008143,268,32,236
W00008144,309,64,245
W00008145,308,79,229
W00008146,200,13,187
W00008147,308,50,258
W00008148,356,54,302
W00008149,208,40,168
W00008150,460,81,379
W00008151,243,44,199
W00008152,238,21,217
W00008153,140,15,125
W00008154,249,32,217
W00008157,440,46,394
W00008159,485,77,408
W00008160,417,60,357
W00008161,287,39,248
W00008162,278,40,238
W00008163,253,46,207
W00008164,321,28,293
W00008165,358,39,319
W00008166,312,43,269
W00008167,308,43,265
W00008168,322,44,278
W00008169,345,49,296
W00008170,337,57,280
W00008171,357,60,297
W00008172,366,51,315
W00008173,309,34,275
W00008174,254,38,216
W00008175,255,53,202
W00008176,216,24,192
W00008177,258,26,232
W00008178,482,63,419
W00008179,243,35,208
W00008180,481,110,371
W00008181,276,31,245
W00008182,433,71,362
W00008183,322,70,252
W00008184,234,41,193
W00008185,267,52,215
W00008186,291,61,230
W00008187,305,37,268
W00008188,204,28,176
W00008189,219,30,189
W00008190,438,85,353
W00008191,293,46,247
W00008192,300,49,251
W00008193,253,34,219
W00008194,298,76,222
W00008195,207,28,179
W00008196,333,57,276
W00008197,268,36,232
W00008198,215,37,178
W00008199,265,44,221
W00008200,283,52,231
W00008201,329,61,268
W00008202,312,45,267
W00008203,275,46,229
W00008204,261,43,218
W00008205,164,27,137
W00008206,331,39,292
W00008207,289,39,250
W00008208,258,50,208
W00008209,197,34,163
W00008210,211,42,169
W00008211,197,42,155
W00008212,335,80,255
W00008213,298,41,257
W00008214,407,75,332
W00008215,297,33,264
W00008216,351,57,294
W00008217,210,30,180
W00008219,226,31,195
W00008220,200,14,186
W00008222,470,52,418
W00008223,316,35,281
W00008224,292,25,267
W00008225,239,21,218
W00008226,293,45,248
W00008227,210,44,166
W00008228,263,39,224
W00008229,318,74,244
W00008230,247,31,216
W00008231,292,40,252
W00008232,364,55,309
W00008233,282,46,236
W00008234,374,66,308
W00008235,315,42,273
W00008236,356,83,273
W00008237,335,70,265
W00008238,320,41,279
W00008239,393,77,316
W00008240,294,50,244
W00008241,306,37,269
W00008242,380,71,309
W00008243,326,34,292
W00008244,210,36,174
W00008245,246,41,205
W00008246,291,36,255
W00008247,264,43,221
W00008248,250,33,217
W00008249,300,75,225
W00008250,254,41,213
W00008251,326,72,254
W00008252,314,49,265
W00008253,292,33,259
W00008254,298,68,230
W00008255,338,56,282
W00008256,258,42,216
W00008257,334,41,293
W00008258,288,40,248
W00008260,242,25,217
W00008261,343,36,307
W00008262,233,36,197
W00008263,278,43,235
W00008264,250,39,211
W00008265,254,17,237
W00008266,178,12,166
W00008267,268,32,236
W00008268,266,55,211
W00008269,262,44,218
W00008270,285,34,251
W00008271,225,30,195
W00008272,284,41,243
W00008273,236,20,216
W00008274,279,54,225
W00008275,257,36,221
W00008276,275,37,238
W00008277,289,40,249
W00008278,390,39,351
W00008279,316,54,262
W00008280,244,35,209
W00008281,363,56,307
W00008282,272,25,247
W00008283,457,67,390
W00008284,390,58,332
W00008285,471,93,378
W00008286,302,49,253
W00008287,334,74,260
W00008288,283,64,219
W00008289,332,113,219
W00008290,251,43,208
W00008291,258,37,221
W00008292,274,40,234
W00008293,253,34,219
W00008294,265,33,232
W00008295,230,19,211
W00008296,263,40,223
W00008297,249,39,210
W00008298,424,86,338
W00008299,359,52,307
W00008300,228,29,199
W00008301,353,45,308
W00008302,226,32,194
W00008303,378,62,316
W00008304,368,48,320
W00008305,296,38,258
W00008306,379,63,316
W00008307,244,18,226
W00008308,306,45,261
W00008309,279,43,236
W00008311,555,34,521
W00008313,217,21,196
W00008314,160,10,150
W00008315,295,63,232
W00008316,381,73,308
W00008317,254,43,211
W00008318,329,53,276
W00008319,307,55,252
W00008320,331,58,273
W00008321,248,34,214
W00008322,279,42,237
W00008323,283,73,210
W00008324,227,42,185
W00008325,163,22,141
W00008326,242,30,212
W00008327,266,36,230
W00008328,252,66,186
W00008329,360,53,307
W00008330,255,58,197
W00008331,220,26,194
W00008332,277,53,224
W00008333,261,44,217
W00008334,181,16,165
W00008335,291,53,238
W00008336,385,74,311
W00008337,298,60,238
W00008338,292,63,229
W00008339,271,50,221
W00008340,393,154,239
W00008341,270,64,206
W00008342,268,34,234
W00008343,303,46,257
W00008344,292,55,237
W00008345,289,57,232
W00008346,471,75,396
W00008347,258,56,202
W00008348,367,40,327
W00008349,447,61,386
W00008350,361,82,279
W00008351,300,31,269
W00008352,418,63,355
W00008353,255,39,216
W00008354,328,67,261
W00008355,353,83,270
W00008356,293,56,237
W00008357,312,76,236
W00008358,291,48,243
W00008359,245,53,192
W00008360,253,31,222
W00008361,326,64,262
W00008362,297,36,261
W00008363,439,118,321
W00008364,382,81,301
W00008365,366,102,264
W00008366,258,31,227
W00008367,287,78,209
W00008368,321,66,255
W00008369,225,43,182
W00008370,313,60,253
W00008371,330,102,228
W00008372,353,88,265
W00008373,308,79,229
W00008374,335,122,213
W00008375,270,43,227
W00008376,300,62,238
W00008377,228,39,189
W00008378,368,113,255
W00008379,313,62,251
W00008380,308,55,253
W00008381,313,72,241
W00008382,290,50,240
W00008383,270,46,224
W00008384,287,54,233
W00008385,244,55,189
W00008386,273,64,209
W00008387,260,53,207
W00008388,302,79,223
W00008389,225,41,184
W00008390,244,59,185
W00008391,272,34,238
W00008392,222,45,177
W00008393,295,39,256
W00008394,334,71,263
W00008395,281,40,241
W00008396,283,34,249
W00008397,304,47,257
W00008398,288,55,233
W00008399,297,58,239
W00008400,267,40,227
W00008401,301,66,235
W00008402,300,56,244
W00008403,310,50,260
W00008404,236,49,187
W00008405,290,63,227
W00008406,251,65,186
W00008407,324,53,271
W00008408,221,28,193
W00008409,323,50,273
W00008411,251,54,197
W00008412,261,44,217
W00008413,179,44,135
W00008414,301,61,240
W00008415,236,39,197
W00008416,229,55,174
W00008417,230,51,179
W00008418,237,47,190
W00008419,198,34,164
W00008420,295,66,229
W00008421,212,38,174
W00008422,275,67,208
W00008423,224,51,173
W00008424,342,110,232
W00008425,283,59,224
W00008426,267,65,202
W00008427,245,35,210
W00008428,284,62,222
W00008429,264,50,214
W00008430,291,49,242
W00008431,288,58,230
W00008432,270,55,215
W00008433,497,104,393
W00008434,289,62,227
W00008435,247,54,193
W00008436,285,39,246
W00008437,303,43,260
W00008438,228,25,203
W00008439,448,84,364
W00008440,243,26,217
W00008441,252,41,211
W00008442,274,43,231
W00008443,359,43,316
W00008444,521,94,427
W00008445,206,30,176
W00008446,267,34,233
W00008447,288,49,239
W00008448,277,50,227
W00008449,245,40,205
W00008450,137,2,135
W00008451,299,58,241
W00008452,294,56,238
W00008453,283,54,229
W00008454,260,48,212
W00008455,268,41,227
W00008456,349,77,272
W00008457,274,58,216
W00008458,235,35,200
W00008459,288,68,220
W00008460,197,32,165
W00008461,259,60,199
W00008462,285,34,251
W00008463,348,51,297
W00008464,305,66,239
W00008465,252,39,213
W00008466,347,86,261
W00008467,335,86,249
W00008468,186,14,172
W00008469,277,57,220
W00008470,416,84,332
W00008471,302,52,250
W00008472,264,39,225
W00008473,240,57,183
W00008474,287,81,206
W00008475,254,59,195
W00008476,382,107,275
W00008477,266,59,207
W00008478,283,72,211
W00008479,250,54,196
W00008480,219,15,204
W00008481,305,47,258
W00008482,349,61,288
W00008483,247,22,225
W00008484,238,31,207
W00008485,274,34,240
W00008486,219,25,194
W00008487,253,38,215
W00008488,323,90,233
W00008489,269,53,216
W00008490,255,48,207
W00008491,305,54,251
W00008492,161,27,134
W00008493,360,84,276
W00008494,158,11,147
W00008495,307,61,246
W00008496,247,35,212
W00008497,302,52,250
W00008499,303,71,232
W00008500,292,61,231
W00008501,290,60,230
W00008503,277,59,218
W00008504,237,43,194
W00008505,334,87,247
W00008506,501,99,402
W00008507,253,32,221
W00008508,194,23,171
W00008509,410,100,310
W00008510,305,52,253
W00008511,339,60,279
W00008512,361,62,299
W00008513,140,28,112
W00008515,483,96,387
W00008516,258,37,221
W00008517,483,89,394
W00008518,398,61,337
W00008519,206,19,187
W00008520,370,43,327
W00008521,266,33,233
W00008522,193,14,179
W00008523,238,30,208
W00008524,304,69,235
W00008526,277,40,237
W00008527,266,58,208
W00008529,280,45,235
W00008530,199,56,143
W00008531,269,49,220
W00008532,241,49,192
W00008534,282,61,221
W00008535,261,37,224
W00008536,314,56,258
W00008537,377,90,287
W00008538,254,24,230
W00008539,277,48,229
W00008540,335,55,280
W00008542,267,78,189
W00008543,252,63,189
W00008544,398,66,332
W00008545,282,67,215
W00008546,243,21,222
W00008547,309,88,221
W00008548,281,31,250
W00008549,289,63,226
W00008550,337,108,229
W00008551,275,41,234
W00008552,495,196,299
W00008553,323,72,251
W00008554,213,29,184
W00008555,333,52,281
W00008556,562,126,436
W00008557,324,88,236
W00008558,263,45,218
W00008559,186,32,154
W00008560,267,45,222
W00008561,298,68,230
W00008562,260,54,206
W00008563,305,70,235
W00008564,167,19,148
W00008565,288,47,241
W00008566,404,156,248
W00008567,313,53,260
W00008569,206,22,184
W00008570,281,47,234
W00008571,293,51,242
W00008572,294,60,234
W00008573,278,59,219
W00008574,349,50,299
W00008575,285,48,237
W00008576,312,56,256
W00008577,273,50,223
W00008578,366,63,303
W00008579,297,57,240
W00008580,336,55,281
W00008581,289,50,239
W00008582,271,43,228
W00008583,277,38,239
W00008584,155,35,120
W00008585,302,43,259
W00008586,275,43,232
W00008587,240,35,205
W00008588,259,27,232
W00008589,278,28,250
W00008590,303,91,212
W00008591,150,26,124
W00008592,261,33,228
W00008593,287,43,244
W00008594,213,28,185
W00008595,296,55,241
W00008599,340,76,264
W00008600,323,71,252
W00008601,489,96,393
W00008602,369,82,287
W00008603,426,72,354
W00008604,339,64,275
W00008605,290,43,247
W00008606,342,34,308
W00008607,417,64,353
W00008608,330,92,238
W00008610,499,144,355
W00008611,342,89,253
W00008612,216,57,159
W00008613,331,89,242
W00008614,440,123,317
W00008615,515,144,371
W00008616,172,23,149
W00008618,223,58,165
W00008619,511,244,267
W00008620,365,111,254
W00008621,194,53,141
W00008622,484,149,335
W00008623,386,132,254
W00008624,329,64,265
W00008626,273,66,207
W00008627,286,62,224
W00008628,333,89,244
W00008629,364,126,238
W00008630,343,81,262
W00008631,295,48,247
W00008632,284,53,231
W00008633,308,85,223
W00008634,261,74,187
W00008635,273,42,231
W00008636,274,21,253
W00008637,267,62,205
W00008638,271,57,214
W00008639,241,45,196
W00008640,241,27,214
W00008641,258,40,218
W00008642,237,53,184
W00008643,344,105,239
W00008644,288,67,221
W00008645,241,6,235
W00008646,352,94,258
W00008647,99,8,91
W00008648,315,52,263
W00008649,353,43,310
W00008650,313,51,262
W00008651,268,77,191
W00008652,129,32,97
W00008653,282,69,213
W00008654,271,41,230
W00008656,338,42,296
W00008657,307,51,256
W00008658,299,32,267
W00008659,251,34,217
W00008660,267,55,212
W00008661,213,45,168
W00008662,352,70,282
W00008663,198,20,178
W00008665,280,32,248
W00008666,297,77,220
W00008667,297,54,243
W00008668,272,63,209
W00008669,307,75,232
W00008670,319,83,236
W00008671,189,23,166
W00008672,222,41,181
W00008673,317,58,259
W00008674,286,50,236
W00008675,191,27,164
W00008676,425,78,347
W00008678,504,89,415
W00008679,356,61,295
W00008680,296,39,257
W00008681,284,46,238
W00008682,236,34,202
W00008683,345,69,276
W00008684,268,37,231
W00008685,289,59,230
W00008686,300,56,244
W00008687,310,63,247
W00008688,303,70,233
W00008689,286,49,237
W00008690,260,38,222
W00008691,235,45,190
W00008692,393,79,314
W00008693,265,44,221
W00008694,245,51,194
W00008695,275,49,226
W00008696,302,80,222
W00008697,292,59,233
W00008698,306,76,230
W00008699,237,45,192
W00008700,280,49,231
W00008701,312,49,263
W00008702,344,111,233
W00008703,246,31,215
W00008704,271,68,203
W00008705,320,69,251
W00008706,305,49,256
W00008707,237,42,195
W00008708,271,58,213
W00008709,323,86,237
W00008710,235,38,197
W00008711,298,71,227
W00008712,214,40,174
W00008713,310,71,239
W00008714,250,35,215
W00008715,177,23,154
W00008716,375,115,260
W00008717,273,50,223
W00008718,254,34,220
W00008719,266,56,210
W00008720,271,54,217
W00008721,240,36,204
W00008722,231,40,191
W00008723,247,47,200
W00008724,273,48,225
W00008725,264,55,209
W00008726,280,45,235
W00008727,247,57,190
W00008728,280,50,230
W00008729,248,28,220
W00008730,201,33,168
W00008731,368,69,299
W00008732,402,69,333
W00008734,181,25,156
W00008735,262,49,213
W00008736,273,62,211
W00008737,303,42,261
W00008738,263,46,217
W00008739,220,50,170
W00008740,290,61,229
W00008741,359,76,283
W00008742,512,44,468
W00008743,257,31,226
W00008744,304,48,256
W00008745,226,16,210
W00008746,379,71,308
W00008750,217,24,193
W00008751,332,81,251
W00008752,138,3,135
W00008753,347,109,238
W00008755,144,0,144
W00008757,325,82,243
W00008758,258,50,208
W00008759,284,65,219
W00008760,334,68,266
W00008761,383,80,303
W00008763,366,70,296
W00008764,446,130,316
W00008765,281,74,207
W00008767,506,133,373
W00008768,368,82,286
W00008769,281,68,213
W00008770,265,64,201
W00008771,260,76,184
W00008773,292,67,225
W00008774,285,42,243
W00008775,299,55,244
W00008776,289,35,254
W00008777,309,68,241
W00008779,350,98,252
W00008780,400,82,318
W00008781,408,87,321
W00008782,361,87,274
W00008784,402,125,277
W00008785,371,100,271
W00008786,308,76,232
W00008788,391,109,282
W00008789,271,79,192
W00008790,264,83,181
W00008791,207,54,153
W00008792,257,64,193
W00008794,428,100,328
W00008795,366,68,298
W00008797,329,48,281
W00008798,412,97,315
W00008799,383,78,305
W00008800,367,87,280
W00008801,327,81,246
W00008803,353,53,300
W00008804,463,87,376
W00008807,426,53,373
W00008811,234,25,209
W00008813,244,22,222
W00008814,471,191,280
W00008816,387,79,308
W00008817,331,131,200
W00008818,511,175,336
W00008819,266,67,199
W00008820,588,173,415
W00008821,477,84,393
W00008822,319,65,254
W00008823,322,85,237
W00008824,408,124,284
W00008825,274,67,207
W00008826,351,87,264
W00008827,320,60,260
W00008828,308,74,234
W00008829,442,104,338
W00008830,303,64,239
W00008831,349,84,265
W00008832,238,33,205
W00008833,462,120,342
W00008834,276,109,167
W00008835,339,124,215
W00008836,249,82,167
W00008837,362,115,247
W00008838,243,49,194
W00008839,194,50,144
W00008840,344,105,239
W00008841,279,51,228
W00008842,403,83,320
W00008843,350,116,234
W00008844,296,68,228
W00008845,247,43,204
W00008846,228,54,174
W00008847,326,100,226
W00008848,271,70,201
W00008849,240,55,185
W00008850,387,114,273
W00008851,286,70,216
W00008852,220,46,174
W00008853,270,52,218
W00008854,306,43,263
W00008855,301,37,264
W00008856,259,34,225
W00008857,249,53,196
W00008858,246,47,199
W00008859,330,61,269
W00008860,238,30,208
W00008861,358,93,265
W00008862,233,36,197
W00008863,224,34,190
W00008864,291,51,240
W00008865,245,73,172
W00008866,235,33,202
W00008867,278,62,216
W00008868,297,44,253
W00008869,405,90,315
W00008870,306,51,255
W00008871,338,54,284
W00008872,268,44,224
W00008873,289,63,226
W00008874,341,71,270
W00008875,361,63,298
W00008877,306,68,238
W00008878,388,97,291
W00008879,278,40,238
W00008880,356,87,269
W00008881,343,58,285
W00008882,350,78,272
W00008883,273,44,229
W00008884,239,50,189
W00008886,360,96,264
W00008887,304,58,246
W00008888,222,22,200
W00008889,283,62,221
W00008890,283,57,226
W00008891,216,33,183
W00008892,310,95,215
W00008893,334,66,268
W00008894,302,54,248
W00008895,260,56,204
W00008896,231,38,193
W00008897,188,8,180
W00008899,472,383,89
W00008901,531,452,79
W00008902,538,243,295
W00008903,554,465,89
W00008906,423,321,102
W00008909,512,421,91
W00008910,621,560,61
W00008911,315,215,100
W00008912,535,402,133
W00008913,430,358,72
W00008915,435,350,85
W00008916,469,372,97
W00008918,473,303,170
W00008919,259,169,90
W00008920,471,310,161
W00008921,295,108,187
W00008922,533,323,210
W00008923,399,208,191
W00008924,486,297,189
W00008925,429,266,163
W00008926,354,170,184
W00008927,414,245,169
W00008929,377,249,128
W00008931,441,309,132
W00008932,549,464,85
W00008933,403,293,110
W00008934,279,50,229
W00008935,302,43,259
W00008936,322,71,251
W00008937,294,52,242
W00008938,285,41,244
W00008939,258,51,207
W00008940,266,41,225
W00008941,247,44,203
W00008942,237,53,184
W00008943,387,37,350
W00008945,268,62,206
W00008947,271,54,217
W00008948,330,89,241
W00008949,312,66,246
W00008950,347,73,274
W00008951,391,104,287
W00008952,315,69,246
W00008953,329,81,248
W00008954,333,76,257
W00008955,349,88,261
W00008956,300,54,246
W00008957,311,64,247
W00008958,264,37,227
W00008959,325,89,236
W00008960,352,90,262
W00008961,327,77,250
W00008962,252,48,204
W00008963,288,49,239
W00008964,320,81,239
W00008965,368,99,269
W00008966,299,75,224
W00008967,136,25,111
W00008969,263,77,186
W00008970,291,71,220
W00008971,317,70,247
W00008972,324,63,261
W00008974,260,65,195
W00008975,255,58,197
W00008976,317,75,242
W00008977,327,81,246
W00008978,210,40,170
W00008979,274,67,207
W00008980,296,65,231
W00008981,296,61,235
W00008982,244,61,183
W00008983,260,28,232
W00008984,333,41,292
W00008985,382,146,236
W00008986,317,109,208
W00008987,298,81,217
W00008988,286,66,220
W00008989,306,49,257
W00008990,273,40,233
W00008991,301,46,255
W00008992,341,104,237
W00008993,297,48,249
W00008994,243,43,200
W00008995,330,105,225
W00008996,264,74,190
W00008997,273,95,178
W00008998,296,50,246
W00008999,336,119,217
W00009000,335,113,222
W00009001,313,106,207
W00009002,368,110,258
W00009003,393,136,257
W00009004,297,81,216
W00009005,360,97,263
W00009006,278,102,176
W00009007,214,39,175
W00009008,317,104,213
W00009009,299,77,222
W00009010,291,101,190
W00009011,289,89,200
W00009012,228,47,181
W00009013,302,84,218
W00009014,335,116,219
W00009015,397,80,317
W00009016,211,75,136
W00009017,235,36,199
W00009018,276,53,223
W00009019,272,96,176
W00009020,257,84,173
W00009021,388,142,246
W00009022,230,29,201
W00009023,256,66,190
W00009024,292,88,204
W00009025,319,71,248
W00009026,256,54,202
W00009027,289,80,209
W00009028,184,53,131
W00009029,266,57,209
W00009030,292,55,237
W00009031,296,48,248
W00009032,272,101,171
W00009033,289,77,212
W00009034,290,55,235
W00009035,325,73,252
W00009036,349,89,260
W00009037,260,49,211
W00009038,211,48,163
W00009039,272,50,222
W00009040,286,76,210
W00009041,228,34,194
W00009042,277,54,223
W00009043,398,121,277
W00009044,220,60,160
W00009045,306,61,245
W00009046,230,33,197
W00009047,266,67,199
W00009048,304,53,251
W00009049,318,101,217
W00009050,290,81,209
W00009051,302,36,266
W00009052,196,16,180
W00009053,183,18,165
W00009054,317,50,267
W00009055,349,56,293
W00009056,297,53,244
W00009057,289,72,217
W00009058,207,22,185
W00009059,312,63,249
W00009060,319,45,274
W00009061,257,27,230
W00009062,244,36,208
W00009063,223,42,181
W00009064,299,66,233
W00009065,299,66,233
W00009066,306,58,248
W00009067,295,65,230
W00009068,257,50,207
W00009069,297,71,226
W00009070,330,85,245
W00009071,233,59,174
W00009072,262,59,203
W00009073,387,108,279
W00009074,354,149,205
W00009075,330,111,219
W00009077,336,104,232
W00009080,387,164,223
W00009081,287,71,216
W00009082,363,120,243
W00009084,288,68,220
W00009085,426,96,330
W00009086,323,90,233
W00009087,362,150,212
W00009088,470,126,344
W00009089,330,118,212
W00009090,364,72,292
W00009091,360,113,247
W00009092,271,45,226
W00009093,342,46,296
W00009094,228,45,183
W00009095,378,110,268
W00009096,420,94,326
W00009097,310,70,240
W00009098,362,99,263
W00009099,276,66,210
W00009100,374,71,303
W00009101,430,123,307
W00009102,259,44,215
W00009104,502,146,356
W00009105,413,133,280
W00009106,355,106,249
W00009107,341,75,266
W00009108,268,52,216
W00009109,184,22,162
W00009110,361,109,252
W00009111,317,84,233
W00009112,376,96,280
W00009113,317,87,230
W00009114,401,72,329
W00009115,295,68,227
W00009116,307,90,217
W00009117,436,143,293
W00009118,241,38,203
W00009119,338,83,255
W00009120,349,102,247
W00009121,292,54,238
W00009123,488,173,315
W00009125,332,100,232
W00009126,348,65,283
W00009127,326,80,246
W00009128,323,65,258
W00009129,427,159,268
W00009130,257,65,192
W00009131,323,89,234
W00009132,295,77,218
W00009133,289,40,249
W00009134,241,55,186
W00009135,368,135,233
W00009136,306,79,227
W00009137,222,40,182
W00009138,294,39,255
W00009139,273,55,218
W00009140,373,78,295
W00009141,434,107,327
W00009142,200,26,174
W00009143,277,60,217
W00009144,260,54,206
W00009145,279,58,221
W00009146,312,58,254
W00009147,273,44,229
W00009148,116,12,104
W00009149,353,88,265
W00009150,331,71,260
W00009151,309,57,252
W00009152,335,69,266
W00009153,289,70,219
W00009154,387,85,302
W00009155,181,23,158
W00009156,248,39,209
W00009157,459,92,367
W00009159,417,88,329
W00009160,322,79,243
W00009161,383,80,303
W00009162,258,40,218
W00009163,310,65,245
W00009164,308,72,236
W00009165,257,50,207
W00009166,295,48,247
W00009168,229,14,215
W00009169,334,68,266
W00009170,293,56,237
W00009171,496,96,400
W00009172,300,57,243
W00009173,245,30,215
W00009174,317,51,266
W00009175,319,65,254
W00009176,353,61,292
W00009177,314,65,249
W00009178,240,31,209
W00009179,311,55,256
W00009180,330,75,255
W00009181,502,99,403
W00009182,302,56,246
W00009183,400,68,332
W00009184,290,61,229
W00009186,265,56,209
W00009187,257,38,219
W00009188,309,80,229
W00009189,275,44,231
W00009190,298,57,241
W00009191,449,67,382
W00009192,219,22,197
W00009193,203,32,171
W00009194,344,60,284
W00009195,326,89,237
W00009196,271,55,216
W00009197,290,26,264
W00009198,413,108,305
W00009199,283,50,233
W00009200,289,66,223
W00009201,276,49,227
W00009202,241,38,203
W00009203,212,37,175
W00009204,240,40,200
W00009205,309,53,256
W00009206,284,53,231
W00009207,210,31,179
W00009208,306,39,267
W00009209,240,38,202
W00009210,222,48,174
W00009211,248,35,213
W00009212,231,47,184
W00009213,281,61,220
W00009214,243,59,184
W00009215,274,51,223
W00009216,327,49,278
W00009217,254,62,192
W00009218,295,69,226
W00009219,254,40,214
W00009220,314,82,232
W00009221,333,97,236
W00009222,260,41,219
W00009223,311,80,231
W00009224,290,62,228
W00009225,295,58,237
W00009226,307,78,229
W00009227,250,40,210
W00009228,248,31,217
W00009229,335,83,252
W00009230,330,83,247
W00009231,233,48,185
W00009232,326,72,254
W00009233,322,66,256
W00009234,230,44,186
W00009235,314,68,246
W00009236,347,98,249
W00009237,413,121,292
W00009238,275,41,234
W00009239,300,73,227
W00009240,280,66,214
W00009241,311,73,238
W00009242,315,70,245
W00009243,318,56,262
W00009244,251,46,205
W00009245,442,81,361
W00009246,327,76,251
W00009247,292,56,236
W00009248,277,45,232
W00009249,295,42,253
W00009250,268,34,234
W00009251,362,59,303
W00009252,397,64,333
W00009253,289,77,212
W00009254,333,29,304
W00009255,269,46,223
W00009256,347,80,267
W00009258,346,91,255
W00009259,252,53,199
W00009260,295,73,222
W00009261,327,55,272
W00009262,269,50,219
W00009263,378,62,316
W00009264,282,56,226
W00009265,255,45,210
W00009266,241,47,194
W00009267,225,33,192
W00009268,219,40,179
W00009269,251,36,215
W00009270,259,45,214
W00009271,214,29,185
W00009272,266,34,232
W00009273,223,40,183
W00009274,262,23,239
W00009275,226,31,195
W00009276,335,61,274
W00009277,255,40,215
W00009278,232,27,205
W00009279,254,52,202
W00009280,300,68,232
W00009281,353,110,243
W00009282,264,37,227
W00009283,298,62,236
W00009284,296,52,244
W00009285,302,61,241
W00009286,256,37,219
W00009287,270,42,228
W00009288,302,71,231
W00009289,268,49,219
W00009290,279,64,215
W00009291,207,20,187
W00009292,326,31,295
W00009293,348,98,250
W00009294,237,55,182
W00009295,351,85,266
W00009296,267,61,206
W00009297,310,74,236
W00009298,267,33,234
W00009299,353,66,287
W00009300,277,80,197
W00009301,315,101,214
W00009302,303,61,242
W00009303,263,74,189
W00009304,303,49,254
W00009305,248,49,199
W00009306,245,66,179
W00009307,307,77,230
W00009308,235,46,189
W00009309,303,74,229
W00009310,306,65,241
W00009311,274,45,229
W00009312,342,76,266
W00009313,186,24,162
W00009314,261,57,204
W00009315,282,59,223
W00009316,247,33,214
W00009317,281,71,210
W00009318,351,112,239
W00009319,306,107,199
W00009320,311,82,229
W00009321,295,92,203
W00009322,362,119,243
W00009323,329,111,218
W00009324,292,75,217
W00009325,356,124,232
W00009326,293,90,203
W00009327,262,81,181
W00009328,323,64,259
W00009329,318,63,255
W00009330,432,142,290
W00009331,356,60,296
W00009332,305,79,226
W00009333,337,65,272
W00009334,273,85,188
W00009335,325,88,237
W00009336,273,47,226
W00009337,463,141,322
W00009338,302,85,217
W00009339,359,141,218
W00009340,392,141,251
W00009341,304,91,213
W00009342,387,92,295
W00009343,265,70,195
W00009344,359,114,245
W00009345,370,125,245
W00009346,323,88,235
W00009347,246,77,169
W00009348,298,36,262
W00009349,270,43,227
W00009350,223,39,184
W00009351,330,100,230
W00009352,327,118,209
W00009353,324,104,220
W00009354,365,115,250
W00009355,251,33,218
W00009356,375,98,277
W00009357,292,94,198
W00009358,418,112,306
W00009359,248,62,186
W00009360,302,80,222
W00009361,394,125,269
W00009362,285,70,215
W00009363,190,14,176
W00009364,302,54,248
W00009365,244,49,195
W00009366,356,95,261
W00009367,284,70,214
W00009368,297,63,234
W00009369,379,90,289
W00009371,327,77,250
W00009372,335,70,265
W00009373,303,59,244
W00009374,302,65,237
W00009375,399,89,310
W00009376,379,75,304
W00009377,276,52,224
W00009378,342,72,270
W00009379,242,51,191
W00009380,250,29,221
W00009381,290,65,225
W00009382,271,54,217
W00009383,280,58,222
W00009384,341,68,273
W00009385,373,106,267
W00009386,401,91,310
W00009387,289,58,231
W00009389,355,71,284
W00009390,338,78,260
W00009391,404,83,321
W00009392,301,60,241
W00009393,238,40,198
W00009394,319,59,260
W00009395,267,61,206
W00009396,308,54,254
W00009397,330,70,260
W00009398,265,46,219
W00009399,296,83,213
W00009400,350,75,275
W00009401,303,59,244
W00009402,284,70,214
W00009403,320,74,246
W00009404,260,39,221
W00009405,242,45,197
W00009407,301,63,238
W00009408,243,40,203
W00009409,293,64,229
W00009410,339,64,275
W00009411,382,78,304
W00009412,300,82,218
W00009413,277,60,217
W00009414,261,37,224
W00009415,331,79,252
W00009416,336,76,260
W00009417,272,30,242
W00009418,260,49,211
W00009419,274,36,238
W00009420,325,57,268
W00009421,275,34,241
W00009422,310,65,245
W00009423,361,85,276
W00009424,363,172,191
W00009425,323,70,253
W00009426,283,86,197
W00009427,287,50,237
W00009428,384,174,210
W00009429,272,67,205
W00009430,236,45,191
W00009431,237,71,166
W00009432,256,55,201
W00009433,434,117,317
W00009434,396,158,238
W00009435,187,49,138
W00009436,312,83,229
W00009437,343,160,183
W00009438,229,49,180
W00009439,283,95,188
W00009440,290,77,213
W00009441,412,156,256
W00009442,206,41,165
W00009443,309,119,190
W00009444,295,78,217
W00009445,251,22,229
W00009446,377,197,180
W00009447,235,38,197
W00009448,305,76,229
W00009450,386,219,167
W00009451,373,105,268
W00009452,329,88,241
W00009453,337,88,249
W00009454,410,249,161
W00009455,177,28,149
W00009456,363,131,232
W00009457,322,103,219
W00009458,291,97,194
W00009459,238,54,184
W00009460,372,138,234
W00009461,279,96,183
W00009462,349,92,257
W00009463,333,113,220
W00009464,274,86,188
W00009465,426,240,186
W00009466,328,139,189
W00009467,314,108,206
W00009468,468,222,246
W00009469,225,61,164
W00009470,244,58,186
W00009472,236,79,157
W00009473,288,67,221
W00009474,321,69,252
W00009475,261,61,200
W00009476,621,391,230
W00009480,206,32,174
W00009481,363,62,301
W00009482,296,40,256
W00009483,185,25,160
W00009484,236,62,174
W00009486,338,71,267
W00009487,262,44,218
W00009488,318,43,275
W00009489,261,40,221
W00009490,450,98,352
W00009491,449,99,350
W00009492,199,41,158
W00009493,292,67,225
W00009494,435,101,334
W00009495,275,45,230
W00009496,295,42,253
W00009497,394,80,314
W00009499,250,30,220
W00009500,277,69,208
W00009501,353,82,271
W00009502,347,65,282
W00009503,548,107,441
W00009505,225,39,186
W00009506,284,38,246
W00009507,303,59,244
W00009508,307,68,239
W00009509,293,52,241
W00009510,300,48,252
W00009511,341,60,281
W00009512,365,66,299
W00009514,295,54,241
W00009515,291,76,215
W00009516,456,129,327
W00009517,269,48,221
W00009518,265,50,215
W00009519,217,28,189
W00009520,279,57,222
W00009521,286,50,236
W00009522,270,57,213
W00009524,258,40,218
W00009525,293,52,241
W00009526,355,64,291
W00009527,316,63,253
W00009528,245,27,218
W00009529,322,66,256
W00009530,246,39,207
W00009531,255,42,213
W00009532,298,42,256
W00009533,250,30,220
W00009534,192,23,169
W00009535,252,20,232
W00009536,252,38,214
W00009537,229,45,184
W00009538,203,31,172
W00009539,304,70,234
W00009540,272,57,215
W00009541,263,49,214
W00009542,242,50,192
W00009543,308,73,235
W00009544,273,59,214
W00009545,290,51,239
W00009546,233,37,196
W00009547,257,55,202
W00009548,265,61,204
W00009549,305,52,253
W00009550,247,41,206
W00009551,261,41,220
W00009552,232,40,192
W00009553,278,36,242
W00009554,230,36,194
W00009555,250,46,204
W00009556,302,71,231
W00009557,393,105,288
W00009558,301,38,263
W00009559,358,122,236
W00009560,407,89,318
W00009561,329,113,216
W00009562,300,53,247
W00009563,277,51,226
W00009564,328,95,233
W00009565,373,107,266
W00009566,393,107,286
W00009567,260,86,174
W00009568,369,109,260
W00009569,288,93,195
W00009570,410,137,273
W00009571,337,105,232
W00009572,328,78,250
W00009573,343,104,239
W00009574,353,106,247
W00009575,140,30,110
W00009576,265,23,242
W00009577,242,43,199
W00009578,268,45,223
W00009579,193,13,180
W00009580,286,39,247
W00009581,278,33,245
W00009582,280,48,232
W00009583,311,60,251
W00009584,271,43,228
W00009585,231,34,197
W00009586,318,33,285
W00009587,239,49,190
W00009588,302,34,268
W00009589,263,33,230
W00009590,252,66,186
W00009591,295,52,243
W00009592,279,39,240
W00009593,241,49,192
W00009594,279,39,240
W00009595,338,51,287
W00009596,259,70,189
W00009597,345,45,300
W00009598,413,126,287
W00009599,316,59,257
W00009600,304,23,281
W00009601,305,71,234
W00009602,293,48,245
W00009603,306,105,201
W00009604,248,40,208
W00009605,304,47,257
W00009606,263,34,229
W00009607,288,45,243
W00009608,309,47,262
W00009609,295,49,246
W00009610,357,60,297
W00009611,302,42,260
W00009612,293,49,244
W00009613,291,51,240
W00009614,276,46,230
W00009615,346,60,286
W00009616,339,104,235
W00009617,185,17,168
W00009618,311,80,231
W00009619,331,103,228
W00009620,288,80,208
W00009621,280,90,190
W00009622,260,72,188
W00009623,272,41,231
W00009624,454,125,329
W00009625,261,76,185
W00009626,283,39,244
W00009627,264,26,238
W00009629,348,76,272
W00009630,329,77,252
W00009631,291,86,205
W00009632,294,36,258
W00009633,307,64,243
W00009634,280,45,235
W00009635,293,58,235
W00009636,311,67,244
W00009637,268,50,218
W00009638,244,55,189
W00009639,410,75,335
W00009640,313,67,246
W00009641,238,53,185
W00009642,270,54,216
W00009643,264,42,222
W00009644,213,34,179
W00009645,399,83,316
W00009646,306,69,237
W00009647,341,146,195
W00009648,266,75,191
W00009649,340,101,239
W00009650,230,40,190
W00009651,365,113,252
W00009652,339,105,234
W00009653,420,164,256
W00009654,270,78,192
W00009655,286,65,221
W00009657,191,19,172
W00009658,270,54,216
W00009659,326,92,234
W00009660,317,76,241
W00009661,291,26,265
W00009662,287,56,231
W00009663,299,81,218
W00009664,280,52,228
W00009665,291,109,182
W00009666,142,19,123
W00009667,210,29,181
W00009668,259,40,219
W00009669,432,133,299
W00009670,380,101,279
W00009671,268,82,186
W00009672,302,118,184
W00009673,311,83,228
W00009675,307,90,217
W00009676,348,133,215
W00009677,253,34,219
W00009678,229,30,199
W00009679,339,57,282
W00009680,357,141,216
W00009681,287,84,203
W00009682,342,101,241
W00009683,293,53,240
W00009684,274,50,224
W00009686,302,57,245
W00009687,329,53,276
W00009688,280,42,238
W00009689,217,38,179
W00009690,420,169,251
W00009691,530,155,375
W00009692,342,55,287
W00009693,333,53,280
W00009694,222,26,196
W00009695,328,76,252
W00009696,285,57,228
W00009697,282,79,203
W00009698,253,45,208
W00009699,231,60,171
W00009700,270,81,189
W00009701,206,40,166
W00009702,358,116,242
W00009703,217,64,153
W00009704,308,97,211
W00009705,252,40,212
W00009706,299,86,213
W00009707,272,94,178
W00009708,289,118,171
W00009710,368,67,301
W00009711,330,88,242
W00009712,274,51,223
W00009713,361,88,273
W00009714,285,88,197
W00009715,349,127,222
W00009716,304,53,251
W00009717,264,34,230
W00009718,342,79,263
W00009719,286,71,215
W00009720,283,59,224
W00009721,235,33,202
W00009722,271,51,220
W00009723,274,71,203
W00009724,321,78,243
W00009725,306,73,233
W00009726,319,70,249
W00009727,275,50,225
W00009728,292,66,226
W00009729,265,35,230
W00009730,229,23,206
W00009731,245,46,199
W00009732,203,22,181
W00009733,279,56,223
W00009734,224,25,199
W00009735,515,288,227
W00009736,287,45,242
W00009737,270,39,231
W00009738,261,40,221
W00009739,327,63,264
W00009740,444,106,338
W00009741,325,67,258
W00009742,255,35,220
W00009743,298,63,235
W00009744,229,30,199
W00009745,252,35,217
W00009746,292,52,240
W00009747,248,32,216
W00009748,204,40,164
W00009749,346,76,270
W00009750,268,49,219
W00009751,414,78,336
W00009752,126,10,116
W00009753,193,33,160
W00009754,175,29,146
W00009755,246,50,196
W00009756,192,25,167
W00009757,308,91,217
W00009758,291,55,236
W00009759,251,46,205
W00009760,309,61,248
W00009761,296,73,223
W00009762,349,52,297
W00009763,275,47,228
W00009764,249,34,215
W00009765,259,48,211
W00009766,277,40,237
W00009767,309,62,247
W00009768,266,46,220
W00009769,193,21,172
W00009770,221,30,191
W00009771,216,27,189
W00009772,383,58,325
W00009773,153,25,128
W00009774,344,64,280
W00009775,234,22,212
W00009776,444,105,339
W00009777,331,56,275
W00009778,180,18,162
W00009779,292,57,235
W00009780,168,20,148
W00009781,336,30,306
W00009782,414,85,329
W00009783,281,49,232
W00009784,150,18,132
W00009785,399,86,313
W00009786,317,56,261
W00009787,372,57,315
W00009788,348,63,285
W00009789,155,14,141
W00009790,265,30,235
W00009791,366,53,313
W00009792,263,30,233
W00009793,96,17,79
W00009794,255,29,226
W00009795,256,67,189
W00009796,460,119,341
W00009797,173,27,146
W00009798,237,40,197
W00009800,410,111,299
W00009801,279,37,242
W00009802,289,43,246
W00009803,313,87,226
W00009804,438,92,346
W00009805,248,61,187
W00009806,272,35,237
W00009807,365,81,284
W00009808,302,55,247
W00009809,111,15,96
W00009810,282,72,210
W00009811,157,36,121
W00009813,252,49,203
W00009814,121,12,109
W00009815,270,77,193
W00009816,250,40,210
W00009817,414,54,360
W00009818,243,54,189
W00009819,206,26,180
W00009820,159,24,135
W00009821,284,67,217
W00009822,264,62,202
W00009823,453,124,329
W00009824,181,18,163
W00009825,330,111,219
W00009826,420,278,142
W00009827,285,64,221
W00009828,217,44,173
W00009829,247,31,216
W00009830,272,47,225
W00009831,132,20,112
W00009832,276,45,231
W00009833,240,64,176
W00009835,248,51,197
W00009836,338,22,316
W00009837,224,31,193
W00009838,161,11,150
W00009839,194,34,160
W00009840,312,78,234
W00009842,233,56,177
W00009843,277,55,222
W00009844,242,63,179
W00009845,130,20,110
W00009846,224,21,203
W00009847,290,66,224
W00009848,546,167,379
W00009849,298,73,225
W00009850,290,35,255
W00009851,125,23,102
W00009852,186,98,88
W00009853,112,9,103
W00009854,409,46,363
W00009856,224,37,187
W00009857,311,69,242
W00009858,263,69,194
W00009859,362,99,263
W00009860,281,84,197
W00009861,309,96,213
W00009862,402,123,279
W00009863,309,59,250
W00009864,401,96,305
W00009865,251,74,177
W00009866,315,40,275
W00009867,447,120,327
W00009868,353,67,286
W00009869,325,69,256
W00009870,264,32,232
W00009871,369,78,291
W00009872,290,68,222
W00009873,343,80,263
W00009874,156,37,119
W00009875,286,72,214
W00009877,261,83,178
W00009878,383,86,297
W00009879,321,63,258
W00009880,360,90,270
W00009881,374,106,268
W00009882,340,105,235
W00009883,305,69,236
W00009884,218,33,185
W00009885,300,64,236
W00009886,110,10,100
W00009887,188,31,157
W00009888,313,74,239
W00009889,144,13,131
W00009890,254,60,194
W00009891,321,88,233
W00009892,334,99,235
W00009893,288,86,202
W00009894,837,756,81
W00009895,404,66,338
W00009896,335,89,246
W00009897,390,101,289
W00009898,309,80,229
W00009899,305,84,221
W00009900,484,123,361
W00009901,347,66,281
W00009902,424,78,346
W00009903,309,77,232
W00009904,184,77,107
W00009905,247,53,194
W00009906,182,32,150
W00009907,306,82,224
W00009908,504,122,382
W00009909,373,108,265
W00009910,276,46,230
W00009911,363,102,261
W00009912,405,111,294
W00009913,254,39,215
W00009914,325,86,239
W00009915,264,62,202
W00009916,208,51,157
W00009917,369,112,257
W00009919,338,86,252
W00009920,470,128,342
W00009921,346,66,280
W00009922,240,48,192
W00009923,276,77,199
W00009924,261,48,213
W00009925,283,59,224
W00009926,226,32,194
W00009927,332,79,253
W00009928,440,114,326
W00009929,306,81,225
W00009930,271,62,209
W00009931,287,80,207
W00009932,338,89,249
W00009933,410,68,342
W00009934,320,79,241
W00009935,237,50,187
W00009936,339,87,252
W00009937,250,49,201
W00009938,257,25,232
W00009939,345,104,241
W00009940,191,31,160
W00009941,358,72,286
W00009942,259,59,200
W00009943,315,69,246
W00009944,270,69,201
W00009945,318,82,236
W00009946,257,54,203
W00009948,470,147,323
W00009949,465,94,371
W00009950,373,93,280
W00009951,386,90,296
W00009952,331,82,249
W00009953,418,87,331
W00009954,317,72,245
W00009955,281,56,225
W00009956,230,66,164
W00009957,277,77,200
W00009958,340,83,257
W00009959,586,155,431
W00009960,246,40,206
W00009961,390,156,234
W00009962,244,69,175
W00009963,384,88,296
W00009964,341,94,247
W00009965,266,45,221
W00009966,365,65,300
W00009967,406,123,283
W00009968,325,83,242
W00009969,125,19,106
W00009970,237,43,194
W00009971,382,116,266
W00009972,227,36,191
W00009973,364,84,280
W00009974,207,35,172
W00009975,349,101,248
W00009977,238,40,198
W00009978,251,48,203
W00009979,236,32,204
W00009980,199,25,174
W00009981,219,24,195
W00009982,1561,1073,488
W00009983,591,397,194
W00009985,340,75,265
W00009986,280,84,196
W00009987,315,77,238
W00009988,191,37,154
W00009989,334,56,278
W00009991,551,162,389
W00009992,274,186,88
W00009994,315,50,265
W00009995,311,75,236
W00009997,169,45,124
W00009998,160,25,135
W00010000,174,41,133
W00010001,282,56,226
W00010003,232,37,195
W00010004,385,49,336
W00010007,163,20,143
W00010009,266,61,205
W00010010,197,43,154
W00010011,247,73,174
W00010012,231,43,188
W00010013,288,84,204
W00010014,372,91,281
W00010015,259,78,181
W00010016,228,38,190
W00010017,270,70,200
W00010018,292,50,242
W00010021,304,50,254
W00010022,385,38,347
W00010023,384,52,332
W00010024,371,63,308
W00010025,188,50,138
W00010026,268,62,206
W00010027,494,133,361
W00010028,212,39,173
W00010029,304,49,255
W00010030,194,38,156
W00010031,242,73,169
W00010032,270,77,193
W00010033,282,83,199
W00010034,320,85,235
W00010035,229,64,165
W00010036,483,109,374
W00010037,318,70,248
W00010038,315,80,235
W00010039,259,49,210
W00010040,493,106,387
W00010042,409,64,345
W00010046,368,209,159
W00010048,168,101,67
W00010049,1471,1346,125
W00010051,120,48,72
W00010052,361,283,78
W00010054,293,203,90
W00010057,241,132,109
W00010058,255,179,76
W00010060,274,63,211
W00010061,108,33,75
W00010063,130,25,105
W00010064,138,33,105
W00010066,309,95,214
W00010067,270,188,82
W00010069,226,54,172
W00010070,248,47,201
W00010072,135,54,81
W00010073,1112,1024,88
W00010075,311,60,251
W00010076,218,46,172
W00010078,369,89,280
W00010079,271,61,210
W00010081,283,64,219
W00010082,171,31,140
W00010084,337,76,261
W00010085,197,39,158
W00010087,233,41,192
W00010090,262,57,205
W00010091,140,29,111
W00010093,209,46,163
W00010094,176,33,143
W00010096,132,25,107
W00010097,218,29,189
W00010099,312,55,257
W00010100,213,28,185
W00010102,363,83,280
W00010103,315,33,282
W00010105,329,56,273
W00010106,328,26,302
W00010108,266,25,241
W00010109,380,84,296
W00010110,278,50,228
W00010111,347,64,283
W00010112,337,83,254
W00010113,228,34,194
W00010114,252,54,198
W00010115,896,853,43
W00010116,196,93,103
W00010118,332,269,63
W00010119,658,554,104
W00010120,283,20,263
W00010121,178,66,112
W00010122,233,58,175
W00010123,356,207,149
W00010124,260,40,220
W00010125,388,341,47
W00010127,250,28,222
W00010128,671,511,160
W00010129,164,15,149
W00010130,435,360,75
W00010131,334,200,134
W00010132,206,135,71
W00010133,307,24,283
W00010134,261,51,210
W00010135,359,112,247
W00010136,265,75,190
W00010137,317,118,199
W00010138,344,38,306
W00010139,293,26,267
W00010140,439,129,310
W00010141,171,22,149
W00010142,306,76,230
W00010143,268,43,225
W00010146,304,51,253
W00010147,231,15,216
W00010148,157,48,109
W00010149,326,40,286
W00010151,318,88,230
W00010152,373,96,277
W00010153,229,68,161
W00010154,273,54,219
W00010155,226,57,169
W00010156,177,13,164
W00010157,304,88,216
W00010158,322,34,288
W00010159,460,120,340
W00010160,177,26,151
W00010161,287,24,263
W00010162,252,54,198
W00010163,345,95,250
W00010164,211,31,180
W00010165,328,54,274
W00010166,284,65,219
W00010167,178,30,148
W00010168,233,39,194
W00010169,420,108,312
W00010170,185,47,138
W00010171,278,59,219
W00010172,328,96,232
W00010173,245,25,220
W00010174,240,46,194
W00010175,192,39,153
W00010176,343,73,270
W00010179,418,97,321
W00010180,337,85,252
W00010181,218,49,169
W00010182,323,78,245
W00010183,351,102,249
W00010184,271,66,205
W00010185,276,76,200
W00010186,176,59,117
W00010187,392,319,73
W00010188,139,31,108
W00010189,249,79,170
W00010190,284,73,211
W00010191,181,22,159
W00010192,473,109,364
W00010193,309,23,286
W00010194,358,46,312
W00010195,151,34,117
W00010196,169,16,153
W00010197,187,24,163
W00010198,257,95,162
W00010199,246,53,193
W00010200,240,29,211
W00010201,231,61,170
W00010202,210,24,186
W00010203,181,28,153
W00010204,221,23,198
W00010205,680,521,159
W00010206,233,98,135
W00010207,390,115,275
W00010208,187,59,128
W00010210,135,8,127
W00010211,148,17,131
W00010212,110,25,85
W00010213,130,16,114
W00010214,263,59,204
W00010215,213,31,182
W00010216,224,34,190
W00010217,241,83,158
W00010218,211,56,155
W00010219,316,259,57
W00010221,281,38,243
W00010222,309,78,231
W00010223,915,820,95
W00010224,194,54,140
W00010225,242,58,184
W00010227,258,54,204
W00010228,342,95,247
W00010229,184,47,137
W00010230,134,17,117
W00010231,256,53,203
W00010232,94,24,70
W00010233,287,68,219
W00010234,257,41,216
W00010235,310,74,236
W00010236,226,50,176
W00010237,334,82,252
W00010238,313,85,228
W00010239,118,35,83
W00010240,197,74,123
W00010242,273,57,216
W00010243,261,44,217
W00010244,264,74,190
W00010245,278,44,234
W00010246,183,32,151
W00010247,378,120,258
W00010248,426,143,283
W00010249,411,127,284
W00010250,378,108,270
W00010251,270,101,169
W00010252,208,58,150
W00010253,156,41,115
W00010254,132,27,105
W00010255,115,41,74
W00010256,326,75,251
W00010257,267,62,205
W00010259,321,93,228
W00010260,372,109,263
W00010261,316,84,232
W00010262,201,55,146
W00010263,275,70,205
W00010264,270,56,214
W00010265,147,93,54
W00010266,552,127,425
W00010267,338,83,255
W00010268,444,103,341
W00010269,512,108,404
W00010270,135,18,117
W00010271,138,29,109
W00010272,174,45,129
W00010273,246,64,182
W00010274,180,40,140
W00010275,230,49,181
W00010276,434,101,333
W00010277,160,50,110
W00010278,297,95,202
W00010279,150,33,117
W00010280,465,89,376
W00010281,99,9,90
W00010282,235,50,185
W00010283,279,38,241
W00010284,340,89,251
W00010285,297,52,245
W00010286,421,67,354
W00010287,352,97,255
W00010288,363,98,265
W00010289,505,120,385
W00010290,474,103,371
W00010291,337,80,257
W00010292,146,15,131
W00010293,272,39,233
W00010294,144,44,100
W00010295,149,27,122
W00010296,398,101,297
W00010297,479,127,352
W00010298,154,41,113
W00010299,190,40,150
W00010300,187,23,164
W00010301,365,82,283
W00010302,206,44,162
W00010303,223,26,197
W00010304,283,74,209
W00010305,507,107,400
W00010306,466,100,366
W00010307,539,139,400
W00010308,207,45,162
W00010309,113,36,77
W00010310,355,75,280
W00010311,295,44,251
W00010312,346,69,277
W00010313,98,13,85
W00010314,498,146,352
W00010315,208,41,167
W00010316,384,51,333
W00010317,271,56,215
W00010318,258,44,214
W00010319,303,48,255
W00010320,281,45,236
W00010321,290,75,215
W00010322,97,16,81
W00010323,193,40,153
W00010324,547,129,418
W00010325,242,43,199
W00010326,230,52,178
W00010327,110,21,89
W00010328,245,54,191
W00010329,178,27,151
W00010330,529,98,431
W00010331,127,23,104
W00010332,429,100,329
W00010333,198,34,164
W00010334,178,13,165
W00010335,186,31,155
W00010336,193,9,184
W00010337,143,34,109
W00010338,207,61,146
W00010339,531,33,498
W00010340,442,119,323
W00010341,431,105,326
W00010342,132,38,94
W00010343,545,85,460
W00010344,199,49,150
W00010345,161,23,138
W00010346,134,27,107
W00010347,337,39,298
W00010348,367,78,289
W00010349,301,63,238
W00010350,339,67,272
W00010351,414,85,329
W00010352,235,69,166
W00010353,298,67,231
W00010354,316,84,232
W00010355,379,82,297
W00010356,343,60,283
W00010357,262,47,215
W00010358,235,29,206
W00010359,192,22,170
W00010360,333,43,290
W00010361,294,51,243
W00010362,236,57,179
W00010363,169,33,136
W00010364,312,48,264
W00010365,451,175,276
W00010366,322,96,226
W00010367,311,60,251
W00010368,304,92,212
W00010369,250,58,192
W00010370,287,53,234
W00010371,198,21,177
W00010372,232,41,191
W00010373,179,25,154
W00010374,356,91,265
W00010375,322,81,241
W00010376,892,767,125
W00010377,180,38,142
W00010378,253,44,209
W00010379,241,31,210
W00010380,191,26,165
W00010381,334,58,276
W00010382,2144,2022,122
W00010383,364,102,262
W00010384,246,61,185
W00010385,1803,83,1720
W00010386,309,64,245
W00010387,276,36,240
W00010388,230,25,205
W00010389,268,58,210
W00010390,217,30,187
W00010391,344,70,274
W00010392,310,76,234
W00010393,243,60,183
W00010394,301,63,238
W00010395,305,68,237
W00010396,254,47,207
W00010397,186,44,142
W00010398,313,83,230
W00010399,275,53,222
W00010400,465,357,108
W00010401,287,66,221
W00010402,246,45,201
W00010403,109,27,82
W00010404,248,39,209
W00010405,132,47,85
W00010406,270,52,218
W00010407,192,31,161
W00010408,112,14,98
W00010409,293,77,216
W00010410,300,62,238
W00010411,264,45,219
W00010412,97,28,69
W00010413,183,71,112
W00010414,97,20,77
W00010415,304,69,235
W00010416,382,77,305
W00010417,257,66,191
W00010418,235,41,194
W00010419,363,65,298
W00010420,310,37,273
W00010421,202,52,150
W00010422,237,48,189
W00010423,369,75,294
W00010424,256,35,221
W00010425,285,52,233
W00010426,252,54,198
W00010427,300,58,242
W00010428,236,21,215
W00010429,298,49,249
W00010430,269,55,214
W00010431,243,47,196
W00010432,273,79,194
W00010433,196,18,178
W00010434,137,41,96
W00010435,263,52,211
W00010436,584,513,71
W00010437,328,50,278
W00010438,326,83,243
W00010439,313,66,247
W00010440,165,50,115
W00010441,232,48,184
W00010442,201,28,173
W00010443,244,53,191
W00010444,287,102,185
W00010445,283,83,200
W00010446,217,40,177
W00010447,189,27,162
W00010448,198,50,148
W00010449,248,33,215
W00010450,99,17,82
W00010451,230,64,166
W00010453,320,66,254
W00010454,334,65,269
W00010455,317,28,289
W00010456,404,139,265
W00010457,429,138,291
W00010458,295,73,222
W00010459,282,11,271
W00010460,159,24,135
W00010461,309,79,230
W00010462,168,43,125
W00010463,136,27,109
W00010464,137,36,101
W00010465,134,22,112
W00010466,444,77,367
W00010467,553,110,443
W00010468,1663,52,1611
W00010469,320,48,272
W00010470,233,37,196
W00010471,435,68,367
W00010472,449,108,341
W00010473,201,38,163
W00010474,450,142,308
W00010475,199,31,168
W00010476,325,100,225
W00010477,376,89,287
W00010478,248,38,210
W00010479,246,56,190
W00010480,99,29,70
W00010481,276,57,219
W00010482,349,68,281
W00010483,457,103,354
W00010484,229,49,180
W00010485,539,125,414
W00010486,211,42,169
W00010487,203,22,181
W00010488,301,40,261
W00010489,538,133,405
W00010490,92,26,66
W00010491,305,56,249
W00010492,126,12,114
W00010493,317,81,236
W00010494,138,39,99
W00010495,722,200,522
W00010496,340,87,253
W00010497,1702,1457,245
W00010498,1481,1268,213
W00010499,275,45,230
W00010500,248,199,49
W00010501,249,39,210
W00010502,204,46,158
W00010503,292,73,219
W00010504,267,50,217
W00010505,227,27,200
W00010506,248,49,199
W00010507,274,42,232
W00010508,336,63,273
W00010509,207,33,174
W00010510,113,24,89
W00010511,296,80,216
W00010512,285,55,230
W00010513,224,32,192
W00010514,257,43,214
W00010515,454,127,327
W00010516,121,25,96
W00010517,273,53,220
W00010518,237,47,190
W00010519,608,543,65
W00010520,278,65,213
W00010521,269,35,234
W00010522,308,59,249
W00010523,178,62,116
W00010524,231,16,215
W00010525,240,38,202
W00010526,257,47,210
W00010527,258,55,203
W00010528,364,116,248
W00010529,138,84,54
W00010530,276,54,222
W00010531,302,50,252
W00010532,300,77,223
W00010533,263,56,207
W00010534,313,41,272
W00010535,336,53,283
W00010536,352,200,152
W00010537,212,42,170
W00010538,305,71,234
W00010539,265,60,205
W00010540,243,30,213
W00010541,790,507,283
W00010542,159,40,119
W00010543,258,44,214
W00010544,309,71,238
W00010545,264,57,207
W00010546,188,69,119
W00010547,238,40,198
W00010548,284,42,242
W00010549,259,73,186
W00010550,288,53,235
W00010551,339,76,263
W00010552,240,24,216
W00010553,506,202,304
W00010554,191,22,169
W00010555,264,56,208
W00010556,199,20,179
W00010557,337,154,183
W00010558,278,48,230
W00010559,503,396,107
W00010560,260,77,183
W00010561,324,79,245
W00010562,319,78,241
W00010563,285,49,236
W00010564,311,55,256
W00010565,317,63,254
W00010566,336,94,242
W00010567,342,73,269
W00010568,400,299,101
W00010569,503,433,70
W00010570,216,41,175
W00010571,275,32,243
W00010572,132,46,86
W00010573,368,268,100
W00010574,237,26,211
W00010575,324,46,278
W00010576,231,30,201
W00010577,485,73,412
W00010578,259,27,232
W00010579,236,57,179
W00010580,613,550,63
W00010581,151,28,123
W00010582,260,37,223
W00010583,250,35,215
W00010584,330,247,83
W00010585,257,70,187
W00010586,254,28,226
W00010587,446,112,334
W00010588,315,67,248
W00010589,101,0,101
W00010590,196,23,173
W00010591,490,152,338
W00010592,372,83,289
W00010593,218,23,195
W00010594,292,66,226
W00010595,277,52,225
W00010596,279,63,216
W00010597,215,4,211
W00010598,319,50,269
W00010599,256,47,209
W00010600,257,58,199
W00010601,143,119,24
W00010602,277,40,237
W00010603,617,452,165
W00010604,127,34,93
W00010605,231,37,194
W00010606,264,54,210
W00010607,271,45,226
W00010608,221,32,189
W00010609,290,66,224
W00010610,244,57,187
W00010611,350,161,189
W00010612,210,33,177
W00010613,298,59,239
W00010614,314,71,243
W00010615,284,208,76
W00010616,309,75,234
W00010617,299,66,233
W00010618,153,43,110
W00010619,272,53,219
W00010620,299,42,257
W00010621,286,52,234
W00010622,234,50,184
W00010623,267,49,218
W00010624,253,51,202
W00010625,396,118,278
W00010626,287,182,105
W00010627,186,32,154
W00010628,324,128,196
W00010629,251,51,200
W00010630,507,334,173
W00010631,259,35,224
W00010632,462,149,313
W00010633,476,413,63
W00010634,426,103,323
W00010635,191,70,121
W00010636,253,29,224
W00010637,198,65,133
W00010638,198,142,56
W00010639,329,112,217
W00010640,344,111,233
W00010641,540,407,133
W00010642,282,50,232
W00010643,303,75,228
W00010644,266,54,212
W00010645,275,62,213
W00010646,350,97,253
W00010647,275,44,231
W00010648,360,277,83
W00010649,110,41,69
W00010650,256,29,227
W00010651,231,144,87
W00010652,284,34,250
W00010653,433,71,362
W00010654,195,30,165
W00010655,357,72,285
W00010656,302,67,235
W00010657,332,51,281
W00010658,322,84,238
W00010659,147,31,116
W00010660,92,31,61
W00010661,353,85,268
W00010662,298,52,246
W00010663,228,39,189
W00010664,260,50,210
W00010665,304,77,227
W00010666,296,53,243
W00010667,314,85,229
W00010668,270,51,219
W00010669,289,77,212
W00010670,293,55,238
W00010671,295,49,246
W00010672,277,28,249
W00010673,239,31,208
W00010674,281,56,225
W00010675,272,43,229
W00010676,298,88,210
W00010677,190,12,178
W00010678,276,68,208
W00010679,310,59,251
W00010680,284,51,233
W00010681,1806,1739,67
W00010682,296,52,244
W00010683,288,37,251
W00010684,279,40,239
W00010685,261,41,220
W00010686,332,77,255
W00010687,332,96,236
W00010688,324,79,245
W00010689,322,41,281
W00010690,206,10,196
W00010691,311,103,208
W00010692,259,40,219
W00010693,737,683,54
W00010694,377,95,282
W00010695,181,33,148
W00010696,197,26,171
W00010697,239,32,207
